responseTime,recordType,Experiment,Condition,onestop_level,onestop_article_number,onestop_paragraph_number,ItemId,presentation_order,Index,Word,mousePositionX,mousePositionY,sampleTimeMs,SubjectId,SubjectID,onestop_block_level,onestop_paragraph_index,ProlificId,ProlificID,study_key,source,demo_age,demo_country,demo_native_language,demo_other_languages,demo_other_languages_parsed,demo_exposure_pcts,demo_exposure_total_pct,demo_read_pcts,demo_read_total_pct,demo_speak_pcts,demo_speak_total_pct,demo_formal_education_years,demo_years_current_institution,demo_highest_education,demo_native_speaking,demo_native_understanding,demo_native_reading,demo_english_speaking,demo_english_understanding,demo_english_reading,demo_english_acquire_start_age,demo_english_fluent_age,demo_english_read_start_age,demo_english_read_fluent_age,cambridge_item,cambridge_selected,cambridge_correct_answer,cambridge_item_correct,cambridge_score,cambridge_max,cambridge_cefr,onestop_level_pair,onestop_level_block_order,onestop_level_assignment_rule,onestop_reading_article_count,onestop_reading_trial_count,onestop_article_selection_mode,onestop_manual_article_numbers,wordPositionTop,wordPositionLeft,wordPositionBottom,wordPositionRight,line_number,position_in_line,revealMode,clickDurationMs,hoverDurationMs,relativeXInWord,relativeYInWord,totalWordsInItem,response,response_correct,prolific_pid,prolific_study_id,prolific_session_id,experiment_start_time,ParticipantId,experiment_start_date,experiment_date,experiment_start_clock_time,experiment_start_time_local,experiment_end_time,experiment_duration,glb_ProlificId,glb_ProlificID,glb_SubjectId,glb_SubjectID,glb_study_key,SONAId,SonaId,experiment_end_date,experiment_end_clock_time,experiment_end_time_local,experiment_duration_ms
38,raw_position_sample,2,3,adv,25,3,3,4,-1,999,294,56,1527292.800000012,697ab12b4591197afc56d253,697ab12b4591197afc56d253,advanced,3,697ab12b4591197afc56d253,697ab12b4591197afc56d253,spotlight_PROLIFIC,,31,Mexico,Spanish,N/A,,Spanish:75|English:25,100,Spanish:60|English:40,100,Spanish:90|English:10,100,29,0,Bachelor's,10,10,10,2,3,8,18,30,25,29,,,,,15,25,B1,intermediate|advanced,advanced|intermediate,cambridge_15_21_random_intermediate_advanced,4,20,random,,,,,,,,,,,,,,,,,,,2026-08-16T17:54:38.981Z,K8EF3YCB,2026-08-16,2026-08-16,11:54:38,2026-08-16 11:54:38,,,,,,,,697ab12b4591197afc56d253,697ab12b4591197afc56d253,,,,
85,raw_position_sample,2,3,adv,25,3,3,4,-1,999,294,56,1527339.0999999642,697ab12b4591197afc56d253,697ab12b4591197afc56d253,advanced,3,697ab12b4591197afc56d253,697ab12b4591197afc56d253,spotlight_PROLIFIC,,31,Mexico,Spanish,N/A,,Spanish:75|English:25,100,Spanish:60|English:40,100,Spanish:90|English:10,100,29,0,Bachelor's,10,10,10,2,3,8,18,30,25,29,,,,,15,25,B1,intermediate|advanced,advanced|intermediate,cambridge_15_21_random_intermediate_advanced,4,20,random,,,,,,,,,,,,,,,,,,,2026-08-16T17:54:38.981Z,K8EF3YCB,2026-08-16,2026-08-16,11:54:38,2026-08-16 11:54:38,,,,,,,,697ab12b4591197afc56d253,697ab12b4591197afc56d253,,,,
146,raw_position_sample,2,3,adv,25,3,3,4,-1,999,294,56,1527401.0999999642,697ab12b4591197afc56d253,697ab12b4591197afc56d253,advanced,3,697ab12b4591197afc56d253,697ab12b4591197afc56d253,spotlight_PROLIFIC,,31,Mexico,Spanish,N/A,,Spanish:75|English:25,100,Spanish:60|English:40,100,Spanish:90|English:10,100,29,0,Bachelor's,10,10,10,2,3,8,18,30,25,29,,,,,15,25,B1,intermediate|advanced,advanced|intermediate,cambridge_15_21_random_intermediate_advanced,4,20,random,,,,,,,,,,,,,,,,,,,2026-08-16T17:54:38.981Z,K8EF3YCB,2026-08-16,2026-08-16,11:54:38,2026-08-16 11:54:38,,,,,,,,697ab12b4591197afc56d253,697ab12b4591197afc56d253,,,,
192,raw_position_sample,2,3,adv,25,3,3,4,-1,999,294,56,1527446.300000012,697ab12b4591197afc56d253,697ab12b4591197afc56d253,advanced,3,697ab12b4591197afc56d253,697ab12b4591197afc56d253,spotlight_PROLIFIC,,31,Mexico,Spanish,N/A,,Spanish:75|English:25,100,Spanish:60|English:40,100,Spanish:90|English:10,100,29,0,Bachelor's,10,10,10,2,3,8,18,30,25,29,,,,,15,25,B1,intermediate|advanced,advanced|intermediate,cambridge_15_21_random_intermediate_advanced,4,20,random,,,,,,,,,,,,,,,,,,,2026-08-16T17:54:38.981Z,K8EF3YCB,2026-08-16,2026-08-16,11:54:38,2026-08-16 11:54:38,,,,,,,,697ab12b4591197afc56d253,697ab12b4591197afc56d253,,,,
235,raw_position_sample,2,3,adv,25,3,3,4,-1,999,294,56,1527490.0999999642,697ab12b4591197afc56d253,697ab12b4591197afc56d253,advanced,3,697ab12b4591197afc56d253,697ab12b4591197afc56d253,spotlight_PROLIFIC,,31,Mexico,Spanish,N/A,,Spanish:75|English:25,100,Spanish:60|English:40,100,Spanish:90|English:10,100,29,0,Bachelor's,10,10,10,2,3,8,18,30,25,29,,,,,15,25,B1,intermediate|advanced,advanced|intermediate,cambridge_15_21_random_intermediate_advanced,4,20,random,,,,,,,,,,,,,,,,,,,2026-08-16T17:54:38.981Z,K8EF3YCB,2026-08-16,2026-08-16,11:54:38,2026-08-16 11:54:38,,,,,,,,697ab12b4591197afc56d253,697ab12b4591197afc56d253,,,,
287,raw_position_sample,2,3,adv,25,3,3,4,-1,999,308,44,1527542.0999999642,697ab12b4591197afc56d253,697ab12b4591197afc56d253,advanced,3,697ab12b4591197afc56d253,697ab12b4591197afc56d253,spotlight_PROLIFIC,,31,Mexico,Spanish,N/A,,Spanish:75|English:25,100,Spanish:60|English:40,100,Spanish:90|English:10,100,29,0,Bachelor's,10,10,10,2,3,8,18,30,25,29,,,,,15,25,B1,intermediate|advanced,advanced|intermediate,cambridge_15_21_random_intermediate_advanced,4,20,random,,,,,,,,,,,,,,,,,,,2026-08-16T17:54:38.981Z,K8EF3YCB,2026-08-16,2026-08-16,11:54:38,2026-08-16 11:54:38,,,,,,,,697ab12b4591197afc56d253,697ab12b4591197afc56d253,,,,
338,raw_position_sample,2,3,adv,25,3,3,4,-1,999,345,55,1527592.300000012,697ab12b4591197afc56d253,697ab12b4591197afc56d253,advanced,3,697ab12b4591197afc56d253,697ab12b4591197afc56d253,spotlight_PROLIFIC,,31,Mexico,Spanish,N/A,,Spanish:75|English:25,100,Spanish:60|English:40,100,Spanish:90|English:10,100,29,0,Bachelor's,10,10,10,2,3,8,18,30,25,29,,,,,15,25,B1,intermediate|advanced,advanced|intermediate,cambridge_15_21_random_intermediate_advanced,4,20,random,,,,,,,,,,,,,,,,,,,2026-08-16T17:54:38.981Z,K8EF3YCB,2026-08-16,2026-08-16,11:54:38,2026-08-16 11:54:38,,,,,,,,697ab12b4591197afc56d253,697ab12b4591197afc56d253,,,,
388,raw_position_sample,2,3,adv,25,3,3,4,1, Shoppers ,389,64,1527642.5,697ab12b4591197afc56d253,697ab12b4591197afc56d253,advanced,3,697ab12b4591197afc56d253,697ab12b4591197afc56d253,spotlight_PROLIFIC,,31,Mexico,Spanish,N/A,,Spanish:75|English:25,100,Spanish:60|English:40,100,Spanish:90|English:10,100,29,0,Bachelor's,10,10,10,2,3,8,18,30,25,29,,,,,15,25,B1,intermediate|advanced,advanced|intermediate,cambridge_15_21_random_intermediate_advanced,4,20,random,,64.203125,340.875,88.203125,425.8125,1,1,,,,,,,,,,,,2026-08-16T17:54:38.981Z,K8EF3YCB,2026-08-16,2026-08-16,11:54:38,2026-08-16 11:54:38,,,,,,,,697ab12b4591197afc56d253,697ab12b4591197afc56d253,,,,
450,raw_position_sample,2,3,adv,25,3,3,4,1, Shoppers ,393,64,1527704.199999988,697ab12b4591197afc56d253,697ab12b4591197afc56d253,advanced,3,697ab12b4591197afc56d253,697ab12b4591197afc56d253,spotlight_PROLIFIC,,31,Mexico,Spanish,N/A,,Spanish:75|English:25,100,Spanish:60|English:40,100,Spanish:90|English:10,100,29,0,Bachelor's,10,10,10,2,3,8,18,30,25,29,,,,,15,25,B1,intermediate|advanced,advanced|intermediate,cambridge_15_21_random_intermediate_advanced,4,20,random,,64.203125,340.875,88.203125,425.8125,1,1,,,,,,,,,,,,2026-08-16T17:54:38.981Z,K8EF3YCB,2026-08-16,2026-08-16,11:54:38,2026-08-16 11:54:38,,,,,,,,697ab12b4591197afc56d253,697ab12b4591197afc56d253,,,,
489,raw_position_sample,2,3,adv,25,3,3,4,1, Shoppers ,393,64,1527744,697ab12b4591197afc56d253,697ab12b4591197afc56d253,advanced,3,697ab12b4591197afc56d253,697ab12b4591197afc56d253,spotlight_PROLIFIC,,31,Mexico,Spanish,N/A,,Spanish:75|English:25,100,Spanish:60|English:40,100,Spanish:90|English:10,100,29,0,Bachelor's,10,10,10,2,3,8,18,30,25,29,,,,,15,25,B1,intermediate|advanced,advanced|intermediate,cambridge_15_21_random_intermediate_advanced,4,20,random,,64.203125,340.875,88.203125,425.8125,1,1,,,,,,,,,,,,2026-08-16T17:54:38.981Z,K8EF3YCB,2026-08-16,2026-08-16,11:54:38,2026-08-16 11:54:38,,,,,,,,697ab12b4591197afc56d253,697ab12b4591197afc56d253,,,,
537,raw_position_sample,2,3,adv,25,3,3,4,1, Shoppers ,393,69,1527791.800000012,697ab12b4591197afc56d253,697ab12b4591197afc56d253,advanced,3,697ab12b4591197afc56d253,697ab12b4591197afc56d253,spotlight_PROLIFIC,,31,Mexico,Spanish,N/A,,Spanish:75|English:25,100,Spanish:60|English:40,100,Spanish:90|English:10,100,29,0,Bachelor's,10,10,10,2,3,8,18,30,25,29,,,,,15,25,B1,intermediate|advanced,advanced|intermediate,cambridge_15_21_random_intermediate_advanced,4,20,random,,64.203125,340.875,88.203125,425.8125,1,1,,,,,,,,,,,,2026-08-16T17:54:38.981Z,K8EF3YCB,2026-08-16,2026-08-16,11:54:38,2026-08-16 11:54:38,,,,,,,,697ab12b4591197afc56d253,697ab12b4591197afc56d253,,,,
584,raw_position_sample,2,3,adv,25,3,3,4,1, Shoppers ,390,71,1527839.0999999642,697ab12b4591197afc56d253,697ab12b4591197afc56d253,advanced,3,697ab12b4591197afc56d253,697ab12b4591197afc56d253,spotlight_PROLIFIC,,31,Mexico,Spanish,N/A,,Spanish:75|English:25,100,Spanish:60|English:40,100,Spanish:90|English:10,100,29,0,Bachelor's,10,10,10,2,3,8,18,30,25,29,,,,,15,25,B1,intermediate|advanced,advanced|intermediate,cambridge_15_21_random_intermediate_advanced,4,20,random,,64.203125,340.875,88.203125,425.8125,1,1,,,,,,,,,,,,2026-08-16T17:54:38.981Z,K8EF3YCB,2026-08-16,2026-08-16,11:54:38,2026-08-16 11:54:38,,,,,,,,697ab12b4591197afc56d253,697ab12b4591197afc56d253,,,,
648,raw_position_sample,2,3,adv,25,3,3,4,1, Shoppers ,389,73,1527902.5,697ab12b4591197afc56d253,697ab12b4591197afc56d253,advanced,3,697ab12b4591197afc56d253,697ab12b4591197afc56d253,spotlight_PROLIFIC,,31,Mexico,Spanish,N/A,,Spanish:75|English:25,100,Spanish:60|English:40,100,Spanish:90|English:10,100,29,0,Bachelor's,10,10,10,2,3,8,18,30,25,29,,,,,15,25,B1,intermediate|advanced,advanced|intermediate,cambridge_15_21_random_intermediate_advanced,4,20,random,,64.203125,340.875,88.203125,425.8125,1,1,,,,,,,,,,,,2026-08-16T17:54:38.981Z,K8EF3YCB,2026-08-16,2026-08-16,11:54:38,2026-08-16 11:54:38,,,,,,,,697ab12b4591197afc56d253,697ab12b4591197afc56d253,,,,
697,raw_position_sample,2,3,adv,25,3,3,4,1, Shoppers ,388,73,1527951.5999999642,697ab12b4591197afc56d253,697ab12b4591197afc56d253,advanced,3,697ab12b4591197afc56d253,697ab12b4591197afc56d253,spotlight_PROLIFIC,,31,Mexico,Spanish,N/A,,Spanish:75|English:25,100,Spanish:60|English:40,100,Spanish:90|English:10,100,29,0,Bachelor's,10,10,10,2,3,8,18,30,25,29,,,,,15,25,B1,intermediate|advanced,advanced|intermediate,cambridge_15_21_random_intermediate_advanced,4,20,random,,64.203125,340.875,88.203125,425.8125,1,1,,,,,,,,,,,,2026-08-16T17:54:38.981Z,K8EF3YCB,2026-08-16,2026-08-16,11:54:38,2026-08-16 11:54:38,,,,,,,,697ab12b4591197afc56d253,697ab12b4591197afc56d253,,,,
740,raw_position_sample,2,3,adv,25,3,3,4,1, Shoppers ,386,73,1527995,697ab12b4591197afc56d253,697ab12b4591197afc56d253,advanced,3,697ab12b4591197afc56d253,697ab12b4591197afc56d253,spotlight_PROLIFIC,,31,Mexico,Spanish,N/A,,Spanish:75|English:25,100,Spanish:60|English:40,100,Spanish:90|English:10,100,29,0,Bachelor's,10,10,10,2,3,8,18,30,25,29,,,,,15,25,B1,intermediate|advanced,advanced|intermediate,cambridge_15_21_random_intermediate_advanced,4,20,random,,64.203125,340.875,88.203125,425.8125,1,1,,,,,,,,,,,,2026-08-16T17:54:38.981Z,K8EF3YCB,2026-08-16,2026-08-16,11:54:38,2026-08-16 11:54:38,,,,,,,,697ab12b4591197afc56d253,697ab12b4591197afc56d253,,,,
788,raw_position_sample,2,3,adv,25,3,3,4,1, Shoppers ,378,75,1528043,697ab12b4591197afc56d253,697ab12b4591197afc56d253,advanced,3,697ab12b4591197afc56d253,697ab12b4591197afc56d253,spotlight_PROLIFIC,,31,Mexico,Spanish,N/A,,Spanish:75|English:25,100,Spanish:60|English:40,100,Spanish:90|English:10,100,29,0,Bachelor's,10,10,10,2,3,8,18,30,25,29,,,,,15,25,B1,intermediate|advanced,advanced|intermediate,cambridge_15_21_random_intermediate_advanced,4,20,random,,64.203125,340.875,88.203125,425.8125,1,1,,,,,,,,,,,,2026-08-16T17:54:38.981Z,K8EF3YCB,2026-08-16,2026-08-16,11:54:38,2026-08-16 11:54:38,,,,,,,,697ab12b4591197afc56d253,697ab12b4591197afc56d253,,,,
838,raw_position_sample,2,3,adv,25,3,3,4,1, Shoppers ,370,77,1528092.8999999762,697ab12b4591197afc56d253,697ab12b4591197afc56d253,advanced,3,697ab12b4591197afc56d253,697ab12b4591197afc56d253,spotlight_PROLIFIC,,31,Mexico,Spanish,N/A,,Spanish:75|English:25,100,Spanish:60|English:40,100,Spanish:90|English:10,100,29,0,Bachelor's,10,10,10,2,3,8,18,30,25,29,,,,,15,25,B1,intermediate|advanced,advanced|intermediate,cambridge_15_21_random_intermediate_advanced,4,20,random,,64.203125,340.875,88.203125,425.8125,1,1,,,,,,,,,,,,2026-08-16T17:54:38.981Z,K8EF3YCB,2026-08-16,2026-08-16,11:54:38,2026-08-16 11:54:38,,,,,,,,697ab12b4591197afc56d253,697ab12b4591197afc56d253,,,,
890,raw_position_sample,2,3,adv,25,3,3,4,1, Shoppers ,366,80,1528144.8999999762,697ab12b4591197afc56d253,697ab12b4591197afc56d253,advanced,3,697ab12b4591197afc56d253,697ab12b4591197afc56d253,spotlight_PROLIFIC,,31,Mexico,Spanish,N/A,,Spanish:75|English:25,100,Spanish:60|English:40,100,Spanish:90|English:10,100,29,0,Bachelor's,10,10,10,2,3,8,18,30,25,29,,,,,15,25,B1,intermediate|advanced,advanced|intermediate,cambridge_15_21_random_intermediate_advanced,4,20,random,,64.203125,340.875,88.203125,425.8125,1,1,,,,,,,,,,,,2026-08-16T17:54:38.981Z,K8EF3YCB,2026-08-16,2026-08-16,11:54:38,2026-08-16 11:54:38,,,,,,,,697ab12b4591197afc56d253,697ab12b4591197afc56d253,,,,
945,raw_position_sample,2,3,adv,25,3,3,4,1, Shoppers ,368,82,1528200,697ab12b4591197afc56d253,697ab12b4591197afc56d253,advanced,3,697ab12b4591197afc56d253,697ab12b4591197afc56d253,spotlight_PROLIFIC,,31,Mexico,Spanish,N/A,,Spanish:75|English:25,100,Spanish:60|English:40,100,Spanish:90|English:10,100,29,0,Bachelor's,10,10,10,2,3,8,18,30,25,29,,,,,15,25,B1,intermediate|advanced,advanced|intermediate,cambridge_15_21_random_intermediate_advanced,4,20,random,,64.203125,340.875,88.203125,425.8125,1,1,,,,,,,,,,,,2026-08-16T17:54:38.981Z,K8EF3YCB,2026-08-16,2026-08-16,11:54:38,2026-08-16 11:54:38,,,,,,,,697ab12b4591197afc56d253,697ab12b4591197afc56d253,,,,
988,raw_position_sample,2,3,adv,25,3,3,4,1, Shoppers ,390,80,1528242.5,697ab12b4591197afc56d253,697ab12b4591197afc56d253,advanced,3,697ab12b4591197afc56d253,697ab12b4591197afc56d253,spotlight_PROLIFIC,,31,Mexico,Spanish,N/A,,Spanish:75|English:25,100,Spanish:60|English:40,100,Spanish:90|English:10,100,29,0,Bachelor's,10,10,10,2,3,8,18,30,25,29,,,,,15,25,B1,intermediate|advanced,advanced|intermediate,cambridge_15_21_random_intermediate_advanced,4,20,random,,64.203125,340.875,88.203125,425.8125,1,1,,,,,,,,,,,,2026-08-16T17:54:38.981Z,K8EF3YCB,2026-08-16,2026-08-16,11:54:38,2026-08-16 11:54:38,,,,,,,,697ab12b4591197afc56d253,697ab12b4591197afc56d253,,,,
1033,hover_association,2,3,adv,25,3,3,4,1, Shoppers ,364,59,,697ab12b4591197afc56d253,697ab12b4591197afc56d253,advanced,3,697ab12b4591197afc56d253,697ab12b4591197afc56d253,spotlight_PROLIFIC,,31,Mexico,Spanish,N/A,,Spanish:75|English:25,100,Spanish:60|English:40,100,Spanish:90|English:10,100,29,0,Bachelor's,10,10,10,2,3,8,18,30,25,29,,,,,15,25,B1,intermediate|advanced,advanced|intermediate,cambridge_15_21_random_intermediate_advanced,4,20,random,,56.203125,336.628125,96.203125,425.8125,1,1,hover,683.1999999880791,683.1999999880791,0.9796769333193174,0.544921875,106,,,,,,2026-08-16T17:54:38.981Z,K8EF3YCB,2026-08-16,2026-08-16,11:54:38,2026-08-16 11:54:38,,,,,,,,697ab12b4591197afc56d253,697ab12b4591197afc56d253,,,,
1038,raw_position_sample,2,3,adv,25,3,3,4,2, are ,442,78,1528292.699999988,697ab12b4591197afc56d253,697ab12b4591197afc56d253,advanced,3,697ab12b4591197afc56d253,697ab12b4591197afc56d253,spotlight_PROLIFIC,,31,Mexico,Spanish,N/A,,Spanish:75|English:25,100,Spanish:60|English:40,100,Spanish:90|English:10,100,29,0,Bachelor's,10,10,10,2,3,8,18,30,25,29,,,,,15,25,B1,intermediate|advanced,advanced|intermediate,cambridge_15_21_random_intermediate_advanced,4,20,random,,64.203125,425.8125,88.203125,457.828125,1,2,,,,,,,,,,,,2026-08-16T17:54:38.981Z,K8EF3YCB,2026-08-16,2026-08-16,11:54:38,2026-08-16 11:54:38,,,,,,,,697ab12b4591197afc56d253,697ab12b4591197afc56d253,,,,
1050,hover_association,2,3,adv,25,3,3,4,2, are ,442,78,,697ab12b4591197afc56d253,697ab12b4591197afc56d253,advanced,3,697ab12b4591197afc56d253,697ab12b4591197afc56d253,spotlight_PROLIFIC,,31,Mexico,Spanish,N/A,,Spanish:75|English:25,100,Spanish:60|English:40,100,Spanish:90|English:10,100,29,0,Bachelor's,10,10,10,2,3,8,18,30,25,29,,,,,15,25,B1,intermediate|advanced,advanced|intermediate,cambridge_15_21_random_intermediate_advanced,4,20,random,,56.203125,425.8125,96.203125,457.828125,1,2,hover,16.5,16.5,0.5056124938994632,0.544921875,106,,,,,,2026-08-16T17:54:38.981Z,K8EF3YCB,2026-08-16,2026-08-16,11:54:38,2026-08-16 11:54:38,,,,,,,,697ab12b4591197afc56d253,697ab12b4591197afc56d253,,,,
1088,raw_position_sample,2,3,adv,25,3,3,4,3, usually ,490,75,1528342.199999988,697ab12b4591197afc56d253,697ab12b4591197afc56d253,advanced,3,697ab12b4591197afc56d253,697ab12b4591197afc56d253,spotlight_PROLIFIC,,31,Mexico,Spanish,N/A,,Spanish:75|English:25,100,Spanish:60|English:40,100,Spanish:90|English:10,100,29,0,Bachelor's,10,10,10,2,3,8,18,30,25,29,,,,,15,25,B1,intermediate|advanced,advanced|intermediate,cambridge_15_21_random_intermediate_advanced,4,20,random,,64.203125,457.828125,88.203125,521.953125,1,3,,,,,,,,,,,,2026-08-16T17:54:38.981Z,K8EF3YCB,2026-08-16,2026-08-16,11:54:38,2026-08-16 11:54:38,,,,,,,,697ab12b4591197afc56d253,697ab12b4591197afc56d253,,,,
1138,raw_position_sample,2,3,adv,25,3,3,4,3, usually ,520,70,1528392.3999999762,697ab12b4591197afc56d253,697ab12b4591197afc56d253,advanced,3,697ab12b4591197afc56d253,697ab12b4591197afc56d253,spotlight_PROLIFIC,,31,Mexico,Spanish,N/A,,Spanish:75|English:25,100,Spanish:60|English:40,100,Spanish:90|English:10,100,29,0,Bachelor's,10,10,10,2,3,8,18,30,25,29,,,,,15,25,B1,intermediate|advanced,advanced|intermediate,cambridge_15_21_random_intermediate_advanced,4,20,random,,64.203125,457.828125,88.203125,521.953125,1,3,,,,,,,,,,,,2026-08-16T17:54:38.981Z,K8EF3YCB,2026-08-16,2026-08-16,11:54:38,2026-08-16 11:54:38,,,,,,,,697ab12b4591197afc56d253,697ab12b4591197afc56d253,,,,
1150,hover_association,2,3,adv,25,3,3,4,3, usually ,458,77,,697ab12b4591197afc56d253,697ab12b4591197afc56d253,advanced,3,697ab12b4591197afc56d253,697ab12b4591197afc56d253,spotlight_PROLIFIC,,31,Mexico,Spanish,N/A,,Spanish:75|English:25,100,Spanish:60|English:40,100,Spanish:90|English:10,100,29,0,Bachelor's,10,10,10,2,3,8,18,30,25,29,,,,,15,25,B1,intermediate|advanced,advanced|intermediate,cambridge_15_21_random_intermediate_advanced,4,20,random,,56.203125,457.828125,96.203125,521.953125,1,3,hover,100,100,0.969541910331384,0.344921875,106,,,,,,2026-08-16T17:54:38.981Z,K8EF3YCB,2026-08-16,2026-08-16,11:54:38,2026-08-16 11:54:38,,,,,,,,697ab12b4591197afc56d253,697ab12b4591197afc56d253,,,,
1185,raw_position_sample,2,3,adv,25,3,3,4,4, repaid ,529,69,1528439.5,697ab12b4591197afc56d253,697ab12b4591197afc56d253,advanced,3,697ab12b4591197afc56d253,697ab12b4591197afc56d253,spotlight_PROLIFIC,,31,Mexico,Spanish,N/A,,Spanish:75|English:25,100,Spanish:60|English:40,100,Spanish:90|English:10,100,29,0,Bachelor's,10,10,10,2,3,8,18,30,25,29,,,,,15,25,B1,intermediate|advanced,advanced|intermediate,cambridge_15_21_random_intermediate_advanced,4,20,random,,64.203125,521.953125,88.203125,580.75,1,4,,,,,,,,,,,,2026-08-16T17:54:38.981Z,K8EF3YCB,2026-08-16,2026-08-16,11:54:38,2026-08-16 11:54:38,,,,,,,,697ab12b4591197afc56d253,697ab12b4591197afc56d253,,,,
1250,raw_position_sample,2,3,adv,25,3,3,4,4, repaid ,529,69,1528504.300000012,697ab12b4591197afc56d253,697ab12b4591197afc56d253,advanced,3,697ab12b4591197afc56d253,697ab12b4591197afc56d253,spotlight_PROLIFIC,,31,Mexico,Spanish,N/A,,Spanish:75|English:25,100,Spanish:60|English:40,100,Spanish:90|English:10,100,29,0,Bachelor's,10,10,10,2,3,8,18,30,25,29,,,,,15,25,B1,intermediate|advanced,advanced|intermediate,cambridge_15_21_random_intermediate_advanced,4,20,random,,64.203125,521.953125,88.203125,580.75,1,4,,,,,,,,,,,,2026-08-16T17:54:38.981Z,K8EF3YCB,2026-08-16,2026-08-16,11:54:38,2026-08-16 11:54:38,,,,,,,,697ab12b4591197afc56d253,697ab12b4591197afc56d253,,,,
1288,raw_position_sample,2,3,adv,25,3,3,4,4, repaid ,531,70,1528542.5,697ab12b4591197afc56d253,697ab12b4591197afc56d253,advanced,3,697ab12b4591197afc56d253,697ab12b4591197afc56d253,spotlight_PROLIFIC,,31,Mexico,Spanish,N/A,,Spanish:75|English:25,100,Spanish:60|English:40,100,Spanish:90|English:10,100,29,0,Bachelor's,10,10,10,2,3,8,18,30,25,29,,,,,15,25,B1,intermediate|advanced,advanced|intermediate,cambridge_15_21_random_intermediate_advanced,4,20,random,,64.203125,521.953125,88.203125,580.75,1,4,,,,,,,,,,,,2026-08-16T17:54:38.981Z,K8EF3YCB,2026-08-16,2026-08-16,11:54:38,2026-08-16 11:54:38,,,,,,,,697ab12b4591197afc56d253,697ab12b4591197afc56d253,,,,
1338,raw_position_sample,2,3,adv,25,3,3,4,4, repaid ,535,78,1528592.5,697ab12b4591197afc56d253,697ab12b4591197afc56d253,advanced,3,697ab12b4591197afc56d253,697ab12b4591197afc56d253,spotlight_PROLIFIC,,31,Mexico,Spanish,N/A,,Spanish:75|English:25,100,Spanish:60|English:40,100,Spanish:90|English:10,100,29,0,Bachelor's,10,10,10,2,3,8,18,30,25,29,,,,,15,25,B1,intermediate|advanced,advanced|intermediate,cambridge_15_21_random_intermediate_advanced,4,20,random,,64.203125,521.953125,88.203125,580.75,1,4,,,,,,,,,,,,2026-08-16T17:54:38.981Z,K8EF3YCB,2026-08-16,2026-08-16,11:54:38,2026-08-16 11:54:38,,,,,,,,697ab12b4591197afc56d253,697ab12b4591197afc56d253,,,,
1387,raw_position_sample,2,3,adv,25,3,3,4,4, repaid ,532,79,1528641.800000012,697ab12b4591197afc56d253,697ab12b4591197afc56d253,advanced,3,697ab12b4591197afc56d253,697ab12b4591197afc56d253,spotlight_PROLIFIC,,31,Mexico,Spanish,N/A,,Spanish:75|English:25,100,Spanish:60|English:40,100,Spanish:90|English:10,100,29,0,Bachelor's,10,10,10,2,3,8,18,30,25,29,,,,,15,25,B1,intermediate|advanced,advanced|intermediate,cambridge_15_21_random_intermediate_advanced,4,20,random,,64.203125,521.953125,88.203125,580.75,1,4,,,,,,,,,,,,2026-08-16T17:54:38.981Z,K8EF3YCB,2026-08-16,2026-08-16,11:54:38,2026-08-16 11:54:38,,,,,,,,697ab12b4591197afc56d253,697ab12b4591197afc56d253,,,,
1434,raw_position_sample,2,3,adv,25,3,3,4,4, repaid ,528,62,1528689,697ab12b4591197afc56d253,697ab12b4591197afc56d253,advanced,3,697ab12b4591197afc56d253,697ab12b4591197afc56d253,spotlight_PROLIFIC,,31,Mexico,Spanish,N/A,,Spanish:75|English:25,100,Spanish:60|English:40,100,Spanish:90|English:10,100,29,0,Bachelor's,10,10,10,2,3,8,18,30,25,29,,,,,15,25,B1,intermediate|advanced,advanced|intermediate,cambridge_15_21_random_intermediate_advanced,4,20,random,,64.203125,521.953125,88.203125,580.75,1,4,,,,,,,,,,,,2026-08-16T17:54:38.981Z,K8EF3YCB,2026-08-16,2026-08-16,11:54:38,2026-08-16 11:54:38,,,,,,,,697ab12b4591197afc56d253,697ab12b4591197afc56d253,,,,
1498,raw_position_sample,2,3,adv,25,3,3,4,4, repaid ,528,62,1528752.5999999642,697ab12b4591197afc56d253,697ab12b4591197afc56d253,advanced,3,697ab12b4591197afc56d253,697ab12b4591197afc56d253,spotlight_PROLIFIC,,31,Mexico,Spanish,N/A,,Spanish:75|English:25,100,Spanish:60|English:40,100,Spanish:90|English:10,100,29,0,Bachelor's,10,10,10,2,3,8,18,30,25,29,,,,,15,25,B1,intermediate|advanced,advanced|intermediate,cambridge_15_21_random_intermediate_advanced,4,20,random,,64.203125,521.953125,88.203125,580.75,1,4,,,,,,,,,,,,2026-08-16T17:54:38.981Z,K8EF3YCB,2026-08-16,2026-08-16,11:54:38,2026-08-16 11:54:38,,,,,,,,697ab12b4591197afc56d253,697ab12b4591197afc56d253,,,,
1546,raw_position_sample,2,3,adv,25,3,3,4,4, repaid ,528,62,1528800.3999999762,697ab12b4591197afc56d253,697ab12b4591197afc56d253,advanced,3,697ab12b4591197afc56d253,697ab12b4591197afc56d253,spotlight_PROLIFIC,,31,Mexico,Spanish,N/A,,Spanish:75|English:25,100,Spanish:60|English:40,100,Spanish:90|English:10,100,29,0,Bachelor's,10,10,10,2,3,8,18,30,25,29,,,,,15,25,B1,intermediate|advanced,advanced|intermediate,cambridge_15_21_random_intermediate_advanced,4,20,random,,64.203125,521.953125,88.203125,580.75,1,4,,,,,,,,,,,,2026-08-16T17:54:38.981Z,K8EF3YCB,2026-08-16,2026-08-16,11:54:38,2026-08-16 11:54:38,,,,,,,,697ab12b4591197afc56d253,697ab12b4591197afc56d253,,,,
1594,raw_position_sample,2,3,adv,25,3,3,4,4, repaid ,528,62,1528848.800000012,697ab12b4591197afc56d253,697ab12b4591197afc56d253,advanced,3,697ab12b4591197afc56d253,697ab12b4591197afc56d253,spotlight_PROLIFIC,,31,Mexico,Spanish,N/A,,Spanish:75|English:25,100,Spanish:60|English:40,100,Spanish:90|English:10,100,29,0,Bachelor's,10,10,10,2,3,8,18,30,25,29,,,,,15,25,B1,intermediate|advanced,advanced|intermediate,cambridge_15_21_random_intermediate_advanced,4,20,random,,64.203125,521.953125,88.203125,580.75,1,4,,,,,,,,,,,,2026-08-16T17:54:38.981Z,K8EF3YCB,2026-08-16,2026-08-16,11:54:38,2026-08-16 11:54:38,,,,,,,,697ab12b4591197afc56d253,697ab12b4591197afc56d253,,,,
1642,raw_position_sample,2,3,adv,25,3,3,4,4, repaid ,528,62,1528896.3999999762,697ab12b4591197afc56d253,697ab12b4591197afc56d253,advanced,3,697ab12b4591197afc56d253,697ab12b4591197afc56d253,spotlight_PROLIFIC,,31,Mexico,Spanish,N/A,,Spanish:75|English:25,100,Spanish:60|English:40,100,Spanish:90|English:10,100,29,0,Bachelor's,10,10,10,2,3,8,18,30,25,29,,,,,15,25,B1,intermediate|advanced,advanced|intermediate,cambridge_15_21_random_intermediate_advanced,4,20,random,,64.203125,521.953125,88.203125,580.75,1,4,,,,,,,,,,,,2026-08-16T17:54:38.981Z,K8EF3YCB,2026-08-16,2026-08-16,11:54:38,2026-08-16 11:54:38,,,,,,,,697ab12b4591197afc56d253,697ab12b4591197afc56d253,,,,
1689,raw_position_sample,2,3,adv,25,3,3,4,4, repaid ,528,62,1528944,697ab12b4591197afc56d253,697ab12b4591197afc56d253,advanced,3,697ab12b4591197afc56d253,697ab12b4591197afc56d253,spotlight_PROLIFIC,,31,Mexico,Spanish,N/A,,Spanish:75|English:25,100,Spanish:60|English:40,100,Spanish:90|English:10,100,29,0,Bachelor's,10,10,10,2,3,8,18,30,25,29,,,,,15,25,B1,intermediate|advanced,advanced|intermediate,cambridge_15_21_random_intermediate_advanced,4,20,random,,64.203125,521.953125,88.203125,580.75,1,4,,,,,,,,,,,,2026-08-16T17:54:38.981Z,K8EF3YCB,2026-08-16,2026-08-16,11:54:38,2026-08-16 11:54:38,,,,,,,,697ab12b4591197afc56d253,697ab12b4591197afc56d253,,,,
1738,raw_position_sample,2,3,adv,25,3,3,4,4, repaid ,528,62,1528992.699999988,697ab12b4591197afc56d253,697ab12b4591197afc56d253,advanced,3,697ab12b4591197afc56d253,697ab12b4591197afc56d253,spotlight_PROLIFIC,,31,Mexico,Spanish,N/A,,Spanish:75|English:25,100,Spanish:60|English:40,100,Spanish:90|English:10,100,29,0,Bachelor's,10,10,10,2,3,8,18,30,25,29,,,,,15,25,B1,intermediate|advanced,advanced|intermediate,cambridge_15_21_random_intermediate_advanced,4,20,random,,64.203125,521.953125,88.203125,580.75,1,4,,,,,,,,,,,,2026-08-16T17:54:38.981Z,K8EF3YCB,2026-08-16,2026-08-16,11:54:38,2026-08-16 11:54:38,,,,,,,,697ab12b4591197afc56d253,697ab12b4591197afc56d253,,,,
1788,raw_position_sample,2,3,adv,25,3,3,4,4, repaid ,540,62,1529042.5999999642,697ab12b4591197afc56d253,697ab12b4591197afc56d253,advanced,3,697ab12b4591197afc56d253,697ab12b4591197afc56d253,spotlight_PROLIFIC,,31,Mexico,Spanish,N/A,,Spanish:75|English:25,100,Spanish:60|English:40,100,Spanish:90|English:10,100,29,0,Bachelor's,10,10,10,2,3,8,18,30,25,29,,,,,15,25,B1,intermediate|advanced,advanced|intermediate,cambridge_15_21_random_intermediate_advanced,4,20,random,,64.203125,521.953125,88.203125,580.75,1,4,,,,,,,,,,,,2026-08-16T17:54:38.981Z,K8EF3YCB,2026-08-16,2026-08-16,11:54:38,2026-08-16 11:54:38,,,,,,,,697ab12b4591197afc56d253,697ab12b4591197afc56d253,,,,
1836,raw_position_sample,2,3,adv,25,3,3,4,4, repaid ,546,60,1529090.699999988,697ab12b4591197afc56d253,697ab12b4591197afc56d253,advanced,3,697ab12b4591197afc56d253,697ab12b4591197afc56d253,spotlight_PROLIFIC,,31,Mexico,Spanish,N/A,,Spanish:75|English:25,100,Spanish:60|English:40,100,Spanish:90|English:10,100,29,0,Bachelor's,10,10,10,2,3,8,18,30,25,29,,,,,15,25,B1,intermediate|advanced,advanced|intermediate,cambridge_15_21_random_intermediate_advanced,4,20,random,,64.203125,521.953125,88.203125,580.75,1,4,,,,,,,,,,,,2026-08-16T17:54:38.981Z,K8EF3YCB,2026-08-16,2026-08-16,11:54:38,2026-08-16 11:54:38,,,,,,,,697ab12b4591197afc56d253,697ab12b4591197afc56d253,,,,
1883,hover_association,2,3,adv,25,3,3,4,4, repaid ,525,69,,697ab12b4591197afc56d253,697ab12b4591197afc56d253,advanced,3,697ab12b4591197afc56d253,697ab12b4591197afc56d253,spotlight_PROLIFIC,,31,Mexico,Spanish,N/A,,Spanish:75|English:25,100,Spanish:60|English:40,100,Spanish:90|English:10,100,29,0,Bachelor's,10,10,10,2,3,8,18,30,25,29,,,,,15,25,B1,intermediate|advanced,advanced|intermediate,cambridge_15_21_random_intermediate_advanced,4,20,random,,56.203125,521.953125,96.203125,580.75,1,4,hover,733.4000000357628,733.4000000357628,0.5110284347595004,0.019921875,106,,,,,,2026-08-16T17:54:38.981Z,K8EF3YCB,2026-08-16,2026-08-16,11:54:38,2026-08-16 11:54:38,,,,,,,,697ab12b4591197afc56d253,697ab12b4591197afc56d253,,,,
1888,raw_position_sample,2,3,adv,25,3,3,4,-1,999,556,53,1529142.199999988,697ab12b4591197afc56d253,697ab12b4591197afc56d253,advanced,3,697ab12b4591197afc56d253,697ab12b4591197afc56d253,spotlight_PROLIFIC,,31,Mexico,Spanish,N/A,,Spanish:75|English:25,100,Spanish:60|English:40,100,Spanish:90|English:10,100,29,0,Bachelor's,10,10,10,2,3,8,18,30,25,29,,,,,15,25,B1,intermediate|advanced,advanced|intermediate,cambridge_15_21_random_intermediate_advanced,4,20,random,,,,,,,,,,,,,,,,,,,2026-08-16T17:54:38.981Z,K8EF3YCB,2026-08-16,2026-08-16,11:54:38,2026-08-16 11:54:38,,,,,,,,697ab12b4591197afc56d253,697ab12b4591197afc56d253,,,,
1936,raw_position_sample,2,3,adv,25,3,3,4,-1,999,577,48,1529191,697ab12b4591197afc56d253,697ab12b4591197afc56d253,advanced,3,697ab12b4591197afc56d253,697ab12b4591197afc56d253,spotlight_PROLIFIC,,31,Mexico,Spanish,N/A,,Spanish:75|English:25,100,Spanish:60|English:40,100,Spanish:90|English:10,100,29,0,Bachelor's,10,10,10,2,3,8,18,30,25,29,,,,,15,25,B1,intermediate|advanced,advanced|intermediate,cambridge_15_21_random_intermediate_advanced,4,20,random,,,,,,,,,,,,,,,,,,,2026-08-16T17:54:38.981Z,K8EF3YCB,2026-08-16,2026-08-16,11:54:38,2026-08-16 11:54:38,,,,,,,,697ab12b4591197afc56d253,697ab12b4591197afc56d253,,,,
1998,raw_position_sample,2,3,adv,25,3,3,4,-1,999,581,48,1529252.300000012,697ab12b4591197afc56d253,697ab12b4591197afc56d253,advanced,3,697ab12b4591197afc56d253,697ab12b4591197afc56d253,spotlight_PROLIFIC,,31,Mexico,Spanish,N/A,,Spanish:75|English:25,100,Spanish:60|English:40,100,Spanish:90|English:10,100,29,0,Bachelor's,10,10,10,2,3,8,18,30,25,29,,,,,15,25,B1,intermediate|advanced,advanced|intermediate,cambridge_15_21_random_intermediate_advanced,4,20,random,,,,,,,,,,,,,,,,,,,2026-08-16T17:54:38.981Z,K8EF3YCB,2026-08-16,2026-08-16,11:54:38,2026-08-16 11:54:38,,,,,,,,697ab12b4591197afc56d253,697ab12b4591197afc56d253,,,,
2049,raw_position_sample,2,3,adv,25,3,3,4,-1,999,581,48,1529303.3999999762,697ab12b4591197afc56d253,697ab12b4591197afc56d253,advanced,3,697ab12b4591197afc56d253,697ab12b4591197afc56d253,spotlight_PROLIFIC,,31,Mexico,Spanish,N/A,,Spanish:75|English:25,100,Spanish:60|English:40,100,Spanish:90|English:10,100,29,0,Bachelor's,10,10,10,2,3,8,18,30,25,29,,,,,15,25,B1,intermediate|advanced,advanced|intermediate,cambridge_15_21_random_intermediate_advanced,4,20,random,,,,,,,,,,,,,,,,,,,2026-08-16T17:54:38.981Z,K8EF3YCB,2026-08-16,2026-08-16,11:54:38,2026-08-16 11:54:38,,,,,,,,697ab12b4591197afc56d253,697ab12b4591197afc56d253,,,,
2097,raw_position_sample,2,3,adv,25,3,3,4,-1,999,581,48,1529351.199999988,697ab12b4591197afc56d253,697ab12b4591197afc56d253,advanced,3,697ab12b4591197afc56d253,697ab12b4591197afc56d253,spotlight_PROLIFIC,,31,Mexico,Spanish,N/A,,Spanish:75|English:25,100,Spanish:60|English:40,100,Spanish:90|English:10,100,29,0,Bachelor's,10,10,10,2,3,8,18,30,25,29,,,,,15,25,B1,intermediate|advanced,advanced|intermediate,cambridge_15_21_random_intermediate_advanced,4,20,random,,,,,,,,,,,,,,,,,,,2026-08-16T17:54:38.981Z,K8EF3YCB,2026-08-16,2026-08-16,11:54:38,2026-08-16 11:54:38,,,,,,,,697ab12b4591197afc56d253,697ab12b4591197afc56d253,,,,
2136,raw_position_sample,2,3,adv,25,3,3,4,-1,999,586,49,1529391.199999988,697ab12b4591197afc56d253,697ab12b4591197afc56d253,advanced,3,697ab12b4591197afc56d253,697ab12b4591197afc56d253,spotlight_PROLIFIC,,31,Mexico,Spanish,N/A,,Spanish:75|English:25,100,Spanish:60|English:40,100,Spanish:90|English:10,100,29,0,Bachelor's,10,10,10,2,3,8,18,30,25,29,,,,,15,25,B1,intermediate|advanced,advanced|intermediate,cambridge_15_21_random_intermediate_advanced,4,20,random,,,,,,,,,,,,,,,,,,,2026-08-16T17:54:38.981Z,K8EF3YCB,2026-08-16,2026-08-16,11:54:38,2026-08-16 11:54:38,,,,,,,,697ab12b4591197afc56d253,697ab12b4591197afc56d253,,,,
2187,raw_position_sample,2,3,adv,25,3,3,4,-1,999,611,56,1529441.199999988,697ab12b4591197afc56d253,697ab12b4591197afc56d253,advanced,3,697ab12b4591197afc56d253,697ab12b4591197afc56d253,spotlight_PROLIFIC,,31,Mexico,Spanish,N/A,,Spanish:75|English:25,100,Spanish:60|English:40,100,Spanish:90|English:10,100,29,0,Bachelor's,10,10,10,2,3,8,18,30,25,29,,,,,15,25,B1,intermediate|advanced,advanced|intermediate,cambridge_15_21_random_intermediate_advanced,4,20,random,,,,,,,,,,,,,,,,,,,2026-08-16T17:54:38.981Z,K8EF3YCB,2026-08-16,2026-08-16,11:54:38,2026-08-16 11:54:38,,,,,,,,697ab12b4591197afc56d253,697ab12b4591197afc56d253,,,,
2239,raw_position_sample,2,3,adv,25,3,3,4,6, money ,635,59,1529493.300000012,697ab12b4591197afc56d253,697ab12b4591197afc56d253,advanced,3,697ab12b4591197afc56d253,697ab12b4591197afc56d253,spotlight_PROLIFIC,,31,Mexico,Spanish,N/A,,Spanish:75|English:25,100,Spanish:60|English:40,100,Spanish:90|English:10,100,29,0,Bachelor's,10,10,10,2,3,8,18,30,25,29,,,,,15,25,B1,intermediate|advanced,advanced|intermediate,cambridge_15_21_random_intermediate_advanced,4,20,random,,64.203125,615.84375,88.203125,678.34375,1,6,,,,,,,,,,,,2026-08-16T17:54:38.981Z,K8EF3YCB,2026-08-16,2026-08-16,11:54:38,2026-08-16 11:54:38,,,,,,,,697ab12b4591197afc56d253,697ab12b4591197afc56d253,,,,
2293,raw_position_sample,2,3,adv,25,3,3,4,6, money ,673,59,1529547.5,697ab12b4591197afc56d253,697ab12b4591197afc56d253,advanced,3,697ab12b4591197afc56d253,697ab12b4591197afc56d253,spotlight_PROLIFIC,,31,Mexico,Spanish,N/A,,Spanish:75|English:25,100,Spanish:60|English:40,100,Spanish:90|English:10,100,29,0,Bachelor's,10,10,10,2,3,8,18,30,25,29,,,,,15,25,B1,intermediate|advanced,advanced|intermediate,cambridge_15_21_random_intermediate_advanced,4,20,random,,64.203125,615.84375,88.203125,678.34375,1,6,,,,,,,,,,,,2026-08-16T17:54:38.981Z,K8EF3YCB,2026-08-16,2026-08-16,11:54:38,2026-08-16 11:54:38,,,,,,,,697ab12b4591197afc56d253,697ab12b4591197afc56d253,,,,
2322,hover_association,2,3,adv,25,3,3,4,6, money ,617,58,,697ab12b4591197afc56d253,697ab12b4591197afc56d253,advanced,3,697ab12b4591197afc56d253,697ab12b4591197afc56d253,spotlight_PROLIFIC,,31,Mexico,Spanish,N/A,,Spanish:75|English:25,100,Spanish:60|English:40,100,Spanish:90|English:10,100,29,0,Bachelor's,10,10,10,2,3,8,18,30,25,29,,,,,15,25,B1,intermediate|advanced,advanced|intermediate,cambridge_15_21_random_intermediate_advanced,4,20,random,,56.203125,615.84375,96.203125,678.34375,1,6,hover,122.69999998807907,122.69999998807907,0.9945,0.069921875,106,,,,,,2026-08-16T17:54:38.981Z,K8EF3YCB,2026-08-16,2026-08-16,11:54:38,2026-08-16 11:54:38,,,,,,,,697ab12b4591197afc56d253,697ab12b4591197afc56d253,,,,
2336,raw_position_sample,2,3,adv,25,3,3,4,7, they ,680,59,1529590.8999999762,697ab12b4591197afc56d253,697ab12b4591197afc56d253,advanced,3,697ab12b4591197afc56d253,697ab12b4591197afc56d253,spotlight_PROLIFIC,,31,Mexico,Spanish,N/A,,Spanish:75|English:25,100,Spanish:60|English:40,100,Spanish:90|English:10,100,29,0,Bachelor's,10,10,10,2,3,8,18,30,25,29,,,,,15,25,B1,intermediate|advanced,advanced|intermediate,cambridge_15_21_random_intermediate_advanced,4,20,random,,64.203125,678.34375,88.203125,719.625,1,7,,,,,,,,,,,,2026-08-16T17:54:38.981Z,K8EF3YCB,2026-08-16,2026-08-16,11:54:38,2026-08-16 11:54:38,,,,,,,,697ab12b4591197afc56d253,697ab12b4591197afc56d253,,,,
2385,raw_position_sample,2,3,adv,25,3,3,4,7, they ,680,59,1529639.199999988,697ab12b4591197afc56d253,697ab12b4591197afc56d253,advanced,3,697ab12b4591197afc56d253,697ab12b4591197afc56d253,spotlight_PROLIFIC,,31,Mexico,Spanish,N/A,,Spanish:75|English:25,100,Spanish:60|English:40,100,Spanish:90|English:10,100,29,0,Bachelor's,10,10,10,2,3,8,18,30,25,29,,,,,15,25,B1,intermediate|advanced,advanced|intermediate,cambridge_15_21_random_intermediate_advanced,4,20,random,,64.203125,678.34375,88.203125,719.625,1,7,,,,,,,,,,,,2026-08-16T17:54:38.981Z,K8EF3YCB,2026-08-16,2026-08-16,11:54:38,2026-08-16 11:54:38,,,,,,,,697ab12b4591197afc56d253,697ab12b4591197afc56d253,,,,
2447,raw_position_sample,2,3,adv,25,3,3,4,7, they ,680,59,1529701.3999999762,697ab12b4591197afc56d253,697ab12b4591197afc56d253,advanced,3,697ab12b4591197afc56d253,697ab12b4591197afc56d253,spotlight_PROLIFIC,,31,Mexico,Spanish,N/A,,Spanish:75|English:25,100,Spanish:60|English:40,100,Spanish:90|English:10,100,29,0,Bachelor's,10,10,10,2,3,8,18,30,25,29,,,,,15,25,B1,intermediate|advanced,advanced|intermediate,cambridge_15_21_random_intermediate_advanced,4,20,random,,64.203125,678.34375,88.203125,719.625,1,7,,,,,,,,,,,,2026-08-16T17:54:38.981Z,K8EF3YCB,2026-08-16,2026-08-16,11:54:38,2026-08-16 11:54:38,,,,,,,,697ab12b4591197afc56d253,697ab12b4591197afc56d253,,,,
2494,raw_position_sample,2,3,adv,25,3,3,4,7, they ,680,59,1529748.8999999762,697ab12b4591197afc56d253,697ab12b4591197afc56d253,advanced,3,697ab12b4591197afc56d253,697ab12b4591197afc56d253,spotlight_PROLIFIC,,31,Mexico,Spanish,N/A,,Spanish:75|English:25,100,Spanish:60|English:40,100,Spanish:90|English:10,100,29,0,Bachelor's,10,10,10,2,3,8,18,30,25,29,,,,,15,25,B1,intermediate|advanced,advanced|intermediate,cambridge_15_21_random_intermediate_advanced,4,20,random,,64.203125,678.34375,88.203125,719.625,1,7,,,,,,,,,,,,2026-08-16T17:54:38.981Z,K8EF3YCB,2026-08-16,2026-08-16,11:54:38,2026-08-16 11:54:38,,,,,,,,697ab12b4591197afc56d253,697ab12b4591197afc56d253,,,,
2534,raw_position_sample,2,3,adv,25,3,3,4,7, they ,681,59,1529788.699999988,697ab12b4591197afc56d253,697ab12b4591197afc56d253,advanced,3,697ab12b4591197afc56d253,697ab12b4591197afc56d253,spotlight_PROLIFIC,,31,Mexico,Spanish,N/A,,Spanish:75|English:25,100,Spanish:60|English:40,100,Spanish:90|English:10,100,29,0,Bachelor's,10,10,10,2,3,8,18,30,25,29,,,,,15,25,B1,intermediate|advanced,advanced|intermediate,cambridge_15_21_random_intermediate_advanced,4,20,random,,64.203125,678.34375,88.203125,719.625,1,7,,,,,,,,,,,,2026-08-16T17:54:38.981Z,K8EF3YCB,2026-08-16,2026-08-16,11:54:38,2026-08-16 11:54:38,,,,,,,,697ab12b4591197afc56d253,697ab12b4591197afc56d253,,,,
2588,raw_position_sample,2,3,adv,25,3,3,4,7, they ,690,67,1529842.300000012,697ab12b4591197afc56d253,697ab12b4591197afc56d253,advanced,3,697ab12b4591197afc56d253,697ab12b4591197afc56d253,spotlight_PROLIFIC,,31,Mexico,Spanish,N/A,,Spanish:75|English:25,100,Spanish:60|English:40,100,Spanish:90|English:10,100,29,0,Bachelor's,10,10,10,2,3,8,18,30,25,29,,,,,15,25,B1,intermediate|advanced,advanced|intermediate,cambridge_15_21_random_intermediate_advanced,4,20,random,,64.203125,678.34375,88.203125,719.625,1,7,,,,,,,,,,,,2026-08-16T17:54:38.981Z,K8EF3YCB,2026-08-16,2026-08-16,11:54:38,2026-08-16 11:54:38,,,,,,,,697ab12b4591197afc56d253,697ab12b4591197afc56d253,,,,
2638,raw_position_sample,2,3,adv,25,3,3,4,7, they ,696,72,1529893,697ab12b4591197afc56d253,697ab12b4591197afc56d253,advanced,3,697ab12b4591197afc56d253,697ab12b4591197afc56d253,spotlight_PROLIFIC,,31,Mexico,Spanish,N/A,,Spanish:75|English:25,100,Spanish:60|English:40,100,Spanish:90|English:10,100,29,0,Bachelor's,10,10,10,2,3,8,18,30,25,29,,,,,15,25,B1,intermediate|advanced,advanced|intermediate,cambridge_15_21_random_intermediate_advanced,4,20,random,,64.203125,678.34375,88.203125,719.625,1,7,,,,,,,,,,,,2026-08-16T17:54:38.981Z,K8EF3YCB,2026-08-16,2026-08-16,11:54:38,2026-08-16 11:54:38,,,,,,,,697ab12b4591197afc56d253,697ab12b4591197afc56d253,,,,
2687,raw_position_sample,2,3,adv,25,3,3,4,7, they ,696,78,1529941.699999988,697ab12b4591197afc56d253,697ab12b4591197afc56d253,advanced,3,697ab12b4591197afc56d253,697ab12b4591197afc56d253,spotlight_PROLIFIC,,31,Mexico,Spanish,N/A,,Spanish:75|English:25,100,Spanish:60|English:40,100,Spanish:90|English:10,100,29,0,Bachelor's,10,10,10,2,3,8,18,30,25,29,,,,,15,25,B1,intermediate|advanced,advanced|intermediate,cambridge_15_21_random_intermediate_advanced,4,20,random,,64.203125,678.34375,88.203125,719.625,1,7,,,,,,,,,,,,2026-08-16T17:54:38.981Z,K8EF3YCB,2026-08-16,2026-08-16,11:54:38,2026-08-16 11:54:38,,,,,,,,697ab12b4591197afc56d253,697ab12b4591197afc56d253,,,,
2739,raw_position_sample,2,3,adv,25,3,3,4,7, they ,691,85,1529993.8999999762,697ab12b4591197afc56d253,697ab12b4591197afc56d253,advanced,3,697ab12b4591197afc56d253,697ab12b4591197afc56d253,spotlight_PROLIFIC,,31,Mexico,Spanish,N/A,,Spanish:75|English:25,100,Spanish:60|English:40,100,Spanish:90|English:10,100,29,0,Bachelor's,10,10,10,2,3,8,18,30,25,29,,,,,15,25,B1,intermediate|advanced,advanced|intermediate,cambridge_15_21_random_intermediate_advanced,4,20,random,,64.203125,678.34375,88.203125,719.625,1,7,,,,,,,,,,,,2026-08-16T17:54:38.981Z,K8EF3YCB,2026-08-16,2026-08-16,11:54:38,2026-08-16 11:54:38,,,,,,,,697ab12b4591197afc56d253,697ab12b4591197afc56d253,,,,
2789,raw_position_sample,2,3,adv,25,3,3,4,7, they ,684,92,1530043.5,697ab12b4591197afc56d253,697ab12b4591197afc56d253,advanced,3,697ab12b4591197afc56d253,697ab12b4591197afc56d253,spotlight_PROLIFIC,,31,Mexico,Spanish,N/A,,Spanish:75|English:25,100,Spanish:60|English:40,100,Spanish:90|English:10,100,29,0,Bachelor's,10,10,10,2,3,8,18,30,25,29,,,,,15,25,B1,intermediate|advanced,advanced|intermediate,cambridge_15_21_random_intermediate_advanced,4,20,random,,64.203125,678.34375,88.203125,719.625,1,7,,,,,,,,,,,,2026-08-16T17:54:38.981Z,K8EF3YCB,2026-08-16,2026-08-16,11:54:38,2026-08-16 11:54:38,,,,,,,,697ab12b4591197afc56d253,697ab12b4591197afc56d253,,,,
2833,hover_association,2,3,adv,25,3,3,4,7, they ,680,59,,697ab12b4591197afc56d253,697ab12b4591197afc56d253,advanced,3,697ab12b4591197afc56d253,697ab12b4591197afc56d253,spotlight_PROLIFIC,,31,Mexico,Spanish,N/A,,Spanish:75|English:25,100,Spanish:60|English:40,100,Spanish:90|English:10,100,29,0,Bachelor's,10,10,10,2,3,8,18,30,25,29,,,,,15,25,B1,intermediate|advanced,advanced|intermediate,cambridge_15_21_random_intermediate_advanced,4,20,random,,56.203125,678.34375,96.203125,719.625,1,7,hover,510.69999998807907,510.69999998807907,0.08856926570779712,0.994921875,106,,,,,,2026-08-16T17:54:38.981Z,K8EF3YCB,2026-08-16,2026-08-16,11:54:38,2026-08-16 11:54:38,,,,,,,,697ab12b4591197afc56d253,697ab12b4591197afc56d253,,,,
2837,raw_position_sample,2,3,adv,25,3,3,4,22, each ,682,97,1530092.0999999642,697ab12b4591197afc56d253,697ab12b4591197afc56d253,advanced,3,697ab12b4591197afc56d253,697ab12b4591197afc56d253,spotlight_PROLIFIC,,31,Mexico,Spanish,N/A,,Spanish:75|English:25,100,Spanish:60|English:40,100,Spanish:90|English:10,100,29,0,Bachelor's,10,10,10,2,3,8,18,30,25,29,,,,,15,25,B1,intermediate|advanced,advanced|intermediate,cambridge_15_21_random_intermediate_advanced,4,20,random,,104.203125,667.609375,128.203125,712.3125,2,9,,,,,,,,,,,,2026-08-16T17:54:38.981Z,K8EF3YCB,2026-08-16,2026-08-16,11:54:38,2026-08-16 11:54:38,,,,,,,,697ab12b4591197afc56d253,697ab12b4591197afc56d253,,,,
2887,raw_position_sample,2,3,adv,25,3,3,4,22, each ,684,97,1530141.199999988,697ab12b4591197afc56d253,697ab12b4591197afc56d253,advanced,3,697ab12b4591197afc56d253,697ab12b4591197afc56d253,spotlight_PROLIFIC,,31,Mexico,Spanish,N/A,,Spanish:75|English:25,100,Spanish:60|English:40,100,Spanish:90|English:10,100,29,0,Bachelor's,10,10,10,2,3,8,18,30,25,29,,,,,15,25,B1,intermediate|advanced,advanced|intermediate,cambridge_15_21_random_intermediate_advanced,4,20,random,,104.203125,667.609375,128.203125,712.3125,2,9,,,,,,,,,,,,2026-08-16T17:54:38.981Z,K8EF3YCB,2026-08-16,2026-08-16,11:54:38,2026-08-16 11:54:38,,,,,,,,697ab12b4591197afc56d253,697ab12b4591197afc56d253,,,,
2900,hover_association,2,3,adv,25,3,3,4,22, each ,682,97,,697ab12b4591197afc56d253,697ab12b4591197afc56d253,advanced,3,697ab12b4591197afc56d253,697ab12b4591197afc56d253,spotlight_PROLIFIC,,31,Mexico,Spanish,N/A,,Spanish:75|English:25,100,Spanish:60|English:40,100,Spanish:90|English:10,100,29,0,Bachelor's,10,10,10,2,3,8,18,30,25,29,,,,,15,25,B1,intermediate|advanced,advanced|intermediate,cambridge_15_21_random_intermediate_advanced,4,20,random,,96.203125,667.609375,136.203125,712.3125,2,9,hover,66.5,66.5,0.3666550157287662,0.019921875,106,,,,,,2026-08-16T17:54:38.981Z,K8EF3YCB,2026-08-16,2026-08-16,11:54:38,2026-08-16 11:54:38,,,,,,,,697ab12b4591197afc56d253,697ab12b4591197afc56d253,,,,
2933,hover_association,2,3,adv,25,3,3,4,7, they ,695,96,,697ab12b4591197afc56d253,697ab12b4591197afc56d253,advanced,3,697ab12b4591197afc56d253,697ab12b4591197afc56d253,spotlight_PROLIFIC,,31,Mexico,Spanish,N/A,,Spanish:75|English:25,100,Spanish:60|English:40,100,Spanish:90|English:10,100,29,0,Bachelor's,10,10,10,2,3,8,18,30,25,29,,,,,15,25,B1,intermediate|advanced,advanced|intermediate,cambridge_15_21_random_intermediate_advanced,4,20,random,,56.203125,678.34375,96.203125,719.625,1,7,hover,33.30000001192093,33.30000001192093,0.8152914458743377,0.869921875,106,,,,,,2026-08-16T17:54:38.981Z,K8EF3YCB,2026-08-16,2026-08-16,11:54:38,2026-08-16 11:54:38,,,,,,,,697ab12b4591197afc56d253,697ab12b4591197afc56d253,,,,
2940,raw_position_sample,2,3,adv,25,3,3,4,8, spend ,730,87,1530194.5,697ab12b4591197afc56d253,697ab12b4591197afc56d253,advanced,3,697ab12b4591197afc56d253,697ab12b4591197afc56d253,spotlight_PROLIFIC,,31,Mexico,Spanish,N/A,,Spanish:75|English:25,100,Spanish:60|English:40,100,Spanish:90|English:10,100,29,0,Bachelor's,10,10,10,2,3,8,18,30,25,29,,,,,15,25,B1,intermediate|advanced,advanced|intermediate,cambridge_15_21_random_intermediate_advanced,4,20,random,,64.203125,719.625,88.203125,776.34375,1,8,,,,,,,,,,,,2026-08-16T17:54:38.981Z,K8EF3YCB,2026-08-16,2026-08-16,11:54:38,2026-08-16 11:54:38,,,,,,,,697ab12b4591197afc56d253,697ab12b4591197afc56d253,,,,
2987,raw_position_sample,2,3,adv,25,3,3,4,8, spend ,769,78,1530241.300000012,697ab12b4591197afc56d253,697ab12b4591197afc56d253,advanced,3,697ab12b4591197afc56d253,697ab12b4591197afc56d253,spotlight_PROLIFIC,,31,Mexico,Spanish,N/A,,Spanish:75|English:25,100,Spanish:60|English:40,100,Spanish:90|English:10,100,29,0,Bachelor's,10,10,10,2,3,8,18,30,25,29,,,,,15,25,B1,intermediate|advanced,advanced|intermediate,cambridge_15_21_random_intermediate_advanced,4,20,random,,64.203125,719.625,88.203125,776.34375,1,8,,,,,,,,,,,,2026-08-16T17:54:38.981Z,K8EF3YCB,2026-08-16,2026-08-16,11:54:38,2026-08-16 11:54:38,,,,,,,,697ab12b4591197afc56d253,697ab12b4591197afc56d253,,,,
3000,hover_association,2,3,adv,25,3,3,4,8, spend ,730,87,,697ab12b4591197afc56d253,697ab12b4591197afc56d253,advanced,3,697ab12b4591197afc56d253,697ab12b4591197afc56d253,spotlight_PROLIFIC,,31,Mexico,Spanish,N/A,,Spanish:75|English:25,100,Spanish:60|English:40,100,Spanish:90|English:10,100,29,0,Bachelor's,10,10,10,2,3,8,18,30,25,29,,,,,15,25,B1,intermediate|advanced,advanced|intermediate,cambridge_15_21_random_intermediate_advanced,4,20,random,,56.203125,719.625,96.203125,776.34375,1,8,hover,66.80000001192093,66.80000001192093,0.8705234159779615,0.544921875,106,,,,,,2026-08-16T17:54:38.981Z,K8EF3YCB,2026-08-16,2026-08-16,11:54:38,2026-08-16 11:54:38,,,,,,,,697ab12b4591197afc56d253,697ab12b4591197afc56d253,,,,
3038,raw_position_sample,2,3,adv,25,3,3,4,9, in ,788,73,1530293,697ab12b4591197afc56d253,697ab12b4591197afc56d253,advanced,3,697ab12b4591197afc56d253,697ab12b4591197afc56d253,spotlight_PROLIFIC,,31,Mexico,Spanish,N/A,,Spanish:75|English:25,100,Spanish:60|English:40,100,Spanish:90|English:10,100,29,0,Bachelor's,10,10,10,2,3,8,18,30,25,29,,,,,15,25,B1,intermediate|advanced,advanced|intermediate,cambridge_15_21_random_intermediate_advanced,4,20,random,,64.203125,776.34375,88.203125,796.796875,1,9,,,,,,,,,,,,2026-08-16T17:54:38.981Z,K8EF3YCB,2026-08-16,2026-08-16,11:54:38,2026-08-16 11:54:38,,,,,,,,697ab12b4591197afc56d253,697ab12b4591197afc56d253,,,,
3083,hover_association,2,3,adv,25,3,3,4,9, in ,777,76,,697ab12b4591197afc56d253,697ab12b4591197afc56d253,advanced,3,697ab12b4591197afc56d253,697ab12b4591197afc56d253,spotlight_PROLIFIC,,31,Mexico,Spanish,N/A,,Spanish:75|English:25,100,Spanish:60|English:40,100,Spanish:90|English:10,100,29,0,Bachelor's,10,10,10,2,3,8,18,30,25,29,,,,,15,25,B1,intermediate|advanced,advanced|intermediate,cambridge_15_21_random_intermediate_advanced,4,20,random,,56.203125,776.34375,96.203125,796.796875,1,9,hover,83.09999996423721,83.09999996423721,0.961038961038961,0.344921875,106,,,,,,2026-08-16T17:54:38.981Z,K8EF3YCB,2026-08-16,2026-08-16,11:54:38,2026-08-16 11:54:38,,,,,,,,697ab12b4591197afc56d253,697ab12b4591197afc56d253,,,,
3087,raw_position_sample,2,3,adv,25,3,3,4,10, the ,799,70,1530341.800000012,697ab12b4591197afc56d253,697ab12b4591197afc56d253,advanced,3,697ab12b4591197afc56d253,697ab12b4591197afc56d253,spotlight_PROLIFIC,,31,Mexico,Spanish,N/A,,Spanish:75|English:25,100,Spanish:60|English:40,100,Spanish:90|English:10,100,29,0,Bachelor's,10,10,10,2,3,8,18,30,25,29,,,,,15,25,B1,intermediate|advanced,advanced|intermediate,cambridge_15_21_random_intermediate_advanced,4,20,random,,64.203125,796.796875,88.203125,829.265625,1,10,,,,,,,,,,,,2026-08-16T17:54:38.981Z,K8EF3YCB,2026-08-16,2026-08-16,11:54:38,2026-08-16 11:54:38,,,,,,,,697ab12b4591197afc56d253,697ab12b4591197afc56d253,,,,
3139,raw_position_sample,2,3,adv,25,3,3,4,10, the ,805,69,1530393.300000012,697ab12b4591197afc56d253,697ab12b4591197afc56d253,advanced,3,697ab12b4591197afc56d253,697ab12b4591197afc56d253,spotlight_PROLIFIC,,31,Mexico,Spanish,N/A,,Spanish:75|English:25,100,Spanish:60|English:40,100,Spanish:90|English:10,100,29,0,Bachelor's,10,10,10,2,3,8,18,30,25,29,,,,,15,25,B1,intermediate|advanced,advanced|intermediate,cambridge_15_21_random_intermediate_advanced,4,20,random,,64.203125,796.796875,88.203125,829.265625,1,10,,,,,,,,,,,,2026-08-16T17:54:38.981Z,K8EF3YCB,2026-08-16,2026-08-16,11:54:38,2026-08-16 11:54:38,,,,,,,,697ab12b4591197afc56d253,697ab12b4591197afc56d253,,,,
3200,raw_position_sample,2,3,adv,25,3,3,4,10, the ,805,69,1530454.3999999762,697ab12b4591197afc56d253,697ab12b4591197afc56d253,advanced,3,697ab12b4591197afc56d253,697ab12b4591197afc56d253,spotlight_PROLIFIC,,31,Mexico,Spanish,N/A,,Spanish:75|English:25,100,Spanish:60|English:40,100,Spanish:90|English:10,100,29,0,Bachelor's,10,10,10,2,3,8,18,30,25,29,,,,,15,25,B1,intermediate|advanced,advanced|intermediate,cambridge_15_21_random_intermediate_advanced,4,20,random,,64.203125,796.796875,88.203125,829.265625,1,10,,,,,,,,,,,,2026-08-16T17:54:38.981Z,K8EF3YCB,2026-08-16,2026-08-16,11:54:38,2026-08-16 11:54:38,,,,,,,,697ab12b4591197afc56d253,697ab12b4591197afc56d253,,,,
3247,raw_position_sample,2,3,adv,25,3,3,4,10, the ,805,69,1530502,697ab12b4591197afc56d253,697ab12b4591197afc56d253,advanced,3,697ab12b4591197afc56d253,697ab12b4591197afc56d253,spotlight_PROLIFIC,,31,Mexico,Spanish,N/A,,Spanish:75|English:25,100,Spanish:60|English:40,100,Spanish:90|English:10,100,29,0,Bachelor's,10,10,10,2,3,8,18,30,25,29,,,,,15,25,B1,intermediate|advanced,advanced|intermediate,cambridge_15_21_random_intermediate_advanced,4,20,random,,64.203125,796.796875,88.203125,829.265625,1,10,,,,,,,,,,,,2026-08-16T17:54:38.981Z,K8EF3YCB,2026-08-16,2026-08-16,11:54:38,2026-08-16 11:54:38,,,,,,,,697ab12b4591197afc56d253,697ab12b4591197afc56d253,,,,
3295,raw_position_sample,2,3,adv,25,3,3,4,10, the ,805,69,1530549.699999988,697ab12b4591197afc56d253,697ab12b4591197afc56d253,advanced,3,697ab12b4591197afc56d253,697ab12b4591197afc56d253,spotlight_PROLIFIC,,31,Mexico,Spanish,N/A,,Spanish:75|English:25,100,Spanish:60|English:40,100,Spanish:90|English:10,100,29,0,Bachelor's,10,10,10,2,3,8,18,30,25,29,,,,,15,25,B1,intermediate|advanced,advanced|intermediate,cambridge_15_21_random_intermediate_advanced,4,20,random,,64.203125,796.796875,88.203125,829.265625,1,10,,,,,,,,,,,,2026-08-16T17:54:38.981Z,K8EF3YCB,2026-08-16,2026-08-16,11:54:38,2026-08-16 11:54:38,,,,,,,,697ab12b4591197afc56d253,697ab12b4591197afc56d253,,,,
3338,raw_position_sample,2,3,adv,25,3,3,4,10, the ,809,69,1530592.300000012,697ab12b4591197afc56d253,697ab12b4591197afc56d253,advanced,3,697ab12b4591197afc56d253,697ab12b4591197afc56d253,spotlight_PROLIFIC,,31,Mexico,Spanish,N/A,,Spanish:75|English:25,100,Spanish:60|English:40,100,Spanish:90|English:10,100,29,0,Bachelor's,10,10,10,2,3,8,18,30,25,29,,,,,15,25,B1,intermediate|advanced,advanced|intermediate,cambridge_15_21_random_intermediate_advanced,4,20,random,,64.203125,796.796875,88.203125,829.265625,1,10,,,,,,,,,,,,2026-08-16T17:54:38.981Z,K8EF3YCB,2026-08-16,2026-08-16,11:54:38,2026-08-16 11:54:38,,,,,,,,697ab12b4591197afc56d253,697ab12b4591197afc56d253,,,,
3388,raw_position_sample,2,3,adv,25,3,3,4,10, the ,823,69,1530642.300000012,697ab12b4591197afc56d253,697ab12b4591197afc56d253,advanced,3,697ab12b4591197afc56d253,697ab12b4591197afc56d253,spotlight_PROLIFIC,,31,Mexico,Spanish,N/A,,Spanish:75|English:25,100,Spanish:60|English:40,100,Spanish:90|English:10,100,29,0,Bachelor's,10,10,10,2,3,8,18,30,25,29,,,,,15,25,B1,intermediate|advanced,advanced|intermediate,cambridge_15_21_random_intermediate_advanced,4,20,random,,64.203125,796.796875,88.203125,829.265625,1,10,,,,,,,,,,,,2026-08-16T17:54:38.981Z,K8EF3YCB,2026-08-16,2026-08-16,11:54:38,2026-08-16 11:54:38,,,,,,,,697ab12b4591197afc56d253,697ab12b4591197afc56d253,,,,
3399,hover_association,2,3,adv,25,3,3,4,10, the ,799,70,,697ab12b4591197afc56d253,697ab12b4591197afc56d253,advanced,3,697ab12b4591197afc56d253,697ab12b4591197afc56d253,spotlight_PROLIFIC,,31,Mexico,Spanish,N/A,,Spanish:75|English:25,100,Spanish:60|English:40,100,Spanish:90|English:10,100,29,0,Bachelor's,10,10,10,2,3,8,18,30,25,29,,,,,15,25,B1,intermediate|advanced,advanced|intermediate,cambridge_15_21_random_intermediate_advanced,4,20,random,,56.203125,796.796875,96.203125,829.265625,1,10,hover,316.60000002384186,316.60000002384186,0.8070259865255053,0.319921875,106,,,,,,2026-08-16T17:54:38.981Z,K8EF3YCB,2026-08-16,2026-08-16,11:54:38,2026-08-16 11:54:38,,,,,,,,697ab12b4591197afc56d253,697ab12b4591197afc56d253,,,,
3440,raw_position_sample,2,3,adv,25,3,3,4,11, stores. ,846,69,1530694.300000012,697ab12b4591197afc56d253,697ab12b4591197afc56d253,advanced,3,697ab12b4591197afc56d253,697ab12b4591197afc56d253,spotlight_PROLIFIC,,31,Mexico,Spanish,N/A,,Spanish:75|English:25,100,Spanish:60|English:40,100,Spanish:90|English:10,100,29,0,Bachelor's,10,10,10,2,3,8,18,30,25,29,,,,,15,25,B1,intermediate|advanced,advanced|intermediate,cambridge_15_21_random_intermediate_advanced,4,20,random,,64.203125,829.265625,88.203125,890.640625,1,11,,,,,,,,,,,,2026-08-16T17:54:38.981Z,K8EF3YCB,2026-08-16,2026-08-16,11:54:38,2026-08-16 11:54:38,,,,,,,,697ab12b4591197afc56d253,697ab12b4591197afc56d253,,,,
3487,raw_position_sample,2,3,adv,25,3,3,4,11, stores. ,863,69,1530742.0999999642,697ab12b4591197afc56d253,697ab12b4591197afc56d253,advanced,3,697ab12b4591197afc56d253,697ab12b4591197afc56d253,spotlight_PROLIFIC,,31,Mexico,Spanish,N/A,,Spanish:75|English:25,100,Spanish:60|English:40,100,Spanish:90|English:10,100,29,0,Bachelor's,10,10,10,2,3,8,18,30,25,29,,,,,15,25,B1,intermediate|advanced,advanced|intermediate,cambridge_15_21_random_intermediate_advanced,4,20,random,,64.203125,829.265625,88.203125,890.640625,1,11,,,,,,,,,,,,2026-08-16T17:54:38.981Z,K8EF3YCB,2026-08-16,2026-08-16,11:54:38,2026-08-16 11:54:38,,,,,,,,697ab12b4591197afc56d253,697ab12b4591197afc56d253,,,,
3538,raw_position_sample,2,3,adv,25,3,3,4,11, stores. ,869,69,1530792.5,697ab12b4591197afc56d253,697ab12b4591197afc56d253,advanced,3,697ab12b4591197afc56d253,697ab12b4591197afc56d253,spotlight_PROLIFIC,,31,Mexico,Spanish,N/A,,Spanish:75|English:25,100,Spanish:60|English:40,100,Spanish:90|English:10,100,29,0,Bachelor's,10,10,10,2,3,8,18,30,25,29,,,,,15,25,B1,intermediate|advanced,advanced|intermediate,cambridge_15_21_random_intermediate_advanced,4,20,random,,64.203125,829.265625,88.203125,890.640625,1,11,,,,,,,,,,,,2026-08-16T17:54:38.981Z,K8EF3YCB,2026-08-16,2026-08-16,11:54:38,2026-08-16 11:54:38,,,,,,,,697ab12b4591197afc56d253,697ab12b4591197afc56d253,,,,
3587,raw_position_sample,2,3,adv,25,3,3,4,11, stores. ,874,69,1530842,697ab12b4591197afc56d253,697ab12b4591197afc56d253,advanced,3,697ab12b4591197afc56d253,697ab12b4591197afc56d253,spotlight_PROLIFIC,,31,Mexico,Spanish,N/A,,Spanish:75|English:25,100,Spanish:60|English:40,100,Spanish:90|English:10,100,29,0,Bachelor's,10,10,10,2,3,8,18,30,25,29,,,,,15,25,B1,intermediate|advanced,advanced|intermediate,cambridge_15_21_random_intermediate_advanced,4,20,random,,64.203125,829.265625,88.203125,890.640625,1,11,,,,,,,,,,,,2026-08-16T17:54:38.981Z,K8EF3YCB,2026-08-16,2026-08-16,11:54:38,2026-08-16 11:54:38,,,,,,,,697ab12b4591197afc56d253,697ab12b4591197afc56d253,,,,
3637,raw_position_sample,2,3,adv,25,3,3,4,11, stores. ,874,69,1530891.199999988,697ab12b4591197afc56d253,697ab12b4591197afc56d253,advanced,3,697ab12b4591197afc56d253,697ab12b4591197afc56d253,spotlight_PROLIFIC,,31,Mexico,Spanish,N/A,,Spanish:75|English:25,100,Spanish:60|English:40,100,Spanish:90|English:10,100,29,0,Bachelor's,10,10,10,2,3,8,18,30,25,29,,,,,15,25,B1,intermediate|advanced,advanced|intermediate,cambridge_15_21_random_intermediate_advanced,4,20,random,,64.203125,829.265625,88.203125,890.640625,1,11,,,,,,,,,,,,2026-08-16T17:54:38.981Z,K8EF3YCB,2026-08-16,2026-08-16,11:54:38,2026-08-16 11:54:38,,,,,,,,697ab12b4591197afc56d253,697ab12b4591197afc56d253,,,,
3683,hover_association,2,3,adv,25,3,3,4,11, stores. ,831,69,,697ab12b4591197afc56d253,697ab12b4591197afc56d253,advanced,3,697ab12b4591197afc56d253,697ab12b4591197afc56d253,spotlight_PROLIFIC,,31,Mexico,Spanish,N/A,,Spanish:75|English:25,100,Spanish:60|English:40,100,Spanish:90|English:10,100,29,0,Bachelor's,10,10,10,2,3,8,18,30,25,29,,,,,15,25,B1,intermediate|advanced,advanced|intermediate,cambridge_15_21_random_intermediate_advanced,4,20,random,,56.203125,829.265625,96.203125,890.640625,1,11,hover,283.39999997615814,283.39999997615814,0.27265784114052954,0.419921875,106,,,,,,2026-08-16T17:54:38.981Z,K8EF3YCB,2026-08-16,2026-08-16,11:54:38,2026-08-16 11:54:38,,,,,,,,697ab12b4591197afc56d253,697ab12b4591197afc56d253,,,,
3688,raw_position_sample,2,3,adv,25,3,3,4,10, the ,822,79,1530942.8999999762,697ab12b4591197afc56d253,697ab12b4591197afc56d253,advanced,3,697ab12b4591197afc56d253,697ab12b4591197afc56d253,spotlight_PROLIFIC,,31,Mexico,Spanish,N/A,,Spanish:75|English:25,100,Spanish:60|English:40,100,Spanish:90|English:10,100,29,0,Bachelor's,10,10,10,2,3,8,18,30,25,29,,,,,15,25,B1,intermediate|advanced,advanced|intermediate,cambridge_15_21_random_intermediate_advanced,4,20,random,,64.203125,796.796875,88.203125,829.265625,1,10,,,,,,,,,,,,2026-08-16T17:54:38.981Z,K8EF3YCB,2026-08-16,2026-08-16,11:54:38,2026-08-16 11:54:38,,,,,,,,697ab12b4591197afc56d253,697ab12b4591197afc56d253,,,,
3699,hover_association,2,3,adv,25,3,3,4,10, the ,822,79,,697ab12b4591197afc56d253,697ab12b4591197afc56d253,advanced,3,697ab12b4591197afc56d253,697ab12b4591197afc56d253,spotlight_PROLIFIC,,31,Mexico,Spanish,N/A,,Spanish:75|English:25,100,Spanish:60|English:40,100,Spanish:90|English:10,100,29,0,Bachelor's,10,10,10,2,3,8,18,30,25,29,,,,,15,25,B1,intermediate|advanced,advanced|intermediate,cambridge_15_21_random_intermediate_advanced,4,20,random,,56.203125,796.796875,96.203125,829.265625,1,10,hover,16.5,16.5,0.7762271414821944,0.569921875,106,,,,,,2026-08-16T17:54:38.981Z,K8EF3YCB,2026-08-16,2026-08-16,11:54:38,2026-08-16 11:54:38,,,,,,,,697ab12b4591197afc56d253,697ab12b4591197afc56d253,,,,
3716,hover_association,2,3,adv,25,3,3,4,9, in ,796,82,,697ab12b4591197afc56d253,697ab12b4591197afc56d253,advanced,3,697ab12b4591197afc56d253,697ab12b4591197afc56d253,spotlight_PROLIFIC,,31,Mexico,Spanish,N/A,,Spanish:75|English:25,100,Spanish:60|English:40,100,Spanish:90|English:10,100,29,0,Bachelor's,10,10,10,2,3,8,18,30,25,29,,,,,15,25,B1,intermediate|advanced,advanced|intermediate,cambridge_15_21_random_intermediate_advanced,4,20,random,,56.203125,776.34375,96.203125,796.796875,1,9,hover,16.69999998807907,16.69999998807907,0.961038961038961,0.644921875,106,,,,,,2026-08-16T17:54:38.981Z,K8EF3YCB,2026-08-16,2026-08-16,11:54:38,2026-08-16 11:54:38,,,,,,,,697ab12b4591197afc56d253,697ab12b4591197afc56d253,,,,
3733,hover_association,2,3,adv,25,3,3,4,8, spend ,762,82,,697ab12b4591197afc56d253,697ab12b4591197afc56d253,advanced,3,697ab12b4591197afc56d253,697ab12b4591197afc56d253,spotlight_PROLIFIC,,31,Mexico,Spanish,N/A,,Spanish:75|English:25,100,Spanish:60|English:40,100,Spanish:90|English:10,100,29,0,Bachelor's,10,10,10,2,3,8,18,30,25,29,,,,,15,25,B1,intermediate|advanced,advanced|intermediate,cambridge_15_21_random_intermediate_advanced,4,20,random,,56.203125,719.625,96.203125,776.34375,1,8,hover,16.700000047683716,16.700000047683716,0.7471074380165289,0.644921875,106,,,,,,2026-08-16T17:54:38.981Z,K8EF3YCB,2026-08-16,2026-08-16,11:54:38,2026-08-16 11:54:38,,,,,,,,697ab12b4591197afc56d253,697ab12b4591197afc56d253,,,,
3737,raw_position_sample,2,3,adv,25,3,3,4,7, they ,717,82,1530991.699999988,697ab12b4591197afc56d253,697ab12b4591197afc56d253,advanced,3,697ab12b4591197afc56d253,697ab12b4591197afc56d253,spotlight_PROLIFIC,,31,Mexico,Spanish,N/A,,Spanish:75|English:25,100,Spanish:60|English:40,100,Spanish:90|English:10,100,29,0,Bachelor's,10,10,10,2,3,8,18,30,25,29,,,,,15,25,B1,intermediate|advanced,advanced|intermediate,cambridge_15_21_random_intermediate_advanced,4,20,random,,64.203125,678.34375,88.203125,719.625,1,7,,,,,,,,,,,,2026-08-16T17:54:38.981Z,K8EF3YCB,2026-08-16,2026-08-16,11:54:38,2026-08-16 11:54:38,,,,,,,,697ab12b4591197afc56d253,697ab12b4591197afc56d253,,,,
3766,hover_association,2,3,adv,25,3,3,4,7, they ,717,82,,697ab12b4591197afc56d253,697ab12b4591197afc56d253,advanced,3,697ab12b4591197afc56d253,697ab12b4591197afc56d253,spotlight_PROLIFIC,,31,Mexico,Spanish,N/A,,Spanish:75|English:25,100,Spanish:60|English:40,100,Spanish:90|English:10,100,29,0,Bachelor's,10,10,10,2,3,8,18,30,25,29,,,,,15,25,B1,intermediate|advanced,advanced|intermediate,cambridge_15_21_random_intermediate_advanced,4,20,random,,56.203125,678.34375,96.203125,719.625,1,7,hover,33.39999997615814,33.39999997615814,0.3308099924299773,0.644921875,106,,,,,,2026-08-16T17:54:38.981Z,K8EF3YCB,2026-08-16,2026-08-16,11:54:38,2026-08-16 11:54:38,,,,,,,,697ab12b4591197afc56d253,697ab12b4591197afc56d253,,,,
3789,raw_position_sample,2,3,adv,25,3,3,4,6, money ,652,75,1531043.300000012,697ab12b4591197afc56d253,697ab12b4591197afc56d253,advanced,3,697ab12b4591197afc56d253,697ab12b4591197afc56d253,spotlight_PROLIFIC,,31,Mexico,Spanish,N/A,,Spanish:75|English:25,100,Spanish:60|English:40,100,Spanish:90|English:10,100,29,0,Bachelor's,10,10,10,2,3,8,18,30,25,29,,,,,15,25,B1,intermediate|advanced,advanced|intermediate,cambridge_15_21_random_intermediate_advanced,4,20,random,,64.203125,615.84375,88.203125,678.34375,1,6,,,,,,,,,,,,2026-08-16T17:54:38.981Z,K8EF3YCB,2026-08-16,2026-08-16,11:54:38,2026-08-16 11:54:38,,,,,,,,697ab12b4591197afc56d253,697ab12b4591197afc56d253,,,,
3833,hover_association,2,3,adv,25,3,3,4,6, money ,670,79,,697ab12b4591197afc56d253,697ab12b4591197afc56d253,advanced,3,697ab12b4591197afc56d253,697ab12b4591197afc56d253,spotlight_PROLIFIC,,31,Mexico,Spanish,N/A,,Spanish:75|English:25,100,Spanish:60|English:40,100,Spanish:90|English:10,100,29,0,Bachelor's,10,10,10,2,3,8,18,30,25,29,,,,,15,25,B1,intermediate|advanced,advanced|intermediate,cambridge_15_21_random_intermediate_advanced,4,20,random,,56.203125,615.84375,96.203125,678.34375,1,6,hover,66.60000002384186,66.60000002384186,0.1305,0.294921875,106,,,,,,2026-08-16T17:54:38.981Z,K8EF3YCB,2026-08-16,2026-08-16,11:54:38,2026-08-16 11:54:38,,,,,,,,697ab12b4591197afc56d253,697ab12b4591197afc56d253,,,,
3838,raw_position_sample,2,3,adv,25,3,3,4,5, any ,610,64,1531092.199999988,697ab12b4591197afc56d253,697ab12b4591197afc56d253,advanced,3,697ab12b4591197afc56d253,697ab12b4591197afc56d253,spotlight_PROLIFIC,,31,Mexico,Spanish,N/A,,Spanish:75|English:25,100,Spanish:60|English:40,100,Spanish:90|English:10,100,29,0,Bachelor's,10,10,10,2,3,8,18,30,25,29,,,,,15,25,B1,intermediate|advanced,advanced|intermediate,cambridge_15_21_random_intermediate_advanced,4,20,random,,64.203125,580.75,88.203125,615.84375,1,5,,,,,,,,,,,,2026-08-16T17:54:38.981Z,K8EF3YCB,2026-08-16,2026-08-16,11:54:38,2026-08-16 11:54:38,,,,,,,,697ab12b4591197afc56d253,697ab12b4591197afc56d253,,,,
3887,raw_position_sample,2,3,adv,25,3,3,4,5, any ,593,62,1531141.300000012,697ab12b4591197afc56d253,697ab12b4591197afc56d253,advanced,3,697ab12b4591197afc56d253,697ab12b4591197afc56d253,spotlight_PROLIFIC,,31,Mexico,Spanish,N/A,,Spanish:75|English:25,100,Spanish:60|English:40,100,Spanish:90|English:10,100,29,0,Bachelor's,10,10,10,2,3,8,18,30,25,29,,,,,15,25,B1,intermediate|advanced,advanced|intermediate,cambridge_15_21_random_intermediate_advanced,4,20,random,,64.203125,580.75,88.203125,615.84375,1,5,,,,,,,,,,,,2026-08-16T17:54:38.981Z,K8EF3YCB,2026-08-16,2026-08-16,11:54:38,2026-08-16 11:54:38,,,,,,,,697ab12b4591197afc56d253,697ab12b4591197afc56d253,,,,
3937,raw_position_sample,2,3,adv,25,3,3,4,5, any ,590,62,1531192.0999999642,697ab12b4591197afc56d253,697ab12b4591197afc56d253,advanced,3,697ab12b4591197afc56d253,697ab12b4591197afc56d253,spotlight_PROLIFIC,,31,Mexico,Spanish,N/A,,Spanish:75|English:25,100,Spanish:60|English:40,100,Spanish:90|English:10,100,29,0,Bachelor's,10,10,10,2,3,8,18,30,25,29,,,,,15,25,B1,intermediate|advanced,advanced|intermediate,cambridge_15_21_random_intermediate_advanced,4,20,random,,64.203125,580.75,88.203125,615.84375,1,5,,,,,,,,,,,,2026-08-16T17:54:38.981Z,K8EF3YCB,2026-08-16,2026-08-16,11:54:38,2026-08-16 11:54:38,,,,,,,,697ab12b4591197afc56d253,697ab12b4591197afc56d253,,,,
3999,raw_position_sample,2,3,adv,25,3,3,4,5, any ,589,62,1531253.300000012,697ab12b4591197afc56d253,697ab12b4591197afc56d253,advanced,3,697ab12b4591197afc56d253,697ab12b4591197afc56d253,spotlight_PROLIFIC,,31,Mexico,Spanish,N/A,,Spanish:75|English:25,100,Spanish:60|English:40,100,Spanish:90|English:10,100,29,0,Bachelor's,10,10,10,2,3,8,18,30,25,29,,,,,15,25,B1,intermediate|advanced,advanced|intermediate,cambridge_15_21_random_intermediate_advanced,4,20,random,,64.203125,580.75,88.203125,615.84375,1,5,,,,,,,,,,,,2026-08-16T17:54:38.981Z,K8EF3YCB,2026-08-16,2026-08-16,11:54:38,2026-08-16 11:54:38,,,,,,,,697ab12b4591197afc56d253,697ab12b4591197afc56d253,,,,
4050,raw_position_sample,2,3,adv,25,3,3,4,5, any ,589,62,1531304.199999988,697ab12b4591197afc56d253,697ab12b4591197afc56d253,advanced,3,697ab12b4591197afc56d253,697ab12b4591197afc56d253,spotlight_PROLIFIC,,31,Mexico,Spanish,N/A,,Spanish:75|English:25,100,Spanish:60|English:40,100,Spanish:90|English:10,100,29,0,Bachelor's,10,10,10,2,3,8,18,30,25,29,,,,,15,25,B1,intermediate|advanced,advanced|intermediate,cambridge_15_21_random_intermediate_advanced,4,20,random,,64.203125,580.75,88.203125,615.84375,1,5,,,,,,,,,,,,2026-08-16T17:54:38.981Z,K8EF3YCB,2026-08-16,2026-08-16,11:54:38,2026-08-16 11:54:38,,,,,,,,697ab12b4591197afc56d253,697ab12b4591197afc56d253,,,,
4097,raw_position_sample,2,3,adv,25,3,3,4,5, any ,589,62,1531351.8999999762,697ab12b4591197afc56d253,697ab12b4591197afc56d253,advanced,3,697ab12b4591197afc56d253,697ab12b4591197afc56d253,spotlight_PROLIFIC,,31,Mexico,Spanish,N/A,,Spanish:75|English:25,100,Spanish:60|English:40,100,Spanish:90|English:10,100,29,0,Bachelor's,10,10,10,2,3,8,18,30,25,29,,,,,15,25,B1,intermediate|advanced,advanced|intermediate,cambridge_15_21_random_intermediate_advanced,4,20,random,,64.203125,580.75,88.203125,615.84375,1,5,,,,,,,,,,,,2026-08-16T17:54:38.981Z,K8EF3YCB,2026-08-16,2026-08-16,11:54:38,2026-08-16 11:54:38,,,,,,,,697ab12b4591197afc56d253,697ab12b4591197afc56d253,,,,
4137,raw_position_sample,2,3,adv,25,3,3,4,5, any ,592,64,1531391.199999988,697ab12b4591197afc56d253,697ab12b4591197afc56d253,advanced,3,697ab12b4591197afc56d253,697ab12b4591197afc56d253,spotlight_PROLIFIC,,31,Mexico,Spanish,N/A,,Spanish:75|English:25,100,Spanish:60|English:40,100,Spanish:90|English:10,100,29,0,Bachelor's,10,10,10,2,3,8,18,30,25,29,,,,,15,25,B1,intermediate|advanced,advanced|intermediate,cambridge_15_21_random_intermediate_advanced,4,20,random,,64.203125,580.75,88.203125,615.84375,1,5,,,,,,,,,,,,2026-08-16T17:54:38.981Z,K8EF3YCB,2026-08-16,2026-08-16,11:54:38,2026-08-16 11:54:38,,,,,,,,697ab12b4591197afc56d253,697ab12b4591197afc56d253,,,,
4183,hover_association,2,3,adv,25,3,3,4,5, any ,610,64,,697ab12b4591197afc56d253,697ab12b4591197afc56d253,advanced,3,697ab12b4591197afc56d253,697ab12b4591197afc56d253,spotlight_PROLIFIC,,31,Mexico,Spanish,N/A,,Spanish:75|English:25,100,Spanish:60|English:40,100,Spanish:90|English:10,100,29,0,Bachelor's,10,10,10,2,3,8,18,30,25,29,,,,,15,25,B1,intermediate|advanced,advanced|intermediate,cambridge_15_21_random_intermediate_advanced,4,20,random,,56.203125,580.75,96.203125,615.84375,1,5,hover,350,350,0.918967052537845,0.319921875,106,,,,,,2026-08-16T17:54:38.981Z,K8EF3YCB,2026-08-16,2026-08-16,11:54:38,2026-08-16 11:54:38,,,,,,,,697ab12b4591197afc56d253,697ab12b4591197afc56d253,,,,
4188,raw_position_sample,2,3,adv,25,3,3,4,6, money ,630,74,1531442.800000012,697ab12b4591197afc56d253,697ab12b4591197afc56d253,advanced,3,697ab12b4591197afc56d253,697ab12b4591197afc56d253,spotlight_PROLIFIC,,31,Mexico,Spanish,N/A,,Spanish:75|English:25,100,Spanish:60|English:40,100,Spanish:90|English:10,100,29,0,Bachelor's,10,10,10,2,3,8,18,30,25,29,,,,,15,25,B1,intermediate|advanced,advanced|intermediate,cambridge_15_21_random_intermediate_advanced,4,20,random,,64.203125,615.84375,88.203125,678.34375,1,6,,,,,,,,,,,,2026-08-16T17:54:38.981Z,K8EF3YCB,2026-08-16,2026-08-16,11:54:38,2026-08-16 11:54:38,,,,,,,,697ab12b4591197afc56d253,697ab12b4591197afc56d253,,,,
4233,hover_association,2,3,adv,25,3,3,4,6, money ,630,74,,697ab12b4591197afc56d253,697ab12b4591197afc56d253,advanced,3,697ab12b4591197afc56d253,697ab12b4591197afc56d253,spotlight_PROLIFIC,,31,Mexico,Spanish,N/A,,Spanish:75|English:25,100,Spanish:60|English:40,100,Spanish:90|English:10,100,29,0,Bachelor's,10,10,10,2,3,8,18,30,25,29,,,,,15,25,B1,intermediate|advanced,advanced|intermediate,cambridge_15_21_random_intermediate_advanced,4,20,random,,56.203125,615.84375,96.203125,678.34375,1,6,hover,50,50,0.9305,0.544921875,106,,,,,,2026-08-16T17:54:38.981Z,K8EF3YCB,2026-08-16,2026-08-16,11:54:38,2026-08-16 11:54:38,,,,,,,,697ab12b4591197afc56d253,697ab12b4591197afc56d253,,,,
4238,raw_position_sample,2,3,adv,25,3,3,4,7, they ,700,80,1531492.199999988,697ab12b4591197afc56d253,697ab12b4591197afc56d253,advanced,3,697ab12b4591197afc56d253,697ab12b4591197afc56d253,spotlight_PROLIFIC,,31,Mexico,Spanish,N/A,,Spanish:75|English:25,100,Spanish:60|English:40,100,Spanish:90|English:10,100,29,0,Bachelor's,10,10,10,2,3,8,18,30,25,29,,,,,15,25,B1,intermediate|advanced,advanced|intermediate,cambridge_15_21_random_intermediate_advanced,4,20,random,,64.203125,678.34375,88.203125,719.625,1,7,,,,,,,,,,,,2026-08-16T17:54:38.981Z,K8EF3YCB,2026-08-16,2026-08-16,11:54:38,2026-08-16 11:54:38,,,,,,,,697ab12b4591197afc56d253,697ab12b4591197afc56d253,,,,
4283,hover_association,2,3,adv,25,3,3,4,7, they ,700,80,,697ab12b4591197afc56d253,697ab12b4591197afc56d253,advanced,3,697ab12b4591197afc56d253,697ab12b4591197afc56d253,spotlight_PROLIFIC,,31,Mexico,Spanish,N/A,,Spanish:75|English:25,100,Spanish:60|English:40,100,Spanish:90|English:10,100,29,0,Bachelor's,10,10,10,2,3,8,18,30,25,29,,,,,15,25,B1,intermediate|advanced,advanced|intermediate,cambridge_15_21_random_intermediate_advanced,4,20,random,,56.203125,678.34375,96.203125,719.625,1,7,hover,50.19999998807907,50.19999998807907,0.9848599545798638,0.644921875,106,,,,,,2026-08-16T17:54:38.981Z,K8EF3YCB,2026-08-16,2026-08-16,11:54:38,2026-08-16 11:54:38,,,,,,,,697ab12b4591197afc56d253,697ab12b4591197afc56d253,,,,
4287,raw_position_sample,2,3,adv,25,3,3,4,8, spend ,720,82,1531541.5,697ab12b4591197afc56d253,697ab12b4591197afc56d253,advanced,3,697ab12b4591197afc56d253,697ab12b4591197afc56d253,spotlight_PROLIFIC,,31,Mexico,Spanish,N/A,,Spanish:75|English:25,100,Spanish:60|English:40,100,Spanish:90|English:10,100,29,0,Bachelor's,10,10,10,2,3,8,18,30,25,29,,,,,15,25,B1,intermediate|advanced,advanced|intermediate,cambridge_15_21_random_intermediate_advanced,4,20,random,,64.203125,719.625,88.203125,776.34375,1,8,,,,,,,,,,,,2026-08-16T17:54:38.981Z,K8EF3YCB,2026-08-16,2026-08-16,11:54:38,2026-08-16 11:54:38,,,,,,,,697ab12b4591197afc56d253,697ab12b4591197afc56d253,,,,
4349,raw_position_sample,2,3,adv,25,3,3,4,8, spend ,720,82,1531604,697ab12b4591197afc56d253,697ab12b4591197afc56d253,advanced,3,697ab12b4591197afc56d253,697ab12b4591197afc56d253,spotlight_PROLIFIC,,31,Mexico,Spanish,N/A,,Spanish:75|English:25,100,Spanish:60|English:40,100,Spanish:90|English:10,100,29,0,Bachelor's,10,10,10,2,3,8,18,30,25,29,,,,,15,25,B1,intermediate|advanced,advanced|intermediate,cambridge_15_21_random_intermediate_advanced,4,20,random,,64.203125,719.625,88.203125,776.34375,1,8,,,,,,,,,,,,2026-08-16T17:54:38.981Z,K8EF3YCB,2026-08-16,2026-08-16,11:54:38,2026-08-16 11:54:38,,,,,,,,697ab12b4591197afc56d253,697ab12b4591197afc56d253,,,,
4388,raw_position_sample,2,3,adv,25,3,3,4,8, spend ,721,82,1531643,697ab12b4591197afc56d253,697ab12b4591197afc56d253,advanced,3,697ab12b4591197afc56d253,697ab12b4591197afc56d253,spotlight_PROLIFIC,,31,Mexico,Spanish,N/A,,Spanish:75|English:25,100,Spanish:60|English:40,100,Spanish:90|English:10,100,29,0,Bachelor's,10,10,10,2,3,8,18,30,25,29,,,,,15,25,B1,intermediate|advanced,advanced|intermediate,cambridge_15_21_random_intermediate_advanced,4,20,random,,64.203125,719.625,88.203125,776.34375,1,8,,,,,,,,,,,,2026-08-16T17:54:38.981Z,K8EF3YCB,2026-08-16,2026-08-16,11:54:38,2026-08-16 11:54:38,,,,,,,,697ab12b4591197afc56d253,697ab12b4591197afc56d253,,,,
4438,raw_position_sample,2,3,adv,25,3,3,4,8, spend ,734,82,1531692.800000012,697ab12b4591197afc56d253,697ab12b4591197afc56d253,advanced,3,697ab12b4591197afc56d253,697ab12b4591197afc56d253,spotlight_PROLIFIC,,31,Mexico,Spanish,N/A,,Spanish:75|English:25,100,Spanish:60|English:40,100,Spanish:90|English:10,100,29,0,Bachelor's,10,10,10,2,3,8,18,30,25,29,,,,,15,25,B1,intermediate|advanced,advanced|intermediate,cambridge_15_21_random_intermediate_advanced,4,20,random,,64.203125,719.625,88.203125,776.34375,1,8,,,,,,,,,,,,2026-08-16T17:54:38.981Z,K8EF3YCB,2026-08-16,2026-08-16,11:54:38,2026-08-16 11:54:38,,,,,,,,697ab12b4591197afc56d253,697ab12b4591197afc56d253,,,,
4489,raw_position_sample,2,3,adv,25,3,3,4,8, spend ,753,82,1531743.300000012,697ab12b4591197afc56d253,697ab12b4591197afc56d253,advanced,3,697ab12b4591197afc56d253,697ab12b4591197afc56d253,spotlight_PROLIFIC,,31,Mexico,Spanish,N/A,,Spanish:75|English:25,100,Spanish:60|English:40,100,Spanish:90|English:10,100,29,0,Bachelor's,10,10,10,2,3,8,18,30,25,29,,,,,15,25,B1,intermediate|advanced,advanced|intermediate,cambridge_15_21_random_intermediate_advanced,4,20,random,,64.203125,719.625,88.203125,776.34375,1,8,,,,,,,,,,,,2026-08-16T17:54:38.981Z,K8EF3YCB,2026-08-16,2026-08-16,11:54:38,2026-08-16 11:54:38,,,,,,,,697ab12b4591197afc56d253,697ab12b4591197afc56d253,,,,
4537,raw_position_sample,2,3,adv,25,3,3,4,8, spend ,776,80,1531791.3999999762,697ab12b4591197afc56d253,697ab12b4591197afc56d253,advanced,3,697ab12b4591197afc56d253,697ab12b4591197afc56d253,spotlight_PROLIFIC,,31,Mexico,Spanish,N/A,,Spanish:75|English:25,100,Spanish:60|English:40,100,Spanish:90|English:10,100,29,0,Bachelor's,10,10,10,2,3,8,18,30,25,29,,,,,15,25,B1,intermediate|advanced,advanced|intermediate,cambridge_15_21_random_intermediate_advanced,4,20,random,,64.203125,719.625,88.203125,776.34375,1,8,,,,,,,,,,,,2026-08-16T17:54:38.981Z,K8EF3YCB,2026-08-16,2026-08-16,11:54:38,2026-08-16 11:54:38,,,,,,,,697ab12b4591197afc56d253,697ab12b4591197afc56d253,,,,
4549,hover_association,2,3,adv,25,3,3,4,8, spend ,720,82,,697ab12b4591197afc56d253,697ab12b4591197afc56d253,advanced,3,697ab12b4591197afc56d253,697ab12b4591197afc56d253,spotlight_PROLIFIC,,31,Mexico,Spanish,N/A,,Spanish:75|English:25,100,Spanish:60|English:40,100,Spanish:90|English:10,100,29,0,Bachelor's,10,10,10,2,3,8,18,30,25,29,,,,,15,25,B1,intermediate|advanced,advanced|intermediate,cambridge_15_21_random_intermediate_advanced,4,20,random,,56.203125,719.625,96.203125,776.34375,1,8,hover,266.30000001192093,266.30000001192093,0.9939393939393939,0.594921875,106,,,,,,2026-08-16T17:54:38.981Z,K8EF3YCB,2026-08-16,2026-08-16,11:54:38,2026-08-16 11:54:38,,,,,,,,697ab12b4591197afc56d253,697ab12b4591197afc56d253,,,,
4582,hover_association,2,3,adv,25,3,3,4,9, in ,783,79,,697ab12b4591197afc56d253,697ab12b4591197afc56d253,advanced,3,697ab12b4591197afc56d253,697ab12b4591197afc56d253,spotlight_PROLIFIC,,31,Mexico,Spanish,N/A,,Spanish:75|English:25,100,Spanish:60|English:40,100,Spanish:90|English:10,100,29,0,Bachelor's,10,10,10,2,3,8,18,30,25,29,,,,,15,25,B1,intermediate|advanced,advanced|intermediate,cambridge_15_21_random_intermediate_advanced,4,20,random,,56.203125,776.34375,96.203125,796.796875,1,9,hover,33.39999997615814,33.39999997615814,0.7654698242933538,0.494921875,106,,,,,,2026-08-16T17:54:38.981Z,K8EF3YCB,2026-08-16,2026-08-16,11:54:38,2026-08-16 11:54:38,,,,,,,,697ab12b4591197afc56d253,697ab12b4591197afc56d253,,,,
4587,raw_position_sample,2,3,adv,25,3,3,4,10, the ,799,73,1531842.0999999642,697ab12b4591197afc56d253,697ab12b4591197afc56d253,advanced,3,697ab12b4591197afc56d253,697ab12b4591197afc56d253,spotlight_PROLIFIC,,31,Mexico,Spanish,N/A,,Spanish:75|English:25,100,Spanish:60|English:40,100,Spanish:90|English:10,100,29,0,Bachelor's,10,10,10,2,3,8,18,30,25,29,,,,,15,25,B1,intermediate|advanced,advanced|intermediate,cambridge_15_21_random_intermediate_advanced,4,20,random,,64.203125,796.796875,88.203125,829.265625,1,10,,,,,,,,,,,,2026-08-16T17:54:38.981Z,K8EF3YCB,2026-08-16,2026-08-16,11:54:38,2026-08-16 11:54:38,,,,,,,,697ab12b4591197afc56d253,697ab12b4591197afc56d253,,,,
4632,hover_association,2,3,adv,25,3,3,4,10, the ,799,73,,697ab12b4591197afc56d253,697ab12b4591197afc56d253,advanced,3,697ab12b4591197afc56d253,697ab12b4591197afc56d253,spotlight_PROLIFIC,,31,Mexico,Spanish,N/A,,Spanish:75|English:25,100,Spanish:60|English:40,100,Spanish:90|English:10,100,29,0,Bachelor's,10,10,10,2,3,8,18,30,25,29,,,,,15,25,B1,intermediate|advanced,advanced|intermediate,cambridge_15_21_random_intermediate_advanced,4,20,random,,56.203125,796.796875,96.203125,829.265625,1,10,hover,49.89999997615814,49.89999997615814,0.06785370548604427,0.419921875,106,,,,,,2026-08-16T17:54:38.981Z,K8EF3YCB,2026-08-16,2026-08-16,11:54:38,2026-08-16 11:54:38,,,,,,,,697ab12b4591197afc56d253,697ab12b4591197afc56d253,,,,
4638,raw_position_sample,2,3,adv,25,3,3,4,9, in ,796,73,1531892.5999999642,697ab12b4591197afc56d253,697ab12b4591197afc56d253,advanced,3,697ab12b4591197afc56d253,697ab12b4591197afc56d253,spotlight_PROLIFIC,,31,Mexico,Spanish,N/A,,Spanish:75|English:25,100,Spanish:60|English:40,100,Spanish:90|English:10,100,29,0,Bachelor's,10,10,10,2,3,8,18,30,25,29,,,,,15,25,B1,intermediate|advanced,advanced|intermediate,cambridge_15_21_random_intermediate_advanced,4,20,random,,64.203125,776.34375,88.203125,796.796875,1,9,,,,,,,,,,,,2026-08-16T17:54:38.981Z,K8EF3YCB,2026-08-16,2026-08-16,11:54:38,2026-08-16 11:54:38,,,,,,,,697ab12b4591197afc56d253,697ab12b4591197afc56d253,,,,
4649,hover_association,2,3,adv,25,3,3,4,9, in ,796,73,,697ab12b4591197afc56d253,697ab12b4591197afc56d253,advanced,3,697ab12b4591197afc56d253,697ab12b4591197afc56d253,spotlight_PROLIFIC,,31,Mexico,Spanish,N/A,,Spanish:75|English:25,100,Spanish:60|English:40,100,Spanish:90|English:10,100,29,0,Bachelor's,10,10,10,2,3,8,18,30,25,29,,,,,15,25,B1,intermediate|advanced,advanced|intermediate,cambridge_15_21_random_intermediate_advanced,4,20,random,,56.203125,776.34375,96.203125,796.796875,1,9,hover,16.700000047683716,16.700000047683716,0.961038961038961,0.419921875,106,,,,,,2026-08-16T17:54:38.981Z,K8EF3YCB,2026-08-16,2026-08-16,11:54:38,2026-08-16 11:54:38,,,,,,,,697ab12b4591197afc56d253,697ab12b4591197afc56d253,,,,
4683,hover_association,2,3,adv,25,3,3,4,8, spend ,773,76,,697ab12b4591197afc56d253,697ab12b4591197afc56d253,advanced,3,697ab12b4591197afc56d253,697ab12b4591197afc56d253,spotlight_PROLIFIC,,31,Mexico,Spanish,N/A,,Spanish:75|English:25,100,Spanish:60|English:40,100,Spanish:90|English:10,100,29,0,Bachelor's,10,10,10,2,3,8,18,30,25,29,,,,,15,25,B1,intermediate|advanced,advanced|intermediate,cambridge_15_21_random_intermediate_advanced,4,20,random,,56.203125,719.625,96.203125,776.34375,1,8,hover,33.5,33.5,0.2534435261707989,0.594921875,106,,,,,,2026-08-16T17:54:38.981Z,K8EF3YCB,2026-08-16,2026-08-16,11:54:38,2026-08-16 11:54:38,,,,,,,,697ab12b4591197afc56d253,697ab12b4591197afc56d253,,,,
4688,raw_position_sample,2,3,adv,25,3,3,4,7, they ,689,80,1531942.5999999642,697ab12b4591197afc56d253,697ab12b4591197afc56d253,advanced,3,697ab12b4591197afc56d253,697ab12b4591197afc56d253,spotlight_PROLIFIC,,31,Mexico,Spanish,N/A,,Spanish:75|English:25,100,Spanish:60|English:40,100,Spanish:90|English:10,100,29,0,Bachelor's,10,10,10,2,3,8,18,30,25,29,,,,,15,25,B1,intermediate|advanced,advanced|intermediate,cambridge_15_21_random_intermediate_advanced,4,20,random,,64.203125,678.34375,88.203125,719.625,1,7,,,,,,,,,,,,2026-08-16T17:54:38.981Z,K8EF3YCB,2026-08-16,2026-08-16,11:54:38,2026-08-16 11:54:38,,,,,,,,697ab12b4591197afc56d253,697ab12b4591197afc56d253,,,,
4699,hover_association,2,3,adv,25,3,3,4,7, they ,689,80,,697ab12b4591197afc56d253,697ab12b4591197afc56d253,advanced,3,697ab12b4591197afc56d253,697ab12b4591197afc56d253,spotlight_PROLIFIC,,31,Mexico,Spanish,N/A,,Spanish:75|English:25,100,Spanish:60|English:40,100,Spanish:90|English:10,100,29,0,Bachelor's,10,10,10,2,3,8,18,30,25,29,,,,,15,25,B1,intermediate|advanced,advanced|intermediate,cambridge_15_21_random_intermediate_advanced,4,20,random,,56.203125,678.34375,96.203125,719.625,1,7,hover,16.5,16.5,0.25813777441332325,0.594921875,106,,,,,,2026-08-16T17:54:38.981Z,K8EF3YCB,2026-08-16,2026-08-16,11:54:38,2026-08-16 11:54:38,,,,,,,,697ab12b4591197afc56d253,697ab12b4591197afc56d253,,,,
4737,raw_position_sample,2,3,adv,25,3,3,4,6, money ,618,80,1531991.3999999762,697ab12b4591197afc56d253,697ab12b4591197afc56d253,advanced,3,697ab12b4591197afc56d253,697ab12b4591197afc56d253,spotlight_PROLIFIC,,31,Mexico,Spanish,N/A,,Spanish:75|English:25,100,Spanish:60|English:40,100,Spanish:90|English:10,100,29,0,Bachelor's,10,10,10,2,3,8,18,30,25,29,,,,,15,25,B1,intermediate|advanced,advanced|intermediate,cambridge_15_21_random_intermediate_advanced,4,20,random,,64.203125,615.84375,88.203125,678.34375,1,6,,,,,,,,,,,,2026-08-16T17:54:38.981Z,K8EF3YCB,2026-08-16,2026-08-16,11:54:38,2026-08-16 11:54:38,,,,,,,,697ab12b4591197afc56d253,697ab12b4591197afc56d253,,,,
4749,hover_association,2,3,adv,25,3,3,4,6, money ,659,80,,697ab12b4591197afc56d253,697ab12b4591197afc56d253,advanced,3,697ab12b4591197afc56d253,697ab12b4591197afc56d253,spotlight_PROLIFIC,,31,Mexico,Spanish,N/A,,Spanish:75|English:25,100,Spanish:60|English:40,100,Spanish:90|English:10,100,29,0,Bachelor's,10,10,10,2,3,8,18,30,25,29,,,,,15,25,B1,intermediate|advanced,advanced|intermediate,cambridge_15_21_random_intermediate_advanced,4,20,random,,56.203125,615.84375,96.203125,678.34375,1,6,hover,50,50,0.0345,0.594921875,106,,,,,,2026-08-16T17:54:38.981Z,K8EF3YCB,2026-08-16,2026-08-16,11:54:38,2026-08-16 11:54:38,,,,,,,,697ab12b4591197afc56d253,697ab12b4591197afc56d253,,,,
4787,raw_position_sample,2,3,adv,25,3,3,4,5, any ,601,80,1532041.5999999642,697ab12b4591197afc56d253,697ab12b4591197afc56d253,advanced,3,697ab12b4591197afc56d253,697ab12b4591197afc56d253,spotlight_PROLIFIC,,31,Mexico,Spanish,N/A,,Spanish:75|English:25,100,Spanish:60|English:40,100,Spanish:90|English:10,100,29,0,Bachelor's,10,10,10,2,3,8,18,30,25,29,,,,,15,25,B1,intermediate|advanced,advanced|intermediate,cambridge_15_21_random_intermediate_advanced,4,20,random,,64.203125,580.75,88.203125,615.84375,1,5,,,,,,,,,,,,2026-08-16T17:54:38.981Z,K8EF3YCB,2026-08-16,2026-08-16,11:54:38,2026-08-16 11:54:38,,,,,,,,697ab12b4591197afc56d253,697ab12b4591197afc56d253,,,,
4837,raw_position_sample,2,3,adv,25,3,3,4,5, any ,598,80,1532091.199999988,697ab12b4591197afc56d253,697ab12b4591197afc56d253,advanced,3,697ab12b4591197afc56d253,697ab12b4591197afc56d253,spotlight_PROLIFIC,,31,Mexico,Spanish,N/A,,Spanish:75|English:25,100,Spanish:60|English:40,100,Spanish:90|English:10,100,29,0,Bachelor's,10,10,10,2,3,8,18,30,25,29,,,,,15,25,B1,intermediate|advanced,advanced|intermediate,cambridge_15_21_random_intermediate_advanced,4,20,random,,64.203125,580.75,88.203125,615.84375,1,5,,,,,,,,,,,,2026-08-16T17:54:38.981Z,K8EF3YCB,2026-08-16,2026-08-16,11:54:38,2026-08-16 11:54:38,,,,,,,,697ab12b4591197afc56d253,697ab12b4591197afc56d253,,,,
4898,raw_position_sample,2,3,adv,25,3,3,4,5, any ,590,78,1532153,697ab12b4591197afc56d253,697ab12b4591197afc56d253,advanced,3,697ab12b4591197afc56d253,697ab12b4591197afc56d253,spotlight_PROLIFIC,,31,Mexico,Spanish,N/A,,Spanish:75|English:25,100,Spanish:60|English:40,100,Spanish:90|English:10,100,29,0,Bachelor's,10,10,10,2,3,8,18,30,25,29,,,,,15,25,B1,intermediate|advanced,advanced|intermediate,cambridge_15_21_random_intermediate_advanced,4,20,random,,64.203125,580.75,88.203125,615.84375,1,5,,,,,,,,,,,,2026-08-16T17:54:38.981Z,K8EF3YCB,2026-08-16,2026-08-16,11:54:38,2026-08-16 11:54:38,,,,,,,,697ab12b4591197afc56d253,697ab12b4591197afc56d253,,,,
4949,raw_position_sample,2,3,adv,25,3,3,4,5, any ,590,78,1532203.8999999762,697ab12b4591197afc56d253,697ab12b4591197afc56d253,advanced,3,697ab12b4591197afc56d253,697ab12b4591197afc56d253,spotlight_PROLIFIC,,31,Mexico,Spanish,N/A,,Spanish:75|English:25,100,Spanish:60|English:40,100,Spanish:90|English:10,100,29,0,Bachelor's,10,10,10,2,3,8,18,30,25,29,,,,,15,25,B1,intermediate|advanced,advanced|intermediate,cambridge_15_21_random_intermediate_advanced,4,20,random,,64.203125,580.75,88.203125,615.84375,1,5,,,,,,,,,,,,2026-08-16T17:54:38.981Z,K8EF3YCB,2026-08-16,2026-08-16,11:54:38,2026-08-16 11:54:38,,,,,,,,697ab12b4591197afc56d253,697ab12b4591197afc56d253,,,,
4997,raw_position_sample,2,3,adv,25,3,3,4,5, any ,590,78,1532251.8999999762,697ab12b4591197afc56d253,697ab12b4591197afc56d253,advanced,3,697ab12b4591197afc56d253,697ab12b4591197afc56d253,spotlight_PROLIFIC,,31,Mexico,Spanish,N/A,,Spanish:75|English:25,100,Spanish:60|English:40,100,Spanish:90|English:10,100,29,0,Bachelor's,10,10,10,2,3,8,18,30,25,29,,,,,15,25,B1,intermediate|advanced,advanced|intermediate,cambridge_15_21_random_intermediate_advanced,4,20,random,,64.203125,580.75,88.203125,615.84375,1,5,,,,,,,,,,,,2026-08-16T17:54:38.981Z,K8EF3YCB,2026-08-16,2026-08-16,11:54:38,2026-08-16 11:54:38,,,,,,,,697ab12b4591197afc56d253,697ab12b4591197afc56d253,,,,
5039,raw_position_sample,2,3,adv,25,3,3,4,5, any ,590,78,1532293.699999988,697ab12b4591197afc56d253,697ab12b4591197afc56d253,advanced,3,697ab12b4591197afc56d253,697ab12b4591197afc56d253,spotlight_PROLIFIC,,31,Mexico,Spanish,N/A,,Spanish:75|English:25,100,Spanish:60|English:40,100,Spanish:90|English:10,100,29,0,Bachelor's,10,10,10,2,3,8,18,30,25,29,,,,,15,25,B1,intermediate|advanced,advanced|intermediate,cambridge_15_21_random_intermediate_advanced,4,20,random,,64.203125,580.75,88.203125,615.84375,1,5,,,,,,,,,,,,2026-08-16T17:54:38.981Z,K8EF3YCB,2026-08-16,2026-08-16,11:54:38,2026-08-16 11:54:38,,,,,,,,697ab12b4591197afc56d253,697ab12b4591197afc56d253,,,,
5087,raw_position_sample,2,3,adv,25,3,3,4,5, any ,584,78,1532342.0999999642,697ab12b4591197afc56d253,697ab12b4591197afc56d253,advanced,3,697ab12b4591197afc56d253,697ab12b4591197afc56d253,spotlight_PROLIFIC,,31,Mexico,Spanish,N/A,,Spanish:75|English:25,100,Spanish:60|English:40,100,Spanish:90|English:10,100,29,0,Bachelor's,10,10,10,2,3,8,18,30,25,29,,,,,15,25,B1,intermediate|advanced,advanced|intermediate,cambridge_15_21_random_intermediate_advanced,4,20,random,,64.203125,580.75,88.203125,615.84375,1,5,,,,,,,,,,,,2026-08-16T17:54:38.981Z,K8EF3YCB,2026-08-16,2026-08-16,11:54:38,2026-08-16 11:54:38,,,,,,,,697ab12b4591197afc56d253,697ab12b4591197afc56d253,,,,
5116,hover_association,2,3,adv,25,3,3,4,5, any ,607,80,,697ab12b4591197afc56d253,697ab12b4591197afc56d253,advanced,3,697ab12b4591197afc56d253,697ab12b4591197afc56d253,spotlight_PROLIFIC,,31,Mexico,Spanish,N/A,,Spanish:75|English:25,100,Spanish:60|English:40,100,Spanish:90|English:10,100,29,0,Bachelor's,10,10,10,2,3,8,18,30,25,29,,,,,15,25,B1,intermediate|advanced,advanced|intermediate,cambridge_15_21_random_intermediate_advanced,4,20,random,,56.203125,580.75,96.203125,615.84375,1,5,hover,366.5999999642372,366.5999999642372,0.007123775601068566,0.544921875,106,,,,,,2026-08-16T17:54:38.981Z,K8EF3YCB,2026-08-16,2026-08-16,11:54:38,2026-08-16 11:54:38,,,,,,,,697ab12b4591197afc56d253,697ab12b4591197afc56d253,,,,
5148,raw_position_sample,2,3,adv,25,3,3,4,4, repaid ,578,78,1532402.5,697ab12b4591197afc56d253,697ab12b4591197afc56d253,advanced,3,697ab12b4591197afc56d253,697ab12b4591197afc56d253,spotlight_PROLIFIC,,31,Mexico,Spanish,N/A,,Spanish:75|English:25,100,Spanish:60|English:40,100,Spanish:90|English:10,100,29,0,Bachelor's,10,10,10,2,3,8,18,30,25,29,,,,,15,25,B1,intermediate|advanced,advanced|intermediate,cambridge_15_21_random_intermediate_advanced,4,20,random,,64.203125,521.953125,88.203125,580.75,1,4,,,,,,,,,,,,2026-08-16T17:54:38.981Z,K8EF3YCB,2026-08-16,2026-08-16,11:54:38,2026-08-16 11:54:38,,,,,,,,697ab12b4591197afc56d253,697ab12b4591197afc56d253,,,,
5199,raw_position_sample,2,3,adv,25,3,3,4,4, repaid ,578,78,1532453.3999999762,697ab12b4591197afc56d253,697ab12b4591197afc56d253,advanced,3,697ab12b4591197afc56d253,697ab12b4591197afc56d253,spotlight_PROLIFIC,,31,Mexico,Spanish,N/A,,Spanish:75|English:25,100,Spanish:60|English:40,100,Spanish:90|English:10,100,29,0,Bachelor's,10,10,10,2,3,8,18,30,25,29,,,,,15,25,B1,intermediate|advanced,advanced|intermediate,cambridge_15_21_random_intermediate_advanced,4,20,random,,64.203125,521.953125,88.203125,580.75,1,4,,,,,,,,,,,,2026-08-16T17:54:38.981Z,K8EF3YCB,2026-08-16,2026-08-16,11:54:38,2026-08-16 11:54:38,,,,,,,,697ab12b4591197afc56d253,697ab12b4591197afc56d253,,,,
5248,raw_position_sample,2,3,adv,25,3,3,4,4, repaid ,576,78,1532502.300000012,697ab12b4591197afc56d253,697ab12b4591197afc56d253,advanced,3,697ab12b4591197afc56d253,697ab12b4591197afc56d253,spotlight_PROLIFIC,,31,Mexico,Spanish,N/A,,Spanish:75|English:25,100,Spanish:60|English:40,100,Spanish:90|English:10,100,29,0,Bachelor's,10,10,10,2,3,8,18,30,25,29,,,,,15,25,B1,intermediate|advanced,advanced|intermediate,cambridge_15_21_random_intermediate_advanced,4,20,random,,64.203125,521.953125,88.203125,580.75,1,4,,,,,,,,,,,,2026-08-16T17:54:38.981Z,K8EF3YCB,2026-08-16,2026-08-16,11:54:38,2026-08-16 11:54:38,,,,,,,,697ab12b4591197afc56d253,697ab12b4591197afc56d253,,,,
5293,raw_position_sample,2,3,adv,25,3,3,4,4, repaid ,574,78,1532548,697ab12b4591197afc56d253,697ab12b4591197afc56d253,advanced,3,697ab12b4591197afc56d253,697ab12b4591197afc56d253,spotlight_PROLIFIC,,31,Mexico,Spanish,N/A,,Spanish:75|English:25,100,Spanish:60|English:40,100,Spanish:90|English:10,100,29,0,Bachelor's,10,10,10,2,3,8,18,30,25,29,,,,,15,25,B1,intermediate|advanced,advanced|intermediate,cambridge_15_21_random_intermediate_advanced,4,20,random,,64.203125,521.953125,88.203125,580.75,1,4,,,,,,,,,,,,2026-08-16T17:54:38.981Z,K8EF3YCB,2026-08-16,2026-08-16,11:54:38,2026-08-16 11:54:38,,,,,,,,697ab12b4591197afc56d253,697ab12b4591197afc56d253,,,,
5336,raw_position_sample,2,3,adv,25,3,3,4,4, repaid ,560,77,1532590.5,697ab12b4591197afc56d253,697ab12b4591197afc56d253,advanced,3,697ab12b4591197afc56d253,697ab12b4591197afc56d253,spotlight_PROLIFIC,,31,Mexico,Spanish,N/A,,Spanish:75|English:25,100,Spanish:60|English:40,100,Spanish:90|English:10,100,29,0,Bachelor's,10,10,10,2,3,8,18,30,25,29,,,,,15,25,B1,intermediate|advanced,advanced|intermediate,cambridge_15_21_random_intermediate_advanced,4,20,random,,64.203125,521.953125,88.203125,580.75,1,4,,,,,,,,,,,,2026-08-16T17:54:38.981Z,K8EF3YCB,2026-08-16,2026-08-16,11:54:38,2026-08-16 11:54:38,,,,,,,,697ab12b4591197afc56d253,697ab12b4591197afc56d253,,,,
5387,raw_position_sample,2,3,adv,25,3,3,4,4, repaid ,549,74,1532642,697ab12b4591197afc56d253,697ab12b4591197afc56d253,advanced,3,697ab12b4591197afc56d253,697ab12b4591197afc56d253,spotlight_PROLIFIC,,31,Mexico,Spanish,N/A,,Spanish:75|English:25,100,Spanish:60|English:40,100,Spanish:90|English:10,100,29,0,Bachelor's,10,10,10,2,3,8,18,30,25,29,,,,,15,25,B1,intermediate|advanced,advanced|intermediate,cambridge_15_21_random_intermediate_advanced,4,20,random,,64.203125,521.953125,88.203125,580.75,1,4,,,,,,,,,,,,2026-08-16T17:54:38.981Z,K8EF3YCB,2026-08-16,2026-08-16,11:54:38,2026-08-16 11:54:38,,,,,,,,697ab12b4591197afc56d253,697ab12b4591197afc56d253,,,,
5437,raw_position_sample,2,3,adv,25,3,3,4,4, repaid ,545,74,1532691.3999999762,697ab12b4591197afc56d253,697ab12b4591197afc56d253,advanced,3,697ab12b4591197afc56d253,697ab12b4591197afc56d253,spotlight_PROLIFIC,,31,Mexico,Spanish,N/A,,Spanish:75|English:25,100,Spanish:60|English:40,100,Spanish:90|English:10,100,29,0,Bachelor's,10,10,10,2,3,8,18,30,25,29,,,,,15,25,B1,intermediate|advanced,advanced|intermediate,cambridge_15_21_random_intermediate_advanced,4,20,random,,64.203125,521.953125,88.203125,580.75,1,4,,,,,,,,,,,,2026-08-16T17:54:38.981Z,K8EF3YCB,2026-08-16,2026-08-16,11:54:38,2026-08-16 11:54:38,,,,,,,,697ab12b4591197afc56d253,697ab12b4591197afc56d253,,,,
5487,raw_position_sample,2,3,adv,25,3,3,4,4, repaid ,540,73,1532741.8999999762,697ab12b4591197afc56d253,697ab12b4591197afc56d253,advanced,3,697ab12b4591197afc56d253,697ab12b4591197afc56d253,spotlight_PROLIFIC,,31,Mexico,Spanish,N/A,,Spanish:75|English:25,100,Spanish:60|English:40,100,Spanish:90|English:10,100,29,0,Bachelor's,10,10,10,2,3,8,18,30,25,29,,,,,15,25,B1,intermediate|advanced,advanced|intermediate,cambridge_15_21_random_intermediate_advanced,4,20,random,,64.203125,521.953125,88.203125,580.75,1,4,,,,,,,,,,,,2026-08-16T17:54:38.981Z,K8EF3YCB,2026-08-16,2026-08-16,11:54:38,2026-08-16 11:54:38,,,,,,,,697ab12b4591197afc56d253,697ab12b4591197afc56d253,,,,
5550,raw_position_sample,2,3,adv,25,3,3,4,4, repaid ,540,73,1532804.3999999762,697ab12b4591197afc56d253,697ab12b4591197afc56d253,advanced,3,697ab12b4591197afc56d253,697ab12b4591197afc56d253,spotlight_PROLIFIC,,31,Mexico,Spanish,N/A,,Spanish:75|English:25,100,Spanish:60|English:40,100,Spanish:90|English:10,100,29,0,Bachelor's,10,10,10,2,3,8,18,30,25,29,,,,,15,25,B1,intermediate|advanced,advanced|intermediate,cambridge_15_21_random_intermediate_advanced,4,20,random,,64.203125,521.953125,88.203125,580.75,1,4,,,,,,,,,,,,2026-08-16T17:54:38.981Z,K8EF3YCB,2026-08-16,2026-08-16,11:54:38,2026-08-16 11:54:38,,,,,,,,697ab12b4591197afc56d253,697ab12b4591197afc56d253,,,,
5598,raw_position_sample,2,3,adv,25,3,3,4,4, repaid ,540,73,1532852.699999988,697ab12b4591197afc56d253,697ab12b4591197afc56d253,advanced,3,697ab12b4591197afc56d253,697ab12b4591197afc56d253,spotlight_PROLIFIC,,31,Mexico,Spanish,N/A,,Spanish:75|English:25,100,Spanish:60|English:40,100,Spanish:90|English:10,100,29,0,Bachelor's,10,10,10,2,3,8,18,30,25,29,,,,,15,25,B1,intermediate|advanced,advanced|intermediate,cambridge_15_21_random_intermediate_advanced,4,20,random,,64.203125,521.953125,88.203125,580.75,1,4,,,,,,,,,,,,2026-08-16T17:54:38.981Z,K8EF3YCB,2026-08-16,2026-08-16,11:54:38,2026-08-16 11:54:38,,,,,,,,697ab12b4591197afc56d253,697ab12b4591197afc56d253,,,,
5646,raw_position_sample,2,3,adv,25,3,3,4,4, repaid ,540,73,1532900.5999999642,697ab12b4591197afc56d253,697ab12b4591197afc56d253,advanced,3,697ab12b4591197afc56d253,697ab12b4591197afc56d253,spotlight_PROLIFIC,,31,Mexico,Spanish,N/A,,Spanish:75|English:25,100,Spanish:60|English:40,100,Spanish:90|English:10,100,29,0,Bachelor's,10,10,10,2,3,8,18,30,25,29,,,,,15,25,B1,intermediate|advanced,advanced|intermediate,cambridge_15_21_random_intermediate_advanced,4,20,random,,64.203125,521.953125,88.203125,580.75,1,4,,,,,,,,,,,,2026-08-16T17:54:38.981Z,K8EF3YCB,2026-08-16,2026-08-16,11:54:38,2026-08-16 11:54:38,,,,,,,,697ab12b4591197afc56d253,697ab12b4591197afc56d253,,,,
5688,raw_position_sample,2,3,adv,25,3,3,4,4, repaid ,542,73,1532942.5999999642,697ab12b4591197afc56d253,697ab12b4591197afc56d253,advanced,3,697ab12b4591197afc56d253,697ab12b4591197afc56d253,spotlight_PROLIFIC,,31,Mexico,Spanish,N/A,,Spanish:75|English:25,100,Spanish:60|English:40,100,Spanish:90|English:10,100,29,0,Bachelor's,10,10,10,2,3,8,18,30,25,29,,,,,15,25,B1,intermediate|advanced,advanced|intermediate,cambridge_15_21_random_intermediate_advanced,4,20,random,,64.203125,521.953125,88.203125,580.75,1,4,,,,,,,,,,,,2026-08-16T17:54:38.981Z,K8EF3YCB,2026-08-16,2026-08-16,11:54:38,2026-08-16 11:54:38,,,,,,,,697ab12b4591197afc56d253,697ab12b4591197afc56d253,,,,
5736,raw_position_sample,2,3,adv,25,3,3,4,4, repaid ,568,76,1532991.0999999642,697ab12b4591197afc56d253,697ab12b4591197afc56d253,advanced,3,697ab12b4591197afc56d253,697ab12b4591197afc56d253,spotlight_PROLIFIC,,31,Mexico,Spanish,N/A,,Spanish:75|English:25,100,Spanish:60|English:40,100,Spanish:90|English:10,100,29,0,Bachelor's,10,10,10,2,3,8,18,30,25,29,,,,,15,25,B1,intermediate|advanced,advanced|intermediate,cambridge_15_21_random_intermediate_advanced,4,20,random,,64.203125,521.953125,88.203125,580.75,1,4,,,,,,,,,,,,2026-08-16T17:54:38.981Z,K8EF3YCB,2026-08-16,2026-08-16,11:54:38,2026-08-16 11:54:38,,,,,,,,697ab12b4591197afc56d253,697ab12b4591197afc56d253,,,,
5749,hover_association,2,3,adv,25,3,3,4,4, repaid ,578,78,,697ab12b4591197afc56d253,697ab12b4591197afc56d253,advanced,3,697ab12b4591197afc56d253,697ab12b4591197afc56d253,spotlight_PROLIFIC,,31,Mexico,Spanish,N/A,,Spanish:75|English:25,100,Spanish:60|English:40,100,Spanish:90|English:10,100,29,0,Bachelor's,10,10,10,2,3,8,18,30,25,29,,,,,15,25,B1,intermediate|advanced,advanced|intermediate,cambridge_15_21_random_intermediate_advanced,4,20,random,,56.203125,521.953125,96.203125,580.75,1,4,hover,633.3000000119209,633.3000000119209,0.7831517406324741,0.494921875,106,,,,,,2026-08-16T17:54:38.981Z,K8EF3YCB,2026-08-16,2026-08-16,11:54:38,2026-08-16 11:54:38,,,,,,,,697ab12b4591197afc56d253,697ab12b4591197afc56d253,,,,
5782,hover_association,2,3,adv,25,3,3,4,5, any ,587,80,,697ab12b4591197afc56d253,697ab12b4591197afc56d253,advanced,3,697ab12b4591197afc56d253,697ab12b4591197afc56d253,spotlight_PROLIFIC,,31,Mexico,Spanish,N/A,,Spanish:75|English:25,100,Spanish:60|English:40,100,Spanish:90|English:10,100,29,0,Bachelor's,10,10,10,2,3,8,18,30,25,29,,,,,15,25,B1,intermediate|advanced,advanced|intermediate,cambridge_15_21_random_intermediate_advanced,4,20,random,,56.203125,580.75,96.203125,615.84375,1,5,hover,33.39999997615814,33.39999997615814,0.7195013357079252,0.644921875,106,,,,,,2026-08-16T17:54:38.981Z,K8EF3YCB,2026-08-16,2026-08-16,11:54:38,2026-08-16 11:54:38,,,,,,,,697ab12b4591197afc56d253,697ab12b4591197afc56d253,,,,
5788,raw_position_sample,2,3,adv,25,3,3,4,6, money ,621,86,1533042.5999999642,697ab12b4591197afc56d253,697ab12b4591197afc56d253,advanced,3,697ab12b4591197afc56d253,697ab12b4591197afc56d253,spotlight_PROLIFIC,,31,Mexico,Spanish,N/A,,Spanish:75|English:25,100,Spanish:60|English:40,100,Spanish:90|English:10,100,29,0,Bachelor's,10,10,10,2,3,8,18,30,25,29,,,,,15,25,B1,intermediate|advanced,advanced|intermediate,cambridge_15_21_random_intermediate_advanced,4,20,random,,64.203125,615.84375,88.203125,678.34375,1,6,,,,,,,,,,,,2026-08-16T17:54:38.981Z,K8EF3YCB,2026-08-16,2026-08-16,11:54:38,2026-08-16 11:54:38,,,,,,,,697ab12b4591197afc56d253,697ab12b4591197afc56d253,,,,
5836,raw_position_sample,2,3,adv,25,3,3,4,6, money ,634,89,1533090.800000012,697ab12b4591197afc56d253,697ab12b4591197afc56d253,advanced,3,697ab12b4591197afc56d253,697ab12b4591197afc56d253,spotlight_PROLIFIC,,31,Mexico,Spanish,N/A,,Spanish:75|English:25,100,Spanish:60|English:40,100,Spanish:90|English:10,100,29,0,Bachelor's,10,10,10,2,3,8,18,30,25,29,,,,,15,25,B1,intermediate|advanced,advanced|intermediate,cambridge_15_21_random_intermediate_advanced,4,20,random,,64.203125,615.84375,88.203125,678.34375,1,6,,,,,,,,,,,,2026-08-16T17:54:38.981Z,K8EF3YCB,2026-08-16,2026-08-16,11:54:38,2026-08-16 11:54:38,,,,,,,,697ab12b4591197afc56d253,697ab12b4591197afc56d253,,,,
5888,raw_position_sample,2,3,adv,25,3,3,4,6, money ,645,90,1533143,697ab12b4591197afc56d253,697ab12b4591197afc56d253,advanced,3,697ab12b4591197afc56d253,697ab12b4591197afc56d253,spotlight_PROLIFIC,,31,Mexico,Spanish,N/A,,Spanish:75|English:25,100,Spanish:60|English:40,100,Spanish:90|English:10,100,29,0,Bachelor's,10,10,10,2,3,8,18,30,25,29,,,,,15,25,B1,intermediate|advanced,advanced|intermediate,cambridge_15_21_random_intermediate_advanced,4,20,random,,64.203125,615.84375,88.203125,678.34375,1,6,,,,,,,,,,,,2026-08-16T17:54:38.981Z,K8EF3YCB,2026-08-16,2026-08-16,11:54:38,2026-08-16 11:54:38,,,,,,,,697ab12b4591197afc56d253,697ab12b4591197afc56d253,,,,
5936,raw_position_sample,2,3,adv,25,3,3,4,6, money ,655,92,1533190.5999999642,697ab12b4591197afc56d253,697ab12b4591197afc56d253,advanced,3,697ab12b4591197afc56d253,697ab12b4591197afc56d253,spotlight_PROLIFIC,,31,Mexico,Spanish,N/A,,Spanish:75|English:25,100,Spanish:60|English:40,100,Spanish:90|English:10,100,29,0,Bachelor's,10,10,10,2,3,8,18,30,25,29,,,,,15,25,B1,intermediate|advanced,advanced|intermediate,cambridge_15_21_random_intermediate_advanced,4,20,random,,64.203125,615.84375,88.203125,678.34375,1,6,,,,,,,,,,,,2026-08-16T17:54:38.981Z,K8EF3YCB,2026-08-16,2026-08-16,11:54:38,2026-08-16 11:54:38,,,,,,,,697ab12b4591197afc56d253,697ab12b4591197afc56d253,,,,
5987,raw_position_sample,2,3,adv,25,3,3,4,6, money ,663,93,1533241.5999999642,697ab12b4591197afc56d253,697ab12b4591197afc56d253,advanced,3,697ab12b4591197afc56d253,697ab12b4591197afc56d253,spotlight_PROLIFIC,,31,Mexico,Spanish,N/A,,Spanish:75|English:25,100,Spanish:60|English:40,100,Spanish:90|English:10,100,29,0,Bachelor's,10,10,10,2,3,8,18,30,25,29,,,,,15,25,B1,intermediate|advanced,advanced|intermediate,cambridge_15_21_random_intermediate_advanced,4,20,random,,64.203125,615.84375,88.203125,678.34375,1,6,,,,,,,,,,,,2026-08-16T17:54:38.981Z,K8EF3YCB,2026-08-16,2026-08-16,11:54:38,2026-08-16 11:54:38,,,,,,,,697ab12b4591197afc56d253,697ab12b4591197afc56d253,,,,
6037,raw_position_sample,2,3,adv,25,3,3,4,6, money ,678,95,1533291.199999988,697ab12b4591197afc56d253,697ab12b4591197afc56d253,advanced,3,697ab12b4591197afc56d253,697ab12b4591197afc56d253,spotlight_PROLIFIC,,31,Mexico,Spanish,N/A,,Spanish:75|English:25,100,Spanish:60|English:40,100,Spanish:90|English:10,100,29,0,Bachelor's,10,10,10,2,3,8,18,30,25,29,,,,,15,25,B1,intermediate|advanced,advanced|intermediate,cambridge_15_21_random_intermediate_advanced,4,20,random,,64.203125,615.84375,88.203125,678.34375,1,6,,,,,,,,,,,,2026-08-16T17:54:38.981Z,K8EF3YCB,2026-08-16,2026-08-16,11:54:38,2026-08-16 11:54:38,,,,,,,,697ab12b4591197afc56d253,697ab12b4591197afc56d253,,,,
6049,hover_association,2,3,adv,25,3,3,4,6, money ,621,86,,697ab12b4591197afc56d253,697ab12b4591197afc56d253,advanced,3,697ab12b4591197afc56d253,697ab12b4591197afc56d253,spotlight_PROLIFIC,,31,Mexico,Spanish,N/A,,Spanish:75|English:25,100,Spanish:60|English:40,100,Spanish:90|English:10,100,29,0,Bachelor's,10,10,10,2,3,8,18,30,25,29,,,,,15,25,B1,intermediate|advanced,advanced|intermediate,cambridge_15_21_random_intermediate_advanced,4,20,random,,56.203125,615.84375,96.203125,678.34375,1,6,hover,266.4000000357628,266.4000000357628,0.9945,0.969921875,106,,,,,,2026-08-16T17:54:38.981Z,K8EF3YCB,2026-08-16,2026-08-16,11:54:38,2026-08-16 11:54:38,,,,,,,,697ab12b4591197afc56d253,697ab12b4591197afc56d253,,,,
6087,raw_position_sample,2,3,adv,25,3,3,4,7, they ,711,94,1533341.5999999642,697ab12b4591197afc56d253,697ab12b4591197afc56d253,advanced,3,697ab12b4591197afc56d253,697ab12b4591197afc56d253,spotlight_PROLIFIC,,31,Mexico,Spanish,N/A,,Spanish:75|English:25,100,Spanish:60|English:40,100,Spanish:90|English:10,100,29,0,Bachelor's,10,10,10,2,3,8,18,30,25,29,,,,,15,25,B1,intermediate|advanced,advanced|intermediate,cambridge_15_21_random_intermediate_advanced,4,20,random,,64.203125,678.34375,88.203125,719.625,1,7,,,,,,,,,,,,2026-08-16T17:54:38.981Z,K8EF3YCB,2026-08-16,2026-08-16,11:54:38,2026-08-16 11:54:38,,,,,,,,697ab12b4591197afc56d253,697ab12b4591197afc56d253,,,,
6099,hover_association,2,3,adv,25,3,3,4,7, they ,688,95,,697ab12b4591197afc56d253,697ab12b4591197afc56d253,advanced,3,697ab12b4591197afc56d253,697ab12b4591197afc56d253,spotlight_PROLIFIC,,31,Mexico,Spanish,N/A,,Spanish:75|English:25,100,Spanish:60|English:40,100,Spanish:90|English:10,100,29,0,Bachelor's,10,10,10,2,3,8,18,30,25,29,,,,,15,25,B1,intermediate|advanced,advanced|intermediate,cambridge_15_21_random_intermediate_advanced,4,20,random,,56.203125,678.34375,96.203125,719.625,1,7,hover,50,50,0.7910673732021196,0.944921875,106,,,,,,2026-08-16T17:54:38.981Z,K8EF3YCB,2026-08-16,2026-08-16,11:54:38,2026-08-16 11:54:38,,,,,,,,697ab12b4591197afc56d253,697ab12b4591197afc56d253,,,,
6137,raw_position_sample,2,3,adv,25,3,3,4,8, spend ,743,89,1533391.0999999642,697ab12b4591197afc56d253,697ab12b4591197afc56d253,advanced,3,697ab12b4591197afc56d253,697ab12b4591197afc56d253,spotlight_PROLIFIC,,31,Mexico,Spanish,N/A,,Spanish:75|English:25,100,Spanish:60|English:40,100,Spanish:90|English:10,100,29,0,Bachelor's,10,10,10,2,3,8,18,30,25,29,,,,,15,25,B1,intermediate|advanced,advanced|intermediate,cambridge_15_21_random_intermediate_advanced,4,20,random,,64.203125,719.625,88.203125,776.34375,1,8,,,,,,,,,,,,2026-08-16T17:54:38.981Z,K8EF3YCB,2026-08-16,2026-08-16,11:54:38,2026-08-16 11:54:38,,,,,,,,697ab12b4591197afc56d253,697ab12b4591197afc56d253,,,,
6188,raw_position_sample,2,3,adv,25,3,3,4,8, spend ,761,83,1533442.3999999762,697ab12b4591197afc56d253,697ab12b4591197afc56d253,advanced,3,697ab12b4591197afc56d253,697ab12b4591197afc56d253,spotlight_PROLIFIC,,31,Mexico,Spanish,N/A,,Spanish:75|English:25,100,Spanish:60|English:40,100,Spanish:90|English:10,100,29,0,Bachelor's,10,10,10,2,3,8,18,30,25,29,,,,,15,25,B1,intermediate|advanced,advanced|intermediate,cambridge_15_21_random_intermediate_advanced,4,20,random,,64.203125,719.625,88.203125,776.34375,1,8,,,,,,,,,,,,2026-08-16T17:54:38.981Z,K8EF3YCB,2026-08-16,2026-08-16,11:54:38,2026-08-16 11:54:38,,,,,,,,697ab12b4591197afc56d253,697ab12b4591197afc56d253,,,,
6238,raw_position_sample,2,3,adv,25,3,3,4,8, spend ,774,80,1533492.3999999762,697ab12b4591197afc56d253,697ab12b4591197afc56d253,advanced,3,697ab12b4591197afc56d253,697ab12b4591197afc56d253,spotlight_PROLIFIC,,31,Mexico,Spanish,N/A,,Spanish:75|English:25,100,Spanish:60|English:40,100,Spanish:90|English:10,100,29,0,Bachelor's,10,10,10,2,3,8,18,30,25,29,,,,,15,25,B1,intermediate|advanced,advanced|intermediate,cambridge_15_21_random_intermediate_advanced,4,20,random,,64.203125,719.625,88.203125,776.34375,1,8,,,,,,,,,,,,2026-08-16T17:54:38.981Z,K8EF3YCB,2026-08-16,2026-08-16,11:54:38,2026-08-16 11:54:38,,,,,,,,697ab12b4591197afc56d253,697ab12b4591197afc56d253,,,,
6283,hover_association,2,3,adv,25,3,3,4,8, spend ,722,94,,697ab12b4591197afc56d253,697ab12b4591197afc56d253,advanced,3,697ab12b4591197afc56d253,697ab12b4591197afc56d253,spotlight_PROLIFIC,,31,Mexico,Spanish,N/A,,Spanish:75|English:25,100,Spanish:60|English:40,100,Spanish:90|English:10,100,29,0,Bachelor's,10,10,10,2,3,8,18,30,25,29,,,,,15,25,B1,intermediate|advanced,advanced|intermediate,cambridge_15_21_random_intermediate_advanced,4,20,random,,56.203125,719.625,96.203125,776.34375,1,8,hover,184.39999997615814,184.39999997615814,0.9939393939393939,0.594921875,106,,,,,,2026-08-16T17:54:38.981Z,K8EF3YCB,2026-08-16,2026-08-16,11:54:38,2026-08-16 11:54:38,,,,,,,,697ab12b4591197afc56d253,697ab12b4591197afc56d253,,,,
6287,raw_position_sample,2,3,adv,25,3,3,4,9, in ,777,79,1533542.0999999642,697ab12b4591197afc56d253,697ab12b4591197afc56d253,advanced,3,697ab12b4591197afc56d253,697ab12b4591197afc56d253,spotlight_PROLIFIC,,31,Mexico,Spanish,N/A,,Spanish:75|English:25,100,Spanish:60|English:40,100,Spanish:90|English:10,100,29,0,Bachelor's,10,10,10,2,3,8,18,30,25,29,,,,,15,25,B1,intermediate|advanced,advanced|intermediate,cambridge_15_21_random_intermediate_advanced,4,20,random,,64.203125,776.34375,88.203125,796.796875,1,9,,,,,,,,,,,,2026-08-16T17:54:38.981Z,K8EF3YCB,2026-08-16,2026-08-16,11:54:38,2026-08-16 11:54:38,,,,,,,,697ab12b4591197afc56d253,697ab12b4591197afc56d253,,,,
6336,raw_position_sample,2,3,adv,25,3,3,4,9, in ,788,75,1533590.800000012,697ab12b4591197afc56d253,697ab12b4591197afc56d253,advanced,3,697ab12b4591197afc56d253,697ab12b4591197afc56d253,spotlight_PROLIFIC,,31,Mexico,Spanish,N/A,,Spanish:75|English:25,100,Spanish:60|English:40,100,Spanish:90|English:10,100,29,0,Bachelor's,10,10,10,2,3,8,18,30,25,29,,,,,15,25,B1,intermediate|advanced,advanced|intermediate,cambridge_15_21_random_intermediate_advanced,4,20,random,,64.203125,776.34375,88.203125,796.796875,1,9,,,,,,,,,,,,2026-08-16T17:54:38.981Z,K8EF3YCB,2026-08-16,2026-08-16,11:54:38,2026-08-16 11:54:38,,,,,,,,697ab12b4591197afc56d253,697ab12b4591197afc56d253,,,,
6366,hover_association,2,3,adv,25,3,3,4,9, in ,777,79,,697ab12b4591197afc56d253,697ab12b4591197afc56d253,advanced,3,697ab12b4591197afc56d253,697ab12b4591197afc56d253,spotlight_PROLIFIC,,31,Mexico,Spanish,N/A,,Spanish:75|English:25,100,Spanish:60|English:40,100,Spanish:90|English:10,100,29,0,Bachelor's,10,10,10,2,3,8,18,30,25,29,,,,,15,25,B1,intermediate|advanced,advanced|intermediate,cambridge_15_21_random_intermediate_advanced,4,20,random,,56.203125,776.34375,96.203125,796.796875,1,9,hover,82.30000001192093,82.30000001192093,0.8143621084797555,0.369921875,106,,,,,,2026-08-16T17:54:38.981Z,K8EF3YCB,2026-08-16,2026-08-16,11:54:38,2026-08-16 11:54:38,,,,,,,,697ab12b4591197afc56d253,697ab12b4591197afc56d253,,,,
6387,raw_position_sample,2,3,adv,25,3,3,4,10, the ,802,68,1533641.199999988,697ab12b4591197afc56d253,697ab12b4591197afc56d253,advanced,3,697ab12b4591197afc56d253,697ab12b4591197afc56d253,spotlight_PROLIFIC,,31,Mexico,Spanish,N/A,,Spanish:75|English:25,100,Spanish:60|English:40,100,Spanish:90|English:10,100,29,0,Bachelor's,10,10,10,2,3,8,18,30,25,29,,,,,15,25,B1,intermediate|advanced,advanced|intermediate,cambridge_15_21_random_intermediate_advanced,4,20,random,,64.203125,796.796875,88.203125,829.265625,1,10,,,,,,,,,,,,2026-08-16T17:54:38.981Z,K8EF3YCB,2026-08-16,2026-08-16,11:54:38,2026-08-16 11:54:38,,,,,,,,697ab12b4591197afc56d253,697ab12b4591197afc56d253,,,,
6436,raw_position_sample,2,3,adv,25,3,3,4,10, the ,820,64,1533691,697ab12b4591197afc56d253,697ab12b4591197afc56d253,advanced,3,697ab12b4591197afc56d253,697ab12b4591197afc56d253,spotlight_PROLIFIC,,31,Mexico,Spanish,N/A,,Spanish:75|English:25,100,Spanish:60|English:40,100,Spanish:90|English:10,100,29,0,Bachelor's,10,10,10,2,3,8,18,30,25,29,,,,,15,25,B1,intermediate|advanced,advanced|intermediate,cambridge_15_21_random_intermediate_advanced,4,20,random,,64.203125,796.796875,88.203125,829.265625,1,10,,,,,,,,,,,,2026-08-16T17:54:38.981Z,K8EF3YCB,2026-08-16,2026-08-16,11:54:38,2026-08-16 11:54:38,,,,,,,,697ab12b4591197afc56d253,697ab12b4591197afc56d253,,,,
6465,hover_association,2,3,adv,25,3,3,4,10, the ,797,70,,697ab12b4591197afc56d253,697ab12b4591197afc56d253,advanced,3,697ab12b4591197afc56d253,697ab12b4591197afc56d253,spotlight_PROLIFIC,,31,Mexico,Spanish,N/A,,Spanish:75|English:25,100,Spanish:60|English:40,100,Spanish:90|English:10,100,29,0,Bachelor's,10,10,10,2,3,8,18,30,25,29,,,,,15,25,B1,intermediate|advanced,advanced|intermediate,cambridge_15_21_random_intermediate_advanced,4,20,random,,56.203125,796.796875,96.203125,829.265625,1,10,hover,99.80000001192093,99.80000001192093,0.9302213666987488,0.119921875,106,,,,,,2026-08-16T17:54:38.981Z,K8EF3YCB,2026-08-16,2026-08-16,11:54:38,2026-08-16 11:54:38,,,,,,,,697ab12b4591197afc56d253,697ab12b4591197afc56d253,,,,
6488,raw_position_sample,2,3,adv,25,3,3,4,11, stores. ,837,59,1533742.300000012,697ab12b4591197afc56d253,697ab12b4591197afc56d253,advanced,3,697ab12b4591197afc56d253,697ab12b4591197afc56d253,spotlight_PROLIFIC,,31,Mexico,Spanish,N/A,,Spanish:75|English:25,100,Spanish:60|English:40,100,Spanish:90|English:10,100,29,0,Bachelor's,10,10,10,2,3,8,18,30,25,29,,,,,15,25,B1,intermediate|advanced,advanced|intermediate,cambridge_15_21_random_intermediate_advanced,4,20,random,,64.203125,829.265625,88.203125,890.640625,1,11,,,,,,,,,,,,2026-08-16T17:54:38.981Z,K8EF3YCB,2026-08-16,2026-08-16,11:54:38,2026-08-16 11:54:38,,,,,,,,697ab12b4591197afc56d253,697ab12b4591197afc56d253,,,,
6538,raw_position_sample,2,3,adv,25,3,3,4,11, stores. ,859,59,1533792.300000012,697ab12b4591197afc56d253,697ab12b4591197afc56d253,advanced,3,697ab12b4591197afc56d253,697ab12b4591197afc56d253,spotlight_PROLIFIC,,31,Mexico,Spanish,N/A,,Spanish:75|English:25,100,Spanish:60|English:40,100,Spanish:90|English:10,100,29,0,Bachelor's,10,10,10,2,3,8,18,30,25,29,,,,,15,25,B1,intermediate|advanced,advanced|intermediate,cambridge_15_21_random_intermediate_advanced,4,20,random,,64.203125,829.265625,88.203125,890.640625,1,11,,,,,,,,,,,,2026-08-16T17:54:38.981Z,K8EF3YCB,2026-08-16,2026-08-16,11:54:38,2026-08-16 11:54:38,,,,,,,,697ab12b4591197afc56d253,697ab12b4591197afc56d253,,,,
6566,hover_association,2,3,adv,25,3,3,4,11, stores. ,832,61,,697ab12b4591197afc56d253,697ab12b4591197afc56d253,advanced,3,697ab12b4591197afc56d253,697ab12b4591197afc56d253,spotlight_PROLIFIC,,31,Mexico,Spanish,N/A,,Spanish:75|English:25,100,Spanish:60|English:40,100,Spanish:90|English:10,100,29,0,Bachelor's,10,10,10,2,3,8,18,30,25,29,,,,,15,25,B1,intermediate|advanced,advanced|intermediate,cambridge_15_21_random_intermediate_advanced,4,20,random,,56.203125,829.265625,96.203125,890.640625,1,11,hover,100.30000001192093,100.30000001192093,0.6148167006109979,0.019921875,106,,,,,,2026-08-16T17:54:38.981Z,K8EF3YCB,2026-08-16,2026-08-16,11:54:38,2026-08-16 11:54:38,,,,,,,,697ab12b4591197afc56d253,697ab12b4591197afc56d253,,,,
6585,raw_position_sample,2,3,adv,25,3,3,4,-1,999,878,56,1533840.0999999642,697ab12b4591197afc56d253,697ab12b4591197afc56d253,advanced,3,697ab12b4591197afc56d253,697ab12b4591197afc56d253,spotlight_PROLIFIC,,31,Mexico,Spanish,N/A,,Spanish:75|English:25,100,Spanish:60|English:40,100,Spanish:90|English:10,100,29,0,Bachelor's,10,10,10,2,3,8,18,30,25,29,,,,,15,25,B1,intermediate|advanced,advanced|intermediate,cambridge_15_21_random_intermediate_advanced,4,20,random,,,,,,,,,,,,,,,,,,,2026-08-16T17:54:38.981Z,K8EF3YCB,2026-08-16,2026-08-16,11:54:38,2026-08-16 11:54:38,,,,,,,,697ab12b4591197afc56d253,697ab12b4591197afc56d253,,,,
6636,raw_position_sample,2,3,adv,25,3,3,4,-1,999,888,56,1533891.0999999642,697ab12b4591197afc56d253,697ab12b4591197afc56d253,advanced,3,697ab12b4591197afc56d253,697ab12b4591197afc56d253,spotlight_PROLIFIC,,31,Mexico,Spanish,N/A,,Spanish:75|English:25,100,Spanish:60|English:40,100,Spanish:90|English:10,100,29,0,Bachelor's,10,10,10,2,3,8,18,30,25,29,,,,,15,25,B1,intermediate|advanced,advanced|intermediate,cambridge_15_21_random_intermediate_advanced,4,20,random,,,,,,,,,,,,,,,,,,,2026-08-16T17:54:38.981Z,K8EF3YCB,2026-08-16,2026-08-16,11:54:38,2026-08-16 11:54:38,,,,,,,,697ab12b4591197afc56d253,697ab12b4591197afc56d253,,,,
6685,raw_position_sample,2,3,adv,25,3,3,4,-1,999,896,56,1533939.8999999762,697ab12b4591197afc56d253,697ab12b4591197afc56d253,advanced,3,697ab12b4591197afc56d253,697ab12b4591197afc56d253,spotlight_PROLIFIC,,31,Mexico,Spanish,N/A,,Spanish:75|English:25,100,Spanish:60|English:40,100,Spanish:90|English:10,100,29,0,Bachelor's,10,10,10,2,3,8,18,30,25,29,,,,,15,25,B1,intermediate|advanced,advanced|intermediate,cambridge_15_21_random_intermediate_advanced,4,20,random,,,,,,,,,,,,,,,,,,,2026-08-16T17:54:38.981Z,K8EF3YCB,2026-08-16,2026-08-16,11:54:38,2026-08-16 11:54:38,,,,,,,,697ab12b4591197afc56d253,697ab12b4591197afc56d253,,,,
6736,raw_position_sample,2,3,adv,25,3,3,4,12, “I’m ,916,59,1533990.800000012,697ab12b4591197afc56d253,697ab12b4591197afc56d253,advanced,3,697ab12b4591197afc56d253,697ab12b4591197afc56d253,spotlight_PROLIFIC,,31,Mexico,Spanish,N/A,,Spanish:75|English:25,100,Spanish:60|English:40,100,Spanish:90|English:10,100,29,0,Bachelor's,10,10,10,2,3,8,18,30,25,29,,,,,15,25,B1,intermediate|advanced,advanced|intermediate,cambridge_15_21_random_intermediate_advanced,4,20,random,,64.203125,890.640625,88.203125,927.328125,1,12,,,,,,,,,,,,2026-08-16T17:54:38.981Z,K8EF3YCB,2026-08-16,2026-08-16,11:54:38,2026-08-16 11:54:38,,,,,,,,697ab12b4591197afc56d253,697ab12b4591197afc56d253,,,,
6766,hover_association,2,3,adv,25,3,3,4,12, “I’m ,908,57,,697ab12b4591197afc56d253,697ab12b4591197afc56d253,advanced,3,697ab12b4591197afc56d253,697ab12b4591197afc56d253,spotlight_PROLIFIC,,31,Mexico,Spanish,N/A,,Spanish:75|English:25,100,Spanish:60|English:40,100,Spanish:90|English:10,100,29,0,Bachelor's,10,10,10,2,3,8,18,30,25,29,,,,,15,25,B1,intermediate|advanced,advanced|intermediate,cambridge_15_21_random_intermediate_advanced,4,20,random,,56.203125,890.640625,96.203125,927.328125,1,12,hover,50.10000002384186,50.10000002384186,0.9092844974446337,0.119921875,106,,,,,,2026-08-16T17:54:38.981Z,K8EF3YCB,2026-08-16,2026-08-16,11:54:38,2026-08-16 11:54:38,,,,,,,,697ab12b4591197afc56d253,697ab12b4591197afc56d253,,,,
6787,raw_position_sample,2,3,adv,25,3,3,4,13, typically ,937,64,1534041.8999999762,697ab12b4591197afc56d253,697ab12b4591197afc56d253,advanced,3,697ab12b4591197afc56d253,697ab12b4591197afc56d253,spotlight_PROLIFIC,,31,Mexico,Spanish,N/A,,Spanish:75|English:25,100,Spanish:60|English:40,100,Spanish:90|English:10,100,29,0,Bachelor's,10,10,10,2,3,8,18,30,25,29,,,,,15,25,B1,intermediate|advanced,advanced|intermediate,cambridge_15_21_random_intermediate_advanced,4,20,random,,64.203125,927.328125,88.203125,995.9375,1,13,,,,,,,,,,,,2026-08-16T17:54:38.981Z,K8EF3YCB,2026-08-16,2026-08-16,11:54:38,2026-08-16 11:54:38,,,,,,,,697ab12b4591197afc56d253,697ab12b4591197afc56d253,,,,
6837,raw_position_sample,2,3,adv,25,3,3,4,13, typically ,946,67,1534091.3999999762,697ab12b4591197afc56d253,697ab12b4591197afc56d253,advanced,3,697ab12b4591197afc56d253,697ab12b4591197afc56d253,spotlight_PROLIFIC,,31,Mexico,Spanish,N/A,,Spanish:75|English:25,100,Spanish:60|English:40,100,Spanish:90|English:10,100,29,0,Bachelor's,10,10,10,2,3,8,18,30,25,29,,,,,15,25,B1,intermediate|advanced,advanced|intermediate,cambridge_15_21_random_intermediate_advanced,4,20,random,,64.203125,927.328125,88.203125,995.9375,1,13,,,,,,,,,,,,2026-08-16T17:54:38.981Z,K8EF3YCB,2026-08-16,2026-08-16,11:54:38,2026-08-16 11:54:38,,,,,,,,697ab12b4591197afc56d253,697ab12b4591197afc56d253,,,,
6897,raw_position_sample,2,3,adv,25,3,3,4,13, typically ,950,68,1534151.8999999762,697ab12b4591197afc56d253,697ab12b4591197afc56d253,advanced,3,697ab12b4591197afc56d253,697ab12b4591197afc56d253,spotlight_PROLIFIC,,31,Mexico,Spanish,N/A,,Spanish:75|English:25,100,Spanish:60|English:40,100,Spanish:90|English:10,100,29,0,Bachelor's,10,10,10,2,3,8,18,30,25,29,,,,,15,25,B1,intermediate|advanced,advanced|intermediate,cambridge_15_21_random_intermediate_advanced,4,20,random,,64.203125,927.328125,88.203125,995.9375,1,13,,,,,,,,,,,,2026-08-16T17:54:38.981Z,K8EF3YCB,2026-08-16,2026-08-16,11:54:38,2026-08-16 11:54:38,,,,,,,,697ab12b4591197afc56d253,697ab12b4591197afc56d253,,,,
6949,raw_position_sample,2,3,adv,25,3,3,4,13, typically ,950,68,1534203.8999999762,697ab12b4591197afc56d253,697ab12b4591197afc56d253,advanced,3,697ab12b4591197afc56d253,697ab12b4591197afc56d253,spotlight_PROLIFIC,,31,Mexico,Spanish,N/A,,Spanish:75|English:25,100,Spanish:60|English:40,100,Spanish:90|English:10,100,29,0,Bachelor's,10,10,10,2,3,8,18,30,25,29,,,,,15,25,B1,intermediate|advanced,advanced|intermediate,cambridge_15_21_random_intermediate_advanced,4,20,random,,64.203125,927.328125,88.203125,995.9375,1,13,,,,,,,,,,,,2026-08-16T17:54:38.981Z,K8EF3YCB,2026-08-16,2026-08-16,11:54:38,2026-08-16 11:54:38,,,,,,,,697ab12b4591197afc56d253,697ab12b4591197afc56d253,,,,
6998,raw_position_sample,2,3,adv,25,3,3,4,13, typically ,950,68,1534252.199999988,697ab12b4591197afc56d253,697ab12b4591197afc56d253,advanced,3,697ab12b4591197afc56d253,697ab12b4591197afc56d253,spotlight_PROLIFIC,,31,Mexico,Spanish,N/A,,Spanish:75|English:25,100,Spanish:60|English:40,100,Spanish:90|English:10,100,29,0,Bachelor's,10,10,10,2,3,8,18,30,25,29,,,,,15,25,B1,intermediate|advanced,advanced|intermediate,cambridge_15_21_random_intermediate_advanced,4,20,random,,64.203125,927.328125,88.203125,995.9375,1,13,,,,,,,,,,,,2026-08-16T17:54:38.981Z,K8EF3YCB,2026-08-16,2026-08-16,11:54:38,2026-08-16 11:54:38,,,,,,,,697ab12b4591197afc56d253,697ab12b4591197afc56d253,,,,
7032,hover_association,2,3,adv,25,3,3,4,13, typically ,932,64,,697ab12b4591197afc56d253,697ab12b4591197afc56d253,advanced,3,697ab12b4591197afc56d253,697ab12b4591197afc56d253,spotlight_PROLIFIC,,31,Mexico,Spanish,N/A,,Spanish:75|English:25,100,Spanish:60|English:40,100,Spanish:90|English:10,100,29,0,Bachelor's,10,10,10,2,3,8,18,30,25,29,,,,,15,25,B1,intermediate|advanced,advanced|intermediate,cambridge_15_21_random_intermediate_advanced,4,20,random,,56.203125,927.328125,96.203125,1000.184375,1,13,hover,266.5,266.5,0.24255811958479867,0.319921875,106,,,,,,2026-08-16T17:54:38.981Z,K8EF3YCB,2026-08-16,2026-08-16,11:54:38,2026-08-16 11:54:38,,,,,,,,697ab12b4591197afc56d253,697ab12b4591197afc56d253,,,,
7037,raw_position_sample,2,3,adv,25,3,3,4,12, “I’m ,927,75,1534291.199999988,697ab12b4591197afc56d253,697ab12b4591197afc56d253,advanced,3,697ab12b4591197afc56d253,697ab12b4591197afc56d253,spotlight_PROLIFIC,,31,Mexico,Spanish,N/A,,Spanish:75|English:25,100,Spanish:60|English:40,100,Spanish:90|English:10,100,29,0,Bachelor's,10,10,10,2,3,8,18,30,25,29,,,,,15,25,B1,intermediate|advanced,advanced|intermediate,cambridge_15_21_random_intermediate_advanced,4,20,random,,64.203125,890.640625,88.203125,927.328125,1,12,,,,,,,,,,,,2026-08-16T17:54:38.981Z,K8EF3YCB,2026-08-16,2026-08-16,11:54:38,2026-08-16 11:54:38,,,,,,,,697ab12b4591197afc56d253,697ab12b4591197afc56d253,,,,
7065,hover_association,2,3,adv,25,3,3,4,12, “I’m ,927,75,,697ab12b4591197afc56d253,697ab12b4591197afc56d253,advanced,3,697ab12b4591197afc56d253,697ab12b4591197afc56d253,spotlight_PROLIFIC,,31,Mexico,Spanish,N/A,,Spanish:75|English:25,100,Spanish:60|English:40,100,Spanish:90|English:10,100,29,0,Bachelor's,10,10,10,2,3,8,18,30,25,29,,,,,15,25,B1,intermediate|advanced,advanced|intermediate,cambridge_15_21_random_intermediate_advanced,4,20,random,,56.203125,890.640625,96.203125,927.328125,1,12,hover,33.39999997615814,33.39999997615814,0.4186541737649063,0.594921875,106,,,,,,2026-08-16T17:54:38.981Z,K8EF3YCB,2026-08-16,2026-08-16,11:54:38,2026-08-16 11:54:38,,,,,,,,697ab12b4591197afc56d253,697ab12b4591197afc56d253,,,,
7087,raw_position_sample,2,3,adv,25,3,3,4,11, stores. ,861,90,1534341.3999999762,697ab12b4591197afc56d253,697ab12b4591197afc56d253,advanced,3,697ab12b4591197afc56d253,697ab12b4591197afc56d253,spotlight_PROLIFIC,,31,Mexico,Spanish,N/A,,Spanish:75|English:25,100,Spanish:60|English:40,100,Spanish:90|English:10,100,29,0,Bachelor's,10,10,10,2,3,8,18,30,25,29,,,,,15,25,B1,intermediate|advanced,advanced|intermediate,cambridge_15_21_random_intermediate_advanced,4,20,random,,64.203125,829.265625,88.203125,890.640625,1,11,,,,,,,,,,,,2026-08-16T17:54:38.981Z,K8EF3YCB,2026-08-16,2026-08-16,11:54:38,2026-08-16 11:54:38,,,,,,,,697ab12b4591197afc56d253,697ab12b4591197afc56d253,,,,
7099,hover_association,2,3,adv,25,3,3,4,11, stores. ,883,84,,697ab12b4591197afc56d253,697ab12b4591197afc56d253,advanced,3,697ab12b4591197afc56d253,697ab12b4591197afc56d253,spotlight_PROLIFIC,,31,Mexico,Spanish,N/A,,Spanish:75|English:25,100,Spanish:60|English:40,100,Spanish:90|English:10,100,29,0,Bachelor's,10,10,10,2,3,8,18,30,25,29,,,,,15,25,B1,intermediate|advanced,advanced|intermediate,cambridge_15_21_random_intermediate_advanced,4,20,random,,56.203125,829.265625,96.203125,890.640625,1,11,hover,33.200000047683716,33.200000047683716,0.5170570264765784,0.844921875,106,,,,,,2026-08-16T17:54:38.981Z,K8EF3YCB,2026-08-16,2026-08-16,11:54:38,2026-08-16 11:54:38,,,,,,,,697ab12b4591197afc56d253,697ab12b4591197afc56d253,,,,
7136,raw_position_sample,2,3,adv,25,3,3,4,25, assess ,805,104,1534390.8999999762,697ab12b4591197afc56d253,697ab12b4591197afc56d253,advanced,3,697ab12b4591197afc56d253,697ab12b4591197afc56d253,spotlight_PROLIFIC,,31,Mexico,Spanish,N/A,,Spanish:75|English:25,100,Spanish:60|English:40,100,Spanish:90|English:10,100,29,0,Bachelor's,10,10,10,2,3,8,18,30,25,29,,,,,15,25,B1,intermediate|advanced,advanced|intermediate,cambridge_15_21_random_intermediate_advanced,4,20,random,,104.203125,787.140625,128.203125,846.5625,2,12,,,,,,,,,,,,2026-08-16T17:54:38.981Z,K8EF3YCB,2026-08-16,2026-08-16,11:54:38,2026-08-16 11:54:38,,,,,,,,697ab12b4591197afc56d253,697ab12b4591197afc56d253,,,,
7166,hover_association,2,3,adv,25,3,3,4,25, assess ,832,98,,697ab12b4591197afc56d253,697ab12b4591197afc56d253,advanced,3,697ab12b4591197afc56d253,697ab12b4591197afc56d253,spotlight_PROLIFIC,,31,Mexico,Spanish,N/A,,Spanish:75|English:25,100,Spanish:60|English:40,100,Spanish:90|English:10,100,29,0,Bachelor's,10,10,10,2,3,8,18,30,25,29,,,,,15,25,B1,intermediate|advanced,advanced|intermediate,cambridge_15_21_random_intermediate_advanced,4,20,random,,96.203125,787.140625,136.203125,846.5625,2,12,hover,66.79999995231628,66.79999995231628,0.11543518275046016,0.194921875,106,,,,,,2026-08-16T17:54:38.981Z,K8EF3YCB,2026-08-16,2026-08-16,11:54:38,2026-08-16 11:54:38,,,,,,,,697ab12b4591197afc56d253,697ab12b4591197afc56d253,,,,
7187,raw_position_sample,2,3,adv,25,3,3,4,24, to ,771,104,1534441.3999999762,697ab12b4591197afc56d253,697ab12b4591197afc56d253,advanced,3,697ab12b4591197afc56d253,697ab12b4591197afc56d253,spotlight_PROLIFIC,,31,Mexico,Spanish,N/A,,Spanish:75|English:25,100,Spanish:60|English:40,100,Spanish:90|English:10,100,29,0,Bachelor's,10,10,10,2,3,8,18,30,25,29,,,,,15,25,B1,intermediate|advanced,advanced|intermediate,cambridge_15_21_random_intermediate_advanced,4,20,random,,104.203125,765.0625,128.203125,787.140625,2,11,,,,,,,,,,,,2026-08-16T17:54:38.981Z,K8EF3YCB,2026-08-16,2026-08-16,11:54:38,2026-08-16 11:54:38,,,,,,,,697ab12b4591197afc56d253,697ab12b4591197afc56d253,,,,
7199,hover_association,2,3,adv,25,3,3,4,24, to ,784,104,,697ab12b4591197afc56d253,697ab12b4591197afc56d253,advanced,3,697ab12b4591197afc56d253,697ab12b4591197afc56d253,spotlight_PROLIFIC,,31,Mexico,Spanish,N/A,,Spanish:75|English:25,100,Spanish:60|English:40,100,Spanish:90|English:10,100,29,0,Bachelor's,10,10,10,2,3,8,18,30,25,29,,,,,15,25,B1,intermediate|advanced,advanced|intermediate,cambridge_15_21_random_intermediate_advanced,4,20,random,,96.203125,765.0625,136.203125,787.140625,2,11,hover,33.700000047683716,33.700000047683716,0.2689313517338995,0.194921875,106,,,,,,2026-08-16T17:54:38.981Z,K8EF3YCB,2026-08-16,2026-08-16,11:54:38,2026-08-16 11:54:38,,,,,,,,697ab12b4591197afc56d253,697ab12b4591197afc56d253,,,,
7232,hover_association,2,3,adv,25,3,3,4,23," store, ",744,104,,697ab12b4591197afc56d253,697ab12b4591197afc56d253,advanced,3,697ab12b4591197afc56d253,697ab12b4591197afc56d253,spotlight_PROLIFIC,,31,Mexico,Spanish,N/A,,Spanish:75|English:25,100,Spanish:60|English:40,100,Spanish:90|English:10,100,29,0,Bachelor's,10,10,10,2,3,8,18,30,25,29,,,,,15,25,B1,intermediate|advanced,advanced|intermediate,cambridge_15_21_random_intermediate_advanced,4,20,random,,96.203125,712.3125,136.203125,765.0625,2,10,hover,32.89999997615814,32.89999997615814,0.0509478672985782,0.194921875,106,,,,,,2026-08-16T17:54:38.981Z,K8EF3YCB,2026-08-16,2026-08-16,11:54:38,2026-08-16 11:54:38,,,,,,,,697ab12b4591197afc56d253,697ab12b4591197afc56d253,,,,
7236,raw_position_sample,2,3,adv,25,3,3,4,22, each ,680,104,1534490.699999988,697ab12b4591197afc56d253,697ab12b4591197afc56d253,advanced,3,697ab12b4591197afc56d253,697ab12b4591197afc56d253,spotlight_PROLIFIC,,31,Mexico,Spanish,N/A,,Spanish:75|English:25,100,Spanish:60|English:40,100,Spanish:90|English:10,100,29,0,Bachelor's,10,10,10,2,3,8,18,30,25,29,,,,,15,25,B1,intermediate|advanced,advanced|intermediate,cambridge_15_21_random_intermediate_advanced,4,20,random,,104.203125,667.609375,128.203125,712.3125,2,9,,,,,,,,,,,,2026-08-16T17:54:38.981Z,K8EF3YCB,2026-08-16,2026-08-16,11:54:38,2026-08-16 11:54:38,,,,,,,,697ab12b4591197afc56d253,697ab12b4591197afc56d253,,,,
7249,hover_association,2,3,adv,25,3,3,4,22, each ,680,104,,697ab12b4591197afc56d253,697ab12b4591197afc56d253,advanced,3,697ab12b4591197afc56d253,697ab12b4591197afc56d253,spotlight_PROLIFIC,,31,Mexico,Spanish,N/A,,Spanish:75|English:25,100,Spanish:60|English:40,100,Spanish:90|English:10,100,29,0,Bachelor's,10,10,10,2,3,8,18,30,25,29,,,,,15,25,B1,intermediate|advanced,advanced|intermediate,cambridge_15_21_random_intermediate_advanced,4,20,random,,96.203125,667.609375,136.203125,712.3125,2,9,hover,16.80000001192093,16.80000001192093,0.2771758126529186,0.194921875,106,,,,,,2026-08-16T17:54:38.981Z,K8EF3YCB,2026-08-16,2026-08-16,11:54:38,2026-08-16 11:54:38,,,,,,,,697ab12b4591197afc56d253,697ab12b4591197afc56d253,,,,
7265,hover_association,2,3,adv,25,3,3,4,21, at ,647,104,,697ab12b4591197afc56d253,697ab12b4591197afc56d253,advanced,3,697ab12b4591197afc56d253,697ab12b4591197afc56d253,spotlight_PROLIFIC,,31,Mexico,Spanish,N/A,,Spanish:75|English:25,100,Spanish:60|English:40,100,Spanish:90|English:10,100,29,0,Bachelor's,10,10,10,2,3,8,18,30,25,29,,,,,15,25,B1,intermediate|advanced,advanced|intermediate,cambridge_15_21_random_intermediate_advanced,4,20,random,,96.203125,646.328125,136.203125,667.609375,2,8,hover,16.5,16.5,0.0315712187958884,0.194921875,106,,,,,,2026-08-16T17:54:38.981Z,K8EF3YCB,2026-08-16,2026-08-16,11:54:38,2026-08-16 11:54:38,,,,,,,,697ab12b4591197afc56d253,697ab12b4591197afc56d253,,,,
7282,hover_association,2,3,adv,25,3,3,4,20, spend ,608,104,,697ab12b4591197afc56d253,697ab12b4591197afc56d253,advanced,3,697ab12b4591197afc56d253,697ab12b4591197afc56d253,spotlight_PROLIFIC,,31,Mexico,Spanish,N/A,,Spanish:75|English:25,100,Spanish:60|English:40,100,Spanish:90|English:10,100,29,0,Bachelor's,10,10,10,2,3,8,18,30,25,29,,,,,15,25,B1,intermediate|advanced,advanced|intermediate,cambridge_15_21_random_intermediate_advanced,4,20,random,,96.203125,589.609375,136.203125,646.328125,2,7,hover,16.80000001192093,16.80000001192093,0.3242424242424242,0.194921875,106,,,,,,2026-08-16T17:54:38.981Z,K8EF3YCB,2026-08-16,2026-08-16,11:54:38,2026-08-16 11:54:38,,,,,,,,697ab12b4591197afc56d253,697ab12b4591197afc56d253,,,,
7288,raw_position_sample,2,3,adv,25,3,3,4,18, £20 ,559,105,1534542.3999999762,697ab12b4591197afc56d253,697ab12b4591197afc56d253,advanced,3,697ab12b4591197afc56d253,697ab12b4591197afc56d253,spotlight_PROLIFIC,,31,Mexico,Spanish,N/A,,Spanish:75|English:25,100,Spanish:60|English:40,100,Spanish:90|English:10,100,29,0,Bachelor's,10,10,10,2,3,8,18,30,25,29,,,,,15,25,B1,intermediate|advanced,advanced|intermediate,cambridge_15_21_random_intermediate_advanced,4,20,random,,104.203125,531.953125,128.203125,567.53125,2,5,,,,,,,,,,,,2026-08-16T17:54:38.981Z,K8EF3YCB,2026-08-16,2026-08-16,11:54:38,2026-08-16 11:54:38,,,,,,,,697ab12b4591197afc56d253,697ab12b4591197afc56d253,,,,
7299,hover_association,2,3,adv,25,3,3,4,18, £20 ,559,105,,697ab12b4591197afc56d253,697ab12b4591197afc56d253,advanced,3,697ab12b4591197afc56d253,697ab12b4591197afc56d253,spotlight_PROLIFIC,,31,Mexico,Spanish,N/A,,Spanish:75|English:25,100,Spanish:60|English:40,100,Spanish:90|English:10,100,29,0,Bachelor's,10,10,10,2,3,8,18,30,25,29,,,,,15,25,B1,intermediate|advanced,advanced|intermediate,cambridge_15_21_random_intermediate_advanced,4,20,random,,96.203125,531.953125,136.203125,567.53125,2,5,hover,16.5,16.5,0.7602108036890646,0.219921875,106,,,,,,2026-08-16T17:54:38.981Z,K8EF3YCB,2026-08-16,2026-08-16,11:54:38,2026-08-16 11:54:38,,,,,,,,697ab12b4591197afc56d253,697ab12b4591197afc56d253,,,,
7315,hover_association,2,3,adv,25,3,3,4,16, £5 ,480,114,,697ab12b4591197afc56d253,697ab12b4591197afc56d253,advanced,3,697ab12b4591197afc56d253,697ab12b4591197afc56d253,spotlight_PROLIFIC,,31,Mexico,Spanish,N/A,,Spanish:75|English:25,100,Spanish:60|English:40,100,Spanish:90|English:10,100,29,0,Bachelor's,10,10,10,2,3,8,18,30,25,29,,,,,15,25,B1,intermediate|advanced,advanced|intermediate,cambridge_15_21_random_intermediate_advanced,4,20,random,,96.203125,469.6875,136.203125,494.96875,2,3,hover,16.799999952316284,16.799999952316284,0.4079110012360939,0.444921875,106,,,,,,2026-08-16T17:54:38.981Z,K8EF3YCB,2026-08-16,2026-08-16,11:54:38,2026-08-16 11:54:38,,,,,,,,697ab12b4591197afc56d253,697ab12b4591197afc56d253,,,,
7333,hover_association,2,3,adv,25,3,3,4,15, between ,414,130,,697ab12b4591197afc56d253,697ab12b4591197afc56d253,advanced,3,697ab12b4591197afc56d253,697ab12b4591197afc56d253,spotlight_PROLIFIC,,31,Mexico,Spanish,N/A,,Spanish:75|English:25,100,Spanish:60|English:40,100,Spanish:90|English:10,100,29,0,Bachelor's,10,10,10,2,3,8,18,30,25,29,,,,,15,25,B1,intermediate|advanced,advanced|intermediate,cambridge_15_21_random_intermediate_advanced,4,20,random,,96.203125,391.703125,136.203125,469.6875,2,2,hover,16.600000023841858,16.600000023841858,0.2859146463634542,0.844921875,106,,,,,,2026-08-16T17:54:38.981Z,K8EF3YCB,2026-08-16,2026-08-16,11:54:38,2026-08-16 11:54:38,,,,,,,,697ab12b4591197afc56d253,697ab12b4591197afc56d253,,,,
7338,raw_position_sample,2,3,adv,25,3,3,4,29, receive ,353,148,1534592.300000012,697ab12b4591197afc56d253,697ab12b4591197afc56d253,advanced,3,697ab12b4591197afc56d253,697ab12b4591197afc56d253,spotlight_PROLIFIC,,31,Mexico,Spanish,N/A,,Spanish:75|English:25,100,Spanish:60|English:40,100,Spanish:90|English:10,100,29,0,Bachelor's,10,10,10,2,3,8,18,30,25,29,,,,,15,25,B1,intermediate|advanced,advanced|intermediate,cambridge_15_21_random_intermediate_advanced,4,20,random,,144.203125,340.875,168.203125,405.515625,3,1,,,,,,,,,,,,2026-08-16T17:54:38.981Z,K8EF3YCB,2026-08-16,2026-08-16,11:54:38,2026-08-16 11:54:38,,,,,,,,697ab12b4591197afc56d253,697ab12b4591197afc56d253,,,,
7349,hover_association,2,3,adv,25,3,3,4,29, receive ,353,148,,697ab12b4591197afc56d253,697ab12b4591197afc56d253,advanced,3,697ab12b4591197afc56d253,697ab12b4591197afc56d253,spotlight_PROLIFIC,,31,Mexico,Spanish,N/A,,Spanish:75|English:25,100,Spanish:60|English:40,100,Spanish:90|English:10,100,29,0,Bachelor's,10,10,10,2,3,8,18,30,25,29,,,,,15,25,B1,intermediate|advanced,advanced|intermediate,cambridge_15_21_random_intermediate_advanced,4,20,random,,136.203125,336.628125,176.203125,405.515625,3,1,hover,16.69999998807907,16.69999998807907,0.23766104155325699,0.294921875,106,,,,,,2026-08-16T17:54:38.981Z,K8EF3YCB,2026-08-16,2026-08-16,11:54:38,2026-08-16 11:54:38,,,,,,,,697ab12b4591197afc56d253,697ab12b4591197afc56d253,,,,
7386,raw_position_sample,2,3,adv,25,3,3,4,-1,999,289,165,1534640.800000012,697ab12b4591197afc56d253,697ab12b4591197afc56d253,advanced,3,697ab12b4591197afc56d253,697ab12b4591197afc56d253,spotlight_PROLIFIC,,31,Mexico,Spanish,N/A,,Spanish:75|English:25,100,Spanish:60|English:40,100,Spanish:90|English:10,100,29,0,Bachelor's,10,10,10,2,3,8,18,30,25,29,,,,,15,25,B1,intermediate|advanced,advanced|intermediate,cambridge_15_21_random_intermediate_advanced,4,20,random,,,,,,,,,,,,,,,,,,,2026-08-16T17:54:38.981Z,K8EF3YCB,2026-08-16,2026-08-16,11:54:38,2026-08-16 11:54:38,,,,,,,,697ab12b4591197afc56d253,697ab12b4591197afc56d253,,,,
7436,raw_position_sample,2,3,adv,25,3,3,4,-1,999,292,162,1534690.199999988,697ab12b4591197afc56d253,697ab12b4591197afc56d253,advanced,3,697ab12b4591197afc56d253,697ab12b4591197afc56d253,spotlight_PROLIFIC,,31,Mexico,Spanish,N/A,,Spanish:75|English:25,100,Spanish:60|English:40,100,Spanish:90|English:10,100,29,0,Bachelor's,10,10,10,2,3,8,18,30,25,29,,,,,15,25,B1,intermediate|advanced,advanced|intermediate,cambridge_15_21_random_intermediate_advanced,4,20,random,,,,,,,,,,,,,,,,,,,2026-08-16T17:54:38.981Z,K8EF3YCB,2026-08-16,2026-08-16,11:54:38,2026-08-16 11:54:38,,,,,,,,697ab12b4591197afc56d253,697ab12b4591197afc56d253,,,,
7485,raw_position_sample,2,3,adv,25,3,3,4,-1,999,306,152,1534739.699999988,697ab12b4591197afc56d253,697ab12b4591197afc56d253,advanced,3,697ab12b4591197afc56d253,697ab12b4591197afc56d253,spotlight_PROLIFIC,,31,Mexico,Spanish,N/A,,Spanish:75|English:25,100,Spanish:60|English:40,100,Spanish:90|English:10,100,29,0,Bachelor's,10,10,10,2,3,8,18,30,25,29,,,,,15,25,B1,intermediate|advanced,advanced|intermediate,cambridge_15_21_random_intermediate_advanced,4,20,random,,,,,,,,,,,,,,,,,,,2026-08-16T17:54:38.981Z,K8EF3YCB,2026-08-16,2026-08-16,11:54:38,2026-08-16 11:54:38,,,,,,,,697ab12b4591197afc56d253,697ab12b4591197afc56d253,,,,
7535,raw_position_sample,2,3,adv,25,3,3,4,-1,999,309,152,1534789.300000012,697ab12b4591197afc56d253,697ab12b4591197afc56d253,advanced,3,697ab12b4591197afc56d253,697ab12b4591197afc56d253,spotlight_PROLIFIC,,31,Mexico,Spanish,N/A,,Spanish:75|English:25,100,Spanish:60|English:40,100,Spanish:90|English:10,100,29,0,Bachelor's,10,10,10,2,3,8,18,30,25,29,,,,,15,25,B1,intermediate|advanced,advanced|intermediate,cambridge_15_21_random_intermediate_advanced,4,20,random,,,,,,,,,,,,,,,,,,,2026-08-16T17:54:38.981Z,K8EF3YCB,2026-08-16,2026-08-16,11:54:38,2026-08-16 11:54:38,,,,,,,,697ab12b4591197afc56d253,697ab12b4591197afc56d253,,,,
7586,raw_position_sample,2,3,adv,25,3,3,4,-1,999,330,144,1534840.199999988,697ab12b4591197afc56d253,697ab12b4591197afc56d253,advanced,3,697ab12b4591197afc56d253,697ab12b4591197afc56d253,spotlight_PROLIFIC,,31,Mexico,Spanish,N/A,,Spanish:75|English:25,100,Spanish:60|English:40,100,Spanish:90|English:10,100,29,0,Bachelor's,10,10,10,2,3,8,18,30,25,29,,,,,15,25,B1,intermediate|advanced,advanced|intermediate,cambridge_15_21_random_intermediate_advanced,4,20,random,,,,,,,,,,,,,,,,,,,2026-08-16T17:54:38.981Z,K8EF3YCB,2026-08-16,2026-08-16,11:54:38,2026-08-16 11:54:38,,,,,,,,697ab12b4591197afc56d253,697ab12b4591197afc56d253,,,,
7636,raw_position_sample,2,3,adv,25,3,3,4,14, given ,383,121,1534890.8999999762,697ab12b4591197afc56d253,697ab12b4591197afc56d253,advanced,3,697ab12b4591197afc56d253,697ab12b4591197afc56d253,spotlight_PROLIFIC,,31,Mexico,Spanish,N/A,,Spanish:75|English:25,100,Spanish:60|English:40,100,Spanish:90|English:10,100,29,0,Bachelor's,10,10,10,2,3,8,18,30,25,29,,,,,15,25,B1,intermediate|advanced,advanced|intermediate,cambridge_15_21_random_intermediate_advanced,4,20,random,,104.203125,340.875,128.203125,391.703125,2,1,,,,,,,,,,,,2026-08-16T17:54:38.981Z,K8EF3YCB,2026-08-16,2026-08-16,11:54:38,2026-08-16 11:54:38,,,,,,,,697ab12b4591197afc56d253,697ab12b4591197afc56d253,,,,
7666,hover_association,2,3,adv,25,3,3,4,14, given ,352,134,,697ab12b4591197afc56d253,697ab12b4591197afc56d253,advanced,3,697ab12b4591197afc56d253,697ab12b4591197afc56d253,spotlight_PROLIFIC,,31,Mexico,Spanish,N/A,,Spanish:75|English:25,100,Spanish:60|English:40,100,Spanish:90|English:10,100,29,0,Bachelor's,10,10,10,2,3,8,18,30,25,29,,,,,15,25,B1,intermediate|advanced,advanced|intermediate,cambridge_15_21_random_intermediate_advanced,4,20,random,,96.203125,336.628125,136.203125,391.703125,2,1,hover,67,67,0.9872333182024512,0.544921875,106,,,,,,2026-08-16T17:54:38.981Z,K8EF3YCB,2026-08-16,2026-08-16,11:54:38,2026-08-16 11:54:38,,,,,,,,697ab12b4591197afc56d253,697ab12b4591197afc56d253,,,,
7699,raw_position_sample,2,3,adv,25,3,3,4,15, between ,393,118,1534953.5999999642,697ab12b4591197afc56d253,697ab12b4591197afc56d253,advanced,3,697ab12b4591197afc56d253,697ab12b4591197afc56d253,spotlight_PROLIFIC,,31,Mexico,Spanish,N/A,,Spanish:75|English:25,100,Spanish:60|English:40,100,Spanish:90|English:10,100,29,0,Bachelor's,10,10,10,2,3,8,18,30,25,29,,,,,15,25,B1,intermediate|advanced,advanced|intermediate,cambridge_15_21_random_intermediate_advanced,4,20,random,,104.203125,391.703125,128.203125,469.6875,2,2,,,,,,,,,,,,2026-08-16T17:54:38.981Z,K8EF3YCB,2026-08-16,2026-08-16,11:54:38,2026-08-16 11:54:38,,,,,,,,697ab12b4591197afc56d253,697ab12b4591197afc56d253,,,,
7749,raw_position_sample,2,3,adv,25,3,3,4,15, between ,393,118,1535003.199999988,697ab12b4591197afc56d253,697ab12b4591197afc56d253,advanced,3,697ab12b4591197afc56d253,697ab12b4591197afc56d253,spotlight_PROLIFIC,,31,Mexico,Spanish,N/A,,Spanish:75|English:25,100,Spanish:60|English:40,100,Spanish:90|English:10,100,29,0,Bachelor's,10,10,10,2,3,8,18,30,25,29,,,,,15,25,B1,intermediate|advanced,advanced|intermediate,cambridge_15_21_random_intermediate_advanced,4,20,random,,104.203125,391.703125,128.203125,469.6875,2,2,,,,,,,,,,,,2026-08-16T17:54:38.981Z,K8EF3YCB,2026-08-16,2026-08-16,11:54:38,2026-08-16 11:54:38,,,,,,,,697ab12b4591197afc56d253,697ab12b4591197afc56d253,,,,
7796,raw_position_sample,2,3,adv,25,3,3,4,15, between ,393,118,1535050.5999999642,697ab12b4591197afc56d253,697ab12b4591197afc56d253,advanced,3,697ab12b4591197afc56d253,697ab12b4591197afc56d253,spotlight_PROLIFIC,,31,Mexico,Spanish,N/A,,Spanish:75|English:25,100,Spanish:60|English:40,100,Spanish:90|English:10,100,29,0,Bachelor's,10,10,10,2,3,8,18,30,25,29,,,,,15,25,B1,intermediate|advanced,advanced|intermediate,cambridge_15_21_random_intermediate_advanced,4,20,random,,104.203125,391.703125,128.203125,469.6875,2,2,,,,,,,,,,,,2026-08-16T17:54:38.981Z,K8EF3YCB,2026-08-16,2026-08-16,11:54:38,2026-08-16 11:54:38,,,,,,,,697ab12b4591197afc56d253,697ab12b4591197afc56d253,,,,
7845,raw_position_sample,2,3,adv,25,3,3,4,15, between ,393,118,1535099.300000012,697ab12b4591197afc56d253,697ab12b4591197afc56d253,advanced,3,697ab12b4591197afc56d253,697ab12b4591197afc56d253,spotlight_PROLIFIC,,31,Mexico,Spanish,N/A,,Spanish:75|English:25,100,Spanish:60|English:40,100,Spanish:90|English:10,100,29,0,Bachelor's,10,10,10,2,3,8,18,30,25,29,,,,,15,25,B1,intermediate|advanced,advanced|intermediate,cambridge_15_21_random_intermediate_advanced,4,20,random,,104.203125,391.703125,128.203125,469.6875,2,2,,,,,,,,,,,,2026-08-16T17:54:38.981Z,K8EF3YCB,2026-08-16,2026-08-16,11:54:38,2026-08-16 11:54:38,,,,,,,,697ab12b4591197afc56d253,697ab12b4591197afc56d253,,,,
7893,raw_position_sample,2,3,adv,25,3,3,4,15, between ,393,118,1535147.199999988,697ab12b4591197afc56d253,697ab12b4591197afc56d253,advanced,3,697ab12b4591197afc56d253,697ab12b4591197afc56d253,spotlight_PROLIFIC,,31,Mexico,Spanish,N/A,,Spanish:75|English:25,100,Spanish:60|English:40,100,Spanish:90|English:10,100,29,0,Bachelor's,10,10,10,2,3,8,18,30,25,29,,,,,15,25,B1,intermediate|advanced,advanced|intermediate,cambridge_15_21_random_intermediate_advanced,4,20,random,,104.203125,391.703125,128.203125,469.6875,2,2,,,,,,,,,,,,2026-08-16T17:54:38.981Z,K8EF3YCB,2026-08-16,2026-08-16,11:54:38,2026-08-16 11:54:38,,,,,,,,697ab12b4591197afc56d253,697ab12b4591197afc56d253,,,,
7941,raw_position_sample,2,3,adv,25,3,3,4,15, between ,393,118,1535196,697ab12b4591197afc56d253,697ab12b4591197afc56d253,advanced,3,697ab12b4591197afc56d253,697ab12b4591197afc56d253,spotlight_PROLIFIC,,31,Mexico,Spanish,N/A,,Spanish:75|English:25,100,Spanish:60|English:40,100,Spanish:90|English:10,100,29,0,Bachelor's,10,10,10,2,3,8,18,30,25,29,,,,,15,25,B1,intermediate|advanced,advanced|intermediate,cambridge_15_21_random_intermediate_advanced,4,20,random,,104.203125,391.703125,128.203125,469.6875,2,2,,,,,,,,,,,,2026-08-16T17:54:38.981Z,K8EF3YCB,2026-08-16,2026-08-16,11:54:38,2026-08-16 11:54:38,,,,,,,,697ab12b4591197afc56d253,697ab12b4591197afc56d253,,,,
7990,raw_position_sample,2,3,adv,25,3,3,4,15, between ,393,118,1535244.300000012,697ab12b4591197afc56d253,697ab12b4591197afc56d253,advanced,3,697ab12b4591197afc56d253,697ab12b4591197afc56d253,spotlight_PROLIFIC,,31,Mexico,Spanish,N/A,,Spanish:75|English:25,100,Spanish:60|English:40,100,Spanish:90|English:10,100,29,0,Bachelor's,10,10,10,2,3,8,18,30,25,29,,,,,15,25,B1,intermediate|advanced,advanced|intermediate,cambridge_15_21_random_intermediate_advanced,4,20,random,,104.203125,391.703125,128.203125,469.6875,2,2,,,,,,,,,,,,2026-08-16T17:54:38.981Z,K8EF3YCB,2026-08-16,2026-08-16,11:54:38,2026-08-16 11:54:38,,,,,,,,697ab12b4591197afc56d253,697ab12b4591197afc56d253,,,,
8033,hover_association,2,3,adv,25,3,3,4,15, between ,393,118,,697ab12b4591197afc56d253,697ab12b4591197afc56d253,advanced,3,697ab12b4591197afc56d253,697ab12b4591197afc56d253,spotlight_PROLIFIC,,31,Mexico,Spanish,N/A,,Spanish:75|English:25,100,Spanish:60|English:40,100,Spanish:90|English:10,100,29,0,Bachelor's,10,10,10,2,3,8,18,30,25,29,,,,,15,25,B1,intermediate|advanced,advanced|intermediate,cambridge_15_21_random_intermediate_advanced,4,20,random,,96.203125,391.703125,136.203125,469.6875,2,2,hover,367,367,0.003806852334201563,0.544921875,106,,,,,,2026-08-16T17:54:38.981Z,K8EF3YCB,2026-08-16,2026-08-16,11:54:38,2026-08-16 11:54:38,,,,,,,,697ab12b4591197afc56d253,697ab12b4591197afc56d253,,,,
8038,raw_position_sample,2,3,adv,25,3,3,4,14, given ,391,118,1535292.8999999762,697ab12b4591197afc56d253,697ab12b4591197afc56d253,advanced,3,697ab12b4591197afc56d253,697ab12b4591197afc56d253,spotlight_PROLIFIC,,31,Mexico,Spanish,N/A,,Spanish:75|English:25,100,Spanish:60|English:40,100,Spanish:90|English:10,100,29,0,Bachelor's,10,10,10,2,3,8,18,30,25,29,,,,,15,25,B1,intermediate|advanced,advanced|intermediate,cambridge_15_21_random_intermediate_advanced,4,20,random,,104.203125,340.875,128.203125,391.703125,2,1,,,,,,,,,,,,2026-08-16T17:54:38.981Z,K8EF3YCB,2026-08-16,2026-08-16,11:54:38,2026-08-16 11:54:38,,,,,,,,697ab12b4591197afc56d253,697ab12b4591197afc56d253,,,,
8101,raw_position_sample,2,3,adv,25,3,3,4,14, given ,376,125,1535355.699999988,697ab12b4591197afc56d253,697ab12b4591197afc56d253,advanced,3,697ab12b4591197afc56d253,697ab12b4591197afc56d253,spotlight_PROLIFIC,,31,Mexico,Spanish,N/A,,Spanish:75|English:25,100,Spanish:60|English:40,100,Spanish:90|English:10,100,29,0,Bachelor's,10,10,10,2,3,8,18,30,25,29,,,,,15,25,B1,intermediate|advanced,advanced|intermediate,cambridge_15_21_random_intermediate_advanced,4,20,random,,104.203125,340.875,128.203125,391.703125,2,1,,,,,,,,,,,,2026-08-16T17:54:38.981Z,K8EF3YCB,2026-08-16,2026-08-16,11:54:38,2026-08-16 11:54:38,,,,,,,,697ab12b4591197afc56d253,697ab12b4591197afc56d253,,,,
8149,raw_position_sample,2,3,adv,25,3,3,4,14, given ,372,127,1535403.199999988,697ab12b4591197afc56d253,697ab12b4591197afc56d253,advanced,3,697ab12b4591197afc56d253,697ab12b4591197afc56d253,spotlight_PROLIFIC,,31,Mexico,Spanish,N/A,,Spanish:75|English:25,100,Spanish:60|English:40,100,Spanish:90|English:10,100,29,0,Bachelor's,10,10,10,2,3,8,18,30,25,29,,,,,15,25,B1,intermediate|advanced,advanced|intermediate,cambridge_15_21_random_intermediate_advanced,4,20,random,,104.203125,340.875,128.203125,391.703125,2,1,,,,,,,,,,,,2026-08-16T17:54:38.981Z,K8EF3YCB,2026-08-16,2026-08-16,11:54:38,2026-08-16 11:54:38,,,,,,,,697ab12b4591197afc56d253,697ab12b4591197afc56d253,,,,
8187,raw_position_sample,2,3,adv,25,3,3,4,14, given ,369,127,1535441.5,697ab12b4591197afc56d253,697ab12b4591197afc56d253,advanced,3,697ab12b4591197afc56d253,697ab12b4591197afc56d253,spotlight_PROLIFIC,,31,Mexico,Spanish,N/A,,Spanish:75|English:25,100,Spanish:60|English:40,100,Spanish:90|English:10,100,29,0,Bachelor's,10,10,10,2,3,8,18,30,25,29,,,,,15,25,B1,intermediate|advanced,advanced|intermediate,cambridge_15_21_random_intermediate_advanced,4,20,random,,104.203125,340.875,128.203125,391.703125,2,1,,,,,,,,,,,,2026-08-16T17:54:38.981Z,K8EF3YCB,2026-08-16,2026-08-16,11:54:38,2026-08-16 11:54:38,,,,,,,,697ab12b4591197afc56d253,697ab12b4591197afc56d253,,,,
8248,raw_position_sample,2,3,adv,25,3,3,4,14, given ,360,129,1535502.5999999642,697ab12b4591197afc56d253,697ab12b4591197afc56d253,advanced,3,697ab12b4591197afc56d253,697ab12b4591197afc56d253,spotlight_PROLIFIC,,31,Mexico,Spanish,N/A,,Spanish:75|English:25,100,Spanish:60|English:40,100,Spanish:90|English:10,100,29,0,Bachelor's,10,10,10,2,3,8,18,30,25,29,,,,,15,25,B1,intermediate|advanced,advanced|intermediate,cambridge_15_21_random_intermediate_advanced,4,20,random,,104.203125,340.875,128.203125,391.703125,2,1,,,,,,,,,,,,2026-08-16T17:54:38.981Z,K8EF3YCB,2026-08-16,2026-08-16,11:54:38,2026-08-16 11:54:38,,,,,,,,697ab12b4591197afc56d253,697ab12b4591197afc56d253,,,,
8298,raw_position_sample,2,3,adv,25,3,3,4,14, given ,360,129,1535552.8999999762,697ab12b4591197afc56d253,697ab12b4591197afc56d253,advanced,3,697ab12b4591197afc56d253,697ab12b4591197afc56d253,spotlight_PROLIFIC,,31,Mexico,Spanish,N/A,,Spanish:75|English:25,100,Spanish:60|English:40,100,Spanish:90|English:10,100,29,0,Bachelor's,10,10,10,2,3,8,18,30,25,29,,,,,15,25,B1,intermediate|advanced,advanced|intermediate,cambridge_15_21_random_intermediate_advanced,4,20,random,,104.203125,340.875,128.203125,391.703125,2,1,,,,,,,,,,,,2026-08-16T17:54:38.981Z,K8EF3YCB,2026-08-16,2026-08-16,11:54:38,2026-08-16 11:54:38,,,,,,,,697ab12b4591197afc56d253,697ab12b4591197afc56d253,,,,
8347,raw_position_sample,2,3,adv,25,3,3,4,14, given ,360,129,1535601.5999999642,697ab12b4591197afc56d253,697ab12b4591197afc56d253,advanced,3,697ab12b4591197afc56d253,697ab12b4591197afc56d253,spotlight_PROLIFIC,,31,Mexico,Spanish,N/A,,Spanish:75|English:25,100,Spanish:60|English:40,100,Spanish:90|English:10,100,29,0,Bachelor's,10,10,10,2,3,8,18,30,25,29,,,,,15,25,B1,intermediate|advanced,advanced|intermediate,cambridge_15_21_random_intermediate_advanced,4,20,random,,104.203125,340.875,128.203125,391.703125,2,1,,,,,,,,,,,,2026-08-16T17:54:38.981Z,K8EF3YCB,2026-08-16,2026-08-16,11:54:38,2026-08-16 11:54:38,,,,,,,,697ab12b4591197afc56d253,697ab12b4591197afc56d253,,,,
8395,raw_position_sample,2,3,adv,25,3,3,4,14, given ,360,129,1535649.199999988,697ab12b4591197afc56d253,697ab12b4591197afc56d253,advanced,3,697ab12b4591197afc56d253,697ab12b4591197afc56d253,spotlight_PROLIFIC,,31,Mexico,Spanish,N/A,,Spanish:75|English:25,100,Spanish:60|English:40,100,Spanish:90|English:10,100,29,0,Bachelor's,10,10,10,2,3,8,18,30,25,29,,,,,15,25,B1,intermediate|advanced,advanced|intermediate,cambridge_15_21_random_intermediate_advanced,4,20,random,,104.203125,340.875,128.203125,391.703125,2,1,,,,,,,,,,,,2026-08-16T17:54:38.981Z,K8EF3YCB,2026-08-16,2026-08-16,11:54:38,2026-08-16 11:54:38,,,,,,,,697ab12b4591197afc56d253,697ab12b4591197afc56d253,,,,
8443,raw_position_sample,2,3,adv,25,3,3,4,14, given ,360,129,1535697.8999999762,697ab12b4591197afc56d253,697ab12b4591197afc56d253,advanced,3,697ab12b4591197afc56d253,697ab12b4591197afc56d253,spotlight_PROLIFIC,,31,Mexico,Spanish,N/A,,Spanish:75|English:25,100,Spanish:60|English:40,100,Spanish:90|English:10,100,29,0,Bachelor's,10,10,10,2,3,8,18,30,25,29,,,,,15,25,B1,intermediate|advanced,advanced|intermediate,cambridge_15_21_random_intermediate_advanced,4,20,random,,104.203125,340.875,128.203125,391.703125,2,1,,,,,,,,,,,,2026-08-16T17:54:38.981Z,K8EF3YCB,2026-08-16,2026-08-16,11:54:38,2026-08-16 11:54:38,,,,,,,,697ab12b4591197afc56d253,697ab12b4591197afc56d253,,,,
8487,raw_position_sample,2,3,adv,25,3,3,4,14, given ,372,127,1535741.3999999762,697ab12b4591197afc56d253,697ab12b4591197afc56d253,advanced,3,697ab12b4591197afc56d253,697ab12b4591197afc56d253,spotlight_PROLIFIC,,31,Mexico,Spanish,N/A,,Spanish:75|English:25,100,Spanish:60|English:40,100,Spanish:90|English:10,100,29,0,Bachelor's,10,10,10,2,3,8,18,30,25,29,,,,,15,25,B1,intermediate|advanced,advanced|intermediate,cambridge_15_21_random_intermediate_advanced,4,20,random,,104.203125,340.875,128.203125,391.703125,2,1,,,,,,,,,,,,2026-08-16T17:54:38.981Z,K8EF3YCB,2026-08-16,2026-08-16,11:54:38,2026-08-16 11:54:38,,,,,,,,697ab12b4591197afc56d253,697ab12b4591197afc56d253,,,,
8515,hover_association,2,3,adv,25,3,3,4,14, given ,391,118,,697ab12b4591197afc56d253,697ab12b4591197afc56d253,advanced,3,697ab12b4591197afc56d253,697ab12b4591197afc56d253,spotlight_PROLIFIC,,31,Mexico,Spanish,N/A,,Spanish:75|English:25,100,Spanish:60|English:40,100,Spanish:90|English:10,100,29,0,Bachelor's,10,10,10,2,3,8,18,30,25,29,,,,,15,25,B1,intermediate|advanced,advanced|intermediate,cambridge_15_21_random_intermediate_advanced,4,20,random,,96.203125,336.628125,136.203125,391.703125,2,1,hover,482.60000002384186,482.60000002384186,0.8782909668633682,0.694921875,106,,,,,,2026-08-16T17:54:38.981Z,K8EF3YCB,2026-08-16,2026-08-16,11:54:38,2026-08-16 11:54:38,,,,,,,,697ab12b4591197afc56d253,697ab12b4591197afc56d253,,,,
8536,raw_position_sample,2,3,adv,25,3,3,4,15, between ,407,122,1535790.5,697ab12b4591197afc56d253,697ab12b4591197afc56d253,advanced,3,697ab12b4591197afc56d253,697ab12b4591197afc56d253,spotlight_PROLIFIC,,31,Mexico,Spanish,N/A,,Spanish:75|English:25,100,Spanish:60|English:40,100,Spanish:90|English:10,100,29,0,Bachelor's,10,10,10,2,3,8,18,30,25,29,,,,,15,25,B1,intermediate|advanced,advanced|intermediate,cambridge_15_21_random_intermediate_advanced,4,20,random,,104.203125,391.703125,128.203125,469.6875,2,2,,,,,,,,,,,,2026-08-16T17:54:38.981Z,K8EF3YCB,2026-08-16,2026-08-16,11:54:38,2026-08-16 11:54:38,,,,,,,,697ab12b4591197afc56d253,697ab12b4591197afc56d253,,,,
8587,raw_position_sample,2,3,adv,25,3,3,4,15, between ,439,122,1535841.5999999642,697ab12b4591197afc56d253,697ab12b4591197afc56d253,advanced,3,697ab12b4591197afc56d253,697ab12b4591197afc56d253,spotlight_PROLIFIC,,31,Mexico,Spanish,N/A,,Spanish:75|English:25,100,Spanish:60|English:40,100,Spanish:90|English:10,100,29,0,Bachelor's,10,10,10,2,3,8,18,30,25,29,,,,,15,25,B1,intermediate|advanced,advanced|intermediate,cambridge_15_21_random_intermediate_advanced,4,20,random,,104.203125,391.703125,128.203125,469.6875,2,2,,,,,,,,,,,,2026-08-16T17:54:38.981Z,K8EF3YCB,2026-08-16,2026-08-16,11:54:38,2026-08-16 11:54:38,,,,,,,,697ab12b4591197afc56d253,697ab12b4591197afc56d253,,,,
8637,raw_position_sample,2,3,adv,25,3,3,4,15, between ,451,122,1535891.699999988,697ab12b4591197afc56d253,697ab12b4591197afc56d253,advanced,3,697ab12b4591197afc56d253,697ab12b4591197afc56d253,spotlight_PROLIFIC,,31,Mexico,Spanish,N/A,,Spanish:75|English:25,100,Spanish:60|English:40,100,Spanish:90|English:10,100,29,0,Bachelor's,10,10,10,2,3,8,18,30,25,29,,,,,15,25,B1,intermediate|advanced,advanced|intermediate,cambridge_15_21_random_intermediate_advanced,4,20,random,,104.203125,391.703125,128.203125,469.6875,2,2,,,,,,,,,,,,2026-08-16T17:54:38.981Z,K8EF3YCB,2026-08-16,2026-08-16,11:54:38,2026-08-16 11:54:38,,,,,,,,697ab12b4591197afc56d253,697ab12b4591197afc56d253,,,,
8687,raw_position_sample,2,3,adv,25,3,3,4,15, between ,457,122,1535941.699999988,697ab12b4591197afc56d253,697ab12b4591197afc56d253,advanced,3,697ab12b4591197afc56d253,697ab12b4591197afc56d253,spotlight_PROLIFIC,,31,Mexico,Spanish,N/A,,Spanish:75|English:25,100,Spanish:60|English:40,100,Spanish:90|English:10,100,29,0,Bachelor's,10,10,10,2,3,8,18,30,25,29,,,,,15,25,B1,intermediate|advanced,advanced|intermediate,cambridge_15_21_random_intermediate_advanced,4,20,random,,104.203125,391.703125,128.203125,469.6875,2,2,,,,,,,,,,,,2026-08-16T17:54:38.981Z,K8EF3YCB,2026-08-16,2026-08-16,11:54:38,2026-08-16 11:54:38,,,,,,,,697ab12b4591197afc56d253,697ab12b4591197afc56d253,,,,
8736,raw_position_sample,2,3,adv,25,3,3,4,15, between ,465,122,1535990.8999999762,697ab12b4591197afc56d253,697ab12b4591197afc56d253,advanced,3,697ab12b4591197afc56d253,697ab12b4591197afc56d253,spotlight_PROLIFIC,,31,Mexico,Spanish,N/A,,Spanish:75|English:25,100,Spanish:60|English:40,100,Spanish:90|English:10,100,29,0,Bachelor's,10,10,10,2,3,8,18,30,25,29,,,,,15,25,B1,intermediate|advanced,advanced|intermediate,cambridge_15_21_random_intermediate_advanced,4,20,random,,104.203125,391.703125,128.203125,469.6875,2,2,,,,,,,,,,,,2026-08-16T17:54:38.981Z,K8EF3YCB,2026-08-16,2026-08-16,11:54:38,2026-08-16 11:54:38,,,,,,,,697ab12b4591197afc56d253,697ab12b4591197afc56d253,,,,
8788,raw_position_sample,2,3,adv,25,3,3,4,15, between ,469,122,1536042.3999999762,697ab12b4591197afc56d253,697ab12b4591197afc56d253,advanced,3,697ab12b4591197afc56d253,697ab12b4591197afc56d253,spotlight_PROLIFIC,,31,Mexico,Spanish,N/A,,Spanish:75|English:25,100,Spanish:60|English:40,100,Spanish:90|English:10,100,29,0,Bachelor's,10,10,10,2,3,8,18,30,25,29,,,,,15,25,B1,intermediate|advanced,advanced|intermediate,cambridge_15_21_random_intermediate_advanced,4,20,random,,104.203125,391.703125,128.203125,469.6875,2,2,,,,,,,,,,,,2026-08-16T17:54:38.981Z,K8EF3YCB,2026-08-16,2026-08-16,11:54:38,2026-08-16 11:54:38,,,,,,,,697ab12b4591197afc56d253,697ab12b4591197afc56d253,,,,
8798,hover_association,2,3,adv,25,3,3,4,15, between ,397,122,,697ab12b4591197afc56d253,697ab12b4591197afc56d253,advanced,3,697ab12b4591197afc56d253,697ab12b4591197afc56d253,spotlight_PROLIFIC,,31,Mexico,Spanish,N/A,,Spanish:75|English:25,100,Spanish:60|English:40,100,Spanish:90|English:10,100,29,0,Bachelor's,10,10,10,2,3,8,18,30,25,29,,,,,15,25,B1,intermediate|advanced,advanced|intermediate,cambridge_15_21_random_intermediate_advanced,4,20,random,,96.203125,391.703125,136.203125,469.6875,2,2,hover,283.19999998807907,283.19999998807907,0.9911841314365859,0.644921875,106,,,,,,2026-08-16T17:54:38.981Z,K8EF3YCB,2026-08-16,2026-08-16,11:54:38,2026-08-16 11:54:38,,,,,,,,697ab12b4591197afc56d253,697ab12b4591197afc56d253,,,,
8847,raw_position_sample,2,3,adv,25,3,3,4,16, £5 ,470,122,1536102.0999999642,697ab12b4591197afc56d253,697ab12b4591197afc56d253,advanced,3,697ab12b4591197afc56d253,697ab12b4591197afc56d253,spotlight_PROLIFIC,,31,Mexico,Spanish,N/A,,Spanish:75|English:25,100,Spanish:60|English:40,100,Spanish:90|English:10,100,29,0,Bachelor's,10,10,10,2,3,8,18,30,25,29,,,,,15,25,B1,intermediate|advanced,advanced|intermediate,cambridge_15_21_random_intermediate_advanced,4,20,random,,104.203125,469.6875,128.203125,494.96875,2,3,,,,,,,,,,,,2026-08-16T17:54:38.981Z,K8EF3YCB,2026-08-16,2026-08-16,11:54:38,2026-08-16 11:54:38,,,,,,,,697ab12b4591197afc56d253,697ab12b4591197afc56d253,,,,
8887,raw_position_sample,2,3,adv,25,3,3,4,16, £5 ,474,122,1536142.0999999642,697ab12b4591197afc56d253,697ab12b4591197afc56d253,advanced,3,697ab12b4591197afc56d253,697ab12b4591197afc56d253,spotlight_PROLIFIC,,31,Mexico,Spanish,N/A,,Spanish:75|English:25,100,Spanish:60|English:40,100,Spanish:90|English:10,100,29,0,Bachelor's,10,10,10,2,3,8,18,30,25,29,,,,,15,25,B1,intermediate|advanced,advanced|intermediate,cambridge_15_21_random_intermediate_advanced,4,20,random,,104.203125,469.6875,128.203125,494.96875,2,3,,,,,,,,,,,,2026-08-16T17:54:38.981Z,K8EF3YCB,2026-08-16,2026-08-16,11:54:38,2026-08-16 11:54:38,,,,,,,,697ab12b4591197afc56d253,697ab12b4591197afc56d253,,,,
8936,raw_position_sample,2,3,adv,25,3,3,4,16, £5 ,479,122,1536191,697ab12b4591197afc56d253,697ab12b4591197afc56d253,advanced,3,697ab12b4591197afc56d253,697ab12b4591197afc56d253,spotlight_PROLIFIC,,31,Mexico,Spanish,N/A,,Spanish:75|English:25,100,Spanish:60|English:40,100,Spanish:90|English:10,100,29,0,Bachelor's,10,10,10,2,3,8,18,30,25,29,,,,,15,25,B1,intermediate|advanced,advanced|intermediate,cambridge_15_21_random_intermediate_advanced,4,20,random,,104.203125,469.6875,128.203125,494.96875,2,3,,,,,,,,,,,,2026-08-16T17:54:38.981Z,K8EF3YCB,2026-08-16,2026-08-16,11:54:38,2026-08-16 11:54:38,,,,,,,,697ab12b4591197afc56d253,697ab12b4591197afc56d253,,,,
8997,raw_position_sample,2,3,adv,25,3,3,4,16, £5 ,480,122,1536251.699999988,697ab12b4591197afc56d253,697ab12b4591197afc56d253,advanced,3,697ab12b4591197afc56d253,697ab12b4591197afc56d253,spotlight_PROLIFIC,,31,Mexico,Spanish,N/A,,Spanish:75|English:25,100,Spanish:60|English:40,100,Spanish:90|English:10,100,29,0,Bachelor's,10,10,10,2,3,8,18,30,25,29,,,,,15,25,B1,intermediate|advanced,advanced|intermediate,cambridge_15_21_random_intermediate_advanced,4,20,random,,104.203125,469.6875,128.203125,494.96875,2,3,,,,,,,,,,,,2026-08-16T17:54:38.981Z,K8EF3YCB,2026-08-16,2026-08-16,11:54:38,2026-08-16 11:54:38,,,,,,,,697ab12b4591197afc56d253,697ab12b4591197afc56d253,,,,
9047,raw_position_sample,2,3,adv,25,3,3,4,16, £5 ,480,122,1536301.5999999642,697ab12b4591197afc56d253,697ab12b4591197afc56d253,advanced,3,697ab12b4591197afc56d253,697ab12b4591197afc56d253,spotlight_PROLIFIC,,31,Mexico,Spanish,N/A,,Spanish:75|English:25,100,Spanish:60|English:40,100,Spanish:90|English:10,100,29,0,Bachelor's,10,10,10,2,3,8,18,30,25,29,,,,,15,25,B1,intermediate|advanced,advanced|intermediate,cambridge_15_21_random_intermediate_advanced,4,20,random,,104.203125,469.6875,128.203125,494.96875,2,3,,,,,,,,,,,,2026-08-16T17:54:38.981Z,K8EF3YCB,2026-08-16,2026-08-16,11:54:38,2026-08-16 11:54:38,,,,,,,,697ab12b4591197afc56d253,697ab12b4591197afc56d253,,,,
9094,raw_position_sample,2,3,adv,25,3,3,4,16, £5 ,480,122,1536349,697ab12b4591197afc56d253,697ab12b4591197afc56d253,advanced,3,697ab12b4591197afc56d253,697ab12b4591197afc56d253,spotlight_PROLIFIC,,31,Mexico,Spanish,N/A,,Spanish:75|English:25,100,Spanish:60|English:40,100,Spanish:90|English:10,100,29,0,Bachelor's,10,10,10,2,3,8,18,30,25,29,,,,,15,25,B1,intermediate|advanced,advanced|intermediate,cambridge_15_21_random_intermediate_advanced,4,20,random,,104.203125,469.6875,128.203125,494.96875,2,3,,,,,,,,,,,,2026-08-16T17:54:38.981Z,K8EF3YCB,2026-08-16,2026-08-16,11:54:38,2026-08-16 11:54:38,,,,,,,,697ab12b4591197afc56d253,697ab12b4591197afc56d253,,,,
9142,raw_position_sample,2,3,adv,25,3,3,4,16, £5 ,480,122,1536396.3999999762,697ab12b4591197afc56d253,697ab12b4591197afc56d253,advanced,3,697ab12b4591197afc56d253,697ab12b4591197afc56d253,spotlight_PROLIFIC,,31,Mexico,Spanish,N/A,,Spanish:75|English:25,100,Spanish:60|English:40,100,Spanish:90|English:10,100,29,0,Bachelor's,10,10,10,2,3,8,18,30,25,29,,,,,15,25,B1,intermediate|advanced,advanced|intermediate,cambridge_15_21_random_intermediate_advanced,4,20,random,,104.203125,469.6875,128.203125,494.96875,2,3,,,,,,,,,,,,2026-08-16T17:54:38.981Z,K8EF3YCB,2026-08-16,2026-08-16,11:54:38,2026-08-16 11:54:38,,,,,,,,697ab12b4591197afc56d253,697ab12b4591197afc56d253,,,,
9191,raw_position_sample,2,3,adv,25,3,3,4,16, £5 ,480,122,1536445.199999988,697ab12b4591197afc56d253,697ab12b4591197afc56d253,advanced,3,697ab12b4591197afc56d253,697ab12b4591197afc56d253,spotlight_PROLIFIC,,31,Mexico,Spanish,N/A,,Spanish:75|English:25,100,Spanish:60|English:40,100,Spanish:90|English:10,100,29,0,Bachelor's,10,10,10,2,3,8,18,30,25,29,,,,,15,25,B1,intermediate|advanced,advanced|intermediate,cambridge_15_21_random_intermediate_advanced,4,20,random,,104.203125,469.6875,128.203125,494.96875,2,3,,,,,,,,,,,,2026-08-16T17:54:38.981Z,K8EF3YCB,2026-08-16,2026-08-16,11:54:38,2026-08-16 11:54:38,,,,,,,,697ab12b4591197afc56d253,697ab12b4591197afc56d253,,,,
9239,raw_position_sample,2,3,adv,25,3,3,4,16, £5 ,480,122,1536494,697ab12b4591197afc56d253,697ab12b4591197afc56d253,advanced,3,697ab12b4591197afc56d253,697ab12b4591197afc56d253,spotlight_PROLIFIC,,31,Mexico,Spanish,N/A,,Spanish:75|English:25,100,Spanish:60|English:40,100,Spanish:90|English:10,100,29,0,Bachelor's,10,10,10,2,3,8,18,30,25,29,,,,,15,25,B1,intermediate|advanced,advanced|intermediate,cambridge_15_21_random_intermediate_advanced,4,20,random,,104.203125,469.6875,128.203125,494.96875,2,3,,,,,,,,,,,,2026-08-16T17:54:38.981Z,K8EF3YCB,2026-08-16,2026-08-16,11:54:38,2026-08-16 11:54:38,,,,,,,,697ab12b4591197afc56d253,697ab12b4591197afc56d253,,,,
9288,raw_position_sample,2,3,adv,25,3,3,4,16, £5 ,480,122,1536542.5,697ab12b4591197afc56d253,697ab12b4591197afc56d253,advanced,3,697ab12b4591197afc56d253,697ab12b4591197afc56d253,spotlight_PROLIFIC,,31,Mexico,Spanish,N/A,,Spanish:75|English:25,100,Spanish:60|English:40,100,Spanish:90|English:10,100,29,0,Bachelor's,10,10,10,2,3,8,18,30,25,29,,,,,15,25,B1,intermediate|advanced,advanced|intermediate,cambridge_15_21_random_intermediate_advanced,4,20,random,,104.203125,469.6875,128.203125,494.96875,2,3,,,,,,,,,,,,2026-08-16T17:54:38.981Z,K8EF3YCB,2026-08-16,2026-08-16,11:54:38,2026-08-16 11:54:38,,,,,,,,697ab12b4591197afc56d253,697ab12b4591197afc56d253,,,,
9336,raw_position_sample,2,3,adv,25,3,3,4,16, £5 ,480,122,1536590.8999999762,697ab12b4591197afc56d253,697ab12b4591197afc56d253,advanced,3,697ab12b4591197afc56d253,697ab12b4591197afc56d253,spotlight_PROLIFIC,,31,Mexico,Spanish,N/A,,Spanish:75|English:25,100,Spanish:60|English:40,100,Spanish:90|English:10,100,29,0,Bachelor's,10,10,10,2,3,8,18,30,25,29,,,,,15,25,B1,intermediate|advanced,advanced|intermediate,cambridge_15_21_random_intermediate_advanced,4,20,random,,104.203125,469.6875,128.203125,494.96875,2,3,,,,,,,,,,,,2026-08-16T17:54:38.981Z,K8EF3YCB,2026-08-16,2026-08-16,11:54:38,2026-08-16 11:54:38,,,,,,,,697ab12b4591197afc56d253,697ab12b4591197afc56d253,,,,
9386,raw_position_sample,2,3,adv,25,3,3,4,16, £5 ,482,122,1536641.199999988,697ab12b4591197afc56d253,697ab12b4591197afc56d253,advanced,3,697ab12b4591197afc56d253,697ab12b4591197afc56d253,spotlight_PROLIFIC,,31,Mexico,Spanish,N/A,,Spanish:75|English:25,100,Spanish:60|English:40,100,Spanish:90|English:10,100,29,0,Bachelor's,10,10,10,2,3,8,18,30,25,29,,,,,15,25,B1,intermediate|advanced,advanced|intermediate,cambridge_15_21_random_intermediate_advanced,4,20,random,,104.203125,469.6875,128.203125,494.96875,2,3,,,,,,,,,,,,2026-08-16T17:54:38.981Z,K8EF3YCB,2026-08-16,2026-08-16,11:54:38,2026-08-16 11:54:38,,,,,,,,697ab12b4591197afc56d253,697ab12b4591197afc56d253,,,,
9436,raw_position_sample,2,3,adv,25,3,3,4,16, £5 ,489,122,1536691.0999999642,697ab12b4591197afc56d253,697ab12b4591197afc56d253,advanced,3,697ab12b4591197afc56d253,697ab12b4591197afc56d253,spotlight_PROLIFIC,,31,Mexico,Spanish,N/A,,Spanish:75|English:25,100,Spanish:60|English:40,100,Spanish:90|English:10,100,29,0,Bachelor's,10,10,10,2,3,8,18,30,25,29,,,,,15,25,B1,intermediate|advanced,advanced|intermediate,cambridge_15_21_random_intermediate_advanced,4,20,random,,104.203125,469.6875,128.203125,494.96875,2,3,,,,,,,,,,,,2026-08-16T17:54:38.981Z,K8EF3YCB,2026-08-16,2026-08-16,11:54:38,2026-08-16 11:54:38,,,,,,,,697ab12b4591197afc56d253,697ab12b4591197afc56d253,,,,
9482,hover_association,2,3,adv,25,3,3,4,16, £5 ,470,122,,697ab12b4591197afc56d253,697ab12b4591197afc56d253,advanced,3,697ab12b4591197afc56d253,697ab12b4591197afc56d253,spotlight_PROLIFIC,,31,Mexico,Spanish,N/A,,Spanish:75|English:25,100,Spanish:60|English:40,100,Spanish:90|English:10,100,29,0,Bachelor's,10,10,10,2,3,8,18,30,25,29,,,,,15,25,B1,intermediate|advanced,advanced|intermediate,cambridge_15_21_random_intermediate_advanced,4,20,random,,96.203125,469.6875,136.203125,494.96875,2,3,hover,683.3999999761581,683.3999999761581,0.9221260815822002,0.644921875,106,,,,,,2026-08-16T17:54:38.981Z,K8EF3YCB,2026-08-16,2026-08-16,11:54:38,2026-08-16 11:54:38,,,,,,,,697ab12b4591197afc56d253,697ab12b4591197afc56d253,,,,
9487,raw_position_sample,2,3,adv,25,3,3,4,17, and ,497,122,1536742,697ab12b4591197afc56d253,697ab12b4591197afc56d253,advanced,3,697ab12b4591197afc56d253,697ab12b4591197afc56d253,spotlight_PROLIFIC,,31,Mexico,Spanish,N/A,,Spanish:75|English:25,100,Spanish:60|English:40,100,Spanish:90|English:10,100,29,0,Bachelor's,10,10,10,2,3,8,18,30,25,29,,,,,15,25,B1,intermediate|advanced,advanced|intermediate,cambridge_15_21_random_intermediate_advanced,4,20,random,,104.203125,494.96875,128.203125,531.953125,2,4,,,,,,,,,,,,2026-08-16T17:54:38.981Z,K8EF3YCB,2026-08-16,2026-08-16,11:54:38,2026-08-16 11:54:38,,,,,,,,697ab12b4591197afc56d253,697ab12b4591197afc56d253,,,,
9538,raw_position_sample,2,3,adv,25,3,3,4,17, and ,509,122,1536792.5,697ab12b4591197afc56d253,697ab12b4591197afc56d253,advanced,3,697ab12b4591197afc56d253,697ab12b4591197afc56d253,spotlight_PROLIFIC,,31,Mexico,Spanish,N/A,,Spanish:75|English:25,100,Spanish:60|English:40,100,Spanish:90|English:10,100,29,0,Bachelor's,10,10,10,2,3,8,18,30,25,29,,,,,15,25,B1,intermediate|advanced,advanced|intermediate,cambridge_15_21_random_intermediate_advanced,4,20,random,,104.203125,494.96875,128.203125,531.953125,2,4,,,,,,,,,,,,2026-08-16T17:54:38.981Z,K8EF3YCB,2026-08-16,2026-08-16,11:54:38,2026-08-16 11:54:38,,,,,,,,697ab12b4591197afc56d253,697ab12b4591197afc56d253,,,,
9587,raw_position_sample,2,3,adv,25,3,3,4,17, and ,521,122,1536842.0999999642,697ab12b4591197afc56d253,697ab12b4591197afc56d253,advanced,3,697ab12b4591197afc56d253,697ab12b4591197afc56d253,spotlight_PROLIFIC,,31,Mexico,Spanish,N/A,,Spanish:75|English:25,100,Spanish:60|English:40,100,Spanish:90|English:10,100,29,0,Bachelor's,10,10,10,2,3,8,18,30,25,29,,,,,15,25,B1,intermediate|advanced,advanced|intermediate,cambridge_15_21_random_intermediate_advanced,4,20,random,,104.203125,494.96875,128.203125,531.953125,2,4,,,,,,,,,,,,2026-08-16T17:54:38.981Z,K8EF3YCB,2026-08-16,2026-08-16,11:54:38,2026-08-16 11:54:38,,,,,,,,697ab12b4591197afc56d253,697ab12b4591197afc56d253,,,,
9632,hover_association,2,3,adv,25,3,3,4,17, and ,497,122,,697ab12b4591197afc56d253,697ab12b4591197afc56d253,advanced,3,697ab12b4591197afc56d253,697ab12b4591197afc56d253,spotlight_PROLIFIC,,31,Mexico,Spanish,N/A,,Spanish:75|English:25,100,Spanish:60|English:40,100,Spanish:90|English:10,100,29,0,Bachelor's,10,10,10,2,3,8,18,30,25,29,,,,,15,25,B1,intermediate|advanced,advanced|intermediate,cambridge_15_21_random_intermediate_advanced,4,20,random,,96.203125,494.96875,136.203125,531.953125,2,4,hover,150.10000002384186,150.10000002384186,0.9471905365441488,0.644921875,106,,,,,,2026-08-16T17:54:38.981Z,K8EF3YCB,2026-08-16,2026-08-16,11:54:38,2026-08-16 11:54:38,,,,,,,,697ab12b4591197afc56d253,697ab12b4591197afc56d253,,,,
9637,raw_position_sample,2,3,adv,25,3,3,4,18, £20 ,532,122,1536891.3999999762,697ab12b4591197afc56d253,697ab12b4591197afc56d253,advanced,3,697ab12b4591197afc56d253,697ab12b4591197afc56d253,spotlight_PROLIFIC,,31,Mexico,Spanish,N/A,,Spanish:75|English:25,100,Spanish:60|English:40,100,Spanish:90|English:10,100,29,0,Bachelor's,10,10,10,2,3,8,18,30,25,29,,,,,15,25,B1,intermediate|advanced,advanced|intermediate,cambridge_15_21_random_intermediate_advanced,4,20,random,,104.203125,531.953125,128.203125,567.53125,2,5,,,,,,,,,,,,2026-08-16T17:54:38.981Z,K8EF3YCB,2026-08-16,2026-08-16,11:54:38,2026-08-16 11:54:38,,,,,,,,697ab12b4591197afc56d253,697ab12b4591197afc56d253,,,,
9698,raw_position_sample,2,3,adv,25,3,3,4,18, £20 ,535,122,1536952.199999988,697ab12b4591197afc56d253,697ab12b4591197afc56d253,advanced,3,697ab12b4591197afc56d253,697ab12b4591197afc56d253,spotlight_PROLIFIC,,31,Mexico,Spanish,N/A,,Spanish:75|English:25,100,Spanish:60|English:40,100,Spanish:90|English:10,100,29,0,Bachelor's,10,10,10,2,3,8,18,30,25,29,,,,,15,25,B1,intermediate|advanced,advanced|intermediate,cambridge_15_21_random_intermediate_advanced,4,20,random,,104.203125,531.953125,128.203125,567.53125,2,5,,,,,,,,,,,,2026-08-16T17:54:38.981Z,K8EF3YCB,2026-08-16,2026-08-16,11:54:38,2026-08-16 11:54:38,,,,,,,,697ab12b4591197afc56d253,697ab12b4591197afc56d253,,,,
9737,raw_position_sample,2,3,adv,25,3,3,4,18, £20 ,540,121,1536992.0999999642,697ab12b4591197afc56d253,697ab12b4591197afc56d253,advanced,3,697ab12b4591197afc56d253,697ab12b4591197afc56d253,spotlight_PROLIFIC,,31,Mexico,Spanish,N/A,,Spanish:75|English:25,100,Spanish:60|English:40,100,Spanish:90|English:10,100,29,0,Bachelor's,10,10,10,2,3,8,18,30,25,29,,,,,15,25,B1,intermediate|advanced,advanced|intermediate,cambridge_15_21_random_intermediate_advanced,4,20,random,,104.203125,531.953125,128.203125,567.53125,2,5,,,,,,,,,,,,2026-08-16T17:54:38.981Z,K8EF3YCB,2026-08-16,2026-08-16,11:54:38,2026-08-16 11:54:38,,,,,,,,697ab12b4591197afc56d253,697ab12b4591197afc56d253,,,,
9787,raw_position_sample,2,3,adv,25,3,3,4,18, £20 ,548,120,1537042,697ab12b4591197afc56d253,697ab12b4591197afc56d253,advanced,3,697ab12b4591197afc56d253,697ab12b4591197afc56d253,spotlight_PROLIFIC,,31,Mexico,Spanish,N/A,,Spanish:75|English:25,100,Spanish:60|English:40,100,Spanish:90|English:10,100,29,0,Bachelor's,10,10,10,2,3,8,18,30,25,29,,,,,15,25,B1,intermediate|advanced,advanced|intermediate,cambridge_15_21_random_intermediate_advanced,4,20,random,,104.203125,531.953125,128.203125,567.53125,2,5,,,,,,,,,,,,2026-08-16T17:54:38.981Z,K8EF3YCB,2026-08-16,2026-08-16,11:54:38,2026-08-16 11:54:38,,,,,,,,697ab12b4591197afc56d253,697ab12b4591197afc56d253,,,,
9836,raw_position_sample,2,3,adv,25,3,3,4,18, £20 ,556,120,1537090.8999999762,697ab12b4591197afc56d253,697ab12b4591197afc56d253,advanced,3,697ab12b4591197afc56d253,697ab12b4591197afc56d253,spotlight_PROLIFIC,,31,Mexico,Spanish,N/A,,Spanish:75|English:25,100,Spanish:60|English:40,100,Spanish:90|English:10,100,29,0,Bachelor's,10,10,10,2,3,8,18,30,25,29,,,,,15,25,B1,intermediate|advanced,advanced|intermediate,cambridge_15_21_random_intermediate_advanced,4,20,random,,104.203125,531.953125,128.203125,567.53125,2,5,,,,,,,,,,,,2026-08-16T17:54:38.981Z,K8EF3YCB,2026-08-16,2026-08-16,11:54:38,2026-08-16 11:54:38,,,,,,,,697ab12b4591197afc56d253,697ab12b4591197afc56d253,,,,
9886,raw_position_sample,2,3,adv,25,3,3,4,18, £20 ,564,118,1537141,697ab12b4591197afc56d253,697ab12b4591197afc56d253,advanced,3,697ab12b4591197afc56d253,697ab12b4591197afc56d253,spotlight_PROLIFIC,,31,Mexico,Spanish,N/A,,Spanish:75|English:25,100,Spanish:60|English:40,100,Spanish:90|English:10,100,29,0,Bachelor's,10,10,10,2,3,8,18,30,25,29,,,,,15,25,B1,intermediate|advanced,advanced|intermediate,cambridge_15_21_random_intermediate_advanced,4,20,random,,104.203125,531.953125,128.203125,567.53125,2,5,,,,,,,,,,,,2026-08-16T17:54:38.981Z,K8EF3YCB,2026-08-16,2026-08-16,11:54:38,2026-08-16 11:54:38,,,,,,,,697ab12b4591197afc56d253,697ab12b4591197afc56d253,,,,
9898,hover_association,2,3,adv,25,3,3,4,18, £20 ,532,122,,697ab12b4591197afc56d253,697ab12b4591197afc56d253,advanced,3,697ab12b4591197afc56d253,697ab12b4591197afc56d253,spotlight_PROLIFIC,,31,Mexico,Spanish,N/A,,Spanish:75|English:25,100,Spanish:60|English:40,100,Spanish:90|English:10,100,29,0,Bachelor's,10,10,10,2,3,8,18,30,25,29,,,,,15,25,B1,intermediate|advanced,advanced|intermediate,cambridge_15_21_random_intermediate_advanced,4,20,random,,96.203125,531.953125,136.203125,567.53125,2,5,hover,266.39999997615814,266.39999997615814,0.9007465963987703,0.544921875,106,,,,,,2026-08-16T17:54:38.981Z,K8EF3YCB,2026-08-16,2026-08-16,11:54:38,2026-08-16 11:54:38,,,,,,,,697ab12b4591197afc56d253,697ab12b4591197afc56d253,,,,
9936,raw_position_sample,2,3,adv,25,3,3,4,19, to ,576,117,1537191.0999999642,697ab12b4591197afc56d253,697ab12b4591197afc56d253,advanced,3,697ab12b4591197afc56d253,697ab12b4591197afc56d253,spotlight_PROLIFIC,,31,Mexico,Spanish,N/A,,Spanish:75|English:25,100,Spanish:60|English:40,100,Spanish:90|English:10,100,29,0,Bachelor's,10,10,10,2,3,8,18,30,25,29,,,,,15,25,B1,intermediate|advanced,advanced|intermediate,cambridge_15_21_random_intermediate_advanced,4,20,random,,104.203125,567.53125,128.203125,589.609375,2,6,,,,,,,,,,,,2026-08-16T17:54:38.981Z,K8EF3YCB,2026-08-16,2026-08-16,11:54:38,2026-08-16 11:54:38,,,,,,,,697ab12b4591197afc56d253,697ab12b4591197afc56d253,,,,
9988,raw_position_sample,2,3,adv,25,3,3,4,19, to ,584,115,1537242.0999999642,697ab12b4591197afc56d253,697ab12b4591197afc56d253,advanced,3,697ab12b4591197afc56d253,697ab12b4591197afc56d253,spotlight_PROLIFIC,,31,Mexico,Spanish,N/A,,Spanish:75|English:25,100,Spanish:60|English:40,100,Spanish:90|English:10,100,29,0,Bachelor's,10,10,10,2,3,8,18,30,25,29,,,,,15,25,B1,intermediate|advanced,advanced|intermediate,cambridge_15_21_random_intermediate_advanced,4,20,random,,104.203125,567.53125,128.203125,589.609375,2,6,,,,,,,,,,,,2026-08-16T17:54:38.981Z,K8EF3YCB,2026-08-16,2026-08-16,11:54:38,2026-08-16 11:54:38,,,,,,,,697ab12b4591197afc56d253,697ab12b4591197afc56d253,,,,
10037,raw_position_sample,2,3,adv,25,3,3,4,19, to ,588,114,1537291.300000012,697ab12b4591197afc56d253,697ab12b4591197afc56d253,advanced,3,697ab12b4591197afc56d253,697ab12b4591197afc56d253,spotlight_PROLIFIC,,31,Mexico,Spanish,N/A,,Spanish:75|English:25,100,Spanish:60|English:40,100,Spanish:90|English:10,100,29,0,Bachelor's,10,10,10,2,3,8,18,30,25,29,,,,,15,25,B1,intermediate|advanced,advanced|intermediate,cambridge_15_21_random_intermediate_advanced,4,20,random,,104.203125,567.53125,128.203125,589.609375,2,6,,,,,,,,,,,,2026-08-16T17:54:38.981Z,K8EF3YCB,2026-08-16,2026-08-16,11:54:38,2026-08-16 11:54:38,,,,,,,,697ab12b4591197afc56d253,697ab12b4591197afc56d253,,,,
10048,hover_association,2,3,adv,25,3,3,4,19, to ,568,118,,697ab12b4591197afc56d253,697ab12b4591197afc56d253,advanced,3,697ab12b4591197afc56d253,697ab12b4591197afc56d253,spotlight_PROLIFIC,,31,Mexico,Spanish,N/A,,Spanish:75|English:25,100,Spanish:60|English:40,100,Spanish:90|English:10,100,29,0,Bachelor's,10,10,10,2,3,8,18,30,25,29,,,,,15,25,B1,intermediate|advanced,advanced|intermediate,cambridge_15_21_random_intermediate_advanced,4,20,random,,96.203125,567.53125,136.203125,589.609375,2,6,hover,150.10000002384186,150.10000002384186,0.9271054493984431,0.444921875,106,,,,,,2026-08-16T17:54:38.981Z,K8EF3YCB,2026-08-16,2026-08-16,11:54:38,2026-08-16 11:54:38,,,,,,,,697ab12b4591197afc56d253,697ab12b4591197afc56d253,,,,
10097,raw_position_sample,2,3,adv,25,3,3,4,20, spend ,590,114,1537351.800000012,697ab12b4591197afc56d253,697ab12b4591197afc56d253,advanced,3,697ab12b4591197afc56d253,697ab12b4591197afc56d253,spotlight_PROLIFIC,,31,Mexico,Spanish,N/A,,Spanish:75|English:25,100,Spanish:60|English:40,100,Spanish:90|English:10,100,29,0,Bachelor's,10,10,10,2,3,8,18,30,25,29,,,,,15,25,B1,intermediate|advanced,advanced|intermediate,cambridge_15_21_random_intermediate_advanced,4,20,random,,104.203125,589.609375,128.203125,646.328125,2,7,,,,,,,,,,,,2026-08-16T17:54:38.981Z,K8EF3YCB,2026-08-16,2026-08-16,11:54:38,2026-08-16 11:54:38,,,,,,,,697ab12b4591197afc56d253,697ab12b4591197afc56d253,,,,
10136,raw_position_sample,2,3,adv,25,3,3,4,20, spend ,597,114,1537390.8999999762,697ab12b4591197afc56d253,697ab12b4591197afc56d253,advanced,3,697ab12b4591197afc56d253,697ab12b4591197afc56d253,spotlight_PROLIFIC,,31,Mexico,Spanish,N/A,,Spanish:75|English:25,100,Spanish:60|English:40,100,Spanish:90|English:10,100,29,0,Bachelor's,10,10,10,2,3,8,18,30,25,29,,,,,15,25,B1,intermediate|advanced,advanced|intermediate,cambridge_15_21_random_intermediate_advanced,4,20,random,,104.203125,589.609375,128.203125,646.328125,2,7,,,,,,,,,,,,2026-08-16T17:54:38.981Z,K8EF3YCB,2026-08-16,2026-08-16,11:54:38,2026-08-16 11:54:38,,,,,,,,697ab12b4591197afc56d253,697ab12b4591197afc56d253,,,,
10187,raw_position_sample,2,3,adv,25,3,3,4,20, spend ,604,114,1537441.5999999642,697ab12b4591197afc56d253,697ab12b4591197afc56d253,advanced,3,697ab12b4591197afc56d253,697ab12b4591197afc56d253,spotlight_PROLIFIC,,31,Mexico,Spanish,N/A,,Spanish:75|English:25,100,Spanish:60|English:40,100,Spanish:90|English:10,100,29,0,Bachelor's,10,10,10,2,3,8,18,30,25,29,,,,,15,25,B1,intermediate|advanced,advanced|intermediate,cambridge_15_21_random_intermediate_advanced,4,20,random,,104.203125,589.609375,128.203125,646.328125,2,7,,,,,,,,,,,,2026-08-16T17:54:38.981Z,K8EF3YCB,2026-08-16,2026-08-16,11:54:38,2026-08-16 11:54:38,,,,,,,,697ab12b4591197afc56d253,697ab12b4591197afc56d253,,,,
10237,raw_position_sample,2,3,adv,25,3,3,4,20, spend ,612,114,1537491.5,697ab12b4591197afc56d253,697ab12b4591197afc56d253,advanced,3,697ab12b4591197afc56d253,697ab12b4591197afc56d253,spotlight_PROLIFIC,,31,Mexico,Spanish,N/A,,Spanish:75|English:25,100,Spanish:60|English:40,100,Spanish:90|English:10,100,29,0,Bachelor's,10,10,10,2,3,8,18,30,25,29,,,,,15,25,B1,intermediate|advanced,advanced|intermediate,cambridge_15_21_random_intermediate_advanced,4,20,random,,104.203125,589.609375,128.203125,646.328125,2,7,,,,,,,,,,,,2026-08-16T17:54:38.981Z,K8EF3YCB,2026-08-16,2026-08-16,11:54:38,2026-08-16 11:54:38,,,,,,,,697ab12b4591197afc56d253,697ab12b4591197afc56d253,,,,
10287,raw_position_sample,2,3,adv,25,3,3,4,20, spend ,625,114,1537541.5,697ab12b4591197afc56d253,697ab12b4591197afc56d253,advanced,3,697ab12b4591197afc56d253,697ab12b4591197afc56d253,spotlight_PROLIFIC,,31,Mexico,Spanish,N/A,,Spanish:75|English:25,100,Spanish:60|English:40,100,Spanish:90|English:10,100,29,0,Bachelor's,10,10,10,2,3,8,18,30,25,29,,,,,15,25,B1,intermediate|advanced,advanced|intermediate,cambridge_15_21_random_intermediate_advanced,4,20,random,,104.203125,589.609375,128.203125,646.328125,2,7,,,,,,,,,,,,2026-08-16T17:54:38.981Z,K8EF3YCB,2026-08-16,2026-08-16,11:54:38,2026-08-16 11:54:38,,,,,,,,697ab12b4591197afc56d253,697ab12b4591197afc56d253,,,,
10336,raw_position_sample,2,3,adv,25,3,3,4,20, spend ,644,114,1537590.800000012,697ab12b4591197afc56d253,697ab12b4591197afc56d253,advanced,3,697ab12b4591197afc56d253,697ab12b4591197afc56d253,spotlight_PROLIFIC,,31,Mexico,Spanish,N/A,,Spanish:75|English:25,100,Spanish:60|English:40,100,Spanish:90|English:10,100,29,0,Bachelor's,10,10,10,2,3,8,18,30,25,29,,,,,15,25,B1,intermediate|advanced,advanced|intermediate,cambridge_15_21_random_intermediate_advanced,4,20,random,,104.203125,589.609375,128.203125,646.328125,2,7,,,,,,,,,,,,2026-08-16T17:54:38.981Z,K8EF3YCB,2026-08-16,2026-08-16,11:54:38,2026-08-16 11:54:38,,,,,,,,697ab12b4591197afc56d253,697ab12b4591197afc56d253,,,,
10348,hover_association,2,3,adv,25,3,3,4,20, spend ,590,114,,697ab12b4591197afc56d253,697ab12b4591197afc56d253,advanced,3,697ab12b4591197afc56d253,697ab12b4591197afc56d253,spotlight_PROLIFIC,,31,Mexico,Spanish,N/A,,Spanish:75|English:25,100,Spanish:60|English:40,100,Spanish:90|English:10,100,29,0,Bachelor's,10,10,10,2,3,8,18,30,25,29,,,,,15,25,B1,intermediate|advanced,advanced|intermediate,cambridge_15_21_random_intermediate_advanced,4,20,random,,96.203125,589.609375,136.203125,646.328125,2,7,hover,299.69999998807907,299.69999998807907,0.9589531680440772,0.444921875,106,,,,,,2026-08-16T17:54:38.981Z,K8EF3YCB,2026-08-16,2026-08-16,11:54:38,2026-08-16 11:54:38,,,,,,,,697ab12b4591197afc56d253,697ab12b4591197afc56d253,,,,
10387,raw_position_sample,2,3,adv,25,3,3,4,21, at ,663,114,1537641.5,697ab12b4591197afc56d253,697ab12b4591197afc56d253,advanced,3,697ab12b4591197afc56d253,697ab12b4591197afc56d253,spotlight_PROLIFIC,,31,Mexico,Spanish,N/A,,Spanish:75|English:25,100,Spanish:60|English:40,100,Spanish:90|English:10,100,29,0,Bachelor's,10,10,10,2,3,8,18,30,25,29,,,,,15,25,B1,intermediate|advanced,advanced|intermediate,cambridge_15_21_random_intermediate_advanced,4,20,random,,104.203125,646.328125,128.203125,667.609375,2,8,,,,,,,,,,,,2026-08-16T17:54:38.981Z,K8EF3YCB,2026-08-16,2026-08-16,11:54:38,2026-08-16 11:54:38,,,,,,,,697ab12b4591197afc56d253,697ab12b4591197afc56d253,,,,
10398,hover_association,2,3,adv,25,3,3,4,21, at ,651,114,,697ab12b4591197afc56d253,697ab12b4591197afc56d253,advanced,3,697ab12b4591197afc56d253,697ab12b4591197afc56d253,spotlight_PROLIFIC,,31,Mexico,Spanish,N/A,,Spanish:75|English:25,100,Spanish:60|English:40,100,Spanish:90|English:10,100,29,0,Bachelor's,10,10,10,2,3,8,18,30,25,29,,,,,15,25,B1,intermediate|advanced,advanced|intermediate,cambridge_15_21_random_intermediate_advanced,4,20,random,,96.203125,646.328125,136.203125,667.609375,2,8,hover,50.10000002384186,50.10000002384186,0.7834067547723935,0.444921875,106,,,,,,2026-08-16T17:54:38.981Z,K8EF3YCB,2026-08-16,2026-08-16,11:54:38,2026-08-16 11:54:38,,,,,,,,697ab12b4591197afc56d253,697ab12b4591197afc56d253,,,,
10436,raw_position_sample,2,3,adv,25,3,3,4,22, each ,677,114,1537690.800000012,697ab12b4591197afc56d253,697ab12b4591197afc56d253,advanced,3,697ab12b4591197afc56d253,697ab12b4591197afc56d253,spotlight_PROLIFIC,,31,Mexico,Spanish,N/A,,Spanish:75|English:25,100,Spanish:60|English:40,100,Spanish:90|English:10,100,29,0,Bachelor's,10,10,10,2,3,8,18,30,25,29,,,,,15,25,B1,intermediate|advanced,advanced|intermediate,cambridge_15_21_random_intermediate_advanced,4,20,random,,104.203125,667.609375,128.203125,712.3125,2,9,,,,,,,,,,,,2026-08-16T17:54:38.981Z,K8EF3YCB,2026-08-16,2026-08-16,11:54:38,2026-08-16 11:54:38,,,,,,,,697ab12b4591197afc56d253,697ab12b4591197afc56d253,,,,
10486,raw_position_sample,2,3,adv,25,3,3,4,22, each ,684,114,1537740.8999999762,697ab12b4591197afc56d253,697ab12b4591197afc56d253,advanced,3,697ab12b4591197afc56d253,697ab12b4591197afc56d253,spotlight_PROLIFIC,,31,Mexico,Spanish,N/A,,Spanish:75|English:25,100,Spanish:60|English:40,100,Spanish:90|English:10,100,29,0,Bachelor's,10,10,10,2,3,8,18,30,25,29,,,,,15,25,B1,intermediate|advanced,advanced|intermediate,cambridge_15_21_random_intermediate_advanced,4,20,random,,104.203125,667.609375,128.203125,712.3125,2,9,,,,,,,,,,,,2026-08-16T17:54:38.981Z,K8EF3YCB,2026-08-16,2026-08-16,11:54:38,2026-08-16 11:54:38,,,,,,,,697ab12b4591197afc56d253,697ab12b4591197afc56d253,,,,
10537,raw_position_sample,2,3,adv,25,3,3,4,22, each ,693,115,1537791.3999999762,697ab12b4591197afc56d253,697ab12b4591197afc56d253,advanced,3,697ab12b4591197afc56d253,697ab12b4591197afc56d253,spotlight_PROLIFIC,,31,Mexico,Spanish,N/A,,Spanish:75|English:25,100,Spanish:60|English:40,100,Spanish:90|English:10,100,29,0,Bachelor's,10,10,10,2,3,8,18,30,25,29,,,,,15,25,B1,intermediate|advanced,advanced|intermediate,cambridge_15_21_random_intermediate_advanced,4,20,random,,104.203125,667.609375,128.203125,712.3125,2,9,,,,,,,,,,,,2026-08-16T17:54:38.981Z,K8EF3YCB,2026-08-16,2026-08-16,11:54:38,2026-08-16 11:54:38,,,,,,,,697ab12b4591197afc56d253,697ab12b4591197afc56d253,,,,
10586,raw_position_sample,2,3,adv,25,3,3,4,22, each ,701,116,1537840.5999999642,697ab12b4591197afc56d253,697ab12b4591197afc56d253,advanced,3,697ab12b4591197afc56d253,697ab12b4591197afc56d253,spotlight_PROLIFIC,,31,Mexico,Spanish,N/A,,Spanish:75|English:25,100,Spanish:60|English:40,100,Spanish:90|English:10,100,29,0,Bachelor's,10,10,10,2,3,8,18,30,25,29,,,,,15,25,B1,intermediate|advanced,advanced|intermediate,cambridge_15_21_random_intermediate_advanced,4,20,random,,104.203125,667.609375,128.203125,712.3125,2,9,,,,,,,,,,,,2026-08-16T17:54:38.981Z,K8EF3YCB,2026-08-16,2026-08-16,11:54:38,2026-08-16 11:54:38,,,,,,,,697ab12b4591197afc56d253,697ab12b4591197afc56d253,,,,
10636,raw_position_sample,2,3,adv,25,3,3,4,22, each ,707,118,1537890.800000012,697ab12b4591197afc56d253,697ab12b4591197afc56d253,advanced,3,697ab12b4591197afc56d253,697ab12b4591197afc56d253,spotlight_PROLIFIC,,31,Mexico,Spanish,N/A,,Spanish:75|English:25,100,Spanish:60|English:40,100,Spanish:90|English:10,100,29,0,Bachelor's,10,10,10,2,3,8,18,30,25,29,,,,,15,25,B1,intermediate|advanced,advanced|intermediate,cambridge_15_21_random_intermediate_advanced,4,20,random,,104.203125,667.609375,128.203125,712.3125,2,9,,,,,,,,,,,,2026-08-16T17:54:38.981Z,K8EF3YCB,2026-08-16,2026-08-16,11:54:38,2026-08-16 11:54:38,,,,,,,,697ab12b4591197afc56d253,697ab12b4591197afc56d253,,,,
10698,raw_position_sample,2,3,adv,25,3,3,4,22, each ,707,118,1537952.800000012,697ab12b4591197afc56d253,697ab12b4591197afc56d253,advanced,3,697ab12b4591197afc56d253,697ab12b4591197afc56d253,spotlight_PROLIFIC,,31,Mexico,Spanish,N/A,,Spanish:75|English:25,100,Spanish:60|English:40,100,Spanish:90|English:10,100,29,0,Bachelor's,10,10,10,2,3,8,18,30,25,29,,,,,15,25,B1,intermediate|advanced,advanced|intermediate,cambridge_15_21_random_intermediate_advanced,4,20,random,,104.203125,667.609375,128.203125,712.3125,2,9,,,,,,,,,,,,2026-08-16T17:54:38.981Z,K8EF3YCB,2026-08-16,2026-08-16,11:54:38,2026-08-16 11:54:38,,,,,,,,697ab12b4591197afc56d253,697ab12b4591197afc56d253,,,,
10736,raw_position_sample,2,3,adv,25,3,3,4,22, each ,699,118,1537990.800000012,697ab12b4591197afc56d253,697ab12b4591197afc56d253,advanced,3,697ab12b4591197afc56d253,697ab12b4591197afc56d253,spotlight_PROLIFIC,,31,Mexico,Spanish,N/A,,Spanish:75|English:25,100,Spanish:60|English:40,100,Spanish:90|English:10,100,29,0,Bachelor's,10,10,10,2,3,8,18,30,25,29,,,,,15,25,B1,intermediate|advanced,advanced|intermediate,cambridge_15_21_random_intermediate_advanced,4,20,random,,104.203125,667.609375,128.203125,712.3125,2,9,,,,,,,,,,,,2026-08-16T17:54:38.981Z,K8EF3YCB,2026-08-16,2026-08-16,11:54:38,2026-08-16 11:54:38,,,,,,,,697ab12b4591197afc56d253,697ab12b4591197afc56d253,,,,
10765,hover_association,2,3,adv,25,3,3,4,22, each ,668,114,,697ab12b4591197afc56d253,697ab12b4591197afc56d253,advanced,3,697ab12b4591197afc56d253,697ab12b4591197afc56d253,spotlight_PROLIFIC,,31,Mexico,Spanish,N/A,,Spanish:75|English:25,100,Spanish:60|English:40,100,Spanish:90|English:10,100,29,0,Bachelor's,10,10,10,2,3,8,18,30,25,29,,,,,15,25,B1,intermediate|advanced,advanced|intermediate,cambridge_15_21_random_intermediate_advanced,4,20,random,,96.203125,667.609375,136.203125,712.3125,2,9,hover,366.5,366.5,0.3666550157287662,0.569921875,106,,,,,,2026-08-16T17:54:38.981Z,K8EF3YCB,2026-08-16,2026-08-16,11:54:38,2026-08-16 11:54:38,,,,,,,,697ab12b4591197afc56d253,697ab12b4591197afc56d253,,,,
10786,raw_position_sample,2,3,adv,25,3,3,4,21, at ,651,120,1538040.8999999762,697ab12b4591197afc56d253,697ab12b4591197afc56d253,advanced,3,697ab12b4591197afc56d253,697ab12b4591197afc56d253,spotlight_PROLIFIC,,31,Mexico,Spanish,N/A,,Spanish:75|English:25,100,Spanish:60|English:40,100,Spanish:90|English:10,100,29,0,Bachelor's,10,10,10,2,3,8,18,30,25,29,,,,,15,25,B1,intermediate|advanced,advanced|intermediate,cambridge_15_21_random_intermediate_advanced,4,20,random,,104.203125,646.328125,128.203125,667.609375,2,8,,,,,,,,,,,,2026-08-16T17:54:38.981Z,K8EF3YCB,2026-08-16,2026-08-16,11:54:38,2026-08-16 11:54:38,,,,,,,,697ab12b4591197afc56d253,697ab12b4591197afc56d253,,,,
10798,hover_association,2,3,adv,25,3,3,4,21, at ,667,120,,697ab12b4591197afc56d253,697ab12b4591197afc56d253,advanced,3,697ab12b4591197afc56d253,697ab12b4591197afc56d253,spotlight_PROLIFIC,,31,Mexico,Spanish,N/A,,Spanish:75|English:25,100,Spanish:60|English:40,100,Spanish:90|English:10,100,29,0,Bachelor's,10,10,10,2,3,8,18,30,25,29,,,,,15,25,B1,intermediate|advanced,advanced|intermediate,cambridge_15_21_random_intermediate_advanced,4,20,random,,96.203125,646.328125,136.203125,667.609375,2,8,hover,33.39999997615814,33.39999997615814,0.2195301027900147,0.594921875,106,,,,,,2026-08-16T17:54:38.981Z,K8EF3YCB,2026-08-16,2026-08-16,11:54:38,2026-08-16 11:54:38,,,,,,,,697ab12b4591197afc56d253,697ab12b4591197afc56d253,,,,
10835,raw_position_sample,2,3,adv,25,3,3,4,20, spend ,597,120,1538090.199999988,697ab12b4591197afc56d253,697ab12b4591197afc56d253,advanced,3,697ab12b4591197afc56d253,697ab12b4591197afc56d253,spotlight_PROLIFIC,,31,Mexico,Spanish,N/A,,Spanish:75|English:25,100,Spanish:60|English:40,100,Spanish:90|English:10,100,29,0,Bachelor's,10,10,10,2,3,8,18,30,25,29,,,,,15,25,B1,intermediate|advanced,advanced|intermediate,cambridge_15_21_random_intermediate_advanced,4,20,random,,104.203125,589.609375,128.203125,646.328125,2,7,,,,,,,,,,,,2026-08-16T17:54:38.981Z,K8EF3YCB,2026-08-16,2026-08-16,11:54:38,2026-08-16 11:54:38,,,,,,,,697ab12b4591197afc56d253,697ab12b4591197afc56d253,,,,
10848,hover_association,2,3,adv,25,3,3,4,20, spend ,633,120,,697ab12b4591197afc56d253,697ab12b4591197afc56d253,advanced,3,697ab12b4591197afc56d253,697ab12b4591197afc56d253,spotlight_PROLIFIC,,31,Mexico,Spanish,N/A,,Spanish:75|English:25,100,Spanish:60|English:40,100,Spanish:90|English:10,100,29,0,Bachelor's,10,10,10,2,3,8,18,30,25,29,,,,,15,25,B1,intermediate|advanced,advanced|intermediate,cambridge_15_21_random_intermediate_advanced,4,20,random,,96.203125,589.609375,136.203125,646.328125,2,7,hover,49.89999997615814,49.89999997615814,0.1303030303030303,0.594921875,106,,,,,,2026-08-16T17:54:38.981Z,K8EF3YCB,2026-08-16,2026-08-16,11:54:38,2026-08-16 11:54:38,,,,,,,,697ab12b4591197afc56d253,697ab12b4591197afc56d253,,,,
10881,hover_association,2,3,adv,25,3,3,4,19, to ,582,120,,697ab12b4591197afc56d253,697ab12b4591197afc56d253,advanced,3,697ab12b4591197afc56d253,697ab12b4591197afc56d253,spotlight_PROLIFIC,,31,Mexico,Spanish,N/A,,Spanish:75|English:25,100,Spanish:60|English:40,100,Spanish:90|English:10,100,29,0,Bachelor's,10,10,10,2,3,8,18,30,25,29,,,,,15,25,B1,intermediate|advanced,advanced|intermediate,cambridge_15_21_random_intermediate_advanced,4,20,random,,96.203125,567.53125,136.203125,589.609375,2,6,hover,33.40000003576279,33.40000003576279,0.06652512384996462,0.594921875,106,,,,,,2026-08-16T17:54:38.981Z,K8EF3YCB,2026-08-16,2026-08-16,11:54:38,2026-08-16 11:54:38,,,,,,,,697ab12b4591197afc56d253,697ab12b4591197afc56d253,,,,
10887,raw_position_sample,2,3,adv,25,3,3,4,18, £20 ,558,120,1538141.8999999762,697ab12b4591197afc56d253,697ab12b4591197afc56d253,advanced,3,697ab12b4591197afc56d253,697ab12b4591197afc56d253,spotlight_PROLIFIC,,31,Mexico,Spanish,N/A,,Spanish:75|English:25,100,Spanish:60|English:40,100,Spanish:90|English:10,100,29,0,Bachelor's,10,10,10,2,3,8,18,30,25,29,,,,,15,25,B1,intermediate|advanced,advanced|intermediate,cambridge_15_21_random_intermediate_advanced,4,20,random,,104.203125,531.953125,128.203125,567.53125,2,5,,,,,,,,,,,,2026-08-16T17:54:38.981Z,K8EF3YCB,2026-08-16,2026-08-16,11:54:38,2026-08-16 11:54:38,,,,,,,,697ab12b4591197afc56d253,697ab12b4591197afc56d253,,,,
10936,raw_position_sample,2,3,adv,25,3,3,4,18, £20 ,536,120,1538190.800000012,697ab12b4591197afc56d253,697ab12b4591197afc56d253,advanced,3,697ab12b4591197afc56d253,697ab12b4591197afc56d253,spotlight_PROLIFIC,,31,Mexico,Spanish,N/A,,Spanish:75|English:25,100,Spanish:60|English:40,100,Spanish:90|English:10,100,29,0,Bachelor's,10,10,10,2,3,8,18,30,25,29,,,,,15,25,B1,intermediate|advanced,advanced|intermediate,cambridge_15_21_random_intermediate_advanced,4,20,random,,104.203125,531.953125,128.203125,567.53125,2,5,,,,,,,,,,,,2026-08-16T17:54:38.981Z,K8EF3YCB,2026-08-16,2026-08-16,11:54:38,2026-08-16 11:54:38,,,,,,,,697ab12b4591197afc56d253,697ab12b4591197afc56d253,,,,
10948,hover_association,2,3,adv,25,3,3,4,18, £20 ,558,120,,697ab12b4591197afc56d253,697ab12b4591197afc56d253,advanced,3,697ab12b4591197afc56d253,697ab12b4591197afc56d253,spotlight_PROLIFIC,,31,Mexico,Spanish,N/A,,Spanish:75|English:25,100,Spanish:60|English:40,100,Spanish:90|English:10,100,29,0,Bachelor's,10,10,10,2,3,8,18,30,25,29,,,,,15,25,B1,intermediate|advanced,advanced|intermediate,cambridge_15_21_random_intermediate_advanced,4,20,random,,96.203125,531.953125,136.203125,567.53125,2,5,hover,66.69999998807907,66.69999998807907,0.1137461572244181,0.594921875,106,,,,,,2026-08-16T17:54:38.981Z,K8EF3YCB,2026-08-16,2026-08-16,11:54:38,2026-08-16 11:54:38,,,,,,,,697ab12b4591197afc56d253,697ab12b4591197afc56d253,,,,
10987,raw_position_sample,2,3,adv,25,3,3,4,17, and ,515,126,1538241.8999999762,697ab12b4591197afc56d253,697ab12b4591197afc56d253,advanced,3,697ab12b4591197afc56d253,697ab12b4591197afc56d253,spotlight_PROLIFIC,,31,Mexico,Spanish,N/A,,Spanish:75|English:25,100,Spanish:60|English:40,100,Spanish:90|English:10,100,29,0,Bachelor's,10,10,10,2,3,8,18,30,25,29,,,,,15,25,B1,intermediate|advanced,advanced|intermediate,cambridge_15_21_random_intermediate_advanced,4,20,random,,104.203125,494.96875,128.203125,531.953125,2,4,,,,,,,,,,,,2026-08-16T17:54:38.981Z,K8EF3YCB,2026-08-16,2026-08-16,11:54:38,2026-08-16 11:54:38,,,,,,,,697ab12b4591197afc56d253,697ab12b4591197afc56d253,,,,
11031,hover_association,2,3,adv,25,3,3,4,17, and ,529,122,,697ab12b4591197afc56d253,697ab12b4591197afc56d253,advanced,3,697ab12b4591197afc56d253,697ab12b4591197afc56d253,spotlight_PROLIFIC,,31,Mexico,Spanish,N/A,,Spanish:75|English:25,100,Spanish:60|English:40,100,Spanish:90|English:10,100,29,0,Bachelor's,10,10,10,2,3,8,18,30,25,29,,,,,15,25,B1,intermediate|advanced,advanced|intermediate,cambridge_15_21_random_intermediate_advanced,4,20,random,,96.203125,494.96875,136.203125,531.953125,2,4,hover,83.30000001192093,83.30000001192093,0.05492184199408534,0.819921875,106,,,,,,2026-08-16T17:54:38.981Z,K8EF3YCB,2026-08-16,2026-08-16,11:54:38,2026-08-16 11:54:38,,,,,,,,697ab12b4591197afc56d253,697ab12b4591197afc56d253,,,,
11036,raw_position_sample,2,3,adv,25,3,3,4,16, £5 ,490,130,1538290.8999999762,697ab12b4591197afc56d253,697ab12b4591197afc56d253,advanced,3,697ab12b4591197afc56d253,697ab12b4591197afc56d253,spotlight_PROLIFIC,,31,Mexico,Spanish,N/A,,Spanish:75|English:25,100,Spanish:60|English:40,100,Spanish:90|English:10,100,29,0,Bachelor's,10,10,10,2,3,8,18,30,25,29,,,,,15,25,B1,intermediate|advanced,advanced|intermediate,cambridge_15_21_random_intermediate_advanced,4,20,random,,104.203125,469.6875,128.203125,494.96875,2,3,,,,,,,,,,,,2026-08-16T17:54:38.981Z,K8EF3YCB,2026-08-16,2026-08-16,11:54:38,2026-08-16 11:54:38,,,,,,,,697ab12b4591197afc56d253,697ab12b4591197afc56d253,,,,
11082,hover_association,2,3,adv,25,3,3,4,16, £5 ,490,130,,697ab12b4591197afc56d253,697ab12b4591197afc56d253,advanced,3,697ab12b4591197afc56d253,697ab12b4591197afc56d253,spotlight_PROLIFIC,,31,Mexico,Spanish,N/A,,Spanish:75|English:25,100,Spanish:60|English:40,100,Spanish:90|English:10,100,29,0,Bachelor's,10,10,10,2,3,8,18,30,25,29,,,,,15,25,B1,intermediate|advanced,advanced|intermediate,cambridge_15_21_random_intermediate_advanced,4,20,random,,96.203125,469.6875,136.203125,494.96875,2,3,hover,50,50,0.13102595797280595,0.969921875,106,,,,,,2026-08-16T17:54:38.981Z,K8EF3YCB,2026-08-16,2026-08-16,11:54:38,2026-08-16 11:54:38,,,,,,,,697ab12b4591197afc56d253,697ab12b4591197afc56d253,,,,
11086,raw_position_sample,2,3,adv,25,3,3,4,15, between ,464,136,1538340.5999999642,697ab12b4591197afc56d253,697ab12b4591197afc56d253,advanced,3,697ab12b4591197afc56d253,697ab12b4591197afc56d253,spotlight_PROLIFIC,,31,Mexico,Spanish,N/A,,Spanish:75|English:25,100,Spanish:60|English:40,100,Spanish:90|English:10,100,29,0,Bachelor's,10,10,10,2,3,8,18,30,25,29,,,,,15,25,B1,intermediate|advanced,advanced|intermediate,cambridge_15_21_random_intermediate_advanced,4,20,random,,104.203125,391.703125,128.203125,469.6875,2,2,,,,,,,,,,,,2026-08-16T17:54:38.981Z,K8EF3YCB,2026-08-16,2026-08-16,11:54:38,2026-08-16 11:54:38,,,,,,,,697ab12b4591197afc56d253,697ab12b4591197afc56d253,,,,
11099,hover_association,2,3,adv,25,3,3,4,15, between ,464,136,,697ab12b4591197afc56d253,697ab12b4591197afc56d253,advanced,3,697ab12b4591197afc56d253,697ab12b4591197afc56d253,spotlight_PROLIFIC,,31,Mexico,Spanish,N/A,,Spanish:75|English:25,100,Spanish:60|English:40,100,Spanish:90|English:10,100,29,0,Bachelor's,10,10,10,2,3,8,18,30,25,29,,,,,15,25,B1,intermediate|advanced,advanced|intermediate,cambridge_15_21_random_intermediate_advanced,4,20,random,,96.203125,391.703125,136.203125,469.6875,2,2,hover,17.19999998807907,17.19999998807907,0.9270687237026648,0.994921875,106,,,,,,2026-08-16T17:54:38.981Z,K8EF3YCB,2026-08-16,2026-08-16,11:54:38,2026-08-16 11:54:38,,,,,,,,697ab12b4591197afc56d253,697ab12b4591197afc56d253,,,,
11137,raw_position_sample,2,3,adv,25,3,3,4,31, the ,446,139,1538391.699999988,697ab12b4591197afc56d253,697ab12b4591197afc56d253,advanced,3,697ab12b4591197afc56d253,697ab12b4591197afc56d253,spotlight_PROLIFIC,,31,Mexico,Spanish,N/A,,Spanish:75|English:25,100,Spanish:60|English:40,100,Spanish:90|English:10,100,29,0,Bachelor's,10,10,10,2,3,8,18,30,25,29,,,,,15,25,B1,intermediate|advanced,advanced|intermediate,cambridge_15_21_random_intermediate_advanced,4,20,random,,144.203125,426.796875,168.203125,459.265625,3,3,,,,,,,,,,,,2026-08-16T17:54:38.981Z,K8EF3YCB,2026-08-16,2026-08-16,11:54:38,2026-08-16 11:54:38,,,,,,,,697ab12b4591197afc56d253,697ab12b4591197afc56d253,,,,
11186,raw_position_sample,2,3,adv,25,3,3,4,31, the ,433,140,1538440.800000012,697ab12b4591197afc56d253,697ab12b4591197afc56d253,advanced,3,697ab12b4591197afc56d253,697ab12b4591197afc56d253,spotlight_PROLIFIC,,31,Mexico,Spanish,N/A,,Spanish:75|English:25,100,Spanish:60|English:40,100,Spanish:90|English:10,100,29,0,Bachelor's,10,10,10,2,3,8,18,30,25,29,,,,,15,25,B1,intermediate|advanced,advanced|intermediate,cambridge_15_21_random_intermediate_advanced,4,20,random,,144.203125,426.796875,168.203125,459.265625,3,3,,,,,,,,,,,,2026-08-16T17:54:38.981Z,K8EF3YCB,2026-08-16,2026-08-16,11:54:38,2026-08-16 11:54:38,,,,,,,,697ab12b4591197afc56d253,697ab12b4591197afc56d253,,,,
11215,hover_association,2,3,adv,25,3,3,4,31, the ,455,137,,697ab12b4591197afc56d253,697ab12b4591197afc56d253,advanced,3,697ab12b4591197afc56d253,697ab12b4591197afc56d253,spotlight_PROLIFIC,,31,Mexico,Spanish,N/A,,Spanish:75|English:25,100,Spanish:60|English:40,100,Spanish:90|English:10,100,29,0,Bachelor's,10,10,10,2,3,8,18,30,25,29,,,,,15,25,B1,intermediate|advanced,advanced|intermediate,cambridge_15_21_random_intermediate_advanced,4,20,random,,136.203125,426.796875,176.203125,459.265625,3,3,hover,116.30000001192093,116.30000001192093,0.006256015399422521,0.144921875,106,,,,,,2026-08-16T17:54:38.981Z,K8EF3YCB,2026-08-16,2026-08-16,11:54:38,2026-08-16 11:54:38,,,,,,,,697ab12b4591197afc56d253,697ab12b4591197afc56d253,,,,
11237,raw_position_sample,2,3,adv,25,3,3,4,30, at ,421,142,1538491.199999988,697ab12b4591197afc56d253,697ab12b4591197afc56d253,advanced,3,697ab12b4591197afc56d253,697ab12b4591197afc56d253,spotlight_PROLIFIC,,31,Mexico,Spanish,N/A,,Spanish:75|English:25,100,Spanish:60|English:40,100,Spanish:90|English:10,100,29,0,Bachelor's,10,10,10,2,3,8,18,30,25,29,,,,,15,25,B1,intermediate|advanced,advanced|intermediate,cambridge_15_21_random_intermediate_advanced,4,20,random,,144.203125,405.515625,168.203125,426.796875,3,2,,,,,,,,,,,,2026-08-16T17:54:38.981Z,K8EF3YCB,2026-08-16,2026-08-16,11:54:38,2026-08-16 11:54:38,,,,,,,,697ab12b4591197afc56d253,697ab12b4591197afc56d253,,,,
11285,raw_position_sample,2,3,adv,25,3,3,4,30, at ,408,141,1538540.0999999642,697ab12b4591197afc56d253,697ab12b4591197afc56d253,advanced,3,697ab12b4591197afc56d253,697ab12b4591197afc56d253,spotlight_PROLIFIC,,31,Mexico,Spanish,N/A,,Spanish:75|English:25,100,Spanish:60|English:40,100,Spanish:90|English:10,100,29,0,Bachelor's,10,10,10,2,3,8,18,30,25,29,,,,,15,25,B1,intermediate|advanced,advanced|intermediate,cambridge_15_21_random_intermediate_advanced,4,20,random,,144.203125,405.515625,168.203125,426.796875,3,2,,,,,,,,,,,,2026-08-16T17:54:38.981Z,K8EF3YCB,2026-08-16,2026-08-16,11:54:38,2026-08-16 11:54:38,,,,,,,,697ab12b4591197afc56d253,697ab12b4591197afc56d253,,,,
11298,hover_association,2,3,adv,25,3,3,4,30, at ,425,142,,697ab12b4591197afc56d253,697ab12b4591197afc56d253,advanced,3,697ab12b4591197afc56d253,697ab12b4591197afc56d253,spotlight_PROLIFIC,,31,Mexico,Spanish,N/A,,Spanish:75|English:25,100,Spanish:60|English:40,100,Spanish:90|English:10,100,29,0,Bachelor's,10,10,10,2,3,8,18,30,25,29,,,,,15,25,B1,intermediate|advanced,advanced|intermediate,cambridge_15_21_random_intermediate_advanced,4,20,random,,136.203125,405.515625,176.203125,426.796875,3,2,hover,83.59999996423721,83.59999996423721,0.11674008810572688,0.119921875,106,,,,,,2026-08-16T17:54:38.981Z,K8EF3YCB,2026-08-16,2026-08-16,11:54:38,2026-08-16 11:54:38,,,,,,,,697ab12b4591197afc56d253,697ab12b4591197afc56d253,,,,
11336,raw_position_sample,2,3,adv,25,3,3,4,29, receive ,396,141,1538590.800000012,697ab12b4591197afc56d253,697ab12b4591197afc56d253,advanced,3,697ab12b4591197afc56d253,697ab12b4591197afc56d253,spotlight_PROLIFIC,,31,Mexico,Spanish,N/A,,Spanish:75|English:25,100,Spanish:60|English:40,100,Spanish:90|English:10,100,29,0,Bachelor's,10,10,10,2,3,8,18,30,25,29,,,,,15,25,B1,intermediate|advanced,advanced|intermediate,cambridge_15_21_random_intermediate_advanced,4,20,random,,144.203125,340.875,168.203125,405.515625,3,1,,,,,,,,,,,,2026-08-16T17:54:38.981Z,K8EF3YCB,2026-08-16,2026-08-16,11:54:38,2026-08-16 11:54:38,,,,,,,,697ab12b4591197afc56d253,697ab12b4591197afc56d253,,,,
11388,raw_position_sample,2,3,adv,25,3,3,4,29, receive ,390,140,1538642.300000012,697ab12b4591197afc56d253,697ab12b4591197afc56d253,advanced,3,697ab12b4591197afc56d253,697ab12b4591197afc56d253,spotlight_PROLIFIC,,31,Mexico,Spanish,N/A,,Spanish:75|English:25,100,Spanish:60|English:40,100,Spanish:90|English:10,100,29,0,Bachelor's,10,10,10,2,3,8,18,30,25,29,,,,,15,25,B1,intermediate|advanced,advanced|intermediate,cambridge_15_21_random_intermediate_advanced,4,20,random,,144.203125,340.875,168.203125,405.515625,3,1,,,,,,,,,,,,2026-08-16T17:54:38.981Z,K8EF3YCB,2026-08-16,2026-08-16,11:54:38,2026-08-16 11:54:38,,,,,,,,697ab12b4591197afc56d253,697ab12b4591197afc56d253,,,,
11415,hover_association,2,3,adv,25,3,3,4,29, receive ,402,141,,697ab12b4591197afc56d253,697ab12b4591197afc56d253,advanced,3,697ab12b4591197afc56d253,697ab12b4591197afc56d253,spotlight_PROLIFIC,,31,Mexico,Spanish,N/A,,Spanish:75|English:25,100,Spanish:60|English:40,100,Spanish:90|English:10,100,29,0,Bachelor's,10,10,10,2,3,8,18,30,25,29,,,,,15,25,B1,intermediate|advanced,advanced|intermediate,cambridge_15_21_random_intermediate_advanced,4,20,random,,136.203125,336.628125,176.203125,405.515625,3,1,hover,116.10000002384186,116.10000002384186,0.7457358011250227,0.044921875,106,,,,,,2026-08-16T17:54:38.981Z,K8EF3YCB,2026-08-16,2026-08-16,11:54:38,2026-08-16 11:54:38,,,,,,,,697ab12b4591197afc56d253,697ab12b4591197afc56d253,,,,
11436,raw_position_sample,2,3,adv,25,3,3,4,14, given ,379,131,1538690.8999999762,697ab12b4591197afc56d253,697ab12b4591197afc56d253,advanced,3,697ab12b4591197afc56d253,697ab12b4591197afc56d253,spotlight_PROLIFIC,,31,Mexico,Spanish,N/A,,Spanish:75|English:25,100,Spanish:60|English:40,100,Spanish:90|English:10,100,29,0,Bachelor's,10,10,10,2,3,8,18,30,25,29,,,,,15,25,B1,intermediate|advanced,advanced|intermediate,cambridge_15_21_random_intermediate_advanced,4,20,random,,104.203125,340.875,128.203125,391.703125,2,1,,,,,,,,,,,,2026-08-16T17:54:38.981Z,K8EF3YCB,2026-08-16,2026-08-16,11:54:38,2026-08-16 11:54:38,,,,,,,,697ab12b4591197afc56d253,697ab12b4591197afc56d253,,,,
11487,raw_position_sample,2,3,adv,25,3,3,4,14, given ,372,126,1538741.300000012,697ab12b4591197afc56d253,697ab12b4591197afc56d253,advanced,3,697ab12b4591197afc56d253,697ab12b4591197afc56d253,spotlight_PROLIFIC,,31,Mexico,Spanish,N/A,,Spanish:75|English:25,100,Spanish:60|English:40,100,Spanish:90|English:10,100,29,0,Bachelor's,10,10,10,2,3,8,18,30,25,29,,,,,15,25,B1,intermediate|advanced,advanced|intermediate,cambridge_15_21_random_intermediate_advanced,4,20,random,,104.203125,340.875,128.203125,391.703125,2,1,,,,,,,,,,,,2026-08-16T17:54:38.981Z,K8EF3YCB,2026-08-16,2026-08-16,11:54:38,2026-08-16 11:54:38,,,,,,,,697ab12b4591197afc56d253,697ab12b4591197afc56d253,,,,
11546,raw_position_sample,2,3,adv,25,3,3,4,14, given ,370,124,1538800.8999999762,697ab12b4591197afc56d253,697ab12b4591197afc56d253,advanced,3,697ab12b4591197afc56d253,697ab12b4591197afc56d253,spotlight_PROLIFIC,,31,Mexico,Spanish,N/A,,Spanish:75|English:25,100,Spanish:60|English:40,100,Spanish:90|English:10,100,29,0,Bachelor's,10,10,10,2,3,8,18,30,25,29,,,,,15,25,B1,intermediate|advanced,advanced|intermediate,cambridge_15_21_random_intermediate_advanced,4,20,random,,104.203125,340.875,128.203125,391.703125,2,1,,,,,,,,,,,,2026-08-16T17:54:38.981Z,K8EF3YCB,2026-08-16,2026-08-16,11:54:38,2026-08-16 11:54:38,,,,,,,,697ab12b4591197afc56d253,697ab12b4591197afc56d253,,,,
11587,raw_position_sample,2,3,adv,25,3,3,4,14, given ,368,121,1538841.300000012,697ab12b4591197afc56d253,697ab12b4591197afc56d253,advanced,3,697ab12b4591197afc56d253,697ab12b4591197afc56d253,spotlight_PROLIFIC,,31,Mexico,Spanish,N/A,,Spanish:75|English:25,100,Spanish:60|English:40,100,Spanish:90|English:10,100,29,0,Bachelor's,10,10,10,2,3,8,18,30,25,29,,,,,15,25,B1,intermediate|advanced,advanced|intermediate,cambridge_15_21_random_intermediate_advanced,4,20,random,,104.203125,340.875,128.203125,391.703125,2,1,,,,,,,,,,,,2026-08-16T17:54:38.981Z,K8EF3YCB,2026-08-16,2026-08-16,11:54:38,2026-08-16 11:54:38,,,,,,,,697ab12b4591197afc56d253,697ab12b4591197afc56d253,,,,
11636,raw_position_sample,2,3,adv,25,3,3,4,14, given ,366,118,1538890.300000012,697ab12b4591197afc56d253,697ab12b4591197afc56d253,advanced,3,697ab12b4591197afc56d253,697ab12b4591197afc56d253,spotlight_PROLIFIC,,31,Mexico,Spanish,N/A,,Spanish:75|English:25,100,Spanish:60|English:40,100,Spanish:90|English:10,100,29,0,Bachelor's,10,10,10,2,3,8,18,30,25,29,,,,,15,25,B1,intermediate|advanced,advanced|intermediate,cambridge_15_21_random_intermediate_advanced,4,20,random,,104.203125,340.875,128.203125,391.703125,2,1,,,,,,,,,,,,2026-08-16T17:54:38.981Z,K8EF3YCB,2026-08-16,2026-08-16,11:54:38,2026-08-16 11:54:38,,,,,,,,697ab12b4591197afc56d253,697ab12b4591197afc56d253,,,,
11687,raw_position_sample,2,3,adv,25,3,3,4,14, given ,363,117,1538941.5,697ab12b4591197afc56d253,697ab12b4591197afc56d253,advanced,3,697ab12b4591197afc56d253,697ab12b4591197afc56d253,spotlight_PROLIFIC,,31,Mexico,Spanish,N/A,,Spanish:75|English:25,100,Spanish:60|English:40,100,Spanish:90|English:10,100,29,0,Bachelor's,10,10,10,2,3,8,18,30,25,29,,,,,15,25,B1,intermediate|advanced,advanced|intermediate,cambridge_15_21_random_intermediate_advanced,4,20,random,,104.203125,340.875,128.203125,391.703125,2,1,,,,,,,,,,,,2026-08-16T17:54:38.981Z,K8EF3YCB,2026-08-16,2026-08-16,11:54:38,2026-08-16 11:54:38,,,,,,,,697ab12b4591197afc56d253,697ab12b4591197afc56d253,,,,
11737,raw_position_sample,2,3,adv,25,3,3,4,14, given ,360,116,1538991.5999999642,697ab12b4591197afc56d253,697ab12b4591197afc56d253,advanced,3,697ab12b4591197afc56d253,697ab12b4591197afc56d253,spotlight_PROLIFIC,,31,Mexico,Spanish,N/A,,Spanish:75|English:25,100,Spanish:60|English:40,100,Spanish:90|English:10,100,29,0,Bachelor's,10,10,10,2,3,8,18,30,25,29,,,,,15,25,B1,intermediate|advanced,advanced|intermediate,cambridge_15_21_random_intermediate_advanced,4,20,random,,104.203125,340.875,128.203125,391.703125,2,1,,,,,,,,,,,,2026-08-16T17:54:38.981Z,K8EF3YCB,2026-08-16,2026-08-16,11:54:38,2026-08-16 11:54:38,,,,,,,,697ab12b4591197afc56d253,697ab12b4591197afc56d253,,,,
11798,raw_position_sample,2,3,adv,25,3,3,4,14, given ,360,116,1539052.800000012,697ab12b4591197afc56d253,697ab12b4591197afc56d253,advanced,3,697ab12b4591197afc56d253,697ab12b4591197afc56d253,spotlight_PROLIFIC,,31,Mexico,Spanish,N/A,,Spanish:75|English:25,100,Spanish:60|English:40,100,Spanish:90|English:10,100,29,0,Bachelor's,10,10,10,2,3,8,18,30,25,29,,,,,15,25,B1,intermediate|advanced,advanced|intermediate,cambridge_15_21_random_intermediate_advanced,4,20,random,,104.203125,340.875,128.203125,391.703125,2,1,,,,,,,,,,,,2026-08-16T17:54:38.981Z,K8EF3YCB,2026-08-16,2026-08-16,11:54:38,2026-08-16 11:54:38,,,,,,,,697ab12b4591197afc56d253,697ab12b4591197afc56d253,,,,
11846,raw_position_sample,2,3,adv,25,3,3,4,14, given ,360,116,1539101.0999999642,697ab12b4591197afc56d253,697ab12b4591197afc56d253,advanced,3,697ab12b4591197afc56d253,697ab12b4591197afc56d253,spotlight_PROLIFIC,,31,Mexico,Spanish,N/A,,Spanish:75|English:25,100,Spanish:60|English:40,100,Spanish:90|English:10,100,29,0,Bachelor's,10,10,10,2,3,8,18,30,25,29,,,,,15,25,B1,intermediate|advanced,advanced|intermediate,cambridge_15_21_random_intermediate_advanced,4,20,random,,104.203125,340.875,128.203125,391.703125,2,1,,,,,,,,,,,,2026-08-16T17:54:38.981Z,K8EF3YCB,2026-08-16,2026-08-16,11:54:38,2026-08-16 11:54:38,,,,,,,,697ab12b4591197afc56d253,697ab12b4591197afc56d253,,,,
11895,raw_position_sample,2,3,adv,25,3,3,4,14, given ,360,116,1539149.8999999762,697ab12b4591197afc56d253,697ab12b4591197afc56d253,advanced,3,697ab12b4591197afc56d253,697ab12b4591197afc56d253,spotlight_PROLIFIC,,31,Mexico,Spanish,N/A,,Spanish:75|English:25,100,Spanish:60|English:40,100,Spanish:90|English:10,100,29,0,Bachelor's,10,10,10,2,3,8,18,30,25,29,,,,,15,25,B1,intermediate|advanced,advanced|intermediate,cambridge_15_21_random_intermediate_advanced,4,20,random,,104.203125,340.875,128.203125,391.703125,2,1,,,,,,,,,,,,2026-08-16T17:54:38.981Z,K8EF3YCB,2026-08-16,2026-08-16,11:54:38,2026-08-16 11:54:38,,,,,,,,697ab12b4591197afc56d253,697ab12b4591197afc56d253,,,,
11936,raw_position_sample,2,3,adv,25,3,3,4,14, given ,363,115,1539190.5,697ab12b4591197afc56d253,697ab12b4591197afc56d253,advanced,3,697ab12b4591197afc56d253,697ab12b4591197afc56d253,spotlight_PROLIFIC,,31,Mexico,Spanish,N/A,,Spanish:75|English:25,100,Spanish:60|English:40,100,Spanish:90|English:10,100,29,0,Bachelor's,10,10,10,2,3,8,18,30,25,29,,,,,15,25,B1,intermediate|advanced,advanced|intermediate,cambridge_15_21_random_intermediate_advanced,4,20,random,,104.203125,340.875,128.203125,391.703125,2,1,,,,,,,,,,,,2026-08-16T17:54:38.981Z,K8EF3YCB,2026-08-16,2026-08-16,11:54:38,2026-08-16 11:54:38,,,,,,,,697ab12b4591197afc56d253,697ab12b4591197afc56d253,,,,
11987,raw_position_sample,2,3,adv,25,3,3,4,14, given ,384,110,1539241.199999988,697ab12b4591197afc56d253,697ab12b4591197afc56d253,advanced,3,697ab12b4591197afc56d253,697ab12b4591197afc56d253,spotlight_PROLIFIC,,31,Mexico,Spanish,N/A,,Spanish:75|English:25,100,Spanish:60|English:40,100,Spanish:90|English:10,100,29,0,Bachelor's,10,10,10,2,3,8,18,30,25,29,,,,,15,25,B1,intermediate|advanced,advanced|intermediate,cambridge_15_21_random_intermediate_advanced,4,20,random,,104.203125,340.875,128.203125,391.703125,2,1,,,,,,,,,,,,2026-08-16T17:54:38.981Z,K8EF3YCB,2026-08-16,2026-08-16,11:54:38,2026-08-16 11:54:38,,,,,,,,697ab12b4591197afc56d253,697ab12b4591197afc56d253,,,,
12015,hover_association,2,3,adv,25,3,3,4,14, given ,381,134,,697ab12b4591197afc56d253,697ab12b4591197afc56d253,advanced,3,697ab12b4591197afc56d253,697ab12b4591197afc56d253,spotlight_PROLIFIC,,31,Mexico,Spanish,N/A,,Spanish:75|English:25,100,Spanish:60|English:40,100,Spanish:90|English:10,100,29,0,Bachelor's,10,10,10,2,3,8,18,30,25,29,,,,,15,25,B1,intermediate|advanced,advanced|intermediate,cambridge_15_21_random_intermediate_advanced,4,20,random,,96.203125,336.628125,136.203125,391.703125,2,1,hover,600.1999999880791,600.1999999880791,0.9690762596459374,0.294921875,106,,,,,,2026-08-16T17:54:38.981Z,K8EF3YCB,2026-08-16,2026-08-16,11:54:38,2026-08-16 11:54:38,,,,,,,,697ab12b4591197afc56d253,697ab12b4591197afc56d253,,,,
12037,raw_position_sample,2,3,adv,25,3,3,4,15, between ,401,107,1539291.300000012,697ab12b4591197afc56d253,697ab12b4591197afc56d253,advanced,3,697ab12b4591197afc56d253,697ab12b4591197afc56d253,spotlight_PROLIFIC,,31,Mexico,Spanish,N/A,,Spanish:75|English:25,100,Spanish:60|English:40,100,Spanish:90|English:10,100,29,0,Bachelor's,10,10,10,2,3,8,18,30,25,29,,,,,15,25,B1,intermediate|advanced,advanced|intermediate,cambridge_15_21_random_intermediate_advanced,4,20,random,,104.203125,391.703125,128.203125,469.6875,2,2,,,,,,,,,,,,2026-08-16T17:54:38.981Z,K8EF3YCB,2026-08-16,2026-08-16,11:54:38,2026-08-16 11:54:38,,,,,,,,697ab12b4591197afc56d253,697ab12b4591197afc56d253,,,,
12085,raw_position_sample,2,3,adv,25,3,3,4,15, between ,417,105,1539340.0999999642,697ab12b4591197afc56d253,697ab12b4591197afc56d253,advanced,3,697ab12b4591197afc56d253,697ab12b4591197afc56d253,spotlight_PROLIFIC,,31,Mexico,Spanish,N/A,,Spanish:75|English:25,100,Spanish:60|English:40,100,Spanish:90|English:10,100,29,0,Bachelor's,10,10,10,2,3,8,18,30,25,29,,,,,15,25,B1,intermediate|advanced,advanced|intermediate,cambridge_15_21_random_intermediate_advanced,4,20,random,,104.203125,391.703125,128.203125,469.6875,2,2,,,,,,,,,,,,2026-08-16T17:54:38.981Z,K8EF3YCB,2026-08-16,2026-08-16,11:54:38,2026-08-16 11:54:38,,,,,,,,697ab12b4591197afc56d253,697ab12b4591197afc56d253,,,,
12136,raw_position_sample,2,3,adv,25,3,3,4,15, between ,431,105,1539390.5999999642,697ab12b4591197afc56d253,697ab12b4591197afc56d253,advanced,3,697ab12b4591197afc56d253,697ab12b4591197afc56d253,spotlight_PROLIFIC,,31,Mexico,Spanish,N/A,,Spanish:75|English:25,100,Spanish:60|English:40,100,Spanish:90|English:10,100,29,0,Bachelor's,10,10,10,2,3,8,18,30,25,29,,,,,15,25,B1,intermediate|advanced,advanced|intermediate,cambridge_15_21_random_intermediate_advanced,4,20,random,,104.203125,391.703125,128.203125,469.6875,2,2,,,,,,,,,,,,2026-08-16T17:54:38.981Z,K8EF3YCB,2026-08-16,2026-08-16,11:54:38,2026-08-16 11:54:38,,,,,,,,697ab12b4591197afc56d253,697ab12b4591197afc56d253,,,,
12185,raw_position_sample,2,3,adv,25,3,3,4,15, between ,446,105,1539440.0999999642,697ab12b4591197afc56d253,697ab12b4591197afc56d253,advanced,3,697ab12b4591197afc56d253,697ab12b4591197afc56d253,spotlight_PROLIFIC,,31,Mexico,Spanish,N/A,,Spanish:75|English:25,100,Spanish:60|English:40,100,Spanish:90|English:10,100,29,0,Bachelor's,10,10,10,2,3,8,18,30,25,29,,,,,15,25,B1,intermediate|advanced,advanced|intermediate,cambridge_15_21_random_intermediate_advanced,4,20,random,,104.203125,391.703125,128.203125,469.6875,2,2,,,,,,,,,,,,2026-08-16T17:54:38.981Z,K8EF3YCB,2026-08-16,2026-08-16,11:54:38,2026-08-16 11:54:38,,,,,,,,697ab12b4591197afc56d253,697ab12b4591197afc56d253,,,,
12236,raw_position_sample,2,3,adv,25,3,3,4,15, between ,460,105,1539490.699999988,697ab12b4591197afc56d253,697ab12b4591197afc56d253,advanced,3,697ab12b4591197afc56d253,697ab12b4591197afc56d253,spotlight_PROLIFIC,,31,Mexico,Spanish,N/A,,Spanish:75|English:25,100,Spanish:60|English:40,100,Spanish:90|English:10,100,29,0,Bachelor's,10,10,10,2,3,8,18,30,25,29,,,,,15,25,B1,intermediate|advanced,advanced|intermediate,cambridge_15_21_random_intermediate_advanced,4,20,random,,104.203125,391.703125,128.203125,469.6875,2,2,,,,,,,,,,,,2026-08-16T17:54:38.981Z,K8EF3YCB,2026-08-16,2026-08-16,11:54:38,2026-08-16 11:54:38,,,,,,,,697ab12b4591197afc56d253,697ab12b4591197afc56d253,,,,
12281,hover_association,2,3,adv,25,3,3,4,15, between ,396,107,,697ab12b4591197afc56d253,697ab12b4591197afc56d253,advanced,3,697ab12b4591197afc56d253,697ab12b4591197afc56d253,spotlight_PROLIFIC,,31,Mexico,Spanish,N/A,,Spanish:75|English:25,100,Spanish:60|English:40,100,Spanish:90|English:10,100,29,0,Bachelor's,10,10,10,2,3,8,18,30,25,29,,,,,15,25,B1,intermediate|advanced,advanced|intermediate,cambridge_15_21_random_intermediate_advanced,4,20,random,,96.203125,391.703125,136.203125,469.6875,2,2,hover,266.5,266.5,0.9783610498898017,0.219921875,106,,,,,,2026-08-16T17:54:38.981Z,K8EF3YCB,2026-08-16,2026-08-16,11:54:38,2026-08-16 11:54:38,,,,,,,,697ab12b4591197afc56d253,697ab12b4591197afc56d253,,,,
12287,raw_position_sample,2,3,adv,25,3,3,4,16, £5 ,473,105,1539542.0999999642,697ab12b4591197afc56d253,697ab12b4591197afc56d253,advanced,3,697ab12b4591197afc56d253,697ab12b4591197afc56d253,spotlight_PROLIFIC,,31,Mexico,Spanish,N/A,,Spanish:75|English:25,100,Spanish:60|English:40,100,Spanish:90|English:10,100,29,0,Bachelor's,10,10,10,2,3,8,18,30,25,29,,,,,15,25,B1,intermediate|advanced,advanced|intermediate,cambridge_15_21_random_intermediate_advanced,4,20,random,,104.203125,469.6875,128.203125,494.96875,2,3,,,,,,,,,,,,2026-08-16T17:54:38.981Z,K8EF3YCB,2026-08-16,2026-08-16,11:54:38,2026-08-16 11:54:38,,,,,,,,697ab12b4591197afc56d253,697ab12b4591197afc56d253,,,,
12336,raw_position_sample,2,3,adv,25,3,3,4,16, £5 ,487,105,1539590.5999999642,697ab12b4591197afc56d253,697ab12b4591197afc56d253,advanced,3,697ab12b4591197afc56d253,697ab12b4591197afc56d253,spotlight_PROLIFIC,,31,Mexico,Spanish,N/A,,Spanish:75|English:25,100,Spanish:60|English:40,100,Spanish:90|English:10,100,29,0,Bachelor's,10,10,10,2,3,8,18,30,25,29,,,,,15,25,B1,intermediate|advanced,advanced|intermediate,cambridge_15_21_random_intermediate_advanced,4,20,random,,104.203125,469.6875,128.203125,494.96875,2,3,,,,,,,,,,,,2026-08-16T17:54:38.981Z,K8EF3YCB,2026-08-16,2026-08-16,11:54:38,2026-08-16 11:54:38,,,,,,,,697ab12b4591197afc56d253,697ab12b4591197afc56d253,,,,
12381,hover_association,2,3,adv,25,3,3,4,16, £5 ,473,105,,697ab12b4591197afc56d253,697ab12b4591197afc56d253,advanced,3,697ab12b4591197afc56d253,697ab12b4591197afc56d253,spotlight_PROLIFIC,,31,Mexico,Spanish,N/A,,Spanish:75|English:25,100,Spanish:60|English:40,100,Spanish:90|English:10,100,29,0,Bachelor's,10,10,10,2,3,8,18,30,25,29,,,,,15,25,B1,intermediate|advanced,advanced|intermediate,cambridge_15_21_random_intermediate_advanced,4,20,random,,96.203125,469.6875,136.203125,494.96875,2,3,hover,100.10000002384186,100.10000002384186,0.9221260815822002,0.219921875,106,,,,,,2026-08-16T17:54:38.981Z,K8EF3YCB,2026-08-16,2026-08-16,11:54:38,2026-08-16 11:54:38,,,,,,,,697ab12b4591197afc56d253,697ab12b4591197afc56d253,,,,
12387,raw_position_sample,2,3,adv,25,3,3,4,17, and ,496,105,1539642.0999999642,697ab12b4591197afc56d253,697ab12b4591197afc56d253,advanced,3,697ab12b4591197afc56d253,697ab12b4591197afc56d253,spotlight_PROLIFIC,,31,Mexico,Spanish,N/A,,Spanish:75|English:25,100,Spanish:60|English:40,100,Spanish:90|English:10,100,29,0,Bachelor's,10,10,10,2,3,8,18,30,25,29,,,,,15,25,B1,intermediate|advanced,advanced|intermediate,cambridge_15_21_random_intermediate_advanced,4,20,random,,104.203125,494.96875,128.203125,531.953125,2,4,,,,,,,,,,,,2026-08-16T17:54:38.981Z,K8EF3YCB,2026-08-16,2026-08-16,11:54:38,2026-08-16 11:54:38,,,,,,,,697ab12b4591197afc56d253,697ab12b4591197afc56d253,,,,
12436,raw_position_sample,2,3,adv,25,3,3,4,17, and ,500,105,1539690.5999999642,697ab12b4591197afc56d253,697ab12b4591197afc56d253,advanced,3,697ab12b4591197afc56d253,697ab12b4591197afc56d253,spotlight_PROLIFIC,,31,Mexico,Spanish,N/A,,Spanish:75|English:25,100,Spanish:60|English:40,100,Spanish:90|English:10,100,29,0,Bachelor's,10,10,10,2,3,8,18,30,25,29,,,,,15,25,B1,intermediate|advanced,advanced|intermediate,cambridge_15_21_random_intermediate_advanced,4,20,random,,104.203125,494.96875,128.203125,531.953125,2,4,,,,,,,,,,,,2026-08-16T17:54:38.981Z,K8EF3YCB,2026-08-16,2026-08-16,11:54:38,2026-08-16 11:54:38,,,,,,,,697ab12b4591197afc56d253,697ab12b4591197afc56d253,,,,
12485,raw_position_sample,2,3,adv,25,3,3,4,17, and ,504,105,1539739.3999999762,697ab12b4591197afc56d253,697ab12b4591197afc56d253,advanced,3,697ab12b4591197afc56d253,697ab12b4591197afc56d253,spotlight_PROLIFIC,,31,Mexico,Spanish,N/A,,Spanish:75|English:25,100,Spanish:60|English:40,100,Spanish:90|English:10,100,29,0,Bachelor's,10,10,10,2,3,8,18,30,25,29,,,,,15,25,B1,intermediate|advanced,advanced|intermediate,cambridge_15_21_random_intermediate_advanced,4,20,random,,104.203125,494.96875,128.203125,531.953125,2,4,,,,,,,,,,,,2026-08-16T17:54:38.981Z,K8EF3YCB,2026-08-16,2026-08-16,11:54:38,2026-08-16 11:54:38,,,,,,,,697ab12b4591197afc56d253,697ab12b4591197afc56d253,,,,
12545,raw_position_sample,2,3,adv,25,3,3,4,17, and ,504,105,1539799.699999988,697ab12b4591197afc56d253,697ab12b4591197afc56d253,advanced,3,697ab12b4591197afc56d253,697ab12b4591197afc56d253,spotlight_PROLIFIC,,31,Mexico,Spanish,N/A,,Spanish:75|English:25,100,Spanish:60|English:40,100,Spanish:90|English:10,100,29,0,Bachelor's,10,10,10,2,3,8,18,30,25,29,,,,,15,25,B1,intermediate|advanced,advanced|intermediate,cambridge_15_21_random_intermediate_advanced,4,20,random,,104.203125,494.96875,128.203125,531.953125,2,4,,,,,,,,,,,,2026-08-16T17:54:38.981Z,K8EF3YCB,2026-08-16,2026-08-16,11:54:38,2026-08-16 11:54:38,,,,,,,,697ab12b4591197afc56d253,697ab12b4591197afc56d253,,,,
12597,raw_position_sample,2,3,adv,25,3,3,4,17, and ,504,105,1539851.3999999762,697ab12b4591197afc56d253,697ab12b4591197afc56d253,advanced,3,697ab12b4591197afc56d253,697ab12b4591197afc56d253,spotlight_PROLIFIC,,31,Mexico,Spanish,N/A,,Spanish:75|English:25,100,Spanish:60|English:40,100,Spanish:90|English:10,100,29,0,Bachelor's,10,10,10,2,3,8,18,30,25,29,,,,,15,25,B1,intermediate|advanced,advanced|intermediate,cambridge_15_21_random_intermediate_advanced,4,20,random,,104.203125,494.96875,128.203125,531.953125,2,4,,,,,,,,,,,,2026-08-16T17:54:38.981Z,K8EF3YCB,2026-08-16,2026-08-16,11:54:38,2026-08-16 11:54:38,,,,,,,,697ab12b4591197afc56d253,697ab12b4591197afc56d253,,,,
12645,raw_position_sample,2,3,adv,25,3,3,4,17, and ,504,105,1539899.5,697ab12b4591197afc56d253,697ab12b4591197afc56d253,advanced,3,697ab12b4591197afc56d253,697ab12b4591197afc56d253,spotlight_PROLIFIC,,31,Mexico,Spanish,N/A,,Spanish:75|English:25,100,Spanish:60|English:40,100,Spanish:90|English:10,100,29,0,Bachelor's,10,10,10,2,3,8,18,30,25,29,,,,,15,25,B1,intermediate|advanced,advanced|intermediate,cambridge_15_21_random_intermediate_advanced,4,20,random,,104.203125,494.96875,128.203125,531.953125,2,4,,,,,,,,,,,,2026-08-16T17:54:38.981Z,K8EF3YCB,2026-08-16,2026-08-16,11:54:38,2026-08-16 11:54:38,,,,,,,,697ab12b4591197afc56d253,697ab12b4591197afc56d253,,,,
12693,raw_position_sample,2,3,adv,25,3,3,4,17, and ,504,105,1539947.5999999642,697ab12b4591197afc56d253,697ab12b4591197afc56d253,advanced,3,697ab12b4591197afc56d253,697ab12b4591197afc56d253,spotlight_PROLIFIC,,31,Mexico,Spanish,N/A,,Spanish:75|English:25,100,Spanish:60|English:40,100,Spanish:90|English:10,100,29,0,Bachelor's,10,10,10,2,3,8,18,30,25,29,,,,,15,25,B1,intermediate|advanced,advanced|intermediate,cambridge_15_21_random_intermediate_advanced,4,20,random,,104.203125,494.96875,128.203125,531.953125,2,4,,,,,,,,,,,,2026-08-16T17:54:38.981Z,K8EF3YCB,2026-08-16,2026-08-16,11:54:38,2026-08-16 11:54:38,,,,,,,,697ab12b4591197afc56d253,697ab12b4591197afc56d253,,,,
12742,raw_position_sample,2,3,adv,25,3,3,4,17, and ,504,105,1539996.3999999762,697ab12b4591197afc56d253,697ab12b4591197afc56d253,advanced,3,697ab12b4591197afc56d253,697ab12b4591197afc56d253,spotlight_PROLIFIC,,31,Mexico,Spanish,N/A,,Spanish:75|English:25,100,Spanish:60|English:40,100,Spanish:90|English:10,100,29,0,Bachelor's,10,10,10,2,3,8,18,30,25,29,,,,,15,25,B1,intermediate|advanced,advanced|intermediate,cambridge_15_21_random_intermediate_advanced,4,20,random,,104.203125,494.96875,128.203125,531.953125,2,4,,,,,,,,,,,,2026-08-16T17:54:38.981Z,K8EF3YCB,2026-08-16,2026-08-16,11:54:38,2026-08-16 11:54:38,,,,,,,,697ab12b4591197afc56d253,697ab12b4591197afc56d253,,,,
12790,raw_position_sample,2,3,adv,25,3,3,4,17, and ,504,105,1540045,697ab12b4591197afc56d253,697ab12b4591197afc56d253,advanced,3,697ab12b4591197afc56d253,697ab12b4591197afc56d253,spotlight_PROLIFIC,,31,Mexico,Spanish,N/A,,Spanish:75|English:25,100,Spanish:60|English:40,100,Spanish:90|English:10,100,29,0,Bachelor's,10,10,10,2,3,8,18,30,25,29,,,,,15,25,B1,intermediate|advanced,advanced|intermediate,cambridge_15_21_random_intermediate_advanced,4,20,random,,104.203125,494.96875,128.203125,531.953125,2,4,,,,,,,,,,,,2026-08-16T17:54:38.981Z,K8EF3YCB,2026-08-16,2026-08-16,11:54:38,2026-08-16 11:54:38,,,,,,,,697ab12b4591197afc56d253,697ab12b4591197afc56d253,,,,
12836,raw_position_sample,2,3,adv,25,3,3,4,17, and ,514,109,1540090.800000012,697ab12b4591197afc56d253,697ab12b4591197afc56d253,advanced,3,697ab12b4591197afc56d253,697ab12b4591197afc56d253,spotlight_PROLIFIC,,31,Mexico,Spanish,N/A,,Spanish:75|English:25,100,Spanish:60|English:40,100,Spanish:90|English:10,100,29,0,Bachelor's,10,10,10,2,3,8,18,30,25,29,,,,,15,25,B1,intermediate|advanced,advanced|intermediate,cambridge_15_21_random_intermediate_advanced,4,20,random,,104.203125,494.96875,128.203125,531.953125,2,4,,,,,,,,,,,,2026-08-16T17:54:38.981Z,K8EF3YCB,2026-08-16,2026-08-16,11:54:38,2026-08-16 11:54:38,,,,,,,,697ab12b4591197afc56d253,697ab12b4591197afc56d253,,,,
12886,raw_position_sample,2,3,adv,25,3,3,4,17, and ,531,111,1540140.5999999642,697ab12b4591197afc56d253,697ab12b4591197afc56d253,advanced,3,697ab12b4591197afc56d253,697ab12b4591197afc56d253,spotlight_PROLIFIC,,31,Mexico,Spanish,N/A,,Spanish:75|English:25,100,Spanish:60|English:40,100,Spanish:90|English:10,100,29,0,Bachelor's,10,10,10,2,3,8,18,30,25,29,,,,,15,25,B1,intermediate|advanced,advanced|intermediate,cambridge_15_21_random_intermediate_advanced,4,20,random,,104.203125,494.96875,128.203125,531.953125,2,4,,,,,,,,,,,,2026-08-16T17:54:38.981Z,K8EF3YCB,2026-08-16,2026-08-16,11:54:38,2026-08-16 11:54:38,,,,,,,,697ab12b4591197afc56d253,697ab12b4591197afc56d253,,,,
12898,hover_association,2,3,adv,25,3,3,4,17, and ,496,105,,697ab12b4591197afc56d253,697ab12b4591197afc56d253,advanced,3,697ab12b4591197afc56d253,697ab12b4591197afc56d253,spotlight_PROLIFIC,,31,Mexico,Spanish,N/A,,Spanish:75|English:25,100,Spanish:60|English:40,100,Spanish:90|English:10,100,29,0,Bachelor's,10,10,10,2,3,8,18,30,25,29,,,,,15,25,B1,intermediate|advanced,advanced|intermediate,cambridge_15_21_random_intermediate_advanced,4,20,random,,96.203125,494.96875,136.203125,531.953125,2,4,hover,516.3000000119209,516.3000000119209,0.9742289818335446,0.369921875,106,,,,,,2026-08-16T17:54:38.981Z,K8EF3YCB,2026-08-16,2026-08-16,11:54:38,2026-08-16 11:54:38,,,,,,,,697ab12b4591197afc56d253,697ab12b4591197afc56d253,,,,
12947,raw_position_sample,2,3,adv,25,3,3,4,18, £20 ,537,111,1540201.699999988,697ab12b4591197afc56d253,697ab12b4591197afc56d253,advanced,3,697ab12b4591197afc56d253,697ab12b4591197afc56d253,spotlight_PROLIFIC,,31,Mexico,Spanish,N/A,,Spanish:75|English:25,100,Spanish:60|English:40,100,Spanish:90|English:10,100,29,0,Bachelor's,10,10,10,2,3,8,18,30,25,29,,,,,15,25,B1,intermediate|advanced,advanced|intermediate,cambridge_15_21_random_intermediate_advanced,4,20,random,,104.203125,531.953125,128.203125,567.53125,2,5,,,,,,,,,,,,2026-08-16T17:54:38.981Z,K8EF3YCB,2026-08-16,2026-08-16,11:54:38,2026-08-16 11:54:38,,,,,,,,697ab12b4591197afc56d253,697ab12b4591197afc56d253,,,,
12985,raw_position_sample,2,3,adv,25,3,3,4,18, £20 ,540,111,1540240.0999999642,697ab12b4591197afc56d253,697ab12b4591197afc56d253,advanced,3,697ab12b4591197afc56d253,697ab12b4591197afc56d253,spotlight_PROLIFIC,,31,Mexico,Spanish,N/A,,Spanish:75|English:25,100,Spanish:60|English:40,100,Spanish:90|English:10,100,29,0,Bachelor's,10,10,10,2,3,8,18,30,25,29,,,,,15,25,B1,intermediate|advanced,advanced|intermediate,cambridge_15_21_random_intermediate_advanced,4,20,random,,104.203125,531.953125,128.203125,567.53125,2,5,,,,,,,,,,,,2026-08-16T17:54:38.981Z,K8EF3YCB,2026-08-16,2026-08-16,11:54:38,2026-08-16 11:54:38,,,,,,,,697ab12b4591197afc56d253,697ab12b4591197afc56d253,,,,
13036,raw_position_sample,2,3,adv,25,3,3,4,18, £20 ,550,110,1540290.8999999762,697ab12b4591197afc56d253,697ab12b4591197afc56d253,advanced,3,697ab12b4591197afc56d253,697ab12b4591197afc56d253,spotlight_PROLIFIC,,31,Mexico,Spanish,N/A,,Spanish:75|English:25,100,Spanish:60|English:40,100,Spanish:90|English:10,100,29,0,Bachelor's,10,10,10,2,3,8,18,30,25,29,,,,,15,25,B1,intermediate|advanced,advanced|intermediate,cambridge_15_21_random_intermediate_advanced,4,20,random,,104.203125,531.953125,128.203125,567.53125,2,5,,,,,,,,,,,,2026-08-16T17:54:38.981Z,K8EF3YCB,2026-08-16,2026-08-16,11:54:38,2026-08-16 11:54:38,,,,,,,,697ab12b4591197afc56d253,697ab12b4591197afc56d253,,,,
13081,hover_association,2,3,adv,25,3,3,4,18, £20 ,534,111,,697ab12b4591197afc56d253,697ab12b4591197afc56d253,advanced,3,697ab12b4591197afc56d253,697ab12b4591197afc56d253,spotlight_PROLIFIC,,31,Mexico,Spanish,N/A,,Spanish:75|English:25,100,Spanish:60|English:40,100,Spanish:90|English:10,100,29,0,Bachelor's,10,10,10,2,3,8,18,30,25,29,,,,,15,25,B1,intermediate|advanced,advanced|intermediate,cambridge_15_21_random_intermediate_advanced,4,20,random,,96.203125,531.953125,136.203125,567.53125,2,5,hover,183.29999995231628,183.29999995231628,0.7883179622310057,0.344921875,106,,,,,,2026-08-16T17:54:38.981Z,K8EF3YCB,2026-08-16,2026-08-16,11:54:38,2026-08-16 11:54:38,,,,,,,,697ab12b4591197afc56d253,697ab12b4591197afc56d253,,,,
13085,raw_position_sample,2,3,adv,25,3,3,4,19, to ,568,110,1540339.8999999762,697ab12b4591197afc56d253,697ab12b4591197afc56d253,advanced,3,697ab12b4591197afc56d253,697ab12b4591197afc56d253,spotlight_PROLIFIC,,31,Mexico,Spanish,N/A,,Spanish:75|English:25,100,Spanish:60|English:40,100,Spanish:90|English:10,100,29,0,Bachelor's,10,10,10,2,3,8,18,30,25,29,,,,,15,25,B1,intermediate|advanced,advanced|intermediate,cambridge_15_21_random_intermediate_advanced,4,20,random,,104.203125,567.53125,128.203125,589.609375,2,6,,,,,,,,,,,,2026-08-16T17:54:38.981Z,K8EF3YCB,2026-08-16,2026-08-16,11:54:38,2026-08-16 11:54:38,,,,,,,,697ab12b4591197afc56d253,697ab12b4591197afc56d253,,,,
13136,raw_position_sample,2,3,adv,25,3,3,4,19, to ,589,110,1540391.0999999642,697ab12b4591197afc56d253,697ab12b4591197afc56d253,advanced,3,697ab12b4591197afc56d253,697ab12b4591197afc56d253,spotlight_PROLIFIC,,31,Mexico,Spanish,N/A,,Spanish:75|English:25,100,Spanish:60|English:40,100,Spanish:90|English:10,100,29,0,Bachelor's,10,10,10,2,3,8,18,30,25,29,,,,,15,25,B1,intermediate|advanced,advanced|intermediate,cambridge_15_21_random_intermediate_advanced,4,20,random,,104.203125,567.53125,128.203125,589.609375,2,6,,,,,,,,,,,,2026-08-16T17:54:38.981Z,K8EF3YCB,2026-08-16,2026-08-16,11:54:38,2026-08-16 11:54:38,,,,,,,,697ab12b4591197afc56d253,697ab12b4591197afc56d253,,,,
13147,hover_association,2,3,adv,25,3,3,4,19, to ,568,110,,697ab12b4591197afc56d253,697ab12b4591197afc56d253,advanced,3,697ab12b4591197afc56d253,697ab12b4591197afc56d253,spotlight_PROLIFIC,,31,Mexico,Spanish,N/A,,Spanish:75|English:25,100,Spanish:60|English:40,100,Spanish:90|English:10,100,29,0,Bachelor's,10,10,10,2,3,8,18,30,25,29,,,,,15,25,B1,intermediate|advanced,advanced|intermediate,cambridge_15_21_random_intermediate_advanced,4,20,random,,96.203125,567.53125,136.203125,589.609375,2,6,hover,66.5,66.5,0.9723991507430998,0.344921875,106,,,,,,2026-08-16T17:54:38.981Z,K8EF3YCB,2026-08-16,2026-08-16,11:54:38,2026-08-16 11:54:38,,,,,,,,697ab12b4591197afc56d253,697ab12b4591197afc56d253,,,,
13185,raw_position_sample,2,3,adv,25,3,3,4,20, spend ,613,110,1540440.0999999642,697ab12b4591197afc56d253,697ab12b4591197afc56d253,advanced,3,697ab12b4591197afc56d253,697ab12b4591197afc56d253,spotlight_PROLIFIC,,31,Mexico,Spanish,N/A,,Spanish:75|English:25,100,Spanish:60|English:40,100,Spanish:90|English:10,100,29,0,Bachelor's,10,10,10,2,3,8,18,30,25,29,,,,,15,25,B1,intermediate|advanced,advanced|intermediate,cambridge_15_21_random_intermediate_advanced,4,20,random,,104.203125,589.609375,128.203125,646.328125,2,7,,,,,,,,,,,,2026-08-16T17:54:38.981Z,K8EF3YCB,2026-08-16,2026-08-16,11:54:38,2026-08-16 11:54:38,,,,,,,,697ab12b4591197afc56d253,697ab12b4591197afc56d253,,,,
13246,raw_position_sample,2,3,adv,25,3,3,4,20, spend ,617,110,1540501,697ab12b4591197afc56d253,697ab12b4591197afc56d253,advanced,3,697ab12b4591197afc56d253,697ab12b4591197afc56d253,spotlight_PROLIFIC,,31,Mexico,Spanish,N/A,,Spanish:75|English:25,100,Spanish:60|English:40,100,Spanish:90|English:10,100,29,0,Bachelor's,10,10,10,2,3,8,18,30,25,29,,,,,15,25,B1,intermediate|advanced,advanced|intermediate,cambridge_15_21_random_intermediate_advanced,4,20,random,,104.203125,589.609375,128.203125,646.328125,2,7,,,,,,,,,,,,2026-08-16T17:54:38.981Z,K8EF3YCB,2026-08-16,2026-08-16,11:54:38,2026-08-16 11:54:38,,,,,,,,697ab12b4591197afc56d253,697ab12b4591197afc56d253,,,,
13297,raw_position_sample,2,3,adv,25,3,3,4,20, spend ,617,110,1540551.5999999642,697ab12b4591197afc56d253,697ab12b4591197afc56d253,advanced,3,697ab12b4591197afc56d253,697ab12b4591197afc56d253,spotlight_PROLIFIC,,31,Mexico,Spanish,N/A,,Spanish:75|English:25,100,Spanish:60|English:40,100,Spanish:90|English:10,100,29,0,Bachelor's,10,10,10,2,3,8,18,30,25,29,,,,,15,25,B1,intermediate|advanced,advanced|intermediate,cambridge_15_21_random_intermediate_advanced,4,20,random,,104.203125,589.609375,128.203125,646.328125,2,7,,,,,,,,,,,,2026-08-16T17:54:38.981Z,K8EF3YCB,2026-08-16,2026-08-16,11:54:38,2026-08-16 11:54:38,,,,,,,,697ab12b4591197afc56d253,697ab12b4591197afc56d253,,,,
13346,raw_position_sample,2,3,adv,25,3,3,4,20, spend ,617,110,1540600.699999988,697ab12b4591197afc56d253,697ab12b4591197afc56d253,advanced,3,697ab12b4591197afc56d253,697ab12b4591197afc56d253,spotlight_PROLIFIC,,31,Mexico,Spanish,N/A,,Spanish:75|English:25,100,Spanish:60|English:40,100,Spanish:90|English:10,100,29,0,Bachelor's,10,10,10,2,3,8,18,30,25,29,,,,,15,25,B1,intermediate|advanced,advanced|intermediate,cambridge_15_21_random_intermediate_advanced,4,20,random,,104.203125,589.609375,128.203125,646.328125,2,7,,,,,,,,,,,,2026-08-16T17:54:38.981Z,K8EF3YCB,2026-08-16,2026-08-16,11:54:38,2026-08-16 11:54:38,,,,,,,,697ab12b4591197afc56d253,697ab12b4591197afc56d253,,,,
13386,raw_position_sample,2,3,adv,25,3,3,4,20, spend ,621,110,1540640.5,697ab12b4591197afc56d253,697ab12b4591197afc56d253,advanced,3,697ab12b4591197afc56d253,697ab12b4591197afc56d253,spotlight_PROLIFIC,,31,Mexico,Spanish,N/A,,Spanish:75|English:25,100,Spanish:60|English:40,100,Spanish:90|English:10,100,29,0,Bachelor's,10,10,10,2,3,8,18,30,25,29,,,,,15,25,B1,intermediate|advanced,advanced|intermediate,cambridge_15_21_random_intermediate_advanced,4,20,random,,104.203125,589.609375,128.203125,646.328125,2,7,,,,,,,,,,,,2026-08-16T17:54:38.981Z,K8EF3YCB,2026-08-16,2026-08-16,11:54:38,2026-08-16 11:54:38,,,,,,,,697ab12b4591197afc56d253,697ab12b4591197afc56d253,,,,
13447,raw_position_sample,2,3,adv,25,3,3,4,20, spend ,622,110,1540701.199999988,697ab12b4591197afc56d253,697ab12b4591197afc56d253,advanced,3,697ab12b4591197afc56d253,697ab12b4591197afc56d253,spotlight_PROLIFIC,,31,Mexico,Spanish,N/A,,Spanish:75|English:25,100,Spanish:60|English:40,100,Spanish:90|English:10,100,29,0,Bachelor's,10,10,10,2,3,8,18,30,25,29,,,,,15,25,B1,intermediate|advanced,advanced|intermediate,cambridge_15_21_random_intermediate_advanced,4,20,random,,104.203125,589.609375,128.203125,646.328125,2,7,,,,,,,,,,,,2026-08-16T17:54:38.981Z,K8EF3YCB,2026-08-16,2026-08-16,11:54:38,2026-08-16 11:54:38,,,,,,,,697ab12b4591197afc56d253,697ab12b4591197afc56d253,,,,
13496,raw_position_sample,2,3,adv,25,3,3,4,20, spend ,622,110,1540750.3999999762,697ab12b4591197afc56d253,697ab12b4591197afc56d253,advanced,3,697ab12b4591197afc56d253,697ab12b4591197afc56d253,spotlight_PROLIFIC,,31,Mexico,Spanish,N/A,,Spanish:75|English:25,100,Spanish:60|English:40,100,Spanish:90|English:10,100,29,0,Bachelor's,10,10,10,2,3,8,18,30,25,29,,,,,15,25,B1,intermediate|advanced,advanced|intermediate,cambridge_15_21_random_intermediate_advanced,4,20,random,,104.203125,589.609375,128.203125,646.328125,2,7,,,,,,,,,,,,2026-08-16T17:54:38.981Z,K8EF3YCB,2026-08-16,2026-08-16,11:54:38,2026-08-16 11:54:38,,,,,,,,697ab12b4591197afc56d253,697ab12b4591197afc56d253,,,,
13535,raw_position_sample,2,3,adv,25,3,3,4,20, spend ,623,110,1540789.3999999762,697ab12b4591197afc56d253,697ab12b4591197afc56d253,advanced,3,697ab12b4591197afc56d253,697ab12b4591197afc56d253,spotlight_PROLIFIC,,31,Mexico,Spanish,N/A,,Spanish:75|English:25,100,Spanish:60|English:40,100,Spanish:90|English:10,100,29,0,Bachelor's,10,10,10,2,3,8,18,30,25,29,,,,,15,25,B1,intermediate|advanced,advanced|intermediate,cambridge_15_21_random_intermediate_advanced,4,20,random,,104.203125,589.609375,128.203125,646.328125,2,7,,,,,,,,,,,,2026-08-16T17:54:38.981Z,K8EF3YCB,2026-08-16,2026-08-16,11:54:38,2026-08-16 11:54:38,,,,,,,,697ab12b4591197afc56d253,697ab12b4591197afc56d253,,,,
13598,raw_position_sample,2,3,adv,25,3,3,4,20, spend ,623,110,1540852.3999999762,697ab12b4591197afc56d253,697ab12b4591197afc56d253,advanced,3,697ab12b4591197afc56d253,697ab12b4591197afc56d253,spotlight_PROLIFIC,,31,Mexico,Spanish,N/A,,Spanish:75|English:25,100,Spanish:60|English:40,100,Spanish:90|English:10,100,29,0,Bachelor's,10,10,10,2,3,8,18,30,25,29,,,,,15,25,B1,intermediate|advanced,advanced|intermediate,cambridge_15_21_random_intermediate_advanced,4,20,random,,104.203125,589.609375,128.203125,646.328125,2,7,,,,,,,,,,,,2026-08-16T17:54:38.981Z,K8EF3YCB,2026-08-16,2026-08-16,11:54:38,2026-08-16 11:54:38,,,,,,,,697ab12b4591197afc56d253,697ab12b4591197afc56d253,,,,
13646,raw_position_sample,2,3,adv,25,3,3,4,20, spend ,623,110,1540900.300000012,697ab12b4591197afc56d253,697ab12b4591197afc56d253,advanced,3,697ab12b4591197afc56d253,697ab12b4591197afc56d253,spotlight_PROLIFIC,,31,Mexico,Spanish,N/A,,Spanish:75|English:25,100,Spanish:60|English:40,100,Spanish:90|English:10,100,29,0,Bachelor's,10,10,10,2,3,8,18,30,25,29,,,,,15,25,B1,intermediate|advanced,advanced|intermediate,cambridge_15_21_random_intermediate_advanced,4,20,random,,104.203125,589.609375,128.203125,646.328125,2,7,,,,,,,,,,,,2026-08-16T17:54:38.981Z,K8EF3YCB,2026-08-16,2026-08-16,11:54:38,2026-08-16 11:54:38,,,,,,,,697ab12b4591197afc56d253,697ab12b4591197afc56d253,,,,
13694,raw_position_sample,2,3,adv,25,3,3,4,20, spend ,623,110,1540948.800000012,697ab12b4591197afc56d253,697ab12b4591197afc56d253,advanced,3,697ab12b4591197afc56d253,697ab12b4591197afc56d253,spotlight_PROLIFIC,,31,Mexico,Spanish,N/A,,Spanish:75|English:25,100,Spanish:60|English:40,100,Spanish:90|English:10,100,29,0,Bachelor's,10,10,10,2,3,8,18,30,25,29,,,,,15,25,B1,intermediate|advanced,advanced|intermediate,cambridge_15_21_random_intermediate_advanced,4,20,random,,104.203125,589.609375,128.203125,646.328125,2,7,,,,,,,,,,,,2026-08-16T17:54:38.981Z,K8EF3YCB,2026-08-16,2026-08-16,11:54:38,2026-08-16 11:54:38,,,,,,,,697ab12b4591197afc56d253,697ab12b4591197afc56d253,,,,
13742,raw_position_sample,2,3,adv,25,3,3,4,20, spend ,623,110,1540996.3999999762,697ab12b4591197afc56d253,697ab12b4591197afc56d253,advanced,3,697ab12b4591197afc56d253,697ab12b4591197afc56d253,spotlight_PROLIFIC,,31,Mexico,Spanish,N/A,,Spanish:75|English:25,100,Spanish:60|English:40,100,Spanish:90|English:10,100,29,0,Bachelor's,10,10,10,2,3,8,18,30,25,29,,,,,15,25,B1,intermediate|advanced,advanced|intermediate,cambridge_15_21_random_intermediate_advanced,4,20,random,,104.203125,589.609375,128.203125,646.328125,2,7,,,,,,,,,,,,2026-08-16T17:54:38.981Z,K8EF3YCB,2026-08-16,2026-08-16,11:54:38,2026-08-16 11:54:38,,,,,,,,697ab12b4591197afc56d253,697ab12b4591197afc56d253,,,,
13785,raw_position_sample,2,3,adv,25,3,3,4,20, spend ,624,119,1541039.199999988,697ab12b4591197afc56d253,697ab12b4591197afc56d253,advanced,3,697ab12b4591197afc56d253,697ab12b4591197afc56d253,spotlight_PROLIFIC,,31,Mexico,Spanish,N/A,,Spanish:75|English:25,100,Spanish:60|English:40,100,Spanish:90|English:10,100,29,0,Bachelor's,10,10,10,2,3,8,18,30,25,29,,,,,15,25,B1,intermediate|advanced,advanced|intermediate,cambridge_15_21_random_intermediate_advanced,4,20,random,,104.203125,589.609375,128.203125,646.328125,2,7,,,,,,,,,,,,2026-08-16T17:54:38.981Z,K8EF3YCB,2026-08-16,2026-08-16,11:54:38,2026-08-16 11:54:38,,,,,,,,697ab12b4591197afc56d253,697ab12b4591197afc56d253,,,,
13847,raw_position_sample,2,3,adv,25,3,3,4,20, spend ,624,119,1541101.300000012,697ab12b4591197afc56d253,697ab12b4591197afc56d253,advanced,3,697ab12b4591197afc56d253,697ab12b4591197afc56d253,spotlight_PROLIFIC,,31,Mexico,Spanish,N/A,,Spanish:75|English:25,100,Spanish:60|English:40,100,Spanish:90|English:10,100,29,0,Bachelor's,10,10,10,2,3,8,18,30,25,29,,,,,15,25,B1,intermediate|advanced,advanced|intermediate,cambridge_15_21_random_intermediate_advanced,4,20,random,,104.203125,589.609375,128.203125,646.328125,2,7,,,,,,,,,,,,2026-08-16T17:54:38.981Z,K8EF3YCB,2026-08-16,2026-08-16,11:54:38,2026-08-16 11:54:38,,,,,,,,697ab12b4591197afc56d253,697ab12b4591197afc56d253,,,,
13896,raw_position_sample,2,3,adv,25,3,3,4,20, spend ,624,119,1541150.5,697ab12b4591197afc56d253,697ab12b4591197afc56d253,advanced,3,697ab12b4591197afc56d253,697ab12b4591197afc56d253,spotlight_PROLIFIC,,31,Mexico,Spanish,N/A,,Spanish:75|English:25,100,Spanish:60|English:40,100,Spanish:90|English:10,100,29,0,Bachelor's,10,10,10,2,3,8,18,30,25,29,,,,,15,25,B1,intermediate|advanced,advanced|intermediate,cambridge_15_21_random_intermediate_advanced,4,20,random,,104.203125,589.609375,128.203125,646.328125,2,7,,,,,,,,,,,,2026-08-16T17:54:38.981Z,K8EF3YCB,2026-08-16,2026-08-16,11:54:38,2026-08-16 11:54:38,,,,,,,,697ab12b4591197afc56d253,697ab12b4591197afc56d253,,,,
13944,raw_position_sample,2,3,adv,25,3,3,4,20, spend ,624,119,1541198.699999988,697ab12b4591197afc56d253,697ab12b4591197afc56d253,advanced,3,697ab12b4591197afc56d253,697ab12b4591197afc56d253,spotlight_PROLIFIC,,31,Mexico,Spanish,N/A,,Spanish:75|English:25,100,Spanish:60|English:40,100,Spanish:90|English:10,100,29,0,Bachelor's,10,10,10,2,3,8,18,30,25,29,,,,,15,25,B1,intermediate|advanced,advanced|intermediate,cambridge_15_21_random_intermediate_advanced,4,20,random,,104.203125,589.609375,128.203125,646.328125,2,7,,,,,,,,,,,,2026-08-16T17:54:38.981Z,K8EF3YCB,2026-08-16,2026-08-16,11:54:38,2026-08-16 11:54:38,,,,,,,,697ab12b4591197afc56d253,697ab12b4591197afc56d253,,,,
13984,raw_position_sample,2,3,adv,25,3,3,4,20, spend ,625,119,1541239,697ab12b4591197afc56d253,697ab12b4591197afc56d253,advanced,3,697ab12b4591197afc56d253,697ab12b4591197afc56d253,spotlight_PROLIFIC,,31,Mexico,Spanish,N/A,,Spanish:75|English:25,100,Spanish:60|English:40,100,Spanish:90|English:10,100,29,0,Bachelor's,10,10,10,2,3,8,18,30,25,29,,,,,15,25,B1,intermediate|advanced,advanced|intermediate,cambridge_15_21_random_intermediate_advanced,4,20,random,,104.203125,589.609375,128.203125,646.328125,2,7,,,,,,,,,,,,2026-08-16T17:54:38.981Z,K8EF3YCB,2026-08-16,2026-08-16,11:54:38,2026-08-16 11:54:38,,,,,,,,697ab12b4591197afc56d253,697ab12b4591197afc56d253,,,,
14046,raw_position_sample,2,3,adv,25,3,3,4,20, spend ,626,119,1541300.5999999642,697ab12b4591197afc56d253,697ab12b4591197afc56d253,advanced,3,697ab12b4591197afc56d253,697ab12b4591197afc56d253,spotlight_PROLIFIC,,31,Mexico,Spanish,N/A,,Spanish:75|English:25,100,Spanish:60|English:40,100,Spanish:90|English:10,100,29,0,Bachelor's,10,10,10,2,3,8,18,30,25,29,,,,,15,25,B1,intermediate|advanced,advanced|intermediate,cambridge_15_21_random_intermediate_advanced,4,20,random,,104.203125,589.609375,128.203125,646.328125,2,7,,,,,,,,,,,,2026-08-16T17:54:38.981Z,K8EF3YCB,2026-08-16,2026-08-16,11:54:38,2026-08-16 11:54:38,,,,,,,,697ab12b4591197afc56d253,697ab12b4591197afc56d253,,,,
14098,raw_position_sample,2,3,adv,25,3,3,4,20, spend ,626,119,1541353.0999999642,697ab12b4591197afc56d253,697ab12b4591197afc56d253,advanced,3,697ab12b4591197afc56d253,697ab12b4591197afc56d253,spotlight_PROLIFIC,,31,Mexico,Spanish,N/A,,Spanish:75|English:25,100,Spanish:60|English:40,100,Spanish:90|English:10,100,29,0,Bachelor's,10,10,10,2,3,8,18,30,25,29,,,,,15,25,B1,intermediate|advanced,advanced|intermediate,cambridge_15_21_random_intermediate_advanced,4,20,random,,104.203125,589.609375,128.203125,646.328125,2,7,,,,,,,,,,,,2026-08-16T17:54:38.981Z,K8EF3YCB,2026-08-16,2026-08-16,11:54:38,2026-08-16 11:54:38,,,,,,,,697ab12b4591197afc56d253,697ab12b4591197afc56d253,,,,
14146,raw_position_sample,2,3,adv,25,3,3,4,20, spend ,626,119,1541401.0999999642,697ab12b4591197afc56d253,697ab12b4591197afc56d253,advanced,3,697ab12b4591197afc56d253,697ab12b4591197afc56d253,spotlight_PROLIFIC,,31,Mexico,Spanish,N/A,,Spanish:75|English:25,100,Spanish:60|English:40,100,Spanish:90|English:10,100,29,0,Bachelor's,10,10,10,2,3,8,18,30,25,29,,,,,15,25,B1,intermediate|advanced,advanced|intermediate,cambridge_15_21_random_intermediate_advanced,4,20,random,,104.203125,589.609375,128.203125,646.328125,2,7,,,,,,,,,,,,2026-08-16T17:54:38.981Z,K8EF3YCB,2026-08-16,2026-08-16,11:54:38,2026-08-16 11:54:38,,,,,,,,697ab12b4591197afc56d253,697ab12b4591197afc56d253,,,,
14185,raw_position_sample,2,3,adv,25,3,3,4,20, spend ,630,118,1541440.0999999642,697ab12b4591197afc56d253,697ab12b4591197afc56d253,advanced,3,697ab12b4591197afc56d253,697ab12b4591197afc56d253,spotlight_PROLIFIC,,31,Mexico,Spanish,N/A,,Spanish:75|English:25,100,Spanish:60|English:40,100,Spanish:90|English:10,100,29,0,Bachelor's,10,10,10,2,3,8,18,30,25,29,,,,,15,25,B1,intermediate|advanced,advanced|intermediate,cambridge_15_21_random_intermediate_advanced,4,20,random,,104.203125,589.609375,128.203125,646.328125,2,7,,,,,,,,,,,,2026-08-16T17:54:38.981Z,K8EF3YCB,2026-08-16,2026-08-16,11:54:38,2026-08-16 11:54:38,,,,,,,,697ab12b4591197afc56d253,697ab12b4591197afc56d253,,,,
14235,raw_position_sample,2,3,adv,25,3,3,4,20, spend ,640,116,1541489.199999988,697ab12b4591197afc56d253,697ab12b4591197afc56d253,advanced,3,697ab12b4591197afc56d253,697ab12b4591197afc56d253,spotlight_PROLIFIC,,31,Mexico,Spanish,N/A,,Spanish:75|English:25,100,Spanish:60|English:40,100,Spanish:90|English:10,100,29,0,Bachelor's,10,10,10,2,3,8,18,30,25,29,,,,,15,25,B1,intermediate|advanced,advanced|intermediate,cambridge_15_21_random_intermediate_advanced,4,20,random,,104.203125,589.609375,128.203125,646.328125,2,7,,,,,,,,,,,,2026-08-16T17:54:38.981Z,K8EF3YCB,2026-08-16,2026-08-16,11:54:38,2026-08-16 11:54:38,,,,,,,,697ab12b4591197afc56d253,697ab12b4591197afc56d253,,,,
14264,hover_association,2,3,adv,25,3,3,4,20, spend ,599,110,,697ab12b4591197afc56d253,697ab12b4591197afc56d253,advanced,3,697ab12b4591197afc56d253,697ab12b4591197afc56d253,spotlight_PROLIFIC,,31,Mexico,Spanish,N/A,,Spanish:75|English:25,100,Spanish:60|English:40,100,Spanish:90|English:10,100,29,0,Bachelor's,10,10,10,2,3,8,18,30,25,29,,,,,15,25,B1,intermediate|advanced,advanced|intermediate,cambridge_15_21_random_intermediate_advanced,4,20,random,,96.203125,589.609375,136.203125,646.328125,2,7,hover,1116.7000000476837,1116.7000000476837,0.9413223140495868,0.494921875,106,,,,,,2026-08-16T17:54:38.981Z,K8EF3YCB,2026-08-16,2026-08-16,11:54:38,2026-08-16 11:54:38,,,,,,,,697ab12b4591197afc56d253,697ab12b4591197afc56d253,,,,
14287,raw_position_sample,2,3,adv,25,3,3,4,21, at ,660,116,1541541.300000012,697ab12b4591197afc56d253,697ab12b4591197afc56d253,advanced,3,697ab12b4591197afc56d253,697ab12b4591197afc56d253,spotlight_PROLIFIC,,31,Mexico,Spanish,N/A,,Spanish:75|English:25,100,Spanish:60|English:40,100,Spanish:90|English:10,100,29,0,Bachelor's,10,10,10,2,3,8,18,30,25,29,,,,,15,25,B1,intermediate|advanced,advanced|intermediate,cambridge_15_21_random_intermediate_advanced,4,20,random,,104.203125,646.328125,128.203125,667.609375,2,8,,,,,,,,,,,,2026-08-16T17:54:38.981Z,K8EF3YCB,2026-08-16,2026-08-16,11:54:38,2026-08-16 11:54:38,,,,,,,,697ab12b4591197afc56d253,697ab12b4591197afc56d253,,,,
14297,hover_association,2,3,adv,25,3,3,4,21, at ,649,116,,697ab12b4591197afc56d253,697ab12b4591197afc56d253,advanced,3,697ab12b4591197afc56d253,697ab12b4591197afc56d253,spotlight_PROLIFIC,,31,Mexico,Spanish,N/A,,Spanish:75|English:25,100,Spanish:60|English:40,100,Spanish:90|English:10,100,29,0,Bachelor's,10,10,10,2,3,8,18,30,25,29,,,,,15,25,B1,intermediate|advanced,advanced|intermediate,cambridge_15_21_random_intermediate_advanced,4,20,random,,96.203125,646.328125,136.203125,667.609375,2,8,hover,33.299999952316284,33.299999952316284,0.6424375917767988,0.494921875,106,,,,,,2026-08-16T17:54:38.981Z,K8EF3YCB,2026-08-16,2026-08-16,11:54:38,2026-08-16 11:54:38,,,,,,,,697ab12b4591197afc56d253,697ab12b4591197afc56d253,,,,
14339,raw_position_sample,2,3,adv,25,3,3,4,22, each ,694,116,1541593.8999999762,697ab12b4591197afc56d253,697ab12b4591197afc56d253,advanced,3,697ab12b4591197afc56d253,697ab12b4591197afc56d253,spotlight_PROLIFIC,,31,Mexico,Spanish,N/A,,Spanish:75|English:25,100,Spanish:60|English:40,100,Spanish:90|English:10,100,29,0,Bachelor's,10,10,10,2,3,8,18,30,25,29,,,,,15,25,B1,intermediate|advanced,advanced|intermediate,cambridge_15_21_random_intermediate_advanced,4,20,random,,104.203125,667.609375,128.203125,712.3125,2,9,,,,,,,,,,,,2026-08-16T17:54:38.981Z,K8EF3YCB,2026-08-16,2026-08-16,11:54:38,2026-08-16 11:54:38,,,,,,,,697ab12b4591197afc56d253,697ab12b4591197afc56d253,,,,
14364,hover_association,2,3,adv,25,3,3,4,22, each ,670,116,,697ab12b4591197afc56d253,697ab12b4591197afc56d253,advanced,3,697ab12b4591197afc56d253,697ab12b4591197afc56d253,spotlight_PROLIFIC,,31,Mexico,Spanish,N/A,,Spanish:75|English:25,100,Spanish:60|English:40,100,Spanish:90|English:10,100,29,0,Bachelor's,10,10,10,2,3,8,18,30,25,29,,,,,15,25,B1,intermediate|advanced,advanced|intermediate,cambridge_15_21_random_intermediate_advanced,4,20,random,,96.203125,667.609375,136.203125,712.3125,2,9,hover,66.60000002384186,66.60000002384186,0.8364208318769661,0.494921875,106,,,,,,2026-08-16T17:54:38.981Z,K8EF3YCB,2026-08-16,2026-08-16,11:54:38,2026-08-16 11:54:38,,,,,,,,697ab12b4591197afc56d253,697ab12b4591197afc56d253,,,,
14386,raw_position_sample,2,3,adv,25,3,3,4,23," store, ",721,116,1541640.3999999762,697ab12b4591197afc56d253,697ab12b4591197afc56d253,advanced,3,697ab12b4591197afc56d253,697ab12b4591197afc56d253,spotlight_PROLIFIC,,31,Mexico,Spanish,N/A,,Spanish:75|English:25,100,Spanish:60|English:40,100,Spanish:90|English:10,100,29,0,Bachelor's,10,10,10,2,3,8,18,30,25,29,,,,,15,25,B1,intermediate|advanced,advanced|intermediate,cambridge_15_21_random_intermediate_advanced,4,20,random,,104.203125,712.3125,128.203125,765.0625,2,10,,,,,,,,,,,,2026-08-16T17:54:38.981Z,K8EF3YCB,2026-08-16,2026-08-16,11:54:38,2026-08-16 11:54:38,,,,,,,,697ab12b4591197afc56d253,697ab12b4591197afc56d253,,,,
14435,raw_position_sample,2,3,adv,25,3,3,4,23," store, ",739,116,1541689.5999999642,697ab12b4591197afc56d253,697ab12b4591197afc56d253,advanced,3,697ab12b4591197afc56d253,697ab12b4591197afc56d253,spotlight_PROLIFIC,,31,Mexico,Spanish,N/A,,Spanish:75|English:25,100,Spanish:60|English:40,100,Spanish:90|English:10,100,29,0,Bachelor's,10,10,10,2,3,8,18,30,25,29,,,,,15,25,B1,intermediate|advanced,advanced|intermediate,cambridge_15_21_random_intermediate_advanced,4,20,random,,104.203125,712.3125,128.203125,765.0625,2,10,,,,,,,,,,,,2026-08-16T17:54:38.981Z,K8EF3YCB,2026-08-16,2026-08-16,11:54:38,2026-08-16 11:54:38,,,,,,,,697ab12b4591197afc56d253,697ab12b4591197afc56d253,,,,
14486,raw_position_sample,2,3,adv,25,3,3,4,23," store, ",754,116,1541740.199999988,697ab12b4591197afc56d253,697ab12b4591197afc56d253,advanced,3,697ab12b4591197afc56d253,697ab12b4591197afc56d253,spotlight_PROLIFIC,,31,Mexico,Spanish,N/A,,Spanish:75|English:25,100,Spanish:60|English:40,100,Spanish:90|English:10,100,29,0,Bachelor's,10,10,10,2,3,8,18,30,25,29,,,,,15,25,B1,intermediate|advanced,advanced|intermediate,cambridge_15_21_random_intermediate_advanced,4,20,random,,104.203125,712.3125,128.203125,765.0625,2,10,,,,,,,,,,,,2026-08-16T17:54:38.981Z,K8EF3YCB,2026-08-16,2026-08-16,11:54:38,2026-08-16 11:54:38,,,,,,,,697ab12b4591197afc56d253,697ab12b4591197afc56d253,,,,
14514,hover_association,2,3,adv,25,3,3,4,23," store, ",713,116,,697ab12b4591197afc56d253,697ab12b4591197afc56d253,advanced,3,697ab12b4591197afc56d253,697ab12b4591197afc56d253,spotlight_PROLIFIC,,31,Mexico,Spanish,N/A,,Spanish:75|English:25,100,Spanish:60|English:40,100,Spanish:90|English:10,100,29,0,Bachelor's,10,10,10,2,3,8,18,30,25,29,,,,,15,25,B1,intermediate|advanced,advanced|intermediate,cambridge_15_21_random_intermediate_advanced,4,20,random,,96.203125,712.3125,136.203125,765.0625,2,10,hover,150,150,0.9229857819905213,0.494921875,106,,,,,,2026-08-16T17:54:38.981Z,K8EF3YCB,2026-08-16,2026-08-16,11:54:38,2026-08-16 11:54:38,,,,,,,,697ab12b4591197afc56d253,697ab12b4591197afc56d253,,,,
14535,raw_position_sample,2,3,adv,25,3,3,4,24, to ,772,116,1541789.3999999762,697ab12b4591197afc56d253,697ab12b4591197afc56d253,advanced,3,697ab12b4591197afc56d253,697ab12b4591197afc56d253,spotlight_PROLIFIC,,31,Mexico,Spanish,N/A,,Spanish:75|English:25,100,Spanish:60|English:40,100,Spanish:90|English:10,100,29,0,Bachelor's,10,10,10,2,3,8,18,30,25,29,,,,,15,25,B1,intermediate|advanced,advanced|intermediate,cambridge_15_21_random_intermediate_advanced,4,20,random,,104.203125,765.0625,128.203125,787.140625,2,11,,,,,,,,,,,,2026-08-16T17:54:38.981Z,K8EF3YCB,2026-08-16,2026-08-16,11:54:38,2026-08-16 11:54:38,,,,,,,,697ab12b4591197afc56d253,697ab12b4591197afc56d253,,,,
14581,hover_association,2,3,adv,25,3,3,4,24, to ,767,116,,697ab12b4591197afc56d253,697ab12b4591197afc56d253,advanced,3,697ab12b4591197afc56d253,697ab12b4591197afc56d253,spotlight_PROLIFIC,,31,Mexico,Spanish,N/A,,Spanish:75|English:25,100,Spanish:60|English:40,100,Spanish:90|English:10,100,29,0,Bachelor's,10,10,10,2,3,8,18,30,25,29,,,,,15,25,B1,intermediate|advanced,advanced|intermediate,cambridge_15_21_random_intermediate_advanced,4,20,random,,96.203125,765.0625,136.203125,787.140625,2,11,hover,66.60000002384186,66.60000002384186,0.9936305732484076,0.494921875,106,,,,,,2026-08-16T17:54:38.981Z,K8EF3YCB,2026-08-16,2026-08-16,11:54:38,2026-08-16 11:54:38,,,,,,,,697ab12b4591197afc56d253,697ab12b4591197afc56d253,,,,
14586,raw_position_sample,2,3,adv,25,3,3,4,25, assess ,797,116,1541840.199999988,697ab12b4591197afc56d253,697ab12b4591197afc56d253,advanced,3,697ab12b4591197afc56d253,697ab12b4591197afc56d253,spotlight_PROLIFIC,,31,Mexico,Spanish,N/A,,Spanish:75|English:25,100,Spanish:60|English:40,100,Spanish:90|English:10,100,29,0,Bachelor's,10,10,10,2,3,8,18,30,25,29,,,,,15,25,B1,intermediate|advanced,advanced|intermediate,cambridge_15_21_random_intermediate_advanced,4,20,random,,104.203125,787.140625,128.203125,846.5625,2,12,,,,,,,,,,,,2026-08-16T17:54:38.981Z,K8EF3YCB,2026-08-16,2026-08-16,11:54:38,2026-08-16 11:54:38,,,,,,,,697ab12b4591197afc56d253,697ab12b4591197afc56d253,,,,
14637,raw_position_sample,2,3,adv,25,3,3,4,25, assess ,813,116,1541891.199999988,697ab12b4591197afc56d253,697ab12b4591197afc56d253,advanced,3,697ab12b4591197afc56d253,697ab12b4591197afc56d253,spotlight_PROLIFIC,,31,Mexico,Spanish,N/A,,Spanish:75|English:25,100,Spanish:60|English:40,100,Spanish:90|English:10,100,29,0,Bachelor's,10,10,10,2,3,8,18,30,25,29,,,,,15,25,B1,intermediate|advanced,advanced|intermediate,cambridge_15_21_random_intermediate_advanced,4,20,random,,104.203125,787.140625,128.203125,846.5625,2,12,,,,,,,,,,,,2026-08-16T17:54:38.981Z,K8EF3YCB,2026-08-16,2026-08-16,11:54:38,2026-08-16 11:54:38,,,,,,,,697ab12b4591197afc56d253,697ab12b4591197afc56d253,,,,
14686,raw_position_sample,2,3,adv,25,3,3,4,25, assess ,818,116,1541940.300000012,697ab12b4591197afc56d253,697ab12b4591197afc56d253,advanced,3,697ab12b4591197afc56d253,697ab12b4591197afc56d253,spotlight_PROLIFIC,,31,Mexico,Spanish,N/A,,Spanish:75|English:25,100,Spanish:60|English:40,100,Spanish:90|English:10,100,29,0,Bachelor's,10,10,10,2,3,8,18,30,25,29,,,,,15,25,B1,intermediate|advanced,advanced|intermediate,cambridge_15_21_random_intermediate_advanced,4,20,random,,104.203125,787.140625,128.203125,846.5625,2,12,,,,,,,,,,,,2026-08-16T17:54:38.981Z,K8EF3YCB,2026-08-16,2026-08-16,11:54:38,2026-08-16 11:54:38,,,,,,,,697ab12b4591197afc56d253,697ab12b4591197afc56d253,,,,
14737,raw_position_sample,2,3,adv,25,3,3,4,25, assess ,824,116,1541991.3999999762,697ab12b4591197afc56d253,697ab12b4591197afc56d253,advanced,3,697ab12b4591197afc56d253,697ab12b4591197afc56d253,spotlight_PROLIFIC,,31,Mexico,Spanish,N/A,,Spanish:75|English:25,100,Spanish:60|English:40,100,Spanish:90|English:10,100,29,0,Bachelor's,10,10,10,2,3,8,18,30,25,29,,,,,15,25,B1,intermediate|advanced,advanced|intermediate,cambridge_15_21_random_intermediate_advanced,4,20,random,,104.203125,787.140625,128.203125,846.5625,2,12,,,,,,,,,,,,2026-08-16T17:54:38.981Z,K8EF3YCB,2026-08-16,2026-08-16,11:54:38,2026-08-16 11:54:38,,,,,,,,697ab12b4591197afc56d253,697ab12b4591197afc56d253,,,,
14784,raw_position_sample,2,3,adv,25,3,3,4,25, assess ,825,114,1542039,697ab12b4591197afc56d253,697ab12b4591197afc56d253,advanced,3,697ab12b4591197afc56d253,697ab12b4591197afc56d253,spotlight_PROLIFIC,,31,Mexico,Spanish,N/A,,Spanish:75|English:25,100,Spanish:60|English:40,100,Spanish:90|English:10,100,29,0,Bachelor's,10,10,10,2,3,8,18,30,25,29,,,,,15,25,B1,intermediate|advanced,advanced|intermediate,cambridge_15_21_random_intermediate_advanced,4,20,random,,104.203125,787.140625,128.203125,846.5625,2,12,,,,,,,,,,,,2026-08-16T17:54:38.981Z,K8EF3YCB,2026-08-16,2026-08-16,11:54:38,2026-08-16 11:54:38,,,,,,,,697ab12b4591197afc56d253,697ab12b4591197afc56d253,,,,
14836,raw_position_sample,2,3,adv,25,3,3,4,25, assess ,828,114,1542090.300000012,697ab12b4591197afc56d253,697ab12b4591197afc56d253,advanced,3,697ab12b4591197afc56d253,697ab12b4591197afc56d253,spotlight_PROLIFIC,,31,Mexico,Spanish,N/A,,Spanish:75|English:25,100,Spanish:60|English:40,100,Spanish:90|English:10,100,29,0,Bachelor's,10,10,10,2,3,8,18,30,25,29,,,,,15,25,B1,intermediate|advanced,advanced|intermediate,cambridge_15_21_random_intermediate_advanced,4,20,random,,104.203125,787.140625,128.203125,846.5625,2,12,,,,,,,,,,,,2026-08-16T17:54:38.981Z,K8EF3YCB,2026-08-16,2026-08-16,11:54:38,2026-08-16 11:54:38,,,,,,,,697ab12b4591197afc56d253,697ab12b4591197afc56d253,,,,
14896,raw_position_sample,2,3,adv,25,3,3,4,25, assess ,828,114,1542150.5,697ab12b4591197afc56d253,697ab12b4591197afc56d253,advanced,3,697ab12b4591197afc56d253,697ab12b4591197afc56d253,spotlight_PROLIFIC,,31,Mexico,Spanish,N/A,,Spanish:75|English:25,100,Spanish:60|English:40,100,Spanish:90|English:10,100,29,0,Bachelor's,10,10,10,2,3,8,18,30,25,29,,,,,15,25,B1,intermediate|advanced,advanced|intermediate,cambridge_15_21_random_intermediate_advanced,4,20,random,,104.203125,787.140625,128.203125,846.5625,2,12,,,,,,,,,,,,2026-08-16T17:54:38.981Z,K8EF3YCB,2026-08-16,2026-08-16,11:54:38,2026-08-16 11:54:38,,,,,,,,697ab12b4591197afc56d253,697ab12b4591197afc56d253,,,,
14946,raw_position_sample,2,3,adv,25,3,3,4,25, assess ,828,114,1542200.199999988,697ab12b4591197afc56d253,697ab12b4591197afc56d253,advanced,3,697ab12b4591197afc56d253,697ab12b4591197afc56d253,spotlight_PROLIFIC,,31,Mexico,Spanish,N/A,,Spanish:75|English:25,100,Spanish:60|English:40,100,Spanish:90|English:10,100,29,0,Bachelor's,10,10,10,2,3,8,18,30,25,29,,,,,15,25,B1,intermediate|advanced,advanced|intermediate,cambridge_15_21_random_intermediate_advanced,4,20,random,,104.203125,787.140625,128.203125,846.5625,2,12,,,,,,,,,,,,2026-08-16T17:54:38.981Z,K8EF3YCB,2026-08-16,2026-08-16,11:54:38,2026-08-16 11:54:38,,,,,,,,697ab12b4591197afc56d253,697ab12b4591197afc56d253,,,,
14994,raw_position_sample,2,3,adv,25,3,3,4,25, assess ,828,114,1542248.5999999642,697ab12b4591197afc56d253,697ab12b4591197afc56d253,advanced,3,697ab12b4591197afc56d253,697ab12b4591197afc56d253,spotlight_PROLIFIC,,31,Mexico,Spanish,N/A,,Spanish:75|English:25,100,Spanish:60|English:40,100,Spanish:90|English:10,100,29,0,Bachelor's,10,10,10,2,3,8,18,30,25,29,,,,,15,25,B1,intermediate|advanced,advanced|intermediate,cambridge_15_21_random_intermediate_advanced,4,20,random,,104.203125,787.140625,128.203125,846.5625,2,12,,,,,,,,,,,,2026-08-16T17:54:38.981Z,K8EF3YCB,2026-08-16,2026-08-16,11:54:38,2026-08-16 11:54:38,,,,,,,,697ab12b4591197afc56d253,697ab12b4591197afc56d253,,,,
15036,raw_position_sample,2,3,adv,25,3,3,4,25, assess ,808,114,1542291.199999988,697ab12b4591197afc56d253,697ab12b4591197afc56d253,advanced,3,697ab12b4591197afc56d253,697ab12b4591197afc56d253,spotlight_PROLIFIC,,31,Mexico,Spanish,N/A,,Spanish:75|English:25,100,Spanish:60|English:40,100,Spanish:90|English:10,100,29,0,Bachelor's,10,10,10,2,3,8,18,30,25,29,,,,,15,25,B1,intermediate|advanced,advanced|intermediate,cambridge_15_21_random_intermediate_advanced,4,20,random,,104.203125,787.140625,128.203125,846.5625,2,12,,,,,,,,,,,,2026-08-16T17:54:38.981Z,K8EF3YCB,2026-08-16,2026-08-16,11:54:38,2026-08-16 11:54:38,,,,,,,,697ab12b4591197afc56d253,697ab12b4591197afc56d253,,,,
15064,hover_association,2,3,adv,25,3,3,4,25, assess ,797,116,,697ab12b4591197afc56d253,697ab12b4591197afc56d253,advanced,3,697ab12b4591197afc56d253,697ab12b4591197afc56d253,spotlight_PROLIFIC,,31,Mexico,Spanish,N/A,,Spanish:75|English:25,100,Spanish:60|English:40,100,Spanish:90|English:10,100,29,0,Bachelor's,10,10,10,2,3,8,18,30,25,29,,,,,15,25,B1,intermediate|advanced,advanced|intermediate,cambridge_15_21_random_intermediate_advanced,4,20,random,,96.203125,787.140625,136.203125,846.5625,2,12,hover,483.39999997615814,483.39999997615814,0.14909282145674468,0.469921875,106,,,,,,2026-08-16T17:54:38.981Z,K8EF3YCB,2026-08-16,2026-08-16,11:54:38,2026-08-16 11:54:38,,,,,,,,697ab12b4591197afc56d253,697ab12b4591197afc56d253,,,,
15086,raw_position_sample,2,3,adv,25,3,3,4,24, to ,771,119,1542340.3999999762,697ab12b4591197afc56d253,697ab12b4591197afc56d253,advanced,3,697ab12b4591197afc56d253,697ab12b4591197afc56d253,spotlight_PROLIFIC,,31,Mexico,Spanish,N/A,,Spanish:75|English:25,100,Spanish:60|English:40,100,Spanish:90|English:10,100,29,0,Bachelor's,10,10,10,2,3,8,18,30,25,29,,,,,15,25,B1,intermediate|advanced,advanced|intermediate,cambridge_15_21_random_intermediate_advanced,4,20,random,,104.203125,765.0625,128.203125,787.140625,2,11,,,,,,,,,,,,2026-08-16T17:54:38.981Z,K8EF3YCB,2026-08-16,2026-08-16,11:54:38,2026-08-16 11:54:38,,,,,,,,697ab12b4591197afc56d253,697ab12b4591197afc56d253,,,,
15097,hover_association,2,3,adv,25,3,3,4,24, to ,784,116,,697ab12b4591197afc56d253,697ab12b4591197afc56d253,advanced,3,697ab12b4591197afc56d253,697ab12b4591197afc56d253,spotlight_PROLIFIC,,31,Mexico,Spanish,N/A,,Spanish:75|English:25,100,Spanish:60|English:40,100,Spanish:90|English:10,100,29,0,Bachelor's,10,10,10,2,3,8,18,30,25,29,,,,,15,25,B1,intermediate|advanced,advanced|intermediate,cambridge_15_21_random_intermediate_advanced,4,20,random,,96.203125,765.0625,136.203125,787.140625,2,11,hover,33.30000001192093,33.30000001192093,0.2689313517338995,0.569921875,106,,,,,,2026-08-16T17:54:38.981Z,K8EF3YCB,2026-08-16,2026-08-16,11:54:38,2026-08-16 11:54:38,,,,,,,,697ab12b4591197afc56d253,697ab12b4591197afc56d253,,,,
15135,raw_position_sample,2,3,adv,25,3,3,4,23," store, ",757,122,1542390,697ab12b4591197afc56d253,697ab12b4591197afc56d253,advanced,3,697ab12b4591197afc56d253,697ab12b4591197afc56d253,spotlight_PROLIFIC,,31,Mexico,Spanish,N/A,,Spanish:75|English:25,100,Spanish:60|English:40,100,Spanish:90|English:10,100,29,0,Bachelor's,10,10,10,2,3,8,18,30,25,29,,,,,15,25,B1,intermediate|advanced,advanced|intermediate,cambridge_15_21_random_intermediate_advanced,4,20,random,,104.203125,712.3125,128.203125,765.0625,2,10,,,,,,,,,,,,2026-08-16T17:54:38.981Z,K8EF3YCB,2026-08-16,2026-08-16,11:54:38,2026-08-16 11:54:38,,,,,,,,697ab12b4591197afc56d253,697ab12b4591197afc56d253,,,,
15196,raw_position_sample,2,3,adv,25,3,3,4,23," store, ",757,122,1542450.5999999642,697ab12b4591197afc56d253,697ab12b4591197afc56d253,advanced,3,697ab12b4591197afc56d253,697ab12b4591197afc56d253,spotlight_PROLIFIC,,31,Mexico,Spanish,N/A,,Spanish:75|English:25,100,Spanish:60|English:40,100,Spanish:90|English:10,100,29,0,Bachelor's,10,10,10,2,3,8,18,30,25,29,,,,,15,25,B1,intermediate|advanced,advanced|intermediate,cambridge_15_21_random_intermediate_advanced,4,20,random,,104.203125,712.3125,128.203125,765.0625,2,10,,,,,,,,,,,,2026-08-16T17:54:38.981Z,K8EF3YCB,2026-08-16,2026-08-16,11:54:38,2026-08-16 11:54:38,,,,,,,,697ab12b4591197afc56d253,697ab12b4591197afc56d253,,,,
15246,raw_position_sample,2,3,adv,25,3,3,4,23," store, ",757,122,1542500.199999988,697ab12b4591197afc56d253,697ab12b4591197afc56d253,advanced,3,697ab12b4591197afc56d253,697ab12b4591197afc56d253,spotlight_PROLIFIC,,31,Mexico,Spanish,N/A,,Spanish:75|English:25,100,Spanish:60|English:40,100,Spanish:90|English:10,100,29,0,Bachelor's,10,10,10,2,3,8,18,30,25,29,,,,,15,25,B1,intermediate|advanced,advanced|intermediate,cambridge_15_21_random_intermediate_advanced,4,20,random,,104.203125,712.3125,128.203125,765.0625,2,10,,,,,,,,,,,,2026-08-16T17:54:38.981Z,K8EF3YCB,2026-08-16,2026-08-16,11:54:38,2026-08-16 11:54:38,,,,,,,,697ab12b4591197afc56d253,697ab12b4591197afc56d253,,,,
15294,raw_position_sample,2,3,adv,25,3,3,4,23," store, ",757,122,1542548.300000012,697ab12b4591197afc56d253,697ab12b4591197afc56d253,advanced,3,697ab12b4591197afc56d253,697ab12b4591197afc56d253,spotlight_PROLIFIC,,31,Mexico,Spanish,N/A,,Spanish:75|English:25,100,Spanish:60|English:40,100,Spanish:90|English:10,100,29,0,Bachelor's,10,10,10,2,3,8,18,30,25,29,,,,,15,25,B1,intermediate|advanced,advanced|intermediate,cambridge_15_21_random_intermediate_advanced,4,20,random,,104.203125,712.3125,128.203125,765.0625,2,10,,,,,,,,,,,,2026-08-16T17:54:38.981Z,K8EF3YCB,2026-08-16,2026-08-16,11:54:38,2026-08-16 11:54:38,,,,,,,,697ab12b4591197afc56d253,697ab12b4591197afc56d253,,,,
15331,hover_association,2,3,adv,25,3,3,4,23," store, ",763,120,,697ab12b4591197afc56d253,697ab12b4591197afc56d253,advanced,3,697ab12b4591197afc56d253,697ab12b4591197afc56d253,spotlight_PROLIFIC,,31,Mexico,Spanish,N/A,,Spanish:75|English:25,100,Spanish:60|English:40,100,Spanish:90|English:10,100,29,0,Bachelor's,10,10,10,2,3,8,18,30,25,29,,,,,15,25,B1,intermediate|advanced,advanced|intermediate,cambridge_15_21_random_intermediate_advanced,4,20,random,,96.203125,712.3125,136.203125,765.0625,2,10,hover,233.19999998807907,233.19999998807907,0.9229857819905213,0.669921875,106,,,,,,2026-08-16T17:54:38.981Z,K8EF3YCB,2026-08-16,2026-08-16,11:54:38,2026-08-16 11:54:38,,,,,,,,697ab12b4591197afc56d253,697ab12b4591197afc56d253,,,,
15335,raw_position_sample,2,3,adv,25,3,3,4,24, to ,767,122,1542589.5999999642,697ab12b4591197afc56d253,697ab12b4591197afc56d253,advanced,3,697ab12b4591197afc56d253,697ab12b4591197afc56d253,spotlight_PROLIFIC,,31,Mexico,Spanish,N/A,,Spanish:75|English:25,100,Spanish:60|English:40,100,Spanish:90|English:10,100,29,0,Bachelor's,10,10,10,2,3,8,18,30,25,29,,,,,15,25,B1,intermediate|advanced,advanced|intermediate,cambridge_15_21_random_intermediate_advanced,4,20,random,,104.203125,765.0625,128.203125,787.140625,2,11,,,,,,,,,,,,2026-08-16T17:54:38.981Z,K8EF3YCB,2026-08-16,2026-08-16,11:54:38,2026-08-16 11:54:38,,,,,,,,697ab12b4591197afc56d253,697ab12b4591197afc56d253,,,,
15381,hover_association,2,3,adv,25,3,3,4,24, to ,767,122,,697ab12b4591197afc56d253,697ab12b4591197afc56d253,advanced,3,697ab12b4591197afc56d253,697ab12b4591197afc56d253,spotlight_PROLIFIC,,31,Mexico,Spanish,N/A,,Spanish:75|English:25,100,Spanish:60|English:40,100,Spanish:90|English:10,100,29,0,Bachelor's,10,10,10,2,3,8,18,30,25,29,,,,,15,25,B1,intermediate|advanced,advanced|intermediate,cambridge_15_21_random_intermediate_advanced,4,20,random,,96.203125,765.0625,136.203125,787.140625,2,11,hover,50,50,0.8577494692144374,0.544921875,106,,,,,,2026-08-16T17:54:38.981Z,K8EF3YCB,2026-08-16,2026-08-16,11:54:38,2026-08-16 11:54:38,,,,,,,,697ab12b4591197afc56d253,697ab12b4591197afc56d253,,,,
15386,raw_position_sample,2,3,adv,25,3,3,4,25, assess ,793,116,1542640.5999999642,697ab12b4591197afc56d253,697ab12b4591197afc56d253,advanced,3,697ab12b4591197afc56d253,697ab12b4591197afc56d253,spotlight_PROLIFIC,,31,Mexico,Spanish,N/A,,Spanish:75|English:25,100,Spanish:60|English:40,100,Spanish:90|English:10,100,29,0,Bachelor's,10,10,10,2,3,8,18,30,25,29,,,,,15,25,B1,intermediate|advanced,advanced|intermediate,cambridge_15_21_random_intermediate_advanced,4,20,random,,104.203125,787.140625,128.203125,846.5625,2,12,,,,,,,,,,,,2026-08-16T17:54:38.981Z,K8EF3YCB,2026-08-16,2026-08-16,11:54:38,2026-08-16 11:54:38,,,,,,,,697ab12b4591197afc56d253,697ab12b4591197afc56d253,,,,
15436,raw_position_sample,2,3,adv,25,3,3,4,25, assess ,802,116,1542690.3999999762,697ab12b4591197afc56d253,697ab12b4591197afc56d253,advanced,3,697ab12b4591197afc56d253,697ab12b4591197afc56d253,spotlight_PROLIFIC,,31,Mexico,Spanish,N/A,,Spanish:75|English:25,100,Spanish:60|English:40,100,Spanish:90|English:10,100,29,0,Bachelor's,10,10,10,2,3,8,18,30,25,29,,,,,15,25,B1,intermediate|advanced,advanced|intermediate,cambridge_15_21_random_intermediate_advanced,4,20,random,,104.203125,787.140625,128.203125,846.5625,2,12,,,,,,,,,,,,2026-08-16T17:54:38.981Z,K8EF3YCB,2026-08-16,2026-08-16,11:54:38,2026-08-16 11:54:38,,,,,,,,697ab12b4591197afc56d253,697ab12b4591197afc56d253,,,,
15485,raw_position_sample,2,3,adv,25,3,3,4,25, assess ,804,116,1542739.800000012,697ab12b4591197afc56d253,697ab12b4591197afc56d253,advanced,3,697ab12b4591197afc56d253,697ab12b4591197afc56d253,spotlight_PROLIFIC,,31,Mexico,Spanish,N/A,,Spanish:75|English:25,100,Spanish:60|English:40,100,Spanish:90|English:10,100,29,0,Bachelor's,10,10,10,2,3,8,18,30,25,29,,,,,15,25,B1,intermediate|advanced,advanced|intermediate,cambridge_15_21_random_intermediate_advanced,4,20,random,,104.203125,787.140625,128.203125,846.5625,2,12,,,,,,,,,,,,2026-08-16T17:54:38.981Z,K8EF3YCB,2026-08-16,2026-08-16,11:54:38,2026-08-16 11:54:38,,,,,,,,697ab12b4591197afc56d253,697ab12b4591197afc56d253,,,,
15537,raw_position_sample,2,3,adv,25,3,3,4,25, assess ,807,115,1542791.8999999762,697ab12b4591197afc56d253,697ab12b4591197afc56d253,advanced,3,697ab12b4591197afc56d253,697ab12b4591197afc56d253,spotlight_PROLIFIC,,31,Mexico,Spanish,N/A,,Spanish:75|English:25,100,Spanish:60|English:40,100,Spanish:90|English:10,100,29,0,Bachelor's,10,10,10,2,3,8,18,30,25,29,,,,,15,25,B1,intermediate|advanced,advanced|intermediate,cambridge_15_21_random_intermediate_advanced,4,20,random,,104.203125,787.140625,128.203125,846.5625,2,12,,,,,,,,,,,,2026-08-16T17:54:38.981Z,K8EF3YCB,2026-08-16,2026-08-16,11:54:38,2026-08-16 11:54:38,,,,,,,,697ab12b4591197afc56d253,697ab12b4591197afc56d253,,,,
15585,raw_position_sample,2,3,adv,25,3,3,4,25, assess ,813,114,1542840.0999999642,697ab12b4591197afc56d253,697ab12b4591197afc56d253,advanced,3,697ab12b4591197afc56d253,697ab12b4591197afc56d253,spotlight_PROLIFIC,,31,Mexico,Spanish,N/A,,Spanish:75|English:25,100,Spanish:60|English:40,100,Spanish:90|English:10,100,29,0,Bachelor's,10,10,10,2,3,8,18,30,25,29,,,,,15,25,B1,intermediate|advanced,advanced|intermediate,cambridge_15_21_random_intermediate_advanced,4,20,random,,104.203125,787.140625,128.203125,846.5625,2,12,,,,,,,,,,,,2026-08-16T17:54:38.981Z,K8EF3YCB,2026-08-16,2026-08-16,11:54:38,2026-08-16 11:54:38,,,,,,,,697ab12b4591197afc56d253,697ab12b4591197afc56d253,,,,
15636,raw_position_sample,2,3,adv,25,3,3,4,25, assess ,824,114,1542890.300000012,697ab12b4591197afc56d253,697ab12b4591197afc56d253,advanced,3,697ab12b4591197afc56d253,697ab12b4591197afc56d253,spotlight_PROLIFIC,,31,Mexico,Spanish,N/A,,Spanish:75|English:25,100,Spanish:60|English:40,100,Spanish:90|English:10,100,29,0,Bachelor's,10,10,10,2,3,8,18,30,25,29,,,,,15,25,B1,intermediate|advanced,advanced|intermediate,cambridge_15_21_random_intermediate_advanced,4,20,random,,104.203125,787.140625,128.203125,846.5625,2,12,,,,,,,,,,,,2026-08-16T17:54:38.981Z,K8EF3YCB,2026-08-16,2026-08-16,11:54:38,2026-08-16 11:54:38,,,,,,,,697ab12b4591197afc56d253,697ab12b4591197afc56d253,,,,
15685,raw_position_sample,2,3,adv,25,3,3,4,25, assess ,835,114,1542940,697ab12b4591197afc56d253,697ab12b4591197afc56d253,advanced,3,697ab12b4591197afc56d253,697ab12b4591197afc56d253,spotlight_PROLIFIC,,31,Mexico,Spanish,N/A,,Spanish:75|English:25,100,Spanish:60|English:40,100,Spanish:90|English:10,100,29,0,Bachelor's,10,10,10,2,3,8,18,30,25,29,,,,,15,25,B1,intermediate|advanced,advanced|intermediate,cambridge_15_21_random_intermediate_advanced,4,20,random,,104.203125,787.140625,128.203125,846.5625,2,12,,,,,,,,,,,,2026-08-16T17:54:38.981Z,K8EF3YCB,2026-08-16,2026-08-16,11:54:38,2026-08-16 11:54:38,,,,,,,,697ab12b4591197afc56d253,697ab12b4591197afc56d253,,,,
15748,raw_position_sample,2,3,adv,25,3,3,4,25, assess ,839,114,1543002.5999999642,697ab12b4591197afc56d253,697ab12b4591197afc56d253,advanced,3,697ab12b4591197afc56d253,697ab12b4591197afc56d253,spotlight_PROLIFIC,,31,Mexico,Spanish,N/A,,Spanish:75|English:25,100,Spanish:60|English:40,100,Spanish:90|English:10,100,29,0,Bachelor's,10,10,10,2,3,8,18,30,25,29,,,,,15,25,B1,intermediate|advanced,advanced|intermediate,cambridge_15_21_random_intermediate_advanced,4,20,random,,104.203125,787.140625,128.203125,846.5625,2,12,,,,,,,,,,,,2026-08-16T17:54:38.981Z,K8EF3YCB,2026-08-16,2026-08-16,11:54:38,2026-08-16 11:54:38,,,,,,,,697ab12b4591197afc56d253,697ab12b4591197afc56d253,,,,
15789,raw_position_sample,2,3,adv,25,3,3,4,25, assess ,840,114,1543043.5999999642,697ab12b4591197afc56d253,697ab12b4591197afc56d253,advanced,3,697ab12b4591197afc56d253,697ab12b4591197afc56d253,spotlight_PROLIFIC,,31,Mexico,Spanish,N/A,,Spanish:75|English:25,100,Spanish:60|English:40,100,Spanish:90|English:10,100,29,0,Bachelor's,10,10,10,2,3,8,18,30,25,29,,,,,15,25,B1,intermediate|advanced,advanced|intermediate,cambridge_15_21_random_intermediate_advanced,4,20,random,,104.203125,787.140625,128.203125,846.5625,2,12,,,,,,,,,,,,2026-08-16T17:54:38.981Z,K8EF3YCB,2026-08-16,2026-08-16,11:54:38,2026-08-16 11:54:38,,,,,,,,697ab12b4591197afc56d253,697ab12b4591197afc56d253,,,,
15835,raw_position_sample,2,3,adv,25,3,3,4,25, assess ,846,113,1543089.5999999642,697ab12b4591197afc56d253,697ab12b4591197afc56d253,advanced,3,697ab12b4591197afc56d253,697ab12b4591197afc56d253,spotlight_PROLIFIC,,31,Mexico,Spanish,N/A,,Spanish:75|English:25,100,Spanish:60|English:40,100,Spanish:90|English:10,100,29,0,Bachelor's,10,10,10,2,3,8,18,30,25,29,,,,,15,25,B1,intermediate|advanced,advanced|intermediate,cambridge_15_21_random_intermediate_advanced,4,20,random,,104.203125,787.140625,128.203125,846.5625,2,12,,,,,,,,,,,,2026-08-16T17:54:38.981Z,K8EF3YCB,2026-08-16,2026-08-16,11:54:38,2026-08-16 11:54:38,,,,,,,,697ab12b4591197afc56d253,697ab12b4591197afc56d253,,,,
15847,hover_association,2,3,adv,25,3,3,4,25, assess ,793,116,,697ab12b4591197afc56d253,697ab12b4591197afc56d253,advanced,3,697ab12b4591197afc56d253,697ab12b4591197afc56d253,spotlight_PROLIFIC,,31,Mexico,Spanish,N/A,,Spanish:75|English:25,100,Spanish:60|English:40,100,Spanish:90|English:10,100,29,0,Bachelor's,10,10,10,2,3,8,18,30,25,29,,,,,15,25,B1,intermediate|advanced,advanced|intermediate,cambridge_15_21_random_intermediate_advanced,4,20,random,,96.203125,787.140625,136.203125,846.5625,2,12,hover,466.69999998807907,466.69999998807907,0.9905337891138575,0.419921875,106,,,,,,2026-08-16T17:54:38.981Z,K8EF3YCB,2026-08-16,2026-08-16,11:54:38,2026-08-16 11:54:38,,,,,,,,697ab12b4591197afc56d253,697ab12b4591197afc56d253,,,,
15885,raw_position_sample,2,3,adv,25,3,3,4,26, the ,854,113,1543140,697ab12b4591197afc56d253,697ab12b4591197afc56d253,advanced,3,697ab12b4591197afc56d253,697ab12b4591197afc56d253,spotlight_PROLIFIC,,31,Mexico,Spanish,N/A,,Spanish:75|English:25,100,Spanish:60|English:40,100,Spanish:90|English:10,100,29,0,Bachelor's,10,10,10,2,3,8,18,30,25,29,,,,,15,25,B1,intermediate|advanced,advanced|intermediate,cambridge_15_21_random_intermediate_advanced,4,20,random,,104.203125,846.5625,128.203125,879.03125,2,13,,,,,,,,,,,,2026-08-16T17:54:38.981Z,K8EF3YCB,2026-08-16,2026-08-16,11:54:38,2026-08-16 11:54:38,,,,,,,,697ab12b4591197afc56d253,697ab12b4591197afc56d253,,,,
15936,raw_position_sample,2,3,adv,25,3,3,4,26, the ,869,113,1543190.199999988,697ab12b4591197afc56d253,697ab12b4591197afc56d253,advanced,3,697ab12b4591197afc56d253,697ab12b4591197afc56d253,spotlight_PROLIFIC,,31,Mexico,Spanish,N/A,,Spanish:75|English:25,100,Spanish:60|English:40,100,Spanish:90|English:10,100,29,0,Bachelor's,10,10,10,2,3,8,18,30,25,29,,,,,15,25,B1,intermediate|advanced,advanced|intermediate,cambridge_15_21_random_intermediate_advanced,4,20,random,,104.203125,846.5625,128.203125,879.03125,2,13,,,,,,,,,,,,2026-08-16T17:54:38.981Z,K8EF3YCB,2026-08-16,2026-08-16,11:54:38,2026-08-16 11:54:38,,,,,,,,697ab12b4591197afc56d253,697ab12b4591197afc56d253,,,,
15964,hover_association,2,3,adv,25,3,3,4,26, the ,848,113,,697ab12b4591197afc56d253,697ab12b4591197afc56d253,advanced,3,697ab12b4591197afc56d253,697ab12b4591197afc56d253,spotlight_PROLIFIC,,31,Mexico,Spanish,N/A,,Spanish:75|English:25,100,Spanish:60|English:40,100,Spanish:90|English:10,100,29,0,Bachelor's,10,10,10,2,3,8,18,30,25,29,,,,,15,25,B1,intermediate|advanced,advanced|intermediate,cambridge_15_21_random_intermediate_advanced,4,20,random,,96.203125,846.5625,136.203125,879.03125,2,13,hover,116.5,116.5,0.8450433108758422,0.419921875,106,,,,,,2026-08-16T17:54:38.981Z,K8EF3YCB,2026-08-16,2026-08-16,11:54:38,2026-08-16 11:54:38,,,,,,,,697ab12b4591197afc56d253,697ab12b4591197afc56d253,,,,
15985,raw_position_sample,2,3,adv,25,3,3,4,27, service ,888,113,1543239.8999999762,697ab12b4591197afc56d253,697ab12b4591197afc56d253,advanced,3,697ab12b4591197afc56d253,697ab12b4591197afc56d253,spotlight_PROLIFIC,,31,Mexico,Spanish,N/A,,Spanish:75|English:25,100,Spanish:60|English:40,100,Spanish:90|English:10,100,29,0,Bachelor's,10,10,10,2,3,8,18,30,25,29,,,,,15,25,B1,intermediate|advanced,advanced|intermediate,cambridge_15_21_random_intermediate_advanced,4,20,random,,104.203125,879.03125,128.203125,942.5,2,14,,,,,,,,,,,,2026-08-16T17:54:38.981Z,K8EF3YCB,2026-08-16,2026-08-16,11:54:38,2026-08-16 11:54:38,,,,,,,,697ab12b4591197afc56d253,697ab12b4591197afc56d253,,,,
16034,raw_position_sample,2,3,adv,25,3,3,4,27, service ,916,113,1543289,697ab12b4591197afc56d253,697ab12b4591197afc56d253,advanced,3,697ab12b4591197afc56d253,697ab12b4591197afc56d253,spotlight_PROLIFIC,,31,Mexico,Spanish,N/A,,Spanish:75|English:25,100,Spanish:60|English:40,100,Spanish:90|English:10,100,29,0,Bachelor's,10,10,10,2,3,8,18,30,25,29,,,,,15,25,B1,intermediate|advanced,advanced|intermediate,cambridge_15_21_random_intermediate_advanced,4,20,random,,104.203125,879.03125,128.203125,942.5,2,14,,,,,,,,,,,,2026-08-16T17:54:38.981Z,K8EF3YCB,2026-08-16,2026-08-16,11:54:38,2026-08-16 11:54:38,,,,,,,,697ab12b4591197afc56d253,697ab12b4591197afc56d253,,,,
16085,raw_position_sample,2,3,adv,25,3,3,4,27, service ,932,113,1543339.8999999762,697ab12b4591197afc56d253,697ab12b4591197afc56d253,advanced,3,697ab12b4591197afc56d253,697ab12b4591197afc56d253,spotlight_PROLIFIC,,31,Mexico,Spanish,N/A,,Spanish:75|English:25,100,Spanish:60|English:40,100,Spanish:90|English:10,100,29,0,Bachelor's,10,10,10,2,3,8,18,30,25,29,,,,,15,25,B1,intermediate|advanced,advanced|intermediate,cambridge_15_21_random_intermediate_advanced,4,20,random,,104.203125,879.03125,128.203125,942.5,2,14,,,,,,,,,,,,2026-08-16T17:54:38.981Z,K8EF3YCB,2026-08-16,2026-08-16,11:54:38,2026-08-16 11:54:38,,,,,,,,697ab12b4591197afc56d253,697ab12b4591197afc56d253,,,,
16146,raw_position_sample,2,3,adv,25,3,3,4,27, service ,940,113,1543400.800000012,697ab12b4591197afc56d253,697ab12b4591197afc56d253,advanced,3,697ab12b4591197afc56d253,697ab12b4591197afc56d253,spotlight_PROLIFIC,,31,Mexico,Spanish,N/A,,Spanish:75|English:25,100,Spanish:60|English:40,100,Spanish:90|English:10,100,29,0,Bachelor's,10,10,10,2,3,8,18,30,25,29,,,,,15,25,B1,intermediate|advanced,advanced|intermediate,cambridge_15_21_random_intermediate_advanced,4,20,random,,104.203125,879.03125,128.203125,942.5,2,14,,,,,,,,,,,,2026-08-16T17:54:38.981Z,K8EF3YCB,2026-08-16,2026-08-16,11:54:38,2026-08-16 11:54:38,,,,,,,,697ab12b4591197afc56d253,697ab12b4591197afc56d253,,,,
16197,raw_position_sample,2,3,adv,25,3,3,4,27, service ,940,113,1543451.5999999642,697ab12b4591197afc56d253,697ab12b4591197afc56d253,advanced,3,697ab12b4591197afc56d253,697ab12b4591197afc56d253,spotlight_PROLIFIC,,31,Mexico,Spanish,N/A,,Spanish:75|English:25,100,Spanish:60|English:40,100,Spanish:90|English:10,100,29,0,Bachelor's,10,10,10,2,3,8,18,30,25,29,,,,,15,25,B1,intermediate|advanced,advanced|intermediate,cambridge_15_21_random_intermediate_advanced,4,20,random,,104.203125,879.03125,128.203125,942.5,2,14,,,,,,,,,,,,2026-08-16T17:54:38.981Z,K8EF3YCB,2026-08-16,2026-08-16,11:54:38,2026-08-16 11:54:38,,,,,,,,697ab12b4591197afc56d253,697ab12b4591197afc56d253,,,,
16242,raw_position_sample,2,3,adv,25,3,3,4,27, service ,940,113,1543496.0999999642,697ab12b4591197afc56d253,697ab12b4591197afc56d253,advanced,3,697ab12b4591197afc56d253,697ab12b4591197afc56d253,spotlight_PROLIFIC,,31,Mexico,Spanish,N/A,,Spanish:75|English:25,100,Spanish:60|English:40,100,Spanish:90|English:10,100,29,0,Bachelor's,10,10,10,2,3,8,18,30,25,29,,,,,15,25,B1,intermediate|advanced,advanced|intermediate,cambridge_15_21_random_intermediate_advanced,4,20,random,,104.203125,879.03125,128.203125,942.5,2,14,,,,,,,,,,,,2026-08-16T17:54:38.981Z,K8EF3YCB,2026-08-16,2026-08-16,11:54:38,2026-08-16 11:54:38,,,,,,,,697ab12b4591197afc56d253,697ab12b4591197afc56d253,,,,
16297,raw_position_sample,2,3,adv,25,3,3,4,27, service ,941,113,1543551.800000012,697ab12b4591197afc56d253,697ab12b4591197afc56d253,advanced,3,697ab12b4591197afc56d253,697ab12b4591197afc56d253,spotlight_PROLIFIC,,31,Mexico,Spanish,N/A,,Spanish:75|English:25,100,Spanish:60|English:40,100,Spanish:90|English:10,100,29,0,Bachelor's,10,10,10,2,3,8,18,30,25,29,,,,,15,25,B1,intermediate|advanced,advanced|intermediate,cambridge_15_21_random_intermediate_advanced,4,20,random,,104.203125,879.03125,128.203125,942.5,2,14,,,,,,,,,,,,2026-08-16T17:54:38.981Z,K8EF3YCB,2026-08-16,2026-08-16,11:54:38,2026-08-16 11:54:38,,,,,,,,697ab12b4591197afc56d253,697ab12b4591197afc56d253,,,,
16345,raw_position_sample,2,3,adv,25,3,3,4,27, service ,941,113,1543599.800000012,697ab12b4591197afc56d253,697ab12b4591197afc56d253,advanced,3,697ab12b4591197afc56d253,697ab12b4591197afc56d253,spotlight_PROLIFIC,,31,Mexico,Spanish,N/A,,Spanish:75|English:25,100,Spanish:60|English:40,100,Spanish:90|English:10,100,29,0,Bachelor's,10,10,10,2,3,8,18,30,25,29,,,,,15,25,B1,intermediate|advanced,advanced|intermediate,cambridge_15_21_random_intermediate_advanced,4,20,random,,104.203125,879.03125,128.203125,942.5,2,14,,,,,,,,,,,,2026-08-16T17:54:38.981Z,K8EF3YCB,2026-08-16,2026-08-16,11:54:38,2026-08-16 11:54:38,,,,,,,,697ab12b4591197afc56d253,697ab12b4591197afc56d253,,,,
16385,raw_position_sample,2,3,adv,25,3,3,4,27, service ,929,114,1543639.800000012,697ab12b4591197afc56d253,697ab12b4591197afc56d253,advanced,3,697ab12b4591197afc56d253,697ab12b4591197afc56d253,spotlight_PROLIFIC,,31,Mexico,Spanish,N/A,,Spanish:75|English:25,100,Spanish:60|English:40,100,Spanish:90|English:10,100,29,0,Bachelor's,10,10,10,2,3,8,18,30,25,29,,,,,15,25,B1,intermediate|advanced,advanced|intermediate,cambridge_15_21_random_intermediate_advanced,4,20,random,,104.203125,879.03125,128.203125,942.5,2,14,,,,,,,,,,,,2026-08-16T17:54:38.981Z,K8EF3YCB,2026-08-16,2026-08-16,11:54:38,2026-08-16 11:54:38,,,,,,,,697ab12b4591197afc56d253,697ab12b4591197afc56d253,,,,
16430,hover_association,2,3,adv,25,3,3,4,27, service ,881,113,,697ab12b4591197afc56d253,697ab12b4591197afc56d253,advanced,3,697ab12b4591197afc56d253,697ab12b4591197afc56d253,spotlight_PROLIFIC,,31,Mexico,Spanish,N/A,,Spanish:75|English:25,100,Spanish:60|English:40,100,Spanish:90|English:10,100,29,0,Bachelor's,10,10,10,2,3,8,18,30,25,29,,,,,15,25,B1,intermediate|advanced,advanced|intermediate,cambridge_15_21_random_intermediate_advanced,4,20,random,,96.203125,879.03125,136.203125,942.5,2,14,hover,466.60000002384186,466.60000002384186,0.23584441161989167,0.669921875,106,,,,,,2026-08-16T17:54:38.981Z,K8EF3YCB,2026-08-16,2026-08-16,11:54:38,2026-08-16 11:54:38,,,,,,,,697ab12b4591197afc56d253,697ab12b4591197afc56d253,,,,
16434,raw_position_sample,2,3,adv,25,3,3,4,26, the ,870,126,1543689.0999999642,697ab12b4591197afc56d253,697ab12b4591197afc56d253,advanced,3,697ab12b4591197afc56d253,697ab12b4591197afc56d253,spotlight_PROLIFIC,,31,Mexico,Spanish,N/A,,Spanish:75|English:25,100,Spanish:60|English:40,100,Spanish:90|English:10,100,29,0,Bachelor's,10,10,10,2,3,8,18,30,25,29,,,,,15,25,B1,intermediate|advanced,advanced|intermediate,cambridge_15_21_random_intermediate_advanced,4,20,random,,104.203125,846.5625,128.203125,879.03125,2,13,,,,,,,,,,,,2026-08-16T17:54:38.981Z,K8EF3YCB,2026-08-16,2026-08-16,11:54:38,2026-08-16 11:54:38,,,,,,,,697ab12b4591197afc56d253,697ab12b4591197afc56d253,,,,
16447,hover_association,2,3,adv,25,3,3,4,26, the ,870,126,,697ab12b4591197afc56d253,697ab12b4591197afc56d253,advanced,3,697ab12b4591197afc56d253,697ab12b4591197afc56d253,spotlight_PROLIFIC,,31,Mexico,Spanish,N/A,,Spanish:75|English:25,100,Spanish:60|English:40,100,Spanish:90|English:10,100,29,0,Bachelor's,10,10,10,2,3,8,18,30,25,29,,,,,15,25,B1,intermediate|advanced,advanced|intermediate,cambridge_15_21_random_intermediate_advanced,4,20,random,,96.203125,846.5625,136.203125,879.03125,2,13,hover,16.69999998807907,16.69999998807907,0.7218479307025987,0.744921875,106,,,,,,2026-08-16T17:54:38.981Z,K8EF3YCB,2026-08-16,2026-08-16,11:54:38,2026-08-16 11:54:38,,,,,,,,697ab12b4591197afc56d253,697ab12b4591197afc56d253,,,,
16485,raw_position_sample,2,3,adv,25,3,3,4,25, assess ,803,129,1543739.699999988,697ab12b4591197afc56d253,697ab12b4591197afc56d253,advanced,3,697ab12b4591197afc56d253,697ab12b4591197afc56d253,spotlight_PROLIFIC,,31,Mexico,Spanish,N/A,,Spanish:75|English:25,100,Spanish:60|English:40,100,Spanish:90|English:10,100,29,0,Bachelor's,10,10,10,2,3,8,18,30,25,29,,,,,15,25,B1,intermediate|advanced,advanced|intermediate,cambridge_15_21_random_intermediate_advanced,4,20,random,,104.203125,787.140625,128.203125,846.5625,2,12,,,,,,,,,,,,2026-08-16T17:54:38.981Z,K8EF3YCB,2026-08-16,2026-08-16,11:54:38,2026-08-16 11:54:38,,,,,,,,697ab12b4591197afc56d253,697ab12b4591197afc56d253,,,,
16497,hover_association,2,3,adv,25,3,3,4,25, assess ,846,129,,697ab12b4591197afc56d253,697ab12b4591197afc56d253,advanced,3,697ab12b4591197afc56d253,697ab12b4591197afc56d253,spotlight_PROLIFIC,,31,Mexico,Spanish,N/A,,Spanish:75|English:25,100,Spanish:60|English:40,100,Spanish:90|English:10,100,29,0,Bachelor's,10,10,10,2,3,8,18,30,25,29,,,,,15,25,B1,intermediate|advanced,advanced|intermediate,cambridge_15_21_random_intermediate_advanced,4,20,random,,96.203125,787.140625,136.203125,846.5625,2,12,hover,50,50,0.2668945569287405,0.819921875,106,,,,,,2026-08-16T17:54:38.981Z,K8EF3YCB,2026-08-16,2026-08-16,11:54:38,2026-08-16 11:54:38,,,,,,,,697ab12b4591197afc56d253,697ab12b4591197afc56d253,,,,
16534,raw_position_sample,2,3,adv,25,3,3,4,24, to ,768,126,1543789.0999999642,697ab12b4591197afc56d253,697ab12b4591197afc56d253,advanced,3,697ab12b4591197afc56d253,697ab12b4591197afc56d253,spotlight_PROLIFIC,,31,Mexico,Spanish,N/A,,Spanish:75|English:25,100,Spanish:60|English:40,100,Spanish:90|English:10,100,29,0,Bachelor's,10,10,10,2,3,8,18,30,25,29,,,,,15,25,B1,intermediate|advanced,advanced|intermediate,cambridge_15_21_random_intermediate_advanced,4,20,random,,104.203125,765.0625,128.203125,787.140625,2,11,,,,,,,,,,,,2026-08-16T17:54:38.981Z,K8EF3YCB,2026-08-16,2026-08-16,11:54:38,2026-08-16 11:54:38,,,,,,,,697ab12b4591197afc56d253,697ab12b4591197afc56d253,,,,
16547,hover_association,2,3,adv,25,3,3,4,24, to ,786,128,,697ab12b4591197afc56d253,697ab12b4591197afc56d253,advanced,3,697ab12b4591197afc56d253,697ab12b4591197afc56d253,spotlight_PROLIFIC,,31,Mexico,Spanish,N/A,,Spanish:75|English:25,100,Spanish:60|English:40,100,Spanish:90|English:10,100,29,0,Bachelor's,10,10,10,2,3,8,18,30,25,29,,,,,15,25,B1,intermediate|advanced,advanced|intermediate,cambridge_15_21_random_intermediate_advanced,4,20,random,,96.203125,765.0625,136.203125,787.140625,2,11,hover,50,50,0.13305024769992924,0.744921875,106,,,,,,2026-08-16T17:54:38.981Z,K8EF3YCB,2026-08-16,2026-08-16,11:54:38,2026-08-16 11:54:38,,,,,,,,697ab12b4591197afc56d253,697ab12b4591197afc56d253,,,,
16585,raw_position_sample,2,3,adv,25,3,3,4,23," store, ",753,124,1543839.800000012,697ab12b4591197afc56d253,697ab12b4591197afc56d253,advanced,3,697ab12b4591197afc56d253,697ab12b4591197afc56d253,spotlight_PROLIFIC,,31,Mexico,Spanish,N/A,,Spanish:75|English:25,100,Spanish:60|English:40,100,Spanish:90|English:10,100,29,0,Bachelor's,10,10,10,2,3,8,18,30,25,29,,,,,15,25,B1,intermediate|advanced,advanced|intermediate,cambridge_15_21_random_intermediate_advanced,4,20,random,,104.203125,712.3125,128.203125,765.0625,2,10,,,,,,,,,,,,2026-08-16T17:54:38.981Z,K8EF3YCB,2026-08-16,2026-08-16,11:54:38,2026-08-16 11:54:38,,,,,,,,697ab12b4591197afc56d253,697ab12b4591197afc56d253,,,,
16647,raw_position_sample,2,3,adv,25,3,3,4,23," store, ",751,124,1543901.699999988,697ab12b4591197afc56d253,697ab12b4591197afc56d253,advanced,3,697ab12b4591197afc56d253,697ab12b4591197afc56d253,spotlight_PROLIFIC,,31,Mexico,Spanish,N/A,,Spanish:75|English:25,100,Spanish:60|English:40,100,Spanish:90|English:10,100,29,0,Bachelor's,10,10,10,2,3,8,18,30,25,29,,,,,15,25,B1,intermediate|advanced,advanced|intermediate,cambridge_15_21_random_intermediate_advanced,4,20,random,,104.203125,712.3125,128.203125,765.0625,2,10,,,,,,,,,,,,2026-08-16T17:54:38.981Z,K8EF3YCB,2026-08-16,2026-08-16,11:54:38,2026-08-16 11:54:38,,,,,,,,697ab12b4591197afc56d253,697ab12b4591197afc56d253,,,,
16685,raw_position_sample,2,3,adv,25,3,3,4,23," store, ",751,124,1543940.199999988,697ab12b4591197afc56d253,697ab12b4591197afc56d253,advanced,3,697ab12b4591197afc56d253,697ab12b4591197afc56d253,spotlight_PROLIFIC,,31,Mexico,Spanish,N/A,,Spanish:75|English:25,100,Spanish:60|English:40,100,Spanish:90|English:10,100,29,0,Bachelor's,10,10,10,2,3,8,18,30,25,29,,,,,15,25,B1,intermediate|advanced,advanced|intermediate,cambridge_15_21_random_intermediate_advanced,4,20,random,,104.203125,712.3125,128.203125,765.0625,2,10,,,,,,,,,,,,2026-08-16T17:54:38.981Z,K8EF3YCB,2026-08-16,2026-08-16,11:54:38,2026-08-16 11:54:38,,,,,,,,697ab12b4591197afc56d253,697ab12b4591197afc56d253,,,,
16746,raw_position_sample,2,3,adv,25,3,3,4,23," store, ",750,124,1544000.199999988,697ab12b4591197afc56d253,697ab12b4591197afc56d253,advanced,3,697ab12b4591197afc56d253,697ab12b4591197afc56d253,spotlight_PROLIFIC,,31,Mexico,Spanish,N/A,,Spanish:75|English:25,100,Spanish:60|English:40,100,Spanish:90|English:10,100,29,0,Bachelor's,10,10,10,2,3,8,18,30,25,29,,,,,15,25,B1,intermediate|advanced,advanced|intermediate,cambridge_15_21_random_intermediate_advanced,4,20,random,,104.203125,712.3125,128.203125,765.0625,2,10,,,,,,,,,,,,2026-08-16T17:54:38.981Z,K8EF3YCB,2026-08-16,2026-08-16,11:54:38,2026-08-16 11:54:38,,,,,,,,697ab12b4591197afc56d253,697ab12b4591197afc56d253,,,,
16795,raw_position_sample,2,3,adv,25,3,3,4,23," store, ",750,124,1544050.0999999642,697ab12b4591197afc56d253,697ab12b4591197afc56d253,advanced,3,697ab12b4591197afc56d253,697ab12b4591197afc56d253,spotlight_PROLIFIC,,31,Mexico,Spanish,N/A,,Spanish:75|English:25,100,Spanish:60|English:40,100,Spanish:90|English:10,100,29,0,Bachelor's,10,10,10,2,3,8,18,30,25,29,,,,,15,25,B1,intermediate|advanced,advanced|intermediate,cambridge_15_21_random_intermediate_advanced,4,20,random,,104.203125,712.3125,128.203125,765.0625,2,10,,,,,,,,,,,,2026-08-16T17:54:38.981Z,K8EF3YCB,2026-08-16,2026-08-16,11:54:38,2026-08-16 11:54:38,,,,,,,,697ab12b4591197afc56d253,697ab12b4591197afc56d253,,,,
16841,raw_position_sample,2,3,adv,25,3,3,4,23," store, ",751,124,1544095.3999999762,697ab12b4591197afc56d253,697ab12b4591197afc56d253,advanced,3,697ab12b4591197afc56d253,697ab12b4591197afc56d253,spotlight_PROLIFIC,,31,Mexico,Spanish,N/A,,Spanish:75|English:25,100,Spanish:60|English:40,100,Spanish:90|English:10,100,29,0,Bachelor's,10,10,10,2,3,8,18,30,25,29,,,,,15,25,B1,intermediate|advanced,advanced|intermediate,cambridge_15_21_random_intermediate_advanced,4,20,random,,104.203125,712.3125,128.203125,765.0625,2,10,,,,,,,,,,,,2026-08-16T17:54:38.981Z,K8EF3YCB,2026-08-16,2026-08-16,11:54:38,2026-08-16 11:54:38,,,,,,,,697ab12b4591197afc56d253,697ab12b4591197afc56d253,,,,
16881,hover_association,2,3,adv,25,3,3,4,23," store, ",760,126,,697ab12b4591197afc56d253,697ab12b4591197afc56d253,advanced,3,697ab12b4591197afc56d253,697ab12b4591197afc56d253,spotlight_PROLIFIC,,31,Mexico,Spanish,N/A,,Spanish:75|English:25,100,Spanish:60|English:40,100,Spanish:90|English:10,100,29,0,Bachelor's,10,10,10,2,3,8,18,30,25,29,,,,,15,25,B1,intermediate|advanced,advanced|intermediate,cambridge_15_21_random_intermediate_advanced,4,20,random,,96.203125,712.3125,136.203125,765.0625,2,10,hover,333.5,333.5,0.9229857819905213,0.694921875,106,,,,,,2026-08-16T17:54:38.981Z,K8EF3YCB,2026-08-16,2026-08-16,11:54:38,2026-08-16 11:54:38,,,,,,,,697ab12b4591197afc56d253,697ab12b4591197afc56d253,,,,
16885,raw_position_sample,2,3,adv,25,3,3,4,24, to ,771,124,1544139.8999999762,697ab12b4591197afc56d253,697ab12b4591197afc56d253,advanced,3,697ab12b4591197afc56d253,697ab12b4591197afc56d253,spotlight_PROLIFIC,,31,Mexico,Spanish,N/A,,Spanish:75|English:25,100,Spanish:60|English:40,100,Spanish:90|English:10,100,29,0,Bachelor's,10,10,10,2,3,8,18,30,25,29,,,,,15,25,B1,intermediate|advanced,advanced|intermediate,cambridge_15_21_random_intermediate_advanced,4,20,random,,104.203125,765.0625,128.203125,787.140625,2,11,,,,,,,,,,,,2026-08-16T17:54:38.981Z,K8EF3YCB,2026-08-16,2026-08-16,11:54:38,2026-08-16 11:54:38,,,,,,,,697ab12b4591197afc56d253,697ab12b4591197afc56d253,,,,
16914,hover_association,2,3,adv,25,3,3,4,24, to ,771,124,,697ab12b4591197afc56d253,697ab12b4591197afc56d253,advanced,3,697ab12b4591197afc56d253,697ab12b4591197afc56d253,spotlight_PROLIFIC,,31,Mexico,Spanish,N/A,,Spanish:75|English:25,100,Spanish:60|English:40,100,Spanish:90|English:10,100,29,0,Bachelor's,10,10,10,2,3,8,18,30,25,29,,,,,15,25,B1,intermediate|advanced,advanced|intermediate,cambridge_15_21_random_intermediate_advanced,4,20,random,,96.203125,765.0625,136.203125,787.140625,2,11,hover,33,33,0.7671620665251239,0.694921875,106,,,,,,2026-08-16T17:54:38.981Z,K8EF3YCB,2026-08-16,2026-08-16,11:54:38,2026-08-16 11:54:38,,,,,,,,697ab12b4591197afc56d253,697ab12b4591197afc56d253,,,,
16934,raw_position_sample,2,3,adv,25,3,3,4,25, assess ,795,124,1544189.0999999642,697ab12b4591197afc56d253,697ab12b4591197afc56d253,advanced,3,697ab12b4591197afc56d253,697ab12b4591197afc56d253,spotlight_PROLIFIC,,31,Mexico,Spanish,N/A,,Spanish:75|English:25,100,Spanish:60|English:40,100,Spanish:90|English:10,100,29,0,Bachelor's,10,10,10,2,3,8,18,30,25,29,,,,,15,25,B1,intermediate|advanced,advanced|intermediate,cambridge_15_21_random_intermediate_advanced,4,20,random,,104.203125,787.140625,128.203125,846.5625,2,12,,,,,,,,,,,,2026-08-16T17:54:38.981Z,K8EF3YCB,2026-08-16,2026-08-16,11:54:38,2026-08-16 11:54:38,,,,,,,,697ab12b4591197afc56d253,697ab12b4591197afc56d253,,,,
16985,raw_position_sample,2,3,adv,25,3,3,4,25, assess ,814,123,1544239.699999988,697ab12b4591197afc56d253,697ab12b4591197afc56d253,advanced,3,697ab12b4591197afc56d253,697ab12b4591197afc56d253,spotlight_PROLIFIC,,31,Mexico,Spanish,N/A,,Spanish:75|English:25,100,Spanish:60|English:40,100,Spanish:90|English:10,100,29,0,Bachelor's,10,10,10,2,3,8,18,30,25,29,,,,,15,25,B1,intermediate|advanced,advanced|intermediate,cambridge_15_21_random_intermediate_advanced,4,20,random,,104.203125,787.140625,128.203125,846.5625,2,12,,,,,,,,,,,,2026-08-16T17:54:38.981Z,K8EF3YCB,2026-08-16,2026-08-16,11:54:38,2026-08-16 11:54:38,,,,,,,,697ab12b4591197afc56d253,697ab12b4591197afc56d253,,,,
17036,raw_position_sample,2,3,adv,25,3,3,4,25, assess ,822,123,1544290.5999999642,697ab12b4591197afc56d253,697ab12b4591197afc56d253,advanced,3,697ab12b4591197afc56d253,697ab12b4591197afc56d253,spotlight_PROLIFIC,,31,Mexico,Spanish,N/A,,Spanish:75|English:25,100,Spanish:60|English:40,100,Spanish:90|English:10,100,29,0,Bachelor's,10,10,10,2,3,8,18,30,25,29,,,,,15,25,B1,intermediate|advanced,advanced|intermediate,cambridge_15_21_random_intermediate_advanced,4,20,random,,104.203125,787.140625,128.203125,846.5625,2,12,,,,,,,,,,,,2026-08-16T17:54:38.981Z,K8EF3YCB,2026-08-16,2026-08-16,11:54:38,2026-08-16 11:54:38,,,,,,,,697ab12b4591197afc56d253,697ab12b4591197afc56d253,,,,
17093,raw_position_sample,2,3,adv,25,3,3,4,25, assess ,824,123,1544347.199999988,697ab12b4591197afc56d253,697ab12b4591197afc56d253,advanced,3,697ab12b4591197afc56d253,697ab12b4591197afc56d253,spotlight_PROLIFIC,,31,Mexico,Spanish,N/A,,Spanish:75|English:25,100,Spanish:60|English:40,100,Spanish:90|English:10,100,29,0,Bachelor's,10,10,10,2,3,8,18,30,25,29,,,,,15,25,B1,intermediate|advanced,advanced|intermediate,cambridge_15_21_random_intermediate_advanced,4,20,random,,104.203125,787.140625,128.203125,846.5625,2,12,,,,,,,,,,,,2026-08-16T17:54:38.981Z,K8EF3YCB,2026-08-16,2026-08-16,11:54:38,2026-08-16 11:54:38,,,,,,,,697ab12b4591197afc56d253,697ab12b4591197afc56d253,,,,
17147,raw_position_sample,2,3,adv,25,3,3,4,25, assess ,827,121,1544401.699999988,697ab12b4591197afc56d253,697ab12b4591197afc56d253,advanced,3,697ab12b4591197afc56d253,697ab12b4591197afc56d253,spotlight_PROLIFIC,,31,Mexico,Spanish,N/A,,Spanish:75|English:25,100,Spanish:60|English:40,100,Spanish:90|English:10,100,29,0,Bachelor's,10,10,10,2,3,8,18,30,25,29,,,,,15,25,B1,intermediate|advanced,advanced|intermediate,cambridge_15_21_random_intermediate_advanced,4,20,random,,104.203125,787.140625,128.203125,846.5625,2,12,,,,,,,,,,,,2026-08-16T17:54:38.981Z,K8EF3YCB,2026-08-16,2026-08-16,11:54:38,2026-08-16 11:54:38,,,,,,,,697ab12b4591197afc56d253,697ab12b4591197afc56d253,,,,
17195,raw_position_sample,2,3,adv,25,3,3,4,25, assess ,828,121,1544449.800000012,697ab12b4591197afc56d253,697ab12b4591197afc56d253,advanced,3,697ab12b4591197afc56d253,697ab12b4591197afc56d253,spotlight_PROLIFIC,,31,Mexico,Spanish,N/A,,Spanish:75|English:25,100,Spanish:60|English:40,100,Spanish:90|English:10,100,29,0,Bachelor's,10,10,10,2,3,8,18,30,25,29,,,,,15,25,B1,intermediate|advanced,advanced|intermediate,cambridge_15_21_random_intermediate_advanced,4,20,random,,104.203125,787.140625,128.203125,846.5625,2,12,,,,,,,,,,,,2026-08-16T17:54:38.981Z,K8EF3YCB,2026-08-16,2026-08-16,11:54:38,2026-08-16 11:54:38,,,,,,,,697ab12b4591197afc56d253,697ab12b4591197afc56d253,,,,
17234,raw_position_sample,2,3,adv,25,3,3,4,25, assess ,830,121,1544489.199999988,697ab12b4591197afc56d253,697ab12b4591197afc56d253,advanced,3,697ab12b4591197afc56d253,697ab12b4591197afc56d253,spotlight_PROLIFIC,,31,Mexico,Spanish,N/A,,Spanish:75|English:25,100,Spanish:60|English:40,100,Spanish:90|English:10,100,29,0,Bachelor's,10,10,10,2,3,8,18,30,25,29,,,,,15,25,B1,intermediate|advanced,advanced|intermediate,cambridge_15_21_random_intermediate_advanced,4,20,random,,104.203125,787.140625,128.203125,846.5625,2,12,,,,,,,,,,,,2026-08-16T17:54:38.981Z,K8EF3YCB,2026-08-16,2026-08-16,11:54:38,2026-08-16 11:54:38,,,,,,,,697ab12b4591197afc56d253,697ab12b4591197afc56d253,,,,
17286,raw_position_sample,2,3,adv,25,3,3,4,25, assess ,838,121,1544540.5,697ab12b4591197afc56d253,697ab12b4591197afc56d253,advanced,3,697ab12b4591197afc56d253,697ab12b4591197afc56d253,spotlight_PROLIFIC,,31,Mexico,Spanish,N/A,,Spanish:75|English:25,100,Spanish:60|English:40,100,Spanish:90|English:10,100,29,0,Bachelor's,10,10,10,2,3,8,18,30,25,29,,,,,15,25,B1,intermediate|advanced,advanced|intermediate,cambridge_15_21_random_intermediate_advanced,4,20,random,,104.203125,787.140625,128.203125,846.5625,2,12,,,,,,,,,,,,2026-08-16T17:54:38.981Z,K8EF3YCB,2026-08-16,2026-08-16,11:54:38,2026-08-16 11:54:38,,,,,,,,697ab12b4591197afc56d253,697ab12b4591197afc56d253,,,,
17314,hover_association,2,3,adv,25,3,3,4,25, assess ,789,124,,697ab12b4591197afc56d253,697ab12b4591197afc56d253,advanced,3,697ab12b4591197afc56d253,697ab12b4591197afc56d253,spotlight_PROLIFIC,,31,Mexico,Spanish,N/A,,Spanish:75|English:25,100,Spanish:60|English:40,100,Spanish:90|English:10,100,29,0,Bachelor's,10,10,10,2,3,8,18,30,25,29,,,,,15,25,B1,intermediate|advanced,advanced|intermediate,cambridge_15_21_random_intermediate_advanced,4,20,random,,96.203125,787.140625,136.203125,846.5625,2,12,hover,400,400,0.9905337891138575,0.619921875,106,,,,,,2026-08-16T17:54:38.981Z,K8EF3YCB,2026-08-16,2026-08-16,11:54:38,2026-08-16 11:54:38,,,,,,,,697ab12b4591197afc56d253,697ab12b4591197afc56d253,,,,
17334,raw_position_sample,2,3,adv,25,3,3,4,26, the ,857,121,1544588.699999988,697ab12b4591197afc56d253,697ab12b4591197afc56d253,advanced,3,697ab12b4591197afc56d253,697ab12b4591197afc56d253,spotlight_PROLIFIC,,31,Mexico,Spanish,N/A,,Spanish:75|English:25,100,Spanish:60|English:40,100,Spanish:90|English:10,100,29,0,Bachelor's,10,10,10,2,3,8,18,30,25,29,,,,,15,25,B1,intermediate|advanced,advanced|intermediate,cambridge_15_21_random_intermediate_advanced,4,20,random,,104.203125,846.5625,128.203125,879.03125,2,13,,,,,,,,,,,,2026-08-16T17:54:38.981Z,K8EF3YCB,2026-08-16,2026-08-16,11:54:38,2026-08-16 11:54:38,,,,,,,,697ab12b4591197afc56d253,697ab12b4591197afc56d253,,,,
17386,raw_position_sample,2,3,adv,25,3,3,4,26, the ,873,121,1544640.5,697ab12b4591197afc56d253,697ab12b4591197afc56d253,advanced,3,697ab12b4591197afc56d253,697ab12b4591197afc56d253,spotlight_PROLIFIC,,31,Mexico,Spanish,N/A,,Spanish:75|English:25,100,Spanish:60|English:40,100,Spanish:90|English:10,100,29,0,Bachelor's,10,10,10,2,3,8,18,30,25,29,,,,,15,25,B1,intermediate|advanced,advanced|intermediate,cambridge_15_21_random_intermediate_advanced,4,20,random,,104.203125,846.5625,128.203125,879.03125,2,13,,,,,,,,,,,,2026-08-16T17:54:38.981Z,K8EF3YCB,2026-08-16,2026-08-16,11:54:38,2026-08-16 11:54:38,,,,,,,,697ab12b4591197afc56d253,697ab12b4591197afc56d253,,,,
17397,hover_association,2,3,adv,25,3,3,4,26, the ,851,121,,697ab12b4591197afc56d253,697ab12b4591197afc56d253,advanced,3,697ab12b4591197afc56d253,697ab12b4591197afc56d253,spotlight_PROLIFIC,,31,Mexico,Spanish,N/A,,Spanish:75|English:25,100,Spanish:60|English:40,100,Spanish:90|English:10,100,29,0,Bachelor's,10,10,10,2,3,8,18,30,25,29,,,,,15,25,B1,intermediate|advanced,advanced|intermediate,cambridge_15_21_random_intermediate_advanced,4,20,random,,96.203125,846.5625,136.203125,879.03125,2,13,hover,83.19999998807907,83.19999998807907,0.8142444658325313,0.619921875,106,,,,,,2026-08-16T17:54:38.981Z,K8EF3YCB,2026-08-16,2026-08-16,11:54:38,2026-08-16 11:54:38,,,,,,,,697ab12b4591197afc56d253,697ab12b4591197afc56d253,,,,
17434,raw_position_sample,2,3,adv,25,3,3,4,27, service ,895,121,1544688.8999999762,697ab12b4591197afc56d253,697ab12b4591197afc56d253,advanced,3,697ab12b4591197afc56d253,697ab12b4591197afc56d253,spotlight_PROLIFIC,,31,Mexico,Spanish,N/A,,Spanish:75|English:25,100,Spanish:60|English:40,100,Spanish:90|English:10,100,29,0,Bachelor's,10,10,10,2,3,8,18,30,25,29,,,,,15,25,B1,intermediate|advanced,advanced|intermediate,cambridge_15_21_random_intermediate_advanced,4,20,random,,104.203125,879.03125,128.203125,942.5,2,14,,,,,,,,,,,,2026-08-16T17:54:38.981Z,K8EF3YCB,2026-08-16,2026-08-16,11:54:38,2026-08-16 11:54:38,,,,,,,,697ab12b4591197afc56d253,697ab12b4591197afc56d253,,,,
17485,raw_position_sample,2,3,adv,25,3,3,4,27, service ,907,121,1544739.699999988,697ab12b4591197afc56d253,697ab12b4591197afc56d253,advanced,3,697ab12b4591197afc56d253,697ab12b4591197afc56d253,spotlight_PROLIFIC,,31,Mexico,Spanish,N/A,,Spanish:75|English:25,100,Spanish:60|English:40,100,Spanish:90|English:10,100,29,0,Bachelor's,10,10,10,2,3,8,18,30,25,29,,,,,15,25,B1,intermediate|advanced,advanced|intermediate,cambridge_15_21_random_intermediate_advanced,4,20,random,,104.203125,879.03125,128.203125,942.5,2,14,,,,,,,,,,,,2026-08-16T17:54:38.981Z,K8EF3YCB,2026-08-16,2026-08-16,11:54:38,2026-08-16 11:54:38,,,,,,,,697ab12b4591197afc56d253,697ab12b4591197afc56d253,,,,
17535,raw_position_sample,2,3,adv,25,3,3,4,27, service ,917,121,1544789.300000012,697ab12b4591197afc56d253,697ab12b4591197afc56d253,advanced,3,697ab12b4591197afc56d253,697ab12b4591197afc56d253,spotlight_PROLIFIC,,31,Mexico,Spanish,N/A,,Spanish:75|English:25,100,Spanish:60|English:40,100,Spanish:90|English:10,100,29,0,Bachelor's,10,10,10,2,3,8,18,30,25,29,,,,,15,25,B1,intermediate|advanced,advanced|intermediate,cambridge_15_21_random_intermediate_advanced,4,20,random,,104.203125,879.03125,128.203125,942.5,2,14,,,,,,,,,,,,2026-08-16T17:54:38.981Z,K8EF3YCB,2026-08-16,2026-08-16,11:54:38,2026-08-16 11:54:38,,,,,,,,697ab12b4591197afc56d253,697ab12b4591197afc56d253,,,,
17585,raw_position_sample,2,3,adv,25,3,3,4,27, service ,926,121,1544839.699999988,697ab12b4591197afc56d253,697ab12b4591197afc56d253,advanced,3,697ab12b4591197afc56d253,697ab12b4591197afc56d253,spotlight_PROLIFIC,,31,Mexico,Spanish,N/A,,Spanish:75|English:25,100,Spanish:60|English:40,100,Spanish:90|English:10,100,29,0,Bachelor's,10,10,10,2,3,8,18,30,25,29,,,,,15,25,B1,intermediate|advanced,advanced|intermediate,cambridge_15_21_random_intermediate_advanced,4,20,random,,104.203125,879.03125,128.203125,942.5,2,14,,,,,,,,,,,,2026-08-16T17:54:38.981Z,K8EF3YCB,2026-08-16,2026-08-16,11:54:38,2026-08-16 11:54:38,,,,,,,,697ab12b4591197afc56d253,697ab12b4591197afc56d253,,,,
17645,raw_position_sample,2,3,adv,25,3,3,4,27, service ,927,121,1544899.800000012,697ab12b4591197afc56d253,697ab12b4591197afc56d253,advanced,3,697ab12b4591197afc56d253,697ab12b4591197afc56d253,spotlight_PROLIFIC,,31,Mexico,Spanish,N/A,,Spanish:75|English:25,100,Spanish:60|English:40,100,Spanish:90|English:10,100,29,0,Bachelor's,10,10,10,2,3,8,18,30,25,29,,,,,15,25,B1,intermediate|advanced,advanced|intermediate,cambridge_15_21_random_intermediate_advanced,4,20,random,,104.203125,879.03125,128.203125,942.5,2,14,,,,,,,,,,,,2026-08-16T17:54:38.981Z,K8EF3YCB,2026-08-16,2026-08-16,11:54:38,2026-08-16 11:54:38,,,,,,,,697ab12b4591197afc56d253,697ab12b4591197afc56d253,,,,
17696,raw_position_sample,2,3,adv,25,3,3,4,27, service ,927,121,1544950.8999999762,697ab12b4591197afc56d253,697ab12b4591197afc56d253,advanced,3,697ab12b4591197afc56d253,697ab12b4591197afc56d253,spotlight_PROLIFIC,,31,Mexico,Spanish,N/A,,Spanish:75|English:25,100,Spanish:60|English:40,100,Spanish:90|English:10,100,29,0,Bachelor's,10,10,10,2,3,8,18,30,25,29,,,,,15,25,B1,intermediate|advanced,advanced|intermediate,cambridge_15_21_random_intermediate_advanced,4,20,random,,104.203125,879.03125,128.203125,942.5,2,14,,,,,,,,,,,,2026-08-16T17:54:38.981Z,K8EF3YCB,2026-08-16,2026-08-16,11:54:38,2026-08-16 11:54:38,,,,,,,,697ab12b4591197afc56d253,697ab12b4591197afc56d253,,,,
17745,raw_position_sample,2,3,adv,25,3,3,4,27, service ,927,121,1544999.8999999762,697ab12b4591197afc56d253,697ab12b4591197afc56d253,advanced,3,697ab12b4591197afc56d253,697ab12b4591197afc56d253,spotlight_PROLIFIC,,31,Mexico,Spanish,N/A,,Spanish:75|English:25,100,Spanish:60|English:40,100,Spanish:90|English:10,100,29,0,Bachelor's,10,10,10,2,3,8,18,30,25,29,,,,,15,25,B1,intermediate|advanced,advanced|intermediate,cambridge_15_21_random_intermediate_advanced,4,20,random,,104.203125,879.03125,128.203125,942.5,2,14,,,,,,,,,,,,2026-08-16T17:54:38.981Z,K8EF3YCB,2026-08-16,2026-08-16,11:54:38,2026-08-16 11:54:38,,,,,,,,697ab12b4591197afc56d253,697ab12b4591197afc56d253,,,,
17785,raw_position_sample,2,3,adv,25,3,3,4,27, service ,929,121,1545039.699999988,697ab12b4591197afc56d253,697ab12b4591197afc56d253,advanced,3,697ab12b4591197afc56d253,697ab12b4591197afc56d253,spotlight_PROLIFIC,,31,Mexico,Spanish,N/A,,Spanish:75|English:25,100,Spanish:60|English:40,100,Spanish:90|English:10,100,29,0,Bachelor's,10,10,10,2,3,8,18,30,25,29,,,,,15,25,B1,intermediate|advanced,advanced|intermediate,cambridge_15_21_random_intermediate_advanced,4,20,random,,104.203125,879.03125,128.203125,942.5,2,14,,,,,,,,,,,,2026-08-16T17:54:38.981Z,K8EF3YCB,2026-08-16,2026-08-16,11:54:38,2026-08-16 11:54:38,,,,,,,,697ab12b4591197afc56d253,697ab12b4591197afc56d253,,,,
17846,raw_position_sample,2,3,adv,25,3,3,4,27, service ,931,121,1545101,697ab12b4591197afc56d253,697ab12b4591197afc56d253,advanced,3,697ab12b4591197afc56d253,697ab12b4591197afc56d253,spotlight_PROLIFIC,,31,Mexico,Spanish,N/A,,Spanish:75|English:25,100,Spanish:60|English:40,100,Spanish:90|English:10,100,29,0,Bachelor's,10,10,10,2,3,8,18,30,25,29,,,,,15,25,B1,intermediate|advanced,advanced|intermediate,cambridge_15_21_random_intermediate_advanced,4,20,random,,104.203125,879.03125,128.203125,942.5,2,14,,,,,,,,,,,,2026-08-16T17:54:38.981Z,K8EF3YCB,2026-08-16,2026-08-16,11:54:38,2026-08-16 11:54:38,,,,,,,,697ab12b4591197afc56d253,697ab12b4591197afc56d253,,,,
17885,raw_position_sample,2,3,adv,25,3,3,4,27, service ,920,121,1545139.800000012,697ab12b4591197afc56d253,697ab12b4591197afc56d253,advanced,3,697ab12b4591197afc56d253,697ab12b4591197afc56d253,spotlight_PROLIFIC,,31,Mexico,Spanish,N/A,,Spanish:75|English:25,100,Spanish:60|English:40,100,Spanish:90|English:10,100,29,0,Bachelor's,10,10,10,2,3,8,18,30,25,29,,,,,15,25,B1,intermediate|advanced,advanced|intermediate,cambridge_15_21_random_intermediate_advanced,4,20,random,,104.203125,879.03125,128.203125,942.5,2,14,,,,,,,,,,,,2026-08-16T17:54:38.981Z,K8EF3YCB,2026-08-16,2026-08-16,11:54:38,2026-08-16 11:54:38,,,,,,,,697ab12b4591197afc56d253,697ab12b4591197afc56d253,,,,
17913,hover_association,2,3,adv,25,3,3,4,27, service ,882,121,,697ab12b4591197afc56d253,697ab12b4591197afc56d253,advanced,3,697ab12b4591197afc56d253,697ab12b4591197afc56d253,spotlight_PROLIFIC,,31,Mexico,Spanish,N/A,,Spanish:75|English:25,100,Spanish:60|English:40,100,Spanish:90|English:10,100,29,0,Bachelor's,10,10,10,2,3,8,18,30,25,29,,,,,15,25,B1,intermediate|advanced,advanced|intermediate,cambridge_15_21_random_intermediate_advanced,4,20,random,,96.203125,879.03125,136.203125,942.5,2,14,hover,516.6000000238419,516.6000000238419,0.2516001969473166,0.644921875,106,,,,,,2026-08-16T17:54:38.981Z,K8EF3YCB,2026-08-16,2026-08-16,11:54:38,2026-08-16 11:54:38,,,,,,,,697ab12b4591197afc56d253,697ab12b4591197afc56d253,,,,
17930,hover_association,2,3,adv,25,3,3,4,26, the ,859,122,,697ab12b4591197afc56d253,697ab12b4591197afc56d253,advanced,3,697ab12b4591197afc56d253,697ab12b4591197afc56d253,spotlight_PROLIFIC,,31,Mexico,Spanish,N/A,,Spanish:75|English:25,100,Spanish:60|English:40,100,Spanish:90|English:10,100,29,0,Bachelor's,10,10,10,2,3,8,18,30,25,29,,,,,15,25,B1,intermediate|advanced,advanced|intermediate,cambridge_15_21_random_intermediate_advanced,4,20,random,,96.203125,846.5625,136.203125,879.03125,2,13,hover,16.69999998807907,16.69999998807907,0.383060635226179,0.644921875,106,,,,,,2026-08-16T17:54:38.981Z,K8EF3YCB,2026-08-16,2026-08-16,11:54:38,2026-08-16 11:54:38,,,,,,,,697ab12b4591197afc56d253,697ab12b4591197afc56d253,,,,
17934,raw_position_sample,2,3,adv,25,3,3,4,25, assess ,812,122,1545189,697ab12b4591197afc56d253,697ab12b4591197afc56d253,advanced,3,697ab12b4591197afc56d253,697ab12b4591197afc56d253,spotlight_PROLIFIC,,31,Mexico,Spanish,N/A,,Spanish:75|English:25,100,Spanish:60|English:40,100,Spanish:90|English:10,100,29,0,Bachelor's,10,10,10,2,3,8,18,30,25,29,,,,,15,25,B1,intermediate|advanced,advanced|intermediate,cambridge_15_21_random_intermediate_advanced,4,20,random,,104.203125,787.140625,128.203125,846.5625,2,12,,,,,,,,,,,,2026-08-16T17:54:38.981Z,K8EF3YCB,2026-08-16,2026-08-16,11:54:38,2026-08-16 11:54:38,,,,,,,,697ab12b4591197afc56d253,697ab12b4591197afc56d253,,,,
17947,hover_association,2,3,adv,25,3,3,4,25, assess ,812,122,,697ab12b4591197afc56d253,697ab12b4591197afc56d253,advanced,3,697ab12b4591197afc56d253,697ab12b4591197afc56d253,spotlight_PROLIFIC,,31,Mexico,Spanish,N/A,,Spanish:75|English:25,100,Spanish:60|English:40,100,Spanish:90|English:10,100,29,0,Bachelor's,10,10,10,2,3,8,18,30,25,29,,,,,15,25,B1,intermediate|advanced,advanced|intermediate,cambridge_15_21_random_intermediate_advanced,4,20,random,,96.203125,787.140625,136.203125,846.5625,2,12,hover,16.600000023841858,16.600000023841858,0.4183539311070208,0.644921875,106,,,,,,2026-08-16T17:54:38.981Z,K8EF3YCB,2026-08-16,2026-08-16,11:54:38,2026-08-16 11:54:38,,,,,,,,697ab12b4591197afc56d253,697ab12b4591197afc56d253,,,,
17964,hover_association,2,3,adv,25,3,3,4,23," store, ",762,122,,697ab12b4591197afc56d253,697ab12b4591197afc56d253,advanced,3,697ab12b4591197afc56d253,697ab12b4591197afc56d253,spotlight_PROLIFIC,,31,Mexico,Spanish,N/A,,Spanish:75|English:25,100,Spanish:60|English:40,100,Spanish:90|English:10,100,29,0,Bachelor's,10,10,10,2,3,8,18,30,25,29,,,,,15,25,B1,intermediate|advanced,advanced|intermediate,cambridge_15_21_random_intermediate_advanced,4,20,random,,96.203125,712.3125,136.203125,765.0625,2,10,hover,16.799999952316284,16.799999952316284,0.9419431279620853,0.644921875,106,,,,,,2026-08-16T17:54:38.981Z,K8EF3YCB,2026-08-16,2026-08-16,11:54:38,2026-08-16 11:54:38,,,,,,,,697ab12b4591197afc56d253,697ab12b4591197afc56d253,,,,
17985,raw_position_sample,2,3,adv,25,3,3,4,22, each ,670,122,1545239.699999988,697ab12b4591197afc56d253,697ab12b4591197afc56d253,advanced,3,697ab12b4591197afc56d253,697ab12b4591197afc56d253,spotlight_PROLIFIC,,31,Mexico,Spanish,N/A,,Spanish:75|English:25,100,Spanish:60|English:40,100,Spanish:90|English:10,100,29,0,Bachelor's,10,10,10,2,3,8,18,30,25,29,,,,,15,25,B1,intermediate|advanced,advanced|intermediate,cambridge_15_21_random_intermediate_advanced,4,20,random,,104.203125,667.609375,128.203125,712.3125,2,9,,,,,,,,,,,,2026-08-16T17:54:38.981Z,K8EF3YCB,2026-08-16,2026-08-16,11:54:38,2026-08-16 11:54:38,,,,,,,,697ab12b4591197afc56d253,697ab12b4591197afc56d253,,,,
17997,hover_association,2,3,adv,25,3,3,4,22, each ,712,122,,697ab12b4591197afc56d253,697ab12b4591197afc56d253,advanced,3,697ab12b4591197afc56d253,697ab12b4591197afc56d253,spotlight_PROLIFIC,,31,Mexico,Spanish,N/A,,Spanish:75|English:25,100,Spanish:60|English:40,100,Spanish:90|English:10,100,29,0,Bachelor's,10,10,10,2,3,8,18,30,25,29,,,,,15,25,B1,intermediate|advanced,advanced|intermediate,cambridge_15_21_random_intermediate_advanced,4,20,random,,96.203125,667.609375,136.203125,712.3125,2,9,hover,33.200000047683716,33.200000047683716,0.05347780496329955,0.644921875,106,,,,,,2026-08-16T17:54:38.981Z,K8EF3YCB,2026-08-16,2026-08-16,11:54:38,2026-08-16 11:54:38,,,,,,,,697ab12b4591197afc56d253,697ab12b4591197afc56d253,,,,
18034,raw_position_sample,2,3,adv,25,3,3,4,20, spend ,604,115,1545289.0999999642,697ab12b4591197afc56d253,697ab12b4591197afc56d253,advanced,3,697ab12b4591197afc56d253,697ab12b4591197afc56d253,spotlight_PROLIFIC,,31,Mexico,Spanish,N/A,,Spanish:75|English:25,100,Spanish:60|English:40,100,Spanish:90|English:10,100,29,0,Bachelor's,10,10,10,2,3,8,18,30,25,29,,,,,15,25,B1,intermediate|advanced,advanced|intermediate,cambridge_15_21_random_intermediate_advanced,4,20,random,,104.203125,589.609375,128.203125,646.328125,2,7,,,,,,,,,,,,2026-08-16T17:54:38.981Z,K8EF3YCB,2026-08-16,2026-08-16,11:54:38,2026-08-16 11:54:38,,,,,,,,697ab12b4591197afc56d253,697ab12b4591197afc56d253,,,,
18063,hover_association,2,3,adv,25,3,3,4,20, spend ,635,118,,697ab12b4591197afc56d253,697ab12b4591197afc56d253,advanced,3,697ab12b4591197afc56d253,697ab12b4591197afc56d253,spotlight_PROLIFIC,,31,Mexico,Spanish,N/A,,Spanish:75|English:25,100,Spanish:60|English:40,100,Spanish:90|English:10,100,29,0,Bachelor's,10,10,10,2,3,8,18,30,25,29,,,,,15,25,B1,intermediate|advanced,advanced|intermediate,cambridge_15_21_random_intermediate_advanced,4,20,random,,96.203125,589.609375,136.203125,646.328125,2,7,hover,66.69999998807907,66.69999998807907,0.07741046831955922,0.469921875,106,,,,,,2026-08-16T17:54:38.981Z,K8EF3YCB,2026-08-16,2026-08-16,11:54:38,2026-08-16 11:54:38,,,,,,,,697ab12b4591197afc56d253,697ab12b4591197afc56d253,,,,
18087,raw_position_sample,2,3,adv,25,3,3,4,19, to ,583,115,1545341.3999999762,697ab12b4591197afc56d253,697ab12b4591197afc56d253,advanced,3,697ab12b4591197afc56d253,697ab12b4591197afc56d253,spotlight_PROLIFIC,,31,Mexico,Spanish,N/A,,Spanish:75|English:25,100,Spanish:60|English:40,100,Spanish:90|English:10,100,29,0,Bachelor's,10,10,10,2,3,8,18,30,25,29,,,,,15,25,B1,intermediate|advanced,advanced|intermediate,cambridge_15_21_random_intermediate_advanced,4,20,random,,104.203125,567.53125,128.203125,589.609375,2,6,,,,,,,,,,,,2026-08-16T17:54:38.981Z,K8EF3YCB,2026-08-16,2026-08-16,11:54:38,2026-08-16 11:54:38,,,,,,,,697ab12b4591197afc56d253,697ab12b4591197afc56d253,,,,
18113,hover_association,2,3,adv,25,3,3,4,19, to ,589,115,,697ab12b4591197afc56d253,697ab12b4591197afc56d253,advanced,3,697ab12b4591197afc56d253,697ab12b4591197afc56d253,spotlight_PROLIFIC,,31,Mexico,Spanish,N/A,,Spanish:75|English:25,100,Spanish:60|English:40,100,Spanish:90|English:10,100,29,0,Bachelor's,10,10,10,2,3,8,18,30,25,29,,,,,15,25,B1,intermediate|advanced,advanced|intermediate,cambridge_15_21_random_intermediate_advanced,4,20,random,,96.203125,567.53125,136.203125,589.609375,2,6,hover,50,50,0.2929936305732484,0.494921875,106,,,,,,2026-08-16T17:54:38.981Z,K8EF3YCB,2026-08-16,2026-08-16,11:54:38,2026-08-16 11:54:38,,,,,,,,697ab12b4591197afc56d253,697ab12b4591197afc56d253,,,,
18135,raw_position_sample,2,3,adv,25,3,3,4,18, £20 ,539,124,1545389.5,697ab12b4591197afc56d253,697ab12b4591197afc56d253,advanced,3,697ab12b4591197afc56d253,697ab12b4591197afc56d253,spotlight_PROLIFIC,,31,Mexico,Spanish,N/A,,Spanish:75|English:25,100,Spanish:60|English:40,100,Spanish:90|English:10,100,29,0,Bachelor's,10,10,10,2,3,8,18,30,25,29,,,,,15,25,B1,intermediate|advanced,advanced|intermediate,cambridge_15_21_random_intermediate_advanced,4,20,random,,104.203125,531.953125,128.203125,567.53125,2,5,,,,,,,,,,,,2026-08-16T17:54:38.981Z,K8EF3YCB,2026-08-16,2026-08-16,11:54:38,2026-08-16 11:54:38,,,,,,,,697ab12b4591197afc56d253,697ab12b4591197afc56d253,,,,
18147,hover_association,2,3,adv,25,3,3,4,18, £20 ,558,119,,697ab12b4591197afc56d253,697ab12b4591197afc56d253,advanced,3,697ab12b4591197afc56d253,697ab12b4591197afc56d253,spotlight_PROLIFIC,,31,Mexico,Spanish,N/A,,Spanish:75|English:25,100,Spanish:60|English:40,100,Spanish:90|English:10,100,29,0,Bachelor's,10,10,10,2,3,8,18,30,25,29,,,,,15,25,B1,intermediate|advanced,advanced|intermediate,cambridge_15_21_random_intermediate_advanced,4,20,random,,96.203125,531.953125,136.203125,567.53125,2,5,hover,33.30000001192093,33.30000001192093,0.19806763285024154,0.694921875,106,,,,,,2026-08-16T17:54:38.981Z,K8EF3YCB,2026-08-16,2026-08-16,11:54:38,2026-08-16 11:54:38,,,,,,,,697ab12b4591197afc56d253,697ab12b4591197afc56d253,,,,
18180,hover_association,2,3,adv,25,3,3,4,17, and ,516,130,,697ab12b4591197afc56d253,697ab12b4591197afc56d253,advanced,3,697ab12b4591197afc56d253,697ab12b4591197afc56d253,spotlight_PROLIFIC,,31,Mexico,Spanish,N/A,,Spanish:75|English:25,100,Spanish:60|English:40,100,Spanish:90|English:10,100,29,0,Bachelor's,10,10,10,2,3,8,18,30,25,29,,,,,15,25,B1,intermediate|advanced,advanced|intermediate,cambridge_15_21_random_intermediate_advanced,4,20,random,,96.203125,494.96875,136.203125,531.953125,2,4,hover,33.5,33.5,0.05492184199408534,0.944921875,106,,,,,,2026-08-16T17:54:38.981Z,K8EF3YCB,2026-08-16,2026-08-16,11:54:38,2026-08-16 11:54:38,,,,,,,,697ab12b4591197afc56d253,697ab12b4591197afc56d253,,,,
18185,raw_position_sample,2,3,adv,25,3,3,4,32," counter,” ",479,138,1545439.5,697ab12b4591197afc56d253,697ab12b4591197afc56d253,advanced,3,697ab12b4591197afc56d253,697ab12b4591197afc56d253,spotlight_PROLIFIC,,31,Mexico,Spanish,N/A,,Spanish:75|English:25,100,Spanish:60|English:40,100,Spanish:90|English:10,100,29,0,Bachelor's,10,10,10,2,3,8,18,30,25,29,,,,,15,25,B1,intermediate|advanced,advanced|intermediate,cambridge_15_21_random_intermediate_advanced,4,20,random,,144.203125,459.265625,168.203125,538.21875,3,4,,,,,,,,,,,,2026-08-16T17:54:38.981Z,K8EF3YCB,2026-08-16,2026-08-16,11:54:38,2026-08-16 11:54:38,,,,,,,,697ab12b4591197afc56d253,697ab12b4591197afc56d253,,,,
18197,hover_association,2,3,adv,25,3,3,4,32," counter,” ",479,138,,697ab12b4591197afc56d253,697ab12b4591197afc56d253,advanced,3,697ab12b4591197afc56d253,697ab12b4591197afc56d253,spotlight_PROLIFIC,,31,Mexico,Spanish,N/A,,Spanish:75|English:25,100,Spanish:60|English:40,100,Spanish:90|English:10,100,29,0,Bachelor's,10,10,10,2,3,8,18,30,25,29,,,,,15,25,B1,intermediate|advanced,advanced|intermediate,cambridge_15_21_random_intermediate_advanced,4,20,random,,136.203125,459.265625,176.203125,538.21875,3,4,hover,16.599999964237213,16.599999964237213,0.2499505244409262,0.044921875,106,,,,,,2026-08-16T17:54:38.981Z,K8EF3YCB,2026-08-16,2026-08-16,11:54:38,2026-08-16 11:54:38,,,,,,,,697ab12b4591197afc56d253,697ab12b4591197afc56d253,,,,
18230,hover_association,2,3,adv,25,3,3,4,31, the ,457,144,,697ab12b4591197afc56d253,697ab12b4591197afc56d253,advanced,3,697ab12b4591197afc56d253,697ab12b4591197afc56d253,spotlight_PROLIFIC,,31,Mexico,Spanish,N/A,,Spanish:75|English:25,100,Spanish:60|English:40,100,Spanish:90|English:10,100,29,0,Bachelor's,10,10,10,2,3,8,18,30,25,29,,,,,15,25,B1,intermediate|advanced,advanced|intermediate,cambridge_15_21_random_intermediate_advanced,4,20,random,,136.203125,426.796875,176.203125,459.265625,3,3,hover,33.30000001192093,33.30000001192093,0.3142444658325313,0.294921875,106,,,,,,2026-08-16T17:54:38.981Z,K8EF3YCB,2026-08-16,2026-08-16,11:54:38,2026-08-16 11:54:38,,,,,,,,697ab12b4591197afc56d253,697ab12b4591197afc56d253,,,,
18234,raw_position_sample,2,3,adv,25,3,3,4,30, at ,418,153,1545488.800000012,697ab12b4591197afc56d253,697ab12b4591197afc56d253,advanced,3,697ab12b4591197afc56d253,697ab12b4591197afc56d253,spotlight_PROLIFIC,,31,Mexico,Spanish,N/A,,Spanish:75|English:25,100,Spanish:60|English:40,100,Spanish:90|English:10,100,29,0,Bachelor's,10,10,10,2,3,8,18,30,25,29,,,,,15,25,B1,intermediate|advanced,advanced|intermediate,cambridge_15_21_random_intermediate_advanced,4,20,random,,144.203125,405.515625,168.203125,426.796875,3,2,,,,,,,,,,,,2026-08-16T17:54:38.981Z,K8EF3YCB,2026-08-16,2026-08-16,11:54:38,2026-08-16 11:54:38,,,,,,,,697ab12b4591197afc56d253,697ab12b4591197afc56d253,,,,
18263,hover_association,2,3,adv,25,3,3,4,30, at ,418,153,,697ab12b4591197afc56d253,697ab12b4591197afc56d253,advanced,3,697ab12b4591197afc56d253,697ab12b4591197afc56d253,spotlight_PROLIFIC,,31,Mexico,Spanish,N/A,,Spanish:75|English:25,100,Spanish:60|English:40,100,Spanish:90|English:10,100,29,0,Bachelor's,10,10,10,2,3,8,18,30,25,29,,,,,15,25,B1,intermediate|advanced,advanced|intermediate,cambridge_15_21_random_intermediate_advanced,4,20,random,,136.203125,405.515625,176.203125,426.796875,3,2,hover,33.30000001192093,33.30000001192093,0.02276064610866373,0.519921875,106,,,,,,2026-08-16T17:54:38.981Z,K8EF3YCB,2026-08-16,2026-08-16,11:54:38,2026-08-16 11:54:38,,,,,,,,697ab12b4591197afc56d253,697ab12b4591197afc56d253,,,,
18285,raw_position_sample,2,3,adv,25,3,3,4,29, receive ,388,162,1545539.5,697ab12b4591197afc56d253,697ab12b4591197afc56d253,advanced,3,697ab12b4591197afc56d253,697ab12b4591197afc56d253,spotlight_PROLIFIC,,31,Mexico,Spanish,N/A,,Spanish:75|English:25,100,Spanish:60|English:40,100,Spanish:90|English:10,100,29,0,Bachelor's,10,10,10,2,3,8,18,30,25,29,,,,,15,25,B1,intermediate|advanced,advanced|intermediate,cambridge_15_21_random_intermediate_advanced,4,20,random,,144.203125,340.875,168.203125,405.515625,3,1,,,,,,,,,,,,2026-08-16T17:54:38.981Z,K8EF3YCB,2026-08-16,2026-08-16,11:54:38,2026-08-16 11:54:38,,,,,,,,697ab12b4591197afc56d253,697ab12b4591197afc56d253,,,,
18336,raw_position_sample,2,3,adv,25,3,3,4,29, receive ,375,166,1545590.5,697ab12b4591197afc56d253,697ab12b4591197afc56d253,advanced,3,697ab12b4591197afc56d253,697ab12b4591197afc56d253,spotlight_PROLIFIC,,31,Mexico,Spanish,N/A,,Spanish:75|English:25,100,Spanish:60|English:40,100,Spanish:90|English:10,100,29,0,Bachelor's,10,10,10,2,3,8,18,30,25,29,,,,,15,25,B1,intermediate|advanced,advanced|intermediate,cambridge_15_21_random_intermediate_advanced,4,20,random,,144.203125,340.875,168.203125,405.515625,3,1,,,,,,,,,,,,2026-08-16T17:54:38.981Z,K8EF3YCB,2026-08-16,2026-08-16,11:54:38,2026-08-16 11:54:38,,,,,,,,697ab12b4591197afc56d253,697ab12b4591197afc56d253,,,,
18395,raw_position_sample,2,3,adv,25,3,3,4,29, receive ,375,166,1545649.8999999762,697ab12b4591197afc56d253,697ab12b4591197afc56d253,advanced,3,697ab12b4591197afc56d253,697ab12b4591197afc56d253,spotlight_PROLIFIC,,31,Mexico,Spanish,N/A,,Spanish:75|English:25,100,Spanish:60|English:40,100,Spanish:90|English:10,100,29,0,Bachelor's,10,10,10,2,3,8,18,30,25,29,,,,,15,25,B1,intermediate|advanced,advanced|intermediate,cambridge_15_21_random_intermediate_advanced,4,20,random,,144.203125,340.875,168.203125,405.515625,3,1,,,,,,,,,,,,2026-08-16T17:54:38.981Z,K8EF3YCB,2026-08-16,2026-08-16,11:54:38,2026-08-16 11:54:38,,,,,,,,697ab12b4591197afc56d253,697ab12b4591197afc56d253,,,,
18445,raw_position_sample,2,3,adv,25,3,3,4,29, receive ,375,166,1545699.800000012,697ab12b4591197afc56d253,697ab12b4591197afc56d253,advanced,3,697ab12b4591197afc56d253,697ab12b4591197afc56d253,spotlight_PROLIFIC,,31,Mexico,Spanish,N/A,,Spanish:75|English:25,100,Spanish:60|English:40,100,Spanish:90|English:10,100,29,0,Bachelor's,10,10,10,2,3,8,18,30,25,29,,,,,15,25,B1,intermediate|advanced,advanced|intermediate,cambridge_15_21_random_intermediate_advanced,4,20,random,,144.203125,340.875,168.203125,405.515625,3,1,,,,,,,,,,,,2026-08-16T17:54:38.981Z,K8EF3YCB,2026-08-16,2026-08-16,11:54:38,2026-08-16 11:54:38,,,,,,,,697ab12b4591197afc56d253,697ab12b4591197afc56d253,,,,
18494,raw_position_sample,2,3,adv,25,3,3,4,29, receive ,375,166,1545748.699999988,697ab12b4591197afc56d253,697ab12b4591197afc56d253,advanced,3,697ab12b4591197afc56d253,697ab12b4591197afc56d253,spotlight_PROLIFIC,,31,Mexico,Spanish,N/A,,Spanish:75|English:25,100,Spanish:60|English:40,100,Spanish:90|English:10,100,29,0,Bachelor's,10,10,10,2,3,8,18,30,25,29,,,,,15,25,B1,intermediate|advanced,advanced|intermediate,cambridge_15_21_random_intermediate_advanced,4,20,random,,144.203125,340.875,168.203125,405.515625,3,1,,,,,,,,,,,,2026-08-16T17:54:38.981Z,K8EF3YCB,2026-08-16,2026-08-16,11:54:38,2026-08-16 11:54:38,,,,,,,,697ab12b4591197afc56d253,697ab12b4591197afc56d253,,,,
18538,raw_position_sample,2,3,adv,25,3,3,4,29, receive ,374,166,1545793,697ab12b4591197afc56d253,697ab12b4591197afc56d253,advanced,3,697ab12b4591197afc56d253,697ab12b4591197afc56d253,spotlight_PROLIFIC,,31,Mexico,Spanish,N/A,,Spanish:75|English:25,100,Spanish:60|English:40,100,Spanish:90|English:10,100,29,0,Bachelor's,10,10,10,2,3,8,18,30,25,29,,,,,15,25,B1,intermediate|advanced,advanced|intermediate,cambridge_15_21_random_intermediate_advanced,4,20,random,,144.203125,340.875,168.203125,405.515625,3,1,,,,,,,,,,,,2026-08-16T17:54:38.981Z,K8EF3YCB,2026-08-16,2026-08-16,11:54:38,2026-08-16 11:54:38,,,,,,,,697ab12b4591197afc56d253,697ab12b4591197afc56d253,,,,
18585,raw_position_sample,2,3,adv,25,3,3,4,29, receive ,358,166,1545839.300000012,697ab12b4591197afc56d253,697ab12b4591197afc56d253,advanced,3,697ab12b4591197afc56d253,697ab12b4591197afc56d253,spotlight_PROLIFIC,,31,Mexico,Spanish,N/A,,Spanish:75|English:25,100,Spanish:60|English:40,100,Spanish:90|English:10,100,29,0,Bachelor's,10,10,10,2,3,8,18,30,25,29,,,,,15,25,B1,intermediate|advanced,advanced|intermediate,cambridge_15_21_random_intermediate_advanced,4,20,random,,144.203125,340.875,168.203125,405.515625,3,1,,,,,,,,,,,,2026-08-16T17:54:38.981Z,K8EF3YCB,2026-08-16,2026-08-16,11:54:38,2026-08-16 11:54:38,,,,,,,,697ab12b4591197afc56d253,697ab12b4591197afc56d253,,,,
18635,raw_position_sample,2,3,adv,25,3,3,4,29, receive ,346,169,1545889.300000012,697ab12b4591197afc56d253,697ab12b4591197afc56d253,advanced,3,697ab12b4591197afc56d253,697ab12b4591197afc56d253,spotlight_PROLIFIC,,31,Mexico,Spanish,N/A,,Spanish:75|English:25,100,Spanish:60|English:40,100,Spanish:90|English:10,100,29,0,Bachelor's,10,10,10,2,3,8,18,30,25,29,,,,,15,25,B1,intermediate|advanced,advanced|intermediate,cambridge_15_21_random_intermediate_advanced,4,20,random,,144.203125,340.875,168.203125,405.515625,3,1,,,,,,,,,,,,2026-08-16T17:54:38.981Z,K8EF3YCB,2026-08-16,2026-08-16,11:54:38,2026-08-16 11:54:38,,,,,,,,697ab12b4591197afc56d253,697ab12b4591197afc56d253,,,,
18685,raw_position_sample,2,3,adv,25,3,3,4,29, receive ,338,170,1545939.5,697ab12b4591197afc56d253,697ab12b4591197afc56d253,advanced,3,697ab12b4591197afc56d253,697ab12b4591197afc56d253,spotlight_PROLIFIC,,31,Mexico,Spanish,N/A,,Spanish:75|English:25,100,Spanish:60|English:40,100,Spanish:90|English:10,100,29,0,Bachelor's,10,10,10,2,3,8,18,30,25,29,,,,,15,25,B1,intermediate|advanced,advanced|intermediate,cambridge_15_21_random_intermediate_advanced,4,20,random,,144.203125,340.875,168.203125,405.515625,3,1,,,,,,,,,,,,2026-08-16T17:54:38.981Z,K8EF3YCB,2026-08-16,2026-08-16,11:54:38,2026-08-16 11:54:38,,,,,,,,697ab12b4591197afc56d253,697ab12b4591197afc56d253,,,,
18697,hover_association,2,3,adv,25,3,3,4,29, receive ,397,160,,697ab12b4591197afc56d253,697ab12b4591197afc56d253,advanced,3,697ab12b4591197afc56d253,697ab12b4591197afc56d253,spotlight_PROLIFIC,,31,Mexico,Spanish,N/A,,Spanish:75|English:25,100,Spanish:60|English:40,100,Spanish:90|English:10,100,29,0,Bachelor's,10,10,10,2,3,8,18,30,25,29,,,,,15,25,B1,intermediate|advanced,advanced|intermediate,cambridge_15_21_random_intermediate_advanced,4,20,random,,136.203125,336.628125,176.203125,405.515625,3,1,hover,433.19999998807907,433.19999998807907,0.019914716022500292,0.844921875,106,,,,,,2026-08-16T17:54:38.981Z,K8EF3YCB,2026-08-16,2026-08-16,11:54:38,2026-08-16 11:54:38,,,,,,,,697ab12b4591197afc56d253,697ab12b4591197afc56d253,,,,
18745,raw_position_sample,2,3,adv,25,3,3,4,-1,999,335,172,1545999.5,697ab12b4591197afc56d253,697ab12b4591197afc56d253,advanced,3,697ab12b4591197afc56d253,697ab12b4591197afc56d253,spotlight_PROLIFIC,,31,Mexico,Spanish,N/A,,Spanish:75|English:25,100,Spanish:60|English:40,100,Spanish:90|English:10,100,29,0,Bachelor's,10,10,10,2,3,8,18,30,25,29,,,,,15,25,B1,intermediate|advanced,advanced|intermediate,cambridge_15_21_random_intermediate_advanced,4,20,random,,,,,,,,,,,,,,,,,,,2026-08-16T17:54:38.981Z,K8EF3YCB,2026-08-16,2026-08-16,11:54:38,2026-08-16 11:54:38,,,,,,,,697ab12b4591197afc56d253,697ab12b4591197afc56d253,,,,
18796,raw_position_sample,2,3,adv,25,3,3,4,-1,999,335,172,1546050.5999999642,697ab12b4591197afc56d253,697ab12b4591197afc56d253,advanced,3,697ab12b4591197afc56d253,697ab12b4591197afc56d253,spotlight_PROLIFIC,,31,Mexico,Spanish,N/A,,Spanish:75|English:25,100,Spanish:60|English:40,100,Spanish:90|English:10,100,29,0,Bachelor's,10,10,10,2,3,8,18,30,25,29,,,,,15,25,B1,intermediate|advanced,advanced|intermediate,cambridge_15_21_random_intermediate_advanced,4,20,random,,,,,,,,,,,,,,,,,,,2026-08-16T17:54:38.981Z,K8EF3YCB,2026-08-16,2026-08-16,11:54:38,2026-08-16 11:54:38,,,,,,,,697ab12b4591197afc56d253,697ab12b4591197afc56d253,,,,
18835,raw_position_sample,2,3,adv,25,3,3,4,29, receive ,337,172,1546089.199999988,697ab12b4591197afc56d253,697ab12b4591197afc56d253,advanced,3,697ab12b4591197afc56d253,697ab12b4591197afc56d253,spotlight_PROLIFIC,,31,Mexico,Spanish,N/A,,Spanish:75|English:25,100,Spanish:60|English:40,100,Spanish:90|English:10,100,29,0,Bachelor's,10,10,10,2,3,8,18,30,25,29,,,,,15,25,B1,intermediate|advanced,advanced|intermediate,cambridge_15_21_random_intermediate_advanced,4,20,random,,144.203125,340.875,168.203125,405.515625,3,1,,,,,,,,,,,,2026-08-16T17:54:38.981Z,K8EF3YCB,2026-08-16,2026-08-16,11:54:38,2026-08-16 11:54:38,,,,,,,,697ab12b4591197afc56d253,697ab12b4591197afc56d253,,,,
18885,raw_position_sample,2,3,adv,25,3,3,4,29, receive ,368,172,1546139.300000012,697ab12b4591197afc56d253,697ab12b4591197afc56d253,advanced,3,697ab12b4591197afc56d253,697ab12b4591197afc56d253,spotlight_PROLIFIC,,31,Mexico,Spanish,N/A,,Spanish:75|English:25,100,Spanish:60|English:40,100,Spanish:90|English:10,100,29,0,Bachelor's,10,10,10,2,3,8,18,30,25,29,,,,,15,25,B1,intermediate|advanced,advanced|intermediate,cambridge_15_21_random_intermediate_advanced,4,20,random,,144.203125,340.875,168.203125,405.515625,3,1,,,,,,,,,,,,2026-08-16T17:54:38.981Z,K8EF3YCB,2026-08-16,2026-08-16,11:54:38,2026-08-16 11:54:38,,,,,,,,697ab12b4591197afc56d253,697ab12b4591197afc56d253,,,,
18913,hover_association,2,3,adv,25,3,3,4,29, receive ,337,172,,697ab12b4591197afc56d253,697ab12b4591197afc56d253,advanced,3,697ab12b4591197afc56d253,697ab12b4591197afc56d253,spotlight_PROLIFIC,,31,Mexico,Spanish,N/A,,Spanish:75|English:25,100,Spanish:60|English:40,100,Spanish:90|English:10,100,29,0,Bachelor's,10,10,10,2,3,8,18,30,25,29,,,,,15,25,B1,intermediate|advanced,advanced|intermediate,cambridge_15_21_random_intermediate_advanced,4,20,random,,136.203125,336.628125,176.203125,405.515625,3,1,hover,82.5,82.5,0.7747686445291235,0.894921875,106,,,,,,2026-08-16T17:54:38.981Z,K8EF3YCB,2026-08-16,2026-08-16,11:54:38,2026-08-16 11:54:38,,,,,,,,697ab12b4591197afc56d253,697ab12b4591197afc56d253,,,,
18934,raw_position_sample,2,3,adv,25,3,3,4,30, at ,419,168,1546189,697ab12b4591197afc56d253,697ab12b4591197afc56d253,advanced,3,697ab12b4591197afc56d253,697ab12b4591197afc56d253,spotlight_PROLIFIC,,31,Mexico,Spanish,N/A,,Spanish:75|English:25,100,Spanish:60|English:40,100,Spanish:90|English:10,100,29,0,Bachelor's,10,10,10,2,3,8,18,30,25,29,,,,,15,25,B1,intermediate|advanced,advanced|intermediate,cambridge_15_21_random_intermediate_advanced,4,20,random,,144.203125,405.515625,168.203125,426.796875,3,2,,,,,,,,,,,,2026-08-16T17:54:38.981Z,K8EF3YCB,2026-08-16,2026-08-16,11:54:38,2026-08-16 11:54:38,,,,,,,,697ab12b4591197afc56d253,697ab12b4591197afc56d253,,,,
18963,hover_association,2,3,adv,25,3,3,4,30, at ,407,171,,697ab12b4591197afc56d253,697ab12b4591197afc56d253,advanced,3,697ab12b4591197afc56d253,697ab12b4591197afc56d253,spotlight_PROLIFIC,,31,Mexico,Spanish,N/A,,Spanish:75|English:25,100,Spanish:60|English:40,100,Spanish:90|English:10,100,29,0,Bachelor's,10,10,10,2,3,8,18,30,25,29,,,,,15,25,B1,intermediate|advanced,advanced|intermediate,cambridge_15_21_random_intermediate_advanced,4,20,random,,136.203125,405.515625,176.203125,426.796875,3,2,hover,50.19999998807907,50.19999998807907,0.9625550660792952,0.744921875,106,,,,,,2026-08-16T17:54:38.981Z,K8EF3YCB,2026-08-16,2026-08-16,11:54:38,2026-08-16 11:54:38,,,,,,,,697ab12b4591197afc56d253,697ab12b4591197afc56d253,,,,
18986,raw_position_sample,2,3,adv,25,3,3,4,31, the ,433,163,1546240.0999999642,697ab12b4591197afc56d253,697ab12b4591197afc56d253,advanced,3,697ab12b4591197afc56d253,697ab12b4591197afc56d253,spotlight_PROLIFIC,,31,Mexico,Spanish,N/A,,Spanish:75|English:25,100,Spanish:60|English:40,100,Spanish:90|English:10,100,29,0,Bachelor's,10,10,10,2,3,8,18,30,25,29,,,,,15,25,B1,intermediate|advanced,advanced|intermediate,cambridge_15_21_random_intermediate_advanced,4,20,random,,144.203125,426.796875,168.203125,459.265625,3,3,,,,,,,,,,,,2026-08-16T17:54:38.981Z,K8EF3YCB,2026-08-16,2026-08-16,11:54:38,2026-08-16 11:54:38,,,,,,,,697ab12b4591197afc56d253,697ab12b4591197afc56d253,,,,
19036,raw_position_sample,2,3,adv,25,3,3,4,31, the ,439,163,1546290.3999999762,697ab12b4591197afc56d253,697ab12b4591197afc56d253,advanced,3,697ab12b4591197afc56d253,697ab12b4591197afc56d253,spotlight_PROLIFIC,,31,Mexico,Spanish,N/A,,Spanish:75|English:25,100,Spanish:60|English:40,100,Spanish:90|English:10,100,29,0,Bachelor's,10,10,10,2,3,8,18,30,25,29,,,,,15,25,B1,intermediate|advanced,advanced|intermediate,cambridge_15_21_random_intermediate_advanced,4,20,random,,144.203125,426.796875,168.203125,459.265625,3,3,,,,,,,,,,,,2026-08-16T17:54:38.981Z,K8EF3YCB,2026-08-16,2026-08-16,11:54:38,2026-08-16 11:54:38,,,,,,,,697ab12b4591197afc56d253,697ab12b4591197afc56d253,,,,
19096,raw_position_sample,2,3,adv,25,3,3,4,31, the ,439,163,1546350.3999999762,697ab12b4591197afc56d253,697ab12b4591197afc56d253,advanced,3,697ab12b4591197afc56d253,697ab12b4591197afc56d253,spotlight_PROLIFIC,,31,Mexico,Spanish,N/A,,Spanish:75|English:25,100,Spanish:60|English:40,100,Spanish:90|English:10,100,29,0,Bachelor's,10,10,10,2,3,8,18,30,25,29,,,,,15,25,B1,intermediate|advanced,advanced|intermediate,cambridge_15_21_random_intermediate_advanced,4,20,random,,144.203125,426.796875,168.203125,459.265625,3,3,,,,,,,,,,,,2026-08-16T17:54:38.981Z,K8EF3YCB,2026-08-16,2026-08-16,11:54:38,2026-08-16 11:54:38,,,,,,,,697ab12b4591197afc56d253,697ab12b4591197afc56d253,,,,
19145,raw_position_sample,2,3,adv,25,3,3,4,31, the ,439,163,1546399.8999999762,697ab12b4591197afc56d253,697ab12b4591197afc56d253,advanced,3,697ab12b4591197afc56d253,697ab12b4591197afc56d253,spotlight_PROLIFIC,,31,Mexico,Spanish,N/A,,Spanish:75|English:25,100,Spanish:60|English:40,100,Spanish:90|English:10,100,29,0,Bachelor's,10,10,10,2,3,8,18,30,25,29,,,,,15,25,B1,intermediate|advanced,advanced|intermediate,cambridge_15_21_random_intermediate_advanced,4,20,random,,144.203125,426.796875,168.203125,459.265625,3,3,,,,,,,,,,,,2026-08-16T17:54:38.981Z,K8EF3YCB,2026-08-16,2026-08-16,11:54:38,2026-08-16 11:54:38,,,,,,,,697ab12b4591197afc56d253,697ab12b4591197afc56d253,,,,
19193,raw_position_sample,2,3,adv,25,3,3,4,31, the ,439,163,1546447.699999988,697ab12b4591197afc56d253,697ab12b4591197afc56d253,advanced,3,697ab12b4591197afc56d253,697ab12b4591197afc56d253,spotlight_PROLIFIC,,31,Mexico,Spanish,N/A,,Spanish:75|English:25,100,Spanish:60|English:40,100,Spanish:90|English:10,100,29,0,Bachelor's,10,10,10,2,3,8,18,30,25,29,,,,,15,25,B1,intermediate|advanced,advanced|intermediate,cambridge_15_21_random_intermediate_advanced,4,20,random,,144.203125,426.796875,168.203125,459.265625,3,3,,,,,,,,,,,,2026-08-16T17:54:38.981Z,K8EF3YCB,2026-08-16,2026-08-16,11:54:38,2026-08-16 11:54:38,,,,,,,,697ab12b4591197afc56d253,697ab12b4591197afc56d253,,,,
19236,raw_position_sample,2,3,adv,25,3,3,4,31, the ,442,163,1546491.0999999642,697ab12b4591197afc56d253,697ab12b4591197afc56d253,advanced,3,697ab12b4591197afc56d253,697ab12b4591197afc56d253,spotlight_PROLIFIC,,31,Mexico,Spanish,N/A,,Spanish:75|English:25,100,Spanish:60|English:40,100,Spanish:90|English:10,100,29,0,Bachelor's,10,10,10,2,3,8,18,30,25,29,,,,,15,25,B1,intermediate|advanced,advanced|intermediate,cambridge_15_21_random_intermediate_advanced,4,20,random,,144.203125,426.796875,168.203125,459.265625,3,3,,,,,,,,,,,,2026-08-16T17:54:38.981Z,K8EF3YCB,2026-08-16,2026-08-16,11:54:38,2026-08-16 11:54:38,,,,,,,,697ab12b4591197afc56d253,697ab12b4591197afc56d253,,,,
19285,raw_position_sample,2,3,adv,25,3,3,4,31, the ,456,163,1546540,697ab12b4591197afc56d253,697ab12b4591197afc56d253,advanced,3,697ab12b4591197afc56d253,697ab12b4591197afc56d253,spotlight_PROLIFIC,,31,Mexico,Spanish,N/A,,Spanish:75|English:25,100,Spanish:60|English:40,100,Spanish:90|English:10,100,29,0,Bachelor's,10,10,10,2,3,8,18,30,25,29,,,,,15,25,B1,intermediate|advanced,advanced|intermediate,cambridge_15_21_random_intermediate_advanced,4,20,random,,144.203125,426.796875,168.203125,459.265625,3,3,,,,,,,,,,,,2026-08-16T17:54:38.981Z,K8EF3YCB,2026-08-16,2026-08-16,11:54:38,2026-08-16 11:54:38,,,,,,,,697ab12b4591197afc56d253,697ab12b4591197afc56d253,,,,
19297,hover_association,2,3,adv,25,3,3,4,31, the ,431,164,,697ab12b4591197afc56d253,697ab12b4591197afc56d253,advanced,3,697ab12b4591197afc56d253,697ab12b4591197afc56d253,spotlight_PROLIFIC,,31,Mexico,Spanish,N/A,,Spanish:75|English:25,100,Spanish:60|English:40,100,Spanish:90|English:10,100,29,0,Bachelor's,10,10,10,2,3,8,18,30,25,29,,,,,15,25,B1,intermediate|advanced,advanced|intermediate,cambridge_15_21_random_intermediate_advanced,4,20,random,,136.203125,426.796875,176.203125,459.265625,3,3,hover,333.19999998807907,333.19999998807907,0.8994225216554379,0.669921875,106,,,,,,2026-08-16T17:54:38.981Z,K8EF3YCB,2026-08-16,2026-08-16,11:54:38,2026-08-16 11:54:38,,,,,,,,697ab12b4591197afc56d253,697ab12b4591197afc56d253,,,,
19335,raw_position_sample,2,3,adv,25,3,3,4,32," counter,” ",468,162,1546590,697ab12b4591197afc56d253,697ab12b4591197afc56d253,advanced,3,697ab12b4591197afc56d253,697ab12b4591197afc56d253,spotlight_PROLIFIC,,31,Mexico,Spanish,N/A,,Spanish:75|English:25,100,Spanish:60|English:40,100,Spanish:90|English:10,100,29,0,Bachelor's,10,10,10,2,3,8,18,30,25,29,,,,,15,25,B1,intermediate|advanced,advanced|intermediate,cambridge_15_21_random_intermediate_advanced,4,20,random,,144.203125,459.265625,168.203125,538.21875,3,4,,,,,,,,,,,,2026-08-16T17:54:38.981Z,K8EF3YCB,2026-08-16,2026-08-16,11:54:38,2026-08-16 11:54:38,,,,,,,,697ab12b4591197afc56d253,697ab12b4591197afc56d253,,,,
19384,raw_position_sample,2,3,adv,25,3,3,4,32," counter,” ",473,161,1546639.0999999642,697ab12b4591197afc56d253,697ab12b4591197afc56d253,advanced,3,697ab12b4591197afc56d253,697ab12b4591197afc56d253,spotlight_PROLIFIC,,31,Mexico,Spanish,N/A,,Spanish:75|English:25,100,Spanish:60|English:40,100,Spanish:90|English:10,100,29,0,Bachelor's,10,10,10,2,3,8,18,30,25,29,,,,,15,25,B1,intermediate|advanced,advanced|intermediate,cambridge_15_21_random_intermediate_advanced,4,20,random,,144.203125,459.265625,168.203125,538.21875,3,4,,,,,,,,,,,,2026-08-16T17:54:38.981Z,K8EF3YCB,2026-08-16,2026-08-16,11:54:38,2026-08-16 11:54:38,,,,,,,,697ab12b4591197afc56d253,697ab12b4591197afc56d253,,,,
19447,raw_position_sample,2,3,adv,25,3,3,4,32," counter,” ",479,159,1546701.300000012,697ab12b4591197afc56d253,697ab12b4591197afc56d253,advanced,3,697ab12b4591197afc56d253,697ab12b4591197afc56d253,spotlight_PROLIFIC,,31,Mexico,Spanish,N/A,,Spanish:75|English:25,100,Spanish:60|English:40,100,Spanish:90|English:10,100,29,0,Bachelor's,10,10,10,2,3,8,18,30,25,29,,,,,15,25,B1,intermediate|advanced,advanced|intermediate,cambridge_15_21_random_intermediate_advanced,4,20,random,,144.203125,459.265625,168.203125,538.21875,3,4,,,,,,,,,,,,2026-08-16T17:54:38.981Z,K8EF3YCB,2026-08-16,2026-08-16,11:54:38,2026-08-16 11:54:38,,,,,,,,697ab12b4591197afc56d253,697ab12b4591197afc56d253,,,,
19485,raw_position_sample,2,3,adv,25,3,3,4,32," counter,” ",483,159,1546739.0999999642,697ab12b4591197afc56d253,697ab12b4591197afc56d253,advanced,3,697ab12b4591197afc56d253,697ab12b4591197afc56d253,spotlight_PROLIFIC,,31,Mexico,Spanish,N/A,,Spanish:75|English:25,100,Spanish:60|English:40,100,Spanish:90|English:10,100,29,0,Bachelor's,10,10,10,2,3,8,18,30,25,29,,,,,15,25,B1,intermediate|advanced,advanced|intermediate,cambridge_15_21_random_intermediate_advanced,4,20,random,,144.203125,459.265625,168.203125,538.21875,3,4,,,,,,,,,,,,2026-08-16T17:54:38.981Z,K8EF3YCB,2026-08-16,2026-08-16,11:54:38,2026-08-16 11:54:38,,,,,,,,697ab12b4591197afc56d253,697ab12b4591197afc56d253,,,,
19537,raw_position_sample,2,3,adv,25,3,3,4,32," counter,” ",486,159,1546792,697ab12b4591197afc56d253,697ab12b4591197afc56d253,advanced,3,697ab12b4591197afc56d253,697ab12b4591197afc56d253,spotlight_PROLIFIC,,31,Mexico,Spanish,N/A,,Spanish:75|English:25,100,Spanish:60|English:40,100,Spanish:90|English:10,100,29,0,Bachelor's,10,10,10,2,3,8,18,30,25,29,,,,,15,25,B1,intermediate|advanced,advanced|intermediate,cambridge_15_21_random_intermediate_advanced,4,20,random,,144.203125,459.265625,168.203125,538.21875,3,4,,,,,,,,,,,,2026-08-16T17:54:38.981Z,K8EF3YCB,2026-08-16,2026-08-16,11:54:38,2026-08-16 11:54:38,,,,,,,,697ab12b4591197afc56d253,697ab12b4591197afc56d253,,,,
19596,raw_position_sample,2,3,adv,25,3,3,4,32," counter,” ",488,159,1546850.8999999762,697ab12b4591197afc56d253,697ab12b4591197afc56d253,advanced,3,697ab12b4591197afc56d253,697ab12b4591197afc56d253,spotlight_PROLIFIC,,31,Mexico,Spanish,N/A,,Spanish:75|English:25,100,Spanish:60|English:40,100,Spanish:90|English:10,100,29,0,Bachelor's,10,10,10,2,3,8,18,30,25,29,,,,,15,25,B1,intermediate|advanced,advanced|intermediate,cambridge_15_21_random_intermediate_advanced,4,20,random,,144.203125,459.265625,168.203125,538.21875,3,4,,,,,,,,,,,,2026-08-16T17:54:38.981Z,K8EF3YCB,2026-08-16,2026-08-16,11:54:38,2026-08-16 11:54:38,,,,,,,,697ab12b4591197afc56d253,697ab12b4591197afc56d253,,,,
19647,raw_position_sample,2,3,adv,25,3,3,4,32," counter,” ",488,159,1546901.800000012,697ab12b4591197afc56d253,697ab12b4591197afc56d253,advanced,3,697ab12b4591197afc56d253,697ab12b4591197afc56d253,spotlight_PROLIFIC,,31,Mexico,Spanish,N/A,,Spanish:75|English:25,100,Spanish:60|English:40,100,Spanish:90|English:10,100,29,0,Bachelor's,10,10,10,2,3,8,18,30,25,29,,,,,15,25,B1,intermediate|advanced,advanced|intermediate,cambridge_15_21_random_intermediate_advanced,4,20,random,,144.203125,459.265625,168.203125,538.21875,3,4,,,,,,,,,,,,2026-08-16T17:54:38.981Z,K8EF3YCB,2026-08-16,2026-08-16,11:54:38,2026-08-16 11:54:38,,,,,,,,697ab12b4591197afc56d253,697ab12b4591197afc56d253,,,,
19695,raw_position_sample,2,3,adv,25,3,3,4,32," counter,” ",488,159,1546949.8999999762,697ab12b4591197afc56d253,697ab12b4591197afc56d253,advanced,3,697ab12b4591197afc56d253,697ab12b4591197afc56d253,spotlight_PROLIFIC,,31,Mexico,Spanish,N/A,,Spanish:75|English:25,100,Spanish:60|English:40,100,Spanish:90|English:10,100,29,0,Bachelor's,10,10,10,2,3,8,18,30,25,29,,,,,15,25,B1,intermediate|advanced,advanced|intermediate,cambridge_15_21_random_intermediate_advanced,4,20,random,,144.203125,459.265625,168.203125,538.21875,3,4,,,,,,,,,,,,2026-08-16T17:54:38.981Z,K8EF3YCB,2026-08-16,2026-08-16,11:54:38,2026-08-16 11:54:38,,,,,,,,697ab12b4591197afc56d253,697ab12b4591197afc56d253,,,,
19744,raw_position_sample,2,3,adv,25,3,3,4,32," counter,” ",488,159,1546998.300000012,697ab12b4591197afc56d253,697ab12b4591197afc56d253,advanced,3,697ab12b4591197afc56d253,697ab12b4591197afc56d253,spotlight_PROLIFIC,,31,Mexico,Spanish,N/A,,Spanish:75|English:25,100,Spanish:60|English:40,100,Spanish:90|English:10,100,29,0,Bachelor's,10,10,10,2,3,8,18,30,25,29,,,,,15,25,B1,intermediate|advanced,advanced|intermediate,cambridge_15_21_random_intermediate_advanced,4,20,random,,144.203125,459.265625,168.203125,538.21875,3,4,,,,,,,,,,,,2026-08-16T17:54:38.981Z,K8EF3YCB,2026-08-16,2026-08-16,11:54:38,2026-08-16 11:54:38,,,,,,,,697ab12b4591197afc56d253,697ab12b4591197afc56d253,,,,
19786,raw_position_sample,2,3,adv,25,3,3,4,32," counter,” ",488,158,1547040.300000012,697ab12b4591197afc56d253,697ab12b4591197afc56d253,advanced,3,697ab12b4591197afc56d253,697ab12b4591197afc56d253,spotlight_PROLIFIC,,31,Mexico,Spanish,N/A,,Spanish:75|English:25,100,Spanish:60|English:40,100,Spanish:90|English:10,100,29,0,Bachelor's,10,10,10,2,3,8,18,30,25,29,,,,,15,25,B1,intermediate|advanced,advanced|intermediate,cambridge_15_21_random_intermediate_advanced,4,20,random,,144.203125,459.265625,168.203125,538.21875,3,4,,,,,,,,,,,,2026-08-16T17:54:38.981Z,K8EF3YCB,2026-08-16,2026-08-16,11:54:38,2026-08-16 11:54:38,,,,,,,,697ab12b4591197afc56d253,697ab12b4591197afc56d253,,,,
19835,raw_position_sample,2,3,adv,25,3,3,4,32," counter,” ",464,157,1547089.199999988,697ab12b4591197afc56d253,697ab12b4591197afc56d253,advanced,3,697ab12b4591197afc56d253,697ab12b4591197afc56d253,spotlight_PROLIFIC,,31,Mexico,Spanish,N/A,,Spanish:75|English:25,100,Spanish:60|English:40,100,Spanish:90|English:10,100,29,0,Bachelor's,10,10,10,2,3,8,18,30,25,29,,,,,15,25,B1,intermediate|advanced,advanced|intermediate,cambridge_15_21_random_intermediate_advanced,4,20,random,,144.203125,459.265625,168.203125,538.21875,3,4,,,,,,,,,,,,2026-08-16T17:54:38.981Z,K8EF3YCB,2026-08-16,2026-08-16,11:54:38,2026-08-16 11:54:38,,,,,,,,697ab12b4591197afc56d253,697ab12b4591197afc56d253,,,,
19847,hover_association,2,3,adv,25,3,3,4,32," counter,” ",462,163,,697ab12b4591197afc56d253,697ab12b4591197afc56d253,advanced,3,697ab12b4591197afc56d253,697ab12b4591197afc56d253,spotlight_PROLIFIC,,31,Mexico,Spanish,N/A,,Spanish:75|English:25,100,Spanish:60|English:40,100,Spanish:90|English:10,100,29,0,Bachelor's,10,10,10,2,3,8,18,30,25,29,,,,,15,25,B1,intermediate|advanced,advanced|intermediate,cambridge_15_21_random_intermediate_advanced,4,20,random,,136.203125,459.265625,176.203125,538.21875,3,4,hover,549.8999999761581,549.8999999761581,0.05996437759746685,0.519921875,106,,,,,,2026-08-16T17:54:38.981Z,K8EF3YCB,2026-08-16,2026-08-16,11:54:38,2026-08-16 11:54:38,,,,,,,,697ab12b4591197afc56d253,697ab12b4591197afc56d253,,,,
19880,hover_association,2,3,adv,25,3,3,4,31, the ,448,157,,697ab12b4591197afc56d253,697ab12b4591197afc56d253,advanced,3,697ab12b4591197afc56d253,697ab12b4591197afc56d253,spotlight_PROLIFIC,,31,Mexico,Spanish,N/A,,Spanish:75|English:25,100,Spanish:60|English:40,100,Spanish:90|English:10,100,29,0,Bachelor's,10,10,10,2,3,8,18,30,25,29,,,,,15,25,B1,intermediate|advanced,advanced|intermediate,cambridge_15_21_random_intermediate_advanced,4,20,random,,136.203125,426.796875,176.203125,459.265625,3,3,hover,33.60000002384186,33.60000002384186,0.22184793070259864,0.544921875,106,,,,,,2026-08-16T17:54:38.981Z,K8EF3YCB,2026-08-16,2026-08-16,11:54:38,2026-08-16 11:54:38,,,,,,,,697ab12b4591197afc56d253,697ab12b4591197afc56d253,,,,
19886,raw_position_sample,2,3,adv,25,3,3,4,30, at ,422,161,1547140.8999999762,697ab12b4591197afc56d253,697ab12b4591197afc56d253,advanced,3,697ab12b4591197afc56d253,697ab12b4591197afc56d253,spotlight_PROLIFIC,,31,Mexico,Spanish,N/A,,Spanish:75|English:25,100,Spanish:60|English:40,100,Spanish:90|English:10,100,29,0,Bachelor's,10,10,10,2,3,8,18,30,25,29,,,,,15,25,B1,intermediate|advanced,advanced|intermediate,cambridge_15_21_random_intermediate_advanced,4,20,random,,144.203125,405.515625,168.203125,426.796875,3,2,,,,,,,,,,,,2026-08-16T17:54:38.981Z,K8EF3YCB,2026-08-16,2026-08-16,11:54:38,2026-08-16 11:54:38,,,,,,,,697ab12b4591197afc56d253,697ab12b4591197afc56d253,,,,
19936,raw_position_sample,2,3,adv,25,3,3,4,30, at ,407,163,1547190.199999988,697ab12b4591197afc56d253,697ab12b4591197afc56d253,advanced,3,697ab12b4591197afc56d253,697ab12b4591197afc56d253,spotlight_PROLIFIC,,31,Mexico,Spanish,N/A,,Spanish:75|English:25,100,Spanish:60|English:40,100,Spanish:90|English:10,100,29,0,Bachelor's,10,10,10,2,3,8,18,30,25,29,,,,,15,25,B1,intermediate|advanced,advanced|intermediate,cambridge_15_21_random_intermediate_advanced,4,20,random,,144.203125,405.515625,168.203125,426.796875,3,2,,,,,,,,,,,,2026-08-16T17:54:38.981Z,K8EF3YCB,2026-08-16,2026-08-16,11:54:38,2026-08-16 11:54:38,,,,,,,,697ab12b4591197afc56d253,697ab12b4591197afc56d253,,,,
19946,hover_association,2,3,adv,25,3,3,4,30, at ,422,161,,697ab12b4591197afc56d253,697ab12b4591197afc56d253,advanced,3,697ab12b4591197afc56d253,697ab12b4591197afc56d253,spotlight_PROLIFIC,,31,Mexico,Spanish,N/A,,Spanish:75|English:25,100,Spanish:60|English:40,100,Spanish:90|English:10,100,29,0,Bachelor's,10,10,10,2,3,8,18,30,25,29,,,,,15,25,B1,intermediate|advanced,advanced|intermediate,cambridge_15_21_random_intermediate_advanced,4,20,random,,136.203125,405.515625,176.203125,426.796875,3,2,hover,66.39999997615814,66.39999997615814,0.0697503671071953,0.669921875,106,,,,,,2026-08-16T17:54:38.981Z,K8EF3YCB,2026-08-16,2026-08-16,11:54:38,2026-08-16 11:54:38,,,,,,,,697ab12b4591197afc56d253,697ab12b4591197afc56d253,,,,
19985,raw_position_sample,2,3,adv,25,3,3,4,29, receive ,399,165,1547239.8999999762,697ab12b4591197afc56d253,697ab12b4591197afc56d253,advanced,3,697ab12b4591197afc56d253,697ab12b4591197afc56d253,spotlight_PROLIFIC,,31,Mexico,Spanish,N/A,,Spanish:75|English:25,100,Spanish:60|English:40,100,Spanish:90|English:10,100,29,0,Bachelor's,10,10,10,2,3,8,18,30,25,29,,,,,15,25,B1,intermediate|advanced,advanced|intermediate,cambridge_15_21_random_intermediate_advanced,4,20,random,,144.203125,340.875,168.203125,405.515625,3,1,,,,,,,,,,,,2026-08-16T17:54:38.981Z,K8EF3YCB,2026-08-16,2026-08-16,11:54:38,2026-08-16 11:54:38,,,,,,,,697ab12b4591197afc56d253,697ab12b4591197afc56d253,,,,
20045,raw_position_sample,2,3,adv,25,3,3,4,29, receive ,396,165,1547300,697ab12b4591197afc56d253,697ab12b4591197afc56d253,advanced,3,697ab12b4591197afc56d253,697ab12b4591197afc56d253,spotlight_PROLIFIC,,31,Mexico,Spanish,N/A,,Spanish:75|English:25,100,Spanish:60|English:40,100,Spanish:90|English:10,100,29,0,Bachelor's,10,10,10,2,3,8,18,30,25,29,,,,,15,25,B1,intermediate|advanced,advanced|intermediate,cambridge_15_21_random_intermediate_advanced,4,20,random,,144.203125,340.875,168.203125,405.515625,3,1,,,,,,,,,,,,2026-08-16T17:54:38.981Z,K8EF3YCB,2026-08-16,2026-08-16,11:54:38,2026-08-16 11:54:38,,,,,,,,697ab12b4591197afc56d253,697ab12b4591197afc56d253,,,,
20095,raw_position_sample,2,3,adv,25,3,3,4,29, receive ,396,165,1547350.0999999642,697ab12b4591197afc56d253,697ab12b4591197afc56d253,advanced,3,697ab12b4591197afc56d253,697ab12b4591197afc56d253,spotlight_PROLIFIC,,31,Mexico,Spanish,N/A,,Spanish:75|English:25,100,Spanish:60|English:40,100,Spanish:90|English:10,100,29,0,Bachelor's,10,10,10,2,3,8,18,30,25,29,,,,,15,25,B1,intermediate|advanced,advanced|intermediate,cambridge_15_21_random_intermediate_advanced,4,20,random,,144.203125,340.875,168.203125,405.515625,3,1,,,,,,,,,,,,2026-08-16T17:54:38.981Z,K8EF3YCB,2026-08-16,2026-08-16,11:54:38,2026-08-16 11:54:38,,,,,,,,697ab12b4591197afc56d253,697ab12b4591197afc56d253,,,,
20144,raw_position_sample,2,3,adv,25,3,3,4,29, receive ,396,165,1547399,697ab12b4591197afc56d253,697ab12b4591197afc56d253,advanced,3,697ab12b4591197afc56d253,697ab12b4591197afc56d253,spotlight_PROLIFIC,,31,Mexico,Spanish,N/A,,Spanish:75|English:25,100,Spanish:60|English:40,100,Spanish:90|English:10,100,29,0,Bachelor's,10,10,10,2,3,8,18,30,25,29,,,,,15,25,B1,intermediate|advanced,advanced|intermediate,cambridge_15_21_random_intermediate_advanced,4,20,random,,144.203125,340.875,168.203125,405.515625,3,1,,,,,,,,,,,,2026-08-16T17:54:38.981Z,K8EF3YCB,2026-08-16,2026-08-16,11:54:38,2026-08-16 11:54:38,,,,,,,,697ab12b4591197afc56d253,697ab12b4591197afc56d253,,,,
20190,raw_position_sample,2,3,adv,25,3,3,4,29, receive ,396,165,1547444.199999988,697ab12b4591197afc56d253,697ab12b4591197afc56d253,advanced,3,697ab12b4591197afc56d253,697ab12b4591197afc56d253,spotlight_PROLIFIC,,31,Mexico,Spanish,N/A,,Spanish:75|English:25,100,Spanish:60|English:40,100,Spanish:90|English:10,100,29,0,Bachelor's,10,10,10,2,3,8,18,30,25,29,,,,,15,25,B1,intermediate|advanced,advanced|intermediate,cambridge_15_21_random_intermediate_advanced,4,20,random,,144.203125,340.875,168.203125,405.515625,3,1,,,,,,,,,,,,2026-08-16T17:54:38.981Z,K8EF3YCB,2026-08-16,2026-08-16,11:54:38,2026-08-16 11:54:38,,,,,,,,697ab12b4591197afc56d253,697ab12b4591197afc56d253,,,,
20230,hover_association,2,3,adv,25,3,3,4,29, receive ,405,163,,697ab12b4591197afc56d253,697ab12b4591197afc56d253,advanced,3,697ab12b4591197afc56d253,697ab12b4591197afc56d253,spotlight_PROLIFIC,,31,Mexico,Spanish,N/A,,Spanish:75|English:25,100,Spanish:60|English:40,100,Spanish:90|English:10,100,29,0,Bachelor's,10,10,10,2,3,8,18,30,25,29,,,,,15,25,B1,intermediate|advanced,advanced|intermediate,cambridge_15_21_random_intermediate_advanced,4,20,random,,136.203125,336.628125,176.203125,405.515625,3,1,hover,283.2000000476837,283.2000000476837,0.9634821266557794,0.719921875,106,,,,,,2026-08-16T17:54:38.981Z,K8EF3YCB,2026-08-16,2026-08-16,11:54:38,2026-08-16 11:54:38,,,,,,,,697ab12b4591197afc56d253,697ab12b4591197afc56d253,,,,
20235,raw_position_sample,2,3,adv,25,3,3,4,30, at ,411,165,1547489.199999988,697ab12b4591197afc56d253,697ab12b4591197afc56d253,advanced,3,697ab12b4591197afc56d253,697ab12b4591197afc56d253,spotlight_PROLIFIC,,31,Mexico,Spanish,N/A,,Spanish:75|English:25,100,Spanish:60|English:40,100,Spanish:90|English:10,100,29,0,Bachelor's,10,10,10,2,3,8,18,30,25,29,,,,,15,25,B1,intermediate|advanced,advanced|intermediate,cambridge_15_21_random_intermediate_advanced,4,20,random,,144.203125,405.515625,168.203125,426.796875,3,2,,,,,,,,,,,,2026-08-16T17:54:38.981Z,K8EF3YCB,2026-08-16,2026-08-16,11:54:38,2026-08-16 11:54:38,,,,,,,,697ab12b4591197afc56d253,697ab12b4591197afc56d253,,,,
20263,hover_association,2,3,adv,25,3,3,4,30, at ,411,165,,697ab12b4591197afc56d253,697ab12b4591197afc56d253,advanced,3,697ab12b4591197afc56d253,697ab12b4591197afc56d253,spotlight_PROLIFIC,,31,Mexico,Spanish,N/A,,Spanish:75|English:25,100,Spanish:60|English:40,100,Spanish:90|English:10,100,29,0,Bachelor's,10,10,10,2,3,8,18,30,25,29,,,,,15,25,B1,intermediate|advanced,advanced|intermediate,cambridge_15_21_random_intermediate_advanced,4,20,random,,136.203125,405.515625,176.203125,426.796875,3,2,hover,33.5,33.5,0.7745961820851689,0.644921875,106,,,,,,2026-08-16T17:54:38.981Z,K8EF3YCB,2026-08-16,2026-08-16,11:54:38,2026-08-16 11:54:38,,,,,,,,697ab12b4591197afc56d253,697ab12b4591197afc56d253,,,,
20285,raw_position_sample,2,3,adv,25,3,3,4,31, the ,442,157,1547539.199999988,697ab12b4591197afc56d253,697ab12b4591197afc56d253,advanced,3,697ab12b4591197afc56d253,697ab12b4591197afc56d253,spotlight_PROLIFIC,,31,Mexico,Spanish,N/A,,Spanish:75|English:25,100,Spanish:60|English:40,100,Spanish:90|English:10,100,29,0,Bachelor's,10,10,10,2,3,8,18,30,25,29,,,,,15,25,B1,intermediate|advanced,advanced|intermediate,cambridge_15_21_random_intermediate_advanced,4,20,random,,144.203125,426.796875,168.203125,459.265625,3,3,,,,,,,,,,,,2026-08-16T17:54:38.981Z,K8EF3YCB,2026-08-16,2026-08-16,11:54:38,2026-08-16 11:54:38,,,,,,,,697ab12b4591197afc56d253,697ab12b4591197afc56d253,,,,
20313,hover_association,2,3,adv,25,3,3,4,31, the ,432,160,,697ab12b4591197afc56d253,697ab12b4591197afc56d253,advanced,3,697ab12b4591197afc56d253,697ab12b4591197afc56d253,spotlight_PROLIFIC,,31,Mexico,Spanish,N/A,,Spanish:75|English:25,100,Spanish:60|English:40,100,Spanish:90|English:10,100,29,0,Bachelor's,10,10,10,2,3,8,18,30,25,29,,,,,15,25,B1,intermediate|advanced,advanced|intermediate,cambridge_15_21_random_intermediate_advanced,4,20,random,,136.203125,426.796875,176.203125,459.265625,3,3,hover,49.799999952316284,49.799999952316284,0.8070259865255053,0.469921875,106,,,,,,2026-08-16T17:54:38.981Z,K8EF3YCB,2026-08-16,2026-08-16,11:54:38,2026-08-16 11:54:38,,,,,,,,697ab12b4591197afc56d253,697ab12b4591197afc56d253,,,,
20335,raw_position_sample,2,3,adv,25,3,3,4,32," counter,” ",463,152,1547589.3999999762,697ab12b4591197afc56d253,697ab12b4591197afc56d253,advanced,3,697ab12b4591197afc56d253,697ab12b4591197afc56d253,spotlight_PROLIFIC,,31,Mexico,Spanish,N/A,,Spanish:75|English:25,100,Spanish:60|English:40,100,Spanish:90|English:10,100,29,0,Bachelor's,10,10,10,2,3,8,18,30,25,29,,,,,15,25,B1,intermediate|advanced,advanced|intermediate,cambridge_15_21_random_intermediate_advanced,4,20,random,,144.203125,459.265625,168.203125,538.21875,3,4,,,,,,,,,,,,2026-08-16T17:54:38.981Z,K8EF3YCB,2026-08-16,2026-08-16,11:54:38,2026-08-16 11:54:38,,,,,,,,697ab12b4591197afc56d253,697ab12b4591197afc56d253,,,,
20394,raw_position_sample,2,3,adv,25,3,3,4,32," counter,” ",464,150,1547649.0999999642,697ab12b4591197afc56d253,697ab12b4591197afc56d253,advanced,3,697ab12b4591197afc56d253,697ab12b4591197afc56d253,spotlight_PROLIFIC,,31,Mexico,Spanish,N/A,,Spanish:75|English:25,100,Spanish:60|English:40,100,Spanish:90|English:10,100,29,0,Bachelor's,10,10,10,2,3,8,18,30,25,29,,,,,15,25,B1,intermediate|advanced,advanced|intermediate,cambridge_15_21_random_intermediate_advanced,4,20,random,,144.203125,459.265625,168.203125,538.21875,3,4,,,,,,,,,,,,2026-08-16T17:54:38.981Z,K8EF3YCB,2026-08-16,2026-08-16,11:54:38,2026-08-16 11:54:38,,,,,,,,697ab12b4591197afc56d253,697ab12b4591197afc56d253,,,,
20435,raw_position_sample,2,3,adv,25,3,3,4,32," counter,” ",468,149,1547689.0999999642,697ab12b4591197afc56d253,697ab12b4591197afc56d253,advanced,3,697ab12b4591197afc56d253,697ab12b4591197afc56d253,spotlight_PROLIFIC,,31,Mexico,Spanish,N/A,,Spanish:75|English:25,100,Spanish:60|English:40,100,Spanish:90|English:10,100,29,0,Bachelor's,10,10,10,2,3,8,18,30,25,29,,,,,15,25,B1,intermediate|advanced,advanced|intermediate,cambridge_15_21_random_intermediate_advanced,4,20,random,,144.203125,459.265625,168.203125,538.21875,3,4,,,,,,,,,,,,2026-08-16T17:54:38.981Z,K8EF3YCB,2026-08-16,2026-08-16,11:54:38,2026-08-16 11:54:38,,,,,,,,697ab12b4591197afc56d253,697ab12b4591197afc56d253,,,,
20498,raw_position_sample,2,3,adv,25,3,3,4,32," counter,” ",481,147,1547752.300000012,697ab12b4591197afc56d253,697ab12b4591197afc56d253,advanced,3,697ab12b4591197afc56d253,697ab12b4591197afc56d253,spotlight_PROLIFIC,,31,Mexico,Spanish,N/A,,Spanish:75|English:25,100,Spanish:60|English:40,100,Spanish:90|English:10,100,29,0,Bachelor's,10,10,10,2,3,8,18,30,25,29,,,,,15,25,B1,intermediate|advanced,advanced|intermediate,cambridge_15_21_random_intermediate_advanced,4,20,random,,144.203125,459.265625,168.203125,538.21875,3,4,,,,,,,,,,,,2026-08-16T17:54:38.981Z,K8EF3YCB,2026-08-16,2026-08-16,11:54:38,2026-08-16 11:54:38,,,,,,,,697ab12b4591197afc56d253,697ab12b4591197afc56d253,,,,
20535,raw_position_sample,2,3,adv,25,3,3,4,32," counter,” ",490,144,1547789.199999988,697ab12b4591197afc56d253,697ab12b4591197afc56d253,advanced,3,697ab12b4591197afc56d253,697ab12b4591197afc56d253,spotlight_PROLIFIC,,31,Mexico,Spanish,N/A,,Spanish:75|English:25,100,Spanish:60|English:40,100,Spanish:90|English:10,100,29,0,Bachelor's,10,10,10,2,3,8,18,30,25,29,,,,,15,25,B1,intermediate|advanced,advanced|intermediate,cambridge_15_21_random_intermediate_advanced,4,20,random,,144.203125,459.265625,168.203125,538.21875,3,4,,,,,,,,,,,,2026-08-16T17:54:38.981Z,K8EF3YCB,2026-08-16,2026-08-16,11:54:38,2026-08-16 11:54:38,,,,,,,,697ab12b4591197afc56d253,697ab12b4591197afc56d253,,,,
20584,raw_position_sample,2,3,adv,25,3,3,4,32," counter,” ",506,144,1547839.0999999642,697ab12b4591197afc56d253,697ab12b4591197afc56d253,advanced,3,697ab12b4591197afc56d253,697ab12b4591197afc56d253,spotlight_PROLIFIC,,31,Mexico,Spanish,N/A,,Spanish:75|English:25,100,Spanish:60|English:40,100,Spanish:90|English:10,100,29,0,Bachelor's,10,10,10,2,3,8,18,30,25,29,,,,,15,25,B1,intermediate|advanced,advanced|intermediate,cambridge_15_21_random_intermediate_advanced,4,20,random,,144.203125,459.265625,168.203125,538.21875,3,4,,,,,,,,,,,,2026-08-16T17:54:38.981Z,K8EF3YCB,2026-08-16,2026-08-16,11:54:38,2026-08-16 11:54:38,,,,,,,,697ab12b4591197afc56d253,697ab12b4591197afc56d253,,,,
20634,raw_position_sample,2,3,adv,25,3,3,4,32," counter,” ",525,144,1547889.0999999642,697ab12b4591197afc56d253,697ab12b4591197afc56d253,advanced,3,697ab12b4591197afc56d253,697ab12b4591197afc56d253,spotlight_PROLIFIC,,31,Mexico,Spanish,N/A,,Spanish:75|English:25,100,Spanish:60|English:40,100,Spanish:90|English:10,100,29,0,Bachelor's,10,10,10,2,3,8,18,30,25,29,,,,,15,25,B1,intermediate|advanced,advanced|intermediate,cambridge_15_21_random_intermediate_advanced,4,20,random,,144.203125,459.265625,168.203125,538.21875,3,4,,,,,,,,,,,,2026-08-16T17:54:38.981Z,K8EF3YCB,2026-08-16,2026-08-16,11:54:38,2026-08-16 11:54:38,,,,,,,,697ab12b4591197afc56d253,697ab12b4591197afc56d253,,,,
20680,hover_association,2,3,adv,25,3,3,4,32," counter,” ",461,152,,697ab12b4591197afc56d253,697ab12b4591197afc56d253,advanced,3,697ab12b4591197afc56d253,697ab12b4591197afc56d253,spotlight_PROLIFIC,,31,Mexico,Spanish,N/A,,Spanish:75|English:25,100,Spanish:60|English:40,100,Spanish:90|English:10,100,29,0,Bachelor's,10,10,10,2,3,8,18,30,25,29,,,,,15,25,B1,intermediate|advanced,advanced|intermediate,cambridge_15_21_random_intermediate_advanced,4,20,random,,136.203125,459.265625,176.203125,538.21875,3,4,hover,366.7000000476837,366.7000000476837,0.9972293686918662,0.194921875,106,,,,,,2026-08-16T17:54:38.981Z,K8EF3YCB,2026-08-16,2026-08-16,11:54:38,2026-08-16 11:54:38,,,,,,,,697ab12b4591197afc56d253,697ab12b4591197afc56d253,,,,
20685,raw_position_sample,2,3,adv,25,3,3,4,33, says ,546,144,1547940.0999999642,697ab12b4591197afc56d253,697ab12b4591197afc56d253,advanced,3,697ab12b4591197afc56d253,697ab12b4591197afc56d253,spotlight_PROLIFIC,,31,Mexico,Spanish,N/A,,Spanish:75|English:25,100,Spanish:60|English:40,100,Spanish:90|English:10,100,29,0,Bachelor's,10,10,10,2,3,8,18,30,25,29,,,,,15,25,B1,intermediate|advanced,advanced|intermediate,cambridge_15_21_random_intermediate_advanced,4,20,random,,144.203125,538.21875,168.203125,579.421875,3,5,,,,,,,,,,,,2026-08-16T17:54:38.981Z,K8EF3YCB,2026-08-16,2026-08-16,11:54:38,2026-08-16 11:54:38,,,,,,,,697ab12b4591197afc56d253,697ab12b4591197afc56d253,,,,
20747,raw_position_sample,2,3,adv,25,3,3,4,33, says ,556,144,1548001.800000012,697ab12b4591197afc56d253,697ab12b4591197afc56d253,advanced,3,697ab12b4591197afc56d253,697ab12b4591197afc56d253,spotlight_PROLIFIC,,31,Mexico,Spanish,N/A,,Spanish:75|English:25,100,Spanish:60|English:40,100,Spanish:90|English:10,100,29,0,Bachelor's,10,10,10,2,3,8,18,30,25,29,,,,,15,25,B1,intermediate|advanced,advanced|intermediate,cambridge_15_21_random_intermediate_advanced,4,20,random,,144.203125,538.21875,168.203125,579.421875,3,5,,,,,,,,,,,,2026-08-16T17:54:38.981Z,K8EF3YCB,2026-08-16,2026-08-16,11:54:38,2026-08-16 11:54:38,,,,,,,,697ab12b4591197afc56d253,697ab12b4591197afc56d253,,,,
20796,raw_position_sample,2,3,adv,25,3,3,4,33, says ,556,144,1548050.199999988,697ab12b4591197afc56d253,697ab12b4591197afc56d253,advanced,3,697ab12b4591197afc56d253,697ab12b4591197afc56d253,spotlight_PROLIFIC,,31,Mexico,Spanish,N/A,,Spanish:75|English:25,100,Spanish:60|English:40,100,Spanish:90|English:10,100,29,0,Bachelor's,10,10,10,2,3,8,18,30,25,29,,,,,15,25,B1,intermediate|advanced,advanced|intermediate,cambridge_15_21_random_intermediate_advanced,4,20,random,,144.203125,538.21875,168.203125,579.421875,3,5,,,,,,,,,,,,2026-08-16T17:54:38.981Z,K8EF3YCB,2026-08-16,2026-08-16,11:54:38,2026-08-16 11:54:38,,,,,,,,697ab12b4591197afc56d253,697ab12b4591197afc56d253,,,,
20843,raw_position_sample,2,3,adv,25,3,3,4,33, says ,556,144,1548097.300000012,697ab12b4591197afc56d253,697ab12b4591197afc56d253,advanced,3,697ab12b4591197afc56d253,697ab12b4591197afc56d253,spotlight_PROLIFIC,,31,Mexico,Spanish,N/A,,Spanish:75|English:25,100,Spanish:60|English:40,100,Spanish:90|English:10,100,29,0,Bachelor's,10,10,10,2,3,8,18,30,25,29,,,,,15,25,B1,intermediate|advanced,advanced|intermediate,cambridge_15_21_random_intermediate_advanced,4,20,random,,144.203125,538.21875,168.203125,579.421875,3,5,,,,,,,,,,,,2026-08-16T17:54:38.981Z,K8EF3YCB,2026-08-16,2026-08-16,11:54:38,2026-08-16 11:54:38,,,,,,,,697ab12b4591197afc56d253,697ab12b4591197afc56d253,,,,
20885,raw_position_sample,2,3,adv,25,3,3,4,33, says ,557,144,1548140,697ab12b4591197afc56d253,697ab12b4591197afc56d253,advanced,3,697ab12b4591197afc56d253,697ab12b4591197afc56d253,spotlight_PROLIFIC,,31,Mexico,Spanish,N/A,,Spanish:75|English:25,100,Spanish:60|English:40,100,Spanish:90|English:10,100,29,0,Bachelor's,10,10,10,2,3,8,18,30,25,29,,,,,15,25,B1,intermediate|advanced,advanced|intermediate,cambridge_15_21_random_intermediate_advanced,4,20,random,,144.203125,538.21875,168.203125,579.421875,3,5,,,,,,,,,,,,2026-08-16T17:54:38.981Z,K8EF3YCB,2026-08-16,2026-08-16,11:54:38,2026-08-16 11:54:38,,,,,,,,697ab12b4591197afc56d253,697ab12b4591197afc56d253,,,,
20935,raw_position_sample,2,3,adv,25,3,3,4,33, says ,563,145,1548189.8999999762,697ab12b4591197afc56d253,697ab12b4591197afc56d253,advanced,3,697ab12b4591197afc56d253,697ab12b4591197afc56d253,spotlight_PROLIFIC,,31,Mexico,Spanish,N/A,,Spanish:75|English:25,100,Spanish:60|English:40,100,Spanish:90|English:10,100,29,0,Bachelor's,10,10,10,2,3,8,18,30,25,29,,,,,15,25,B1,intermediate|advanced,advanced|intermediate,cambridge_15_21_random_intermediate_advanced,4,20,random,,144.203125,538.21875,168.203125,579.421875,3,5,,,,,,,,,,,,2026-08-16T17:54:38.981Z,K8EF3YCB,2026-08-16,2026-08-16,11:54:38,2026-08-16 11:54:38,,,,,,,,697ab12b4591197afc56d253,697ab12b4591197afc56d253,,,,
20986,raw_position_sample,2,3,adv,25,3,3,4,33, says ,564,145,1548240.300000012,697ab12b4591197afc56d253,697ab12b4591197afc56d253,advanced,3,697ab12b4591197afc56d253,697ab12b4591197afc56d253,spotlight_PROLIFIC,,31,Mexico,Spanish,N/A,,Spanish:75|English:25,100,Spanish:60|English:40,100,Spanish:90|English:10,100,29,0,Bachelor's,10,10,10,2,3,8,18,30,25,29,,,,,15,25,B1,intermediate|advanced,advanced|intermediate,cambridge_15_21_random_intermediate_advanced,4,20,random,,144.203125,538.21875,168.203125,579.421875,3,5,,,,,,,,,,,,2026-08-16T17:54:38.981Z,K8EF3YCB,2026-08-16,2026-08-16,11:54:38,2026-08-16 11:54:38,,,,,,,,697ab12b4591197afc56d253,697ab12b4591197afc56d253,,,,
21035,raw_position_sample,2,3,adv,25,3,3,4,33, says ,574,147,1548290,697ab12b4591197afc56d253,697ab12b4591197afc56d253,advanced,3,697ab12b4591197afc56d253,697ab12b4591197afc56d253,spotlight_PROLIFIC,,31,Mexico,Spanish,N/A,,Spanish:75|English:25,100,Spanish:60|English:40,100,Spanish:90|English:10,100,29,0,Bachelor's,10,10,10,2,3,8,18,30,25,29,,,,,15,25,B1,intermediate|advanced,advanced|intermediate,cambridge_15_21_random_intermediate_advanced,4,20,random,,144.203125,538.21875,168.203125,579.421875,3,5,,,,,,,,,,,,2026-08-16T17:54:38.981Z,K8EF3YCB,2026-08-16,2026-08-16,11:54:38,2026-08-16 11:54:38,,,,,,,,697ab12b4591197afc56d253,697ab12b4591197afc56d253,,,,
21080,hover_association,2,3,adv,25,3,3,4,33, says ,546,144,,697ab12b4591197afc56d253,697ab12b4591197afc56d253,advanced,3,697ab12b4591197afc56d253,697ab12b4591197afc56d253,spotlight_PROLIFIC,,31,Mexico,Spanish,N/A,,Spanish:75|English:25,100,Spanish:60|English:40,100,Spanish:90|English:10,100,29,0,Bachelor's,10,10,10,2,3,8,18,30,25,29,,,,,15,25,B1,intermediate|advanced,advanced|intermediate,cambridge_15_21_random_intermediate_advanced,4,20,random,,136.203125,538.21875,176.203125,579.421875,3,5,hover,400.69999998807907,400.69999998807907,0.9897610921501706,0.319921875,106,,,,,,2026-08-16T17:54:38.981Z,K8EF3YCB,2026-08-16,2026-08-16,11:54:38,2026-08-16 11:54:38,,,,,,,,697ab12b4591197afc56d253,697ab12b4591197afc56d253,,,,
21085,raw_position_sample,2,3,adv,25,3,3,4,34," Laura, ",580,149,1548339.5,697ab12b4591197afc56d253,697ab12b4591197afc56d253,advanced,3,697ab12b4591197afc56d253,697ab12b4591197afc56d253,spotlight_PROLIFIC,,31,Mexico,Spanish,N/A,,Spanish:75|English:25,100,Spanish:60|English:40,100,Spanish:90|English:10,100,29,0,Bachelor's,10,10,10,2,3,8,18,30,25,29,,,,,15,25,B1,intermediate|advanced,advanced|intermediate,cambridge_15_21_random_intermediate_advanced,4,20,random,,144.203125,579.421875,168.203125,636.765625,3,6,,,,,,,,,,,,2026-08-16T17:54:38.981Z,K8EF3YCB,2026-08-16,2026-08-16,11:54:38,2026-08-16 11:54:38,,,,,,,,697ab12b4591197afc56d253,697ab12b4591197afc56d253,,,,
21134,raw_position_sample,2,3,adv,25,3,3,4,34," Laura, ",584,150,1548388.800000012,697ab12b4591197afc56d253,697ab12b4591197afc56d253,advanced,3,697ab12b4591197afc56d253,697ab12b4591197afc56d253,spotlight_PROLIFIC,,31,Mexico,Spanish,N/A,,Spanish:75|English:25,100,Spanish:60|English:40,100,Spanish:90|English:10,100,29,0,Bachelor's,10,10,10,2,3,8,18,30,25,29,,,,,15,25,B1,intermediate|advanced,advanced|intermediate,cambridge_15_21_random_intermediate_advanced,4,20,random,,144.203125,579.421875,168.203125,636.765625,3,6,,,,,,,,,,,,2026-08-16T17:54:38.981Z,K8EF3YCB,2026-08-16,2026-08-16,11:54:38,2026-08-16 11:54:38,,,,,,,,697ab12b4591197afc56d253,697ab12b4591197afc56d253,,,,
21186,raw_position_sample,2,3,adv,25,3,3,4,34," Laura, ",584,150,1548440.199999988,697ab12b4591197afc56d253,697ab12b4591197afc56d253,advanced,3,697ab12b4591197afc56d253,697ab12b4591197afc56d253,spotlight_PROLIFIC,,31,Mexico,Spanish,N/A,,Spanish:75|English:25,100,Spanish:60|English:40,100,Spanish:90|English:10,100,29,0,Bachelor's,10,10,10,2,3,8,18,30,25,29,,,,,15,25,B1,intermediate|advanced,advanced|intermediate,cambridge_15_21_random_intermediate_advanced,4,20,random,,144.203125,579.421875,168.203125,636.765625,3,6,,,,,,,,,,,,2026-08-16T17:54:38.981Z,K8EF3YCB,2026-08-16,2026-08-16,11:54:38,2026-08-16 11:54:38,,,,,,,,697ab12b4591197afc56d253,697ab12b4591197afc56d253,,,,
21236,raw_position_sample,2,3,adv,25,3,3,4,34," Laura, ",588,153,1548490.5,697ab12b4591197afc56d253,697ab12b4591197afc56d253,advanced,3,697ab12b4591197afc56d253,697ab12b4591197afc56d253,spotlight_PROLIFIC,,31,Mexico,Spanish,N/A,,Spanish:75|English:25,100,Spanish:60|English:40,100,Spanish:90|English:10,100,29,0,Bachelor's,10,10,10,2,3,8,18,30,25,29,,,,,15,25,B1,intermediate|advanced,advanced|intermediate,cambridge_15_21_random_intermediate_advanced,4,20,random,,144.203125,579.421875,168.203125,636.765625,3,6,,,,,,,,,,,,2026-08-16T17:54:38.981Z,K8EF3YCB,2026-08-16,2026-08-16,11:54:38,2026-08-16 11:54:38,,,,,,,,697ab12b4591197afc56d253,697ab12b4591197afc56d253,,,,
21284,raw_position_sample,2,3,adv,25,3,3,4,34," Laura, ",593,155,1548538.8999999762,697ab12b4591197afc56d253,697ab12b4591197afc56d253,advanced,3,697ab12b4591197afc56d253,697ab12b4591197afc56d253,spotlight_PROLIFIC,,31,Mexico,Spanish,N/A,,Spanish:75|English:25,100,Spanish:60|English:40,100,Spanish:90|English:10,100,29,0,Bachelor's,10,10,10,2,3,8,18,30,25,29,,,,,15,25,B1,intermediate|advanced,advanced|intermediate,cambridge_15_21_random_intermediate_advanced,4,20,random,,144.203125,579.421875,168.203125,636.765625,3,6,,,,,,,,,,,,2026-08-16T17:54:38.981Z,K8EF3YCB,2026-08-16,2026-08-16,11:54:38,2026-08-16 11:54:38,,,,,,,,697ab12b4591197afc56d253,697ab12b4591197afc56d253,,,,
21334,raw_position_sample,2,3,adv,25,3,3,4,34," Laura, ",601,157,1548589.0999999642,697ab12b4591197afc56d253,697ab12b4591197afc56d253,advanced,3,697ab12b4591197afc56d253,697ab12b4591197afc56d253,spotlight_PROLIFIC,,31,Mexico,Spanish,N/A,,Spanish:75|English:25,100,Spanish:60|English:40,100,Spanish:90|English:10,100,29,0,Bachelor's,10,10,10,2,3,8,18,30,25,29,,,,,15,25,B1,intermediate|advanced,advanced|intermediate,cambridge_15_21_random_intermediate_advanced,4,20,random,,144.203125,579.421875,168.203125,636.765625,3,6,,,,,,,,,,,,2026-08-16T17:54:38.981Z,K8EF3YCB,2026-08-16,2026-08-16,11:54:38,2026-08-16 11:54:38,,,,,,,,697ab12b4591197afc56d253,697ab12b4591197afc56d253,,,,
21386,raw_position_sample,2,3,adv,25,3,3,4,34," Laura, ",609,160,1548640.5999999642,697ab12b4591197afc56d253,697ab12b4591197afc56d253,advanced,3,697ab12b4591197afc56d253,697ab12b4591197afc56d253,spotlight_PROLIFIC,,31,Mexico,Spanish,N/A,,Spanish:75|English:25,100,Spanish:60|English:40,100,Spanish:90|English:10,100,29,0,Bachelor's,10,10,10,2,3,8,18,30,25,29,,,,,15,25,B1,intermediate|advanced,advanced|intermediate,cambridge_15_21_random_intermediate_advanced,4,20,random,,144.203125,579.421875,168.203125,636.765625,3,6,,,,,,,,,,,,2026-08-16T17:54:38.981Z,K8EF3YCB,2026-08-16,2026-08-16,11:54:38,2026-08-16 11:54:38,,,,,,,,697ab12b4591197afc56d253,697ab12b4591197afc56d253,,,,
21437,raw_position_sample,2,3,adv,25,3,3,4,34," Laura, ",621,163,1548691.199999988,697ab12b4591197afc56d253,697ab12b4591197afc56d253,advanced,3,697ab12b4591197afc56d253,697ab12b4591197afc56d253,spotlight_PROLIFIC,,31,Mexico,Spanish,N/A,,Spanish:75|English:25,100,Spanish:60|English:40,100,Spanish:90|English:10,100,29,0,Bachelor's,10,10,10,2,3,8,18,30,25,29,,,,,15,25,B1,intermediate|advanced,advanced|intermediate,cambridge_15_21_random_intermediate_advanced,4,20,random,,144.203125,579.421875,168.203125,636.765625,3,6,,,,,,,,,,,,2026-08-16T17:54:38.981Z,K8EF3YCB,2026-08-16,2026-08-16,11:54:38,2026-08-16 11:54:38,,,,,,,,697ab12b4591197afc56d253,697ab12b4591197afc56d253,,,,
21484,raw_position_sample,2,3,adv,25,3,3,4,34," Laura, ",629,164,1548738.8999999762,697ab12b4591197afc56d253,697ab12b4591197afc56d253,advanced,3,697ab12b4591197afc56d253,697ab12b4591197afc56d253,spotlight_PROLIFIC,,31,Mexico,Spanish,N/A,,Spanish:75|English:25,100,Spanish:60|English:40,100,Spanish:90|English:10,100,29,0,Bachelor's,10,10,10,2,3,8,18,30,25,29,,,,,15,25,B1,intermediate|advanced,advanced|intermediate,cambridge_15_21_random_intermediate_advanced,4,20,random,,144.203125,579.421875,168.203125,636.765625,3,6,,,,,,,,,,,,2026-08-16T17:54:38.981Z,K8EF3YCB,2026-08-16,2026-08-16,11:54:38,2026-08-16 11:54:38,,,,,,,,697ab12b4591197afc56d253,697ab12b4591197afc56d253,,,,
21513,hover_association,2,3,adv,25,3,3,4,34," Laura, ",580,149,,697ab12b4591197afc56d253,697ab12b4591197afc56d253,advanced,3,697ab12b4591197afc56d253,697ab12b4591197afc56d253,spotlight_PROLIFIC,,31,Mexico,Spanish,N/A,,Spanish:75|English:25,100,Spanish:60|English:40,100,Spanish:90|English:10,100,29,0,Bachelor's,10,10,10,2,3,8,18,30,25,29,,,,,15,25,B1,intermediate|advanced,advanced|intermediate,cambridge_15_21_random_intermediate_advanced,4,20,random,,136.203125,579.421875,176.203125,636.765625,3,6,hover,432.39999997615814,432.39999997615814,0.9343324250681199,0.694921875,106,,,,,,2026-08-16T17:54:38.981Z,K8EF3YCB,2026-08-16,2026-08-16,11:54:38,2026-08-16 11:54:38,,,,,,,,697ab12b4591197afc56d253,697ab12b4591197afc56d253,,,,
21534,raw_position_sample,2,3,adv,25,3,3,4,35, a ,644,164,1548788.699999988,697ab12b4591197afc56d253,697ab12b4591197afc56d253,advanced,3,697ab12b4591197afc56d253,697ab12b4591197afc56d253,spotlight_PROLIFIC,,31,Mexico,Spanish,N/A,,Spanish:75|English:25,100,Spanish:60|English:40,100,Spanish:90|English:10,100,29,0,Bachelor's,10,10,10,2,3,8,18,30,25,29,,,,,15,25,B1,intermediate|advanced,advanced|intermediate,cambridge_15_21_random_intermediate_advanced,4,20,random,,144.203125,636.765625,168.203125,651.546875,3,7,,,,,,,,,,,,2026-08-16T17:54:38.981Z,K8EF3YCB,2026-08-16,2026-08-16,11:54:38,2026-08-16 11:54:38,,,,,,,,697ab12b4591197afc56d253,697ab12b4591197afc56d253,,,,
21580,hover_association,2,3,adv,25,3,3,4,35, a ,640,164,,697ab12b4591197afc56d253,697ab12b4591197afc56d253,advanced,3,697ab12b4591197afc56d253,697ab12b4591197afc56d253,spotlight_PROLIFIC,,31,Mexico,Spanish,N/A,,Spanish:75|English:25,100,Spanish:60|English:40,100,Spanish:90|English:10,100,29,0,Bachelor's,10,10,10,2,3,8,18,30,25,29,,,,,15,25,B1,intermediate|advanced,advanced|intermediate,cambridge_15_21_random_intermediate_advanced,4,20,random,,136.203125,636.765625,176.203125,651.546875,3,7,hover,66.69999998807907,66.69999998807907,0.9630021141649049,0.694921875,106,,,,,,2026-08-16T17:54:38.981Z,K8EF3YCB,2026-08-16,2026-08-16,11:54:38,2026-08-16 11:54:38,,,,,,,,697ab12b4591197afc56d253,697ab12b4591197afc56d253,,,,
21586,raw_position_sample,2,3,adv,25,3,3,4,36, 50-year-old ,653,165,1548840.199999988,697ab12b4591197afc56d253,697ab12b4591197afc56d253,advanced,3,697ab12b4591197afc56d253,697ab12b4591197afc56d253,spotlight_PROLIFIC,,31,Mexico,Spanish,N/A,,Spanish:75|English:25,100,Spanish:60|English:40,100,Spanish:90|English:10,100,29,0,Bachelor's,10,10,10,2,3,8,18,30,25,29,,,,,15,25,B1,intermediate|advanced,advanced|intermediate,cambridge_15_21_random_intermediate_advanced,4,20,random,,144.203125,651.546875,168.203125,751.890625,3,8,,,,,,,,,,,,2026-08-16T17:54:38.981Z,K8EF3YCB,2026-08-16,2026-08-16,11:54:38,2026-08-16 11:54:38,,,,,,,,697ab12b4591197afc56d253,697ab12b4591197afc56d253,,,,
21634,raw_position_sample,2,3,adv,25,3,3,4,36, 50-year-old ,659,165,1548889,697ab12b4591197afc56d253,697ab12b4591197afc56d253,advanced,3,697ab12b4591197afc56d253,697ab12b4591197afc56d253,spotlight_PROLIFIC,,31,Mexico,Spanish,N/A,,Spanish:75|English:25,100,Spanish:60|English:40,100,Spanish:90|English:10,100,29,0,Bachelor's,10,10,10,2,3,8,18,30,25,29,,,,,15,25,B1,intermediate|advanced,advanced|intermediate,cambridge_15_21_random_intermediate_advanced,4,20,random,,144.203125,651.546875,168.203125,751.890625,3,8,,,,,,,,,,,,2026-08-16T17:54:38.981Z,K8EF3YCB,2026-08-16,2026-08-16,11:54:38,2026-08-16 11:54:38,,,,,,,,697ab12b4591197afc56d253,697ab12b4591197afc56d253,,,,
21684,raw_position_sample,2,3,adv,25,3,3,4,36, 50-year-old ,667,166,1548939,697ab12b4591197afc56d253,697ab12b4591197afc56d253,advanced,3,697ab12b4591197afc56d253,697ab12b4591197afc56d253,spotlight_PROLIFIC,,31,Mexico,Spanish,N/A,,Spanish:75|English:25,100,Spanish:60|English:40,100,Spanish:90|English:10,100,29,0,Bachelor's,10,10,10,2,3,8,18,30,25,29,,,,,15,25,B1,intermediate|advanced,advanced|intermediate,cambridge_15_21_random_intermediate_advanced,4,20,random,,144.203125,651.546875,168.203125,751.890625,3,8,,,,,,,,,,,,2026-08-16T17:54:38.981Z,K8EF3YCB,2026-08-16,2026-08-16,11:54:38,2026-08-16 11:54:38,,,,,,,,697ab12b4591197afc56d253,697ab12b4591197afc56d253,,,,
21745,raw_position_sample,2,3,adv,25,3,3,4,36, 50-year-old ,669,166,1548999.5999999642,697ab12b4591197afc56d253,697ab12b4591197afc56d253,advanced,3,697ab12b4591197afc56d253,697ab12b4591197afc56d253,spotlight_PROLIFIC,,31,Mexico,Spanish,N/A,,Spanish:75|English:25,100,Spanish:60|English:40,100,Spanish:90|English:10,100,29,0,Bachelor's,10,10,10,2,3,8,18,30,25,29,,,,,15,25,B1,intermediate|advanced,advanced|intermediate,cambridge_15_21_random_intermediate_advanced,4,20,random,,144.203125,651.546875,168.203125,751.890625,3,8,,,,,,,,,,,,2026-08-16T17:54:38.981Z,K8EF3YCB,2026-08-16,2026-08-16,11:54:38,2026-08-16 11:54:38,,,,,,,,697ab12b4591197afc56d253,697ab12b4591197afc56d253,,,,
21785,raw_position_sample,2,3,adv,25,3,3,4,36, 50-year-old ,671,166,1549039.3999999762,697ab12b4591197afc56d253,697ab12b4591197afc56d253,advanced,3,697ab12b4591197afc56d253,697ab12b4591197afc56d253,spotlight_PROLIFIC,,31,Mexico,Spanish,N/A,,Spanish:75|English:25,100,Spanish:60|English:40,100,Spanish:90|English:10,100,29,0,Bachelor's,10,10,10,2,3,8,18,30,25,29,,,,,15,25,B1,intermediate|advanced,advanced|intermediate,cambridge_15_21_random_intermediate_advanced,4,20,random,,144.203125,651.546875,168.203125,751.890625,3,8,,,,,,,,,,,,2026-08-16T17:54:38.981Z,K8EF3YCB,2026-08-16,2026-08-16,11:54:38,2026-08-16 11:54:38,,,,,,,,697ab12b4591197afc56d253,697ab12b4591197afc56d253,,,,
21835,raw_position_sample,2,3,adv,25,3,3,4,36, 50-year-old ,675,166,1549089.3999999762,697ab12b4591197afc56d253,697ab12b4591197afc56d253,advanced,3,697ab12b4591197afc56d253,697ab12b4591197afc56d253,spotlight_PROLIFIC,,31,Mexico,Spanish,N/A,,Spanish:75|English:25,100,Spanish:60|English:40,100,Spanish:90|English:10,100,29,0,Bachelor's,10,10,10,2,3,8,18,30,25,29,,,,,15,25,B1,intermediate|advanced,advanced|intermediate,cambridge_15_21_random_intermediate_advanced,4,20,random,,144.203125,651.546875,168.203125,751.890625,3,8,,,,,,,,,,,,2026-08-16T17:54:38.981Z,K8EF3YCB,2026-08-16,2026-08-16,11:54:38,2026-08-16 11:54:38,,,,,,,,697ab12b4591197afc56d253,697ab12b4591197afc56d253,,,,
21885,raw_position_sample,2,3,adv,25,3,3,4,36, 50-year-old ,679,166,1549139.199999988,697ab12b4591197afc56d253,697ab12b4591197afc56d253,advanced,3,697ab12b4591197afc56d253,697ab12b4591197afc56d253,spotlight_PROLIFIC,,31,Mexico,Spanish,N/A,,Spanish:75|English:25,100,Spanish:60|English:40,100,Spanish:90|English:10,100,29,0,Bachelor's,10,10,10,2,3,8,18,30,25,29,,,,,15,25,B1,intermediate|advanced,advanced|intermediate,cambridge_15_21_random_intermediate_advanced,4,20,random,,144.203125,651.546875,168.203125,751.890625,3,8,,,,,,,,,,,,2026-08-16T17:54:38.981Z,K8EF3YCB,2026-08-16,2026-08-16,11:54:38,2026-08-16 11:54:38,,,,,,,,697ab12b4591197afc56d253,697ab12b4591197afc56d253,,,,
21935,raw_position_sample,2,3,adv,25,3,3,4,36, 50-year-old ,684,166,1549189.199999988,697ab12b4591197afc56d253,697ab12b4591197afc56d253,advanced,3,697ab12b4591197afc56d253,697ab12b4591197afc56d253,spotlight_PROLIFIC,,31,Mexico,Spanish,N/A,,Spanish:75|English:25,100,Spanish:60|English:40,100,Spanish:90|English:10,100,29,0,Bachelor's,10,10,10,2,3,8,18,30,25,29,,,,,15,25,B1,intermediate|advanced,advanced|intermediate,cambridge_15_21_random_intermediate_advanced,4,20,random,,144.203125,651.546875,168.203125,751.890625,3,8,,,,,,,,,,,,2026-08-16T17:54:38.981Z,K8EF3YCB,2026-08-16,2026-08-16,11:54:38,2026-08-16 11:54:38,,,,,,,,697ab12b4591197afc56d253,697ab12b4591197afc56d253,,,,
21995,raw_position_sample,2,3,adv,25,3,3,4,36, 50-year-old ,687,166,1549249.8999999762,697ab12b4591197afc56d253,697ab12b4591197afc56d253,advanced,3,697ab12b4591197afc56d253,697ab12b4591197afc56d253,spotlight_PROLIFIC,,31,Mexico,Spanish,N/A,,Spanish:75|English:25,100,Spanish:60|English:40,100,Spanish:90|English:10,100,29,0,Bachelor's,10,10,10,2,3,8,18,30,25,29,,,,,15,25,B1,intermediate|advanced,advanced|intermediate,cambridge_15_21_random_intermediate_advanced,4,20,random,,144.203125,651.546875,168.203125,751.890625,3,8,,,,,,,,,,,,2026-08-16T17:54:38.981Z,K8EF3YCB,2026-08-16,2026-08-16,11:54:38,2026-08-16 11:54:38,,,,,,,,697ab12b4591197afc56d253,697ab12b4591197afc56d253,,,,
22047,raw_position_sample,2,3,adv,25,3,3,4,36, 50-year-old ,687,166,1549301.300000012,697ab12b4591197afc56d253,697ab12b4591197afc56d253,advanced,3,697ab12b4591197afc56d253,697ab12b4591197afc56d253,spotlight_PROLIFIC,,31,Mexico,Spanish,N/A,,Spanish:75|English:25,100,Spanish:60|English:40,100,Spanish:90|English:10,100,29,0,Bachelor's,10,10,10,2,3,8,18,30,25,29,,,,,15,25,B1,intermediate|advanced,advanced|intermediate,cambridge_15_21_random_intermediate_advanced,4,20,random,,144.203125,651.546875,168.203125,751.890625,3,8,,,,,,,,,,,,2026-08-16T17:54:38.981Z,K8EF3YCB,2026-08-16,2026-08-16,11:54:38,2026-08-16 11:54:38,,,,,,,,697ab12b4591197afc56d253,697ab12b4591197afc56d253,,,,
22096,raw_position_sample,2,3,adv,25,3,3,4,36, 50-year-old ,687,166,1549350.300000012,697ab12b4591197afc56d253,697ab12b4591197afc56d253,advanced,3,697ab12b4591197afc56d253,697ab12b4591197afc56d253,spotlight_PROLIFIC,,31,Mexico,Spanish,N/A,,Spanish:75|English:25,100,Spanish:60|English:40,100,Spanish:90|English:10,100,29,0,Bachelor's,10,10,10,2,3,8,18,30,25,29,,,,,15,25,B1,intermediate|advanced,advanced|intermediate,cambridge_15_21_random_intermediate_advanced,4,20,random,,144.203125,651.546875,168.203125,751.890625,3,8,,,,,,,,,,,,2026-08-16T17:54:38.981Z,K8EF3YCB,2026-08-16,2026-08-16,11:54:38,2026-08-16 11:54:38,,,,,,,,697ab12b4591197afc56d253,697ab12b4591197afc56d253,,,,
22144,raw_position_sample,2,3,adv,25,3,3,4,36, 50-year-old ,687,166,1549398.5999999642,697ab12b4591197afc56d253,697ab12b4591197afc56d253,advanced,3,697ab12b4591197afc56d253,697ab12b4591197afc56d253,spotlight_PROLIFIC,,31,Mexico,Spanish,N/A,,Spanish:75|English:25,100,Spanish:60|English:40,100,Spanish:90|English:10,100,29,0,Bachelor's,10,10,10,2,3,8,18,30,25,29,,,,,15,25,B1,intermediate|advanced,advanced|intermediate,cambridge_15_21_random_intermediate_advanced,4,20,random,,144.203125,651.546875,168.203125,751.890625,3,8,,,,,,,,,,,,2026-08-16T17:54:38.981Z,K8EF3YCB,2026-08-16,2026-08-16,11:54:38,2026-08-16 11:54:38,,,,,,,,697ab12b4591197afc56d253,697ab12b4591197afc56d253,,,,
22184,raw_position_sample,2,3,adv,25,3,3,4,36, 50-year-old ,684,166,1549438.699999988,697ab12b4591197afc56d253,697ab12b4591197afc56d253,advanced,3,697ab12b4591197afc56d253,697ab12b4591197afc56d253,spotlight_PROLIFIC,,31,Mexico,Spanish,N/A,,Spanish:75|English:25,100,Spanish:60|English:40,100,Spanish:90|English:10,100,29,0,Bachelor's,10,10,10,2,3,8,18,30,25,29,,,,,15,25,B1,intermediate|advanced,advanced|intermediate,cambridge_15_21_random_intermediate_advanced,4,20,random,,144.203125,651.546875,168.203125,751.890625,3,8,,,,,,,,,,,,2026-08-16T17:54:38.981Z,K8EF3YCB,2026-08-16,2026-08-16,11:54:38,2026-08-16 11:54:38,,,,,,,,697ab12b4591197afc56d253,697ab12b4591197afc56d253,,,,
22234,raw_position_sample,2,3,adv,25,3,3,4,36, 50-year-old ,668,166,1549488.8999999762,697ab12b4591197afc56d253,697ab12b4591197afc56d253,advanced,3,697ab12b4591197afc56d253,697ab12b4591197afc56d253,spotlight_PROLIFIC,,31,Mexico,Spanish,N/A,,Spanish:75|English:25,100,Spanish:60|English:40,100,Spanish:90|English:10,100,29,0,Bachelor's,10,10,10,2,3,8,18,30,25,29,,,,,15,25,B1,intermediate|advanced,advanced|intermediate,cambridge_15_21_random_intermediate_advanced,4,20,random,,144.203125,651.546875,168.203125,751.890625,3,8,,,,,,,,,,,,2026-08-16T17:54:38.981Z,K8EF3YCB,2026-08-16,2026-08-16,11:54:38,2026-08-16 11:54:38,,,,,,,,697ab12b4591197afc56d253,697ab12b4591197afc56d253,,,,
22284,raw_position_sample,2,3,adv,25,3,3,4,36, 50-year-old ,653,170,1549538.699999988,697ab12b4591197afc56d253,697ab12b4591197afc56d253,advanced,3,697ab12b4591197afc56d253,697ab12b4591197afc56d253,spotlight_PROLIFIC,,31,Mexico,Spanish,N/A,,Spanish:75|English:25,100,Spanish:60|English:40,100,Spanish:90|English:10,100,29,0,Bachelor's,10,10,10,2,3,8,18,30,25,29,,,,,15,25,B1,intermediate|advanced,advanced|intermediate,cambridge_15_21_random_intermediate_advanced,4,20,random,,144.203125,651.546875,168.203125,751.890625,3,8,,,,,,,,,,,,2026-08-16T17:54:38.981Z,K8EF3YCB,2026-08-16,2026-08-16,11:54:38,2026-08-16 11:54:38,,,,,,,,697ab12b4591197afc56d253,697ab12b4591197afc56d253,,,,
22296,hover_association,2,3,adv,25,3,3,4,36, 50-year-old ,653,165,,697ab12b4591197afc56d253,697ab12b4591197afc56d253,advanced,3,697ab12b4591197afc56d253,697ab12b4591197afc56d253,spotlight_PROLIFIC,,31,Mexico,Spanish,N/A,,Spanish:75|English:25,100,Spanish:60|English:40,100,Spanish:90|English:10,100,29,0,Bachelor's,10,10,10,2,3,8,18,30,25,29,,,,,15,25,B1,intermediate|advanced,advanced|intermediate,cambridge_15_21_random_intermediate_advanced,4,20,random,,136.203125,651.546875,176.203125,751.890625,3,8,hover,716.6000000238419,716.6000000238419,0.014481469947056992,0.844921875,106,,,,,,2026-08-16T17:54:38.981Z,K8EF3YCB,2026-08-16,2026-08-16,11:54:38,2026-08-16 11:54:38,,,,,,,,697ab12b4591197afc56d253,697ab12b4591197afc56d253,,,,
22334,raw_position_sample,2,3,adv,25,3,3,4,35, a ,645,173,1549588.800000012,697ab12b4591197afc56d253,697ab12b4591197afc56d253,advanced,3,697ab12b4591197afc56d253,697ab12b4591197afc56d253,spotlight_PROLIFIC,,31,Mexico,Spanish,N/A,,Spanish:75|English:25,100,Spanish:60|English:40,100,Spanish:90|English:10,100,29,0,Bachelor's,10,10,10,2,3,8,18,30,25,29,,,,,15,25,B1,intermediate|advanced,advanced|intermediate,cambridge_15_21_random_intermediate_advanced,4,20,random,,144.203125,636.765625,168.203125,651.546875,3,7,,,,,,,,,,,,2026-08-16T17:54:38.981Z,K8EF3YCB,2026-08-16,2026-08-16,11:54:38,2026-08-16 11:54:38,,,,,,,,697ab12b4591197afc56d253,697ab12b4591197afc56d253,,,,
22384,raw_position_sample,2,3,adv,25,3,3,4,35, a ,638,174,1549639,697ab12b4591197afc56d253,697ab12b4591197afc56d253,advanced,3,697ab12b4591197afc56d253,697ab12b4591197afc56d253,spotlight_PROLIFIC,,31,Mexico,Spanish,N/A,,Spanish:75|English:25,100,Spanish:60|English:40,100,Spanish:90|English:10,100,29,0,Bachelor's,10,10,10,2,3,8,18,30,25,29,,,,,15,25,B1,intermediate|advanced,advanced|intermediate,cambridge_15_21_random_intermediate_advanced,4,20,random,,144.203125,636.765625,168.203125,651.546875,3,7,,,,,,,,,,,,2026-08-16T17:54:38.981Z,K8EF3YCB,2026-08-16,2026-08-16,11:54:38,2026-08-16 11:54:38,,,,,,,,697ab12b4591197afc56d253,697ab12b4591197afc56d253,,,,
22446,raw_position_sample,2,3,adv,25,3,3,4,35, a ,638,174,1549700.199999988,697ab12b4591197afc56d253,697ab12b4591197afc56d253,advanced,3,697ab12b4591197afc56d253,697ab12b4591197afc56d253,spotlight_PROLIFIC,,31,Mexico,Spanish,N/A,,Spanish:75|English:25,100,Spanish:60|English:40,100,Spanish:90|English:10,100,29,0,Bachelor's,10,10,10,2,3,8,18,30,25,29,,,,,15,25,B1,intermediate|advanced,advanced|intermediate,cambridge_15_21_random_intermediate_advanced,4,20,random,,144.203125,636.765625,168.203125,651.546875,3,7,,,,,,,,,,,,2026-08-16T17:54:38.981Z,K8EF3YCB,2026-08-16,2026-08-16,11:54:38,2026-08-16 11:54:38,,,,,,,,697ab12b4591197afc56d253,697ab12b4591197afc56d253,,,,
22495,raw_position_sample,2,3,adv,25,3,3,4,35, a ,638,174,1549749.8999999762,697ab12b4591197afc56d253,697ab12b4591197afc56d253,advanced,3,697ab12b4591197afc56d253,697ab12b4591197afc56d253,spotlight_PROLIFIC,,31,Mexico,Spanish,N/A,,Spanish:75|English:25,100,Spanish:60|English:40,100,Spanish:90|English:10,100,29,0,Bachelor's,10,10,10,2,3,8,18,30,25,29,,,,,15,25,B1,intermediate|advanced,advanced|intermediate,cambridge_15_21_random_intermediate_advanced,4,20,random,,144.203125,636.765625,168.203125,651.546875,3,7,,,,,,,,,,,,2026-08-16T17:54:38.981Z,K8EF3YCB,2026-08-16,2026-08-16,11:54:38,2026-08-16 11:54:38,,,,,,,,697ab12b4591197afc56d253,697ab12b4591197afc56d253,,,,
22534,raw_position_sample,2,3,adv,25,3,3,4,35, a ,639,175,1549788.699999988,697ab12b4591197afc56d253,697ab12b4591197afc56d253,advanced,3,697ab12b4591197afc56d253,697ab12b4591197afc56d253,spotlight_PROLIFIC,,31,Mexico,Spanish,N/A,,Spanish:75|English:25,100,Spanish:60|English:40,100,Spanish:90|English:10,100,29,0,Bachelor's,10,10,10,2,3,8,18,30,25,29,,,,,15,25,B1,intermediate|advanced,advanced|intermediate,cambridge_15_21_random_intermediate_advanced,4,20,random,,144.203125,636.765625,168.203125,651.546875,3,7,,,,,,,,,,,,2026-08-16T17:54:38.981Z,K8EF3YCB,2026-08-16,2026-08-16,11:54:38,2026-08-16 11:54:38,,,,,,,,697ab12b4591197afc56d253,697ab12b4591197afc56d253,,,,
22563,hover_association,2,3,adv,25,3,3,4,35, a ,649,171,,697ab12b4591197afc56d253,697ab12b4591197afc56d253,advanced,3,697ab12b4591197afc56d253,697ab12b4591197afc56d253,spotlight_PROLIFIC,,31,Mexico,Spanish,N/A,,Spanish:75|English:25,100,Spanish:60|English:40,100,Spanish:90|English:10,100,29,0,Bachelor's,10,10,10,2,3,8,18,30,25,29,,,,,15,25,B1,intermediate|advanced,advanced|intermediate,cambridge_15_21_random_intermediate_advanced,4,20,random,,136.203125,636.765625,176.203125,651.546875,3,7,hover,266.60000002384186,266.60000002384186,0.5570824524312896,0.969921875,106,,,,,,2026-08-16T17:54:38.981Z,K8EF3YCB,2026-08-16,2026-08-16,11:54:38,2026-08-16 11:54:38,,,,,,,,697ab12b4591197afc56d253,697ab12b4591197afc56d253,,,,
22585,raw_position_sample,2,3,adv,25,3,3,4,36, 50-year-old ,665,175,1549839.199999988,697ab12b4591197afc56d253,697ab12b4591197afc56d253,advanced,3,697ab12b4591197afc56d253,697ab12b4591197afc56d253,spotlight_PROLIFIC,,31,Mexico,Spanish,N/A,,Spanish:75|English:25,100,Spanish:60|English:40,100,Spanish:90|English:10,100,29,0,Bachelor's,10,10,10,2,3,8,18,30,25,29,,,,,15,25,B1,intermediate|advanced,advanced|intermediate,cambridge_15_21_random_intermediate_advanced,4,20,random,,144.203125,651.546875,168.203125,751.890625,3,8,,,,,,,,,,,,2026-08-16T17:54:38.981Z,K8EF3YCB,2026-08-16,2026-08-16,11:54:38,2026-08-16 11:54:38,,,,,,,,697ab12b4591197afc56d253,697ab12b4591197afc56d253,,,,
22634,raw_position_sample,2,3,adv,25,3,3,4,36, 50-year-old ,685,175,1549888.699999988,697ab12b4591197afc56d253,697ab12b4591197afc56d253,advanced,3,697ab12b4591197afc56d253,697ab12b4591197afc56d253,spotlight_PROLIFIC,,31,Mexico,Spanish,N/A,,Spanish:75|English:25,100,Spanish:60|English:40,100,Spanish:90|English:10,100,29,0,Bachelor's,10,10,10,2,3,8,18,30,25,29,,,,,15,25,B1,intermediate|advanced,advanced|intermediate,cambridge_15_21_random_intermediate_advanced,4,20,random,,144.203125,651.546875,168.203125,751.890625,3,8,,,,,,,,,,,,2026-08-16T17:54:38.981Z,K8EF3YCB,2026-08-16,2026-08-16,11:54:38,2026-08-16 11:54:38,,,,,,,,697ab12b4591197afc56d253,697ab12b4591197afc56d253,,,,
22685,raw_position_sample,2,3,adv,25,3,3,4,36, 50-year-old ,708,171,1549939.199999988,697ab12b4591197afc56d253,697ab12b4591197afc56d253,advanced,3,697ab12b4591197afc56d253,697ab12b4591197afc56d253,spotlight_PROLIFIC,,31,Mexico,Spanish,N/A,,Spanish:75|English:25,100,Spanish:60|English:40,100,Spanish:90|English:10,100,29,0,Bachelor's,10,10,10,2,3,8,18,30,25,29,,,,,15,25,B1,intermediate|advanced,advanced|intermediate,cambridge_15_21_random_intermediate_advanced,4,20,random,,144.203125,651.546875,168.203125,751.890625,3,8,,,,,,,,,,,,2026-08-16T17:54:38.981Z,K8EF3YCB,2026-08-16,2026-08-16,11:54:38,2026-08-16 11:54:38,,,,,,,,697ab12b4591197afc56d253,697ab12b4591197afc56d253,,,,
22738,raw_position_sample,2,3,adv,25,3,3,4,36, 50-year-old ,720,168,1549992.199999988,697ab12b4591197afc56d253,697ab12b4591197afc56d253,advanced,3,697ab12b4591197afc56d253,697ab12b4591197afc56d253,spotlight_PROLIFIC,,31,Mexico,Spanish,N/A,,Spanish:75|English:25,100,Spanish:60|English:40,100,Spanish:90|English:10,100,29,0,Bachelor's,10,10,10,2,3,8,18,30,25,29,,,,,15,25,B1,intermediate|advanced,advanced|intermediate,cambridge_15_21_random_intermediate_advanced,4,20,random,,144.203125,651.546875,168.203125,751.890625,3,8,,,,,,,,,,,,2026-08-16T17:54:38.981Z,K8EF3YCB,2026-08-16,2026-08-16,11:54:38,2026-08-16 11:54:38,,,,,,,,697ab12b4591197afc56d253,697ab12b4591197afc56d253,,,,
22788,raw_position_sample,2,3,adv,25,3,3,4,36, 50-year-old ,727,166,1550042.199999988,697ab12b4591197afc56d253,697ab12b4591197afc56d253,advanced,3,697ab12b4591197afc56d253,697ab12b4591197afc56d253,spotlight_PROLIFIC,,31,Mexico,Spanish,N/A,,Spanish:75|English:25,100,Spanish:60|English:40,100,Spanish:90|English:10,100,29,0,Bachelor's,10,10,10,2,3,8,18,30,25,29,,,,,15,25,B1,intermediate|advanced,advanced|intermediate,cambridge_15_21_random_intermediate_advanced,4,20,random,,144.203125,651.546875,168.203125,751.890625,3,8,,,,,,,,,,,,2026-08-16T17:54:38.981Z,K8EF3YCB,2026-08-16,2026-08-16,11:54:38,2026-08-16 11:54:38,,,,,,,,697ab12b4591197afc56d253,697ab12b4591197afc56d253,,,,
22835,raw_position_sample,2,3,adv,25,3,3,4,36, 50-year-old ,728,166,1550090.0999999642,697ab12b4591197afc56d253,697ab12b4591197afc56d253,advanced,3,697ab12b4591197afc56d253,697ab12b4591197afc56d253,spotlight_PROLIFIC,,31,Mexico,Spanish,N/A,,Spanish:75|English:25,100,Spanish:60|English:40,100,Spanish:90|English:10,100,29,0,Bachelor's,10,10,10,2,3,8,18,30,25,29,,,,,15,25,B1,intermediate|advanced,advanced|intermediate,cambridge_15_21_random_intermediate_advanced,4,20,random,,144.203125,651.546875,168.203125,751.890625,3,8,,,,,,,,,,,,2026-08-16T17:54:38.981Z,K8EF3YCB,2026-08-16,2026-08-16,11:54:38,2026-08-16 11:54:38,,,,,,,,697ab12b4591197afc56d253,697ab12b4591197afc56d253,,,,
22885,raw_position_sample,2,3,adv,25,3,3,4,36, 50-year-old ,733,166,1550139.300000012,697ab12b4591197afc56d253,697ab12b4591197afc56d253,advanced,3,697ab12b4591197afc56d253,697ab12b4591197afc56d253,spotlight_PROLIFIC,,31,Mexico,Spanish,N/A,,Spanish:75|English:25,100,Spanish:60|English:40,100,Spanish:90|English:10,100,29,0,Bachelor's,10,10,10,2,3,8,18,30,25,29,,,,,15,25,B1,intermediate|advanced,advanced|intermediate,cambridge_15_21_random_intermediate_advanced,4,20,random,,144.203125,651.546875,168.203125,751.890625,3,8,,,,,,,,,,,,2026-08-16T17:54:38.981Z,K8EF3YCB,2026-08-16,2026-08-16,11:54:38,2026-08-16 11:54:38,,,,,,,,697ab12b4591197afc56d253,697ab12b4591197afc56d253,,,,
22935,raw_position_sample,2,3,adv,25,3,3,4,36, 50-year-old ,738,166,1550189.800000012,697ab12b4591197afc56d253,697ab12b4591197afc56d253,advanced,3,697ab12b4591197afc56d253,697ab12b4591197afc56d253,spotlight_PROLIFIC,,31,Mexico,Spanish,N/A,,Spanish:75|English:25,100,Spanish:60|English:40,100,Spanish:90|English:10,100,29,0,Bachelor's,10,10,10,2,3,8,18,30,25,29,,,,,15,25,B1,intermediate|advanced,advanced|intermediate,cambridge_15_21_random_intermediate_advanced,4,20,random,,144.203125,651.546875,168.203125,751.890625,3,8,,,,,,,,,,,,2026-08-16T17:54:38.981Z,K8EF3YCB,2026-08-16,2026-08-16,11:54:38,2026-08-16 11:54:38,,,,,,,,697ab12b4591197afc56d253,697ab12b4591197afc56d253,,,,
22984,raw_position_sample,2,3,adv,25,3,3,4,36, 50-year-old ,744,166,1550238.699999988,697ab12b4591197afc56d253,697ab12b4591197afc56d253,advanced,3,697ab12b4591197afc56d253,697ab12b4591197afc56d253,spotlight_PROLIFIC,,31,Mexico,Spanish,N/A,,Spanish:75|English:25,100,Spanish:60|English:40,100,Spanish:90|English:10,100,29,0,Bachelor's,10,10,10,2,3,8,18,30,25,29,,,,,15,25,B1,intermediate|advanced,advanced|intermediate,cambridge_15_21_random_intermediate_advanced,4,20,random,,144.203125,651.546875,168.203125,751.890625,3,8,,,,,,,,,,,,2026-08-16T17:54:38.981Z,K8EF3YCB,2026-08-16,2026-08-16,11:54:38,2026-08-16 11:54:38,,,,,,,,697ab12b4591197afc56d253,697ab12b4591197afc56d253,,,,
23035,raw_position_sample,2,3,adv,25,3,3,4,36, 50-year-old ,751,166,1550289.3999999762,697ab12b4591197afc56d253,697ab12b4591197afc56d253,advanced,3,697ab12b4591197afc56d253,697ab12b4591197afc56d253,spotlight_PROLIFIC,,31,Mexico,Spanish,N/A,,Spanish:75|English:25,100,Spanish:60|English:40,100,Spanish:90|English:10,100,29,0,Bachelor's,10,10,10,2,3,8,18,30,25,29,,,,,15,25,B1,intermediate|advanced,advanced|intermediate,cambridge_15_21_random_intermediate_advanced,4,20,random,,144.203125,651.546875,168.203125,751.890625,3,8,,,,,,,,,,,,2026-08-16T17:54:38.981Z,K8EF3YCB,2026-08-16,2026-08-16,11:54:38,2026-08-16 11:54:38,,,,,,,,697ab12b4591197afc56d253,697ab12b4591197afc56d253,,,,
23047,hover_association,2,3,adv,25,3,3,4,36, 50-year-old ,652,175,,697ab12b4591197afc56d253,697ab12b4591197afc56d253,advanced,3,697ab12b4591197afc56d253,697ab12b4591197afc56d253,spotlight_PROLIFIC,,31,Mexico,Spanish,N/A,,Spanish:75|English:25,100,Spanish:60|English:40,100,Spanish:90|English:10,100,29,0,Bachelor's,10,10,10,2,3,8,18,30,25,29,,,,,15,25,B1,intermediate|advanced,advanced|intermediate,cambridge_15_21_random_intermediate_advanced,4,20,random,,136.203125,651.546875,176.203125,751.890625,3,8,hover,484,484,0.9911242603550295,0.744921875,106,,,,,,2026-08-16T17:54:38.981Z,K8EF3YCB,2026-08-16,2026-08-16,11:54:38,2026-08-16 11:54:38,,,,,,,,697ab12b4591197afc56d253,697ab12b4591197afc56d253,,,,
23086,raw_position_sample,2,3,adv,25,3,3,4,37, mystery ,761,166,1550340.3999999762,697ab12b4591197afc56d253,697ab12b4591197afc56d253,advanced,3,697ab12b4591197afc56d253,697ab12b4591197afc56d253,spotlight_PROLIFIC,,31,Mexico,Spanish,N/A,,Spanish:75|English:25,100,Spanish:60|English:40,100,Spanish:90|English:10,100,29,0,Bachelor's,10,10,10,2,3,8,18,30,25,29,,,,,15,25,B1,intermediate|advanced,advanced|intermediate,cambridge_15_21_random_intermediate_advanced,4,20,random,,144.203125,751.890625,168.203125,824.46875,3,9,,,,,,,,,,,,2026-08-16T17:54:38.981Z,K8EF3YCB,2026-08-16,2026-08-16,11:54:38,2026-08-16 11:54:38,,,,,,,,697ab12b4591197afc56d253,697ab12b4591197afc56d253,,,,
23148,raw_position_sample,2,3,adv,25,3,3,4,37, mystery ,776,166,1550402.5,697ab12b4591197afc56d253,697ab12b4591197afc56d253,advanced,3,697ab12b4591197afc56d253,697ab12b4591197afc56d253,spotlight_PROLIFIC,,31,Mexico,Spanish,N/A,,Spanish:75|English:25,100,Spanish:60|English:40,100,Spanish:90|English:10,100,29,0,Bachelor's,10,10,10,2,3,8,18,30,25,29,,,,,15,25,B1,intermediate|advanced,advanced|intermediate,cambridge_15_21_random_intermediate_advanced,4,20,random,,144.203125,751.890625,168.203125,824.46875,3,9,,,,,,,,,,,,2026-08-16T17:54:38.981Z,K8EF3YCB,2026-08-16,2026-08-16,11:54:38,2026-08-16 11:54:38,,,,,,,,697ab12b4591197afc56d253,697ab12b4591197afc56d253,,,,
23195,raw_position_sample,2,3,adv,25,3,3,4,37, mystery ,788,167,1550449.699999988,697ab12b4591197afc56d253,697ab12b4591197afc56d253,advanced,3,697ab12b4591197afc56d253,697ab12b4591197afc56d253,spotlight_PROLIFIC,,31,Mexico,Spanish,N/A,,Spanish:75|English:25,100,Spanish:60|English:40,100,Spanish:90|English:10,100,29,0,Bachelor's,10,10,10,2,3,8,18,30,25,29,,,,,15,25,B1,intermediate|advanced,advanced|intermediate,cambridge_15_21_random_intermediate_advanced,4,20,random,,144.203125,751.890625,168.203125,824.46875,3,9,,,,,,,,,,,,2026-08-16T17:54:38.981Z,K8EF3YCB,2026-08-16,2026-08-16,11:54:38,2026-08-16 11:54:38,,,,,,,,697ab12b4591197afc56d253,697ab12b4591197afc56d253,,,,
23245,raw_position_sample,2,3,adv,25,3,3,4,37, mystery ,808,172,1550499.5999999642,697ab12b4591197afc56d253,697ab12b4591197afc56d253,advanced,3,697ab12b4591197afc56d253,697ab12b4591197afc56d253,spotlight_PROLIFIC,,31,Mexico,Spanish,N/A,,Spanish:75|English:25,100,Spanish:60|English:40,100,Spanish:90|English:10,100,29,0,Bachelor's,10,10,10,2,3,8,18,30,25,29,,,,,15,25,B1,intermediate|advanced,advanced|intermediate,cambridge_15_21_random_intermediate_advanced,4,20,random,,144.203125,751.890625,168.203125,824.46875,3,9,,,,,,,,,,,,2026-08-16T17:54:38.981Z,K8EF3YCB,2026-08-16,2026-08-16,11:54:38,2026-08-16 11:54:38,,,,,,,,697ab12b4591197afc56d253,697ab12b4591197afc56d253,,,,
23285,raw_position_sample,2,3,adv,25,3,3,4,37, mystery ,813,173,1550539.300000012,697ab12b4591197afc56d253,697ab12b4591197afc56d253,advanced,3,697ab12b4591197afc56d253,697ab12b4591197afc56d253,spotlight_PROLIFIC,,31,Mexico,Spanish,N/A,,Spanish:75|English:25,100,Spanish:60|English:40,100,Spanish:90|English:10,100,29,0,Bachelor's,10,10,10,2,3,8,18,30,25,29,,,,,15,25,B1,intermediate|advanced,advanced|intermediate,cambridge_15_21_random_intermediate_advanced,4,20,random,,144.203125,751.890625,168.203125,824.46875,3,9,,,,,,,,,,,,2026-08-16T17:54:38.981Z,K8EF3YCB,2026-08-16,2026-08-16,11:54:38,2026-08-16 11:54:38,,,,,,,,697ab12b4591197afc56d253,697ab12b4591197afc56d253,,,,
23336,raw_position_sample,2,3,adv,25,3,3,4,37, mystery ,817,173,1550590.0999999642,697ab12b4591197afc56d253,697ab12b4591197afc56d253,advanced,3,697ab12b4591197afc56d253,697ab12b4591197afc56d253,spotlight_PROLIFIC,,31,Mexico,Spanish,N/A,,Spanish:75|English:25,100,Spanish:60|English:40,100,Spanish:90|English:10,100,29,0,Bachelor's,10,10,10,2,3,8,18,30,25,29,,,,,15,25,B1,intermediate|advanced,advanced|intermediate,cambridge_15_21_random_intermediate_advanced,4,20,random,,144.203125,751.890625,168.203125,824.46875,3,9,,,,,,,,,,,,2026-08-16T17:54:38.981Z,K8EF3YCB,2026-08-16,2026-08-16,11:54:38,2026-08-16 11:54:38,,,,,,,,697ab12b4591197afc56d253,697ab12b4591197afc56d253,,,,
23379,hover_association,2,3,adv,25,3,3,4,37, mystery ,753,166,,697ab12b4591197afc56d253,697ab12b4591197afc56d253,advanced,3,697ab12b4591197afc56d253,697ab12b4591197afc56d253,spotlight_PROLIFIC,,31,Mexico,Spanish,N/A,,Spanish:75|English:25,100,Spanish:60|English:40,100,Spanish:90|English:10,100,29,0,Bachelor's,10,10,10,2,3,8,18,30,25,29,,,,,15,25,B1,intermediate|advanced,advanced|intermediate,cambridge_15_21_random_intermediate_advanced,4,20,random,,136.203125,751.890625,176.203125,824.46875,3,9,hover,332.5999999642372,332.5999999642372,0.9935414424111948,0.919921875,106,,,,,,2026-08-16T17:54:38.981Z,K8EF3YCB,2026-08-16,2026-08-16,11:54:38,2026-08-16 11:54:38,,,,,,,,697ab12b4591197afc56d253,697ab12b4591197afc56d253,,,,
23384,raw_position_sample,2,3,adv,25,3,3,4,38, shopper ,827,173,1550638.699999988,697ab12b4591197afc56d253,697ab12b4591197afc56d253,advanced,3,697ab12b4591197afc56d253,697ab12b4591197afc56d253,spotlight_PROLIFIC,,31,Mexico,Spanish,N/A,,Spanish:75|English:25,100,Spanish:60|English:40,100,Spanish:90|English:10,100,29,0,Bachelor's,10,10,10,2,3,8,18,30,25,29,,,,,15,25,B1,intermediate|advanced,advanced|intermediate,cambridge_15_21_random_intermediate_advanced,4,20,random,,144.203125,824.46875,168.203125,899.515625,3,10,,,,,,,,,,,,2026-08-16T17:54:38.981Z,K8EF3YCB,2026-08-16,2026-08-16,11:54:38,2026-08-16 11:54:38,,,,,,,,697ab12b4591197afc56d253,697ab12b4591197afc56d253,,,,
23448,raw_position_sample,2,3,adv,25,3,3,4,38, shopper ,844,173,1550702.5999999642,697ab12b4591197afc56d253,697ab12b4591197afc56d253,advanced,3,697ab12b4591197afc56d253,697ab12b4591197afc56d253,spotlight_PROLIFIC,,31,Mexico,Spanish,N/A,,Spanish:75|English:25,100,Spanish:60|English:40,100,Spanish:90|English:10,100,29,0,Bachelor's,10,10,10,2,3,8,18,30,25,29,,,,,15,25,B1,intermediate|advanced,advanced|intermediate,cambridge_15_21_random_intermediate_advanced,4,20,random,,144.203125,824.46875,168.203125,899.515625,3,10,,,,,,,,,,,,2026-08-16T17:54:38.981Z,K8EF3YCB,2026-08-16,2026-08-16,11:54:38,2026-08-16 11:54:38,,,,,,,,697ab12b4591197afc56d253,697ab12b4591197afc56d253,,,,
23497,raw_position_sample,2,3,adv,25,3,3,4,38, shopper ,869,173,1550752.0999999642,697ab12b4591197afc56d253,697ab12b4591197afc56d253,advanced,3,697ab12b4591197afc56d253,697ab12b4591197afc56d253,spotlight_PROLIFIC,,31,Mexico,Spanish,N/A,,Spanish:75|English:25,100,Spanish:60|English:40,100,Spanish:90|English:10,100,29,0,Bachelor's,10,10,10,2,3,8,18,30,25,29,,,,,15,25,B1,intermediate|advanced,advanced|intermediate,cambridge_15_21_random_intermediate_advanced,4,20,random,,144.203125,824.46875,168.203125,899.515625,3,10,,,,,,,,,,,,2026-08-16T17:54:38.981Z,K8EF3YCB,2026-08-16,2026-08-16,11:54:38,2026-08-16 11:54:38,,,,,,,,697ab12b4591197afc56d253,697ab12b4591197afc56d253,,,,
23544,raw_position_sample,2,3,adv,25,3,3,4,38, shopper ,899,170,1550798.800000012,697ab12b4591197afc56d253,697ab12b4591197afc56d253,advanced,3,697ab12b4591197afc56d253,697ab12b4591197afc56d253,spotlight_PROLIFIC,,31,Mexico,Spanish,N/A,,Spanish:75|English:25,100,Spanish:60|English:40,100,Spanish:90|English:10,100,29,0,Bachelor's,10,10,10,2,3,8,18,30,25,29,,,,,15,25,B1,intermediate|advanced,advanced|intermediate,cambridge_15_21_random_intermediate_advanced,4,20,random,,144.203125,824.46875,168.203125,899.515625,3,10,,,,,,,,,,,,2026-08-16T17:54:38.981Z,K8EF3YCB,2026-08-16,2026-08-16,11:54:38,2026-08-16 11:54:38,,,,,,,,697ab12b4591197afc56d253,697ab12b4591197afc56d253,,,,
23546,hover_association,2,3,adv,25,3,3,4,38, shopper ,827,173,,697ab12b4591197afc56d253,697ab12b4591197afc56d253,advanced,3,697ab12b4591197afc56d253,697ab12b4591197afc56d253,spotlight_PROLIFIC,,31,Mexico,Spanish,N/A,,Spanish:75|English:25,100,Spanish:60|English:40,100,Spanish:90|English:10,100,29,0,Bachelor's,10,10,10,2,3,8,18,30,25,29,,,,,15,25,B1,intermediate|advanced,advanced|intermediate,cambridge_15_21_random_intermediate_advanced,4,20,random,,136.203125,824.46875,176.203125,899.515625,3,10,hover,166.60000002384186,166.60000002384186,0.9931292941911305,0.844921875,106,,,,,,2026-08-16T17:54:38.981Z,K8EF3YCB,2026-08-16,2026-08-16,11:54:38,2026-08-16 11:54:38,,,,,,,,697ab12b4591197afc56d253,697ab12b4591197afc56d253,,,,
23595,raw_position_sample,2,3,adv,25,3,3,4,39, from ,925,165,1550850.0999999642,697ab12b4591197afc56d253,697ab12b4591197afc56d253,advanced,3,697ab12b4591197afc56d253,697ab12b4591197afc56d253,spotlight_PROLIFIC,,31,Mexico,Spanish,N/A,,Spanish:75|English:25,100,Spanish:60|English:40,100,Spanish:90|English:10,100,29,0,Bachelor's,10,10,10,2,3,8,18,30,25,29,,,,,15,25,B1,intermediate|advanced,advanced|intermediate,cambridge_15_21_random_intermediate_advanced,4,20,random,,144.203125,899.515625,168.203125,945.1875,3,11,,,,,,,,,,,,2026-08-16T17:54:38.981Z,K8EF3YCB,2026-08-16,2026-08-16,11:54:38,2026-08-16 11:54:38,,,,,,,,697ab12b4591197afc56d253,697ab12b4591197afc56d253,,,,
23646,raw_position_sample,2,3,adv,25,3,3,4,39, from ,925,165,1550900.3999999762,697ab12b4591197afc56d253,697ab12b4591197afc56d253,advanced,3,697ab12b4591197afc56d253,697ab12b4591197afc56d253,spotlight_PROLIFIC,,31,Mexico,Spanish,N/A,,Spanish:75|English:25,100,Spanish:60|English:40,100,Spanish:90|English:10,100,29,0,Bachelor's,10,10,10,2,3,8,18,30,25,29,,,,,15,25,B1,intermediate|advanced,advanced|intermediate,cambridge_15_21_random_intermediate_advanced,4,20,random,,144.203125,899.515625,168.203125,945.1875,3,11,,,,,,,,,,,,2026-08-16T17:54:38.981Z,K8EF3YCB,2026-08-16,2026-08-16,11:54:38,2026-08-16 11:54:38,,,,,,,,697ab12b4591197afc56d253,697ab12b4591197afc56d253,,,,
23685,raw_position_sample,2,3,adv,25,3,3,4,39, from ,926,165,1550939.3999999762,697ab12b4591197afc56d253,697ab12b4591197afc56d253,advanced,3,697ab12b4591197afc56d253,697ab12b4591197afc56d253,spotlight_PROLIFIC,,31,Mexico,Spanish,N/A,,Spanish:75|English:25,100,Spanish:60|English:40,100,Spanish:90|English:10,100,29,0,Bachelor's,10,10,10,2,3,8,18,30,25,29,,,,,15,25,B1,intermediate|advanced,advanced|intermediate,cambridge_15_21_random_intermediate_advanced,4,20,random,,144.203125,899.515625,168.203125,945.1875,3,11,,,,,,,,,,,,2026-08-16T17:54:38.981Z,K8EF3YCB,2026-08-16,2026-08-16,11:54:38,2026-08-16 11:54:38,,,,,,,,697ab12b4591197afc56d253,697ab12b4591197afc56d253,,,,
23745,raw_position_sample,2,3,adv,25,3,3,4,39, from ,931,163,1550999.3999999762,697ab12b4591197afc56d253,697ab12b4591197afc56d253,advanced,3,697ab12b4591197afc56d253,697ab12b4591197afc56d253,spotlight_PROLIFIC,,31,Mexico,Spanish,N/A,,Spanish:75|English:25,100,Spanish:60|English:40,100,Spanish:90|English:10,100,29,0,Bachelor's,10,10,10,2,3,8,18,30,25,29,,,,,15,25,B1,intermediate|advanced,advanced|intermediate,cambridge_15_21_random_intermediate_advanced,4,20,random,,144.203125,899.515625,168.203125,945.1875,3,11,,,,,,,,,,,,2026-08-16T17:54:38.981Z,K8EF3YCB,2026-08-16,2026-08-16,11:54:38,2026-08-16 11:54:38,,,,,,,,697ab12b4591197afc56d253,697ab12b4591197afc56d253,,,,
23795,raw_position_sample,2,3,adv,25,3,3,4,39, from ,935,161,1551049.199999988,697ab12b4591197afc56d253,697ab12b4591197afc56d253,advanced,3,697ab12b4591197afc56d253,697ab12b4591197afc56d253,spotlight_PROLIFIC,,31,Mexico,Spanish,N/A,,Spanish:75|English:25,100,Spanish:60|English:40,100,Spanish:90|English:10,100,29,0,Bachelor's,10,10,10,2,3,8,18,30,25,29,,,,,15,25,B1,intermediate|advanced,advanced|intermediate,cambridge_15_21_random_intermediate_advanced,4,20,random,,144.203125,899.515625,168.203125,945.1875,3,11,,,,,,,,,,,,2026-08-16T17:54:38.981Z,K8EF3YCB,2026-08-16,2026-08-16,11:54:38,2026-08-16 11:54:38,,,,,,,,697ab12b4591197afc56d253,697ab12b4591197afc56d253,,,,
23834,raw_position_sample,2,3,adv,25,3,3,4,39, from ,941,161,1551088.800000012,697ab12b4591197afc56d253,697ab12b4591197afc56d253,advanced,3,697ab12b4591197afc56d253,697ab12b4591197afc56d253,spotlight_PROLIFIC,,31,Mexico,Spanish,N/A,,Spanish:75|English:25,100,Spanish:60|English:40,100,Spanish:90|English:10,100,29,0,Bachelor's,10,10,10,2,3,8,18,30,25,29,,,,,15,25,B1,intermediate|advanced,advanced|intermediate,cambridge_15_21_random_intermediate_advanced,4,20,random,,144.203125,899.515625,168.203125,945.1875,3,11,,,,,,,,,,,,2026-08-16T17:54:38.981Z,K8EF3YCB,2026-08-16,2026-08-16,11:54:38,2026-08-16 11:54:38,,,,,,,,697ab12b4591197afc56d253,697ab12b4591197afc56d253,,,,
23863,hover_association,2,3,adv,25,3,3,4,39, from ,913,167,,697ab12b4591197afc56d253,697ab12b4591197afc56d253,advanced,3,697ab12b4591197afc56d253,697ab12b4591197afc56d253,spotlight_PROLIFIC,,31,Mexico,Spanish,N/A,,Spanish:75|English:25,100,Spanish:60|English:40,100,Spanish:90|English:10,100,29,0,Bachelor's,10,10,10,2,3,8,18,30,25,29,,,,,15,25,B1,intermediate|advanced,advanced|intermediate,cambridge_15_21_random_intermediate_advanced,4,20,random,,136.203125,899.515625,176.203125,945.1875,3,11,hover,316.5999999642372,316.5999999642372,0.9739993157714677,0.594921875,106,,,,,,2026-08-16T17:54:38.981Z,K8EF3YCB,2026-08-16,2026-08-16,11:54:38,2026-08-16 11:54:38,,,,,,,,697ab12b4591197afc56d253,697ab12b4591197afc56d253,,,,
23884,raw_position_sample,2,3,adv,25,3,3,4,40," Devon, ",948,159,1551138.699999988,697ab12b4591197afc56d253,697ab12b4591197afc56d253,advanced,3,697ab12b4591197afc56d253,697ab12b4591197afc56d253,spotlight_PROLIFIC,,31,Mexico,Spanish,N/A,,Spanish:75|English:25,100,Spanish:60|English:40,100,Spanish:90|English:10,100,29,0,Bachelor's,10,10,10,2,3,8,18,30,25,29,,,,,15,25,B1,intermediate|advanced,advanced|intermediate,cambridge_15_21_random_intermediate_advanced,4,20,random,,144.203125,945.1875,168.203125,1004.109375,3,12,,,,,,,,,,,,2026-08-16T17:54:38.981Z,K8EF3YCB,2026-08-16,2026-08-16,11:54:38,2026-08-16 11:54:38,,,,,,,,697ab12b4591197afc56d253,697ab12b4591197afc56d253,,,,
23945,raw_position_sample,2,3,adv,25,3,3,4,40," Devon, ",950,159,1551199.3999999762,697ab12b4591197afc56d253,697ab12b4591197afc56d253,advanced,3,697ab12b4591197afc56d253,697ab12b4591197afc56d253,spotlight_PROLIFIC,,31,Mexico,Spanish,N/A,,Spanish:75|English:25,100,Spanish:60|English:40,100,Spanish:90|English:10,100,29,0,Bachelor's,10,10,10,2,3,8,18,30,25,29,,,,,15,25,B1,intermediate|advanced,advanced|intermediate,cambridge_15_21_random_intermediate_advanced,4,20,random,,144.203125,945.1875,168.203125,1004.109375,3,12,,,,,,,,,,,,2026-08-16T17:54:38.981Z,K8EF3YCB,2026-08-16,2026-08-16,11:54:38,2026-08-16 11:54:38,,,,,,,,697ab12b4591197afc56d253,697ab12b4591197afc56d253,,,,
23996,raw_position_sample,2,3,adv,25,3,3,4,40," Devon, ",950,159,1551250.0999999642,697ab12b4591197afc56d253,697ab12b4591197afc56d253,advanced,3,697ab12b4591197afc56d253,697ab12b4591197afc56d253,spotlight_PROLIFIC,,31,Mexico,Spanish,N/A,,Spanish:75|English:25,100,Spanish:60|English:40,100,Spanish:90|English:10,100,29,0,Bachelor's,10,10,10,2,3,8,18,30,25,29,,,,,15,25,B1,intermediate|advanced,advanced|intermediate,cambridge_15_21_random_intermediate_advanced,4,20,random,,144.203125,945.1875,168.203125,1004.109375,3,12,,,,,,,,,,,,2026-08-16T17:54:38.981Z,K8EF3YCB,2026-08-16,2026-08-16,11:54:38,2026-08-16 11:54:38,,,,,,,,697ab12b4591197afc56d253,697ab12b4591197afc56d253,,,,
24036,raw_position_sample,2,3,adv,25,3,3,4,40," Devon, ",947,159,1551291,697ab12b4591197afc56d253,697ab12b4591197afc56d253,advanced,3,697ab12b4591197afc56d253,697ab12b4591197afc56d253,spotlight_PROLIFIC,,31,Mexico,Spanish,N/A,,Spanish:75|English:25,100,Spanish:60|English:40,100,Spanish:90|English:10,100,29,0,Bachelor's,10,10,10,2,3,8,18,30,25,29,,,,,15,25,B1,intermediate|advanced,advanced|intermediate,cambridge_15_21_random_intermediate_advanced,4,20,random,,144.203125,945.1875,168.203125,1004.109375,3,12,,,,,,,,,,,,2026-08-16T17:54:38.981Z,K8EF3YCB,2026-08-16,2026-08-16,11:54:38,2026-08-16 11:54:38,,,,,,,,697ab12b4591197afc56d253,697ab12b4591197afc56d253,,,,
24046,hover_association,2,3,adv,25,3,3,4,40," Devon, ",946,159,,697ab12b4591197afc56d253,697ab12b4591197afc56d253,advanced,3,697ab12b4591197afc56d253,697ab12b4591197afc56d253,spotlight_PROLIFIC,,31,Mexico,Spanish,N/A,,Spanish:75|English:25,100,Spanish:60|English:40,100,Spanish:90|English:10,100,29,0,Bachelor's,10,10,10,2,3,8,18,30,25,29,,,,,15,25,B1,intermediate|advanced,advanced|intermediate,cambridge_15_21_random_intermediate_advanced,4,20,random,,136.203125,945.1875,176.203125,1008.35625,3,12,hover,183.4000000357628,183.4000000357628,0.028692985059859483,0.569921875,106,,,,,,2026-08-16T17:54:38.981Z,K8EF3YCB,2026-08-16,2026-08-16,11:54:38,2026-08-16 11:54:38,,,,,,,,697ab12b4591197afc56d253,697ab12b4591197afc56d253,,,,
24096,hover_association,2,3,adv,25,3,3,4,39, from ,942,159,,697ab12b4591197afc56d253,697ab12b4591197afc56d253,advanced,3,697ab12b4591197afc56d253,697ab12b4591197afc56d253,spotlight_PROLIFIC,,31,Mexico,Spanish,N/A,,Spanish:75|English:25,100,Spanish:60|English:40,100,Spanish:90|English:10,100,29,0,Bachelor's,10,10,10,2,3,8,18,30,25,29,,,,,15,25,B1,intermediate|advanced,advanced|intermediate,cambridge_15_21_random_intermediate_advanced,4,20,random,,136.203125,899.515625,176.203125,945.1875,3,11,hover,49.89999997615814,49.89999997615814,0.2952446117003079,0.719921875,106,,,,,,2026-08-16T17:54:38.981Z,K8EF3YCB,2026-08-16,2026-08-16,11:54:38,2026-08-16 11:54:38,,,,,,,,697ab12b4591197afc56d253,697ab12b4591197afc56d253,,,,
24097,raw_position_sample,2,3,adv,25,3,3,4,38, shopper ,897,167,1551351.8999999762,697ab12b4591197afc56d253,697ab12b4591197afc56d253,advanced,3,697ab12b4591197afc56d253,697ab12b4591197afc56d253,spotlight_PROLIFIC,,31,Mexico,Spanish,N/A,,Spanish:75|English:25,100,Spanish:60|English:40,100,Spanish:90|English:10,100,29,0,Bachelor's,10,10,10,2,3,8,18,30,25,29,,,,,15,25,B1,intermediate|advanced,advanced|intermediate,cambridge_15_21_random_intermediate_advanced,4,20,random,,144.203125,824.46875,168.203125,899.515625,3,10,,,,,,,,,,,,2026-08-16T17:54:38.981Z,K8EF3YCB,2026-08-16,2026-08-16,11:54:38,2026-08-16 11:54:38,,,,,,,,697ab12b4591197afc56d253,697ab12b4591197afc56d253,,,,
24146,hover_association,2,3,adv,25,3,3,4,38, shopper ,897,167,,697ab12b4591197afc56d253,697ab12b4591197afc56d253,advanced,3,697ab12b4591197afc56d253,697ab12b4591197afc56d253,spotlight_PROLIFIC,,31,Mexico,Spanish,N/A,,Spanish:75|English:25,100,Spanish:60|English:40,100,Spanish:90|English:10,100,29,0,Bachelor's,10,10,10,2,3,8,18,30,25,29,,,,,15,25,B1,intermediate|advanced,advanced|intermediate,cambridge_15_21_random_intermediate_advanced,4,20,random,,136.203125,824.46875,176.203125,899.515625,3,10,hover,50,50,0.4068290651676036,0.869921875,106,,,,,,2026-08-16T17:54:38.981Z,K8EF3YCB,2026-08-16,2026-08-16,11:54:38,2026-08-16 11:54:38,,,,,,,,697ab12b4591197afc56d253,697ab12b4591197afc56d253,,,,
24148,raw_position_sample,2,3,adv,25,3,3,4,37, mystery ,824,173,1551402.300000012,697ab12b4591197afc56d253,697ab12b4591197afc56d253,advanced,3,697ab12b4591197afc56d253,697ab12b4591197afc56d253,spotlight_PROLIFIC,,31,Mexico,Spanish,N/A,,Spanish:75|English:25,100,Spanish:60|English:40,100,Spanish:90|English:10,100,29,0,Bachelor's,10,10,10,2,3,8,18,30,25,29,,,,,15,25,B1,intermediate|advanced,advanced|intermediate,cambridge_15_21_random_intermediate_advanced,4,20,random,,144.203125,751.890625,168.203125,824.46875,3,9,,,,,,,,,,,,2026-08-16T17:54:38.981Z,K8EF3YCB,2026-08-16,2026-08-16,11:54:38,2026-08-16 11:54:38,,,,,,,,697ab12b4591197afc56d253,697ab12b4591197afc56d253,,,,
24179,hover_association,2,3,adv,25,3,3,4,37, mystery ,824,173,,697ab12b4591197afc56d253,697ab12b4591197afc56d253,advanced,3,697ab12b4591197afc56d253,697ab12b4591197afc56d253,spotlight_PROLIFIC,,31,Mexico,Spanish,N/A,,Spanish:75|English:25,100,Spanish:60|English:40,100,Spanish:90|English:10,100,29,0,Bachelor's,10,10,10,2,3,8,18,30,25,29,,,,,15,25,B1,intermediate|advanced,advanced|intermediate,cambridge_15_21_random_intermediate_advanced,4,20,random,,136.203125,751.890625,176.203125,824.46875,3,9,hover,33.19999998807907,33.19999998807907,0.52508073196986,0.919921875,106,,,,,,2026-08-16T17:54:38.981Z,K8EF3YCB,2026-08-16,2026-08-16,11:54:38,2026-08-16 11:54:38,,,,,,,,697ab12b4591197afc56d253,697ab12b4591197afc56d253,,,,
24195,raw_position_sample,2,3,adv,25,3,3,4,36, 50-year-old ,734,173,1551449.699999988,697ab12b4591197afc56d253,697ab12b4591197afc56d253,advanced,3,697ab12b4591197afc56d253,697ab12b4591197afc56d253,spotlight_PROLIFIC,,31,Mexico,Spanish,N/A,,Spanish:75|English:25,100,Spanish:60|English:40,100,Spanish:90|English:10,100,29,0,Bachelor's,10,10,10,2,3,8,18,30,25,29,,,,,15,25,B1,intermediate|advanced,advanced|intermediate,cambridge_15_21_random_intermediate_advanced,4,20,random,,144.203125,651.546875,168.203125,751.890625,3,8,,,,,,,,,,,,2026-08-16T17:54:38.981Z,K8EF3YCB,2026-08-16,2026-08-16,11:54:38,2026-08-16 11:54:38,,,,,,,,697ab12b4591197afc56d253,697ab12b4591197afc56d253,,,,
24196,hover_association,2,3,adv,25,3,3,4,36, 50-year-old ,734,173,,697ab12b4591197afc56d253,697ab12b4591197afc56d253,advanced,3,697ab12b4591197afc56d253,697ab12b4591197afc56d253,spotlight_PROLIFIC,,31,Mexico,Spanish,N/A,,Spanish:75|English:25,100,Spanish:60|English:40,100,Spanish:90|English:10,100,29,0,Bachelor's,10,10,10,2,3,8,18,30,25,29,,,,,15,25,B1,intermediate|advanced,advanced|intermediate,cambridge_15_21_random_intermediate_advanced,4,20,random,,136.203125,651.546875,176.203125,751.890625,3,8,hover,16.900000035762787,16.900000035762787,0.8217066334475241,0.919921875,106,,,,,,2026-08-16T17:54:38.981Z,K8EF3YCB,2026-08-16,2026-08-16,11:54:38,2026-08-16 11:54:38,,,,,,,,697ab12b4591197afc56d253,697ab12b4591197afc56d253,,,,
24213,hover_association,2,3,adv,25,3,3,4,48," 7,000 ",674,180,,697ab12b4591197afc56d253,697ab12b4591197afc56d253,advanced,3,697ab12b4591197afc56d253,697ab12b4591197afc56d253,spotlight_PROLIFIC,,31,Mexico,Spanish,N/A,,Spanish:75|English:25,100,Spanish:60|English:40,100,Spanish:90|English:10,100,29,0,Bachelor's,10,10,10,2,3,8,18,30,25,29,,,,,15,25,B1,intermediate|advanced,advanced|intermediate,cambridge_15_21_random_intermediate_advanced,4,20,random,,176.203125,631.375,216.203125,682.078125,4,8,hover,16.599999964237213,16.599999964237213,0.8406779661016949,0.094921875,106,,,,,,2026-08-16T17:54:38.981Z,K8EF3YCB,2026-08-16,2026-08-16,11:54:38,2026-08-16 11:54:38,,,,,,,,697ab12b4591197afc56d253,697ab12b4591197afc56d253,,,,
24229,hover_association,2,3,adv,25,3,3,4,47, around ,612,186,,697ab12b4591197afc56d253,697ab12b4591197afc56d253,advanced,3,697ab12b4591197afc56d253,697ab12b4591197afc56d253,spotlight_PROLIFIC,,31,Mexico,Spanish,N/A,,Spanish:75|English:25,100,Spanish:60|English:40,100,Spanish:90|English:10,100,29,0,Bachelor's,10,10,10,2,3,8,18,30,25,29,,,,,15,25,B1,intermediate|advanced,advanced|intermediate,cambridge_15_21_random_intermediate_advanced,4,20,random,,176.203125,565.3125,216.203125,631.375,4,7,hover,16.600000023841858,16.600000023841858,0.706717123935667,0.244921875,106,,,,,,2026-08-16T17:54:38.981Z,K8EF3YCB,2026-08-16,2026-08-16,11:54:38,2026-08-16 11:54:38,,,,,,,,697ab12b4591197afc56d253,697ab12b4591197afc56d253,,,,
24246,hover_association,2,3,adv,25,3,3,4,46, visit ,549,186,,697ab12b4591197afc56d253,697ab12b4591197afc56d253,advanced,3,697ab12b4591197afc56d253,697ab12b4591197afc56d253,spotlight_PROLIFIC,,31,Mexico,Spanish,N/A,,Spanish:75|English:25,100,Spanish:60|English:40,100,Spanish:90|English:10,100,29,0,Bachelor's,10,10,10,2,3,8,18,30,25,29,,,,,15,25,B1,intermediate|advanced,advanced|intermediate,cambridge_15_21_random_intermediate_advanced,4,20,random,,176.203125,527.078125,216.203125,565.3125,4,6,hover,16.600000023841858,16.600000023841858,0.573355128729056,0.244921875,106,,,,,,2026-08-16T17:54:38.981Z,K8EF3YCB,2026-08-16,2026-08-16,11:54:38,2026-08-16 11:54:38,,,,,,,,697ab12b4591197afc56d253,697ab12b4591197afc56d253,,,,
24247,raw_position_sample,2,3,adv,25,3,3,4,44, paid ,491,186,1551502,697ab12b4591197afc56d253,697ab12b4591197afc56d253,advanced,3,697ab12b4591197afc56d253,697ab12b4591197afc56d253,spotlight_PROLIFIC,,31,Mexico,Spanish,N/A,,Spanish:75|English:25,100,Spanish:60|English:40,100,Spanish:90|English:10,100,29,0,Bachelor's,10,10,10,2,3,8,18,30,25,29,,,,,15,25,B1,intermediate|advanced,advanced|intermediate,cambridge_15_21_random_intermediate_advanced,4,20,random,,184.203125,463.4375,208.203125,505,4,4,,,,,,,,,,,,2026-08-16T17:54:38.981Z,K8EF3YCB,2026-08-16,2026-08-16,11:54:38,2026-08-16 11:54:38,,,,,,,,697ab12b4591197afc56d253,697ab12b4591197afc56d253,,,,
24262,hover_association,2,3,adv,25,3,3,4,44, paid ,491,186,,697ab12b4591197afc56d253,697ab12b4591197afc56d253,advanced,3,697ab12b4591197afc56d253,697ab12b4591197afc56d253,spotlight_PROLIFIC,,31,Mexico,Spanish,N/A,,Spanish:75|English:25,100,Spanish:60|English:40,100,Spanish:90|English:10,100,29,0,Bachelor's,10,10,10,2,3,8,18,30,25,29,,,,,15,25,B1,intermediate|advanced,advanced|intermediate,cambridge_15_21_random_intermediate_advanced,4,20,random,,176.203125,463.4375,216.203125,505,4,4,hover,16.799999952316284,16.799999952316284,0.6631578947368421,0.244921875,106,,,,,,2026-08-16T17:54:38.981Z,K8EF3YCB,2026-08-16,2026-08-16,11:54:38,2026-08-16 11:54:38,,,,,,,,697ab12b4591197afc56d253,697ab12b4591197afc56d253,,,,
24279,hover_association,2,3,adv,25,3,3,4,43, been ,441,186,,697ab12b4591197afc56d253,697ab12b4591197afc56d253,advanced,3,697ab12b4591197afc56d253,697ab12b4591197afc56d253,spotlight_PROLIFIC,,31,Mexico,Spanish,N/A,,Spanish:75|English:25,100,Spanish:60|English:40,100,Spanish:90|English:10,100,29,0,Bachelor's,10,10,10,2,3,8,18,30,25,29,,,,,15,25,B1,intermediate|advanced,advanced|intermediate,cambridge_15_21_random_intermediate_advanced,4,20,random,,176.203125,416.25,216.203125,463.4375,4,3,hover,16.600000023841858,16.600000023841858,0.5245033112582781,0.244921875,106,,,,,,2026-08-16T17:54:38.981Z,K8EF3YCB,2026-08-16,2026-08-16,11:54:38,2026-08-16 11:54:38,,,,,,,,697ab12b4591197afc56d253,697ab12b4591197afc56d253,,,,
24295,raw_position_sample,2,3,adv,25,3,3,4,42, has ,388,186,1551549.5999999642,697ab12b4591197afc56d253,697ab12b4591197afc56d253,advanced,3,697ab12b4591197afc56d253,697ab12b4591197afc56d253,spotlight_PROLIFIC,,31,Mexico,Spanish,N/A,,Spanish:75|English:25,100,Spanish:60|English:40,100,Spanish:90|English:10,100,29,0,Bachelor's,10,10,10,2,3,8,18,30,25,29,,,,,15,25,B1,intermediate|advanced,advanced|intermediate,cambridge_15_21_random_intermediate_advanced,4,20,random,,184.203125,381.71875,208.203125,416.25,4,2,,,,,,,,,,,,2026-08-16T17:54:38.981Z,K8EF3YCB,2026-08-16,2026-08-16,11:54:38,2026-08-16 11:54:38,,,,,,,,697ab12b4591197afc56d253,697ab12b4591197afc56d253,,,,
24296,hover_association,2,3,adv,25,3,3,4,42, has ,388,186,,697ab12b4591197afc56d253,697ab12b4591197afc56d253,advanced,3,697ab12b4591197afc56d253,697ab12b4591197afc56d253,spotlight_PROLIFIC,,31,Mexico,Spanish,N/A,,Spanish:75|English:25,100,Spanish:60|English:40,100,Spanish:90|English:10,100,29,0,Bachelor's,10,10,10,2,3,8,18,30,25,29,,,,,15,25,B1,intermediate|advanced,advanced|intermediate,cambridge_15_21_random_intermediate_advanced,4,20,random,,176.203125,381.71875,216.203125,416.25,4,2,hover,16.80000001192093,16.80000001192093,0.18190045248868777,0.244921875,106,,,,,,2026-08-16T17:54:38.981Z,K8EF3YCB,2026-08-16,2026-08-16,11:54:38,2026-08-16 11:54:38,,,,,,,,697ab12b4591197afc56d253,697ab12b4591197afc56d253,,,,
24312,hover_association,2,3,adv,25,3,3,4,41, who ,356,186,,697ab12b4591197afc56d253,697ab12b4591197afc56d253,advanced,3,697ab12b4591197afc56d253,697ab12b4591197afc56d253,spotlight_PROLIFIC,,31,Mexico,Spanish,N/A,,Spanish:75|English:25,100,Spanish:60|English:40,100,Spanish:90|English:10,100,29,0,Bachelor's,10,10,10,2,3,8,18,30,25,29,,,,,15,25,B1,intermediate|advanced,advanced|intermediate,cambridge_15_21_random_intermediate_advanced,4,20,random,,176.203125,336.628125,216.203125,381.71875,4,1,hover,16.399999976158142,16.399999976158142,0.429620902349435,0.244921875,106,,,,,,2026-08-16T17:54:38.981Z,K8EF3YCB,2026-08-16,2026-08-16,11:54:38,2026-08-16 11:54:38,,,,,,,,697ab12b4591197afc56d253,697ab12b4591197afc56d253,,,,
24347,raw_position_sample,2,3,adv,25,3,3,4,-1,999,300,186,1551601.199999988,697ab12b4591197afc56d253,697ab12b4591197afc56d253,advanced,3,697ab12b4591197afc56d253,697ab12b4591197afc56d253,spotlight_PROLIFIC,,31,Mexico,Spanish,N/A,,Spanish:75|English:25,100,Spanish:60|English:40,100,Spanish:90|English:10,100,29,0,Bachelor's,10,10,10,2,3,8,18,30,25,29,,,,,15,25,B1,intermediate|advanced,advanced|intermediate,cambridge_15_21_random_intermediate_advanced,4,20,random,,,,,,,,,,,,,,,,,,,2026-08-16T17:54:38.981Z,K8EF3YCB,2026-08-16,2026-08-16,11:54:38,2026-08-16 11:54:38,,,,,,,,697ab12b4591197afc56d253,697ab12b4591197afc56d253,,,,
24394,raw_position_sample,2,3,adv,25,3,3,4,-1,999,283,184,1551649.0999999642,697ab12b4591197afc56d253,697ab12b4591197afc56d253,advanced,3,697ab12b4591197afc56d253,697ab12b4591197afc56d253,spotlight_PROLIFIC,,31,Mexico,Spanish,N/A,,Spanish:75|English:25,100,Spanish:60|English:40,100,Spanish:90|English:10,100,29,0,Bachelor's,10,10,10,2,3,8,18,30,25,29,,,,,15,25,B1,intermediate|advanced,advanced|intermediate,cambridge_15_21_random_intermediate_advanced,4,20,random,,,,,,,,,,,,,,,,,,,2026-08-16T17:54:38.981Z,K8EF3YCB,2026-08-16,2026-08-16,11:54:38,2026-08-16 11:54:38,,,,,,,,697ab12b4591197afc56d253,697ab12b4591197afc56d253,,,,
24447,raw_position_sample,2,3,adv,25,3,3,4,-1,999,271,182,1551701.5999999642,697ab12b4591197afc56d253,697ab12b4591197afc56d253,advanced,3,697ab12b4591197afc56d253,697ab12b4591197afc56d253,spotlight_PROLIFIC,,31,Mexico,Spanish,N/A,,Spanish:75|English:25,100,Spanish:60|English:40,100,Spanish:90|English:10,100,29,0,Bachelor's,10,10,10,2,3,8,18,30,25,29,,,,,15,25,B1,intermediate|advanced,advanced|intermediate,cambridge_15_21_random_intermediate_advanced,4,20,random,,,,,,,,,,,,,,,,,,,2026-08-16T17:54:38.981Z,K8EF3YCB,2026-08-16,2026-08-16,11:54:38,2026-08-16 11:54:38,,,,,,,,697ab12b4591197afc56d253,697ab12b4591197afc56d253,,,,
24493,raw_position_sample,2,3,adv,25,3,3,4,-1,999,271,182,1551748,697ab12b4591197afc56d253,697ab12b4591197afc56d253,advanced,3,697ab12b4591197afc56d253,697ab12b4591197afc56d253,spotlight_PROLIFIC,,31,Mexico,Spanish,N/A,,Spanish:75|English:25,100,Spanish:60|English:40,100,Spanish:90|English:10,100,29,0,Bachelor's,10,10,10,2,3,8,18,30,25,29,,,,,15,25,B1,intermediate|advanced,advanced|intermediate,cambridge_15_21_random_intermediate_advanced,4,20,random,,,,,,,,,,,,,,,,,,,2026-08-16T17:54:38.981Z,K8EF3YCB,2026-08-16,2026-08-16,11:54:38,2026-08-16 11:54:38,,,,,,,,697ab12b4591197afc56d253,697ab12b4591197afc56d253,,,,
24545,raw_position_sample,2,3,adv,25,3,3,4,-1,999,271,182,1551799.3999999762,697ab12b4591197afc56d253,697ab12b4591197afc56d253,advanced,3,697ab12b4591197afc56d253,697ab12b4591197afc56d253,spotlight_PROLIFIC,,31,Mexico,Spanish,N/A,,Spanish:75|English:25,100,Spanish:60|English:40,100,Spanish:90|English:10,100,29,0,Bachelor's,10,10,10,2,3,8,18,30,25,29,,,,,15,25,B1,intermediate|advanced,advanced|intermediate,cambridge_15_21_random_intermediate_advanced,4,20,random,,,,,,,,,,,,,,,,,,,2026-08-16T17:54:38.981Z,K8EF3YCB,2026-08-16,2026-08-16,11:54:38,2026-08-16 11:54:38,,,,,,,,697ab12b4591197afc56d253,697ab12b4591197afc56d253,,,,
24586,raw_position_sample,2,3,adv,25,3,3,4,-1,999,273,183,1551841,697ab12b4591197afc56d253,697ab12b4591197afc56d253,advanced,3,697ab12b4591197afc56d253,697ab12b4591197afc56d253,spotlight_PROLIFIC,,31,Mexico,Spanish,N/A,,Spanish:75|English:25,100,Spanish:60|English:40,100,Spanish:90|English:10,100,29,0,Bachelor's,10,10,10,2,3,8,18,30,25,29,,,,,15,25,B1,intermediate|advanced,advanced|intermediate,cambridge_15_21_random_intermediate_advanced,4,20,random,,,,,,,,,,,,,,,,,,,2026-08-16T17:54:38.981Z,K8EF3YCB,2026-08-16,2026-08-16,11:54:38,2026-08-16 11:54:38,,,,,,,,697ab12b4591197afc56d253,697ab12b4591197afc56d253,,,,
24645,raw_position_sample,2,3,adv,25,3,3,4,-1,999,303,186,1551899.199999988,697ab12b4591197afc56d253,697ab12b4591197afc56d253,advanced,3,697ab12b4591197afc56d253,697ab12b4591197afc56d253,spotlight_PROLIFIC,,31,Mexico,Spanish,N/A,,Spanish:75|English:25,100,Spanish:60|English:40,100,Spanish:90|English:10,100,29,0,Bachelor's,10,10,10,2,3,8,18,30,25,29,,,,,15,25,B1,intermediate|advanced,advanced|intermediate,cambridge_15_21_random_intermediate_advanced,4,20,random,,,,,,,,,,,,,,,,,,,2026-08-16T17:54:38.981Z,K8EF3YCB,2026-08-16,2026-08-16,11:54:38,2026-08-16 11:54:38,,,,,,,,697ab12b4591197afc56d253,697ab12b4591197afc56d253,,,,
24684,raw_position_sample,2,3,adv,25,3,3,4,41, who ,367,186,1551939.0999999642,697ab12b4591197afc56d253,697ab12b4591197afc56d253,advanced,3,697ab12b4591197afc56d253,697ab12b4591197afc56d253,spotlight_PROLIFIC,,31,Mexico,Spanish,N/A,,Spanish:75|English:25,100,Spanish:60|English:40,100,Spanish:90|English:10,100,29,0,Bachelor's,10,10,10,2,3,8,18,30,25,29,,,,,15,25,B1,intermediate|advanced,advanced|intermediate,cambridge_15_21_random_intermediate_advanced,4,20,random,,184.203125,340.875,208.203125,381.71875,4,1,,,,,,,,,,,,2026-08-16T17:54:38.981Z,K8EF3YCB,2026-08-16,2026-08-16,11:54:38,2026-08-16 11:54:38,,,,,,,,697ab12b4591197afc56d253,697ab12b4591197afc56d253,,,,
24696,hover_association,2,3,adv,25,3,3,4,41, who ,343,186,,697ab12b4591197afc56d253,697ab12b4591197afc56d253,advanced,3,697ab12b4591197afc56d253,697ab12b4591197afc56d253,spotlight_PROLIFIC,,31,Mexico,Spanish,N/A,,Spanish:75|English:25,100,Spanish:60|English:40,100,Spanish:90|English:10,100,29,0,Bachelor's,10,10,10,2,3,8,18,30,25,29,,,,,15,25,B1,intermediate|advanced,advanced|intermediate,cambridge_15_21_random_intermediate_advanced,4,20,random,,176.203125,336.628125,216.203125,381.71875,4,1,hover,33.30000001192093,33.30000001192093,0.6735740522558735,0.244921875,106,,,,,,2026-08-16T17:54:38.981Z,K8EF3YCB,2026-08-16,2026-08-16,11:54:38,2026-08-16 11:54:38,,,,,,,,697ab12b4591197afc56d253,697ab12b4591197afc56d253,,,,
24734,raw_position_sample,2,3,adv,25,3,3,4,42, has ,392,186,1551989,697ab12b4591197afc56d253,697ab12b4591197afc56d253,advanced,3,697ab12b4591197afc56d253,697ab12b4591197afc56d253,spotlight_PROLIFIC,,31,Mexico,Spanish,N/A,,Spanish:75|English:25,100,Spanish:60|English:40,100,Spanish:90|English:10,100,29,0,Bachelor's,10,10,10,2,3,8,18,30,25,29,,,,,15,25,B1,intermediate|advanced,advanced|intermediate,cambridge_15_21_random_intermediate_advanced,4,20,random,,184.203125,381.71875,208.203125,416.25,4,2,,,,,,,,,,,,2026-08-16T17:54:38.981Z,K8EF3YCB,2026-08-16,2026-08-16,11:54:38,2026-08-16 11:54:38,,,,,,,,697ab12b4591197afc56d253,697ab12b4591197afc56d253,,,,
24787,raw_position_sample,2,3,adv,25,3,3,4,42, has ,394,186,1552041.199999988,697ab12b4591197afc56d253,697ab12b4591197afc56d253,advanced,3,697ab12b4591197afc56d253,697ab12b4591197afc56d253,spotlight_PROLIFIC,,31,Mexico,Spanish,N/A,,Spanish:75|English:25,100,Spanish:60|English:40,100,Spanish:90|English:10,100,29,0,Bachelor's,10,10,10,2,3,8,18,30,25,29,,,,,15,25,B1,intermediate|advanced,advanced|intermediate,cambridge_15_21_random_intermediate_advanced,4,20,random,,184.203125,381.71875,208.203125,416.25,4,2,,,,,,,,,,,,2026-08-16T17:54:38.981Z,K8EF3YCB,2026-08-16,2026-08-16,11:54:38,2026-08-16 11:54:38,,,,,,,,697ab12b4591197afc56d253,697ab12b4591197afc56d253,,,,
24835,raw_position_sample,2,3,adv,25,3,3,4,42, has ,399,186,1552089.3999999762,697ab12b4591197afc56d253,697ab12b4591197afc56d253,advanced,3,697ab12b4591197afc56d253,697ab12b4591197afc56d253,spotlight_PROLIFIC,,31,Mexico,Spanish,N/A,,Spanish:75|English:25,100,Spanish:60|English:40,100,Spanish:90|English:10,100,29,0,Bachelor's,10,10,10,2,3,8,18,30,25,29,,,,,15,25,B1,intermediate|advanced,advanced|intermediate,cambridge_15_21_random_intermediate_advanced,4,20,random,,184.203125,381.71875,208.203125,416.25,4,2,,,,,,,,,,,,2026-08-16T17:54:38.981Z,K8EF3YCB,2026-08-16,2026-08-16,11:54:38,2026-08-16 11:54:38,,,,,,,,697ab12b4591197afc56d253,697ab12b4591197afc56d253,,,,
24897,raw_position_sample,2,3,adv,25,3,3,4,42, has ,399,186,1552151.699999988,697ab12b4591197afc56d253,697ab12b4591197afc56d253,advanced,3,697ab12b4591197afc56d253,697ab12b4591197afc56d253,spotlight_PROLIFIC,,31,Mexico,Spanish,N/A,,Spanish:75|English:25,100,Spanish:60|English:40,100,Spanish:90|English:10,100,29,0,Bachelor's,10,10,10,2,3,8,18,30,25,29,,,,,15,25,B1,intermediate|advanced,advanced|intermediate,cambridge_15_21_random_intermediate_advanced,4,20,random,,184.203125,381.71875,208.203125,416.25,4,2,,,,,,,,,,,,2026-08-16T17:54:38.981Z,K8EF3YCB,2026-08-16,2026-08-16,11:54:38,2026-08-16 11:54:38,,,,,,,,697ab12b4591197afc56d253,697ab12b4591197afc56d253,,,,
24943,raw_position_sample,2,3,adv,25,3,3,4,42, has ,399,186,1552197.800000012,697ab12b4591197afc56d253,697ab12b4591197afc56d253,advanced,3,697ab12b4591197afc56d253,697ab12b4591197afc56d253,spotlight_PROLIFIC,,31,Mexico,Spanish,N/A,,Spanish:75|English:25,100,Spanish:60|English:40,100,Spanish:90|English:10,100,29,0,Bachelor's,10,10,10,2,3,8,18,30,25,29,,,,,15,25,B1,intermediate|advanced,advanced|intermediate,cambridge_15_21_random_intermediate_advanced,4,20,random,,184.203125,381.71875,208.203125,416.25,4,2,,,,,,,,,,,,2026-08-16T17:54:38.981Z,K8EF3YCB,2026-08-16,2026-08-16,11:54:38,2026-08-16 11:54:38,,,,,,,,697ab12b4591197afc56d253,697ab12b4591197afc56d253,,,,
24988,raw_position_sample,2,3,adv,25,3,3,4,42, has ,401,186,1552242.3999999762,697ab12b4591197afc56d253,697ab12b4591197afc56d253,advanced,3,697ab12b4591197afc56d253,697ab12b4591197afc56d253,spotlight_PROLIFIC,,31,Mexico,Spanish,N/A,,Spanish:75|English:25,100,Spanish:60|English:40,100,Spanish:90|English:10,100,29,0,Bachelor's,10,10,10,2,3,8,18,30,25,29,,,,,15,25,B1,intermediate|advanced,advanced|intermediate,cambridge_15_21_random_intermediate_advanced,4,20,random,,184.203125,381.71875,208.203125,416.25,4,2,,,,,,,,,,,,2026-08-16T17:54:38.981Z,K8EF3YCB,2026-08-16,2026-08-16,11:54:38,2026-08-16 11:54:38,,,,,,,,697ab12b4591197afc56d253,697ab12b4591197afc56d253,,,,
25040,raw_position_sample,2,3,adv,25,3,3,4,42, has ,402,186,1552294.5999999642,697ab12b4591197afc56d253,697ab12b4591197afc56d253,advanced,3,697ab12b4591197afc56d253,697ab12b4591197afc56d253,spotlight_PROLIFIC,,31,Mexico,Spanish,N/A,,Spanish:75|English:25,100,Spanish:60|English:40,100,Spanish:90|English:10,100,29,0,Bachelor's,10,10,10,2,3,8,18,30,25,29,,,,,15,25,B1,intermediate|advanced,advanced|intermediate,cambridge_15_21_random_intermediate_advanced,4,20,random,,184.203125,381.71875,208.203125,416.25,4,2,,,,,,,,,,,,2026-08-16T17:54:38.981Z,K8EF3YCB,2026-08-16,2026-08-16,11:54:38,2026-08-16 11:54:38,,,,,,,,697ab12b4591197afc56d253,697ab12b4591197afc56d253,,,,
25092,raw_position_sample,2,3,adv,25,3,3,4,42, has ,406,186,1552346.5999999642,697ab12b4591197afc56d253,697ab12b4591197afc56d253,advanced,3,697ab12b4591197afc56d253,697ab12b4591197afc56d253,spotlight_PROLIFIC,,31,Mexico,Spanish,N/A,,Spanish:75|English:25,100,Spanish:60|English:40,100,Spanish:90|English:10,100,29,0,Bachelor's,10,10,10,2,3,8,18,30,25,29,,,,,15,25,B1,intermediate|advanced,advanced|intermediate,cambridge_15_21_random_intermediate_advanced,4,20,random,,184.203125,381.71875,208.203125,416.25,4,2,,,,,,,,,,,,2026-08-16T17:54:38.981Z,K8EF3YCB,2026-08-16,2026-08-16,11:54:38,2026-08-16 11:54:38,,,,,,,,697ab12b4591197afc56d253,697ab12b4591197afc56d253,,,,
25135,raw_position_sample,2,3,adv,25,3,3,4,42, has ,411,186,1552389.300000012,697ab12b4591197afc56d253,697ab12b4591197afc56d253,advanced,3,697ab12b4591197afc56d253,697ab12b4591197afc56d253,spotlight_PROLIFIC,,31,Mexico,Spanish,N/A,,Spanish:75|English:25,100,Spanish:60|English:40,100,Spanish:90|English:10,100,29,0,Bachelor's,10,10,10,2,3,8,18,30,25,29,,,,,15,25,B1,intermediate|advanced,advanced|intermediate,cambridge_15_21_random_intermediate_advanced,4,20,random,,184.203125,381.71875,208.203125,416.25,4,2,,,,,,,,,,,,2026-08-16T17:54:38.981Z,K8EF3YCB,2026-08-16,2026-08-16,11:54:38,2026-08-16 11:54:38,,,,,,,,697ab12b4591197afc56d253,697ab12b4591197afc56d253,,,,
25179,hover_association,2,3,adv,25,3,3,4,42, has ,382,186,,697ab12b4591197afc56d253,697ab12b4591197afc56d253,advanced,3,697ab12b4591197afc56d253,697ab12b4591197afc56d253,spotlight_PROLIFIC,,31,Mexico,Spanish,N/A,,Spanish:75|English:25,100,Spanish:60|English:40,100,Spanish:90|English:10,100,29,0,Bachelor's,10,10,10,2,3,8,18,30,25,29,,,,,15,25,B1,intermediate|advanced,advanced|intermediate,cambridge_15_21_random_intermediate_advanced,4,20,random,,176.203125,381.71875,216.203125,416.25,4,2,hover,483.2999999523163,483.2999999523163,0.9638009049773756,0.244921875,106,,,,,,2026-08-16T17:54:38.981Z,K8EF3YCB,2026-08-16,2026-08-16,11:54:38,2026-08-16 11:54:38,,,,,,,,697ab12b4591197afc56d253,697ab12b4591197afc56d253,,,,
25195,raw_position_sample,2,3,adv,25,3,3,4,43, been ,420,186,1552449.800000012,697ab12b4591197afc56d253,697ab12b4591197afc56d253,advanced,3,697ab12b4591197afc56d253,697ab12b4591197afc56d253,spotlight_PROLIFIC,,31,Mexico,Spanish,N/A,,Spanish:75|English:25,100,Spanish:60|English:40,100,Spanish:90|English:10,100,29,0,Bachelor's,10,10,10,2,3,8,18,30,25,29,,,,,15,25,B1,intermediate|advanced,advanced|intermediate,cambridge_15_21_random_intermediate_advanced,4,20,random,,184.203125,416.25,208.203125,463.4375,4,3,,,,,,,,,,,,2026-08-16T17:54:38.981Z,K8EF3YCB,2026-08-16,2026-08-16,11:54:38,2026-08-16 11:54:38,,,,,,,,697ab12b4591197afc56d253,697ab12b4591197afc56d253,,,,
25246,raw_position_sample,2,3,adv,25,3,3,4,43, been ,432,186,1552500.300000012,697ab12b4591197afc56d253,697ab12b4591197afc56d253,advanced,3,697ab12b4591197afc56d253,697ab12b4591197afc56d253,spotlight_PROLIFIC,,31,Mexico,Spanish,N/A,,Spanish:75|English:25,100,Spanish:60|English:40,100,Spanish:90|English:10,100,29,0,Bachelor's,10,10,10,2,3,8,18,30,25,29,,,,,15,25,B1,intermediate|advanced,advanced|intermediate,cambridge_15_21_random_intermediate_advanced,4,20,random,,184.203125,416.25,208.203125,463.4375,4,3,,,,,,,,,,,,2026-08-16T17:54:38.981Z,K8EF3YCB,2026-08-16,2026-08-16,11:54:38,2026-08-16 11:54:38,,,,,,,,697ab12b4591197afc56d253,697ab12b4591197afc56d253,,,,
25296,raw_position_sample,2,3,adv,25,3,3,4,43, been ,440,189,1552550.0999999642,697ab12b4591197afc56d253,697ab12b4591197afc56d253,advanced,3,697ab12b4591197afc56d253,697ab12b4591197afc56d253,spotlight_PROLIFIC,,31,Mexico,Spanish,N/A,,Spanish:75|English:25,100,Spanish:60|English:40,100,Spanish:90|English:10,100,29,0,Bachelor's,10,10,10,2,3,8,18,30,25,29,,,,,15,25,B1,intermediate|advanced,advanced|intermediate,cambridge_15_21_random_intermediate_advanced,4,20,random,,184.203125,416.25,208.203125,463.4375,4,3,,,,,,,,,,,,2026-08-16T17:54:38.981Z,K8EF3YCB,2026-08-16,2026-08-16,11:54:38,2026-08-16 11:54:38,,,,,,,,697ab12b4591197afc56d253,697ab12b4591197afc56d253,,,,
25345,raw_position_sample,2,3,adv,25,3,3,4,43, been ,442,189,1552600.0999999642,697ab12b4591197afc56d253,697ab12b4591197afc56d253,advanced,3,697ab12b4591197afc56d253,697ab12b4591197afc56d253,spotlight_PROLIFIC,,31,Mexico,Spanish,N/A,,Spanish:75|English:25,100,Spanish:60|English:40,100,Spanish:90|English:10,100,29,0,Bachelor's,10,10,10,2,3,8,18,30,25,29,,,,,15,25,B1,intermediate|advanced,advanced|intermediate,cambridge_15_21_random_intermediate_advanced,4,20,random,,184.203125,416.25,208.203125,463.4375,4,3,,,,,,,,,,,,2026-08-16T17:54:38.981Z,K8EF3YCB,2026-08-16,2026-08-16,11:54:38,2026-08-16 11:54:38,,,,,,,,697ab12b4591197afc56d253,697ab12b4591197afc56d253,,,,
25384,raw_position_sample,2,3,adv,25,3,3,4,43, been ,447,190,1552639,697ab12b4591197afc56d253,697ab12b4591197afc56d253,advanced,3,697ab12b4591197afc56d253,697ab12b4591197afc56d253,spotlight_PROLIFIC,,31,Mexico,Spanish,N/A,,Spanish:75|English:25,100,Spanish:60|English:40,100,Spanish:90|English:10,100,29,0,Bachelor's,10,10,10,2,3,8,18,30,25,29,,,,,15,25,B1,intermediate|advanced,advanced|intermediate,cambridge_15_21_random_intermediate_advanced,4,20,random,,184.203125,416.25,208.203125,463.4375,4,3,,,,,,,,,,,,2026-08-16T17:54:38.981Z,K8EF3YCB,2026-08-16,2026-08-16,11:54:38,2026-08-16 11:54:38,,,,,,,,697ab12b4591197afc56d253,697ab12b4591197afc56d253,,,,
25447,raw_position_sample,2,3,adv,25,3,3,4,43, been ,455,191,1552701.699999988,697ab12b4591197afc56d253,697ab12b4591197afc56d253,advanced,3,697ab12b4591197afc56d253,697ab12b4591197afc56d253,spotlight_PROLIFIC,,31,Mexico,Spanish,N/A,,Spanish:75|English:25,100,Spanish:60|English:40,100,Spanish:90|English:10,100,29,0,Bachelor's,10,10,10,2,3,8,18,30,25,29,,,,,15,25,B1,intermediate|advanced,advanced|intermediate,cambridge_15_21_random_intermediate_advanced,4,20,random,,184.203125,416.25,208.203125,463.4375,4,3,,,,,,,,,,,,2026-08-16T17:54:38.981Z,K8EF3YCB,2026-08-16,2026-08-16,11:54:38,2026-08-16 11:54:38,,,,,,,,697ab12b4591197afc56d253,697ab12b4591197afc56d253,,,,
25484,raw_position_sample,2,3,adv,25,3,3,4,43, been ,455,193,1552738.8999999762,697ab12b4591197afc56d253,697ab12b4591197afc56d253,advanced,3,697ab12b4591197afc56d253,697ab12b4591197afc56d253,spotlight_PROLIFIC,,31,Mexico,Spanish,N/A,,Spanish:75|English:25,100,Spanish:60|English:40,100,Spanish:90|English:10,100,29,0,Bachelor's,10,10,10,2,3,8,18,30,25,29,,,,,15,25,B1,intermediate|advanced,advanced|intermediate,cambridge_15_21_random_intermediate_advanced,4,20,random,,184.203125,416.25,208.203125,463.4375,4,3,,,,,,,,,,,,2026-08-16T17:54:38.981Z,K8EF3YCB,2026-08-16,2026-08-16,11:54:38,2026-08-16 11:54:38,,,,,,,,697ab12b4591197afc56d253,697ab12b4591197afc56d253,,,,
25543,raw_position_sample,2,3,adv,25,3,3,4,43, been ,455,193,1552798.0999999642,697ab12b4591197afc56d253,697ab12b4591197afc56d253,advanced,3,697ab12b4591197afc56d253,697ab12b4591197afc56d253,spotlight_PROLIFIC,,31,Mexico,Spanish,N/A,,Spanish:75|English:25,100,Spanish:60|English:40,100,Spanish:90|English:10,100,29,0,Bachelor's,10,10,10,2,3,8,18,30,25,29,,,,,15,25,B1,intermediate|advanced,advanced|intermediate,cambridge_15_21_random_intermediate_advanced,4,20,random,,184.203125,416.25,208.203125,463.4375,4,3,,,,,,,,,,,,2026-08-16T17:54:38.981Z,K8EF3YCB,2026-08-16,2026-08-16,11:54:38,2026-08-16 11:54:38,,,,,,,,697ab12b4591197afc56d253,697ab12b4591197afc56d253,,,,
25592,raw_position_sample,2,3,adv,25,3,3,4,43, been ,455,193,1552846.699999988,697ab12b4591197afc56d253,697ab12b4591197afc56d253,advanced,3,697ab12b4591197afc56d253,697ab12b4591197afc56d253,spotlight_PROLIFIC,,31,Mexico,Spanish,N/A,,Spanish:75|English:25,100,Spanish:60|English:40,100,Spanish:90|English:10,100,29,0,Bachelor's,10,10,10,2,3,8,18,30,25,29,,,,,15,25,B1,intermediate|advanced,advanced|intermediate,cambridge_15_21_random_intermediate_advanced,4,20,random,,184.203125,416.25,208.203125,463.4375,4,3,,,,,,,,,,,,2026-08-16T17:54:38.981Z,K8EF3YCB,2026-08-16,2026-08-16,11:54:38,2026-08-16 11:54:38,,,,,,,,697ab12b4591197afc56d253,697ab12b4591197afc56d253,,,,
25646,hover_association,2,3,adv,25,3,3,4,43, been ,420,186,,697ab12b4591197afc56d253,697ab12b4591197afc56d253,advanced,3,697ab12b4591197afc56d253,697ab12b4591197afc56d253,spotlight_PROLIFIC,,31,Mexico,Spanish,N/A,,Spanish:75|English:25,100,Spanish:60|English:40,100,Spanish:90|English:10,100,29,0,Bachelor's,10,10,10,2,3,8,18,30,25,29,,,,,15,25,B1,intermediate|advanced,advanced|intermediate,cambridge_15_21_random_intermediate_advanced,4,20,random,,176.203125,416.25,216.203125,463.4375,4,3,hover,466.60000002384186,466.60000002384186,0.9695364238410596,0.519921875,106,,,,,,2026-08-16T17:54:38.981Z,K8EF3YCB,2026-08-16,2026-08-16,11:54:38,2026-08-16 11:54:38,,,,,,,,697ab12b4591197afc56d253,697ab12b4591197afc56d253,,,,
25647,raw_position_sample,2,3,adv,25,3,3,4,44, paid ,465,199,1552902.0999999642,697ab12b4591197afc56d253,697ab12b4591197afc56d253,advanced,3,697ab12b4591197afc56d253,697ab12b4591197afc56d253,spotlight_PROLIFIC,,31,Mexico,Spanish,N/A,,Spanish:75|English:25,100,Spanish:60|English:40,100,Spanish:90|English:10,100,29,0,Bachelor's,10,10,10,2,3,8,18,30,25,29,,,,,15,25,B1,intermediate|advanced,advanced|intermediate,cambridge_15_21_random_intermediate_advanced,4,20,random,,184.203125,463.4375,208.203125,505,4,4,,,,,,,,,,,,2026-08-16T17:54:38.981Z,K8EF3YCB,2026-08-16,2026-08-16,11:54:38,2026-08-16 11:54:38,,,,,,,,697ab12b4591197afc56d253,697ab12b4591197afc56d253,,,,
25695,raw_position_sample,2,3,adv,25,3,3,4,44, paid ,476,203,1552949.3999999762,697ab12b4591197afc56d253,697ab12b4591197afc56d253,advanced,3,697ab12b4591197afc56d253,697ab12b4591197afc56d253,spotlight_PROLIFIC,,31,Mexico,Spanish,N/A,,Spanish:75|English:25,100,Spanish:60|English:40,100,Spanish:90|English:10,100,29,0,Bachelor's,10,10,10,2,3,8,18,30,25,29,,,,,15,25,B1,intermediate|advanced,advanced|intermediate,cambridge_15_21_random_intermediate_advanced,4,20,random,,184.203125,463.4375,208.203125,505,4,4,,,,,,,,,,,,2026-08-16T17:54:38.981Z,K8EF3YCB,2026-08-16,2026-08-16,11:54:38,2026-08-16 11:54:38,,,,,,,,697ab12b4591197afc56d253,697ab12b4591197afc56d253,,,,
25746,raw_position_sample,2,3,adv,25,3,3,4,44, paid ,487,206,1553000.199999988,697ab12b4591197afc56d253,697ab12b4591197afc56d253,advanced,3,697ab12b4591197afc56d253,697ab12b4591197afc56d253,spotlight_PROLIFIC,,31,Mexico,Spanish,N/A,,Spanish:75|English:25,100,Spanish:60|English:40,100,Spanish:90|English:10,100,29,0,Bachelor's,10,10,10,2,3,8,18,30,25,29,,,,,15,25,B1,intermediate|advanced,advanced|intermediate,cambridge_15_21_random_intermediate_advanced,4,20,random,,184.203125,463.4375,208.203125,505,4,4,,,,,,,,,,,,2026-08-16T17:54:38.981Z,K8EF3YCB,2026-08-16,2026-08-16,11:54:38,2026-08-16 11:54:38,,,,,,,,697ab12b4591197afc56d253,697ab12b4591197afc56d253,,,,
25795,raw_position_sample,2,3,adv,25,3,3,4,44, paid ,487,206,1553049.8999999762,697ab12b4591197afc56d253,697ab12b4591197afc56d253,advanced,3,697ab12b4591197afc56d253,697ab12b4591197afc56d253,spotlight_PROLIFIC,,31,Mexico,Spanish,N/A,,Spanish:75|English:25,100,Spanish:60|English:40,100,Spanish:90|English:10,100,29,0,Bachelor's,10,10,10,2,3,8,18,30,25,29,,,,,15,25,B1,intermediate|advanced,advanced|intermediate,cambridge_15_21_random_intermediate_advanced,4,20,random,,184.203125,463.4375,208.203125,505,4,4,,,,,,,,,,,,2026-08-16T17:54:38.981Z,K8EF3YCB,2026-08-16,2026-08-16,11:54:38,2026-08-16 11:54:38,,,,,,,,697ab12b4591197afc56d253,697ab12b4591197afc56d253,,,,
25834,raw_position_sample,2,3,adv,25,3,3,4,44, paid ,494,206,1553088.800000012,697ab12b4591197afc56d253,697ab12b4591197afc56d253,advanced,3,697ab12b4591197afc56d253,697ab12b4591197afc56d253,spotlight_PROLIFIC,,31,Mexico,Spanish,N/A,,Spanish:75|English:25,100,Spanish:60|English:40,100,Spanish:90|English:10,100,29,0,Bachelor's,10,10,10,2,3,8,18,30,25,29,,,,,15,25,B1,intermediate|advanced,advanced|intermediate,cambridge_15_21_random_intermediate_advanced,4,20,random,,184.203125,463.4375,208.203125,505,4,4,,,,,,,,,,,,2026-08-16T17:54:38.981Z,K8EF3YCB,2026-08-16,2026-08-16,11:54:38,2026-08-16 11:54:38,,,,,,,,697ab12b4591197afc56d253,697ab12b4591197afc56d253,,,,
25888,raw_position_sample,2,3,adv,25,3,3,4,44, paid ,496,206,1553142.300000012,697ab12b4591197afc56d253,697ab12b4591197afc56d253,advanced,3,697ab12b4591197afc56d253,697ab12b4591197afc56d253,spotlight_PROLIFIC,,31,Mexico,Spanish,N/A,,Spanish:75|English:25,100,Spanish:60|English:40,100,Spanish:90|English:10,100,29,0,Bachelor's,10,10,10,2,3,8,18,30,25,29,,,,,15,25,B1,intermediate|advanced,advanced|intermediate,cambridge_15_21_random_intermediate_advanced,4,20,random,,184.203125,463.4375,208.203125,505,4,4,,,,,,,,,,,,2026-08-16T17:54:38.981Z,K8EF3YCB,2026-08-16,2026-08-16,11:54:38,2026-08-16 11:54:38,,,,,,,,697ab12b4591197afc56d253,697ab12b4591197afc56d253,,,,
25934,raw_position_sample,2,3,adv,25,3,3,4,44, paid ,503,206,1553188.800000012,697ab12b4591197afc56d253,697ab12b4591197afc56d253,advanced,3,697ab12b4591197afc56d253,697ab12b4591197afc56d253,spotlight_PROLIFIC,,31,Mexico,Spanish,N/A,,Spanish:75|English:25,100,Spanish:60|English:40,100,Spanish:90|English:10,100,29,0,Bachelor's,10,10,10,2,3,8,18,30,25,29,,,,,15,25,B1,intermediate|advanced,advanced|intermediate,cambridge_15_21_random_intermediate_advanced,4,20,random,,184.203125,463.4375,208.203125,505,4,4,,,,,,,,,,,,2026-08-16T17:54:38.981Z,K8EF3YCB,2026-08-16,2026-08-16,11:54:38,2026-08-16 11:54:38,,,,,,,,697ab12b4591197afc56d253,697ab12b4591197afc56d253,,,,
25946,hover_association,2,3,adv,25,3,3,4,44, paid ,465,199,,697ab12b4591197afc56d253,697ab12b4591197afc56d253,advanced,3,697ab12b4591197afc56d253,697ab12b4591197afc56d253,spotlight_PROLIFIC,,31,Mexico,Spanish,N/A,,Spanish:75|English:25,100,Spanish:60|English:40,100,Spanish:90|English:10,100,29,0,Bachelor's,10,10,10,2,3,8,18,30,25,29,,,,,15,25,B1,intermediate|advanced,advanced|intermediate,cambridge_15_21_random_intermediate_advanced,4,20,random,,176.203125,463.4375,216.203125,505,4,4,hover,299.80000001192093,299.80000001192093,0.9518796992481203,0.744921875,106,,,,,,2026-08-16T17:54:38.981Z,K8EF3YCB,2026-08-16,2026-08-16,11:54:38,2026-08-16 11:54:38,,,,,,,,697ab12b4591197afc56d253,697ab12b4591197afc56d253,,,,
25984,raw_position_sample,2,3,adv,25,3,3,4,45, to ,513,206,1553238.8999999762,697ab12b4591197afc56d253,697ab12b4591197afc56d253,advanced,3,697ab12b4591197afc56d253,697ab12b4591197afc56d253,spotlight_PROLIFIC,,31,Mexico,Spanish,N/A,,Spanish:75|English:25,100,Spanish:60|English:40,100,Spanish:90|English:10,100,29,0,Bachelor's,10,10,10,2,3,8,18,30,25,29,,,,,15,25,B1,intermediate|advanced,advanced|intermediate,cambridge_15_21_random_intermediate_advanced,4,20,random,,184.203125,505,208.203125,527.078125,4,5,,,,,,,,,,,,2026-08-16T17:54:38.981Z,K8EF3YCB,2026-08-16,2026-08-16,11:54:38,2026-08-16 11:54:38,,,,,,,,697ab12b4591197afc56d253,697ab12b4591197afc56d253,,,,
26045,raw_position_sample,2,3,adv,25,3,3,4,45, to ,525,206,1553299.5999999642,697ab12b4591197afc56d253,697ab12b4591197afc56d253,advanced,3,697ab12b4591197afc56d253,697ab12b4591197afc56d253,spotlight_PROLIFIC,,31,Mexico,Spanish,N/A,,Spanish:75|English:25,100,Spanish:60|English:40,100,Spanish:90|English:10,100,29,0,Bachelor's,10,10,10,2,3,8,18,30,25,29,,,,,15,25,B1,intermediate|advanced,advanced|intermediate,cambridge_15_21_random_intermediate_advanced,4,20,random,,184.203125,505,208.203125,527.078125,4,5,,,,,,,,,,,,2026-08-16T17:54:38.981Z,K8EF3YCB,2026-08-16,2026-08-16,11:54:38,2026-08-16 11:54:38,,,,,,,,697ab12b4591197afc56d253,697ab12b4591197afc56d253,,,,
26046,hover_association,2,3,adv,25,3,3,4,45, to ,506,206,,697ab12b4591197afc56d253,697ab12b4591197afc56d253,advanced,3,697ab12b4591197afc56d253,697ab12b4591197afc56d253,spotlight_PROLIFIC,,31,Mexico,Spanish,N/A,,Spanish:75|English:25,100,Spanish:60|English:40,100,Spanish:90|English:10,100,29,0,Bachelor's,10,10,10,2,3,8,18,30,25,29,,,,,15,25,B1,intermediate|advanced,advanced|intermediate,cambridge_15_21_random_intermediate_advanced,4,20,random,,176.203125,505,216.203125,527.078125,4,5,hover,100.39999997615814,100.39999997615814,0.9058740268931351,0.744921875,106,,,,,,2026-08-16T17:54:38.981Z,K8EF3YCB,2026-08-16,2026-08-16,11:54:38,2026-08-16 11:54:38,,,,,,,,697ab12b4591197afc56d253,697ab12b4591197afc56d253,,,,
26097,raw_position_sample,2,3,adv,25,3,3,4,46, visit ,539,206,1553351.300000012,697ab12b4591197afc56d253,697ab12b4591197afc56d253,advanced,3,697ab12b4591197afc56d253,697ab12b4591197afc56d253,spotlight_PROLIFIC,,31,Mexico,Spanish,N/A,,Spanish:75|English:25,100,Spanish:60|English:40,100,Spanish:90|English:10,100,29,0,Bachelor's,10,10,10,2,3,8,18,30,25,29,,,,,15,25,B1,intermediate|advanced,advanced|intermediate,cambridge_15_21_random_intermediate_advanced,4,20,random,,184.203125,527.078125,208.203125,565.3125,4,6,,,,,,,,,,,,2026-08-16T17:54:38.981Z,K8EF3YCB,2026-08-16,2026-08-16,11:54:38,2026-08-16 11:54:38,,,,,,,,697ab12b4591197afc56d253,697ab12b4591197afc56d253,,,,
26147,raw_position_sample,2,3,adv,25,3,3,4,46, visit ,553,206,1553402,697ab12b4591197afc56d253,697ab12b4591197afc56d253,advanced,3,697ab12b4591197afc56d253,697ab12b4591197afc56d253,spotlight_PROLIFIC,,31,Mexico,Spanish,N/A,,Spanish:75|English:25,100,Spanish:60|English:40,100,Spanish:90|English:10,100,29,0,Bachelor's,10,10,10,2,3,8,18,30,25,29,,,,,15,25,B1,intermediate|advanced,advanced|intermediate,cambridge_15_21_random_intermediate_advanced,4,20,random,,184.203125,527.078125,208.203125,565.3125,4,6,,,,,,,,,,,,2026-08-16T17:54:38.981Z,K8EF3YCB,2026-08-16,2026-08-16,11:54:38,2026-08-16 11:54:38,,,,,,,,697ab12b4591197afc56d253,697ab12b4591197afc56d253,,,,
26184,raw_position_sample,2,3,adv,25,3,3,4,46, visit ,565,206,1553438.8999999762,697ab12b4591197afc56d253,697ab12b4591197afc56d253,advanced,3,697ab12b4591197afc56d253,697ab12b4591197afc56d253,spotlight_PROLIFIC,,31,Mexico,Spanish,N/A,,Spanish:75|English:25,100,Spanish:60|English:40,100,Spanish:90|English:10,100,29,0,Bachelor's,10,10,10,2,3,8,18,30,25,29,,,,,15,25,B1,intermediate|advanced,advanced|intermediate,cambridge_15_21_random_intermediate_advanced,4,20,random,,184.203125,527.078125,208.203125,565.3125,4,6,,,,,,,,,,,,2026-08-16T17:54:38.981Z,K8EF3YCB,2026-08-16,2026-08-16,11:54:38,2026-08-16 11:54:38,,,,,,,,697ab12b4591197afc56d253,697ab12b4591197afc56d253,,,,
26196,hover_association,2,3,adv,25,3,3,4,46, visit ,528,206,,697ab12b4591197afc56d253,697ab12b4591197afc56d253,advanced,3,697ab12b4591197afc56d253,697ab12b4591197afc56d253,spotlight_PROLIFIC,,31,Mexico,Spanish,N/A,,Spanish:75|English:25,100,Spanish:60|English:40,100,Spanish:90|English:10,100,29,0,Bachelor's,10,10,10,2,3,8,18,30,25,29,,,,,15,25,B1,intermediate|advanced,advanced|intermediate,cambridge_15_21_random_intermediate_advanced,4,20,random,,176.203125,527.078125,216.203125,565.3125,4,6,hover,149.80000001192093,149.80000001192093,0.991826726604005,0.744921875,106,,,,,,2026-08-16T17:54:38.981Z,K8EF3YCB,2026-08-16,2026-08-16,11:54:38,2026-08-16 11:54:38,,,,,,,,697ab12b4591197afc56d253,697ab12b4591197afc56d253,,,,
26247,raw_position_sample,2,3,adv,25,3,3,4,47, around ,579,206,1553501.8999999762,697ab12b4591197afc56d253,697ab12b4591197afc56d253,advanced,3,697ab12b4591197afc56d253,697ab12b4591197afc56d253,spotlight_PROLIFIC,,31,Mexico,Spanish,N/A,,Spanish:75|English:25,100,Spanish:60|English:40,100,Spanish:90|English:10,100,29,0,Bachelor's,10,10,10,2,3,8,18,30,25,29,,,,,15,25,B1,intermediate|advanced,advanced|intermediate,cambridge_15_21_random_intermediate_advanced,4,20,random,,184.203125,565.3125,208.203125,631.375,4,7,,,,,,,,,,,,2026-08-16T17:54:38.981Z,K8EF3YCB,2026-08-16,2026-08-16,11:54:38,2026-08-16 11:54:38,,,,,,,,697ab12b4591197afc56d253,697ab12b4591197afc56d253,,,,
26289,raw_position_sample,2,3,adv,25,3,3,4,47, around ,585,206,1553543.8999999762,697ab12b4591197afc56d253,697ab12b4591197afc56d253,advanced,3,697ab12b4591197afc56d253,697ab12b4591197afc56d253,spotlight_PROLIFIC,,31,Mexico,Spanish,N/A,,Spanish:75|English:25,100,Spanish:60|English:40,100,Spanish:90|English:10,100,29,0,Bachelor's,10,10,10,2,3,8,18,30,25,29,,,,,15,25,B1,intermediate|advanced,advanced|intermediate,cambridge_15_21_random_intermediate_advanced,4,20,random,,184.203125,565.3125,208.203125,631.375,4,7,,,,,,,,,,,,2026-08-16T17:54:38.981Z,K8EF3YCB,2026-08-16,2026-08-16,11:54:38,2026-08-16 11:54:38,,,,,,,,697ab12b4591197afc56d253,697ab12b4591197afc56d253,,,,
26347,raw_position_sample,2,3,adv,25,3,3,4,47, around ,599,206,1553601.3999999762,697ab12b4591197afc56d253,697ab12b4591197afc56d253,advanced,3,697ab12b4591197afc56d253,697ab12b4591197afc56d253,spotlight_PROLIFIC,,31,Mexico,Spanish,N/A,,Spanish:75|English:25,100,Spanish:60|English:40,100,Spanish:90|English:10,100,29,0,Bachelor's,10,10,10,2,3,8,18,30,25,29,,,,,15,25,B1,intermediate|advanced,advanced|intermediate,cambridge_15_21_random_intermediate_advanced,4,20,random,,184.203125,565.3125,208.203125,631.375,4,7,,,,,,,,,,,,2026-08-16T17:54:38.981Z,K8EF3YCB,2026-08-16,2026-08-16,11:54:38,2026-08-16 11:54:38,,,,,,,,697ab12b4591197afc56d253,697ab12b4591197afc56d253,,,,
26384,raw_position_sample,2,3,adv,25,3,3,4,47, around ,603,206,1553638.800000012,697ab12b4591197afc56d253,697ab12b4591197afc56d253,advanced,3,697ab12b4591197afc56d253,697ab12b4591197afc56d253,spotlight_PROLIFIC,,31,Mexico,Spanish,N/A,,Spanish:75|English:25,100,Spanish:60|English:40,100,Spanish:90|English:10,100,29,0,Bachelor's,10,10,10,2,3,8,18,30,25,29,,,,,15,25,B1,intermediate|advanced,advanced|intermediate,cambridge_15_21_random_intermediate_advanced,4,20,random,,184.203125,565.3125,208.203125,631.375,4,7,,,,,,,,,,,,2026-08-16T17:54:38.981Z,K8EF3YCB,2026-08-16,2026-08-16,11:54:38,2026-08-16 11:54:38,,,,,,,,697ab12b4591197afc56d253,697ab12b4591197afc56d253,,,,
26447,raw_position_sample,2,3,adv,25,3,3,4,47, around ,613,206,1553701.3999999762,697ab12b4591197afc56d253,697ab12b4591197afc56d253,advanced,3,697ab12b4591197afc56d253,697ab12b4591197afc56d253,spotlight_PROLIFIC,,31,Mexico,Spanish,N/A,,Spanish:75|English:25,100,Spanish:60|English:40,100,Spanish:90|English:10,100,29,0,Bachelor's,10,10,10,2,3,8,18,30,25,29,,,,,15,25,B1,intermediate|advanced,advanced|intermediate,cambridge_15_21_random_intermediate_advanced,4,20,random,,184.203125,565.3125,208.203125,631.375,4,7,,,,,,,,,,,,2026-08-16T17:54:38.981Z,K8EF3YCB,2026-08-16,2026-08-16,11:54:38,2026-08-16 11:54:38,,,,,,,,697ab12b4591197afc56d253,697ab12b4591197afc56d253,,,,
26484,raw_position_sample,2,3,adv,25,3,3,4,47, around ,617,206,1553738.699999988,697ab12b4591197afc56d253,697ab12b4591197afc56d253,advanced,3,697ab12b4591197afc56d253,697ab12b4591197afc56d253,spotlight_PROLIFIC,,31,Mexico,Spanish,N/A,,Spanish:75|English:25,100,Spanish:60|English:40,100,Spanish:90|English:10,100,29,0,Bachelor's,10,10,10,2,3,8,18,30,25,29,,,,,15,25,B1,intermediate|advanced,advanced|intermediate,cambridge_15_21_random_intermediate_advanced,4,20,random,,184.203125,565.3125,208.203125,631.375,4,7,,,,,,,,,,,,2026-08-16T17:54:38.981Z,K8EF3YCB,2026-08-16,2026-08-16,11:54:38,2026-08-16 11:54:38,,,,,,,,697ab12b4591197afc56d253,697ab12b4591197afc56d253,,,,
26548,raw_position_sample,2,3,adv,25,3,3,4,47, around ,626,206,1553802.300000012,697ab12b4591197afc56d253,697ab12b4591197afc56d253,advanced,3,697ab12b4591197afc56d253,697ab12b4591197afc56d253,spotlight_PROLIFIC,,31,Mexico,Spanish,N/A,,Spanish:75|English:25,100,Spanish:60|English:40,100,Spanish:90|English:10,100,29,0,Bachelor's,10,10,10,2,3,8,18,30,25,29,,,,,15,25,B1,intermediate|advanced,advanced|intermediate,cambridge_15_21_random_intermediate_advanced,4,20,random,,184.203125,565.3125,208.203125,631.375,4,7,,,,,,,,,,,,2026-08-16T17:54:38.981Z,K8EF3YCB,2026-08-16,2026-08-16,11:54:38,2026-08-16 11:54:38,,,,,,,,697ab12b4591197afc56d253,697ab12b4591197afc56d253,,,,
26579,hover_association,2,3,adv,25,3,3,4,47, around ,570,206,,697ab12b4591197afc56d253,697ab12b4591197afc56d253,advanced,3,697ab12b4591197afc56d253,697ab12b4591197afc56d253,spotlight_PROLIFIC,,31,Mexico,Spanish,N/A,,Spanish:75|English:25,100,Spanish:60|English:40,100,Spanish:90|English:10,100,29,0,Bachelor's,10,10,10,2,3,8,18,30,25,29,,,,,15,25,B1,intermediate|advanced,advanced|intermediate,cambridge_15_21_random_intermediate_advanced,4,20,random,,176.203125,565.3125,216.203125,631.375,4,7,hover,383.30000001192093,383.30000001192093,0.9640491958372753,0.744921875,106,,,,,,2026-08-16T17:54:38.981Z,K8EF3YCB,2026-08-16,2026-08-16,11:54:38,2026-08-16 11:54:38,,,,,,,,697ab12b4591197afc56d253,697ab12b4591197afc56d253,,,,
26597,raw_position_sample,2,3,adv,25,3,3,4,48," 7,000 ",638,206,1553851.199999988,697ab12b4591197afc56d253,697ab12b4591197afc56d253,advanced,3,697ab12b4591197afc56d253,697ab12b4591197afc56d253,spotlight_PROLIFIC,,31,Mexico,Spanish,N/A,,Spanish:75|English:25,100,Spanish:60|English:40,100,Spanish:90|English:10,100,29,0,Bachelor's,10,10,10,2,3,8,18,30,25,29,,,,,15,25,B1,intermediate|advanced,advanced|intermediate,cambridge_15_21_random_intermediate_advanced,4,20,random,,184.203125,631.375,208.203125,682.078125,4,8,,,,,,,,,,,,2026-08-16T17:54:38.981Z,K8EF3YCB,2026-08-16,2026-08-16,11:54:38,2026-08-16 11:54:38,,,,,,,,697ab12b4591197afc56d253,697ab12b4591197afc56d253,,,,
26639,raw_position_sample,2,3,adv,25,3,3,4,48," 7,000 ",644,206,1553893.800000012,697ab12b4591197afc56d253,697ab12b4591197afc56d253,advanced,3,697ab12b4591197afc56d253,697ab12b4591197afc56d253,spotlight_PROLIFIC,,31,Mexico,Spanish,N/A,,Spanish:75|English:25,100,Spanish:60|English:40,100,Spanish:90|English:10,100,29,0,Bachelor's,10,10,10,2,3,8,18,30,25,29,,,,,15,25,B1,intermediate|advanced,advanced|intermediate,cambridge_15_21_random_intermediate_advanced,4,20,random,,184.203125,631.375,208.203125,682.078125,4,8,,,,,,,,,,,,2026-08-16T17:54:38.981Z,K8EF3YCB,2026-08-16,2026-08-16,11:54:38,2026-08-16 11:54:38,,,,,,,,697ab12b4591197afc56d253,697ab12b4591197afc56d253,,,,
26685,raw_position_sample,2,3,adv,25,3,3,4,48," 7,000 ",648,206,1553939.5,697ab12b4591197afc56d253,697ab12b4591197afc56d253,advanced,3,697ab12b4591197afc56d253,697ab12b4591197afc56d253,spotlight_PROLIFIC,,31,Mexico,Spanish,N/A,,Spanish:75|English:25,100,Spanish:60|English:40,100,Spanish:90|English:10,100,29,0,Bachelor's,10,10,10,2,3,8,18,30,25,29,,,,,15,25,B1,intermediate|advanced,advanced|intermediate,cambridge_15_21_random_intermediate_advanced,4,20,random,,184.203125,631.375,208.203125,682.078125,4,8,,,,,,,,,,,,2026-08-16T17:54:38.981Z,K8EF3YCB,2026-08-16,2026-08-16,11:54:38,2026-08-16 11:54:38,,,,,,,,697ab12b4591197afc56d253,697ab12b4591197afc56d253,,,,
26745,raw_position_sample,2,3,adv,25,3,3,4,48," 7,000 ",654,205,1554000.0999999642,697ab12b4591197afc56d253,697ab12b4591197afc56d253,advanced,3,697ab12b4591197afc56d253,697ab12b4591197afc56d253,spotlight_PROLIFIC,,31,Mexico,Spanish,N/A,,Spanish:75|English:25,100,Spanish:60|English:40,100,Spanish:90|English:10,100,29,0,Bachelor's,10,10,10,2,3,8,18,30,25,29,,,,,15,25,B1,intermediate|advanced,advanced|intermediate,cambridge_15_21_random_intermediate_advanced,4,20,random,,184.203125,631.375,208.203125,682.078125,4,8,,,,,,,,,,,,2026-08-16T17:54:38.981Z,K8EF3YCB,2026-08-16,2026-08-16,11:54:38,2026-08-16 11:54:38,,,,,,,,697ab12b4591197afc56d253,697ab12b4591197afc56d253,,,,
26795,raw_position_sample,2,3,adv,25,3,3,4,48," 7,000 ",654,205,1554049.800000012,697ab12b4591197afc56d253,697ab12b4591197afc56d253,advanced,3,697ab12b4591197afc56d253,697ab12b4591197afc56d253,spotlight_PROLIFIC,,31,Mexico,Spanish,N/A,,Spanish:75|English:25,100,Spanish:60|English:40,100,Spanish:90|English:10,100,29,0,Bachelor's,10,10,10,2,3,8,18,30,25,29,,,,,15,25,B1,intermediate|advanced,advanced|intermediate,cambridge_15_21_random_intermediate_advanced,4,20,random,,184.203125,631.375,208.203125,682.078125,4,8,,,,,,,,,,,,2026-08-16T17:54:38.981Z,K8EF3YCB,2026-08-16,2026-08-16,11:54:38,2026-08-16 11:54:38,,,,,,,,697ab12b4591197afc56d253,697ab12b4591197afc56d253,,,,
26834,raw_position_sample,2,3,adv,25,3,3,4,48," 7,000 ",659,204,1554088.699999988,697ab12b4591197afc56d253,697ab12b4591197afc56d253,advanced,3,697ab12b4591197afc56d253,697ab12b4591197afc56d253,spotlight_PROLIFIC,,31,Mexico,Spanish,N/A,,Spanish:75|English:25,100,Spanish:60|English:40,100,Spanish:90|English:10,100,29,0,Bachelor's,10,10,10,2,3,8,18,30,25,29,,,,,15,25,B1,intermediate|advanced,advanced|intermediate,cambridge_15_21_random_intermediate_advanced,4,20,random,,184.203125,631.375,208.203125,682.078125,4,8,,,,,,,,,,,,2026-08-16T17:54:38.981Z,K8EF3YCB,2026-08-16,2026-08-16,11:54:38,2026-08-16 11:54:38,,,,,,,,697ab12b4591197afc56d253,697ab12b4591197afc56d253,,,,
26885,raw_position_sample,2,3,adv,25,3,3,4,48," 7,000 ",661,204,1554139.699999988,697ab12b4591197afc56d253,697ab12b4591197afc56d253,advanced,3,697ab12b4591197afc56d253,697ab12b4591197afc56d253,spotlight_PROLIFIC,,31,Mexico,Spanish,N/A,,Spanish:75|English:25,100,Spanish:60|English:40,100,Spanish:90|English:10,100,29,0,Bachelor's,10,10,10,2,3,8,18,30,25,29,,,,,15,25,B1,intermediate|advanced,advanced|intermediate,cambridge_15_21_random_intermediate_advanced,4,20,random,,184.203125,631.375,208.203125,682.078125,4,8,,,,,,,,,,,,2026-08-16T17:54:38.981Z,K8EF3YCB,2026-08-16,2026-08-16,11:54:38,2026-08-16 11:54:38,,,,,,,,697ab12b4591197afc56d253,697ab12b4591197afc56d253,,,,
26934,raw_position_sample,2,3,adv,25,3,3,4,48," 7,000 ",666,204,1554188.5,697ab12b4591197afc56d253,697ab12b4591197afc56d253,advanced,3,697ab12b4591197afc56d253,697ab12b4591197afc56d253,spotlight_PROLIFIC,,31,Mexico,Spanish,N/A,,Spanish:75|English:25,100,Spanish:60|English:40,100,Spanish:90|English:10,100,29,0,Bachelor's,10,10,10,2,3,8,18,30,25,29,,,,,15,25,B1,intermediate|advanced,advanced|intermediate,cambridge_15_21_random_intermediate_advanced,4,20,random,,184.203125,631.375,208.203125,682.078125,4,8,,,,,,,,,,,,2026-08-16T17:54:38.981Z,K8EF3YCB,2026-08-16,2026-08-16,11:54:38,2026-08-16 11:54:38,,,,,,,,697ab12b4591197afc56d253,697ab12b4591197afc56d253,,,,
26984,raw_position_sample,2,3,adv,25,3,3,4,48," 7,000 ",670,204,1554238.8999999762,697ab12b4591197afc56d253,697ab12b4591197afc56d253,advanced,3,697ab12b4591197afc56d253,697ab12b4591197afc56d253,spotlight_PROLIFIC,,31,Mexico,Spanish,N/A,,Spanish:75|English:25,100,Spanish:60|English:40,100,Spanish:90|English:10,100,29,0,Bachelor's,10,10,10,2,3,8,18,30,25,29,,,,,15,25,B1,intermediate|advanced,advanced|intermediate,cambridge_15_21_random_intermediate_advanced,4,20,random,,184.203125,631.375,208.203125,682.078125,4,8,,,,,,,,,,,,2026-08-16T17:54:38.981Z,K8EF3YCB,2026-08-16,2026-08-16,11:54:38,2026-08-16 11:54:38,,,,,,,,697ab12b4591197afc56d253,697ab12b4591197afc56d253,,,,
27045,raw_position_sample,2,3,adv,25,3,3,4,48," 7,000 ",670,204,1554300.0999999642,697ab12b4591197afc56d253,697ab12b4591197afc56d253,advanced,3,697ab12b4591197afc56d253,697ab12b4591197afc56d253,spotlight_PROLIFIC,,31,Mexico,Spanish,N/A,,Spanish:75|English:25,100,Spanish:60|English:40,100,Spanish:90|English:10,100,29,0,Bachelor's,10,10,10,2,3,8,18,30,25,29,,,,,15,25,B1,intermediate|advanced,advanced|intermediate,cambridge_15_21_random_intermediate_advanced,4,20,random,,184.203125,631.375,208.203125,682.078125,4,8,,,,,,,,,,,,2026-08-16T17:54:38.981Z,K8EF3YCB,2026-08-16,2026-08-16,11:54:38,2026-08-16 11:54:38,,,,,,,,697ab12b4591197afc56d253,697ab12b4591197afc56d253,,,,
27094,raw_position_sample,2,3,adv,25,3,3,4,48," 7,000 ",670,204,1554348.199999988,697ab12b4591197afc56d253,697ab12b4591197afc56d253,advanced,3,697ab12b4591197afc56d253,697ab12b4591197afc56d253,spotlight_PROLIFIC,,31,Mexico,Spanish,N/A,,Spanish:75|English:25,100,Spanish:60|English:40,100,Spanish:90|English:10,100,29,0,Bachelor's,10,10,10,2,3,8,18,30,25,29,,,,,15,25,B1,intermediate|advanced,advanced|intermediate,cambridge_15_21_random_intermediate_advanced,4,20,random,,184.203125,631.375,208.203125,682.078125,4,8,,,,,,,,,,,,2026-08-16T17:54:38.981Z,K8EF3YCB,2026-08-16,2026-08-16,11:54:38,2026-08-16 11:54:38,,,,,,,,697ab12b4591197afc56d253,697ab12b4591197afc56d253,,,,
27142,raw_position_sample,2,3,adv,25,3,3,4,48," 7,000 ",670,204,1554396.5999999642,697ab12b4591197afc56d253,697ab12b4591197afc56d253,advanced,3,697ab12b4591197afc56d253,697ab12b4591197afc56d253,spotlight_PROLIFIC,,31,Mexico,Spanish,N/A,,Spanish:75|English:25,100,Spanish:60|English:40,100,Spanish:90|English:10,100,29,0,Bachelor's,10,10,10,2,3,8,18,30,25,29,,,,,15,25,B1,intermediate|advanced,advanced|intermediate,cambridge_15_21_random_intermediate_advanced,4,20,random,,184.203125,631.375,208.203125,682.078125,4,8,,,,,,,,,,,,2026-08-16T17:54:38.981Z,K8EF3YCB,2026-08-16,2026-08-16,11:54:38,2026-08-16 11:54:38,,,,,,,,697ab12b4591197afc56d253,697ab12b4591197afc56d253,,,,
27191,raw_position_sample,2,3,adv,25,3,3,4,48," 7,000 ",670,204,1554445.300000012,697ab12b4591197afc56d253,697ab12b4591197afc56d253,advanced,3,697ab12b4591197afc56d253,697ab12b4591197afc56d253,spotlight_PROLIFIC,,31,Mexico,Spanish,N/A,,Spanish:75|English:25,100,Spanish:60|English:40,100,Spanish:90|English:10,100,29,0,Bachelor's,10,10,10,2,3,8,18,30,25,29,,,,,15,25,B1,intermediate|advanced,advanced|intermediate,cambridge_15_21_random_intermediate_advanced,4,20,random,,184.203125,631.375,208.203125,682.078125,4,8,,,,,,,,,,,,2026-08-16T17:54:38.981Z,K8EF3YCB,2026-08-16,2026-08-16,11:54:38,2026-08-16 11:54:38,,,,,,,,697ab12b4591197afc56d253,697ab12b4591197afc56d253,,,,
27247,raw_position_sample,2,3,adv,25,3,3,4,48," 7,000 ",662,204,1554501.5999999642,697ab12b4591197afc56d253,697ab12b4591197afc56d253,advanced,3,697ab12b4591197afc56d253,697ab12b4591197afc56d253,spotlight_PROLIFIC,,31,Mexico,Spanish,N/A,,Spanish:75|English:25,100,Spanish:60|English:40,100,Spanish:90|English:10,100,29,0,Bachelor's,10,10,10,2,3,8,18,30,25,29,,,,,15,25,B1,intermediate|advanced,advanced|intermediate,cambridge_15_21_random_intermediate_advanced,4,20,random,,184.203125,631.375,208.203125,682.078125,4,8,,,,,,,,,,,,2026-08-16T17:54:38.981Z,K8EF3YCB,2026-08-16,2026-08-16,11:54:38,2026-08-16 11:54:38,,,,,,,,697ab12b4591197afc56d253,697ab12b4591197afc56d253,,,,
27297,raw_position_sample,2,3,adv,25,3,3,4,48," 7,000 ",643,204,1554551.300000012,697ab12b4591197afc56d253,697ab12b4591197afc56d253,advanced,3,697ab12b4591197afc56d253,697ab12b4591197afc56d253,spotlight_PROLIFIC,,31,Mexico,Spanish,N/A,,Spanish:75|English:25,100,Spanish:60|English:40,100,Spanish:90|English:10,100,29,0,Bachelor's,10,10,10,2,3,8,18,30,25,29,,,,,15,25,B1,intermediate|advanced,advanced|intermediate,cambridge_15_21_random_intermediate_advanced,4,20,random,,184.203125,631.375,208.203125,682.078125,4,8,,,,,,,,,,,,2026-08-16T17:54:38.981Z,K8EF3YCB,2026-08-16,2026-08-16,11:54:38,2026-08-16 11:54:38,,,,,,,,697ab12b4591197afc56d253,697ab12b4591197afc56d253,,,,
27345,raw_position_sample,2,3,adv,25,3,3,4,48," 7,000 ",641,205,1554599.800000012,697ab12b4591197afc56d253,697ab12b4591197afc56d253,advanced,3,697ab12b4591197afc56d253,697ab12b4591197afc56d253,spotlight_PROLIFIC,,31,Mexico,Spanish,N/A,,Spanish:75|English:25,100,Spanish:60|English:40,100,Spanish:90|English:10,100,29,0,Bachelor's,10,10,10,2,3,8,18,30,25,29,,,,,15,25,B1,intermediate|advanced,advanced|intermediate,cambridge_15_21_random_intermediate_advanced,4,20,random,,184.203125,631.375,208.203125,682.078125,4,8,,,,,,,,,,,,2026-08-16T17:54:38.981Z,K8EF3YCB,2026-08-16,2026-08-16,11:54:38,2026-08-16 11:54:38,,,,,,,,697ab12b4591197afc56d253,697ab12b4591197afc56d253,,,,
27395,raw_position_sample,2,3,adv,25,3,3,4,48," 7,000 ",641,205,1554650.0999999642,697ab12b4591197afc56d253,697ab12b4591197afc56d253,advanced,3,697ab12b4591197afc56d253,697ab12b4591197afc56d253,spotlight_PROLIFIC,,31,Mexico,Spanish,N/A,,Spanish:75|English:25,100,Spanish:60|English:40,100,Spanish:90|English:10,100,29,0,Bachelor's,10,10,10,2,3,8,18,30,25,29,,,,,15,25,B1,intermediate|advanced,advanced|intermediate,cambridge_15_21_random_intermediate_advanced,4,20,random,,184.203125,631.375,208.203125,682.078125,4,8,,,,,,,,,,,,2026-08-16T17:54:38.981Z,K8EF3YCB,2026-08-16,2026-08-16,11:54:38,2026-08-16 11:54:38,,,,,,,,697ab12b4591197afc56d253,697ab12b4591197afc56d253,,,,
27444,raw_position_sample,2,3,adv,25,3,3,4,48," 7,000 ",641,205,1554698.3999999762,697ab12b4591197afc56d253,697ab12b4591197afc56d253,advanced,3,697ab12b4591197afc56d253,697ab12b4591197afc56d253,spotlight_PROLIFIC,,31,Mexico,Spanish,N/A,,Spanish:75|English:25,100,Spanish:60|English:40,100,Spanish:90|English:10,100,29,0,Bachelor's,10,10,10,2,3,8,18,30,25,29,,,,,15,25,B1,intermediate|advanced,advanced|intermediate,cambridge_15_21_random_intermediate_advanced,4,20,random,,184.203125,631.375,208.203125,682.078125,4,8,,,,,,,,,,,,2026-08-16T17:54:38.981Z,K8EF3YCB,2026-08-16,2026-08-16,11:54:38,2026-08-16 11:54:38,,,,,,,,697ab12b4591197afc56d253,697ab12b4591197afc56d253,,,,
27492,raw_position_sample,2,3,adv,25,3,3,4,48," 7,000 ",641,205,1554746.8999999762,697ab12b4591197afc56d253,697ab12b4591197afc56d253,advanced,3,697ab12b4591197afc56d253,697ab12b4591197afc56d253,spotlight_PROLIFIC,,31,Mexico,Spanish,N/A,,Spanish:75|English:25,100,Spanish:60|English:40,100,Spanish:90|English:10,100,29,0,Bachelor's,10,10,10,2,3,8,18,30,25,29,,,,,15,25,B1,intermediate|advanced,advanced|intermediate,cambridge_15_21_random_intermediate_advanced,4,20,random,,184.203125,631.375,208.203125,682.078125,4,8,,,,,,,,,,,,2026-08-16T17:54:38.981Z,K8EF3YCB,2026-08-16,2026-08-16,11:54:38,2026-08-16 11:54:38,,,,,,,,697ab12b4591197afc56d253,697ab12b4591197afc56d253,,,,
27545,raw_position_sample,2,3,adv,25,3,3,4,48," 7,000 ",641,206,1554799.8999999762,697ab12b4591197afc56d253,697ab12b4591197afc56d253,advanced,3,697ab12b4591197afc56d253,697ab12b4591197afc56d253,spotlight_PROLIFIC,,31,Mexico,Spanish,N/A,,Spanish:75|English:25,100,Spanish:60|English:40,100,Spanish:90|English:10,100,29,0,Bachelor's,10,10,10,2,3,8,18,30,25,29,,,,,15,25,B1,intermediate|advanced,advanced|intermediate,cambridge_15_21_random_intermediate_advanced,4,20,random,,184.203125,631.375,208.203125,682.078125,4,8,,,,,,,,,,,,2026-08-16T17:54:38.981Z,K8EF3YCB,2026-08-16,2026-08-16,11:54:38,2026-08-16 11:54:38,,,,,,,,697ab12b4591197afc56d253,697ab12b4591197afc56d253,,,,
27596,raw_position_sample,2,3,adv,25,3,3,4,48," 7,000 ",655,208,1554851,697ab12b4591197afc56d253,697ab12b4591197afc56d253,advanced,3,697ab12b4591197afc56d253,697ab12b4591197afc56d253,spotlight_PROLIFIC,,31,Mexico,Spanish,N/A,,Spanish:75|English:25,100,Spanish:60|English:40,100,Spanish:90|English:10,100,29,0,Bachelor's,10,10,10,2,3,8,18,30,25,29,,,,,15,25,B1,intermediate|advanced,advanced|intermediate,cambridge_15_21_random_intermediate_advanced,4,20,random,,184.203125,631.375,208.203125,682.078125,4,8,,,,,,,,,,,,2026-08-16T17:54:38.981Z,K8EF3YCB,2026-08-16,2026-08-16,11:54:38,2026-08-16 11:54:38,,,,,,,,697ab12b4591197afc56d253,697ab12b4591197afc56d253,,,,
27634,raw_position_sample,2,3,adv,25,3,3,4,48," 7,000 ",660,208,1554888.8999999762,697ab12b4591197afc56d253,697ab12b4591197afc56d253,advanced,3,697ab12b4591197afc56d253,697ab12b4591197afc56d253,spotlight_PROLIFIC,,31,Mexico,Spanish,N/A,,Spanish:75|English:25,100,Spanish:60|English:40,100,Spanish:90|English:10,100,29,0,Bachelor's,10,10,10,2,3,8,18,30,25,29,,,,,15,25,B1,intermediate|advanced,advanced|intermediate,cambridge_15_21_random_intermediate_advanced,4,20,random,,184.203125,631.375,208.203125,682.078125,4,8,,,,,,,,,,,,2026-08-16T17:54:38.981Z,K8EF3YCB,2026-08-16,2026-08-16,11:54:38,2026-08-16 11:54:38,,,,,,,,697ab12b4591197afc56d253,697ab12b4591197afc56d253,,,,
27697,raw_position_sample,2,3,adv,25,3,3,4,48," 7,000 ",667,208,1554951.3999999762,697ab12b4591197afc56d253,697ab12b4591197afc56d253,advanced,3,697ab12b4591197afc56d253,697ab12b4591197afc56d253,spotlight_PROLIFIC,,31,Mexico,Spanish,N/A,,Spanish:75|English:25,100,Spanish:60|English:40,100,Spanish:90|English:10,100,29,0,Bachelor's,10,10,10,2,3,8,18,30,25,29,,,,,15,25,B1,intermediate|advanced,advanced|intermediate,cambridge_15_21_random_intermediate_advanced,4,20,random,,184.203125,631.375,208.203125,682.078125,4,8,,,,,,,,,,,,2026-08-16T17:54:38.981Z,K8EF3YCB,2026-08-16,2026-08-16,11:54:38,2026-08-16 11:54:38,,,,,,,,697ab12b4591197afc56d253,697ab12b4591197afc56d253,,,,
27735,raw_position_sample,2,3,adv,25,3,3,4,48," 7,000 ",671,208,1554989.5,697ab12b4591197afc56d253,697ab12b4591197afc56d253,advanced,3,697ab12b4591197afc56d253,697ab12b4591197afc56d253,spotlight_PROLIFIC,,31,Mexico,Spanish,N/A,,Spanish:75|English:25,100,Spanish:60|English:40,100,Spanish:90|English:10,100,29,0,Bachelor's,10,10,10,2,3,8,18,30,25,29,,,,,15,25,B1,intermediate|advanced,advanced|intermediate,cambridge_15_21_random_intermediate_advanced,4,20,random,,184.203125,631.375,208.203125,682.078125,4,8,,,,,,,,,,,,2026-08-16T17:54:38.981Z,K8EF3YCB,2026-08-16,2026-08-16,11:54:38,2026-08-16 11:54:38,,,,,,,,697ab12b4591197afc56d253,697ab12b4591197afc56d253,,,,
27784,raw_position_sample,2,3,adv,25,3,3,4,48," 7,000 ",675,208,1555039.0999999642,697ab12b4591197afc56d253,697ab12b4591197afc56d253,advanced,3,697ab12b4591197afc56d253,697ab12b4591197afc56d253,spotlight_PROLIFIC,,31,Mexico,Spanish,N/A,,Spanish:75|English:25,100,Spanish:60|English:40,100,Spanish:90|English:10,100,29,0,Bachelor's,10,10,10,2,3,8,18,30,25,29,,,,,15,25,B1,intermediate|advanced,advanced|intermediate,cambridge_15_21_random_intermediate_advanced,4,20,random,,184.203125,631.375,208.203125,682.078125,4,8,,,,,,,,,,,,2026-08-16T17:54:38.981Z,K8EF3YCB,2026-08-16,2026-08-16,11:54:38,2026-08-16 11:54:38,,,,,,,,697ab12b4591197afc56d253,697ab12b4591197afc56d253,,,,
27834,raw_position_sample,2,3,adv,25,3,3,4,48," 7,000 ",682,208,1555088.800000012,697ab12b4591197afc56d253,697ab12b4591197afc56d253,advanced,3,697ab12b4591197afc56d253,697ab12b4591197afc56d253,spotlight_PROLIFIC,,31,Mexico,Spanish,N/A,,Spanish:75|English:25,100,Spanish:60|English:40,100,Spanish:90|English:10,100,29,0,Bachelor's,10,10,10,2,3,8,18,30,25,29,,,,,15,25,B1,intermediate|advanced,advanced|intermediate,cambridge_15_21_random_intermediate_advanced,4,20,random,,184.203125,631.375,208.203125,682.078125,4,8,,,,,,,,,,,,2026-08-16T17:54:38.981Z,K8EF3YCB,2026-08-16,2026-08-16,11:54:38,2026-08-16 11:54:38,,,,,,,,697ab12b4591197afc56d253,697ab12b4591197afc56d253,,,,
27845,hover_association,2,3,adv,25,3,3,4,48," 7,000 ",633,206,,697ab12b4591197afc56d253,697ab12b4591197afc56d253,advanced,3,697ab12b4591197afc56d253,697ab12b4591197afc56d253,spotlight_PROLIFIC,,31,Mexico,Spanish,N/A,,Spanish:75|English:25,100,Spanish:60|English:40,100,Spanish:90|English:10,100,29,0,Bachelor's,10,10,10,2,3,8,18,30,25,29,,,,,15,25,B1,intermediate|advanced,advanced|intermediate,cambridge_15_21_random_intermediate_advanced,4,20,random,,176.203125,631.375,216.203125,682.078125,4,8,hover,1266.199999988079,1266.199999988079,0.9984591679506933,0.794921875,106,,,,,,2026-08-16T17:54:38.981Z,K8EF3YCB,2026-08-16,2026-08-16,11:54:38,2026-08-16 11:54:38,,,,,,,,697ab12b4591197afc56d253,697ab12b4591197afc56d253,,,,
27897,raw_position_sample,2,3,adv,25,3,3,4,49, shops ,694,208,1555151.300000012,697ab12b4591197afc56d253,697ab12b4591197afc56d253,advanced,3,697ab12b4591197afc56d253,697ab12b4591197afc56d253,spotlight_PROLIFIC,,31,Mexico,Spanish,N/A,,Spanish:75|English:25,100,Spanish:60|English:40,100,Spanish:90|English:10,100,29,0,Bachelor's,10,10,10,2,3,8,18,30,25,29,,,,,15,25,B1,intermediate|advanced,advanced|intermediate,cambridge_15_21_random_intermediate_advanced,4,20,random,,184.203125,682.078125,208.203125,737.09375,4,9,,,,,,,,,,,,2026-08-16T17:54:38.981Z,K8EF3YCB,2026-08-16,2026-08-16,11:54:38,2026-08-16 11:54:38,,,,,,,,697ab12b4591197afc56d253,697ab12b4591197afc56d253,,,,
27935,raw_position_sample,2,3,adv,25,3,3,4,49, shops ,700,208,1555189.300000012,697ab12b4591197afc56d253,697ab12b4591197afc56d253,advanced,3,697ab12b4591197afc56d253,697ab12b4591197afc56d253,spotlight_PROLIFIC,,31,Mexico,Spanish,N/A,,Spanish:75|English:25,100,Spanish:60|English:40,100,Spanish:90|English:10,100,29,0,Bachelor's,10,10,10,2,3,8,18,30,25,29,,,,,15,25,B1,intermediate|advanced,advanced|intermediate,cambridge_15_21_random_intermediate_advanced,4,20,random,,184.203125,682.078125,208.203125,737.09375,4,9,,,,,,,,,,,,2026-08-16T17:54:38.981Z,K8EF3YCB,2026-08-16,2026-08-16,11:54:38,2026-08-16 11:54:38,,,,,,,,697ab12b4591197afc56d253,697ab12b4591197afc56d253,,,,
27996,raw_position_sample,2,3,adv,25,3,3,4,49, shops ,712,208,1555251.0999999642,697ab12b4591197afc56d253,697ab12b4591197afc56d253,advanced,3,697ab12b4591197afc56d253,697ab12b4591197afc56d253,spotlight_PROLIFIC,,31,Mexico,Spanish,N/A,,Spanish:75|English:25,100,Spanish:60|English:40,100,Spanish:90|English:10,100,29,0,Bachelor's,10,10,10,2,3,8,18,30,25,29,,,,,15,25,B1,intermediate|advanced,advanced|intermediate,cambridge_15_21_random_intermediate_advanced,4,20,random,,184.203125,682.078125,208.203125,737.09375,4,9,,,,,,,,,,,,2026-08-16T17:54:38.981Z,K8EF3YCB,2026-08-16,2026-08-16,11:54:38,2026-08-16 11:54:38,,,,,,,,697ab12b4591197afc56d253,697ab12b4591197afc56d253,,,,
28039,raw_position_sample,2,3,adv,25,3,3,4,49, shops ,719,208,1555293.3999999762,697ab12b4591197afc56d253,697ab12b4591197afc56d253,advanced,3,697ab12b4591197afc56d253,697ab12b4591197afc56d253,spotlight_PROLIFIC,,31,Mexico,Spanish,N/A,,Spanish:75|English:25,100,Spanish:60|English:40,100,Spanish:90|English:10,100,29,0,Bachelor's,10,10,10,2,3,8,18,30,25,29,,,,,15,25,B1,intermediate|advanced,advanced|intermediate,cambridge_15_21_random_intermediate_advanced,4,20,random,,184.203125,682.078125,208.203125,737.09375,4,9,,,,,,,,,,,,2026-08-16T17:54:38.981Z,K8EF3YCB,2026-08-16,2026-08-16,11:54:38,2026-08-16 11:54:38,,,,,,,,697ab12b4591197afc56d253,697ab12b4591197afc56d253,,,,
28096,raw_position_sample,2,3,adv,25,3,3,4,49, shops ,729,209,1555350.8999999762,697ab12b4591197afc56d253,697ab12b4591197afc56d253,advanced,3,697ab12b4591197afc56d253,697ab12b4591197afc56d253,spotlight_PROLIFIC,,31,Mexico,Spanish,N/A,,Spanish:75|English:25,100,Spanish:60|English:40,100,Spanish:90|English:10,100,29,0,Bachelor's,10,10,10,2,3,8,18,30,25,29,,,,,15,25,B1,intermediate|advanced,advanced|intermediate,cambridge_15_21_random_intermediate_advanced,4,20,random,,184.203125,682.078125,208.203125,737.09375,4,9,,,,,,,,,,,,2026-08-16T17:54:38.981Z,K8EF3YCB,2026-08-16,2026-08-16,11:54:38,2026-08-16 11:54:38,,,,,,,,697ab12b4591197afc56d253,697ab12b4591197afc56d253,,,,
28139,raw_position_sample,2,3,adv,25,3,3,4,49, shops ,734,211,1555393.5,697ab12b4591197afc56d253,697ab12b4591197afc56d253,advanced,3,697ab12b4591197afc56d253,697ab12b4591197afc56d253,spotlight_PROLIFIC,,31,Mexico,Spanish,N/A,,Spanish:75|English:25,100,Spanish:60|English:40,100,Spanish:90|English:10,100,29,0,Bachelor's,10,10,10,2,3,8,18,30,25,29,,,,,15,25,B1,intermediate|advanced,advanced|intermediate,cambridge_15_21_random_intermediate_advanced,4,20,random,,184.203125,682.078125,208.203125,737.09375,4,9,,,,,,,,,,,,2026-08-16T17:54:38.981Z,K8EF3YCB,2026-08-16,2026-08-16,11:54:38,2026-08-16 11:54:38,,,,,,,,697ab12b4591197afc56d253,697ab12b4591197afc56d253,,,,
28178,hover_association,2,3,adv,25,3,3,4,49, shops ,685,208,,697ab12b4591197afc56d253,697ab12b4591197afc56d253,advanced,3,697ab12b4591197afc56d253,697ab12b4591197afc56d253,spotlight_PROLIFIC,,31,Mexico,Spanish,N/A,,Spanish:75|English:25,100,Spanish:60|English:40,100,Spanish:90|English:10,100,29,0,Bachelor's,10,10,10,2,3,8,18,30,25,29,,,,,15,25,B1,intermediate|advanced,advanced|intermediate,cambridge_15_21_random_intermediate_advanced,4,20,random,,176.203125,682.078125,216.203125,737.09375,4,9,hover,333.30000001192093,333.30000001192093,0.9982959386537915,0.869921875,106,,,,,,2026-08-16T17:54:38.981Z,K8EF3YCB,2026-08-16,2026-08-16,11:54:38,2026-08-16 11:54:38,,,,,,,,697ab12b4591197afc56d253,697ab12b4591197afc56d253,,,,
28196,raw_position_sample,2,3,adv,25,3,3,4,50, since ,750,212,1555450.8999999762,697ab12b4591197afc56d253,697ab12b4591197afc56d253,advanced,3,697ab12b4591197afc56d253,697ab12b4591197afc56d253,spotlight_PROLIFIC,,31,Mexico,Spanish,N/A,,Spanish:75|English:25,100,Spanish:60|English:40,100,Spanish:90|English:10,100,29,0,Bachelor's,10,10,10,2,3,8,18,30,25,29,,,,,15,25,B1,intermediate|advanced,advanced|intermediate,cambridge_15_21_random_intermediate_advanced,4,20,random,,184.203125,737.09375,208.203125,784.96875,4,10,,,,,,,,,,,,2026-08-16T17:54:38.981Z,K8EF3YCB,2026-08-16,2026-08-16,11:54:38,2026-08-16 11:54:38,,,,,,,,697ab12b4591197afc56d253,697ab12b4591197afc56d253,,,,
28247,raw_position_sample,2,3,adv,25,3,3,4,50, since ,770,213,1555501.199999988,697ab12b4591197afc56d253,697ab12b4591197afc56d253,advanced,3,697ab12b4591197afc56d253,697ab12b4591197afc56d253,spotlight_PROLIFIC,,31,Mexico,Spanish,N/A,,Spanish:75|English:25,100,Spanish:60|English:40,100,Spanish:90|English:10,100,29,0,Bachelor's,10,10,10,2,3,8,18,30,25,29,,,,,15,25,B1,intermediate|advanced,advanced|intermediate,cambridge_15_21_random_intermediate_advanced,4,20,random,,184.203125,737.09375,208.203125,784.96875,4,10,,,,,,,,,,,,2026-08-16T17:54:38.981Z,K8EF3YCB,2026-08-16,2026-08-16,11:54:38,2026-08-16 11:54:38,,,,,,,,697ab12b4591197afc56d253,697ab12b4591197afc56d253,,,,
28295,raw_position_sample,2,3,adv,25,3,3,4,50, since ,780,213,1555549.3999999762,697ab12b4591197afc56d253,697ab12b4591197afc56d253,advanced,3,697ab12b4591197afc56d253,697ab12b4591197afc56d253,spotlight_PROLIFIC,,31,Mexico,Spanish,N/A,,Spanish:75|English:25,100,Spanish:60|English:40,100,Spanish:90|English:10,100,29,0,Bachelor's,10,10,10,2,3,8,18,30,25,29,,,,,15,25,B1,intermediate|advanced,advanced|intermediate,cambridge_15_21_random_intermediate_advanced,4,20,random,,184.203125,737.09375,208.203125,784.96875,4,10,,,,,,,,,,,,2026-08-16T17:54:38.981Z,K8EF3YCB,2026-08-16,2026-08-16,11:54:38,2026-08-16 11:54:38,,,,,,,,697ab12b4591197afc56d253,697ab12b4591197afc56d253,,,,
28295,hover_association,2,3,adv,25,3,3,4,50, since ,742,212,,697ab12b4591197afc56d253,697ab12b4591197afc56d253,advanced,3,697ab12b4591197afc56d253,697ab12b4591197afc56d253,spotlight_PROLIFIC,,31,Mexico,Spanish,N/A,,Spanish:75|English:25,100,Spanish:60|English:40,100,Spanish:90|English:10,100,29,0,Bachelor's,10,10,10,2,3,8,18,30,25,29,,,,,15,25,B1,intermediate|advanced,advanced|intermediate,cambridge_15_21_random_intermediate_advanced,4,20,random,,176.203125,737.09375,216.203125,784.96875,4,10,hover,117.19999998807907,117.19999998807907,0.8962140992167101,0.919921875,106,,,,,,2026-08-16T17:54:38.981Z,K8EF3YCB,2026-08-16,2026-08-16,11:54:38,2026-08-16 11:54:38,,,,,,,,697ab12b4591197afc56d253,697ab12b4591197afc56d253,,,,
28335,raw_position_sample,2,3,adv,25,3,3,4,51, 2001. ,792,215,1555589.300000012,697ab12b4591197afc56d253,697ab12b4591197afc56d253,advanced,3,697ab12b4591197afc56d253,697ab12b4591197afc56d253,spotlight_PROLIFIC,,31,Mexico,Spanish,N/A,,Spanish:75|English:25,100,Spanish:60|English:40,100,Spanish:90|English:10,100,29,0,Bachelor's,10,10,10,2,3,8,18,30,25,29,,,,,15,25,B1,intermediate|advanced,advanced|intermediate,cambridge_15_21_random_intermediate_advanced,4,20,random,,184.203125,784.96875,208.203125,835.671875,4,11,,,,,,,,,,,,2026-08-16T17:54:38.981Z,K8EF3YCB,2026-08-16,2026-08-16,11:54:38,2026-08-16 11:54:38,,,,,,,,697ab12b4591197afc56d253,697ab12b4591197afc56d253,,,,
28378,hover_association,2,3,adv,25,3,3,4,51, 2001. ,786,213,,697ab12b4591197afc56d253,697ab12b4591197afc56d253,advanced,3,697ab12b4591197afc56d253,697ab12b4591197afc56d253,spotlight_PROLIFIC,,31,Mexico,Spanish,N/A,,Spanish:75|English:25,100,Spanish:60|English:40,100,Spanish:90|English:10,100,29,0,Bachelor's,10,10,10,2,3,8,18,30,25,29,,,,,15,25,B1,intermediate|advanced,advanced|intermediate,cambridge_15_21_random_intermediate_advanced,4,20,random,,176.203125,784.96875,216.203125,835.671875,4,11,hover,82.69999998807907,82.69999998807907,0.31617873651771955,0.994921875,106,,,,,,2026-08-16T17:54:38.981Z,K8EF3YCB,2026-08-16,2026-08-16,11:54:38,2026-08-16 11:54:38,,,,,,,,697ab12b4591197afc56d253,697ab12b4591197afc56d253,,,,
28394,raw_position_sample,2,3,adv,25,3,3,4,66, product ,804,217,1555649,697ab12b4591197afc56d253,697ab12b4591197afc56d253,advanced,3,697ab12b4591197afc56d253,697ab12b4591197afc56d253,spotlight_PROLIFIC,,31,Mexico,Spanish,N/A,,Spanish:75|English:25,100,Spanish:60|English:40,100,Spanish:90|English:10,100,29,0,Bachelor's,10,10,10,2,3,8,18,30,25,29,,,,,15,25,B1,intermediate|advanced,advanced|intermediate,cambridge_15_21_random_intermediate_advanced,4,20,random,,224.203125,753.375,248.203125,824.421875,5,13,,,,,,,,,,,,2026-08-16T17:54:38.981Z,K8EF3YCB,2026-08-16,2026-08-16,11:54:38,2026-08-16 11:54:38,,,,,,,,697ab12b4591197afc56d253,697ab12b4591197afc56d253,,,,
28445,hover_association,2,3,adv,25,3,3,4,66, product ,804,217,,697ab12b4591197afc56d253,697ab12b4591197afc56d253,advanced,3,697ab12b4591197afc56d253,697ab12b4591197afc56d253,spotlight_PROLIFIC,,31,Mexico,Spanish,N/A,,Spanish:75|English:25,100,Spanish:60|English:40,100,Spanish:90|English:10,100,29,0,Bachelor's,10,10,10,2,3,8,18,30,25,29,,,,,15,25,B1,intermediate|advanced,advanced|intermediate,cambridge_15_21_random_intermediate_advanced,4,20,random,,216.203125,753.375,256.203125,824.421875,5,13,hover,66.80000001192093,66.80000001192093,0.7970090169342423,0.019921875,106,,,,,,2026-08-16T17:54:38.981Z,K8EF3YCB,2026-08-16,2026-08-16,11:54:38,2026-08-16 11:54:38,,,,,,,,697ab12b4591197afc56d253,697ab12b4591197afc56d253,,,,
28447,raw_position_sample,2,3,adv,25,3,3,4,51, 2001. ,817,216,1555701.5,697ab12b4591197afc56d253,697ab12b4591197afc56d253,advanced,3,697ab12b4591197afc56d253,697ab12b4591197afc56d253,spotlight_PROLIFIC,,31,Mexico,Spanish,N/A,,Spanish:75|English:25,100,Spanish:60|English:40,100,Spanish:90|English:10,100,29,0,Bachelor's,10,10,10,2,3,8,18,30,25,29,,,,,15,25,B1,intermediate|advanced,advanced|intermediate,cambridge_15_21_random_intermediate_advanced,4,20,random,,184.203125,784.96875,208.203125,835.671875,4,11,,,,,,,,,,,,2026-08-16T17:54:38.981Z,K8EF3YCB,2026-08-16,2026-08-16,11:54:38,2026-08-16 11:54:38,,,,,,,,697ab12b4591197afc56d253,697ab12b4591197afc56d253,,,,
28497,raw_position_sample,2,3,adv,25,3,3,4,51, 2001. ,824,214,1555751.5,697ab12b4591197afc56d253,697ab12b4591197afc56d253,advanced,3,697ab12b4591197afc56d253,697ab12b4591197afc56d253,spotlight_PROLIFIC,,31,Mexico,Spanish,N/A,,Spanish:75|English:25,100,Spanish:60|English:40,100,Spanish:90|English:10,100,29,0,Bachelor's,10,10,10,2,3,8,18,30,25,29,,,,,15,25,B1,intermediate|advanced,advanced|intermediate,cambridge_15_21_random_intermediate_advanced,4,20,random,,184.203125,784.96875,208.203125,835.671875,4,11,,,,,,,,,,,,2026-08-16T17:54:38.981Z,K8EF3YCB,2026-08-16,2026-08-16,11:54:38,2026-08-16 11:54:38,,,,,,,,697ab12b4591197afc56d253,697ab12b4591197afc56d253,,,,
28547,raw_position_sample,2,3,adv,25,3,3,4,51, 2001. ,835,212,1555801.3999999762,697ab12b4591197afc56d253,697ab12b4591197afc56d253,advanced,3,697ab12b4591197afc56d253,697ab12b4591197afc56d253,spotlight_PROLIFIC,,31,Mexico,Spanish,N/A,,Spanish:75|English:25,100,Spanish:60|English:40,100,Spanish:90|English:10,100,29,0,Bachelor's,10,10,10,2,3,8,18,30,25,29,,,,,15,25,B1,intermediate|advanced,advanced|intermediate,cambridge_15_21_random_intermediate_advanced,4,20,random,,184.203125,784.96875,208.203125,835.671875,4,11,,,,,,,,,,,,2026-08-16T17:54:38.981Z,K8EF3YCB,2026-08-16,2026-08-16,11:54:38,2026-08-16 11:54:38,,,,,,,,697ab12b4591197afc56d253,697ab12b4591197afc56d253,,,,
28562,hover_association,2,3,adv,25,3,3,4,51, 2001. ,817,216,,697ab12b4591197afc56d253,697ab12b4591197afc56d253,advanced,3,697ab12b4591197afc56d253,697ab12b4591197afc56d253,spotlight_PROLIFIC,,31,Mexico,Spanish,N/A,,Spanish:75|English:25,100,Spanish:60|English:40,100,Spanish:90|English:10,100,29,0,Bachelor's,10,10,10,2,3,8,18,30,25,29,,,,,15,25,B1,intermediate|advanced,advanced|intermediate,cambridge_15_21_random_intermediate_advanced,4,20,random,,176.203125,784.96875,216.203125,835.671875,4,11,hover,116.5,116.5,0.986748844375963,0.894921875,106,,,,,,2026-08-16T17:54:38.981Z,K8EF3YCB,2026-08-16,2026-08-16,11:54:38,2026-08-16 11:54:38,,,,,,,,697ab12b4591197afc56d253,697ab12b4591197afc56d253,,,,
28595,raw_position_sample,2,3,adv,25,3,3,4,52, The ,843,210,1555849.300000012,697ab12b4591197afc56d253,697ab12b4591197afc56d253,advanced,3,697ab12b4591197afc56d253,697ab12b4591197afc56d253,spotlight_PROLIFIC,,31,Mexico,Spanish,N/A,,Spanish:75|English:25,100,Spanish:60|English:40,100,Spanish:90|English:10,100,29,0,Bachelor's,10,10,10,2,3,8,18,30,25,29,,,,,15,25,B1,intermediate|advanced,advanced|intermediate,cambridge_15_21_random_intermediate_advanced,4,20,random,,184.203125,835.671875,208.203125,871.640625,4,12,,,,,,,,,,,,2026-08-16T17:54:38.981Z,K8EF3YCB,2026-08-16,2026-08-16,11:54:38,2026-08-16 11:54:38,,,,,,,,697ab12b4591197afc56d253,697ab12b4591197afc56d253,,,,
28635,raw_position_sample,2,3,adv,25,3,3,4,52, The ,850,208,1555889.3999999762,697ab12b4591197afc56d253,697ab12b4591197afc56d253,advanced,3,697ab12b4591197afc56d253,697ab12b4591197afc56d253,spotlight_PROLIFIC,,31,Mexico,Spanish,N/A,,Spanish:75|English:25,100,Spanish:60|English:40,100,Spanish:90|English:10,100,29,0,Bachelor's,10,10,10,2,3,8,18,30,25,29,,,,,15,25,B1,intermediate|advanced,advanced|intermediate,cambridge_15_21_random_intermediate_advanced,4,20,random,,184.203125,835.671875,208.203125,871.640625,4,12,,,,,,,,,,,,2026-08-16T17:54:38.981Z,K8EF3YCB,2026-08-16,2026-08-16,11:54:38,2026-08-16 11:54:38,,,,,,,,697ab12b4591197afc56d253,697ab12b4591197afc56d253,,,,
28697,raw_position_sample,2,3,adv,25,3,3,4,52, The ,858,206,1555951.300000012,697ab12b4591197afc56d253,697ab12b4591197afc56d253,advanced,3,697ab12b4591197afc56d253,697ab12b4591197afc56d253,spotlight_PROLIFIC,,31,Mexico,Spanish,N/A,,Spanish:75|English:25,100,Spanish:60|English:40,100,Spanish:90|English:10,100,29,0,Bachelor's,10,10,10,2,3,8,18,30,25,29,,,,,15,25,B1,intermediate|advanced,advanced|intermediate,cambridge_15_21_random_intermediate_advanced,4,20,random,,184.203125,835.671875,208.203125,871.640625,4,12,,,,,,,,,,,,2026-08-16T17:54:38.981Z,K8EF3YCB,2026-08-16,2026-08-16,11:54:38,2026-08-16 11:54:38,,,,,,,,697ab12b4591197afc56d253,697ab12b4591197afc56d253,,,,
28747,raw_position_sample,2,3,adv,25,3,3,4,52, The ,863,206,1556001.800000012,697ab12b4591197afc56d253,697ab12b4591197afc56d253,advanced,3,697ab12b4591197afc56d253,697ab12b4591197afc56d253,spotlight_PROLIFIC,,31,Mexico,Spanish,N/A,,Spanish:75|English:25,100,Spanish:60|English:40,100,Spanish:90|English:10,100,29,0,Bachelor's,10,10,10,2,3,8,18,30,25,29,,,,,15,25,B1,intermediate|advanced,advanced|intermediate,cambridge_15_21_random_intermediate_advanced,4,20,random,,184.203125,835.671875,208.203125,871.640625,4,12,,,,,,,,,,,,2026-08-16T17:54:38.981Z,K8EF3YCB,2026-08-16,2026-08-16,11:54:38,2026-08-16 11:54:38,,,,,,,,697ab12b4591197afc56d253,697ab12b4591197afc56d253,,,,
28784,raw_position_sample,2,3,adv,25,3,3,4,52, The ,867,206,1556038.8999999762,697ab12b4591197afc56d253,697ab12b4591197afc56d253,advanced,3,697ab12b4591197afc56d253,697ab12b4591197afc56d253,spotlight_PROLIFIC,,31,Mexico,Spanish,N/A,,Spanish:75|English:25,100,Spanish:60|English:40,100,Spanish:90|English:10,100,29,0,Bachelor's,10,10,10,2,3,8,18,30,25,29,,,,,15,25,B1,intermediate|advanced,advanced|intermediate,cambridge_15_21_random_intermediate_advanced,4,20,random,,184.203125,835.671875,208.203125,871.640625,4,12,,,,,,,,,,,,2026-08-16T17:54:38.981Z,K8EF3YCB,2026-08-16,2026-08-16,11:54:38,2026-08-16 11:54:38,,,,,,,,697ab12b4591197afc56d253,697ab12b4591197afc56d253,,,,
28811,hover_association,2,3,adv,25,3,3,4,52, The ,839,211,,697ab12b4591197afc56d253,697ab12b4591197afc56d253,advanced,3,697ab12b4591197afc56d253,697ab12b4591197afc56d253,spotlight_PROLIFIC,,31,Mexico,Spanish,N/A,,Spanish:75|English:25,100,Spanish:60|English:40,100,Spanish:90|English:10,100,29,0,Bachelor's,10,10,10,2,3,8,18,30,25,29,,,,,15,25,B1,intermediate|advanced,advanced|intermediate,cambridge_15_21_random_intermediate_advanced,4,20,random,,176.203125,835.671875,216.203125,871.640625,4,12,hover,250,250,0.9543874891398784,0.744921875,106,,,,,,2026-08-16T17:54:38.981Z,K8EF3YCB,2026-08-16,2026-08-16,11:54:38,2026-08-16 11:54:38,,,,,,,,697ab12b4591197afc56d253,697ab12b4591197afc56d253,,,,
28835,raw_position_sample,2,3,adv,25,3,3,4,53, purchase ,874,206,1556089.3999999762,697ab12b4591197afc56d253,697ab12b4591197afc56d253,advanced,3,697ab12b4591197afc56d253,697ab12b4591197afc56d253,spotlight_PROLIFIC,,31,Mexico,Spanish,N/A,,Spanish:75|English:25,100,Spanish:60|English:40,100,Spanish:90|English:10,100,29,0,Bachelor's,10,10,10,2,3,8,18,30,25,29,,,,,15,25,B1,intermediate|advanced,advanced|intermediate,cambridge_15_21_random_intermediate_advanced,4,20,random,,184.203125,871.640625,208.203125,949.546875,4,13,,,,,,,,,,,,2026-08-16T17:54:38.981Z,K8EF3YCB,2026-08-16,2026-08-16,11:54:38,2026-08-16 11:54:38,,,,,,,,697ab12b4591197afc56d253,697ab12b4591197afc56d253,,,,
28896,raw_position_sample,2,3,adv,25,3,3,4,53, purchase ,884,205,1556151,697ab12b4591197afc56d253,697ab12b4591197afc56d253,advanced,3,697ab12b4591197afc56d253,697ab12b4591197afc56d253,spotlight_PROLIFIC,,31,Mexico,Spanish,N/A,,Spanish:75|English:25,100,Spanish:60|English:40,100,Spanish:90|English:10,100,29,0,Bachelor's,10,10,10,2,3,8,18,30,25,29,,,,,15,25,B1,intermediate|advanced,advanced|intermediate,cambridge_15_21_random_intermediate_advanced,4,20,random,,184.203125,871.640625,208.203125,949.546875,4,13,,,,,,,,,,,,2026-08-16T17:54:38.981Z,K8EF3YCB,2026-08-16,2026-08-16,11:54:38,2026-08-16 11:54:38,,,,,,,,697ab12b4591197afc56d253,697ab12b4591197afc56d253,,,,
28935,raw_position_sample,2,3,adv,25,3,3,4,53, purchase ,884,205,1556190.0999999642,697ab12b4591197afc56d253,697ab12b4591197afc56d253,advanced,3,697ab12b4591197afc56d253,697ab12b4591197afc56d253,spotlight_PROLIFIC,,31,Mexico,Spanish,N/A,,Spanish:75|English:25,100,Spanish:60|English:40,100,Spanish:90|English:10,100,29,0,Bachelor's,10,10,10,2,3,8,18,30,25,29,,,,,15,25,B1,intermediate|advanced,advanced|intermediate,cambridge_15_21_random_intermediate_advanced,4,20,random,,184.203125,871.640625,208.203125,949.546875,4,13,,,,,,,,,,,,2026-08-16T17:54:38.981Z,K8EF3YCB,2026-08-16,2026-08-16,11:54:38,2026-08-16 11:54:38,,,,,,,,697ab12b4591197afc56d253,697ab12b4591197afc56d253,,,,
28991,raw_position_sample,2,3,adv,25,3,3,4,53, purchase ,887,204,1556246,697ab12b4591197afc56d253,697ab12b4591197afc56d253,advanced,3,697ab12b4591197afc56d253,697ab12b4591197afc56d253,spotlight_PROLIFIC,,31,Mexico,Spanish,N/A,,Spanish:75|English:25,100,Spanish:60|English:40,100,Spanish:90|English:10,100,29,0,Bachelor's,10,10,10,2,3,8,18,30,25,29,,,,,15,25,B1,intermediate|advanced,advanced|intermediate,cambridge_15_21_random_intermediate_advanced,4,20,random,,184.203125,871.640625,208.203125,949.546875,4,13,,,,,,,,,,,,2026-08-16T17:54:38.981Z,K8EF3YCB,2026-08-16,2026-08-16,11:54:38,2026-08-16 11:54:38,,,,,,,,697ab12b4591197afc56d253,697ab12b4591197afc56d253,,,,
29047,raw_position_sample,2,3,adv,25,3,3,4,53, purchase ,876,201,1556301.300000012,697ab12b4591197afc56d253,697ab12b4591197afc56d253,advanced,3,697ab12b4591197afc56d253,697ab12b4591197afc56d253,spotlight_PROLIFIC,,31,Mexico,Spanish,N/A,,Spanish:75|English:25,100,Spanish:60|English:40,100,Spanish:90|English:10,100,29,0,Bachelor's,10,10,10,2,3,8,18,30,25,29,,,,,15,25,B1,intermediate|advanced,advanced|intermediate,cambridge_15_21_random_intermediate_advanced,4,20,random,,184.203125,871.640625,208.203125,949.546875,4,13,,,,,,,,,,,,2026-08-16T17:54:38.981Z,K8EF3YCB,2026-08-16,2026-08-16,11:54:38,2026-08-16 11:54:38,,,,,,,,697ab12b4591197afc56d253,697ab12b4591197afc56d253,,,,
29062,hover_association,2,3,adv,25,3,3,4,53, purchase ,872,206,,697ab12b4591197afc56d253,697ab12b4591197afc56d253,advanced,3,697ab12b4591197afc56d253,697ab12b4591197afc56d253,spotlight_PROLIFIC,,31,Mexico,Spanish,N/A,,Spanish:75|English:25,100,Spanish:60|English:40,100,Spanish:90|English:10,100,29,0,Bachelor's,10,10,10,2,3,8,18,30,25,29,,,,,15,25,B1,intermediate|advanced,advanced|intermediate,cambridge_15_21_random_intermediate_advanced,4,20,random,,176.203125,871.640625,216.203125,953.79375,4,13,hover,249.89999997615814,249.89999997615814,0.053064019171516576,0.619921875,106,,,,,,2026-08-16T17:54:38.981Z,K8EF3YCB,2026-08-16,2026-08-16,11:54:38,2026-08-16 11:54:38,,,,,,,,697ab12b4591197afc56d253,697ab12b4591197afc56d253,,,,
29096,raw_position_sample,2,3,adv,25,3,3,4,52, The ,858,205,1556350.8999999762,697ab12b4591197afc56d253,697ab12b4591197afc56d253,advanced,3,697ab12b4591197afc56d253,697ab12b4591197afc56d253,spotlight_PROLIFIC,,31,Mexico,Spanish,N/A,,Spanish:75|English:25,100,Spanish:60|English:40,100,Spanish:90|English:10,100,29,0,Bachelor's,10,10,10,2,3,8,18,30,25,29,,,,,15,25,B1,intermediate|advanced,advanced|intermediate,cambridge_15_21_random_intermediate_advanced,4,20,random,,184.203125,835.671875,208.203125,871.640625,4,12,,,,,,,,,,,,2026-08-16T17:54:38.981Z,K8EF3YCB,2026-08-16,2026-08-16,11:54:38,2026-08-16 11:54:38,,,,,,,,697ab12b4591197afc56d253,697ab12b4591197afc56d253,,,,
29145,hover_association,2,3,adv,25,3,3,4,52, The ,870,201,,697ab12b4591197afc56d253,697ab12b4591197afc56d253,advanced,3,697ab12b4591197afc56d253,697ab12b4591197afc56d253,spotlight_PROLIFIC,,31,Mexico,Spanish,N/A,,Spanish:75|English:25,100,Spanish:60|English:40,100,Spanish:90|English:10,100,29,0,Bachelor's,10,10,10,2,3,8,18,30,25,29,,,,,15,25,B1,intermediate|advanced,advanced|intermediate,cambridge_15_21_random_intermediate_advanced,4,20,random,,176.203125,835.671875,216.203125,871.640625,4,12,hover,83.40000003576279,83.40000003576279,0.20373588184187663,0.794921875,106,,,,,,2026-08-16T17:54:38.981Z,K8EF3YCB,2026-08-16,2026-08-16,11:54:38,2026-08-16 11:54:38,,,,,,,,697ab12b4591197afc56d253,697ab12b4591197afc56d253,,,,
29147,raw_position_sample,2,3,adv,25,3,3,4,51, 2001. ,833,211,1556401.3999999762,697ab12b4591197afc56d253,697ab12b4591197afc56d253,advanced,3,697ab12b4591197afc56d253,697ab12b4591197afc56d253,spotlight_PROLIFIC,,31,Mexico,Spanish,N/A,,Spanish:75|English:25,100,Spanish:60|English:40,100,Spanish:90|English:10,100,29,0,Bachelor's,10,10,10,2,3,8,18,30,25,29,,,,,15,25,B1,intermediate|advanced,advanced|intermediate,cambridge_15_21_random_intermediate_advanced,4,20,random,,184.203125,784.96875,208.203125,835.671875,4,11,,,,,,,,,,,,2026-08-16T17:54:38.981Z,K8EF3YCB,2026-08-16,2026-08-16,11:54:38,2026-08-16 11:54:38,,,,,,,,697ab12b4591197afc56d253,697ab12b4591197afc56d253,,,,
29195,hover_association,2,3,adv,25,3,3,4,51, 2001. ,833,211,,697ab12b4591197afc56d253,697ab12b4591197afc56d253,advanced,3,697ab12b4591197afc56d253,697ab12b4591197afc56d253,spotlight_PROLIFIC,,31,Mexico,Spanish,N/A,,Spanish:75|English:25,100,Spanish:60|English:40,100,Spanish:90|English:10,100,29,0,Bachelor's,10,10,10,2,3,8,18,30,25,29,,,,,15,25,B1,intermediate|advanced,advanced|intermediate,cambridge_15_21_random_intermediate_advanced,4,20,random,,176.203125,784.96875,216.203125,835.671875,4,11,hover,50,50,0.572573189522342,0.994921875,106,,,,,,2026-08-16T17:54:38.981Z,K8EF3YCB,2026-08-16,2026-08-16,11:54:38,2026-08-16 11:54:38,,,,,,,,697ab12b4591197afc56d253,697ab12b4591197afc56d253,,,,
29197,raw_position_sample,2,3,adv,25,3,3,4,66, product ,803,219,1556451.199999988,697ab12b4591197afc56d253,697ab12b4591197afc56d253,advanced,3,697ab12b4591197afc56d253,697ab12b4591197afc56d253,spotlight_PROLIFIC,,31,Mexico,Spanish,N/A,,Spanish:75|English:25,100,Spanish:60|English:40,100,Spanish:90|English:10,100,29,0,Bachelor's,10,10,10,2,3,8,18,30,25,29,,,,,15,25,B1,intermediate|advanced,advanced|intermediate,cambridge_15_21_random_intermediate_advanced,4,20,random,,224.203125,753.375,248.203125,824.421875,5,13,,,,,,,,,,,,2026-08-16T17:54:38.981Z,K8EF3YCB,2026-08-16,2026-08-16,11:54:38,2026-08-16 11:54:38,,,,,,,,697ab12b4591197afc56d253,697ab12b4591197afc56d253,,,,
29246,raw_position_sample,2,3,adv,25,3,3,4,66, product ,756,232,1556501,697ab12b4591197afc56d253,697ab12b4591197afc56d253,advanced,3,697ab12b4591197afc56d253,697ab12b4591197afc56d253,spotlight_PROLIFIC,,31,Mexico,Spanish,N/A,,Spanish:75|English:25,100,Spanish:60|English:40,100,Spanish:90|English:10,100,29,0,Bachelor's,10,10,10,2,3,8,18,30,25,29,,,,,15,25,B1,intermediate|advanced,advanced|intermediate,cambridge_15_21_random_intermediate_advanced,4,20,random,,224.203125,753.375,248.203125,824.421875,5,13,,,,,,,,,,,,2026-08-16T17:54:38.981Z,K8EF3YCB,2026-08-16,2026-08-16,11:54:38,2026-08-16 11:54:38,,,,,,,,697ab12b4591197afc56d253,697ab12b4591197afc56d253,,,,
29262,hover_association,2,3,adv,25,3,3,4,66, product ,803,219,,697ab12b4591197afc56d253,697ab12b4591197afc56d253,advanced,3,697ab12b4591197afc56d253,697ab12b4591197afc56d253,spotlight_PROLIFIC,,31,Mexico,Spanish,N/A,,Spanish:75|English:25,100,Spanish:60|English:40,100,Spanish:90|English:10,100,29,0,Bachelor's,10,10,10,2,3,8,18,30,25,29,,,,,15,25,B1,intermediate|advanced,advanced|intermediate,cambridge_15_21_random_intermediate_advanced,4,20,random,,216.203125,753.375,256.203125,824.421875,5,13,hover,66.59999996423721,66.59999996423721,0.03694743787112382,0.394921875,106,,,,,,2026-08-16T17:54:38.981Z,K8EF3YCB,2026-08-16,2026-08-16,11:54:38,2026-08-16 11:54:38,,,,,,,,697ab12b4591197afc56d253,697ab12b4591197afc56d253,,,,
29279,hover_association,2,3,adv,25,3,3,4,65, of ,734,236,,697ab12b4591197afc56d253,697ab12b4591197afc56d253,advanced,3,697ab12b4591197afc56d253,697ab12b4591197afc56d253,spotlight_PROLIFIC,,31,Mexico,Spanish,N/A,,Spanish:75|English:25,100,Spanish:60|English:40,100,Spanish:90|English:10,100,29,0,Bachelor's,10,10,10,2,3,8,18,30,25,29,,,,,15,25,B1,intermediate|advanced,advanced|intermediate,cambridge_15_21_random_intermediate_advanced,4,20,random,,216.203125,731.609375,256.203125,753.375,5,12,hover,16.80000001192093,16.80000001192093,0.10983488872936109,0.494921875,106,,,,,,2026-08-16T17:54:38.981Z,K8EF3YCB,2026-08-16,2026-08-16,11:54:38,2026-08-16 11:54:38,,,,,,,,697ab12b4591197afc56d253,697ab12b4591197afc56d253,,,,
29295,hover_association,2,3,adv,25,3,3,4,64, type ,708,242,,697ab12b4591197afc56d253,697ab12b4591197afc56d253,advanced,3,697ab12b4591197afc56d253,697ab12b4591197afc56d253,spotlight_PROLIFIC,,31,Mexico,Spanish,N/A,,Spanish:75|English:25,100,Spanish:60|English:40,100,Spanish:90|English:10,100,29,0,Bachelor's,10,10,10,2,3,8,18,30,25,29,,,,,15,25,B1,intermediate|advanced,advanced|intermediate,cambridge_15_21_random_intermediate_advanced,4,20,random,,216.203125,690.015625,256.203125,731.609375,5,11,hover,16.600000023841858,16.600000023841858,0.432381667918858,0.644921875,106,,,,,,2026-08-16T17:54:38.981Z,K8EF3YCB,2026-08-16,2026-08-16,11:54:38,2026-08-16 11:54:38,,,,,,,,697ab12b4591197afc56d253,697ab12b4591197afc56d253,,,,
29297,raw_position_sample,2,3,adv,25,3,3,4,63, a ,679,250,1556551.300000012,697ab12b4591197afc56d253,697ab12b4591197afc56d253,advanced,3,697ab12b4591197afc56d253,697ab12b4591197afc56d253,spotlight_PROLIFIC,,31,Mexico,Spanish,N/A,,Spanish:75|English:25,100,Spanish:60|English:40,100,Spanish:90|English:10,100,29,0,Bachelor's,10,10,10,2,3,8,18,30,25,29,,,,,15,25,B1,intermediate|advanced,advanced|intermediate,cambridge_15_21_random_intermediate_advanced,4,20,random,,224.203125,675.234375,248.203125,690.015625,5,10,,,,,,,,,,,,2026-08-16T17:54:38.981Z,K8EF3YCB,2026-08-16,2026-08-16,11:54:38,2026-08-16 11:54:38,,,,,,,,697ab12b4591197afc56d253,697ab12b4591197afc56d253,,,,
29311,hover_association,2,3,adv,25,3,3,4,63, a ,679,250,,697ab12b4591197afc56d253,697ab12b4591197afc56d253,advanced,3,697ab12b4591197afc56d253,697ab12b4591197afc56d253,spotlight_PROLIFIC,,31,Mexico,Spanish,N/A,,Spanish:75|English:25,100,Spanish:60|English:40,100,Spanish:90|English:10,100,29,0,Bachelor's,10,10,10,2,3,8,18,30,25,29,,,,,15,25,B1,intermediate|advanced,advanced|intermediate,cambridge_15_21_random_intermediate_advanced,4,20,random,,216.203125,675.234375,256.203125,690.015625,5,10,hover,16.599999964237213,16.599999964237213,0.2547568710359408,0.844921875,106,,,,,,2026-08-16T17:54:38.981Z,K8EF3YCB,2026-08-16,2026-08-16,11:54:38,2026-08-16 11:54:38,,,,,,,,697ab12b4591197afc56d253,697ab12b4591197afc56d253,,,,
29328,hover_association,2,3,adv,25,3,3,4,62, or ,654,254,,697ab12b4591197afc56d253,697ab12b4591197afc56d253,advanced,3,697ab12b4591197afc56d253,697ab12b4591197afc56d253,spotlight_PROLIFIC,,31,Mexico,Spanish,N/A,,Spanish:75|English:25,100,Spanish:60|English:40,100,Spanish:90|English:10,100,29,0,Bachelor's,10,10,10,2,3,8,18,30,25,29,,,,,15,25,B1,intermediate|advanced,advanced|intermediate,cambridge_15_21_random_intermediate_advanced,4,20,random,,216.203125,652.21875,256.203125,675.234375,5,9,hover,16.5,16.5,0.07739307535641547,0.944921875,106,,,,,,2026-08-16T17:54:38.981Z,K8EF3YCB,2026-08-16,2026-08-16,11:54:38,2026-08-16 11:54:38,,,,,,,,697ab12b4591197afc56d253,697ab12b4591197afc56d253,,,,
29347,raw_position_sample,2,3,adv,25,3,3,4,76, given ,614,261,1556601.300000012,697ab12b4591197afc56d253,697ab12b4591197afc56d253,advanced,3,697ab12b4591197afc56d253,697ab12b4591197afc56d253,spotlight_PROLIFIC,,31,Mexico,Spanish,N/A,,Spanish:75|English:25,100,Spanish:60|English:40,100,Spanish:90|English:10,100,29,0,Bachelor's,10,10,10,2,3,8,18,30,25,29,,,,,15,25,B1,intermediate|advanced,advanced|intermediate,cambridge_15_21_random_intermediate_advanced,4,20,random,,264.203125,607.375,288.203125,658.203125,6,7,,,,,,,,,,,,2026-08-16T17:54:38.981Z,K8EF3YCB,2026-08-16,2026-08-16,11:54:38,2026-08-16 11:54:38,,,,,,,,697ab12b4591197afc56d253,697ab12b4591197afc56d253,,,,
29362,hover_association,2,3,adv,25,3,3,4,76, given ,636,258,,697ab12b4591197afc56d253,697ab12b4591197afc56d253,advanced,3,697ab12b4591197afc56d253,697ab12b4591197afc56d253,spotlight_PROLIFIC,,31,Mexico,Spanish,N/A,,Spanish:75|English:25,100,Spanish:60|English:40,100,Spanish:90|English:10,100,29,0,Bachelor's,10,10,10,2,3,8,18,30,25,29,,,,,15,25,B1,intermediate|advanced,advanced|intermediate,cambridge_15_21_random_intermediate_advanced,4,20,random,,256.203125,607.375,296.203125,658.203125,6,7,hover,33.5,33.5,0.1303412234860129,0.119921875,106,,,,,,2026-08-16T17:54:38.981Z,K8EF3YCB,2026-08-16,2026-08-16,11:54:38,2026-08-16 11:54:38,,,,,,,,697ab12b4591197afc56d253,697ab12b4591197afc56d253,,,,
29395,hover_association,2,3,adv,25,3,3,4,75, always ,591,261,,697ab12b4591197afc56d253,697ab12b4591197afc56d253,advanced,3,697ab12b4591197afc56d253,697ab12b4591197afc56d253,spotlight_PROLIFIC,,31,Mexico,Spanish,N/A,,Spanish:75|English:25,100,Spanish:60|English:40,100,Spanish:90|English:10,100,29,0,Bachelor's,10,10,10,2,3,8,18,30,25,29,,,,,15,25,B1,intermediate|advanced,advanced|intermediate,cambridge_15_21_random_intermediate_advanced,4,20,random,,256.203125,545.890625,296.203125,607.375,6,6,hover,33.40000003576279,33.40000003576279,0.2945362134688691,0.119921875,106,,,,,,2026-08-16T17:54:38.981Z,K8EF3YCB,2026-08-16,2026-08-16,11:54:38,2026-08-16 11:54:38,,,,,,,,697ab12b4591197afc56d253,697ab12b4591197afc56d253,,,,
29397,raw_position_sample,2,3,adv,25,3,3,4,74, “I’m ,532,261,1556651.5999999642,697ab12b4591197afc56d253,697ab12b4591197afc56d253,advanced,3,697ab12b4591197afc56d253,697ab12b4591197afc56d253,spotlight_PROLIFIC,,31,Mexico,Spanish,N/A,,Spanish:75|English:25,100,Spanish:60|English:40,100,Spanish:90|English:10,100,29,0,Bachelor's,10,10,10,2,3,8,18,30,25,29,,,,,15,25,B1,intermediate|advanced,advanced|intermediate,cambridge_15_21_random_intermediate_advanced,4,20,random,,264.203125,509.203125,288.203125,545.890625,6,5,,,,,,,,,,,,2026-08-16T17:54:38.981Z,K8EF3YCB,2026-08-16,2026-08-16,11:54:38,2026-08-16 11:54:38,,,,,,,,697ab12b4591197afc56d253,697ab12b4591197afc56d253,,,,
29412,hover_association,2,3,adv,25,3,3,4,74, “I’m ,532,261,,697ab12b4591197afc56d253,697ab12b4591197afc56d253,advanced,3,697ab12b4591197afc56d253,697ab12b4591197afc56d253,spotlight_PROLIFIC,,31,Mexico,Spanish,N/A,,Spanish:75|English:25,100,Spanish:60|English:40,100,Spanish:90|English:10,100,29,0,Bachelor's,10,10,10,2,3,8,18,30,25,29,,,,,15,25,B1,intermediate|advanced,advanced|intermediate,cambridge_15_21_random_intermediate_advanced,4,20,random,,256.203125,509.203125,296.203125,545.890625,6,5,hover,16.5,16.5,0.6213798977853492,0.119921875,106,,,,,,2026-08-16T17:54:38.981Z,K8EF3YCB,2026-08-16,2026-08-16,11:54:38,2026-08-16 11:54:38,,,,,,,,697ab12b4591197afc56d253,697ab12b4591197afc56d253,,,,
29445,hover_association,2,3,adv,25,3,3,4,73, check. ,492,261,,697ab12b4591197afc56d253,697ab12b4591197afc56d253,advanced,3,697ab12b4591197afc56d253,697ab12b4591197afc56d253,spotlight_PROLIFIC,,31,Mexico,Spanish,N/A,,Spanish:75|English:25,100,Spanish:60|English:40,100,Spanish:90|English:10,100,29,0,Bachelor's,10,10,10,2,3,8,18,30,25,29,,,,,15,25,B1,intermediate|advanced,advanced|intermediate,cambridge_15_21_random_intermediate_advanced,4,20,random,,256.203125,451.515625,296.203125,509.203125,6,4,hover,33.39999997615814,33.39999997615814,0.2684182015167931,0.119921875,106,,,,,,2026-08-16T17:54:38.981Z,K8EF3YCB,2026-08-16,2026-08-16,11:54:38,2026-08-16 11:54:38,,,,,,,,697ab12b4591197afc56d253,697ab12b4591197afc56d253,,,,
29448,raw_position_sample,2,3,adv,25,3,3,4,72, to ,446,261,1556702.5999999642,697ab12b4591197afc56d253,697ab12b4591197afc56d253,advanced,3,697ab12b4591197afc56d253,697ab12b4591197afc56d253,spotlight_PROLIFIC,,31,Mexico,Spanish,N/A,,Spanish:75|English:25,100,Spanish:60|English:40,100,Spanish:90|English:10,100,29,0,Bachelor's,10,10,10,2,3,8,18,30,25,29,,,,,15,25,B1,intermediate|advanced,advanced|intermediate,cambridge_15_21_random_intermediate_advanced,4,20,random,,264.203125,429.4375,288.203125,451.515625,6,3,,,,,,,,,,,,2026-08-16T17:54:38.981Z,K8EF3YCB,2026-08-16,2026-08-16,11:54:38,2026-08-16 11:54:38,,,,,,,,697ab12b4591197afc56d253,697ab12b4591197afc56d253,,,,
29462,hover_association,2,3,adv,25,3,3,4,72, to ,446,261,,697ab12b4591197afc56d253,697ab12b4591197afc56d253,advanced,3,697ab12b4591197afc56d253,697ab12b4591197afc56d253,spotlight_PROLIFIC,,31,Mexico,Spanish,N/A,,Spanish:75|English:25,100,Spanish:60|English:40,100,Spanish:90|English:10,100,29,0,Bachelor's,10,10,10,2,3,8,18,30,25,29,,,,,15,25,B1,intermediate|advanced,advanced|intermediate,cambridge_15_21_random_intermediate_advanced,4,20,random,,256.203125,429.4375,296.203125,451.515625,6,3,hover,16.69999998807907,16.69999998807907,0.7501769285208776,0.119921875,106,,,,,,2026-08-16T17:54:38.981Z,K8EF3YCB,2026-08-16,2026-08-16,11:54:38,2026-08-16 11:54:38,,,,,,,,697ab12b4591197afc56d253,697ab12b4591197afc56d253,,,,
29495,hover_association,2,3,adv,25,3,3,4,71, her ,427,261,,697ab12b4591197afc56d253,697ab12b4591197afc56d253,advanced,3,697ab12b4591197afc56d253,697ab12b4591197afc56d253,spotlight_PROLIFIC,,31,Mexico,Spanish,N/A,,Spanish:75|English:25,100,Spanish:60|English:40,100,Spanish:90|English:10,100,29,0,Bachelor's,10,10,10,2,3,8,18,30,25,29,,,,,15,25,B1,intermediate|advanced,advanced|intermediate,cambridge_15_21_random_intermediate_advanced,4,20,random,,256.203125,396.046875,296.203125,429.4375,6,2,hover,33.200000047683716,33.200000047683716,0.44782405240992046,0.119921875,106,,,,,,2026-08-16T17:54:38.981Z,K8EF3YCB,2026-08-16,2026-08-16,11:54:38,2026-08-16 11:54:38,,,,,,,,697ab12b4591197afc56d253,697ab12b4591197afc56d253,,,,
29497,raw_position_sample,2,3,adv,25,3,3,4,70, wants ,396,261,1556751.199999988,697ab12b4591197afc56d253,697ab12b4591197afc56d253,advanced,3,697ab12b4591197afc56d253,697ab12b4591197afc56d253,spotlight_PROLIFIC,,31,Mexico,Spanish,N/A,,Spanish:75|English:25,100,Spanish:60|English:40,100,Spanish:90|English:10,100,29,0,Bachelor's,10,10,10,2,3,8,18,30,25,29,,,,,15,25,B1,intermediate|advanced,advanced|intermediate,cambridge_15_21_random_intermediate_advanced,4,20,random,,264.203125,340.875,288.203125,396.046875,6,1,,,,,,,,,,,,2026-08-16T17:54:38.981Z,K8EF3YCB,2026-08-16,2026-08-16,11:54:38,2026-08-16 11:54:38,,,,,,,,697ab12b4591197afc56d253,697ab12b4591197afc56d253,,,,
29546,raw_position_sample,2,3,adv,25,3,3,4,70, wants ,349,261,1556801,697ab12b4591197afc56d253,697ab12b4591197afc56d253,advanced,3,697ab12b4591197afc56d253,697ab12b4591197afc56d253,spotlight_PROLIFIC,,31,Mexico,Spanish,N/A,,Spanish:75|English:25,100,Spanish:60|English:40,100,Spanish:90|English:10,100,29,0,Bachelor's,10,10,10,2,3,8,18,30,25,29,,,,,15,25,B1,intermediate|advanced,advanced|intermediate,cambridge_15_21_random_intermediate_advanced,4,20,random,,264.203125,340.875,288.203125,396.046875,6,1,,,,,,,,,,,,2026-08-16T17:54:38.981Z,K8EF3YCB,2026-08-16,2026-08-16,11:54:38,2026-08-16 11:54:38,,,,,,,,697ab12b4591197afc56d253,697ab12b4591197afc56d253,,,,
29561,hover_association,2,3,adv,25,3,3,4,70, wants ,396,261,,697ab12b4591197afc56d253,697ab12b4591197afc56d253,advanced,3,697ab12b4591197afc56d253,697ab12b4591197afc56d253,spotlight_PROLIFIC,,31,Mexico,Spanish,N/A,,Spanish:75|English:25,100,Spanish:60|English:40,100,Spanish:90|English:10,100,29,0,Bachelor's,10,10,10,2,3,8,18,30,25,29,,,,,15,25,B1,intermediate|advanced,advanced|intermediate,cambridge_15_21_random_intermediate_advanced,4,20,random,,256.203125,336.628125,296.203125,396.046875,6,1,hover,66.59999996423721,66.59999996423721,0.20821499947407157,0.119921875,106,,,,,,2026-08-16T17:54:38.981Z,K8EF3YCB,2026-08-16,2026-08-16,11:54:38,2026-08-16 11:54:38,,,,,,,,697ab12b4591197afc56d253,697ab12b4591197afc56d253,,,,
29596,raw_position_sample,2,3,adv,25,3,3,4,-1,999,315,261,1556850.3999999762,697ab12b4591197afc56d253,697ab12b4591197afc56d253,advanced,3,697ab12b4591197afc56d253,697ab12b4591197afc56d253,spotlight_PROLIFIC,,31,Mexico,Spanish,N/A,,Spanish:75|English:25,100,Spanish:60|English:40,100,Spanish:90|English:10,100,29,0,Bachelor's,10,10,10,2,3,8,18,30,25,29,,,,,15,25,B1,intermediate|advanced,advanced|intermediate,cambridge_15_21_random_intermediate_advanced,4,20,random,,,,,,,,,,,,,,,,,,,2026-08-16T17:54:38.981Z,K8EF3YCB,2026-08-16,2026-08-16,11:54:38,2026-08-16 11:54:38,,,,,,,,697ab12b4591197afc56d253,697ab12b4591197afc56d253,,,,
29644,raw_position_sample,2,3,adv,25,3,3,4,-1,999,315,261,1556898.0999999642,697ab12b4591197afc56d253,697ab12b4591197afc56d253,advanced,3,697ab12b4591197afc56d253,697ab12b4591197afc56d253,spotlight_PROLIFIC,,31,Mexico,Spanish,N/A,,Spanish:75|English:25,100,Spanish:60|English:40,100,Spanish:90|English:10,100,29,0,Bachelor's,10,10,10,2,3,8,18,30,25,29,,,,,15,25,B1,intermediate|advanced,advanced|intermediate,cambridge_15_21_random_intermediate_advanced,4,20,random,,,,,,,,,,,,,,,,,,,2026-08-16T17:54:38.981Z,K8EF3YCB,2026-08-16,2026-08-16,11:54:38,2026-08-16 11:54:38,,,,,,,,697ab12b4591197afc56d253,697ab12b4591197afc56d253,,,,
29694,raw_position_sample,2,3,adv,25,3,3,4,-1,999,315,261,1556949.0999999642,697ab12b4591197afc56d253,697ab12b4591197afc56d253,advanced,3,697ab12b4591197afc56d253,697ab12b4591197afc56d253,spotlight_PROLIFIC,,31,Mexico,Spanish,N/A,,Spanish:75|English:25,100,Spanish:60|English:40,100,Spanish:90|English:10,100,29,0,Bachelor's,10,10,10,2,3,8,18,30,25,29,,,,,15,25,B1,intermediate|advanced,advanced|intermediate,cambridge_15_21_random_intermediate_advanced,4,20,random,,,,,,,,,,,,,,,,,,,2026-08-16T17:54:38.981Z,K8EF3YCB,2026-08-16,2026-08-16,11:54:38,2026-08-16 11:54:38,,,,,,,,697ab12b4591197afc56d253,697ab12b4591197afc56d253,,,,
29746,raw_position_sample,2,3,adv,25,3,3,4,-1,999,329,255,1557000.199999988,697ab12b4591197afc56d253,697ab12b4591197afc56d253,advanced,3,697ab12b4591197afc56d253,697ab12b4591197afc56d253,spotlight_PROLIFIC,,31,Mexico,Spanish,N/A,,Spanish:75|English:25,100,Spanish:60|English:40,100,Spanish:90|English:10,100,29,0,Bachelor's,10,10,10,2,3,8,18,30,25,29,,,,,15,25,B1,intermediate|advanced,advanced|intermediate,cambridge_15_21_random_intermediate_advanced,4,20,random,,,,,,,,,,,,,,,,,,,2026-08-16T17:54:38.981Z,K8EF3YCB,2026-08-16,2026-08-16,11:54:38,2026-08-16 11:54:38,,,,,,,,697ab12b4591197afc56d253,697ab12b4591197afc56d253,,,,
29797,raw_position_sample,2,3,adv,25,3,3,4,54, usually ,355,239,1557051.199999988,697ab12b4591197afc56d253,697ab12b4591197afc56d253,advanced,3,697ab12b4591197afc56d253,697ab12b4591197afc56d253,spotlight_PROLIFIC,,31,Mexico,Spanish,N/A,,Spanish:75|English:25,100,Spanish:60|English:40,100,Spanish:90|English:10,100,29,0,Bachelor's,10,10,10,2,3,8,18,30,25,29,,,,,15,25,B1,intermediate|advanced,advanced|intermediate,cambridge_15_21_random_intermediate_advanced,4,20,random,,224.203125,340.875,248.203125,405,5,1,,,,,,,,,,,,2026-08-16T17:54:38.981Z,K8EF3YCB,2026-08-16,2026-08-16,11:54:38,2026-08-16 11:54:38,,,,,,,,697ab12b4591197afc56d253,697ab12b4591197afc56d253,,,,
29835,raw_position_sample,2,3,adv,25,3,3,4,54, usually ,357,237,1557089.300000012,697ab12b4591197afc56d253,697ab12b4591197afc56d253,advanced,3,697ab12b4591197afc56d253,697ab12b4591197afc56d253,spotlight_PROLIFIC,,31,Mexico,Spanish,N/A,,Spanish:75|English:25,100,Spanish:60|English:40,100,Spanish:90|English:10,100,29,0,Bachelor's,10,10,10,2,3,8,18,30,25,29,,,,,15,25,B1,intermediate|advanced,advanced|intermediate,cambridge_15_21_random_intermediate_advanced,4,20,random,,224.203125,340.875,248.203125,405,5,1,,,,,,,,,,,,2026-08-16T17:54:38.981Z,K8EF3YCB,2026-08-16,2026-08-16,11:54:38,2026-08-16 11:54:38,,,,,,,,697ab12b4591197afc56d253,697ab12b4591197afc56d253,,,,
29894,raw_position_sample,2,3,adv,25,3,3,4,54, usually ,360,231,1557149.0999999642,697ab12b4591197afc56d253,697ab12b4591197afc56d253,advanced,3,697ab12b4591197afc56d253,697ab12b4591197afc56d253,spotlight_PROLIFIC,,31,Mexico,Spanish,N/A,,Spanish:75|English:25,100,Spanish:60|English:40,100,Spanish:90|English:10,100,29,0,Bachelor's,10,10,10,2,3,8,18,30,25,29,,,,,15,25,B1,intermediate|advanced,advanced|intermediate,cambridge_15_21_random_intermediate_advanced,4,20,random,,224.203125,340.875,248.203125,405,5,1,,,,,,,,,,,,2026-08-16T17:54:38.981Z,K8EF3YCB,2026-08-16,2026-08-16,11:54:38,2026-08-16 11:54:38,,,,,,,,697ab12b4591197afc56d253,697ab12b4591197afc56d253,,,,
29945,raw_position_sample,2,3,adv,25,3,3,4,54, usually ,360,231,1557199.699999988,697ab12b4591197afc56d253,697ab12b4591197afc56d253,advanced,3,697ab12b4591197afc56d253,697ab12b4591197afc56d253,spotlight_PROLIFIC,,31,Mexico,Spanish,N/A,,Spanish:75|English:25,100,Spanish:60|English:40,100,Spanish:90|English:10,100,29,0,Bachelor's,10,10,10,2,3,8,18,30,25,29,,,,,15,25,B1,intermediate|advanced,advanced|intermediate,cambridge_15_21_random_intermediate_advanced,4,20,random,,224.203125,340.875,248.203125,405,5,1,,,,,,,,,,,,2026-08-16T17:54:38.981Z,K8EF3YCB,2026-08-16,2026-08-16,11:54:38,2026-08-16 11:54:38,,,,,,,,697ab12b4591197afc56d253,697ab12b4591197afc56d253,,,,
29993,raw_position_sample,2,3,adv,25,3,3,4,54, usually ,360,231,1557248.0999999642,697ab12b4591197afc56d253,697ab12b4591197afc56d253,advanced,3,697ab12b4591197afc56d253,697ab12b4591197afc56d253,spotlight_PROLIFIC,,31,Mexico,Spanish,N/A,,Spanish:75|English:25,100,Spanish:60|English:40,100,Spanish:90|English:10,100,29,0,Bachelor's,10,10,10,2,3,8,18,30,25,29,,,,,15,25,B1,intermediate|advanced,advanced|intermediate,cambridge_15_21_random_intermediate_advanced,4,20,random,,224.203125,340.875,248.203125,405,5,1,,,,,,,,,,,,2026-08-16T17:54:38.981Z,K8EF3YCB,2026-08-16,2026-08-16,11:54:38,2026-08-16 11:54:38,,,,,,,,697ab12b4591197afc56d253,697ab12b4591197afc56d253,,,,
30042,raw_position_sample,2,3,adv,25,3,3,4,54, usually ,360,231,1557296.199999988,697ab12b4591197afc56d253,697ab12b4591197afc56d253,advanced,3,697ab12b4591197afc56d253,697ab12b4591197afc56d253,spotlight_PROLIFIC,,31,Mexico,Spanish,N/A,,Spanish:75|English:25,100,Spanish:60|English:40,100,Spanish:90|English:10,100,29,0,Bachelor's,10,10,10,2,3,8,18,30,25,29,,,,,15,25,B1,intermediate|advanced,advanced|intermediate,cambridge_15_21_random_intermediate_advanced,4,20,random,,224.203125,340.875,248.203125,405,5,1,,,,,,,,,,,,2026-08-16T17:54:38.981Z,K8EF3YCB,2026-08-16,2026-08-16,11:54:38,2026-08-16 11:54:38,,,,,,,,697ab12b4591197afc56d253,697ab12b4591197afc56d253,,,,
30090,raw_position_sample,2,3,adv,25,3,3,4,54, usually ,360,231,1557344.699999988,697ab12b4591197afc56d253,697ab12b4591197afc56d253,advanced,3,697ab12b4591197afc56d253,697ab12b4591197afc56d253,spotlight_PROLIFIC,,31,Mexico,Spanish,N/A,,Spanish:75|English:25,100,Spanish:60|English:40,100,Spanish:90|English:10,100,29,0,Bachelor's,10,10,10,2,3,8,18,30,25,29,,,,,15,25,B1,intermediate|advanced,advanced|intermediate,cambridge_15_21_random_intermediate_advanced,4,20,random,,224.203125,340.875,248.203125,405,5,1,,,,,,,,,,,,2026-08-16T17:54:38.981Z,K8EF3YCB,2026-08-16,2026-08-16,11:54:38,2026-08-16 11:54:38,,,,,,,,697ab12b4591197afc56d253,697ab12b4591197afc56d253,,,,
30138,raw_position_sample,2,3,adv,25,3,3,4,54, usually ,360,231,1557392.300000012,697ab12b4591197afc56d253,697ab12b4591197afc56d253,advanced,3,697ab12b4591197afc56d253,697ab12b4591197afc56d253,spotlight_PROLIFIC,,31,Mexico,Spanish,N/A,,Spanish:75|English:25,100,Spanish:60|English:40,100,Spanish:90|English:10,100,29,0,Bachelor's,10,10,10,2,3,8,18,30,25,29,,,,,15,25,B1,intermediate|advanced,advanced|intermediate,cambridge_15_21_random_intermediate_advanced,4,20,random,,224.203125,340.875,248.203125,405,5,1,,,,,,,,,,,,2026-08-16T17:54:38.981Z,K8EF3YCB,2026-08-16,2026-08-16,11:54:38,2026-08-16 11:54:38,,,,,,,,697ab12b4591197afc56d253,697ab12b4591197afc56d253,,,,
30186,raw_position_sample,2,3,adv,25,3,3,4,54, usually ,360,231,1557440.199999988,697ab12b4591197afc56d253,697ab12b4591197afc56d253,advanced,3,697ab12b4591197afc56d253,697ab12b4591197afc56d253,spotlight_PROLIFIC,,31,Mexico,Spanish,N/A,,Spanish:75|English:25,100,Spanish:60|English:40,100,Spanish:90|English:10,100,29,0,Bachelor's,10,10,10,2,3,8,18,30,25,29,,,,,15,25,B1,intermediate|advanced,advanced|intermediate,cambridge_15_21_random_intermediate_advanced,4,20,random,,224.203125,340.875,248.203125,405,5,1,,,,,,,,,,,,2026-08-16T17:54:38.981Z,K8EF3YCB,2026-08-16,2026-08-16,11:54:38,2026-08-16 11:54:38,,,,,,,,697ab12b4591197afc56d253,697ab12b4591197afc56d253,,,,
30239,raw_position_sample,2,3,adv,25,3,3,4,54, usually ,364,231,1557493.5,697ab12b4591197afc56d253,697ab12b4591197afc56d253,advanced,3,697ab12b4591197afc56d253,697ab12b4591197afc56d253,spotlight_PROLIFIC,,31,Mexico,Spanish,N/A,,Spanish:75|English:25,100,Spanish:60|English:40,100,Spanish:90|English:10,100,29,0,Bachelor's,10,10,10,2,3,8,18,30,25,29,,,,,15,25,B1,intermediate|advanced,advanced|intermediate,cambridge_15_21_random_intermediate_advanced,4,20,random,,224.203125,340.875,248.203125,405,5,1,,,,,,,,,,,,2026-08-16T17:54:38.981Z,K8EF3YCB,2026-08-16,2026-08-16,11:54:38,2026-08-16 11:54:38,,,,,,,,697ab12b4591197afc56d253,697ab12b4591197afc56d253,,,,
30295,raw_position_sample,2,3,adv,25,3,3,4,54, usually ,377,231,1557549.300000012,697ab12b4591197afc56d253,697ab12b4591197afc56d253,advanced,3,697ab12b4591197afc56d253,697ab12b4591197afc56d253,spotlight_PROLIFIC,,31,Mexico,Spanish,N/A,,Spanish:75|English:25,100,Spanish:60|English:40,100,Spanish:90|English:10,100,29,0,Bachelor's,10,10,10,2,3,8,18,30,25,29,,,,,15,25,B1,intermediate|advanced,advanced|intermediate,cambridge_15_21_random_intermediate_advanced,4,20,random,,224.203125,340.875,248.203125,405,5,1,,,,,,,,,,,,2026-08-16T17:54:38.981Z,K8EF3YCB,2026-08-16,2026-08-16,11:54:38,2026-08-16 11:54:38,,,,,,,,697ab12b4591197afc56d253,697ab12b4591197afc56d253,,,,
30345,raw_position_sample,2,3,adv,25,3,3,4,54, usually ,392,231,1557599.5999999642,697ab12b4591197afc56d253,697ab12b4591197afc56d253,advanced,3,697ab12b4591197afc56d253,697ab12b4591197afc56d253,spotlight_PROLIFIC,,31,Mexico,Spanish,N/A,,Spanish:75|English:25,100,Spanish:60|English:40,100,Spanish:90|English:10,100,29,0,Bachelor's,10,10,10,2,3,8,18,30,25,29,,,,,15,25,B1,intermediate|advanced,advanced|intermediate,cambridge_15_21_random_intermediate_advanced,4,20,random,,224.203125,340.875,248.203125,405,5,1,,,,,,,,,,,,2026-08-16T17:54:38.981Z,K8EF3YCB,2026-08-16,2026-08-16,11:54:38,2026-08-16 11:54:38,,,,,,,,697ab12b4591197afc56d253,697ab12b4591197afc56d253,,,,
30385,raw_position_sample,2,3,adv,25,3,3,4,54, usually ,394,231,1557639.0999999642,697ab12b4591197afc56d253,697ab12b4591197afc56d253,advanced,3,697ab12b4591197afc56d253,697ab12b4591197afc56d253,spotlight_PROLIFIC,,31,Mexico,Spanish,N/A,,Spanish:75|English:25,100,Spanish:60|English:40,100,Spanish:90|English:10,100,29,0,Bachelor's,10,10,10,2,3,8,18,30,25,29,,,,,15,25,B1,intermediate|advanced,advanced|intermediate,cambridge_15_21_random_intermediate_advanced,4,20,random,,224.203125,340.875,248.203125,405,5,1,,,,,,,,,,,,2026-08-16T17:54:38.981Z,K8EF3YCB,2026-08-16,2026-08-16,11:54:38,2026-08-16 11:54:38,,,,,,,,697ab12b4591197afc56d253,697ab12b4591197afc56d253,,,,
30443,raw_position_sample,2,3,adv,25,3,3,4,54, usually ,394,231,1557698.0999999642,697ab12b4591197afc56d253,697ab12b4591197afc56d253,advanced,3,697ab12b4591197afc56d253,697ab12b4591197afc56d253,spotlight_PROLIFIC,,31,Mexico,Spanish,N/A,,Spanish:75|English:25,100,Spanish:60|English:40,100,Spanish:90|English:10,100,29,0,Bachelor's,10,10,10,2,3,8,18,30,25,29,,,,,15,25,B1,intermediate|advanced,advanced|intermediate,cambridge_15_21_random_intermediate_advanced,4,20,random,,224.203125,340.875,248.203125,405,5,1,,,,,,,,,,,,2026-08-16T17:54:38.981Z,K8EF3YCB,2026-08-16,2026-08-16,11:54:38,2026-08-16 11:54:38,,,,,,,,697ab12b4591197afc56d253,697ab12b4591197afc56d253,,,,
30491,raw_position_sample,2,3,adv,25,3,3,4,54, usually ,394,231,1557745.800000012,697ab12b4591197afc56d253,697ab12b4591197afc56d253,advanced,3,697ab12b4591197afc56d253,697ab12b4591197afc56d253,spotlight_PROLIFIC,,31,Mexico,Spanish,N/A,,Spanish:75|English:25,100,Spanish:60|English:40,100,Spanish:90|English:10,100,29,0,Bachelor's,10,10,10,2,3,8,18,30,25,29,,,,,15,25,B1,intermediate|advanced,advanced|intermediate,cambridge_15_21_random_intermediate_advanced,4,20,random,,224.203125,340.875,248.203125,405,5,1,,,,,,,,,,,,2026-08-16T17:54:38.981Z,K8EF3YCB,2026-08-16,2026-08-16,11:54:38,2026-08-16 11:54:38,,,,,,,,697ab12b4591197afc56d253,697ab12b4591197afc56d253,,,,
30540,raw_position_sample,2,3,adv,25,3,3,4,54, usually ,394,231,1557794.199999988,697ab12b4591197afc56d253,697ab12b4591197afc56d253,advanced,3,697ab12b4591197afc56d253,697ab12b4591197afc56d253,spotlight_PROLIFIC,,31,Mexico,Spanish,N/A,,Spanish:75|English:25,100,Spanish:60|English:40,100,Spanish:90|English:10,100,29,0,Bachelor's,10,10,10,2,3,8,18,30,25,29,,,,,15,25,B1,intermediate|advanced,advanced|intermediate,cambridge_15_21_random_intermediate_advanced,4,20,random,,224.203125,340.875,248.203125,405,5,1,,,,,,,,,,,,2026-08-16T17:54:38.981Z,K8EF3YCB,2026-08-16,2026-08-16,11:54:38,2026-08-16 11:54:38,,,,,,,,697ab12b4591197afc56d253,697ab12b4591197afc56d253,,,,
30588,raw_position_sample,2,3,adv,25,3,3,4,54, usually ,394,231,1557842.800000012,697ab12b4591197afc56d253,697ab12b4591197afc56d253,advanced,3,697ab12b4591197afc56d253,697ab12b4591197afc56d253,spotlight_PROLIFIC,,31,Mexico,Spanish,N/A,,Spanish:75|English:25,100,Spanish:60|English:40,100,Spanish:90|English:10,100,29,0,Bachelor's,10,10,10,2,3,8,18,30,25,29,,,,,15,25,B1,intermediate|advanced,advanced|intermediate,cambridge_15_21_random_intermediate_advanced,4,20,random,,224.203125,340.875,248.203125,405,5,1,,,,,,,,,,,,2026-08-16T17:54:38.981Z,K8EF3YCB,2026-08-16,2026-08-16,11:54:38,2026-08-16 11:54:38,,,,,,,,697ab12b4591197afc56d253,697ab12b4591197afc56d253,,,,
30636,raw_position_sample,2,3,adv,25,3,3,4,54, usually ,394,231,1557891.0999999642,697ab12b4591197afc56d253,697ab12b4591197afc56d253,advanced,3,697ab12b4591197afc56d253,697ab12b4591197afc56d253,spotlight_PROLIFIC,,31,Mexico,Spanish,N/A,,Spanish:75|English:25,100,Spanish:60|English:40,100,Spanish:90|English:10,100,29,0,Bachelor's,10,10,10,2,3,8,18,30,25,29,,,,,15,25,B1,intermediate|advanced,advanced|intermediate,cambridge_15_21_random_intermediate_advanced,4,20,random,,224.203125,340.875,248.203125,405,5,1,,,,,,,,,,,,2026-08-16T17:54:38.981Z,K8EF3YCB,2026-08-16,2026-08-16,11:54:38,2026-08-16 11:54:38,,,,,,,,697ab12b4591197afc56d253,697ab12b4591197afc56d253,,,,
30686,raw_position_sample,2,3,adv,25,3,3,4,54, usually ,394,232,1557940.300000012,697ab12b4591197afc56d253,697ab12b4591197afc56d253,advanced,3,697ab12b4591197afc56d253,697ab12b4591197afc56d253,spotlight_PROLIFIC,,31,Mexico,Spanish,N/A,,Spanish:75|English:25,100,Spanish:60|English:40,100,Spanish:90|English:10,100,29,0,Bachelor's,10,10,10,2,3,8,18,30,25,29,,,,,15,25,B1,intermediate|advanced,advanced|intermediate,cambridge_15_21_random_intermediate_advanced,4,20,random,,224.203125,340.875,248.203125,405,5,1,,,,,,,,,,,,2026-08-16T17:54:38.981Z,K8EF3YCB,2026-08-16,2026-08-16,11:54:38,2026-08-16 11:54:38,,,,,,,,697ab12b4591197afc56d253,697ab12b4591197afc56d253,,,,
30746,raw_position_sample,2,3,adv,25,3,3,4,54, usually ,405,233,1558000.8999999762,697ab12b4591197afc56d253,697ab12b4591197afc56d253,advanced,3,697ab12b4591197afc56d253,697ab12b4591197afc56d253,spotlight_PROLIFIC,,31,Mexico,Spanish,N/A,,Spanish:75|English:25,100,Spanish:60|English:40,100,Spanish:90|English:10,100,29,0,Bachelor's,10,10,10,2,3,8,18,30,25,29,,,,,15,25,B1,intermediate|advanced,advanced|intermediate,cambridge_15_21_random_intermediate_advanced,4,20,random,,224.203125,340.875,248.203125,405,5,1,,,,,,,,,,,,2026-08-16T17:54:38.981Z,K8EF3YCB,2026-08-16,2026-08-16,11:54:38,2026-08-16 11:54:38,,,,,,,,697ab12b4591197afc56d253,697ab12b4591197afc56d253,,,,
30761,hover_association,2,3,adv,25,3,3,4,54, usually ,339,249,,697ab12b4591197afc56d253,697ab12b4591197afc56d253,advanced,3,697ab12b4591197afc56d253,697ab12b4591197afc56d253,spotlight_PROLIFIC,,31,Mexico,Spanish,N/A,,Spanish:75|English:25,100,Spanish:60|English:40,100,Spanish:90|English:10,100,29,0,Bachelor's,10,10,10,2,3,8,18,30,25,29,,,,,15,25,B1,intermediate|advanced,advanced|intermediate,cambridge_15_21_random_intermediate_advanced,4,20,random,,216.203125,336.628125,256.203125,405,5,1,hover,999.6999999880791,999.6999999880791,1,0.419921875,106,,,,,,2026-08-16T17:54:38.981Z,K8EF3YCB,2026-08-16,2026-08-16,11:54:38,2026-08-16 11:54:38,,,,,,,,697ab12b4591197afc56d253,697ab12b4591197afc56d253,,,,
30796,raw_position_sample,2,3,adv,25,3,3,4,55, has ,416,233,1558050.699999988,697ab12b4591197afc56d253,697ab12b4591197afc56d253,advanced,3,697ab12b4591197afc56d253,697ab12b4591197afc56d253,spotlight_PROLIFIC,,31,Mexico,Spanish,N/A,,Spanish:75|English:25,100,Spanish:60|English:40,100,Spanish:90|English:10,100,29,0,Bachelor's,10,10,10,2,3,8,18,30,25,29,,,,,15,25,B1,intermediate|advanced,advanced|intermediate,cambridge_15_21_random_intermediate_advanced,4,20,random,,224.203125,405,248.203125,439.53125,5,2,,,,,,,,,,,,2026-08-16T17:54:38.981Z,K8EF3YCB,2026-08-16,2026-08-16,11:54:38,2026-08-16 11:54:38,,,,,,,,697ab12b4591197afc56d253,697ab12b4591197afc56d253,,,,
30835,raw_position_sample,2,3,adv,25,3,3,4,55, has ,423,233,1558089.5999999642,697ab12b4591197afc56d253,697ab12b4591197afc56d253,advanced,3,697ab12b4591197afc56d253,697ab12b4591197afc56d253,spotlight_PROLIFIC,,31,Mexico,Spanish,N/A,,Spanish:75|English:25,100,Spanish:60|English:40,100,Spanish:90|English:10,100,29,0,Bachelor's,10,10,10,2,3,8,18,30,25,29,,,,,15,25,B1,intermediate|advanced,advanced|intermediate,cambridge_15_21_random_intermediate_advanced,4,20,random,,224.203125,405,248.203125,439.53125,5,2,,,,,,,,,,,,2026-08-16T17:54:38.981Z,K8EF3YCB,2026-08-16,2026-08-16,11:54:38,2026-08-16 11:54:38,,,,,,,,697ab12b4591197afc56d253,697ab12b4591197afc56d253,,,,
30887,raw_position_sample,2,3,adv,25,3,3,4,55, has ,431,235,1558141.5999999642,697ab12b4591197afc56d253,697ab12b4591197afc56d253,advanced,3,697ab12b4591197afc56d253,697ab12b4591197afc56d253,spotlight_PROLIFIC,,31,Mexico,Spanish,N/A,,Spanish:75|English:25,100,Spanish:60|English:40,100,Spanish:90|English:10,100,29,0,Bachelor's,10,10,10,2,3,8,18,30,25,29,,,,,15,25,B1,intermediate|advanced,advanced|intermediate,cambridge_15_21_random_intermediate_advanced,4,20,random,,224.203125,405,248.203125,439.53125,5,2,,,,,,,,,,,,2026-08-16T17:54:38.981Z,K8EF3YCB,2026-08-16,2026-08-16,11:54:38,2026-08-16 11:54:38,,,,,,,,697ab12b4591197afc56d253,697ab12b4591197afc56d253,,,,
30947,raw_position_sample,2,3,adv,25,3,3,4,55, has ,439,236,1558201.199999988,697ab12b4591197afc56d253,697ab12b4591197afc56d253,advanced,3,697ab12b4591197afc56d253,697ab12b4591197afc56d253,spotlight_PROLIFIC,,31,Mexico,Spanish,N/A,,Spanish:75|English:25,100,Spanish:60|English:40,100,Spanish:90|English:10,100,29,0,Bachelor's,10,10,10,2,3,8,18,30,25,29,,,,,15,25,B1,intermediate|advanced,advanced|intermediate,cambridge_15_21_random_intermediate_advanced,4,20,random,,224.203125,405,248.203125,439.53125,5,2,,,,,,,,,,,,2026-08-16T17:54:38.981Z,K8EF3YCB,2026-08-16,2026-08-16,11:54:38,2026-08-16 11:54:38,,,,,,,,697ab12b4591197afc56d253,697ab12b4591197afc56d253,,,,
30961,hover_association,2,3,adv,25,3,3,4,55, has ,409,233,,697ab12b4591197afc56d253,697ab12b4591197afc56d253,advanced,3,697ab12b4591197afc56d253,697ab12b4591197afc56d253,spotlight_PROLIFIC,,31,Mexico,Spanish,N/A,,Spanish:75|English:25,100,Spanish:60|English:40,100,Spanish:90|English:10,100,29,0,Bachelor's,10,10,10,2,3,8,18,30,25,29,,,,,15,25,B1,intermediate|advanced,advanced|intermediate,cambridge_15_21_random_intermediate_advanced,4,20,random,,216.203125,405,256.203125,439.53125,5,2,hover,200,200,0.9846153846153847,0.494921875,106,,,,,,2026-08-16T17:54:38.981Z,K8EF3YCB,2026-08-16,2026-08-16,11:54:38,2026-08-16 11:54:38,,,,,,,,697ab12b4591197afc56d253,697ab12b4591197afc56d253,,,,
30997,raw_position_sample,2,3,adv,25,3,3,4,56, to ,443,237,1558251.5,697ab12b4591197afc56d253,697ab12b4591197afc56d253,advanced,3,697ab12b4591197afc56d253,697ab12b4591197afc56d253,spotlight_PROLIFIC,,31,Mexico,Spanish,N/A,,Spanish:75|English:25,100,Spanish:60|English:40,100,Spanish:90|English:10,100,29,0,Bachelor's,10,10,10,2,3,8,18,30,25,29,,,,,15,25,B1,intermediate|advanced,advanced|intermediate,cambridge_15_21_random_intermediate_advanced,4,20,random,,224.203125,439.53125,248.203125,461.609375,5,3,,,,,,,,,,,,2026-08-16T17:54:38.981Z,K8EF3YCB,2026-08-16,2026-08-16,11:54:38,2026-08-16 11:54:38,,,,,,,,697ab12b4591197afc56d253,697ab12b4591197afc56d253,,,,
31037,raw_position_sample,2,3,adv,25,3,3,4,56, to ,448,237,1558291.5,697ab12b4591197afc56d253,697ab12b4591197afc56d253,advanced,3,697ab12b4591197afc56d253,697ab12b4591197afc56d253,spotlight_PROLIFIC,,31,Mexico,Spanish,N/A,,Spanish:75|English:25,100,Spanish:60|English:40,100,Spanish:90|English:10,100,29,0,Bachelor's,10,10,10,2,3,8,18,30,25,29,,,,,15,25,B1,intermediate|advanced,advanced|intermediate,cambridge_15_21_random_intermediate_advanced,4,20,random,,224.203125,439.53125,248.203125,461.609375,5,3,,,,,,,,,,,,2026-08-16T17:54:38.981Z,K8EF3YCB,2026-08-16,2026-08-16,11:54:38,2026-08-16 11:54:38,,,,,,,,697ab12b4591197afc56d253,697ab12b4591197afc56d253,,,,
31086,raw_position_sample,2,3,adv,25,3,3,4,56, to ,455,237,1558341,697ab12b4591197afc56d253,697ab12b4591197afc56d253,advanced,3,697ab12b4591197afc56d253,697ab12b4591197afc56d253,spotlight_PROLIFIC,,31,Mexico,Spanish,N/A,,Spanish:75|English:25,100,Spanish:60|English:40,100,Spanish:90|English:10,100,29,0,Bachelor's,10,10,10,2,3,8,18,30,25,29,,,,,15,25,B1,intermediate|advanced,advanced|intermediate,cambridge_15_21_random_intermediate_advanced,4,20,random,,224.203125,439.53125,248.203125,461.609375,5,3,,,,,,,,,,,,2026-08-16T17:54:38.981Z,K8EF3YCB,2026-08-16,2026-08-16,11:54:38,2026-08-16 11:54:38,,,,,,,,697ab12b4591197afc56d253,697ab12b4591197afc56d253,,,,
31112,hover_association,2,3,adv,25,3,3,4,56, to ,441,237,,697ab12b4591197afc56d253,697ab12b4591197afc56d253,advanced,3,697ab12b4591197afc56d253,697ab12b4591197afc56d253,spotlight_PROLIFIC,,31,Mexico,Spanish,N/A,,Spanish:75|English:25,100,Spanish:60|English:40,100,Spanish:90|English:10,100,29,0,Bachelor's,10,10,10,2,3,8,18,30,25,29,,,,,15,25,B1,intermediate|advanced,advanced|intermediate,cambridge_15_21_random_intermediate_advanced,4,20,random,,216.203125,439.53125,256.203125,461.609375,5,3,hover,150.60000002384186,150.60000002384186,0.9271054493984431,0.519921875,106,,,,,,2026-08-16T17:54:38.981Z,K8EF3YCB,2026-08-16,2026-08-16,11:54:38,2026-08-16 11:54:38,,,,,,,,697ab12b4591197afc56d253,697ab12b4591197afc56d253,,,,
31146,raw_position_sample,2,3,adv,25,3,3,4,57, be ,469,238,1558400.800000012,697ab12b4591197afc56d253,697ab12b4591197afc56d253,advanced,3,697ab12b4591197afc56d253,697ab12b4591197afc56d253,spotlight_PROLIFIC,,31,Mexico,Spanish,N/A,,Spanish:75|English:25,100,Spanish:60|English:40,100,Spanish:90|English:10,100,29,0,Bachelor's,10,10,10,2,3,8,18,30,25,29,,,,,15,25,B1,intermediate|advanced,advanced|intermediate,cambridge_15_21_random_intermediate_advanced,4,20,random,,224.203125,461.609375,248.203125,487.515625,5,4,,,,,,,,,,,,2026-08-16T17:54:38.981Z,K8EF3YCB,2026-08-16,2026-08-16,11:54:38,2026-08-16 11:54:38,,,,,,,,697ab12b4591197afc56d253,697ab12b4591197afc56d253,,,,
31195,raw_position_sample,2,3,adv,25,3,3,4,57, be ,475,239,1558449.199999988,697ab12b4591197afc56d253,697ab12b4591197afc56d253,advanced,3,697ab12b4591197afc56d253,697ab12b4591197afc56d253,spotlight_PROLIFIC,,31,Mexico,Spanish,N/A,,Spanish:75|English:25,100,Spanish:60|English:40,100,Spanish:90|English:10,100,29,0,Bachelor's,10,10,10,2,3,8,18,30,25,29,,,,,15,25,B1,intermediate|advanced,advanced|intermediate,cambridge_15_21_random_intermediate_advanced,4,20,random,,224.203125,461.609375,248.203125,487.515625,5,4,,,,,,,,,,,,2026-08-16T17:54:38.981Z,K8EF3YCB,2026-08-16,2026-08-16,11:54:38,2026-08-16 11:54:38,,,,,,,,697ab12b4591197afc56d253,697ab12b4591197afc56d253,,,,
31239,raw_position_sample,2,3,adv,25,3,3,4,57, be ,483,239,1558493.3999999762,697ab12b4591197afc56d253,697ab12b4591197afc56d253,advanced,3,697ab12b4591197afc56d253,697ab12b4591197afc56d253,spotlight_PROLIFIC,,31,Mexico,Spanish,N/A,,Spanish:75|English:25,100,Spanish:60|English:40,100,Spanish:90|English:10,100,29,0,Bachelor's,10,10,10,2,3,8,18,30,25,29,,,,,15,25,B1,intermediate|advanced,advanced|intermediate,cambridge_15_21_random_intermediate_advanced,4,20,random,,224.203125,461.609375,248.203125,487.515625,5,4,,,,,,,,,,,,2026-08-16T17:54:38.981Z,K8EF3YCB,2026-08-16,2026-08-16,11:54:38,2026-08-16 11:54:38,,,,,,,,697ab12b4591197afc56d253,697ab12b4591197afc56d253,,,,
31278,hover_association,2,3,adv,25,3,3,4,57, be ,464,238,,697ab12b4591197afc56d253,697ab12b4591197afc56d253,advanced,3,697ab12b4591197afc56d253,697ab12b4591197afc56d253,spotlight_PROLIFIC,,31,Mexico,Spanish,N/A,,Spanish:75|English:25,100,Spanish:60|English:40,100,Spanish:90|English:10,100,29,0,Bachelor's,10,10,10,2,3,8,18,30,25,29,,,,,15,25,B1,intermediate|advanced,advanced|intermediate,cambridge_15_21_random_intermediate_advanced,4,20,random,,216.203125,461.609375,256.203125,487.515625,5,4,hover,166,166,0.9800965018094089,0.569921875,106,,,,,,2026-08-16T17:54:38.981Z,K8EF3YCB,2026-08-16,2026-08-16,11:54:38,2026-08-16 11:54:38,,,,,,,,697ab12b4591197afc56d253,697ab12b4591197afc56d253,,,,
31293,raw_position_sample,2,3,adv,25,3,3,4,58, related ,489,239,1558548.0999999642,697ab12b4591197afc56d253,697ab12b4591197afc56d253,advanced,3,697ab12b4591197afc56d253,697ab12b4591197afc56d253,spotlight_PROLIFIC,,31,Mexico,Spanish,N/A,,Spanish:75|English:25,100,Spanish:60|English:40,100,Spanish:90|English:10,100,29,0,Bachelor's,10,10,10,2,3,8,18,30,25,29,,,,,15,25,B1,intermediate|advanced,advanced|intermediate,cambridge_15_21_random_intermediate_advanced,4,20,random,,224.203125,487.515625,248.203125,551.890625,5,5,,,,,,,,,,,,2026-08-16T17:54:38.981Z,K8EF3YCB,2026-08-16,2026-08-16,11:54:38,2026-08-16 11:54:38,,,,,,,,697ab12b4591197afc56d253,697ab12b4591197afc56d253,,,,
31346,raw_position_sample,2,3,adv,25,3,3,4,58, related ,495,239,1558600.699999988,697ab12b4591197afc56d253,697ab12b4591197afc56d253,advanced,3,697ab12b4591197afc56d253,697ab12b4591197afc56d253,spotlight_PROLIFIC,,31,Mexico,Spanish,N/A,,Spanish:75|English:25,100,Spanish:60|English:40,100,Spanish:90|English:10,100,29,0,Bachelor's,10,10,10,2,3,8,18,30,25,29,,,,,15,25,B1,intermediate|advanced,advanced|intermediate,cambridge_15_21_random_intermediate_advanced,4,20,random,,224.203125,487.515625,248.203125,551.890625,5,5,,,,,,,,,,,,2026-08-16T17:54:38.981Z,K8EF3YCB,2026-08-16,2026-08-16,11:54:38,2026-08-16 11:54:38,,,,,,,,697ab12b4591197afc56d253,697ab12b4591197afc56d253,,,,
31395,raw_position_sample,2,3,adv,25,3,3,4,58, related ,499,239,1558649.300000012,697ab12b4591197afc56d253,697ab12b4591197afc56d253,advanced,3,697ab12b4591197afc56d253,697ab12b4591197afc56d253,spotlight_PROLIFIC,,31,Mexico,Spanish,N/A,,Spanish:75|English:25,100,Spanish:60|English:40,100,Spanish:90|English:10,100,29,0,Bachelor's,10,10,10,2,3,8,18,30,25,29,,,,,15,25,B1,intermediate|advanced,advanced|intermediate,cambridge_15_21_random_intermediate_advanced,4,20,random,,224.203125,487.515625,248.203125,551.890625,5,5,,,,,,,,,,,,2026-08-16T17:54:38.981Z,K8EF3YCB,2026-08-16,2026-08-16,11:54:38,2026-08-16 11:54:38,,,,,,,,697ab12b4591197afc56d253,697ab12b4591197afc56d253,,,,
31446,raw_position_sample,2,3,adv,25,3,3,4,58, related ,502,238,1558700.0999999642,697ab12b4591197afc56d253,697ab12b4591197afc56d253,advanced,3,697ab12b4591197afc56d253,697ab12b4591197afc56d253,spotlight_PROLIFIC,,31,Mexico,Spanish,N/A,,Spanish:75|English:25,100,Spanish:60|English:40,100,Spanish:90|English:10,100,29,0,Bachelor's,10,10,10,2,3,8,18,30,25,29,,,,,15,25,B1,intermediate|advanced,advanced|intermediate,cambridge_15_21_random_intermediate_advanced,4,20,random,,224.203125,487.515625,248.203125,551.890625,5,5,,,,,,,,,,,,2026-08-16T17:54:38.981Z,K8EF3YCB,2026-08-16,2026-08-16,11:54:38,2026-08-16 11:54:38,,,,,,,,697ab12b4591197afc56d253,697ab12b4591197afc56d253,,,,
31488,raw_position_sample,2,3,adv,25,3,3,4,58, related ,503,238,1558742.699999988,697ab12b4591197afc56d253,697ab12b4591197afc56d253,advanced,3,697ab12b4591197afc56d253,697ab12b4591197afc56d253,spotlight_PROLIFIC,,31,Mexico,Spanish,N/A,,Spanish:75|English:25,100,Spanish:60|English:40,100,Spanish:90|English:10,100,29,0,Bachelor's,10,10,10,2,3,8,18,30,25,29,,,,,15,25,B1,intermediate|advanced,advanced|intermediate,cambridge_15_21_random_intermediate_advanced,4,20,random,,224.203125,487.515625,248.203125,551.890625,5,5,,,,,,,,,,,,2026-08-16T17:54:38.981Z,K8EF3YCB,2026-08-16,2026-08-16,11:54:38,2026-08-16 11:54:38,,,,,,,,697ab12b4591197afc56d253,697ab12b4591197afc56d253,,,,
31544,raw_position_sample,2,3,adv,25,3,3,4,58, related ,513,238,1558799,697ab12b4591197afc56d253,697ab12b4591197afc56d253,advanced,3,697ab12b4591197afc56d253,697ab12b4591197afc56d253,spotlight_PROLIFIC,,31,Mexico,Spanish,N/A,,Spanish:75|English:25,100,Spanish:60|English:40,100,Spanish:90|English:10,100,29,0,Bachelor's,10,10,10,2,3,8,18,30,25,29,,,,,15,25,B1,intermediate|advanced,advanced|intermediate,cambridge_15_21_random_intermediate_advanced,4,20,random,,224.203125,487.515625,248.203125,551.890625,5,5,,,,,,,,,,,,2026-08-16T17:54:38.981Z,K8EF3YCB,2026-08-16,2026-08-16,11:54:38,2026-08-16 11:54:38,,,,,,,,697ab12b4591197afc56d253,697ab12b4591197afc56d253,,,,
31585,raw_position_sample,2,3,adv,25,3,3,4,58, related ,519,238,1558839.3999999762,697ab12b4591197afc56d253,697ab12b4591197afc56d253,advanced,3,697ab12b4591197afc56d253,697ab12b4591197afc56d253,spotlight_PROLIFIC,,31,Mexico,Spanish,N/A,,Spanish:75|English:25,100,Spanish:60|English:40,100,Spanish:90|English:10,100,29,0,Bachelor's,10,10,10,2,3,8,18,30,25,29,,,,,15,25,B1,intermediate|advanced,advanced|intermediate,cambridge_15_21_random_intermediate_advanced,4,20,random,,224.203125,487.515625,248.203125,551.890625,5,5,,,,,,,,,,,,2026-08-16T17:54:38.981Z,K8EF3YCB,2026-08-16,2026-08-16,11:54:38,2026-08-16 11:54:38,,,,,,,,697ab12b4591197afc56d253,697ab12b4591197afc56d253,,,,
31646,raw_position_sample,2,3,adv,25,3,3,4,58, related ,532,238,1558901,697ab12b4591197afc56d253,697ab12b4591197afc56d253,advanced,3,697ab12b4591197afc56d253,697ab12b4591197afc56d253,spotlight_PROLIFIC,,31,Mexico,Spanish,N/A,,Spanish:75|English:25,100,Spanish:60|English:40,100,Spanish:90|English:10,100,29,0,Bachelor's,10,10,10,2,3,8,18,30,25,29,,,,,15,25,B1,intermediate|advanced,advanced|intermediate,cambridge_15_21_random_intermediate_advanced,4,20,random,,224.203125,487.515625,248.203125,551.890625,5,5,,,,,,,,,,,,2026-08-16T17:54:38.981Z,K8EF3YCB,2026-08-16,2026-08-16,11:54:38,2026-08-16 11:54:38,,,,,,,,697ab12b4591197afc56d253,697ab12b4591197afc56d253,,,,
31685,raw_position_sample,2,3,adv,25,3,3,4,58, related ,536,238,1558939.5,697ab12b4591197afc56d253,697ab12b4591197afc56d253,advanced,3,697ab12b4591197afc56d253,697ab12b4591197afc56d253,spotlight_PROLIFIC,,31,Mexico,Spanish,N/A,,Spanish:75|English:25,100,Spanish:60|English:40,100,Spanish:90|English:10,100,29,0,Bachelor's,10,10,10,2,3,8,18,30,25,29,,,,,15,25,B1,intermediate|advanced,advanced|intermediate,cambridge_15_21_random_intermediate_advanced,4,20,random,,224.203125,487.515625,248.203125,551.890625,5,5,,,,,,,,,,,,2026-08-16T17:54:38.981Z,K8EF3YCB,2026-08-16,2026-08-16,11:54:38,2026-08-16 11:54:38,,,,,,,,697ab12b4591197afc56d253,697ab12b4591197afc56d253,,,,
31742,raw_position_sample,2,3,adv,25,3,3,4,58, related ,546,238,1558997,697ab12b4591197afc56d253,697ab12b4591197afc56d253,advanced,3,697ab12b4591197afc56d253,697ab12b4591197afc56d253,spotlight_PROLIFIC,,31,Mexico,Spanish,N/A,,Spanish:75|English:25,100,Spanish:60|English:40,100,Spanish:90|English:10,100,29,0,Bachelor's,10,10,10,2,3,8,18,30,25,29,,,,,15,25,B1,intermediate|advanced,advanced|intermediate,cambridge_15_21_random_intermediate_advanced,4,20,random,,224.203125,487.515625,248.203125,551.890625,5,5,,,,,,,,,,,,2026-08-16T17:54:38.981Z,K8EF3YCB,2026-08-16,2026-08-16,11:54:38,2026-08-16 11:54:38,,,,,,,,697ab12b4591197afc56d253,697ab12b4591197afc56d253,,,,
31761,hover_association,2,3,adv,25,3,3,4,58, related ,489,239,,697ab12b4591197afc56d253,697ab12b4591197afc56d253,advanced,3,697ab12b4591197afc56d253,697ab12b4591197afc56d253,spotlight_PROLIFIC,,31,Mexico,Spanish,N/A,,Spanish:75|English:25,100,Spanish:60|English:40,100,Spanish:90|English:10,100,29,0,Bachelor's,10,10,10,2,3,8,18,30,25,29,,,,,15,25,B1,intermediate|advanced,advanced|intermediate,cambridge_15_21_random_intermediate_advanced,4,20,random,,216.203125,487.515625,256.203125,551.890625,5,5,hover,483.2999999523163,483.2999999523163,0.9861650485436894,0.544921875,106,,,,,,2026-08-16T17:54:38.981Z,K8EF3YCB,2026-08-16,2026-08-16,11:54:38,2026-08-16 11:54:38,,,,,,,,697ab12b4591197afc56d253,697ab12b4591197afc56d253,,,,
31796,raw_position_sample,2,3,adv,25,3,3,4,59, to ,570,242,1559050.5,697ab12b4591197afc56d253,697ab12b4591197afc56d253,advanced,3,697ab12b4591197afc56d253,697ab12b4591197afc56d253,spotlight_PROLIFIC,,31,Mexico,Spanish,N/A,,Spanish:75|English:25,100,Spanish:60|English:40,100,Spanish:90|English:10,100,29,0,Bachelor's,10,10,10,2,3,8,18,30,25,29,,,,,15,25,B1,intermediate|advanced,advanced|intermediate,cambridge_15_21_random_intermediate_advanced,4,20,random,,224.203125,551.890625,248.203125,573.96875,5,6,,,,,,,,,,,,2026-08-16T17:54:38.981Z,K8EF3YCB,2026-08-16,2026-08-16,11:54:38,2026-08-16 11:54:38,,,,,,,,697ab12b4591197afc56d253,697ab12b4591197afc56d253,,,,
31811,hover_association,2,3,adv,25,3,3,4,59, to ,558,240,,697ab12b4591197afc56d253,697ab12b4591197afc56d253,advanced,3,697ab12b4591197afc56d253,697ab12b4591197afc56d253,spotlight_PROLIFIC,,31,Mexico,Spanish,N/A,,Spanish:75|English:25,100,Spanish:60|English:40,100,Spanish:90|English:10,100,29,0,Bachelor's,10,10,10,2,3,8,18,30,25,29,,,,,15,25,B1,intermediate|advanced,advanced|intermediate,cambridge_15_21_random_intermediate_advanced,4,20,random,,216.203125,551.890625,256.203125,573.96875,5,6,hover,49.90000003576279,49.90000003576279,0.8202406227883935,0.644921875,106,,,,,,2026-08-16T17:54:38.981Z,K8EF3YCB,2026-08-16,2026-08-16,11:54:38,2026-08-16 11:54:38,,,,,,,,697ab12b4591197afc56d253,697ab12b4591197afc56d253,,,,
31845,hover_association,2,3,adv,25,3,3,4,60, a ,580,242,,697ab12b4591197afc56d253,697ab12b4591197afc56d253,advanced,3,697ab12b4591197afc56d253,697ab12b4591197afc56d253,spotlight_PROLIFIC,,31,Mexico,Spanish,N/A,,Spanish:75|English:25,100,Spanish:60|English:40,100,Spanish:90|English:10,100,29,0,Bachelor's,10,10,10,2,3,8,18,30,25,29,,,,,15,25,B1,intermediate|advanced,advanced|intermediate,cambridge_15_21_random_intermediate_advanced,4,20,random,,216.203125,573.96875,256.203125,588.75,5,7,hover,33.59999996423721,33.59999996423721,0.8816067653276956,0.644921875,106,,,,,,2026-08-16T17:54:38.981Z,K8EF3YCB,2026-08-16,2026-08-16,11:54:38,2026-08-16 11:54:38,,,,,,,,697ab12b4591197afc56d253,697ab12b4591197afc56d253,,,,
31846,raw_position_sample,2,3,adv,25,3,3,4,61, service ,594,242,1559101,697ab12b4591197afc56d253,697ab12b4591197afc56d253,advanced,3,697ab12b4591197afc56d253,697ab12b4591197afc56d253,spotlight_PROLIFIC,,31,Mexico,Spanish,N/A,,Spanish:75|English:25,100,Spanish:60|English:40,100,Spanish:90|English:10,100,29,0,Bachelor's,10,10,10,2,3,8,18,30,25,29,,,,,15,25,B1,intermediate|advanced,advanced|intermediate,cambridge_15_21_random_intermediate_advanced,4,20,random,,224.203125,588.75,248.203125,652.21875,5,8,,,,,,,,,,,,2026-08-16T17:54:38.981Z,K8EF3YCB,2026-08-16,2026-08-16,11:54:38,2026-08-16 11:54:38,,,,,,,,697ab12b4591197afc56d253,697ab12b4591197afc56d253,,,,
31897,raw_position_sample,2,3,adv,25,3,3,4,61, service ,607,242,1559151.300000012,697ab12b4591197afc56d253,697ab12b4591197afc56d253,advanced,3,697ab12b4591197afc56d253,697ab12b4591197afc56d253,spotlight_PROLIFIC,,31,Mexico,Spanish,N/A,,Spanish:75|English:25,100,Spanish:60|English:40,100,Spanish:90|English:10,100,29,0,Bachelor's,10,10,10,2,3,8,18,30,25,29,,,,,15,25,B1,intermediate|advanced,advanced|intermediate,cambridge_15_21_random_intermediate_advanced,4,20,random,,224.203125,588.75,248.203125,652.21875,5,8,,,,,,,,,,,,2026-08-16T17:54:38.981Z,K8EF3YCB,2026-08-16,2026-08-16,11:54:38,2026-08-16 11:54:38,,,,,,,,697ab12b4591197afc56d253,697ab12b4591197afc56d253,,,,
31945,raw_position_sample,2,3,adv,25,3,3,4,61, service ,609,241,1559199.3999999762,697ab12b4591197afc56d253,697ab12b4591197afc56d253,advanced,3,697ab12b4591197afc56d253,697ab12b4591197afc56d253,spotlight_PROLIFIC,,31,Mexico,Spanish,N/A,,Spanish:75|English:25,100,Spanish:60|English:40,100,Spanish:90|English:10,100,29,0,Bachelor's,10,10,10,2,3,8,18,30,25,29,,,,,15,25,B1,intermediate|advanced,advanced|intermediate,cambridge_15_21_random_intermediate_advanced,4,20,random,,224.203125,588.75,248.203125,652.21875,5,8,,,,,,,,,,,,2026-08-16T17:54:38.981Z,K8EF3YCB,2026-08-16,2026-08-16,11:54:38,2026-08-16 11:54:38,,,,,,,,697ab12b4591197afc56d253,697ab12b4591197afc56d253,,,,
31985,raw_position_sample,2,3,adv,25,3,3,4,61, service ,610,241,1559239.300000012,697ab12b4591197afc56d253,697ab12b4591197afc56d253,advanced,3,697ab12b4591197afc56d253,697ab12b4591197afc56d253,spotlight_PROLIFIC,,31,Mexico,Spanish,N/A,,Spanish:75|English:25,100,Spanish:60|English:40,100,Spanish:90|English:10,100,29,0,Bachelor's,10,10,10,2,3,8,18,30,25,29,,,,,15,25,B1,intermediate|advanced,advanced|intermediate,cambridge_15_21_random_intermediate_advanced,4,20,random,,224.203125,588.75,248.203125,652.21875,5,8,,,,,,,,,,,,2026-08-16T17:54:38.981Z,K8EF3YCB,2026-08-16,2026-08-16,11:54:38,2026-08-16 11:54:38,,,,,,,,697ab12b4591197afc56d253,697ab12b4591197afc56d253,,,,
32046,raw_position_sample,2,3,adv,25,3,3,4,61, service ,622,239,1559300.699999988,697ab12b4591197afc56d253,697ab12b4591197afc56d253,advanced,3,697ab12b4591197afc56d253,697ab12b4591197afc56d253,spotlight_PROLIFIC,,31,Mexico,Spanish,N/A,,Spanish:75|English:25,100,Spanish:60|English:40,100,Spanish:90|English:10,100,29,0,Bachelor's,10,10,10,2,3,8,18,30,25,29,,,,,15,25,B1,intermediate|advanced,advanced|intermediate,cambridge_15_21_random_intermediate_advanced,4,20,random,,224.203125,588.75,248.203125,652.21875,5,8,,,,,,,,,,,,2026-08-16T17:54:38.981Z,K8EF3YCB,2026-08-16,2026-08-16,11:54:38,2026-08-16 11:54:38,,,,,,,,697ab12b4591197afc56d253,697ab12b4591197afc56d253,,,,
32085,raw_position_sample,2,3,adv,25,3,3,4,61, service ,631,237,1559339.5,697ab12b4591197afc56d253,697ab12b4591197afc56d253,advanced,3,697ab12b4591197afc56d253,697ab12b4591197afc56d253,spotlight_PROLIFIC,,31,Mexico,Spanish,N/A,,Spanish:75|English:25,100,Spanish:60|English:40,100,Spanish:90|English:10,100,29,0,Bachelor's,10,10,10,2,3,8,18,30,25,29,,,,,15,25,B1,intermediate|advanced,advanced|intermediate,cambridge_15_21_random_intermediate_advanced,4,20,random,,224.203125,588.75,248.203125,652.21875,5,8,,,,,,,,,,,,2026-08-16T17:54:38.981Z,K8EF3YCB,2026-08-16,2026-08-16,11:54:38,2026-08-16 11:54:38,,,,,,,,697ab12b4591197afc56d253,697ab12b4591197afc56d253,,,,
32146,raw_position_sample,2,3,adv,25,3,3,4,61, service ,650,233,1559400.699999988,697ab12b4591197afc56d253,697ab12b4591197afc56d253,advanced,3,697ab12b4591197afc56d253,697ab12b4591197afc56d253,spotlight_PROLIFIC,,31,Mexico,Spanish,N/A,,Spanish:75|English:25,100,Spanish:60|English:40,100,Spanish:90|English:10,100,29,0,Bachelor's,10,10,10,2,3,8,18,30,25,29,,,,,15,25,B1,intermediate|advanced,advanced|intermediate,cambridge_15_21_random_intermediate_advanced,4,20,random,,224.203125,588.75,248.203125,652.21875,5,8,,,,,,,,,,,,2026-08-16T17:54:38.981Z,K8EF3YCB,2026-08-16,2026-08-16,11:54:38,2026-08-16 11:54:38,,,,,,,,697ab12b4591197afc56d253,697ab12b4591197afc56d253,,,,
32178,hover_association,2,3,adv,25,3,3,4,61, service ,594,242,,697ab12b4591197afc56d253,697ab12b4591197afc56d253,advanced,3,697ab12b4591197afc56d253,697ab12b4591197afc56d253,spotlight_PROLIFIC,,31,Mexico,Spanish,N/A,,Spanish:75|English:25,100,Spanish:60|English:40,100,Spanish:90|English:10,100,29,0,Bachelor's,10,10,10,2,3,8,18,30,25,29,,,,,15,25,B1,intermediate|advanced,advanced|intermediate,cambridge_15_21_random_intermediate_advanced,4,20,random,,216.203125,588.75,256.203125,652.21875,5,8,hover,333.10000002384186,333.10000002384186,0.9965534219596258,0.419921875,106,,,,,,2026-08-16T17:54:38.981Z,K8EF3YCB,2026-08-16,2026-08-16,11:54:38,2026-08-16 11:54:38,,,,,,,,697ab12b4591197afc56d253,697ab12b4591197afc56d253,,,,
32196,raw_position_sample,2,3,adv,25,3,3,4,62, or ,663,233,1559450.5999999642,697ab12b4591197afc56d253,697ab12b4591197afc56d253,advanced,3,697ab12b4591197afc56d253,697ab12b4591197afc56d253,spotlight_PROLIFIC,,31,Mexico,Spanish,N/A,,Spanish:75|English:25,100,Spanish:60|English:40,100,Spanish:90|English:10,100,29,0,Bachelor's,10,10,10,2,3,8,18,30,25,29,,,,,15,25,B1,intermediate|advanced,advanced|intermediate,cambridge_15_21_random_intermediate_advanced,4,20,random,,224.203125,652.21875,248.203125,675.234375,5,9,,,,,,,,,,,,2026-08-16T17:54:38.981Z,K8EF3YCB,2026-08-16,2026-08-16,11:54:38,2026-08-16 11:54:38,,,,,,,,697ab12b4591197afc56d253,697ab12b4591197afc56d253,,,,
32228,hover_association,2,3,adv,25,3,3,4,62, or ,657,233,,697ab12b4591197afc56d253,697ab12b4591197afc56d253,advanced,3,697ab12b4591197afc56d253,697ab12b4591197afc56d253,spotlight_PROLIFIC,,31,Mexico,Spanish,N/A,,Spanish:75|English:25,100,Spanish:60|English:40,100,Spanish:90|English:10,100,29,0,Bachelor's,10,10,10,2,3,8,18,30,25,29,,,,,15,25,B1,intermediate|advanced,advanced|intermediate,cambridge_15_21_random_intermediate_advanced,4,20,random,,216.203125,652.21875,256.203125,675.234375,5,9,hover,50,50,0.7291242362525459,0.419921875,106,,,,,,2026-08-16T17:54:38.981Z,K8EF3YCB,2026-08-16,2026-08-16,11:54:38,2026-08-16 11:54:38,,,,,,,,697ab12b4591197afc56d253,697ab12b4591197afc56d253,,,,
32246,raw_position_sample,2,3,adv,25,3,3,4,63, a ,680,233,1559500.5999999642,697ab12b4591197afc56d253,697ab12b4591197afc56d253,advanced,3,697ab12b4591197afc56d253,697ab12b4591197afc56d253,spotlight_PROLIFIC,,31,Mexico,Spanish,N/A,,Spanish:75|English:25,100,Spanish:60|English:40,100,Spanish:90|English:10,100,29,0,Bachelor's,10,10,10,2,3,8,18,30,25,29,,,,,15,25,B1,intermediate|advanced,advanced|intermediate,cambridge_15_21_random_intermediate_advanced,4,20,random,,224.203125,675.234375,248.203125,690.015625,5,10,,,,,,,,,,,,2026-08-16T17:54:38.981Z,K8EF3YCB,2026-08-16,2026-08-16,11:54:38,2026-08-16 11:54:38,,,,,,,,697ab12b4591197afc56d253,697ab12b4591197afc56d253,,,,
32286,raw_position_sample,2,3,adv,25,3,3,4,63, a ,680,233,1559540.300000012,697ab12b4591197afc56d253,697ab12b4591197afc56d253,advanced,3,697ab12b4591197afc56d253,697ab12b4591197afc56d253,spotlight_PROLIFIC,,31,Mexico,Spanish,N/A,,Spanish:75|English:25,100,Spanish:60|English:40,100,Spanish:90|English:10,100,29,0,Bachelor's,10,10,10,2,3,8,18,30,25,29,,,,,15,25,B1,intermediate|advanced,advanced|intermediate,cambridge_15_21_random_intermediate_advanced,4,20,random,,224.203125,675.234375,248.203125,690.015625,5,10,,,,,,,,,,,,2026-08-16T17:54:38.981Z,K8EF3YCB,2026-08-16,2026-08-16,11:54:38,2026-08-16 11:54:38,,,,,,,,697ab12b4591197afc56d253,697ab12b4591197afc56d253,,,,
32337,raw_position_sample,2,3,adv,25,3,3,4,63, a ,688,233,1559591.699999988,697ab12b4591197afc56d253,697ab12b4591197afc56d253,advanced,3,697ab12b4591197afc56d253,697ab12b4591197afc56d253,spotlight_PROLIFIC,,31,Mexico,Spanish,N/A,,Spanish:75|English:25,100,Spanish:60|English:40,100,Spanish:90|English:10,100,29,0,Bachelor's,10,10,10,2,3,8,18,30,25,29,,,,,15,25,B1,intermediate|advanced,advanced|intermediate,cambridge_15_21_random_intermediate_advanced,4,20,random,,224.203125,675.234375,248.203125,690.015625,5,10,,,,,,,,,,,,2026-08-16T17:54:38.981Z,K8EF3YCB,2026-08-16,2026-08-16,11:54:38,2026-08-16 11:54:38,,,,,,,,697ab12b4591197afc56d253,697ab12b4591197afc56d253,,,,
32392,raw_position_sample,2,3,adv,25,3,3,4,63, a ,689,233,1559647.199999988,697ab12b4591197afc56d253,697ab12b4591197afc56d253,advanced,3,697ab12b4591197afc56d253,697ab12b4591197afc56d253,spotlight_PROLIFIC,,31,Mexico,Spanish,N/A,,Spanish:75|English:25,100,Spanish:60|English:40,100,Spanish:90|English:10,100,29,0,Bachelor's,10,10,10,2,3,8,18,30,25,29,,,,,15,25,B1,intermediate|advanced,advanced|intermediate,cambridge_15_21_random_intermediate_advanced,4,20,random,,224.203125,675.234375,248.203125,690.015625,5,10,,,,,,,,,,,,2026-08-16T17:54:38.981Z,K8EF3YCB,2026-08-16,2026-08-16,11:54:38,2026-08-16 11:54:38,,,,,,,,697ab12b4591197afc56d253,697ab12b4591197afc56d253,,,,
32445,raw_position_sample,2,3,adv,25,3,3,4,63, a ,689,233,1559699.300000012,697ab12b4591197afc56d253,697ab12b4591197afc56d253,advanced,3,697ab12b4591197afc56d253,697ab12b4591197afc56d253,spotlight_PROLIFIC,,31,Mexico,Spanish,N/A,,Spanish:75|English:25,100,Spanish:60|English:40,100,Spanish:90|English:10,100,29,0,Bachelor's,10,10,10,2,3,8,18,30,25,29,,,,,15,25,B1,intermediate|advanced,advanced|intermediate,cambridge_15_21_random_intermediate_advanced,4,20,random,,224.203125,675.234375,248.203125,690.015625,5,10,,,,,,,,,,,,2026-08-16T17:54:38.981Z,K8EF3YCB,2026-08-16,2026-08-16,11:54:38,2026-08-16 11:54:38,,,,,,,,697ab12b4591197afc56d253,697ab12b4591197afc56d253,,,,
32481,hover_association,2,3,adv,25,3,3,4,63, a ,676,233,,697ab12b4591197afc56d253,697ab12b4591197afc56d253,advanced,3,697ab12b4591197afc56d253,697ab12b4591197afc56d253,spotlight_PROLIFIC,,31,Mexico,Spanish,N/A,,Spanish:75|English:25,100,Spanish:60|English:40,100,Spanish:90|English:10,100,29,0,Bachelor's,10,10,10,2,3,8,18,30,25,29,,,,,15,25,B1,intermediate|advanced,advanced|intermediate,cambridge_15_21_random_intermediate_advanced,4,20,random,,216.203125,675.234375,256.203125,690.015625,5,10,hover,253.69999998807907,253.69999998807907,0.9989429175475687,0.419921875,106,,,,,,2026-08-16T17:54:38.981Z,K8EF3YCB,2026-08-16,2026-08-16,11:54:38,2026-08-16 11:54:38,,,,,,,,697ab12b4591197afc56d253,697ab12b4591197afc56d253,,,,
32485,raw_position_sample,2,3,adv,25,3,3,4,64, type ,691,233,1559739.800000012,697ab12b4591197afc56d253,697ab12b4591197afc56d253,advanced,3,697ab12b4591197afc56d253,697ab12b4591197afc56d253,spotlight_PROLIFIC,,31,Mexico,Spanish,N/A,,Spanish:75|English:25,100,Spanish:60|English:40,100,Spanish:90|English:10,100,29,0,Bachelor's,10,10,10,2,3,8,18,30,25,29,,,,,15,25,B1,intermediate|advanced,advanced|intermediate,cambridge_15_21_random_intermediate_advanced,4,20,random,,224.203125,690.015625,248.203125,731.609375,5,11,,,,,,,,,,,,2026-08-16T17:54:38.981Z,K8EF3YCB,2026-08-16,2026-08-16,11:54:38,2026-08-16 11:54:38,,,,,,,,697ab12b4591197afc56d253,697ab12b4591197afc56d253,,,,
32544,raw_position_sample,2,3,adv,25,3,3,4,64, type ,694,233,1559799,697ab12b4591197afc56d253,697ab12b4591197afc56d253,advanced,3,697ab12b4591197afc56d253,697ab12b4591197afc56d253,spotlight_PROLIFIC,,31,Mexico,Spanish,N/A,,Spanish:75|English:25,100,Spanish:60|English:40,100,Spanish:90|English:10,100,29,0,Bachelor's,10,10,10,2,3,8,18,30,25,29,,,,,15,25,B1,intermediate|advanced,advanced|intermediate,cambridge_15_21_random_intermediate_advanced,4,20,random,,224.203125,690.015625,248.203125,731.609375,5,11,,,,,,,,,,,,2026-08-16T17:54:38.981Z,K8EF3YCB,2026-08-16,2026-08-16,11:54:38,2026-08-16 11:54:38,,,,,,,,697ab12b4591197afc56d253,697ab12b4591197afc56d253,,,,
32590,raw_position_sample,2,3,adv,25,3,3,4,64, type ,695,233,1559844.300000012,697ab12b4591197afc56d253,697ab12b4591197afc56d253,advanced,3,697ab12b4591197afc56d253,697ab12b4591197afc56d253,spotlight_PROLIFIC,,31,Mexico,Spanish,N/A,,Spanish:75|English:25,100,Spanish:60|English:40,100,Spanish:90|English:10,100,29,0,Bachelor's,10,10,10,2,3,8,18,30,25,29,,,,,15,25,B1,intermediate|advanced,advanced|intermediate,cambridge_15_21_random_intermediate_advanced,4,20,random,,224.203125,690.015625,248.203125,731.609375,5,11,,,,,,,,,,,,2026-08-16T17:54:38.981Z,K8EF3YCB,2026-08-16,2026-08-16,11:54:38,2026-08-16 11:54:38,,,,,,,,697ab12b4591197afc56d253,697ab12b4591197afc56d253,,,,
32634,raw_position_sample,2,3,adv,25,3,3,4,64, type ,699,233,1559889,697ab12b4591197afc56d253,697ab12b4591197afc56d253,advanced,3,697ab12b4591197afc56d253,697ab12b4591197afc56d253,spotlight_PROLIFIC,,31,Mexico,Spanish,N/A,,Spanish:75|English:25,100,Spanish:60|English:40,100,Spanish:90|English:10,100,29,0,Bachelor's,10,10,10,2,3,8,18,30,25,29,,,,,15,25,B1,intermediate|advanced,advanced|intermediate,cambridge_15_21_random_intermediate_advanced,4,20,random,,224.203125,690.015625,248.203125,731.609375,5,11,,,,,,,,,,,,2026-08-16T17:54:38.981Z,K8EF3YCB,2026-08-16,2026-08-16,11:54:38,2026-08-16 11:54:38,,,,,,,,697ab12b4591197afc56d253,697ab12b4591197afc56d253,,,,
32695,raw_position_sample,2,3,adv,25,3,3,4,64, type ,699,233,1559949.800000012,697ab12b4591197afc56d253,697ab12b4591197afc56d253,advanced,3,697ab12b4591197afc56d253,697ab12b4591197afc56d253,spotlight_PROLIFIC,,31,Mexico,Spanish,N/A,,Spanish:75|English:25,100,Spanish:60|English:40,100,Spanish:90|English:10,100,29,0,Bachelor's,10,10,10,2,3,8,18,30,25,29,,,,,15,25,B1,intermediate|advanced,advanced|intermediate,cambridge_15_21_random_intermediate_advanced,4,20,random,,224.203125,690.015625,248.203125,731.609375,5,11,,,,,,,,,,,,2026-08-16T17:54:38.981Z,K8EF3YCB,2026-08-16,2026-08-16,11:54:38,2026-08-16 11:54:38,,,,,,,,697ab12b4591197afc56d253,697ab12b4591197afc56d253,,,,
32744,raw_position_sample,2,3,adv,25,3,3,4,64, type ,699,233,1559998.5999999642,697ab12b4591197afc56d253,697ab12b4591197afc56d253,advanced,3,697ab12b4591197afc56d253,697ab12b4591197afc56d253,spotlight_PROLIFIC,,31,Mexico,Spanish,N/A,,Spanish:75|English:25,100,Spanish:60|English:40,100,Spanish:90|English:10,100,29,0,Bachelor's,10,10,10,2,3,8,18,30,25,29,,,,,15,25,B1,intermediate|advanced,advanced|intermediate,cambridge_15_21_random_intermediate_advanced,4,20,random,,224.203125,690.015625,248.203125,731.609375,5,11,,,,,,,,,,,,2026-08-16T17:54:38.981Z,K8EF3YCB,2026-08-16,2026-08-16,11:54:38,2026-08-16 11:54:38,,,,,,,,697ab12b4591197afc56d253,697ab12b4591197afc56d253,,,,
32795,raw_position_sample,2,3,adv,25,3,3,4,64, type ,693,233,1560050.0999999642,697ab12b4591197afc56d253,697ab12b4591197afc56d253,advanced,3,697ab12b4591197afc56d253,697ab12b4591197afc56d253,spotlight_PROLIFIC,,31,Mexico,Spanish,N/A,,Spanish:75|English:25,100,Spanish:60|English:40,100,Spanish:90|English:10,100,29,0,Bachelor's,10,10,10,2,3,8,18,30,25,29,,,,,15,25,B1,intermediate|advanced,advanced|intermediate,cambridge_15_21_random_intermediate_advanced,4,20,random,,224.203125,690.015625,248.203125,731.609375,5,11,,,,,,,,,,,,2026-08-16T17:54:38.981Z,K8EF3YCB,2026-08-16,2026-08-16,11:54:38,2026-08-16 11:54:38,,,,,,,,697ab12b4591197afc56d253,697ab12b4591197afc56d253,,,,
32811,hover_association,2,3,adv,25,3,3,4,64, type ,691,233,,697ab12b4591197afc56d253,697ab12b4591197afc56d253,advanced,3,697ab12b4591197afc56d253,697ab12b4591197afc56d253,spotlight_PROLIFIC,,31,Mexico,Spanish,N/A,,Spanish:75|English:25,100,Spanish:60|English:40,100,Spanish:90|English:10,100,29,0,Bachelor's,10,10,10,2,3,8,18,30,25,29,,,,,15,25,B1,intermediate|advanced,advanced|intermediate,cambridge_15_21_random_intermediate_advanced,4,20,random,,216.203125,690.015625,256.203125,731.609375,5,11,hover,329.5,329.5,0.07175056348610068,0.419921875,106,,,,,,2026-08-16T17:54:38.981Z,K8EF3YCB,2026-08-16,2026-08-16,11:54:38,2026-08-16 11:54:38,,,,,,,,697ab12b4591197afc56d253,697ab12b4591197afc56d253,,,,
32846,raw_position_sample,2,3,adv,25,3,3,4,63, a ,679,234,1560100.800000012,697ab12b4591197afc56d253,697ab12b4591197afc56d253,advanced,3,697ab12b4591197afc56d253,697ab12b4591197afc56d253,spotlight_PROLIFIC,,31,Mexico,Spanish,N/A,,Spanish:75|English:25,100,Spanish:60|English:40,100,Spanish:90|English:10,100,29,0,Bachelor's,10,10,10,2,3,8,18,30,25,29,,,,,15,25,B1,intermediate|advanced,advanced|intermediate,cambridge_15_21_random_intermediate_advanced,4,20,random,,224.203125,675.234375,248.203125,690.015625,5,10,,,,,,,,,,,,2026-08-16T17:54:38.981Z,K8EF3YCB,2026-08-16,2026-08-16,11:54:38,2026-08-16 11:54:38,,,,,,,,697ab12b4591197afc56d253,697ab12b4591197afc56d253,,,,
32861,hover_association,2,3,adv,25,3,3,4,63, a ,687,234,,697ab12b4591197afc56d253,697ab12b4591197afc56d253,advanced,3,697ab12b4591197afc56d253,697ab12b4591197afc56d253,spotlight_PROLIFIC,,31,Mexico,Spanish,N/A,,Spanish:75|English:25,100,Spanish:60|English:40,100,Spanish:90|English:10,100,29,0,Bachelor's,10,10,10,2,3,8,18,30,25,29,,,,,15,25,B1,intermediate|advanced,advanced|intermediate,cambridge_15_21_random_intermediate_advanced,4,20,random,,216.203125,675.234375,256.203125,690.015625,5,10,hover,49.90000003576279,49.90000003576279,0.2547568710359408,0.444921875,106,,,,,,2026-08-16T17:54:38.981Z,K8EF3YCB,2026-08-16,2026-08-16,11:54:38,2026-08-16 11:54:38,,,,,,,,697ab12b4591197afc56d253,697ab12b4591197afc56d253,,,,
32896,raw_position_sample,2,3,adv,25,3,3,4,62, or ,665,226,1560150.300000012,697ab12b4591197afc56d253,697ab12b4591197afc56d253,advanced,3,697ab12b4591197afc56d253,697ab12b4591197afc56d253,spotlight_PROLIFIC,,31,Mexico,Spanish,N/A,,Spanish:75|English:25,100,Spanish:60|English:40,100,Spanish:90|English:10,100,29,0,Bachelor's,10,10,10,2,3,8,18,30,25,29,,,,,15,25,B1,intermediate|advanced,advanced|intermediate,cambridge_15_21_random_intermediate_advanced,4,20,random,,224.203125,652.21875,248.203125,675.234375,5,9,,,,,,,,,,,,2026-08-16T17:54:38.981Z,K8EF3YCB,2026-08-16,2026-08-16,11:54:38,2026-08-16 11:54:38,,,,,,,,697ab12b4591197afc56d253,697ab12b4591197afc56d253,,,,
32944,hover_association,2,3,adv,25,3,3,4,62, or ,675,233,,697ab12b4591197afc56d253,697ab12b4591197afc56d253,advanced,3,697ab12b4591197afc56d253,697ab12b4591197afc56d253,spotlight_PROLIFIC,,31,Mexico,Spanish,N/A,,Spanish:75|English:25,100,Spanish:60|English:40,100,Spanish:90|English:10,100,29,0,Bachelor's,10,10,10,2,3,8,18,30,25,29,,,,,15,25,B1,intermediate|advanced,advanced|intermediate,cambridge_15_21_random_intermediate_advanced,4,20,random,,216.203125,652.21875,256.203125,675.234375,5,9,hover,83.5,83.5,0.03394433129667346,0.019921875,106,,,,,,2026-08-16T17:54:38.981Z,K8EF3YCB,2026-08-16,2026-08-16,11:54:38,2026-08-16 11:54:38,,,,,,,,697ab12b4591197afc56d253,697ab12b4591197afc56d253,,,,
32946,raw_position_sample,2,3,adv,25,3,3,4,48," 7,000 ",646,210,1560200.699999988,697ab12b4591197afc56d253,697ab12b4591197afc56d253,advanced,3,697ab12b4591197afc56d253,697ab12b4591197afc56d253,spotlight_PROLIFIC,,31,Mexico,Spanish,N/A,,Spanish:75|English:25,100,Spanish:60|English:40,100,Spanish:90|English:10,100,29,0,Bachelor's,10,10,10,2,3,8,18,30,25,29,,,,,15,25,B1,intermediate|advanced,advanced|intermediate,cambridge_15_21_random_intermediate_advanced,4,20,random,,184.203125,631.375,208.203125,682.078125,4,8,,,,,,,,,,,,2026-08-16T17:54:38.981Z,K8EF3YCB,2026-08-16,2026-08-16,11:54:38,2026-08-16 11:54:38,,,,,,,,697ab12b4591197afc56d253,697ab12b4591197afc56d253,,,,
32977,hover_association,2,3,adv,25,3,3,4,48," 7,000 ",646,210,,697ab12b4591197afc56d253,697ab12b4591197afc56d253,advanced,3,697ab12b4591197afc56d253,697ab12b4591197afc56d253,spotlight_PROLIFIC,,31,Mexico,Spanish,N/A,,Spanish:75|English:25,100,Spanish:60|English:40,100,Spanish:90|English:10,100,29,0,Bachelor's,10,10,10,2,3,8,18,30,25,29,,,,,15,25,B1,intermediate|advanced,advanced|intermediate,cambridge_15_21_random_intermediate_advanced,4,20,random,,176.203125,631.375,216.203125,682.078125,4,8,hover,33.299999952316284,33.299999952316284,0.13066255778120184,0.744921875,106,,,,,,2026-08-16T17:54:38.981Z,K8EF3YCB,2026-08-16,2026-08-16,11:54:38,2026-08-16 11:54:38,,,,,,,,697ab12b4591197afc56d253,697ab12b4591197afc56d253,,,,
32996,raw_position_sample,2,3,adv,25,3,3,4,47, around ,623,194,1560250.199999988,697ab12b4591197afc56d253,697ab12b4591197afc56d253,advanced,3,697ab12b4591197afc56d253,697ab12b4591197afc56d253,spotlight_PROLIFIC,,31,Mexico,Spanish,N/A,,Spanish:75|English:25,100,Spanish:60|English:40,100,Spanish:90|English:10,100,29,0,Bachelor's,10,10,10,2,3,8,18,30,25,29,,,,,15,25,B1,intermediate|advanced,advanced|intermediate,cambridge_15_21_random_intermediate_advanced,4,20,random,,184.203125,565.3125,208.203125,631.375,4,7,,,,,,,,,,,,2026-08-16T17:54:38.981Z,K8EF3YCB,2026-08-16,2026-08-16,11:54:38,2026-08-16 11:54:38,,,,,,,,697ab12b4591197afc56d253,697ab12b4591197afc56d253,,,,
33046,raw_position_sample,2,3,adv,25,3,3,4,47, around ,597,177,1560300.800000012,697ab12b4591197afc56d253,697ab12b4591197afc56d253,advanced,3,697ab12b4591197afc56d253,697ab12b4591197afc56d253,spotlight_PROLIFIC,,31,Mexico,Spanish,N/A,,Spanish:75|English:25,100,Spanish:60|English:40,100,Spanish:90|English:10,100,29,0,Bachelor's,10,10,10,2,3,8,18,30,25,29,,,,,15,25,B1,intermediate|advanced,advanced|intermediate,cambridge_15_21_random_intermediate_advanced,4,20,random,,184.203125,565.3125,208.203125,631.375,4,7,,,,,,,,,,,,2026-08-16T17:54:38.981Z,K8EF3YCB,2026-08-16,2026-08-16,11:54:38,2026-08-16 11:54:38,,,,,,,,697ab12b4591197afc56d253,697ab12b4591197afc56d253,,,,
33061,hover_association,2,3,adv,25,3,3,4,47, around ,631,200,,697ab12b4591197afc56d253,697ab12b4591197afc56d253,advanced,3,697ab12b4591197afc56d253,697ab12b4591197afc56d253,spotlight_PROLIFIC,,31,Mexico,Spanish,N/A,,Spanish:75|English:25,100,Spanish:60|English:40,100,Spanish:90|English:10,100,29,0,Bachelor's,10,10,10,2,3,8,18,30,25,29,,,,,15,25,B1,intermediate|advanced,advanced|intermediate,cambridge_15_21_random_intermediate_advanced,4,20,random,,176.203125,565.3125,216.203125,631.375,4,7,hover,83.30000001192093,83.30000001192093,0.4796594134342479,0.019921875,106,,,,,,2026-08-16T17:54:38.981Z,K8EF3YCB,2026-08-16,2026-08-16,11:54:38,2026-08-16 11:54:38,,,,,,,,697ab12b4591197afc56d253,697ab12b4591197afc56d253,,,,
33093,raw_position_sample,2,3,adv,25,3,3,4,34," Laura, ",580,162,1560347.0999999642,697ab12b4591197afc56d253,697ab12b4591197afc56d253,advanced,3,697ab12b4591197afc56d253,697ab12b4591197afc56d253,spotlight_PROLIFIC,,31,Mexico,Spanish,N/A,,Spanish:75|English:25,100,Spanish:60|English:40,100,Spanish:90|English:10,100,29,0,Bachelor's,10,10,10,2,3,8,18,30,25,29,,,,,15,25,B1,intermediate|advanced,advanced|intermediate,cambridge_15_21_random_intermediate_advanced,4,20,random,,144.203125,579.421875,168.203125,636.765625,3,6,,,,,,,,,,,,2026-08-16T17:54:38.981Z,K8EF3YCB,2026-08-16,2026-08-16,11:54:38,2026-08-16 11:54:38,,,,,,,,697ab12b4591197afc56d253,697ab12b4591197afc56d253,,,,
33094,hover_association,2,3,adv,25,3,3,4,34," Laura, ",589,169,,697ab12b4591197afc56d253,697ab12b4591197afc56d253,advanced,3,697ab12b4591197afc56d253,697ab12b4591197afc56d253,spotlight_PROLIFIC,,31,Mexico,Spanish,N/A,,Spanish:75|English:25,100,Spanish:60|English:40,100,Spanish:90|English:10,100,29,0,Bachelor's,10,10,10,2,3,8,18,30,25,29,,,,,15,25,B1,intermediate|advanced,advanced|intermediate,cambridge_15_21_random_intermediate_advanced,4,20,random,,136.203125,579.421875,176.203125,636.765625,3,6,hover,33.19999998807907,33.19999998807907,0.010081743869209809,0.644921875,106,,,,,,2026-08-16T17:54:38.981Z,K8EF3YCB,2026-08-16,2026-08-16,11:54:38,2026-08-16 11:54:38,,,,,,,,697ab12b4591197afc56d253,697ab12b4591197afc56d253,,,,
33147,raw_position_sample,2,3,adv,25,3,3,4,33, says ,546,140,1560401.300000012,697ab12b4591197afc56d253,697ab12b4591197afc56d253,advanced,3,697ab12b4591197afc56d253,697ab12b4591197afc56d253,spotlight_PROLIFIC,,31,Mexico,Spanish,N/A,,Spanish:75|English:25,100,Spanish:60|English:40,100,Spanish:90|English:10,100,29,0,Bachelor's,10,10,10,2,3,8,18,30,25,29,,,,,15,25,B1,intermediate|advanced,advanced|intermediate,cambridge_15_21_random_intermediate_advanced,4,20,random,,144.203125,538.21875,168.203125,579.421875,3,5,,,,,,,,,,,,2026-08-16T17:54:38.981Z,K8EF3YCB,2026-08-16,2026-08-16,11:54:38,2026-08-16 11:54:38,,,,,,,,697ab12b4591197afc56d253,697ab12b4591197afc56d253,,,,
33161,hover_association,2,3,adv,25,3,3,4,33, says ,572,156,,697ab12b4591197afc56d253,697ab12b4591197afc56d253,advanced,3,697ab12b4591197afc56d253,697ab12b4591197afc56d253,spotlight_PROLIFIC,,31,Mexico,Spanish,N/A,,Spanish:75|English:25,100,Spanish:60|English:40,100,Spanish:90|English:10,100,29,0,Bachelor's,10,10,10,2,3,8,18,30,25,29,,,,,15,25,B1,intermediate|advanced,advanced|intermediate,cambridge_15_21_random_intermediate_advanced,4,20,random,,136.203125,538.21875,176.203125,579.421875,3,5,hover,67,67,0.18885096700796358,0.094921875,106,,,,,,2026-08-16T17:54:38.981Z,K8EF3YCB,2026-08-16,2026-08-16,11:54:38,2026-08-16 11:54:38,,,,,,,,697ab12b4591197afc56d253,697ab12b4591197afc56d253,,,,
33178,hover_association,2,3,adv,25,3,3,4,18, £20 ,537,134,,697ab12b4591197afc56d253,697ab12b4591197afc56d253,advanced,3,697ab12b4591197afc56d253,697ab12b4591197afc56d253,spotlight_PROLIFIC,,31,Mexico,Spanish,N/A,,Spanish:75|English:25,100,Spanish:60|English:40,100,Spanish:90|English:10,100,29,0,Bachelor's,10,10,10,2,3,8,18,30,25,29,,,,,15,25,B1,intermediate|advanced,advanced|intermediate,cambridge_15_21_random_intermediate_advanced,4,20,random,,96.203125,531.953125,136.203125,567.53125,2,5,hover,16.5,16.5,0.14185331576635923,0.944921875,106,,,,,,2026-08-16T17:54:38.981Z,K8EF3YCB,2026-08-16,2026-08-16,11:54:38,2026-08-16 11:54:38,,,,,,,,697ab12b4591197afc56d253,697ab12b4591197afc56d253,,,,
33196,raw_position_sample,2,3,adv,25,3,3,4,17, and ,526,125,1560450.199999988,697ab12b4591197afc56d253,697ab12b4591197afc56d253,advanced,3,697ab12b4591197afc56d253,697ab12b4591197afc56d253,spotlight_PROLIFIC,,31,Mexico,Spanish,N/A,,Spanish:75|English:25,100,Spanish:60|English:40,100,Spanish:90|English:10,100,29,0,Bachelor's,10,10,10,2,3,8,18,30,25,29,,,,,15,25,B1,intermediate|advanced,advanced|intermediate,cambridge_15_21_random_intermediate_advanced,4,20,random,,104.203125,494.96875,128.203125,531.953125,2,4,,,,,,,,,,,,2026-08-16T17:54:38.981Z,K8EF3YCB,2026-08-16,2026-08-16,11:54:38,2026-08-16 11:54:38,,,,,,,,697ab12b4591197afc56d253,697ab12b4591197afc56d253,,,,
33246,raw_position_sample,2,3,adv,25,3,3,4,17, and ,512,123,1560500.300000012,697ab12b4591197afc56d253,697ab12b4591197afc56d253,advanced,3,697ab12b4591197afc56d253,697ab12b4591197afc56d253,spotlight_PROLIFIC,,31,Mexico,Spanish,N/A,,Spanish:75|English:25,100,Spanish:60|English:40,100,Spanish:90|English:10,100,29,0,Bachelor's,10,10,10,2,3,8,18,30,25,29,,,,,15,25,B1,intermediate|advanced,advanced|intermediate,cambridge_15_21_random_intermediate_advanced,4,20,random,,104.203125,494.96875,128.203125,531.953125,2,4,,,,,,,,,,,,2026-08-16T17:54:38.981Z,K8EF3YCB,2026-08-16,2026-08-16,11:54:38,2026-08-16 11:54:38,,,,,,,,697ab12b4591197afc56d253,697ab12b4591197afc56d253,,,,
33295,raw_position_sample,2,3,adv,25,3,3,4,17, and ,504,121,1560550.0999999642,697ab12b4591197afc56d253,697ab12b4591197afc56d253,advanced,3,697ab12b4591197afc56d253,697ab12b4591197afc56d253,spotlight_PROLIFIC,,31,Mexico,Spanish,N/A,,Spanish:75|English:25,100,Spanish:60|English:40,100,Spanish:90|English:10,100,29,0,Bachelor's,10,10,10,2,3,8,18,30,25,29,,,,,15,25,B1,intermediate|advanced,advanced|intermediate,cambridge_15_21_random_intermediate_advanced,4,20,random,,104.203125,494.96875,128.203125,531.953125,2,4,,,,,,,,,,,,2026-08-16T17:54:38.981Z,K8EF3YCB,2026-08-16,2026-08-16,11:54:38,2026-08-16 11:54:38,,,,,,,,697ab12b4591197afc56d253,697ab12b4591197afc56d253,,,,
33346,raw_position_sample,2,3,adv,25,3,3,4,17, and ,499,122,1560600.5999999642,697ab12b4591197afc56d253,697ab12b4591197afc56d253,advanced,3,697ab12b4591197afc56d253,697ab12b4591197afc56d253,spotlight_PROLIFIC,,31,Mexico,Spanish,N/A,,Spanish:75|English:25,100,Spanish:60|English:40,100,Spanish:90|English:10,100,29,0,Bachelor's,10,10,10,2,3,8,18,30,25,29,,,,,15,25,B1,intermediate|advanced,advanced|intermediate,cambridge_15_21_random_intermediate_advanced,4,20,random,,104.203125,494.96875,128.203125,531.953125,2,4,,,,,,,,,,,,2026-08-16T17:54:38.981Z,K8EF3YCB,2026-08-16,2026-08-16,11:54:38,2026-08-16 11:54:38,,,,,,,,697ab12b4591197afc56d253,697ab12b4591197afc56d253,,,,
33384,raw_position_sample,2,3,adv,25,3,3,4,17, and ,499,123,1560638.8999999762,697ab12b4591197afc56d253,697ab12b4591197afc56d253,advanced,3,697ab12b4591197afc56d253,697ab12b4591197afc56d253,spotlight_PROLIFIC,,31,Mexico,Spanish,N/A,,Spanish:75|English:25,100,Spanish:60|English:40,100,Spanish:90|English:10,100,29,0,Bachelor's,10,10,10,2,3,8,18,30,25,29,,,,,15,25,B1,intermediate|advanced,advanced|intermediate,cambridge_15_21_random_intermediate_advanced,4,20,random,,104.203125,494.96875,128.203125,531.953125,2,4,,,,,,,,,,,,2026-08-16T17:54:38.981Z,K8EF3YCB,2026-08-16,2026-08-16,11:54:38,2026-08-16 11:54:38,,,,,,,,697ab12b4591197afc56d253,697ab12b4591197afc56d253,,,,
33442,raw_position_sample,2,3,adv,25,3,3,4,17, and ,499,123,1560696.199999988,697ab12b4591197afc56d253,697ab12b4591197afc56d253,advanced,3,697ab12b4591197afc56d253,697ab12b4591197afc56d253,spotlight_PROLIFIC,,31,Mexico,Spanish,N/A,,Spanish:75|English:25,100,Spanish:60|English:40,100,Spanish:90|English:10,100,29,0,Bachelor's,10,10,10,2,3,8,18,30,25,29,,,,,15,25,B1,intermediate|advanced,advanced|intermediate,cambridge_15_21_random_intermediate_advanced,4,20,random,,104.203125,494.96875,128.203125,531.953125,2,4,,,,,,,,,,,,2026-08-16T17:54:38.981Z,K8EF3YCB,2026-08-16,2026-08-16,11:54:38,2026-08-16 11:54:38,,,,,,,,697ab12b4591197afc56d253,697ab12b4591197afc56d253,,,,
33484,raw_position_sample,2,3,adv,25,3,3,4,17, and ,499,124,1560739.0999999642,697ab12b4591197afc56d253,697ab12b4591197afc56d253,advanced,3,697ab12b4591197afc56d253,697ab12b4591197afc56d253,spotlight_PROLIFIC,,31,Mexico,Spanish,N/A,,Spanish:75|English:25,100,Spanish:60|English:40,100,Spanish:90|English:10,100,29,0,Bachelor's,10,10,10,2,3,8,18,30,25,29,,,,,15,25,B1,intermediate|advanced,advanced|intermediate,cambridge_15_21_random_intermediate_advanced,4,20,random,,104.203125,494.96875,128.203125,531.953125,2,4,,,,,,,,,,,,2026-08-16T17:54:38.981Z,K8EF3YCB,2026-08-16,2026-08-16,11:54:38,2026-08-16 11:54:38,,,,,,,,697ab12b4591197afc56d253,697ab12b4591197afc56d253,,,,
33546,raw_position_sample,2,3,adv,25,3,3,4,17, and ,505,127,1560800.699999988,697ab12b4591197afc56d253,697ab12b4591197afc56d253,advanced,3,697ab12b4591197afc56d253,697ab12b4591197afc56d253,spotlight_PROLIFIC,,31,Mexico,Spanish,N/A,,Spanish:75|English:25,100,Spanish:60|English:40,100,Spanish:90|English:10,100,29,0,Bachelor's,10,10,10,2,3,8,18,30,25,29,,,,,15,25,B1,intermediate|advanced,advanced|intermediate,cambridge_15_21_random_intermediate_advanced,4,20,random,,104.203125,494.96875,128.203125,531.953125,2,4,,,,,,,,,,,,2026-08-16T17:54:38.981Z,K8EF3YCB,2026-08-16,2026-08-16,11:54:38,2026-08-16 11:54:38,,,,,,,,697ab12b4591197afc56d253,697ab12b4591197afc56d253,,,,
33594,raw_position_sample,2,3,adv,25,3,3,4,17, and ,505,127,1560848.699999988,697ab12b4591197afc56d253,697ab12b4591197afc56d253,advanced,3,697ab12b4591197afc56d253,697ab12b4591197afc56d253,spotlight_PROLIFIC,,31,Mexico,Spanish,N/A,,Spanish:75|English:25,100,Spanish:60|English:40,100,Spanish:90|English:10,100,29,0,Bachelor's,10,10,10,2,3,8,18,30,25,29,,,,,15,25,B1,intermediate|advanced,advanced|intermediate,cambridge_15_21_random_intermediate_advanced,4,20,random,,104.203125,494.96875,128.203125,531.953125,2,4,,,,,,,,,,,,2026-08-16T17:54:38.981Z,K8EF3YCB,2026-08-16,2026-08-16,11:54:38,2026-08-16 11:54:38,,,,,,,,697ab12b4591197afc56d253,697ab12b4591197afc56d253,,,,
33646,raw_position_sample,2,3,adv,25,3,3,4,17, and ,507,130,1560900.5999999642,697ab12b4591197afc56d253,697ab12b4591197afc56d253,advanced,3,697ab12b4591197afc56d253,697ab12b4591197afc56d253,spotlight_PROLIFIC,,31,Mexico,Spanish,N/A,,Spanish:75|English:25,100,Spanish:60|English:40,100,Spanish:90|English:10,100,29,0,Bachelor's,10,10,10,2,3,8,18,30,25,29,,,,,15,25,B1,intermediate|advanced,advanced|intermediate,cambridge_15_21_random_intermediate_advanced,4,20,random,,104.203125,494.96875,128.203125,531.953125,2,4,,,,,,,,,,,,2026-08-16T17:54:38.981Z,K8EF3YCB,2026-08-16,2026-08-16,11:54:38,2026-08-16 11:54:38,,,,,,,,697ab12b4591197afc56d253,697ab12b4591197afc56d253,,,,
33694,hover_association,2,3,adv,25,3,3,4,17, and ,531,129,,697ab12b4591197afc56d253,697ab12b4591197afc56d253,advanced,3,697ab12b4591197afc56d253,697ab12b4591197afc56d253,spotlight_PROLIFIC,,31,Mexico,Spanish,N/A,,Spanish:75|English:25,100,Spanish:60|English:40,100,Spanish:90|English:10,100,29,0,Bachelor's,10,10,10,2,3,8,18,30,25,29,,,,,15,25,B1,intermediate|advanced,advanced|intermediate,cambridge_15_21_random_intermediate_advanced,4,20,random,,96.203125,494.96875,136.203125,531.953125,2,4,hover,516.5,516.5,0.4875369666244191,0.944921875,106,,,,,,2026-08-16T17:54:38.981Z,K8EF3YCB,2026-08-16,2026-08-16,11:54:38,2026-08-16 11:54:38,,,,,,,,697ab12b4591197afc56d253,697ab12b4591197afc56d253,,,,
33696,raw_position_sample,2,3,adv,25,3,3,4,32," counter,” ",520,137,1560950.199999988,697ab12b4591197afc56d253,697ab12b4591197afc56d253,advanced,3,697ab12b4591197afc56d253,697ab12b4591197afc56d253,spotlight_PROLIFIC,,31,Mexico,Spanish,N/A,,Spanish:75|English:25,100,Spanish:60|English:40,100,Spanish:90|English:10,100,29,0,Bachelor's,10,10,10,2,3,8,18,30,25,29,,,,,15,25,B1,intermediate|advanced,advanced|intermediate,cambridge_15_21_random_intermediate_advanced,4,20,random,,144.203125,459.265625,168.203125,538.21875,3,4,,,,,,,,,,,,2026-08-16T17:54:38.981Z,K8EF3YCB,2026-08-16,2026-08-16,11:54:38,2026-08-16 11:54:38,,,,,,,,697ab12b4591197afc56d253,697ab12b4591197afc56d253,,,,
33728,hover_association,2,3,adv,25,3,3,4,32," counter,” ",520,137,,697ab12b4591197afc56d253,697ab12b4591197afc56d253,advanced,3,697ab12b4591197afc56d253,697ab12b4591197afc56d253,spotlight_PROLIFIC,,31,Mexico,Spanish,N/A,,Spanish:75|English:25,100,Spanish:60|English:40,100,Spanish:90|English:10,100,29,0,Bachelor's,10,10,10,2,3,8,18,30,25,29,,,,,15,25,B1,intermediate|advanced,advanced|intermediate,cambridge_15_21_random_intermediate_advanced,4,20,random,,136.203125,459.265625,176.203125,538.21875,3,4,hover,33.40000003576279,33.40000003576279,0.8959034237086879,0.044921875,106,,,,,,2026-08-16T17:54:38.981Z,K8EF3YCB,2026-08-16,2026-08-16,11:54:38,2026-08-16 11:54:38,,,,,,,,697ab12b4591197afc56d253,697ab12b4591197afc56d253,,,,
33742,raw_position_sample,2,3,adv,25,3,3,4,33, says ,541,141,1560996.8999999762,697ab12b4591197afc56d253,697ab12b4591197afc56d253,advanced,3,697ab12b4591197afc56d253,697ab12b4591197afc56d253,spotlight_PROLIFIC,,31,Mexico,Spanish,N/A,,Spanish:75|English:25,100,Spanish:60|English:40,100,Spanish:90|English:10,100,29,0,Bachelor's,10,10,10,2,3,8,18,30,25,29,,,,,15,25,B1,intermediate|advanced,advanced|intermediate,cambridge_15_21_random_intermediate_advanced,4,20,random,,144.203125,538.21875,168.203125,579.421875,3,5,,,,,,,,,,,,2026-08-16T17:54:38.981Z,K8EF3YCB,2026-08-16,2026-08-16,11:54:38,2026-08-16 11:54:38,,,,,,,,697ab12b4591197afc56d253,697ab12b4591197afc56d253,,,,
33777,hover_association,2,3,adv,25,3,3,4,33, says ,541,141,,697ab12b4591197afc56d253,697ab12b4591197afc56d253,advanced,3,697ab12b4591197afc56d253,697ab12b4591197afc56d253,spotlight_PROLIFIC,,31,Mexico,Spanish,N/A,,Spanish:75|English:25,100,Spanish:60|English:40,100,Spanish:90|English:10,100,29,0,Bachelor's,10,10,10,2,3,8,18,30,25,29,,,,,15,25,B1,intermediate|advanced,advanced|intermediate,cambridge_15_21_random_intermediate_advanced,4,20,random,,136.203125,538.21875,176.203125,579.421875,3,5,hover,49.89999997615814,49.89999997615814,0.6499810390595373,0.219921875,106,,,,,,2026-08-16T17:54:38.981Z,K8EF3YCB,2026-08-16,2026-08-16,11:54:38,2026-08-16 11:54:38,,,,,,,,697ab12b4591197afc56d253,697ab12b4591197afc56d253,,,,
33795,raw_position_sample,2,3,adv,25,3,3,4,34," Laura, ",603,145,1561050,697ab12b4591197afc56d253,697ab12b4591197afc56d253,advanced,3,697ab12b4591197afc56d253,697ab12b4591197afc56d253,spotlight_PROLIFIC,,31,Mexico,Spanish,N/A,,Spanish:75|English:25,100,Spanish:60|English:40,100,Spanish:90|English:10,100,29,0,Bachelor's,10,10,10,2,3,8,18,30,25,29,,,,,15,25,B1,intermediate|advanced,advanced|intermediate,cambridge_15_21_random_intermediate_advanced,4,20,random,,144.203125,579.421875,168.203125,636.765625,3,6,,,,,,,,,,,,2026-08-16T17:54:38.981Z,K8EF3YCB,2026-08-16,2026-08-16,11:54:38,2026-08-16 11:54:38,,,,,,,,697ab12b4591197afc56d253,697ab12b4591197afc56d253,,,,
33827,hover_association,2,3,adv,25,3,3,4,34," Laura, ",586,145,,697ab12b4591197afc56d253,697ab12b4591197afc56d253,advanced,3,697ab12b4591197afc56d253,697ab12b4591197afc56d253,spotlight_PROLIFIC,,31,Mexico,Spanish,N/A,,Spanish:75|English:25,100,Spanish:60|English:40,100,Spanish:90|English:10,100,29,0,Bachelor's,10,10,10,2,3,8,18,30,25,29,,,,,15,25,B1,intermediate|advanced,advanced|intermediate,cambridge_15_21_random_intermediate_advanced,4,20,random,,136.203125,579.421875,176.203125,636.765625,3,6,hover,50,50,0.7076294277929155,0.169921875,106,,,,,,2026-08-16T17:54:38.981Z,K8EF3YCB,2026-08-16,2026-08-16,11:54:38,2026-08-16 11:54:38,,,,,,,,697ab12b4591197afc56d253,697ab12b4591197afc56d253,,,,
33844,hover_association,2,3,adv,25,3,3,4,35, a ,639,139,,697ab12b4591197afc56d253,697ab12b4591197afc56d253,advanced,3,697ab12b4591197afc56d253,697ab12b4591197afc56d253,spotlight_PROLIFIC,,31,Mexico,Spanish,N/A,,Spanish:75|English:25,100,Spanish:60|English:40,100,Spanish:90|English:10,100,29,0,Bachelor's,10,10,10,2,3,8,18,30,25,29,,,,,15,25,B1,intermediate|advanced,advanced|intermediate,cambridge_15_21_random_intermediate_advanced,4,20,random,,136.203125,636.765625,176.203125,651.546875,3,7,hover,16.69999998807907,16.69999998807907,0.1511627906976744,0.069921875,106,,,,,,2026-08-16T17:54:38.981Z,K8EF3YCB,2026-08-16,2026-08-16,11:54:38,2026-08-16 11:54:38,,,,,,,,697ab12b4591197afc56d253,697ab12b4591197afc56d253,,,,
33846,raw_position_sample,2,3,adv,25,3,3,4,21, at ,655,135,1561100.3999999762,697ab12b4591197afc56d253,697ab12b4591197afc56d253,advanced,3,697ab12b4591197afc56d253,697ab12b4591197afc56d253,spotlight_PROLIFIC,,31,Mexico,Spanish,N/A,,Spanish:75|English:25,100,Spanish:60|English:40,100,Spanish:90|English:10,100,29,0,Bachelor's,10,10,10,2,3,8,18,30,25,29,,,,,15,25,B1,intermediate|advanced,advanced|intermediate,cambridge_15_21_random_intermediate_advanced,4,20,random,,104.203125,646.328125,128.203125,667.609375,2,8,,,,,,,,,,,,2026-08-16T17:54:38.981Z,K8EF3YCB,2026-08-16,2026-08-16,11:54:38,2026-08-16 11:54:38,,,,,,,,697ab12b4591197afc56d253,697ab12b4591197afc56d253,,,,
33861,hover_association,2,3,adv,25,3,3,4,21, at ,655,135,,697ab12b4591197afc56d253,697ab12b4591197afc56d253,advanced,3,697ab12b4591197afc56d253,697ab12b4591197afc56d253,spotlight_PROLIFIC,,31,Mexico,Spanish,N/A,,Spanish:75|English:25,100,Spanish:60|English:40,100,Spanish:90|English:10,100,29,0,Bachelor's,10,10,10,2,3,8,18,30,25,29,,,,,15,25,B1,intermediate|advanced,advanced|intermediate,cambridge_15_21_random_intermediate_advanced,4,20,random,,96.203125,646.328125,136.203125,667.609375,2,8,hover,16.700000047683716,16.700000047683716,0.40748898678414097,0.969921875,106,,,,,,2026-08-16T17:54:38.981Z,K8EF3YCB,2026-08-16,2026-08-16,11:54:38,2026-08-16 11:54:38,,,,,,,,697ab12b4591197afc56d253,697ab12b4591197afc56d253,,,,
33896,raw_position_sample,2,3,adv,25,3,3,4,22, each ,701,124,1561150.300000012,697ab12b4591197afc56d253,697ab12b4591197afc56d253,advanced,3,697ab12b4591197afc56d253,697ab12b4591197afc56d253,spotlight_PROLIFIC,,31,Mexico,Spanish,N/A,,Spanish:75|English:25,100,Spanish:60|English:40,100,Spanish:90|English:10,100,29,0,Bachelor's,10,10,10,2,3,8,18,30,25,29,,,,,15,25,B1,intermediate|advanced,advanced|intermediate,cambridge_15_21_random_intermediate_advanced,4,20,random,,104.203125,667.609375,128.203125,712.3125,2,9,,,,,,,,,,,,2026-08-16T17:54:38.981Z,K8EF3YCB,2026-08-16,2026-08-16,11:54:38,2026-08-16 11:54:38,,,,,,,,697ab12b4591197afc56d253,697ab12b4591197afc56d253,,,,
33943,raw_position_sample,2,3,adv,25,3,3,4,22, each ,703,124,1561197.3999999762,697ab12b4591197afc56d253,697ab12b4591197afc56d253,advanced,3,697ab12b4591197afc56d253,697ab12b4591197afc56d253,spotlight_PROLIFIC,,31,Mexico,Spanish,N/A,,Spanish:75|English:25,100,Spanish:60|English:40,100,Spanish:90|English:10,100,29,0,Bachelor's,10,10,10,2,3,8,18,30,25,29,,,,,15,25,B1,intermediate|advanced,advanced|intermediate,cambridge_15_21_random_intermediate_advanced,4,20,random,,104.203125,667.609375,128.203125,712.3125,2,9,,,,,,,,,,,,2026-08-16T17:54:38.981Z,K8EF3YCB,2026-08-16,2026-08-16,11:54:38,2026-08-16 11:54:38,,,,,,,,697ab12b4591197afc56d253,697ab12b4591197afc56d253,,,,
33994,raw_position_sample,2,3,adv,25,3,3,4,22, each ,703,124,1561248.300000012,697ab12b4591197afc56d253,697ab12b4591197afc56d253,advanced,3,697ab12b4591197afc56d253,697ab12b4591197afc56d253,spotlight_PROLIFIC,,31,Mexico,Spanish,N/A,,Spanish:75|English:25,100,Spanish:60|English:40,100,Spanish:90|English:10,100,29,0,Bachelor's,10,10,10,2,3,8,18,30,25,29,,,,,15,25,B1,intermediate|advanced,advanced|intermediate,cambridge_15_21_random_intermediate_advanced,4,20,random,,104.203125,667.609375,128.203125,712.3125,2,9,,,,,,,,,,,,2026-08-16T17:54:38.981Z,K8EF3YCB,2026-08-16,2026-08-16,11:54:38,2026-08-16 11:54:38,,,,,,,,697ab12b4591197afc56d253,697ab12b4591197afc56d253,,,,
34035,raw_position_sample,2,3,adv,25,3,3,4,22, each ,705,122,1561289.199999988,697ab12b4591197afc56d253,697ab12b4591197afc56d253,advanced,3,697ab12b4591197afc56d253,697ab12b4591197afc56d253,spotlight_PROLIFIC,,31,Mexico,Spanish,N/A,,Spanish:75|English:25,100,Spanish:60|English:40,100,Spanish:90|English:10,100,29,0,Bachelor's,10,10,10,2,3,8,18,30,25,29,,,,,15,25,B1,intermediate|advanced,advanced|intermediate,cambridge_15_21_random_intermediate_advanced,4,20,random,,104.203125,667.609375,128.203125,712.3125,2,9,,,,,,,,,,,,2026-08-16T17:54:38.981Z,K8EF3YCB,2026-08-16,2026-08-16,11:54:38,2026-08-16 11:54:38,,,,,,,,697ab12b4591197afc56d253,697ab12b4591197afc56d253,,,,
34094,raw_position_sample,2,3,adv,25,3,3,4,22, each ,707,119,1561349.0999999642,697ab12b4591197afc56d253,697ab12b4591197afc56d253,advanced,3,697ab12b4591197afc56d253,697ab12b4591197afc56d253,spotlight_PROLIFIC,,31,Mexico,Spanish,N/A,,Spanish:75|English:25,100,Spanish:60|English:40,100,Spanish:90|English:10,100,29,0,Bachelor's,10,10,10,2,3,8,18,30,25,29,,,,,15,25,B1,intermediate|advanced,advanced|intermediate,cambridge_15_21_random_intermediate_advanced,4,20,random,,104.203125,667.609375,128.203125,712.3125,2,9,,,,,,,,,,,,2026-08-16T17:54:38.981Z,K8EF3YCB,2026-08-16,2026-08-16,11:54:38,2026-08-16 11:54:38,,,,,,,,697ab12b4591197afc56d253,697ab12b4591197afc56d253,,,,
34144,raw_position_sample,2,3,adv,25,3,3,4,22, each ,707,119,1561399.0999999642,697ab12b4591197afc56d253,697ab12b4591197afc56d253,advanced,3,697ab12b4591197afc56d253,697ab12b4591197afc56d253,spotlight_PROLIFIC,,31,Mexico,Spanish,N/A,,Spanish:75|English:25,100,Spanish:60|English:40,100,Spanish:90|English:10,100,29,0,Bachelor's,10,10,10,2,3,8,18,30,25,29,,,,,15,25,B1,intermediate|advanced,advanced|intermediate,cambridge_15_21_random_intermediate_advanced,4,20,random,,104.203125,667.609375,128.203125,712.3125,2,9,,,,,,,,,,,,2026-08-16T17:54:38.981Z,K8EF3YCB,2026-08-16,2026-08-16,11:54:38,2026-08-16 11:54:38,,,,,,,,697ab12b4591197afc56d253,697ab12b4591197afc56d253,,,,
34190,raw_position_sample,2,3,adv,25,3,3,4,22, each ,707,119,1561444.3999999762,697ab12b4591197afc56d253,697ab12b4591197afc56d253,advanced,3,697ab12b4591197afc56d253,697ab12b4591197afc56d253,spotlight_PROLIFIC,,31,Mexico,Spanish,N/A,,Spanish:75|English:25,100,Spanish:60|English:40,100,Spanish:90|English:10,100,29,0,Bachelor's,10,10,10,2,3,8,18,30,25,29,,,,,15,25,B1,intermediate|advanced,advanced|intermediate,cambridge_15_21_random_intermediate_advanced,4,20,random,,104.203125,667.609375,128.203125,712.3125,2,9,,,,,,,,,,,,2026-08-16T17:54:38.981Z,K8EF3YCB,2026-08-16,2026-08-16,11:54:38,2026-08-16 11:54:38,,,,,,,,697ab12b4591197afc56d253,697ab12b4591197afc56d253,,,,
34241,raw_position_sample,2,3,adv,25,3,3,4,22, each ,707,119,1561495.199999988,697ab12b4591197afc56d253,697ab12b4591197afc56d253,advanced,3,697ab12b4591197afc56d253,697ab12b4591197afc56d253,spotlight_PROLIFIC,,31,Mexico,Spanish,N/A,,Spanish:75|English:25,100,Spanish:60|English:40,100,Spanish:90|English:10,100,29,0,Bachelor's,10,10,10,2,3,8,18,30,25,29,,,,,15,25,B1,intermediate|advanced,advanced|intermediate,cambridge_15_21_random_intermediate_advanced,4,20,random,,104.203125,667.609375,128.203125,712.3125,2,9,,,,,,,,,,,,2026-08-16T17:54:38.981Z,K8EF3YCB,2026-08-16,2026-08-16,11:54:38,2026-08-16 11:54:38,,,,,,,,697ab12b4591197afc56d253,697ab12b4591197afc56d253,,,,
34287,raw_position_sample,2,3,adv,25,3,3,4,22, each ,710,119,1561541.199999988,697ab12b4591197afc56d253,697ab12b4591197afc56d253,advanced,3,697ab12b4591197afc56d253,697ab12b4591197afc56d253,spotlight_PROLIFIC,,31,Mexico,Spanish,N/A,,Spanish:75|English:25,100,Spanish:60|English:40,100,Spanish:90|English:10,100,29,0,Bachelor's,10,10,10,2,3,8,18,30,25,29,,,,,15,25,B1,intermediate|advanced,advanced|intermediate,cambridge_15_21_random_intermediate_advanced,4,20,random,,104.203125,667.609375,128.203125,712.3125,2,9,,,,,,,,,,,,2026-08-16T17:54:38.981Z,K8EF3YCB,2026-08-16,2026-08-16,11:54:38,2026-08-16 11:54:38,,,,,,,,697ab12b4591197afc56d253,697ab12b4591197afc56d253,,,,
34294,hover_association,2,3,adv,25,3,3,4,22, each ,671,130,,697ab12b4591197afc56d253,697ab12b4591197afc56d253,advanced,3,697ab12b4591197afc56d253,697ab12b4591197afc56d253,spotlight_PROLIFIC,,31,Mexico,Spanish,N/A,,Spanish:75|English:25,100,Spanish:60|English:40,100,Spanish:90|English:10,100,29,0,Bachelor's,10,10,10,2,3,8,18,30,25,29,,,,,15,25,B1,intermediate|advanced,advanced|intermediate,cambridge_15_21_random_intermediate_advanced,4,20,random,,96.203125,667.609375,136.203125,712.3125,2,9,hover,433.2999999523163,433.2999999523163,0.9482698357217756,0.569921875,106,,,,,,2026-08-16T17:54:38.981Z,K8EF3YCB,2026-08-16,2026-08-16,11:54:38,2026-08-16 11:54:38,,,,,,,,697ab12b4591197afc56d253,697ab12b4591197afc56d253,,,,
34346,raw_position_sample,2,3,adv,25,3,3,4,23," store, ",754,124,1561600.199999988,697ab12b4591197afc56d253,697ab12b4591197afc56d253,advanced,3,697ab12b4591197afc56d253,697ab12b4591197afc56d253,spotlight_PROLIFIC,,31,Mexico,Spanish,N/A,,Spanish:75|English:25,100,Spanish:60|English:40,100,Spanish:90|English:10,100,29,0,Bachelor's,10,10,10,2,3,8,18,30,25,29,,,,,15,25,B1,intermediate|advanced,advanced|intermediate,cambridge_15_21_random_intermediate_advanced,4,20,random,,104.203125,712.3125,128.203125,765.0625,2,10,,,,,,,,,,,,2026-08-16T17:54:38.981Z,K8EF3YCB,2026-08-16,2026-08-16,11:54:38,2026-08-16 11:54:38,,,,,,,,697ab12b4591197afc56d253,697ab12b4591197afc56d253,,,,
34361,hover_association,2,3,adv,25,3,3,4,23," store, ",716,121,,697ab12b4591197afc56d253,697ab12b4591197afc56d253,advanced,3,697ab12b4591197afc56d253,697ab12b4591197afc56d253,spotlight_PROLIFIC,,31,Mexico,Spanish,N/A,,Spanish:75|English:25,100,Spanish:60|English:40,100,Spanish:90|English:10,100,29,0,Bachelor's,10,10,10,2,3,8,18,30,25,29,,,,,15,25,B1,intermediate|advanced,advanced|intermediate,cambridge_15_21_random_intermediate_advanced,4,20,random,,96.203125,712.3125,136.203125,765.0625,2,10,hover,66.60000002384186,66.60000002384186,0.7902843601895735,0.694921875,106,,,,,,2026-08-16T17:54:38.981Z,K8EF3YCB,2026-08-16,2026-08-16,11:54:38,2026-08-16 11:54:38,,,,,,,,697ab12b4591197afc56d253,697ab12b4591197afc56d253,,,,
34377,hover_association,2,3,adv,25,3,3,4,24, to ,770,124,,697ab12b4591197afc56d253,697ab12b4591197afc56d253,advanced,3,697ab12b4591197afc56d253,697ab12b4591197afc56d253,spotlight_PROLIFIC,,31,Mexico,Spanish,N/A,,Spanish:75|English:25,100,Spanish:60|English:40,100,Spanish:90|English:10,100,29,0,Bachelor's,10,10,10,2,3,8,18,30,25,29,,,,,15,25,B1,intermediate|advanced,advanced|intermediate,cambridge_15_21_random_intermediate_advanced,4,20,random,,96.203125,765.0625,136.203125,787.140625,2,11,hover,16.600000023841858,16.600000023841858,0.22363765038924274,0.694921875,106,,,,,,2026-08-16T17:54:38.981Z,K8EF3YCB,2026-08-16,2026-08-16,11:54:38,2026-08-16 11:54:38,,,,,,,,697ab12b4591197afc56d253,697ab12b4591197afc56d253,,,,
34396,raw_position_sample,2,3,adv,25,3,3,4,25, assess ,806,117,1561650.3999999762,697ab12b4591197afc56d253,697ab12b4591197afc56d253,advanced,3,697ab12b4591197afc56d253,697ab12b4591197afc56d253,spotlight_PROLIFIC,,31,Mexico,Spanish,N/A,,Spanish:75|English:25,100,Spanish:60|English:40,100,Spanish:90|English:10,100,29,0,Bachelor's,10,10,10,2,3,8,18,30,25,29,,,,,15,25,B1,intermediate|advanced,advanced|intermediate,cambridge_15_21_random_intermediate_advanced,4,20,random,,104.203125,787.140625,128.203125,846.5625,2,12,,,,,,,,,,,,2026-08-16T17:54:38.981Z,K8EF3YCB,2026-08-16,2026-08-16,11:54:38,2026-08-16 11:54:38,,,,,,,,697ab12b4591197afc56d253,697ab12b4591197afc56d253,,,,
34446,raw_position_sample,2,3,adv,25,3,3,4,25, assess ,843,112,1561700.8999999762,697ab12b4591197afc56d253,697ab12b4591197afc56d253,advanced,3,697ab12b4591197afc56d253,697ab12b4591197afc56d253,spotlight_PROLIFIC,,31,Mexico,Spanish,N/A,,Spanish:75|English:25,100,Spanish:60|English:40,100,Spanish:90|English:10,100,29,0,Bachelor's,10,10,10,2,3,8,18,30,25,29,,,,,15,25,B1,intermediate|advanced,advanced|intermediate,cambridge_15_21_random_intermediate_advanced,4,20,random,,104.203125,787.140625,128.203125,846.5625,2,12,,,,,,,,,,,,2026-08-16T17:54:38.981Z,K8EF3YCB,2026-08-16,2026-08-16,11:54:38,2026-08-16 11:54:38,,,,,,,,697ab12b4591197afc56d253,697ab12b4591197afc56d253,,,,
34461,hover_association,2,3,adv,25,3,3,4,25, assess ,790,120,,697ab12b4591197afc56d253,697ab12b4591197afc56d253,advanced,3,697ab12b4591197afc56d253,697ab12b4591197afc56d253,spotlight_PROLIFIC,,31,Mexico,Spanish,N/A,,Spanish:75|English:25,100,Spanish:60|English:40,100,Spanish:90|English:10,100,29,0,Bachelor's,10,10,10,2,3,8,18,30,25,29,,,,,15,25,B1,intermediate|advanced,advanced|intermediate,cambridge_15_21_random_intermediate_advanced,4,20,random,,96.203125,787.140625,136.203125,846.5625,2,12,hover,83.39999997615814,83.39999997615814,0.9400473310544307,0.394921875,106,,,,,,2026-08-16T17:54:38.981Z,K8EF3YCB,2026-08-16,2026-08-16,11:54:38,2026-08-16 11:54:38,,,,,,,,697ab12b4591197afc56d253,697ab12b4591197afc56d253,,,,
34495,raw_position_sample,2,3,adv,25,3,3,4,26, the ,861,112,1561750.0999999642,697ab12b4591197afc56d253,697ab12b4591197afc56d253,advanced,3,697ab12b4591197afc56d253,697ab12b4591197afc56d253,spotlight_PROLIFIC,,31,Mexico,Spanish,N/A,,Spanish:75|English:25,100,Spanish:60|English:40,100,Spanish:90|English:10,100,29,0,Bachelor's,10,10,10,2,3,8,18,30,25,29,,,,,15,25,B1,intermediate|advanced,advanced|intermediate,cambridge_15_21_random_intermediate_advanced,4,20,random,,104.203125,846.5625,128.203125,879.03125,2,13,,,,,,,,,,,,2026-08-16T17:54:38.981Z,K8EF3YCB,2026-08-16,2026-08-16,11:54:38,2026-08-16 11:54:38,,,,,,,,697ab12b4591197afc56d253,697ab12b4591197afc56d253,,,,
34542,raw_position_sample,2,3,adv,25,3,3,4,26, the ,861,112,1561797,697ab12b4591197afc56d253,697ab12b4591197afc56d253,advanced,3,697ab12b4591197afc56d253,697ab12b4591197afc56d253,spotlight_PROLIFIC,,31,Mexico,Spanish,N/A,,Spanish:75|English:25,100,Spanish:60|English:40,100,Spanish:90|English:10,100,29,0,Bachelor's,10,10,10,2,3,8,18,30,25,29,,,,,15,25,B1,intermediate|advanced,advanced|intermediate,cambridge_15_21_random_intermediate_advanced,4,20,random,,104.203125,846.5625,128.203125,879.03125,2,13,,,,,,,,,,,,2026-08-16T17:54:38.981Z,K8EF3YCB,2026-08-16,2026-08-16,11:54:38,2026-08-16 11:54:38,,,,,,,,697ab12b4591197afc56d253,697ab12b4591197afc56d253,,,,
34592,raw_position_sample,2,3,adv,25,3,3,4,26, the ,862,112,1561846.5,697ab12b4591197afc56d253,697ab12b4591197afc56d253,advanced,3,697ab12b4591197afc56d253,697ab12b4591197afc56d253,spotlight_PROLIFIC,,31,Mexico,Spanish,N/A,,Spanish:75|English:25,100,Spanish:60|English:40,100,Spanish:90|English:10,100,29,0,Bachelor's,10,10,10,2,3,8,18,30,25,29,,,,,15,25,B1,intermediate|advanced,advanced|intermediate,cambridge_15_21_random_intermediate_advanced,4,20,random,,104.203125,846.5625,128.203125,879.03125,2,13,,,,,,,,,,,,2026-08-16T17:54:38.981Z,K8EF3YCB,2026-08-16,2026-08-16,11:54:38,2026-08-16 11:54:38,,,,,,,,697ab12b4591197afc56d253,697ab12b4591197afc56d253,,,,
34643,raw_position_sample,2,3,adv,25,3,3,4,26, the ,862,112,1561897.800000012,697ab12b4591197afc56d253,697ab12b4591197afc56d253,advanced,3,697ab12b4591197afc56d253,697ab12b4591197afc56d253,spotlight_PROLIFIC,,31,Mexico,Spanish,N/A,,Spanish:75|English:25,100,Spanish:60|English:40,100,Spanish:90|English:10,100,29,0,Bachelor's,10,10,10,2,3,8,18,30,25,29,,,,,15,25,B1,intermediate|advanced,advanced|intermediate,cambridge_15_21_random_intermediate_advanced,4,20,random,,104.203125,846.5625,128.203125,879.03125,2,13,,,,,,,,,,,,2026-08-16T17:54:38.981Z,K8EF3YCB,2026-08-16,2026-08-16,11:54:38,2026-08-16 11:54:38,,,,,,,,697ab12b4591197afc56d253,697ab12b4591197afc56d253,,,,
34694,hover_association,2,3,adv,25,3,3,4,26, the ,852,112,,697ab12b4591197afc56d253,697ab12b4591197afc56d253,advanced,3,697ab12b4591197afc56d253,697ab12b4591197afc56d253,spotlight_PROLIFIC,,31,Mexico,Spanish,N/A,,Spanish:75|English:25,100,Spanish:60|English:40,100,Spanish:90|English:10,100,29,0,Bachelor's,10,10,10,2,3,8,18,30,25,29,,,,,15,25,B1,intermediate|advanced,advanced|intermediate,cambridge_15_21_random_intermediate_advanced,4,20,random,,96.203125,846.5625,136.203125,879.03125,2,13,hover,233.19999998807907,233.19999998807907,0.013474494706448507,0.494921875,106,,,,,,2026-08-16T17:54:38.981Z,K8EF3YCB,2026-08-16,2026-08-16,11:54:38,2026-08-16 11:54:38,,,,,,,,697ab12b4591197afc56d253,697ab12b4591197afc56d253,,,,
34695,raw_position_sample,2,3,adv,25,3,3,4,25, assess ,826,122,1561949.8999999762,697ab12b4591197afc56d253,697ab12b4591197afc56d253,advanced,3,697ab12b4591197afc56d253,697ab12b4591197afc56d253,spotlight_PROLIFIC,,31,Mexico,Spanish,N/A,,Spanish:75|English:25,100,Spanish:60|English:40,100,Spanish:90|English:10,100,29,0,Bachelor's,10,10,10,2,3,8,18,30,25,29,,,,,15,25,B1,intermediate|advanced,advanced|intermediate,cambridge_15_21_random_intermediate_advanced,4,20,random,,104.203125,787.140625,128.203125,846.5625,2,12,,,,,,,,,,,,2026-08-16T17:54:38.981Z,K8EF3YCB,2026-08-16,2026-08-16,11:54:38,2026-08-16 11:54:38,,,,,,,,697ab12b4591197afc56d253,697ab12b4591197afc56d253,,,,
34727,hover_association,2,3,adv,25,3,3,4,25, assess ,826,122,,697ab12b4591197afc56d253,697ab12b4591197afc56d253,advanced,3,697ab12b4591197afc56d253,697ab12b4591197afc56d253,spotlight_PROLIFIC,,31,Mexico,Spanish,N/A,,Spanish:75|English:25,100,Spanish:60|English:40,100,Spanish:90|English:10,100,29,0,Bachelor's,10,10,10,2,3,8,18,30,25,29,,,,,15,25,B1,intermediate|advanced,advanced|intermediate,cambridge_15_21_random_intermediate_advanced,4,20,random,,96.203125,787.140625,136.203125,846.5625,2,12,hover,33.30000001192093,33.30000001192093,0.03129108598474888,0.894921875,106,,,,,,2026-08-16T17:54:38.981Z,K8EF3YCB,2026-08-16,2026-08-16,11:54:38,2026-08-16 11:54:38,,,,,,,,697ab12b4591197afc56d253,697ab12b4591197afc56d253,,,,
34746,raw_position_sample,2,3,adv,25,3,3,4,36, 50-year-old ,696,139,1562000.3999999762,697ab12b4591197afc56d253,697ab12b4591197afc56d253,advanced,3,697ab12b4591197afc56d253,697ab12b4591197afc56d253,spotlight_PROLIFIC,,31,Mexico,Spanish,N/A,,Spanish:75|English:25,100,Spanish:60|English:40,100,Spanish:90|English:10,100,29,0,Bachelor's,10,10,10,2,3,8,18,30,25,29,,,,,15,25,B1,intermediate|advanced,advanced|intermediate,cambridge_15_21_random_intermediate_advanced,4,20,random,,144.203125,651.546875,168.203125,751.890625,3,8,,,,,,,,,,,,2026-08-16T17:54:38.981Z,K8EF3YCB,2026-08-16,2026-08-16,11:54:38,2026-08-16 11:54:38,,,,,,,,697ab12b4591197afc56d253,697ab12b4591197afc56d253,,,,
34760,hover_association,2,3,adv,25,3,3,4,36, 50-year-old ,745,139,,697ab12b4591197afc56d253,697ab12b4591197afc56d253,advanced,3,697ab12b4591197afc56d253,697ab12b4591197afc56d253,spotlight_PROLIFIC,,31,Mexico,Spanish,N/A,,Spanish:75|English:25,100,Spanish:60|English:40,100,Spanish:90|English:10,100,29,0,Bachelor's,10,10,10,2,3,8,18,30,25,29,,,,,15,25,B1,intermediate|advanced,advanced|intermediate,cambridge_15_21_random_intermediate_advanced,4,20,random,,136.203125,651.546875,176.203125,751.890625,3,8,hover,33.39999997615814,33.39999997615814,0.44300840859545315,0.069921875,106,,,,,,2026-08-16T17:54:38.981Z,K8EF3YCB,2026-08-16,2026-08-16,11:54:38,2026-08-16 11:54:38,,,,,,,,697ab12b4591197afc56d253,697ab12b4591197afc56d253,,,,
34777,hover_association,2,3,adv,25,3,3,4,35, a ,649,141,,697ab12b4591197afc56d253,697ab12b4591197afc56d253,advanced,3,697ab12b4591197afc56d253,697ab12b4591197afc56d253,spotlight_PROLIFIC,,31,Mexico,Spanish,N/A,,Spanish:75|English:25,100,Spanish:60|English:40,100,Spanish:90|English:10,100,29,0,Bachelor's,10,10,10,2,3,8,18,30,25,29,,,,,15,25,B1,intermediate|advanced,advanced|intermediate,cambridge_15_21_random_intermediate_advanced,4,20,random,,136.203125,636.765625,176.203125,651.546875,3,7,hover,16.600000023841858,16.600000023841858,0.8276955602536998,0.119921875,106,,,,,,2026-08-16T17:54:38.981Z,K8EF3YCB,2026-08-16,2026-08-16,11:54:38,2026-08-16 11:54:38,,,,,,,,697ab12b4591197afc56d253,697ab12b4591197afc56d253,,,,
34793,raw_position_sample,2,3,adv,25,3,3,4,34," Laura, ",596,145,1562047.199999988,697ab12b4591197afc56d253,697ab12b4591197afc56d253,advanced,3,697ab12b4591197afc56d253,697ab12b4591197afc56d253,spotlight_PROLIFIC,,31,Mexico,Spanish,N/A,,Spanish:75|English:25,100,Spanish:60|English:40,100,Spanish:90|English:10,100,29,0,Bachelor's,10,10,10,2,3,8,18,30,25,29,,,,,15,25,B1,intermediate|advanced,advanced|intermediate,cambridge_15_21_random_intermediate_advanced,4,20,random,,144.203125,579.421875,168.203125,636.765625,3,6,,,,,,,,,,,,2026-08-16T17:54:38.981Z,K8EF3YCB,2026-08-16,2026-08-16,11:54:38,2026-08-16 11:54:38,,,,,,,,697ab12b4591197afc56d253,697ab12b4591197afc56d253,,,,
34794,hover_association,2,3,adv,25,3,3,4,34," Laura, ",596,145,,697ab12b4591197afc56d253,697ab12b4591197afc56d253,advanced,3,697ab12b4591197afc56d253,697ab12b4591197afc56d253,spotlight_PROLIFIC,,31,Mexico,Spanish,N/A,,Spanish:75|English:25,100,Spanish:60|English:40,100,Spanish:90|English:10,100,29,0,Bachelor's,10,10,10,2,3,8,18,30,25,29,,,,,15,25,B1,intermediate|advanced,advanced|intermediate,cambridge_15_21_random_intermediate_advanced,4,20,random,,136.203125,579.421875,176.203125,636.765625,3,6,hover,16.69999998807907,16.69999998807907,0.2891008174386921,0.219921875,106,,,,,,2026-08-16T17:54:38.981Z,K8EF3YCB,2026-08-16,2026-08-16,11:54:38,2026-08-16 11:54:38,,,,,,,,697ab12b4591197afc56d253,697ab12b4591197afc56d253,,,,
34811,hover_association,2,3,adv,25,3,3,4,33, says ,547,152,,697ab12b4591197afc56d253,697ab12b4591197afc56d253,advanced,3,697ab12b4591197afc56d253,697ab12b4591197afc56d253,spotlight_PROLIFIC,,31,Mexico,Spanish,N/A,,Spanish:75|English:25,100,Spanish:60|English:40,100,Spanish:90|English:10,100,29,0,Bachelor's,10,10,10,2,3,8,18,30,25,29,,,,,15,25,B1,intermediate|advanced,advanced|intermediate,cambridge_15_21_random_intermediate_advanced,4,20,random,,136.203125,538.21875,176.203125,579.421875,3,5,hover,16.69999998807907,16.69999998807907,0.2131209708001517,0.394921875,106,,,,,,2026-08-16T17:54:38.981Z,K8EF3YCB,2026-08-16,2026-08-16,11:54:38,2026-08-16 11:54:38,,,,,,,,697ab12b4591197afc56d253,697ab12b4591197afc56d253,,,,
34844,hover_association,2,3,adv,25,3,3,4,32," counter,” ",503,158,,697ab12b4591197afc56d253,697ab12b4591197afc56d253,advanced,3,697ab12b4591197afc56d253,697ab12b4591197afc56d253,spotlight_PROLIFIC,,31,Mexico,Spanish,N/A,,Spanish:75|English:25,100,Spanish:60|English:40,100,Spanish:90|English:10,100,29,0,Bachelor's,10,10,10,2,3,8,18,30,25,29,,,,,15,25,B1,intermediate|advanced,advanced|intermediate,cambridge_15_21_random_intermediate_advanced,4,20,random,,136.203125,459.265625,176.203125,538.21875,3,4,hover,33.30000001192093,33.30000001192093,0.16129032258064516,0.569921875,106,,,,,,2026-08-16T17:54:38.981Z,K8EF3YCB,2026-08-16,2026-08-16,11:54:38,2026-08-16 11:54:38,,,,,,,,697ab12b4591197afc56d253,697ab12b4591197afc56d253,,,,
34846,raw_position_sample,2,3,adv,25,3,3,4,31, the ,446,159,1562100.5999999642,697ab12b4591197afc56d253,697ab12b4591197afc56d253,advanced,3,697ab12b4591197afc56d253,697ab12b4591197afc56d253,spotlight_PROLIFIC,,31,Mexico,Spanish,N/A,,Spanish:75|English:25,100,Spanish:60|English:40,100,Spanish:90|English:10,100,29,0,Bachelor's,10,10,10,2,3,8,18,30,25,29,,,,,15,25,B1,intermediate|advanced,advanced|intermediate,cambridge_15_21_random_intermediate_advanced,4,20,random,,144.203125,426.796875,168.203125,459.265625,3,3,,,,,,,,,,,,2026-08-16T17:54:38.981Z,K8EF3YCB,2026-08-16,2026-08-16,11:54:38,2026-08-16 11:54:38,,,,,,,,697ab12b4591197afc56d253,697ab12b4591197afc56d253,,,,
34861,hover_association,2,3,adv,25,3,3,4,31, the ,446,159,,697ab12b4591197afc56d253,697ab12b4591197afc56d253,advanced,3,697ab12b4591197afc56d253,697ab12b4591197afc56d253,spotlight_PROLIFIC,,31,Mexico,Spanish,N/A,,Spanish:75|English:25,100,Spanish:60|English:40,100,Spanish:90|English:10,100,29,0,Bachelor's,10,10,10,2,3,8,18,30,25,29,,,,,15,25,B1,intermediate|advanced,advanced|intermediate,cambridge_15_21_random_intermediate_advanced,4,20,random,,136.203125,426.796875,176.203125,459.265625,3,3,hover,16.69999998807907,16.69999998807907,0.5914340712223292,0.569921875,106,,,,,,2026-08-16T17:54:38.981Z,K8EF3YCB,2026-08-16,2026-08-16,11:54:38,2026-08-16 11:54:38,,,,,,,,697ab12b4591197afc56d253,697ab12b4591197afc56d253,,,,
34877,hover_association,2,3,adv,25,3,3,4,30, at ,419,159,,697ab12b4591197afc56d253,697ab12b4591197afc56d253,advanced,3,697ab12b4591197afc56d253,697ab12b4591197afc56d253,spotlight_PROLIFIC,,31,Mexico,Spanish,N/A,,Spanish:75|English:25,100,Spanish:60|English:40,100,Spanish:90|English:10,100,29,0,Bachelor's,10,10,10,2,3,8,18,30,25,29,,,,,15,25,B1,intermediate|advanced,advanced|intermediate,cambridge_15_21_random_intermediate_advanced,4,20,random,,136.203125,405.515625,176.203125,426.796875,3,2,hover,16.600000023841858,16.600000023841858,0.6336270190895742,0.569921875,106,,,,,,2026-08-16T17:54:38.981Z,K8EF3YCB,2026-08-16,2026-08-16,11:54:38,2026-08-16 11:54:38,,,,,,,,697ab12b4591197afc56d253,697ab12b4591197afc56d253,,,,
34895,raw_position_sample,2,3,adv,25,3,3,4,29, receive ,381,160,1562149.8999999762,697ab12b4591197afc56d253,697ab12b4591197afc56d253,advanced,3,697ab12b4591197afc56d253,697ab12b4591197afc56d253,spotlight_PROLIFIC,,31,Mexico,Spanish,N/A,,Spanish:75|English:25,100,Spanish:60|English:40,100,Spanish:90|English:10,100,29,0,Bachelor's,10,10,10,2,3,8,18,30,25,29,,,,,15,25,B1,intermediate|advanced,advanced|intermediate,cambridge_15_21_random_intermediate_advanced,4,20,random,,144.203125,340.875,168.203125,405.515625,3,1,,,,,,,,,,,,2026-08-16T17:54:38.981Z,K8EF3YCB,2026-08-16,2026-08-16,11:54:38,2026-08-16 11:54:38,,,,,,,,697ab12b4591197afc56d253,697ab12b4591197afc56d253,,,,
34945,raw_position_sample,2,3,adv,25,3,3,4,29, receive ,358,167,1562200.0999999642,697ab12b4591197afc56d253,697ab12b4591197afc56d253,advanced,3,697ab12b4591197afc56d253,697ab12b4591197afc56d253,spotlight_PROLIFIC,,31,Mexico,Spanish,N/A,,Spanish:75|English:25,100,Spanish:60|English:40,100,Spanish:90|English:10,100,29,0,Bachelor's,10,10,10,2,3,8,18,30,25,29,,,,,15,25,B1,intermediate|advanced,advanced|intermediate,cambridge_15_21_random_intermediate_advanced,4,20,random,,144.203125,340.875,168.203125,405.515625,3,1,,,,,,,,,,,,2026-08-16T17:54:38.981Z,K8EF3YCB,2026-08-16,2026-08-16,11:54:38,2026-08-16 11:54:38,,,,,,,,697ab12b4591197afc56d253,697ab12b4591197afc56d253,,,,
34989,raw_position_sample,2,3,adv,25,3,3,4,29, receive ,347,169,1562243.800000012,697ab12b4591197afc56d253,697ab12b4591197afc56d253,advanced,3,697ab12b4591197afc56d253,697ab12b4591197afc56d253,spotlight_PROLIFIC,,31,Mexico,Spanish,N/A,,Spanish:75|English:25,100,Spanish:60|English:40,100,Spanish:90|English:10,100,29,0,Bachelor's,10,10,10,2,3,8,18,30,25,29,,,,,15,25,B1,intermediate|advanced,advanced|intermediate,cambridge_15_21_random_intermediate_advanced,4,20,random,,144.203125,340.875,168.203125,405.515625,3,1,,,,,,,,,,,,2026-08-16T17:54:38.981Z,K8EF3YCB,2026-08-16,2026-08-16,11:54:38,2026-08-16 11:54:38,,,,,,,,697ab12b4591197afc56d253,697ab12b4591197afc56d253,,,,
35044,hover_association,2,3,adv,25,3,3,4,29, receive ,395,159,,697ab12b4591197afc56d253,697ab12b4591197afc56d253,advanced,3,697ab12b4591197afc56d253,697ab12b4591197afc56d253,spotlight_PROLIFIC,,31,Mexico,Spanish,N/A,,Spanish:75|English:25,100,Spanish:60|English:40,100,Spanish:90|English:10,100,29,0,Bachelor's,10,10,10,2,3,8,18,30,25,29,,,,,15,25,B1,intermediate|advanced,advanced|intermediate,cambridge_15_21_random_intermediate_advanced,4,20,random,,136.203125,336.628125,176.203125,405.515625,3,1,hover,166.89999997615814,166.89999997615814,0.019914716022500292,0.819921875,106,,,,,,2026-08-16T17:54:38.981Z,K8EF3YCB,2026-08-16,2026-08-16,11:54:38,2026-08-16 11:54:38,,,,,,,,697ab12b4591197afc56d253,697ab12b4591197afc56d253,,,,
35045,raw_position_sample,2,3,adv,25,3,3,4,-1,999,334,169,1562299.8999999762,697ab12b4591197afc56d253,697ab12b4591197afc56d253,advanced,3,697ab12b4591197afc56d253,697ab12b4591197afc56d253,spotlight_PROLIFIC,,31,Mexico,Spanish,N/A,,Spanish:75|English:25,100,Spanish:60|English:40,100,Spanish:90|English:10,100,29,0,Bachelor's,10,10,10,2,3,8,18,30,25,29,,,,,15,25,B1,intermediate|advanced,advanced|intermediate,cambridge_15_21_random_intermediate_advanced,4,20,random,,,,,,,,,,,,,,,,,,,2026-08-16T17:54:38.981Z,K8EF3YCB,2026-08-16,2026-08-16,11:54:38,2026-08-16 11:54:38,,,,,,,,697ab12b4591197afc56d253,697ab12b4591197afc56d253,,,,
35093,raw_position_sample,2,3,adv,25,3,3,4,-1,999,331,169,1562347.199999988,697ab12b4591197afc56d253,697ab12b4591197afc56d253,advanced,3,697ab12b4591197afc56d253,697ab12b4591197afc56d253,spotlight_PROLIFIC,,31,Mexico,Spanish,N/A,,Spanish:75|English:25,100,Spanish:60|English:40,100,Spanish:90|English:10,100,29,0,Bachelor's,10,10,10,2,3,8,18,30,25,29,,,,,15,25,B1,intermediate|advanced,advanced|intermediate,cambridge_15_21_random_intermediate_advanced,4,20,random,,,,,,,,,,,,,,,,,,,2026-08-16T17:54:38.981Z,K8EF3YCB,2026-08-16,2026-08-16,11:54:38,2026-08-16 11:54:38,,,,,,,,697ab12b4591197afc56d253,697ab12b4591197afc56d253,,,,
35143,raw_position_sample,2,3,adv,25,3,3,4,-1,999,331,169,1562397.5999999642,697ab12b4591197afc56d253,697ab12b4591197afc56d253,advanced,3,697ab12b4591197afc56d253,697ab12b4591197afc56d253,spotlight_PROLIFIC,,31,Mexico,Spanish,N/A,,Spanish:75|English:25,100,Spanish:60|English:40,100,Spanish:90|English:10,100,29,0,Bachelor's,10,10,10,2,3,8,18,30,25,29,,,,,15,25,B1,intermediate|advanced,advanced|intermediate,cambridge_15_21_random_intermediate_advanced,4,20,random,,,,,,,,,,,,,,,,,,,2026-08-16T17:54:38.981Z,K8EF3YCB,2026-08-16,2026-08-16,11:54:38,2026-08-16 11:54:38,,,,,,,,697ab12b4591197afc56d253,697ab12b4591197afc56d253,,,,
35195,raw_position_sample,2,3,adv,25,3,3,4,29, receive ,353,166,1562449.8999999762,697ab12b4591197afc56d253,697ab12b4591197afc56d253,advanced,3,697ab12b4591197afc56d253,697ab12b4591197afc56d253,spotlight_PROLIFIC,,31,Mexico,Spanish,N/A,,Spanish:75|English:25,100,Spanish:60|English:40,100,Spanish:90|English:10,100,29,0,Bachelor's,10,10,10,2,3,8,18,30,25,29,,,,,15,25,B1,intermediate|advanced,advanced|intermediate,cambridge_15_21_random_intermediate_advanced,4,20,random,,144.203125,340.875,168.203125,405.515625,3,1,,,,,,,,,,,,2026-08-16T17:54:38.981Z,K8EF3YCB,2026-08-16,2026-08-16,11:54:38,2026-08-16 11:54:38,,,,,,,,697ab12b4591197afc56d253,697ab12b4591197afc56d253,,,,
35244,hover_association,2,3,adv,25,3,3,4,29, receive ,337,169,,697ab12b4591197afc56d253,697ab12b4591197afc56d253,advanced,3,697ab12b4591197afc56d253,697ab12b4591197afc56d253,spotlight_PROLIFIC,,31,Mexico,Spanish,N/A,,Spanish:75|English:25,100,Spanish:60|English:40,100,Spanish:90|English:10,100,29,0,Bachelor's,10,10,10,2,3,8,18,30,25,29,,,,,15,25,B1,intermediate|advanced,advanced|intermediate,cambridge_15_21_random_intermediate_advanced,4,20,random,,136.203125,336.628125,176.203125,405.515625,3,1,hover,66.59999996423721,66.59999996423721,0.8909000181455271,0.494921875,106,,,,,,2026-08-16T17:54:38.981Z,K8EF3YCB,2026-08-16,2026-08-16,11:54:38,2026-08-16 11:54:38,,,,,,,,697ab12b4591197afc56d253,697ab12b4591197afc56d253,,,,
35246,raw_position_sample,2,3,adv,25,3,3,4,30, at ,418,156,1562500.199999988,697ab12b4591197afc56d253,697ab12b4591197afc56d253,advanced,3,697ab12b4591197afc56d253,697ab12b4591197afc56d253,spotlight_PROLIFIC,,31,Mexico,Spanish,N/A,,Spanish:75|English:25,100,Spanish:60|English:40,100,Spanish:90|English:10,100,29,0,Bachelor's,10,10,10,2,3,8,18,30,25,29,,,,,15,25,B1,intermediate|advanced,advanced|intermediate,cambridge_15_21_random_intermediate_advanced,4,20,random,,144.203125,405.515625,168.203125,426.796875,3,2,,,,,,,,,,,,2026-08-16T17:54:38.981Z,K8EF3YCB,2026-08-16,2026-08-16,11:54:38,2026-08-16 11:54:38,,,,,,,,697ab12b4591197afc56d253,697ab12b4591197afc56d253,,,,
35261,hover_association,2,3,adv,25,3,3,4,30, at ,418,156,,697ab12b4591197afc56d253,697ab12b4591197afc56d253,advanced,3,697ab12b4591197afc56d253,697ab12b4591197afc56d253,spotlight_PROLIFIC,,31,Mexico,Spanish,N/A,,Spanish:75|English:25,100,Spanish:60|English:40,100,Spanish:90|English:10,100,29,0,Bachelor's,10,10,10,2,3,8,18,30,25,29,,,,,15,25,B1,intermediate|advanced,advanced|intermediate,cambridge_15_21_random_intermediate_advanced,4,20,random,,136.203125,405.515625,176.203125,426.796875,3,2,hover,17.100000023841858,17.100000023841858,0.5866372980910426,0.494921875,106,,,,,,2026-08-16T17:54:38.981Z,K8EF3YCB,2026-08-16,2026-08-16,11:54:38,2026-08-16 11:54:38,,,,,,,,697ab12b4591197afc56d253,697ab12b4591197afc56d253,,,,
35295,raw_position_sample,2,3,adv,25,3,3,4,31, the ,451,156,1562549.5999999642,697ab12b4591197afc56d253,697ab12b4591197afc56d253,advanced,3,697ab12b4591197afc56d253,697ab12b4591197afc56d253,spotlight_PROLIFIC,,31,Mexico,Spanish,N/A,,Spanish:75|English:25,100,Spanish:60|English:40,100,Spanish:90|English:10,100,29,0,Bachelor's,10,10,10,2,3,8,18,30,25,29,,,,,15,25,B1,intermediate|advanced,advanced|intermediate,cambridge_15_21_random_intermediate_advanced,4,20,random,,144.203125,426.796875,168.203125,459.265625,3,3,,,,,,,,,,,,2026-08-16T17:54:38.981Z,K8EF3YCB,2026-08-16,2026-08-16,11:54:38,2026-08-16 11:54:38,,,,,,,,697ab12b4591197afc56d253,697ab12b4591197afc56d253,,,,
35327,hover_association,2,3,adv,25,3,3,4,31, the ,433,156,,697ab12b4591197afc56d253,697ab12b4591197afc56d253,advanced,3,697ab12b4591197afc56d253,697ab12b4591197afc56d253,spotlight_PROLIFIC,,31,Mexico,Spanish,N/A,,Spanish:75|English:25,100,Spanish:60|English:40,100,Spanish:90|English:10,100,29,0,Bachelor's,10,10,10,2,3,8,18,30,25,29,,,,,15,25,B1,intermediate|advanced,advanced|intermediate,cambridge_15_21_random_intermediate_advanced,4,20,random,,136.203125,426.796875,176.203125,459.265625,3,3,hover,66.09999996423721,66.09999996423721,0.9302213666987488,0.494921875,106,,,,,,2026-08-16T17:54:38.981Z,K8EF3YCB,2026-08-16,2026-08-16,11:54:38,2026-08-16 11:54:38,,,,,,,,697ab12b4591197afc56d253,697ab12b4591197afc56d253,,,,
35346,raw_position_sample,2,3,adv,25,3,3,4,32," counter,” ",477,156,1562600.199999988,697ab12b4591197afc56d253,697ab12b4591197afc56d253,advanced,3,697ab12b4591197afc56d253,697ab12b4591197afc56d253,spotlight_PROLIFIC,,31,Mexico,Spanish,N/A,,Spanish:75|English:25,100,Spanish:60|English:40,100,Spanish:90|English:10,100,29,0,Bachelor's,10,10,10,2,3,8,18,30,25,29,,,,,15,25,B1,intermediate|advanced,advanced|intermediate,cambridge_15_21_random_intermediate_advanced,4,20,random,,144.203125,459.265625,168.203125,538.21875,3,4,,,,,,,,,,,,2026-08-16T17:54:38.981Z,K8EF3YCB,2026-08-16,2026-08-16,11:54:38,2026-08-16 11:54:38,,,,,,,,697ab12b4591197afc56d253,697ab12b4591197afc56d253,,,,
35395,raw_position_sample,2,3,adv,25,3,3,4,32," counter,” ",523,156,1562649.800000012,697ab12b4591197afc56d253,697ab12b4591197afc56d253,advanced,3,697ab12b4591197afc56d253,697ab12b4591197afc56d253,spotlight_PROLIFIC,,31,Mexico,Spanish,N/A,,Spanish:75|English:25,100,Spanish:60|English:40,100,Spanish:90|English:10,100,29,0,Bachelor's,10,10,10,2,3,8,18,30,25,29,,,,,15,25,B1,intermediate|advanced,advanced|intermediate,cambridge_15_21_random_intermediate_advanced,4,20,random,,144.203125,459.265625,168.203125,538.21875,3,4,,,,,,,,,,,,2026-08-16T17:54:38.981Z,K8EF3YCB,2026-08-16,2026-08-16,11:54:38,2026-08-16 11:54:38,,,,,,,,697ab12b4591197afc56d253,697ab12b4591197afc56d253,,,,
35427,hover_association,2,3,adv,25,3,3,4,32," counter,” ",467,156,,697ab12b4591197afc56d253,697ab12b4591197afc56d253,advanced,3,697ab12b4591197afc56d253,697ab12b4591197afc56d253,spotlight_PROLIFIC,,31,Mexico,Spanish,N/A,,Spanish:75|English:25,100,Spanish:60|English:40,100,Spanish:90|English:10,100,29,0,Bachelor's,10,10,10,2,3,8,18,30,25,29,,,,,15,25,B1,intermediate|advanced,advanced|intermediate,cambridge_15_21_random_intermediate_advanced,4,20,random,,136.203125,459.265625,176.203125,538.21875,3,4,hover,100,100,0.9972293686918662,0.494921875,106,,,,,,2026-08-16T17:54:38.981Z,K8EF3YCB,2026-08-16,2026-08-16,11:54:38,2026-08-16 11:54:38,,,,,,,,697ab12b4591197afc56d253,697ab12b4591197afc56d253,,,,
35446,raw_position_sample,2,3,adv,25,3,3,4,33, says ,575,156,1562700.5,697ab12b4591197afc56d253,697ab12b4591197afc56d253,advanced,3,697ab12b4591197afc56d253,697ab12b4591197afc56d253,spotlight_PROLIFIC,,31,Mexico,Spanish,N/A,,Spanish:75|English:25,100,Spanish:60|English:40,100,Spanish:90|English:10,100,29,0,Bachelor's,10,10,10,2,3,8,18,30,25,29,,,,,15,25,B1,intermediate|advanced,advanced|intermediate,cambridge_15_21_random_intermediate_advanced,4,20,random,,144.203125,538.21875,168.203125,579.421875,3,5,,,,,,,,,,,,2026-08-16T17:54:38.981Z,K8EF3YCB,2026-08-16,2026-08-16,11:54:38,2026-08-16 11:54:38,,,,,,,,697ab12b4591197afc56d253,697ab12b4591197afc56d253,,,,
35461,hover_association,2,3,adv,25,3,3,4,33, says ,556,156,,697ab12b4591197afc56d253,697ab12b4591197afc56d253,advanced,3,697ab12b4591197afc56d253,697ab12b4591197afc56d253,spotlight_PROLIFIC,,31,Mexico,Spanish,N/A,,Spanish:75|English:25,100,Spanish:60|English:40,100,Spanish:90|English:10,100,29,0,Bachelor's,10,10,10,2,3,8,18,30,25,29,,,,,15,25,B1,intermediate|advanced,advanced|intermediate,cambridge_15_21_random_intermediate_advanced,4,20,random,,136.203125,538.21875,176.203125,579.421875,3,5,hover,33.40000003576279,33.40000003576279,0.8926810769814183,0.494921875,106,,,,,,2026-08-16T17:54:38.981Z,K8EF3YCB,2026-08-16,2026-08-16,11:54:38,2026-08-16 11:54:38,,,,,,,,697ab12b4591197afc56d253,697ab12b4591197afc56d253,,,,
35495,raw_position_sample,2,3,adv,25,3,3,4,34," Laura, ",622,156,1562749.8999999762,697ab12b4591197afc56d253,697ab12b4591197afc56d253,advanced,3,697ab12b4591197afc56d253,697ab12b4591197afc56d253,spotlight_PROLIFIC,,31,Mexico,Spanish,N/A,,Spanish:75|English:25,100,Spanish:60|English:40,100,Spanish:90|English:10,100,29,0,Bachelor's,10,10,10,2,3,8,18,30,25,29,,,,,15,25,B1,intermediate|advanced,advanced|intermediate,cambridge_15_21_random_intermediate_advanced,4,20,random,,144.203125,579.421875,168.203125,636.765625,3,6,,,,,,,,,,,,2026-08-16T17:54:38.981Z,K8EF3YCB,2026-08-16,2026-08-16,11:54:38,2026-08-16 11:54:38,,,,,,,,697ab12b4591197afc56d253,697ab12b4591197afc56d253,,,,
35528,hover_association,2,3,adv,25,3,3,4,34," Laura, ",594,156,,697ab12b4591197afc56d253,697ab12b4591197afc56d253,advanced,3,697ab12b4591197afc56d253,697ab12b4591197afc56d253,spotlight_PROLIFIC,,31,Mexico,Spanish,N/A,,Spanish:75|English:25,100,Spanish:60|English:40,100,Spanish:90|English:10,100,29,0,Bachelor's,10,10,10,2,3,8,18,30,25,29,,,,,15,25,B1,intermediate|advanced,advanced|intermediate,cambridge_15_21_random_intermediate_advanced,4,20,random,,136.203125,579.421875,176.203125,636.765625,3,6,hover,66.59999996423721,66.59999996423721,0.9168937329700273,0.494921875,106,,,,,,2026-08-16T17:54:38.981Z,K8EF3YCB,2026-08-16,2026-08-16,11:54:38,2026-08-16 11:54:38,,,,,,,,697ab12b4591197afc56d253,697ab12b4591197afc56d253,,,,
35544,hover_association,2,3,adv,25,3,3,4,35, a ,644,156,,697ab12b4591197afc56d253,697ab12b4591197afc56d253,advanced,3,697ab12b4591197afc56d253,697ab12b4591197afc56d253,spotlight_PROLIFIC,,31,Mexico,Spanish,N/A,,Spanish:75|English:25,100,Spanish:60|English:40,100,Spanish:90|English:10,100,29,0,Bachelor's,10,10,10,2,3,8,18,30,25,29,,,,,15,25,B1,intermediate|advanced,advanced|intermediate,cambridge_15_21_random_intermediate_advanced,4,20,random,,136.203125,636.765625,176.203125,651.546875,3,7,hover,16.700000047683716,16.700000047683716,0.4894291754756871,0.494921875,106,,,,,,2026-08-16T17:54:38.981Z,K8EF3YCB,2026-08-16,2026-08-16,11:54:38,2026-08-16 11:54:38,,,,,,,,697ab12b4591197afc56d253,697ab12b4591197afc56d253,,,,
35546,raw_position_sample,2,3,adv,25,3,3,4,36, 50-year-old ,658,156,1562800.0999999642,697ab12b4591197afc56d253,697ab12b4591197afc56d253,advanced,3,697ab12b4591197afc56d253,697ab12b4591197afc56d253,spotlight_PROLIFIC,,31,Mexico,Spanish,N/A,,Spanish:75|English:25,100,Spanish:60|English:40,100,Spanish:90|English:10,100,29,0,Bachelor's,10,10,10,2,3,8,18,30,25,29,,,,,15,25,B1,intermediate|advanced,advanced|intermediate,cambridge_15_21_random_intermediate_advanced,4,20,random,,144.203125,651.546875,168.203125,751.890625,3,8,,,,,,,,,,,,2026-08-16T17:54:38.981Z,K8EF3YCB,2026-08-16,2026-08-16,11:54:38,2026-08-16 11:54:38,,,,,,,,697ab12b4591197afc56d253,697ab12b4591197afc56d253,,,,
35595,raw_position_sample,2,3,adv,25,3,3,4,36, 50-year-old ,697,156,1562849.699999988,697ab12b4591197afc56d253,697ab12b4591197afc56d253,advanced,3,697ab12b4591197afc56d253,697ab12b4591197afc56d253,spotlight_PROLIFIC,,31,Mexico,Spanish,N/A,,Spanish:75|English:25,100,Spanish:60|English:40,100,Spanish:90|English:10,100,29,0,Bachelor's,10,10,10,2,3,8,18,30,25,29,,,,,15,25,B1,intermediate|advanced,advanced|intermediate,cambridge_15_21_random_intermediate_advanced,4,20,random,,144.203125,651.546875,168.203125,751.890625,3,8,,,,,,,,,,,,2026-08-16T17:54:38.981Z,K8EF3YCB,2026-08-16,2026-08-16,11:54:38,2026-08-16 11:54:38,,,,,,,,697ab12b4591197afc56d253,697ab12b4591197afc56d253,,,,
35643,raw_position_sample,2,3,adv,25,3,3,4,36, 50-year-old ,700,156,1562898,697ab12b4591197afc56d253,697ab12b4591197afc56d253,advanced,3,697ab12b4591197afc56d253,697ab12b4591197afc56d253,spotlight_PROLIFIC,,31,Mexico,Spanish,N/A,,Spanish:75|English:25,100,Spanish:60|English:40,100,Spanish:90|English:10,100,29,0,Bachelor's,10,10,10,2,3,8,18,30,25,29,,,,,15,25,B1,intermediate|advanced,advanced|intermediate,cambridge_15_21_random_intermediate_advanced,4,20,random,,144.203125,651.546875,168.203125,751.890625,3,8,,,,,,,,,,,,2026-08-16T17:54:38.981Z,K8EF3YCB,2026-08-16,2026-08-16,11:54:38,2026-08-16 11:54:38,,,,,,,,697ab12b4591197afc56d253,697ab12b4591197afc56d253,,,,
35693,raw_position_sample,2,3,adv,25,3,3,4,36, 50-year-old ,700,156,1562947.8999999762,697ab12b4591197afc56d253,697ab12b4591197afc56d253,advanced,3,697ab12b4591197afc56d253,697ab12b4591197afc56d253,spotlight_PROLIFIC,,31,Mexico,Spanish,N/A,,Spanish:75|English:25,100,Spanish:60|English:40,100,Spanish:90|English:10,100,29,0,Bachelor's,10,10,10,2,3,8,18,30,25,29,,,,,15,25,B1,intermediate|advanced,advanced|intermediate,cambridge_15_21_random_intermediate_advanced,4,20,random,,144.203125,651.546875,168.203125,751.890625,3,8,,,,,,,,,,,,2026-08-16T17:54:38.981Z,K8EF3YCB,2026-08-16,2026-08-16,11:54:38,2026-08-16 11:54:38,,,,,,,,697ab12b4591197afc56d253,697ab12b4591197afc56d253,,,,
35742,raw_position_sample,2,3,adv,25,3,3,4,36, 50-year-old ,700,156,1562996.5999999642,697ab12b4591197afc56d253,697ab12b4591197afc56d253,advanced,3,697ab12b4591197afc56d253,697ab12b4591197afc56d253,spotlight_PROLIFIC,,31,Mexico,Spanish,N/A,,Spanish:75|English:25,100,Spanish:60|English:40,100,Spanish:90|English:10,100,29,0,Bachelor's,10,10,10,2,3,8,18,30,25,29,,,,,15,25,B1,intermediate|advanced,advanced|intermediate,cambridge_15_21_random_intermediate_advanced,4,20,random,,144.203125,651.546875,168.203125,751.890625,3,8,,,,,,,,,,,,2026-08-16T17:54:38.981Z,K8EF3YCB,2026-08-16,2026-08-16,11:54:38,2026-08-16 11:54:38,,,,,,,,697ab12b4591197afc56d253,697ab12b4591197afc56d253,,,,
35791,raw_position_sample,2,3,adv,25,3,3,4,36, 50-year-old ,700,156,1563045.699999988,697ab12b4591197afc56d253,697ab12b4591197afc56d253,advanced,3,697ab12b4591197afc56d253,697ab12b4591197afc56d253,spotlight_PROLIFIC,,31,Mexico,Spanish,N/A,,Spanish:75|English:25,100,Spanish:60|English:40,100,Spanish:90|English:10,100,29,0,Bachelor's,10,10,10,2,3,8,18,30,25,29,,,,,15,25,B1,intermediate|advanced,advanced|intermediate,cambridge_15_21_random_intermediate_advanced,4,20,random,,144.203125,651.546875,168.203125,751.890625,3,8,,,,,,,,,,,,2026-08-16T17:54:38.981Z,K8EF3YCB,2026-08-16,2026-08-16,11:54:38,2026-08-16 11:54:38,,,,,,,,697ab12b4591197afc56d253,697ab12b4591197afc56d253,,,,
35840,raw_position_sample,2,3,adv,25,3,3,4,36, 50-year-old ,697,156,1563094.800000012,697ab12b4591197afc56d253,697ab12b4591197afc56d253,advanced,3,697ab12b4591197afc56d253,697ab12b4591197afc56d253,spotlight_PROLIFIC,,31,Mexico,Spanish,N/A,,Spanish:75|English:25,100,Spanish:60|English:40,100,Spanish:90|English:10,100,29,0,Bachelor's,10,10,10,2,3,8,18,30,25,29,,,,,15,25,B1,intermediate|advanced,advanced|intermediate,cambridge_15_21_random_intermediate_advanced,4,20,random,,144.203125,651.546875,168.203125,751.890625,3,8,,,,,,,,,,,,2026-08-16T17:54:38.981Z,K8EF3YCB,2026-08-16,2026-08-16,11:54:38,2026-08-16 11:54:38,,,,,,,,697ab12b4591197afc56d253,697ab12b4591197afc56d253,,,,
35877,hover_association,2,3,adv,25,3,3,4,36, 50-year-old ,658,156,,697ab12b4591197afc56d253,697ab12b4591197afc56d253,advanced,3,697ab12b4591197afc56d253,697ab12b4591197afc56d253,spotlight_PROLIFIC,,31,Mexico,Spanish,N/A,,Spanish:75|English:25,100,Spanish:60|English:40,100,Spanish:90|English:10,100,29,0,Bachelor's,10,10,10,2,3,8,18,30,25,29,,,,,15,25,B1,intermediate|advanced,advanced|intermediate,cambridge_15_21_random_intermediate_advanced,4,20,random,,136.203125,651.546875,176.203125,751.890625,3,8,hover,333.69999998807907,333.69999998807907,0.07427592650264715,0.494921875,106,,,,,,2026-08-16T17:54:38.981Z,K8EF3YCB,2026-08-16,2026-08-16,11:54:38,2026-08-16 11:54:38,,,,,,,,697ab12b4591197afc56d253,697ab12b4591197afc56d253,,,,
35895,raw_position_sample,2,3,adv,25,3,3,4,34," Laura, ",601,160,1563149.5999999642,697ab12b4591197afc56d253,697ab12b4591197afc56d253,advanced,3,697ab12b4591197afc56d253,697ab12b4591197afc56d253,spotlight_PROLIFIC,,31,Mexico,Spanish,N/A,,Spanish:75|English:25,100,Spanish:60|English:40,100,Spanish:90|English:10,100,29,0,Bachelor's,10,10,10,2,3,8,18,30,25,29,,,,,15,25,B1,intermediate|advanced,advanced|intermediate,cambridge_15_21_random_intermediate_advanced,4,20,random,,144.203125,579.421875,168.203125,636.765625,3,6,,,,,,,,,,,,2026-08-16T17:54:38.981Z,K8EF3YCB,2026-08-16,2026-08-16,11:54:38,2026-08-16 11:54:38,,,,,,,,697ab12b4591197afc56d253,697ab12b4591197afc56d253,,,,
35946,raw_position_sample,2,3,adv,25,3,3,4,34," Laura, ",580,164,1563200.3999999762,697ab12b4591197afc56d253,697ab12b4591197afc56d253,advanced,3,697ab12b4591197afc56d253,697ab12b4591197afc56d253,spotlight_PROLIFIC,,31,Mexico,Spanish,N/A,,Spanish:75|English:25,100,Spanish:60|English:40,100,Spanish:90|English:10,100,29,0,Bachelor's,10,10,10,2,3,8,18,30,25,29,,,,,15,25,B1,intermediate|advanced,advanced|intermediate,cambridge_15_21_random_intermediate_advanced,4,20,random,,144.203125,579.421875,168.203125,636.765625,3,6,,,,,,,,,,,,2026-08-16T17:54:38.981Z,K8EF3YCB,2026-08-16,2026-08-16,11:54:38,2026-08-16 11:54:38,,,,,,,,697ab12b4591197afc56d253,697ab12b4591197afc56d253,,,,
35992,raw_position_sample,2,3,adv,25,3,3,4,34," Laura, ",580,164,1563246.300000012,697ab12b4591197afc56d253,697ab12b4591197afc56d253,advanced,3,697ab12b4591197afc56d253,697ab12b4591197afc56d253,spotlight_PROLIFIC,,31,Mexico,Spanish,N/A,,Spanish:75|English:25,100,Spanish:60|English:40,100,Spanish:90|English:10,100,29,0,Bachelor's,10,10,10,2,3,8,18,30,25,29,,,,,15,25,B1,intermediate|advanced,advanced|intermediate,cambridge_15_21_random_intermediate_advanced,4,20,random,,144.203125,579.421875,168.203125,636.765625,3,6,,,,,,,,,,,,2026-08-16T17:54:38.981Z,K8EF3YCB,2026-08-16,2026-08-16,11:54:38,2026-08-16 11:54:38,,,,,,,,697ab12b4591197afc56d253,697ab12b4591197afc56d253,,,,
36023,hover_association,2,3,adv,25,3,3,4,34," Laura, ",625,158,,697ab12b4591197afc56d253,697ab12b4591197afc56d253,advanced,3,697ab12b4591197afc56d253,697ab12b4591197afc56d253,spotlight_PROLIFIC,,31,Mexico,Spanish,N/A,,Spanish:75|English:25,100,Spanish:60|English:40,100,Spanish:90|English:10,100,29,0,Bachelor's,10,10,10,2,3,8,18,30,25,29,,,,,15,25,B1,intermediate|advanced,advanced|intermediate,cambridge_15_21_random_intermediate_advanced,4,20,random,,136.203125,579.421875,176.203125,636.765625,3,6,hover,145.39999997615814,145.39999997615814,0.010081743869209809,0.694921875,106,,,,,,2026-08-16T17:54:38.981Z,K8EF3YCB,2026-08-16,2026-08-16,11:54:38,2026-08-16 11:54:38,,,,,,,,697ab12b4591197afc56d253,697ab12b4591197afc56d253,,,,
36046,raw_position_sample,2,3,adv,25,3,3,4,33, says ,574,165,1563300.3999999762,697ab12b4591197afc56d253,697ab12b4591197afc56d253,advanced,3,697ab12b4591197afc56d253,697ab12b4591197afc56d253,spotlight_PROLIFIC,,31,Mexico,Spanish,N/A,,Spanish:75|English:25,100,Spanish:60|English:40,100,Spanish:90|English:10,100,29,0,Bachelor's,10,10,10,2,3,8,18,30,25,29,,,,,15,25,B1,intermediate|advanced,advanced|intermediate,cambridge_15_21_random_intermediate_advanced,4,20,random,,144.203125,538.21875,168.203125,579.421875,3,5,,,,,,,,,,,,2026-08-16T17:54:38.981Z,K8EF3YCB,2026-08-16,2026-08-16,11:54:38,2026-08-16 11:54:38,,,,,,,,697ab12b4591197afc56d253,697ab12b4591197afc56d253,,,,
36095,raw_position_sample,2,3,adv,25,3,3,4,33, says ,544,172,1563349.5999999642,697ab12b4591197afc56d253,697ab12b4591197afc56d253,advanced,3,697ab12b4591197afc56d253,697ab12b4591197afc56d253,spotlight_PROLIFIC,,31,Mexico,Spanish,N/A,,Spanish:75|English:25,100,Spanish:60|English:40,100,Spanish:90|English:10,100,29,0,Bachelor's,10,10,10,2,3,8,18,30,25,29,,,,,15,25,B1,intermediate|advanced,advanced|intermediate,cambridge_15_21_random_intermediate_advanced,4,20,random,,144.203125,538.21875,168.203125,579.421875,3,5,,,,,,,,,,,,2026-08-16T17:54:38.981Z,K8EF3YCB,2026-08-16,2026-08-16,11:54:38,2026-08-16 11:54:38,,,,,,,,697ab12b4591197afc56d253,697ab12b4591197afc56d253,,,,
36110,hover_association,2,3,adv,25,3,3,4,33, says ,579,164,,697ab12b4591197afc56d253,697ab12b4591197afc56d253,advanced,3,697ab12b4591197afc56d253,697ab12b4591197afc56d253,spotlight_PROLIFIC,,31,Mexico,Spanish,N/A,,Spanish:75|English:25,100,Spanish:60|English:40,100,Spanish:90|English:10,100,29,0,Bachelor's,10,10,10,2,3,8,18,30,25,29,,,,,15,25,B1,intermediate|advanced,advanced|intermediate,cambridge_15_21_random_intermediate_advanced,4,20,random,,136.203125,538.21875,176.203125,579.421875,3,5,hover,87.40000003576279,87.40000003576279,0.1403109594235874,0.894921875,106,,,,,,2026-08-16T17:54:38.981Z,K8EF3YCB,2026-08-16,2026-08-16,11:54:38,2026-08-16 11:54:38,,,,,,,,697ab12b4591197afc56d253,697ab12b4591197afc56d253,,,,
36145,raw_position_sample,2,3,adv,25,3,3,4,32," counter,” ",524,176,1563400.0999999642,697ab12b4591197afc56d253,697ab12b4591197afc56d253,advanced,3,697ab12b4591197afc56d253,697ab12b4591197afc56d253,spotlight_PROLIFIC,,31,Mexico,Spanish,N/A,,Spanish:75|English:25,100,Spanish:60|English:40,100,Spanish:90|English:10,100,29,0,Bachelor's,10,10,10,2,3,8,18,30,25,29,,,,,15,25,B1,intermediate|advanced,advanced|intermediate,cambridge_15_21_random_intermediate_advanced,4,20,random,,144.203125,459.265625,168.203125,538.21875,3,4,,,,,,,,,,,,2026-08-16T17:54:38.981Z,K8EF3YCB,2026-08-16,2026-08-16,11:54:38,2026-08-16 11:54:38,,,,,,,,697ab12b4591197afc56d253,697ab12b4591197afc56d253,,,,
36161,hover_association,2,3,adv,25,3,3,4,32," counter,” ",533,174,,697ab12b4591197afc56d253,697ab12b4591197afc56d253,advanced,3,697ab12b4591197afc56d253,697ab12b4591197afc56d253,spotlight_PROLIFIC,,31,Mexico,Spanish,N/A,,Spanish:75|English:25,100,Spanish:60|English:40,100,Spanish:90|English:10,100,29,0,Bachelor's,10,10,10,2,3,8,18,30,25,29,,,,,15,25,B1,intermediate|advanced,advanced|intermediate,cambridge_15_21_random_intermediate_advanced,4,20,random,,136.203125,459.265625,176.203125,538.21875,3,4,hover,50.39999997615814,50.39999997615814,0.8199089649713042,0.994921875,106,,,,,,2026-08-16T17:54:38.981Z,K8EF3YCB,2026-08-16,2026-08-16,11:54:38,2026-08-16 11:54:38,,,,,,,,697ab12b4591197afc56d253,697ab12b4591197afc56d253,,,,
36193,raw_position_sample,2,3,adv,25,3,3,4,45, to ,523,177,1563447.800000012,697ab12b4591197afc56d253,697ab12b4591197afc56d253,advanced,3,697ab12b4591197afc56d253,697ab12b4591197afc56d253,spotlight_PROLIFIC,,31,Mexico,Spanish,N/A,,Spanish:75|English:25,100,Spanish:60|English:40,100,Spanish:90|English:10,100,29,0,Bachelor's,10,10,10,2,3,8,18,30,25,29,,,,,15,25,B1,intermediate|advanced,advanced|intermediate,cambridge_15_21_random_intermediate_advanced,4,20,random,,184.203125,505,208.203125,527.078125,4,5,,,,,,,,,,,,2026-08-16T17:54:38.981Z,K8EF3YCB,2026-08-16,2026-08-16,11:54:38,2026-08-16 11:54:38,,,,,,,,697ab12b4591197afc56d253,697ab12b4591197afc56d253,,,,
36243,raw_position_sample,2,3,adv,25,3,3,4,45, to ,523,177,1563497.8999999762,697ab12b4591197afc56d253,697ab12b4591197afc56d253,advanced,3,697ab12b4591197afc56d253,697ab12b4591197afc56d253,spotlight_PROLIFIC,,31,Mexico,Spanish,N/A,,Spanish:75|English:25,100,Spanish:60|English:40,100,Spanish:90|English:10,100,29,0,Bachelor's,10,10,10,2,3,8,18,30,25,29,,,,,15,25,B1,intermediate|advanced,advanced|intermediate,cambridge_15_21_random_intermediate_advanced,4,20,random,,184.203125,505,208.203125,527.078125,4,5,,,,,,,,,,,,2026-08-16T17:54:38.981Z,K8EF3YCB,2026-08-16,2026-08-16,11:54:38,2026-08-16 11:54:38,,,,,,,,697ab12b4591197afc56d253,697ab12b4591197afc56d253,,,,
36286,raw_position_sample,2,3,adv,25,3,3,4,45, to ,523,177,1563540.699999988,697ab12b4591197afc56d253,697ab12b4591197afc56d253,advanced,3,697ab12b4591197afc56d253,697ab12b4591197afc56d253,spotlight_PROLIFIC,,31,Mexico,Spanish,N/A,,Spanish:75|English:25,100,Spanish:60|English:40,100,Spanish:90|English:10,100,29,0,Bachelor's,10,10,10,2,3,8,18,30,25,29,,,,,15,25,B1,intermediate|advanced,advanced|intermediate,cambridge_15_21_random_intermediate_advanced,4,20,random,,184.203125,505,208.203125,527.078125,4,5,,,,,,,,,,,,2026-08-16T17:54:38.981Z,K8EF3YCB,2026-08-16,2026-08-16,11:54:38,2026-08-16 11:54:38,,,,,,,,697ab12b4591197afc56d253,697ab12b4591197afc56d253,,,,
36327,hover_association,2,3,adv,25,3,3,4,45, to ,523,177,,697ab12b4591197afc56d253,697ab12b4591197afc56d253,advanced,3,697ab12b4591197afc56d253,697ab12b4591197afc56d253,spotlight_PROLIFIC,,31,Mexico,Spanish,N/A,,Spanish:75|English:25,100,Spanish:60|English:40,100,Spanish:90|English:10,100,29,0,Bachelor's,10,10,10,2,3,8,18,30,25,29,,,,,15,25,B1,intermediate|advanced,advanced|intermediate,cambridge_15_21_random_intermediate_advanced,4,20,random,,176.203125,505,216.203125,527.078125,4,5,hover,166.19999998807907,166.19999998807907,0.9964614295824487,0.019921875,106,,,,,,2026-08-16T17:54:38.981Z,K8EF3YCB,2026-08-16,2026-08-16,11:54:38,2026-08-16 11:54:38,,,,,,,,697ab12b4591197afc56d253,697ab12b4591197afc56d253,,,,
36345,raw_position_sample,2,3,adv,25,3,3,4,46, visit ,534,180,1563599.800000012,697ab12b4591197afc56d253,697ab12b4591197afc56d253,advanced,3,697ab12b4591197afc56d253,697ab12b4591197afc56d253,spotlight_PROLIFIC,,31,Mexico,Spanish,N/A,,Spanish:75|English:25,100,Spanish:60|English:40,100,Spanish:90|English:10,100,29,0,Bachelor's,10,10,10,2,3,8,18,30,25,29,,,,,15,25,B1,intermediate|advanced,advanced|intermediate,cambridge_15_21_random_intermediate_advanced,4,20,random,,184.203125,527.078125,208.203125,565.3125,4,6,,,,,,,,,,,,2026-08-16T17:54:38.981Z,K8EF3YCB,2026-08-16,2026-08-16,11:54:38,2026-08-16 11:54:38,,,,,,,,697ab12b4591197afc56d253,697ab12b4591197afc56d253,,,,
36395,raw_position_sample,2,3,adv,25,3,3,4,46, visit ,551,190,1563649.699999988,697ab12b4591197afc56d253,697ab12b4591197afc56d253,advanced,3,697ab12b4591197afc56d253,697ab12b4591197afc56d253,spotlight_PROLIFIC,,31,Mexico,Spanish,N/A,,Spanish:75|English:25,100,Spanish:60|English:40,100,Spanish:90|English:10,100,29,0,Bachelor's,10,10,10,2,3,8,18,30,25,29,,,,,15,25,B1,intermediate|advanced,advanced|intermediate,cambridge_15_21_random_intermediate_advanced,4,20,random,,184.203125,527.078125,208.203125,565.3125,4,6,,,,,,,,,,,,2026-08-16T17:54:38.981Z,K8EF3YCB,2026-08-16,2026-08-16,11:54:38,2026-08-16 11:54:38,,,,,,,,697ab12b4591197afc56d253,697ab12b4591197afc56d253,,,,
36427,hover_association,2,3,adv,25,3,3,4,46, visit ,530,179,,697ab12b4591197afc56d253,697ab12b4591197afc56d253,advanced,3,697ab12b4591197afc56d253,697ab12b4591197afc56d253,spotlight_PROLIFIC,,31,Mexico,Spanish,N/A,,Spanish:75|English:25,100,Spanish:60|English:40,100,Spanish:90|English:10,100,29,0,Bachelor's,10,10,10,2,3,8,18,30,25,29,,,,,15,25,B1,intermediate|advanced,advanced|intermediate,cambridge_15_21_random_intermediate_advanced,4,20,random,,176.203125,527.078125,216.203125,565.3125,4,6,hover,100.10000002384186,100.10000002384186,0.8348998774008991,0.444921875,106,,,,,,2026-08-16T17:54:38.981Z,K8EF3YCB,2026-08-16,2026-08-16,11:54:38,2026-08-16 11:54:38,,,,,,,,697ab12b4591197afc56d253,697ab12b4591197afc56d253,,,,
36443,raw_position_sample,2,3,adv,25,3,3,4,47, around ,566,200,1563697.5,697ab12b4591197afc56d253,697ab12b4591197afc56d253,advanced,3,697ab12b4591197afc56d253,697ab12b4591197afc56d253,spotlight_PROLIFIC,,31,Mexico,Spanish,N/A,,Spanish:75|English:25,100,Spanish:60|English:40,100,Spanish:90|English:10,100,29,0,Bachelor's,10,10,10,2,3,8,18,30,25,29,,,,,15,25,B1,intermediate|advanced,advanced|intermediate,cambridge_15_21_random_intermediate_advanced,4,20,random,,184.203125,565.3125,208.203125,631.375,4,7,,,,,,,,,,,,2026-08-16T17:54:38.981Z,K8EF3YCB,2026-08-16,2026-08-16,11:54:38,2026-08-16 11:54:38,,,,,,,,697ab12b4591197afc56d253,697ab12b4591197afc56d253,,,,
36493,hover_association,2,3,adv,25,3,3,4,47, around ,566,200,,697ab12b4591197afc56d253,697ab12b4591197afc56d253,advanced,3,697ab12b4591197afc56d253,697ab12b4591197afc56d253,spotlight_PROLIFIC,,31,Mexico,Spanish,N/A,,Spanish:75|English:25,100,Spanish:60|English:40,100,Spanish:90|English:10,100,29,0,Bachelor's,10,10,10,2,3,8,18,30,25,29,,,,,15,25,B1,intermediate|advanced,advanced|intermediate,cambridge_15_21_random_intermediate_advanced,4,20,random,,176.203125,565.3125,216.203125,631.375,4,7,hover,66.59999996423721,66.59999996423721,0.3736991485335856,0.919921875,106,,,,,,2026-08-16T17:54:38.981Z,K8EF3YCB,2026-08-16,2026-08-16,11:54:38,2026-08-16 11:54:38,,,,,,,,697ab12b4591197afc56d253,697ab12b4591197afc56d253,,,,
36495,raw_position_sample,2,3,adv,25,3,3,4,61, service ,599,217,1563749.699999988,697ab12b4591197afc56d253,697ab12b4591197afc56d253,advanced,3,697ab12b4591197afc56d253,697ab12b4591197afc56d253,spotlight_PROLIFIC,,31,Mexico,Spanish,N/A,,Spanish:75|English:25,100,Spanish:60|English:40,100,Spanish:90|English:10,100,29,0,Bachelor's,10,10,10,2,3,8,18,30,25,29,,,,,15,25,B1,intermediate|advanced,advanced|intermediate,cambridge_15_21_random_intermediate_advanced,4,20,random,,224.203125,588.75,248.203125,652.21875,5,8,,,,,,,,,,,,2026-08-16T17:54:38.981Z,K8EF3YCB,2026-08-16,2026-08-16,11:54:38,2026-08-16 11:54:38,,,,,,,,697ab12b4591197afc56d253,697ab12b4591197afc56d253,,,,
36545,raw_position_sample,2,3,adv,25,3,3,4,61, service ,615,223,1563800.199999988,697ab12b4591197afc56d253,697ab12b4591197afc56d253,advanced,3,697ab12b4591197afc56d253,697ab12b4591197afc56d253,spotlight_PROLIFIC,,31,Mexico,Spanish,N/A,,Spanish:75|English:25,100,Spanish:60|English:40,100,Spanish:90|English:10,100,29,0,Bachelor's,10,10,10,2,3,8,18,30,25,29,,,,,15,25,B1,intermediate|advanced,advanced|intermediate,cambridge_15_21_random_intermediate_advanced,4,20,random,,224.203125,588.75,248.203125,652.21875,5,8,,,,,,,,,,,,2026-08-16T17:54:38.981Z,K8EF3YCB,2026-08-16,2026-08-16,11:54:38,2026-08-16 11:54:38,,,,,,,,697ab12b4591197afc56d253,697ab12b4591197afc56d253,,,,
36595,raw_position_sample,2,3,adv,25,3,3,4,61, service ,622,225,1563849.5,697ab12b4591197afc56d253,697ab12b4591197afc56d253,advanced,3,697ab12b4591197afc56d253,697ab12b4591197afc56d253,spotlight_PROLIFIC,,31,Mexico,Spanish,N/A,,Spanish:75|English:25,100,Spanish:60|English:40,100,Spanish:90|English:10,100,29,0,Bachelor's,10,10,10,2,3,8,18,30,25,29,,,,,15,25,B1,intermediate|advanced,advanced|intermediate,cambridge_15_21_random_intermediate_advanced,4,20,random,,224.203125,588.75,248.203125,652.21875,5,8,,,,,,,,,,,,2026-08-16T17:54:38.981Z,K8EF3YCB,2026-08-16,2026-08-16,11:54:38,2026-08-16 11:54:38,,,,,,,,697ab12b4591197afc56d253,697ab12b4591197afc56d253,,,,
36643,raw_position_sample,2,3,adv,25,3,3,4,61, service ,623,225,1563897.800000012,697ab12b4591197afc56d253,697ab12b4591197afc56d253,advanced,3,697ab12b4591197afc56d253,697ab12b4591197afc56d253,spotlight_PROLIFIC,,31,Mexico,Spanish,N/A,,Spanish:75|English:25,100,Spanish:60|English:40,100,Spanish:90|English:10,100,29,0,Bachelor's,10,10,10,2,3,8,18,30,25,29,,,,,15,25,B1,intermediate|advanced,advanced|intermediate,cambridge_15_21_random_intermediate_advanced,4,20,random,,224.203125,588.75,248.203125,652.21875,5,8,,,,,,,,,,,,2026-08-16T17:54:38.981Z,K8EF3YCB,2026-08-16,2026-08-16,11:54:38,2026-08-16 11:54:38,,,,,,,,697ab12b4591197afc56d253,697ab12b4591197afc56d253,,,,
36693,raw_position_sample,2,3,adv,25,3,3,4,61, service ,623,225,1563947.8999999762,697ab12b4591197afc56d253,697ab12b4591197afc56d253,advanced,3,697ab12b4591197afc56d253,697ab12b4591197afc56d253,spotlight_PROLIFIC,,31,Mexico,Spanish,N/A,,Spanish:75|English:25,100,Spanish:60|English:40,100,Spanish:90|English:10,100,29,0,Bachelor's,10,10,10,2,3,8,18,30,25,29,,,,,15,25,B1,intermediate|advanced,advanced|intermediate,cambridge_15_21_random_intermediate_advanced,4,20,random,,224.203125,588.75,248.203125,652.21875,5,8,,,,,,,,,,,,2026-08-16T17:54:38.981Z,K8EF3YCB,2026-08-16,2026-08-16,11:54:38,2026-08-16 11:54:38,,,,,,,,697ab12b4591197afc56d253,697ab12b4591197afc56d253,,,,
36742,raw_position_sample,2,3,adv,25,3,3,4,61, service ,623,225,1563996.699999988,697ab12b4591197afc56d253,697ab12b4591197afc56d253,advanced,3,697ab12b4591197afc56d253,697ab12b4591197afc56d253,spotlight_PROLIFIC,,31,Mexico,Spanish,N/A,,Spanish:75|English:25,100,Spanish:60|English:40,100,Spanish:90|English:10,100,29,0,Bachelor's,10,10,10,2,3,8,18,30,25,29,,,,,15,25,B1,intermediate|advanced,advanced|intermediate,cambridge_15_21_random_intermediate_advanced,4,20,random,,224.203125,588.75,248.203125,652.21875,5,8,,,,,,,,,,,,2026-08-16T17:54:38.981Z,K8EF3YCB,2026-08-16,2026-08-16,11:54:38,2026-08-16 11:54:38,,,,,,,,697ab12b4591197afc56d253,697ab12b4591197afc56d253,,,,
36790,raw_position_sample,2,3,adv,25,3,3,4,61, service ,623,225,1564044.8999999762,697ab12b4591197afc56d253,697ab12b4591197afc56d253,advanced,3,697ab12b4591197afc56d253,697ab12b4591197afc56d253,spotlight_PROLIFIC,,31,Mexico,Spanish,N/A,,Spanish:75|English:25,100,Spanish:60|English:40,100,Spanish:90|English:10,100,29,0,Bachelor's,10,10,10,2,3,8,18,30,25,29,,,,,15,25,B1,intermediate|advanced,advanced|intermediate,cambridge_15_21_random_intermediate_advanced,4,20,random,,224.203125,588.75,248.203125,652.21875,5,8,,,,,,,,,,,,2026-08-16T17:54:38.981Z,K8EF3YCB,2026-08-16,2026-08-16,11:54:38,2026-08-16 11:54:38,,,,,,,,697ab12b4591197afc56d253,697ab12b4591197afc56d253,,,,
36838,raw_position_sample,2,3,adv,25,3,3,4,61, service ,624,225,1564092.3999999762,697ab12b4591197afc56d253,697ab12b4591197afc56d253,advanced,3,697ab12b4591197afc56d253,697ab12b4591197afc56d253,spotlight_PROLIFIC,,31,Mexico,Spanish,N/A,,Spanish:75|English:25,100,Spanish:60|English:40,100,Spanish:90|English:10,100,29,0,Bachelor's,10,10,10,2,3,8,18,30,25,29,,,,,15,25,B1,intermediate|advanced,advanced|intermediate,cambridge_15_21_random_intermediate_advanced,4,20,random,,224.203125,588.75,248.203125,652.21875,5,8,,,,,,,,,,,,2026-08-16T17:54:38.981Z,K8EF3YCB,2026-08-16,2026-08-16,11:54:38,2026-08-16 11:54:38,,,,,,,,697ab12b4591197afc56d253,697ab12b4591197afc56d253,,,,
36895,raw_position_sample,2,3,adv,25,3,3,4,61, service ,639,223,1564149.699999988,697ab12b4591197afc56d253,697ab12b4591197afc56d253,advanced,3,697ab12b4591197afc56d253,697ab12b4591197afc56d253,spotlight_PROLIFIC,,31,Mexico,Spanish,N/A,,Spanish:75|English:25,100,Spanish:60|English:40,100,Spanish:90|English:10,100,29,0,Bachelor's,10,10,10,2,3,8,18,30,25,29,,,,,15,25,B1,intermediate|advanced,advanced|intermediate,cambridge_15_21_random_intermediate_advanced,4,20,random,,224.203125,588.75,248.203125,652.21875,5,8,,,,,,,,,,,,2026-08-16T17:54:38.981Z,K8EF3YCB,2026-08-16,2026-08-16,11:54:38,2026-08-16 11:54:38,,,,,,,,697ab12b4591197afc56d253,697ab12b4591197afc56d253,,,,
36944,hover_association,2,3,adv,25,3,3,4,61, service ,599,217,,697ab12b4591197afc56d253,697ab12b4591197afc56d253,advanced,3,697ab12b4591197afc56d253,697ab12b4591197afc56d253,spotlight_PROLIFIC,,31,Mexico,Spanish,N/A,,Spanish:75|English:25,100,Spanish:60|English:40,100,Spanish:90|English:10,100,29,0,Bachelor's,10,10,10,2,3,8,18,30,25,29,,,,,15,25,B1,intermediate|advanced,advanced|intermediate,cambridge_15_21_random_intermediate_advanced,4,20,random,,216.203125,588.75,256.203125,652.21875,5,8,hover,450,450,0.9965534219596258,0.094921875,106,,,,,,2026-08-16T17:54:38.981Z,K8EF3YCB,2026-08-16,2026-08-16,11:54:38,2026-08-16 11:54:38,,,,,,,,697ab12b4591197afc56d253,697ab12b4591197afc56d253,,,,
36946,raw_position_sample,2,3,adv,25,3,3,4,62, or ,657,218,1564200.3999999762,697ab12b4591197afc56d253,697ab12b4591197afc56d253,advanced,3,697ab12b4591197afc56d253,697ab12b4591197afc56d253,spotlight_PROLIFIC,,31,Mexico,Spanish,N/A,,Spanish:75|English:25,100,Spanish:60|English:40,100,Spanish:90|English:10,100,29,0,Bachelor's,10,10,10,2,3,8,18,30,25,29,,,,,15,25,B1,intermediate|advanced,advanced|intermediate,cambridge_15_21_random_intermediate_advanced,4,20,random,,224.203125,652.21875,248.203125,675.234375,5,9,,,,,,,,,,,,2026-08-16T17:54:38.981Z,K8EF3YCB,2026-08-16,2026-08-16,11:54:38,2026-08-16 11:54:38,,,,,,,,697ab12b4591197afc56d253,697ab12b4591197afc56d253,,,,
36960,hover_association,2,3,adv,25,3,3,4,62, or ,657,218,,697ab12b4591197afc56d253,697ab12b4591197afc56d253,advanced,3,697ab12b4591197afc56d253,697ab12b4591197afc56d253,spotlight_PROLIFIC,,31,Mexico,Spanish,N/A,,Spanish:75|English:25,100,Spanish:60|English:40,100,Spanish:90|English:10,100,29,0,Bachelor's,10,10,10,2,3,8,18,30,25,29,,,,,15,25,B1,intermediate|advanced,advanced|intermediate,cambridge_15_21_random_intermediate_advanced,4,20,random,,216.203125,652.21875,256.203125,675.234375,5,9,hover,16.600000023841858,16.600000023841858,0.20773930753564154,0.044921875,106,,,,,,2026-08-16T17:54:38.981Z,K8EF3YCB,2026-08-16,2026-08-16,11:54:38,2026-08-16 11:54:38,,,,,,,,697ab12b4591197afc56d253,697ab12b4591197afc56d253,,,,
36995,raw_position_sample,2,3,adv,25,3,3,4,48," 7,000 ",671,203,1564249.5999999642,697ab12b4591197afc56d253,697ab12b4591197afc56d253,advanced,3,697ab12b4591197afc56d253,697ab12b4591197afc56d253,spotlight_PROLIFIC,,31,Mexico,Spanish,N/A,,Spanish:75|English:25,100,Spanish:60|English:40,100,Spanish:90|English:10,100,29,0,Bachelor's,10,10,10,2,3,8,18,30,25,29,,,,,15,25,B1,intermediate|advanced,advanced|intermediate,cambridge_15_21_random_intermediate_advanced,4,20,random,,184.203125,631.375,208.203125,682.078125,4,8,,,,,,,,,,,,2026-08-16T17:54:38.981Z,K8EF3YCB,2026-08-16,2026-08-16,11:54:38,2026-08-16 11:54:38,,,,,,,,697ab12b4591197afc56d253,697ab12b4591197afc56d253,,,,
37045,raw_position_sample,2,3,adv,25,3,3,4,48," 7,000 ",681,183,1564300.0999999642,697ab12b4591197afc56d253,697ab12b4591197afc56d253,advanced,3,697ab12b4591197afc56d253,697ab12b4591197afc56d253,spotlight_PROLIFIC,,31,Mexico,Spanish,N/A,,Spanish:75|English:25,100,Spanish:60|English:40,100,Spanish:90|English:10,100,29,0,Bachelor's,10,10,10,2,3,8,18,30,25,29,,,,,15,25,B1,intermediate|advanced,advanced|intermediate,cambridge_15_21_random_intermediate_advanced,4,20,random,,184.203125,631.375,208.203125,682.078125,4,8,,,,,,,,,,,,2026-08-16T17:54:38.981Z,K8EF3YCB,2026-08-16,2026-08-16,11:54:38,2026-08-16 11:54:38,,,,,,,,697ab12b4591197afc56d253,697ab12b4591197afc56d253,,,,
37060,hover_association,2,3,adv,25,3,3,4,48," 7,000 ",661,214,,697ab12b4591197afc56d253,697ab12b4591197afc56d253,advanced,3,697ab12b4591197afc56d253,697ab12b4591197afc56d253,spotlight_PROLIFIC,,31,Mexico,Spanish,N/A,,Spanish:75|English:25,100,Spanish:60|English:40,100,Spanish:90|English:10,100,29,0,Bachelor's,10,10,10,2,3,8,18,30,25,29,,,,,15,25,B1,intermediate|advanced,advanced|intermediate,cambridge_15_21_random_intermediate_advanced,4,20,random,,176.203125,631.375,216.203125,682.078125,4,8,hover,100,100,0.9787365177195686,0.169921875,106,,,,,,2026-08-16T17:54:38.981Z,K8EF3YCB,2026-08-16,2026-08-16,11:54:38,2026-08-16 11:54:38,,,,,,,,697ab12b4591197afc56d253,697ab12b4591197afc56d253,,,,
37095,raw_position_sample,2,3,adv,25,3,3,4,36, 50-year-old ,693,160,1564349.8999999762,697ab12b4591197afc56d253,697ab12b4591197afc56d253,advanced,3,697ab12b4591197afc56d253,697ab12b4591197afc56d253,spotlight_PROLIFIC,,31,Mexico,Spanish,N/A,,Spanish:75|English:25,100,Spanish:60|English:40,100,Spanish:90|English:10,100,29,0,Bachelor's,10,10,10,2,3,8,18,30,25,29,,,,,15,25,B1,intermediate|advanced,advanced|intermediate,cambridge_15_21_random_intermediate_advanced,4,20,random,,144.203125,651.546875,168.203125,751.890625,3,8,,,,,,,,,,,,2026-08-16T17:54:38.981Z,K8EF3YCB,2026-08-16,2026-08-16,11:54:38,2026-08-16 11:54:38,,,,,,,,697ab12b4591197afc56d253,697ab12b4591197afc56d253,,,,
37145,raw_position_sample,2,3,adv,25,3,3,4,36, 50-year-old ,700,150,1564399.8999999762,697ab12b4591197afc56d253,697ab12b4591197afc56d253,advanced,3,697ab12b4591197afc56d253,697ab12b4591197afc56d253,spotlight_PROLIFIC,,31,Mexico,Spanish,N/A,,Spanish:75|English:25,100,Spanish:60|English:40,100,Spanish:90|English:10,100,29,0,Bachelor's,10,10,10,2,3,8,18,30,25,29,,,,,15,25,B1,intermediate|advanced,advanced|intermediate,cambridge_15_21_random_intermediate_advanced,4,20,random,,144.203125,651.546875,168.203125,751.890625,3,8,,,,,,,,,,,,2026-08-16T17:54:38.981Z,K8EF3YCB,2026-08-16,2026-08-16,11:54:38,2026-08-16 11:54:38,,,,,,,,697ab12b4591197afc56d253,697ab12b4591197afc56d253,,,,
37193,raw_position_sample,2,3,adv,25,3,3,4,36, 50-year-old ,701,146,1564447.800000012,697ab12b4591197afc56d253,697ab12b4591197afc56d253,advanced,3,697ab12b4591197afc56d253,697ab12b4591197afc56d253,spotlight_PROLIFIC,,31,Mexico,Spanish,N/A,,Spanish:75|English:25,100,Spanish:60|English:40,100,Spanish:90|English:10,100,29,0,Bachelor's,10,10,10,2,3,8,18,30,25,29,,,,,15,25,B1,intermediate|advanced,advanced|intermediate,cambridge_15_21_random_intermediate_advanced,4,20,random,,144.203125,651.546875,168.203125,751.890625,3,8,,,,,,,,,,,,2026-08-16T17:54:38.981Z,K8EF3YCB,2026-08-16,2026-08-16,11:54:38,2026-08-16 11:54:38,,,,,,,,697ab12b4591197afc56d253,697ab12b4591197afc56d253,,,,
37245,raw_position_sample,2,3,adv,25,3,3,4,36, 50-year-old ,670,146,1564499.800000012,697ab12b4591197afc56d253,697ab12b4591197afc56d253,advanced,3,697ab12b4591197afc56d253,697ab12b4591197afc56d253,spotlight_PROLIFIC,,31,Mexico,Spanish,N/A,,Spanish:75|English:25,100,Spanish:60|English:40,100,Spanish:90|English:10,100,29,0,Bachelor's,10,10,10,2,3,8,18,30,25,29,,,,,15,25,B1,intermediate|advanced,advanced|intermediate,cambridge_15_21_random_intermediate_advanced,4,20,random,,144.203125,651.546875,168.203125,751.890625,3,8,,,,,,,,,,,,2026-08-16T17:54:38.981Z,K8EF3YCB,2026-08-16,2026-08-16,11:54:38,2026-08-16 11:54:38,,,,,,,,697ab12b4591197afc56d253,697ab12b4591197afc56d253,,,,
37277,hover_association,2,3,adv,25,3,3,4,36, 50-year-old ,683,174,,697ab12b4591197afc56d253,697ab12b4591197afc56d253,advanced,3,697ab12b4591197afc56d253,697ab12b4591197afc56d253,spotlight_PROLIFIC,,31,Mexico,Spanish,N/A,,Spanish:75|English:25,100,Spanish:60|English:40,100,Spanish:90|English:10,100,29,0,Bachelor's,10,10,10,2,3,8,18,30,25,29,,,,,15,25,B1,intermediate|advanced,advanced|intermediate,cambridge_15_21_random_intermediate_advanced,4,20,random,,136.203125,651.546875,176.203125,751.890625,3,8,hover,216.60000002384186,216.60000002384186,0.004515727187791965,0.244921875,106,,,,,,2026-08-16T17:54:38.981Z,K8EF3YCB,2026-08-16,2026-08-16,11:54:38,2026-08-16 11:54:38,,,,,,,,697ab12b4591197afc56d253,697ab12b4591197afc56d253,,,,
37295,raw_position_sample,2,3,adv,25,3,3,4,34," Laura, ",604,153,1564549.800000012,697ab12b4591197afc56d253,697ab12b4591197afc56d253,advanced,3,697ab12b4591197afc56d253,697ab12b4591197afc56d253,spotlight_PROLIFIC,,31,Mexico,Spanish,N/A,,Spanish:75|English:25,100,Spanish:60|English:40,100,Spanish:90|English:10,100,29,0,Bachelor's,10,10,10,2,3,8,18,30,25,29,,,,,15,25,B1,intermediate|advanced,advanced|intermediate,cambridge_15_21_random_intermediate_advanced,4,20,random,,144.203125,579.421875,168.203125,636.765625,3,6,,,,,,,,,,,,2026-08-16T17:54:38.981Z,K8EF3YCB,2026-08-16,2026-08-16,11:54:38,2026-08-16 11:54:38,,,,,,,,697ab12b4591197afc56d253,697ab12b4591197afc56d253,,,,
37310,hover_association,2,3,adv,25,3,3,4,34," Laura, ",634,146,,697ab12b4591197afc56d253,697ab12b4591197afc56d253,advanced,3,697ab12b4591197afc56d253,697ab12b4591197afc56d253,spotlight_PROLIFIC,,31,Mexico,Spanish,N/A,,Spanish:75|English:25,100,Spanish:60|English:40,100,Spanish:90|English:10,100,29,0,Bachelor's,10,10,10,2,3,8,18,30,25,29,,,,,15,25,B1,intermediate|advanced,advanced|intermediate,cambridge_15_21_random_intermediate_advanced,4,20,random,,136.203125,579.421875,176.203125,636.765625,3,6,hover,33.299999952316284,33.299999952316284,0.42861035422343324,0.419921875,106,,,,,,2026-08-16T17:54:38.981Z,K8EF3YCB,2026-08-16,2026-08-16,11:54:38,2026-08-16 11:54:38,,,,,,,,697ab12b4591197afc56d253,697ab12b4591197afc56d253,,,,
37344,raw_position_sample,2,3,adv,25,3,3,4,33, says ,569,160,1564598.199999988,697ab12b4591197afc56d253,697ab12b4591197afc56d253,advanced,3,697ab12b4591197afc56d253,697ab12b4591197afc56d253,spotlight_PROLIFIC,,31,Mexico,Spanish,N/A,,Spanish:75|English:25,100,Spanish:60|English:40,100,Spanish:90|English:10,100,29,0,Bachelor's,10,10,10,2,3,8,18,30,25,29,,,,,15,25,B1,intermediate|advanced,advanced|intermediate,cambridge_15_21_random_intermediate_advanced,4,20,random,,144.203125,538.21875,168.203125,579.421875,3,5,,,,,,,,,,,,2026-08-16T17:54:38.981Z,K8EF3YCB,2026-08-16,2026-08-16,11:54:38,2026-08-16 11:54:38,,,,,,,,697ab12b4591197afc56d253,697ab12b4591197afc56d253,,,,
37394,raw_position_sample,2,3,adv,25,3,3,4,33, says ,569,160,1564648.5,697ab12b4591197afc56d253,697ab12b4591197afc56d253,advanced,3,697ab12b4591197afc56d253,697ab12b4591197afc56d253,spotlight_PROLIFIC,,31,Mexico,Spanish,N/A,,Spanish:75|English:25,100,Spanish:60|English:40,100,Spanish:90|English:10,100,29,0,Bachelor's,10,10,10,2,3,8,18,30,25,29,,,,,15,25,B1,intermediate|advanced,advanced|intermediate,cambridge_15_21_random_intermediate_advanced,4,20,random,,144.203125,538.21875,168.203125,579.421875,3,5,,,,,,,,,,,,2026-08-16T17:54:38.981Z,K8EF3YCB,2026-08-16,2026-08-16,11:54:38,2026-08-16 11:54:38,,,,,,,,697ab12b4591197afc56d253,697ab12b4591197afc56d253,,,,
37442,raw_position_sample,2,3,adv,25,3,3,4,33, says ,569,160,1564697.0999999642,697ab12b4591197afc56d253,697ab12b4591197afc56d253,advanced,3,697ab12b4591197afc56d253,697ab12b4591197afc56d253,spotlight_PROLIFIC,,31,Mexico,Spanish,N/A,,Spanish:75|English:25,100,Spanish:60|English:40,100,Spanish:90|English:10,100,29,0,Bachelor's,10,10,10,2,3,8,18,30,25,29,,,,,15,25,B1,intermediate|advanced,advanced|intermediate,cambridge_15_21_random_intermediate_advanced,4,20,random,,144.203125,538.21875,168.203125,579.421875,3,5,,,,,,,,,,,,2026-08-16T17:54:38.981Z,K8EF3YCB,2026-08-16,2026-08-16,11:54:38,2026-08-16 11:54:38,,,,,,,,697ab12b4591197afc56d253,697ab12b4591197afc56d253,,,,
37491,raw_position_sample,2,3,adv,25,3,3,4,33, says ,569,160,1564745.800000012,697ab12b4591197afc56d253,697ab12b4591197afc56d253,advanced,3,697ab12b4591197afc56d253,697ab12b4591197afc56d253,spotlight_PROLIFIC,,31,Mexico,Spanish,N/A,,Spanish:75|English:25,100,Spanish:60|English:40,100,Spanish:90|English:10,100,29,0,Bachelor's,10,10,10,2,3,8,18,30,25,29,,,,,15,25,B1,intermediate|advanced,advanced|intermediate,cambridge_15_21_random_intermediate_advanced,4,20,random,,144.203125,538.21875,168.203125,579.421875,3,5,,,,,,,,,,,,2026-08-16T17:54:38.981Z,K8EF3YCB,2026-08-16,2026-08-16,11:54:38,2026-08-16 11:54:38,,,,,,,,697ab12b4591197afc56d253,697ab12b4591197afc56d253,,,,
37539,raw_position_sample,2,3,adv,25,3,3,4,33, says ,569,160,1564794,697ab12b4591197afc56d253,697ab12b4591197afc56d253,advanced,3,697ab12b4591197afc56d253,697ab12b4591197afc56d253,spotlight_PROLIFIC,,31,Mexico,Spanish,N/A,,Spanish:75|English:25,100,Spanish:60|English:40,100,Spanish:90|English:10,100,29,0,Bachelor's,10,10,10,2,3,8,18,30,25,29,,,,,15,25,B1,intermediate|advanced,advanced|intermediate,cambridge_15_21_random_intermediate_advanced,4,20,random,,144.203125,538.21875,168.203125,579.421875,3,5,,,,,,,,,,,,2026-08-16T17:54:38.981Z,K8EF3YCB,2026-08-16,2026-08-16,11:54:38,2026-08-16 11:54:38,,,,,,,,697ab12b4591197afc56d253,697ab12b4591197afc56d253,,,,
37588,raw_position_sample,2,3,adv,25,3,3,4,33, says ,569,160,1564842.5,697ab12b4591197afc56d253,697ab12b4591197afc56d253,advanced,3,697ab12b4591197afc56d253,697ab12b4591197afc56d253,spotlight_PROLIFIC,,31,Mexico,Spanish,N/A,,Spanish:75|English:25,100,Spanish:60|English:40,100,Spanish:90|English:10,100,29,0,Bachelor's,10,10,10,2,3,8,18,30,25,29,,,,,15,25,B1,intermediate|advanced,advanced|intermediate,cambridge_15_21_random_intermediate_advanced,4,20,random,,144.203125,538.21875,168.203125,579.421875,3,5,,,,,,,,,,,,2026-08-16T17:54:38.981Z,K8EF3YCB,2026-08-16,2026-08-16,11:54:38,2026-08-16 11:54:38,,,,,,,,697ab12b4591197afc56d253,697ab12b4591197afc56d253,,,,
37636,raw_position_sample,2,3,adv,25,3,3,4,33, says ,569,160,1564890.5,697ab12b4591197afc56d253,697ab12b4591197afc56d253,advanced,3,697ab12b4591197afc56d253,697ab12b4591197afc56d253,spotlight_PROLIFIC,,31,Mexico,Spanish,N/A,,Spanish:75|English:25,100,Spanish:60|English:40,100,Spanish:90|English:10,100,29,0,Bachelor's,10,10,10,2,3,8,18,30,25,29,,,,,15,25,B1,intermediate|advanced,advanced|intermediate,cambridge_15_21_random_intermediate_advanced,4,20,random,,144.203125,538.21875,168.203125,579.421875,3,5,,,,,,,,,,,,2026-08-16T17:54:38.981Z,K8EF3YCB,2026-08-16,2026-08-16,11:54:38,2026-08-16 11:54:38,,,,,,,,697ab12b4591197afc56d253,697ab12b4591197afc56d253,,,,
37677,hover_association,2,3,adv,25,3,3,4,33, says ,576,159,,697ab12b4591197afc56d253,697ab12b4591197afc56d253,advanced,3,697ab12b4591197afc56d253,697ab12b4591197afc56d253,spotlight_PROLIFIC,,31,Mexico,Spanish,N/A,,Spanish:75|English:25,100,Spanish:60|English:40,100,Spanish:90|English:10,100,29,0,Bachelor's,10,10,10,2,3,8,18,30,25,29,,,,,15,25,B1,intermediate|advanced,advanced|intermediate,cambridge_15_21_random_intermediate_advanced,4,20,random,,136.203125,538.21875,176.203125,579.421875,3,5,hover,366.60000002384186,366.60000002384186,0.6985210466439136,0.744921875,106,,,,,,2026-08-16T17:54:38.981Z,K8EF3YCB,2026-08-16,2026-08-16,11:54:38,2026-08-16 11:54:38,,,,,,,,697ab12b4591197afc56d253,697ab12b4591197afc56d253,,,,
37695,raw_position_sample,2,3,adv,25,3,3,4,46, visit ,561,188,1564949.3999999762,697ab12b4591197afc56d253,697ab12b4591197afc56d253,advanced,3,697ab12b4591197afc56d253,697ab12b4591197afc56d253,spotlight_PROLIFIC,,31,Mexico,Spanish,N/A,,Spanish:75|English:25,100,Spanish:60|English:40,100,Spanish:90|English:10,100,29,0,Bachelor's,10,10,10,2,3,8,18,30,25,29,,,,,15,25,B1,intermediate|advanced,advanced|intermediate,cambridge_15_21_random_intermediate_advanced,4,20,random,,184.203125,527.078125,208.203125,565.3125,4,6,,,,,,,,,,,,2026-08-16T17:54:38.981Z,K8EF3YCB,2026-08-16,2026-08-16,11:54:38,2026-08-16 11:54:38,,,,,,,,697ab12b4591197afc56d253,697ab12b4591197afc56d253,,,,
37742,raw_position_sample,2,3,adv,25,3,3,4,46, visit ,564,195,1564996.199999988,697ab12b4591197afc56d253,697ab12b4591197afc56d253,advanced,3,697ab12b4591197afc56d253,697ab12b4591197afc56d253,spotlight_PROLIFIC,,31,Mexico,Spanish,N/A,,Spanish:75|English:25,100,Spanish:60|English:40,100,Spanish:90|English:10,100,29,0,Bachelor's,10,10,10,2,3,8,18,30,25,29,,,,,15,25,B1,intermediate|advanced,advanced|intermediate,cambridge_15_21_random_intermediate_advanced,4,20,random,,184.203125,527.078125,208.203125,565.3125,4,6,,,,,,,,,,,,2026-08-16T17:54:38.981Z,K8EF3YCB,2026-08-16,2026-08-16,11:54:38,2026-08-16 11:54:38,,,,,,,,697ab12b4591197afc56d253,697ab12b4591197afc56d253,,,,
37744,hover_association,2,3,adv,25,3,3,4,46, visit ,564,179,,697ab12b4591197afc56d253,697ab12b4591197afc56d253,advanced,3,697ab12b4591197afc56d253,697ab12b4591197afc56d253,spotlight_PROLIFIC,,31,Mexico,Spanish,N/A,,Spanish:75|English:25,100,Spanish:60|English:40,100,Spanish:90|English:10,100,29,0,Bachelor's,10,10,10,2,3,8,18,30,25,29,,,,,15,25,B1,intermediate|advanced,advanced|intermediate,cambridge_15_21_random_intermediate_advanced,4,20,random,,176.203125,527.078125,216.203125,565.3125,4,6,hover,66.80000001192093,66.80000001192093,0.9656722517368206,0.469921875,106,,,,,,2026-08-16T17:54:38.981Z,K8EF3YCB,2026-08-16,2026-08-16,11:54:38,2026-08-16 11:54:38,,,,,,,,697ab12b4591197afc56d253,697ab12b4591197afc56d253,,,,
37793,raw_position_sample,2,3,adv,25,3,3,4,47, around ,566,196,1565047.5999999642,697ab12b4591197afc56d253,697ab12b4591197afc56d253,advanced,3,697ab12b4591197afc56d253,697ab12b4591197afc56d253,spotlight_PROLIFIC,,31,Mexico,Spanish,N/A,,Spanish:75|English:25,100,Spanish:60|English:40,100,Spanish:90|English:10,100,29,0,Bachelor's,10,10,10,2,3,8,18,30,25,29,,,,,15,25,B1,intermediate|advanced,advanced|intermediate,cambridge_15_21_random_intermediate_advanced,4,20,random,,184.203125,565.3125,208.203125,631.375,4,7,,,,,,,,,,,,2026-08-16T17:54:38.981Z,K8EF3YCB,2026-08-16,2026-08-16,11:54:38,2026-08-16 11:54:38,,,,,,,,697ab12b4591197afc56d253,697ab12b4591197afc56d253,,,,
37843,raw_position_sample,2,3,adv,25,3,3,4,47, around ,566,196,1565098.0999999642,697ab12b4591197afc56d253,697ab12b4591197afc56d253,advanced,3,697ab12b4591197afc56d253,697ab12b4591197afc56d253,spotlight_PROLIFIC,,31,Mexico,Spanish,N/A,,Spanish:75|English:25,100,Spanish:60|English:40,100,Spanish:90|English:10,100,29,0,Bachelor's,10,10,10,2,3,8,18,30,25,29,,,,,15,25,B1,intermediate|advanced,advanced|intermediate,cambridge_15_21_random_intermediate_advanced,4,20,random,,184.203125,565.3125,208.203125,631.375,4,7,,,,,,,,,,,,2026-08-16T17:54:38.981Z,K8EF3YCB,2026-08-16,2026-08-16,11:54:38,2026-08-16 11:54:38,,,,,,,,697ab12b4591197afc56d253,697ab12b4591197afc56d253,,,,
37892,raw_position_sample,2,3,adv,25,3,3,4,47, around ,566,196,1565146.199999988,697ab12b4591197afc56d253,697ab12b4591197afc56d253,advanced,3,697ab12b4591197afc56d253,697ab12b4591197afc56d253,spotlight_PROLIFIC,,31,Mexico,Spanish,N/A,,Spanish:75|English:25,100,Spanish:60|English:40,100,Spanish:90|English:10,100,29,0,Bachelor's,10,10,10,2,3,8,18,30,25,29,,,,,15,25,B1,intermediate|advanced,advanced|intermediate,cambridge_15_21_random_intermediate_advanced,4,20,random,,184.203125,565.3125,208.203125,631.375,4,7,,,,,,,,,,,,2026-08-16T17:54:38.981Z,K8EF3YCB,2026-08-16,2026-08-16,11:54:38,2026-08-16 11:54:38,,,,,,,,697ab12b4591197afc56d253,697ab12b4591197afc56d253,,,,
37939,raw_position_sample,2,3,adv,25,3,3,4,47, around ,566,196,1565193.8999999762,697ab12b4591197afc56d253,697ab12b4591197afc56d253,advanced,3,697ab12b4591197afc56d253,697ab12b4591197afc56d253,spotlight_PROLIFIC,,31,Mexico,Spanish,N/A,,Spanish:75|English:25,100,Spanish:60|English:40,100,Spanish:90|English:10,100,29,0,Bachelor's,10,10,10,2,3,8,18,30,25,29,,,,,15,25,B1,intermediate|advanced,advanced|intermediate,cambridge_15_21_random_intermediate_advanced,4,20,random,,184.203125,565.3125,208.203125,631.375,4,7,,,,,,,,,,,,2026-08-16T17:54:38.981Z,K8EF3YCB,2026-08-16,2026-08-16,11:54:38,2026-08-16 11:54:38,,,,,,,,697ab12b4591197afc56d253,697ab12b4591197afc56d253,,,,
37988,raw_position_sample,2,3,adv,25,3,3,4,47, around ,566,196,1565242.8999999762,697ab12b4591197afc56d253,697ab12b4591197afc56d253,advanced,3,697ab12b4591197afc56d253,697ab12b4591197afc56d253,spotlight_PROLIFIC,,31,Mexico,Spanish,N/A,,Spanish:75|English:25,100,Spanish:60|English:40,100,Spanish:90|English:10,100,29,0,Bachelor's,10,10,10,2,3,8,18,30,25,29,,,,,15,25,B1,intermediate|advanced,advanced|intermediate,cambridge_15_21_random_intermediate_advanced,4,20,random,,184.203125,565.3125,208.203125,631.375,4,7,,,,,,,,,,,,2026-08-16T17:54:38.981Z,K8EF3YCB,2026-08-16,2026-08-16,11:54:38,2026-08-16 11:54:38,,,,,,,,697ab12b4591197afc56d253,697ab12b4591197afc56d253,,,,
38036,raw_position_sample,2,3,adv,25,3,3,4,47, around ,566,196,1565290.5999999642,697ab12b4591197afc56d253,697ab12b4591197afc56d253,advanced,3,697ab12b4591197afc56d253,697ab12b4591197afc56d253,spotlight_PROLIFIC,,31,Mexico,Spanish,N/A,,Spanish:75|English:25,100,Spanish:60|English:40,100,Spanish:90|English:10,100,29,0,Bachelor's,10,10,10,2,3,8,18,30,25,29,,,,,15,25,B1,intermediate|advanced,advanced|intermediate,cambridge_15_21_random_intermediate_advanced,4,20,random,,184.203125,565.3125,208.203125,631.375,4,7,,,,,,,,,,,,2026-08-16T17:54:38.981Z,K8EF3YCB,2026-08-16,2026-08-16,11:54:38,2026-08-16 11:54:38,,,,,,,,697ab12b4591197afc56d253,697ab12b4591197afc56d253,,,,
38100,raw_position_sample,2,3,adv,25,3,3,4,47, around ,566,196,1565355.0999999642,697ab12b4591197afc56d253,697ab12b4591197afc56d253,advanced,3,697ab12b4591197afc56d253,697ab12b4591197afc56d253,spotlight_PROLIFIC,,31,Mexico,Spanish,N/A,,Spanish:75|English:25,100,Spanish:60|English:40,100,Spanish:90|English:10,100,29,0,Bachelor's,10,10,10,2,3,8,18,30,25,29,,,,,15,25,B1,intermediate|advanced,advanced|intermediate,cambridge_15_21_random_intermediate_advanced,4,20,random,,184.203125,565.3125,208.203125,631.375,4,7,,,,,,,,,,,,2026-08-16T17:54:38.981Z,K8EF3YCB,2026-08-16,2026-08-16,11:54:38,2026-08-16 11:54:38,,,,,,,,697ab12b4591197afc56d253,697ab12b4591197afc56d253,,,,
38136,raw_position_sample,2,3,adv,25,3,3,4,47, around ,567,196,1565390.199999988,697ab12b4591197afc56d253,697ab12b4591197afc56d253,advanced,3,697ab12b4591197afc56d253,697ab12b4591197afc56d253,spotlight_PROLIFIC,,31,Mexico,Spanish,N/A,,Spanish:75|English:25,100,Spanish:60|English:40,100,Spanish:90|English:10,100,29,0,Bachelor's,10,10,10,2,3,8,18,30,25,29,,,,,15,25,B1,intermediate|advanced,advanced|intermediate,cambridge_15_21_random_intermediate_advanced,4,20,random,,184.203125,565.3125,208.203125,631.375,4,7,,,,,,,,,,,,2026-08-16T17:54:38.981Z,K8EF3YCB,2026-08-16,2026-08-16,11:54:38,2026-08-16 11:54:38,,,,,,,,697ab12b4591197afc56d253,697ab12b4591197afc56d253,,,,
38195,raw_position_sample,2,3,adv,25,3,3,4,47, around ,600,204,1565449.300000012,697ab12b4591197afc56d253,697ab12b4591197afc56d253,advanced,3,697ab12b4591197afc56d253,697ab12b4591197afc56d253,spotlight_PROLIFIC,,31,Mexico,Spanish,N/A,,Spanish:75|English:25,100,Spanish:60|English:40,100,Spanish:90|English:10,100,29,0,Bachelor's,10,10,10,2,3,8,18,30,25,29,,,,,15,25,B1,intermediate|advanced,advanced|intermediate,cambridge_15_21_random_intermediate_advanced,4,20,random,,184.203125,565.3125,208.203125,631.375,4,7,,,,,,,,,,,,2026-08-16T17:54:38.981Z,K8EF3YCB,2026-08-16,2026-08-16,11:54:38,2026-08-16 11:54:38,,,,,,,,697ab12b4591197afc56d253,697ab12b4591197afc56d253,,,,
38227,hover_association,2,3,adv,25,3,3,4,47, around ,566,196,,697ab12b4591197afc56d253,697ab12b4591197afc56d253,advanced,3,697ab12b4591197afc56d253,697ab12b4591197afc56d253,spotlight_PROLIFIC,,31,Mexico,Spanish,N/A,,Spanish:75|English:25,100,Spanish:60|English:40,100,Spanish:90|English:10,100,29,0,Bachelor's,10,10,10,2,3,8,18,30,25,29,,,,,15,25,B1,intermediate|advanced,advanced|intermediate,cambridge_15_21_random_intermediate_advanced,4,20,random,,176.203125,565.3125,216.203125,631.375,4,7,hover,483.19999998807907,483.19999998807907,0.7672658467360454,0.694921875,106,,,,,,2026-08-16T17:54:38.981Z,K8EF3YCB,2026-08-16,2026-08-16,11:54:38,2026-08-16 11:54:38,,,,,,,,697ab12b4591197afc56d253,697ab12b4591197afc56d253,,,,
38245,raw_position_sample,2,3,adv,25,3,3,4,48," 7,000 ",644,204,1565499.300000012,697ab12b4591197afc56d253,697ab12b4591197afc56d253,advanced,3,697ab12b4591197afc56d253,697ab12b4591197afc56d253,spotlight_PROLIFIC,,31,Mexico,Spanish,N/A,,Spanish:75|English:25,100,Spanish:60|English:40,100,Spanish:90|English:10,100,29,0,Bachelor's,10,10,10,2,3,8,18,30,25,29,,,,,15,25,B1,intermediate|advanced,advanced|intermediate,cambridge_15_21_random_intermediate_advanced,4,20,random,,184.203125,631.375,208.203125,682.078125,4,8,,,,,,,,,,,,2026-08-16T17:54:38.981Z,K8EF3YCB,2026-08-16,2026-08-16,11:54:38,2026-08-16 11:54:38,,,,,,,,697ab12b4591197afc56d253,697ab12b4591197afc56d253,,,,
38295,raw_position_sample,2,3,adv,25,3,3,4,48," 7,000 ",660,204,1565549.3999999762,697ab12b4591197afc56d253,697ab12b4591197afc56d253,advanced,3,697ab12b4591197afc56d253,697ab12b4591197afc56d253,spotlight_PROLIFIC,,31,Mexico,Spanish,N/A,,Spanish:75|English:25,100,Spanish:60|English:40,100,Spanish:90|English:10,100,29,0,Bachelor's,10,10,10,2,3,8,18,30,25,29,,,,,15,25,B1,intermediate|advanced,advanced|intermediate,cambridge_15_21_random_intermediate_advanced,4,20,random,,184.203125,631.375,208.203125,682.078125,4,8,,,,,,,,,,,,2026-08-16T17:54:38.981Z,K8EF3YCB,2026-08-16,2026-08-16,11:54:38,2026-08-16 11:54:38,,,,,,,,697ab12b4591197afc56d253,697ab12b4591197afc56d253,,,,
38345,raw_position_sample,2,3,adv,25,3,3,4,48," 7,000 ",677,200,1565599.300000012,697ab12b4591197afc56d253,697ab12b4591197afc56d253,advanced,3,697ab12b4591197afc56d253,697ab12b4591197afc56d253,spotlight_PROLIFIC,,31,Mexico,Spanish,N/A,,Spanish:75|English:25,100,Spanish:60|English:40,100,Spanish:90|English:10,100,29,0,Bachelor's,10,10,10,2,3,8,18,30,25,29,,,,,15,25,B1,intermediate|advanced,advanced|intermediate,cambridge_15_21_random_intermediate_advanced,4,20,random,,184.203125,631.375,208.203125,682.078125,4,8,,,,,,,,,,,,2026-08-16T17:54:38.981Z,K8EF3YCB,2026-08-16,2026-08-16,11:54:38,2026-08-16 11:54:38,,,,,,,,697ab12b4591197afc56d253,697ab12b4591197afc56d253,,,,
38360,hover_association,2,3,adv,25,3,3,4,48," 7,000 ",633,204,,697ab12b4591197afc56d253,697ab12b4591197afc56d253,advanced,3,697ab12b4591197afc56d253,697ab12b4591197afc56d253,spotlight_PROLIFIC,,31,Mexico,Spanish,N/A,,Spanish:75|English:25,100,Spanish:60|English:40,100,Spanish:90|English:10,100,29,0,Bachelor's,10,10,10,2,3,8,18,30,25,29,,,,,15,25,B1,intermediate|advanced,advanced|intermediate,cambridge_15_21_random_intermediate_advanced,4,20,random,,176.203125,631.375,216.203125,682.078125,4,8,hover,133.30000001192093,133.30000001192093,0.8998459167950693,0.594921875,106,,,,,,2026-08-16T17:54:38.981Z,K8EF3YCB,2026-08-16,2026-08-16,11:54:38,2026-08-16 11:54:38,,,,,,,,697ab12b4591197afc56d253,697ab12b4591197afc56d253,,,,
38395,raw_position_sample,2,3,adv,25,3,3,4,49, shops ,695,195,1565649.699999988,697ab12b4591197afc56d253,697ab12b4591197afc56d253,advanced,3,697ab12b4591197afc56d253,697ab12b4591197afc56d253,spotlight_PROLIFIC,,31,Mexico,Spanish,N/A,,Spanish:75|English:25,100,Spanish:60|English:40,100,Spanish:90|English:10,100,29,0,Bachelor's,10,10,10,2,3,8,18,30,25,29,,,,,15,25,B1,intermediate|advanced,advanced|intermediate,cambridge_15_21_random_intermediate_advanced,4,20,random,,184.203125,682.078125,208.203125,737.09375,4,9,,,,,,,,,,,,2026-08-16T17:54:38.981Z,K8EF3YCB,2026-08-16,2026-08-16,11:54:38,2026-08-16 11:54:38,,,,,,,,697ab12b4591197afc56d253,697ab12b4591197afc56d253,,,,
38445,raw_position_sample,2,3,adv,25,3,3,4,49, shops ,703,193,1565699.5999999642,697ab12b4591197afc56d253,697ab12b4591197afc56d253,advanced,3,697ab12b4591197afc56d253,697ab12b4591197afc56d253,spotlight_PROLIFIC,,31,Mexico,Spanish,N/A,,Spanish:75|English:25,100,Spanish:60|English:40,100,Spanish:90|English:10,100,29,0,Bachelor's,10,10,10,2,3,8,18,30,25,29,,,,,15,25,B1,intermediate|advanced,advanced|intermediate,cambridge_15_21_random_intermediate_advanced,4,20,random,,184.203125,682.078125,208.203125,737.09375,4,9,,,,,,,,,,,,2026-08-16T17:54:38.981Z,K8EF3YCB,2026-08-16,2026-08-16,11:54:38,2026-08-16 11:54:38,,,,,,,,697ab12b4591197afc56d253,697ab12b4591197afc56d253,,,,
38495,raw_position_sample,2,3,adv,25,3,3,4,49, shops ,729,188,1565749.300000012,697ab12b4591197afc56d253,697ab12b4591197afc56d253,advanced,3,697ab12b4591197afc56d253,697ab12b4591197afc56d253,spotlight_PROLIFIC,,31,Mexico,Spanish,N/A,,Spanish:75|English:25,100,Spanish:60|English:40,100,Spanish:90|English:10,100,29,0,Bachelor's,10,10,10,2,3,8,18,30,25,29,,,,,15,25,B1,intermediate|advanced,advanced|intermediate,cambridge_15_21_random_intermediate_advanced,4,20,random,,184.203125,682.078125,208.203125,737.09375,4,9,,,,,,,,,,,,2026-08-16T17:54:38.981Z,K8EF3YCB,2026-08-16,2026-08-16,11:54:38,2026-08-16 11:54:38,,,,,,,,697ab12b4591197afc56d253,697ab12b4591197afc56d253,,,,
38543,hover_association,2,3,adv,25,3,3,4,49, shops ,684,198,,697ab12b4591197afc56d253,697ab12b4591197afc56d253,advanced,3,697ab12b4591197afc56d253,697ab12b4591197afc56d253,spotlight_PROLIFIC,,31,Mexico,Spanish,N/A,,Spanish:75|English:25,100,Spanish:60|English:40,100,Spanish:90|English:10,100,29,0,Bachelor's,10,10,10,2,3,8,18,30,25,29,,,,,15,25,B1,intermediate|advanced,advanced|intermediate,cambridge_15_21_random_intermediate_advanced,4,20,random,,176.203125,682.078125,216.203125,737.09375,4,9,hover,183.19999998807907,183.19999998807907,0.9255893212155638,0.294921875,106,,,,,,2026-08-16T17:54:38.981Z,K8EF3YCB,2026-08-16,2026-08-16,11:54:38,2026-08-16 11:54:38,,,,,,,,697ab12b4591197afc56d253,697ab12b4591197afc56d253,,,,
38545,raw_position_sample,2,3,adv,25,3,3,4,50, since ,738,188,1565799.5999999642,697ab12b4591197afc56d253,697ab12b4591197afc56d253,advanced,3,697ab12b4591197afc56d253,697ab12b4591197afc56d253,spotlight_PROLIFIC,,31,Mexico,Spanish,N/A,,Spanish:75|English:25,100,Spanish:60|English:40,100,Spanish:90|English:10,100,29,0,Bachelor's,10,10,10,2,3,8,18,30,25,29,,,,,15,25,B1,intermediate|advanced,advanced|intermediate,cambridge_15_21_random_intermediate_advanced,4,20,random,,184.203125,737.09375,208.203125,784.96875,4,10,,,,,,,,,,,,2026-08-16T17:54:38.981Z,K8EF3YCB,2026-08-16,2026-08-16,11:54:38,2026-08-16 11:54:38,,,,,,,,697ab12b4591197afc56d253,697ab12b4591197afc56d253,,,,
38592,raw_position_sample,2,3,adv,25,3,3,4,50, since ,760,188,1565846.8999999762,697ab12b4591197afc56d253,697ab12b4591197afc56d253,advanced,3,697ab12b4591197afc56d253,697ab12b4591197afc56d253,spotlight_PROLIFIC,,31,Mexico,Spanish,N/A,,Spanish:75|English:25,100,Spanish:60|English:40,100,Spanish:90|English:10,100,29,0,Bachelor's,10,10,10,2,3,8,18,30,25,29,,,,,15,25,B1,intermediate|advanced,advanced|intermediate,cambridge_15_21_random_intermediate_advanced,4,20,random,,184.203125,737.09375,208.203125,784.96875,4,10,,,,,,,,,,,,2026-08-16T17:54:38.981Z,K8EF3YCB,2026-08-16,2026-08-16,11:54:38,2026-08-16 11:54:38,,,,,,,,697ab12b4591197afc56d253,697ab12b4591197afc56d253,,,,
38610,hover_association,2,3,adv,25,3,3,4,50, since ,738,188,,697ab12b4591197afc56d253,697ab12b4591197afc56d253,advanced,3,697ab12b4591197afc56d253,697ab12b4591197afc56d253,spotlight_PROLIFIC,,31,Mexico,Spanish,N/A,,Spanish:75|English:25,100,Spanish:60|English:40,100,Spanish:90|English:10,100,29,0,Bachelor's,10,10,10,2,3,8,18,30,25,29,,,,,15,25,B1,intermediate|advanced,advanced|intermediate,cambridge_15_21_random_intermediate_advanced,4,20,random,,176.203125,737.09375,216.203125,784.96875,4,10,hover,66.60000002384186,66.60000002384186,0.8335509138381201,0.394921875,106,,,,,,2026-08-16T17:54:38.981Z,K8EF3YCB,2026-08-16,2026-08-16,11:54:38,2026-08-16 11:54:38,,,,,,,,697ab12b4591197afc56d253,697ab12b4591197afc56d253,,,,
38643,hover_association,2,3,adv,25,3,3,4,51, 2001. ,800,197,,697ab12b4591197afc56d253,697ab12b4591197afc56d253,advanced,3,697ab12b4591197afc56d253,697ab12b4591197afc56d253,spotlight_PROLIFIC,,31,Mexico,Spanish,N/A,,Spanish:75|English:25,100,Spanish:60|English:40,100,Spanish:90|English:10,100,29,0,Bachelor's,10,10,10,2,3,8,18,30,25,29,,,,,15,25,B1,intermediate|advanced,advanced|intermediate,cambridge_15_21_random_intermediate_advanced,4,20,random,,176.203125,784.96875,216.203125,835.671875,4,11,hover,33.5,33.5,0.7895223420647149,0.544921875,106,,,,,,2026-08-16T17:54:38.981Z,K8EF3YCB,2026-08-16,2026-08-16,11:54:38,2026-08-16 11:54:38,,,,,,,,697ab12b4591197afc56d253,697ab12b4591197afc56d253,,,,
38645,raw_position_sample,2,3,adv,25,3,3,4,52, The ,852,198,1565899.699999988,697ab12b4591197afc56d253,697ab12b4591197afc56d253,advanced,3,697ab12b4591197afc56d253,697ab12b4591197afc56d253,spotlight_PROLIFIC,,31,Mexico,Spanish,N/A,,Spanish:75|English:25,100,Spanish:60|English:40,100,Spanish:90|English:10,100,29,0,Bachelor's,10,10,10,2,3,8,18,30,25,29,,,,,15,25,B1,intermediate|advanced,advanced|intermediate,cambridge_15_21_random_intermediate_advanced,4,20,random,,184.203125,835.671875,208.203125,871.640625,4,12,,,,,,,,,,,,2026-08-16T17:54:38.981Z,K8EF3YCB,2026-08-16,2026-08-16,11:54:38,2026-08-16 11:54:38,,,,,,,,697ab12b4591197afc56d253,697ab12b4591197afc56d253,,,,
38660,hover_association,2,3,adv,25,3,3,4,52, The ,852,198,,697ab12b4591197afc56d253,697ab12b4591197afc56d253,advanced,3,697ab12b4591197afc56d253,697ab12b4591197afc56d253,spotlight_PROLIFIC,,31,Mexico,Spanish,N/A,,Spanish:75|English:25,100,Spanish:60|English:40,100,Spanish:90|English:10,100,29,0,Bachelor's,10,10,10,2,3,8,18,30,25,29,,,,,15,25,B1,intermediate|advanced,advanced|intermediate,cambridge_15_21_random_intermediate_advanced,4,20,random,,176.203125,835.671875,216.203125,871.640625,4,12,hover,16.69999998807907,16.69999998807907,0.4539530842745439,0.544921875,106,,,,,,2026-08-16T17:54:38.981Z,K8EF3YCB,2026-08-16,2026-08-16,11:54:38,2026-08-16 11:54:38,,,,,,,,697ab12b4591197afc56d253,697ab12b4591197afc56d253,,,,
38684,raw_position_sample,2,3,adv,25,3,3,4,53, purchase ,902,198,1565938.8999999762,697ab12b4591197afc56d253,697ab12b4591197afc56d253,advanced,3,697ab12b4591197afc56d253,697ab12b4591197afc56d253,spotlight_PROLIFIC,,31,Mexico,Spanish,N/A,,Spanish:75|English:25,100,Spanish:60|English:40,100,Spanish:90|English:10,100,29,0,Bachelor's,10,10,10,2,3,8,18,30,25,29,,,,,15,25,B1,intermediate|advanced,advanced|intermediate,cambridge_15_21_random_intermediate_advanced,4,20,random,,184.203125,871.640625,208.203125,949.546875,4,13,,,,,,,,,,,,2026-08-16T17:54:38.981Z,K8EF3YCB,2026-08-16,2026-08-16,11:54:38,2026-08-16 11:54:38,,,,,,,,697ab12b4591197afc56d253,697ab12b4591197afc56d253,,,,
38744,raw_position_sample,2,3,adv,25,3,3,4,53, purchase ,933,195,1565998.199999988,697ab12b4591197afc56d253,697ab12b4591197afc56d253,advanced,3,697ab12b4591197afc56d253,697ab12b4591197afc56d253,spotlight_PROLIFIC,,31,Mexico,Spanish,N/A,,Spanish:75|English:25,100,Spanish:60|English:40,100,Spanish:90|English:10,100,29,0,Bachelor's,10,10,10,2,3,8,18,30,25,29,,,,,15,25,B1,intermediate|advanced,advanced|intermediate,cambridge_15_21_random_intermediate_advanced,4,20,random,,184.203125,871.640625,208.203125,949.546875,4,13,,,,,,,,,,,,2026-08-16T17:54:38.981Z,K8EF3YCB,2026-08-16,2026-08-16,11:54:38,2026-08-16 11:54:38,,,,,,,,697ab12b4591197afc56d253,697ab12b4591197afc56d253,,,,
38787,raw_position_sample,2,3,adv,25,3,3,4,53, purchase ,931,195,1566041.5999999642,697ab12b4591197afc56d253,697ab12b4591197afc56d253,advanced,3,697ab12b4591197afc56d253,697ab12b4591197afc56d253,spotlight_PROLIFIC,,31,Mexico,Spanish,N/A,,Spanish:75|English:25,100,Spanish:60|English:40,100,Spanish:90|English:10,100,29,0,Bachelor's,10,10,10,2,3,8,18,30,25,29,,,,,15,25,B1,intermediate|advanced,advanced|intermediate,cambridge_15_21_random_intermediate_advanced,4,20,random,,184.203125,871.640625,208.203125,949.546875,4,13,,,,,,,,,,,,2026-08-16T17:54:38.981Z,K8EF3YCB,2026-08-16,2026-08-16,11:54:38,2026-08-16 11:54:38,,,,,,,,697ab12b4591197afc56d253,697ab12b4591197afc56d253,,,,
38826,hover_association,2,3,adv,25,3,3,4,53, purchase ,879,198,,697ab12b4591197afc56d253,697ab12b4591197afc56d253,advanced,3,697ab12b4591197afc56d253,697ab12b4591197afc56d253,spotlight_PROLIFIC,,31,Mexico,Spanish,N/A,,Spanish:75|English:25,100,Spanish:60|English:40,100,Spanish:90|English:10,100,29,0,Bachelor's,10,10,10,2,3,8,18,30,25,29,,,,,15,25,B1,intermediate|advanced,advanced|intermediate,cambridge_15_21_random_intermediate_advanced,4,20,random,,176.203125,871.640625,216.203125,953.79375,4,13,hover,166.5,166.5,0.19913271710601382,0.819921875,106,,,,,,2026-08-16T17:54:38.981Z,K8EF3YCB,2026-08-16,2026-08-16,11:54:38,2026-08-16 11:54:38,,,,,,,,697ab12b4591197afc56d253,697ab12b4591197afc56d253,,,,
38843,hover_association,2,3,adv,25,3,3,4,67, that ,849,219,,697ab12b4591197afc56d253,697ab12b4591197afc56d253,advanced,3,697ab12b4591197afc56d253,697ab12b4591197afc56d253,spotlight_PROLIFIC,,31,Mexico,Spanish,N/A,,Spanish:75|English:25,100,Spanish:60|English:40,100,Spanish:90|English:10,100,29,0,Bachelor's,10,10,10,2,3,8,18,30,25,29,,,,,15,25,B1,intermediate|advanced,advanced|intermediate,cambridge_15_21_random_intermediate_advanced,4,20,random,,216.203125,824.421875,256.203125,863.328125,5,14,hover,16.599999964237213,16.599999964237213,0.6317269076305221,0.069921875,106,,,,,,2026-08-16T17:54:38.981Z,K8EF3YCB,2026-08-16,2026-08-16,11:54:38,2026-08-16 11:54:38,,,,,,,,697ab12b4591197afc56d253,697ab12b4591197afc56d253,,,,
38845,raw_position_sample,2,3,adv,25,3,3,4,66, product ,819,227,1566099.699999988,697ab12b4591197afc56d253,697ab12b4591197afc56d253,advanced,3,697ab12b4591197afc56d253,697ab12b4591197afc56d253,spotlight_PROLIFIC,,31,Mexico,Spanish,N/A,,Spanish:75|English:25,100,Spanish:60|English:40,100,Spanish:90|English:10,100,29,0,Bachelor's,10,10,10,2,3,8,18,30,25,29,,,,,15,25,B1,intermediate|advanced,advanced|intermediate,cambridge_15_21_random_intermediate_advanced,4,20,random,,224.203125,753.375,248.203125,824.421875,5,13,,,,,,,,,,,,2026-08-16T17:54:38.981Z,K8EF3YCB,2026-08-16,2026-08-16,11:54:38,2026-08-16 11:54:38,,,,,,,,697ab12b4591197afc56d253,697ab12b4591197afc56d253,,,,
38889,raw_position_sample,2,3,adv,25,3,3,4,66, product ,802,231,1566143.699999988,697ab12b4591197afc56d253,697ab12b4591197afc56d253,advanced,3,697ab12b4591197afc56d253,697ab12b4591197afc56d253,spotlight_PROLIFIC,,31,Mexico,Spanish,N/A,,Spanish:75|English:25,100,Spanish:60|English:40,100,Spanish:90|English:10,100,29,0,Bachelor's,10,10,10,2,3,8,18,30,25,29,,,,,15,25,B1,intermediate|advanced,advanced|intermediate,cambridge_15_21_random_intermediate_advanced,4,20,random,,224.203125,753.375,248.203125,824.421875,5,13,,,,,,,,,,,,2026-08-16T17:54:38.981Z,K8EF3YCB,2026-08-16,2026-08-16,11:54:38,2026-08-16 11:54:38,,,,,,,,697ab12b4591197afc56d253,697ab12b4591197afc56d253,,,,
38945,raw_position_sample,2,3,adv,25,3,3,4,66, product ,754,231,1566199.3999999762,697ab12b4591197afc56d253,697ab12b4591197afc56d253,advanced,3,697ab12b4591197afc56d253,697ab12b4591197afc56d253,spotlight_PROLIFIC,,31,Mexico,Spanish,N/A,,Spanish:75|English:25,100,Spanish:60|English:40,100,Spanish:90|English:10,100,29,0,Bachelor's,10,10,10,2,3,8,18,30,25,29,,,,,15,25,B1,intermediate|advanced,advanced|intermediate,cambridge_15_21_random_intermediate_advanced,4,20,random,,224.203125,753.375,248.203125,824.421875,5,13,,,,,,,,,,,,2026-08-16T17:54:38.981Z,K8EF3YCB,2026-08-16,2026-08-16,11:54:38,2026-08-16 11:54:38,,,,,,,,697ab12b4591197afc56d253,697ab12b4591197afc56d253,,,,
38960,hover_association,2,3,adv,25,3,3,4,66, product ,819,227,,697ab12b4591197afc56d253,697ab12b4591197afc56d253,advanced,3,697ab12b4591197afc56d253,697ab12b4591197afc56d253,spotlight_PROLIFIC,,31,Mexico,Spanish,N/A,,Spanish:75|English:25,100,Spanish:60|English:40,100,Spanish:90|English:10,100,29,0,Bachelor's,10,10,10,2,3,8,18,30,25,29,,,,,15,25,B1,intermediate|advanced,advanced|intermediate,cambridge_15_21_random_intermediate_advanced,4,20,random,,216.203125,753.375,256.203125,824.421875,5,13,hover,116.70000004768372,116.70000004768372,0.008797009016934242,0.369921875,106,,,,,,2026-08-16T17:54:38.981Z,K8EF3YCB,2026-08-16,2026-08-16,11:54:38,2026-08-16 11:54:38,,,,,,,,697ab12b4591197afc56d253,697ab12b4591197afc56d253,,,,
38993,hover_association,2,3,adv,25,3,3,4,64, type ,731,231,,697ab12b4591197afc56d253,697ab12b4591197afc56d253,advanced,3,697ab12b4591197afc56d253,697ab12b4591197afc56d253,spotlight_PROLIFIC,,31,Mexico,Spanish,N/A,,Spanish:75|English:25,100,Spanish:60|English:40,100,Spanish:90|English:10,100,29,0,Bachelor's,10,10,10,2,3,8,18,30,25,29,,,,,15,25,B1,intermediate|advanced,advanced|intermediate,cambridge_15_21_random_intermediate_advanced,4,20,random,,216.203125,690.015625,256.203125,731.609375,5,11,hover,33.5,33.5,0.4564237415477085,0.244921875,106,,,,,,2026-08-16T17:54:38.981Z,K8EF3YCB,2026-08-16,2026-08-16,11:54:38,2026-08-16 11:54:38,,,,,,,,697ab12b4591197afc56d253,697ab12b4591197afc56d253,,,,
38995,raw_position_sample,2,3,adv,25,3,3,4,49, shops ,683,216,1566249.5,697ab12b4591197afc56d253,697ab12b4591197afc56d253,advanced,3,697ab12b4591197afc56d253,697ab12b4591197afc56d253,spotlight_PROLIFIC,,31,Mexico,Spanish,N/A,,Spanish:75|English:25,100,Spanish:60|English:40,100,Spanish:90|English:10,100,29,0,Bachelor's,10,10,10,2,3,8,18,30,25,29,,,,,15,25,B1,intermediate|advanced,advanced|intermediate,cambridge_15_21_random_intermediate_advanced,4,20,random,,184.203125,682.078125,208.203125,737.09375,4,9,,,,,,,,,,,,2026-08-16T17:54:38.981Z,K8EF3YCB,2026-08-16,2026-08-16,11:54:38,2026-08-16 11:54:38,,,,,,,,697ab12b4591197afc56d253,697ab12b4591197afc56d253,,,,
39010,hover_association,2,3,adv,25,3,3,4,49, shops ,683,216,,697ab12b4591197afc56d253,697ab12b4591197afc56d253,advanced,3,697ab12b4591197afc56d253,697ab12b4591197afc56d253,spotlight_PROLIFIC,,31,Mexico,Spanish,N/A,,Spanish:75|English:25,100,Spanish:60|English:40,100,Spanish:90|English:10,100,29,0,Bachelor's,10,10,10,2,3,8,18,30,25,29,,,,,15,25,B1,intermediate|advanced,advanced|intermediate,cambridge_15_21_random_intermediate_advanced,4,20,random,,176.203125,682.078125,216.203125,737.09375,4,9,hover,16.599999964237213,16.599999964237213,0.016756603237716557,0.994921875,106,,,,,,2026-08-16T17:54:38.981Z,K8EF3YCB,2026-08-16,2026-08-16,11:54:38,2026-08-16 11:54:38,,,,,,,,697ab12b4591197afc56d253,697ab12b4591197afc56d253,,,,
39043,hover_association,2,3,adv,25,3,3,4,48," 7,000 ",657,215,,697ab12b4591197afc56d253,697ab12b4591197afc56d253,advanced,3,697ab12b4591197afc56d253,697ab12b4591197afc56d253,spotlight_PROLIFIC,,31,Mexico,Spanish,N/A,,Spanish:75|English:25,100,Spanish:60|English:40,100,Spanish:90|English:10,100,29,0,Bachelor's,10,10,10,2,3,8,18,30,25,29,,,,,15,25,B1,intermediate|advanced,advanced|intermediate,cambridge_15_21_random_intermediate_advanced,4,20,random,,176.203125,631.375,216.203125,682.078125,4,8,hover,33.19999998807907,33.19999998807907,0.012326656394453005,0.869921875,106,,,,,,2026-08-16T17:54:38.981Z,K8EF3YCB,2026-08-16,2026-08-16,11:54:38,2026-08-16 11:54:38,,,,,,,,697ab12b4591197afc56d253,697ab12b4591197afc56d253,,,,
39045,raw_position_sample,2,3,adv,25,3,3,4,47, around ,607,211,1566299.3999999762,697ab12b4591197afc56d253,697ab12b4591197afc56d253,advanced,3,697ab12b4591197afc56d253,697ab12b4591197afc56d253,spotlight_PROLIFIC,,31,Mexico,Spanish,N/A,,Spanish:75|English:25,100,Spanish:60|English:40,100,Spanish:90|English:10,100,29,0,Bachelor's,10,10,10,2,3,8,18,30,25,29,,,,,15,25,B1,intermediate|advanced,advanced|intermediate,cambridge_15_21_random_intermediate_advanced,4,20,random,,184.203125,565.3125,208.203125,631.375,4,7,,,,,,,,,,,,2026-08-16T17:54:38.981Z,K8EF3YCB,2026-08-16,2026-08-16,11:54:38,2026-08-16 11:54:38,,,,,,,,697ab12b4591197afc56d253,697ab12b4591197afc56d253,,,,
39077,hover_association,2,3,adv,25,3,3,4,47, around ,607,211,,697ab12b4591197afc56d253,697ab12b4591197afc56d253,advanced,3,697ab12b4591197afc56d253,697ab12b4591197afc56d253,spotlight_PROLIFIC,,31,Mexico,Spanish,N/A,,Spanish:75|English:25,100,Spanish:60|English:40,100,Spanish:90|English:10,100,29,0,Bachelor's,10,10,10,2,3,8,18,30,25,29,,,,,15,25,B1,intermediate|advanced,advanced|intermediate,cambridge_15_21_random_intermediate_advanced,4,20,random,,176.203125,565.3125,216.203125,631.375,4,7,hover,33.5,33.5,0.26773888363292336,0.894921875,106,,,,,,2026-08-16T17:54:38.981Z,K8EF3YCB,2026-08-16,2026-08-16,11:54:38,2026-08-16 11:54:38,,,,,,,,697ab12b4591197afc56d253,697ab12b4591197afc56d253,,,,
39093,hover_association,2,3,adv,25,3,3,4,46, visit ,557,216,,697ab12b4591197afc56d253,697ab12b4591197afc56d253,advanced,3,697ab12b4591197afc56d253,697ab12b4591197afc56d253,spotlight_PROLIFIC,,31,Mexico,Spanish,N/A,,Spanish:75|English:25,100,Spanish:60|English:40,100,Spanish:90|English:10,100,29,0,Bachelor's,10,10,10,2,3,8,18,30,25,29,,,,,15,25,B1,intermediate|advanced,advanced|intermediate,cambridge_15_21_random_intermediate_advanced,4,20,random,,176.203125,527.078125,216.203125,565.3125,4,6,hover,16.5,16.5,0.7825909276665305,0.994921875,106,,,,,,2026-08-16T17:54:38.981Z,K8EF3YCB,2026-08-16,2026-08-16,11:54:38,2026-08-16 11:54:38,,,,,,,,697ab12b4591197afc56d253,697ab12b4591197afc56d253,,,,
39095,raw_position_sample,2,3,adv,25,3,3,4,58, related ,526,225,1566349.300000012,697ab12b4591197afc56d253,697ab12b4591197afc56d253,advanced,3,697ab12b4591197afc56d253,697ab12b4591197afc56d253,spotlight_PROLIFIC,,31,Mexico,Spanish,N/A,,Spanish:75|English:25,100,Spanish:60|English:40,100,Spanish:90|English:10,100,29,0,Bachelor's,10,10,10,2,3,8,18,30,25,29,,,,,15,25,B1,intermediate|advanced,advanced|intermediate,cambridge_15_21_random_intermediate_advanced,4,20,random,,224.203125,487.515625,248.203125,551.890625,5,5,,,,,,,,,,,,2026-08-16T17:54:38.981Z,K8EF3YCB,2026-08-16,2026-08-16,11:54:38,2026-08-16 11:54:38,,,,,,,,697ab12b4591197afc56d253,697ab12b4591197afc56d253,,,,
39126,hover_association,2,3,adv,25,3,3,4,58, related ,526,225,,697ab12b4591197afc56d253,697ab12b4591197afc56d253,advanced,3,697ab12b4591197afc56d253,697ab12b4591197afc56d253,spotlight_PROLIFIC,,31,Mexico,Spanish,N/A,,Spanish:75|English:25,100,Spanish:60|English:40,100,Spanish:90|English:10,100,29,0,Bachelor's,10,10,10,2,3,8,18,30,25,29,,,,,15,25,B1,intermediate|advanced,advanced|intermediate,cambridge_15_21_random_intermediate_advanced,4,20,random,,216.203125,487.515625,256.203125,551.890625,5,5,hover,33.40000003576279,33.40000003576279,0.20946601941747572,0.419921875,106,,,,,,2026-08-16T17:54:38.981Z,K8EF3YCB,2026-08-16,2026-08-16,11:54:38,2026-08-16 11:54:38,,,,,,,,697ab12b4591197afc56d253,697ab12b4591197afc56d253,,,,
39145,raw_position_sample,2,3,adv,25,3,3,4,57, be ,471,241,1566399.5999999642,697ab12b4591197afc56d253,697ab12b4591197afc56d253,advanced,3,697ab12b4591197afc56d253,697ab12b4591197afc56d253,spotlight_PROLIFIC,,31,Mexico,Spanish,N/A,,Spanish:75|English:25,100,Spanish:60|English:40,100,Spanish:90|English:10,100,29,0,Bachelor's,10,10,10,2,3,8,18,30,25,29,,,,,15,25,B1,intermediate|advanced,advanced|intermediate,cambridge_15_21_random_intermediate_advanced,4,20,random,,224.203125,461.609375,248.203125,487.515625,5,4,,,,,,,,,,,,2026-08-16T17:54:38.981Z,K8EF3YCB,2026-08-16,2026-08-16,11:54:38,2026-08-16 11:54:38,,,,,,,,697ab12b4591197afc56d253,697ab12b4591197afc56d253,,,,
39193,hover_association,2,3,adv,25,3,3,4,57, be ,482,237,,697ab12b4591197afc56d253,697ab12b4591197afc56d253,advanced,3,697ab12b4591197afc56d253,697ab12b4591197afc56d253,spotlight_PROLIFIC,,31,Mexico,Spanish,N/A,,Spanish:75|English:25,100,Spanish:60|English:40,100,Spanish:90|English:10,100,29,0,Bachelor's,10,10,10,2,3,8,18,30,25,29,,,,,15,25,B1,intermediate|advanced,advanced|intermediate,cambridge_15_21_random_intermediate_advanced,4,20,random,,216.203125,461.609375,256.203125,487.515625,5,4,hover,66.59999996423721,66.59999996423721,0.015078407720144753,0.669921875,106,,,,,,2026-08-16T17:54:38.981Z,K8EF3YCB,2026-08-16,2026-08-16,11:54:38,2026-08-16 11:54:38,,,,,,,,697ab12b4591197afc56d253,697ab12b4591197afc56d253,,,,
39195,raw_position_sample,2,3,adv,25,3,3,4,56, to ,459,245,1566449.5,697ab12b4591197afc56d253,697ab12b4591197afc56d253,advanced,3,697ab12b4591197afc56d253,697ab12b4591197afc56d253,spotlight_PROLIFIC,,31,Mexico,Spanish,N/A,,Spanish:75|English:25,100,Spanish:60|English:40,100,Spanish:90|English:10,100,29,0,Bachelor's,10,10,10,2,3,8,18,30,25,29,,,,,15,25,B1,intermediate|advanced,advanced|intermediate,cambridge_15_21_random_intermediate_advanced,4,20,random,,224.203125,439.53125,248.203125,461.609375,5,3,,,,,,,,,,,,2026-08-16T17:54:38.981Z,K8EF3YCB,2026-08-16,2026-08-16,11:54:38,2026-08-16 11:54:38,,,,,,,,697ab12b4591197afc56d253,697ab12b4591197afc56d253,,,,
39245,raw_position_sample,2,3,adv,25,3,3,4,56, to ,440,255,1566499.5999999642,697ab12b4591197afc56d253,697ab12b4591197afc56d253,advanced,3,697ab12b4591197afc56d253,697ab12b4591197afc56d253,spotlight_PROLIFIC,,31,Mexico,Spanish,N/A,,Spanish:75|English:25,100,Spanish:60|English:40,100,Spanish:90|English:10,100,29,0,Bachelor's,10,10,10,2,3,8,18,30,25,29,,,,,15,25,B1,intermediate|advanced,advanced|intermediate,cambridge_15_21_random_intermediate_advanced,4,20,random,,224.203125,439.53125,248.203125,461.609375,5,3,,,,,,,,,,,,2026-08-16T17:54:38.981Z,K8EF3YCB,2026-08-16,2026-08-16,11:54:38,2026-08-16 11:54:38,,,,,,,,697ab12b4591197afc56d253,697ab12b4591197afc56d253,,,,
39260,hover_association,2,3,adv,25,3,3,4,56, to ,459,245,,697ab12b4591197afc56d253,697ab12b4591197afc56d253,advanced,3,697ab12b4591197afc56d253,697ab12b4591197afc56d253,spotlight_PROLIFIC,,31,Mexico,Spanish,N/A,,Spanish:75|English:25,100,Spanish:60|English:40,100,Spanish:90|English:10,100,29,0,Bachelor's,10,10,10,2,3,8,18,30,25,29,,,,,15,25,B1,intermediate|advanced,advanced|intermediate,cambridge_15_21_random_intermediate_advanced,4,20,random,,216.203125,439.53125,256.203125,461.609375,5,3,hover,66.60000002384186,66.60000002384186,0.021231422505307854,0.969921875,106,,,,,,2026-08-16T17:54:38.981Z,K8EF3YCB,2026-08-16,2026-08-16,11:54:38,2026-08-16 11:54:38,,,,,,,,697ab12b4591197afc56d253,697ab12b4591197afc56d253,,,,
39293,raw_position_sample,2,3,adv,25,3,3,4,72, to ,433,258,1566547.5,697ab12b4591197afc56d253,697ab12b4591197afc56d253,advanced,3,697ab12b4591197afc56d253,697ab12b4591197afc56d253,spotlight_PROLIFIC,,31,Mexico,Spanish,N/A,,Spanish:75|English:25,100,Spanish:60|English:40,100,Spanish:90|English:10,100,29,0,Bachelor's,10,10,10,2,3,8,18,30,25,29,,,,,15,25,B1,intermediate|advanced,advanced|intermediate,cambridge_15_21_random_intermediate_advanced,4,20,random,,264.203125,429.4375,288.203125,451.515625,6,3,,,,,,,,,,,,2026-08-16T17:54:38.981Z,K8EF3YCB,2026-08-16,2026-08-16,11:54:38,2026-08-16 11:54:38,,,,,,,,697ab12b4591197afc56d253,697ab12b4591197afc56d253,,,,
39343,hover_association,2,3,adv,25,3,3,4,72, to ,435,257,,697ab12b4591197afc56d253,697ab12b4591197afc56d253,advanced,3,697ab12b4591197afc56d253,697ab12b4591197afc56d253,spotlight_PROLIFIC,,31,Mexico,Spanish,N/A,,Spanish:75|English:25,100,Spanish:60|English:40,100,Spanish:90|English:10,100,29,0,Bachelor's,10,10,10,2,3,8,18,30,25,29,,,,,15,25,B1,intermediate|advanced,advanced|intermediate,cambridge_15_21_random_intermediate_advanced,4,20,random,,256.203125,429.4375,296.203125,451.515625,6,3,hover,83.39999997615814,83.39999997615814,0.11606510969568294,0.094921875,106,,,,,,2026-08-16T17:54:38.981Z,K8EF3YCB,2026-08-16,2026-08-16,11:54:38,2026-08-16 11:54:38,,,,,,,,697ab12b4591197afc56d253,697ab12b4591197afc56d253,,,,
39345,raw_position_sample,2,3,adv,25,3,3,4,71, her ,428,260,1566599.300000012,697ab12b4591197afc56d253,697ab12b4591197afc56d253,advanced,3,697ab12b4591197afc56d253,697ab12b4591197afc56d253,spotlight_PROLIFIC,,31,Mexico,Spanish,N/A,,Spanish:75|English:25,100,Spanish:60|English:40,100,Spanish:90|English:10,100,29,0,Bachelor's,10,10,10,2,3,8,18,30,25,29,,,,,15,25,B1,intermediate|advanced,advanced|intermediate,cambridge_15_21_random_intermediate_advanced,4,20,random,,264.203125,396.046875,288.203125,429.4375,6,2,,,,,,,,,,,,2026-08-16T17:54:38.981Z,K8EF3YCB,2026-08-16,2026-08-16,11:54:38,2026-08-16 11:54:38,,,,,,,,697ab12b4591197afc56d253,697ab12b4591197afc56d253,,,,
39395,raw_position_sample,2,3,adv,25,3,3,4,71, her ,421,260,1566649.699999988,697ab12b4591197afc56d253,697ab12b4591197afc56d253,advanced,3,697ab12b4591197afc56d253,697ab12b4591197afc56d253,spotlight_PROLIFIC,,31,Mexico,Spanish,N/A,,Spanish:75|English:25,100,Spanish:60|English:40,100,Spanish:90|English:10,100,29,0,Bachelor's,10,10,10,2,3,8,18,30,25,29,,,,,15,25,B1,intermediate|advanced,advanced|intermediate,cambridge_15_21_random_intermediate_advanced,4,20,random,,264.203125,396.046875,288.203125,429.4375,6,2,,,,,,,,,,,,2026-08-16T17:54:38.981Z,K8EF3YCB,2026-08-16,2026-08-16,11:54:38,2026-08-16 11:54:38,,,,,,,,697ab12b4591197afc56d253,697ab12b4591197afc56d253,,,,
39426,hover_association,2,3,adv,25,3,3,4,71, her ,428,260,,697ab12b4591197afc56d253,697ab12b4591197afc56d253,advanced,3,697ab12b4591197afc56d253,697ab12b4591197afc56d253,spotlight_PROLIFIC,,31,Mexico,Spanish,N/A,,Spanish:75|English:25,100,Spanish:60|English:40,100,Spanish:90|English:10,100,29,0,Bachelor's,10,10,10,2,3,8,18,30,25,29,,,,,15,25,B1,intermediate|advanced,advanced|intermediate,cambridge_15_21_random_intermediate_advanced,4,20,random,,256.203125,396.046875,296.203125,429.4375,6,2,hover,83.30000001192093,83.30000001192093,0.5077211043518952,0.069921875,106,,,,,,2026-08-16T17:54:38.981Z,K8EF3YCB,2026-08-16,2026-08-16,11:54:38,2026-08-16 11:54:38,,,,,,,,697ab12b4591197afc56d253,697ab12b4591197afc56d253,,,,
39435,raw_position_sample,2,3,adv,25,3,3,4,55, has ,406,255,1566689.300000012,697ab12b4591197afc56d253,697ab12b4591197afc56d253,advanced,3,697ab12b4591197afc56d253,697ab12b4591197afc56d253,spotlight_PROLIFIC,,31,Mexico,Spanish,N/A,,Spanish:75|English:25,100,Spanish:60|English:40,100,Spanish:90|English:10,100,29,0,Bachelor's,10,10,10,2,3,8,18,30,25,29,,,,,15,25,B1,intermediate|advanced,advanced|intermediate,cambridge_15_21_random_intermediate_advanced,4,20,random,,224.203125,405,248.203125,439.53125,5,2,,,,,,,,,,,,2026-08-16T17:54:38.981Z,K8EF3YCB,2026-08-16,2026-08-16,11:54:38,2026-08-16 11:54:38,,,,,,,,697ab12b4591197afc56d253,697ab12b4591197afc56d253,,,,
39443,hover_association,2,3,adv,25,3,3,4,55, has ,406,255,,697ab12b4591197afc56d253,697ab12b4591197afc56d253,advanced,3,697ab12b4591197afc56d253,697ab12b4591197afc56d253,spotlight_PROLIFIC,,31,Mexico,Spanish,N/A,,Spanish:75|English:25,100,Spanish:60|English:40,100,Spanish:90|English:10,100,29,0,Bachelor's,10,10,10,2,3,8,18,30,25,29,,,,,15,25,B1,intermediate|advanced,advanced|intermediate,cambridge_15_21_random_intermediate_advanced,4,20,random,,216.203125,405,256.203125,439.53125,5,2,hover,16.900000035762787,16.900000035762787,0.02895927601809955,0.969921875,106,,,,,,2026-08-16T17:54:38.981Z,K8EF3YCB,2026-08-16,2026-08-16,11:54:38,2026-08-16 11:54:38,,,,,,,,697ab12b4591197afc56d253,697ab12b4591197afc56d253,,,,
39495,raw_position_sample,2,3,adv,25,3,3,4,54, usually ,382,249,1566749.300000012,697ab12b4591197afc56d253,697ab12b4591197afc56d253,advanced,3,697ab12b4591197afc56d253,697ab12b4591197afc56d253,spotlight_PROLIFIC,,31,Mexico,Spanish,N/A,,Spanish:75|English:25,100,Spanish:60|English:40,100,Spanish:90|English:10,100,29,0,Bachelor's,10,10,10,2,3,8,18,30,25,29,,,,,15,25,B1,intermediate|advanced,advanced|intermediate,cambridge_15_21_random_intermediate_advanced,4,20,random,,224.203125,340.875,248.203125,405,5,1,,,,,,,,,,,,2026-08-16T17:54:38.981Z,K8EF3YCB,2026-08-16,2026-08-16,11:54:38,2026-08-16 11:54:38,,,,,,,,697ab12b4591197afc56d253,697ab12b4591197afc56d253,,,,
39543,raw_position_sample,2,3,adv,25,3,3,4,54, usually ,374,247,1566797.8999999762,697ab12b4591197afc56d253,697ab12b4591197afc56d253,advanced,3,697ab12b4591197afc56d253,697ab12b4591197afc56d253,spotlight_PROLIFIC,,31,Mexico,Spanish,N/A,,Spanish:75|English:25,100,Spanish:60|English:40,100,Spanish:90|English:10,100,29,0,Bachelor's,10,10,10,2,3,8,18,30,25,29,,,,,15,25,B1,intermediate|advanced,advanced|intermediate,cambridge_15_21_random_intermediate_advanced,4,20,random,,224.203125,340.875,248.203125,405,5,1,,,,,,,,,,,,2026-08-16T17:54:38.981Z,K8EF3YCB,2026-08-16,2026-08-16,11:54:38,2026-08-16 11:54:38,,,,,,,,697ab12b4591197afc56d253,697ab12b4591197afc56d253,,,,
39593,raw_position_sample,2,3,adv,25,3,3,4,54, usually ,374,247,1566847.5999999642,697ab12b4591197afc56d253,697ab12b4591197afc56d253,advanced,3,697ab12b4591197afc56d253,697ab12b4591197afc56d253,spotlight_PROLIFIC,,31,Mexico,Spanish,N/A,,Spanish:75|English:25,100,Spanish:60|English:40,100,Spanish:90|English:10,100,29,0,Bachelor's,10,10,10,2,3,8,18,30,25,29,,,,,15,25,B1,intermediate|advanced,advanced|intermediate,cambridge_15_21_random_intermediate_advanced,4,20,random,,224.203125,340.875,248.203125,405,5,1,,,,,,,,,,,,2026-08-16T17:54:38.981Z,K8EF3YCB,2026-08-16,2026-08-16,11:54:38,2026-08-16 11:54:38,,,,,,,,697ab12b4591197afc56d253,697ab12b4591197afc56d253,,,,
39635,raw_position_sample,2,3,adv,25,3,3,4,54, usually ,374,246,1566889.5,697ab12b4591197afc56d253,697ab12b4591197afc56d253,advanced,3,697ab12b4591197afc56d253,697ab12b4591197afc56d253,spotlight_PROLIFIC,,31,Mexico,Spanish,N/A,,Spanish:75|English:25,100,Spanish:60|English:40,100,Spanish:90|English:10,100,29,0,Bachelor's,10,10,10,2,3,8,18,30,25,29,,,,,15,25,B1,intermediate|advanced,advanced|intermediate,cambridge_15_21_random_intermediate_advanced,4,20,random,,224.203125,340.875,248.203125,405,5,1,,,,,,,,,,,,2026-08-16T17:54:38.981Z,K8EF3YCB,2026-08-16,2026-08-16,11:54:38,2026-08-16 11:54:38,,,,,,,,697ab12b4591197afc56d253,697ab12b4591197afc56d253,,,,
39660,hover_association,2,3,adv,25,3,3,4,54, usually ,396,253,,697ab12b4591197afc56d253,697ab12b4591197afc56d253,advanced,3,697ab12b4591197afc56d253,697ab12b4591197afc56d253,spotlight_PROLIFIC,,31,Mexico,Spanish,N/A,,Spanish:75|English:25,100,Spanish:60|English:40,100,Spanish:90|English:10,100,29,0,Bachelor's,10,10,10,2,3,8,18,30,25,29,,,,,15,25,B1,intermediate|advanced,advanced|intermediate,cambridge_15_21_random_intermediate_advanced,4,20,random,,216.203125,336.628125,256.203125,405,5,1,hover,216.39999997615814,216.39999997615814,0.6782302664655605,0.594921875,106,,,,,,2026-08-16T17:54:38.981Z,K8EF3YCB,2026-08-16,2026-08-16,11:54:38,2026-08-16 11:54:38,,,,,,,,697ab12b4591197afc56d253,697ab12b4591197afc56d253,,,,
39676,hover_association,2,3,adv,25,3,3,4,55, has ,408,232,,697ab12b4591197afc56d253,697ab12b4591197afc56d253,advanced,3,697ab12b4591197afc56d253,697ab12b4591197afc56d253,spotlight_PROLIFIC,,31,Mexico,Spanish,N/A,,Spanish:75|English:25,100,Spanish:60|English:40,100,Spanish:90|English:10,100,29,0,Bachelor's,10,10,10,2,3,8,18,30,25,29,,,,,15,25,B1,intermediate|advanced,advanced|intermediate,cambridge_15_21_random_intermediate_advanced,4,20,random,,216.203125,405,256.203125,439.53125,5,2,hover,16.69999998807907,16.69999998807907,0.08687782805429864,0.394921875,106,,,,,,2026-08-16T17:54:38.981Z,K8EF3YCB,2026-08-16,2026-08-16,11:54:38,2026-08-16 11:54:38,,,,,,,,697ab12b4591197afc56d253,697ab12b4591197afc56d253,,,,
39693,hover_association,2,3,adv,25,3,3,4,56, to ,453,221,,697ab12b4591197afc56d253,697ab12b4591197afc56d253,advanced,3,697ab12b4591197afc56d253,697ab12b4591197afc56d253,spotlight_PROLIFIC,,31,Mexico,Spanish,N/A,,Spanish:75|English:25,100,Spanish:60|English:40,100,Spanish:90|English:10,100,29,0,Bachelor's,10,10,10,2,3,8,18,30,25,29,,,,,15,25,B1,intermediate|advanced,advanced|intermediate,cambridge_15_21_random_intermediate_advanced,4,20,random,,216.203125,439.53125,256.203125,461.609375,5,3,hover,16.900000035762787,16.900000035762787,0.6100495399858458,0.119921875,106,,,,,,2026-08-16T17:54:38.981Z,K8EF3YCB,2026-08-16,2026-08-16,11:54:38,2026-08-16 11:54:38,,,,,,,,697ab12b4591197afc56d253,697ab12b4591197afc56d253,,,,
39695,raw_position_sample,2,3,adv,25,3,3,4,45, to ,508,207,1566949.5,697ab12b4591197afc56d253,697ab12b4591197afc56d253,advanced,3,697ab12b4591197afc56d253,697ab12b4591197afc56d253,spotlight_PROLIFIC,,31,Mexico,Spanish,N/A,,Spanish:75|English:25,100,Spanish:60|English:40,100,Spanish:90|English:10,100,29,0,Bachelor's,10,10,10,2,3,8,18,30,25,29,,,,,15,25,B1,intermediate|advanced,advanced|intermediate,cambridge_15_21_random_intermediate_advanced,4,20,random,,184.203125,505,208.203125,527.078125,4,5,,,,,,,,,,,,2026-08-16T17:54:38.981Z,K8EF3YCB,2026-08-16,2026-08-16,11:54:38,2026-08-16 11:54:38,,,,,,,,697ab12b4591197afc56d253,697ab12b4591197afc56d253,,,,
39710,hover_association,2,3,adv,25,3,3,4,45, to ,508,207,,697ab12b4591197afc56d253,697ab12b4591197afc56d253,advanced,3,697ab12b4591197afc56d253,697ab12b4591197afc56d253,spotlight_PROLIFIC,,31,Mexico,Spanish,N/A,,Spanish:75|English:25,100,Spanish:60|English:40,100,Spanish:90|English:10,100,29,0,Bachelor's,10,10,10,2,3,8,18,30,25,29,,,,,15,25,B1,intermediate|advanced,advanced|intermediate,cambridge_15_21_random_intermediate_advanced,4,20,random,,176.203125,505,216.203125,527.078125,4,5,hover,16.5,16.5,0.13588110403397027,0.769921875,106,,,,,,2026-08-16T17:54:38.981Z,K8EF3YCB,2026-08-16,2026-08-16,11:54:38,2026-08-16 11:54:38,,,,,,,,697ab12b4591197afc56d253,697ab12b4591197afc56d253,,,,
39727,hover_association,2,3,adv,25,3,3,4,47, around ,575,189,,697ab12b4591197afc56d253,697ab12b4591197afc56d253,advanced,3,697ab12b4591197afc56d253,697ab12b4591197afc56d253,spotlight_PROLIFIC,,31,Mexico,Spanish,N/A,,Spanish:75|English:25,100,Spanish:60|English:40,100,Spanish:90|English:10,100,29,0,Bachelor's,10,10,10,2,3,8,18,30,25,29,,,,,15,25,B1,intermediate|advanced,advanced|intermediate,cambridge_15_21_random_intermediate_advanced,4,20,random,,176.203125,565.3125,216.203125,631.375,4,7,hover,17,17,0.1466414380321665,0.319921875,106,,,,,,2026-08-16T17:54:38.981Z,K8EF3YCB,2026-08-16,2026-08-16,11:54:38,2026-08-16 11:54:38,,,,,,,,697ab12b4591197afc56d253,697ab12b4591197afc56d253,,,,
39743,hover_association,2,3,adv,25,3,3,4,34," Laura, ",626,174,,697ab12b4591197afc56d253,697ab12b4591197afc56d253,advanced,3,697ab12b4591197afc56d253,697ab12b4591197afc56d253,spotlight_PROLIFIC,,31,Mexico,Spanish,N/A,,Spanish:75|English:25,100,Spanish:60|English:40,100,Spanish:90|English:10,100,29,0,Bachelor's,10,10,10,2,3,8,18,30,25,29,,,,,15,25,B1,intermediate|advanced,advanced|intermediate,cambridge_15_21_random_intermediate_advanced,4,20,random,,136.203125,579.421875,176.203125,636.765625,3,6,hover,16.299999952316284,16.299999952316284,0.8122615803814713,0.944921875,106,,,,,,2026-08-16T17:54:38.981Z,K8EF3YCB,2026-08-16,2026-08-16,11:54:38,2026-08-16 11:54:38,,,,,,,,697ab12b4591197afc56d253,697ab12b4591197afc56d253,,,,
39745,raw_position_sample,2,3,adv,25,3,3,4,36, 50-year-old ,661,166,1566999.3999999762,697ab12b4591197afc56d253,697ab12b4591197afc56d253,advanced,3,697ab12b4591197afc56d253,697ab12b4591197afc56d253,spotlight_PROLIFIC,,31,Mexico,Spanish,N/A,,Spanish:75|English:25,100,Spanish:60|English:40,100,Spanish:90|English:10,100,29,0,Bachelor's,10,10,10,2,3,8,18,30,25,29,,,,,15,25,B1,intermediate|advanced,advanced|intermediate,cambridge_15_21_random_intermediate_advanced,4,20,random,,144.203125,651.546875,168.203125,751.890625,3,8,,,,,,,,,,,,2026-08-16T17:54:38.981Z,K8EF3YCB,2026-08-16,2026-08-16,11:54:38,2026-08-16 11:54:38,,,,,,,,697ab12b4591197afc56d253,697ab12b4591197afc56d253,,,,
39794,raw_position_sample,2,3,adv,25,3,3,4,36, 50-year-old ,694,157,1567049.0999999642,697ab12b4591197afc56d253,697ab12b4591197afc56d253,advanced,3,697ab12b4591197afc56d253,697ab12b4591197afc56d253,spotlight_PROLIFIC,,31,Mexico,Spanish,N/A,,Spanish:75|English:25,100,Spanish:60|English:40,100,Spanish:90|English:10,100,29,0,Bachelor's,10,10,10,2,3,8,18,30,25,29,,,,,15,25,B1,intermediate|advanced,advanced|intermediate,cambridge_15_21_random_intermediate_advanced,4,20,random,,144.203125,651.546875,168.203125,751.890625,3,8,,,,,,,,,,,,2026-08-16T17:54:38.981Z,K8EF3YCB,2026-08-16,2026-08-16,11:54:38,2026-08-16 11:54:38,,,,,,,,697ab12b4591197afc56d253,697ab12b4591197afc56d253,,,,
39845,raw_position_sample,2,3,adv,25,3,3,4,36, 50-year-old ,709,157,1567099.300000012,697ab12b4591197afc56d253,697ab12b4591197afc56d253,advanced,3,697ab12b4591197afc56d253,697ab12b4591197afc56d253,spotlight_PROLIFIC,,31,Mexico,Spanish,N/A,,Spanish:75|English:25,100,Spanish:60|English:40,100,Spanish:90|English:10,100,29,0,Bachelor's,10,10,10,2,3,8,18,30,25,29,,,,,15,25,B1,intermediate|advanced,advanced|intermediate,cambridge_15_21_random_intermediate_advanced,4,20,random,,144.203125,651.546875,168.203125,751.890625,3,8,,,,,,,,,,,,2026-08-16T17:54:38.981Z,K8EF3YCB,2026-08-16,2026-08-16,11:54:38,2026-08-16 11:54:38,,,,,,,,697ab12b4591197afc56d253,697ab12b4591197afc56d253,,,,
39885,raw_position_sample,2,3,adv,25,3,3,4,36, 50-year-old ,712,157,1567139.5999999642,697ab12b4591197afc56d253,697ab12b4591197afc56d253,advanced,3,697ab12b4591197afc56d253,697ab12b4591197afc56d253,spotlight_PROLIFIC,,31,Mexico,Spanish,N/A,,Spanish:75|English:25,100,Spanish:60|English:40,100,Spanish:90|English:10,100,29,0,Bachelor's,10,10,10,2,3,8,18,30,25,29,,,,,15,25,B1,intermediate|advanced,advanced|intermediate,cambridge_15_21_random_intermediate_advanced,4,20,random,,144.203125,651.546875,168.203125,751.890625,3,8,,,,,,,,,,,,2026-08-16T17:54:38.981Z,K8EF3YCB,2026-08-16,2026-08-16,11:54:38,2026-08-16 11:54:38,,,,,,,,697ab12b4591197afc56d253,697ab12b4591197afc56d253,,,,
39944,raw_position_sample,2,3,adv,25,3,3,4,36, 50-year-old ,718,157,1567198.300000012,697ab12b4591197afc56d253,697ab12b4591197afc56d253,advanced,3,697ab12b4591197afc56d253,697ab12b4591197afc56d253,spotlight_PROLIFIC,,31,Mexico,Spanish,N/A,,Spanish:75|English:25,100,Spanish:60|English:40,100,Spanish:90|English:10,100,29,0,Bachelor's,10,10,10,2,3,8,18,30,25,29,,,,,15,25,B1,intermediate|advanced,advanced|intermediate,cambridge_15_21_random_intermediate_advanced,4,20,random,,144.203125,651.546875,168.203125,751.890625,3,8,,,,,,,,,,,,2026-08-16T17:54:38.981Z,K8EF3YCB,2026-08-16,2026-08-16,11:54:38,2026-08-16 11:54:38,,,,,,,,697ab12b4591197afc56d253,697ab12b4591197afc56d253,,,,
39984,raw_position_sample,2,3,adv,25,3,3,4,36, 50-year-old ,719,161,1567238.800000012,697ab12b4591197afc56d253,697ab12b4591197afc56d253,advanced,3,697ab12b4591197afc56d253,697ab12b4591197afc56d253,spotlight_PROLIFIC,,31,Mexico,Spanish,N/A,,Spanish:75|English:25,100,Spanish:60|English:40,100,Spanish:90|English:10,100,29,0,Bachelor's,10,10,10,2,3,8,18,30,25,29,,,,,15,25,B1,intermediate|advanced,advanced|intermediate,cambridge_15_21_random_intermediate_advanced,4,20,random,,144.203125,651.546875,168.203125,751.890625,3,8,,,,,,,,,,,,2026-08-16T17:54:38.981Z,K8EF3YCB,2026-08-16,2026-08-16,11:54:38,2026-08-16 11:54:38,,,,,,,,697ab12b4591197afc56d253,697ab12b4591197afc56d253,,,,
40009,hover_association,2,3,adv,25,3,3,4,36, 50-year-old ,661,166,,697ab12b4591197afc56d253,697ab12b4591197afc56d253,advanced,3,697ab12b4591197afc56d253,697ab12b4591197afc56d253,spotlight_PROLIFIC,,31,Mexico,Spanish,N/A,,Spanish:75|English:25,100,Spanish:60|English:40,100,Spanish:90|English:10,100,29,0,Bachelor's,10,10,10,2,3,8,18,30,25,29,,,,,15,25,B1,intermediate|advanced,advanced|intermediate,cambridge_15_21_random_intermediate_advanced,4,20,random,,136.203125,651.546875,176.203125,751.890625,3,8,hover,266.5,266.5,0.6722204920585487,0.869921875,106,,,,,,2026-08-16T17:54:38.981Z,K8EF3YCB,2026-08-16,2026-08-16,11:54:38,2026-08-16 11:54:38,,,,,,,,697ab12b4591197afc56d253,697ab12b4591197afc56d253,,,,
40044,raw_position_sample,2,3,adv,25,3,3,4,49, shops ,715,189,1567298.800000012,697ab12b4591197afc56d253,697ab12b4591197afc56d253,advanced,3,697ab12b4591197afc56d253,697ab12b4591197afc56d253,spotlight_PROLIFIC,,31,Mexico,Spanish,N/A,,Spanish:75|English:25,100,Spanish:60|English:40,100,Spanish:90|English:10,100,29,0,Bachelor's,10,10,10,2,3,8,18,30,25,29,,,,,15,25,B1,intermediate|advanced,advanced|intermediate,cambridge_15_21_random_intermediate_advanced,4,20,random,,184.203125,682.078125,208.203125,737.09375,4,9,,,,,,,,,,,,2026-08-16T17:54:38.981Z,K8EF3YCB,2026-08-16,2026-08-16,11:54:38,2026-08-16 11:54:38,,,,,,,,697ab12b4591197afc56d253,697ab12b4591197afc56d253,,,,
40092,raw_position_sample,2,3,adv,25,3,3,4,49, shops ,715,190,1567346.5,697ab12b4591197afc56d253,697ab12b4591197afc56d253,advanced,3,697ab12b4591197afc56d253,697ab12b4591197afc56d253,spotlight_PROLIFIC,,31,Mexico,Spanish,N/A,,Spanish:75|English:25,100,Spanish:60|English:40,100,Spanish:90|English:10,100,29,0,Bachelor's,10,10,10,2,3,8,18,30,25,29,,,,,15,25,B1,intermediate|advanced,advanced|intermediate,cambridge_15_21_random_intermediate_advanced,4,20,random,,184.203125,682.078125,208.203125,737.09375,4,9,,,,,,,,,,,,2026-08-16T17:54:38.981Z,K8EF3YCB,2026-08-16,2026-08-16,11:54:38,2026-08-16 11:54:38,,,,,,,,697ab12b4591197afc56d253,697ab12b4591197afc56d253,,,,
40141,raw_position_sample,2,3,adv,25,3,3,4,49, shops ,715,190,1567396,697ab12b4591197afc56d253,697ab12b4591197afc56d253,advanced,3,697ab12b4591197afc56d253,697ab12b4591197afc56d253,spotlight_PROLIFIC,,31,Mexico,Spanish,N/A,,Spanish:75|English:25,100,Spanish:60|English:40,100,Spanish:90|English:10,100,29,0,Bachelor's,10,10,10,2,3,8,18,30,25,29,,,,,15,25,B1,intermediate|advanced,advanced|intermediate,cambridge_15_21_random_intermediate_advanced,4,20,random,,184.203125,682.078125,208.203125,737.09375,4,9,,,,,,,,,,,,2026-08-16T17:54:38.981Z,K8EF3YCB,2026-08-16,2026-08-16,11:54:38,2026-08-16 11:54:38,,,,,,,,697ab12b4591197afc56d253,697ab12b4591197afc56d253,,,,
40189,raw_position_sample,2,3,adv,25,3,3,4,49, shops ,715,190,1567443.3999999762,697ab12b4591197afc56d253,697ab12b4591197afc56d253,advanced,3,697ab12b4591197afc56d253,697ab12b4591197afc56d253,spotlight_PROLIFIC,,31,Mexico,Spanish,N/A,,Spanish:75|English:25,100,Spanish:60|English:40,100,Spanish:90|English:10,100,29,0,Bachelor's,10,10,10,2,3,8,18,30,25,29,,,,,15,25,B1,intermediate|advanced,advanced|intermediate,cambridge_15_21_random_intermediate_advanced,4,20,random,,184.203125,682.078125,208.203125,737.09375,4,9,,,,,,,,,,,,2026-08-16T17:54:38.981Z,K8EF3YCB,2026-08-16,2026-08-16,11:54:38,2026-08-16 11:54:38,,,,,,,,697ab12b4591197afc56d253,697ab12b4591197afc56d253,,,,
40238,raw_position_sample,2,3,adv,25,3,3,4,49, shops ,715,190,1567492.199999988,697ab12b4591197afc56d253,697ab12b4591197afc56d253,advanced,3,697ab12b4591197afc56d253,697ab12b4591197afc56d253,spotlight_PROLIFIC,,31,Mexico,Spanish,N/A,,Spanish:75|English:25,100,Spanish:60|English:40,100,Spanish:90|English:10,100,29,0,Bachelor's,10,10,10,2,3,8,18,30,25,29,,,,,15,25,B1,intermediate|advanced,advanced|intermediate,cambridge_15_21_random_intermediate_advanced,4,20,random,,184.203125,682.078125,208.203125,737.09375,4,9,,,,,,,,,,,,2026-08-16T17:54:38.981Z,K8EF3YCB,2026-08-16,2026-08-16,11:54:38,2026-08-16 11:54:38,,,,,,,,697ab12b4591197afc56d253,697ab12b4591197afc56d253,,,,
40286,raw_position_sample,2,3,adv,25,3,3,4,49, shops ,715,190,1567540.8999999762,697ab12b4591197afc56d253,697ab12b4591197afc56d253,advanced,3,697ab12b4591197afc56d253,697ab12b4591197afc56d253,spotlight_PROLIFIC,,31,Mexico,Spanish,N/A,,Spanish:75|English:25,100,Spanish:60|English:40,100,Spanish:90|English:10,100,29,0,Bachelor's,10,10,10,2,3,8,18,30,25,29,,,,,15,25,B1,intermediate|advanced,advanced|intermediate,cambridge_15_21_random_intermediate_advanced,4,20,random,,184.203125,682.078125,208.203125,737.09375,4,9,,,,,,,,,,,,2026-08-16T17:54:38.981Z,K8EF3YCB,2026-08-16,2026-08-16,11:54:38,2026-08-16 11:54:38,,,,,,,,697ab12b4591197afc56d253,697ab12b4591197afc56d253,,,,
40351,raw_position_sample,2,3,adv,25,3,3,4,49, shops ,715,190,1567605.199999988,697ab12b4591197afc56d253,697ab12b4591197afc56d253,advanced,3,697ab12b4591197afc56d253,697ab12b4591197afc56d253,spotlight_PROLIFIC,,31,Mexico,Spanish,N/A,,Spanish:75|English:25,100,Spanish:60|English:40,100,Spanish:90|English:10,100,29,0,Bachelor's,10,10,10,2,3,8,18,30,25,29,,,,,15,25,B1,intermediate|advanced,advanced|intermediate,cambridge_15_21_random_intermediate_advanced,4,20,random,,184.203125,682.078125,208.203125,737.09375,4,9,,,,,,,,,,,,2026-08-16T17:54:38.981Z,K8EF3YCB,2026-08-16,2026-08-16,11:54:38,2026-08-16 11:54:38,,,,,,,,697ab12b4591197afc56d253,697ab12b4591197afc56d253,,,,
40395,raw_position_sample,2,3,adv,25,3,3,4,49, shops ,729,189,1567649.8999999762,697ab12b4591197afc56d253,697ab12b4591197afc56d253,advanced,3,697ab12b4591197afc56d253,697ab12b4591197afc56d253,spotlight_PROLIFIC,,31,Mexico,Spanish,N/A,,Spanish:75|English:25,100,Spanish:60|English:40,100,Spanish:90|English:10,100,29,0,Bachelor's,10,10,10,2,3,8,18,30,25,29,,,,,15,25,B1,intermediate|advanced,advanced|intermediate,cambridge_15_21_random_intermediate_advanced,4,20,random,,184.203125,682.078125,208.203125,737.09375,4,9,,,,,,,,,,,,2026-08-16T17:54:38.981Z,K8EF3YCB,2026-08-16,2026-08-16,11:54:38,2026-08-16 11:54:38,,,,,,,,697ab12b4591197afc56d253,697ab12b4591197afc56d253,,,,
40410,hover_association,2,3,adv,25,3,3,4,49, shops ,717,182,,697ab12b4591197afc56d253,697ab12b4591197afc56d253,advanced,3,697ab12b4591197afc56d253,697ab12b4591197afc56d253,spotlight_PROLIFIC,,31,Mexico,Spanish,N/A,,Spanish:75|English:25,100,Spanish:60|English:40,100,Spanish:90|English:10,100,29,0,Bachelor's,10,10,10,2,3,8,18,30,25,29,,,,,15,25,B1,intermediate|advanced,advanced|intermediate,cambridge_15_21_random_intermediate_advanced,4,20,random,,176.203125,682.078125,216.203125,737.09375,4,9,hover,400.10000002384186,400.10000002384186,0.852882703777336,0.319921875,106,,,,,,2026-08-16T17:54:38.981Z,K8EF3YCB,2026-08-16,2026-08-16,11:54:38,2026-08-16 11:54:38,,,,,,,,697ab12b4591197afc56d253,697ab12b4591197afc56d253,,,,
40444,raw_position_sample,2,3,adv,25,3,3,4,50, since ,777,189,1567699,697ab12b4591197afc56d253,697ab12b4591197afc56d253,advanced,3,697ab12b4591197afc56d253,697ab12b4591197afc56d253,spotlight_PROLIFIC,,31,Mexico,Spanish,N/A,,Spanish:75|English:25,100,Spanish:60|English:40,100,Spanish:90|English:10,100,29,0,Bachelor's,10,10,10,2,3,8,18,30,25,29,,,,,15,25,B1,intermediate|advanced,advanced|intermediate,cambridge_15_21_random_intermediate_advanced,4,20,random,,184.203125,737.09375,208.203125,784.96875,4,10,,,,,,,,,,,,2026-08-16T17:54:38.981Z,K8EF3YCB,2026-08-16,2026-08-16,11:54:38,2026-08-16 11:54:38,,,,,,,,697ab12b4591197afc56d253,697ab12b4591197afc56d253,,,,
40459,hover_association,2,3,adv,25,3,3,4,50, since ,744,189,,697ab12b4591197afc56d253,697ab12b4591197afc56d253,advanced,3,697ab12b4591197afc56d253,697ab12b4591197afc56d253,spotlight_PROLIFIC,,31,Mexico,Spanish,N/A,,Spanish:75|English:25,100,Spanish:60|English:40,100,Spanish:90|English:10,100,29,0,Bachelor's,10,10,10,2,3,8,18,30,25,29,,,,,15,25,B1,intermediate|advanced,advanced|intermediate,cambridge_15_21_random_intermediate_advanced,4,20,random,,176.203125,737.09375,216.203125,784.96875,4,10,hover,49.80000001192093,49.80000001192093,0.8335509138381201,0.319921875,106,,,,,,2026-08-16T17:54:38.981Z,K8EF3YCB,2026-08-16,2026-08-16,11:54:38,2026-08-16 11:54:38,,,,,,,,697ab12b4591197afc56d253,697ab12b4591197afc56d253,,,,
40495,raw_position_sample,2,3,adv,25,3,3,4,51, 2001. ,819,189,1567749.300000012,697ab12b4591197afc56d253,697ab12b4591197afc56d253,advanced,3,697ab12b4591197afc56d253,697ab12b4591197afc56d253,spotlight_PROLIFIC,,31,Mexico,Spanish,N/A,,Spanish:75|English:25,100,Spanish:60|English:40,100,Spanish:90|English:10,100,29,0,Bachelor's,10,10,10,2,3,8,18,30,25,29,,,,,15,25,B1,intermediate|advanced,advanced|intermediate,cambridge_15_21_random_intermediate_advanced,4,20,random,,184.203125,784.96875,208.203125,835.671875,4,11,,,,,,,,,,,,2026-08-16T17:54:38.981Z,K8EF3YCB,2026-08-16,2026-08-16,11:54:38,2026-08-16 11:54:38,,,,,,,,697ab12b4591197afc56d253,697ab12b4591197afc56d253,,,,
40543,hover_association,2,3,adv,25,3,3,4,51, 2001. ,794,189,,697ab12b4591197afc56d253,697ab12b4591197afc56d253,advanced,3,697ab12b4591197afc56d253,697ab12b4591197afc56d253,spotlight_PROLIFIC,,31,Mexico,Spanish,N/A,,Spanish:75|English:25,100,Spanish:60|English:40,100,Spanish:90|English:10,100,29,0,Bachelor's,10,10,10,2,3,8,18,30,25,29,,,,,15,25,B1,intermediate|advanced,advanced|intermediate,cambridge_15_21_random_intermediate_advanced,4,20,random,,176.203125,784.96875,216.203125,835.671875,4,11,hover,83.59999996423721,83.59999996423721,0.9473035439137134,0.319921875,106,,,,,,2026-08-16T17:54:38.981Z,K8EF3YCB,2026-08-16,2026-08-16,11:54:38,2026-08-16 11:54:38,,,,,,,,697ab12b4591197afc56d253,697ab12b4591197afc56d253,,,,
40545,raw_position_sample,2,3,adv,25,3,3,4,52, The ,839,189,1567799.5,697ab12b4591197afc56d253,697ab12b4591197afc56d253,advanced,3,697ab12b4591197afc56d253,697ab12b4591197afc56d253,spotlight_PROLIFIC,,31,Mexico,Spanish,N/A,,Spanish:75|English:25,100,Spanish:60|English:40,100,Spanish:90|English:10,100,29,0,Bachelor's,10,10,10,2,3,8,18,30,25,29,,,,,15,25,B1,intermediate|advanced,advanced|intermediate,cambridge_15_21_random_intermediate_advanced,4,20,random,,184.203125,835.671875,208.203125,871.640625,4,12,,,,,,,,,,,,2026-08-16T17:54:38.981Z,K8EF3YCB,2026-08-16,2026-08-16,11:54:38,2026-08-16 11:54:38,,,,,,,,697ab12b4591197afc56d253,697ab12b4591197afc56d253,,,,
40594,raw_position_sample,2,3,adv,25,3,3,4,52, The ,857,186,1567849.0999999642,697ab12b4591197afc56d253,697ab12b4591197afc56d253,advanced,3,697ab12b4591197afc56d253,697ab12b4591197afc56d253,spotlight_PROLIFIC,,31,Mexico,Spanish,N/A,,Spanish:75|English:25,100,Spanish:60|English:40,100,Spanish:90|English:10,100,29,0,Bachelor's,10,10,10,2,3,8,18,30,25,29,,,,,15,25,B1,intermediate|advanced,advanced|intermediate,cambridge_15_21_random_intermediate_advanced,4,20,random,,184.203125,835.671875,208.203125,871.640625,4,12,,,,,,,,,,,,2026-08-16T17:54:38.981Z,K8EF3YCB,2026-08-16,2026-08-16,11:54:38,2026-08-16 11:54:38,,,,,,,,697ab12b4591197afc56d253,697ab12b4591197afc56d253,,,,
40644,raw_position_sample,2,3,adv,25,3,3,4,52, The ,869,183,1567899,697ab12b4591197afc56d253,697ab12b4591197afc56d253,advanced,3,697ab12b4591197afc56d253,697ab12b4591197afc56d253,spotlight_PROLIFIC,,31,Mexico,Spanish,N/A,,Spanish:75|English:25,100,Spanish:60|English:40,100,Spanish:90|English:10,100,29,0,Bachelor's,10,10,10,2,3,8,18,30,25,29,,,,,15,25,B1,intermediate|advanced,advanced|intermediate,cambridge_15_21_random_intermediate_advanced,4,20,random,,184.203125,835.671875,208.203125,871.640625,4,12,,,,,,,,,,,,2026-08-16T17:54:38.981Z,K8EF3YCB,2026-08-16,2026-08-16,11:54:38,2026-08-16 11:54:38,,,,,,,,697ab12b4591197afc56d253,697ab12b4591197afc56d253,,,,
40659,hover_association,2,3,adv,25,3,3,4,52, The ,839,189,,697ab12b4591197afc56d253,697ab12b4591197afc56d253,advanced,3,697ab12b4591197afc56d253,697ab12b4591197afc56d253,spotlight_PROLIFIC,,31,Mexico,Spanish,N/A,,Spanish:75|English:25,100,Spanish:60|English:40,100,Spanish:90|English:10,100,29,0,Bachelor's,10,10,10,2,3,8,18,30,25,29,,,,,15,25,B1,intermediate|advanced,advanced|intermediate,cambridge_15_21_random_intermediate_advanced,4,20,random,,176.203125,835.671875,216.203125,871.640625,4,12,hover,116.40000003576279,116.40000003576279,0.926585577758471,0.169921875,106,,,,,,2026-08-16T17:54:38.981Z,K8EF3YCB,2026-08-16,2026-08-16,11:54:38,2026-08-16 11:54:38,,,,,,,,697ab12b4591197afc56d253,697ab12b4591197afc56d253,,,,
40694,raw_position_sample,2,3,adv,25,3,3,4,53, purchase ,891,180,1567949,697ab12b4591197afc56d253,697ab12b4591197afc56d253,advanced,3,697ab12b4591197afc56d253,697ab12b4591197afc56d253,spotlight_PROLIFIC,,31,Mexico,Spanish,N/A,,Spanish:75|English:25,100,Spanish:60|English:40,100,Spanish:90|English:10,100,29,0,Bachelor's,10,10,10,2,3,8,18,30,25,29,,,,,15,25,B1,intermediate|advanced,advanced|intermediate,cambridge_15_21_random_intermediate_advanced,4,20,random,,184.203125,871.640625,208.203125,949.546875,4,13,,,,,,,,,,,,2026-08-16T17:54:38.981Z,K8EF3YCB,2026-08-16,2026-08-16,11:54:38,2026-08-16 11:54:38,,,,,,,,697ab12b4591197afc56d253,697ab12b4591197afc56d253,,,,
40735,raw_position_sample,2,3,adv,25,3,3,4,53, purchase ,896,180,1567989.800000012,697ab12b4591197afc56d253,697ab12b4591197afc56d253,advanced,3,697ab12b4591197afc56d253,697ab12b4591197afc56d253,spotlight_PROLIFIC,,31,Mexico,Spanish,N/A,,Spanish:75|English:25,100,Spanish:60|English:40,100,Spanish:90|English:10,100,29,0,Bachelor's,10,10,10,2,3,8,18,30,25,29,,,,,15,25,B1,intermediate|advanced,advanced|intermediate,cambridge_15_21_random_intermediate_advanced,4,20,random,,184.203125,871.640625,208.203125,949.546875,4,13,,,,,,,,,,,,2026-08-16T17:54:38.981Z,K8EF3YCB,2026-08-16,2026-08-16,11:54:38,2026-08-16 11:54:38,,,,,,,,697ab12b4591197afc56d253,697ab12b4591197afc56d253,,,,
40793,raw_position_sample,2,3,adv,25,3,3,4,53, purchase ,900,180,1568047.5,697ab12b4591197afc56d253,697ab12b4591197afc56d253,advanced,3,697ab12b4591197afc56d253,697ab12b4591197afc56d253,spotlight_PROLIFIC,,31,Mexico,Spanish,N/A,,Spanish:75|English:25,100,Spanish:60|English:40,100,Spanish:90|English:10,100,29,0,Bachelor's,10,10,10,2,3,8,18,30,25,29,,,,,15,25,B1,intermediate|advanced,advanced|intermediate,cambridge_15_21_random_intermediate_advanced,4,20,random,,184.203125,871.640625,208.203125,949.546875,4,13,,,,,,,,,,,,2026-08-16T17:54:38.981Z,K8EF3YCB,2026-08-16,2026-08-16,11:54:38,2026-08-16 11:54:38,,,,,,,,697ab12b4591197afc56d253,697ab12b4591197afc56d253,,,,
40845,raw_position_sample,2,3,adv,25,3,3,4,53, purchase ,893,187,1568099.300000012,697ab12b4591197afc56d253,697ab12b4591197afc56d253,advanced,3,697ab12b4591197afc56d253,697ab12b4591197afc56d253,spotlight_PROLIFIC,,31,Mexico,Spanish,N/A,,Spanish:75|English:25,100,Spanish:60|English:40,100,Spanish:90|English:10,100,29,0,Bachelor's,10,10,10,2,3,8,18,30,25,29,,,,,15,25,B1,intermediate|advanced,advanced|intermediate,cambridge_15_21_random_intermediate_advanced,4,20,random,,184.203125,871.640625,208.203125,949.546875,4,13,,,,,,,,,,,,2026-08-16T17:54:38.981Z,K8EF3YCB,2026-08-16,2026-08-16,11:54:38,2026-08-16 11:54:38,,,,,,,,697ab12b4591197afc56d253,697ab12b4591197afc56d253,,,,
40876,hover_association,2,3,adv,25,3,3,4,53, purchase ,878,181,,697ab12b4591197afc56d253,697ab12b4591197afc56d253,advanced,3,697ab12b4591197afc56d253,697ab12b4591197afc56d253,spotlight_PROLIFIC,,31,Mexico,Spanish,N/A,,Spanish:75|English:25,100,Spanish:60|English:40,100,Spanish:90|English:10,100,29,0,Bachelor's,10,10,10,2,3,8,18,30,25,29,,,,,15,25,B1,intermediate|advanced,advanced|intermediate,cambridge_15_21_random_intermediate_advanced,4,20,random,,176.203125,871.640625,216.203125,953.79375,4,13,hover,216.5999999642372,216.5999999642372,0.08958119365514089,0.494921875,106,,,,,,2026-08-16T17:54:38.981Z,K8EF3YCB,2026-08-16,2026-08-16,11:54:38,2026-08-16 11:54:38,,,,,,,,697ab12b4591197afc56d253,697ab12b4591197afc56d253,,,,
40894,raw_position_sample,2,3,adv,25,3,3,4,52, The ,848,208,1568148.800000012,697ab12b4591197afc56d253,697ab12b4591197afc56d253,advanced,3,697ab12b4591197afc56d253,697ab12b4591197afc56d253,spotlight_PROLIFIC,,31,Mexico,Spanish,N/A,,Spanish:75|English:25,100,Spanish:60|English:40,100,Spanish:90|English:10,100,29,0,Bachelor's,10,10,10,2,3,8,18,30,25,29,,,,,15,25,B1,intermediate|advanced,advanced|intermediate,cambridge_15_21_random_intermediate_advanced,4,20,random,,184.203125,835.671875,208.203125,871.640625,4,12,,,,,,,,,,,,2026-08-16T17:54:38.981Z,K8EF3YCB,2026-08-16,2026-08-16,11:54:38,2026-08-16 11:54:38,,,,,,,,697ab12b4591197afc56d253,697ab12b4591197afc56d253,,,,
40909,hover_association,2,3,adv,25,3,3,4,52, The ,862,203,,697ab12b4591197afc56d253,697ab12b4591197afc56d253,advanced,3,697ab12b4591197afc56d253,697ab12b4591197afc56d253,spotlight_PROLIFIC,,31,Mexico,Spanish,N/A,,Spanish:75|English:25,100,Spanish:60|English:40,100,Spanish:90|English:10,100,29,0,Bachelor's,10,10,10,2,3,8,18,30,25,29,,,,,15,25,B1,intermediate|advanced,advanced|intermediate,cambridge_15_21_random_intermediate_advanced,4,20,random,,176.203125,835.671875,216.203125,871.640625,4,12,hover,33.30000001192093,33.30000001192093,0.342745438748914,0.794921875,106,,,,,,2026-08-16T17:54:38.981Z,K8EF3YCB,2026-08-16,2026-08-16,11:54:38,2026-08-16 11:54:38,,,,,,,,697ab12b4591197afc56d253,697ab12b4591197afc56d253,,,,
40926,hover_association,2,3,adv,25,3,3,4,51, 2001. ,834,213,,697ab12b4591197afc56d253,697ab12b4591197afc56d253,advanced,3,697ab12b4591197afc56d253,697ab12b4591197afc56d253,spotlight_PROLIFIC,,31,Mexico,Spanish,N/A,,Spanish:75|English:25,100,Spanish:60|English:40,100,Spanish:90|English:10,100,29,0,Bachelor's,10,10,10,2,3,8,18,30,25,29,,,,,15,25,B1,intermediate|advanced,advanced|intermediate,cambridge_15_21_random_intermediate_advanced,4,20,random,,176.203125,784.96875,216.203125,835.671875,4,11,hover,16.900000035762787,16.900000035762787,0.9670261941448383,0.919921875,106,,,,,,2026-08-16T17:54:38.981Z,K8EF3YCB,2026-08-16,2026-08-16,11:54:38,2026-08-16 11:54:38,,,,,,,,697ab12b4591197afc56d253,697ab12b4591197afc56d253,,,,
40944,raw_position_sample,2,3,adv,25,3,3,4,66, product ,810,219,1568198.800000012,697ab12b4591197afc56d253,697ab12b4591197afc56d253,advanced,3,697ab12b4591197afc56d253,697ab12b4591197afc56d253,spotlight_PROLIFIC,,31,Mexico,Spanish,N/A,,Spanish:75|English:25,100,Spanish:60|English:40,100,Spanish:90|English:10,100,29,0,Bachelor's,10,10,10,2,3,8,18,30,25,29,,,,,15,25,B1,intermediate|advanced,advanced|intermediate,cambridge_15_21_random_intermediate_advanced,4,20,random,,224.203125,753.375,248.203125,824.421875,5,13,,,,,,,,,,,,2026-08-16T17:54:38.981Z,K8EF3YCB,2026-08-16,2026-08-16,11:54:38,2026-08-16 11:54:38,,,,,,,,697ab12b4591197afc56d253,697ab12b4591197afc56d253,,,,
40994,raw_position_sample,2,3,adv,25,3,3,4,66, product ,788,222,1568248.800000012,697ab12b4591197afc56d253,697ab12b4591197afc56d253,advanced,3,697ab12b4591197afc56d253,697ab12b4591197afc56d253,spotlight_PROLIFIC,,31,Mexico,Spanish,N/A,,Spanish:75|English:25,100,Spanish:60|English:40,100,Spanish:90|English:10,100,29,0,Bachelor's,10,10,10,2,3,8,18,30,25,29,,,,,15,25,B1,intermediate|advanced,advanced|intermediate,cambridge_15_21_random_intermediate_advanced,4,20,random,,224.203125,753.375,248.203125,824.421875,5,13,,,,,,,,,,,,2026-08-16T17:54:38.981Z,K8EF3YCB,2026-08-16,2026-08-16,11:54:38,2026-08-16 11:54:38,,,,,,,,697ab12b4591197afc56d253,697ab12b4591197afc56d253,,,,
41026,hover_association,2,3,adv,25,3,3,4,66, product ,821,217,,697ab12b4591197afc56d253,697ab12b4591197afc56d253,advanced,3,697ab12b4591197afc56d253,697ab12b4591197afc56d253,spotlight_PROLIFIC,,31,Mexico,Spanish,N/A,,Spanish:75|English:25,100,Spanish:60|English:40,100,Spanish:90|English:10,100,29,0,Bachelor's,10,10,10,2,3,8,18,30,25,29,,,,,15,25,B1,intermediate|advanced,advanced|intermediate,cambridge_15_21_random_intermediate_advanced,4,20,random,,216.203125,753.375,256.203125,824.421875,5,13,hover,99.79999995231628,99.79999995231628,0.24807565427754563,0.144921875,106,,,,,,2026-08-16T17:54:38.981Z,K8EF3YCB,2026-08-16,2026-08-16,11:54:38,2026-08-16 11:54:38,,,,,,,,697ab12b4591197afc56d253,697ab12b4591197afc56d253,,,,
41044,hover_association,2,3,adv,25,3,3,4,65, of ,750,222,,697ab12b4591197afc56d253,697ab12b4591197afc56d253,advanced,3,697ab12b4591197afc56d253,697ab12b4591197afc56d253,spotlight_PROLIFIC,,31,Mexico,Spanish,N/A,,Spanish:75|English:25,100,Spanish:60|English:40,100,Spanish:90|English:10,100,29,0,Bachelor's,10,10,10,2,3,8,18,30,25,29,,,,,15,25,B1,intermediate|advanced,advanced|intermediate,cambridge_15_21_random_intermediate_advanced,4,20,random,,216.203125,731.609375,256.203125,753.375,5,12,hover,17.5,17.5,0.8449389806173726,0.144921875,106,,,,,,2026-08-16T17:54:38.981Z,K8EF3YCB,2026-08-16,2026-08-16,11:54:38,2026-08-16 11:54:38,,,,,,,,697ab12b4591197afc56d253,697ab12b4591197afc56d253,,,,
41045,raw_position_sample,2,3,adv,25,3,3,4,64, type ,717,225,1568299.8999999762,697ab12b4591197afc56d253,697ab12b4591197afc56d253,advanced,3,697ab12b4591197afc56d253,697ab12b4591197afc56d253,spotlight_PROLIFIC,,31,Mexico,Spanish,N/A,,Spanish:75|English:25,100,Spanish:60|English:40,100,Spanish:90|English:10,100,29,0,Bachelor's,10,10,10,2,3,8,18,30,25,29,,,,,15,25,B1,intermediate|advanced,advanced|intermediate,cambridge_15_21_random_intermediate_advanced,4,20,random,,224.203125,690.015625,248.203125,731.609375,5,11,,,,,,,,,,,,2026-08-16T17:54:38.981Z,K8EF3YCB,2026-08-16,2026-08-16,11:54:38,2026-08-16 11:54:38,,,,,,,,697ab12b4591197afc56d253,697ab12b4591197afc56d253,,,,
41059,hover_association,2,3,adv,25,3,3,4,64, type ,717,225,,697ab12b4591197afc56d253,697ab12b4591197afc56d253,advanced,3,697ab12b4591197afc56d253,697ab12b4591197afc56d253,spotlight_PROLIFIC,,31,Mexico,Spanish,N/A,,Spanish:75|English:25,100,Spanish:60|English:40,100,Spanish:90|English:10,100,29,0,Bachelor's,10,10,10,2,3,8,18,30,25,29,,,,,15,25,B1,intermediate|advanced,advanced|intermediate,cambridge_15_21_random_intermediate_advanced,4,20,random,,216.203125,690.015625,256.203125,731.609375,5,11,hover,15.900000035762787,15.900000035762787,0.6487603305785123,0.219921875,106,,,,,,2026-08-16T17:54:38.981Z,K8EF3YCB,2026-08-16,2026-08-16,11:54:38,2026-08-16 11:54:38,,,,,,,,697ab12b4591197afc56d253,697ab12b4591197afc56d253,,,,
41076,hover_association,2,3,adv,25,3,3,4,62, or ,675,228,,697ab12b4591197afc56d253,697ab12b4591197afc56d253,advanced,3,697ab12b4591197afc56d253,697ab12b4591197afc56d253,spotlight_PROLIFIC,,31,Mexico,Spanish,N/A,,Spanish:75|English:25,100,Spanish:60|English:40,100,Spanish:90|English:10,100,29,0,Bachelor's,10,10,10,2,3,8,18,30,25,29,,,,,15,25,B1,intermediate|advanced,advanced|intermediate,cambridge_15_21_random_intermediate_advanced,4,20,random,,216.203125,652.21875,256.203125,675.234375,5,9,hover,16.5,16.5,0.9898167006109979,0.294921875,106,,,,,,2026-08-16T17:54:38.981Z,K8EF3YCB,2026-08-16,2026-08-16,11:54:38,2026-08-16 11:54:38,,,,,,,,697ab12b4591197afc56d253,697ab12b4591197afc56d253,,,,
41094,raw_position_sample,2,3,adv,25,3,3,4,61, service ,617,230,1568348.800000012,697ab12b4591197afc56d253,697ab12b4591197afc56d253,advanced,3,697ab12b4591197afc56d253,697ab12b4591197afc56d253,spotlight_PROLIFIC,,31,Mexico,Spanish,N/A,,Spanish:75|English:25,100,Spanish:60|English:40,100,Spanish:90|English:10,100,29,0,Bachelor's,10,10,10,2,3,8,18,30,25,29,,,,,15,25,B1,intermediate|advanced,advanced|intermediate,cambridge_15_21_random_intermediate_advanced,4,20,random,,224.203125,588.75,248.203125,652.21875,5,8,,,,,,,,,,,,2026-08-16T17:54:38.981Z,K8EF3YCB,2026-08-16,2026-08-16,11:54:38,2026-08-16 11:54:38,,,,,,,,697ab12b4591197afc56d253,697ab12b4591197afc56d253,,,,
41110,hover_association,2,3,adv,25,3,3,4,61, service ,646,230,,697ab12b4591197afc56d253,697ab12b4591197afc56d253,advanced,3,697ab12b4591197afc56d253,697ab12b4591197afc56d253,spotlight_PROLIFIC,,31,Mexico,Spanish,N/A,,Spanish:75|English:25,100,Spanish:60|English:40,100,Spanish:90|English:10,100,29,0,Bachelor's,10,10,10,2,3,8,18,30,25,29,,,,,15,25,B1,intermediate|advanced,advanced|intermediate,cambridge_15_21_random_intermediate_advanced,4,20,random,,216.203125,588.75,256.203125,652.21875,5,8,hover,33.59999996423721,33.59999996423721,0.4451009354997538,0.344921875,106,,,,,,2026-08-16T17:54:38.981Z,K8EF3YCB,2026-08-16,2026-08-16,11:54:38,2026-08-16 11:54:38,,,,,,,,697ab12b4591197afc56d253,697ab12b4591197afc56d253,,,,
41126,hover_association,2,3,adv,25,3,3,4,60, a ,587,230,,697ab12b4591197afc56d253,697ab12b4591197afc56d253,advanced,3,697ab12b4591197afc56d253,697ab12b4591197afc56d253,spotlight_PROLIFIC,,31,Mexico,Spanish,N/A,,Spanish:75|English:25,100,Spanish:60|English:40,100,Spanish:90|English:10,100,29,0,Bachelor's,10,10,10,2,3,8,18,30,25,29,,,,,15,25,B1,intermediate|advanced,advanced|intermediate,cambridge_15_21_random_intermediate_advanced,4,20,random,,216.203125,573.96875,256.203125,588.75,5,7,hover,16.5,16.5,0.8816067653276956,0.344921875,106,,,,,,2026-08-16T17:54:38.981Z,K8EF3YCB,2026-08-16,2026-08-16,11:54:38,2026-08-16 11:54:38,,,,,,,,697ab12b4591197afc56d253,697ab12b4591197afc56d253,,,,
41145,raw_position_sample,2,3,adv,25,3,3,4,58, related ,503,230,1568399.300000012,697ab12b4591197afc56d253,697ab12b4591197afc56d253,advanced,3,697ab12b4591197afc56d253,697ab12b4591197afc56d253,spotlight_PROLIFIC,,31,Mexico,Spanish,N/A,,Spanish:75|English:25,100,Spanish:60|English:40,100,Spanish:90|English:10,100,29,0,Bachelor's,10,10,10,2,3,8,18,30,25,29,,,,,15,25,B1,intermediate|advanced,advanced|intermediate,cambridge_15_21_random_intermediate_advanced,4,20,random,,224.203125,487.515625,248.203125,551.890625,5,5,,,,,,,,,,,,2026-08-16T17:54:38.981Z,K8EF3YCB,2026-08-16,2026-08-16,11:54:38,2026-08-16 11:54:38,,,,,,,,697ab12b4591197afc56d253,697ab12b4591197afc56d253,,,,
41159,hover_association,2,3,adv,25,3,3,4,58, related ,548,230,,697ab12b4591197afc56d253,697ab12b4591197afc56d253,advanced,3,697ab12b4591197afc56d253,697ab12b4591197afc56d253,spotlight_PROLIFIC,,31,Mexico,Spanish,N/A,,Spanish:75|English:25,100,Spanish:60|English:40,100,Spanish:90|English:10,100,29,0,Bachelor's,10,10,10,2,3,8,18,30,25,29,,,,,15,25,B1,intermediate|advanced,advanced|intermediate,cambridge_15_21_random_intermediate_advanced,4,20,random,,216.203125,487.515625,256.203125,551.890625,5,5,hover,33.5,33.5,0.24053398058252426,0.344921875,106,,,,,,2026-08-16T17:54:38.981Z,K8EF3YCB,2026-08-16,2026-08-16,11:54:38,2026-08-16 11:54:38,,,,,,,,697ab12b4591197afc56d253,697ab12b4591197afc56d253,,,,
41176,hover_association,2,3,adv,25,3,3,4,56, to ,454,230,,697ab12b4591197afc56d253,697ab12b4591197afc56d253,advanced,3,697ab12b4591197afc56d253,697ab12b4591197afc56d253,spotlight_PROLIFIC,,31,Mexico,Spanish,N/A,,Spanish:75|English:25,100,Spanish:60|English:40,100,Spanish:90|English:10,100,29,0,Bachelor's,10,10,10,2,3,8,18,30,25,29,,,,,15,25,B1,intermediate|advanced,advanced|intermediate,cambridge_15_21_random_intermediate_advanced,4,20,random,,216.203125,439.53125,256.203125,461.609375,5,3,hover,16.400000035762787,16.400000035762787,0.6553432413305025,0.344921875,106,,,,,,2026-08-16T17:54:38.981Z,K8EF3YCB,2026-08-16,2026-08-16,11:54:38,2026-08-16 11:54:38,,,,,,,,697ab12b4591197afc56d253,697ab12b4591197afc56d253,,,,
41194,raw_position_sample,2,3,adv,25,3,3,4,55, has ,414,230,1568448.8999999762,697ab12b4591197afc56d253,697ab12b4591197afc56d253,advanced,3,697ab12b4591197afc56d253,697ab12b4591197afc56d253,spotlight_PROLIFIC,,31,Mexico,Spanish,N/A,,Spanish:75|English:25,100,Spanish:60|English:40,100,Spanish:90|English:10,100,29,0,Bachelor's,10,10,10,2,3,8,18,30,25,29,,,,,15,25,B1,intermediate|advanced,advanced|intermediate,cambridge_15_21_random_intermediate_advanced,4,20,random,,224.203125,405,248.203125,439.53125,5,2,,,,,,,,,,,,2026-08-16T17:54:38.981Z,K8EF3YCB,2026-08-16,2026-08-16,11:54:38,2026-08-16 11:54:38,,,,,,,,697ab12b4591197afc56d253,697ab12b4591197afc56d253,,,,
41226,hover_association,2,3,adv,25,3,3,4,55, has ,429,230,,697ab12b4591197afc56d253,697ab12b4591197afc56d253,advanced,3,697ab12b4591197afc56d253,697ab12b4591197afc56d253,spotlight_PROLIFIC,,31,Mexico,Spanish,N/A,,Spanish:75|English:25,100,Spanish:60|English:40,100,Spanish:90|English:10,100,29,0,Bachelor's,10,10,10,2,3,8,18,30,25,29,,,,,15,25,B1,intermediate|advanced,advanced|intermediate,cambridge_15_21_random_intermediate_advanced,4,20,random,,216.203125,405,256.203125,439.53125,5,2,hover,50.09999996423721,50.09999996423721,0.08687782805429864,0.319921875,106,,,,,,2026-08-16T17:54:38.981Z,K8EF3YCB,2026-08-16,2026-08-16,11:54:38,2026-08-16 11:54:38,,,,,,,,697ab12b4591197afc56d253,697ab12b4591197afc56d253,,,,
41243,raw_position_sample,2,3,adv,25,3,3,4,54, usually ,404,228,1568497.5999999642,697ab12b4591197afc56d253,697ab12b4591197afc56d253,advanced,3,697ab12b4591197afc56d253,697ab12b4591197afc56d253,spotlight_PROLIFIC,,31,Mexico,Spanish,N/A,,Spanish:75|English:25,100,Spanish:60|English:40,100,Spanish:90|English:10,100,29,0,Bachelor's,10,10,10,2,3,8,18,30,25,29,,,,,15,25,B1,intermediate|advanced,advanced|intermediate,cambridge_15_21_random_intermediate_advanced,4,20,random,,224.203125,340.875,248.203125,405,5,1,,,,,,,,,,,,2026-08-16T17:54:38.981Z,K8EF3YCB,2026-08-16,2026-08-16,11:54:38,2026-08-16 11:54:38,,,,,,,,697ab12b4591197afc56d253,697ab12b4591197afc56d253,,,,
41289,raw_position_sample,2,3,adv,25,3,3,4,54, usually ,397,227,1568544.0999999642,697ab12b4591197afc56d253,697ab12b4591197afc56d253,advanced,3,697ab12b4591197afc56d253,697ab12b4591197afc56d253,spotlight_PROLIFIC,,31,Mexico,Spanish,N/A,,Spanish:75|English:25,100,Spanish:60|English:40,100,Spanish:90|English:10,100,29,0,Bachelor's,10,10,10,2,3,8,18,30,25,29,,,,,15,25,B1,intermediate|advanced,advanced|intermediate,cambridge_15_21_random_intermediate_advanced,4,20,random,,224.203125,340.875,248.203125,405,5,1,,,,,,,,,,,,2026-08-16T17:54:38.981Z,K8EF3YCB,2026-08-16,2026-08-16,11:54:38,2026-08-16 11:54:38,,,,,,,,697ab12b4591197afc56d253,697ab12b4591197afc56d253,,,,
41344,raw_position_sample,2,3,adv,25,3,3,4,54, usually ,393,228,1568599.0999999642,697ab12b4591197afc56d253,697ab12b4591197afc56d253,advanced,3,697ab12b4591197afc56d253,697ab12b4591197afc56d253,spotlight_PROLIFIC,,31,Mexico,Spanish,N/A,,Spanish:75|English:25,100,Spanish:60|English:40,100,Spanish:90|English:10,100,29,0,Bachelor's,10,10,10,2,3,8,18,30,25,29,,,,,15,25,B1,intermediate|advanced,advanced|intermediate,cambridge_15_21_random_intermediate_advanced,4,20,random,,224.203125,340.875,248.203125,405,5,1,,,,,,,,,,,,2026-08-16T17:54:38.981Z,K8EF3YCB,2026-08-16,2026-08-16,11:54:38,2026-08-16 11:54:38,,,,,,,,697ab12b4591197afc56d253,697ab12b4591197afc56d253,,,,
41395,raw_position_sample,2,3,adv,25,3,3,4,54, usually ,383,230,1568650,697ab12b4591197afc56d253,697ab12b4591197afc56d253,advanced,3,697ab12b4591197afc56d253,697ab12b4591197afc56d253,spotlight_PROLIFIC,,31,Mexico,Spanish,N/A,,Spanish:75|English:25,100,Spanish:60|English:40,100,Spanish:90|English:10,100,29,0,Bachelor's,10,10,10,2,3,8,18,30,25,29,,,,,15,25,B1,intermediate|advanced,advanced|intermediate,cambridge_15_21_random_intermediate_advanced,4,20,random,,224.203125,340.875,248.203125,405,5,1,,,,,,,,,,,,2026-08-16T17:54:38.981Z,K8EF3YCB,2026-08-16,2026-08-16,11:54:38,2026-08-16 11:54:38,,,,,,,,697ab12b4591197afc56d253,697ab12b4591197afc56d253,,,,
41436,raw_position_sample,2,3,adv,25,3,3,4,54, usually ,381,230,1568691.0999999642,697ab12b4591197afc56d253,697ab12b4591197afc56d253,advanced,3,697ab12b4591197afc56d253,697ab12b4591197afc56d253,spotlight_PROLIFIC,,31,Mexico,Spanish,N/A,,Spanish:75|English:25,100,Spanish:60|English:40,100,Spanish:90|English:10,100,29,0,Bachelor's,10,10,10,2,3,8,18,30,25,29,,,,,15,25,B1,intermediate|advanced,advanced|intermediate,cambridge_15_21_random_intermediate_advanced,4,20,random,,224.203125,340.875,248.203125,405,5,1,,,,,,,,,,,,2026-08-16T17:54:38.981Z,K8EF3YCB,2026-08-16,2026-08-16,11:54:38,2026-08-16 11:54:38,,,,,,,,697ab12b4591197afc56d253,697ab12b4591197afc56d253,,,,
41495,raw_position_sample,2,3,adv,25,3,3,4,54, usually ,367,234,1568749.0999999642,697ab12b4591197afc56d253,697ab12b4591197afc56d253,advanced,3,697ab12b4591197afc56d253,697ab12b4591197afc56d253,spotlight_PROLIFIC,,31,Mexico,Spanish,N/A,,Spanish:75|English:25,100,Spanish:60|English:40,100,Spanish:90|English:10,100,29,0,Bachelor's,10,10,10,2,3,8,18,30,25,29,,,,,15,25,B1,intermediate|advanced,advanced|intermediate,cambridge_15_21_random_intermediate_advanced,4,20,random,,224.203125,340.875,248.203125,405,5,1,,,,,,,,,,,,2026-08-16T17:54:38.981Z,K8EF3YCB,2026-08-16,2026-08-16,11:54:38,2026-08-16 11:54:38,,,,,,,,697ab12b4591197afc56d253,697ab12b4591197afc56d253,,,,
41544,raw_position_sample,2,3,adv,25,3,3,4,54, usually ,351,241,1568799,697ab12b4591197afc56d253,697ab12b4591197afc56d253,advanced,3,697ab12b4591197afc56d253,697ab12b4591197afc56d253,spotlight_PROLIFIC,,31,Mexico,Spanish,N/A,,Spanish:75|English:25,100,Spanish:60|English:40,100,Spanish:90|English:10,100,29,0,Bachelor's,10,10,10,2,3,8,18,30,25,29,,,,,15,25,B1,intermediate|advanced,advanced|intermediate,cambridge_15_21_random_intermediate_advanced,4,20,random,,224.203125,340.875,248.203125,405,5,1,,,,,,,,,,,,2026-08-16T17:54:38.981Z,K8EF3YCB,2026-08-16,2026-08-16,11:54:38,2026-08-16 11:54:38,,,,,,,,697ab12b4591197afc56d253,697ab12b4591197afc56d253,,,,
41592,raw_position_sample,2,3,adv,25,3,3,4,54, usually ,350,241,1568846.800000012,697ab12b4591197afc56d253,697ab12b4591197afc56d253,advanced,3,697ab12b4591197afc56d253,697ab12b4591197afc56d253,spotlight_PROLIFIC,,31,Mexico,Spanish,N/A,,Spanish:75|English:25,100,Spanish:60|English:40,100,Spanish:90|English:10,100,29,0,Bachelor's,10,10,10,2,3,8,18,30,25,29,,,,,15,25,B1,intermediate|advanced,advanced|intermediate,cambridge_15_21_random_intermediate_advanced,4,20,random,,224.203125,340.875,248.203125,405,5,1,,,,,,,,,,,,2026-08-16T17:54:38.981Z,K8EF3YCB,2026-08-16,2026-08-16,11:54:38,2026-08-16 11:54:38,,,,,,,,697ab12b4591197afc56d253,697ab12b4591197afc56d253,,,,
41642,raw_position_sample,2,3,adv,25,3,3,4,54, usually ,350,241,1568897.0999999642,697ab12b4591197afc56d253,697ab12b4591197afc56d253,advanced,3,697ab12b4591197afc56d253,697ab12b4591197afc56d253,spotlight_PROLIFIC,,31,Mexico,Spanish,N/A,,Spanish:75|English:25,100,Spanish:60|English:40,100,Spanish:90|English:10,100,29,0,Bachelor's,10,10,10,2,3,8,18,30,25,29,,,,,15,25,B1,intermediate|advanced,advanced|intermediate,cambridge_15_21_random_intermediate_advanced,4,20,random,,224.203125,340.875,248.203125,405,5,1,,,,,,,,,,,,2026-08-16T17:54:38.981Z,K8EF3YCB,2026-08-16,2026-08-16,11:54:38,2026-08-16 11:54:38,,,,,,,,697ab12b4591197afc56d253,697ab12b4591197afc56d253,,,,
41691,raw_position_sample,2,3,adv,25,3,3,4,54, usually ,350,241,1568945.699999988,697ab12b4591197afc56d253,697ab12b4591197afc56d253,advanced,3,697ab12b4591197afc56d253,697ab12b4591197afc56d253,spotlight_PROLIFIC,,31,Mexico,Spanish,N/A,,Spanish:75|English:25,100,Spanish:60|English:40,100,Spanish:90|English:10,100,29,0,Bachelor's,10,10,10,2,3,8,18,30,25,29,,,,,15,25,B1,intermediate|advanced,advanced|intermediate,cambridge_15_21_random_intermediate_advanced,4,20,random,,224.203125,340.875,248.203125,405,5,1,,,,,,,,,,,,2026-08-16T17:54:38.981Z,K8EF3YCB,2026-08-16,2026-08-16,11:54:38,2026-08-16 11:54:38,,,,,,,,697ab12b4591197afc56d253,697ab12b4591197afc56d253,,,,
41745,raw_position_sample,2,3,adv,25,3,3,4,54, usually ,359,241,1568999.3999999762,697ab12b4591197afc56d253,697ab12b4591197afc56d253,advanced,3,697ab12b4591197afc56d253,697ab12b4591197afc56d253,spotlight_PROLIFIC,,31,Mexico,Spanish,N/A,,Spanish:75|English:25,100,Spanish:60|English:40,100,Spanish:90|English:10,100,29,0,Bachelor's,10,10,10,2,3,8,18,30,25,29,,,,,15,25,B1,intermediate|advanced,advanced|intermediate,cambridge_15_21_random_intermediate_advanced,4,20,random,,224.203125,340.875,248.203125,405,5,1,,,,,,,,,,,,2026-08-16T17:54:38.981Z,K8EF3YCB,2026-08-16,2026-08-16,11:54:38,2026-08-16 11:54:38,,,,,,,,697ab12b4591197afc56d253,697ab12b4591197afc56d253,,,,
41794,raw_position_sample,2,3,adv,25,3,3,4,54, usually ,389,241,1569048.8999999762,697ab12b4591197afc56d253,697ab12b4591197afc56d253,advanced,3,697ab12b4591197afc56d253,697ab12b4591197afc56d253,spotlight_PROLIFIC,,31,Mexico,Spanish,N/A,,Spanish:75|English:25,100,Spanish:60|English:40,100,Spanish:90|English:10,100,29,0,Bachelor's,10,10,10,2,3,8,18,30,25,29,,,,,15,25,B1,intermediate|advanced,advanced|intermediate,cambridge_15_21_random_intermediate_advanced,4,20,random,,224.203125,340.875,248.203125,405,5,1,,,,,,,,,,,,2026-08-16T17:54:38.981Z,K8EF3YCB,2026-08-16,2026-08-16,11:54:38,2026-08-16 11:54:38,,,,,,,,697ab12b4591197afc56d253,697ab12b4591197afc56d253,,,,
41845,raw_position_sample,2,3,adv,25,3,3,4,54, usually ,401,241,1569099.699999988,697ab12b4591197afc56d253,697ab12b4591197afc56d253,advanced,3,697ab12b4591197afc56d253,697ab12b4591197afc56d253,spotlight_PROLIFIC,,31,Mexico,Spanish,N/A,,Spanish:75|English:25,100,Spanish:60|English:40,100,Spanish:90|English:10,100,29,0,Bachelor's,10,10,10,2,3,8,18,30,25,29,,,,,15,25,B1,intermediate|advanced,advanced|intermediate,cambridge_15_21_random_intermediate_advanced,4,20,random,,224.203125,340.875,248.203125,405,5,1,,,,,,,,,,,,2026-08-16T17:54:38.981Z,K8EF3YCB,2026-08-16,2026-08-16,11:54:38,2026-08-16 11:54:38,,,,,,,,697ab12b4591197afc56d253,697ab12b4591197afc56d253,,,,
41894,raw_position_sample,2,3,adv,25,3,3,4,54, usually ,405,241,1569148.5999999642,697ab12b4591197afc56d253,697ab12b4591197afc56d253,advanced,3,697ab12b4591197afc56d253,697ab12b4591197afc56d253,spotlight_PROLIFIC,,31,Mexico,Spanish,N/A,,Spanish:75|English:25,100,Spanish:60|English:40,100,Spanish:90|English:10,100,29,0,Bachelor's,10,10,10,2,3,8,18,30,25,29,,,,,15,25,B1,intermediate|advanced,advanced|intermediate,cambridge_15_21_random_intermediate_advanced,4,20,random,,224.203125,340.875,248.203125,405,5,1,,,,,,,,,,,,2026-08-16T17:54:38.981Z,K8EF3YCB,2026-08-16,2026-08-16,11:54:38,2026-08-16 11:54:38,,,,,,,,697ab12b4591197afc56d253,697ab12b4591197afc56d253,,,,
41909,hover_association,2,3,adv,25,3,3,4,54, usually ,404,228,,697ab12b4591197afc56d253,697ab12b4591197afc56d253,advanced,3,697ab12b4591197afc56d253,697ab12b4591197afc56d253,spotlight_PROLIFIC,,31,Mexico,Spanish,N/A,,Spanish:75|English:25,100,Spanish:60|English:40,100,Spanish:90|English:10,100,29,0,Bachelor's,10,10,10,2,3,8,18,30,25,29,,,,,15,25,B1,intermediate|advanced,advanced|intermediate,cambridge_15_21_random_intermediate_advanced,4,20,random,,216.203125,336.628125,256.203125,405,5,1,hover,683.1000000238419,683.1000000238419,1,0.619921875,106,,,,,,2026-08-16T17:54:38.981Z,K8EF3YCB,2026-08-16,2026-08-16,11:54:38,2026-08-16 11:54:38,,,,,,,,697ab12b4591197afc56d253,697ab12b4591197afc56d253,,,,
41943,raw_position_sample,2,3,adv,25,3,3,4,55, has ,411,241,1569197.5,697ab12b4591197afc56d253,697ab12b4591197afc56d253,advanced,3,697ab12b4591197afc56d253,697ab12b4591197afc56d253,spotlight_PROLIFIC,,31,Mexico,Spanish,N/A,,Spanish:75|English:25,100,Spanish:60|English:40,100,Spanish:90|English:10,100,29,0,Bachelor's,10,10,10,2,3,8,18,30,25,29,,,,,15,25,B1,intermediate|advanced,advanced|intermediate,cambridge_15_21_random_intermediate_advanced,4,20,random,,224.203125,405,248.203125,439.53125,5,2,,,,,,,,,,,,2026-08-16T17:54:38.981Z,K8EF3YCB,2026-08-16,2026-08-16,11:54:38,2026-08-16 11:54:38,,,,,,,,697ab12b4591197afc56d253,697ab12b4591197afc56d253,,,,
41993,raw_position_sample,2,3,adv,25,3,3,4,55, has ,414,241,1569247.3999999762,697ab12b4591197afc56d253,697ab12b4591197afc56d253,advanced,3,697ab12b4591197afc56d253,697ab12b4591197afc56d253,spotlight_PROLIFIC,,31,Mexico,Spanish,N/A,,Spanish:75|English:25,100,Spanish:60|English:40,100,Spanish:90|English:10,100,29,0,Bachelor's,10,10,10,2,3,8,18,30,25,29,,,,,15,25,B1,intermediate|advanced,advanced|intermediate,cambridge_15_21_random_intermediate_advanced,4,20,random,,224.203125,405,248.203125,439.53125,5,2,,,,,,,,,,,,2026-08-16T17:54:38.981Z,K8EF3YCB,2026-08-16,2026-08-16,11:54:38,2026-08-16 11:54:38,,,,,,,,697ab12b4591197afc56d253,697ab12b4591197afc56d253,,,,
42044,raw_position_sample,2,3,adv,25,3,3,4,55, has ,424,241,1569298.800000012,697ab12b4591197afc56d253,697ab12b4591197afc56d253,advanced,3,697ab12b4591197afc56d253,697ab12b4591197afc56d253,spotlight_PROLIFIC,,31,Mexico,Spanish,N/A,,Spanish:75|English:25,100,Spanish:60|English:40,100,Spanish:90|English:10,100,29,0,Bachelor's,10,10,10,2,3,8,18,30,25,29,,,,,15,25,B1,intermediate|advanced,advanced|intermediate,cambridge_15_21_random_intermediate_advanced,4,20,random,,224.203125,405,248.203125,439.53125,5,2,,,,,,,,,,,,2026-08-16T17:54:38.981Z,K8EF3YCB,2026-08-16,2026-08-16,11:54:38,2026-08-16 11:54:38,,,,,,,,697ab12b4591197afc56d253,697ab12b4591197afc56d253,,,,
42094,raw_position_sample,2,3,adv,25,3,3,4,55, has ,435,241,1569348.3999999762,697ab12b4591197afc56d253,697ab12b4591197afc56d253,advanced,3,697ab12b4591197afc56d253,697ab12b4591197afc56d253,spotlight_PROLIFIC,,31,Mexico,Spanish,N/A,,Spanish:75|English:25,100,Spanish:60|English:40,100,Spanish:90|English:10,100,29,0,Bachelor's,10,10,10,2,3,8,18,30,25,29,,,,,15,25,B1,intermediate|advanced,advanced|intermediate,cambridge_15_21_random_intermediate_advanced,4,20,random,,224.203125,405,248.203125,439.53125,5,2,,,,,,,,,,,,2026-08-16T17:54:38.981Z,K8EF3YCB,2026-08-16,2026-08-16,11:54:38,2026-08-16 11:54:38,,,,,,,,697ab12b4591197afc56d253,697ab12b4591197afc56d253,,,,
42126,hover_association,2,3,adv,25,3,3,4,55, has ,408,241,,697ab12b4591197afc56d253,697ab12b4591197afc56d253,advanced,3,697ab12b4591197afc56d253,697ab12b4591197afc56d253,spotlight_PROLIFIC,,31,Mexico,Spanish,N/A,,Spanish:75|English:25,100,Spanish:60|English:40,100,Spanish:90|English:10,100,29,0,Bachelor's,10,10,10,2,3,8,18,30,25,29,,,,,15,25,B1,intermediate|advanced,advanced|intermediate,cambridge_15_21_random_intermediate_advanced,4,20,random,,216.203125,405,256.203125,439.53125,5,2,hover,216.89999997615814,216.89999997615814,0.9846153846153847,0.619921875,106,,,,,,2026-08-16T17:54:38.981Z,K8EF3YCB,2026-08-16,2026-08-16,11:54:38,2026-08-16 11:54:38,,,,,,,,697ab12b4591197afc56d253,697ab12b4591197afc56d253,,,,
42144,raw_position_sample,2,3,adv,25,3,3,4,56, to ,445,241,1569398.800000012,697ab12b4591197afc56d253,697ab12b4591197afc56d253,advanced,3,697ab12b4591197afc56d253,697ab12b4591197afc56d253,spotlight_PROLIFIC,,31,Mexico,Spanish,N/A,,Spanish:75|English:25,100,Spanish:60|English:40,100,Spanish:90|English:10,100,29,0,Bachelor's,10,10,10,2,3,8,18,30,25,29,,,,,15,25,B1,intermediate|advanced,advanced|intermediate,cambridge_15_21_random_intermediate_advanced,4,20,random,,224.203125,439.53125,248.203125,461.609375,5,3,,,,,,,,,,,,2026-08-16T17:54:38.981Z,K8EF3YCB,2026-08-16,2026-08-16,11:54:38,2026-08-16 11:54:38,,,,,,,,697ab12b4591197afc56d253,697ab12b4591197afc56d253,,,,
42194,raw_position_sample,2,3,adv,25,3,3,4,56, to ,461,241,1569448.800000012,697ab12b4591197afc56d253,697ab12b4591197afc56d253,advanced,3,697ab12b4591197afc56d253,697ab12b4591197afc56d253,spotlight_PROLIFIC,,31,Mexico,Spanish,N/A,,Spanish:75|English:25,100,Spanish:60|English:40,100,Spanish:90|English:10,100,29,0,Bachelor's,10,10,10,2,3,8,18,30,25,29,,,,,15,25,B1,intermediate|advanced,advanced|intermediate,cambridge_15_21_random_intermediate_advanced,4,20,random,,224.203125,439.53125,248.203125,461.609375,5,3,,,,,,,,,,,,2026-08-16T17:54:38.981Z,K8EF3YCB,2026-08-16,2026-08-16,11:54:38,2026-08-16 11:54:38,,,,,,,,697ab12b4591197afc56d253,697ab12b4591197afc56d253,,,,
42209,hover_association,2,3,adv,25,3,3,4,56, to ,441,241,,697ab12b4591197afc56d253,697ab12b4591197afc56d253,advanced,3,697ab12b4591197afc56d253,697ab12b4591197afc56d253,spotlight_PROLIFIC,,31,Mexico,Spanish,N/A,,Spanish:75|English:25,100,Spanish:60|English:40,100,Spanish:90|English:10,100,29,0,Bachelor's,10,10,10,2,3,8,18,30,25,29,,,,,15,25,B1,intermediate|advanced,advanced|intermediate,cambridge_15_21_random_intermediate_advanced,4,20,random,,216.203125,439.53125,256.203125,461.609375,5,3,hover,83,83,0.9723991507430998,0.619921875,106,,,,,,2026-08-16T17:54:38.981Z,K8EF3YCB,2026-08-16,2026-08-16,11:54:38,2026-08-16 11:54:38,,,,,,,,697ab12b4591197afc56d253,697ab12b4591197afc56d253,,,,
42241,raw_position_sample,2,3,adv,25,3,3,4,57, be ,473,241,1569495.5,697ab12b4591197afc56d253,697ab12b4591197afc56d253,advanced,3,697ab12b4591197afc56d253,697ab12b4591197afc56d253,spotlight_PROLIFIC,,31,Mexico,Spanish,N/A,,Spanish:75|English:25,100,Spanish:60|English:40,100,Spanish:90|English:10,100,29,0,Bachelor's,10,10,10,2,3,8,18,30,25,29,,,,,15,25,B1,intermediate|advanced,advanced|intermediate,cambridge_15_21_random_intermediate_advanced,4,20,random,,224.203125,461.609375,248.203125,487.515625,5,4,,,,,,,,,,,,2026-08-16T17:54:38.981Z,K8EF3YCB,2026-08-16,2026-08-16,11:54:38,2026-08-16 11:54:38,,,,,,,,697ab12b4591197afc56d253,697ab12b4591197afc56d253,,,,
42276,hover_association,2,3,adv,25,3,3,4,57, be ,468,241,,697ab12b4591197afc56d253,697ab12b4591197afc56d253,advanced,3,697ab12b4591197afc56d253,697ab12b4591197afc56d253,spotlight_PROLIFIC,,31,Mexico,Spanish,N/A,,Spanish:75|English:25,100,Spanish:60|English:40,100,Spanish:90|English:10,100,29,0,Bachelor's,10,10,10,2,3,8,18,30,25,29,,,,,15,25,B1,intermediate|advanced,advanced|intermediate,cambridge_15_21_random_intermediate_advanced,4,20,random,,216.203125,461.609375,256.203125,487.515625,5,4,hover,66.80000001192093,66.80000001192093,0.8642943305186972,0.619921875,106,,,,,,2026-08-16T17:54:38.981Z,K8EF3YCB,2026-08-16,2026-08-16,11:54:38,2026-08-16 11:54:38,,,,,,,,697ab12b4591197afc56d253,697ab12b4591197afc56d253,,,,
42287,raw_position_sample,2,3,adv,25,3,3,4,58, related ,489,241,1569542.0999999642,697ab12b4591197afc56d253,697ab12b4591197afc56d253,advanced,3,697ab12b4591197afc56d253,697ab12b4591197afc56d253,spotlight_PROLIFIC,,31,Mexico,Spanish,N/A,,Spanish:75|English:25,100,Spanish:60|English:40,100,Spanish:90|English:10,100,29,0,Bachelor's,10,10,10,2,3,8,18,30,25,29,,,,,15,25,B1,intermediate|advanced,advanced|intermediate,cambridge_15_21_random_intermediate_advanced,4,20,random,,224.203125,487.515625,248.203125,551.890625,5,5,,,,,,,,,,,,2026-08-16T17:54:38.981Z,K8EF3YCB,2026-08-16,2026-08-16,11:54:38,2026-08-16 11:54:38,,,,,,,,697ab12b4591197afc56d253,697ab12b4591197afc56d253,,,,
42344,raw_position_sample,2,3,adv,25,3,3,4,58, related ,505,241,1569598.699999988,697ab12b4591197afc56d253,697ab12b4591197afc56d253,advanced,3,697ab12b4591197afc56d253,697ab12b4591197afc56d253,spotlight_PROLIFIC,,31,Mexico,Spanish,N/A,,Spanish:75|English:25,100,Spanish:60|English:40,100,Spanish:90|English:10,100,29,0,Bachelor's,10,10,10,2,3,8,18,30,25,29,,,,,15,25,B1,intermediate|advanced,advanced|intermediate,cambridge_15_21_random_intermediate_advanced,4,20,random,,224.203125,487.515625,248.203125,551.890625,5,5,,,,,,,,,,,,2026-08-16T17:54:38.981Z,K8EF3YCB,2026-08-16,2026-08-16,11:54:38,2026-08-16 11:54:38,,,,,,,,697ab12b4591197afc56d253,697ab12b4591197afc56d253,,,,
42394,raw_position_sample,2,3,adv,25,3,3,4,58, related ,520,241,1569648.699999988,697ab12b4591197afc56d253,697ab12b4591197afc56d253,advanced,3,697ab12b4591197afc56d253,697ab12b4591197afc56d253,spotlight_PROLIFIC,,31,Mexico,Spanish,N/A,,Spanish:75|English:25,100,Spanish:60|English:40,100,Spanish:90|English:10,100,29,0,Bachelor's,10,10,10,2,3,8,18,30,25,29,,,,,15,25,B1,intermediate|advanced,advanced|intermediate,cambridge_15_21_random_intermediate_advanced,4,20,random,,224.203125,487.515625,248.203125,551.890625,5,5,,,,,,,,,,,,2026-08-16T17:54:38.981Z,K8EF3YCB,2026-08-16,2026-08-16,11:54:38,2026-08-16 11:54:38,,,,,,,,697ab12b4591197afc56d253,697ab12b4591197afc56d253,,,,
42442,raw_position_sample,2,3,adv,25,3,3,4,58, related ,528,241,1569696.3999999762,697ab12b4591197afc56d253,697ab12b4591197afc56d253,advanced,3,697ab12b4591197afc56d253,697ab12b4591197afc56d253,spotlight_PROLIFIC,,31,Mexico,Spanish,N/A,,Spanish:75|English:25,100,Spanish:60|English:40,100,Spanish:90|English:10,100,29,0,Bachelor's,10,10,10,2,3,8,18,30,25,29,,,,,15,25,B1,intermediate|advanced,advanced|intermediate,cambridge_15_21_random_intermediate_advanced,4,20,random,,224.203125,487.515625,248.203125,551.890625,5,5,,,,,,,,,,,,2026-08-16T17:54:38.981Z,K8EF3YCB,2026-08-16,2026-08-16,11:54:38,2026-08-16 11:54:38,,,,,,,,697ab12b4591197afc56d253,697ab12b4591197afc56d253,,,,
42494,raw_position_sample,2,3,adv,25,3,3,4,58, related ,537,241,1569748.5,697ab12b4591197afc56d253,697ab12b4591197afc56d253,advanced,3,697ab12b4591197afc56d253,697ab12b4591197afc56d253,spotlight_PROLIFIC,,31,Mexico,Spanish,N/A,,Spanish:75|English:25,100,Spanish:60|English:40,100,Spanish:90|English:10,100,29,0,Bachelor's,10,10,10,2,3,8,18,30,25,29,,,,,15,25,B1,intermediate|advanced,advanced|intermediate,cambridge_15_21_random_intermediate_advanced,4,20,random,,224.203125,487.515625,248.203125,551.890625,5,5,,,,,,,,,,,,2026-08-16T17:54:38.981Z,K8EF3YCB,2026-08-16,2026-08-16,11:54:38,2026-08-16 11:54:38,,,,,,,,697ab12b4591197afc56d253,697ab12b4591197afc56d253,,,,
42543,hover_association,2,3,adv,25,3,3,4,58, related ,489,241,,697ab12b4591197afc56d253,697ab12b4591197afc56d253,advanced,3,697ab12b4591197afc56d253,697ab12b4591197afc56d253,spotlight_PROLIFIC,,31,Mexico,Spanish,N/A,,Spanish:75|English:25,100,Spanish:60|English:40,100,Spanish:90|English:10,100,29,0,Bachelor's,10,10,10,2,3,8,18,30,25,29,,,,,15,25,B1,intermediate|advanced,advanced|intermediate,cambridge_15_21_random_intermediate_advanced,4,20,random,,216.203125,487.515625,256.203125,551.890625,5,5,hover,266.80000001192093,266.80000001192093,0.9550970873786407,0.619921875,106,,,,,,2026-08-16T17:54:38.981Z,K8EF3YCB,2026-08-16,2026-08-16,11:54:38,2026-08-16 11:54:38,,,,,,,,697ab12b4591197afc56d253,697ab12b4591197afc56d253,,,,
42545,raw_position_sample,2,3,adv,25,3,3,4,59, to ,556,241,1569799.300000012,697ab12b4591197afc56d253,697ab12b4591197afc56d253,advanced,3,697ab12b4591197afc56d253,697ab12b4591197afc56d253,spotlight_PROLIFIC,,31,Mexico,Spanish,N/A,,Spanish:75|English:25,100,Spanish:60|English:40,100,Spanish:90|English:10,100,29,0,Bachelor's,10,10,10,2,3,8,18,30,25,29,,,,,15,25,B1,intermediate|advanced,advanced|intermediate,cambridge_15_21_random_intermediate_advanced,4,20,random,,224.203125,551.890625,248.203125,573.96875,5,6,,,,,,,,,,,,2026-08-16T17:54:38.981Z,K8EF3YCB,2026-08-16,2026-08-16,11:54:38,2026-08-16 11:54:38,,,,,,,,697ab12b4591197afc56d253,697ab12b4591197afc56d253,,,,
42593,hover_association,2,3,adv,25,3,3,4,59, to ,556,241,,697ab12b4591197afc56d253,697ab12b4591197afc56d253,advanced,3,697ab12b4591197afc56d253,697ab12b4591197afc56d253,spotlight_PROLIFIC,,31,Mexico,Spanish,N/A,,Spanish:75|English:25,100,Spanish:60|English:40,100,Spanish:90|English:10,100,29,0,Bachelor's,10,10,10,2,3,8,18,30,25,29,,,,,15,25,B1,intermediate|advanced,advanced|intermediate,cambridge_15_21_random_intermediate_advanced,4,20,random,,216.203125,551.890625,256.203125,573.96875,5,6,hover,49.89999997615814,49.89999997615814,0.8655343241330502,0.619921875,106,,,,,,2026-08-16T17:54:38.981Z,K8EF3YCB,2026-08-16,2026-08-16,11:54:38,2026-08-16 11:54:38,,,,,,,,697ab12b4591197afc56d253,697ab12b4591197afc56d253,,,,
42594,raw_position_sample,2,3,adv,25,3,3,4,60, a ,577,241,1569849,697ab12b4591197afc56d253,697ab12b4591197afc56d253,advanced,3,697ab12b4591197afc56d253,697ab12b4591197afc56d253,spotlight_PROLIFIC,,31,Mexico,Spanish,N/A,,Spanish:75|English:25,100,Spanish:60|English:40,100,Spanish:90|English:10,100,29,0,Bachelor's,10,10,10,2,3,8,18,30,25,29,,,,,15,25,B1,intermediate|advanced,advanced|intermediate,cambridge_15_21_random_intermediate_advanced,4,20,random,,224.203125,573.96875,248.203125,588.75,5,7,,,,,,,,,,,,2026-08-16T17:54:38.981Z,K8EF3YCB,2026-08-16,2026-08-16,11:54:38,2026-08-16 11:54:38,,,,,,,,697ab12b4591197afc56d253,697ab12b4591197afc56d253,,,,
42626,hover_association,2,3,adv,25,3,3,4,60, a ,577,241,,697ab12b4591197afc56d253,697ab12b4591197afc56d253,advanced,3,697ab12b4591197afc56d253,697ab12b4591197afc56d253,spotlight_PROLIFIC,,31,Mexico,Spanish,N/A,,Spanish:75|English:25,100,Spanish:60|English:40,100,Spanish:90|English:10,100,29,0,Bachelor's,10,10,10,2,3,8,18,30,25,29,,,,,15,25,B1,intermediate|advanced,advanced|intermediate,cambridge_15_21_random_intermediate_advanced,4,20,random,,216.203125,573.96875,256.203125,588.75,5,7,hover,33.200000047683716,33.200000047683716,0.7463002114164905,0.644921875,106,,,,,,2026-08-16T17:54:38.981Z,K8EF3YCB,2026-08-16,2026-08-16,11:54:38,2026-08-16 11:54:38,,,,,,,,697ab12b4591197afc56d253,697ab12b4591197afc56d253,,,,
42644,raw_position_sample,2,3,adv,25,3,3,4,61, service ,598,242,1569899,697ab12b4591197afc56d253,697ab12b4591197afc56d253,advanced,3,697ab12b4591197afc56d253,697ab12b4591197afc56d253,spotlight_PROLIFIC,,31,Mexico,Spanish,N/A,,Spanish:75|English:25,100,Spanish:60|English:40,100,Spanish:90|English:10,100,29,0,Bachelor's,10,10,10,2,3,8,18,30,25,29,,,,,15,25,B1,intermediate|advanced,advanced|intermediate,cambridge_15_21_random_intermediate_advanced,4,20,random,,224.203125,588.75,248.203125,652.21875,5,8,,,,,,,,,,,,2026-08-16T17:54:38.981Z,K8EF3YCB,2026-08-16,2026-08-16,11:54:38,2026-08-16 11:54:38,,,,,,,,697ab12b4591197afc56d253,697ab12b4591197afc56d253,,,,
42694,raw_position_sample,2,3,adv,25,3,3,4,61, service ,615,243,1569948.5,697ab12b4591197afc56d253,697ab12b4591197afc56d253,advanced,3,697ab12b4591197afc56d253,697ab12b4591197afc56d253,spotlight_PROLIFIC,,31,Mexico,Spanish,N/A,,Spanish:75|English:25,100,Spanish:60|English:40,100,Spanish:90|English:10,100,29,0,Bachelor's,10,10,10,2,3,8,18,30,25,29,,,,,15,25,B1,intermediate|advanced,advanced|intermediate,cambridge_15_21_random_intermediate_advanced,4,20,random,,224.203125,588.75,248.203125,652.21875,5,8,,,,,,,,,,,,2026-08-16T17:54:38.981Z,K8EF3YCB,2026-08-16,2026-08-16,11:54:38,2026-08-16 11:54:38,,,,,,,,697ab12b4591197afc56d253,697ab12b4591197afc56d253,,,,
42745,raw_position_sample,2,3,adv,25,3,3,4,61, service ,621,243,1569999.3999999762,697ab12b4591197afc56d253,697ab12b4591197afc56d253,advanced,3,697ab12b4591197afc56d253,697ab12b4591197afc56d253,spotlight_PROLIFIC,,31,Mexico,Spanish,N/A,,Spanish:75|English:25,100,Spanish:60|English:40,100,Spanish:90|English:10,100,29,0,Bachelor's,10,10,10,2,3,8,18,30,25,29,,,,,15,25,B1,intermediate|advanced,advanced|intermediate,cambridge_15_21_random_intermediate_advanced,4,20,random,,224.203125,588.75,248.203125,652.21875,5,8,,,,,,,,,,,,2026-08-16T17:54:38.981Z,K8EF3YCB,2026-08-16,2026-08-16,11:54:38,2026-08-16 11:54:38,,,,,,,,697ab12b4591197afc56d253,697ab12b4591197afc56d253,,,,
42788,raw_position_sample,2,3,adv,25,3,3,4,61, service ,623,243,1570042.300000012,697ab12b4591197afc56d253,697ab12b4591197afc56d253,advanced,3,697ab12b4591197afc56d253,697ab12b4591197afc56d253,spotlight_PROLIFIC,,31,Mexico,Spanish,N/A,,Spanish:75|English:25,100,Spanish:60|English:40,100,Spanish:90|English:10,100,29,0,Bachelor's,10,10,10,2,3,8,18,30,25,29,,,,,15,25,B1,intermediate|advanced,advanced|intermediate,cambridge_15_21_random_intermediate_advanced,4,20,random,,224.203125,588.75,248.203125,652.21875,5,8,,,,,,,,,,,,2026-08-16T17:54:38.981Z,K8EF3YCB,2026-08-16,2026-08-16,11:54:38,2026-08-16 11:54:38,,,,,,,,697ab12b4591197afc56d253,697ab12b4591197afc56d253,,,,
42844,raw_position_sample,2,3,adv,25,3,3,4,61, service ,628,243,1570098.5,697ab12b4591197afc56d253,697ab12b4591197afc56d253,advanced,3,697ab12b4591197afc56d253,697ab12b4591197afc56d253,spotlight_PROLIFIC,,31,Mexico,Spanish,N/A,,Spanish:75|English:25,100,Spanish:60|English:40,100,Spanish:90|English:10,100,29,0,Bachelor's,10,10,10,2,3,8,18,30,25,29,,,,,15,25,B1,intermediate|advanced,advanced|intermediate,cambridge_15_21_random_intermediate_advanced,4,20,random,,224.203125,588.75,248.203125,652.21875,5,8,,,,,,,,,,,,2026-08-16T17:54:38.981Z,K8EF3YCB,2026-08-16,2026-08-16,11:54:38,2026-08-16 11:54:38,,,,,,,,697ab12b4591197afc56d253,697ab12b4591197afc56d253,,,,
42895,raw_position_sample,2,3,adv,25,3,3,4,61, service ,637,243,1570149.5,697ab12b4591197afc56d253,697ab12b4591197afc56d253,advanced,3,697ab12b4591197afc56d253,697ab12b4591197afc56d253,spotlight_PROLIFIC,,31,Mexico,Spanish,N/A,,Spanish:75|English:25,100,Spanish:60|English:40,100,Spanish:90|English:10,100,29,0,Bachelor's,10,10,10,2,3,8,18,30,25,29,,,,,15,25,B1,intermediate|advanced,advanced|intermediate,cambridge_15_21_random_intermediate_advanced,4,20,random,,224.203125,588.75,248.203125,652.21875,5,8,,,,,,,,,,,,2026-08-16T17:54:38.981Z,K8EF3YCB,2026-08-16,2026-08-16,11:54:38,2026-08-16 11:54:38,,,,,,,,697ab12b4591197afc56d253,697ab12b4591197afc56d253,,,,
42944,raw_position_sample,2,3,adv,25,3,3,4,61, service ,645,243,1570198.699999988,697ab12b4591197afc56d253,697ab12b4591197afc56d253,advanced,3,697ab12b4591197afc56d253,697ab12b4591197afc56d253,spotlight_PROLIFIC,,31,Mexico,Spanish,N/A,,Spanish:75|English:25,100,Spanish:60|English:40,100,Spanish:90|English:10,100,29,0,Bachelor's,10,10,10,2,3,8,18,30,25,29,,,,,15,25,B1,intermediate|advanced,advanced|intermediate,cambridge_15_21_random_intermediate_advanced,4,20,random,,224.203125,588.75,248.203125,652.21875,5,8,,,,,,,,,,,,2026-08-16T17:54:38.981Z,K8EF3YCB,2026-08-16,2026-08-16,11:54:38,2026-08-16 11:54:38,,,,,,,,697ab12b4591197afc56d253,697ab12b4591197afc56d253,,,,
42992,hover_association,2,3,adv,25,3,3,4,61, service ,592,242,,697ab12b4591197afc56d253,697ab12b4591197afc56d253,advanced,3,697ab12b4591197afc56d253,697ab12b4591197afc56d253,spotlight_PROLIFIC,,31,Mexico,Spanish,N/A,,Spanish:75|English:25,100,Spanish:60|English:40,100,Spanish:90|English:10,100,29,0,Bachelor's,10,10,10,2,3,8,18,30,25,29,,,,,15,25,B1,intermediate|advanced,advanced|intermediate,cambridge_15_21_random_intermediate_advanced,4,20,random,,216.203125,588.75,256.203125,652.21875,5,8,hover,366.5999999642372,366.5999999642372,0.9965534219596258,0.669921875,106,,,,,,2026-08-16T17:54:38.981Z,K8EF3YCB,2026-08-16,2026-08-16,11:54:38,2026-08-16 11:54:38,,,,,,,,697ab12b4591197afc56d253,697ab12b4591197afc56d253,,,,
42994,raw_position_sample,2,3,adv,25,3,3,4,62, or ,657,243,1570248.5999999642,697ab12b4591197afc56d253,697ab12b4591197afc56d253,advanced,3,697ab12b4591197afc56d253,697ab12b4591197afc56d253,spotlight_PROLIFIC,,31,Mexico,Spanish,N/A,,Spanish:75|English:25,100,Spanish:60|English:40,100,Spanish:90|English:10,100,29,0,Bachelor's,10,10,10,2,3,8,18,30,25,29,,,,,15,25,B1,intermediate|advanced,advanced|intermediate,cambridge_15_21_random_intermediate_advanced,4,20,random,,224.203125,652.21875,248.203125,675.234375,5,9,,,,,,,,,,,,2026-08-16T17:54:38.981Z,K8EF3YCB,2026-08-16,2026-08-16,11:54:38,2026-08-16 11:54:38,,,,,,,,697ab12b4591197afc56d253,697ab12b4591197afc56d253,,,,
43044,raw_position_sample,2,3,adv,25,3,3,4,62, or ,668,243,1570299.0999999642,697ab12b4591197afc56d253,697ab12b4591197afc56d253,advanced,3,697ab12b4591197afc56d253,697ab12b4591197afc56d253,spotlight_PROLIFIC,,31,Mexico,Spanish,N/A,,Spanish:75|English:25,100,Spanish:60|English:40,100,Spanish:90|English:10,100,29,0,Bachelor's,10,10,10,2,3,8,18,30,25,29,,,,,15,25,B1,intermediate|advanced,advanced|intermediate,cambridge_15_21_random_intermediate_advanced,4,20,random,,224.203125,652.21875,248.203125,675.234375,5,9,,,,,,,,,,,,2026-08-16T17:54:38.981Z,K8EF3YCB,2026-08-16,2026-08-16,11:54:38,2026-08-16 11:54:38,,,,,,,,697ab12b4591197afc56d253,697ab12b4591197afc56d253,,,,
43076,hover_association,2,3,adv,25,3,3,4,62, or ,657,243,,697ab12b4591197afc56d253,697ab12b4591197afc56d253,advanced,3,697ab12b4591197afc56d253,697ab12b4591197afc56d253,spotlight_PROLIFIC,,31,Mexico,Spanish,N/A,,Spanish:75|English:25,100,Spanish:60|English:40,100,Spanish:90|English:10,100,29,0,Bachelor's,10,10,10,2,3,8,18,30,25,29,,,,,15,25,B1,intermediate|advanced,advanced|intermediate,cambridge_15_21_random_intermediate_advanced,4,20,random,,216.203125,652.21875,256.203125,675.234375,5,9,hover,83.30000001192093,83.30000001192093,0.902919212491514,0.669921875,106,,,,,,2026-08-16T17:54:38.981Z,K8EF3YCB,2026-08-16,2026-08-16,11:54:38,2026-08-16 11:54:38,,,,,,,,697ab12b4591197afc56d253,697ab12b4591197afc56d253,,,,
43094,raw_position_sample,2,3,adv,25,3,3,4,63, a ,683,243,1570348.300000012,697ab12b4591197afc56d253,697ab12b4591197afc56d253,advanced,3,697ab12b4591197afc56d253,697ab12b4591197afc56d253,spotlight_PROLIFIC,,31,Mexico,Spanish,N/A,,Spanish:75|English:25,100,Spanish:60|English:40,100,Spanish:90|English:10,100,29,0,Bachelor's,10,10,10,2,3,8,18,30,25,29,,,,,15,25,B1,intermediate|advanced,advanced|intermediate,cambridge_15_21_random_intermediate_advanced,4,20,random,,224.203125,675.234375,248.203125,690.015625,5,10,,,,,,,,,,,,2026-08-16T17:54:38.981Z,K8EF3YCB,2026-08-16,2026-08-16,11:54:38,2026-08-16 11:54:38,,,,,,,,697ab12b4591197afc56d253,697ab12b4591197afc56d253,,,,
43126,hover_association,2,3,adv,25,3,3,4,63, a ,679,243,,697ab12b4591197afc56d253,697ab12b4591197afc56d253,advanced,3,697ab12b4591197afc56d253,697ab12b4591197afc56d253,spotlight_PROLIFIC,,31,Mexico,Spanish,N/A,,Spanish:75|English:25,100,Spanish:60|English:40,100,Spanish:90|English:10,100,29,0,Bachelor's,10,10,10,2,3,8,18,30,25,29,,,,,15,25,B1,intermediate|advanced,advanced|intermediate,cambridge_15_21_random_intermediate_advanced,4,20,random,,216.203125,675.234375,256.203125,690.015625,5,10,hover,50,50,0.8636363636363636,0.669921875,106,,,,,,2026-08-16T17:54:38.981Z,K8EF3YCB,2026-08-16,2026-08-16,11:54:38,2026-08-16 11:54:38,,,,,,,,697ab12b4591197afc56d253,697ab12b4591197afc56d253,,,,
43144,raw_position_sample,2,3,adv,25,3,3,4,64, type ,698,243,1570399,697ab12b4591197afc56d253,697ab12b4591197afc56d253,advanced,3,697ab12b4591197afc56d253,697ab12b4591197afc56d253,spotlight_PROLIFIC,,31,Mexico,Spanish,N/A,,Spanish:75|English:25,100,Spanish:60|English:40,100,Spanish:90|English:10,100,29,0,Bachelor's,10,10,10,2,3,8,18,30,25,29,,,,,15,25,B1,intermediate|advanced,advanced|intermediate,cambridge_15_21_random_intermediate_advanced,4,20,random,,224.203125,690.015625,248.203125,731.609375,5,11,,,,,,,,,,,,2026-08-16T17:54:38.981Z,K8EF3YCB,2026-08-16,2026-08-16,11:54:38,2026-08-16 11:54:38,,,,,,,,697ab12b4591197afc56d253,697ab12b4591197afc56d253,,,,
43190,raw_position_sample,2,3,adv,25,3,3,4,64, type ,708,243,1570444.300000012,697ab12b4591197afc56d253,697ab12b4591197afc56d253,advanced,3,697ab12b4591197afc56d253,697ab12b4591197afc56d253,spotlight_PROLIFIC,,31,Mexico,Spanish,N/A,,Spanish:75|English:25,100,Spanish:60|English:40,100,Spanish:90|English:10,100,29,0,Bachelor's,10,10,10,2,3,8,18,30,25,29,,,,,15,25,B1,intermediate|advanced,advanced|intermediate,cambridge_15_21_random_intermediate_advanced,4,20,random,,224.203125,690.015625,248.203125,731.609375,5,11,,,,,,,,,,,,2026-08-16T17:54:38.981Z,K8EF3YCB,2026-08-16,2026-08-16,11:54:38,2026-08-16 11:54:38,,,,,,,,697ab12b4591197afc56d253,697ab12b4591197afc56d253,,,,
43243,hover_association,2,3,adv,25,3,3,4,64, type ,693,243,,697ab12b4591197afc56d253,697ab12b4591197afc56d253,advanced,3,697ab12b4591197afc56d253,697ab12b4591197afc56d253,spotlight_PROLIFIC,,31,Mexico,Spanish,N/A,,Spanish:75|English:25,100,Spanish:60|English:40,100,Spanish:90|English:10,100,29,0,Bachelor's,10,10,10,2,3,8,18,30,25,29,,,,,15,25,B1,intermediate|advanced,advanced|intermediate,cambridge_15_21_random_intermediate_advanced,4,20,random,,216.203125,690.015625,256.203125,731.609375,5,11,hover,116.80000001192093,116.80000001192093,0.8651389932381668,0.669921875,106,,,,,,2026-08-16T17:54:38.981Z,K8EF3YCB,2026-08-16,2026-08-16,11:54:38,2026-08-16 11:54:38,,,,,,,,697ab12b4591197afc56d253,697ab12b4591197afc56d253,,,,
43244,raw_position_sample,2,3,adv,25,3,3,4,65, of ,737,243,1570498.800000012,697ab12b4591197afc56d253,697ab12b4591197afc56d253,advanced,3,697ab12b4591197afc56d253,697ab12b4591197afc56d253,spotlight_PROLIFIC,,31,Mexico,Spanish,N/A,,Spanish:75|English:25,100,Spanish:60|English:40,100,Spanish:90|English:10,100,29,0,Bachelor's,10,10,10,2,3,8,18,30,25,29,,,,,15,25,B1,intermediate|advanced,advanced|intermediate,cambridge_15_21_random_intermediate_advanced,4,20,random,,224.203125,731.609375,248.203125,753.375,5,12,,,,,,,,,,,,2026-08-16T17:54:38.981Z,K8EF3YCB,2026-08-16,2026-08-16,11:54:38,2026-08-16 11:54:38,,,,,,,,697ab12b4591197afc56d253,697ab12b4591197afc56d253,,,,
43276,hover_association,2,3,adv,25,3,3,4,65, of ,737,243,,697ab12b4591197afc56d253,697ab12b4591197afc56d253,advanced,3,697ab12b4591197afc56d253,697ab12b4591197afc56d253,spotlight_PROLIFIC,,31,Mexico,Spanish,N/A,,Spanish:75|English:25,100,Spanish:60|English:40,100,Spanish:90|English:10,100,29,0,Bachelor's,10,10,10,2,3,8,18,30,25,29,,,,,15,25,B1,intermediate|advanced,advanced|intermediate,cambridge_15_21_random_intermediate_advanced,4,20,random,,216.203125,731.609375,256.203125,753.375,5,12,hover,33.39999997615814,33.39999997615814,0.6611629576453697,0.669921875,106,,,,,,2026-08-16T17:54:38.981Z,K8EF3YCB,2026-08-16,2026-08-16,11:54:38,2026-08-16 11:54:38,,,,,,,,697ab12b4591197afc56d253,697ab12b4591197afc56d253,,,,
43294,raw_position_sample,2,3,adv,25,3,3,4,66, product ,762,243,1570548.300000012,697ab12b4591197afc56d253,697ab12b4591197afc56d253,advanced,3,697ab12b4591197afc56d253,697ab12b4591197afc56d253,spotlight_PROLIFIC,,31,Mexico,Spanish,N/A,,Spanish:75|English:25,100,Spanish:60|English:40,100,Spanish:90|English:10,100,29,0,Bachelor's,10,10,10,2,3,8,18,30,25,29,,,,,15,25,B1,intermediate|advanced,advanced|intermediate,cambridge_15_21_random_intermediate_advanced,4,20,random,,224.203125,753.375,248.203125,824.421875,5,13,,,,,,,,,,,,2026-08-16T17:54:38.981Z,K8EF3YCB,2026-08-16,2026-08-16,11:54:38,2026-08-16 11:54:38,,,,,,,,697ab12b4591197afc56d253,697ab12b4591197afc56d253,,,,
43342,raw_position_sample,2,3,adv,25,3,3,4,66, product ,766,243,1570597,697ab12b4591197afc56d253,697ab12b4591197afc56d253,advanced,3,697ab12b4591197afc56d253,697ab12b4591197afc56d253,spotlight_PROLIFIC,,31,Mexico,Spanish,N/A,,Spanish:75|English:25,100,Spanish:60|English:40,100,Spanish:90|English:10,100,29,0,Bachelor's,10,10,10,2,3,8,18,30,25,29,,,,,15,25,B1,intermediate|advanced,advanced|intermediate,cambridge_15_21_random_intermediate_advanced,4,20,random,,224.203125,753.375,248.203125,824.421875,5,13,,,,,,,,,,,,2026-08-16T17:54:38.981Z,K8EF3YCB,2026-08-16,2026-08-16,11:54:38,2026-08-16 11:54:38,,,,,,,,697ab12b4591197afc56d253,697ab12b4591197afc56d253,,,,
43394,raw_position_sample,2,3,adv,25,3,3,4,66, product ,777,242,1570648.5,697ab12b4591197afc56d253,697ab12b4591197afc56d253,advanced,3,697ab12b4591197afc56d253,697ab12b4591197afc56d253,spotlight_PROLIFIC,,31,Mexico,Spanish,N/A,,Spanish:75|English:25,100,Spanish:60|English:40,100,Spanish:90|English:10,100,29,0,Bachelor's,10,10,10,2,3,8,18,30,25,29,,,,,15,25,B1,intermediate|advanced,advanced|intermediate,cambridge_15_21_random_intermediate_advanced,4,20,random,,224.203125,753.375,248.203125,824.421875,5,13,,,,,,,,,,,,2026-08-16T17:54:38.981Z,K8EF3YCB,2026-08-16,2026-08-16,11:54:38,2026-08-16 11:54:38,,,,,,,,697ab12b4591197afc56d253,697ab12b4591197afc56d253,,,,
43444,raw_position_sample,2,3,adv,25,3,3,4,66, product ,788,242,1570698.699999988,697ab12b4591197afc56d253,697ab12b4591197afc56d253,advanced,3,697ab12b4591197afc56d253,697ab12b4591197afc56d253,spotlight_PROLIFIC,,31,Mexico,Spanish,N/A,,Spanish:75|English:25,100,Spanish:60|English:40,100,Spanish:90|English:10,100,29,0,Bachelor's,10,10,10,2,3,8,18,30,25,29,,,,,15,25,B1,intermediate|advanced,advanced|intermediate,cambridge_15_21_random_intermediate_advanced,4,20,random,,224.203125,753.375,248.203125,824.421875,5,13,,,,,,,,,,,,2026-08-16T17:54:38.981Z,K8EF3YCB,2026-08-16,2026-08-16,11:54:38,2026-08-16 11:54:38,,,,,,,,697ab12b4591197afc56d253,697ab12b4591197afc56d253,,,,
43494,raw_position_sample,2,3,adv,25,3,3,4,66, product ,802,242,1570748.3999999762,697ab12b4591197afc56d253,697ab12b4591197afc56d253,advanced,3,697ab12b4591197afc56d253,697ab12b4591197afc56d253,spotlight_PROLIFIC,,31,Mexico,Spanish,N/A,,Spanish:75|English:25,100,Spanish:60|English:40,100,Spanish:90|English:10,100,29,0,Bachelor's,10,10,10,2,3,8,18,30,25,29,,,,,15,25,B1,intermediate|advanced,advanced|intermediate,cambridge_15_21_random_intermediate_advanced,4,20,random,,224.203125,753.375,248.203125,824.421875,5,13,,,,,,,,,,,,2026-08-16T17:54:38.981Z,K8EF3YCB,2026-08-16,2026-08-16,11:54:38,2026-08-16 11:54:38,,,,,,,,697ab12b4591197afc56d253,697ab12b4591197afc56d253,,,,
43544,raw_position_sample,2,3,adv,25,3,3,4,66, product ,820,241,1570798.800000012,697ab12b4591197afc56d253,697ab12b4591197afc56d253,advanced,3,697ab12b4591197afc56d253,697ab12b4591197afc56d253,spotlight_PROLIFIC,,31,Mexico,Spanish,N/A,,Spanish:75|English:25,100,Spanish:60|English:40,100,Spanish:90|English:10,100,29,0,Bachelor's,10,10,10,2,3,8,18,30,25,29,,,,,15,25,B1,intermediate|advanced,advanced|intermediate,cambridge_15_21_random_intermediate_advanced,4,20,random,,224.203125,753.375,248.203125,824.421875,5,13,,,,,,,,,,,,2026-08-16T17:54:38.981Z,K8EF3YCB,2026-08-16,2026-08-16,11:54:38,2026-08-16 11:54:38,,,,,,,,697ab12b4591197afc56d253,697ab12b4591197afc56d253,,,,
43576,hover_association,2,3,adv,25,3,3,4,66, product ,756,243,,697ab12b4591197afc56d253,697ab12b4591197afc56d253,advanced,3,697ab12b4591197afc56d253,697ab12b4591197afc56d253,spotlight_PROLIFIC,,31,Mexico,Spanish,N/A,,Spanish:75|English:25,100,Spanish:60|English:40,100,Spanish:90|English:10,100,29,0,Bachelor's,10,10,10,2,3,8,18,30,25,29,,,,,15,25,B1,intermediate|advanced,advanced|intermediate,cambridge_15_21_random_intermediate_advanced,4,20,random,,216.203125,753.375,256.203125,824.421875,5,13,hover,299.80000001192093,299.80000001192093,0.9799868044864746,0.594921875,106,,,,,,2026-08-16T17:54:38.981Z,K8EF3YCB,2026-08-16,2026-08-16,11:54:38,2026-08-16 11:54:38,,,,,,,,697ab12b4591197afc56d253,697ab12b4591197afc56d253,,,,
43594,raw_position_sample,2,3,adv,25,3,3,4,67, that ,833,239,1570848.199999988,697ab12b4591197afc56d253,697ab12b4591197afc56d253,advanced,3,697ab12b4591197afc56d253,697ab12b4591197afc56d253,spotlight_PROLIFIC,,31,Mexico,Spanish,N/A,,Spanish:75|English:25,100,Spanish:60|English:40,100,Spanish:90|English:10,100,29,0,Bachelor's,10,10,10,2,3,8,18,30,25,29,,,,,15,25,B1,intermediate|advanced,advanced|intermediate,cambridge_15_21_random_intermediate_advanced,4,20,random,,224.203125,824.421875,248.203125,863.328125,5,14,,,,,,,,,,,,2026-08-16T17:54:38.981Z,K8EF3YCB,2026-08-16,2026-08-16,11:54:38,2026-08-16 11:54:38,,,,,,,,697ab12b4591197afc56d253,697ab12b4591197afc56d253,,,,
43645,raw_position_sample,2,3,adv,25,3,3,4,67, that ,840,238,1570899.199999988,697ab12b4591197afc56d253,697ab12b4591197afc56d253,advanced,3,697ab12b4591197afc56d253,697ab12b4591197afc56d253,spotlight_PROLIFIC,,31,Mexico,Spanish,N/A,,Spanish:75|English:25,100,Spanish:60|English:40,100,Spanish:90|English:10,100,29,0,Bachelor's,10,10,10,2,3,8,18,30,25,29,,,,,15,25,B1,intermediate|advanced,advanced|intermediate,cambridge_15_21_random_intermediate_advanced,4,20,random,,224.203125,824.421875,248.203125,863.328125,5,14,,,,,,,,,,,,2026-08-16T17:54:38.981Z,K8EF3YCB,2026-08-16,2026-08-16,11:54:38,2026-08-16 11:54:38,,,,,,,,697ab12b4591197afc56d253,697ab12b4591197afc56d253,,,,
43690,raw_position_sample,2,3,adv,25,3,3,4,67, that ,840,238,1570944.5,697ab12b4591197afc56d253,697ab12b4591197afc56d253,advanced,3,697ab12b4591197afc56d253,697ab12b4591197afc56d253,spotlight_PROLIFIC,,31,Mexico,Spanish,N/A,,Spanish:75|English:25,100,Spanish:60|English:40,100,Spanish:90|English:10,100,29,0,Bachelor's,10,10,10,2,3,8,18,30,25,29,,,,,15,25,B1,intermediate|advanced,advanced|intermediate,cambridge_15_21_random_intermediate_advanced,4,20,random,,224.203125,824.421875,248.203125,863.328125,5,14,,,,,,,,,,,,2026-08-16T17:54:38.981Z,K8EF3YCB,2026-08-16,2026-08-16,11:54:38,2026-08-16 11:54:38,,,,,,,,697ab12b4591197afc56d253,697ab12b4591197afc56d253,,,,
43742,raw_position_sample,2,3,adv,25,3,3,4,67, that ,840,238,1570996.800000012,697ab12b4591197afc56d253,697ab12b4591197afc56d253,advanced,3,697ab12b4591197afc56d253,697ab12b4591197afc56d253,spotlight_PROLIFIC,,31,Mexico,Spanish,N/A,,Spanish:75|English:25,100,Spanish:60|English:40,100,Spanish:90|English:10,100,29,0,Bachelor's,10,10,10,2,3,8,18,30,25,29,,,,,15,25,B1,intermediate|advanced,advanced|intermediate,cambridge_15_21_random_intermediate_advanced,4,20,random,,224.203125,824.421875,248.203125,863.328125,5,14,,,,,,,,,,,,2026-08-16T17:54:38.981Z,K8EF3YCB,2026-08-16,2026-08-16,11:54:38,2026-08-16 11:54:38,,,,,,,,697ab12b4591197afc56d253,697ab12b4591197afc56d253,,,,
43791,raw_position_sample,2,3,adv,25,3,3,4,67, that ,840,238,1571045.3999999762,697ab12b4591197afc56d253,697ab12b4591197afc56d253,advanced,3,697ab12b4591197afc56d253,697ab12b4591197afc56d253,spotlight_PROLIFIC,,31,Mexico,Spanish,N/A,,Spanish:75|English:25,100,Spanish:60|English:40,100,Spanish:90|English:10,100,29,0,Bachelor's,10,10,10,2,3,8,18,30,25,29,,,,,15,25,B1,intermediate|advanced,advanced|intermediate,cambridge_15_21_random_intermediate_advanced,4,20,random,,224.203125,824.421875,248.203125,863.328125,5,14,,,,,,,,,,,,2026-08-16T17:54:38.981Z,K8EF3YCB,2026-08-16,2026-08-16,11:54:38,2026-08-16 11:54:38,,,,,,,,697ab12b4591197afc56d253,697ab12b4591197afc56d253,,,,
43835,raw_position_sample,2,3,adv,25,3,3,4,67, that ,840,238,1571090,697ab12b4591197afc56d253,697ab12b4591197afc56d253,advanced,3,697ab12b4591197afc56d253,697ab12b4591197afc56d253,spotlight_PROLIFIC,,31,Mexico,Spanish,N/A,,Spanish:75|English:25,100,Spanish:60|English:40,100,Spanish:90|English:10,100,29,0,Bachelor's,10,10,10,2,3,8,18,30,25,29,,,,,15,25,B1,intermediate|advanced,advanced|intermediate,cambridge_15_21_random_intermediate_advanced,4,20,random,,224.203125,824.421875,248.203125,863.328125,5,14,,,,,,,,,,,,2026-08-16T17:54:38.981Z,K8EF3YCB,2026-08-16,2026-08-16,11:54:38,2026-08-16 11:54:38,,,,,,,,697ab12b4591197afc56d253,697ab12b4591197afc56d253,,,,
43885,raw_position_sample,2,3,adv,25,3,3,4,67, that ,841,237,1571139.699999988,697ab12b4591197afc56d253,697ab12b4591197afc56d253,advanced,3,697ab12b4591197afc56d253,697ab12b4591197afc56d253,spotlight_PROLIFIC,,31,Mexico,Spanish,N/A,,Spanish:75|English:25,100,Spanish:60|English:40,100,Spanish:90|English:10,100,29,0,Bachelor's,10,10,10,2,3,8,18,30,25,29,,,,,15,25,B1,intermediate|advanced,advanced|intermediate,cambridge_15_21_random_intermediate_advanced,4,20,random,,224.203125,824.421875,248.203125,863.328125,5,14,,,,,,,,,,,,2026-08-16T17:54:38.981Z,K8EF3YCB,2026-08-16,2026-08-16,11:54:38,2026-08-16 11:54:38,,,,,,,,697ab12b4591197afc56d253,697ab12b4591197afc56d253,,,,
43945,raw_position_sample,2,3,adv,25,3,3,4,67, that ,852,237,1571199.300000012,697ab12b4591197afc56d253,697ab12b4591197afc56d253,advanced,3,697ab12b4591197afc56d253,697ab12b4591197afc56d253,spotlight_PROLIFIC,,31,Mexico,Spanish,N/A,,Spanish:75|English:25,100,Spanish:60|English:40,100,Spanish:90|English:10,100,29,0,Bachelor's,10,10,10,2,3,8,18,30,25,29,,,,,15,25,B1,intermediate|advanced,advanced|intermediate,cambridge_15_21_random_intermediate_advanced,4,20,random,,224.203125,824.421875,248.203125,863.328125,5,14,,,,,,,,,,,,2026-08-16T17:54:38.981Z,K8EF3YCB,2026-08-16,2026-08-16,11:54:38,2026-08-16 11:54:38,,,,,,,,697ab12b4591197afc56d253,697ab12b4591197afc56d253,,,,
43992,hover_association,2,3,adv,25,3,3,4,67, that ,829,240,,697ab12b4591197afc56d253,697ab12b4591197afc56d253,advanced,3,697ab12b4591197afc56d253,697ab12b4591197afc56d253,spotlight_PROLIFIC,,31,Mexico,Spanish,N/A,,Spanish:75|English:25,100,Spanish:60|English:40,100,Spanish:90|English:10,100,29,0,Bachelor's,10,10,10,2,3,8,18,30,25,29,,,,,15,25,B1,intermediate|advanced,advanced|intermediate,cambridge_15_21_random_intermediate_advanced,4,20,random,,216.203125,824.421875,256.203125,863.328125,5,14,hover,416.5,416.5,0.9658634538152611,0.519921875,106,,,,,,2026-08-16T17:54:38.981Z,K8EF3YCB,2026-08-16,2026-08-16,11:54:38,2026-08-16 11:54:38,,,,,,,,697ab12b4591197afc56d253,697ab12b4591197afc56d253,,,,
43994,raw_position_sample,2,3,adv,25,3,3,4,68, the ,869,237,1571248.300000012,697ab12b4591197afc56d253,697ab12b4591197afc56d253,advanced,3,697ab12b4591197afc56d253,697ab12b4591197afc56d253,spotlight_PROLIFIC,,31,Mexico,Spanish,N/A,,Spanish:75|English:25,100,Spanish:60|English:40,100,Spanish:90|English:10,100,29,0,Bachelor's,10,10,10,2,3,8,18,30,25,29,,,,,15,25,B1,intermediate|advanced,advanced|intermediate,cambridge_15_21_random_intermediate_advanced,4,20,random,,224.203125,863.328125,248.203125,895.796875,5,15,,,,,,,,,,,,2026-08-16T17:54:38.981Z,K8EF3YCB,2026-08-16,2026-08-16,11:54:38,2026-08-16 11:54:38,,,,,,,,697ab12b4591197afc56d253,697ab12b4591197afc56d253,,,,
44044,raw_position_sample,2,3,adv,25,3,3,4,68, the ,889,238,1571298.5999999642,697ab12b4591197afc56d253,697ab12b4591197afc56d253,advanced,3,697ab12b4591197afc56d253,697ab12b4591197afc56d253,spotlight_PROLIFIC,,31,Mexico,Spanish,N/A,,Spanish:75|English:25,100,Spanish:60|English:40,100,Spanish:90|English:10,100,29,0,Bachelor's,10,10,10,2,3,8,18,30,25,29,,,,,15,25,B1,intermediate|advanced,advanced|intermediate,cambridge_15_21_random_intermediate_advanced,4,20,random,,224.203125,863.328125,248.203125,895.796875,5,15,,,,,,,,,,,,2026-08-16T17:54:38.981Z,K8EF3YCB,2026-08-16,2026-08-16,11:54:38,2026-08-16 11:54:38,,,,,,,,697ab12b4591197afc56d253,697ab12b4591197afc56d253,,,,
44059,hover_association,2,3,adv,25,3,3,4,68, the ,869,237,,697ab12b4591197afc56d253,697ab12b4591197afc56d253,advanced,3,697ab12b4591197afc56d253,697ab12b4591197afc56d253,spotlight_PROLIFIC,,31,Mexico,Spanish,N/A,,Spanish:75|English:25,100,Spanish:60|English:40,100,Spanish:90|English:10,100,29,0,Bachelor's,10,10,10,2,3,8,18,30,25,29,,,,,15,25,B1,intermediate|advanced,advanced|intermediate,cambridge_15_21_random_intermediate_advanced,4,20,random,,216.203125,863.328125,256.203125,895.796875,5,15,hover,66.69999998807907,66.69999998807907,0.7906641000962464,0.544921875,106,,,,,,2026-08-16T17:54:38.981Z,K8EF3YCB,2026-08-16,2026-08-16,11:54:38,2026-08-16 11:54:38,,,,,,,,697ab12b4591197afc56d253,697ab12b4591197afc56d253,,,,
44094,raw_position_sample,2,3,adv,25,3,3,4,69, retailer ,914,238,1571348.199999988,697ab12b4591197afc56d253,697ab12b4591197afc56d253,advanced,3,697ab12b4591197afc56d253,697ab12b4591197afc56d253,spotlight_PROLIFIC,,31,Mexico,Spanish,N/A,,Spanish:75|English:25,100,Spanish:60|English:40,100,Spanish:90|English:10,100,29,0,Bachelor's,10,10,10,2,3,8,18,30,25,29,,,,,15,25,B1,intermediate|advanced,advanced|intermediate,cambridge_15_21_random_intermediate_advanced,4,20,random,,224.203125,895.796875,248.203125,956.5,5,16,,,,,,,,,,,,2026-08-16T17:54:38.981Z,K8EF3YCB,2026-08-16,2026-08-16,11:54:38,2026-08-16 11:54:38,,,,,,,,697ab12b4591197afc56d253,697ab12b4591197afc56d253,,,,
44142,raw_position_sample,2,3,adv,25,3,3,4,69, retailer ,918,238,1571397,697ab12b4591197afc56d253,697ab12b4591197afc56d253,advanced,3,697ab12b4591197afc56d253,697ab12b4591197afc56d253,spotlight_PROLIFIC,,31,Mexico,Spanish,N/A,,Spanish:75|English:25,100,Spanish:60|English:40,100,Spanish:90|English:10,100,29,0,Bachelor's,10,10,10,2,3,8,18,30,25,29,,,,,15,25,B1,intermediate|advanced,advanced|intermediate,cambridge_15_21_random_intermediate_advanced,4,20,random,,224.203125,895.796875,248.203125,956.5,5,16,,,,,,,,,,,,2026-08-16T17:54:38.981Z,K8EF3YCB,2026-08-16,2026-08-16,11:54:38,2026-08-16 11:54:38,,,,,,,,697ab12b4591197afc56d253,697ab12b4591197afc56d253,,,,
44193,raw_position_sample,2,3,adv,25,3,3,4,69, retailer ,918,238,1571447.5,697ab12b4591197afc56d253,697ab12b4591197afc56d253,advanced,3,697ab12b4591197afc56d253,697ab12b4591197afc56d253,spotlight_PROLIFIC,,31,Mexico,Spanish,N/A,,Spanish:75|English:25,100,Spanish:60|English:40,100,Spanish:90|English:10,100,29,0,Bachelor's,10,10,10,2,3,8,18,30,25,29,,,,,15,25,B1,intermediate|advanced,advanced|intermediate,cambridge_15_21_random_intermediate_advanced,4,20,random,,224.203125,895.796875,248.203125,956.5,5,16,,,,,,,,,,,,2026-08-16T17:54:38.981Z,K8EF3YCB,2026-08-16,2026-08-16,11:54:38,2026-08-16 11:54:38,,,,,,,,697ab12b4591197afc56d253,697ab12b4591197afc56d253,,,,
44241,raw_position_sample,2,3,adv,25,3,3,4,69, retailer ,918,238,1571495.800000012,697ab12b4591197afc56d253,697ab12b4591197afc56d253,advanced,3,697ab12b4591197afc56d253,697ab12b4591197afc56d253,spotlight_PROLIFIC,,31,Mexico,Spanish,N/A,,Spanish:75|English:25,100,Spanish:60|English:40,100,Spanish:90|English:10,100,29,0,Bachelor's,10,10,10,2,3,8,18,30,25,29,,,,,15,25,B1,intermediate|advanced,advanced|intermediate,cambridge_15_21_random_intermediate_advanced,4,20,random,,224.203125,895.796875,248.203125,956.5,5,16,,,,,,,,,,,,2026-08-16T17:54:38.981Z,K8EF3YCB,2026-08-16,2026-08-16,11:54:38,2026-08-16 11:54:38,,,,,,,,697ab12b4591197afc56d253,697ab12b4591197afc56d253,,,,
44290,raw_position_sample,2,3,adv,25,3,3,4,69, retailer ,918,238,1571544.199999988,697ab12b4591197afc56d253,697ab12b4591197afc56d253,advanced,3,697ab12b4591197afc56d253,697ab12b4591197afc56d253,spotlight_PROLIFIC,,31,Mexico,Spanish,N/A,,Spanish:75|English:25,100,Spanish:60|English:40,100,Spanish:90|English:10,100,29,0,Bachelor's,10,10,10,2,3,8,18,30,25,29,,,,,15,25,B1,intermediate|advanced,advanced|intermediate,cambridge_15_21_random_intermediate_advanced,4,20,random,,224.203125,895.796875,248.203125,956.5,5,16,,,,,,,,,,,,2026-08-16T17:54:38.981Z,K8EF3YCB,2026-08-16,2026-08-16,11:54:38,2026-08-16 11:54:38,,,,,,,,697ab12b4591197afc56d253,697ab12b4591197afc56d253,,,,
44337,raw_position_sample,2,3,adv,25,3,3,4,69, retailer ,918,238,1571592.0999999642,697ab12b4591197afc56d253,697ab12b4591197afc56d253,advanced,3,697ab12b4591197afc56d253,697ab12b4591197afc56d253,spotlight_PROLIFIC,,31,Mexico,Spanish,N/A,,Spanish:75|English:25,100,Spanish:60|English:40,100,Spanish:90|English:10,100,29,0,Bachelor's,10,10,10,2,3,8,18,30,25,29,,,,,15,25,B1,intermediate|advanced,advanced|intermediate,cambridge_15_21_random_intermediate_advanced,4,20,random,,224.203125,895.796875,248.203125,956.5,5,16,,,,,,,,,,,,2026-08-16T17:54:38.981Z,K8EF3YCB,2026-08-16,2026-08-16,11:54:38,2026-08-16 11:54:38,,,,,,,,697ab12b4591197afc56d253,697ab12b4591197afc56d253,,,,
44392,raw_position_sample,2,3,adv,25,3,3,4,69, retailer ,901,242,1571646.699999988,697ab12b4591197afc56d253,697ab12b4591197afc56d253,advanced,3,697ab12b4591197afc56d253,697ab12b4591197afc56d253,spotlight_PROLIFIC,,31,Mexico,Spanish,N/A,,Spanish:75|English:25,100,Spanish:60|English:40,100,Spanish:90|English:10,100,29,0,Bachelor's,10,10,10,2,3,8,18,30,25,29,,,,,15,25,B1,intermediate|advanced,advanced|intermediate,cambridge_15_21_random_intermediate_advanced,4,20,random,,224.203125,895.796875,248.203125,956.5,5,16,,,,,,,,,,,,2026-08-16T17:54:38.981Z,K8EF3YCB,2026-08-16,2026-08-16,11:54:38,2026-08-16 11:54:38,,,,,,,,697ab12b4591197afc56d253,697ab12b4591197afc56d253,,,,
44393,hover_association,2,3,adv,25,3,3,4,69, retailer ,898,238,,697ab12b4591197afc56d253,697ab12b4591197afc56d253,advanced,3,697ab12b4591197afc56d253,697ab12b4591197afc56d253,spotlight_PROLIFIC,,31,Mexico,Spanish,N/A,,Spanish:75|English:25,100,Spanish:60|English:40,100,Spanish:90|English:10,100,29,0,Bachelor's,10,10,10,2,3,8,18,30,25,29,,,,,15,25,B1,intermediate|advanced,advanced|intermediate,cambridge_15_21_random_intermediate_advanced,4,20,random,,216.203125,895.796875,256.203125,960.746875,5,16,hover,334.30000001192093,334.30000001192093,0.08010969976905306,0.644921875,106,,,,,,2026-08-16T17:54:38.981Z,K8EF3YCB,2026-08-16,2026-08-16,11:54:38,2026-08-16 11:54:38,,,,,,,,697ab12b4591197afc56d253,697ab12b4591197afc56d253,,,,
44426,hover_association,2,3,adv,25,3,3,4,68, the ,887,246,,697ab12b4591197afc56d253,697ab12b4591197afc56d253,advanced,3,697ab12b4591197afc56d253,697ab12b4591197afc56d253,spotlight_PROLIFIC,,31,Mexico,Spanish,N/A,,Spanish:75|English:25,100,Spanish:60|English:40,100,Spanish:90|English:10,100,29,0,Bachelor's,10,10,10,2,3,8,18,30,25,29,,,,,15,25,B1,intermediate|advanced,advanced|intermediate,cambridge_15_21_random_intermediate_advanced,4,20,random,,216.203125,863.328125,256.203125,895.796875,5,15,hover,32.5,32.5,0.05149181905678537,0.919921875,106,,,,,,2026-08-16T17:54:38.981Z,K8EF3YCB,2026-08-16,2026-08-16,11:54:38,2026-08-16 11:54:38,,,,,,,,697ab12b4591197afc56d253,697ab12b4591197afc56d253,,,,
44443,hover_association,2,3,adv,25,3,3,4,81, buying ,830,258,,697ab12b4591197afc56d253,697ab12b4591197afc56d253,advanced,3,697ab12b4591197afc56d253,697ab12b4591197afc56d253,spotlight_PROLIFIC,,31,Mexico,Spanish,N/A,,Spanish:75|English:25,100,Spanish:60|English:40,100,Spanish:90|English:10,100,29,0,Bachelor's,10,10,10,2,3,8,18,30,25,29,,,,,15,25,B1,intermediate|advanced,advanced|intermediate,cambridge_15_21_random_intermediate_advanced,4,20,random,,256.203125,821.703125,296.203125,884.609375,6,12,hover,17,17,0.13189269746646795,0.044921875,106,,,,,,2026-08-16T17:54:38.981Z,K8EF3YCB,2026-08-16,2026-08-16,11:54:38,2026-08-16 11:54:38,,,,,,,,697ab12b4591197afc56d253,697ab12b4591197afc56d253,,,,
44445,raw_position_sample,2,3,adv,25,3,3,4,79, such ,788,264,1571699.300000012,697ab12b4591197afc56d253,697ab12b4591197afc56d253,advanced,3,697ab12b4591197afc56d253,697ab12b4591197afc56d253,spotlight_PROLIFIC,,31,Mexico,Spanish,N/A,,Spanish:75|English:25,100,Spanish:60|English:40,100,Spanish:90|English:10,100,29,0,Bachelor's,10,10,10,2,3,8,18,30,25,29,,,,,15,25,B1,intermediate|advanced,advanced|intermediate,cambridge_15_21_random_intermediate_advanced,4,20,random,,264.203125,754.09375,288.203125,798.296875,6,10,,,,,,,,,,,,2026-08-16T17:54:38.981Z,K8EF3YCB,2026-08-16,2026-08-16,11:54:38,2026-08-16 11:54:38,,,,,,,,697ab12b4591197afc56d253,697ab12b4591197afc56d253,,,,
44459,hover_association,2,3,adv,25,3,3,4,79, such ,788,264,,697ab12b4591197afc56d253,697ab12b4591197afc56d253,advanced,3,697ab12b4591197afc56d253,697ab12b4591197afc56d253,spotlight_PROLIFIC,,31,Mexico,Spanish,N/A,,Spanish:75|English:25,100,Spanish:60|English:40,100,Spanish:90|English:10,100,29,0,Bachelor's,10,10,10,2,3,8,18,30,25,29,,,,,15,25,B1,intermediate|advanced,advanced|intermediate,cambridge_15_21_random_intermediate_advanced,4,20,random,,256.203125,754.09375,296.203125,798.296875,6,10,hover,16.399999976158142,16.399999976158142,0.767055496641923,0.194921875,106,,,,,,2026-08-16T17:54:38.981Z,K8EF3YCB,2026-08-16,2026-08-16,11:54:38,2026-08-16 11:54:38,,,,,,,,697ab12b4591197afc56d253,697ab12b4591197afc56d253,,,,
44492,hover_association,2,3,adv,25,3,3,4,78," scenario, ",744,268,,697ab12b4591197afc56d253,697ab12b4591197afc56d253,advanced,3,697ab12b4591197afc56d253,697ab12b4591197afc56d253,spotlight_PROLIFIC,,31,Mexico,Spanish,N/A,,Spanish:75|English:25,100,Spanish:60|English:40,100,Spanish:90|English:10,100,29,0,Bachelor's,10,10,10,2,3,8,18,30,25,29,,,,,15,25,B1,intermediate|advanced,advanced|intermediate,cambridge_15_21_random_intermediate_advanced,4,20,random,,256.203125,672.984375,296.203125,754.09375,6,9,hover,33.30000001192093,33.30000001192093,0.06183779618570603,0.319921875,106,,,,,,2026-08-16T17:54:38.981Z,K8EF3YCB,2026-08-16,2026-08-16,11:54:38,2026-08-16 11:54:38,,,,,,,,697ab12b4591197afc56d253,697ab12b4591197afc56d253,,,,
44494,raw_position_sample,2,3,adv,25,3,3,4,76, given ,621,269,1571748.800000012,697ab12b4591197afc56d253,697ab12b4591197afc56d253,advanced,3,697ab12b4591197afc56d253,697ab12b4591197afc56d253,spotlight_PROLIFIC,,31,Mexico,Spanish,N/A,,Spanish:75|English:25,100,Spanish:60|English:40,100,Spanish:90|English:10,100,29,0,Bachelor's,10,10,10,2,3,8,18,30,25,29,,,,,15,25,B1,intermediate|advanced,advanced|intermediate,cambridge_15_21_random_intermediate_advanced,4,20,random,,264.203125,607.375,288.203125,658.203125,6,7,,,,,,,,,,,,2026-08-16T17:54:38.981Z,K8EF3YCB,2026-08-16,2026-08-16,11:54:38,2026-08-16 11:54:38,,,,,,,,697ab12b4591197afc56d253,697ab12b4591197afc56d253,,,,
44509,hover_association,2,3,adv,25,3,3,4,76, given ,621,269,,697ab12b4591197afc56d253,697ab12b4591197afc56d253,advanced,3,697ab12b4591197afc56d253,697ab12b4591197afc56d253,spotlight_PROLIFIC,,31,Mexico,Spanish,N/A,,Spanish:75|English:25,100,Spanish:60|English:40,100,Spanish:90|English:10,100,29,0,Bachelor's,10,10,10,2,3,8,18,30,25,29,,,,,15,25,B1,intermediate|advanced,advanced|intermediate,cambridge_15_21_random_intermediate_advanced,4,20,random,,256.203125,607.375,296.203125,658.203125,6,7,hover,16.600000023841858,16.600000023841858,0.26806025207500767,0.319921875,106,,,,,,2026-08-16T17:54:38.981Z,K8EF3YCB,2026-08-16,2026-08-16,11:54:38,2026-08-16 11:54:38,,,,,,,,697ab12b4591197afc56d253,697ab12b4591197afc56d253,,,,
44526,hover_association,2,3,adv,25,3,3,4,75, always ,561,269,,697ab12b4591197afc56d253,697ab12b4591197afc56d253,advanced,3,697ab12b4591197afc56d253,697ab12b4591197afc56d253,spotlight_PROLIFIC,,31,Mexico,Spanish,N/A,,Spanish:75|English:25,100,Spanish:60|English:40,100,Spanish:90|English:10,100,29,0,Bachelor's,10,10,10,2,3,8,18,30,25,29,,,,,15,25,B1,intermediate|advanced,advanced|intermediate,cambridge_15_21_random_intermediate_advanced,4,20,random,,256.203125,545.890625,296.203125,607.375,6,6,hover,16.599999964237213,16.599999964237213,0.24574332909783989,0.319921875,106,,,,,,2026-08-16T17:54:38.981Z,K8EF3YCB,2026-08-16,2026-08-16,11:54:38,2026-08-16 11:54:38,,,,,,,,697ab12b4591197afc56d253,697ab12b4591197afc56d253,,,,
44542,raw_position_sample,2,3,adv,25,3,3,4,73, check. ,507,269,1571796.5999999642,697ab12b4591197afc56d253,697ab12b4591197afc56d253,advanced,3,697ab12b4591197afc56d253,697ab12b4591197afc56d253,spotlight_PROLIFIC,,31,Mexico,Spanish,N/A,,Spanish:75|English:25,100,Spanish:60|English:40,100,Spanish:90|English:10,100,29,0,Bachelor's,10,10,10,2,3,8,18,30,25,29,,,,,15,25,B1,intermediate|advanced,advanced|intermediate,cambridge_15_21_random_intermediate_advanced,4,20,random,,264.203125,451.515625,288.203125,509.203125,6,4,,,,,,,,,,,,2026-08-16T17:54:38.981Z,K8EF3YCB,2026-08-16,2026-08-16,11:54:38,2026-08-16 11:54:38,,,,,,,,697ab12b4591197afc56d253,697ab12b4591197afc56d253,,,,
44559,hover_association,2,3,adv,25,3,3,4,73, check. ,507,269,,697ab12b4591197afc56d253,697ab12b4591197afc56d253,advanced,3,697ab12b4591197afc56d253,697ab12b4591197afc56d253,spotlight_PROLIFIC,,31,Mexico,Spanish,N/A,,Spanish:75|English:25,100,Spanish:60|English:40,100,Spanish:90|English:10,100,29,0,Bachelor's,10,10,10,2,3,8,18,30,25,29,,,,,15,25,B1,intermediate|advanced,advanced|intermediate,cambridge_15_21_random_intermediate_advanced,4,20,random,,256.203125,451.515625,296.203125,509.203125,6,4,hover,33.60000002384186,33.60000002384186,0.12973997833152762,0.319921875,106,,,,,,2026-08-16T17:54:38.981Z,K8EF3YCB,2026-08-16,2026-08-16,11:54:38,2026-08-16 11:54:38,,,,,,,,697ab12b4591197afc56d253,697ab12b4591197afc56d253,,,,
44577,hover_association,2,3,adv,25,3,3,4,71, her ,417,269,,697ab12b4591197afc56d253,697ab12b4591197afc56d253,advanced,3,697ab12b4591197afc56d253,697ab12b4591197afc56d253,spotlight_PROLIFIC,,31,Mexico,Spanish,N/A,,Spanish:75|English:25,100,Spanish:60|English:40,100,Spanish:90|English:10,100,29,0,Bachelor's,10,10,10,2,3,8,18,30,25,29,,,,,15,25,B1,intermediate|advanced,advanced|intermediate,cambridge_15_21_random_intermediate_advanced,4,20,random,,256.203125,396.046875,296.203125,429.4375,6,2,hover,18.19999998807907,18.19999998807907,0.6275152082358446,0.319921875,106,,,,,,2026-08-16T17:54:38.981Z,K8EF3YCB,2026-08-16,2026-08-16,11:54:38,2026-08-16 11:54:38,,,,,,,,697ab12b4591197afc56d253,697ab12b4591197afc56d253,,,,
44594,raw_position_sample,2,3,adv,25,3,3,4,70, wants ,358,269,1571849,697ab12b4591197afc56d253,697ab12b4591197afc56d253,advanced,3,697ab12b4591197afc56d253,697ab12b4591197afc56d253,spotlight_PROLIFIC,,31,Mexico,Spanish,N/A,,Spanish:75|English:25,100,Spanish:60|English:40,100,Spanish:90|English:10,100,29,0,Bachelor's,10,10,10,2,3,8,18,30,25,29,,,,,15,25,B1,intermediate|advanced,advanced|intermediate,cambridge_15_21_random_intermediate_advanced,4,20,random,,264.203125,340.875,288.203125,396.046875,6,1,,,,,,,,,,,,2026-08-16T17:54:38.981Z,K8EF3YCB,2026-08-16,2026-08-16,11:54:38,2026-08-16 11:54:38,,,,,,,,697ab12b4591197afc56d253,697ab12b4591197afc56d253,,,,
44625,hover_association,2,3,adv,25,3,3,4,70, wants ,381,269,,697ab12b4591197afc56d253,697ab12b4591197afc56d253,advanced,3,697ab12b4591197afc56d253,697ab12b4591197afc56d253,spotlight_PROLIFIC,,31,Mexico,Spanish,N/A,,Spanish:75|English:25,100,Spanish:60|English:40,100,Spanish:90|English:10,100,29,0,Bachelor's,10,10,10,2,3,8,18,30,25,29,,,,,15,25,B1,intermediate|advanced,advanced|intermediate,cambridge_15_21_random_intermediate_advanced,4,20,random,,256.203125,336.628125,296.203125,396.046875,6,1,hover,48.19999998807907,48.19999998807907,0.1072367729041757,0.319921875,106,,,,,,2026-08-16T17:54:38.981Z,K8EF3YCB,2026-08-16,2026-08-16,11:54:38,2026-08-16 11:54:38,,,,,,,,697ab12b4591197afc56d253,697ab12b4591197afc56d253,,,,
44644,raw_position_sample,2,3,adv,25,3,3,4,-1,999,333,269,1571898.5,697ab12b4591197afc56d253,697ab12b4591197afc56d253,advanced,3,697ab12b4591197afc56d253,697ab12b4591197afc56d253,spotlight_PROLIFIC,,31,Mexico,Spanish,N/A,,Spanish:75|English:25,100,Spanish:60|English:40,100,Spanish:90|English:10,100,29,0,Bachelor's,10,10,10,2,3,8,18,30,25,29,,,,,15,25,B1,intermediate|advanced,advanced|intermediate,cambridge_15_21_random_intermediate_advanced,4,20,random,,,,,,,,,,,,,,,,,,,2026-08-16T17:54:38.981Z,K8EF3YCB,2026-08-16,2026-08-16,11:54:38,2026-08-16 11:54:38,,,,,,,,697ab12b4591197afc56d253,697ab12b4591197afc56d253,,,,
44691,raw_position_sample,2,3,adv,25,3,3,4,-1,999,332,269,1571945.8999999762,697ab12b4591197afc56d253,697ab12b4591197afc56d253,advanced,3,697ab12b4591197afc56d253,697ab12b4591197afc56d253,spotlight_PROLIFIC,,31,Mexico,Spanish,N/A,,Spanish:75|English:25,100,Spanish:60|English:40,100,Spanish:90|English:10,100,29,0,Bachelor's,10,10,10,2,3,8,18,30,25,29,,,,,15,25,B1,intermediate|advanced,advanced|intermediate,cambridge_15_21_random_intermediate_advanced,4,20,random,,,,,,,,,,,,,,,,,,,2026-08-16T17:54:38.981Z,K8EF3YCB,2026-08-16,2026-08-16,11:54:38,2026-08-16 11:54:38,,,,,,,,697ab12b4591197afc56d253,697ab12b4591197afc56d253,,,,
44743,raw_position_sample,2,3,adv,25,3,3,4,-1,999,332,269,1571997.5,697ab12b4591197afc56d253,697ab12b4591197afc56d253,advanced,3,697ab12b4591197afc56d253,697ab12b4591197afc56d253,spotlight_PROLIFIC,,31,Mexico,Spanish,N/A,,Spanish:75|English:25,100,Spanish:60|English:40,100,Spanish:90|English:10,100,29,0,Bachelor's,10,10,10,2,3,8,18,30,25,29,,,,,15,25,B1,intermediate|advanced,advanced|intermediate,cambridge_15_21_random_intermediate_advanced,4,20,random,,,,,,,,,,,,,,,,,,,2026-08-16T17:54:38.981Z,K8EF3YCB,2026-08-16,2026-08-16,11:54:38,2026-08-16 11:54:38,,,,,,,,697ab12b4591197afc56d253,697ab12b4591197afc56d253,,,,
44785,raw_position_sample,2,3,adv,25,3,3,4,-1,999,335,269,1572039.5999999642,697ab12b4591197afc56d253,697ab12b4591197afc56d253,advanced,3,697ab12b4591197afc56d253,697ab12b4591197afc56d253,spotlight_PROLIFIC,,31,Mexico,Spanish,N/A,,Spanish:75|English:25,100,Spanish:60|English:40,100,Spanish:90|English:10,100,29,0,Bachelor's,10,10,10,2,3,8,18,30,25,29,,,,,15,25,B1,intermediate|advanced,advanced|intermediate,cambridge_15_21_random_intermediate_advanced,4,20,random,,,,,,,,,,,,,,,,,,,2026-08-16T17:54:38.981Z,K8EF3YCB,2026-08-16,2026-08-16,11:54:38,2026-08-16 11:54:38,,,,,,,,697ab12b4591197afc56d253,697ab12b4591197afc56d253,,,,
44809,hover_association,2,3,adv,25,3,3,4,70, wants ,363,263,,697ab12b4591197afc56d253,697ab12b4591197afc56d253,advanced,3,697ab12b4591197afc56d253,697ab12b4591197afc56d253,spotlight_PROLIFIC,,31,Mexico,Spanish,N/A,,Spanish:75|English:25,100,Spanish:60|English:40,100,Spanish:90|English:10,100,29,0,Bachelor's,10,10,10,2,3,8,18,30,25,29,,,,,15,25,B1,intermediate|advanced,advanced|intermediate,cambridge_15_21_random_intermediate_advanced,4,20,random,,256.203125,336.628125,296.203125,396.046875,6,1,hover,16.5,16.5,0.44383086147049533,0.169921875,106,,,,,,2026-08-16T17:54:38.981Z,K8EF3YCB,2026-08-16,2026-08-16,11:54:38,2026-08-16 11:54:38,,,,,,,,697ab12b4591197afc56d253,697ab12b4591197afc56d253,,,,
44825,hover_association,2,3,adv,25,3,3,4,55, has ,408,252,,697ab12b4591197afc56d253,697ab12b4591197afc56d253,advanced,3,697ab12b4591197afc56d253,697ab12b4591197afc56d253,spotlight_PROLIFIC,,31,Mexico,Spanish,N/A,,Spanish:75|English:25,100,Spanish:60|English:40,100,Spanish:90|English:10,100,29,0,Bachelor's,10,10,10,2,3,8,18,30,25,29,,,,,15,25,B1,intermediate|advanced,advanced|intermediate,cambridge_15_21_random_intermediate_advanced,4,20,random,,216.203125,405,256.203125,439.53125,5,2,hover,16.80000001192093,16.80000001192093,0.08687782805429864,0.894921875,106,,,,,,2026-08-16T17:54:38.981Z,K8EF3YCB,2026-08-16,2026-08-16,11:54:38,2026-08-16 11:54:38,,,,,,,,697ab12b4591197afc56d253,697ab12b4591197afc56d253,,,,
44842,hover_association,2,3,adv,25,3,3,4,57, be ,467,236,,697ab12b4591197afc56d253,697ab12b4591197afc56d253,advanced,3,697ab12b4591197afc56d253,697ab12b4591197afc56d253,spotlight_PROLIFIC,,31,Mexico,Spanish,N/A,,Spanish:75|English:25,100,Spanish:60|English:40,100,Spanish:90|English:10,100,29,0,Bachelor's,10,10,10,2,3,8,18,30,25,29,,,,,15,25,B1,intermediate|advanced,advanced|intermediate,cambridge_15_21_random_intermediate_advanced,4,20,random,,216.203125,461.609375,256.203125,487.515625,5,4,hover,16.69999998807907,16.69999998807907,0.2080820265379976,0.494921875,106,,,,,,2026-08-16T17:54:38.981Z,K8EF3YCB,2026-08-16,2026-08-16,11:54:38,2026-08-16 11:54:38,,,,,,,,697ab12b4591197afc56d253,697ab12b4591197afc56d253,,,,
44844,raw_position_sample,2,3,adv,25,3,3,4,58, related ,535,222,1572098.3999999762,697ab12b4591197afc56d253,697ab12b4591197afc56d253,advanced,3,697ab12b4591197afc56d253,697ab12b4591197afc56d253,spotlight_PROLIFIC,,31,Mexico,Spanish,N/A,,Spanish:75|English:25,100,Spanish:60|English:40,100,Spanish:90|English:10,100,29,0,Bachelor's,10,10,10,2,3,8,18,30,25,29,,,,,15,25,B1,intermediate|advanced,advanced|intermediate,cambridge_15_21_random_intermediate_advanced,4,20,random,,224.203125,487.515625,248.203125,551.890625,5,5,,,,,,,,,,,,2026-08-16T17:54:38.981Z,K8EF3YCB,2026-08-16,2026-08-16,11:54:38,2026-08-16 11:54:38,,,,,,,,697ab12b4591197afc56d253,697ab12b4591197afc56d253,,,,
44859,hover_association,2,3,adv,25,3,3,4,58, related ,535,222,,697ab12b4591197afc56d253,697ab12b4591197afc56d253,advanced,3,697ab12b4591197afc56d253,697ab12b4591197afc56d253,spotlight_PROLIFIC,,31,Mexico,Spanish,N/A,,Spanish:75|English:25,100,Spanish:60|English:40,100,Spanish:90|English:10,100,29,0,Bachelor's,10,10,10,2,3,8,18,30,25,29,,,,,15,25,B1,intermediate|advanced,advanced|intermediate,cambridge_15_21_random_intermediate_advanced,4,20,random,,216.203125,487.515625,256.203125,551.890625,5,5,hover,16.69999998807907,16.69999998807907,0.737621359223301,0.144921875,106,,,,,,2026-08-16T17:54:38.981Z,K8EF3YCB,2026-08-16,2026-08-16,11:54:38,2026-08-16 11:54:38,,,,,,,,697ab12b4591197afc56d253,697ab12b4591197afc56d253,,,,
44875,hover_association,2,3,adv,25,3,3,4,61, service ,597,218,,697ab12b4591197afc56d253,697ab12b4591197afc56d253,advanced,3,697ab12b4591197afc56d253,697ab12b4591197afc56d253,spotlight_PROLIFIC,,31,Mexico,Spanish,N/A,,Spanish:75|English:25,100,Spanish:60|English:40,100,Spanish:90|English:10,100,29,0,Bachelor's,10,10,10,2,3,8,18,30,25,29,,,,,15,25,B1,intermediate|advanced,advanced|intermediate,cambridge_15_21_random_intermediate_advanced,4,20,random,,216.203125,588.75,256.203125,652.21875,5,8,hover,16.69999998807907,16.69999998807907,0.12998522895125553,0.044921875,106,,,,,,2026-08-16T17:54:38.981Z,K8EF3YCB,2026-08-16,2026-08-16,11:54:38,2026-08-16 11:54:38,,,,,,,,697ab12b4591197afc56d253,697ab12b4591197afc56d253,,,,
44892,hover_association,2,3,adv,25,3,3,4,62, or ,657,218,,697ab12b4591197afc56d253,697ab12b4591197afc56d253,advanced,3,697ab12b4591197afc56d253,697ab12b4591197afc56d253,spotlight_PROLIFIC,,31,Mexico,Spanish,N/A,,Spanish:75|English:25,100,Spanish:60|English:40,100,Spanish:90|English:10,100,29,0,Bachelor's,10,10,10,2,3,8,18,30,25,29,,,,,15,25,B1,intermediate|advanced,advanced|intermediate,cambridge_15_21_random_intermediate_advanced,4,20,random,,216.203125,652.21875,256.203125,675.234375,5,9,hover,16.5,16.5,0.20773930753564154,0.044921875,106,,,,,,2026-08-16T17:54:38.981Z,K8EF3YCB,2026-08-16,2026-08-16,11:54:38,2026-08-16 11:54:38,,,,,,,,697ab12b4591197afc56d253,697ab12b4591197afc56d253,,,,
44894,raw_position_sample,2,3,adv,25,3,3,4,64, type ,698,218,1572148.3999999762,697ab12b4591197afc56d253,697ab12b4591197afc56d253,advanced,3,697ab12b4591197afc56d253,697ab12b4591197afc56d253,spotlight_PROLIFIC,,31,Mexico,Spanish,N/A,,Spanish:75|English:25,100,Spanish:60|English:40,100,Spanish:90|English:10,100,29,0,Bachelor's,10,10,10,2,3,8,18,30,25,29,,,,,15,25,B1,intermediate|advanced,advanced|intermediate,cambridge_15_21_random_intermediate_advanced,4,20,random,,224.203125,690.015625,248.203125,731.609375,5,11,,,,,,,,,,,,2026-08-16T17:54:38.981Z,K8EF3YCB,2026-08-16,2026-08-16,11:54:38,2026-08-16 11:54:38,,,,,,,,697ab12b4591197afc56d253,697ab12b4591197afc56d253,,,,
44925,hover_association,2,3,adv,25,3,3,4,64, type ,698,218,,697ab12b4591197afc56d253,697ab12b4591197afc56d253,advanced,3,697ab12b4591197afc56d253,697ab12b4591197afc56d253,spotlight_PROLIFIC,,31,Mexico,Spanish,N/A,,Spanish:75|English:25,100,Spanish:60|English:40,100,Spanish:90|English:10,100,29,0,Bachelor's,10,10,10,2,3,8,18,30,25,29,,,,,15,25,B1,intermediate|advanced,advanced|intermediate,cambridge_15_21_random_intermediate_advanced,4,20,random,,216.203125,690.015625,256.203125,731.609375,5,11,hover,33.30000001192093,33.30000001192093,0.8891810668670173,0.094921875,106,,,,,,2026-08-16T17:54:38.981Z,K8EF3YCB,2026-08-16,2026-08-16,11:54:38,2026-08-16 11:54:38,,,,,,,,697ab12b4591197afc56d253,697ab12b4591197afc56d253,,,,
44942,hover_association,2,3,adv,25,3,3,4,65, of ,746,222,,697ab12b4591197afc56d253,697ab12b4591197afc56d253,advanced,3,697ab12b4591197afc56d253,697ab12b4591197afc56d253,spotlight_PROLIFIC,,31,Mexico,Spanish,N/A,,Spanish:75|English:25,100,Spanish:60|English:40,100,Spanish:90|English:10,100,29,0,Bachelor's,10,10,10,2,3,8,18,30,25,29,,,,,15,25,B1,intermediate|advanced,advanced|intermediate,cambridge_15_21_random_intermediate_advanced,4,20,random,,216.203125,731.609375,256.203125,753.375,5,12,hover,16.600000023841858,16.600000023841858,0.6611629576453697,0.144921875,106,,,,,,2026-08-16T17:54:38.981Z,K8EF3YCB,2026-08-16,2026-08-16,11:54:38,2026-08-16 11:54:38,,,,,,,,697ab12b4591197afc56d253,697ab12b4591197afc56d253,,,,
44944,raw_position_sample,2,3,adv,25,3,3,4,66, product ,754,222,1572198.3999999762,697ab12b4591197afc56d253,697ab12b4591197afc56d253,advanced,3,697ab12b4591197afc56d253,697ab12b4591197afc56d253,spotlight_PROLIFIC,,31,Mexico,Spanish,N/A,,Spanish:75|English:25,100,Spanish:60|English:40,100,Spanish:90|English:10,100,29,0,Bachelor's,10,10,10,2,3,8,18,30,25,29,,,,,15,25,B1,intermediate|advanced,advanced|intermediate,cambridge_15_21_random_intermediate_advanced,4,20,random,,224.203125,753.375,248.203125,824.421875,5,13,,,,,,,,,,,,2026-08-16T17:54:38.981Z,K8EF3YCB,2026-08-16,2026-08-16,11:54:38,2026-08-16 11:54:38,,,,,,,,697ab12b4591197afc56d253,697ab12b4591197afc56d253,,,,
44991,raw_position_sample,2,3,adv,25,3,3,4,66, product ,755,222,1572245.699999988,697ab12b4591197afc56d253,697ab12b4591197afc56d253,advanced,3,697ab12b4591197afc56d253,697ab12b4591197afc56d253,spotlight_PROLIFIC,,31,Mexico,Spanish,N/A,,Spanish:75|English:25,100,Spanish:60|English:40,100,Spanish:90|English:10,100,29,0,Bachelor's,10,10,10,2,3,8,18,30,25,29,,,,,15,25,B1,intermediate|advanced,advanced|intermediate,cambridge_15_21_random_intermediate_advanced,4,20,random,,224.203125,753.375,248.203125,824.421875,5,13,,,,,,,,,,,,2026-08-16T17:54:38.981Z,K8EF3YCB,2026-08-16,2026-08-16,11:54:38,2026-08-16 11:54:38,,,,,,,,697ab12b4591197afc56d253,697ab12b4591197afc56d253,,,,
45036,raw_position_sample,2,3,adv,25,3,3,4,66, product ,755,222,1572290.8999999762,697ab12b4591197afc56d253,697ab12b4591197afc56d253,advanced,3,697ab12b4591197afc56d253,697ab12b4591197afc56d253,spotlight_PROLIFIC,,31,Mexico,Spanish,N/A,,Spanish:75|English:25,100,Spanish:60|English:40,100,Spanish:90|English:10,100,29,0,Bachelor's,10,10,10,2,3,8,18,30,25,29,,,,,15,25,B1,intermediate|advanced,advanced|intermediate,cambridge_15_21_random_intermediate_advanced,4,20,random,,224.203125,753.375,248.203125,824.421875,5,13,,,,,,,,,,,,2026-08-16T17:54:38.981Z,K8EF3YCB,2026-08-16,2026-08-16,11:54:38,2026-08-16 11:54:38,,,,,,,,697ab12b4591197afc56d253,697ab12b4591197afc56d253,,,,
45093,raw_position_sample,2,3,adv,25,3,3,4,66, product ,765,231,1572348.0999999642,697ab12b4591197afc56d253,697ab12b4591197afc56d253,advanced,3,697ab12b4591197afc56d253,697ab12b4591197afc56d253,spotlight_PROLIFIC,,31,Mexico,Spanish,N/A,,Spanish:75|English:25,100,Spanish:60|English:40,100,Spanish:90|English:10,100,29,0,Bachelor's,10,10,10,2,3,8,18,30,25,29,,,,,15,25,B1,intermediate|advanced,advanced|intermediate,cambridge_15_21_random_intermediate_advanced,4,20,random,,224.203125,753.375,248.203125,824.421875,5,13,,,,,,,,,,,,2026-08-16T17:54:38.981Z,K8EF3YCB,2026-08-16,2026-08-16,11:54:38,2026-08-16 11:54:38,,,,,,,,697ab12b4591197afc56d253,697ab12b4591197afc56d253,,,,
45144,raw_position_sample,2,3,adv,25,3,3,4,66, product ,776,238,1572398.5,697ab12b4591197afc56d253,697ab12b4591197afc56d253,advanced,3,697ab12b4591197afc56d253,697ab12b4591197afc56d253,spotlight_PROLIFIC,,31,Mexico,Spanish,N/A,,Spanish:75|English:25,100,Spanish:60|English:40,100,Spanish:90|English:10,100,29,0,Bachelor's,10,10,10,2,3,8,18,30,25,29,,,,,15,25,B1,intermediate|advanced,advanced|intermediate,cambridge_15_21_random_intermediate_advanced,4,20,random,,224.203125,753.375,248.203125,824.421875,5,13,,,,,,,,,,,,2026-08-16T17:54:38.981Z,K8EF3YCB,2026-08-16,2026-08-16,11:54:38,2026-08-16 11:54:38,,,,,,,,697ab12b4591197afc56d253,697ab12b4591197afc56d253,,,,
45194,raw_position_sample,2,3,adv,25,3,3,4,66, product ,784,241,1572448.699999988,697ab12b4591197afc56d253,697ab12b4591197afc56d253,advanced,3,697ab12b4591197afc56d253,697ab12b4591197afc56d253,spotlight_PROLIFIC,,31,Mexico,Spanish,N/A,,Spanish:75|English:25,100,Spanish:60|English:40,100,Spanish:90|English:10,100,29,0,Bachelor's,10,10,10,2,3,8,18,30,25,29,,,,,15,25,B1,intermediate|advanced,advanced|intermediate,cambridge_15_21_random_intermediate_advanced,4,20,random,,224.203125,753.375,248.203125,824.421875,5,13,,,,,,,,,,,,2026-08-16T17:54:38.981Z,K8EF3YCB,2026-08-16,2026-08-16,11:54:38,2026-08-16 11:54:38,,,,,,,,697ab12b4591197afc56d253,697ab12b4591197afc56d253,,,,
45244,raw_position_sample,2,3,adv,25,3,3,4,66, product ,805,242,1572498.0999999642,697ab12b4591197afc56d253,697ab12b4591197afc56d253,advanced,3,697ab12b4591197afc56d253,697ab12b4591197afc56d253,spotlight_PROLIFIC,,31,Mexico,Spanish,N/A,,Spanish:75|English:25,100,Spanish:60|English:40,100,Spanish:90|English:10,100,29,0,Bachelor's,10,10,10,2,3,8,18,30,25,29,,,,,15,25,B1,intermediate|advanced,advanced|intermediate,cambridge_15_21_random_intermediate_advanced,4,20,random,,224.203125,753.375,248.203125,824.421875,5,13,,,,,,,,,,,,2026-08-16T17:54:38.981Z,K8EF3YCB,2026-08-16,2026-08-16,11:54:38,2026-08-16 11:54:38,,,,,,,,697ab12b4591197afc56d253,697ab12b4591197afc56d253,,,,
45287,raw_position_sample,2,3,adv,25,3,3,4,66, product ,816,242,1572541.8999999762,697ab12b4591197afc56d253,697ab12b4591197afc56d253,advanced,3,697ab12b4591197afc56d253,697ab12b4591197afc56d253,spotlight_PROLIFIC,,31,Mexico,Spanish,N/A,,Spanish:75|English:25,100,Spanish:60|English:40,100,Spanish:90|English:10,100,29,0,Bachelor's,10,10,10,2,3,8,18,30,25,29,,,,,15,25,B1,intermediate|advanced,advanced|intermediate,cambridge_15_21_random_intermediate_advanced,4,20,random,,224.203125,753.375,248.203125,824.421875,5,13,,,,,,,,,,,,2026-08-16T17:54:38.981Z,K8EF3YCB,2026-08-16,2026-08-16,11:54:38,2026-08-16 11:54:38,,,,,,,,697ab12b4591197afc56d253,697ab12b4591197afc56d253,,,,
45325,hover_association,2,3,adv,25,3,3,4,66, product ,754,222,,697ab12b4591197afc56d253,697ab12b4591197afc56d253,advanced,3,697ab12b4591197afc56d253,697ab12b4591197afc56d253,spotlight_PROLIFIC,,31,Mexico,Spanish,N/A,,Spanish:75|English:25,100,Spanish:60|English:40,100,Spanish:90|English:10,100,29,0,Bachelor's,10,10,10,2,3,8,18,30,25,29,,,,,15,25,B1,intermediate|advanced,advanced|intermediate,cambridge_15_21_random_intermediate_advanced,4,20,random,,216.203125,753.375,256.203125,824.421875,5,13,hover,383.39999997615814,383.39999997615814,0.9659115900593798,0.644921875,106,,,,,,2026-08-16T17:54:38.981Z,K8EF3YCB,2026-08-16,2026-08-16,11:54:38,2026-08-16 11:54:38,,,,,,,,697ab12b4591197afc56d253,697ab12b4591197afc56d253,,,,
45344,raw_position_sample,2,3,adv,25,3,3,4,67, that ,840,242,1572599,697ab12b4591197afc56d253,697ab12b4591197afc56d253,advanced,3,697ab12b4591197afc56d253,697ab12b4591197afc56d253,spotlight_PROLIFIC,,31,Mexico,Spanish,N/A,,Spanish:75|English:25,100,Spanish:60|English:40,100,Spanish:90|English:10,100,29,0,Bachelor's,10,10,10,2,3,8,18,30,25,29,,,,,15,25,B1,intermediate|advanced,advanced|intermediate,cambridge_15_21_random_intermediate_advanced,4,20,random,,224.203125,824.421875,248.203125,863.328125,5,14,,,,,,,,,,,,2026-08-16T17:54:38.981Z,K8EF3YCB,2026-08-16,2026-08-16,11:54:38,2026-08-16 11:54:38,,,,,,,,697ab12b4591197afc56d253,697ab12b4591197afc56d253,,,,
45375,hover_association,2,3,adv,25,3,3,4,67, that ,829,242,,697ab12b4591197afc56d253,697ab12b4591197afc56d253,advanced,3,697ab12b4591197afc56d253,697ab12b4591197afc56d253,spotlight_PROLIFIC,,31,Mexico,Spanish,N/A,,Spanish:75|English:25,100,Spanish:60|English:40,100,Spanish:90|English:10,100,29,0,Bachelor's,10,10,10,2,3,8,18,30,25,29,,,,,15,25,B1,intermediate|advanced,advanced|intermediate,cambridge_15_21_random_intermediate_advanced,4,20,random,,216.203125,824.421875,256.203125,863.328125,5,14,hover,50,50,0.6831325301204819,0.644921875,106,,,,,,2026-08-16T17:54:38.981Z,K8EF3YCB,2026-08-16,2026-08-16,11:54:38,2026-08-16 11:54:38,,,,,,,,697ab12b4591197afc56d253,697ab12b4591197afc56d253,,,,
45394,raw_position_sample,2,3,adv,25,3,3,4,68, the ,874,242,1572648.300000012,697ab12b4591197afc56d253,697ab12b4591197afc56d253,advanced,3,697ab12b4591197afc56d253,697ab12b4591197afc56d253,spotlight_PROLIFIC,,31,Mexico,Spanish,N/A,,Spanish:75|English:25,100,Spanish:60|English:40,100,Spanish:90|English:10,100,29,0,Bachelor's,10,10,10,2,3,8,18,30,25,29,,,,,15,25,B1,intermediate|advanced,advanced|intermediate,cambridge_15_21_random_intermediate_advanced,4,20,random,,224.203125,863.328125,248.203125,895.796875,5,15,,,,,,,,,,,,2026-08-16T17:54:38.981Z,K8EF3YCB,2026-08-16,2026-08-16,11:54:38,2026-08-16 11:54:38,,,,,,,,697ab12b4591197afc56d253,697ab12b4591197afc56d253,,,,
45442,hover_association,2,3,adv,25,3,3,4,68, the ,865,242,,697ab12b4591197afc56d253,697ab12b4591197afc56d253,advanced,3,697ab12b4591197afc56d253,697ab12b4591197afc56d253,spotlight_PROLIFIC,,31,Mexico,Spanish,N/A,,Spanish:75|English:25,100,Spanish:60|English:40,100,Spanish:90|English:10,100,29,0,Bachelor's,10,10,10,2,3,8,18,30,25,29,,,,,15,25,B1,intermediate|advanced,advanced|intermediate,cambridge_15_21_random_intermediate_advanced,4,20,random,,216.203125,863.328125,256.203125,895.796875,5,15,hover,66.80000001192093,66.80000001192093,0.8214629451395573,0.644921875,106,,,,,,2026-08-16T17:54:38.981Z,K8EF3YCB,2026-08-16,2026-08-16,11:54:38,2026-08-16 11:54:38,,,,,,,,697ab12b4591197afc56d253,697ab12b4591197afc56d253,,,,
45444,raw_position_sample,2,3,adv,25,3,3,4,69, retailer ,898,242,1572698.5,697ab12b4591197afc56d253,697ab12b4591197afc56d253,advanced,3,697ab12b4591197afc56d253,697ab12b4591197afc56d253,spotlight_PROLIFIC,,31,Mexico,Spanish,N/A,,Spanish:75|English:25,100,Spanish:60|English:40,100,Spanish:90|English:10,100,29,0,Bachelor's,10,10,10,2,3,8,18,30,25,29,,,,,15,25,B1,intermediate|advanced,advanced|intermediate,cambridge_15_21_random_intermediate_advanced,4,20,random,,224.203125,895.796875,248.203125,956.5,5,16,,,,,,,,,,,,2026-08-16T17:54:38.981Z,K8EF3YCB,2026-08-16,2026-08-16,11:54:38,2026-08-16 11:54:38,,,,,,,,697ab12b4591197afc56d253,697ab12b4591197afc56d253,,,,
45493,raw_position_sample,2,3,adv,25,3,3,4,69, retailer ,920,242,1572748.0999999642,697ab12b4591197afc56d253,697ab12b4591197afc56d253,advanced,3,697ab12b4591197afc56d253,697ab12b4591197afc56d253,spotlight_PROLIFIC,,31,Mexico,Spanish,N/A,,Spanish:75|English:25,100,Spanish:60|English:40,100,Spanish:90|English:10,100,29,0,Bachelor's,10,10,10,2,3,8,18,30,25,29,,,,,15,25,B1,intermediate|advanced,advanced|intermediate,cambridge_15_21_random_intermediate_advanced,4,20,random,,224.203125,895.796875,248.203125,956.5,5,16,,,,,,,,,,,,2026-08-16T17:54:38.981Z,K8EF3YCB,2026-08-16,2026-08-16,11:54:38,2026-08-16 11:54:38,,,,,,,,697ab12b4591197afc56d253,697ab12b4591197afc56d253,,,,
45542,raw_position_sample,2,3,adv,25,3,3,4,69, retailer ,921,242,1572796.3999999762,697ab12b4591197afc56d253,697ab12b4591197afc56d253,advanced,3,697ab12b4591197afc56d253,697ab12b4591197afc56d253,spotlight_PROLIFIC,,31,Mexico,Spanish,N/A,,Spanish:75|English:25,100,Spanish:60|English:40,100,Spanish:90|English:10,100,29,0,Bachelor's,10,10,10,2,3,8,18,30,25,29,,,,,15,25,B1,intermediate|advanced,advanced|intermediate,cambridge_15_21_random_intermediate_advanced,4,20,random,,224.203125,895.796875,248.203125,956.5,5,16,,,,,,,,,,,,2026-08-16T17:54:38.981Z,K8EF3YCB,2026-08-16,2026-08-16,11:54:38,2026-08-16 11:54:38,,,,,,,,697ab12b4591197afc56d253,697ab12b4591197afc56d253,,,,
45593,raw_position_sample,2,3,adv,25,3,3,4,69, retailer ,911,243,1572847.8999999762,697ab12b4591197afc56d253,697ab12b4591197afc56d253,advanced,3,697ab12b4591197afc56d253,697ab12b4591197afc56d253,spotlight_PROLIFIC,,31,Mexico,Spanish,N/A,,Spanish:75|English:25,100,Spanish:60|English:40,100,Spanish:90|English:10,100,29,0,Bachelor's,10,10,10,2,3,8,18,30,25,29,,,,,15,25,B1,intermediate|advanced,advanced|intermediate,cambridge_15_21_random_intermediate_advanced,4,20,random,,224.203125,895.796875,248.203125,956.5,5,16,,,,,,,,,,,,2026-08-16T17:54:38.981Z,K8EF3YCB,2026-08-16,2026-08-16,11:54:38,2026-08-16 11:54:38,,,,,,,,697ab12b4591197afc56d253,697ab12b4591197afc56d253,,,,
45608,hover_association,2,3,adv,25,3,3,4,69, retailer ,898,242,,697ab12b4591197afc56d253,697ab12b4591197afc56d253,advanced,3,697ab12b4591197afc56d253,697ab12b4591197afc56d253,spotlight_PROLIFIC,,31,Mexico,Spanish,N/A,,Spanish:75|English:25,100,Spanish:60|English:40,100,Spanish:90|English:10,100,29,0,Bachelor's,10,10,10,2,3,8,18,30,25,29,,,,,15,25,B1,intermediate|advanced,advanced|intermediate,cambridge_15_21_random_intermediate_advanced,4,20,random,,216.203125,895.796875,256.203125,960.746875,5,16,hover,166.39999997615814,166.39999997615814,0.23407428791377966,0.669921875,106,,,,,,2026-08-16T17:54:38.981Z,K8EF3YCB,2026-08-16,2026-08-16,11:54:38,2026-08-16 11:54:38,,,,,,,,697ab12b4591197afc56d253,697ab12b4591197afc56d253,,,,
45642,hover_association,2,3,adv,25,3,3,4,68, the ,892,247,,697ab12b4591197afc56d253,697ab12b4591197afc56d253,advanced,3,697ab12b4591197afc56d253,697ab12b4591197afc56d253,spotlight_PROLIFIC,,31,Mexico,Spanish,N/A,,Spanish:75|English:25,100,Spanish:60|English:40,100,Spanish:90|English:10,100,29,0,Bachelor's,10,10,10,2,3,8,18,30,25,29,,,,,15,25,B1,intermediate|advanced,advanced|intermediate,cambridge_15_21_random_intermediate_advanced,4,20,random,,216.203125,863.328125,256.203125,895.796875,5,15,hover,33.40000003576279,33.40000003576279,0.020692974013474495,0.919921875,106,,,,,,2026-08-16T17:54:38.981Z,K8EF3YCB,2026-08-16,2026-08-16,11:54:38,2026-08-16 11:54:38,,,,,,,,697ab12b4591197afc56d253,697ab12b4591197afc56d253,,,,
45644,raw_position_sample,2,3,adv,25,3,3,4,81, buying ,826,262,1572898.199999988,697ab12b4591197afc56d253,697ab12b4591197afc56d253,advanced,3,697ab12b4591197afc56d253,697ab12b4591197afc56d253,spotlight_PROLIFIC,,31,Mexico,Spanish,N/A,,Spanish:75|English:25,100,Spanish:60|English:40,100,Spanish:90|English:10,100,29,0,Bachelor's,10,10,10,2,3,8,18,30,25,29,,,,,15,25,B1,intermediate|advanced,advanced|intermediate,cambridge_15_21_random_intermediate_advanced,4,20,random,,264.203125,821.703125,288.203125,884.609375,6,12,,,,,,,,,,,,2026-08-16T17:54:38.981Z,K8EF3YCB,2026-08-16,2026-08-16,11:54:38,2026-08-16 11:54:38,,,,,,,,697ab12b4591197afc56d253,697ab12b4591197afc56d253,,,,
45659,hover_association,2,3,adv,25,3,3,4,81, buying ,826,262,,697ab12b4591197afc56d253,697ab12b4591197afc56d253,advanced,3,697ab12b4591197afc56d253,697ab12b4591197afc56d253,spotlight_PROLIFIC,,31,Mexico,Spanish,N/A,,Spanish:75|English:25,100,Spanish:60|English:40,100,Spanish:90|English:10,100,29,0,Bachelor's,10,10,10,2,3,8,18,30,25,29,,,,,15,25,B1,intermediate|advanced,advanced|intermediate,cambridge_15_21_random_intermediate_advanced,4,20,random,,256.203125,821.703125,296.203125,884.609375,6,12,hover,16.69999998807907,16.69999998807907,0.06830601092896176,0.144921875,106,,,,,,2026-08-16T17:54:38.981Z,K8EF3YCB,2026-08-16,2026-08-16,11:54:38,2026-08-16 11:54:38,,,,,,,,697ab12b4591197afc56d253,697ab12b4591197afc56d253,,,,
45677,hover_association,2,3,adv,25,3,3,4,79, such ,781,263,,697ab12b4591197afc56d253,697ab12b4591197afc56d253,advanced,3,697ab12b4591197afc56d253,697ab12b4591197afc56d253,spotlight_PROLIFIC,,31,Mexico,Spanish,N/A,,Spanish:75|English:25,100,Spanish:60|English:40,100,Spanish:90|English:10,100,29,0,Bachelor's,10,10,10,2,3,8,18,30,25,29,,,,,15,25,B1,intermediate|advanced,advanced|intermediate,cambridge_15_21_random_intermediate_advanced,4,20,random,,256.203125,754.09375,296.203125,798.296875,6,10,hover,17.600000023841858,17.600000023841858,0.6086956521739131,0.169921875,106,,,,,,2026-08-16T17:54:38.981Z,K8EF3YCB,2026-08-16,2026-08-16,11:54:38,2026-08-16 11:54:38,,,,,,,,697ab12b4591197afc56d253,697ab12b4591197afc56d253,,,,
45690,raw_position_sample,2,3,adv,25,3,3,4,78," scenario, ",725,266,1572944.300000012,697ab12b4591197afc56d253,697ab12b4591197afc56d253,advanced,3,697ab12b4591197afc56d253,697ab12b4591197afc56d253,spotlight_PROLIFIC,,31,Mexico,Spanish,N/A,,Spanish:75|English:25,100,Spanish:60|English:40,100,Spanish:90|English:10,100,29,0,Bachelor's,10,10,10,2,3,8,18,30,25,29,,,,,15,25,B1,intermediate|advanced,advanced|intermediate,cambridge_15_21_random_intermediate_advanced,4,20,random,,264.203125,672.984375,288.203125,754.09375,6,9,,,,,,,,,,,,2026-08-16T17:54:38.981Z,K8EF3YCB,2026-08-16,2026-08-16,11:54:38,2026-08-16 11:54:38,,,,,,,,697ab12b4591197afc56d253,697ab12b4591197afc56d253,,,,
45692,hover_association,2,3,adv,25,3,3,4,78," scenario, ",725,266,,697ab12b4591197afc56d253,697ab12b4591197afc56d253,advanced,3,697ab12b4591197afc56d253,697ab12b4591197afc56d253,spotlight_PROLIFIC,,31,Mexico,Spanish,N/A,,Spanish:75|English:25,100,Spanish:60|English:40,100,Spanish:90|English:10,100,29,0,Bachelor's,10,10,10,2,3,8,18,30,25,29,,,,,15,25,B1,intermediate|advanced,advanced|intermediate,cambridge_15_21_random_intermediate_advanced,4,20,random,,256.203125,672.984375,296.203125,754.09375,6,9,hover,16.099999964237213,16.099999964237213,0.6413022539009825,0.244921875,106,,,,,,2026-08-16T17:54:38.981Z,K8EF3YCB,2026-08-16,2026-08-16,11:54:38,2026-08-16 11:54:38,,,,,,,,697ab12b4591197afc56d253,697ab12b4591197afc56d253,,,,
45709,hover_association,2,3,adv,25,3,3,4,76, given ,658,268,,697ab12b4591197afc56d253,697ab12b4591197afc56d253,advanced,3,697ab12b4591197afc56d253,697ab12b4591197afc56d253,spotlight_PROLIFIC,,31,Mexico,Spanish,N/A,,Spanish:75|English:25,100,Spanish:60|English:40,100,Spanish:90|English:10,100,29,0,Bachelor's,10,10,10,2,3,8,18,30,25,29,,,,,15,25,B1,intermediate|advanced,advanced|intermediate,cambridge_15_21_random_intermediate_advanced,4,20,random,,256.203125,607.375,296.203125,658.203125,6,7,hover,16.30000001192093,16.30000001192093,0.9960036889025515,0.294921875,106,,,,,,2026-08-16T17:54:38.981Z,K8EF3YCB,2026-08-16,2026-08-16,11:54:38,2026-08-16 11:54:38,,,,,,,,697ab12b4591197afc56d253,697ab12b4591197afc56d253,,,,
45725,hover_association,2,3,adv,25,3,3,4,75, always ,571,268,,697ab12b4591197afc56d253,697ab12b4591197afc56d253,advanced,3,697ab12b4591197afc56d253,697ab12b4591197afc56d253,spotlight_PROLIFIC,,31,Mexico,Spanish,N/A,,Spanish:75|English:25,100,Spanish:60|English:40,100,Spanish:90|English:10,100,29,0,Bachelor's,10,10,10,2,3,8,18,30,25,29,,,,,15,25,B1,intermediate|advanced,advanced|intermediate,cambridge_15_21_random_intermediate_advanced,4,20,random,,256.203125,545.890625,296.203125,607.375,6,6,hover,16.600000023841858,16.600000023841858,0.40838627700127067,0.294921875,106,,,,,,2026-08-16T17:54:38.981Z,K8EF3YCB,2026-08-16,2026-08-16,11:54:38,2026-08-16 11:54:38,,,,,,,,697ab12b4591197afc56d253,697ab12b4591197afc56d253,,,,
45744,raw_position_sample,2,3,adv,25,3,3,4,73, check. ,452,267,1572998.5,697ab12b4591197afc56d253,697ab12b4591197afc56d253,advanced,3,697ab12b4591197afc56d253,697ab12b4591197afc56d253,spotlight_PROLIFIC,,31,Mexico,Spanish,N/A,,Spanish:75|English:25,100,Spanish:60|English:40,100,Spanish:90|English:10,100,29,0,Bachelor's,10,10,10,2,3,8,18,30,25,29,,,,,15,25,B1,intermediate|advanced,advanced|intermediate,cambridge_15_21_random_intermediate_advanced,4,20,random,,264.203125,451.515625,288.203125,509.203125,6,4,,,,,,,,,,,,2026-08-16T17:54:38.981Z,K8EF3YCB,2026-08-16,2026-08-16,11:54:38,2026-08-16 11:54:38,,,,,,,,697ab12b4591197afc56d253,697ab12b4591197afc56d253,,,,
45759,hover_association,2,3,adv,25,3,3,4,73, check. ,506,267,,697ab12b4591197afc56d253,697ab12b4591197afc56d253,advanced,3,697ab12b4591197afc56d253,697ab12b4591197afc56d253,spotlight_PROLIFIC,,31,Mexico,Spanish,N/A,,Spanish:75|English:25,100,Spanish:60|English:40,100,Spanish:90|English:10,100,29,0,Bachelor's,10,10,10,2,3,8,18,30,25,29,,,,,15,25,B1,intermediate|advanced,advanced|intermediate,cambridge_15_21_random_intermediate_advanced,4,20,random,,256.203125,451.515625,296.203125,509.203125,6,4,hover,33.39999997615814,33.39999997615814,0.008396533044420368,0.269921875,106,,,,,,2026-08-16T17:54:38.981Z,K8EF3YCB,2026-08-16,2026-08-16,11:54:38,2026-08-16 11:54:38,,,,,,,,697ab12b4591197afc56d253,697ab12b4591197afc56d253,,,,
45775,hover_association,2,3,adv,25,3,3,4,71, her ,407,267,,697ab12b4591197afc56d253,697ab12b4591197afc56d253,advanced,3,697ab12b4591197afc56d253,697ab12b4591197afc56d253,spotlight_PROLIFIC,,31,Mexico,Spanish,N/A,,Spanish:75|English:25,100,Spanish:60|English:40,100,Spanish:90|English:10,100,29,0,Bachelor's,10,10,10,2,3,8,18,30,25,29,,,,,15,25,B1,intermediate|advanced,advanced|intermediate,cambridge_15_21_random_intermediate_advanced,4,20,random,,256.203125,396.046875,296.203125,429.4375,6,2,hover,16.69999998807907,16.69999998807907,0.328029948525971,0.269921875,106,,,,,,2026-08-16T17:54:38.981Z,K8EF3YCB,2026-08-16,2026-08-16,11:54:38,2026-08-16 11:54:38,,,,,,,,697ab12b4591197afc56d253,697ab12b4591197afc56d253,,,,
45793,raw_position_sample,2,3,adv,25,3,3,4,70, wants ,354,267,1573048.199999988,697ab12b4591197afc56d253,697ab12b4591197afc56d253,advanced,3,697ab12b4591197afc56d253,697ab12b4591197afc56d253,spotlight_PROLIFIC,,31,Mexico,Spanish,N/A,,Spanish:75|English:25,100,Spanish:60|English:40,100,Spanish:90|English:10,100,29,0,Bachelor's,10,10,10,2,3,8,18,30,25,29,,,,,15,25,B1,intermediate|advanced,advanced|intermediate,cambridge_15_21_random_intermediate_advanced,4,20,random,,264.203125,340.875,288.203125,396.046875,6,1,,,,,,,,,,,,2026-08-16T17:54:38.981Z,K8EF3YCB,2026-08-16,2026-08-16,11:54:38,2026-08-16 11:54:38,,,,,,,,697ab12b4591197afc56d253,697ab12b4591197afc56d253,,,,
45844,raw_position_sample,2,3,adv,25,3,3,4,70, wants ,339,267,1573098.199999988,697ab12b4591197afc56d253,697ab12b4591197afc56d253,advanced,3,697ab12b4591197afc56d253,697ab12b4591197afc56d253,spotlight_PROLIFIC,,31,Mexico,Spanish,N/A,,Spanish:75|English:25,100,Spanish:60|English:40,100,Spanish:90|English:10,100,29,0,Bachelor's,10,10,10,2,3,8,18,30,25,29,,,,,15,25,B1,intermediate|advanced,advanced|intermediate,cambridge_15_21_random_intermediate_advanced,4,20,random,,264.203125,340.875,288.203125,396.046875,6,1,,,,,,,,,,,,2026-08-16T17:54:38.981Z,K8EF3YCB,2026-08-16,2026-08-16,11:54:38,2026-08-16 11:54:38,,,,,,,,697ab12b4591197afc56d253,697ab12b4591197afc56d253,,,,
45859,hover_association,2,3,adv,25,3,3,4,70, wants ,378,267,,697ab12b4591197afc56d253,697ab12b4591197afc56d253,advanced,3,697ab12b4591197afc56d253,697ab12b4591197afc56d253,spotlight_PROLIFIC,,31,Mexico,Spanish,N/A,,Spanish:75|English:25,100,Spanish:60|English:40,100,Spanish:90|English:10,100,29,0,Bachelor's,10,10,10,2,3,8,18,30,25,29,,,,,15,25,B1,intermediate|advanced,advanced|intermediate,cambridge_15_21_random_intermediate_advanced,4,20,random,,256.203125,336.628125,296.203125,396.046875,6,1,hover,83.30000001192093,83.30000001192093,0.03991795519091178,0.269921875,106,,,,,,2026-08-16T17:54:38.981Z,K8EF3YCB,2026-08-16,2026-08-16,11:54:38,2026-08-16 11:54:38,,,,,,,,697ab12b4591197afc56d253,697ab12b4591197afc56d253,,,,
45893,raw_position_sample,2,3,adv,25,3,3,4,-1,999,319,270,1573147.199999988,697ab12b4591197afc56d253,697ab12b4591197afc56d253,advanced,3,697ab12b4591197afc56d253,697ab12b4591197afc56d253,spotlight_PROLIFIC,,31,Mexico,Spanish,N/A,,Spanish:75|English:25,100,Spanish:60|English:40,100,Spanish:90|English:10,100,29,0,Bachelor's,10,10,10,2,3,8,18,30,25,29,,,,,15,25,B1,intermediate|advanced,advanced|intermediate,cambridge_15_21_random_intermediate_advanced,4,20,random,,,,,,,,,,,,,,,,,,,2026-08-16T17:54:38.981Z,K8EF3YCB,2026-08-16,2026-08-16,11:54:38,2026-08-16 11:54:38,,,,,,,,697ab12b4591197afc56d253,697ab12b4591197afc56d253,,,,
45943,raw_position_sample,2,3,adv,25,3,3,4,-1,999,303,274,1573197.8999999762,697ab12b4591197afc56d253,697ab12b4591197afc56d253,advanced,3,697ab12b4591197afc56d253,697ab12b4591197afc56d253,spotlight_PROLIFIC,,31,Mexico,Spanish,N/A,,Spanish:75|English:25,100,Spanish:60|English:40,100,Spanish:90|English:10,100,29,0,Bachelor's,10,10,10,2,3,8,18,30,25,29,,,,,15,25,B1,intermediate|advanced,advanced|intermediate,cambridge_15_21_random_intermediate_advanced,4,20,random,,,,,,,,,,,,,,,,,,,2026-08-16T17:54:38.981Z,K8EF3YCB,2026-08-16,2026-08-16,11:54:38,2026-08-16 11:54:38,,,,,,,,697ab12b4591197afc56d253,697ab12b4591197afc56d253,,,,
45984,raw_position_sample,2,3,adv,25,3,3,4,-1,999,297,276,1573238.3999999762,697ab12b4591197afc56d253,697ab12b4591197afc56d253,advanced,3,697ab12b4591197afc56d253,697ab12b4591197afc56d253,spotlight_PROLIFIC,,31,Mexico,Spanish,N/A,,Spanish:75|English:25,100,Spanish:60|English:40,100,Spanish:90|English:10,100,29,0,Bachelor's,10,10,10,2,3,8,18,30,25,29,,,,,15,25,B1,intermediate|advanced,advanced|intermediate,cambridge_15_21_random_intermediate_advanced,4,20,random,,,,,,,,,,,,,,,,,,,2026-08-16T17:54:38.981Z,K8EF3YCB,2026-08-16,2026-08-16,11:54:38,2026-08-16 11:54:38,,,,,,,,697ab12b4591197afc56d253,697ab12b4591197afc56d253,,,,
46040,raw_position_sample,2,3,adv,25,3,3,4,-1,999,297,276,1573294.800000012,697ab12b4591197afc56d253,697ab12b4591197afc56d253,advanced,3,697ab12b4591197afc56d253,697ab12b4591197afc56d253,spotlight_PROLIFIC,,31,Mexico,Spanish,N/A,,Spanish:75|English:25,100,Spanish:60|English:40,100,Spanish:90|English:10,100,29,0,Bachelor's,10,10,10,2,3,8,18,30,25,29,,,,,15,25,B1,intermediate|advanced,advanced|intermediate,cambridge_15_21_random_intermediate_advanced,4,20,random,,,,,,,,,,,,,,,,,,,2026-08-16T17:54:38.981Z,K8EF3YCB,2026-08-16,2026-08-16,11:54:38,2026-08-16 11:54:38,,,,,,,,697ab12b4591197afc56d253,697ab12b4591197afc56d253,,,,
46093,raw_position_sample,2,3,adv,25,3,3,4,-1,999,314,276,1573347.199999988,697ab12b4591197afc56d253,697ab12b4591197afc56d253,advanced,3,697ab12b4591197afc56d253,697ab12b4591197afc56d253,spotlight_PROLIFIC,,31,Mexico,Spanish,N/A,,Spanish:75|English:25,100,Spanish:60|English:40,100,Spanish:90|English:10,100,29,0,Bachelor's,10,10,10,2,3,8,18,30,25,29,,,,,15,25,B1,intermediate|advanced,advanced|intermediate,cambridge_15_21_random_intermediate_advanced,4,20,random,,,,,,,,,,,,,,,,,,,2026-08-16T17:54:38.981Z,K8EF3YCB,2026-08-16,2026-08-16,11:54:38,2026-08-16 11:54:38,,,,,,,,697ab12b4591197afc56d253,697ab12b4591197afc56d253,,,,
46143,raw_position_sample,2,3,adv,25,3,3,4,70, wants ,358,275,1573397.8999999762,697ab12b4591197afc56d253,697ab12b4591197afc56d253,advanced,3,697ab12b4591197afc56d253,697ab12b4591197afc56d253,spotlight_PROLIFIC,,31,Mexico,Spanish,N/A,,Spanish:75|English:25,100,Spanish:60|English:40,100,Spanish:90|English:10,100,29,0,Bachelor's,10,10,10,2,3,8,18,30,25,29,,,,,15,25,B1,intermediate|advanced,advanced|intermediate,cambridge_15_21_random_intermediate_advanced,4,20,random,,264.203125,340.875,288.203125,396.046875,6,1,,,,,,,,,,,,2026-08-16T17:54:38.981Z,K8EF3YCB,2026-08-16,2026-08-16,11:54:38,2026-08-16 11:54:38,,,,,,,,697ab12b4591197afc56d253,697ab12b4591197afc56d253,,,,
46193,raw_position_sample,2,3,adv,25,3,3,4,70, wants ,391,275,1573447.800000012,697ab12b4591197afc56d253,697ab12b4591197afc56d253,advanced,3,697ab12b4591197afc56d253,697ab12b4591197afc56d253,spotlight_PROLIFIC,,31,Mexico,Spanish,N/A,,Spanish:75|English:25,100,Spanish:60|English:40,100,Spanish:90|English:10,100,29,0,Bachelor's,10,10,10,2,3,8,18,30,25,29,,,,,15,25,B1,intermediate|advanced,advanced|intermediate,cambridge_15_21_random_intermediate_advanced,4,20,random,,264.203125,340.875,288.203125,396.046875,6,1,,,,,,,,,,,,2026-08-16T17:54:38.981Z,K8EF3YCB,2026-08-16,2026-08-16,11:54:38,2026-08-16 11:54:38,,,,,,,,697ab12b4591197afc56d253,697ab12b4591197afc56d253,,,,
46225,hover_association,2,3,adv,25,3,3,4,70, wants ,343,276,,697ab12b4591197afc56d253,697ab12b4591197afc56d253,advanced,3,697ab12b4591197afc56d253,697ab12b4591197afc56d253,spotlight_PROLIFIC,,31,Mexico,Spanish,N/A,,Spanish:75|English:25,100,Spanish:60|English:40,100,Spanish:90|English:10,100,29,0,Bachelor's,10,10,10,2,3,8,18,30,25,29,,,,,15,25,B1,intermediate|advanced,advanced|intermediate,cambridge_15_21_random_intermediate_advanced,4,20,random,,256.203125,336.628125,296.203125,396.046875,6,1,hover,100.40000003576279,100.40000003576279,0.9823814031766067,0.469921875,106,,,,,,2026-08-16T17:54:38.981Z,K8EF3YCB,2026-08-16,2026-08-16,11:54:38,2026-08-16 11:54:38,,,,,,,,697ab12b4591197afc56d253,697ab12b4591197afc56d253,,,,
46239,raw_position_sample,2,3,adv,25,3,3,4,71, her ,397,275,1573494,697ab12b4591197afc56d253,697ab12b4591197afc56d253,advanced,3,697ab12b4591197afc56d253,697ab12b4591197afc56d253,spotlight_PROLIFIC,,31,Mexico,Spanish,N/A,,Spanish:75|English:25,100,Spanish:60|English:40,100,Spanish:90|English:10,100,29,0,Bachelor's,10,10,10,2,3,8,18,30,25,29,,,,,15,25,B1,intermediate|advanced,advanced|intermediate,cambridge_15_21_random_intermediate_advanced,4,20,random,,264.203125,396.046875,288.203125,429.4375,6,2,,,,,,,,,,,,2026-08-16T17:54:38.981Z,K8EF3YCB,2026-08-16,2026-08-16,11:54:38,2026-08-16 11:54:38,,,,,,,,697ab12b4591197afc56d253,697ab12b4591197afc56d253,,,,
46291,raw_position_sample,2,3,adv,25,3,3,4,71, her ,398,275,1573546,697ab12b4591197afc56d253,697ab12b4591197afc56d253,advanced,3,697ab12b4591197afc56d253,697ab12b4591197afc56d253,spotlight_PROLIFIC,,31,Mexico,Spanish,N/A,,Spanish:75|English:25,100,Spanish:60|English:40,100,Spanish:90|English:10,100,29,0,Bachelor's,10,10,10,2,3,8,18,30,25,29,,,,,15,25,B1,intermediate|advanced,advanced|intermediate,cambridge_15_21_random_intermediate_advanced,4,20,random,,264.203125,396.046875,288.203125,429.4375,6,2,,,,,,,,,,,,2026-08-16T17:54:38.981Z,K8EF3YCB,2026-08-16,2026-08-16,11:54:38,2026-08-16 11:54:38,,,,,,,,697ab12b4591197afc56d253,697ab12b4591197afc56d253,,,,
46335,raw_position_sample,2,3,adv,25,3,3,4,71, her ,405,275,1573589.8999999762,697ab12b4591197afc56d253,697ab12b4591197afc56d253,advanced,3,697ab12b4591197afc56d253,697ab12b4591197afc56d253,spotlight_PROLIFIC,,31,Mexico,Spanish,N/A,,Spanish:75|English:25,100,Spanish:60|English:40,100,Spanish:90|English:10,100,29,0,Bachelor's,10,10,10,2,3,8,18,30,25,29,,,,,15,25,B1,intermediate|advanced,advanced|intermediate,cambridge_15_21_random_intermediate_advanced,4,20,random,,264.203125,396.046875,288.203125,429.4375,6,2,,,,,,,,,,,,2026-08-16T17:54:38.981Z,K8EF3YCB,2026-08-16,2026-08-16,11:54:38,2026-08-16 11:54:38,,,,,,,,697ab12b4591197afc56d253,697ab12b4591197afc56d253,,,,
46394,raw_position_sample,2,3,adv,25,3,3,4,71, her ,417,275,1573648.699999988,697ab12b4591197afc56d253,697ab12b4591197afc56d253,advanced,3,697ab12b4591197afc56d253,697ab12b4591197afc56d253,spotlight_PROLIFIC,,31,Mexico,Spanish,N/A,,Spanish:75|English:25,100,Spanish:60|English:40,100,Spanish:90|English:10,100,29,0,Bachelor's,10,10,10,2,3,8,18,30,25,29,,,,,15,25,B1,intermediate|advanced,advanced|intermediate,cambridge_15_21_random_intermediate_advanced,4,20,random,,264.203125,396.046875,288.203125,429.4375,6,2,,,,,,,,,,,,2026-08-16T17:54:38.981Z,K8EF3YCB,2026-08-16,2026-08-16,11:54:38,2026-08-16 11:54:38,,,,,,,,697ab12b4591197afc56d253,697ab12b4591197afc56d253,,,,
46442,hover_association,2,3,adv,25,3,3,4,71, her ,397,275,,697ab12b4591197afc56d253,697ab12b4591197afc56d253,advanced,3,697ab12b4591197afc56d253,697ab12b4591197afc56d253,spotlight_PROLIFIC,,31,Mexico,Spanish,N/A,,Spanish:75|English:25,100,Spanish:60|English:40,100,Spanish:90|English:10,100,29,0,Bachelor's,10,10,10,2,3,8,18,30,25,29,,,,,15,25,B1,intermediate|advanced,advanced|intermediate,cambridge_15_21_random_intermediate_advanced,4,20,random,,256.203125,396.046875,296.203125,429.4375,6,2,hover,216.39999997615814,216.39999997615814,0.9569489939167056,0.469921875,106,,,,,,2026-08-16T17:54:38.981Z,K8EF3YCB,2026-08-16,2026-08-16,11:54:38,2026-08-16 11:54:38,,,,,,,,697ab12b4591197afc56d253,697ab12b4591197afc56d253,,,,
46444,raw_position_sample,2,3,adv,25,3,3,4,72, to ,435,275,1573698.699999988,697ab12b4591197afc56d253,697ab12b4591197afc56d253,advanced,3,697ab12b4591197afc56d253,697ab12b4591197afc56d253,spotlight_PROLIFIC,,31,Mexico,Spanish,N/A,,Spanish:75|English:25,100,Spanish:60|English:40,100,Spanish:90|English:10,100,29,0,Bachelor's,10,10,10,2,3,8,18,30,25,29,,,,,15,25,B1,intermediate|advanced,advanced|intermediate,cambridge_15_21_random_intermediate_advanced,4,20,random,,264.203125,429.4375,288.203125,451.515625,6,3,,,,,,,,,,,,2026-08-16T17:54:38.981Z,K8EF3YCB,2026-08-16,2026-08-16,11:54:38,2026-08-16 11:54:38,,,,,,,,697ab12b4591197afc56d253,697ab12b4591197afc56d253,,,,
46475,hover_association,2,3,adv,25,3,3,4,72, to ,435,275,,697ab12b4591197afc56d253,697ab12b4591197afc56d253,advanced,3,697ab12b4591197afc56d253,697ab12b4591197afc56d253,spotlight_PROLIFIC,,31,Mexico,Spanish,N/A,,Spanish:75|English:25,100,Spanish:60|English:40,100,Spanish:90|English:10,100,29,0,Bachelor's,10,10,10,2,3,8,18,30,25,29,,,,,15,25,B1,intermediate|advanced,advanced|intermediate,cambridge_15_21_random_intermediate_advanced,4,20,random,,256.203125,429.4375,296.203125,451.515625,6,3,hover,33.40000003576279,33.40000003576279,0.8860580325548478,0.469921875,106,,,,,,2026-08-16T17:54:38.981Z,K8EF3YCB,2026-08-16,2026-08-16,11:54:38,2026-08-16 11:54:38,,,,,,,,697ab12b4591197afc56d253,697ab12b4591197afc56d253,,,,
46490,raw_position_sample,2,3,adv,25,3,3,4,73, check. ,459,275,1573744.5,697ab12b4591197afc56d253,697ab12b4591197afc56d253,advanced,3,697ab12b4591197afc56d253,697ab12b4591197afc56d253,spotlight_PROLIFIC,,31,Mexico,Spanish,N/A,,Spanish:75|English:25,100,Spanish:60|English:40,100,Spanish:90|English:10,100,29,0,Bachelor's,10,10,10,2,3,8,18,30,25,29,,,,,15,25,B1,intermediate|advanced,advanced|intermediate,cambridge_15_21_random_intermediate_advanced,4,20,random,,264.203125,451.515625,288.203125,509.203125,6,4,,,,,,,,,,,,2026-08-16T17:54:38.981Z,K8EF3YCB,2026-08-16,2026-08-16,11:54:38,2026-08-16 11:54:38,,,,,,,,697ab12b4591197afc56d253,697ab12b4591197afc56d253,,,,
46543,raw_position_sample,2,3,adv,25,3,3,4,73, check. ,481,280,1573797.699999988,697ab12b4591197afc56d253,697ab12b4591197afc56d253,advanced,3,697ab12b4591197afc56d253,697ab12b4591197afc56d253,spotlight_PROLIFIC,,31,Mexico,Spanish,N/A,,Spanish:75|English:25,100,Spanish:60|English:40,100,Spanish:90|English:10,100,29,0,Bachelor's,10,10,10,2,3,8,18,30,25,29,,,,,15,25,B1,intermediate|advanced,advanced|intermediate,cambridge_15_21_random_intermediate_advanced,4,20,random,,264.203125,451.515625,288.203125,509.203125,6,4,,,,,,,,,,,,2026-08-16T17:54:38.981Z,K8EF3YCB,2026-08-16,2026-08-16,11:54:38,2026-08-16 11:54:38,,,,,,,,697ab12b4591197afc56d253,697ab12b4591197afc56d253,,,,
46585,raw_position_sample,2,3,adv,25,3,3,4,73, check. ,481,280,1573839.199999988,697ab12b4591197afc56d253,697ab12b4591197afc56d253,advanced,3,697ab12b4591197afc56d253,697ab12b4591197afc56d253,spotlight_PROLIFIC,,31,Mexico,Spanish,N/A,,Spanish:75|English:25,100,Spanish:60|English:40,100,Spanish:90|English:10,100,29,0,Bachelor's,10,10,10,2,3,8,18,30,25,29,,,,,15,25,B1,intermediate|advanced,advanced|intermediate,cambridge_15_21_random_intermediate_advanced,4,20,random,,264.203125,451.515625,288.203125,509.203125,6,4,,,,,,,,,,,,2026-08-16T17:54:38.981Z,K8EF3YCB,2026-08-16,2026-08-16,11:54:38,2026-08-16 11:54:38,,,,,,,,697ab12b4591197afc56d253,697ab12b4591197afc56d253,,,,
46643,raw_position_sample,2,3,adv,25,3,3,4,73, check. ,490,280,1573897.8999999762,697ab12b4591197afc56d253,697ab12b4591197afc56d253,advanced,3,697ab12b4591197afc56d253,697ab12b4591197afc56d253,spotlight_PROLIFIC,,31,Mexico,Spanish,N/A,,Spanish:75|English:25,100,Spanish:60|English:40,100,Spanish:90|English:10,100,29,0,Bachelor's,10,10,10,2,3,8,18,30,25,29,,,,,15,25,B1,intermediate|advanced,advanced|intermediate,cambridge_15_21_random_intermediate_advanced,4,20,random,,264.203125,451.515625,288.203125,509.203125,6,4,,,,,,,,,,,,2026-08-16T17:54:38.981Z,K8EF3YCB,2026-08-16,2026-08-16,11:54:38,2026-08-16 11:54:38,,,,,,,,697ab12b4591197afc56d253,697ab12b4591197afc56d253,,,,
46693,raw_position_sample,2,3,adv,25,3,3,4,73, check. ,501,281,1573947.800000012,697ab12b4591197afc56d253,697ab12b4591197afc56d253,advanced,3,697ab12b4591197afc56d253,697ab12b4591197afc56d253,spotlight_PROLIFIC,,31,Mexico,Spanish,N/A,,Spanish:75|English:25,100,Spanish:60|English:40,100,Spanish:90|English:10,100,29,0,Bachelor's,10,10,10,2,3,8,18,30,25,29,,,,,15,25,B1,intermediate|advanced,advanced|intermediate,cambridge_15_21_random_intermediate_advanced,4,20,random,,264.203125,451.515625,288.203125,509.203125,6,4,,,,,,,,,,,,2026-08-16T17:54:38.981Z,K8EF3YCB,2026-08-16,2026-08-16,11:54:38,2026-08-16 11:54:38,,,,,,,,697ab12b4591197afc56d253,697ab12b4591197afc56d253,,,,
46742,hover_association,2,3,adv,25,3,3,4,73, check. ,459,275,,697ab12b4591197afc56d253,697ab12b4591197afc56d253,advanced,3,697ab12b4591197afc56d253,697ab12b4591197afc56d253,spotlight_PROLIFIC,,31,Mexico,Spanish,N/A,,Spanish:75|English:25,100,Spanish:60|English:40,100,Spanish:90|English:10,100,29,0,Bachelor's,10,10,10,2,3,8,18,30,25,29,,,,,15,25,B1,intermediate|advanced,advanced|intermediate,cambridge_15_21_random_intermediate_advanced,4,20,random,,256.203125,451.515625,296.203125,509.203125,6,4,hover,266.69999998807907,266.69999998807907,0.9618093174431203,0.619921875,106,,,,,,2026-08-16T17:54:38.981Z,K8EF3YCB,2026-08-16,2026-08-16,11:54:38,2026-08-16 11:54:38,,,,,,,,697ab12b4591197afc56d253,697ab12b4591197afc56d253,,,,
46744,raw_position_sample,2,3,adv,25,3,3,4,74, “I’m ,514,281,1573998.199999988,697ab12b4591197afc56d253,697ab12b4591197afc56d253,advanced,3,697ab12b4591197afc56d253,697ab12b4591197afc56d253,spotlight_PROLIFIC,,31,Mexico,Spanish,N/A,,Spanish:75|English:25,100,Spanish:60|English:40,100,Spanish:90|English:10,100,29,0,Bachelor's,10,10,10,2,3,8,18,30,25,29,,,,,15,25,B1,intermediate|advanced,advanced|intermediate,cambridge_15_21_random_intermediate_advanced,4,20,random,,264.203125,509.203125,288.203125,545.890625,6,5,,,,,,,,,,,,2026-08-16T17:54:38.981Z,K8EF3YCB,2026-08-16,2026-08-16,11:54:38,2026-08-16 11:54:38,,,,,,,,697ab12b4591197afc56d253,697ab12b4591197afc56d253,,,,
46793,raw_position_sample,2,3,adv,25,3,3,4,74, “I’m ,534,286,1574047.699999988,697ab12b4591197afc56d253,697ab12b4591197afc56d253,advanced,3,697ab12b4591197afc56d253,697ab12b4591197afc56d253,spotlight_PROLIFIC,,31,Mexico,Spanish,N/A,,Spanish:75|English:25,100,Spanish:60|English:40,100,Spanish:90|English:10,100,29,0,Bachelor's,10,10,10,2,3,8,18,30,25,29,,,,,15,25,B1,intermediate|advanced,advanced|intermediate,cambridge_15_21_random_intermediate_advanced,4,20,random,,264.203125,509.203125,288.203125,545.890625,6,5,,,,,,,,,,,,2026-08-16T17:54:38.981Z,K8EF3YCB,2026-08-16,2026-08-16,11:54:38,2026-08-16 11:54:38,,,,,,,,697ab12b4591197afc56d253,697ab12b4591197afc56d253,,,,
46842,hover_association,2,3,adv,25,3,3,4,74, “I’m ,514,281,,697ab12b4591197afc56d253,697ab12b4591197afc56d253,advanced,3,697ab12b4591197afc56d253,697ab12b4591197afc56d253,spotlight_PROLIFIC,,31,Mexico,Spanish,N/A,,Spanish:75|English:25,100,Spanish:60|English:40,100,Spanish:90|English:10,100,29,0,Bachelor's,10,10,10,2,3,8,18,30,25,29,,,,,15,25,B1,intermediate|advanced,advanced|intermediate,cambridge_15_21_random_intermediate_advanced,4,20,random,,256.203125,509.203125,296.203125,545.890625,6,5,hover,99.89999997615814,99.89999997615814,0.866695059625213,0.794921875,106,,,,,,2026-08-16T17:54:38.981Z,K8EF3YCB,2026-08-16,2026-08-16,11:54:38,2026-08-16 11:54:38,,,,,,,,697ab12b4591197afc56d253,697ab12b4591197afc56d253,,,,
46843,raw_position_sample,2,3,adv,25,3,3,4,75, always ,546,289,1574098.199999988,697ab12b4591197afc56d253,697ab12b4591197afc56d253,advanced,3,697ab12b4591197afc56d253,697ab12b4591197afc56d253,spotlight_PROLIFIC,,31,Mexico,Spanish,N/A,,Spanish:75|English:25,100,Spanish:60|English:40,100,Spanish:90|English:10,100,29,0,Bachelor's,10,10,10,2,3,8,18,30,25,29,,,,,15,25,B1,intermediate|advanced,advanced|intermediate,cambridge_15_21_random_intermediate_advanced,4,20,random,,264.203125,545.890625,288.203125,607.375,6,6,,,,,,,,,,,,2026-08-16T17:54:38.981Z,K8EF3YCB,2026-08-16,2026-08-16,11:54:38,2026-08-16 11:54:38,,,,,,,,697ab12b4591197afc56d253,697ab12b4591197afc56d253,,,,
46893,raw_position_sample,2,3,adv,25,3,3,4,75, always ,555,292,1574147.800000012,697ab12b4591197afc56d253,697ab12b4591197afc56d253,advanced,3,697ab12b4591197afc56d253,697ab12b4591197afc56d253,spotlight_PROLIFIC,,31,Mexico,Spanish,N/A,,Spanish:75|English:25,100,Spanish:60|English:40,100,Spanish:90|English:10,100,29,0,Bachelor's,10,10,10,2,3,8,18,30,25,29,,,,,15,25,B1,intermediate|advanced,advanced|intermediate,cambridge_15_21_random_intermediate_advanced,4,20,random,,264.203125,545.890625,288.203125,607.375,6,6,,,,,,,,,,,,2026-08-16T17:54:38.981Z,K8EF3YCB,2026-08-16,2026-08-16,11:54:38,2026-08-16 11:54:38,,,,,,,,697ab12b4591197afc56d253,697ab12b4591197afc56d253,,,,
46943,raw_position_sample,2,3,adv,25,3,3,4,75, always ,565,293,1574198.0999999642,697ab12b4591197afc56d253,697ab12b4591197afc56d253,advanced,3,697ab12b4591197afc56d253,697ab12b4591197afc56d253,spotlight_PROLIFIC,,31,Mexico,Spanish,N/A,,Spanish:75|English:25,100,Spanish:60|English:40,100,Spanish:90|English:10,100,29,0,Bachelor's,10,10,10,2,3,8,18,30,25,29,,,,,15,25,B1,intermediate|advanced,advanced|intermediate,cambridge_15_21_random_intermediate_advanced,4,20,random,,264.203125,545.890625,288.203125,607.375,6,6,,,,,,,,,,,,2026-08-16T17:54:38.981Z,K8EF3YCB,2026-08-16,2026-08-16,11:54:38,2026-08-16 11:54:38,,,,,,,,697ab12b4591197afc56d253,697ab12b4591197afc56d253,,,,
46993,raw_position_sample,2,3,adv,25,3,3,4,75, always ,571,294,1574248,697ab12b4591197afc56d253,697ab12b4591197afc56d253,advanced,3,697ab12b4591197afc56d253,697ab12b4591197afc56d253,spotlight_PROLIFIC,,31,Mexico,Spanish,N/A,,Spanish:75|English:25,100,Spanish:60|English:40,100,Spanish:90|English:10,100,29,0,Bachelor's,10,10,10,2,3,8,18,30,25,29,,,,,15,25,B1,intermediate|advanced,advanced|intermediate,cambridge_15_21_random_intermediate_advanced,4,20,random,,264.203125,545.890625,288.203125,607.375,6,6,,,,,,,,,,,,2026-08-16T17:54:38.981Z,K8EF3YCB,2026-08-16,2026-08-16,11:54:38,2026-08-16 11:54:38,,,,,,,,697ab12b4591197afc56d253,697ab12b4591197afc56d253,,,,
47040,raw_position_sample,2,3,adv,25,3,3,4,75, always ,575,296,1574294.300000012,697ab12b4591197afc56d253,697ab12b4591197afc56d253,advanced,3,697ab12b4591197afc56d253,697ab12b4591197afc56d253,spotlight_PROLIFIC,,31,Mexico,Spanish,N/A,,Spanish:75|English:25,100,Spanish:60|English:40,100,Spanish:90|English:10,100,29,0,Bachelor's,10,10,10,2,3,8,18,30,25,29,,,,,15,25,B1,intermediate|advanced,advanced|intermediate,cambridge_15_21_random_intermediate_advanced,4,20,random,,264.203125,545.890625,288.203125,607.375,6,6,,,,,,,,,,,,2026-08-16T17:54:38.981Z,K8EF3YCB,2026-08-16,2026-08-16,11:54:38,2026-08-16 11:54:38,,,,,,,,697ab12b4591197afc56d253,697ab12b4591197afc56d253,,,,
47075,hover_association,2,3,adv,25,3,3,4,75, always ,546,289,,697ab12b4591197afc56d253,697ab12b4591197afc56d253,advanced,3,697ab12b4591197afc56d253,697ab12b4591197afc56d253,spotlight_PROLIFIC,,31,Mexico,Spanish,N/A,,Spanish:75|English:25,100,Spanish:60|English:40,100,Spanish:90|English:10,100,29,0,Bachelor's,10,10,10,2,3,8,18,30,25,29,,,,,15,25,B1,intermediate|advanced,advanced|intermediate,cambridge_15_21_random_intermediate_advanced,4,20,random,,256.203125,545.890625,296.203125,607.375,6,6,hover,233.19999998807907,233.19999998807907,0.5222363405336722,0.994921875,106,,,,,,2026-08-16T17:54:38.981Z,K8EF3YCB,2026-08-16,2026-08-16,11:54:38,2026-08-16 11:54:38,,,,,,,,697ab12b4591197afc56d253,697ab12b4591197afc56d253,,,,
47093,raw_position_sample,2,3,adv,25,3,3,4,87, or ,585,298,1574347.699999988,697ab12b4591197afc56d253,697ab12b4591197afc56d253,advanced,3,697ab12b4591197afc56d253,697ab12b4591197afc56d253,spotlight_PROLIFIC,,31,Mexico,Spanish,N/A,,Spanish:75|English:25,100,Spanish:60|English:40,100,Spanish:90|English:10,100,29,0,Bachelor's,10,10,10,2,3,8,18,30,25,29,,,,,15,25,B1,intermediate|advanced,advanced|intermediate,cambridge_15_21_random_intermediate_advanced,4,20,random,,304.203125,574.234375,328.203125,597.25,7,5,,,,,,,,,,,,2026-08-16T17:54:38.981Z,K8EF3YCB,2026-08-16,2026-08-16,11:54:38,2026-08-16 11:54:38,,,,,,,,697ab12b4591197afc56d253,697ab12b4591197afc56d253,,,,
47142,raw_position_sample,2,3,adv,25,3,3,4,87, or ,587,298,1574396.300000012,697ab12b4591197afc56d253,697ab12b4591197afc56d253,advanced,3,697ab12b4591197afc56d253,697ab12b4591197afc56d253,spotlight_PROLIFIC,,31,Mexico,Spanish,N/A,,Spanish:75|English:25,100,Spanish:60|English:40,100,Spanish:90|English:10,100,29,0,Bachelor's,10,10,10,2,3,8,18,30,25,29,,,,,15,25,B1,intermediate|advanced,advanced|intermediate,cambridge_15_21_random_intermediate_advanced,4,20,random,,304.203125,574.234375,328.203125,597.25,7,5,,,,,,,,,,,,2026-08-16T17:54:38.981Z,K8EF3YCB,2026-08-16,2026-08-16,11:54:38,2026-08-16 11:54:38,,,,,,,,697ab12b4591197afc56d253,697ab12b4591197afc56d253,,,,
47190,raw_position_sample,2,3,adv,25,3,3,4,87, or ,587,298,1574445,697ab12b4591197afc56d253,697ab12b4591197afc56d253,advanced,3,697ab12b4591197afc56d253,697ab12b4591197afc56d253,spotlight_PROLIFIC,,31,Mexico,Spanish,N/A,,Spanish:75|English:25,100,Spanish:60|English:40,100,Spanish:90|English:10,100,29,0,Bachelor's,10,10,10,2,3,8,18,30,25,29,,,,,15,25,B1,intermediate|advanced,advanced|intermediate,cambridge_15_21_random_intermediate_advanced,4,20,random,,304.203125,574.234375,328.203125,597.25,7,5,,,,,,,,,,,,2026-08-16T17:54:38.981Z,K8EF3YCB,2026-08-16,2026-08-16,11:54:38,2026-08-16 11:54:38,,,,,,,,697ab12b4591197afc56d253,697ab12b4591197afc56d253,,,,
47239,raw_position_sample,2,3,adv,25,3,3,4,87, or ,587,298,1574493.300000012,697ab12b4591197afc56d253,697ab12b4591197afc56d253,advanced,3,697ab12b4591197afc56d253,697ab12b4591197afc56d253,spotlight_PROLIFIC,,31,Mexico,Spanish,N/A,,Spanish:75|English:25,100,Spanish:60|English:40,100,Spanish:90|English:10,100,29,0,Bachelor's,10,10,10,2,3,8,18,30,25,29,,,,,15,25,B1,intermediate|advanced,advanced|intermediate,cambridge_15_21_random_intermediate_advanced,4,20,random,,304.203125,574.234375,328.203125,597.25,7,5,,,,,,,,,,,,2026-08-16T17:54:38.981Z,K8EF3YCB,2026-08-16,2026-08-16,11:54:38,2026-08-16 11:54:38,,,,,,,,697ab12b4591197afc56d253,697ab12b4591197afc56d253,,,,
47287,raw_position_sample,2,3,adv,25,3,3,4,87, or ,587,298,1574542,697ab12b4591197afc56d253,697ab12b4591197afc56d253,advanced,3,697ab12b4591197afc56d253,697ab12b4591197afc56d253,spotlight_PROLIFIC,,31,Mexico,Spanish,N/A,,Spanish:75|English:25,100,Spanish:60|English:40,100,Spanish:90|English:10,100,29,0,Bachelor's,10,10,10,2,3,8,18,30,25,29,,,,,15,25,B1,intermediate|advanced,advanced|intermediate,cambridge_15_21_random_intermediate_advanced,4,20,random,,304.203125,574.234375,328.203125,597.25,7,5,,,,,,,,,,,,2026-08-16T17:54:38.981Z,K8EF3YCB,2026-08-16,2026-08-16,11:54:38,2026-08-16 11:54:38,,,,,,,,697ab12b4591197afc56d253,697ab12b4591197afc56d253,,,,
47343,raw_position_sample,2,3,adv,25,3,3,4,87, or ,596,297,1574597.800000012,697ab12b4591197afc56d253,697ab12b4591197afc56d253,advanced,3,697ab12b4591197afc56d253,697ab12b4591197afc56d253,spotlight_PROLIFIC,,31,Mexico,Spanish,N/A,,Spanish:75|English:25,100,Spanish:60|English:40,100,Spanish:90|English:10,100,29,0,Bachelor's,10,10,10,2,3,8,18,30,25,29,,,,,15,25,B1,intermediate|advanced,advanced|intermediate,cambridge_15_21_random_intermediate_advanced,4,20,random,,304.203125,574.234375,328.203125,597.25,7,5,,,,,,,,,,,,2026-08-16T17:54:38.981Z,K8EF3YCB,2026-08-16,2026-08-16,11:54:38,2026-08-16 11:54:38,,,,,,,,697ab12b4591197afc56d253,697ab12b4591197afc56d253,,,,
47358,hover_association,2,3,adv,25,3,3,4,87, or ,581,297,,697ab12b4591197afc56d253,697ab12b4591197afc56d253,advanced,3,697ab12b4591197afc56d253,697ab12b4591197afc56d253,spotlight_PROLIFIC,,31,Mexico,Spanish,N/A,,Spanish:75|English:25,100,Spanish:60|English:40,100,Spanish:90|English:10,100,29,0,Bachelor's,10,10,10,2,3,8,18,30,25,29,,,,,15,25,B1,intermediate|advanced,advanced|intermediate,cambridge_15_21_random_intermediate_advanced,4,20,random,,296.203125,574.234375,336.203125,597.25,7,5,hover,283.30000001192093,283.30000001192093,0.9456890699253224,0.019921875,106,,,,,,2026-08-16T17:54:38.981Z,K8EF3YCB,2026-08-16,2026-08-16,11:54:38,2026-08-16 11:54:38,,,,,,,,697ab12b4591197afc56d253,697ab12b4591197afc56d253,,,,
47391,raw_position_sample,2,3,adv,25,3,3,4,75, always ,598,295,1574645.199999988,697ab12b4591197afc56d253,697ab12b4591197afc56d253,advanced,3,697ab12b4591197afc56d253,697ab12b4591197afc56d253,spotlight_PROLIFIC,,31,Mexico,Spanish,N/A,,Spanish:75|English:25,100,Spanish:60|English:40,100,Spanish:90|English:10,100,29,0,Bachelor's,10,10,10,2,3,8,18,30,25,29,,,,,15,25,B1,intermediate|advanced,advanced|intermediate,cambridge_15_21_random_intermediate_advanced,4,20,random,,264.203125,545.890625,288.203125,607.375,6,6,,,,,,,,,,,,2026-08-16T17:54:38.981Z,K8EF3YCB,2026-08-16,2026-08-16,11:54:38,2026-08-16 11:54:38,,,,,,,,697ab12b4591197afc56d253,697ab12b4591197afc56d253,,,,
47442,raw_position_sample,2,3,adv,25,3,3,4,75, always ,598,295,1574696.300000012,697ab12b4591197afc56d253,697ab12b4591197afc56d253,advanced,3,697ab12b4591197afc56d253,697ab12b4591197afc56d253,spotlight_PROLIFIC,,31,Mexico,Spanish,N/A,,Spanish:75|English:25,100,Spanish:60|English:40,100,Spanish:90|English:10,100,29,0,Bachelor's,10,10,10,2,3,8,18,30,25,29,,,,,15,25,B1,intermediate|advanced,advanced|intermediate,cambridge_15_21_random_intermediate_advanced,4,20,random,,264.203125,545.890625,288.203125,607.375,6,6,,,,,,,,,,,,2026-08-16T17:54:38.981Z,K8EF3YCB,2026-08-16,2026-08-16,11:54:38,2026-08-16 11:54:38,,,,,,,,697ab12b4591197afc56d253,697ab12b4591197afc56d253,,,,
47493,raw_position_sample,2,3,adv,25,3,3,4,75, always ,591,285,1574747.8999999762,697ab12b4591197afc56d253,697ab12b4591197afc56d253,advanced,3,697ab12b4591197afc56d253,697ab12b4591197afc56d253,spotlight_PROLIFIC,,31,Mexico,Spanish,N/A,,Spanish:75|English:25,100,Spanish:60|English:40,100,Spanish:90|English:10,100,29,0,Bachelor's,10,10,10,2,3,8,18,30,25,29,,,,,15,25,B1,intermediate|advanced,advanced|intermediate,cambridge_15_21_random_intermediate_advanced,4,20,random,,264.203125,545.890625,288.203125,607.375,6,6,,,,,,,,,,,,2026-08-16T17:54:38.981Z,K8EF3YCB,2026-08-16,2026-08-16,11:54:38,2026-08-16 11:54:38,,,,,,,,697ab12b4591197afc56d253,697ab12b4591197afc56d253,,,,
47543,raw_position_sample,2,3,adv,25,3,3,4,75, always ,582,282,1574798,697ab12b4591197afc56d253,697ab12b4591197afc56d253,advanced,3,697ab12b4591197afc56d253,697ab12b4591197afc56d253,spotlight_PROLIFIC,,31,Mexico,Spanish,N/A,,Spanish:75|English:25,100,Spanish:60|English:40,100,Spanish:90|English:10,100,29,0,Bachelor's,10,10,10,2,3,8,18,30,25,29,,,,,15,25,B1,intermediate|advanced,advanced|intermediate,cambridge_15_21_random_intermediate_advanced,4,20,random,,264.203125,545.890625,288.203125,607.375,6,6,,,,,,,,,,,,2026-08-16T17:54:38.981Z,K8EF3YCB,2026-08-16,2026-08-16,11:54:38,2026-08-16 11:54:38,,,,,,,,697ab12b4591197afc56d253,697ab12b4591197afc56d253,,,,
47593,raw_position_sample,2,3,adv,25,3,3,4,75, always ,576,281,1574847.5999999642,697ab12b4591197afc56d253,697ab12b4591197afc56d253,advanced,3,697ab12b4591197afc56d253,697ab12b4591197afc56d253,spotlight_PROLIFIC,,31,Mexico,Spanish,N/A,,Spanish:75|English:25,100,Spanish:60|English:40,100,Spanish:90|English:10,100,29,0,Bachelor's,10,10,10,2,3,8,18,30,25,29,,,,,15,25,B1,intermediate|advanced,advanced|intermediate,cambridge_15_21_random_intermediate_advanced,4,20,random,,264.203125,545.890625,288.203125,607.375,6,6,,,,,,,,,,,,2026-08-16T17:54:38.981Z,K8EF3YCB,2026-08-16,2026-08-16,11:54:38,2026-08-16 11:54:38,,,,,,,,697ab12b4591197afc56d253,697ab12b4591197afc56d253,,,,
47641,raw_position_sample,2,3,adv,25,3,3,4,75, always ,573,281,1574895.8999999762,697ab12b4591197afc56d253,697ab12b4591197afc56d253,advanced,3,697ab12b4591197afc56d253,697ab12b4591197afc56d253,spotlight_PROLIFIC,,31,Mexico,Spanish,N/A,,Spanish:75|English:25,100,Spanish:60|English:40,100,Spanish:90|English:10,100,29,0,Bachelor's,10,10,10,2,3,8,18,30,25,29,,,,,15,25,B1,intermediate|advanced,advanced|intermediate,cambridge_15_21_random_intermediate_advanced,4,20,random,,264.203125,545.890625,288.203125,607.375,6,6,,,,,,,,,,,,2026-08-16T17:54:38.981Z,K8EF3YCB,2026-08-16,2026-08-16,11:54:38,2026-08-16 11:54:38,,,,,,,,697ab12b4591197afc56d253,697ab12b4591197afc56d253,,,,
47693,raw_position_sample,2,3,adv,25,3,3,4,75, always ,569,281,1574947.5999999642,697ab12b4591197afc56d253,697ab12b4591197afc56d253,advanced,3,697ab12b4591197afc56d253,697ab12b4591197afc56d253,spotlight_PROLIFIC,,31,Mexico,Spanish,N/A,,Spanish:75|English:25,100,Spanish:60|English:40,100,Spanish:90|English:10,100,29,0,Bachelor's,10,10,10,2,3,8,18,30,25,29,,,,,15,25,B1,intermediate|advanced,advanced|intermediate,cambridge_15_21_random_intermediate_advanced,4,20,random,,264.203125,545.890625,288.203125,607.375,6,6,,,,,,,,,,,,2026-08-16T17:54:38.981Z,K8EF3YCB,2026-08-16,2026-08-16,11:54:38,2026-08-16 11:54:38,,,,,,,,697ab12b4591197afc56d253,697ab12b4591197afc56d253,,,,
47744,raw_position_sample,2,3,adv,25,3,3,4,75, always ,558,282,1574998.5,697ab12b4591197afc56d253,697ab12b4591197afc56d253,advanced,3,697ab12b4591197afc56d253,697ab12b4591197afc56d253,spotlight_PROLIFIC,,31,Mexico,Spanish,N/A,,Spanish:75|English:25,100,Spanish:60|English:40,100,Spanish:90|English:10,100,29,0,Bachelor's,10,10,10,2,3,8,18,30,25,29,,,,,15,25,B1,intermediate|advanced,advanced|intermediate,cambridge_15_21_random_intermediate_advanced,4,20,random,,264.203125,545.890625,288.203125,607.375,6,6,,,,,,,,,,,,2026-08-16T17:54:38.981Z,K8EF3YCB,2026-08-16,2026-08-16,11:54:38,2026-08-16 11:54:38,,,,,,,,697ab12b4591197afc56d253,697ab12b4591197afc56d253,,,,
47775,hover_association,2,3,adv,25,3,3,4,75, always ,598,295,,697ab12b4591197afc56d253,697ab12b4591197afc56d253,advanced,3,697ab12b4591197afc56d253,697ab12b4591197afc56d253,spotlight_PROLIFIC,,31,Mexico,Spanish,N/A,,Spanish:75|English:25,100,Spanish:60|English:40,100,Spanish:90|English:10,100,29,0,Bachelor's,10,10,10,2,3,8,18,30,25,29,,,,,15,25,B1,intermediate|advanced,advanced|intermediate,cambridge_15_21_random_intermediate_advanced,4,20,random,,256.203125,545.890625,296.203125,607.375,6,6,hover,416.69999998807907,416.69999998807907,0.1156289707750953,0.719921875,106,,,,,,2026-08-16T17:54:38.981Z,K8EF3YCB,2026-08-16,2026-08-16,11:54:38,2026-08-16 11:54:38,,,,,,,,697ab12b4591197afc56d253,697ab12b4591197afc56d253,,,,
47795,raw_position_sample,2,3,adv,25,3,3,4,74, “I’m ,529,289,1575049.199999988,697ab12b4591197afc56d253,697ab12b4591197afc56d253,advanced,3,697ab12b4591197afc56d253,697ab12b4591197afc56d253,spotlight_PROLIFIC,,31,Mexico,Spanish,N/A,,Spanish:75|English:25,100,Spanish:60|English:40,100,Spanish:90|English:10,100,29,0,Bachelor's,10,10,10,2,3,8,18,30,25,29,,,,,15,25,B1,intermediate|advanced,advanced|intermediate,cambridge_15_21_random_intermediate_advanced,4,20,random,,264.203125,509.203125,288.203125,545.890625,6,5,,,,,,,,,,,,2026-08-16T17:54:38.981Z,K8EF3YCB,2026-08-16,2026-08-16,11:54:38,2026-08-16 11:54:38,,,,,,,,697ab12b4591197afc56d253,697ab12b4591197afc56d253,,,,
47844,raw_position_sample,2,3,adv,25,3,3,4,74, “I’m ,510,294,1575098.300000012,697ab12b4591197afc56d253,697ab12b4591197afc56d253,advanced,3,697ab12b4591197afc56d253,697ab12b4591197afc56d253,spotlight_PROLIFIC,,31,Mexico,Spanish,N/A,,Spanish:75|English:25,100,Spanish:60|English:40,100,Spanish:90|English:10,100,29,0,Bachelor's,10,10,10,2,3,8,18,30,25,29,,,,,15,25,B1,intermediate|advanced,advanced|intermediate,cambridge_15_21_random_intermediate_advanced,4,20,random,,264.203125,509.203125,288.203125,545.890625,6,5,,,,,,,,,,,,2026-08-16T17:54:38.981Z,K8EF3YCB,2026-08-16,2026-08-16,11:54:38,2026-08-16 11:54:38,,,,,,,,697ab12b4591197afc56d253,697ab12b4591197afc56d253,,,,
47858,hover_association,2,3,adv,25,3,3,4,74, “I’m ,544,286,,697ab12b4591197afc56d253,697ab12b4591197afc56d253,advanced,3,697ab12b4591197afc56d253,697ab12b4591197afc56d253,spotlight_PROLIFIC,,31,Mexico,Spanish,N/A,,Spanish:75|English:25,100,Spanish:60|English:40,100,Spanish:90|English:10,100,29,0,Bachelor's,10,10,10,2,3,8,18,30,25,29,,,,,15,25,B1,intermediate|advanced,advanced|intermediate,cambridge_15_21_random_intermediate_advanced,4,20,random,,256.203125,509.203125,296.203125,545.890625,6,5,hover,83.20000004768372,83.20000004768372,0.0217206132879046,0.944921875,106,,,,,,2026-08-16T17:54:38.981Z,K8EF3YCB,2026-08-16,2026-08-16,11:54:38,2026-08-16 11:54:38,,,,,,,,697ab12b4591197afc56d253,697ab12b4591197afc56d253,,,,
47891,raw_position_sample,2,3,adv,25,3,3,4,73, check. ,509,294,1575145.5,697ab12b4591197afc56d253,697ab12b4591197afc56d253,advanced,3,697ab12b4591197afc56d253,697ab12b4591197afc56d253,spotlight_PROLIFIC,,31,Mexico,Spanish,N/A,,Spanish:75|English:25,100,Spanish:60|English:40,100,Spanish:90|English:10,100,29,0,Bachelor's,10,10,10,2,3,8,18,30,25,29,,,,,15,25,B1,intermediate|advanced,advanced|intermediate,cambridge_15_21_random_intermediate_advanced,4,20,random,,264.203125,451.515625,288.203125,509.203125,6,4,,,,,,,,,,,,2026-08-16T17:54:38.981Z,K8EF3YCB,2026-08-16,2026-08-16,11:54:38,2026-08-16 11:54:38,,,,,,,,697ab12b4591197afc56d253,697ab12b4591197afc56d253,,,,
47940,raw_position_sample,2,3,adv,25,3,3,4,73, check. ,509,294,1575195,697ab12b4591197afc56d253,697ab12b4591197afc56d253,advanced,3,697ab12b4591197afc56d253,697ab12b4591197afc56d253,spotlight_PROLIFIC,,31,Mexico,Spanish,N/A,,Spanish:75|English:25,100,Spanish:60|English:40,100,Spanish:90|English:10,100,29,0,Bachelor's,10,10,10,2,3,8,18,30,25,29,,,,,15,25,B1,intermediate|advanced,advanced|intermediate,cambridge_15_21_random_intermediate_advanced,4,20,random,,264.203125,451.515625,288.203125,509.203125,6,4,,,,,,,,,,,,2026-08-16T17:54:38.981Z,K8EF3YCB,2026-08-16,2026-08-16,11:54:38,2026-08-16 11:54:38,,,,,,,,697ab12b4591197afc56d253,697ab12b4591197afc56d253,,,,
47988,raw_position_sample,2,3,adv,25,3,3,4,73, check. ,509,294,1575242.699999988,697ab12b4591197afc56d253,697ab12b4591197afc56d253,advanced,3,697ab12b4591197afc56d253,697ab12b4591197afc56d253,spotlight_PROLIFIC,,31,Mexico,Spanish,N/A,,Spanish:75|English:25,100,Spanish:60|English:40,100,Spanish:90|English:10,100,29,0,Bachelor's,10,10,10,2,3,8,18,30,25,29,,,,,15,25,B1,intermediate|advanced,advanced|intermediate,cambridge_15_21_random_intermediate_advanced,4,20,random,,264.203125,451.515625,288.203125,509.203125,6,4,,,,,,,,,,,,2026-08-16T17:54:38.981Z,K8EF3YCB,2026-08-16,2026-08-16,11:54:38,2026-08-16 11:54:38,,,,,,,,697ab12b4591197afc56d253,697ab12b4591197afc56d253,,,,
48004,hover_association,2,3,adv,25,3,3,4,73, check. ,509,294,,697ab12b4591197afc56d253,697ab12b4591197afc56d253,advanced,3,697ab12b4591197afc56d253,697ab12b4591197afc56d253,spotlight_PROLIFIC,,31,Mexico,Spanish,N/A,,Spanish:75|English:25,100,Spanish:60|English:40,100,Spanish:90|English:10,100,29,0,Bachelor's,10,10,10,2,3,8,18,30,25,29,,,,,15,25,B1,intermediate|advanced,advanced|intermediate,cambridge_15_21_random_intermediate_advanced,4,20,random,,256.203125,451.515625,296.203125,509.203125,6,4,hover,146.0999999642372,146.0999999642372,0.9964788732394366,0.944921875,106,,,,,,2026-08-16T17:54:38.981Z,K8EF3YCB,2026-08-16,2026-08-16,11:54:38,2026-08-16 11:54:38,,,,,,,,697ab12b4591197afc56d253,697ab12b4591197afc56d253,,,,
48043,raw_position_sample,2,3,adv,25,3,3,4,74, “I’m ,517,294,1575298.0999999642,697ab12b4591197afc56d253,697ab12b4591197afc56d253,advanced,3,697ab12b4591197afc56d253,697ab12b4591197afc56d253,spotlight_PROLIFIC,,31,Mexico,Spanish,N/A,,Spanish:75|English:25,100,Spanish:60|English:40,100,Spanish:90|English:10,100,29,0,Bachelor's,10,10,10,2,3,8,18,30,25,29,,,,,15,25,B1,intermediate|advanced,advanced|intermediate,cambridge_15_21_random_intermediate_advanced,4,20,random,,264.203125,509.203125,288.203125,545.890625,6,5,,,,,,,,,,,,2026-08-16T17:54:38.981Z,K8EF3YCB,2026-08-16,2026-08-16,11:54:38,2026-08-16 11:54:38,,,,,,,,697ab12b4591197afc56d253,697ab12b4591197afc56d253,,,,
48093,raw_position_sample,2,3,adv,25,3,3,4,74, “I’m ,536,294,1575347.3999999762,697ab12b4591197afc56d253,697ab12b4591197afc56d253,advanced,3,697ab12b4591197afc56d253,697ab12b4591197afc56d253,spotlight_PROLIFIC,,31,Mexico,Spanish,N/A,,Spanish:75|English:25,100,Spanish:60|English:40,100,Spanish:90|English:10,100,29,0,Bachelor's,10,10,10,2,3,8,18,30,25,29,,,,,15,25,B1,intermediate|advanced,advanced|intermediate,cambridge_15_21_random_intermediate_advanced,4,20,random,,264.203125,509.203125,288.203125,545.890625,6,5,,,,,,,,,,,,2026-08-16T17:54:38.981Z,K8EF3YCB,2026-08-16,2026-08-16,11:54:38,2026-08-16 11:54:38,,,,,,,,697ab12b4591197afc56d253,697ab12b4591197afc56d253,,,,
48125,hover_association,2,3,adv,25,3,3,4,74, “I’m ,510,294,,697ab12b4591197afc56d253,697ab12b4591197afc56d253,advanced,3,697ab12b4591197afc56d253,697ab12b4591197afc56d253,spotlight_PROLIFIC,,31,Mexico,Spanish,N/A,,Spanish:75|English:25,100,Spanish:60|English:40,100,Spanish:90|English:10,100,29,0,Bachelor's,10,10,10,2,3,8,18,30,25,29,,,,,15,25,B1,intermediate|advanced,advanced|intermediate,cambridge_15_21_random_intermediate_advanced,4,20,random,,256.203125,509.203125,296.203125,545.890625,6,5,hover,120.5,120.5,0.8939522998296422,0.944921875,106,,,,,,2026-08-16T17:54:38.981Z,K8EF3YCB,2026-08-16,2026-08-16,11:54:38,2026-08-16 11:54:38,,,,,,,,697ab12b4591197afc56d253,697ab12b4591197afc56d253,,,,
48143,raw_position_sample,2,3,adv,25,3,3,4,75, always ,557,292,1575398,697ab12b4591197afc56d253,697ab12b4591197afc56d253,advanced,3,697ab12b4591197afc56d253,697ab12b4591197afc56d253,spotlight_PROLIFIC,,31,Mexico,Spanish,N/A,,Spanish:75|English:25,100,Spanish:60|English:40,100,Spanish:90|English:10,100,29,0,Bachelor's,10,10,10,2,3,8,18,30,25,29,,,,,15,25,B1,intermediate|advanced,advanced|intermediate,cambridge_15_21_random_intermediate_advanced,4,20,random,,264.203125,545.890625,288.203125,607.375,6,6,,,,,,,,,,,,2026-08-16T17:54:38.981Z,K8EF3YCB,2026-08-16,2026-08-16,11:54:38,2026-08-16 11:54:38,,,,,,,,697ab12b4591197afc56d253,697ab12b4591197afc56d253,,,,
48194,raw_position_sample,2,3,adv,25,3,3,4,75, always ,567,288,1575448.199999988,697ab12b4591197afc56d253,697ab12b4591197afc56d253,advanced,3,697ab12b4591197afc56d253,697ab12b4591197afc56d253,spotlight_PROLIFIC,,31,Mexico,Spanish,N/A,,Spanish:75|English:25,100,Spanish:60|English:40,100,Spanish:90|English:10,100,29,0,Bachelor's,10,10,10,2,3,8,18,30,25,29,,,,,15,25,B1,intermediate|advanced,advanced|intermediate,cambridge_15_21_random_intermediate_advanced,4,20,random,,264.203125,545.890625,288.203125,607.375,6,6,,,,,,,,,,,,2026-08-16T17:54:38.981Z,K8EF3YCB,2026-08-16,2026-08-16,11:54:38,2026-08-16 11:54:38,,,,,,,,697ab12b4591197afc56d253,697ab12b4591197afc56d253,,,,
48242,raw_position_sample,2,3,adv,25,3,3,4,75, always ,567,288,1575496.199999988,697ab12b4591197afc56d253,697ab12b4591197afc56d253,advanced,3,697ab12b4591197afc56d253,697ab12b4591197afc56d253,spotlight_PROLIFIC,,31,Mexico,Spanish,N/A,,Spanish:75|English:25,100,Spanish:60|English:40,100,Spanish:90|English:10,100,29,0,Bachelor's,10,10,10,2,3,8,18,30,25,29,,,,,15,25,B1,intermediate|advanced,advanced|intermediate,cambridge_15_21_random_intermediate_advanced,4,20,random,,264.203125,545.890625,288.203125,607.375,6,6,,,,,,,,,,,,2026-08-16T17:54:38.981Z,K8EF3YCB,2026-08-16,2026-08-16,11:54:38,2026-08-16 11:54:38,,,,,,,,697ab12b4591197afc56d253,697ab12b4591197afc56d253,,,,
48293,raw_position_sample,2,3,adv,25,3,3,4,75, always ,576,288,1575547.8999999762,697ab12b4591197afc56d253,697ab12b4591197afc56d253,advanced,3,697ab12b4591197afc56d253,697ab12b4591197afc56d253,spotlight_PROLIFIC,,31,Mexico,Spanish,N/A,,Spanish:75|English:25,100,Spanish:60|English:40,100,Spanish:90|English:10,100,29,0,Bachelor's,10,10,10,2,3,8,18,30,25,29,,,,,15,25,B1,intermediate|advanced,advanced|intermediate,cambridge_15_21_random_intermediate_advanced,4,20,random,,264.203125,545.890625,288.203125,607.375,6,6,,,,,,,,,,,,2026-08-16T17:54:38.981Z,K8EF3YCB,2026-08-16,2026-08-16,11:54:38,2026-08-16 11:54:38,,,,,,,,697ab12b4591197afc56d253,697ab12b4591197afc56d253,,,,
48343,raw_position_sample,2,3,adv,25,3,3,4,75, always ,591,287,1575597.8999999762,697ab12b4591197afc56d253,697ab12b4591197afc56d253,advanced,3,697ab12b4591197afc56d253,697ab12b4591197afc56d253,spotlight_PROLIFIC,,31,Mexico,Spanish,N/A,,Spanish:75|English:25,100,Spanish:60|English:40,100,Spanish:90|English:10,100,29,0,Bachelor's,10,10,10,2,3,8,18,30,25,29,,,,,15,25,B1,intermediate|advanced,advanced|intermediate,cambridge_15_21_random_intermediate_advanced,4,20,random,,264.203125,545.890625,288.203125,607.375,6,6,,,,,,,,,,,,2026-08-16T17:54:38.981Z,K8EF3YCB,2026-08-16,2026-08-16,11:54:38,2026-08-16 11:54:38,,,,,,,,697ab12b4591197afc56d253,697ab12b4591197afc56d253,,,,
48392,hover_association,2,3,adv,25,3,3,4,75, always ,549,294,,697ab12b4591197afc56d253,697ab12b4591197afc56d253,advanced,3,697ab12b4591197afc56d253,697ab12b4591197afc56d253,spotlight_PROLIFIC,,31,Mexico,Spanish,N/A,,Spanish:75|English:25,100,Spanish:60|English:40,100,Spanish:90|English:10,100,29,0,Bachelor's,10,10,10,2,3,8,18,30,25,29,,,,,15,25,B1,intermediate|advanced,advanced|intermediate,cambridge_15_21_random_intermediate_advanced,4,20,random,,256.203125,545.890625,296.203125,607.375,6,6,hover,266.69999998807907,266.69999998807907,0.9776365946632782,0.669921875,106,,,,,,2026-08-16T17:54:38.981Z,K8EF3YCB,2026-08-16,2026-08-16,11:54:38,2026-08-16 11:54:38,,,,,,,,697ab12b4591197afc56d253,697ab12b4591197afc56d253,,,,
48393,raw_position_sample,2,3,adv,25,3,3,4,76, given ,617,281,1575647.8999999762,697ab12b4591197afc56d253,697ab12b4591197afc56d253,advanced,3,697ab12b4591197afc56d253,697ab12b4591197afc56d253,spotlight_PROLIFIC,,31,Mexico,Spanish,N/A,,Spanish:75|English:25,100,Spanish:60|English:40,100,Spanish:90|English:10,100,29,0,Bachelor's,10,10,10,2,3,8,18,30,25,29,,,,,15,25,B1,intermediate|advanced,advanced|intermediate,cambridge_15_21_random_intermediate_advanced,4,20,random,,264.203125,607.375,288.203125,658.203125,6,7,,,,,,,,,,,,2026-08-16T17:54:38.981Z,K8EF3YCB,2026-08-16,2026-08-16,11:54:38,2026-08-16 11:54:38,,,,,,,,697ab12b4591197afc56d253,697ab12b4591197afc56d253,,,,
48443,raw_position_sample,2,3,adv,25,3,3,4,76, given ,633,277,1575697.800000012,697ab12b4591197afc56d253,697ab12b4591197afc56d253,advanced,3,697ab12b4591197afc56d253,697ab12b4591197afc56d253,spotlight_PROLIFIC,,31,Mexico,Spanish,N/A,,Spanish:75|English:25,100,Spanish:60|English:40,100,Spanish:90|English:10,100,29,0,Bachelor's,10,10,10,2,3,8,18,30,25,29,,,,,15,25,B1,intermediate|advanced,advanced|intermediate,cambridge_15_21_random_intermediate_advanced,4,20,random,,264.203125,607.375,288.203125,658.203125,6,7,,,,,,,,,,,,2026-08-16T17:54:38.981Z,K8EF3YCB,2026-08-16,2026-08-16,11:54:38,2026-08-16 11:54:38,,,,,,,,697ab12b4591197afc56d253,697ab12b4591197afc56d253,,,,
48494,raw_position_sample,2,3,adv,25,3,3,4,76, given ,641,276,1575748.300000012,697ab12b4591197afc56d253,697ab12b4591197afc56d253,advanced,3,697ab12b4591197afc56d253,697ab12b4591197afc56d253,spotlight_PROLIFIC,,31,Mexico,Spanish,N/A,,Spanish:75|English:25,100,Spanish:60|English:40,100,Spanish:90|English:10,100,29,0,Bachelor's,10,10,10,2,3,8,18,30,25,29,,,,,15,25,B1,intermediate|advanced,advanced|intermediate,cambridge_15_21_random_intermediate_advanced,4,20,random,,264.203125,607.375,288.203125,658.203125,6,7,,,,,,,,,,,,2026-08-16T17:54:38.981Z,K8EF3YCB,2026-08-16,2026-08-16,11:54:38,2026-08-16 11:54:38,,,,,,,,697ab12b4591197afc56d253,697ab12b4591197afc56d253,,,,
48543,raw_position_sample,2,3,adv,25,3,3,4,76, given ,648,275,1575797.5999999642,697ab12b4591197afc56d253,697ab12b4591197afc56d253,advanced,3,697ab12b4591197afc56d253,697ab12b4591197afc56d253,spotlight_PROLIFIC,,31,Mexico,Spanish,N/A,,Spanish:75|English:25,100,Spanish:60|English:40,100,Spanish:90|English:10,100,29,0,Bachelor's,10,10,10,2,3,8,18,30,25,29,,,,,15,25,B1,intermediate|advanced,advanced|intermediate,cambridge_15_21_random_intermediate_advanced,4,20,random,,264.203125,607.375,288.203125,658.203125,6,7,,,,,,,,,,,,2026-08-16T17:54:38.981Z,K8EF3YCB,2026-08-16,2026-08-16,11:54:38,2026-08-16 11:54:38,,,,,,,,697ab12b4591197afc56d253,697ab12b4591197afc56d253,,,,
48593,raw_position_sample,2,3,adv,25,3,3,4,76, given ,653,275,1575848,697ab12b4591197afc56d253,697ab12b4591197afc56d253,advanced,3,697ab12b4591197afc56d253,697ab12b4591197afc56d253,spotlight_PROLIFIC,,31,Mexico,Spanish,N/A,,Spanish:75|English:25,100,Spanish:60|English:40,100,Spanish:90|English:10,100,29,0,Bachelor's,10,10,10,2,3,8,18,30,25,29,,,,,15,25,B1,intermediate|advanced,advanced|intermediate,cambridge_15_21_random_intermediate_advanced,4,20,random,,264.203125,607.375,288.203125,658.203125,6,7,,,,,,,,,,,,2026-08-16T17:54:38.981Z,K8EF3YCB,2026-08-16,2026-08-16,11:54:38,2026-08-16 11:54:38,,,,,,,,697ab12b4591197afc56d253,697ab12b4591197afc56d253,,,,
48635,raw_position_sample,2,3,adv,25,3,3,4,76, given ,654,275,1575890,697ab12b4591197afc56d253,697ab12b4591197afc56d253,advanced,3,697ab12b4591197afc56d253,697ab12b4591197afc56d253,spotlight_PROLIFIC,,31,Mexico,Spanish,N/A,,Spanish:75|English:25,100,Spanish:60|English:40,100,Spanish:90|English:10,100,29,0,Bachelor's,10,10,10,2,3,8,18,30,25,29,,,,,15,25,B1,intermediate|advanced,advanced|intermediate,cambridge_15_21_random_intermediate_advanced,4,20,random,,264.203125,607.375,288.203125,658.203125,6,7,,,,,,,,,,,,2026-08-16T17:54:38.981Z,K8EF3YCB,2026-08-16,2026-08-16,11:54:38,2026-08-16 11:54:38,,,,,,,,697ab12b4591197afc56d253,697ab12b4591197afc56d253,,,,
48675,hover_association,2,3,adv,25,3,3,4,76, given ,617,281,,697ab12b4591197afc56d253,697ab12b4591197afc56d253,advanced,3,697ab12b4591197afc56d253,697ab12b4591197afc56d253,spotlight_PROLIFIC,,31,Mexico,Spanish,N/A,,Spanish:75|English:25,100,Spanish:60|English:40,100,Spanish:90|English:10,100,29,0,Bachelor's,10,10,10,2,3,8,18,30,25,29,,,,,15,25,B1,intermediate|advanced,advanced|intermediate,cambridge_15_21_random_intermediate_advanced,4,20,random,,256.203125,607.375,296.203125,658.203125,6,7,hover,283.30000001192093,283.30000001192093,0.9960036889025515,0.469921875,106,,,,,,2026-08-16T17:54:38.981Z,K8EF3YCB,2026-08-16,2026-08-16,11:54:38,2026-08-16 11:54:38,,,,,,,,697ab12b4591197afc56d253,697ab12b4591197afc56d253,,,,
48693,raw_position_sample,2,3,adv,25,3,3,4,77, a ,666,275,1575947.5,697ab12b4591197afc56d253,697ab12b4591197afc56d253,advanced,3,697ab12b4591197afc56d253,697ab12b4591197afc56d253,spotlight_PROLIFIC,,31,Mexico,Spanish,N/A,,Spanish:75|English:25,100,Spanish:60|English:40,100,Spanish:90|English:10,100,29,0,Bachelor's,10,10,10,2,3,8,18,30,25,29,,,,,15,25,B1,intermediate|advanced,advanced|intermediate,cambridge_15_21_random_intermediate_advanced,4,20,random,,264.203125,658.203125,288.203125,672.984375,6,8,,,,,,,,,,,,2026-08-16T17:54:38.981Z,K8EF3YCB,2026-08-16,2026-08-16,11:54:38,2026-08-16 11:54:38,,,,,,,,697ab12b4591197afc56d253,697ab12b4591197afc56d253,,,,
48725,hover_association,2,3,adv,25,3,3,4,77, a ,661,275,,697ab12b4591197afc56d253,697ab12b4591197afc56d253,advanced,3,697ab12b4591197afc56d253,697ab12b4591197afc56d253,spotlight_PROLIFIC,,31,Mexico,Spanish,N/A,,Spanish:75|English:25,100,Spanish:60|English:40,100,Spanish:90|English:10,100,29,0,Bachelor's,10,10,10,2,3,8,18,30,25,29,,,,,15,25,B1,intermediate|advanced,advanced|intermediate,cambridge_15_21_random_intermediate_advanced,4,20,random,,256.203125,658.203125,296.203125,672.984375,6,8,hover,49.80000001192093,49.80000001192093,0.7980972515856237,0.469921875,106,,,,,,2026-08-16T17:54:38.981Z,K8EF3YCB,2026-08-16,2026-08-16,11:54:38,2026-08-16 11:54:38,,,,,,,,697ab12b4591197afc56d253,697ab12b4591197afc56d253,,,,
48743,raw_position_sample,2,3,adv,25,3,3,4,78," scenario, ",680,276,1575998,697ab12b4591197afc56d253,697ab12b4591197afc56d253,advanced,3,697ab12b4591197afc56d253,697ab12b4591197afc56d253,spotlight_PROLIFIC,,31,Mexico,Spanish,N/A,,Spanish:75|English:25,100,Spanish:60|English:40,100,Spanish:90|English:10,100,29,0,Bachelor's,10,10,10,2,3,8,18,30,25,29,,,,,15,25,B1,intermediate|advanced,advanced|intermediate,cambridge_15_21_random_intermediate_advanced,4,20,random,,264.203125,672.984375,288.203125,754.09375,6,9,,,,,,,,,,,,2026-08-16T17:54:38.981Z,K8EF3YCB,2026-08-16,2026-08-16,11:54:38,2026-08-16 11:54:38,,,,,,,,697ab12b4591197afc56d253,697ab12b4591197afc56d253,,,,
48793,raw_position_sample,2,3,adv,25,3,3,4,78," scenario, ",699,276,1576047.5,697ab12b4591197afc56d253,697ab12b4591197afc56d253,advanced,3,697ab12b4591197afc56d253,697ab12b4591197afc56d253,spotlight_PROLIFIC,,31,Mexico,Spanish,N/A,,Spanish:75|English:25,100,Spanish:60|English:40,100,Spanish:90|English:10,100,29,0,Bachelor's,10,10,10,2,3,8,18,30,25,29,,,,,15,25,B1,intermediate|advanced,advanced|intermediate,cambridge_15_21_random_intermediate_advanced,4,20,random,,264.203125,672.984375,288.203125,754.09375,6,9,,,,,,,,,,,,2026-08-16T17:54:38.981Z,K8EF3YCB,2026-08-16,2026-08-16,11:54:38,2026-08-16 11:54:38,,,,,,,,697ab12b4591197afc56d253,697ab12b4591197afc56d253,,,,
48843,raw_position_sample,2,3,adv,25,3,3,4,78," scenario, ",713,276,1576097.699999988,697ab12b4591197afc56d253,697ab12b4591197afc56d253,advanced,3,697ab12b4591197afc56d253,697ab12b4591197afc56d253,spotlight_PROLIFIC,,31,Mexico,Spanish,N/A,,Spanish:75|English:25,100,Spanish:60|English:40,100,Spanish:90|English:10,100,29,0,Bachelor's,10,10,10,2,3,8,18,30,25,29,,,,,15,25,B1,intermediate|advanced,advanced|intermediate,cambridge_15_21_random_intermediate_advanced,4,20,random,,264.203125,672.984375,288.203125,754.09375,6,9,,,,,,,,,,,,2026-08-16T17:54:38.981Z,K8EF3YCB,2026-08-16,2026-08-16,11:54:38,2026-08-16 11:54:38,,,,,,,,697ab12b4591197afc56d253,697ab12b4591197afc56d253,,,,
48893,raw_position_sample,2,3,adv,25,3,3,4,78," scenario, ",723,275,1576147.300000012,697ab12b4591197afc56d253,697ab12b4591197afc56d253,advanced,3,697ab12b4591197afc56d253,697ab12b4591197afc56d253,spotlight_PROLIFIC,,31,Mexico,Spanish,N/A,,Spanish:75|English:25,100,Spanish:60|English:40,100,Spanish:90|English:10,100,29,0,Bachelor's,10,10,10,2,3,8,18,30,25,29,,,,,15,25,B1,intermediate|advanced,advanced|intermediate,cambridge_15_21_random_intermediate_advanced,4,20,random,,264.203125,672.984375,288.203125,754.09375,6,9,,,,,,,,,,,,2026-08-16T17:54:38.981Z,K8EF3YCB,2026-08-16,2026-08-16,11:54:38,2026-08-16 11:54:38,,,,,,,,697ab12b4591197afc56d253,697ab12b4591197afc56d253,,,,
48944,raw_position_sample,2,3,adv,25,3,3,4,78," scenario, ",729,274,1576198.199999988,697ab12b4591197afc56d253,697ab12b4591197afc56d253,advanced,3,697ab12b4591197afc56d253,697ab12b4591197afc56d253,spotlight_PROLIFIC,,31,Mexico,Spanish,N/A,,Spanish:75|English:25,100,Spanish:60|English:40,100,Spanish:90|English:10,100,29,0,Bachelor's,10,10,10,2,3,8,18,30,25,29,,,,,15,25,B1,intermediate|advanced,advanced|intermediate,cambridge_15_21_random_intermediate_advanced,4,20,random,,264.203125,672.984375,288.203125,754.09375,6,9,,,,,,,,,,,,2026-08-16T17:54:38.981Z,K8EF3YCB,2026-08-16,2026-08-16,11:54:38,2026-08-16 11:54:38,,,,,,,,697ab12b4591197afc56d253,697ab12b4591197afc56d253,,,,
48984,raw_position_sample,2,3,adv,25,3,3,4,78," scenario, ",731,274,1576238.699999988,697ab12b4591197afc56d253,697ab12b4591197afc56d253,advanced,3,697ab12b4591197afc56d253,697ab12b4591197afc56d253,spotlight_PROLIFIC,,31,Mexico,Spanish,N/A,,Spanish:75|English:25,100,Spanish:60|English:40,100,Spanish:90|English:10,100,29,0,Bachelor's,10,10,10,2,3,8,18,30,25,29,,,,,15,25,B1,intermediate|advanced,advanced|intermediate,cambridge_15_21_random_intermediate_advanced,4,20,random,,264.203125,672.984375,288.203125,754.09375,6,9,,,,,,,,,,,,2026-08-16T17:54:38.981Z,K8EF3YCB,2026-08-16,2026-08-16,11:54:38,2026-08-16 11:54:38,,,,,,,,697ab12b4591197afc56d253,697ab12b4591197afc56d253,,,,
49043,raw_position_sample,2,3,adv,25,3,3,4,78," scenario, ",740,273,1576297.699999988,697ab12b4591197afc56d253,697ab12b4591197afc56d253,advanced,3,697ab12b4591197afc56d253,697ab12b4591197afc56d253,spotlight_PROLIFIC,,31,Mexico,Spanish,N/A,,Spanish:75|English:25,100,Spanish:60|English:40,100,Spanish:90|English:10,100,29,0,Bachelor's,10,10,10,2,3,8,18,30,25,29,,,,,15,25,B1,intermediate|advanced,advanced|intermediate,cambridge_15_21_random_intermediate_advanced,4,20,random,,264.203125,672.984375,288.203125,754.09375,6,9,,,,,,,,,,,,2026-08-16T17:54:38.981Z,K8EF3YCB,2026-08-16,2026-08-16,11:54:38,2026-08-16 11:54:38,,,,,,,,697ab12b4591197afc56d253,697ab12b4591197afc56d253,,,,
49091,raw_position_sample,2,3,adv,25,3,3,4,78," scenario, ",744,273,1576345.8999999762,697ab12b4591197afc56d253,697ab12b4591197afc56d253,advanced,3,697ab12b4591197afc56d253,697ab12b4591197afc56d253,spotlight_PROLIFIC,,31,Mexico,Spanish,N/A,,Spanish:75|English:25,100,Spanish:60|English:40,100,Spanish:90|English:10,100,29,0,Bachelor's,10,10,10,2,3,8,18,30,25,29,,,,,15,25,B1,intermediate|advanced,advanced|intermediate,cambridge_15_21_random_intermediate_advanced,4,20,random,,264.203125,672.984375,288.203125,754.09375,6,9,,,,,,,,,,,,2026-08-16T17:54:38.981Z,K8EF3YCB,2026-08-16,2026-08-16,11:54:38,2026-08-16 11:54:38,,,,,,,,697ab12b4591197afc56d253,697ab12b4591197afc56d253,,,,
49142,hover_association,2,3,adv,25,3,3,4,78," scenario, ",675,276,,697ab12b4591197afc56d253,697ab12b4591197afc56d253,advanced,3,697ab12b4591197afc56d253,697ab12b4591197afc56d253,spotlight_PROLIFIC,,31,Mexico,Spanish,N/A,,Spanish:75|English:25,100,Spanish:60|English:40,100,Spanish:90|English:10,100,29,0,Bachelor's,10,10,10,2,3,8,18,30,25,29,,,,,15,25,B1,intermediate|advanced,advanced|intermediate,cambridge_15_21_random_intermediate_advanced,4,20,random,,256.203125,672.984375,296.203125,754.09375,6,9,hover,417.10000002384186,417.10000002384186,0.9988441533423232,0.419921875,106,,,,,,2026-08-16T17:54:38.981Z,K8EF3YCB,2026-08-16,2026-08-16,11:54:38,2026-08-16 11:54:38,,,,,,,,697ab12b4591197afc56d253,697ab12b4591197afc56d253,,,,
49144,raw_position_sample,2,3,adv,25,3,3,4,79, such ,756,273,1576398.3999999762,697ab12b4591197afc56d253,697ab12b4591197afc56d253,advanced,3,697ab12b4591197afc56d253,697ab12b4591197afc56d253,spotlight_PROLIFIC,,31,Mexico,Spanish,N/A,,Spanish:75|English:25,100,Spanish:60|English:40,100,Spanish:90|English:10,100,29,0,Bachelor's,10,10,10,2,3,8,18,30,25,29,,,,,15,25,B1,intermediate|advanced,advanced|intermediate,cambridge_15_21_random_intermediate_advanced,4,20,random,,264.203125,754.09375,288.203125,798.296875,6,10,,,,,,,,,,,,2026-08-16T17:54:38.981Z,K8EF3YCB,2026-08-16,2026-08-16,11:54:38,2026-08-16 11:54:38,,,,,,,,697ab12b4591197afc56d253,697ab12b4591197afc56d253,,,,
49191,raw_position_sample,2,3,adv,25,3,3,4,79, such ,760,273,1576445.8999999762,697ab12b4591197afc56d253,697ab12b4591197afc56d253,advanced,3,697ab12b4591197afc56d253,697ab12b4591197afc56d253,spotlight_PROLIFIC,,31,Mexico,Spanish,N/A,,Spanish:75|English:25,100,Spanish:60|English:40,100,Spanish:90|English:10,100,29,0,Bachelor's,10,10,10,2,3,8,18,30,25,29,,,,,15,25,B1,intermediate|advanced,advanced|intermediate,cambridge_15_21_random_intermediate_advanced,4,20,random,,264.203125,754.09375,288.203125,798.296875,6,10,,,,,,,,,,,,2026-08-16T17:54:38.981Z,K8EF3YCB,2026-08-16,2026-08-16,11:54:38,2026-08-16 11:54:38,,,,,,,,697ab12b4591197afc56d253,697ab12b4591197afc56d253,,,,
49243,raw_position_sample,2,3,adv,25,3,3,4,79, such ,771,277,1576498.199999988,697ab12b4591197afc56d253,697ab12b4591197afc56d253,advanced,3,697ab12b4591197afc56d253,697ab12b4591197afc56d253,spotlight_PROLIFIC,,31,Mexico,Spanish,N/A,,Spanish:75|English:25,100,Spanish:60|English:40,100,Spanish:90|English:10,100,29,0,Bachelor's,10,10,10,2,3,8,18,30,25,29,,,,,15,25,B1,intermediate|advanced,advanced|intermediate,cambridge_15_21_random_intermediate_advanced,4,20,random,,264.203125,754.09375,288.203125,798.296875,6,10,,,,,,,,,,,,2026-08-16T17:54:38.981Z,K8EF3YCB,2026-08-16,2026-08-16,11:54:38,2026-08-16 11:54:38,,,,,,,,697ab12b4591197afc56d253,697ab12b4591197afc56d253,,,,
49291,raw_position_sample,2,3,adv,25,3,3,4,79, such ,780,283,1576545.5,697ab12b4591197afc56d253,697ab12b4591197afc56d253,advanced,3,697ab12b4591197afc56d253,697ab12b4591197afc56d253,spotlight_PROLIFIC,,31,Mexico,Spanish,N/A,,Spanish:75|English:25,100,Spanish:60|English:40,100,Spanish:90|English:10,100,29,0,Bachelor's,10,10,10,2,3,8,18,30,25,29,,,,,15,25,B1,intermediate|advanced,advanced|intermediate,cambridge_15_21_random_intermediate_advanced,4,20,random,,264.203125,754.09375,288.203125,798.296875,6,10,,,,,,,,,,,,2026-08-16T17:54:38.981Z,K8EF3YCB,2026-08-16,2026-08-16,11:54:38,2026-08-16 11:54:38,,,,,,,,697ab12b4591197afc56d253,697ab12b4591197afc56d253,,,,
49341,raw_position_sample,2,3,adv,25,3,3,4,79, such ,797,287,1576595.699999988,697ab12b4591197afc56d253,697ab12b4591197afc56d253,advanced,3,697ab12b4591197afc56d253,697ab12b4591197afc56d253,spotlight_PROLIFIC,,31,Mexico,Spanish,N/A,,Spanish:75|English:25,100,Spanish:60|English:40,100,Spanish:90|English:10,100,29,0,Bachelor's,10,10,10,2,3,8,18,30,25,29,,,,,15,25,B1,intermediate|advanced,advanced|intermediate,cambridge_15_21_random_intermediate_advanced,4,20,random,,264.203125,754.09375,288.203125,798.296875,6,10,,,,,,,,,,,,2026-08-16T17:54:38.981Z,K8EF3YCB,2026-08-16,2026-08-16,11:54:38,2026-08-16 11:54:38,,,,,,,,697ab12b4591197afc56d253,697ab12b4591197afc56d253,,,,
49342,hover_association,2,3,adv,25,3,3,4,79, such ,756,273,,697ab12b4591197afc56d253,697ab12b4591197afc56d253,advanced,3,697ab12b4591197afc56d253,697ab12b4591197afc56d253,spotlight_PROLIFIC,,31,Mexico,Spanish,N/A,,Spanish:75|English:25,100,Spanish:60|English:40,100,Spanish:90|English:10,100,29,0,Bachelor's,10,10,10,2,3,8,18,30,25,29,,,,,15,25,B1,intermediate|advanced,advanced|intermediate,cambridge_15_21_random_intermediate_advanced,4,20,random,,256.203125,754.09375,296.203125,798.296875,6,10,hover,200.19999998807907,200.19999998807907,0.9706610109579357,0.769921875,106,,,,,,2026-08-16T17:54:38.981Z,K8EF3YCB,2026-08-16,2026-08-16,11:54:38,2026-08-16 11:54:38,,,,,,,,697ab12b4591197afc56d253,697ab12b4591197afc56d253,,,,
49391,raw_position_sample,2,3,adv,25,3,3,4,80, as ,820,288,1576645.8999999762,697ab12b4591197afc56d253,697ab12b4591197afc56d253,advanced,3,697ab12b4591197afc56d253,697ab12b4591197afc56d253,spotlight_PROLIFIC,,31,Mexico,Spanish,N/A,,Spanish:75|English:25,100,Spanish:60|English:40,100,Spanish:90|English:10,100,29,0,Bachelor's,10,10,10,2,3,8,18,30,25,29,,,,,15,25,B1,intermediate|advanced,advanced|intermediate,cambridge_15_21_random_intermediate_advanced,4,20,random,,264.203125,798.296875,288.203125,821.703125,6,11,,,,,,,,,,,,2026-08-16T17:54:38.981Z,K8EF3YCB,2026-08-16,2026-08-16,11:54:38,2026-08-16 11:54:38,,,,,,,,697ab12b4591197afc56d253,697ab12b4591197afc56d253,,,,
49392,hover_association,2,3,adv,25,3,3,4,80, as ,806,288,,697ab12b4591197afc56d253,697ab12b4591197afc56d253,advanced,3,697ab12b4591197afc56d253,697ab12b4591197afc56d253,spotlight_PROLIFIC,,31,Mexico,Spanish,N/A,,Spanish:75|English:25,100,Spanish:60|English:40,100,Spanish:90|English:10,100,29,0,Bachelor's,10,10,10,2,3,8,18,30,25,29,,,,,15,25,B1,intermediate|advanced,advanced|intermediate,cambridge_15_21_random_intermediate_advanced,4,20,random,,256.203125,798.296875,296.203125,821.703125,6,11,hover,50.19999998807907,50.19999998807907,0.9272363150867824,0.794921875,106,,,,,,2026-08-16T17:54:38.981Z,K8EF3YCB,2026-08-16,2026-08-16,11:54:38,2026-08-16 11:54:38,,,,,,,,697ab12b4591197afc56d253,697ab12b4591197afc56d253,,,,
49444,raw_position_sample,2,3,adv,25,3,3,4,81, buying ,838,287,1576698.199999988,697ab12b4591197afc56d253,697ab12b4591197afc56d253,advanced,3,697ab12b4591197afc56d253,697ab12b4591197afc56d253,spotlight_PROLIFIC,,31,Mexico,Spanish,N/A,,Spanish:75|English:25,100,Spanish:60|English:40,100,Spanish:90|English:10,100,29,0,Bachelor's,10,10,10,2,3,8,18,30,25,29,,,,,15,25,B1,intermediate|advanced,advanced|intermediate,cambridge_15_21_random_intermediate_advanced,4,20,random,,264.203125,821.703125,288.203125,884.609375,6,12,,,,,,,,,,,,2026-08-16T17:54:38.981Z,K8EF3YCB,2026-08-16,2026-08-16,11:54:38,2026-08-16 11:54:38,,,,,,,,697ab12b4591197afc56d253,697ab12b4591197afc56d253,,,,
49491,raw_position_sample,2,3,adv,25,3,3,4,81, buying ,852,284,1576745.800000012,697ab12b4591197afc56d253,697ab12b4591197afc56d253,advanced,3,697ab12b4591197afc56d253,697ab12b4591197afc56d253,spotlight_PROLIFIC,,31,Mexico,Spanish,N/A,,Spanish:75|English:25,100,Spanish:60|English:40,100,Spanish:90|English:10,100,29,0,Bachelor's,10,10,10,2,3,8,18,30,25,29,,,,,15,25,B1,intermediate|advanced,advanced|intermediate,cambridge_15_21_random_intermediate_advanced,4,20,random,,264.203125,821.703125,288.203125,884.609375,6,12,,,,,,,,,,,,2026-08-16T17:54:38.981Z,K8EF3YCB,2026-08-16,2026-08-16,11:54:38,2026-08-16 11:54:38,,,,,,,,697ab12b4591197afc56d253,697ab12b4591197afc56d253,,,,
49543,raw_position_sample,2,3,adv,25,3,3,4,81, buying ,874,278,1576798,697ab12b4591197afc56d253,697ab12b4591197afc56d253,advanced,3,697ab12b4591197afc56d253,697ab12b4591197afc56d253,spotlight_PROLIFIC,,31,Mexico,Spanish,N/A,,Spanish:75|English:25,100,Spanish:60|English:40,100,Spanish:90|English:10,100,29,0,Bachelor's,10,10,10,2,3,8,18,30,25,29,,,,,15,25,B1,intermediate|advanced,advanced|intermediate,cambridge_15_21_random_intermediate_advanced,4,20,random,,264.203125,821.703125,288.203125,884.609375,6,12,,,,,,,,,,,,2026-08-16T17:54:38.981Z,K8EF3YCB,2026-08-16,2026-08-16,11:54:38,2026-08-16 11:54:38,,,,,,,,697ab12b4591197afc56d253,697ab12b4591197afc56d253,,,,
49591,raw_position_sample,2,3,adv,25,3,3,4,81, buying ,878,277,1576845.699999988,697ab12b4591197afc56d253,697ab12b4591197afc56d253,advanced,3,697ab12b4591197afc56d253,697ab12b4591197afc56d253,spotlight_PROLIFIC,,31,Mexico,Spanish,N/A,,Spanish:75|English:25,100,Spanish:60|English:40,100,Spanish:90|English:10,100,29,0,Bachelor's,10,10,10,2,3,8,18,30,25,29,,,,,15,25,B1,intermediate|advanced,advanced|intermediate,cambridge_15_21_random_intermediate_advanced,4,20,random,,264.203125,821.703125,288.203125,884.609375,6,12,,,,,,,,,,,,2026-08-16T17:54:38.981Z,K8EF3YCB,2026-08-16,2026-08-16,11:54:38,2026-08-16 11:54:38,,,,,,,,697ab12b4591197afc56d253,697ab12b4591197afc56d253,,,,
49642,hover_association,2,3,adv,25,3,3,4,81, buying ,824,288,,697ab12b4591197afc56d253,697ab12b4591197afc56d253,advanced,3,697ab12b4591197afc56d253,697ab12b4591197afc56d253,spotlight_PROLIFIC,,31,Mexico,Spanish,N/A,,Spanish:75|English:25,100,Spanish:60|English:40,100,Spanish:90|English:10,100,29,0,Bachelor's,10,10,10,2,3,8,18,30,25,29,,,,,15,25,B1,intermediate|advanced,advanced|intermediate,cambridge_15_21_random_intermediate_advanced,4,20,random,,256.203125,821.703125,296.203125,884.609375,6,12,hover,249.5,249.5,0.9585196224540486,0.469921875,106,,,,,,2026-08-16T17:54:38.981Z,K8EF3YCB,2026-08-16,2026-08-16,11:54:38,2026-08-16 11:54:38,,,,,,,,697ab12b4591197afc56d253,697ab12b4591197afc56d253,,,,
49644,raw_position_sample,2,3,adv,25,3,3,4,82, something ,885,275,1576898.199999988,697ab12b4591197afc56d253,697ab12b4591197afc56d253,advanced,3,697ab12b4591197afc56d253,697ab12b4591197afc56d253,spotlight_PROLIFIC,,31,Mexico,Spanish,N/A,,Spanish:75|English:25,100,Spanish:60|English:40,100,Spanish:90|English:10,100,29,0,Bachelor's,10,10,10,2,3,8,18,30,25,29,,,,,15,25,B1,intermediate|advanced,advanced|intermediate,cambridge_15_21_random_intermediate_advanced,4,20,random,,264.203125,884.609375,288.203125,975.578125,6,13,,,,,,,,,,,,2026-08-16T17:54:38.981Z,K8EF3YCB,2026-08-16,2026-08-16,11:54:38,2026-08-16 11:54:38,,,,,,,,697ab12b4591197afc56d253,697ab12b4591197afc56d253,,,,
49694,raw_position_sample,2,3,adv,25,3,3,4,82, something ,891,274,1576948.300000012,697ab12b4591197afc56d253,697ab12b4591197afc56d253,advanced,3,697ab12b4591197afc56d253,697ab12b4591197afc56d253,spotlight_PROLIFIC,,31,Mexico,Spanish,N/A,,Spanish:75|English:25,100,Spanish:60|English:40,100,Spanish:90|English:10,100,29,0,Bachelor's,10,10,10,2,3,8,18,30,25,29,,,,,15,25,B1,intermediate|advanced,advanced|intermediate,cambridge_15_21_random_intermediate_advanced,4,20,random,,264.203125,884.609375,288.203125,975.578125,6,13,,,,,,,,,,,,2026-08-16T17:54:38.981Z,K8EF3YCB,2026-08-16,2026-08-16,11:54:38,2026-08-16 11:54:38,,,,,,,,697ab12b4591197afc56d253,697ab12b4591197afc56d253,,,,
49741,raw_position_sample,2,3,adv,25,3,3,4,82, something ,898,274,1576995.800000012,697ab12b4591197afc56d253,697ab12b4591197afc56d253,advanced,3,697ab12b4591197afc56d253,697ab12b4591197afc56d253,spotlight_PROLIFIC,,31,Mexico,Spanish,N/A,,Spanish:75|English:25,100,Spanish:60|English:40,100,Spanish:90|English:10,100,29,0,Bachelor's,10,10,10,2,3,8,18,30,25,29,,,,,15,25,B1,intermediate|advanced,advanced|intermediate,cambridge_15_21_random_intermediate_advanced,4,20,random,,264.203125,884.609375,288.203125,975.578125,6,13,,,,,,,,,,,,2026-08-16T17:54:38.981Z,K8EF3YCB,2026-08-16,2026-08-16,11:54:38,2026-08-16 11:54:38,,,,,,,,697ab12b4591197afc56d253,697ab12b4591197afc56d253,,,,
49791,raw_position_sample,2,3,adv,25,3,3,4,82, something ,909,274,1577045.5999999642,697ab12b4591197afc56d253,697ab12b4591197afc56d253,advanced,3,697ab12b4591197afc56d253,697ab12b4591197afc56d253,spotlight_PROLIFIC,,31,Mexico,Spanish,N/A,,Spanish:75|English:25,100,Spanish:60|English:40,100,Spanish:90|English:10,100,29,0,Bachelor's,10,10,10,2,3,8,18,30,25,29,,,,,15,25,B1,intermediate|advanced,advanced|intermediate,cambridge_15_21_random_intermediate_advanced,4,20,random,,264.203125,884.609375,288.203125,975.578125,6,13,,,,,,,,,,,,2026-08-16T17:54:38.981Z,K8EF3YCB,2026-08-16,2026-08-16,11:54:38,2026-08-16 11:54:38,,,,,,,,697ab12b4591197afc56d253,697ab12b4591197afc56d253,,,,
49841,raw_position_sample,2,3,adv,25,3,3,4,82, something ,918,274,1577095.5999999642,697ab12b4591197afc56d253,697ab12b4591197afc56d253,advanced,3,697ab12b4591197afc56d253,697ab12b4591197afc56d253,spotlight_PROLIFIC,,31,Mexico,Spanish,N/A,,Spanish:75|English:25,100,Spanish:60|English:40,100,Spanish:90|English:10,100,29,0,Bachelor's,10,10,10,2,3,8,18,30,25,29,,,,,15,25,B1,intermediate|advanced,advanced|intermediate,cambridge_15_21_random_intermediate_advanced,4,20,random,,264.203125,884.609375,288.203125,975.578125,6,13,,,,,,,,,,,,2026-08-16T17:54:38.981Z,K8EF3YCB,2026-08-16,2026-08-16,11:54:38,2026-08-16 11:54:38,,,,,,,,697ab12b4591197afc56d253,697ab12b4591197afc56d253,,,,
49891,raw_position_sample,2,3,adv,25,3,3,4,82, something ,927,274,1577146,697ab12b4591197afc56d253,697ab12b4591197afc56d253,advanced,3,697ab12b4591197afc56d253,697ab12b4591197afc56d253,spotlight_PROLIFIC,,31,Mexico,Spanish,N/A,,Spanish:75|English:25,100,Spanish:60|English:40,100,Spanish:90|English:10,100,29,0,Bachelor's,10,10,10,2,3,8,18,30,25,29,,,,,15,25,B1,intermediate|advanced,advanced|intermediate,cambridge_15_21_random_intermediate_advanced,4,20,random,,264.203125,884.609375,288.203125,975.578125,6,13,,,,,,,,,,,,2026-08-16T17:54:38.981Z,K8EF3YCB,2026-08-16,2026-08-16,11:54:38,2026-08-16 11:54:38,,,,,,,,697ab12b4591197afc56d253,697ab12b4591197afc56d253,,,,
49941,raw_position_sample,2,3,adv,25,3,3,4,82, something ,933,274,1577195.8999999762,697ab12b4591197afc56d253,697ab12b4591197afc56d253,advanced,3,697ab12b4591197afc56d253,697ab12b4591197afc56d253,spotlight_PROLIFIC,,31,Mexico,Spanish,N/A,,Spanish:75|English:25,100,Spanish:60|English:40,100,Spanish:90|English:10,100,29,0,Bachelor's,10,10,10,2,3,8,18,30,25,29,,,,,15,25,B1,intermediate|advanced,advanced|intermediate,cambridge_15_21_random_intermediate_advanced,4,20,random,,264.203125,884.609375,288.203125,975.578125,6,13,,,,,,,,,,,,2026-08-16T17:54:38.981Z,K8EF3YCB,2026-08-16,2026-08-16,11:54:38,2026-08-16 11:54:38,,,,,,,,697ab12b4591197afc56d253,697ab12b4591197afc56d253,,,,
49990,raw_position_sample,2,3,adv,25,3,3,4,82, something ,933,274,1577245,697ab12b4591197afc56d253,697ab12b4591197afc56d253,advanced,3,697ab12b4591197afc56d253,697ab12b4591197afc56d253,spotlight_PROLIFIC,,31,Mexico,Spanish,N/A,,Spanish:75|English:25,100,Spanish:60|English:40,100,Spanish:90|English:10,100,29,0,Bachelor's,10,10,10,2,3,8,18,30,25,29,,,,,15,25,B1,intermediate|advanced,advanced|intermediate,cambridge_15_21_random_intermediate_advanced,4,20,random,,264.203125,884.609375,288.203125,975.578125,6,13,,,,,,,,,,,,2026-08-16T17:54:38.981Z,K8EF3YCB,2026-08-16,2026-08-16,11:54:38,2026-08-16 11:54:38,,,,,,,,697ab12b4591197afc56d253,697ab12b4591197afc56d253,,,,
50041,hover_association,2,3,adv,25,3,3,4,82, something ,885,275,,697ab12b4591197afc56d253,697ab12b4591197afc56d253,advanced,3,697ab12b4591197afc56d253,697ab12b4591197afc56d253,spotlight_PROLIFIC,,31,Mexico,Spanish,N/A,,Spanish:75|English:25,100,Spanish:60|English:40,100,Spanish:90|English:10,100,29,0,Bachelor's,10,10,10,2,3,8,18,30,25,29,,,,,15,25,B1,intermediate|advanced,advanced|intermediate,cambridge_15_21_random_intermediate_advanced,4,20,random,,256.203125,884.609375,296.203125,979.825,6,13,hover,399.69999998807907,399.69999998807907,0.1931471331517279,0.544921875,106,,,,,,2026-08-16T17:54:38.981Z,K8EF3YCB,2026-08-16,2026-08-16,11:54:38,2026-08-16 11:54:38,,,,,,,,697ab12b4591197afc56d253,697ab12b4591197afc56d253,,,,
50043,raw_position_sample,2,3,adv,25,3,3,4,81, buying ,873,288,1577297.8999999762,697ab12b4591197afc56d253,697ab12b4591197afc56d253,advanced,3,697ab12b4591197afc56d253,697ab12b4591197afc56d253,spotlight_PROLIFIC,,31,Mexico,Spanish,N/A,,Spanish:75|English:25,100,Spanish:60|English:40,100,Spanish:90|English:10,100,29,0,Bachelor's,10,10,10,2,3,8,18,30,25,29,,,,,15,25,B1,intermediate|advanced,advanced|intermediate,cambridge_15_21_random_intermediate_advanced,4,20,random,,264.203125,821.703125,288.203125,884.609375,6,12,,,,,,,,,,,,2026-08-16T17:54:38.981Z,K8EF3YCB,2026-08-16,2026-08-16,11:54:38,2026-08-16 11:54:38,,,,,,,,697ab12b4591197afc56d253,697ab12b4591197afc56d253,,,,
50058,hover_association,2,3,adv,25,3,3,4,81, buying ,873,288,,697ab12b4591197afc56d253,697ab12b4591197afc56d253,advanced,3,697ab12b4591197afc56d253,697ab12b4591197afc56d253,spotlight_PROLIFIC,,31,Mexico,Spanish,N/A,,Spanish:75|English:25,100,Spanish:60|English:40,100,Spanish:90|English:10,100,29,0,Bachelor's,10,10,10,2,3,8,18,30,25,29,,,,,15,25,B1,intermediate|advanced,advanced|intermediate,cambridge_15_21_random_intermediate_advanced,4,20,random,,256.203125,821.703125,296.203125,884.609375,6,12,hover,16.5,16.5,0.8154495777446598,0.794921875,106,,,,,,2026-08-16T17:54:38.981Z,K8EF3YCB,2026-08-16,2026-08-16,11:54:38,2026-08-16 11:54:38,,,,,,,,697ab12b4591197afc56d253,697ab12b4591197afc56d253,,,,
50075,hover_association,2,3,adv,25,3,3,4,92," but, ",820,300,,697ab12b4591197afc56d253,697ab12b4591197afc56d253,advanced,3,697ab12b4591197afc56d253,697ab12b4591197afc56d253,spotlight_PROLIFIC,,31,Mexico,Spanish,N/A,,Spanish:75|English:25,100,Spanish:60|English:40,100,Spanish:90|English:10,100,29,0,Bachelor's,10,10,10,2,3,8,18,30,25,29,,,,,15,25,B1,intermediate|advanced,advanced|intermediate,cambridge_15_21_random_intermediate_advanced,4,20,random,,296.203125,781.859375,336.203125,820.0625,7,10,hover,16.600000023841858,16.600000023841858,0.9983640081799591,0.094921875,106,,,,,,2026-08-16T17:54:38.981Z,K8EF3YCB,2026-08-16,2026-08-16,11:54:38,2026-08-16 11:54:38,,,,,,,,697ab12b4591197afc56d253,697ab12b4591197afc56d253,,,,
50093,raw_position_sample,2,3,adv,25,3,3,4,91," range, ",724,321,1577347.5,697ab12b4591197afc56d253,697ab12b4591197afc56d253,advanced,3,697ab12b4591197afc56d253,697ab12b4591197afc56d253,spotlight_PROLIFIC,,31,Mexico,Spanish,N/A,,Spanish:75|English:25,100,Spanish:60|English:40,100,Spanish:90|English:10,100,29,0,Bachelor's,10,10,10,2,3,8,18,30,25,29,,,,,15,25,B1,intermediate|advanced,advanced|intermediate,cambridge_15_21_random_intermediate_advanced,4,20,random,,304.203125,722.828125,328.203125,781.859375,7,9,,,,,,,,,,,,2026-08-16T17:54:38.981Z,K8EF3YCB,2026-08-16,2026-08-16,11:54:38,2026-08-16 11:54:38,,,,,,,,697ab12b4591197afc56d253,697ab12b4591197afc56d253,,,,
50108,hover_association,2,3,adv,25,3,3,4,91," range, ",772,310,,697ab12b4591197afc56d253,697ab12b4591197afc56d253,advanced,3,697ab12b4591197afc56d253,697ab12b4591197afc56d253,spotlight_PROLIFIC,,31,Mexico,Spanish,N/A,,Spanish:75|English:25,100,Spanish:60|English:40,100,Spanish:90|English:10,100,29,0,Bachelor's,10,10,10,2,3,8,18,30,25,29,,,,,15,25,B1,intermediate|advanced,advanced|intermediate,cambridge_15_21_random_intermediate_advanced,4,20,random,,296.203125,722.828125,336.203125,781.859375,7,9,hover,33.39999997615814,33.39999997615814,0.01985177342509264,0.619921875,106,,,,,,2026-08-16T17:54:38.981Z,K8EF3YCB,2026-08-16,2026-08-16,11:54:38,2026-08-16 11:54:38,,,,,,,,697ab12b4591197afc56d253,697ab12b4591197afc56d253,,,,
50124,hover_association,2,3,adv,25,3,3,4,90, product ,671,333,,697ab12b4591197afc56d253,697ab12b4591197afc56d253,advanced,3,697ab12b4591197afc56d253,697ab12b4591197afc56d253,spotlight_PROLIFIC,,31,Mexico,Spanish,N/A,,Spanish:75|English:25,100,Spanish:60|English:40,100,Spanish:90|English:10,100,29,0,Bachelor's,10,10,10,2,3,8,18,30,25,29,,,,,15,25,B1,intermediate|advanced,advanced|intermediate,cambridge_15_21_random_intermediate_advanced,4,20,random,,296.203125,651.78125,336.203125,722.828125,7,8,hover,16.69999998807907,16.69999998807907,0.270508027270728,0.919921875,106,,,,,,2026-08-16T17:54:38.981Z,K8EF3YCB,2026-08-16,2026-08-16,11:54:38,2026-08-16 11:54:38,,,,,,,,697ab12b4591197afc56d253,697ab12b4591197afc56d253,,,,
50141,hover_association,2,3,adv,25,3,3,4,100, whatever ,619,343,,697ab12b4591197afc56d253,697ab12b4591197afc56d253,advanced,3,697ab12b4591197afc56d253,697ab12b4591197afc56d253,spotlight_PROLIFIC,,31,Mexico,Spanish,N/A,,Spanish:75|English:25,100,Spanish:60|English:40,100,Spanish:90|English:10,100,29,0,Bachelor's,10,10,10,2,3,8,18,30,25,29,,,,,15,25,B1,intermediate|advanced,advanced|intermediate,cambridge_15_21_random_intermediate_advanced,4,20,random,,336.203125,573.40625,376.203125,656.484375,8,6,hover,16.80000001192093,16.80000001192093,0.548805717509874,0.169921875,106,,,,,,2026-08-16T17:54:38.981Z,K8EF3YCB,2026-08-16,2026-08-16,11:54:38,2026-08-16 11:54:38,,,,,,,,697ab12b4591197afc56d253,697ab12b4591197afc56d253,,,,
50143,raw_position_sample,2,3,adv,25,3,3,4,99, buy ,562,352,1577397.5999999642,697ab12b4591197afc56d253,697ab12b4591197afc56d253,advanced,3,697ab12b4591197afc56d253,697ab12b4591197afc56d253,spotlight_PROLIFIC,,31,Mexico,Spanish,N/A,,Spanish:75|English:25,100,Spanish:60|English:40,100,Spanish:90|English:10,100,29,0,Bachelor's,10,10,10,2,3,8,18,30,25,29,,,,,15,25,B1,intermediate|advanced,advanced|intermediate,cambridge_15_21_random_intermediate_advanced,4,20,random,,344.203125,537.34375,368.203125,573.40625,8,5,,,,,,,,,,,,2026-08-16T17:54:38.981Z,K8EF3YCB,2026-08-16,2026-08-16,11:54:38,2026-08-16 11:54:38,,,,,,,,697ab12b4591197afc56d253,697ab12b4591197afc56d253,,,,
50158,hover_association,2,3,adv,25,3,3,4,99, buy ,562,352,,697ab12b4591197afc56d253,697ab12b4591197afc56d253,advanced,3,697ab12b4591197afc56d253,697ab12b4591197afc56d253,spotlight_PROLIFIC,,31,Mexico,Spanish,N/A,,Spanish:75|English:25,100,Spanish:60|English:40,100,Spanish:90|English:10,100,29,0,Bachelor's,10,10,10,2,3,8,18,30,25,29,,,,,15,25,B1,intermediate|advanced,advanced|intermediate,cambridge_15_21_random_intermediate_advanced,4,20,random,,336.203125,537.34375,376.203125,573.40625,8,5,hover,16.5,16.5,0.6837088388214905,0.394921875,106,,,,,,2026-08-16T17:54:38.981Z,K8EF3YCB,2026-08-16,2026-08-16,11:54:38,2026-08-16 11:54:38,,,,,,,,697ab12b4591197afc56d253,697ab12b4591197afc56d253,,,,
50174,hover_association,2,3,adv,25,3,3,4,97, can ,487,361,,697ab12b4591197afc56d253,697ab12b4591197afc56d253,advanced,3,697ab12b4591197afc56d253,697ab12b4591197afc56d253,spotlight_PROLIFIC,,31,Mexico,Spanish,N/A,,Spanish:75|English:25,100,Spanish:60|English:40,100,Spanish:90|English:10,100,29,0,Bachelor's,10,10,10,2,3,8,18,30,25,29,,,,,15,25,B1,intermediate|advanced,advanced|intermediate,cambridge_15_21_random_intermediate_advanced,4,20,random,,336.203125,453.25,376.203125,487.796875,8,3,hover,16.600000023841858,16.600000023841858,0.9769335142469471,0.619921875,106,,,,,,2026-08-16T17:54:38.981Z,K8EF3YCB,2026-08-16,2026-08-16,11:54:38,2026-08-16 11:54:38,,,,,,,,697ab12b4591197afc56d253,697ab12b4591197afc56d253,,,,
50193,raw_position_sample,2,3,adv,25,3,3,4,95," framework, ",389,368,1577447.5999999642,697ab12b4591197afc56d253,697ab12b4591197afc56d253,advanced,3,697ab12b4591197afc56d253,697ab12b4591197afc56d253,spotlight_PROLIFIC,,31,Mexico,Spanish,N/A,,Spanish:75|English:25,100,Spanish:60|English:40,100,Spanish:90|English:10,100,29,0,Bachelor's,10,10,10,2,3,8,18,30,25,29,,,,,15,25,B1,intermediate|advanced,advanced|intermediate,cambridge_15_21_random_intermediate_advanced,4,20,random,,344.203125,340.875,368.203125,442.453125,8,1,,,,,,,,,,,,2026-08-16T17:54:38.981Z,K8EF3YCB,2026-08-16,2026-08-16,11:54:38,2026-08-16 11:54:38,,,,,,,,697ab12b4591197afc56d253,697ab12b4591197afc56d253,,,,
50241,hover_association,2,3,adv,25,3,3,4,95," framework, ",435,364,,697ab12b4591197afc56d253,697ab12b4591197afc56d253,advanced,3,697ab12b4591197afc56d253,697ab12b4591197afc56d253,spotlight_PROLIFIC,,31,Mexico,Spanish,N/A,,Spanish:75|English:25,100,Spanish:60|English:40,100,Spanish:90|English:10,100,29,0,Bachelor's,10,10,10,2,3,8,18,30,25,29,,,,,15,25,B1,intermediate|advanced,advanced|intermediate,cambridge_15_21_random_intermediate_advanced,4,20,random,,336.203125,336.628125,376.203125,442.453125,8,1,hover,66.69999998807907,66.69999998807907,0.04131230805575232,0.869921875,106,,,,,,2026-08-16T17:54:38.981Z,K8EF3YCB,2026-08-16,2026-08-16,11:54:38,2026-08-16 11:54:38,,,,,,,,697ab12b4591197afc56d253,697ab12b4591197afc56d253,,,,
50242,raw_position_sample,2,3,adv,25,3,3,4,-1,999,326,371,1577496.699999988,697ab12b4591197afc56d253,697ab12b4591197afc56d253,advanced,3,697ab12b4591197afc56d253,697ab12b4591197afc56d253,spotlight_PROLIFIC,,31,Mexico,Spanish,N/A,,Spanish:75|English:25,100,Spanish:60|English:40,100,Spanish:90|English:10,100,29,0,Bachelor's,10,10,10,2,3,8,18,30,25,29,,,,,15,25,B1,intermediate|advanced,advanced|intermediate,cambridge_15_21_random_intermediate_advanced,4,20,random,,,,,,,,,,,,,,,,,,,2026-08-16T17:54:38.981Z,K8EF3YCB,2026-08-16,2026-08-16,11:54:38,2026-08-16 11:54:38,,,,,,,,697ab12b4591197afc56d253,697ab12b4591197afc56d253,,,,
50292,raw_position_sample,2,3,adv,25,3,3,4,-1,999,280,371,1577546.5,697ab12b4591197afc56d253,697ab12b4591197afc56d253,advanced,3,697ab12b4591197afc56d253,697ab12b4591197afc56d253,spotlight_PROLIFIC,,31,Mexico,Spanish,N/A,,Spanish:75|English:25,100,Spanish:60|English:40,100,Spanish:90|English:10,100,29,0,Bachelor's,10,10,10,2,3,8,18,30,25,29,,,,,15,25,B1,intermediate|advanced,advanced|intermediate,cambridge_15_21_random_intermediate_advanced,4,20,random,,,,,,,,,,,,,,,,,,,2026-08-16T17:54:38.981Z,K8EF3YCB,2026-08-16,2026-08-16,11:54:38,2026-08-16 11:54:38,,,,,,,,697ab12b4591197afc56d253,697ab12b4591197afc56d253,,,,
50340,raw_position_sample,2,3,adv,25,3,3,4,-1,999,277,370,1577594.800000012,697ab12b4591197afc56d253,697ab12b4591197afc56d253,advanced,3,697ab12b4591197afc56d253,697ab12b4591197afc56d253,spotlight_PROLIFIC,,31,Mexico,Spanish,N/A,,Spanish:75|English:25,100,Spanish:60|English:40,100,Spanish:90|English:10,100,29,0,Bachelor's,10,10,10,2,3,8,18,30,25,29,,,,,15,25,B1,intermediate|advanced,advanced|intermediate,cambridge_15_21_random_intermediate_advanced,4,20,random,,,,,,,,,,,,,,,,,,,2026-08-16T17:54:38.981Z,K8EF3YCB,2026-08-16,2026-08-16,11:54:38,2026-08-16 11:54:38,,,,,,,,697ab12b4591197afc56d253,697ab12b4591197afc56d253,,,,
50392,raw_position_sample,2,3,adv,25,3,3,4,-1,999,273,367,1577647.0999999642,697ab12b4591197afc56d253,697ab12b4591197afc56d253,advanced,3,697ab12b4591197afc56d253,697ab12b4591197afc56d253,spotlight_PROLIFIC,,31,Mexico,Spanish,N/A,,Spanish:75|English:25,100,Spanish:60|English:40,100,Spanish:90|English:10,100,29,0,Bachelor's,10,10,10,2,3,8,18,30,25,29,,,,,15,25,B1,intermediate|advanced,advanced|intermediate,cambridge_15_21_random_intermediate_advanced,4,20,random,,,,,,,,,,,,,,,,,,,2026-08-16T17:54:38.981Z,K8EF3YCB,2026-08-16,2026-08-16,11:54:38,2026-08-16 11:54:38,,,,,,,,697ab12b4591197afc56d253,697ab12b4591197afc56d253,,,,
50434,raw_position_sample,2,3,adv,25,3,3,4,-1,999,273,356,1577688.3999999762,697ab12b4591197afc56d253,697ab12b4591197afc56d253,advanced,3,697ab12b4591197afc56d253,697ab12b4591197afc56d253,spotlight_PROLIFIC,,31,Mexico,Spanish,N/A,,Spanish:75|English:25,100,Spanish:60|English:40,100,Spanish:90|English:10,100,29,0,Bachelor's,10,10,10,2,3,8,18,30,25,29,,,,,15,25,B1,intermediate|advanced,advanced|intermediate,cambridge_15_21_random_intermediate_advanced,4,20,random,,,,,,,,,,,,,,,,,,,2026-08-16T17:54:38.981Z,K8EF3YCB,2026-08-16,2026-08-16,11:54:38,2026-08-16 11:54:38,,,,,,,,697ab12b4591197afc56d253,697ab12b4591197afc56d253,,,,
50492,raw_position_sample,2,3,adv,25,3,3,4,-1,999,329,325,1577746.5,697ab12b4591197afc56d253,697ab12b4591197afc56d253,advanced,3,697ab12b4591197afc56d253,697ab12b4591197afc56d253,spotlight_PROLIFIC,,31,Mexico,Spanish,N/A,,Spanish:75|English:25,100,Spanish:60|English:40,100,Spanish:90|English:10,100,29,0,Bachelor's,10,10,10,2,3,8,18,30,25,29,,,,,15,25,B1,intermediate|advanced,advanced|intermediate,cambridge_15_21_random_intermediate_advanced,4,20,random,,,,,,,,,,,,,,,,,,,2026-08-16T17:54:38.981Z,K8EF3YCB,2026-08-16,2026-08-16,11:54:38,2026-08-16 11:54:38,,,,,,,,697ab12b4591197afc56d253,697ab12b4591197afc56d253,,,,
50541,raw_position_sample,2,3,adv,25,3,3,4,83, from ,353,319,1577795.8999999762,697ab12b4591197afc56d253,697ab12b4591197afc56d253,advanced,3,697ab12b4591197afc56d253,697ab12b4591197afc56d253,spotlight_PROLIFIC,,31,Mexico,Spanish,N/A,,Spanish:75|English:25,100,Spanish:60|English:40,100,Spanish:90|English:10,100,29,0,Bachelor's,10,10,10,2,3,8,18,30,25,29,,,,,15,25,B1,intermediate|advanced,advanced|intermediate,cambridge_15_21_random_intermediate_advanced,4,20,random,,304.203125,340.875,328.203125,386.546875,7,1,,,,,,,,,,,,2026-08-16T17:54:38.981Z,K8EF3YCB,2026-08-16,2026-08-16,11:54:38,2026-08-16 11:54:38,,,,,,,,697ab12b4591197afc56d253,697ab12b4591197afc56d253,,,,
50592,raw_position_sample,2,3,adv,25,3,3,4,83, from ,353,319,1577846.199999988,697ab12b4591197afc56d253,697ab12b4591197afc56d253,advanced,3,697ab12b4591197afc56d253,697ab12b4591197afc56d253,spotlight_PROLIFIC,,31,Mexico,Spanish,N/A,,Spanish:75|English:25,100,Spanish:60|English:40,100,Spanish:90|English:10,100,29,0,Bachelor's,10,10,10,2,3,8,18,30,25,29,,,,,15,25,B1,intermediate|advanced,advanced|intermediate,cambridge_15_21_random_intermediate_advanced,4,20,random,,304.203125,340.875,328.203125,386.546875,7,1,,,,,,,,,,,,2026-08-16T17:54:38.981Z,K8EF3YCB,2026-08-16,2026-08-16,11:54:38,2026-08-16 11:54:38,,,,,,,,697ab12b4591197afc56d253,697ab12b4591197afc56d253,,,,
50640,raw_position_sample,2,3,adv,25,3,3,4,83, from ,353,319,1577894.8999999762,697ab12b4591197afc56d253,697ab12b4591197afc56d253,advanced,3,697ab12b4591197afc56d253,697ab12b4591197afc56d253,spotlight_PROLIFIC,,31,Mexico,Spanish,N/A,,Spanish:75|English:25,100,Spanish:60|English:40,100,Spanish:90|English:10,100,29,0,Bachelor's,10,10,10,2,3,8,18,30,25,29,,,,,15,25,B1,intermediate|advanced,advanced|intermediate,cambridge_15_21_random_intermediate_advanced,4,20,random,,304.203125,340.875,328.203125,386.546875,7,1,,,,,,,,,,,,2026-08-16T17:54:38.981Z,K8EF3YCB,2026-08-16,2026-08-16,11:54:38,2026-08-16 11:54:38,,,,,,,,697ab12b4591197afc56d253,697ab12b4591197afc56d253,,,,
50689,raw_position_sample,2,3,adv,25,3,3,4,83, from ,353,319,1577943.5999999642,697ab12b4591197afc56d253,697ab12b4591197afc56d253,advanced,3,697ab12b4591197afc56d253,697ab12b4591197afc56d253,spotlight_PROLIFIC,,31,Mexico,Spanish,N/A,,Spanish:75|English:25,100,Spanish:60|English:40,100,Spanish:90|English:10,100,29,0,Bachelor's,10,10,10,2,3,8,18,30,25,29,,,,,15,25,B1,intermediate|advanced,advanced|intermediate,cambridge_15_21_random_intermediate_advanced,4,20,random,,304.203125,340.875,328.203125,386.546875,7,1,,,,,,,,,,,,2026-08-16T17:54:38.981Z,K8EF3YCB,2026-08-16,2026-08-16,11:54:38,2026-08-16 11:54:38,,,,,,,,697ab12b4591197afc56d253,697ab12b4591197afc56d253,,,,
50737,raw_position_sample,2,3,adv,25,3,3,4,83, from ,353,319,1577991.199999988,697ab12b4591197afc56d253,697ab12b4591197afc56d253,advanced,3,697ab12b4591197afc56d253,697ab12b4591197afc56d253,spotlight_PROLIFIC,,31,Mexico,Spanish,N/A,,Spanish:75|English:25,100,Spanish:60|English:40,100,Spanish:90|English:10,100,29,0,Bachelor's,10,10,10,2,3,8,18,30,25,29,,,,,15,25,B1,intermediate|advanced,advanced|intermediate,cambridge_15_21_random_intermediate_advanced,4,20,random,,304.203125,340.875,328.203125,386.546875,7,1,,,,,,,,,,,,2026-08-16T17:54:38.981Z,K8EF3YCB,2026-08-16,2026-08-16,11:54:38,2026-08-16 11:54:38,,,,,,,,697ab12b4591197afc56d253,697ab12b4591197afc56d253,,,,
50785,raw_position_sample,2,3,adv,25,3,3,4,83, from ,353,319,1578039.5999999642,697ab12b4591197afc56d253,697ab12b4591197afc56d253,advanced,3,697ab12b4591197afc56d253,697ab12b4591197afc56d253,spotlight_PROLIFIC,,31,Mexico,Spanish,N/A,,Spanish:75|English:25,100,Spanish:60|English:40,100,Spanish:90|English:10,100,29,0,Bachelor's,10,10,10,2,3,8,18,30,25,29,,,,,15,25,B1,intermediate|advanced,advanced|intermediate,cambridge_15_21_random_intermediate_advanced,4,20,random,,304.203125,340.875,328.203125,386.546875,7,1,,,,,,,,,,,,2026-08-16T17:54:38.981Z,K8EF3YCB,2026-08-16,2026-08-16,11:54:38,2026-08-16 11:54:38,,,,,,,,697ab12b4591197afc56d253,697ab12b4591197afc56d253,,,,
50849,raw_position_sample,2,3,adv,25,3,3,4,83, from ,353,319,1578104.0999999642,697ab12b4591197afc56d253,697ab12b4591197afc56d253,advanced,3,697ab12b4591197afc56d253,697ab12b4591197afc56d253,spotlight_PROLIFIC,,31,Mexico,Spanish,N/A,,Spanish:75|English:25,100,Spanish:60|English:40,100,Spanish:90|English:10,100,29,0,Bachelor's,10,10,10,2,3,8,18,30,25,29,,,,,15,25,B1,intermediate|advanced,advanced|intermediate,cambridge_15_21_random_intermediate_advanced,4,20,random,,304.203125,340.875,328.203125,386.546875,7,1,,,,,,,,,,,,2026-08-16T17:54:38.981Z,K8EF3YCB,2026-08-16,2026-08-16,11:54:38,2026-08-16 11:54:38,,,,,,,,697ab12b4591197afc56d253,697ab12b4591197afc56d253,,,,
50893,raw_position_sample,2,3,adv,25,3,3,4,83, from ,357,319,1578147.199999988,697ab12b4591197afc56d253,697ab12b4591197afc56d253,advanced,3,697ab12b4591197afc56d253,697ab12b4591197afc56d253,spotlight_PROLIFIC,,31,Mexico,Spanish,N/A,,Spanish:75|English:25,100,Spanish:60|English:40,100,Spanish:90|English:10,100,29,0,Bachelor's,10,10,10,2,3,8,18,30,25,29,,,,,15,25,B1,intermediate|advanced,advanced|intermediate,cambridge_15_21_random_intermediate_advanced,4,20,random,,304.203125,340.875,328.203125,386.546875,7,1,,,,,,,,,,,,2026-08-16T17:54:38.981Z,K8EF3YCB,2026-08-16,2026-08-16,11:54:38,2026-08-16 11:54:38,,,,,,,,697ab12b4591197afc56d253,697ab12b4591197afc56d253,,,,
50943,raw_position_sample,2,3,adv,25,3,3,4,83, from ,377,319,1578197.199999988,697ab12b4591197afc56d253,697ab12b4591197afc56d253,advanced,3,697ab12b4591197afc56d253,697ab12b4591197afc56d253,spotlight_PROLIFIC,,31,Mexico,Spanish,N/A,,Spanish:75|English:25,100,Spanish:60|English:40,100,Spanish:90|English:10,100,29,0,Bachelor's,10,10,10,2,3,8,18,30,25,29,,,,,15,25,B1,intermediate|advanced,advanced|intermediate,cambridge_15_21_random_intermediate_advanced,4,20,random,,304.203125,340.875,328.203125,386.546875,7,1,,,,,,,,,,,,2026-08-16T17:54:38.981Z,K8EF3YCB,2026-08-16,2026-08-16,11:54:38,2026-08-16 11:54:38,,,,,,,,697ab12b4591197afc56d253,697ab12b4591197afc56d253,,,,
50958,hover_association,2,3,adv,25,3,3,4,83, from ,344,321,,697ab12b4591197afc56d253,697ab12b4591197afc56d253,advanced,3,697ab12b4591197afc56d253,697ab12b4591197afc56d253,spotlight_PROLIFIC,,31,Mexico,Spanish,N/A,,Spanish:75|English:25,100,Spanish:60|English:40,100,Spanish:90|English:10,100,29,0,Bachelor's,10,10,10,2,3,8,18,30,25,29,,,,,15,25,B1,intermediate|advanced,advanced|intermediate,cambridge_15_21_random_intermediate_advanced,4,20,random,,296.203125,336.628125,336.203125,386.546875,7,1,hover,449.69999998807907,449.69999998807907,0.8087517215475146,0.569921875,106,,,,,,2026-08-16T17:54:38.981Z,K8EF3YCB,2026-08-16,2026-08-16,11:54:38,2026-08-16 11:54:38,,,,,,,,697ab12b4591197afc56d253,697ab12b4591197afc56d253,,,,
50974,hover_association,2,3,adv,25,3,3,4,84, a ,390,319,,697ab12b4591197afc56d253,697ab12b4591197afc56d253,advanced,3,697ab12b4591197afc56d253,697ab12b4591197afc56d253,spotlight_PROLIFIC,,31,Mexico,Spanish,N/A,,Spanish:75|English:25,100,Spanish:60|English:40,100,Spanish:90|English:10,100,29,0,Bachelor's,10,10,10,2,3,8,18,30,25,29,,,,,15,25,B1,intermediate|advanced,advanced|intermediate,cambridge_15_21_random_intermediate_advanced,4,20,random,,296.203125,386.546875,336.203125,401.328125,7,2,hover,16.700000047683716,16.700000047683716,0.23361522198731502,0.569921875,106,,,,,,2026-08-16T17:54:38.981Z,K8EF3YCB,2026-08-16,2026-08-16,11:54:38,2026-08-16 11:54:38,,,,,,,,697ab12b4591197afc56d253,697ab12b4591197afc56d253,,,,
50993,raw_position_sample,2,3,adv,25,3,3,4,85, specific ,419,319,1578247.300000012,697ab12b4591197afc56d253,697ab12b4591197afc56d253,advanced,3,697ab12b4591197afc56d253,697ab12b4591197afc56d253,spotlight_PROLIFIC,,31,Mexico,Spanish,N/A,,Spanish:75|English:25,100,Spanish:60|English:40,100,Spanish:90|English:10,100,29,0,Bachelor's,10,10,10,2,3,8,18,30,25,29,,,,,15,25,B1,intermediate|advanced,advanced|intermediate,cambridge_15_21_random_intermediate_advanced,4,20,random,,304.203125,401.328125,328.203125,468.625,7,3,,,,,,,,,,,,2026-08-16T17:54:38.981Z,K8EF3YCB,2026-08-16,2026-08-16,11:54:38,2026-08-16 11:54:38,,,,,,,,697ab12b4591197afc56d253,697ab12b4591197afc56d253,,,,
51043,raw_position_sample,2,3,adv,25,3,3,4,85, specific ,454,319,1578297.300000012,697ab12b4591197afc56d253,697ab12b4591197afc56d253,advanced,3,697ab12b4591197afc56d253,697ab12b4591197afc56d253,spotlight_PROLIFIC,,31,Mexico,Spanish,N/A,,Spanish:75|English:25,100,Spanish:60|English:40,100,Spanish:90|English:10,100,29,0,Bachelor's,10,10,10,2,3,8,18,30,25,29,,,,,15,25,B1,intermediate|advanced,advanced|intermediate,cambridge_15_21_random_intermediate_advanced,4,20,random,,304.203125,401.328125,328.203125,468.625,7,3,,,,,,,,,,,,2026-08-16T17:54:38.981Z,K8EF3YCB,2026-08-16,2026-08-16,11:54:38,2026-08-16 11:54:38,,,,,,,,697ab12b4591197afc56d253,697ab12b4591197afc56d253,,,,
51074,hover_association,2,3,adv,25,3,3,4,85, specific ,404,319,,697ab12b4591197afc56d253,697ab12b4591197afc56d253,advanced,3,697ab12b4591197afc56d253,697ab12b4591197afc56d253,spotlight_PROLIFIC,,31,Mexico,Spanish,N/A,,Spanish:75|English:25,100,Spanish:60|English:40,100,Spanish:90|English:10,100,29,0,Bachelor's,10,10,10,2,3,8,18,30,25,29,,,,,15,25,B1,intermediate|advanced,advanced|intermediate,cambridge_15_21_random_intermediate_advanced,4,20,random,,296.203125,401.328125,336.203125,468.625,7,3,hover,100,100,0.960993731135361,0.544921875,106,,,,,,2026-08-16T17:54:38.981Z,K8EF3YCB,2026-08-16,2026-08-16,11:54:38,2026-08-16 11:54:38,,,,,,,,697ab12b4591197afc56d253,697ab12b4591197afc56d253,,,,
51092,raw_position_sample,2,3,adv,25,3,3,4,86, department ,484,318,1578347.0999999642,697ab12b4591197afc56d253,697ab12b4591197afc56d253,advanced,3,697ab12b4591197afc56d253,697ab12b4591197afc56d253,spotlight_PROLIFIC,,31,Mexico,Spanish,N/A,,Spanish:75|English:25,100,Spanish:60|English:40,100,Spanish:90|English:10,100,29,0,Bachelor's,10,10,10,2,3,8,18,30,25,29,,,,,15,25,B1,intermediate|advanced,advanced|intermediate,cambridge_15_21_random_intermediate_advanced,4,20,random,,304.203125,468.625,328.203125,574.234375,7,4,,,,,,,,,,,,2026-08-16T17:54:38.981Z,K8EF3YCB,2026-08-16,2026-08-16,11:54:38,2026-08-16 11:54:38,,,,,,,,697ab12b4591197afc56d253,697ab12b4591197afc56d253,,,,
51142,raw_position_sample,2,3,adv,25,3,3,4,86, department ,506,318,1578397,697ab12b4591197afc56d253,697ab12b4591197afc56d253,advanced,3,697ab12b4591197afc56d253,697ab12b4591197afc56d253,spotlight_PROLIFIC,,31,Mexico,Spanish,N/A,,Spanish:75|English:25,100,Spanish:60|English:40,100,Spanish:90|English:10,100,29,0,Bachelor's,10,10,10,2,3,8,18,30,25,29,,,,,15,25,B1,intermediate|advanced,advanced|intermediate,cambridge_15_21_random_intermediate_advanced,4,20,random,,304.203125,468.625,328.203125,574.234375,7,4,,,,,,,,,,,,2026-08-16T17:54:38.981Z,K8EF3YCB,2026-08-16,2026-08-16,11:54:38,2026-08-16 11:54:38,,,,,,,,697ab12b4591197afc56d253,697ab12b4591197afc56d253,,,,
51193,raw_position_sample,2,3,adv,25,3,3,4,86, department ,524,318,1578447.5,697ab12b4591197afc56d253,697ab12b4591197afc56d253,advanced,3,697ab12b4591197afc56d253,697ab12b4591197afc56d253,spotlight_PROLIFIC,,31,Mexico,Spanish,N/A,,Spanish:75|English:25,100,Spanish:60|English:40,100,Spanish:90|English:10,100,29,0,Bachelor's,10,10,10,2,3,8,18,30,25,29,,,,,15,25,B1,intermediate|advanced,advanced|intermediate,cambridge_15_21_random_intermediate_advanced,4,20,random,,304.203125,468.625,328.203125,574.234375,7,4,,,,,,,,,,,,2026-08-16T17:54:38.981Z,K8EF3YCB,2026-08-16,2026-08-16,11:54:38,2026-08-16 11:54:38,,,,,,,,697ab12b4591197afc56d253,697ab12b4591197afc56d253,,,,
51243,raw_position_sample,2,3,adv,25,3,3,4,86, department ,534,318,1578497.199999988,697ab12b4591197afc56d253,697ab12b4591197afc56d253,advanced,3,697ab12b4591197afc56d253,697ab12b4591197afc56d253,spotlight_PROLIFIC,,31,Mexico,Spanish,N/A,,Spanish:75|English:25,100,Spanish:60|English:40,100,Spanish:90|English:10,100,29,0,Bachelor's,10,10,10,2,3,8,18,30,25,29,,,,,15,25,B1,intermediate|advanced,advanced|intermediate,cambridge_15_21_random_intermediate_advanced,4,20,random,,304.203125,468.625,328.203125,574.234375,7,4,,,,,,,,,,,,2026-08-16T17:54:38.981Z,K8EF3YCB,2026-08-16,2026-08-16,11:54:38,2026-08-16 11:54:38,,,,,,,,697ab12b4591197afc56d253,697ab12b4591197afc56d253,,,,
51292,raw_position_sample,2,3,adv,25,3,3,4,86, department ,542,316,1578546.8999999762,697ab12b4591197afc56d253,697ab12b4591197afc56d253,advanced,3,697ab12b4591197afc56d253,697ab12b4591197afc56d253,spotlight_PROLIFIC,,31,Mexico,Spanish,N/A,,Spanish:75|English:25,100,Spanish:60|English:40,100,Spanish:90|English:10,100,29,0,Bachelor's,10,10,10,2,3,8,18,30,25,29,,,,,15,25,B1,intermediate|advanced,advanced|intermediate,cambridge_15_21_random_intermediate_advanced,4,20,random,,304.203125,468.625,328.203125,574.234375,7,4,,,,,,,,,,,,2026-08-16T17:54:38.981Z,K8EF3YCB,2026-08-16,2026-08-16,11:54:38,2026-08-16 11:54:38,,,,,,,,697ab12b4591197afc56d253,697ab12b4591197afc56d253,,,,
51343,raw_position_sample,2,3,adv,25,3,3,4,86, department ,550,316,1578597.5,697ab12b4591197afc56d253,697ab12b4591197afc56d253,advanced,3,697ab12b4591197afc56d253,697ab12b4591197afc56d253,spotlight_PROLIFIC,,31,Mexico,Spanish,N/A,,Spanish:75|English:25,100,Spanish:60|English:40,100,Spanish:90|English:10,100,29,0,Bachelor's,10,10,10,2,3,8,18,30,25,29,,,,,15,25,B1,intermediate|advanced,advanced|intermediate,cambridge_15_21_random_intermediate_advanced,4,20,random,,304.203125,468.625,328.203125,574.234375,7,4,,,,,,,,,,,,2026-08-16T17:54:38.981Z,K8EF3YCB,2026-08-16,2026-08-16,11:54:38,2026-08-16 11:54:38,,,,,,,,697ab12b4591197afc56d253,697ab12b4591197afc56d253,,,,
51391,raw_position_sample,2,3,adv,25,3,3,4,86, department ,550,316,1578645.199999988,697ab12b4591197afc56d253,697ab12b4591197afc56d253,advanced,3,697ab12b4591197afc56d253,697ab12b4591197afc56d253,spotlight_PROLIFIC,,31,Mexico,Spanish,N/A,,Spanish:75|English:25,100,Spanish:60|English:40,100,Spanish:90|English:10,100,29,0,Bachelor's,10,10,10,2,3,8,18,30,25,29,,,,,15,25,B1,intermediate|advanced,advanced|intermediate,cambridge_15_21_random_intermediate_advanced,4,20,random,,304.203125,468.625,328.203125,574.234375,7,4,,,,,,,,,,,,2026-08-16T17:54:38.981Z,K8EF3YCB,2026-08-16,2026-08-16,11:54:38,2026-08-16 11:54:38,,,,,,,,697ab12b4591197afc56d253,697ab12b4591197afc56d253,,,,
51440,raw_position_sample,2,3,adv,25,3,3,4,86, department ,550,316,1578694.5999999642,697ab12b4591197afc56d253,697ab12b4591197afc56d253,advanced,3,697ab12b4591197afc56d253,697ab12b4591197afc56d253,spotlight_PROLIFIC,,31,Mexico,Spanish,N/A,,Spanish:75|English:25,100,Spanish:60|English:40,100,Spanish:90|English:10,100,29,0,Bachelor's,10,10,10,2,3,8,18,30,25,29,,,,,15,25,B1,intermediate|advanced,advanced|intermediate,cambridge_15_21_random_intermediate_advanced,4,20,random,,304.203125,468.625,328.203125,574.234375,7,4,,,,,,,,,,,,2026-08-16T17:54:38.981Z,K8EF3YCB,2026-08-16,2026-08-16,11:54:38,2026-08-16 11:54:38,,,,,,,,697ab12b4591197afc56d253,697ab12b4591197afc56d253,,,,
51488,raw_position_sample,2,3,adv,25,3,3,4,86, department ,550,316,1578742.5999999642,697ab12b4591197afc56d253,697ab12b4591197afc56d253,advanced,3,697ab12b4591197afc56d253,697ab12b4591197afc56d253,spotlight_PROLIFIC,,31,Mexico,Spanish,N/A,,Spanish:75|English:25,100,Spanish:60|English:40,100,Spanish:90|English:10,100,29,0,Bachelor's,10,10,10,2,3,8,18,30,25,29,,,,,15,25,B1,intermediate|advanced,advanced|intermediate,cambridge_15_21_random_intermediate_advanced,4,20,random,,304.203125,468.625,328.203125,574.234375,7,4,,,,,,,,,,,,2026-08-16T17:54:38.981Z,K8EF3YCB,2026-08-16,2026-08-16,11:54:38,2026-08-16 11:54:38,,,,,,,,697ab12b4591197afc56d253,697ab12b4591197afc56d253,,,,
51543,raw_position_sample,2,3,adv,25,3,3,4,86, department ,557,316,1578797.5999999642,697ab12b4591197afc56d253,697ab12b4591197afc56d253,advanced,3,697ab12b4591197afc56d253,697ab12b4591197afc56d253,spotlight_PROLIFIC,,31,Mexico,Spanish,N/A,,Spanish:75|English:25,100,Spanish:60|English:40,100,Spanish:90|English:10,100,29,0,Bachelor's,10,10,10,2,3,8,18,30,25,29,,,,,15,25,B1,intermediate|advanced,advanced|intermediate,cambridge_15_21_random_intermediate_advanced,4,20,random,,304.203125,468.625,328.203125,574.234375,7,4,,,,,,,,,,,,2026-08-16T17:54:38.981Z,K8EF3YCB,2026-08-16,2026-08-16,11:54:38,2026-08-16 11:54:38,,,,,,,,697ab12b4591197afc56d253,697ab12b4591197afc56d253,,,,
51593,raw_position_sample,2,3,adv,25,3,3,4,86, department ,564,316,1578847.800000012,697ab12b4591197afc56d253,697ab12b4591197afc56d253,advanced,3,697ab12b4591197afc56d253,697ab12b4591197afc56d253,spotlight_PROLIFIC,,31,Mexico,Spanish,N/A,,Spanish:75|English:25,100,Spanish:60|English:40,100,Spanish:90|English:10,100,29,0,Bachelor's,10,10,10,2,3,8,18,30,25,29,,,,,15,25,B1,intermediate|advanced,advanced|intermediate,cambridge_15_21_random_intermediate_advanced,4,20,random,,304.203125,468.625,328.203125,574.234375,7,4,,,,,,,,,,,,2026-08-16T17:54:38.981Z,K8EF3YCB,2026-08-16,2026-08-16,11:54:38,2026-08-16 11:54:38,,,,,,,,697ab12b4591197afc56d253,697ab12b4591197afc56d253,,,,
51641,hover_association,2,3,adv,25,3,3,4,86, department ,476,318,,697ab12b4591197afc56d253,697ab12b4591197afc56d253,advanced,3,697ab12b4591197afc56d253,697ab12b4591197afc56d253,spotlight_PROLIFIC,,31,Mexico,Spanish,N/A,,Spanish:75|English:25,100,Spanish:60|English:40,100,Spanish:90|English:10,100,29,0,Bachelor's,10,10,10,2,3,8,18,30,25,29,,,,,15,25,B1,intermediate|advanced,advanced|intermediate,cambridge_15_21_random_intermediate_advanced,4,20,random,,296.203125,468.625,336.203125,574.234375,7,4,hover,566.8999999761581,566.8999999761581,0.9693741677762983,0.494921875,106,,,,,,2026-08-16T17:54:38.981Z,K8EF3YCB,2026-08-16,2026-08-16,11:54:38,2026-08-16 11:54:38,,,,,,,,697ab12b4591197afc56d253,697ab12b4591197afc56d253,,,,
51643,raw_position_sample,2,3,adv,25,3,3,4,87, or ,576,316,1578897.8999999762,697ab12b4591197afc56d253,697ab12b4591197afc56d253,advanced,3,697ab12b4591197afc56d253,697ab12b4591197afc56d253,spotlight_PROLIFIC,,31,Mexico,Spanish,N/A,,Spanish:75|English:25,100,Spanish:60|English:40,100,Spanish:90|English:10,100,29,0,Bachelor's,10,10,10,2,3,8,18,30,25,29,,,,,15,25,B1,intermediate|advanced,advanced|intermediate,cambridge_15_21_random_intermediate_advanced,4,20,random,,304.203125,574.234375,328.203125,597.25,7,5,,,,,,,,,,,,2026-08-16T17:54:38.981Z,K8EF3YCB,2026-08-16,2026-08-16,11:54:38,2026-08-16 11:54:38,,,,,,,,697ab12b4591197afc56d253,697ab12b4591197afc56d253,,,,
51690,raw_position_sample,2,3,adv,25,3,3,4,87, or ,591,316,1578945,697ab12b4591197afc56d253,697ab12b4591197afc56d253,advanced,3,697ab12b4591197afc56d253,697ab12b4591197afc56d253,spotlight_PROLIFIC,,31,Mexico,Spanish,N/A,,Spanish:75|English:25,100,Spanish:60|English:40,100,Spanish:90|English:10,100,29,0,Bachelor's,10,10,10,2,3,8,18,30,25,29,,,,,15,25,B1,intermediate|advanced,advanced|intermediate,cambridge_15_21_random_intermediate_advanced,4,20,random,,304.203125,574.234375,328.203125,597.25,7,5,,,,,,,,,,,,2026-08-16T17:54:38.981Z,K8EF3YCB,2026-08-16,2026-08-16,11:54:38,2026-08-16 11:54:38,,,,,,,,697ab12b4591197afc56d253,697ab12b4591197afc56d253,,,,
51691,hover_association,2,3,adv,25,3,3,4,87, or ,576,316,,697ab12b4591197afc56d253,697ab12b4591197afc56d253,advanced,3,697ab12b4591197afc56d253,697ab12b4591197afc56d253,spotlight_PROLIFIC,,31,Mexico,Spanish,N/A,,Spanish:75|English:25,100,Spanish:60|English:40,100,Spanish:90|English:10,100,29,0,Bachelor's,10,10,10,2,3,8,18,30,25,29,,,,,15,25,B1,intermediate|advanced,advanced|intermediate,cambridge_15_21_random_intermediate_advanced,4,20,random,,296.203125,574.234375,336.203125,597.25,7,5,hover,50.10000002384186,50.10000002384186,0.7284453496266123,0.494921875,106,,,,,,2026-08-16T17:54:38.981Z,K8EF3YCB,2026-08-16,2026-08-16,11:54:38,2026-08-16 11:54:38,,,,,,,,697ab12b4591197afc56d253,697ab12b4591197afc56d253,,,,
51725,hover_association,2,3,adv,25,3,3,4,88, a ,599,316,,697ab12b4591197afc56d253,697ab12b4591197afc56d253,advanced,3,697ab12b4591197afc56d253,697ab12b4591197afc56d253,spotlight_PROLIFIC,,31,Mexico,Spanish,N/A,,Spanish:75|English:25,100,Spanish:60|English:40,100,Spanish:90|English:10,100,29,0,Bachelor's,10,10,10,2,3,8,18,30,25,29,,,,,15,25,B1,intermediate|advanced,advanced|intermediate,cambridge_15_21_random_intermediate_advanced,4,20,random,,296.203125,597.25,336.203125,612.03125,7,6,hover,33.09999996423721,33.09999996423721,0.7949260042283298,0.494921875,106,,,,,,2026-08-16T17:54:38.981Z,K8EF3YCB,2026-08-16,2026-08-16,11:54:38,2026-08-16 11:54:38,,,,,,,,697ab12b4591197afc56d253,697ab12b4591197afc56d253,,,,
51743,raw_position_sample,2,3,adv,25,3,3,4,89, new ,619,316,1578997.3999999762,697ab12b4591197afc56d253,697ab12b4591197afc56d253,advanced,3,697ab12b4591197afc56d253,697ab12b4591197afc56d253,spotlight_PROLIFIC,,31,Mexico,Spanish,N/A,,Spanish:75|English:25,100,Spanish:60|English:40,100,Spanish:90|English:10,100,29,0,Bachelor's,10,10,10,2,3,8,18,30,25,29,,,,,15,25,B1,intermediate|advanced,advanced|intermediate,cambridge_15_21_random_intermediate_advanced,4,20,random,,304.203125,612.03125,328.203125,651.78125,7,7,,,,,,,,,,,,2026-08-16T17:54:38.981Z,K8EF3YCB,2026-08-16,2026-08-16,11:54:38,2026-08-16 11:54:38,,,,,,,,697ab12b4591197afc56d253,697ab12b4591197afc56d253,,,,
51792,raw_position_sample,2,3,adv,25,3,3,4,89, new ,640,316,1579046.8999999762,697ab12b4591197afc56d253,697ab12b4591197afc56d253,advanced,3,697ab12b4591197afc56d253,697ab12b4591197afc56d253,spotlight_PROLIFIC,,31,Mexico,Spanish,N/A,,Spanish:75|English:25,100,Spanish:60|English:40,100,Spanish:90|English:10,100,29,0,Bachelor's,10,10,10,2,3,8,18,30,25,29,,,,,15,25,B1,intermediate|advanced,advanced|intermediate,cambridge_15_21_random_intermediate_advanced,4,20,random,,304.203125,612.03125,328.203125,651.78125,7,7,,,,,,,,,,,,2026-08-16T17:54:38.981Z,K8EF3YCB,2026-08-16,2026-08-16,11:54:38,2026-08-16 11:54:38,,,,,,,,697ab12b4591197afc56d253,697ab12b4591197afc56d253,,,,
51843,raw_position_sample,2,3,adv,25,3,3,4,89, new ,648,316,1579097.199999988,697ab12b4591197afc56d253,697ab12b4591197afc56d253,advanced,3,697ab12b4591197afc56d253,697ab12b4591197afc56d253,spotlight_PROLIFIC,,31,Mexico,Spanish,N/A,,Spanish:75|English:25,100,Spanish:60|English:40,100,Spanish:90|English:10,100,29,0,Bachelor's,10,10,10,2,3,8,18,30,25,29,,,,,15,25,B1,intermediate|advanced,advanced|intermediate,cambridge_15_21_random_intermediate_advanced,4,20,random,,304.203125,612.03125,328.203125,651.78125,7,7,,,,,,,,,,,,2026-08-16T17:54:38.981Z,K8EF3YCB,2026-08-16,2026-08-16,11:54:38,2026-08-16 11:54:38,,,,,,,,697ab12b4591197afc56d253,697ab12b4591197afc56d253,,,,
51891,hover_association,2,3,adv,25,3,3,4,89, new ,615,316,,697ab12b4591197afc56d253,697ab12b4591197afc56d253,advanced,3,697ab12b4591197afc56d253,697ab12b4591197afc56d253,spotlight_PROLIFIC,,31,Mexico,Spanish,N/A,,Spanish:75|English:25,100,Spanish:60|English:40,100,Spanish:90|English:10,100,29,0,Bachelor's,10,10,10,2,3,8,18,30,25,29,,,,,15,25,B1,intermediate|advanced,advanced|intermediate,cambridge_15_21_random_intermediate_advanced,4,20,random,,296.203125,612.03125,336.203125,651.78125,7,7,hover,166.5,166.5,0.9551886792452831,0.494921875,106,,,,,,2026-08-16T17:54:38.981Z,K8EF3YCB,2026-08-16,2026-08-16,11:54:38,2026-08-16 11:54:38,,,,,,,,697ab12b4591197afc56d253,697ab12b4591197afc56d253,,,,
51892,raw_position_sample,2,3,adv,25,3,3,4,90, product ,653,316,1579147,697ab12b4591197afc56d253,697ab12b4591197afc56d253,advanced,3,697ab12b4591197afc56d253,697ab12b4591197afc56d253,spotlight_PROLIFIC,,31,Mexico,Spanish,N/A,,Spanish:75|English:25,100,Spanish:60|English:40,100,Spanish:90|English:10,100,29,0,Bachelor's,10,10,10,2,3,8,18,30,25,29,,,,,15,25,B1,intermediate|advanced,advanced|intermediate,cambridge_15_21_random_intermediate_advanced,4,20,random,,304.203125,651.78125,328.203125,722.828125,7,8,,,,,,,,,,,,2026-08-16T17:54:38.981Z,K8EF3YCB,2026-08-16,2026-08-16,11:54:38,2026-08-16 11:54:38,,,,,,,,697ab12b4591197afc56d253,697ab12b4591197afc56d253,,,,
51943,raw_position_sample,2,3,adv,25,3,3,4,90, product ,658,316,1579197.3999999762,697ab12b4591197afc56d253,697ab12b4591197afc56d253,advanced,3,697ab12b4591197afc56d253,697ab12b4591197afc56d253,spotlight_PROLIFIC,,31,Mexico,Spanish,N/A,,Spanish:75|English:25,100,Spanish:60|English:40,100,Spanish:90|English:10,100,29,0,Bachelor's,10,10,10,2,3,8,18,30,25,29,,,,,15,25,B1,intermediate|advanced,advanced|intermediate,cambridge_15_21_random_intermediate_advanced,4,20,random,,304.203125,651.78125,328.203125,722.828125,7,8,,,,,,,,,,,,2026-08-16T17:54:38.981Z,K8EF3YCB,2026-08-16,2026-08-16,11:54:38,2026-08-16 11:54:38,,,,,,,,697ab12b4591197afc56d253,697ab12b4591197afc56d253,,,,
51992,raw_position_sample,2,3,adv,25,3,3,4,90, product ,665,316,1579246.800000012,697ab12b4591197afc56d253,697ab12b4591197afc56d253,advanced,3,697ab12b4591197afc56d253,697ab12b4591197afc56d253,spotlight_PROLIFIC,,31,Mexico,Spanish,N/A,,Spanish:75|English:25,100,Spanish:60|English:40,100,Spanish:90|English:10,100,29,0,Bachelor's,10,10,10,2,3,8,18,30,25,29,,,,,15,25,B1,intermediate|advanced,advanced|intermediate,cambridge_15_21_random_intermediate_advanced,4,20,random,,304.203125,651.78125,328.203125,722.828125,7,8,,,,,,,,,,,,2026-08-16T17:54:38.981Z,K8EF3YCB,2026-08-16,2026-08-16,11:54:38,2026-08-16 11:54:38,,,,,,,,697ab12b4591197afc56d253,697ab12b4591197afc56d253,,,,
52043,raw_position_sample,2,3,adv,25,3,3,4,90, product ,678,316,1579297.300000012,697ab12b4591197afc56d253,697ab12b4591197afc56d253,advanced,3,697ab12b4591197afc56d253,697ab12b4591197afc56d253,spotlight_PROLIFIC,,31,Mexico,Spanish,N/A,,Spanish:75|English:25,100,Spanish:60|English:40,100,Spanish:90|English:10,100,29,0,Bachelor's,10,10,10,2,3,8,18,30,25,29,,,,,15,25,B1,intermediate|advanced,advanced|intermediate,cambridge_15_21_random_intermediate_advanced,4,20,random,,304.203125,651.78125,328.203125,722.828125,7,8,,,,,,,,,,,,2026-08-16T17:54:38.981Z,K8EF3YCB,2026-08-16,2026-08-16,11:54:38,2026-08-16 11:54:38,,,,,,,,697ab12b4591197afc56d253,697ab12b4591197afc56d253,,,,
52092,raw_position_sample,2,3,adv,25,3,3,4,90, product ,702,316,1579346.8999999762,697ab12b4591197afc56d253,697ab12b4591197afc56d253,advanced,3,697ab12b4591197afc56d253,697ab12b4591197afc56d253,spotlight_PROLIFIC,,31,Mexico,Spanish,N/A,,Spanish:75|English:25,100,Spanish:60|English:40,100,Spanish:90|English:10,100,29,0,Bachelor's,10,10,10,2,3,8,18,30,25,29,,,,,15,25,B1,intermediate|advanced,advanced|intermediate,cambridge_15_21_random_intermediate_advanced,4,20,random,,304.203125,651.78125,328.203125,722.828125,7,8,,,,,,,,,,,,2026-08-16T17:54:38.981Z,K8EF3YCB,2026-08-16,2026-08-16,11:54:38,2026-08-16 11:54:38,,,,,,,,697ab12b4591197afc56d253,697ab12b4591197afc56d253,,,,
52141,hover_association,2,3,adv,25,3,3,4,90, product ,653,316,,697ab12b4591197afc56d253,697ab12b4591197afc56d253,advanced,3,697ab12b4591197afc56d253,697ab12b4591197afc56d253,spotlight_PROLIFIC,,31,Mexico,Spanish,N/A,,Spanish:75|English:25,100,Spanish:60|English:40,100,Spanish:90|English:10,100,29,0,Bachelor's,10,10,10,2,3,8,18,30,25,29,,,,,15,25,B1,intermediate|advanced,advanced|intermediate,cambridge_15_21_random_intermediate_advanced,4,20,random,,296.203125,651.78125,336.203125,722.828125,7,8,hover,250.10000002384186,250.10000002384186,0.9883439630525621,0.494921875,106,,,,,,2026-08-16T17:54:38.981Z,K8EF3YCB,2026-08-16,2026-08-16,11:54:38,2026-08-16 11:54:38,,,,,,,,697ab12b4591197afc56d253,697ab12b4591197afc56d253,,,,
52143,raw_position_sample,2,3,adv,25,3,3,4,91," range, ",733,316,1579397.5999999642,697ab12b4591197afc56d253,697ab12b4591197afc56d253,advanced,3,697ab12b4591197afc56d253,697ab12b4591197afc56d253,spotlight_PROLIFIC,,31,Mexico,Spanish,N/A,,Spanish:75|English:25,100,Spanish:60|English:40,100,Spanish:90|English:10,100,29,0,Bachelor's,10,10,10,2,3,8,18,30,25,29,,,,,15,25,B1,intermediate|advanced,advanced|intermediate,cambridge_15_21_random_intermediate_advanced,4,20,random,,304.203125,722.828125,328.203125,781.859375,7,9,,,,,,,,,,,,2026-08-16T17:54:38.981Z,K8EF3YCB,2026-08-16,2026-08-16,11:54:38,2026-08-16 11:54:38,,,,,,,,697ab12b4591197afc56d253,697ab12b4591197afc56d253,,,,
52192,raw_position_sample,2,3,adv,25,3,3,4,91," range, ",766,315,1579446.8999999762,697ab12b4591197afc56d253,697ab12b4591197afc56d253,advanced,3,697ab12b4591197afc56d253,697ab12b4591197afc56d253,spotlight_PROLIFIC,,31,Mexico,Spanish,N/A,,Spanish:75|English:25,100,Spanish:60|English:40,100,Spanish:90|English:10,100,29,0,Bachelor's,10,10,10,2,3,8,18,30,25,29,,,,,15,25,B1,intermediate|advanced,advanced|intermediate,cambridge_15_21_random_intermediate_advanced,4,20,random,,304.203125,722.828125,328.203125,781.859375,7,9,,,,,,,,,,,,2026-08-16T17:54:38.981Z,K8EF3YCB,2026-08-16,2026-08-16,11:54:38,2026-08-16 11:54:38,,,,,,,,697ab12b4591197afc56d253,697ab12b4591197afc56d253,,,,
52242,raw_position_sample,2,3,adv,25,3,3,4,91," range, ",780,314,1579497.0999999642,697ab12b4591197afc56d253,697ab12b4591197afc56d253,advanced,3,697ab12b4591197afc56d253,697ab12b4591197afc56d253,spotlight_PROLIFIC,,31,Mexico,Spanish,N/A,,Spanish:75|English:25,100,Spanish:60|English:40,100,Spanish:90|English:10,100,29,0,Bachelor's,10,10,10,2,3,8,18,30,25,29,,,,,15,25,B1,intermediate|advanced,advanced|intermediate,cambridge_15_21_random_intermediate_advanced,4,20,random,,304.203125,722.828125,328.203125,781.859375,7,9,,,,,,,,,,,,2026-08-16T17:54:38.981Z,K8EF3YCB,2026-08-16,2026-08-16,11:54:38,2026-08-16 11:54:38,,,,,,,,697ab12b4591197afc56d253,697ab12b4591197afc56d253,,,,
52291,raw_position_sample,2,3,adv,25,3,3,4,91," range, ",781,314,1579545.8999999762,697ab12b4591197afc56d253,697ab12b4591197afc56d253,advanced,3,697ab12b4591197afc56d253,697ab12b4591197afc56d253,spotlight_PROLIFIC,,31,Mexico,Spanish,N/A,,Spanish:75|English:25,100,Spanish:60|English:40,100,Spanish:90|English:10,100,29,0,Bachelor's,10,10,10,2,3,8,18,30,25,29,,,,,15,25,B1,intermediate|advanced,advanced|intermediate,cambridge_15_21_random_intermediate_advanced,4,20,random,,304.203125,722.828125,328.203125,781.859375,7,9,,,,,,,,,,,,2026-08-16T17:54:38.981Z,K8EF3YCB,2026-08-16,2026-08-16,11:54:38,2026-08-16 11:54:38,,,,,,,,697ab12b4591197afc56d253,697ab12b4591197afc56d253,,,,
52341,raw_position_sample,2,3,adv,25,3,3,4,91," range, ",781,314,1579596.0999999642,697ab12b4591197afc56d253,697ab12b4591197afc56d253,advanced,3,697ab12b4591197afc56d253,697ab12b4591197afc56d253,spotlight_PROLIFIC,,31,Mexico,Spanish,N/A,,Spanish:75|English:25,100,Spanish:60|English:40,100,Spanish:90|English:10,100,29,0,Bachelor's,10,10,10,2,3,8,18,30,25,29,,,,,15,25,B1,intermediate|advanced,advanced|intermediate,cambridge_15_21_random_intermediate_advanced,4,20,random,,304.203125,722.828125,328.203125,781.859375,7,9,,,,,,,,,,,,2026-08-16T17:54:38.981Z,K8EF3YCB,2026-08-16,2026-08-16,11:54:38,2026-08-16 11:54:38,,,,,,,,697ab12b4591197afc56d253,697ab12b4591197afc56d253,,,,
52367,hover_association,2,3,adv,25,3,3,4,91," range, ",733,316,,697ab12b4591197afc56d253,697ab12b4591197afc56d253,advanced,3,697ab12b4591197afc56d253,697ab12b4591197afc56d253,spotlight_PROLIFIC,,31,Mexico,Spanish,N/A,,Spanish:75|English:25,100,Spanish:60|English:40,100,Spanish:90|English:10,100,29,0,Bachelor's,10,10,10,2,3,8,18,30,25,29,,,,,15,25,B1,intermediate|advanced,advanced|intermediate,cambridge_15_21_random_intermediate_advanced,4,20,random,,296.203125,722.828125,336.203125,781.859375,7,9,hover,226.30000001192093,226.30000001192093,0.9854420328215987,0.444921875,106,,,,,,2026-08-16T17:54:38.981Z,K8EF3YCB,2026-08-16,2026-08-16,11:54:38,2026-08-16 11:54:38,,,,,,,,697ab12b4591197afc56d253,697ab12b4591197afc56d253,,,,
52392,raw_position_sample,2,3,adv,25,3,3,4,92," but, ",790,314,1579646.8999999762,697ab12b4591197afc56d253,697ab12b4591197afc56d253,advanced,3,697ab12b4591197afc56d253,697ab12b4591197afc56d253,spotlight_PROLIFIC,,31,Mexico,Spanish,N/A,,Spanish:75|English:25,100,Spanish:60|English:40,100,Spanish:90|English:10,100,29,0,Bachelor's,10,10,10,2,3,8,18,30,25,29,,,,,15,25,B1,intermediate|advanced,advanced|intermediate,cambridge_15_21_random_intermediate_advanced,4,20,random,,304.203125,781.859375,328.203125,820.0625,7,10,,,,,,,,,,,,2026-08-16T17:54:38.981Z,K8EF3YCB,2026-08-16,2026-08-16,11:54:38,2026-08-16 11:54:38,,,,,,,,697ab12b4591197afc56d253,697ab12b4591197afc56d253,,,,
52443,raw_position_sample,2,3,adv,25,3,3,4,92," but, ",806,317,1579697.199999988,697ab12b4591197afc56d253,697ab12b4591197afc56d253,advanced,3,697ab12b4591197afc56d253,697ab12b4591197afc56d253,spotlight_PROLIFIC,,31,Mexico,Spanish,N/A,,Spanish:75|English:25,100,Spanish:60|English:40,100,Spanish:90|English:10,100,29,0,Bachelor's,10,10,10,2,3,8,18,30,25,29,,,,,15,25,B1,intermediate|advanced,advanced|intermediate,cambridge_15_21_random_intermediate_advanced,4,20,random,,304.203125,781.859375,328.203125,820.0625,7,10,,,,,,,,,,,,2026-08-16T17:54:38.981Z,K8EF3YCB,2026-08-16,2026-08-16,11:54:38,2026-08-16 11:54:38,,,,,,,,697ab12b4591197afc56d253,697ab12b4591197afc56d253,,,,
52474,hover_association,2,3,adv,25,3,3,4,92," but, ",782,314,,697ab12b4591197afc56d253,697ab12b4591197afc56d253,advanced,3,697ab12b4591197afc56d253,697ab12b4591197afc56d253,spotlight_PROLIFIC,,31,Mexico,Spanish,N/A,,Spanish:75|English:25,100,Spanish:60|English:40,100,Spanish:90|English:10,100,29,0,Bachelor's,10,10,10,2,3,8,18,30,25,29,,,,,15,25,B1,intermediate|advanced,advanced|intermediate,cambridge_15_21_random_intermediate_advanced,4,20,random,,296.203125,781.859375,336.203125,820.0625,7,10,hover,106.89999997615814,106.89999997615814,0.8413087934560327,0.569921875,106,,,,,,2026-08-16T17:54:38.981Z,K8EF3YCB,2026-08-16,2026-08-16,11:54:38,2026-08-16 11:54:38,,,,,,,,697ab12b4591197afc56d253,697ab12b4591197afc56d253,,,,
52492,raw_position_sample,2,3,adv,25,3,3,4,93, within ,834,324,1579746.5999999642,697ab12b4591197afc56d253,697ab12b4591197afc56d253,advanced,3,697ab12b4591197afc56d253,697ab12b4591197afc56d253,spotlight_PROLIFIC,,31,Mexico,Spanish,N/A,,Spanish:75|English:25,100,Spanish:60|English:40,100,Spanish:90|English:10,100,29,0,Bachelor's,10,10,10,2,3,8,18,30,25,29,,,,,15,25,B1,intermediate|advanced,advanced|intermediate,cambridge_15_21_random_intermediate_advanced,4,20,random,,304.203125,820.0625,328.203125,876.9375,7,11,,,,,,,,,,,,2026-08-16T17:54:38.981Z,K8EF3YCB,2026-08-16,2026-08-16,11:54:38,2026-08-16 11:54:38,,,,,,,,697ab12b4591197afc56d253,697ab12b4591197afc56d253,,,,
52542,raw_position_sample,2,3,adv,25,3,3,4,93, within ,851,329,1579796.699999988,697ab12b4591197afc56d253,697ab12b4591197afc56d253,advanced,3,697ab12b4591197afc56d253,697ab12b4591197afc56d253,spotlight_PROLIFIC,,31,Mexico,Spanish,N/A,,Spanish:75|English:25,100,Spanish:60|English:40,100,Spanish:90|English:10,100,29,0,Bachelor's,10,10,10,2,3,8,18,30,25,29,,,,,15,25,B1,intermediate|advanced,advanced|intermediate,cambridge_15_21_random_intermediate_advanced,4,20,random,,304.203125,820.0625,328.203125,876.9375,7,11,,,,,,,,,,,,2026-08-16T17:54:38.981Z,K8EF3YCB,2026-08-16,2026-08-16,11:54:38,2026-08-16 11:54:38,,,,,,,,697ab12b4591197afc56d253,697ab12b4591197afc56d253,,,,
52590,raw_position_sample,2,3,adv,25,3,3,4,93, within ,851,329,1579844.5999999642,697ab12b4591197afc56d253,697ab12b4591197afc56d253,advanced,3,697ab12b4591197afc56d253,697ab12b4591197afc56d253,spotlight_PROLIFIC,,31,Mexico,Spanish,N/A,,Spanish:75|English:25,100,Spanish:60|English:40,100,Spanish:90|English:10,100,29,0,Bachelor's,10,10,10,2,3,8,18,30,25,29,,,,,15,25,B1,intermediate|advanced,advanced|intermediate,cambridge_15_21_random_intermediate_advanced,4,20,random,,304.203125,820.0625,328.203125,876.9375,7,11,,,,,,,,,,,,2026-08-16T17:54:38.981Z,K8EF3YCB,2026-08-16,2026-08-16,11:54:38,2026-08-16 11:54:38,,,,,,,,697ab12b4591197afc56d253,697ab12b4591197afc56d253,,,,
52643,raw_position_sample,2,3,adv,25,3,3,4,93, within ,860,329,1579897.199999988,697ab12b4591197afc56d253,697ab12b4591197afc56d253,advanced,3,697ab12b4591197afc56d253,697ab12b4591197afc56d253,spotlight_PROLIFIC,,31,Mexico,Spanish,N/A,,Spanish:75|English:25,100,Spanish:60|English:40,100,Spanish:90|English:10,100,29,0,Bachelor's,10,10,10,2,3,8,18,30,25,29,,,,,15,25,B1,intermediate|advanced,advanced|intermediate,cambridge_15_21_random_intermediate_advanced,4,20,random,,304.203125,820.0625,328.203125,876.9375,7,11,,,,,,,,,,,,2026-08-16T17:54:38.981Z,K8EF3YCB,2026-08-16,2026-08-16,11:54:38,2026-08-16 11:54:38,,,,,,,,697ab12b4591197afc56d253,697ab12b4591197afc56d253,,,,
52692,raw_position_sample,2,3,adv,25,3,3,4,93, within ,875,329,1579946.699999988,697ab12b4591197afc56d253,697ab12b4591197afc56d253,advanced,3,697ab12b4591197afc56d253,697ab12b4591197afc56d253,spotlight_PROLIFIC,,31,Mexico,Spanish,N/A,,Spanish:75|English:25,100,Spanish:60|English:40,100,Spanish:90|English:10,100,29,0,Bachelor's,10,10,10,2,3,8,18,30,25,29,,,,,15,25,B1,intermediate|advanced,advanced|intermediate,cambridge_15_21_random_intermediate_advanced,4,20,random,,304.203125,820.0625,328.203125,876.9375,7,11,,,,,,,,,,,,2026-08-16T17:54:38.981Z,K8EF3YCB,2026-08-16,2026-08-16,11:54:38,2026-08-16 11:54:38,,,,,,,,697ab12b4591197afc56d253,697ab12b4591197afc56d253,,,,
52707,hover_association,2,3,adv,25,3,3,4,93, within ,824,322,,697ab12b4591197afc56d253,697ab12b4591197afc56d253,advanced,3,697ab12b4591197afc56d253,697ab12b4591197afc56d253,spotlight_PROLIFIC,,31,Mexico,Spanish,N/A,,Spanish:75|English:25,100,Spanish:60|English:40,100,Spanish:90|English:10,100,29,0,Bachelor's,10,10,10,2,3,8,18,30,25,29,,,,,15,25,B1,intermediate|advanced,advanced|intermediate,cambridge_15_21_random_intermediate_advanced,4,20,random,,296.203125,820.0625,336.203125,876.9375,7,11,hover,233.10000002384186,233.10000002384186,0.9659340659340659,0.819921875,106,,,,,,2026-08-16T17:54:38.981Z,K8EF3YCB,2026-08-16,2026-08-16,11:54:38,2026-08-16 11:54:38,,,,,,,,697ab12b4591197afc56d253,697ab12b4591197afc56d253,,,,
52743,raw_position_sample,2,3,adv,25,3,3,4,94, that ,881,329,1579997.5,697ab12b4591197afc56d253,697ab12b4591197afc56d253,advanced,3,697ab12b4591197afc56d253,697ab12b4591197afc56d253,spotlight_PROLIFIC,,31,Mexico,Spanish,N/A,,Spanish:75|English:25,100,Spanish:60|English:40,100,Spanish:90|English:10,100,29,0,Bachelor's,10,10,10,2,3,8,18,30,25,29,,,,,15,25,B1,intermediate|advanced,advanced|intermediate,cambridge_15_21_random_intermediate_advanced,4,20,random,,304.203125,876.9375,328.203125,911.15625,7,12,,,,,,,,,,,,2026-08-16T17:54:38.981Z,K8EF3YCB,2026-08-16,2026-08-16,11:54:38,2026-08-16 11:54:38,,,,,,,,697ab12b4591197afc56d253,697ab12b4591197afc56d253,,,,
52792,raw_position_sample,2,3,adv,25,3,3,4,94, that ,885,328,1580046.800000012,697ab12b4591197afc56d253,697ab12b4591197afc56d253,advanced,3,697ab12b4591197afc56d253,697ab12b4591197afc56d253,spotlight_PROLIFIC,,31,Mexico,Spanish,N/A,,Spanish:75|English:25,100,Spanish:60|English:40,100,Spanish:90|English:10,100,29,0,Bachelor's,10,10,10,2,3,8,18,30,25,29,,,,,15,25,B1,intermediate|advanced,advanced|intermediate,cambridge_15_21_random_intermediate_advanced,4,20,random,,304.203125,876.9375,328.203125,911.15625,7,12,,,,,,,,,,,,2026-08-16T17:54:38.981Z,K8EF3YCB,2026-08-16,2026-08-16,11:54:38,2026-08-16 11:54:38,,,,,,,,697ab12b4591197afc56d253,697ab12b4591197afc56d253,,,,
52841,raw_position_sample,2,3,adv,25,3,3,4,94, that ,886,326,1580095.5,697ab12b4591197afc56d253,697ab12b4591197afc56d253,advanced,3,697ab12b4591197afc56d253,697ab12b4591197afc56d253,spotlight_PROLIFIC,,31,Mexico,Spanish,N/A,,Spanish:75|English:25,100,Spanish:60|English:40,100,Spanish:90|English:10,100,29,0,Bachelor's,10,10,10,2,3,8,18,30,25,29,,,,,15,25,B1,intermediate|advanced,advanced|intermediate,cambridge_15_21_random_intermediate_advanced,4,20,random,,304.203125,876.9375,328.203125,911.15625,7,12,,,,,,,,,,,,2026-08-16T17:54:38.981Z,K8EF3YCB,2026-08-16,2026-08-16,11:54:38,2026-08-16 11:54:38,,,,,,,,697ab12b4591197afc56d253,697ab12b4591197afc56d253,,,,
52890,raw_position_sample,2,3,adv,25,3,3,4,94, that ,888,325,1580145,697ab12b4591197afc56d253,697ab12b4591197afc56d253,advanced,3,697ab12b4591197afc56d253,697ab12b4591197afc56d253,spotlight_PROLIFIC,,31,Mexico,Spanish,N/A,,Spanish:75|English:25,100,Spanish:60|English:40,100,Spanish:90|English:10,100,29,0,Bachelor's,10,10,10,2,3,8,18,30,25,29,,,,,15,25,B1,intermediate|advanced,advanced|intermediate,cambridge_15_21_random_intermediate_advanced,4,20,random,,304.203125,876.9375,328.203125,911.15625,7,12,,,,,,,,,,,,2026-08-16T17:54:38.981Z,K8EF3YCB,2026-08-16,2026-08-16,11:54:38,2026-08-16 11:54:38,,,,,,,,697ab12b4591197afc56d253,697ab12b4591197afc56d253,,,,
52939,raw_position_sample,2,3,adv,25,3,3,4,94, that ,888,325,1580193.199999988,697ab12b4591197afc56d253,697ab12b4591197afc56d253,advanced,3,697ab12b4591197afc56d253,697ab12b4591197afc56d253,spotlight_PROLIFIC,,31,Mexico,Spanish,N/A,,Spanish:75|English:25,100,Spanish:60|English:40,100,Spanish:90|English:10,100,29,0,Bachelor's,10,10,10,2,3,8,18,30,25,29,,,,,15,25,B1,intermediate|advanced,advanced|intermediate,cambridge_15_21_random_intermediate_advanced,4,20,random,,304.203125,876.9375,328.203125,911.15625,7,12,,,,,,,,,,,,2026-08-16T17:54:38.981Z,K8EF3YCB,2026-08-16,2026-08-16,11:54:38,2026-08-16 11:54:38,,,,,,,,697ab12b4591197afc56d253,697ab12b4591197afc56d253,,,,
52974,hover_association,2,3,adv,25,3,3,4,94, that ,878,329,,697ab12b4591197afc56d253,697ab12b4591197afc56d253,advanced,3,697ab12b4591197afc56d253,697ab12b4591197afc56d253,spotlight_PROLIFIC,,31,Mexico,Spanish,N/A,,Spanish:75|English:25,100,Spanish:60|English:40,100,Spanish:90|English:10,100,29,0,Bachelor's,10,10,10,2,3,8,18,30,25,29,,,,,15,25,B1,intermediate|advanced,advanced|intermediate,cambridge_15_21_random_intermediate_advanced,4,20,random,,296.203125,876.9375,336.203125,915.403125,7,12,hover,266.69999998807907,266.69999998807907,0.13161101632951483,0.719921875,106,,,,,,2026-08-16T17:54:38.981Z,K8EF3YCB,2026-08-16,2026-08-16,11:54:38,2026-08-16 11:54:38,,,,,,,,697ab12b4591197afc56d253,697ab12b4591197afc56d253,,,,
52992,raw_position_sample,2,3,adv,25,3,3,4,93, within ,854,330,1580246.5999999642,697ab12b4591197afc56d253,697ab12b4591197afc56d253,advanced,3,697ab12b4591197afc56d253,697ab12b4591197afc56d253,spotlight_PROLIFIC,,31,Mexico,Spanish,N/A,,Spanish:75|English:25,100,Spanish:60|English:40,100,Spanish:90|English:10,100,29,0,Bachelor's,10,10,10,2,3,8,18,30,25,29,,,,,15,25,B1,intermediate|advanced,advanced|intermediate,cambridge_15_21_random_intermediate_advanced,4,20,random,,304.203125,820.0625,328.203125,876.9375,7,11,,,,,,,,,,,,2026-08-16T17:54:38.981Z,K8EF3YCB,2026-08-16,2026-08-16,11:54:38,2026-08-16 11:54:38,,,,,,,,697ab12b4591197afc56d253,697ab12b4591197afc56d253,,,,
53024,hover_association,2,3,adv,25,3,3,4,93, within ,870,326,,697ab12b4591197afc56d253,697ab12b4591197afc56d253,advanced,3,697ab12b4591197afc56d253,697ab12b4591197afc56d253,spotlight_PROLIFIC,,31,Mexico,Spanish,N/A,,Spanish:75|English:25,100,Spanish:60|English:40,100,Spanish:90|English:10,100,29,0,Bachelor's,10,10,10,2,3,8,18,30,25,29,,,,,15,25,B1,intermediate|advanced,advanced|intermediate,cambridge_15_21_random_intermediate_advanced,4,20,random,,296.203125,820.0625,336.203125,876.9375,7,11,hover,50.09999996423721,50.09999996423721,0.2802197802197802,0.994921875,106,,,,,,2026-08-16T17:54:38.981Z,K8EF3YCB,2026-08-16,2026-08-16,11:54:38,2026-08-16 11:54:38,,,,,,,,697ab12b4591197afc56d253,697ab12b4591197afc56d253,,,,
53041,hover_association,2,3,adv,25,3,3,4,106, it.” ,813,342,,697ab12b4591197afc56d253,697ab12b4591197afc56d253,advanced,3,697ab12b4591197afc56d253,697ab12b4591197afc56d253,spotlight_PROLIFIC,,31,Mexico,Spanish,N/A,,Spanish:75|English:25,100,Spanish:60|English:40,100,Spanish:90|English:10,100,29,0,Bachelor's,10,10,10,2,3,8,18,30,25,29,,,,,15,25,B1,intermediate|advanced,advanced|intermediate,cambridge_15_21_random_intermediate_advanced,4,20,random,,336.203125,810.1875,376.203125,836.871875,8,12,hover,16.600000023841858,16.600000023841858,0.10539875863684255,0.144921875,106,,,,,,2026-08-16T17:54:38.981Z,K8EF3YCB,2026-08-16,2026-08-16,11:54:38,2026-08-16 11:54:38,,,,,,,,697ab12b4591197afc56d253,697ab12b4591197afc56d253,,,,
53042,raw_position_sample,2,3,adv,25,3,3,4,105, keep ,785,348,1580296.8999999762,697ab12b4591197afc56d253,697ab12b4591197afc56d253,advanced,3,697ab12b4591197afc56d253,697ab12b4591197afc56d253,spotlight_PROLIFIC,,31,Mexico,Spanish,N/A,,Spanish:75|English:25,100,Spanish:60|English:40,100,Spanish:90|English:10,100,29,0,Bachelor's,10,10,10,2,3,8,18,30,25,29,,,,,15,25,B1,intermediate|advanced,advanced|intermediate,cambridge_15_21_random_intermediate_advanced,4,20,random,,344.203125,764.515625,368.203125,810.1875,8,11,,,,,,,,,,,,2026-08-16T17:54:38.981Z,K8EF3YCB,2026-08-16,2026-08-16,11:54:38,2026-08-16 11:54:38,,,,,,,,697ab12b4591197afc56d253,697ab12b4591197afc56d253,,,,
53057,hover_association,2,3,adv,25,3,3,4,105, keep ,785,348,,697ab12b4591197afc56d253,697ab12b4591197afc56d253,advanced,3,697ab12b4591197afc56d253,697ab12b4591197afc56d253,spotlight_PROLIFIC,,31,Mexico,Spanish,N/A,,Spanish:75|English:25,100,Spanish:60|English:40,100,Spanish:90|English:10,100,29,0,Bachelor's,10,10,10,2,3,8,18,30,25,29,,,,,15,25,B1,intermediate|advanced,advanced|intermediate,cambridge_15_21_random_intermediate_advanced,4,20,random,,336.203125,764.515625,376.203125,810.1875,8,11,hover,16.5,16.5,0.4485118029421827,0.294921875,106,,,,,,2026-08-16T17:54:38.981Z,K8EF3YCB,2026-08-16,2026-08-16,11:54:38,2026-08-16 11:54:38,,,,,,,,697ab12b4591197afc56d253,697ab12b4591197afc56d253,,,,
53074,hover_association,2,3,adv,25,3,3,4,104, and ,750,358,,697ab12b4591197afc56d253,697ab12b4591197afc56d253,advanced,3,697ab12b4591197afc56d253,697ab12b4591197afc56d253,spotlight_PROLIFIC,,31,Mexico,Spanish,N/A,,Spanish:75|English:25,100,Spanish:60|English:40,100,Spanish:90|English:10,100,29,0,Bachelor's,10,10,10,2,3,8,18,30,25,29,,,,,15,25,B1,intermediate|advanced,advanced|intermediate,cambridge_15_21_random_intermediate_advanced,4,20,random,,336.203125,727.53125,376.203125,764.515625,8,10,hover,16.69999998807907,16.69999998807907,0.6075200675961132,0.544921875,106,,,,,,2026-08-16T17:54:38.981Z,K8EF3YCB,2026-08-16,2026-08-16,11:54:38,2026-08-16 11:54:38,,,,,,,,697ab12b4591197afc56d253,697ab12b4591197afc56d253,,,,
53090,hover_association,2,3,adv,25,3,3,4,102, want ,692,371,,697ab12b4591197afc56d253,697ab12b4591197afc56d253,advanced,3,697ab12b4591197afc56d253,697ab12b4591197afc56d253,spotlight_PROLIFIC,,31,Mexico,Spanish,N/A,,Spanish:75|English:25,100,Spanish:60|English:40,100,Spanish:90|English:10,100,29,0,Bachelor's,10,10,10,2,3,8,18,30,25,29,,,,,15,25,B1,intermediate|advanced,advanced|intermediate,cambridge_15_21_random_intermediate_advanced,4,20,random,,336.203125,667.28125,376.203125,713.84375,8,8,hover,16.69999998807907,16.69999998807907,0.5308724832214765,0.869921875,106,,,,,,2026-08-16T17:54:38.981Z,K8EF3YCB,2026-08-16,2026-08-16,11:54:38,2026-08-16 11:54:38,,,,,,,,697ab12b4591197afc56d253,697ab12b4591197afc56d253,,,,
53091,raw_position_sample,2,3,adv,25,3,3,4,-1,999,644,382,1580345.8999999762,697ab12b4591197afc56d253,697ab12b4591197afc56d253,advanced,3,697ab12b4591197afc56d253,697ab12b4591197afc56d253,spotlight_PROLIFIC,,31,Mexico,Spanish,N/A,,Spanish:75|English:25,100,Spanish:60|English:40,100,Spanish:90|English:10,100,29,0,Bachelor's,10,10,10,2,3,8,18,30,25,29,,,,,15,25,B1,intermediate|advanced,advanced|intermediate,cambridge_15_21_random_intermediate_advanced,4,20,random,,,,,,,,,,,,,,,,,,,2026-08-16T17:54:38.981Z,K8EF3YCB,2026-08-16,2026-08-16,11:54:38,2026-08-16 11:54:38,,,,,,,,697ab12b4591197afc56d253,697ab12b4591197afc56d253,,,,
53140,raw_position_sample,2,3,adv,25,3,3,4,-1,999,607,391,1580395,697ab12b4591197afc56d253,697ab12b4591197afc56d253,advanced,3,697ab12b4591197afc56d253,697ab12b4591197afc56d253,spotlight_PROLIFIC,,31,Mexico,Spanish,N/A,,Spanish:75|English:25,100,Spanish:60|English:40,100,Spanish:90|English:10,100,29,0,Bachelor's,10,10,10,2,3,8,18,30,25,29,,,,,15,25,B1,intermediate|advanced,advanced|intermediate,cambridge_15_21_random_intermediate_advanced,4,20,random,,,,,,,,,,,,,,,,,,,2026-08-16T17:54:38.981Z,K8EF3YCB,2026-08-16,2026-08-16,11:54:38,2026-08-16 11:54:38,,,,,,,,697ab12b4591197afc56d253,697ab12b4591197afc56d253,,,,
53185,raw_position_sample,2,3,adv,25,3,3,4,-1,999,607,391,1580439.3999999762,697ab12b4591197afc56d253,697ab12b4591197afc56d253,advanced,3,697ab12b4591197afc56d253,697ab12b4591197afc56d253,spotlight_PROLIFIC,,31,Mexico,Spanish,N/A,,Spanish:75|English:25,100,Spanish:60|English:40,100,Spanish:90|English:10,100,29,0,Bachelor's,10,10,10,2,3,8,18,30,25,29,,,,,15,25,B1,intermediate|advanced,advanced|intermediate,cambridge_15_21_random_intermediate_advanced,4,20,random,,,,,,,,,,,,,,,,,,,2026-08-16T17:54:38.981Z,K8EF3YCB,2026-08-16,2026-08-16,11:54:38,2026-08-16 11:54:38,,,,,,,,697ab12b4591197afc56d253,697ab12b4591197afc56d253,,,,
53240,raw_position_sample,2,3,adv,25,3,3,4,-1,999,607,391,1580494.800000012,697ab12b4591197afc56d253,697ab12b4591197afc56d253,advanced,3,697ab12b4591197afc56d253,697ab12b4591197afc56d253,spotlight_PROLIFIC,,31,Mexico,Spanish,N/A,,Spanish:75|English:25,100,Spanish:60|English:40,100,Spanish:90|English:10,100,29,0,Bachelor's,10,10,10,2,3,8,18,30,25,29,,,,,15,25,B1,intermediate|advanced,advanced|intermediate,cambridge_15_21_random_intermediate_advanced,4,20,random,,,,,,,,,,,,,,,,,,,2026-08-16T17:54:38.981Z,K8EF3YCB,2026-08-16,2026-08-16,11:54:38,2026-08-16 11:54:38,,,,,,,,697ab12b4591197afc56d253,697ab12b4591197afc56d253,,,,
53289,raw_position_sample,2,3,adv,25,3,3,4,-1,999,607,391,1580543.8999999762,697ab12b4591197afc56d253,697ab12b4591197afc56d253,advanced,3,697ab12b4591197afc56d253,697ab12b4591197afc56d253,spotlight_PROLIFIC,,31,Mexico,Spanish,N/A,,Spanish:75|English:25,100,Spanish:60|English:40,100,Spanish:90|English:10,100,29,0,Bachelor's,10,10,10,2,3,8,18,30,25,29,,,,,15,25,B1,intermediate|advanced,advanced|intermediate,cambridge_15_21_random_intermediate_advanced,4,20,random,,,,,,,,,,,,,,,,,,,2026-08-16T17:54:38.981Z,K8EF3YCB,2026-08-16,2026-08-16,11:54:38,2026-08-16 11:54:38,,,,,,,,697ab12b4591197afc56d253,697ab12b4591197afc56d253,,,,
53340,raw_position_sample,2,3,adv,25,3,3,4,-1,999,607,391,1580594.199999988,697ab12b4591197afc56d253,697ab12b4591197afc56d253,advanced,3,697ab12b4591197afc56d253,697ab12b4591197afc56d253,spotlight_PROLIFIC,,31,Mexico,Spanish,N/A,,Spanish:75|English:25,100,Spanish:60|English:40,100,Spanish:90|English:10,100,29,0,Bachelor's,10,10,10,2,3,8,18,30,25,29,,,,,15,25,B1,intermediate|advanced,advanced|intermediate,cambridge_15_21_random_intermediate_advanced,4,20,random,,,,,,,,,,,,,,,,,,,2026-08-16T17:54:38.981Z,K8EF3YCB,2026-08-16,2026-08-16,11:54:38,2026-08-16 11:54:38,,,,,,,,697ab12b4591197afc56d253,697ab12b4591197afc56d253,,,,
53385,raw_position_sample,2,3,adv,25,3,3,4,-1,999,607,391,1580639.3999999762,697ab12b4591197afc56d253,697ab12b4591197afc56d253,advanced,3,697ab12b4591197afc56d253,697ab12b4591197afc56d253,spotlight_PROLIFIC,,31,Mexico,Spanish,N/A,,Spanish:75|English:25,100,Spanish:60|English:40,100,Spanish:90|English:10,100,29,0,Bachelor's,10,10,10,2,3,8,18,30,25,29,,,,,15,25,B1,intermediate|advanced,advanced|intermediate,cambridge_15_21_random_intermediate_advanced,4,20,random,,,,,,,,,,,,,,,,,,,2026-08-16T17:54:38.981Z,K8EF3YCB,2026-08-16,2026-08-16,11:54:38,2026-08-16 11:54:38,,,,,,,,697ab12b4591197afc56d253,697ab12b4591197afc56d253,,,,
53437,raw_position_sample,2,3,adv,25,3,3,4,-1,999,607,391,1580691.300000012,697ab12b4591197afc56d253,697ab12b4591197afc56d253,advanced,3,697ab12b4591197afc56d253,697ab12b4591197afc56d253,spotlight_PROLIFIC,,31,Mexico,Spanish,N/A,,Spanish:75|English:25,100,Spanish:60|English:40,100,Spanish:90|English:10,100,29,0,Bachelor's,10,10,10,2,3,8,18,30,25,29,,,,,15,25,B1,intermediate|advanced,advanced|intermediate,cambridge_15_21_random_intermediate_advanced,4,20,random,,,,,,,,,,,,,,,,,,,2026-08-16T17:54:38.981Z,K8EF3YCB,2026-08-16,2026-08-16,11:54:38,2026-08-16 11:54:38,,,,,,,,697ab12b4591197afc56d253,697ab12b4591197afc56d253,,,,
53491,raw_position_sample,2,3,adv,25,3,3,4,-1,999,314,372,1580745.800000012,697ab12b4591197afc56d253,697ab12b4591197afc56d253,advanced,3,697ab12b4591197afc56d253,697ab12b4591197afc56d253,spotlight_PROLIFIC,,31,Mexico,Spanish,N/A,,Spanish:75|English:25,100,Spanish:60|English:40,100,Spanish:90|English:10,100,29,0,Bachelor's,10,10,10,2,3,8,18,30,25,29,,,,,15,25,B1,intermediate|advanced,advanced|intermediate,cambridge_15_21_random_intermediate_advanced,4,20,random,,,,,,,,,,,,,,,,,,,2026-08-16T17:54:38.981Z,K8EF3YCB,2026-08-16,2026-08-16,11:54:38,2026-08-16 11:54:38,,,,,,,,697ab12b4591197afc56d253,697ab12b4591197afc56d253,,,,
53538,raw_position_sample,2,3,adv,25,3,3,4,-1,999,295,372,1580792.8999999762,697ab12b4591197afc56d253,697ab12b4591197afc56d253,advanced,3,697ab12b4591197afc56d253,697ab12b4591197afc56d253,spotlight_PROLIFIC,,31,Mexico,Spanish,N/A,,Spanish:75|English:25,100,Spanish:60|English:40,100,Spanish:90|English:10,100,29,0,Bachelor's,10,10,10,2,3,8,18,30,25,29,,,,,15,25,B1,intermediate|advanced,advanced|intermediate,cambridge_15_21_random_intermediate_advanced,4,20,random,,,,,,,,,,,,,,,,,,,2026-08-16T17:54:38.981Z,K8EF3YCB,2026-08-16,2026-08-16,11:54:38,2026-08-16 11:54:38,,,,,,,,697ab12b4591197afc56d253,697ab12b4591197afc56d253,,,,
53584,raw_position_sample,2,3,adv,25,3,3,4,-1,999,288,373,1580838.699999988,697ab12b4591197afc56d253,697ab12b4591197afc56d253,advanced,3,697ab12b4591197afc56d253,697ab12b4591197afc56d253,spotlight_PROLIFIC,,31,Mexico,Spanish,N/A,,Spanish:75|English:25,100,Spanish:60|English:40,100,Spanish:90|English:10,100,29,0,Bachelor's,10,10,10,2,3,8,18,30,25,29,,,,,15,25,B1,intermediate|advanced,advanced|intermediate,cambridge_15_21_random_intermediate_advanced,4,20,random,,,,,,,,,,,,,,,,,,,2026-08-16T17:54:38.981Z,K8EF3YCB,2026-08-16,2026-08-16,11:54:38,2026-08-16 11:54:38,,,,,,,,697ab12b4591197afc56d253,697ab12b4591197afc56d253,,,,
53639,raw_position_sample,2,3,adv,25,3,3,4,-1,999,288,373,1580893.5,697ab12b4591197afc56d253,697ab12b4591197afc56d253,advanced,3,697ab12b4591197afc56d253,697ab12b4591197afc56d253,spotlight_PROLIFIC,,31,Mexico,Spanish,N/A,,Spanish:75|English:25,100,Spanish:60|English:40,100,Spanish:90|English:10,100,29,0,Bachelor's,10,10,10,2,3,8,18,30,25,29,,,,,15,25,B1,intermediate|advanced,advanced|intermediate,cambridge_15_21_random_intermediate_advanced,4,20,random,,,,,,,,,,,,,,,,,,,2026-08-16T17:54:38.981Z,K8EF3YCB,2026-08-16,2026-08-16,11:54:38,2026-08-16 11:54:38,,,,,,,,697ab12b4591197afc56d253,697ab12b4591197afc56d253,,,,
53687,raw_position_sample,2,3,adv,25,3,3,4,-1,999,288,373,1580941.5,697ab12b4591197afc56d253,697ab12b4591197afc56d253,advanced,3,697ab12b4591197afc56d253,697ab12b4591197afc56d253,spotlight_PROLIFIC,,31,Mexico,Spanish,N/A,,Spanish:75|English:25,100,Spanish:60|English:40,100,Spanish:90|English:10,100,29,0,Bachelor's,10,10,10,2,3,8,18,30,25,29,,,,,15,25,B1,intermediate|advanced,advanced|intermediate,cambridge_15_21_random_intermediate_advanced,4,20,random,,,,,,,,,,,,,,,,,,,2026-08-16T17:54:38.981Z,K8EF3YCB,2026-08-16,2026-08-16,11:54:38,2026-08-16 11:54:38,,,,,,,,697ab12b4591197afc56d253,697ab12b4591197afc56d253,,,,
53742,raw_position_sample,2,3,adv,25,3,3,4,-1,999,305,370,1580996.5999999642,697ab12b4591197afc56d253,697ab12b4591197afc56d253,advanced,3,697ab12b4591197afc56d253,697ab12b4591197afc56d253,spotlight_PROLIFIC,,31,Mexico,Spanish,N/A,,Spanish:75|English:25,100,Spanish:60|English:40,100,Spanish:90|English:10,100,29,0,Bachelor's,10,10,10,2,3,8,18,30,25,29,,,,,15,25,B1,intermediate|advanced,advanced|intermediate,cambridge_15_21_random_intermediate_advanced,4,20,random,,,,,,,,,,,,,,,,,,,2026-08-16T17:54:38.981Z,K8EF3YCB,2026-08-16,2026-08-16,11:54:38,2026-08-16 11:54:38,,,,,,,,697ab12b4591197afc56d253,697ab12b4591197afc56d253,,,,
53791,raw_position_sample,2,3,adv,25,3,3,4,-1,999,334,360,1581045.800000012,697ab12b4591197afc56d253,697ab12b4591197afc56d253,advanced,3,697ab12b4591197afc56d253,697ab12b4591197afc56d253,spotlight_PROLIFIC,,31,Mexico,Spanish,N/A,,Spanish:75|English:25,100,Spanish:60|English:40,100,Spanish:90|English:10,100,29,0,Bachelor's,10,10,10,2,3,8,18,30,25,29,,,,,15,25,B1,intermediate|advanced,advanced|intermediate,cambridge_15_21_random_intermediate_advanced,4,20,random,,,,,,,,,,,,,,,,,,,2026-08-16T17:54:38.981Z,K8EF3YCB,2026-08-16,2026-08-16,11:54:38,2026-08-16 11:54:38,,,,,,,,697ab12b4591197afc56d253,697ab12b4591197afc56d253,,,,
53842,raw_position_sample,2,3,adv,25,3,3,4,95," framework, ",353,355,1581096.8999999762,697ab12b4591197afc56d253,697ab12b4591197afc56d253,advanced,3,697ab12b4591197afc56d253,697ab12b4591197afc56d253,spotlight_PROLIFIC,,31,Mexico,Spanish,N/A,,Spanish:75|English:25,100,Spanish:60|English:40,100,Spanish:90|English:10,100,29,0,Bachelor's,10,10,10,2,3,8,18,30,25,29,,,,,15,25,B1,intermediate|advanced,advanced|intermediate,cambridge_15_21_random_intermediate_advanced,4,20,random,,344.203125,340.875,368.203125,442.453125,8,1,,,,,,,,,,,,2026-08-16T17:54:38.981Z,K8EF3YCB,2026-08-16,2026-08-16,11:54:38,2026-08-16 11:54:38,,,,,,,,697ab12b4591197afc56d253,697ab12b4591197afc56d253,,,,
53891,raw_position_sample,2,3,adv,25,3,3,4,95," framework, ",358,354,1581145.199999988,697ab12b4591197afc56d253,697ab12b4591197afc56d253,advanced,3,697ab12b4591197afc56d253,697ab12b4591197afc56d253,spotlight_PROLIFIC,,31,Mexico,Spanish,N/A,,Spanish:75|English:25,100,Spanish:60|English:40,100,Spanish:90|English:10,100,29,0,Bachelor's,10,10,10,2,3,8,18,30,25,29,,,,,15,25,B1,intermediate|advanced,advanced|intermediate,cambridge_15_21_random_intermediate_advanced,4,20,random,,344.203125,340.875,368.203125,442.453125,8,1,,,,,,,,,,,,2026-08-16T17:54:38.981Z,K8EF3YCB,2026-08-16,2026-08-16,11:54:38,2026-08-16 11:54:38,,,,,,,,697ab12b4591197afc56d253,697ab12b4591197afc56d253,,,,
53939,raw_position_sample,2,3,adv,25,3,3,4,95," framework, ",358,354,1581193.800000012,697ab12b4591197afc56d253,697ab12b4591197afc56d253,advanced,3,697ab12b4591197afc56d253,697ab12b4591197afc56d253,spotlight_PROLIFIC,,31,Mexico,Spanish,N/A,,Spanish:75|English:25,100,Spanish:60|English:40,100,Spanish:90|English:10,100,29,0,Bachelor's,10,10,10,2,3,8,18,30,25,29,,,,,15,25,B1,intermediate|advanced,advanced|intermediate,cambridge_15_21_random_intermediate_advanced,4,20,random,,344.203125,340.875,368.203125,442.453125,8,1,,,,,,,,,,,,2026-08-16T17:54:38.981Z,K8EF3YCB,2026-08-16,2026-08-16,11:54:38,2026-08-16 11:54:38,,,,,,,,697ab12b4591197afc56d253,697ab12b4591197afc56d253,,,,
53989,raw_position_sample,2,3,adv,25,3,3,4,95," framework, ",359,354,1581244,697ab12b4591197afc56d253,697ab12b4591197afc56d253,advanced,3,697ab12b4591197afc56d253,697ab12b4591197afc56d253,spotlight_PROLIFIC,,31,Mexico,Spanish,N/A,,Spanish:75|English:25,100,Spanish:60|English:40,100,Spanish:90|English:10,100,29,0,Bachelor's,10,10,10,2,3,8,18,30,25,29,,,,,15,25,B1,intermediate|advanced,advanced|intermediate,cambridge_15_21_random_intermediate_advanced,4,20,random,,344.203125,340.875,368.203125,442.453125,8,1,,,,,,,,,,,,2026-08-16T17:54:38.981Z,K8EF3YCB,2026-08-16,2026-08-16,11:54:38,2026-08-16 11:54:38,,,,,,,,697ab12b4591197afc56d253,697ab12b4591197afc56d253,,,,
54040,raw_position_sample,2,3,adv,25,3,3,4,95," framework, ",361,354,1581295.0999999642,697ab12b4591197afc56d253,697ab12b4591197afc56d253,advanced,3,697ab12b4591197afc56d253,697ab12b4591197afc56d253,spotlight_PROLIFIC,,31,Mexico,Spanish,N/A,,Spanish:75|English:25,100,Spanish:60|English:40,100,Spanish:90|English:10,100,29,0,Bachelor's,10,10,10,2,3,8,18,30,25,29,,,,,15,25,B1,intermediate|advanced,advanced|intermediate,cambridge_15_21_random_intermediate_advanced,4,20,random,,344.203125,340.875,368.203125,442.453125,8,1,,,,,,,,,,,,2026-08-16T17:54:38.981Z,K8EF3YCB,2026-08-16,2026-08-16,11:54:38,2026-08-16 11:54:38,,,,,,,,697ab12b4591197afc56d253,697ab12b4591197afc56d253,,,,
54085,raw_position_sample,2,3,adv,25,3,3,4,95," framework, ",364,354,1581339.8999999762,697ab12b4591197afc56d253,697ab12b4591197afc56d253,advanced,3,697ab12b4591197afc56d253,697ab12b4591197afc56d253,spotlight_PROLIFIC,,31,Mexico,Spanish,N/A,,Spanish:75|English:25,100,Spanish:60|English:40,100,Spanish:90|English:10,100,29,0,Bachelor's,10,10,10,2,3,8,18,30,25,29,,,,,15,25,B1,intermediate|advanced,advanced|intermediate,cambridge_15_21_random_intermediate_advanced,4,20,random,,344.203125,340.875,368.203125,442.453125,8,1,,,,,,,,,,,,2026-08-16T17:54:38.981Z,K8EF3YCB,2026-08-16,2026-08-16,11:54:38,2026-08-16 11:54:38,,,,,,,,697ab12b4591197afc56d253,697ab12b4591197afc56d253,,,,
54142,raw_position_sample,2,3,adv,25,3,3,4,95," framework, ",372,354,1581396.8999999762,697ab12b4591197afc56d253,697ab12b4591197afc56d253,advanced,3,697ab12b4591197afc56d253,697ab12b4591197afc56d253,spotlight_PROLIFIC,,31,Mexico,Spanish,N/A,,Spanish:75|English:25,100,Spanish:60|English:40,100,Spanish:90|English:10,100,29,0,Bachelor's,10,10,10,2,3,8,18,30,25,29,,,,,15,25,B1,intermediate|advanced,advanced|intermediate,cambridge_15_21_random_intermediate_advanced,4,20,random,,344.203125,340.875,368.203125,442.453125,8,1,,,,,,,,,,,,2026-08-16T17:54:38.981Z,K8EF3YCB,2026-08-16,2026-08-16,11:54:38,2026-08-16 11:54:38,,,,,,,,697ab12b4591197afc56d253,697ab12b4591197afc56d253,,,,
54192,raw_position_sample,2,3,adv,25,3,3,4,95," framework, ",382,354,1581446.300000012,697ab12b4591197afc56d253,697ab12b4591197afc56d253,advanced,3,697ab12b4591197afc56d253,697ab12b4591197afc56d253,spotlight_PROLIFIC,,31,Mexico,Spanish,N/A,,Spanish:75|English:25,100,Spanish:60|English:40,100,Spanish:90|English:10,100,29,0,Bachelor's,10,10,10,2,3,8,18,30,25,29,,,,,15,25,B1,intermediate|advanced,advanced|intermediate,cambridge_15_21_random_intermediate_advanced,4,20,random,,344.203125,340.875,368.203125,442.453125,8,1,,,,,,,,,,,,2026-08-16T17:54:38.981Z,K8EF3YCB,2026-08-16,2026-08-16,11:54:38,2026-08-16 11:54:38,,,,,,,,697ab12b4591197afc56d253,697ab12b4591197afc56d253,,,,
54242,raw_position_sample,2,3,adv,25,3,3,4,95," framework, ",399,353,1581496.699999988,697ab12b4591197afc56d253,697ab12b4591197afc56d253,advanced,3,697ab12b4591197afc56d253,697ab12b4591197afc56d253,spotlight_PROLIFIC,,31,Mexico,Spanish,N/A,,Spanish:75|English:25,100,Spanish:60|English:40,100,Spanish:90|English:10,100,29,0,Bachelor's,10,10,10,2,3,8,18,30,25,29,,,,,15,25,B1,intermediate|advanced,advanced|intermediate,cambridge_15_21_random_intermediate_advanced,4,20,random,,344.203125,340.875,368.203125,442.453125,8,1,,,,,,,,,,,,2026-08-16T17:54:38.981Z,K8EF3YCB,2026-08-16,2026-08-16,11:54:38,2026-08-16 11:54:38,,,,,,,,697ab12b4591197afc56d253,697ab12b4591197afc56d253,,,,
54292,raw_position_sample,2,3,adv,25,3,3,4,95," framework, ",416,350,1581546.5,697ab12b4591197afc56d253,697ab12b4591197afc56d253,advanced,3,697ab12b4591197afc56d253,697ab12b4591197afc56d253,spotlight_PROLIFIC,,31,Mexico,Spanish,N/A,,Spanish:75|English:25,100,Spanish:60|English:40,100,Spanish:90|English:10,100,29,0,Bachelor's,10,10,10,2,3,8,18,30,25,29,,,,,15,25,B1,intermediate|advanced,advanced|intermediate,cambridge_15_21_random_intermediate_advanced,4,20,random,,344.203125,340.875,368.203125,442.453125,8,1,,,,,,,,,,,,2026-08-16T17:54:38.981Z,K8EF3YCB,2026-08-16,2026-08-16,11:54:38,2026-08-16 11:54:38,,,,,,,,697ab12b4591197afc56d253,697ab12b4591197afc56d253,,,,
54339,raw_position_sample,2,3,adv,25,3,3,4,95," framework, ",425,348,1581593.3999999762,697ab12b4591197afc56d253,697ab12b4591197afc56d253,advanced,3,697ab12b4591197afc56d253,697ab12b4591197afc56d253,spotlight_PROLIFIC,,31,Mexico,Spanish,N/A,,Spanish:75|English:25,100,Spanish:60|English:40,100,Spanish:90|English:10,100,29,0,Bachelor's,10,10,10,2,3,8,18,30,25,29,,,,,15,25,B1,intermediate|advanced,advanced|intermediate,cambridge_15_21_random_intermediate_advanced,4,20,random,,344.203125,340.875,368.203125,442.453125,8,1,,,,,,,,,,,,2026-08-16T17:54:38.981Z,K8EF3YCB,2026-08-16,2026-08-16,11:54:38,2026-08-16 11:54:38,,,,,,,,697ab12b4591197afc56d253,697ab12b4591197afc56d253,,,,
54374,hover_association,2,3,adv,25,3,3,4,95," framework, ",343,357,,697ab12b4591197afc56d253,697ab12b4591197afc56d253,advanced,3,697ab12b4591197afc56d253,697ab12b4591197afc56d253,spotlight_PROLIFIC,,31,Mexico,Spanish,N/A,,Spanish:75|English:25,100,Spanish:60|English:40,100,Spanish:90|English:10,100,29,0,Bachelor's,10,10,10,2,3,8,18,30,25,29,,,,,15,25,B1,intermediate|advanced,advanced|intermediate,cambridge_15_21_random_intermediate_advanced,4,20,random,,336.203125,336.628125,376.203125,442.453125,8,1,hover,566.8000000119209,566.8000000119209,0.9484703519962202,0.244921875,106,,,,,,2026-08-16T17:54:38.981Z,K8EF3YCB,2026-08-16,2026-08-16,11:54:38,2026-08-16 11:54:38,,,,,,,,697ab12b4591197afc56d253,697ab12b4591197afc56d253,,,,
54392,raw_position_sample,2,3,adv,25,3,3,4,96, I ,450,344,1581646.699999988,697ab12b4591197afc56d253,697ab12b4591197afc56d253,advanced,3,697ab12b4591197afc56d253,697ab12b4591197afc56d253,spotlight_PROLIFIC,,31,Mexico,Spanish,N/A,,Spanish:75|English:25,100,Spanish:60|English:40,100,Spanish:90|English:10,100,29,0,Bachelor's,10,10,10,2,3,8,18,30,25,29,,,,,15,25,B1,intermediate|advanced,advanced|intermediate,cambridge_15_21_random_intermediate_advanced,4,20,random,,344.203125,442.453125,368.203125,453.25,8,2,,,,,,,,,,,,2026-08-16T17:54:38.981Z,K8EF3YCB,2026-08-16,2026-08-16,11:54:38,2026-08-16 11:54:38,,,,,,,,697ab12b4591197afc56d253,697ab12b4591197afc56d253,,,,
54407,hover_association,2,3,adv,25,3,3,4,96, I ,444,345,,697ab12b4591197afc56d253,697ab12b4591197afc56d253,advanced,3,697ab12b4591197afc56d253,697ab12b4591197afc56d253,spotlight_PROLIFIC,,31,Mexico,Spanish,N/A,,Spanish:75|English:25,100,Spanish:60|English:40,100,Spanish:90|English:10,100,29,0,Bachelor's,10,10,10,2,3,8,18,30,25,29,,,,,15,25,B1,intermediate|advanced,advanced|intermediate,cambridge_15_21_random_intermediate_advanced,4,20,random,,336.203125,442.453125,376.203125,453.25,8,2,hover,33.09999996423721,33.09999996423721,0.6989869753979739,0.194921875,106,,,,,,2026-08-16T17:54:38.981Z,K8EF3YCB,2026-08-16,2026-08-16,11:54:38,2026-08-16 11:54:38,,,,,,,,697ab12b4591197afc56d253,697ab12b4591197afc56d253,,,,
54442,raw_position_sample,2,3,adv,25,3,3,4,97, can ,476,341,1581696.8999999762,697ab12b4591197afc56d253,697ab12b4591197afc56d253,advanced,3,697ab12b4591197afc56d253,697ab12b4591197afc56d253,spotlight_PROLIFIC,,31,Mexico,Spanish,N/A,,Spanish:75|English:25,100,Spanish:60|English:40,100,Spanish:90|English:10,100,29,0,Bachelor's,10,10,10,2,3,8,18,30,25,29,,,,,15,25,B1,intermediate|advanced,advanced|intermediate,cambridge_15_21_random_intermediate_advanced,4,20,random,,344.203125,453.25,368.203125,487.796875,8,3,,,,,,,,,,,,2026-08-16T17:54:38.981Z,K8EF3YCB,2026-08-16,2026-08-16,11:54:38,2026-08-16 11:54:38,,,,,,,,697ab12b4591197afc56d253,697ab12b4591197afc56d253,,,,
54474,hover_association,2,3,adv,25,3,3,4,97, can ,458,343,,697ab12b4591197afc56d253,697ab12b4591197afc56d253,advanced,3,697ab12b4591197afc56d253,697ab12b4591197afc56d253,spotlight_PROLIFIC,,31,Mexico,Spanish,N/A,,Spanish:75|English:25,100,Spanish:60|English:40,100,Spanish:90|English:10,100,29,0,Bachelor's,10,10,10,2,3,8,18,30,25,29,,,,,15,25,B1,intermediate|advanced,advanced|intermediate,cambridge_15_21_random_intermediate_advanced,4,20,random,,336.203125,453.25,376.203125,487.796875,8,3,hover,66.70000004768372,66.70000004768372,0.9769335142469471,0.094921875,106,,,,,,2026-08-16T17:54:38.981Z,K8EF3YCB,2026-08-16,2026-08-16,11:54:38,2026-08-16 11:54:38,,,,,,,,697ab12b4591197afc56d253,697ab12b4591197afc56d253,,,,
54492,raw_position_sample,2,3,adv,25,3,3,4,98, often ,502,338,1581746.3999999762,697ab12b4591197afc56d253,697ab12b4591197afc56d253,advanced,3,697ab12b4591197afc56d253,697ab12b4591197afc56d253,spotlight_PROLIFIC,,31,Mexico,Spanish,N/A,,Spanish:75|English:25,100,Spanish:60|English:40,100,Spanish:90|English:10,100,29,0,Bachelor's,10,10,10,2,3,8,18,30,25,29,,,,,15,25,B1,intermediate|advanced,advanced|intermediate,cambridge_15_21_random_intermediate_advanced,4,20,random,,344.203125,487.796875,368.203125,537.34375,8,4,,,,,,,,,,,,2026-08-16T17:54:38.981Z,K8EF3YCB,2026-08-16,2026-08-16,11:54:38,2026-08-16 11:54:38,,,,,,,,697ab12b4591197afc56d253,697ab12b4591197afc56d253,,,,
54507,hover_association,2,3,adv,25,3,3,4,98, often ,496,339,,697ab12b4591197afc56d253,697ab12b4591197afc56d253,advanced,3,697ab12b4591197afc56d253,697ab12b4591197afc56d253,spotlight_PROLIFIC,,31,Mexico,Spanish,N/A,,Spanish:75|English:25,100,Spanish:60|English:40,100,Spanish:90|English:10,100,29,0,Bachelor's,10,10,10,2,3,8,18,30,25,29,,,,,15,25,B1,intermediate|advanced,advanced|intermediate,cambridge_15_21_random_intermediate_advanced,4,20,random,,336.203125,487.796875,376.203125,537.34375,8,4,hover,33.19999998807907,33.19999998807907,0.28666035950804164,0.044921875,106,,,,,,2026-08-16T17:54:38.981Z,K8EF3YCB,2026-08-16,2026-08-16,11:54:38,2026-08-16 11:54:38,,,,,,,,697ab12b4591197afc56d253,697ab12b4591197afc56d253,,,,
54543,raw_position_sample,2,3,adv,25,3,3,4,86, department ,514,334,1581797.3999999762,697ab12b4591197afc56d253,697ab12b4591197afc56d253,advanced,3,697ab12b4591197afc56d253,697ab12b4591197afc56d253,spotlight_PROLIFIC,,31,Mexico,Spanish,N/A,,Spanish:75|English:25,100,Spanish:60|English:40,100,Spanish:90|English:10,100,29,0,Bachelor's,10,10,10,2,3,8,18,30,25,29,,,,,15,25,B1,intermediate|advanced,advanced|intermediate,cambridge_15_21_random_intermediate_advanced,4,20,random,,304.203125,468.625,328.203125,574.234375,7,4,,,,,,,,,,,,2026-08-16T17:54:38.981Z,K8EF3YCB,2026-08-16,2026-08-16,11:54:38,2026-08-16 11:54:38,,,,,,,,697ab12b4591197afc56d253,697ab12b4591197afc56d253,,,,
54592,raw_position_sample,2,3,adv,25,3,3,4,86, department ,519,334,1581846.5,697ab12b4591197afc56d253,697ab12b4591197afc56d253,advanced,3,697ab12b4591197afc56d253,697ab12b4591197afc56d253,spotlight_PROLIFIC,,31,Mexico,Spanish,N/A,,Spanish:75|English:25,100,Spanish:60|English:40,100,Spanish:90|English:10,100,29,0,Bachelor's,10,10,10,2,3,8,18,30,25,29,,,,,15,25,B1,intermediate|advanced,advanced|intermediate,cambridge_15_21_random_intermediate_advanced,4,20,random,,304.203125,468.625,328.203125,574.234375,7,4,,,,,,,,,,,,2026-08-16T17:54:38.981Z,K8EF3YCB,2026-08-16,2026-08-16,11:54:38,2026-08-16 11:54:38,,,,,,,,697ab12b4591197afc56d253,697ab12b4591197afc56d253,,,,
54639,raw_position_sample,2,3,adv,25,3,3,4,86, department ,519,334,1581893.300000012,697ab12b4591197afc56d253,697ab12b4591197afc56d253,advanced,3,697ab12b4591197afc56d253,697ab12b4591197afc56d253,spotlight_PROLIFIC,,31,Mexico,Spanish,N/A,,Spanish:75|English:25,100,Spanish:60|English:40,100,Spanish:90|English:10,100,29,0,Bachelor's,10,10,10,2,3,8,18,30,25,29,,,,,15,25,B1,intermediate|advanced,advanced|intermediate,cambridge_15_21_random_intermediate_advanced,4,20,random,,304.203125,468.625,328.203125,574.234375,7,4,,,,,,,,,,,,2026-08-16T17:54:38.981Z,K8EF3YCB,2026-08-16,2026-08-16,11:54:38,2026-08-16 11:54:38,,,,,,,,697ab12b4591197afc56d253,697ab12b4591197afc56d253,,,,
54692,raw_position_sample,2,3,adv,25,3,3,4,86, department ,527,334,1581946.300000012,697ab12b4591197afc56d253,697ab12b4591197afc56d253,advanced,3,697ab12b4591197afc56d253,697ab12b4591197afc56d253,spotlight_PROLIFIC,,31,Mexico,Spanish,N/A,,Spanish:75|English:25,100,Spanish:60|English:40,100,Spanish:90|English:10,100,29,0,Bachelor's,10,10,10,2,3,8,18,30,25,29,,,,,15,25,B1,intermediate|advanced,advanced|intermediate,cambridge_15_21_random_intermediate_advanced,4,20,random,,304.203125,468.625,328.203125,574.234375,7,4,,,,,,,,,,,,2026-08-16T17:54:38.981Z,K8EF3YCB,2026-08-16,2026-08-16,11:54:38,2026-08-16 11:54:38,,,,,,,,697ab12b4591197afc56d253,697ab12b4591197afc56d253,,,,
54741,hover_association,2,3,adv,25,3,3,4,86, department ,506,336,,697ab12b4591197afc56d253,697ab12b4591197afc56d253,advanced,3,697ab12b4591197afc56d253,697ab12b4591197afc56d253,spotlight_PROLIFIC,,31,Mexico,Spanish,N/A,,Spanish:75|English:25,100,Spanish:60|English:40,100,Spanish:90|English:10,100,29,0,Bachelor's,10,10,10,2,3,8,18,30,25,29,,,,,15,25,B1,intermediate|advanced,advanced|intermediate,cambridge_15_21_random_intermediate_advanced,4,20,random,,296.203125,468.625,336.203125,574.234375,7,4,hover,233.69999998807907,233.69999998807907,0.5811510578487942,0.994921875,106,,,,,,2026-08-16T17:54:38.981Z,K8EF3YCB,2026-08-16,2026-08-16,11:54:38,2026-08-16 11:54:38,,,,,,,,697ab12b4591197afc56d253,697ab12b4591197afc56d253,,,,
54744,raw_position_sample,2,3,adv,25,3,3,4,98, often ,531,337,1581998.199999988,697ab12b4591197afc56d253,697ab12b4591197afc56d253,advanced,3,697ab12b4591197afc56d253,697ab12b4591197afc56d253,spotlight_PROLIFIC,,31,Mexico,Spanish,N/A,,Spanish:75|English:25,100,Spanish:60|English:40,100,Spanish:90|English:10,100,29,0,Bachelor's,10,10,10,2,3,8,18,30,25,29,,,,,15,25,B1,intermediate|advanced,advanced|intermediate,cambridge_15_21_random_intermediate_advanced,4,20,random,,344.203125,487.796875,368.203125,537.34375,8,4,,,,,,,,,,,,2026-08-16T17:54:38.981Z,K8EF3YCB,2026-08-16,2026-08-16,11:54:38,2026-08-16 11:54:38,,,,,,,,697ab12b4591197afc56d253,697ab12b4591197afc56d253,,,,
54774,hover_association,2,3,adv,25,3,3,4,98, often ,531,337,,697ab12b4591197afc56d253,697ab12b4591197afc56d253,advanced,3,697ab12b4591197afc56d253,697ab12b4591197afc56d253,spotlight_PROLIFIC,,31,Mexico,Spanish,N/A,,Spanish:75|English:25,100,Spanish:60|English:40,100,Spanish:90|English:10,100,29,0,Bachelor's,10,10,10,2,3,8,18,30,25,29,,,,,15,25,B1,intermediate|advanced,advanced|intermediate,cambridge_15_21_random_intermediate_advanced,4,20,random,,336.203125,487.796875,376.203125,537.34375,8,4,hover,33,33,0.9728792179123305,0.094921875,106,,,,,,2026-08-16T17:54:38.981Z,K8EF3YCB,2026-08-16,2026-08-16,11:54:38,2026-08-16 11:54:38,,,,,,,,697ab12b4591197afc56d253,697ab12b4591197afc56d253,,,,
54792,raw_position_sample,2,3,adv,25,3,3,4,99, buy ,541,344,1582046.699999988,697ab12b4591197afc56d253,697ab12b4591197afc56d253,advanced,3,697ab12b4591197afc56d253,697ab12b4591197afc56d253,spotlight_PROLIFIC,,31,Mexico,Spanish,N/A,,Spanish:75|English:25,100,Spanish:60|English:40,100,Spanish:90|English:10,100,29,0,Bachelor's,10,10,10,2,3,8,18,30,25,29,,,,,15,25,B1,intermediate|advanced,advanced|intermediate,cambridge_15_21_random_intermediate_advanced,4,20,random,,344.203125,537.34375,368.203125,573.40625,8,5,,,,,,,,,,,,2026-08-16T17:54:38.981Z,K8EF3YCB,2026-08-16,2026-08-16,11:54:38,2026-08-16 11:54:38,,,,,,,,697ab12b4591197afc56d253,697ab12b4591197afc56d253,,,,
54842,raw_position_sample,2,3,adv,25,3,3,4,99, buy ,547,349,1582096.300000012,697ab12b4591197afc56d253,697ab12b4591197afc56d253,advanced,3,697ab12b4591197afc56d253,697ab12b4591197afc56d253,spotlight_PROLIFIC,,31,Mexico,Spanish,N/A,,Spanish:75|English:25,100,Spanish:60|English:40,100,Spanish:90|English:10,100,29,0,Bachelor's,10,10,10,2,3,8,18,30,25,29,,,,,15,25,B1,intermediate|advanced,advanced|intermediate,cambridge_15_21_random_intermediate_advanced,4,20,random,,344.203125,537.34375,368.203125,573.40625,8,5,,,,,,,,,,,,2026-08-16T17:54:38.981Z,K8EF3YCB,2026-08-16,2026-08-16,11:54:38,2026-08-16 11:54:38,,,,,,,,697ab12b4591197afc56d253,697ab12b4591197afc56d253,,,,
54890,raw_position_sample,2,3,adv,25,3,3,4,99, buy ,549,352,1582145.0999999642,697ab12b4591197afc56d253,697ab12b4591197afc56d253,advanced,3,697ab12b4591197afc56d253,697ab12b4591197afc56d253,spotlight_PROLIFIC,,31,Mexico,Spanish,N/A,,Spanish:75|English:25,100,Spanish:60|English:40,100,Spanish:90|English:10,100,29,0,Bachelor's,10,10,10,2,3,8,18,30,25,29,,,,,15,25,B1,intermediate|advanced,advanced|intermediate,cambridge_15_21_random_intermediate_advanced,4,20,random,,344.203125,537.34375,368.203125,573.40625,8,5,,,,,,,,,,,,2026-08-16T17:54:38.981Z,K8EF3YCB,2026-08-16,2026-08-16,11:54:38,2026-08-16 11:54:38,,,,,,,,697ab12b4591197afc56d253,697ab12b4591197afc56d253,,,,
54941,raw_position_sample,2,3,adv,25,3,3,4,99, buy ,549,352,1582195.5,697ab12b4591197afc56d253,697ab12b4591197afc56d253,advanced,3,697ab12b4591197afc56d253,697ab12b4591197afc56d253,spotlight_PROLIFIC,,31,Mexico,Spanish,N/A,,Spanish:75|English:25,100,Spanish:60|English:40,100,Spanish:90|English:10,100,29,0,Bachelor's,10,10,10,2,3,8,18,30,25,29,,,,,15,25,B1,intermediate|advanced,advanced|intermediate,cambridge_15_21_random_intermediate_advanced,4,20,random,,344.203125,537.34375,368.203125,573.40625,8,5,,,,,,,,,,,,2026-08-16T17:54:38.981Z,K8EF3YCB,2026-08-16,2026-08-16,11:54:38,2026-08-16 11:54:38,,,,,,,,697ab12b4591197afc56d253,697ab12b4591197afc56d253,,,,
54985,raw_position_sample,2,3,adv,25,3,3,4,99, buy ,549,357,1582239.0999999642,697ab12b4591197afc56d253,697ab12b4591197afc56d253,advanced,3,697ab12b4591197afc56d253,697ab12b4591197afc56d253,spotlight_PROLIFIC,,31,Mexico,Spanish,N/A,,Spanish:75|English:25,100,Spanish:60|English:40,100,Spanish:90|English:10,100,29,0,Bachelor's,10,10,10,2,3,8,18,30,25,29,,,,,15,25,B1,intermediate|advanced,advanced|intermediate,cambridge_15_21_random_intermediate_advanced,4,20,random,,344.203125,537.34375,368.203125,573.40625,8,5,,,,,,,,,,,,2026-08-16T17:54:38.981Z,K8EF3YCB,2026-08-16,2026-08-16,11:54:38,2026-08-16 11:54:38,,,,,,,,697ab12b4591197afc56d253,697ab12b4591197afc56d253,,,,
55043,raw_position_sample,2,3,adv,25,3,3,4,99, buy ,545,363,1582297.5999999642,697ab12b4591197afc56d253,697ab12b4591197afc56d253,advanced,3,697ab12b4591197afc56d253,697ab12b4591197afc56d253,spotlight_PROLIFIC,,31,Mexico,Spanish,N/A,,Spanish:75|English:25,100,Spanish:60|English:40,100,Spanish:90|English:10,100,29,0,Bachelor's,10,10,10,2,3,8,18,30,25,29,,,,,15,25,B1,intermediate|advanced,advanced|intermediate,cambridge_15_21_random_intermediate_advanced,4,20,random,,344.203125,537.34375,368.203125,573.40625,8,5,,,,,,,,,,,,2026-08-16T17:54:38.981Z,K8EF3YCB,2026-08-16,2026-08-16,11:54:38,2026-08-16 11:54:38,,,,,,,,697ab12b4591197afc56d253,697ab12b4591197afc56d253,,,,
55085,raw_position_sample,2,3,adv,25,3,3,4,99, buy ,544,363,1582339.3999999762,697ab12b4591197afc56d253,697ab12b4591197afc56d253,advanced,3,697ab12b4591197afc56d253,697ab12b4591197afc56d253,spotlight_PROLIFIC,,31,Mexico,Spanish,N/A,,Spanish:75|English:25,100,Spanish:60|English:40,100,Spanish:90|English:10,100,29,0,Bachelor's,10,10,10,2,3,8,18,30,25,29,,,,,15,25,B1,intermediate|advanced,advanced|intermediate,cambridge_15_21_random_intermediate_advanced,4,20,random,,344.203125,537.34375,368.203125,573.40625,8,5,,,,,,,,,,,,2026-08-16T17:54:38.981Z,K8EF3YCB,2026-08-16,2026-08-16,11:54:38,2026-08-16 11:54:38,,,,,,,,697ab12b4591197afc56d253,697ab12b4591197afc56d253,,,,
55135,raw_position_sample,2,3,adv,25,3,3,4,99, buy ,544,364,1582389.3999999762,697ab12b4591197afc56d253,697ab12b4591197afc56d253,advanced,3,697ab12b4591197afc56d253,697ab12b4591197afc56d253,spotlight_PROLIFIC,,31,Mexico,Spanish,N/A,,Spanish:75|English:25,100,Spanish:60|English:40,100,Spanish:90|English:10,100,29,0,Bachelor's,10,10,10,2,3,8,18,30,25,29,,,,,15,25,B1,intermediate|advanced,advanced|intermediate,cambridge_15_21_random_intermediate_advanced,4,20,random,,344.203125,537.34375,368.203125,573.40625,8,5,,,,,,,,,,,,2026-08-16T17:54:38.981Z,K8EF3YCB,2026-08-16,2026-08-16,11:54:38,2026-08-16 11:54:38,,,,,,,,697ab12b4591197afc56d253,697ab12b4591197afc56d253,,,,
55192,raw_position_sample,2,3,adv,25,3,3,4,99, buy ,557,369,1582446.199999988,697ab12b4591197afc56d253,697ab12b4591197afc56d253,advanced,3,697ab12b4591197afc56d253,697ab12b4591197afc56d253,spotlight_PROLIFIC,,31,Mexico,Spanish,N/A,,Spanish:75|English:25,100,Spanish:60|English:40,100,Spanish:90|English:10,100,29,0,Bachelor's,10,10,10,2,3,8,18,30,25,29,,,,,15,25,B1,intermediate|advanced,advanced|intermediate,cambridge_15_21_random_intermediate_advanced,4,20,random,,344.203125,537.34375,368.203125,573.40625,8,5,,,,,,,,,,,,2026-08-16T17:54:38.981Z,K8EF3YCB,2026-08-16,2026-08-16,11:54:38,2026-08-16 11:54:38,,,,,,,,697ab12b4591197afc56d253,697ab12b4591197afc56d253,,,,
55241,hover_association,2,3,adv,25,3,3,4,99, buy ,539,342,,697ab12b4591197afc56d253,697ab12b4591197afc56d253,advanced,3,697ab12b4591197afc56d253,697ab12b4591197afc56d253,spotlight_PROLIFIC,,31,Mexico,Spanish,N/A,,Spanish:75|English:25,100,Spanish:60|English:40,100,Spanish:90|English:10,100,29,0,Bachelor's,10,10,10,2,3,8,18,30,25,29,,,,,15,25,B1,intermediate|advanced,advanced|intermediate,cambridge_15_21_random_intermediate_advanced,4,20,random,,336.203125,537.34375,376.203125,573.40625,8,5,hover,466.80000001192093,466.80000001192093,0.9055459272097054,0.894921875,106,,,,,,2026-08-16T17:54:38.981Z,K8EF3YCB,2026-08-16,2026-08-16,11:54:38,2026-08-16 11:54:38,,,,,,,,697ab12b4591197afc56d253,697ab12b4591197afc56d253,,,,
55242,raw_position_sample,2,3,adv,25,3,3,4,100, whatever ,576,372,1582496.800000012,697ab12b4591197afc56d253,697ab12b4591197afc56d253,advanced,3,697ab12b4591197afc56d253,697ab12b4591197afc56d253,spotlight_PROLIFIC,,31,Mexico,Spanish,N/A,,Spanish:75|English:25,100,Spanish:60|English:40,100,Spanish:90|English:10,100,29,0,Bachelor's,10,10,10,2,3,8,18,30,25,29,,,,,15,25,B1,intermediate|advanced,advanced|intermediate,cambridge_15_21_random_intermediate_advanced,4,20,random,,344.203125,573.40625,368.203125,656.484375,8,6,,,,,,,,,,,,2026-08-16T17:54:38.981Z,K8EF3YCB,2026-08-16,2026-08-16,11:54:38,2026-08-16 11:54:38,,,,,,,,697ab12b4591197afc56d253,697ab12b4591197afc56d253,,,,
55290,raw_position_sample,2,3,adv,25,3,3,4,100, whatever ,585,370,1582544.5999999642,697ab12b4591197afc56d253,697ab12b4591197afc56d253,advanced,3,697ab12b4591197afc56d253,697ab12b4591197afc56d253,spotlight_PROLIFIC,,31,Mexico,Spanish,N/A,,Spanish:75|English:25,100,Spanish:60|English:40,100,Spanish:90|English:10,100,29,0,Bachelor's,10,10,10,2,3,8,18,30,25,29,,,,,15,25,B1,intermediate|advanced,advanced|intermediate,cambridge_15_21_random_intermediate_advanced,4,20,random,,344.203125,573.40625,368.203125,656.484375,8,6,,,,,,,,,,,,2026-08-16T17:54:38.981Z,K8EF3YCB,2026-08-16,2026-08-16,11:54:38,2026-08-16 11:54:38,,,,,,,,697ab12b4591197afc56d253,697ab12b4591197afc56d253,,,,
55342,raw_position_sample,2,3,adv,25,3,3,4,100, whatever ,577,370,1582596.5999999642,697ab12b4591197afc56d253,697ab12b4591197afc56d253,advanced,3,697ab12b4591197afc56d253,697ab12b4591197afc56d253,spotlight_PROLIFIC,,31,Mexico,Spanish,N/A,,Spanish:75|English:25,100,Spanish:60|English:40,100,Spanish:90|English:10,100,29,0,Bachelor's,10,10,10,2,3,8,18,30,25,29,,,,,15,25,B1,intermediate|advanced,advanced|intermediate,cambridge_15_21_random_intermediate_advanced,4,20,random,,344.203125,573.40625,368.203125,656.484375,8,6,,,,,,,,,,,,2026-08-16T17:54:38.981Z,K8EF3YCB,2026-08-16,2026-08-16,11:54:38,2026-08-16 11:54:38,,,,,,,,697ab12b4591197afc56d253,697ab12b4591197afc56d253,,,,
55357,hover_association,2,3,adv,25,3,3,4,100, whatever ,576,372,,697ab12b4591197afc56d253,697ab12b4591197afc56d253,advanced,3,697ab12b4591197afc56d253,697ab12b4591197afc56d253,spotlight_PROLIFIC,,31,Mexico,Spanish,N/A,,Spanish:75|English:25,100,Spanish:60|English:40,100,Spanish:90|English:10,100,29,0,Bachelor's,10,10,10,2,3,8,18,30,25,29,,,,,15,25,B1,intermediate|advanced,advanced|intermediate,cambridge_15_21_random_intermediate_advanced,4,20,random,,336.203125,573.40625,376.203125,656.484375,8,6,hover,116.39999997615814,116.39999997615814,0.043257476020312206,0.844921875,106,,,,,,2026-08-16T17:54:38.981Z,K8EF3YCB,2026-08-16,2026-08-16,11:54:38,2026-08-16 11:54:38,,,,,,,,697ab12b4591197afc56d253,697ab12b4591197afc56d253,,,,
55390,hover_association,2,3,adv,25,3,3,4,99, buy ,562,370,,697ab12b4591197afc56d253,697ab12b4591197afc56d253,advanced,3,697ab12b4591197afc56d253,697ab12b4591197afc56d253,spotlight_PROLIFIC,,31,Mexico,Spanish,N/A,,Spanish:75|English:25,100,Spanish:60|English:40,100,Spanish:90|English:10,100,29,0,Bachelor's,10,10,10,2,3,8,18,30,25,29,,,,,15,25,B1,intermediate|advanced,advanced|intermediate,cambridge_15_21_random_intermediate_advanced,4,20,random,,336.203125,537.34375,376.203125,573.40625,8,5,hover,33.40000003576279,33.40000003576279,0.2123050259965338,0.844921875,106,,,,,,2026-08-16T17:54:38.981Z,K8EF3YCB,2026-08-16,2026-08-16,11:54:38,2026-08-16 11:54:38,,,,,,,,697ab12b4591197afc56d253,697ab12b4591197afc56d253,,,,
55392,raw_position_sample,2,3,adv,25,3,3,4,98, often ,530,373,1582646.5999999642,697ab12b4591197afc56d253,697ab12b4591197afc56d253,advanced,3,697ab12b4591197afc56d253,697ab12b4591197afc56d253,spotlight_PROLIFIC,,31,Mexico,Spanish,N/A,,Spanish:75|English:25,100,Spanish:60|English:40,100,Spanish:90|English:10,100,29,0,Bachelor's,10,10,10,2,3,8,18,30,25,29,,,,,15,25,B1,intermediate|advanced,advanced|intermediate,cambridge_15_21_random_intermediate_advanced,4,20,random,,344.203125,487.796875,368.203125,537.34375,8,4,,,,,,,,,,,,2026-08-16T17:54:38.981Z,K8EF3YCB,2026-08-16,2026-08-16,11:54:38,2026-08-16 11:54:38,,,,,,,,697ab12b4591197afc56d253,697ab12b4591197afc56d253,,,,
55423,hover_association,2,3,adv,25,3,3,4,98, often ,530,373,,697ab12b4591197afc56d253,697ab12b4591197afc56d253,advanced,3,697ab12b4591197afc56d253,697ab12b4591197afc56d253,spotlight_PROLIFIC,,31,Mexico,Spanish,N/A,,Spanish:75|English:25,100,Spanish:60|English:40,100,Spanish:90|English:10,100,29,0,Bachelor's,10,10,10,2,3,8,18,30,25,29,,,,,15,25,B1,intermediate|advanced,advanced|intermediate,cambridge_15_21_random_intermediate_advanced,4,20,random,,336.203125,487.796875,376.203125,537.34375,8,4,hover,33.19999998807907,33.19999998807907,0.5288552507095553,0.969921875,106,,,,,,2026-08-16T17:54:38.981Z,K8EF3YCB,2026-08-16,2026-08-16,11:54:38,2026-08-16 11:54:38,,,,,,,,697ab12b4591197afc56d253,697ab12b4591197afc56d253,,,,
55441,raw_position_sample,2,3,adv,25,3,3,4,-1,999,490,381,1582695.8999999762,697ab12b4591197afc56d253,697ab12b4591197afc56d253,advanced,3,697ab12b4591197afc56d253,697ab12b4591197afc56d253,spotlight_PROLIFIC,,31,Mexico,Spanish,N/A,,Spanish:75|English:25,100,Spanish:60|English:40,100,Spanish:90|English:10,100,29,0,Bachelor's,10,10,10,2,3,8,18,30,25,29,,,,,15,25,B1,intermediate|advanced,advanced|intermediate,cambridge_15_21_random_intermediate_advanced,4,20,random,,,,,,,,,,,,,,,,,,,2026-08-16T17:54:38.981Z,K8EF3YCB,2026-08-16,2026-08-16,11:54:38,2026-08-16 11:54:38,,,,,,,,697ab12b4591197afc56d253,697ab12b4591197afc56d253,,,,
55491,raw_position_sample,2,3,adv,25,3,3,4,-1,999,445,391,1582745.699999988,697ab12b4591197afc56d253,697ab12b4591197afc56d253,advanced,3,697ab12b4591197afc56d253,697ab12b4591197afc56d253,spotlight_PROLIFIC,,31,Mexico,Spanish,N/A,,Spanish:75|English:25,100,Spanish:60|English:40,100,Spanish:90|English:10,100,29,0,Bachelor's,10,10,10,2,3,8,18,30,25,29,,,,,15,25,B1,intermediate|advanced,advanced|intermediate,cambridge_15_21_random_intermediate_advanced,4,20,random,,,,,,,,,,,,,,,,,,,2026-08-16T17:54:38.981Z,K8EF3YCB,2026-08-16,2026-08-16,11:54:38,2026-08-16 11:54:38,,,,,,,,697ab12b4591197afc56d253,697ab12b4591197afc56d253,,,,
55540,raw_position_sample,2,3,adv,25,3,3,4,-1,999,439,392,1582794.5999999642,697ab12b4591197afc56d253,697ab12b4591197afc56d253,advanced,3,697ab12b4591197afc56d253,697ab12b4591197afc56d253,spotlight_PROLIFIC,,31,Mexico,Spanish,N/A,,Spanish:75|English:25,100,Spanish:60|English:40,100,Spanish:90|English:10,100,29,0,Bachelor's,10,10,10,2,3,8,18,30,25,29,,,,,15,25,B1,intermediate|advanced,advanced|intermediate,cambridge_15_21_random_intermediate_advanced,4,20,random,,,,,,,,,,,,,,,,,,,2026-08-16T17:54:38.981Z,K8EF3YCB,2026-08-16,2026-08-16,11:54:38,2026-08-16 11:54:38,,,,,,,,697ab12b4591197afc56d253,697ab12b4591197afc56d253,,,,
55590,raw_position_sample,2,3,adv,25,3,3,4,-1,999,439,392,1582844.800000012,697ab12b4591197afc56d253,697ab12b4591197afc56d253,advanced,3,697ab12b4591197afc56d253,697ab12b4591197afc56d253,spotlight_PROLIFIC,,31,Mexico,Spanish,N/A,,Spanish:75|English:25,100,Spanish:60|English:40,100,Spanish:90|English:10,100,29,0,Bachelor's,10,10,10,2,3,8,18,30,25,29,,,,,15,25,B1,intermediate|advanced,advanced|intermediate,cambridge_15_21_random_intermediate_advanced,4,20,random,,,,,,,,,,,,,,,,,,,2026-08-16T17:54:38.981Z,K8EF3YCB,2026-08-16,2026-08-16,11:54:38,2026-08-16 11:54:38,,,,,,,,697ab12b4591197afc56d253,697ab12b4591197afc56d253,,,,
55637,raw_position_sample,2,3,adv,25,3,3,4,-1,999,439,392,1582892,697ab12b4591197afc56d253,697ab12b4591197afc56d253,advanced,3,697ab12b4591197afc56d253,697ab12b4591197afc56d253,spotlight_PROLIFIC,,31,Mexico,Spanish,N/A,,Spanish:75|English:25,100,Spanish:60|English:40,100,Spanish:90|English:10,100,29,0,Bachelor's,10,10,10,2,3,8,18,30,25,29,,,,,15,25,B1,intermediate|advanced,advanced|intermediate,cambridge_15_21_random_intermediate_advanced,4,20,random,,,,,,,,,,,,,,,,,,,2026-08-16T17:54:38.981Z,K8EF3YCB,2026-08-16,2026-08-16,11:54:38,2026-08-16 11:54:38,,,,,,,,697ab12b4591197afc56d253,697ab12b4591197afc56d253,,,,
55691,raw_position_sample,2,3,adv,25,3,3,4,-1,999,462,388,1582945.5,697ab12b4591197afc56d253,697ab12b4591197afc56d253,advanced,3,697ab12b4591197afc56d253,697ab12b4591197afc56d253,spotlight_PROLIFIC,,31,Mexico,Spanish,N/A,,Spanish:75|English:25,100,Spanish:60|English:40,100,Spanish:90|English:10,100,29,0,Bachelor's,10,10,10,2,3,8,18,30,25,29,,,,,15,25,B1,intermediate|advanced,advanced|intermediate,cambridge_15_21_random_intermediate_advanced,4,20,random,,,,,,,,,,,,,,,,,,,2026-08-16T17:54:38.981Z,K8EF3YCB,2026-08-16,2026-08-16,11:54:38,2026-08-16 11:54:38,,,,,,,,697ab12b4591197afc56d253,697ab12b4591197afc56d253,,,,
55742,raw_position_sample,2,3,adv,25,3,3,4,-1,999,483,380,1582996.199999988,697ab12b4591197afc56d253,697ab12b4591197afc56d253,advanced,3,697ab12b4591197afc56d253,697ab12b4591197afc56d253,spotlight_PROLIFIC,,31,Mexico,Spanish,N/A,,Spanish:75|English:25,100,Spanish:60|English:40,100,Spanish:90|English:10,100,29,0,Bachelor's,10,10,10,2,3,8,18,30,25,29,,,,,15,25,B1,intermediate|advanced,advanced|intermediate,cambridge_15_21_random_intermediate_advanced,4,20,random,,,,,,,,,,,,,,,,,,,2026-08-16T17:54:38.981Z,K8EF3YCB,2026-08-16,2026-08-16,11:54:38,2026-08-16 11:54:38,,,,,,,,697ab12b4591197afc56d253,697ab12b4591197afc56d253,,,,
55790,raw_position_sample,2,3,adv,25,3,3,4,97, can ,486,376,1583044.699999988,697ab12b4591197afc56d253,697ab12b4591197afc56d253,advanced,3,697ab12b4591197afc56d253,697ab12b4591197afc56d253,spotlight_PROLIFIC,,31,Mexico,Spanish,N/A,,Spanish:75|English:25,100,Spanish:60|English:40,100,Spanish:90|English:10,100,29,0,Bachelor's,10,10,10,2,3,8,18,30,25,29,,,,,15,25,B1,intermediate|advanced,advanced|intermediate,cambridge_15_21_random_intermediate_advanced,4,20,random,,344.203125,453.25,368.203125,487.796875,8,3,,,,,,,,,,,,2026-08-16T17:54:38.981Z,K8EF3YCB,2026-08-16,2026-08-16,11:54:38,2026-08-16 11:54:38,,,,,,,,697ab12b4591197afc56d253,697ab12b4591197afc56d253,,,,
55840,raw_position_sample,2,3,adv,25,3,3,4,97, can ,486,376,1583094.8999999762,697ab12b4591197afc56d253,697ab12b4591197afc56d253,advanced,3,697ab12b4591197afc56d253,697ab12b4591197afc56d253,spotlight_PROLIFIC,,31,Mexico,Spanish,N/A,,Spanish:75|English:25,100,Spanish:60|English:40,100,Spanish:90|English:10,100,29,0,Bachelor's,10,10,10,2,3,8,18,30,25,29,,,,,15,25,B1,intermediate|advanced,advanced|intermediate,cambridge_15_21_random_intermediate_advanced,4,20,random,,344.203125,453.25,368.203125,487.796875,8,3,,,,,,,,,,,,2026-08-16T17:54:38.981Z,K8EF3YCB,2026-08-16,2026-08-16,11:54:38,2026-08-16 11:54:38,,,,,,,,697ab12b4591197afc56d253,697ab12b4591197afc56d253,,,,
55885,raw_position_sample,2,3,adv,25,3,3,4,97, can ,486,374,1583139.8999999762,697ab12b4591197afc56d253,697ab12b4591197afc56d253,advanced,3,697ab12b4591197afc56d253,697ab12b4591197afc56d253,spotlight_PROLIFIC,,31,Mexico,Spanish,N/A,,Spanish:75|English:25,100,Spanish:60|English:40,100,Spanish:90|English:10,100,29,0,Bachelor's,10,10,10,2,3,8,18,30,25,29,,,,,15,25,B1,intermediate|advanced,advanced|intermediate,cambridge_15_21_random_intermediate_advanced,4,20,random,,344.203125,453.25,368.203125,487.796875,8,3,,,,,,,,,,,,2026-08-16T17:54:38.981Z,K8EF3YCB,2026-08-16,2026-08-16,11:54:38,2026-08-16 11:54:38,,,,,,,,697ab12b4591197afc56d253,697ab12b4591197afc56d253,,,,
55938,raw_position_sample,2,3,adv,25,3,3,4,97, can ,486,374,1583192.5,697ab12b4591197afc56d253,697ab12b4591197afc56d253,advanced,3,697ab12b4591197afc56d253,697ab12b4591197afc56d253,spotlight_PROLIFIC,,31,Mexico,Spanish,N/A,,Spanish:75|English:25,100,Spanish:60|English:40,100,Spanish:90|English:10,100,29,0,Bachelor's,10,10,10,2,3,8,18,30,25,29,,,,,15,25,B1,intermediate|advanced,advanced|intermediate,cambridge_15_21_random_intermediate_advanced,4,20,random,,344.203125,453.25,368.203125,487.796875,8,3,,,,,,,,,,,,2026-08-16T17:54:38.981Z,K8EF3YCB,2026-08-16,2026-08-16,11:54:38,2026-08-16 11:54:38,,,,,,,,697ab12b4591197afc56d253,697ab12b4591197afc56d253,,,,
55986,raw_position_sample,2,3,adv,25,3,3,4,97, can ,486,374,1583241.0999999642,697ab12b4591197afc56d253,697ab12b4591197afc56d253,advanced,3,697ab12b4591197afc56d253,697ab12b4591197afc56d253,spotlight_PROLIFIC,,31,Mexico,Spanish,N/A,,Spanish:75|English:25,100,Spanish:60|English:40,100,Spanish:90|English:10,100,29,0,Bachelor's,10,10,10,2,3,8,18,30,25,29,,,,,15,25,B1,intermediate|advanced,advanced|intermediate,cambridge_15_21_random_intermediate_advanced,4,20,random,,344.203125,453.25,368.203125,487.796875,8,3,,,,,,,,,,,,2026-08-16T17:54:38.981Z,K8EF3YCB,2026-08-16,2026-08-16,11:54:38,2026-08-16 11:54:38,,,,,,,,697ab12b4591197afc56d253,697ab12b4591197afc56d253,,,,
56035,raw_position_sample,2,3,adv,25,3,3,4,97, can ,486,374,1583289.3999999762,697ab12b4591197afc56d253,697ab12b4591197afc56d253,advanced,3,697ab12b4591197afc56d253,697ab12b4591197afc56d253,spotlight_PROLIFIC,,31,Mexico,Spanish,N/A,,Spanish:75|English:25,100,Spanish:60|English:40,100,Spanish:90|English:10,100,29,0,Bachelor's,10,10,10,2,3,8,18,30,25,29,,,,,15,25,B1,intermediate|advanced,advanced|intermediate,cambridge_15_21_random_intermediate_advanced,4,20,random,,344.203125,453.25,368.203125,487.796875,8,3,,,,,,,,,,,,2026-08-16T17:54:38.981Z,K8EF3YCB,2026-08-16,2026-08-16,11:54:38,2026-08-16 11:54:38,,,,,,,,697ab12b4591197afc56d253,697ab12b4591197afc56d253,,,,
56050,hover_association,2,3,adv,25,3,3,4,97, can ,486,376,,697ab12b4591197afc56d253,697ab12b4591197afc56d253,advanced,3,697ab12b4591197afc56d253,697ab12b4591197afc56d253,spotlight_PROLIFIC,,31,Mexico,Spanish,N/A,,Spanish:75|English:25,100,Spanish:60|English:40,100,Spanish:90|English:10,100,29,0,Bachelor's,10,10,10,2,3,8,18,30,25,29,,,,,15,25,B1,intermediate|advanced,advanced|intermediate,cambridge_15_21_random_intermediate_advanced,4,20,random,,336.203125,453.25,376.203125,487.796875,8,3,hover,275.69999998807907,275.69999998807907,0.9769335142469471,0.944921875,106,,,,,,2026-08-16T17:54:38.981Z,K8EF3YCB,2026-08-16,2026-08-16,11:54:38,2026-08-16 11:54:38,,,,,,,,697ab12b4591197afc56d253,697ab12b4591197afc56d253,,,,
56092,raw_position_sample,2,3,adv,25,3,3,4,98, often ,502,373,1583346.5,697ab12b4591197afc56d253,697ab12b4591197afc56d253,advanced,3,697ab12b4591197afc56d253,697ab12b4591197afc56d253,spotlight_PROLIFIC,,31,Mexico,Spanish,N/A,,Spanish:75|English:25,100,Spanish:60|English:40,100,Spanish:90|English:10,100,29,0,Bachelor's,10,10,10,2,3,8,18,30,25,29,,,,,15,25,B1,intermediate|advanced,advanced|intermediate,cambridge_15_21_random_intermediate_advanced,4,20,random,,344.203125,487.796875,368.203125,537.34375,8,4,,,,,,,,,,,,2026-08-16T17:54:38.981Z,K8EF3YCB,2026-08-16,2026-08-16,11:54:38,2026-08-16 11:54:38,,,,,,,,697ab12b4591197afc56d253,697ab12b4591197afc56d253,,,,
56142,raw_position_sample,2,3,adv,25,3,3,4,98, often ,530,366,1583396.300000012,697ab12b4591197afc56d253,697ab12b4591197afc56d253,advanced,3,697ab12b4591197afc56d253,697ab12b4591197afc56d253,spotlight_PROLIFIC,,31,Mexico,Spanish,N/A,,Spanish:75|English:25,100,Spanish:60|English:40,100,Spanish:90|English:10,100,29,0,Bachelor's,10,10,10,2,3,8,18,30,25,29,,,,,15,25,B1,intermediate|advanced,advanced|intermediate,cambridge_15_21_random_intermediate_advanced,4,20,random,,344.203125,487.796875,368.203125,537.34375,8,4,,,,,,,,,,,,2026-08-16T17:54:38.981Z,K8EF3YCB,2026-08-16,2026-08-16,11:54:38,2026-08-16 11:54:38,,,,,,,,697ab12b4591197afc56d253,697ab12b4591197afc56d253,,,,
56190,raw_position_sample,2,3,adv,25,3,3,4,98, often ,537,365,1583444.8999999762,697ab12b4591197afc56d253,697ab12b4591197afc56d253,advanced,3,697ab12b4591197afc56d253,697ab12b4591197afc56d253,spotlight_PROLIFIC,,31,Mexico,Spanish,N/A,,Spanish:75|English:25,100,Spanish:60|English:40,100,Spanish:90|English:10,100,29,0,Bachelor's,10,10,10,2,3,8,18,30,25,29,,,,,15,25,B1,intermediate|advanced,advanced|intermediate,cambridge_15_21_random_intermediate_advanced,4,20,random,,344.203125,487.796875,368.203125,537.34375,8,4,,,,,,,,,,,,2026-08-16T17:54:38.981Z,K8EF3YCB,2026-08-16,2026-08-16,11:54:38,2026-08-16 11:54:38,,,,,,,,697ab12b4591197afc56d253,697ab12b4591197afc56d253,,,,
56240,raw_position_sample,2,3,adv,25,3,3,4,98, often ,537,365,1583494.800000012,697ab12b4591197afc56d253,697ab12b4591197afc56d253,advanced,3,697ab12b4591197afc56d253,697ab12b4591197afc56d253,spotlight_PROLIFIC,,31,Mexico,Spanish,N/A,,Spanish:75|English:25,100,Spanish:60|English:40,100,Spanish:90|English:10,100,29,0,Bachelor's,10,10,10,2,3,8,18,30,25,29,,,,,15,25,B1,intermediate|advanced,advanced|intermediate,cambridge_15_21_random_intermediate_advanced,4,20,random,,344.203125,487.796875,368.203125,537.34375,8,4,,,,,,,,,,,,2026-08-16T17:54:38.981Z,K8EF3YCB,2026-08-16,2026-08-16,11:54:38,2026-08-16 11:54:38,,,,,,,,697ab12b4591197afc56d253,697ab12b4591197afc56d253,,,,
56271,hover_association,2,3,adv,25,3,3,4,98, often ,489,374,,697ab12b4591197afc56d253,697ab12b4591197afc56d253,advanced,3,697ab12b4591197afc56d253,697ab12b4591197afc56d253,spotlight_PROLIFIC,,31,Mexico,Spanish,N/A,,Spanish:75|English:25,100,Spanish:60|English:40,100,Spanish:90|English:10,100,29,0,Bachelor's,10,10,10,2,3,8,18,30,25,29,,,,,15,25,B1,intermediate|advanced,advanced|intermediate,cambridge_15_21_random_intermediate_advanced,4,20,random,,336.203125,487.796875,376.203125,537.34375,8,4,hover,221,221,0.9930621255124567,0.719921875,106,,,,,,2026-08-16T17:54:38.981Z,K8EF3YCB,2026-08-16,2026-08-16,11:54:38,2026-08-16 11:54:38,,,,,,,,697ab12b4591197afc56d253,697ab12b4591197afc56d253,,,,
56286,raw_position_sample,2,3,adv,25,3,3,4,99, buy ,539,365,1583540.199999988,697ab12b4591197afc56d253,697ab12b4591197afc56d253,advanced,3,697ab12b4591197afc56d253,697ab12b4591197afc56d253,spotlight_PROLIFIC,,31,Mexico,Spanish,N/A,,Spanish:75|English:25,100,Spanish:60|English:40,100,Spanish:90|English:10,100,29,0,Bachelor's,10,10,10,2,3,8,18,30,25,29,,,,,15,25,B1,intermediate|advanced,advanced|intermediate,cambridge_15_21_random_intermediate_advanced,4,20,random,,344.203125,537.34375,368.203125,573.40625,8,5,,,,,,,,,,,,2026-08-16T17:54:38.981Z,K8EF3YCB,2026-08-16,2026-08-16,11:54:38,2026-08-16 11:54:38,,,,,,,,697ab12b4591197afc56d253,697ab12b4591197afc56d253,,,,
56342,raw_position_sample,2,3,adv,25,3,3,4,99, buy ,546,364,1583596.8999999762,697ab12b4591197afc56d253,697ab12b4591197afc56d253,advanced,3,697ab12b4591197afc56d253,697ab12b4591197afc56d253,spotlight_PROLIFIC,,31,Mexico,Spanish,N/A,,Spanish:75|English:25,100,Spanish:60|English:40,100,Spanish:90|English:10,100,29,0,Bachelor's,10,10,10,2,3,8,18,30,25,29,,,,,15,25,B1,intermediate|advanced,advanced|intermediate,cambridge_15_21_random_intermediate_advanced,4,20,random,,344.203125,537.34375,368.203125,573.40625,8,5,,,,,,,,,,,,2026-08-16T17:54:38.981Z,K8EF3YCB,2026-08-16,2026-08-16,11:54:38,2026-08-16 11:54:38,,,,,,,,697ab12b4591197afc56d253,697ab12b4591197afc56d253,,,,
56390,raw_position_sample,2,3,adv,25,3,3,4,99, buy ,551,364,1583644.8999999762,697ab12b4591197afc56d253,697ab12b4591197afc56d253,advanced,3,697ab12b4591197afc56d253,697ab12b4591197afc56d253,spotlight_PROLIFIC,,31,Mexico,Spanish,N/A,,Spanish:75|English:25,100,Spanish:60|English:40,100,Spanish:90|English:10,100,29,0,Bachelor's,10,10,10,2,3,8,18,30,25,29,,,,,15,25,B1,intermediate|advanced,advanced|intermediate,cambridge_15_21_random_intermediate_advanced,4,20,random,,344.203125,537.34375,368.203125,573.40625,8,5,,,,,,,,,,,,2026-08-16T17:54:38.981Z,K8EF3YCB,2026-08-16,2026-08-16,11:54:38,2026-08-16 11:54:38,,,,,,,,697ab12b4591197afc56d253,697ab12b4591197afc56d253,,,,
56442,raw_position_sample,2,3,adv,25,3,3,4,99, buy ,563,363,1583697,697ab12b4591197afc56d253,697ab12b4591197afc56d253,advanced,3,697ab12b4591197afc56d253,697ab12b4591197afc56d253,spotlight_PROLIFIC,,31,Mexico,Spanish,N/A,,Spanish:75|English:25,100,Spanish:60|English:40,100,Spanish:90|English:10,100,29,0,Bachelor's,10,10,10,2,3,8,18,30,25,29,,,,,15,25,B1,intermediate|advanced,advanced|intermediate,cambridge_15_21_random_intermediate_advanced,4,20,random,,344.203125,537.34375,368.203125,573.40625,8,5,,,,,,,,,,,,2026-08-16T17:54:38.981Z,K8EF3YCB,2026-08-16,2026-08-16,11:54:38,2026-08-16 11:54:38,,,,,,,,697ab12b4591197afc56d253,697ab12b4591197afc56d253,,,,
56474,hover_association,2,3,adv,25,3,3,4,99, buy ,538,365,,697ab12b4591197afc56d253,697ab12b4591197afc56d253,advanced,3,697ab12b4591197afc56d253,697ab12b4591197afc56d253,spotlight_PROLIFIC,,31,Mexico,Spanish,N/A,,Spanish:75|English:25,100,Spanish:60|English:40,100,Spanish:90|English:10,100,29,0,Bachelor's,10,10,10,2,3,8,18,30,25,29,,,,,15,25,B1,intermediate|advanced,advanced|intermediate,cambridge_15_21_random_intermediate_advanced,4,20,random,,336.203125,537.34375,376.203125,573.40625,8,5,hover,202.69999998807907,202.69999998807907,0.8500866551126517,0.644921875,106,,,,,,2026-08-16T17:54:38.981Z,K8EF3YCB,2026-08-16,2026-08-16,11:54:38,2026-08-16 11:54:38,,,,,,,,697ab12b4591197afc56d253,697ab12b4591197afc56d253,,,,
56492,raw_position_sample,2,3,adv,25,3,3,4,100, whatever ,580,361,1583746.800000012,697ab12b4591197afc56d253,697ab12b4591197afc56d253,advanced,3,697ab12b4591197afc56d253,697ab12b4591197afc56d253,spotlight_PROLIFIC,,31,Mexico,Spanish,N/A,,Spanish:75|English:25,100,Spanish:60|English:40,100,Spanish:90|English:10,100,29,0,Bachelor's,10,10,10,2,3,8,18,30,25,29,,,,,15,25,B1,intermediate|advanced,advanced|intermediate,cambridge_15_21_random_intermediate_advanced,4,20,random,,344.203125,573.40625,368.203125,656.484375,8,6,,,,,,,,,,,,2026-08-16T17:54:38.981Z,K8EF3YCB,2026-08-16,2026-08-16,11:54:38,2026-08-16 11:54:38,,,,,,,,697ab12b4591197afc56d253,697ab12b4591197afc56d253,,,,
56542,raw_position_sample,2,3,adv,25,3,3,4,100, whatever ,591,361,1583797.0999999642,697ab12b4591197afc56d253,697ab12b4591197afc56d253,advanced,3,697ab12b4591197afc56d253,697ab12b4591197afc56d253,spotlight_PROLIFIC,,31,Mexico,Spanish,N/A,,Spanish:75|English:25,100,Spanish:60|English:40,100,Spanish:90|English:10,100,29,0,Bachelor's,10,10,10,2,3,8,18,30,25,29,,,,,15,25,B1,intermediate|advanced,advanced|intermediate,cambridge_15_21_random_intermediate_advanced,4,20,random,,344.203125,573.40625,368.203125,656.484375,8,6,,,,,,,,,,,,2026-08-16T17:54:38.981Z,K8EF3YCB,2026-08-16,2026-08-16,11:54:38,2026-08-16 11:54:38,,,,,,,,697ab12b4591197afc56d253,697ab12b4591197afc56d253,,,,
56592,raw_position_sample,2,3,adv,25,3,3,4,100, whatever ,602,361,1583847.0999999642,697ab12b4591197afc56d253,697ab12b4591197afc56d253,advanced,3,697ab12b4591197afc56d253,697ab12b4591197afc56d253,spotlight_PROLIFIC,,31,Mexico,Spanish,N/A,,Spanish:75|English:25,100,Spanish:60|English:40,100,Spanish:90|English:10,100,29,0,Bachelor's,10,10,10,2,3,8,18,30,25,29,,,,,15,25,B1,intermediate|advanced,advanced|intermediate,cambridge_15_21_random_intermediate_advanced,4,20,random,,344.203125,573.40625,368.203125,656.484375,8,6,,,,,,,,,,,,2026-08-16T17:54:38.981Z,K8EF3YCB,2026-08-16,2026-08-16,11:54:38,2026-08-16 11:54:38,,,,,,,,697ab12b4591197afc56d253,697ab12b4591197afc56d253,,,,
56642,raw_position_sample,2,3,adv,25,3,3,4,100, whatever ,615,361,1583896.800000012,697ab12b4591197afc56d253,697ab12b4591197afc56d253,advanced,3,697ab12b4591197afc56d253,697ab12b4591197afc56d253,spotlight_PROLIFIC,,31,Mexico,Spanish,N/A,,Spanish:75|English:25,100,Spanish:60|English:40,100,Spanish:90|English:10,100,29,0,Bachelor's,10,10,10,2,3,8,18,30,25,29,,,,,15,25,B1,intermediate|advanced,advanced|intermediate,cambridge_15_21_random_intermediate_advanced,4,20,random,,344.203125,573.40625,368.203125,656.484375,8,6,,,,,,,,,,,,2026-08-16T17:54:38.981Z,K8EF3YCB,2026-08-16,2026-08-16,11:54:38,2026-08-16 11:54:38,,,,,,,,697ab12b4591197afc56d253,697ab12b4591197afc56d253,,,,
56692,raw_position_sample,2,3,adv,25,3,3,4,100, whatever ,624,361,1583947,697ab12b4591197afc56d253,697ab12b4591197afc56d253,advanced,3,697ab12b4591197afc56d253,697ab12b4591197afc56d253,spotlight_PROLIFIC,,31,Mexico,Spanish,N/A,,Spanish:75|English:25,100,Spanish:60|English:40,100,Spanish:90|English:10,100,29,0,Bachelor's,10,10,10,2,3,8,18,30,25,29,,,,,15,25,B1,intermediate|advanced,advanced|intermediate,cambridge_15_21_random_intermediate_advanced,4,20,random,,344.203125,573.40625,368.203125,656.484375,8,6,,,,,,,,,,,,2026-08-16T17:54:38.981Z,K8EF3YCB,2026-08-16,2026-08-16,11:54:38,2026-08-16 11:54:38,,,,,,,,697ab12b4591197afc56d253,697ab12b4591197afc56d253,,,,
56743,raw_position_sample,2,3,adv,25,3,3,4,100, whatever ,636,361,1583997.199999988,697ab12b4591197afc56d253,697ab12b4591197afc56d253,advanced,3,697ab12b4591197afc56d253,697ab12b4591197afc56d253,spotlight_PROLIFIC,,31,Mexico,Spanish,N/A,,Spanish:75|English:25,100,Spanish:60|English:40,100,Spanish:90|English:10,100,29,0,Bachelor's,10,10,10,2,3,8,18,30,25,29,,,,,15,25,B1,intermediate|advanced,advanced|intermediate,cambridge_15_21_random_intermediate_advanced,4,20,random,,344.203125,573.40625,368.203125,656.484375,8,6,,,,,,,,,,,,2026-08-16T17:54:38.981Z,K8EF3YCB,2026-08-16,2026-08-16,11:54:38,2026-08-16 11:54:38,,,,,,,,697ab12b4591197afc56d253,697ab12b4591197afc56d253,,,,
56790,raw_position_sample,2,3,adv,25,3,3,4,100, whatever ,647,361,1584044.300000012,697ab12b4591197afc56d253,697ab12b4591197afc56d253,advanced,3,697ab12b4591197afc56d253,697ab12b4591197afc56d253,spotlight_PROLIFIC,,31,Mexico,Spanish,N/A,,Spanish:75|English:25,100,Spanish:60|English:40,100,Spanish:90|English:10,100,29,0,Bachelor's,10,10,10,2,3,8,18,30,25,29,,,,,15,25,B1,intermediate|advanced,advanced|intermediate,cambridge_15_21_random_intermediate_advanced,4,20,random,,344.203125,573.40625,368.203125,656.484375,8,6,,,,,,,,,,,,2026-08-16T17:54:38.981Z,K8EF3YCB,2026-08-16,2026-08-16,11:54:38,2026-08-16 11:54:38,,,,,,,,697ab12b4591197afc56d253,697ab12b4591197afc56d253,,,,
56791,hover_association,2,3,adv,25,3,3,4,100, whatever ,574,361,,697ab12b4591197afc56d253,697ab12b4591197afc56d253,advanced,3,697ab12b4591197afc56d253,697ab12b4591197afc56d253,spotlight_PROLIFIC,,31,Mexico,Spanish,N/A,,Spanish:75|English:25,100,Spanish:60|English:40,100,Spanish:90|English:10,100,29,0,Bachelor's,10,10,10,2,3,8,18,30,25,29,,,,,15,25,B1,intermediate|advanced,advanced|intermediate,cambridge_15_21_random_intermediate_advanced,4,20,random,,336.203125,573.40625,376.203125,656.484375,8,6,hover,316.89999997615814,316.89999997615814,0.8858378785029152,0.619921875,106,,,,,,2026-08-16T17:54:38.981Z,K8EF3YCB,2026-08-16,2026-08-16,11:54:38,2026-08-16 11:54:38,,,,,,,,697ab12b4591197afc56d253,697ab12b4591197afc56d253,,,,
56807,hover_association,2,3,adv,25,3,3,4,101, I ,659,361,,697ab12b4591197afc56d253,697ab12b4591197afc56d253,advanced,3,697ab12b4591197afc56d253,697ab12b4591197afc56d253,spotlight_PROLIFIC,,31,Mexico,Spanish,N/A,,Spanish:75|English:25,100,Spanish:60|English:40,100,Spanish:90|English:10,100,29,0,Bachelor's,10,10,10,2,3,8,18,30,25,29,,,,,15,25,B1,intermediate|advanced,advanced|intermediate,cambridge_15_21_random_intermediate_advanced,4,20,random,,336.203125,656.484375,376.203125,667.28125,8,7,hover,16.200000047683716,16.200000047683716,0.23299565846599132,0.619921875,106,,,,,,2026-08-16T17:54:38.981Z,K8EF3YCB,2026-08-16,2026-08-16,11:54:38,2026-08-16 11:54:38,,,,,,,,697ab12b4591197afc56d253,697ab12b4591197afc56d253,,,,
56842,raw_position_sample,2,3,adv,25,3,3,4,102, want ,698,361,1584096.5,697ab12b4591197afc56d253,697ab12b4591197afc56d253,advanced,3,697ab12b4591197afc56d253,697ab12b4591197afc56d253,spotlight_PROLIFIC,,31,Mexico,Spanish,N/A,,Spanish:75|English:25,100,Spanish:60|English:40,100,Spanish:90|English:10,100,29,0,Bachelor's,10,10,10,2,3,8,18,30,25,29,,,,,15,25,B1,intermediate|advanced,advanced|intermediate,cambridge_15_21_random_intermediate_advanced,4,20,random,,344.203125,667.28125,368.203125,713.84375,8,8,,,,,,,,,,,,2026-08-16T17:54:38.981Z,K8EF3YCB,2026-08-16,2026-08-16,11:54:38,2026-08-16 11:54:38,,,,,,,,697ab12b4591197afc56d253,697ab12b4591197afc56d253,,,,
56874,hover_association,2,3,adv,25,3,3,4,102, want ,671,361,,697ab12b4591197afc56d253,697ab12b4591197afc56d253,advanced,3,697ab12b4591197afc56d253,697ab12b4591197afc56d253,spotlight_PROLIFIC,,31,Mexico,Spanish,N/A,,Spanish:75|English:25,100,Spanish:60|English:40,100,Spanish:90|English:10,100,29,0,Bachelor's,10,10,10,2,3,8,18,30,25,29,,,,,15,25,B1,intermediate|advanced,advanced|intermediate,cambridge_15_21_random_intermediate_advanced,4,20,random,,336.203125,667.28125,376.203125,713.84375,8,8,hover,66.89999997615814,66.89999997615814,0.9174496644295302,0.619921875,106,,,,,,2026-08-16T17:54:38.981Z,K8EF3YCB,2026-08-16,2026-08-16,11:54:38,2026-08-16 11:54:38,,,,,,,,697ab12b4591197afc56d253,697ab12b4591197afc56d253,,,,
56890,raw_position_sample,2,3,adv,25,3,3,4,103, – ,720,361,1584144.3999999762,697ab12b4591197afc56d253,697ab12b4591197afc56d253,advanced,3,697ab12b4591197afc56d253,697ab12b4591197afc56d253,spotlight_PROLIFIC,,31,Mexico,Spanish,N/A,,Spanish:75|English:25,100,Spanish:60|English:40,100,Spanish:90|English:10,100,29,0,Bachelor's,10,10,10,2,3,8,18,30,25,29,,,,,15,25,B1,intermediate|advanced,advanced|intermediate,cambridge_15_21_random_intermediate_advanced,4,20,random,,344.203125,713.84375,368.203125,727.53125,8,9,,,,,,,,,,,,2026-08-16T17:54:38.981Z,K8EF3YCB,2026-08-16,2026-08-16,11:54:38,2026-08-16 11:54:38,,,,,,,,697ab12b4591197afc56d253,697ab12b4591197afc56d253,,,,
56907,hover_association,2,3,adv,25,3,3,4,103, – ,720,361,,697ab12b4591197afc56d253,697ab12b4591197afc56d253,advanced,3,697ab12b4591197afc56d253,697ab12b4591197afc56d253,spotlight_PROLIFIC,,31,Mexico,Spanish,N/A,,Spanish:75|English:25,100,Spanish:60|English:40,100,Spanish:90|English:10,100,29,0,Bachelor's,10,10,10,2,3,8,18,30,25,29,,,,,15,25,B1,intermediate|advanced,advanced|intermediate,cambridge_15_21_random_intermediate_advanced,4,20,random,,336.203125,713.84375,376.203125,727.53125,8,9,hover,32.89999997615814,32.89999997615814,0.9611872146118722,0.619921875,106,,,,,,2026-08-16T17:54:38.981Z,K8EF3YCB,2026-08-16,2026-08-16,11:54:38,2026-08-16 11:54:38,,,,,,,,697ab12b4591197afc56d253,697ab12b4591197afc56d253,,,,
56942,raw_position_sample,2,3,adv,25,3,3,4,104, and ,741,361,1584196.800000012,697ab12b4591197afc56d253,697ab12b4591197afc56d253,advanced,3,697ab12b4591197afc56d253,697ab12b4591197afc56d253,spotlight_PROLIFIC,,31,Mexico,Spanish,N/A,,Spanish:75|English:25,100,Spanish:60|English:40,100,Spanish:90|English:10,100,29,0,Bachelor's,10,10,10,2,3,8,18,30,25,29,,,,,15,25,B1,intermediate|advanced,advanced|intermediate,cambridge_15_21_random_intermediate_advanced,4,20,random,,344.203125,727.53125,368.203125,764.515625,8,10,,,,,,,,,,,,2026-08-16T17:54:38.981Z,K8EF3YCB,2026-08-16,2026-08-16,11:54:38,2026-08-16 11:54:38,,,,,,,,697ab12b4591197afc56d253,697ab12b4591197afc56d253,,,,
56992,raw_position_sample,2,3,adv,25,3,3,4,104, and ,747,359,1584246.699999988,697ab12b4591197afc56d253,697ab12b4591197afc56d253,advanced,3,697ab12b4591197afc56d253,697ab12b4591197afc56d253,spotlight_PROLIFIC,,31,Mexico,Spanish,N/A,,Spanish:75|English:25,100,Spanish:60|English:40,100,Spanish:90|English:10,100,29,0,Bachelor's,10,10,10,2,3,8,18,30,25,29,,,,,15,25,B1,intermediate|advanced,advanced|intermediate,cambridge_15_21_random_intermediate_advanced,4,20,random,,344.203125,727.53125,368.203125,764.515625,8,10,,,,,,,,,,,,2026-08-16T17:54:38.981Z,K8EF3YCB,2026-08-16,2026-08-16,11:54:38,2026-08-16 11:54:38,,,,,,,,697ab12b4591197afc56d253,697ab12b4591197afc56d253,,,,
57042,raw_position_sample,2,3,adv,25,3,3,4,104, and ,753,359,1584296.800000012,697ab12b4591197afc56d253,697ab12b4591197afc56d253,advanced,3,697ab12b4591197afc56d253,697ab12b4591197afc56d253,spotlight_PROLIFIC,,31,Mexico,Spanish,N/A,,Spanish:75|English:25,100,Spanish:60|English:40,100,Spanish:90|English:10,100,29,0,Bachelor's,10,10,10,2,3,8,18,30,25,29,,,,,15,25,B1,intermediate|advanced,advanced|intermediate,cambridge_15_21_random_intermediate_advanced,4,20,random,,344.203125,727.53125,368.203125,764.515625,8,10,,,,,,,,,,,,2026-08-16T17:54:38.981Z,K8EF3YCB,2026-08-16,2026-08-16,11:54:38,2026-08-16 11:54:38,,,,,,,,697ab12b4591197afc56d253,697ab12b4591197afc56d253,,,,
57090,raw_position_sample,2,3,adv,25,3,3,4,104, and ,760,359,1584344.300000012,697ab12b4591197afc56d253,697ab12b4591197afc56d253,advanced,3,697ab12b4591197afc56d253,697ab12b4591197afc56d253,spotlight_PROLIFIC,,31,Mexico,Spanish,N/A,,Spanish:75|English:25,100,Spanish:60|English:40,100,Spanish:90|English:10,100,29,0,Bachelor's,10,10,10,2,3,8,18,30,25,29,,,,,15,25,B1,intermediate|advanced,advanced|intermediate,cambridge_15_21_random_intermediate_advanced,4,20,random,,344.203125,727.53125,368.203125,764.515625,8,10,,,,,,,,,,,,2026-08-16T17:54:38.981Z,K8EF3YCB,2026-08-16,2026-08-16,11:54:38,2026-08-16 11:54:38,,,,,,,,697ab12b4591197afc56d253,697ab12b4591197afc56d253,,,,
57107,hover_association,2,3,adv,25,3,3,4,104, and ,732,361,,697ab12b4591197afc56d253,697ab12b4591197afc56d253,advanced,3,697ab12b4591197afc56d253,697ab12b4591197afc56d253,spotlight_PROLIFIC,,31,Mexico,Spanish,N/A,,Spanish:75|English:25,100,Spanish:60|English:40,100,Spanish:90|English:10,100,29,0,Bachelor's,10,10,10,2,3,8,18,30,25,29,,,,,15,25,B1,intermediate|advanced,advanced|intermediate,cambridge_15_21_random_intermediate_advanced,4,20,random,,336.203125,727.53125,376.203125,764.515625,8,10,hover,200.10000002384186,200.10000002384186,0.9590198563582594,0.569921875,106,,,,,,2026-08-16T17:54:38.981Z,K8EF3YCB,2026-08-16,2026-08-16,11:54:38,2026-08-16 11:54:38,,,,,,,,697ab12b4591197afc56d253,697ab12b4591197afc56d253,,,,
57142,raw_position_sample,2,3,adv,25,3,3,4,105, keep ,772,360,1584396.699999988,697ab12b4591197afc56d253,697ab12b4591197afc56d253,advanced,3,697ab12b4591197afc56d253,697ab12b4591197afc56d253,spotlight_PROLIFIC,,31,Mexico,Spanish,N/A,,Spanish:75|English:25,100,Spanish:60|English:40,100,Spanish:90|English:10,100,29,0,Bachelor's,10,10,10,2,3,8,18,30,25,29,,,,,15,25,B1,intermediate|advanced,advanced|intermediate,cambridge_15_21_random_intermediate_advanced,4,20,random,,344.203125,764.515625,368.203125,810.1875,8,11,,,,,,,,,,,,2026-08-16T17:54:38.981Z,K8EF3YCB,2026-08-16,2026-08-16,11:54:38,2026-08-16 11:54:38,,,,,,,,697ab12b4591197afc56d253,697ab12b4591197afc56d253,,,,
57190,raw_position_sample,2,3,adv,25,3,3,4,105, keep ,778,362,1584444.5999999642,697ab12b4591197afc56d253,697ab12b4591197afc56d253,advanced,3,697ab12b4591197afc56d253,697ab12b4591197afc56d253,spotlight_PROLIFIC,,31,Mexico,Spanish,N/A,,Spanish:75|English:25,100,Spanish:60|English:40,100,Spanish:90|English:10,100,29,0,Bachelor's,10,10,10,2,3,8,18,30,25,29,,,,,15,25,B1,intermediate|advanced,advanced|intermediate,cambridge_15_21_random_intermediate_advanced,4,20,random,,344.203125,764.515625,368.203125,810.1875,8,11,,,,,,,,,,,,2026-08-16T17:54:38.981Z,K8EF3YCB,2026-08-16,2026-08-16,11:54:38,2026-08-16 11:54:38,,,,,,,,697ab12b4591197afc56d253,697ab12b4591197afc56d253,,,,
57237,raw_position_sample,2,3,adv,25,3,3,4,105, keep ,778,362,1584492.0999999642,697ab12b4591197afc56d253,697ab12b4591197afc56d253,advanced,3,697ab12b4591197afc56d253,697ab12b4591197afc56d253,spotlight_PROLIFIC,,31,Mexico,Spanish,N/A,,Spanish:75|English:25,100,Spanish:60|English:40,100,Spanish:90|English:10,100,29,0,Bachelor's,10,10,10,2,3,8,18,30,25,29,,,,,15,25,B1,intermediate|advanced,advanced|intermediate,cambridge_15_21_random_intermediate_advanced,4,20,random,,344.203125,764.515625,368.203125,810.1875,8,11,,,,,,,,,,,,2026-08-16T17:54:38.981Z,K8EF3YCB,2026-08-16,2026-08-16,11:54:38,2026-08-16 11:54:38,,,,,,,,697ab12b4591197afc56d253,697ab12b4591197afc56d253,,,,
57256,hover_association,2,3,adv,25,3,3,4,105, keep ,765,359,,697ab12b4591197afc56d253,697ab12b4591197afc56d253,advanced,3,697ab12b4591197afc56d253,697ab12b4591197afc56d253,spotlight_PROLIFIC,,31,Mexico,Spanish,N/A,,Spanish:75|English:25,100,Spanish:60|English:40,100,Spanish:90|English:10,100,29,0,Bachelor's,10,10,10,2,3,8,18,30,25,29,,,,,15,25,B1,intermediate|advanced,advanced|intermediate,cambridge_15_21_random_intermediate_advanced,4,20,random,,336.203125,764.515625,376.203125,810.1875,8,11,hover,149.80000001192093,149.80000001192093,0.22955867259664728,0.669921875,106,,,,,,2026-08-16T17:54:38.981Z,K8EF3YCB,2026-08-16,2026-08-16,11:54:38,2026-08-16 11:54:38,,,,,,,,697ab12b4591197afc56d253,697ab12b4591197afc56d253,,,,
57290,hover_association,2,3,adv,25,3,3,4,104, and ,761,368,,697ab12b4591197afc56d253,697ab12b4591197afc56d253,advanced,3,697ab12b4591197afc56d253,697ab12b4591197afc56d253,spotlight_PROLIFIC,,31,Mexico,Spanish,N/A,,Spanish:75|English:25,100,Spanish:60|English:40,100,Spanish:90|English:10,100,29,0,Bachelor's,10,10,10,2,3,8,18,30,25,29,,,,,15,25,B1,intermediate|advanced,advanced|intermediate,cambridge_15_21_random_intermediate_advanced,4,20,random,,336.203125,727.53125,376.203125,764.515625,8,10,hover,33.39999997615814,33.39999997615814,0.3641740599915505,0.969921875,106,,,,,,2026-08-16T17:54:38.981Z,K8EF3YCB,2026-08-16,2026-08-16,11:54:38,2026-08-16 11:54:38,,,,,,,,697ab12b4591197afc56d253,697ab12b4591197afc56d253,,,,
57291,raw_position_sample,2,3,adv,25,3,3,4,-1,999,717,392,1584545.199999988,697ab12b4591197afc56d253,697ab12b4591197afc56d253,advanced,3,697ab12b4591197afc56d253,697ab12b4591197afc56d253,spotlight_PROLIFIC,,31,Mexico,Spanish,N/A,,Spanish:75|English:25,100,Spanish:60|English:40,100,Spanish:90|English:10,100,29,0,Bachelor's,10,10,10,2,3,8,18,30,25,29,,,,,15,25,B1,intermediate|advanced,advanced|intermediate,cambridge_15_21_random_intermediate_advanced,4,20,random,,,,,,,,,,,,,,,,,,,2026-08-16T17:54:38.981Z,K8EF3YCB,2026-08-16,2026-08-16,11:54:38,2026-08-16 11:54:38,,,,,,,,697ab12b4591197afc56d253,697ab12b4591197afc56d253,,,,
57340,raw_position_sample,2,3,adv,25,3,3,4,-1,999,717,392,1584594.0999999642,697ab12b4591197afc56d253,697ab12b4591197afc56d253,advanced,3,697ab12b4591197afc56d253,697ab12b4591197afc56d253,spotlight_PROLIFIC,,31,Mexico,Spanish,N/A,,Spanish:75|English:25,100,Spanish:60|English:40,100,Spanish:90|English:10,100,29,0,Bachelor's,10,10,10,2,3,8,18,30,25,29,,,,,15,25,B1,intermediate|advanced,advanced|intermediate,cambridge_15_21_random_intermediate_advanced,4,20,random,,,,,,,,,,,,,,,,,,,2026-08-16T17:54:38.981Z,K8EF3YCB,2026-08-16,2026-08-16,11:54:38,2026-08-16 11:54:38,,,,,,,,697ab12b4591197afc56d253,697ab12b4591197afc56d253,,,,
57384,raw_position_sample,2,3,adv,25,3,3,4,-1,999,717,392,1584639.0999999642,697ab12b4591197afc56d253,697ab12b4591197afc56d253,advanced,3,697ab12b4591197afc56d253,697ab12b4591197afc56d253,spotlight_PROLIFIC,,31,Mexico,Spanish,N/A,,Spanish:75|English:25,100,Spanish:60|English:40,100,Spanish:90|English:10,100,29,0,Bachelor's,10,10,10,2,3,8,18,30,25,29,,,,,15,25,B1,intermediate|advanced,advanced|intermediate,cambridge_15_21_random_intermediate_advanced,4,20,random,,,,,,,,,,,,,,,,,,,2026-08-16T17:54:38.981Z,K8EF3YCB,2026-08-16,2026-08-16,11:54:38,2026-08-16 11:54:38,,,,,,,,697ab12b4591197afc56d253,697ab12b4591197afc56d253,,,,
57437,raw_position_sample,2,3,adv,25,3,3,4,-1,999,717,392,1584691.3999999762,697ab12b4591197afc56d253,697ab12b4591197afc56d253,advanced,3,697ab12b4591197afc56d253,697ab12b4591197afc56d253,spotlight_PROLIFIC,,31,Mexico,Spanish,N/A,,Spanish:75|English:25,100,Spanish:60|English:40,100,Spanish:90|English:10,100,29,0,Bachelor's,10,10,10,2,3,8,18,30,25,29,,,,,15,25,B1,intermediate|advanced,advanced|intermediate,cambridge_15_21_random_intermediate_advanced,4,20,random,,,,,,,,,,,,,,,,,,,2026-08-16T17:54:38.981Z,K8EF3YCB,2026-08-16,2026-08-16,11:54:38,2026-08-16 11:54:38,,,,,,,,697ab12b4591197afc56d253,697ab12b4591197afc56d253,,,,
57485,raw_position_sample,2,3,adv,25,3,3,4,-1,999,717,392,1584739.5,697ab12b4591197afc56d253,697ab12b4591197afc56d253,advanced,3,697ab12b4591197afc56d253,697ab12b4591197afc56d253,spotlight_PROLIFIC,,31,Mexico,Spanish,N/A,,Spanish:75|English:25,100,Spanish:60|English:40,100,Spanish:90|English:10,100,29,0,Bachelor's,10,10,10,2,3,8,18,30,25,29,,,,,15,25,B1,intermediate|advanced,advanced|intermediate,cambridge_15_21_random_intermediate_advanced,4,20,random,,,,,,,,,,,,,,,,,,,2026-08-16T17:54:38.981Z,K8EF3YCB,2026-08-16,2026-08-16,11:54:38,2026-08-16 11:54:38,,,,,,,,697ab12b4591197afc56d253,697ab12b4591197afc56d253,,,,
57534,raw_position_sample,2,3,adv,25,3,3,4,-1,999,717,392,1584788.5,697ab12b4591197afc56d253,697ab12b4591197afc56d253,advanced,3,697ab12b4591197afc56d253,697ab12b4591197afc56d253,spotlight_PROLIFIC,,31,Mexico,Spanish,N/A,,Spanish:75|English:25,100,Spanish:60|English:40,100,Spanish:90|English:10,100,29,0,Bachelor's,10,10,10,2,3,8,18,30,25,29,,,,,15,25,B1,intermediate|advanced,advanced|intermediate,cambridge_15_21_random_intermediate_advanced,4,20,random,,,,,,,,,,,,,,,,,,,2026-08-16T17:54:38.981Z,K8EF3YCB,2026-08-16,2026-08-16,11:54:38,2026-08-16 11:54:38,,,,,,,,697ab12b4591197afc56d253,697ab12b4591197afc56d253,,,,
57588,raw_position_sample,2,3,adv,25,3,3,4,-1,999,717,392,1584843.0999999642,697ab12b4591197afc56d253,697ab12b4591197afc56d253,advanced,3,697ab12b4591197afc56d253,697ab12b4591197afc56d253,spotlight_PROLIFIC,,31,Mexico,Spanish,N/A,,Spanish:75|English:25,100,Spanish:60|English:40,100,Spanish:90|English:10,100,29,0,Bachelor's,10,10,10,2,3,8,18,30,25,29,,,,,15,25,B1,intermediate|advanced,advanced|intermediate,cambridge_15_21_random_intermediate_advanced,4,20,random,,,,,,,,,,,,,,,,,,,2026-08-16T17:54:38.981Z,K8EF3YCB,2026-08-16,2026-08-16,11:54:38,2026-08-16 11:54:38,,,,,,,,697ab12b4591197afc56d253,697ab12b4591197afc56d253,,,,
57638,raw_position_sample,2,3,adv,25,3,3,4,-1,999,717,392,1584893.0999999642,697ab12b4591197afc56d253,697ab12b4591197afc56d253,advanced,3,697ab12b4591197afc56d253,697ab12b4591197afc56d253,spotlight_PROLIFIC,,31,Mexico,Spanish,N/A,,Spanish:75|English:25,100,Spanish:60|English:40,100,Spanish:90|English:10,100,29,0,Bachelor's,10,10,10,2,3,8,18,30,25,29,,,,,15,25,B1,intermediate|advanced,advanced|intermediate,cambridge_15_21_random_intermediate_advanced,4,20,random,,,,,,,,,,,,,,,,,,,2026-08-16T17:54:38.981Z,K8EF3YCB,2026-08-16,2026-08-16,11:54:38,2026-08-16 11:54:38,,,,,,,,697ab12b4591197afc56d253,697ab12b4591197afc56d253,,,,
57687,raw_position_sample,2,3,adv,25,3,3,4,-1,999,717,392,1584941.5,697ab12b4591197afc56d253,697ab12b4591197afc56d253,advanced,3,697ab12b4591197afc56d253,697ab12b4591197afc56d253,spotlight_PROLIFIC,,31,Mexico,Spanish,N/A,,Spanish:75|English:25,100,Spanish:60|English:40,100,Spanish:90|English:10,100,29,0,Bachelor's,10,10,10,2,3,8,18,30,25,29,,,,,15,25,B1,intermediate|advanced,advanced|intermediate,cambridge_15_21_random_intermediate_advanced,4,20,random,,,,,,,,,,,,,,,,,,,2026-08-16T17:54:38.981Z,K8EF3YCB,2026-08-16,2026-08-16,11:54:38,2026-08-16 11:54:38,,,,,,,,697ab12b4591197afc56d253,697ab12b4591197afc56d253,,,,
57737,raw_position_sample,2,3,adv,25,3,3,4,-1,999,717,392,1584991.3999999762,697ab12b4591197afc56d253,697ab12b4591197afc56d253,advanced,3,697ab12b4591197afc56d253,697ab12b4591197afc56d253,spotlight_PROLIFIC,,31,Mexico,Spanish,N/A,,Spanish:75|English:25,100,Spanish:60|English:40,100,Spanish:90|English:10,100,29,0,Bachelor's,10,10,10,2,3,8,18,30,25,29,,,,,15,25,B1,intermediate|advanced,advanced|intermediate,cambridge_15_21_random_intermediate_advanced,4,20,random,,,,,,,,,,,,,,,,,,,2026-08-16T17:54:38.981Z,K8EF3YCB,2026-08-16,2026-08-16,11:54:38,2026-08-16 11:54:38,,,,,,,,697ab12b4591197afc56d253,697ab12b4591197afc56d253,,,,
57785,raw_position_sample,2,3,adv,25,3,3,4,-1,999,717,392,1585039.5,697ab12b4591197afc56d253,697ab12b4591197afc56d253,advanced,3,697ab12b4591197afc56d253,697ab12b4591197afc56d253,spotlight_PROLIFIC,,31,Mexico,Spanish,N/A,,Spanish:75|English:25,100,Spanish:60|English:40,100,Spanish:90|English:10,100,29,0,Bachelor's,10,10,10,2,3,8,18,30,25,29,,,,,15,25,B1,intermediate|advanced,advanced|intermediate,cambridge_15_21_random_intermediate_advanced,4,20,random,,,,,,,,,,,,,,,,,,,2026-08-16T17:54:38.981Z,K8EF3YCB,2026-08-16,2026-08-16,11:54:38,2026-08-16 11:54:38,,,,,,,,697ab12b4591197afc56d253,697ab12b4591197afc56d253,,,,
57836,raw_position_sample,2,3,adv,25,3,3,4,-1,999,717,392,1585091,697ab12b4591197afc56d253,697ab12b4591197afc56d253,advanced,3,697ab12b4591197afc56d253,697ab12b4591197afc56d253,spotlight_PROLIFIC,,31,Mexico,Spanish,N/A,,Spanish:75|English:25,100,Spanish:60|English:40,100,Spanish:90|English:10,100,29,0,Bachelor's,10,10,10,2,3,8,18,30,25,29,,,,,15,25,B1,intermediate|advanced,advanced|intermediate,cambridge_15_21_random_intermediate_advanced,4,20,random,,,,,,,,,,,,,,,,,,,2026-08-16T17:54:38.981Z,K8EF3YCB,2026-08-16,2026-08-16,11:54:38,2026-08-16 11:54:38,,,,,,,,697ab12b4591197afc56d253,697ab12b4591197afc56d253,,,,
57884,raw_position_sample,2,3,adv,25,3,3,4,-1,999,717,392,1585138.8999999762,697ab12b4591197afc56d253,697ab12b4591197afc56d253,advanced,3,697ab12b4591197afc56d253,697ab12b4591197afc56d253,spotlight_PROLIFIC,,31,Mexico,Spanish,N/A,,Spanish:75|English:25,100,Spanish:60|English:40,100,Spanish:90|English:10,100,29,0,Bachelor's,10,10,10,2,3,8,18,30,25,29,,,,,15,25,B1,intermediate|advanced,advanced|intermediate,cambridge_15_21_random_intermediate_advanced,4,20,random,,,,,,,,,,,,,,,,,,,2026-08-16T17:54:38.981Z,K8EF3YCB,2026-08-16,2026-08-16,11:54:38,2026-08-16 11:54:38,,,,,,,,697ab12b4591197afc56d253,697ab12b4591197afc56d253,,,,
57937,raw_position_sample,2,3,adv,25,3,3,4,-1,999,717,392,1585191.5999999642,697ab12b4591197afc56d253,697ab12b4591197afc56d253,advanced,3,697ab12b4591197afc56d253,697ab12b4591197afc56d253,spotlight_PROLIFIC,,31,Mexico,Spanish,N/A,,Spanish:75|English:25,100,Spanish:60|English:40,100,Spanish:90|English:10,100,29,0,Bachelor's,10,10,10,2,3,8,18,30,25,29,,,,,15,25,B1,intermediate|advanced,advanced|intermediate,cambridge_15_21_random_intermediate_advanced,4,20,random,,,,,,,,,,,,,,,,,,,2026-08-16T17:54:38.981Z,K8EF3YCB,2026-08-16,2026-08-16,11:54:38,2026-08-16 11:54:38,,,,,,,,697ab12b4591197afc56d253,697ab12b4591197afc56d253,,,,
83028,,,,adv,25,3,3,,,,,,,697ab12b4591197afc56d253,697ab12b4591197afc56d253,,,697ab12b4591197afc56d253,697ab12b4591197afc56d253,spotlight_PROLIFIC,,31,Mexico,Spanish,N/A,,Spanish:75|English:25,100,Spanish:60|English:40,100,Spanish:90|English:10,100,29,0,Bachelor's,10,10,10,2,3,8,18,30,25,29,,,,,15,25,B1,intermediate|advanced,advanced|intermediate,cambridge_15_21_random_intermediate_advanced,4,20,random,,,,,,,,,,,,,,Items that comply with the assigned department or item type,1,,,,2026-08-16T17:54:38.981Z,K8EF3YCB,2026-08-16,2026-08-16,11:54:38,2026-08-16 11:54:38,,,,,,,,697ab12b4591197afc56d253,697ab12b4591197afc56d253,,,,
