responseTime,recordType,Experiment,Condition,onestop_level,onestop_article_number,onestop_paragraph_number,ItemId,presentation_order,Index,Word,mousePositionX,mousePositionY,sampleTimeMs,SubjectId,SubjectID,onestop_block_level,onestop_paragraph_index,ProlificId,ProlificID,study_key,source,demo_age,demo_country,demo_native_language,demo_other_languages,demo_other_languages_parsed,demo_exposure_pcts,demo_exposure_total_pct,demo_read_pcts,demo_read_total_pct,demo_speak_pcts,demo_speak_total_pct,demo_formal_education_years,demo_years_current_institution,demo_highest_education,demo_native_speaking,demo_native_understanding,demo_native_reading,demo_english_speaking,demo_english_understanding,demo_english_reading,demo_english_acquire_start_age,demo_english_fluent_age,demo_english_read_start_age,demo_english_read_fluent_age,demo_other_english_test,demo_other_english_test_score,cambridge_item,cambridge_selected,cambridge_correct_answer,cambridge_item_correct,cambridge_score,cambridge_max,cambridge_cefr,onestop_level_pair,onestop_level_block_order,onestop_level_assignment_rule,onestop_reading_article_count,onestop_reading_trial_count,onestop_article_selection_mode,onestop_manual_article_numbers,wordPositionTop,wordPositionLeft,wordPositionBottom,wordPositionRight,line_number,position_in_line,revealMode,clickDurationMs,hoverDurationMs,relativeXInWord,relativeYInWord,totalWordsInItem,response,response_correct,prolific_pid,prolific_study_id,prolific_session_id,experiment_start_time,ParticipantId,experiment_start_date,experiment_date,experiment_start_clock_time,experiment_start_time_local,experiment_end_time,experiment_duration,glb_ProlificId,glb_ProlificID,glb_SubjectId,glb_SubjectID,glb_study_key,SONAId,SonaId,experiment_end_date,experiment_end_clock_time,experiment_end_time_local,experiment_duration_ms
49,raw_position_sample,2,3,adv,25,4,18,19,-1,999,554,103,1698900.699999988,69aefaccbf52402fcb03f38a,69aefaccbf52402fcb03f38a,advanced,4,69aefaccbf52402fcb03f38a,69aefaccbf52402fcb03f38a,spotlight_PROLIFIC,,36,Chile,Spanish,"Spanish, English, Japanese",Japanese,Spanish:75|English:15|Japanese:10,100,Spanish:50|English:35|Japanese:15,100,Spanish:80|English:10|Japanese:10,100,7,5,Bachelor's,10,10,10,7,7,10,5,22,8,15,Duolingo,130,,,,,17,25,B1,intermediate|advanced,intermediate|advanced,cambridge_15_21_random_intermediate_advanced,4,19,random,,,,,,,,,,,,,,,,,,,2026-09-22T16:00:40.289Z,HM6QAFBU,2026-09-22,2026-09-22,13:00:40,2026-09-22 13:00:40,,,,,,,,69aefaccbf52402fcb03f38a,69aefaccbf52402fcb03f38a,,,,
97,raw_position_sample,2,3,adv,25,4,18,19,-1,999,545,97,1698948.5,69aefaccbf52402fcb03f38a,69aefaccbf52402fcb03f38a,advanced,4,69aefaccbf52402fcb03f38a,69aefaccbf52402fcb03f38a,spotlight_PROLIFIC,,36,Chile,Spanish,"Spanish, English, Japanese",Japanese,Spanish:75|English:15|Japanese:10,100,Spanish:50|English:35|Japanese:15,100,Spanish:80|English:10|Japanese:10,100,7,5,Bachelor's,10,10,10,7,7,10,5,22,8,15,Duolingo,130,,,,,17,25,B1,intermediate|advanced,intermediate|advanced,cambridge_15_21_random_intermediate_advanced,4,19,random,,,,,,,,,,,,,,,,,,,2026-09-22T16:00:40.289Z,HM6QAFBU,2026-09-22,2026-09-22,13:00:40,2026-09-22 13:00:40,,,,,,,,69aefaccbf52402fcb03f38a,69aefaccbf52402fcb03f38a,,,,
148,raw_position_sample,2,3,adv,25,4,18,19,-1,999,545,97,1698999.699999988,69aefaccbf52402fcb03f38a,69aefaccbf52402fcb03f38a,advanced,4,69aefaccbf52402fcb03f38a,69aefaccbf52402fcb03f38a,spotlight_PROLIFIC,,36,Chile,Spanish,"Spanish, English, Japanese",Japanese,Spanish:75|English:15|Japanese:10,100,Spanish:50|English:35|Japanese:15,100,Spanish:80|English:10|Japanese:10,100,7,5,Bachelor's,10,10,10,7,7,10,5,22,8,15,Duolingo,130,,,,,17,25,B1,intermediate|advanced,intermediate|advanced,cambridge_15_21_random_intermediate_advanced,4,19,random,,,,,,,,,,,,,,,,,,,2026-09-22T16:00:40.289Z,HM6QAFBU,2026-09-22,2026-09-22,13:00:40,2026-09-22 13:00:40,,,,,,,,69aefaccbf52402fcb03f38a,69aefaccbf52402fcb03f38a,,,,
213,raw_position_sample,2,3,adv,25,4,18,19,-1,999,545,97,1699064,69aefaccbf52402fcb03f38a,69aefaccbf52402fcb03f38a,advanced,4,69aefaccbf52402fcb03f38a,69aefaccbf52402fcb03f38a,spotlight_PROLIFIC,,36,Chile,Spanish,"Spanish, English, Japanese",Japanese,Spanish:75|English:15|Japanese:10,100,Spanish:50|English:35|Japanese:15,100,Spanish:80|English:10|Japanese:10,100,7,5,Bachelor's,10,10,10,7,7,10,5,22,8,15,Duolingo,130,,,,,17,25,B1,intermediate|advanced,intermediate|advanced,cambridge_15_21_random_intermediate_advanced,4,19,random,,,,,,,,,,,,,,,,,,,2026-09-22T16:00:40.289Z,HM6QAFBU,2026-09-22,2026-09-22,13:00:40,2026-09-22 13:00:40,,,,,,,,69aefaccbf52402fcb03f38a,69aefaccbf52402fcb03f38a,,,,
250,raw_position_sample,2,3,adv,25,4,18,19,-1,999,545,97,1699101.5,69aefaccbf52402fcb03f38a,69aefaccbf52402fcb03f38a,advanced,4,69aefaccbf52402fcb03f38a,69aefaccbf52402fcb03f38a,spotlight_PROLIFIC,,36,Chile,Spanish,"Spanish, English, Japanese",Japanese,Spanish:75|English:15|Japanese:10,100,Spanish:50|English:35|Japanese:15,100,Spanish:80|English:10|Japanese:10,100,7,5,Bachelor's,10,10,10,7,7,10,5,22,8,15,Duolingo,130,,,,,17,25,B1,intermediate|advanced,intermediate|advanced,cambridge_15_21_random_intermediate_advanced,4,19,random,,,,,,,,,,,,,,,,,,,2026-09-22T16:00:40.289Z,HM6QAFBU,2026-09-22,2026-09-22,13:00:40,2026-09-22 13:00:40,,,,,,,,69aefaccbf52402fcb03f38a,69aefaccbf52402fcb03f38a,,,,
300,raw_position_sample,2,3,adv,25,4,18,19,-1,999,545,97,1699151.6000000238,69aefaccbf52402fcb03f38a,69aefaccbf52402fcb03f38a,advanced,4,69aefaccbf52402fcb03f38a,69aefaccbf52402fcb03f38a,spotlight_PROLIFIC,,36,Chile,Spanish,"Spanish, English, Japanese",Japanese,Spanish:75|English:15|Japanese:10,100,Spanish:50|English:35|Japanese:15,100,Spanish:80|English:10|Japanese:10,100,7,5,Bachelor's,10,10,10,7,7,10,5,22,8,15,Duolingo,130,,,,,17,25,B1,intermediate|advanced,intermediate|advanced,cambridge_15_21_random_intermediate_advanced,4,19,random,,,,,,,,,,,,,,,,,,,2026-09-22T16:00:40.289Z,HM6QAFBU,2026-09-22,2026-09-22,13:00:40,2026-09-22 13:00:40,,,,,,,,69aefaccbf52402fcb03f38a,69aefaccbf52402fcb03f38a,,,,
352,raw_position_sample,2,3,adv,25,4,18,19,-1,999,563,99,1699203.3999999762,69aefaccbf52402fcb03f38a,69aefaccbf52402fcb03f38a,advanced,4,69aefaccbf52402fcb03f38a,69aefaccbf52402fcb03f38a,spotlight_PROLIFIC,,36,Chile,Spanish,"Spanish, English, Japanese",Japanese,Spanish:75|English:15|Japanese:10,100,Spanish:50|English:35|Japanese:15,100,Spanish:80|English:10|Japanese:10,100,7,5,Bachelor's,10,10,10,7,7,10,5,22,8,15,Duolingo,130,,,,,17,25,B1,intermediate|advanced,intermediate|advanced,cambridge_15_21_random_intermediate_advanced,4,19,random,,,,,,,,,,,,,,,,,,,2026-09-22T16:00:40.289Z,HM6QAFBU,2026-09-22,2026-09-22,13:00:40,2026-09-22 13:00:40,,,,,,,,69aefaccbf52402fcb03f38a,69aefaccbf52402fcb03f38a,,,,
400,raw_position_sample,2,3,adv,25,4,18,19,-1,999,577,105,1699251.199999988,69aefaccbf52402fcb03f38a,69aefaccbf52402fcb03f38a,advanced,4,69aefaccbf52402fcb03f38a,69aefaccbf52402fcb03f38a,spotlight_PROLIFIC,,36,Chile,Spanish,"Spanish, English, Japanese",Japanese,Spanish:75|English:15|Japanese:10,100,Spanish:50|English:35|Japanese:15,100,Spanish:80|English:10|Japanese:10,100,7,5,Bachelor's,10,10,10,7,7,10,5,22,8,15,Duolingo,130,,,,,17,25,B1,intermediate|advanced,intermediate|advanced,cambridge_15_21_random_intermediate_advanced,4,19,random,,,,,,,,,,,,,,,,,,,2026-09-22T16:00:40.289Z,HM6QAFBU,2026-09-22,2026-09-22,13:00:40,2026-09-22 13:00:40,,,,,,,,69aefaccbf52402fcb03f38a,69aefaccbf52402fcb03f38a,,,,
451,raw_position_sample,2,3,adv,25,4,18,19,-1,999,606,115,1699302.800000012,69aefaccbf52402fcb03f38a,69aefaccbf52402fcb03f38a,advanced,4,69aefaccbf52402fcb03f38a,69aefaccbf52402fcb03f38a,spotlight_PROLIFIC,,36,Chile,Spanish,"Spanish, English, Japanese",Japanese,Spanish:75|English:15|Japanese:10,100,Spanish:50|English:35|Japanese:15,100,Spanish:80|English:10|Japanese:10,100,7,5,Bachelor's,10,10,10,7,7,10,5,22,8,15,Duolingo,130,,,,,17,25,B1,intermediate|advanced,intermediate|advanced,cambridge_15_21_random_intermediate_advanced,4,19,random,,,,,,,,,,,,,,,,,,,2026-09-22T16:00:40.289Z,HM6QAFBU,2026-09-22,2026-09-22,13:00:40,2026-09-22 13:00:40,,,,,,,,69aefaccbf52402fcb03f38a,69aefaccbf52402fcb03f38a,,,,
506,raw_position_sample,2,3,adv,25,4,18,19,-1,999,613,118,1699357.8999999762,69aefaccbf52402fcb03f38a,69aefaccbf52402fcb03f38a,advanced,4,69aefaccbf52402fcb03f38a,69aefaccbf52402fcb03f38a,spotlight_PROLIFIC,,36,Chile,Spanish,"Spanish, English, Japanese",Japanese,Spanish:75|English:15|Japanese:10,100,Spanish:50|English:35|Japanese:15,100,Spanish:80|English:10|Japanese:10,100,7,5,Bachelor's,10,10,10,7,7,10,5,22,8,15,Duolingo,130,,,,,17,25,B1,intermediate|advanced,intermediate|advanced,cambridge_15_21_random_intermediate_advanced,4,19,random,,,,,,,,,,,,,,,,,,,2026-09-22T16:00:40.289Z,HM6QAFBU,2026-09-22,2026-09-22,13:00:40,2026-09-22 13:00:40,,,,,,,,69aefaccbf52402fcb03f38a,69aefaccbf52402fcb03f38a,,,,
553,raw_position_sample,2,3,adv,25,4,18,19,-1,999,616,119,1699404.800000012,69aefaccbf52402fcb03f38a,69aefaccbf52402fcb03f38a,advanced,4,69aefaccbf52402fcb03f38a,69aefaccbf52402fcb03f38a,spotlight_PROLIFIC,,36,Chile,Spanish,"Spanish, English, Japanese",Japanese,Spanish:75|English:15|Japanese:10,100,Spanish:50|English:35|Japanese:15,100,Spanish:80|English:10|Japanese:10,100,7,5,Bachelor's,10,10,10,7,7,10,5,22,8,15,Duolingo,130,,,,,17,25,B1,intermediate|advanced,intermediate|advanced,cambridge_15_21_random_intermediate_advanced,4,19,random,,,,,,,,,,,,,,,,,,,2026-09-22T16:00:40.289Z,HM6QAFBU,2026-09-22,2026-09-22,13:00:40,2026-09-22 13:00:40,,,,,,,,69aefaccbf52402fcb03f38a,69aefaccbf52402fcb03f38a,,,,
601,raw_position_sample,2,3,adv,25,4,18,19,1, Like ,626,123,1699452.3999999762,69aefaccbf52402fcb03f38a,69aefaccbf52402fcb03f38a,advanced,4,69aefaccbf52402fcb03f38a,69aefaccbf52402fcb03f38a,spotlight_PROLIFIC,,36,Chile,Spanish,"Spanish, English, Japanese",Japanese,Spanish:75|English:15|Japanese:10,100,Spanish:50|English:35|Japanese:15,100,Spanish:80|English:10|Japanese:10,100,7,5,Bachelor's,10,10,10,7,7,10,5,22,8,15,Duolingo,130,,,,,17,25,B1,intermediate|advanced,intermediate|advanced,cambridge_15_21_random_intermediate_advanced,4,19,random,,123.265625,625.375,143.265625,663.40625,1,1,,,,,,,,,,,,2026-09-22T16:00:40.289Z,HM6QAFBU,2026-09-22,2026-09-22,13:00:40,2026-09-22 13:00:40,,,,,,,,69aefaccbf52402fcb03f38a,69aefaccbf52402fcb03f38a,,,,
657,raw_position_sample,2,3,adv,25,4,18,19,1, Like ,634,126,1699508.1000000238,69aefaccbf52402fcb03f38a,69aefaccbf52402fcb03f38a,advanced,4,69aefaccbf52402fcb03f38a,69aefaccbf52402fcb03f38a,spotlight_PROLIFIC,,36,Chile,Spanish,"Spanish, English, Japanese",Japanese,Spanish:75|English:15|Japanese:10,100,Spanish:50|English:35|Japanese:15,100,Spanish:80|English:10|Japanese:10,100,7,5,Bachelor's,10,10,10,7,7,10,5,22,8,15,Duolingo,130,,,,,17,25,B1,intermediate|advanced,intermediate|advanced,cambridge_15_21_random_intermediate_advanced,4,19,random,,123.265625,625.375,143.265625,663.40625,1,1,,,,,,,,,,,,2026-09-22T16:00:40.289Z,HM6QAFBU,2026-09-22,2026-09-22,13:00:40,2026-09-22 13:00:40,,,,,,,,69aefaccbf52402fcb03f38a,69aefaccbf52402fcb03f38a,,,,
706,raw_position_sample,2,3,adv,25,4,18,19,1, Like ,645,130,1699557.6000000238,69aefaccbf52402fcb03f38a,69aefaccbf52402fcb03f38a,advanced,4,69aefaccbf52402fcb03f38a,69aefaccbf52402fcb03f38a,spotlight_PROLIFIC,,36,Chile,Spanish,"Spanish, English, Japanese",Japanese,Spanish:75|English:15|Japanese:10,100,Spanish:50|English:35|Japanese:15,100,Spanish:80|English:10|Japanese:10,100,7,5,Bachelor's,10,10,10,7,7,10,5,22,8,15,Duolingo,130,,,,,17,25,B1,intermediate|advanced,intermediate|advanced,cambridge_15_21_random_intermediate_advanced,4,19,random,,123.265625,625.375,143.265625,663.40625,1,1,,,,,,,,,,,,2026-09-22T16:00:40.289Z,HM6QAFBU,2026-09-22,2026-09-22,13:00:40,2026-09-22 13:00:40,,,,,,,,69aefaccbf52402fcb03f38a,69aefaccbf52402fcb03f38a,,,,
750,raw_position_sample,2,3,adv,25,4,18,19,1, Like ,649,130,1699601.8999999762,69aefaccbf52402fcb03f38a,69aefaccbf52402fcb03f38a,advanced,4,69aefaccbf52402fcb03f38a,69aefaccbf52402fcb03f38a,spotlight_PROLIFIC,,36,Chile,Spanish,"Spanish, English, Japanese",Japanese,Spanish:75|English:15|Japanese:10,100,Spanish:50|English:35|Japanese:15,100,Spanish:80|English:10|Japanese:10,100,7,5,Bachelor's,10,10,10,7,7,10,5,22,8,15,Duolingo,130,,,,,17,25,B1,intermediate|advanced,intermediate|advanced,cambridge_15_21_random_intermediate_advanced,4,19,random,,123.265625,625.375,143.265625,663.40625,1,1,,,,,,,,,,,,2026-09-22T16:00:40.289Z,HM6QAFBU,2026-09-22,2026-09-22,13:00:40,2026-09-22 13:00:40,,,,,,,,69aefaccbf52402fcb03f38a,69aefaccbf52402fcb03f38a,,,,
798,raw_position_sample,2,3,adv,25,4,18,19,1, Like ,650,130,1699649.699999988,69aefaccbf52402fcb03f38a,69aefaccbf52402fcb03f38a,advanced,4,69aefaccbf52402fcb03f38a,69aefaccbf52402fcb03f38a,spotlight_PROLIFIC,,36,Chile,Spanish,"Spanish, English, Japanese",Japanese,Spanish:75|English:15|Japanese:10,100,Spanish:50|English:35|Japanese:15,100,Spanish:80|English:10|Japanese:10,100,7,5,Bachelor's,10,10,10,7,7,10,5,22,8,15,Duolingo,130,,,,,17,25,B1,intermediate|advanced,intermediate|advanced,cambridge_15_21_random_intermediate_advanced,4,19,random,,123.265625,625.375,143.265625,663.40625,1,1,,,,,,,,,,,,2026-09-22T16:00:40.289Z,HM6QAFBU,2026-09-22,2026-09-22,13:00:40,2026-09-22 13:00:40,,,,,,,,69aefaccbf52402fcb03f38a,69aefaccbf52402fcb03f38a,,,,
854,raw_position_sample,2,3,adv,25,4,18,19,1, Like ,663,133,1699704.8999999762,69aefaccbf52402fcb03f38a,69aefaccbf52402fcb03f38a,advanced,4,69aefaccbf52402fcb03f38a,69aefaccbf52402fcb03f38a,spotlight_PROLIFIC,,36,Chile,Spanish,"Spanish, English, Japanese",Japanese,Spanish:75|English:15|Japanese:10,100,Spanish:50|English:35|Japanese:15,100,Spanish:80|English:10|Japanese:10,100,7,5,Bachelor's,10,10,10,7,7,10,5,22,8,15,Duolingo,130,,,,,17,25,B1,intermediate|advanced,intermediate|advanced,cambridge_15_21_random_intermediate_advanced,4,19,random,,123.265625,625.375,143.265625,663.40625,1,1,,,,,,,,,,,,2026-09-22T16:00:40.289Z,HM6QAFBU,2026-09-22,2026-09-22,13:00:40,2026-09-22 13:00:40,,,,,,,,69aefaccbf52402fcb03f38a,69aefaccbf52402fcb03f38a,,,,
866,hover_association,2,3,adv,25,4,18,19,1, Like ,626,123,,69aefaccbf52402fcb03f38a,69aefaccbf52402fcb03f38a,advanced,4,69aefaccbf52402fcb03f38a,69aefaccbf52402fcb03f38a,spotlight_PROLIFIC,,36,Chile,Spanish,"Spanish, English, Japanese",Japanese,Spanish:75|English:15|Japanese:10,100,Spanish:50|English:35|Japanese:15,100,Spanish:80|English:10|Japanese:10,100,7,5,Bachelor's,10,10,10,7,7,10,5,22,8,15,Duolingo,130,,,,,17,25,B1,intermediate|advanced,intermediate|advanced,cambridge_15_21_random_intermediate_advanced,4,19,random,,113.265625,622.2057291666666,153.265625,663.40625,1,1,hover,266.69999998807907,266.69999998807907,0.990139687756779,0.493359375,165,,,,,,2026-09-22T16:00:40.289Z,HM6QAFBU,2026-09-22,2026-09-22,13:00:40,2026-09-22 13:00:40,,,,,,,,69aefaccbf52402fcb03f38a,69aefaccbf52402fcb03f38a,,,,
901,raw_position_sample,2,3,adv,25,4,18,19,2, most ,672,134,1699752.6000000238,69aefaccbf52402fcb03f38a,69aefaccbf52402fcb03f38a,advanced,4,69aefaccbf52402fcb03f38a,69aefaccbf52402fcb03f38a,spotlight_PROLIFIC,,36,Chile,Spanish,"Spanish, English, Japanese",Japanese,Spanish:75|English:15|Japanese:10,100,Spanish:50|English:35|Japanese:15,100,Spanish:80|English:10|Japanese:10,100,7,5,Bachelor's,10,10,10,7,7,10,5,22,8,15,Duolingo,130,,,,,17,25,B1,intermediate|advanced,intermediate|advanced,cambridge_15_21_random_intermediate_advanced,4,19,random,,123.265625,663.40625,143.265625,707.421875,1,2,,,,,,,,,,,,2026-09-22T16:00:40.289Z,HM6QAFBU,2026-09-22,2026-09-22,13:00:40,2026-09-22 13:00:40,,,,,,,,69aefaccbf52402fcb03f38a,69aefaccbf52402fcb03f38a,,,,
956,raw_position_sample,2,3,adv,25,4,18,19,2, most ,683,134,1699807.199999988,69aefaccbf52402fcb03f38a,69aefaccbf52402fcb03f38a,advanced,4,69aefaccbf52402fcb03f38a,69aefaccbf52402fcb03f38a,spotlight_PROLIFIC,,36,Chile,Spanish,"Spanish, English, Japanese",Japanese,Spanish:75|English:15|Japanese:10,100,Spanish:50|English:35|Japanese:15,100,Spanish:80|English:10|Japanese:10,100,7,5,Bachelor's,10,10,10,7,7,10,5,22,8,15,Duolingo,130,,,,,17,25,B1,intermediate|advanced,intermediate|advanced,cambridge_15_21_random_intermediate_advanced,4,19,random,,123.265625,663.40625,143.265625,707.421875,1,2,,,,,,,,,,,,2026-09-22T16:00:40.289Z,HM6QAFBU,2026-09-22,2026-09-22,13:00:40,2026-09-22 13:00:40,,,,,,,,69aefaccbf52402fcb03f38a,69aefaccbf52402fcb03f38a,,,,
1006,raw_position_sample,2,3,adv,25,4,18,19,2, most ,695,134,1699857.199999988,69aefaccbf52402fcb03f38a,69aefaccbf52402fcb03f38a,advanced,4,69aefaccbf52402fcb03f38a,69aefaccbf52402fcb03f38a,spotlight_PROLIFIC,,36,Chile,Spanish,"Spanish, English, Japanese",Japanese,Spanish:75|English:15|Japanese:10,100,Spanish:50|English:35|Japanese:15,100,Spanish:80|English:10|Japanese:10,100,7,5,Bachelor's,10,10,10,7,7,10,5,22,8,15,Duolingo,130,,,,,17,25,B1,intermediate|advanced,intermediate|advanced,cambridge_15_21_random_intermediate_advanced,4,19,random,,123.265625,663.40625,143.265625,707.421875,1,2,,,,,,,,,,,,2026-09-22T16:00:40.289Z,HM6QAFBU,2026-09-22,2026-09-22,13:00:40,2026-09-22 13:00:40,,,,,,,,69aefaccbf52402fcb03f38a,69aefaccbf52402fcb03f38a,,,,
1057,raw_position_sample,2,3,adv,25,4,18,19,2, most ,698,135,1699908.300000012,69aefaccbf52402fcb03f38a,69aefaccbf52402fcb03f38a,advanced,4,69aefaccbf52402fcb03f38a,69aefaccbf52402fcb03f38a,spotlight_PROLIFIC,,36,Chile,Spanish,"Spanish, English, Japanese",Japanese,Spanish:75|English:15|Japanese:10,100,Spanish:50|English:35|Japanese:15,100,Spanish:80|English:10|Japanese:10,100,7,5,Bachelor's,10,10,10,7,7,10,5,22,8,15,Duolingo,130,,,,,17,25,B1,intermediate|advanced,intermediate|advanced,cambridge_15_21_random_intermediate_advanced,4,19,random,,123.265625,663.40625,143.265625,707.421875,1,2,,,,,,,,,,,,2026-09-22T16:00:40.289Z,HM6QAFBU,2026-09-22,2026-09-22,13:00:40,2026-09-22 13:00:40,,,,,,,,69aefaccbf52402fcb03f38a,69aefaccbf52402fcb03f38a,,,,
1098,raw_position_sample,2,3,adv,25,4,18,19,2, most ,699,135,1699949.800000012,69aefaccbf52402fcb03f38a,69aefaccbf52402fcb03f38a,advanced,4,69aefaccbf52402fcb03f38a,69aefaccbf52402fcb03f38a,spotlight_PROLIFIC,,36,Chile,Spanish,"Spanish, English, Japanese",Japanese,Spanish:75|English:15|Japanese:10,100,Spanish:50|English:35|Japanese:15,100,Spanish:80|English:10|Japanese:10,100,7,5,Bachelor's,10,10,10,7,7,10,5,22,8,15,Duolingo,130,,,,,17,25,B1,intermediate|advanced,intermediate|advanced,cambridge_15_21_random_intermediate_advanced,4,19,random,,123.265625,663.40625,143.265625,707.421875,1,2,,,,,,,,,,,,2026-09-22T16:00:40.289Z,HM6QAFBU,2026-09-22,2026-09-22,13:00:40,2026-09-22 13:00:40,,,,,,,,69aefaccbf52402fcb03f38a,69aefaccbf52402fcb03f38a,,,,
1155,raw_position_sample,2,3,adv,25,4,18,19,2, most ,706,135,1700006.6000000238,69aefaccbf52402fcb03f38a,69aefaccbf52402fcb03f38a,advanced,4,69aefaccbf52402fcb03f38a,69aefaccbf52402fcb03f38a,spotlight_PROLIFIC,,36,Chile,Spanish,"Spanish, English, Japanese",Japanese,Spanish:75|English:15|Japanese:10,100,Spanish:50|English:35|Japanese:15,100,Spanish:80|English:10|Japanese:10,100,7,5,Bachelor's,10,10,10,7,7,10,5,22,8,15,Duolingo,130,,,,,17,25,B1,intermediate|advanced,intermediate|advanced,cambridge_15_21_random_intermediate_advanced,4,19,random,,123.265625,663.40625,143.265625,707.421875,1,2,,,,,,,,,,,,2026-09-22T16:00:40.289Z,HM6QAFBU,2026-09-22,2026-09-22,13:00:40,2026-09-22 13:00:40,,,,,,,,69aefaccbf52402fcb03f38a,69aefaccbf52402fcb03f38a,,,,
1168,hover_association,2,3,adv,25,4,18,19,2, most ,666,134,,69aefaccbf52402fcb03f38a,69aefaccbf52402fcb03f38a,advanced,4,69aefaccbf52402fcb03f38a,69aefaccbf52402fcb03f38a,spotlight_PROLIFIC,,36,Chile,Spanish,"Spanish, English, Japanese",Japanese,Spanish:75|English:15|Japanese:10,100,Spanish:50|English:35|Japanese:15,100,Spanish:80|English:10|Japanese:10,100,7,5,Bachelor's,10,10,10,7,7,10,5,22,8,15,Duolingo,130,,,,,17,25,B1,intermediate|advanced,intermediate|advanced,cambridge_15_21_random_intermediate_advanced,4,19,random,,113.265625,663.40625,153.265625,707.421875,1,2,hover,300.5999999642372,300.5999999642372,0.9676961306354278,0.543359375,165,,,,,,2026-09-22T16:00:40.289Z,HM6QAFBU,2026-09-22,2026-09-22,13:00:40,2026-09-22 13:00:40,,,,,,,,69aefaccbf52402fcb03f38a,69aefaccbf52402fcb03f38a,,,,
1198,raw_position_sample,2,3,adv,25,4,18,19,3, full-time ,713,135,1700049.6000000238,69aefaccbf52402fcb03f38a,69aefaccbf52402fcb03f38a,advanced,4,69aefaccbf52402fcb03f38a,69aefaccbf52402fcb03f38a,spotlight_PROLIFIC,,36,Chile,Spanish,"Spanish, English, Japanese",Japanese,Spanish:75|English:15|Japanese:10,100,Spanish:50|English:35|Japanese:15,100,Spanish:80|English:10|Japanese:10,100,7,5,Bachelor's,10,10,10,7,7,10,5,22,8,15,Duolingo,130,,,,,17,25,B1,intermediate|advanced,intermediate|advanced,cambridge_15_21_random_intermediate_advanced,4,19,random,,123.265625,707.421875,143.265625,775.4375,1,3,,,,,,,,,,,,2026-09-22T16:00:40.289Z,HM6QAFBU,2026-09-22,2026-09-22,13:00:40,2026-09-22 13:00:40,,,,,,,,69aefaccbf52402fcb03f38a,69aefaccbf52402fcb03f38a,,,,
1249,raw_position_sample,2,3,adv,25,4,18,19,3, full-time ,721,135,1700099.8999999762,69aefaccbf52402fcb03f38a,69aefaccbf52402fcb03f38a,advanced,4,69aefaccbf52402fcb03f38a,69aefaccbf52402fcb03f38a,spotlight_PROLIFIC,,36,Chile,Spanish,"Spanish, English, Japanese",Japanese,Spanish:75|English:15|Japanese:10,100,Spanish:50|English:35|Japanese:15,100,Spanish:80|English:10|Japanese:10,100,7,5,Bachelor's,10,10,10,7,7,10,5,22,8,15,Duolingo,130,,,,,17,25,B1,intermediate|advanced,intermediate|advanced,cambridge_15_21_random_intermediate_advanced,4,19,random,,123.265625,707.421875,143.265625,775.4375,1,3,,,,,,,,,,,,2026-09-22T16:00:40.289Z,HM6QAFBU,2026-09-22,2026-09-22,13:00:40,2026-09-22 13:00:40,,,,,,,,69aefaccbf52402fcb03f38a,69aefaccbf52402fcb03f38a,,,,
1301,raw_position_sample,2,3,adv,25,4,18,19,3, full-time ,730,135,1700152.800000012,69aefaccbf52402fcb03f38a,69aefaccbf52402fcb03f38a,advanced,4,69aefaccbf52402fcb03f38a,69aefaccbf52402fcb03f38a,spotlight_PROLIFIC,,36,Chile,Spanish,"Spanish, English, Japanese",Japanese,Spanish:75|English:15|Japanese:10,100,Spanish:50|English:35|Japanese:15,100,Spanish:80|English:10|Japanese:10,100,7,5,Bachelor's,10,10,10,7,7,10,5,22,8,15,Duolingo,130,,,,,17,25,B1,intermediate|advanced,intermediate|advanced,cambridge_15_21_random_intermediate_advanced,4,19,random,,123.265625,707.421875,143.265625,775.4375,1,3,,,,,,,,,,,,2026-09-22T16:00:40.289Z,HM6QAFBU,2026-09-22,2026-09-22,13:00:40,2026-09-22 13:00:40,,,,,,,,69aefaccbf52402fcb03f38a,69aefaccbf52402fcb03f38a,,,,
1351,raw_position_sample,2,3,adv,25,4,18,19,3, full-time ,735,135,1700202.1000000238,69aefaccbf52402fcb03f38a,69aefaccbf52402fcb03f38a,advanced,4,69aefaccbf52402fcb03f38a,69aefaccbf52402fcb03f38a,spotlight_PROLIFIC,,36,Chile,Spanish,"Spanish, English, Japanese",Japanese,Spanish:75|English:15|Japanese:10,100,Spanish:50|English:35|Japanese:15,100,Spanish:80|English:10|Japanese:10,100,7,5,Bachelor's,10,10,10,7,7,10,5,22,8,15,Duolingo,130,,,,,17,25,B1,intermediate|advanced,intermediate|advanced,cambridge_15_21_random_intermediate_advanced,4,19,random,,123.265625,707.421875,143.265625,775.4375,1,3,,,,,,,,,,,,2026-09-22T16:00:40.289Z,HM6QAFBU,2026-09-22,2026-09-22,13:00:40,2026-09-22 13:00:40,,,,,,,,69aefaccbf52402fcb03f38a,69aefaccbf52402fcb03f38a,,,,
1399,raw_position_sample,2,3,adv,25,4,18,19,3, full-time ,739,135,1700250.6000000238,69aefaccbf52402fcb03f38a,69aefaccbf52402fcb03f38a,advanced,4,69aefaccbf52402fcb03f38a,69aefaccbf52402fcb03f38a,spotlight_PROLIFIC,,36,Chile,Spanish,"Spanish, English, Japanese",Japanese,Spanish:75|English:15|Japanese:10,100,Spanish:50|English:35|Japanese:15,100,Spanish:80|English:10|Japanese:10,100,7,5,Bachelor's,10,10,10,7,7,10,5,22,8,15,Duolingo,130,,,,,17,25,B1,intermediate|advanced,intermediate|advanced,cambridge_15_21_random_intermediate_advanced,4,19,random,,123.265625,707.421875,143.265625,775.4375,1,3,,,,,,,,,,,,2026-09-22T16:00:40.289Z,HM6QAFBU,2026-09-22,2026-09-22,13:00:40,2026-09-22 13:00:40,,,,,,,,69aefaccbf52402fcb03f38a,69aefaccbf52402fcb03f38a,,,,
1455,raw_position_sample,2,3,adv,25,4,18,19,3, full-time ,742,136,1700306.5,69aefaccbf52402fcb03f38a,69aefaccbf52402fcb03f38a,advanced,4,69aefaccbf52402fcb03f38a,69aefaccbf52402fcb03f38a,spotlight_PROLIFIC,,36,Chile,Spanish,"Spanish, English, Japanese",Japanese,Spanish:75|English:15|Japanese:10,100,Spanish:50|English:35|Japanese:15,100,Spanish:80|English:10|Japanese:10,100,7,5,Bachelor's,10,10,10,7,7,10,5,22,8,15,Duolingo,130,,,,,17,25,B1,intermediate|advanced,intermediate|advanced,cambridge_15_21_random_intermediate_advanced,4,19,random,,123.265625,707.421875,143.265625,775.4375,1,3,,,,,,,,,,,,2026-09-22T16:00:40.289Z,HM6QAFBU,2026-09-22,2026-09-22,13:00:40,2026-09-22 13:00:40,,,,,,,,69aefaccbf52402fcb03f38a,69aefaccbf52402fcb03f38a,,,,
1507,raw_position_sample,2,3,adv,25,4,18,19,3, full-time ,757,138,1700357.8999999762,69aefaccbf52402fcb03f38a,69aefaccbf52402fcb03f38a,advanced,4,69aefaccbf52402fcb03f38a,69aefaccbf52402fcb03f38a,spotlight_PROLIFIC,,36,Chile,Spanish,"Spanish, English, Japanese",Japanese,Spanish:75|English:15|Japanese:10,100,Spanish:50|English:35|Japanese:15,100,Spanish:80|English:10|Japanese:10,100,7,5,Bachelor's,10,10,10,7,7,10,5,22,8,15,Duolingo,130,,,,,17,25,B1,intermediate|advanced,intermediate|advanced,cambridge_15_21_random_intermediate_advanced,4,19,random,,123.265625,707.421875,143.265625,775.4375,1,3,,,,,,,,,,,,2026-09-22T16:00:40.289Z,HM6QAFBU,2026-09-22,2026-09-22,13:00:40,2026-09-22 13:00:40,,,,,,,,69aefaccbf52402fcb03f38a,69aefaccbf52402fcb03f38a,,,,
1551,hover_association,2,3,adv,25,4,18,19,3, full-time ,710,135,,69aefaccbf52402fcb03f38a,69aefaccbf52402fcb03f38a,advanced,4,69aefaccbf52402fcb03f38a,69aefaccbf52402fcb03f38a,spotlight_PROLIFIC,,36,Chile,Spanish,"Spanish, English, Japanese",Japanese,Spanish:75|English:15|Japanese:10,100,Spanish:50|English:35|Japanese:15,100,Spanish:80|English:10|Japanese:10,100,7,5,Bachelor's,10,10,10,7,7,10,5,22,8,15,Duolingo,130,,,,,17,25,B1,intermediate|advanced,intermediate|advanced,cambridge_15_21_random_intermediate_advanced,4,19,random,,113.265625,707.421875,153.265625,775.4375,1,3,hover,383.2000000476837,383.2000000476837,0.9200551343900758,0.643359375,165,,,,,,2026-09-22T16:00:40.289Z,HM6QAFBU,2026-09-22,2026-09-22,13:00:40,2026-09-22 13:00:40,,,,,,,,69aefaccbf52402fcb03f38a,69aefaccbf52402fcb03f38a,,,,
1555,raw_position_sample,2,3,adv,25,4,18,19,4, mystery ,777,139,1700406.5,69aefaccbf52402fcb03f38a,69aefaccbf52402fcb03f38a,advanced,4,69aefaccbf52402fcb03f38a,69aefaccbf52402fcb03f38a,spotlight_PROLIFIC,,36,Chile,Spanish,"Spanish, English, Japanese",Japanese,Spanish:75|English:15|Japanese:10,100,Spanish:50|English:35|Japanese:15,100,Spanish:80|English:10|Japanese:10,100,7,5,Bachelor's,10,10,10,7,7,10,5,22,8,15,Duolingo,130,,,,,17,25,B1,intermediate|advanced,intermediate|advanced,cambridge_15_21_random_intermediate_advanced,4,19,random,,123.265625,775.4375,143.265625,843.453125,1,4,,,,,,,,,,,,2026-09-22T16:00:40.289Z,HM6QAFBU,2026-09-22,2026-09-22,13:00:40,2026-09-22 13:00:40,,,,,,,,69aefaccbf52402fcb03f38a,69aefaccbf52402fcb03f38a,,,,
1606,raw_position_sample,2,3,adv,25,4,18,19,4, mystery ,786,139,1700457,69aefaccbf52402fcb03f38a,69aefaccbf52402fcb03f38a,advanced,4,69aefaccbf52402fcb03f38a,69aefaccbf52402fcb03f38a,spotlight_PROLIFIC,,36,Chile,Spanish,"Spanish, English, Japanese",Japanese,Spanish:75|English:15|Japanese:10,100,Spanish:50|English:35|Japanese:15,100,Spanish:80|English:10|Japanese:10,100,7,5,Bachelor's,10,10,10,7,7,10,5,22,8,15,Duolingo,130,,,,,17,25,B1,intermediate|advanced,intermediate|advanced,cambridge_15_21_random_intermediate_advanced,4,19,random,,123.265625,775.4375,143.265625,843.453125,1,4,,,,,,,,,,,,2026-09-22T16:00:40.289Z,HM6QAFBU,2026-09-22,2026-09-22,13:00:40,2026-09-22 13:00:40,,,,,,,,69aefaccbf52402fcb03f38a,69aefaccbf52402fcb03f38a,,,,
1648,raw_position_sample,2,3,adv,25,4,18,19,4, mystery ,787,139,1700499.5,69aefaccbf52402fcb03f38a,69aefaccbf52402fcb03f38a,advanced,4,69aefaccbf52402fcb03f38a,69aefaccbf52402fcb03f38a,spotlight_PROLIFIC,,36,Chile,Spanish,"Spanish, English, Japanese",Japanese,Spanish:75|English:15|Japanese:10,100,Spanish:50|English:35|Japanese:15,100,Spanish:80|English:10|Japanese:10,100,7,5,Bachelor's,10,10,10,7,7,10,5,22,8,15,Duolingo,130,,,,,17,25,B1,intermediate|advanced,intermediate|advanced,cambridge_15_21_random_intermediate_advanced,4,19,random,,123.265625,775.4375,143.265625,843.453125,1,4,,,,,,,,,,,,2026-09-22T16:00:40.289Z,HM6QAFBU,2026-09-22,2026-09-22,13:00:40,2026-09-22 13:00:40,,,,,,,,69aefaccbf52402fcb03f38a,69aefaccbf52402fcb03f38a,,,,
1700,raw_position_sample,2,3,adv,25,4,18,19,4, mystery ,787,139,1700551.199999988,69aefaccbf52402fcb03f38a,69aefaccbf52402fcb03f38a,advanced,4,69aefaccbf52402fcb03f38a,69aefaccbf52402fcb03f38a,spotlight_PROLIFIC,,36,Chile,Spanish,"Spanish, English, Japanese",Japanese,Spanish:75|English:15|Japanese:10,100,Spanish:50|English:35|Japanese:15,100,Spanish:80|English:10|Japanese:10,100,7,5,Bachelor's,10,10,10,7,7,10,5,22,8,15,Duolingo,130,,,,,17,25,B1,intermediate|advanced,intermediate|advanced,cambridge_15_21_random_intermediate_advanced,4,19,random,,123.265625,775.4375,143.265625,843.453125,1,4,,,,,,,,,,,,2026-09-22T16:00:40.289Z,HM6QAFBU,2026-09-22,2026-09-22,13:00:40,2026-09-22 13:00:40,,,,,,,,69aefaccbf52402fcb03f38a,69aefaccbf52402fcb03f38a,,,,
1751,raw_position_sample,2,3,adv,25,4,18,19,4, mystery ,787,139,1700602.3999999762,69aefaccbf52402fcb03f38a,69aefaccbf52402fcb03f38a,advanced,4,69aefaccbf52402fcb03f38a,69aefaccbf52402fcb03f38a,spotlight_PROLIFIC,,36,Chile,Spanish,"Spanish, English, Japanese",Japanese,Spanish:75|English:15|Japanese:10,100,Spanish:50|English:35|Japanese:15,100,Spanish:80|English:10|Japanese:10,100,7,5,Bachelor's,10,10,10,7,7,10,5,22,8,15,Duolingo,130,,,,,17,25,B1,intermediate|advanced,intermediate|advanced,cambridge_15_21_random_intermediate_advanced,4,19,random,,123.265625,775.4375,143.265625,843.453125,1,4,,,,,,,,,,,,2026-09-22T16:00:40.289Z,HM6QAFBU,2026-09-22,2026-09-22,13:00:40,2026-09-22 13:00:40,,,,,,,,69aefaccbf52402fcb03f38a,69aefaccbf52402fcb03f38a,,,,
1806,raw_position_sample,2,3,adv,25,4,18,19,4, mystery ,797,139,1700657.1000000238,69aefaccbf52402fcb03f38a,69aefaccbf52402fcb03f38a,advanced,4,69aefaccbf52402fcb03f38a,69aefaccbf52402fcb03f38a,spotlight_PROLIFIC,,36,Chile,Spanish,"Spanish, English, Japanese",Japanese,Spanish:75|English:15|Japanese:10,100,Spanish:50|English:35|Japanese:15,100,Spanish:80|English:10|Japanese:10,100,7,5,Bachelor's,10,10,10,7,7,10,5,22,8,15,Duolingo,130,,,,,17,25,B1,intermediate|advanced,intermediate|advanced,cambridge_15_21_random_intermediate_advanced,4,19,random,,123.265625,775.4375,143.265625,843.453125,1,4,,,,,,,,,,,,2026-09-22T16:00:40.289Z,HM6QAFBU,2026-09-22,2026-09-22,13:00:40,2026-09-22 13:00:40,,,,,,,,69aefaccbf52402fcb03f38a,69aefaccbf52402fcb03f38a,,,,
1856,raw_position_sample,2,3,adv,25,4,18,19,4, mystery ,802,139,1700707.3999999762,69aefaccbf52402fcb03f38a,69aefaccbf52402fcb03f38a,advanced,4,69aefaccbf52402fcb03f38a,69aefaccbf52402fcb03f38a,spotlight_PROLIFIC,,36,Chile,Spanish,"Spanish, English, Japanese",Japanese,Spanish:75|English:15|Japanese:10,100,Spanish:50|English:35|Japanese:15,100,Spanish:80|English:10|Japanese:10,100,7,5,Bachelor's,10,10,10,7,7,10,5,22,8,15,Duolingo,130,,,,,17,25,B1,intermediate|advanced,intermediate|advanced,cambridge_15_21_random_intermediate_advanced,4,19,random,,123.265625,775.4375,143.265625,843.453125,1,4,,,,,,,,,,,,2026-09-22T16:00:40.289Z,HM6QAFBU,2026-09-22,2026-09-22,13:00:40,2026-09-22 13:00:40,,,,,,,,69aefaccbf52402fcb03f38a,69aefaccbf52402fcb03f38a,,,,
1900,raw_position_sample,2,3,adv,25,4,18,19,4, mystery ,803,139,1700751.800000012,69aefaccbf52402fcb03f38a,69aefaccbf52402fcb03f38a,advanced,4,69aefaccbf52402fcb03f38a,69aefaccbf52402fcb03f38a,spotlight_PROLIFIC,,36,Chile,Spanish,"Spanish, English, Japanese",Japanese,Spanish:75|English:15|Japanese:10,100,Spanish:50|English:35|Japanese:15,100,Spanish:80|English:10|Japanese:10,100,7,5,Bachelor's,10,10,10,7,7,10,5,22,8,15,Duolingo,130,,,,,17,25,B1,intermediate|advanced,intermediate|advanced,cambridge_15_21_random_intermediate_advanced,4,19,random,,123.265625,775.4375,143.265625,843.453125,1,4,,,,,,,,,,,,2026-09-22T16:00:40.289Z,HM6QAFBU,2026-09-22,2026-09-22,13:00:40,2026-09-22 13:00:40,,,,,,,,69aefaccbf52402fcb03f38a,69aefaccbf52402fcb03f38a,,,,
1951,raw_position_sample,2,3,adv,25,4,18,19,4, mystery ,803,139,1700801.8999999762,69aefaccbf52402fcb03f38a,69aefaccbf52402fcb03f38a,advanced,4,69aefaccbf52402fcb03f38a,69aefaccbf52402fcb03f38a,spotlight_PROLIFIC,,36,Chile,Spanish,"Spanish, English, Japanese",Japanese,Spanish:75|English:15|Japanese:10,100,Spanish:50|English:35|Japanese:15,100,Spanish:80|English:10|Japanese:10,100,7,5,Bachelor's,10,10,10,7,7,10,5,22,8,15,Duolingo,130,,,,,17,25,B1,intermediate|advanced,intermediate|advanced,cambridge_15_21_random_intermediate_advanced,4,19,random,,123.265625,775.4375,143.265625,843.453125,1,4,,,,,,,,,,,,2026-09-22T16:00:40.289Z,HM6QAFBU,2026-09-22,2026-09-22,13:00:40,2026-09-22 13:00:40,,,,,,,,69aefaccbf52402fcb03f38a,69aefaccbf52402fcb03f38a,,,,
2013,raw_position_sample,2,3,adv,25,4,18,19,4, mystery ,803,139,1700863.8999999762,69aefaccbf52402fcb03f38a,69aefaccbf52402fcb03f38a,advanced,4,69aefaccbf52402fcb03f38a,69aefaccbf52402fcb03f38a,spotlight_PROLIFIC,,36,Chile,Spanish,"Spanish, English, Japanese",Japanese,Spanish:75|English:15|Japanese:10,100,Spanish:50|English:35|Japanese:15,100,Spanish:80|English:10|Japanese:10,100,7,5,Bachelor's,10,10,10,7,7,10,5,22,8,15,Duolingo,130,,,,,17,25,B1,intermediate|advanced,intermediate|advanced,cambridge_15_21_random_intermediate_advanced,4,19,random,,123.265625,775.4375,143.265625,843.453125,1,4,,,,,,,,,,,,2026-09-22T16:00:40.289Z,HM6QAFBU,2026-09-22,2026-09-22,13:00:40,2026-09-22 13:00:40,,,,,,,,69aefaccbf52402fcb03f38a,69aefaccbf52402fcb03f38a,,,,
2051,raw_position_sample,2,3,adv,25,4,18,19,4, mystery ,806,139,1700902.300000012,69aefaccbf52402fcb03f38a,69aefaccbf52402fcb03f38a,advanced,4,69aefaccbf52402fcb03f38a,69aefaccbf52402fcb03f38a,spotlight_PROLIFIC,,36,Chile,Spanish,"Spanish, English, Japanese",Japanese,Spanish:75|English:15|Japanese:10,100,Spanish:50|English:35|Japanese:15,100,Spanish:80|English:10|Japanese:10,100,7,5,Bachelor's,10,10,10,7,7,10,5,22,8,15,Duolingo,130,,,,,17,25,B1,intermediate|advanced,intermediate|advanced,cambridge_15_21_random_intermediate_advanced,4,19,random,,123.265625,775.4375,143.265625,843.453125,1,4,,,,,,,,,,,,2026-09-22T16:00:40.289Z,HM6QAFBU,2026-09-22,2026-09-22,13:00:40,2026-09-22 13:00:40,,,,,,,,69aefaccbf52402fcb03f38a,69aefaccbf52402fcb03f38a,,,,
2100,raw_position_sample,2,3,adv,25,4,18,19,4, mystery ,818,139,1700951.1000000238,69aefaccbf52402fcb03f38a,69aefaccbf52402fcb03f38a,advanced,4,69aefaccbf52402fcb03f38a,69aefaccbf52402fcb03f38a,spotlight_PROLIFIC,,36,Chile,Spanish,"Spanish, English, Japanese",Japanese,Spanish:75|English:15|Japanese:10,100,Spanish:50|English:35|Japanese:15,100,Spanish:80|English:10|Japanese:10,100,7,5,Bachelor's,10,10,10,7,7,10,5,22,8,15,Duolingo,130,,,,,17,25,B1,intermediate|advanced,intermediate|advanced,cambridge_15_21_random_intermediate_advanced,4,19,random,,123.265625,775.4375,143.265625,843.453125,1,4,,,,,,,,,,,,2026-09-22T16:00:40.289Z,HM6QAFBU,2026-09-22,2026-09-22,13:00:40,2026-09-22 13:00:40,,,,,,,,69aefaccbf52402fcb03f38a,69aefaccbf52402fcb03f38a,,,,
2149,raw_position_sample,2,3,adv,25,4,18,19,4, mystery ,829,139,1700999.8999999762,69aefaccbf52402fcb03f38a,69aefaccbf52402fcb03f38a,advanced,4,69aefaccbf52402fcb03f38a,69aefaccbf52402fcb03f38a,spotlight_PROLIFIC,,36,Chile,Spanish,"Spanish, English, Japanese",Japanese,Spanish:75|English:15|Japanese:10,100,Spanish:50|English:35|Japanese:15,100,Spanish:80|English:10|Japanese:10,100,7,5,Bachelor's,10,10,10,7,7,10,5,22,8,15,Duolingo,130,,,,,17,25,B1,intermediate|advanced,intermediate|advanced,cambridge_15_21_random_intermediate_advanced,4,19,random,,123.265625,775.4375,143.265625,843.453125,1,4,,,,,,,,,,,,2026-09-22T16:00:40.289Z,HM6QAFBU,2026-09-22,2026-09-22,13:00:40,2026-09-22 13:00:40,,,,,,,,69aefaccbf52402fcb03f38a,69aefaccbf52402fcb03f38a,,,,
2197,raw_position_sample,2,3,adv,25,4,18,19,4, mystery ,831,139,1701048.800000012,69aefaccbf52402fcb03f38a,69aefaccbf52402fcb03f38a,advanced,4,69aefaccbf52402fcb03f38a,69aefaccbf52402fcb03f38a,spotlight_PROLIFIC,,36,Chile,Spanish,"Spanish, English, Japanese",Japanese,Spanish:75|English:15|Japanese:10,100,Spanish:50|English:35|Japanese:15,100,Spanish:80|English:10|Japanese:10,100,7,5,Bachelor's,10,10,10,7,7,10,5,22,8,15,Duolingo,130,,,,,17,25,B1,intermediate|advanced,intermediate|advanced,cambridge_15_21_random_intermediate_advanced,4,19,random,,123.265625,775.4375,143.265625,843.453125,1,4,,,,,,,,,,,,2026-09-22T16:00:40.289Z,HM6QAFBU,2026-09-22,2026-09-22,13:00:40,2026-09-22 13:00:40,,,,,,,,69aefaccbf52402fcb03f38a,69aefaccbf52402fcb03f38a,,,,
2248,raw_position_sample,2,3,adv,25,4,18,19,4, mystery ,832,139,1701099.300000012,69aefaccbf52402fcb03f38a,69aefaccbf52402fcb03f38a,advanced,4,69aefaccbf52402fcb03f38a,69aefaccbf52402fcb03f38a,spotlight_PROLIFIC,,36,Chile,Spanish,"Spanish, English, Japanese",Japanese,Spanish:75|English:15|Japanese:10,100,Spanish:50|English:35|Japanese:15,100,Spanish:80|English:10|Japanese:10,100,7,5,Bachelor's,10,10,10,7,7,10,5,22,8,15,Duolingo,130,,,,,17,25,B1,intermediate|advanced,intermediate|advanced,cambridge_15_21_random_intermediate_advanced,4,19,random,,123.265625,775.4375,143.265625,843.453125,1,4,,,,,,,,,,,,2026-09-22T16:00:40.289Z,HM6QAFBU,2026-09-22,2026-09-22,13:00:40,2026-09-22 13:00:40,,,,,,,,69aefaccbf52402fcb03f38a,69aefaccbf52402fcb03f38a,,,,
2298,raw_position_sample,2,3,adv,25,4,18,19,4, mystery ,843,136,1701149.699999988,69aefaccbf52402fcb03f38a,69aefaccbf52402fcb03f38a,advanced,4,69aefaccbf52402fcb03f38a,69aefaccbf52402fcb03f38a,spotlight_PROLIFIC,,36,Chile,Spanish,"Spanish, English, Japanese",Japanese,Spanish:75|English:15|Japanese:10,100,Spanish:50|English:35|Japanese:15,100,Spanish:80|English:10|Japanese:10,100,7,5,Bachelor's,10,10,10,7,7,10,5,22,8,15,Duolingo,130,,,,,17,25,B1,intermediate|advanced,intermediate|advanced,cambridge_15_21_random_intermediate_advanced,4,19,random,,123.265625,775.4375,143.265625,843.453125,1,4,,,,,,,,,,,,2026-09-22T16:00:40.289Z,HM6QAFBU,2026-09-22,2026-09-22,13:00:40,2026-09-22 13:00:40,,,,,,,,69aefaccbf52402fcb03f38a,69aefaccbf52402fcb03f38a,,,,
2300,hover_association,2,3,adv,25,4,18,19,4, mystery ,777,139,,69aefaccbf52402fcb03f38a,69aefaccbf52402fcb03f38a,advanced,4,69aefaccbf52402fcb03f38a,69aefaccbf52402fcb03f38a,spotlight_PROLIFIC,,36,Chile,Spanish,"Spanish, English, Japanese",Japanese,Spanish:75|English:15|Japanese:10,100,Spanish:50|English:35|Japanese:15,100,Spanish:80|English:10|Japanese:10,100,7,5,Bachelor's,10,10,10,7,7,10,5,22,8,15,Duolingo,130,,,,,17,25,B1,intermediate|advanced,intermediate|advanced,cambridge_15_21_random_intermediate_advanced,4,19,random,,113.265625,775.4375,153.265625,843.453125,1,4,hover,749.5,749.5,0.9933379278658396,0.568359375,165,,,,,,2026-09-22T16:00:40.289Z,HM6QAFBU,2026-09-22,2026-09-22,13:00:40,2026-09-22 13:00:40,,,,,,,,69aefaccbf52402fcb03f38a,69aefaccbf52402fcb03f38a,,,,
2351,raw_position_sample,2,3,adv,25,4,18,19,5," shoppers, ",871,135,1701202.6000000238,69aefaccbf52402fcb03f38a,69aefaccbf52402fcb03f38a,advanced,4,69aefaccbf52402fcb03f38a,69aefaccbf52402fcb03f38a,spotlight_PROLIFIC,,36,Chile,Spanish,"Spanish, English, Japanese",Japanese,Spanish:75|English:15|Japanese:10,100,Spanish:50|English:35|Japanese:15,100,Spanish:80|English:10|Japanese:10,100,7,5,Bachelor's,10,10,10,7,7,10,5,22,8,15,Duolingo,130,,,,,17,25,B1,intermediate|advanced,intermediate|advanced,cambridge_15_21_random_intermediate_advanced,4,19,random,,123.265625,843.453125,143.265625,927.515625,1,5,,,,,,,,,,,,2026-09-22T16:00:40.289Z,HM6QAFBU,2026-09-22,2026-09-22,13:00:40,2026-09-22 13:00:40,,,,,,,,69aefaccbf52402fcb03f38a,69aefaccbf52402fcb03f38a,,,,
2403,raw_position_sample,2,3,adv,25,4,18,19,5," shoppers, ",899,133,1701253.8999999762,69aefaccbf52402fcb03f38a,69aefaccbf52402fcb03f38a,advanced,4,69aefaccbf52402fcb03f38a,69aefaccbf52402fcb03f38a,spotlight_PROLIFIC,,36,Chile,Spanish,"Spanish, English, Japanese",Japanese,Spanish:75|English:15|Japanese:10,100,Spanish:50|English:35|Japanese:15,100,Spanish:80|English:10|Japanese:10,100,7,5,Bachelor's,10,10,10,7,7,10,5,22,8,15,Duolingo,130,,,,,17,25,B1,intermediate|advanced,intermediate|advanced,cambridge_15_21_random_intermediate_advanced,4,19,random,,123.265625,843.453125,143.265625,927.515625,1,5,,,,,,,,,,,,2026-09-22T16:00:40.289Z,HM6QAFBU,2026-09-22,2026-09-22,13:00:40,2026-09-22 13:00:40,,,,,,,,69aefaccbf52402fcb03f38a,69aefaccbf52402fcb03f38a,,,,
2449,raw_position_sample,2,3,adv,25,4,18,19,5," shoppers, ",924,132,1701300,69aefaccbf52402fcb03f38a,69aefaccbf52402fcb03f38a,advanced,4,69aefaccbf52402fcb03f38a,69aefaccbf52402fcb03f38a,spotlight_PROLIFIC,,36,Chile,Spanish,"Spanish, English, Japanese",Japanese,Spanish:75|English:15|Japanese:10,100,Spanish:50|English:35|Japanese:15,100,Spanish:80|English:10|Japanese:10,100,7,5,Bachelor's,10,10,10,7,7,10,5,22,8,15,Duolingo,130,,,,,17,25,B1,intermediate|advanced,intermediate|advanced,cambridge_15_21_random_intermediate_advanced,4,19,random,,123.265625,843.453125,143.265625,927.515625,1,5,,,,,,,,,,,,2026-09-22T16:00:40.289Z,HM6QAFBU,2026-09-22,2026-09-22,13:00:40,2026-09-22 13:00:40,,,,,,,,69aefaccbf52402fcb03f38a,69aefaccbf52402fcb03f38a,,,,
2450,hover_association,2,3,adv,25,4,18,19,5," shoppers, ",848,136,,69aefaccbf52402fcb03f38a,69aefaccbf52402fcb03f38a,advanced,4,69aefaccbf52402fcb03f38a,69aefaccbf52402fcb03f38a,spotlight_PROLIFIC,,36,Chile,Spanish,"Spanish, English, Japanese",Japanese,Spanish:75|English:15|Japanese:10,100,Spanish:50|English:35|Japanese:15,100,Spanish:80|English:10|Japanese:10,100,7,5,Bachelor's,10,10,10,7,7,10,5,22,8,15,Duolingo,130,,,,,17,25,B1,intermediate|advanced,intermediate|advanced,cambridge_15_21_random_intermediate_advanced,4,19,random,,113.265625,843.453125,153.265625,927.515625,1,5,hover,150.29999995231628,150.29999995231628,0.95817843866171,0.468359375,165,,,,,,2026-09-22T16:00:40.289Z,HM6QAFBU,2026-09-22,2026-09-22,13:00:40,2026-09-22 13:00:40,,,,,,,,69aefaccbf52402fcb03f38a,69aefaccbf52402fcb03f38a,,,,
2503,raw_position_sample,2,3,adv,25,4,18,19,6, Laura ,973,134,1701354.1000000238,69aefaccbf52402fcb03f38a,69aefaccbf52402fcb03f38a,advanced,4,69aefaccbf52402fcb03f38a,69aefaccbf52402fcb03f38a,spotlight_PROLIFIC,,36,Chile,Spanish,"Spanish, English, Japanese",Japanese,Spanish:75|English:15|Japanese:10,100,Spanish:50|English:35|Japanese:15,100,Spanish:80|English:10|Japanese:10,100,7,5,Bachelor's,10,10,10,7,7,10,5,22,8,15,Duolingo,130,,,,,17,25,B1,intermediate|advanced,intermediate|advanced,cambridge_15_21_random_intermediate_advanced,4,19,random,,123.265625,927.515625,143.265625,978.5625,1,6,,,,,,,,,,,,2026-09-22T16:00:40.289Z,HM6QAFBU,2026-09-22,2026-09-22,13:00:40,2026-09-22 13:00:40,,,,,,,,69aefaccbf52402fcb03f38a,69aefaccbf52402fcb03f38a,,,,
2534,hover_association,2,3,adv,25,4,18,19,6, Laura ,943,132,,69aefaccbf52402fcb03f38a,69aefaccbf52402fcb03f38a,advanced,4,69aefaccbf52402fcb03f38a,69aefaccbf52402fcb03f38a,spotlight_PROLIFIC,,36,Chile,Spanish,"Spanish, English, Japanese",Japanese,Spanish:75|English:15|Japanese:10,100,Spanish:50|English:35|Japanese:15,100,Spanish:80|English:10|Japanese:10,100,7,5,Bachelor's,10,10,10,7,7,10,5,22,8,15,Duolingo,130,,,,,17,25,B1,intermediate|advanced,intermediate|advanced,cambridge_15_21_random_intermediate_advanced,4,19,random,,113.265625,927.515625,153.265625,978.5625,1,6,hover,83.40000003576279,83.40000003576279,0.9889807162534435,0.543359375,165,,,,,,2026-09-22T16:00:40.289Z,HM6QAFBU,2026-09-22,2026-09-22,13:00:40,2026-09-22 13:00:40,,,,,,,,69aefaccbf52402fcb03f38a,69aefaccbf52402fcb03f38a,,,,
2552,raw_position_sample,2,3,adv,25,4,18,19,7, is ,981,135,1701403.800000012,69aefaccbf52402fcb03f38a,69aefaccbf52402fcb03f38a,advanced,4,69aefaccbf52402fcb03f38a,69aefaccbf52402fcb03f38a,spotlight_PROLIFIC,,36,Chile,Spanish,"Spanish, English, Japanese",Japanese,Spanish:75|English:15|Japanese:10,100,Spanish:50|English:35|Japanese:15,100,Spanish:80|English:10|Japanese:10,100,7,5,Bachelor's,10,10,10,7,7,10,5,22,8,15,Duolingo,130,,,,,17,25,B1,intermediate|advanced,intermediate|advanced,cambridge_15_21_random_intermediate_advanced,4,19,random,,123.265625,978.5625,143.265625,996.5625,1,7,,,,,,,,,,,,2026-09-22T16:00:40.289Z,HM6QAFBU,2026-09-22,2026-09-22,13:00:40,2026-09-22 13:00:40,,,,,,,,69aefaccbf52402fcb03f38a,69aefaccbf52402fcb03f38a,,,,
2598,raw_position_sample,2,3,adv,25,4,18,19,7, is ,981,135,1701449.6000000238,69aefaccbf52402fcb03f38a,69aefaccbf52402fcb03f38a,advanced,4,69aefaccbf52402fcb03f38a,69aefaccbf52402fcb03f38a,spotlight_PROLIFIC,,36,Chile,Spanish,"Spanish, English, Japanese",Japanese,Spanish:75|English:15|Japanese:10,100,Spanish:50|English:35|Japanese:15,100,Spanish:80|English:10|Japanese:10,100,7,5,Bachelor's,10,10,10,7,7,10,5,22,8,15,Duolingo,130,,,,,17,25,B1,intermediate|advanced,intermediate|advanced,cambridge_15_21_random_intermediate_advanced,4,19,random,,123.265625,978.5625,143.265625,996.5625,1,7,,,,,,,,,,,,2026-09-22T16:00:40.289Z,HM6QAFBU,2026-09-22,2026-09-22,13:00:40,2026-09-22 13:00:40,,,,,,,,69aefaccbf52402fcb03f38a,69aefaccbf52402fcb03f38a,,,,
2663,raw_position_sample,2,3,adv,25,4,18,19,7, is ,981,135,1701514.6000000238,69aefaccbf52402fcb03f38a,69aefaccbf52402fcb03f38a,advanced,4,69aefaccbf52402fcb03f38a,69aefaccbf52402fcb03f38a,spotlight_PROLIFIC,,36,Chile,Spanish,"Spanish, English, Japanese",Japanese,Spanish:75|English:15|Japanese:10,100,Spanish:50|English:35|Japanese:15,100,Spanish:80|English:10|Japanese:10,100,7,5,Bachelor's,10,10,10,7,7,10,5,22,8,15,Duolingo,130,,,,,17,25,B1,intermediate|advanced,intermediate|advanced,cambridge_15_21_random_intermediate_advanced,4,19,random,,123.265625,978.5625,143.265625,996.5625,1,7,,,,,,,,,,,,2026-09-22T16:00:40.289Z,HM6QAFBU,2026-09-22,2026-09-22,13:00:40,2026-09-22 13:00:40,,,,,,,,69aefaccbf52402fcb03f38a,69aefaccbf52402fcb03f38a,,,,
2686,hover_association,2,3,adv,25,4,18,19,7, is ,980,135,,69aefaccbf52402fcb03f38a,69aefaccbf52402fcb03f38a,advanced,4,69aefaccbf52402fcb03f38a,69aefaccbf52402fcb03f38a,spotlight_PROLIFIC,,36,Chile,Spanish,"Spanish, English, Japanese",Japanese,Spanish:75|English:15|Japanese:10,100,Spanish:50|English:35|Japanese:15,100,Spanish:80|English:10|Japanese:10,100,7,5,Bachelor's,10,10,10,7,7,10,5,22,8,15,Duolingo,130,,,,,17,25,B1,intermediate|advanced,intermediate|advanced,cambridge_15_21_random_intermediate_advanced,4,19,random,,113.265625,978.5625,153.265625,996.5625,1,7,hover,151,151,0.1909722222222222,0.543359375,165,,,,,,2026-09-22T16:00:40.289Z,HM6QAFBU,2026-09-22,2026-09-22,13:00:40,2026-09-22 13:00:40,,,,,,,,69aefaccbf52402fcb03f38a,69aefaccbf52402fcb03f38a,,,,
2701,raw_position_sample,2,3,adv,25,4,18,19,8," self-employed, ",997,137,1701552.6000000238,69aefaccbf52402fcb03f38a,69aefaccbf52402fcb03f38a,advanced,4,69aefaccbf52402fcb03f38a,69aefaccbf52402fcb03f38a,spotlight_PROLIFIC,,36,Chile,Spanish,"Spanish, English, Japanese",Japanese,Spanish:75|English:15|Japanese:10,100,Spanish:50|English:35|Japanese:15,100,Spanish:80|English:10|Japanese:10,100,7,5,Bachelor's,10,10,10,7,7,10,5,22,8,15,Duolingo,130,,,,,17,25,B1,intermediate|advanced,intermediate|advanced,cambridge_15_21_random_intermediate_advanced,4,19,random,,123.265625,996.5625,143.265625,1118.625,1,8,,,,,,,,,,,,2026-09-22T16:00:40.289Z,HM6QAFBU,2026-09-22,2026-09-22,13:00:40,2026-09-22 13:00:40,,,,,,,,69aefaccbf52402fcb03f38a,69aefaccbf52402fcb03f38a,,,,
2756,raw_position_sample,2,3,adv,25,4,18,19,8," self-employed, ",1032,141,1701607.6000000238,69aefaccbf52402fcb03f38a,69aefaccbf52402fcb03f38a,advanced,4,69aefaccbf52402fcb03f38a,69aefaccbf52402fcb03f38a,spotlight_PROLIFIC,,36,Chile,Spanish,"Spanish, English, Japanese",Japanese,Spanish:75|English:15|Japanese:10,100,Spanish:50|English:35|Japanese:15,100,Spanish:80|English:10|Japanese:10,100,7,5,Bachelor's,10,10,10,7,7,10,5,22,8,15,Duolingo,130,,,,,17,25,B1,intermediate|advanced,intermediate|advanced,cambridge_15_21_random_intermediate_advanced,4,19,random,,123.265625,996.5625,143.265625,1118.625,1,8,,,,,,,,,,,,2026-09-22T16:00:40.289Z,HM6QAFBU,2026-09-22,2026-09-22,13:00:40,2026-09-22 13:00:40,,,,,,,,69aefaccbf52402fcb03f38a,69aefaccbf52402fcb03f38a,,,,
2806,raw_position_sample,2,3,adv,25,4,18,19,8," self-employed, ",1055,144,1701657.300000012,69aefaccbf52402fcb03f38a,69aefaccbf52402fcb03f38a,advanced,4,69aefaccbf52402fcb03f38a,69aefaccbf52402fcb03f38a,spotlight_PROLIFIC,,36,Chile,Spanish,"Spanish, English, Japanese",Japanese,Spanish:75|English:15|Japanese:10,100,Spanish:50|English:35|Japanese:15,100,Spanish:80|English:10|Japanese:10,100,7,5,Bachelor's,10,10,10,7,7,10,5,22,8,15,Duolingo,130,,,,,17,25,B1,intermediate|advanced,intermediate|advanced,cambridge_15_21_random_intermediate_advanced,4,19,random,,123.265625,996.5625,143.265625,1118.625,1,8,,,,,,,,,,,,2026-09-22T16:00:40.289Z,HM6QAFBU,2026-09-22,2026-09-22,13:00:40,2026-09-22 13:00:40,,,,,,,,69aefaccbf52402fcb03f38a,69aefaccbf52402fcb03f38a,,,,
2853,raw_position_sample,2,3,adv,25,4,18,19,8," self-employed, ",1067,145,1701704.199999988,69aefaccbf52402fcb03f38a,69aefaccbf52402fcb03f38a,advanced,4,69aefaccbf52402fcb03f38a,69aefaccbf52402fcb03f38a,spotlight_PROLIFIC,,36,Chile,Spanish,"Spanish, English, Japanese",Japanese,Spanish:75|English:15|Japanese:10,100,Spanish:50|English:35|Japanese:15,100,Spanish:80|English:10|Japanese:10,100,7,5,Bachelor's,10,10,10,7,7,10,5,22,8,15,Duolingo,130,,,,,17,25,B1,intermediate|advanced,intermediate|advanced,cambridge_15_21_random_intermediate_advanced,4,19,random,,123.265625,996.5625,143.265625,1118.625,1,8,,,,,,,,,,,,2026-09-22T16:00:40.289Z,HM6QAFBU,2026-09-22,2026-09-22,13:00:40,2026-09-22 13:00:40,,,,,,,,69aefaccbf52402fcb03f38a,69aefaccbf52402fcb03f38a,,,,
2901,raw_position_sample,2,3,adv,25,4,18,19,8," self-employed, ",1072,147,1701752.800000012,69aefaccbf52402fcb03f38a,69aefaccbf52402fcb03f38a,advanced,4,69aefaccbf52402fcb03f38a,69aefaccbf52402fcb03f38a,spotlight_PROLIFIC,,36,Chile,Spanish,"Spanish, English, Japanese",Japanese,Spanish:75|English:15|Japanese:10,100,Spanish:50|English:35|Japanese:15,100,Spanish:80|English:10|Japanese:10,100,7,5,Bachelor's,10,10,10,7,7,10,5,22,8,15,Duolingo,130,,,,,17,25,B1,intermediate|advanced,intermediate|advanced,cambridge_15_21_random_intermediate_advanced,4,19,random,,123.265625,996.5625,143.265625,1118.625,1,8,,,,,,,,,,,,2026-09-22T16:00:40.289Z,HM6QAFBU,2026-09-22,2026-09-22,13:00:40,2026-09-22 13:00:40,,,,,,,,69aefaccbf52402fcb03f38a,69aefaccbf52402fcb03f38a,,,,
2957,raw_position_sample,2,3,adv,25,4,18,19,8," self-employed, ",1094,150,1701808.6000000238,69aefaccbf52402fcb03f38a,69aefaccbf52402fcb03f38a,advanced,4,69aefaccbf52402fcb03f38a,69aefaccbf52402fcb03f38a,spotlight_PROLIFIC,,36,Chile,Spanish,"Spanish, English, Japanese",Japanese,Spanish:75|English:15|Japanese:10,100,Spanish:50|English:35|Japanese:15,100,Spanish:80|English:10|Japanese:10,100,7,5,Bachelor's,10,10,10,7,7,10,5,22,8,15,Duolingo,130,,,,,17,25,B1,intermediate|advanced,intermediate|advanced,cambridge_15_21_random_intermediate_advanced,4,19,random,,123.265625,996.5625,143.265625,1118.625,1,8,,,,,,,,,,,,2026-09-22T16:00:40.289Z,HM6QAFBU,2026-09-22,2026-09-22,13:00:40,2026-09-22 13:00:40,,,,,,,,69aefaccbf52402fcb03f38a,69aefaccbf52402fcb03f38a,,,,
3002,raw_position_sample,2,3,adv,25,4,18,19,8," self-employed, ",1111,150,1701853.1000000238,69aefaccbf52402fcb03f38a,69aefaccbf52402fcb03f38a,advanced,4,69aefaccbf52402fcb03f38a,69aefaccbf52402fcb03f38a,spotlight_PROLIFIC,,36,Chile,Spanish,"Spanish, English, Japanese",Japanese,Spanish:75|English:15|Japanese:10,100,Spanish:50|English:35|Japanese:15,100,Spanish:80|English:10|Japanese:10,100,7,5,Bachelor's,10,10,10,7,7,10,5,22,8,15,Duolingo,130,,,,,17,25,B1,intermediate|advanced,intermediate|advanced,cambridge_15_21_random_intermediate_advanced,4,19,random,,123.265625,996.5625,143.265625,1118.625,1,8,,,,,,,,,,,,2026-09-22T16:00:40.289Z,HM6QAFBU,2026-09-22,2026-09-22,13:00:40,2026-09-22 13:00:40,,,,,,,,69aefaccbf52402fcb03f38a,69aefaccbf52402fcb03f38a,,,,
3033,hover_association,2,3,adv,25,4,18,19,8," self-employed, ",997,137,,69aefaccbf52402fcb03f38a,69aefaccbf52402fcb03f38a,advanced,4,69aefaccbf52402fcb03f38a,69aefaccbf52402fcb03f38a,spotlight_PROLIFIC,,36,Chile,Spanish,"Spanish, English, Japanese",Japanese,Spanish:75|English:15|Japanese:10,100,Spanish:50|English:35|Japanese:15,100,Spanish:80|English:10|Japanese:10,100,7,5,Bachelor's,10,10,10,7,7,10,5,22,8,15,Duolingo,130,,,,,17,25,B1,intermediate|advanced,intermediate|advanced,cambridge_15_21_random_intermediate_advanced,4,19,random,,113.265625,996.5625,153.265625,1118.625,1,8,hover,349,349,0.9866871479774706,0.918359375,165,,,,,,2026-09-22T16:00:40.289Z,HM6QAFBU,2026-09-22,2026-09-22,13:00:40,2026-09-22 13:00:40,,,,,,,,69aefaccbf52402fcb03f38a,69aefaccbf52402fcb03f38a,,,,
3052,raw_position_sample,2,3,adv,25,4,18,19,9, taking ,1126,151,1701903.1000000238,69aefaccbf52402fcb03f38a,69aefaccbf52402fcb03f38a,advanced,4,69aefaccbf52402fcb03f38a,69aefaccbf52402fcb03f38a,spotlight_PROLIFIC,,36,Chile,Spanish,"Spanish, English, Japanese",Japanese,Spanish:75|English:15|Japanese:10,100,Spanish:50|English:35|Japanese:15,100,Spanish:80|English:10|Japanese:10,100,7,5,Bachelor's,10,10,10,7,7,10,5,22,8,15,Duolingo,130,,,,,17,25,B1,intermediate|advanced,intermediate|advanced,cambridge_15_21_random_intermediate_advanced,4,19,random,,123.265625,1118.625,143.265625,1171.671875,1,9,,,,,,,,,,,,2026-09-22T16:00:40.289Z,HM6QAFBU,2026-09-22,2026-09-22,13:00:40,2026-09-22 13:00:40,,,,,,,,69aefaccbf52402fcb03f38a,69aefaccbf52402fcb03f38a,,,,
3106,raw_position_sample,2,3,adv,25,4,18,19,9, taking ,1134,151,1701957.300000012,69aefaccbf52402fcb03f38a,69aefaccbf52402fcb03f38a,advanced,4,69aefaccbf52402fcb03f38a,69aefaccbf52402fcb03f38a,spotlight_PROLIFIC,,36,Chile,Spanish,"Spanish, English, Japanese",Japanese,Spanish:75|English:15|Japanese:10,100,Spanish:50|English:35|Japanese:15,100,Spanish:80|English:10|Japanese:10,100,7,5,Bachelor's,10,10,10,7,7,10,5,22,8,15,Duolingo,130,,,,,17,25,B1,intermediate|advanced,intermediate|advanced,cambridge_15_21_random_intermediate_advanced,4,19,random,,123.265625,1118.625,143.265625,1171.671875,1,9,,,,,,,,,,,,2026-09-22T16:00:40.289Z,HM6QAFBU,2026-09-22,2026-09-22,13:00:40,2026-09-22 13:00:40,,,,,,,,69aefaccbf52402fcb03f38a,69aefaccbf52402fcb03f38a,,,,
3157,raw_position_sample,2,3,adv,25,4,18,19,9, taking ,1139,151,1702007.8999999762,69aefaccbf52402fcb03f38a,69aefaccbf52402fcb03f38a,advanced,4,69aefaccbf52402fcb03f38a,69aefaccbf52402fcb03f38a,spotlight_PROLIFIC,,36,Chile,Spanish,"Spanish, English, Japanese",Japanese,Spanish:75|English:15|Japanese:10,100,Spanish:50|English:35|Japanese:15,100,Spanish:80|English:10|Japanese:10,100,7,5,Bachelor's,10,10,10,7,7,10,5,22,8,15,Duolingo,130,,,,,17,25,B1,intermediate|advanced,intermediate|advanced,cambridge_15_21_random_intermediate_advanced,4,19,random,,123.265625,1118.625,143.265625,1171.671875,1,9,,,,,,,,,,,,2026-09-22T16:00:40.289Z,HM6QAFBU,2026-09-22,2026-09-22,13:00:40,2026-09-22 13:00:40,,,,,,,,69aefaccbf52402fcb03f38a,69aefaccbf52402fcb03f38a,,,,
3204,raw_position_sample,2,3,adv,25,4,18,19,9, taking ,1152,151,1702055.699999988,69aefaccbf52402fcb03f38a,69aefaccbf52402fcb03f38a,advanced,4,69aefaccbf52402fcb03f38a,69aefaccbf52402fcb03f38a,spotlight_PROLIFIC,,36,Chile,Spanish,"Spanish, English, Japanese",Japanese,Spanish:75|English:15|Japanese:10,100,Spanish:50|English:35|Japanese:15,100,Spanish:80|English:10|Japanese:10,100,7,5,Bachelor's,10,10,10,7,7,10,5,22,8,15,Duolingo,130,,,,,17,25,B1,intermediate|advanced,intermediate|advanced,cambridge_15_21_random_intermediate_advanced,4,19,random,,123.265625,1118.625,143.265625,1171.671875,1,9,,,,,,,,,,,,2026-09-22T16:00:40.289Z,HM6QAFBU,2026-09-22,2026-09-22,13:00:40,2026-09-22 13:00:40,,,,,,,,69aefaccbf52402fcb03f38a,69aefaccbf52402fcb03f38a,,,,
3254,raw_position_sample,2,3,adv,25,4,18,19,9, taking ,1157,151,1702105.6000000238,69aefaccbf52402fcb03f38a,69aefaccbf52402fcb03f38a,advanced,4,69aefaccbf52402fcb03f38a,69aefaccbf52402fcb03f38a,spotlight_PROLIFIC,,36,Chile,Spanish,"Spanish, English, Japanese",Japanese,Spanish:75|English:15|Japanese:10,100,Spanish:50|English:35|Japanese:15,100,Spanish:80|English:10|Japanese:10,100,7,5,Bachelor's,10,10,10,7,7,10,5,22,8,15,Duolingo,130,,,,,17,25,B1,intermediate|advanced,intermediate|advanced,cambridge_15_21_random_intermediate_advanced,4,19,random,,123.265625,1118.625,143.265625,1171.671875,1,9,,,,,,,,,,,,2026-09-22T16:00:40.289Z,HM6QAFBU,2026-09-22,2026-09-22,13:00:40,2026-09-22 13:00:40,,,,,,,,69aefaccbf52402fcb03f38a,69aefaccbf52402fcb03f38a,,,,
3301,raw_position_sample,2,3,adv,25,4,18,19,9, taking ,1166,151,1702152.699999988,69aefaccbf52402fcb03f38a,69aefaccbf52402fcb03f38a,advanced,4,69aefaccbf52402fcb03f38a,69aefaccbf52402fcb03f38a,spotlight_PROLIFIC,,36,Chile,Spanish,"Spanish, English, Japanese",Japanese,Spanish:75|English:15|Japanese:10,100,Spanish:50|English:35|Japanese:15,100,Spanish:80|English:10|Japanese:10,100,7,5,Bachelor's,10,10,10,7,7,10,5,22,8,15,Duolingo,130,,,,,17,25,B1,intermediate|advanced,intermediate|advanced,cambridge_15_21_random_intermediate_advanced,4,19,random,,123.265625,1118.625,143.265625,1171.671875,1,9,,,,,,,,,,,,2026-09-22T16:00:40.289Z,HM6QAFBU,2026-09-22,2026-09-22,13:00:40,2026-09-22 13:00:40,,,,,,,,69aefaccbf52402fcb03f38a,69aefaccbf52402fcb03f38a,,,,
3351,raw_position_sample,2,3,adv,25,4,18,19,9, taking ,1171,151,1702202.199999988,69aefaccbf52402fcb03f38a,69aefaccbf52402fcb03f38a,advanced,4,69aefaccbf52402fcb03f38a,69aefaccbf52402fcb03f38a,spotlight_PROLIFIC,,36,Chile,Spanish,"Spanish, English, Japanese",Japanese,Spanish:75|English:15|Japanese:10,100,Spanish:50|English:35|Japanese:15,100,Spanish:80|English:10|Japanese:10,100,7,5,Bachelor's,10,10,10,7,7,10,5,22,8,15,Duolingo,130,,,,,17,25,B1,intermediate|advanced,intermediate|advanced,cambridge_15_21_random_intermediate_advanced,4,19,random,,123.265625,1118.625,143.265625,1171.671875,1,9,,,,,,,,,,,,2026-09-22T16:00:40.289Z,HM6QAFBU,2026-09-22,2026-09-22,13:00:40,2026-09-22 13:00:40,,,,,,,,69aefaccbf52402fcb03f38a,69aefaccbf52402fcb03f38a,,,,
3353,hover_association,2,3,adv,25,4,18,19,9, taking ,1122,151,,69aefaccbf52402fcb03f38a,69aefaccbf52402fcb03f38a,advanced,4,69aefaccbf52402fcb03f38a,69aefaccbf52402fcb03f38a,spotlight_PROLIFIC,,36,Chile,Spanish,"Spanish, English, Japanese",Japanese,Spanish:75|English:15|Japanese:10,100,Spanish:50|English:35|Japanese:15,100,Spanish:80|English:10|Japanese:10,100,7,5,Bachelor's,10,10,10,7,7,10,5,22,8,15,Duolingo,130,,,,,17,25,B1,intermediate|advanced,intermediate|advanced,cambridge_15_21_random_intermediate_advanced,4,19,random,,113.265625,1118.625,153.265625,1171.671875,1,9,hover,318.30000001192093,318.30000001192093,0.9873343151693668,0.943359375,165,,,,,,2026-09-22T16:00:40.289Z,HM6QAFBU,2026-09-22,2026-09-22,13:00:40,2026-09-22 13:00:40,,,,,,,,69aefaccbf52402fcb03f38a,69aefaccbf52402fcb03f38a,,,,
3402,raw_position_sample,2,3,adv,25,4,18,19,10, jobs ,1184,151,1702253.5,69aefaccbf52402fcb03f38a,69aefaccbf52402fcb03f38a,advanced,4,69aefaccbf52402fcb03f38a,69aefaccbf52402fcb03f38a,spotlight_PROLIFIC,,36,Chile,Spanish,"Spanish, English, Japanese",Japanese,Spanish:75|English:15|Japanese:10,100,Spanish:50|English:35|Japanese:15,100,Spanish:80|English:10|Japanese:10,100,7,5,Bachelor's,10,10,10,7,7,10,5,22,8,15,Duolingo,130,,,,,17,25,B1,intermediate|advanced,intermediate|advanced,cambridge_15_21_random_intermediate_advanced,4,19,random,,123.265625,1171.671875,143.265625,1209.703125,1,10,,,,,,,,,,,,2026-09-22T16:00:40.289Z,HM6QAFBU,2026-09-22,2026-09-22,13:00:40,2026-09-22 13:00:40,,,,,,,,69aefaccbf52402fcb03f38a,69aefaccbf52402fcb03f38a,,,,
3451,raw_position_sample,2,3,adv,25,4,18,19,10, jobs ,1197,151,1702302.800000012,69aefaccbf52402fcb03f38a,69aefaccbf52402fcb03f38a,advanced,4,69aefaccbf52402fcb03f38a,69aefaccbf52402fcb03f38a,spotlight_PROLIFIC,,36,Chile,Spanish,"Spanish, English, Japanese",Japanese,Spanish:75|English:15|Japanese:10,100,Spanish:50|English:35|Japanese:15,100,Spanish:80|English:10|Japanese:10,100,7,5,Bachelor's,10,10,10,7,7,10,5,22,8,15,Duolingo,130,,,,,17,25,B1,intermediate|advanced,intermediate|advanced,cambridge_15_21_random_intermediate_advanced,4,19,random,,123.265625,1171.671875,143.265625,1209.703125,1,10,,,,,,,,,,,,2026-09-22T16:00:40.289Z,HM6QAFBU,2026-09-22,2026-09-22,13:00:40,2026-09-22 13:00:40,,,,,,,,69aefaccbf52402fcb03f38a,69aefaccbf52402fcb03f38a,,,,
3501,hover_association,2,3,adv,25,4,18,19,10, jobs ,1173,151,,69aefaccbf52402fcb03f38a,69aefaccbf52402fcb03f38a,advanced,4,69aefaccbf52402fcb03f38a,69aefaccbf52402fcb03f38a,spotlight_PROLIFIC,,36,Chile,Spanish,"Spanish, English, Japanese",Japanese,Spanish:75|English:15|Japanese:10,100,Spanish:50|English:35|Japanese:15,100,Spanish:80|English:10|Japanese:10,100,7,5,Bachelor's,10,10,10,7,7,10,5,22,8,15,Duolingo,130,,,,,17,25,B1,intermediate|advanced,intermediate|advanced,cambridge_15_21_random_intermediate_advanced,4,19,random,,113.265625,1171.671875,153.265625,1209.703125,1,10,hover,148.79999995231628,148.79999995231628,0.9552177485620378,0.943359375,165,,,,,,2026-09-22T16:00:40.289Z,HM6QAFBU,2026-09-22,2026-09-22,13:00:40,2026-09-22 13:00:40,,,,,,,,69aefaccbf52402fcb03f38a,69aefaccbf52402fcb03f38a,,,,
3509,raw_position_sample,2,3,adv,25,4,18,19,11, from ,1213,149,1702360.1000000238,69aefaccbf52402fcb03f38a,69aefaccbf52402fcb03f38a,advanced,4,69aefaccbf52402fcb03f38a,69aefaccbf52402fcb03f38a,spotlight_PROLIFIC,,36,Chile,Spanish,"Spanish, English, Japanese",Japanese,Spanish:75|English:15|Japanese:10,100,Spanish:50|English:35|Japanese:15,100,Spanish:80|English:10|Japanese:10,100,7,5,Bachelor's,10,10,10,7,7,10,5,22,8,15,Duolingo,130,,,,,17,25,B1,intermediate|advanced,intermediate|advanced,cambridge_15_21_random_intermediate_advanced,4,19,random,,123.265625,1209.703125,143.265625,1249.71875,1,11,,,,,,,,,,,,2026-09-22T16:00:40.289Z,HM6QAFBU,2026-09-22,2026-09-22,13:00:40,2026-09-22 13:00:40,,,,,,,,69aefaccbf52402fcb03f38a,69aefaccbf52402fcb03f38a,,,,
3556,raw_position_sample,2,3,adv,25,4,18,19,11, from ,1234,149,1702407,69aefaccbf52402fcb03f38a,69aefaccbf52402fcb03f38a,advanced,4,69aefaccbf52402fcb03f38a,69aefaccbf52402fcb03f38a,spotlight_PROLIFIC,,36,Chile,Spanish,"Spanish, English, Japanese",Japanese,Spanish:75|English:15|Japanese:10,100,Spanish:50|English:35|Japanese:15,100,Spanish:80|English:10|Japanese:10,100,7,5,Bachelor's,10,10,10,7,7,10,5,22,8,15,Duolingo,130,,,,,17,25,B1,intermediate|advanced,intermediate|advanced,cambridge_15_21_random_intermediate_advanced,4,19,random,,123.265625,1209.703125,143.265625,1249.71875,1,11,,,,,,,,,,,,2026-09-22T16:00:40.289Z,HM6QAFBU,2026-09-22,2026-09-22,13:00:40,2026-09-22 13:00:40,,,,,,,,69aefaccbf52402fcb03f38a,69aefaccbf52402fcb03f38a,,,,
3585,hover_association,2,3,adv,25,4,18,19,11, from ,1213,149,,69aefaccbf52402fcb03f38a,69aefaccbf52402fcb03f38a,advanced,4,69aefaccbf52402fcb03f38a,69aefaccbf52402fcb03f38a,spotlight_PROLIFIC,,36,Chile,Spanish,"Spanish, English, Japanese",Japanese,Spanish:75|English:15|Japanese:10,100,Spanish:50|English:35|Japanese:15,100,Spanish:80|English:10|Japanese:10,100,7,5,Bachelor's,10,10,10,7,7,10,5,22,8,15,Duolingo,130,,,,,17,25,B1,intermediate|advanced,intermediate|advanced,cambridge_15_21_random_intermediate_advanced,4,19,random,,113.265625,1209.703125,153.265625,1249.71875,1,11,hover,83.5,83.5,0.8320968371729793,0.893359375,165,,,,,,2026-09-22T16:00:40.289Z,HM6QAFBU,2026-09-22,2026-09-22,13:00:40,2026-09-22 13:00:40,,,,,,,,69aefaccbf52402fcb03f38a,69aefaccbf52402fcb03f38a,,,,
3607,raw_position_sample,2,3,adv,25,4,18,19,12, ABa ,1258,149,1702458,69aefaccbf52402fcb03f38a,69aefaccbf52402fcb03f38a,advanced,4,69aefaccbf52402fcb03f38a,69aefaccbf52402fcb03f38a,spotlight_PROLIFIC,,36,Chile,Spanish,"Spanish, English, Japanese",Japanese,Spanish:75|English:15|Japanese:10,100,Spanish:50|English:35|Japanese:15,100,Spanish:80|English:10|Japanese:10,100,7,5,Bachelor's,10,10,10,7,7,10,5,22,8,15,Duolingo,130,,,,,17,25,B1,intermediate|advanced,intermediate|advanced,cambridge_15_21_random_intermediate_advanced,4,19,random,,123.265625,1249.71875,143.265625,1283.75,1,12,,,,,,,,,,,,2026-09-22T16:00:40.289Z,HM6QAFBU,2026-09-22,2026-09-22,13:00:40,2026-09-22 13:00:40,,,,,,,,69aefaccbf52402fcb03f38a,69aefaccbf52402fcb03f38a,,,,
3656,raw_position_sample,2,3,adv,25,4,18,19,12, ABa ,1275,149,1702506.8999999762,69aefaccbf52402fcb03f38a,69aefaccbf52402fcb03f38a,advanced,4,69aefaccbf52402fcb03f38a,69aefaccbf52402fcb03f38a,spotlight_PROLIFIC,,36,Chile,Spanish,"Spanish, English, Japanese",Japanese,Spanish:75|English:15|Japanese:10,100,Spanish:50|English:35|Japanese:15,100,Spanish:80|English:10|Japanese:10,100,7,5,Bachelor's,10,10,10,7,7,10,5,22,8,15,Duolingo,130,,,,,17,25,B1,intermediate|advanced,intermediate|advanced,cambridge_15_21_random_intermediate_advanced,4,19,random,,123.265625,1249.71875,143.265625,1283.75,1,12,,,,,,,,,,,,2026-09-22T16:00:40.289Z,HM6QAFBU,2026-09-22,2026-09-22,13:00:40,2026-09-22 13:00:40,,,,,,,,69aefaccbf52402fcb03f38a,69aefaccbf52402fcb03f38a,,,,
3706,raw_position_sample,2,3,adv,25,4,18,19,12, ABa ,1282,149,1702557.300000012,69aefaccbf52402fcb03f38a,69aefaccbf52402fcb03f38a,advanced,4,69aefaccbf52402fcb03f38a,69aefaccbf52402fcb03f38a,spotlight_PROLIFIC,,36,Chile,Spanish,"Spanish, English, Japanese",Japanese,Spanish:75|English:15|Japanese:10,100,Spanish:50|English:35|Japanese:15,100,Spanish:80|English:10|Japanese:10,100,7,5,Bachelor's,10,10,10,7,7,10,5,22,8,15,Duolingo,130,,,,,17,25,B1,intermediate|advanced,intermediate|advanced,cambridge_15_21_random_intermediate_advanced,4,19,random,,123.265625,1249.71875,143.265625,1283.75,1,12,,,,,,,,,,,,2026-09-22T16:00:40.289Z,HM6QAFBU,2026-09-22,2026-09-22,13:00:40,2026-09-22 13:00:40,,,,,,,,69aefaccbf52402fcb03f38a,69aefaccbf52402fcb03f38a,,,,
3735,hover_association,2,3,adv,25,4,18,19,12, ABa ,1250,149,,69aefaccbf52402fcb03f38a,69aefaccbf52402fcb03f38a,advanced,4,69aefaccbf52402fcb03f38a,69aefaccbf52402fcb03f38a,spotlight_PROLIFIC,,36,Chile,Spanish,"Spanish, English, Japanese",Japanese,Spanish:75|English:15|Japanese:10,100,Spanish:50|English:35|Japanese:15,100,Spanish:80|English:10|Japanese:10,100,7,5,Bachelor's,10,10,10,7,7,10,5,22,8,15,Duolingo,130,,,,,17,25,B1,intermediate|advanced,intermediate|advanced,cambridge_15_21_random_intermediate_advanced,4,19,random,,113.265625,1249.71875,153.265625,1286.9192708333333,1,12,hover,150,150,0.9484074203710204,0.893359375,165,,,,,,2026-09-22T16:00:40.289Z,HM6QAFBU,2026-09-22,2026-09-22,13:00:40,2026-09-22 13:00:40,,,,,,,,69aefaccbf52402fcb03f38a,69aefaccbf52402fcb03f38a,,,,
3754,raw_position_sample,2,3,adv,25,4,18,19,-1,999,1288,149,1702605.3999999762,69aefaccbf52402fcb03f38a,69aefaccbf52402fcb03f38a,advanced,4,69aefaccbf52402fcb03f38a,69aefaccbf52402fcb03f38a,spotlight_PROLIFIC,,36,Chile,Spanish,"Spanish, English, Japanese",Japanese,Spanish:75|English:15|Japanese:10,100,Spanish:50|English:35|Japanese:15,100,Spanish:80|English:10|Japanese:10,100,7,5,Bachelor's,10,10,10,7,7,10,5,22,8,15,Duolingo,130,,,,,17,25,B1,intermediate|advanced,intermediate|advanced,cambridge_15_21_random_intermediate_advanced,4,19,random,,,,,,,,,,,,,,,,,,,2026-09-22T16:00:40.289Z,HM6QAFBU,2026-09-22,2026-09-22,13:00:40,2026-09-22 13:00:40,,,,,,,,69aefaccbf52402fcb03f38a,69aefaccbf52402fcb03f38a,,,,
3797,raw_position_sample,2,3,adv,25,4,18,19,-1,999,1289,149,1702648.699999988,69aefaccbf52402fcb03f38a,69aefaccbf52402fcb03f38a,advanced,4,69aefaccbf52402fcb03f38a,69aefaccbf52402fcb03f38a,spotlight_PROLIFIC,,36,Chile,Spanish,"Spanish, English, Japanese",Japanese,Spanish:75|English:15|Japanese:10,100,Spanish:50|English:35|Japanese:15,100,Spanish:80|English:10|Japanese:10,100,7,5,Bachelor's,10,10,10,7,7,10,5,22,8,15,Duolingo,130,,,,,17,25,B1,intermediate|advanced,intermediate|advanced,cambridge_15_21_random_intermediate_advanced,4,19,random,,,,,,,,,,,,,,,,,,,2026-09-22T16:00:40.289Z,HM6QAFBU,2026-09-22,2026-09-22,13:00:40,2026-09-22 13:00:40,,,,,,,,69aefaccbf52402fcb03f38a,69aefaccbf52402fcb03f38a,,,,
3849,raw_position_sample,2,3,adv,25,4,18,19,-1,999,1289,149,1702700.1000000238,69aefaccbf52402fcb03f38a,69aefaccbf52402fcb03f38a,advanced,4,69aefaccbf52402fcb03f38a,69aefaccbf52402fcb03f38a,spotlight_PROLIFIC,,36,Chile,Spanish,"Spanish, English, Japanese",Japanese,Spanish:75|English:15|Japanese:10,100,Spanish:50|English:35|Japanese:15,100,Spanish:80|English:10|Japanese:10,100,7,5,Bachelor's,10,10,10,7,7,10,5,22,8,15,Duolingo,130,,,,,17,25,B1,intermediate|advanced,intermediate|advanced,cambridge_15_21_random_intermediate_advanced,4,19,random,,,,,,,,,,,,,,,,,,,2026-09-22T16:00:40.289Z,HM6QAFBU,2026-09-22,2026-09-22,13:00:40,2026-09-22 13:00:40,,,,,,,,69aefaccbf52402fcb03f38a,69aefaccbf52402fcb03f38a,,,,
3897,raw_position_sample,2,3,adv,25,4,18,19,-1,999,1289,149,1702748.1000000238,69aefaccbf52402fcb03f38a,69aefaccbf52402fcb03f38a,advanced,4,69aefaccbf52402fcb03f38a,69aefaccbf52402fcb03f38a,spotlight_PROLIFIC,,36,Chile,Spanish,"Spanish, English, Japanese",Japanese,Spanish:75|English:15|Japanese:10,100,Spanish:50|English:35|Japanese:15,100,Spanish:80|English:10|Japanese:10,100,7,5,Bachelor's,10,10,10,7,7,10,5,22,8,15,Duolingo,130,,,,,17,25,B1,intermediate|advanced,intermediate|advanced,cambridge_15_21_random_intermediate_advanced,4,19,random,,,,,,,,,,,,,,,,,,,2026-09-22T16:00:40.289Z,HM6QAFBU,2026-09-22,2026-09-22,13:00:40,2026-09-22 13:00:40,,,,,,,,69aefaccbf52402fcb03f38a,69aefaccbf52402fcb03f38a,,,,
3956,raw_position_sample,2,3,adv,25,4,18,19,12, ABa ,1254,149,1702807.6000000238,69aefaccbf52402fcb03f38a,69aefaccbf52402fcb03f38a,advanced,4,69aefaccbf52402fcb03f38a,69aefaccbf52402fcb03f38a,spotlight_PROLIFIC,,36,Chile,Spanish,"Spanish, English, Japanese",Japanese,Spanish:75|English:15|Japanese:10,100,Spanish:50|English:35|Japanese:15,100,Spanish:80|English:10|Japanese:10,100,7,5,Bachelor's,10,10,10,7,7,10,5,22,8,15,Duolingo,130,,,,,17,25,B1,intermediate|advanced,intermediate|advanced,cambridge_15_21_random_intermediate_advanced,4,19,random,,123.265625,1249.71875,143.265625,1283.75,1,12,,,,,,,,,,,,2026-09-22T16:00:40.289Z,HM6QAFBU,2026-09-22,2026-09-22,13:00:40,2026-09-22 13:00:40,,,,,,,,69aefaccbf52402fcb03f38a,69aefaccbf52402fcb03f38a,,,,
3968,hover_association,2,3,adv,25,4,18,19,12, ABa ,1279,149,,69aefaccbf52402fcb03f38a,69aefaccbf52402fcb03f38a,advanced,4,69aefaccbf52402fcb03f38a,69aefaccbf52402fcb03f38a,spotlight_PROLIFIC,,36,Chile,Spanish,"Spanish, English, Japanese",Japanese,Spanish:75|English:15|Japanese:10,100,Spanish:50|English:35|Japanese:15,100,Spanish:80|English:10|Japanese:10,100,7,5,Bachelor's,10,10,10,7,7,10,5,22,8,15,Duolingo,130,,,,,17,25,B1,intermediate|advanced,intermediate|advanced,cambridge_15_21_random_intermediate_advanced,4,19,random,,113.265625,1249.71875,153.265625,1286.9192708333333,1,12,hover,55.80000001192093,55.80000001192093,0.11508575428771461,0.893359375,165,,,,,,2026-09-22T16:00:40.289Z,HM6QAFBU,2026-09-22,2026-09-22,13:00:40,2026-09-22 13:00:40,,,,,,,,69aefaccbf52402fcb03f38a,69aefaccbf52402fcb03f38a,,,,
4002,hover_association,2,3,adv,25,4,18,19,11, from ,1228,150,,69aefaccbf52402fcb03f38a,69aefaccbf52402fcb03f38a,advanced,4,69aefaccbf52402fcb03f38a,69aefaccbf52402fcb03f38a,spotlight_PROLIFIC,,36,Chile,Spanish,"Spanish, English, Japanese",Japanese,Spanish:75|English:15|Japanese:10,100,Spanish:50|English:35|Japanese:15,100,Spanish:80|English:10|Japanese:10,100,7,5,Bachelor's,10,10,10,7,7,10,5,22,8,15,Duolingo,130,,,,,17,25,B1,intermediate|advanced,intermediate|advanced,cambridge_15_21_random_intermediate_advanced,4,19,random,,113.265625,1209.703125,153.265625,1249.71875,1,11,hover,33.299999952316284,33.299999952316284,0.207340882467786,0.918359375,165,,,,,,2026-09-22T16:00:40.289Z,HM6QAFBU,2026-09-22,2026-09-22,13:00:40,2026-09-22 13:00:40,,,,,,,,69aefaccbf52402fcb03f38a,69aefaccbf52402fcb03f38a,,,,
4007,raw_position_sample,2,3,adv,25,4,18,19,10, jobs ,1206,150,1702858.699999988,69aefaccbf52402fcb03f38a,69aefaccbf52402fcb03f38a,advanced,4,69aefaccbf52402fcb03f38a,69aefaccbf52402fcb03f38a,spotlight_PROLIFIC,,36,Chile,Spanish,"Spanish, English, Japanese",Japanese,Spanish:75|English:15|Japanese:10,100,Spanish:50|English:35|Japanese:15,100,Spanish:80|English:10|Japanese:10,100,7,5,Bachelor's,10,10,10,7,7,10,5,22,8,15,Duolingo,130,,,,,17,25,B1,intermediate|advanced,intermediate|advanced,cambridge_15_21_random_intermediate_advanced,4,19,random,,123.265625,1171.671875,143.265625,1209.703125,1,10,,,,,,,,,,,,2026-09-22T16:00:40.289Z,HM6QAFBU,2026-09-22,2026-09-22,13:00:40,2026-09-22 13:00:40,,,,,,,,69aefaccbf52402fcb03f38a,69aefaccbf52402fcb03f38a,,,,
4056,raw_position_sample,2,3,adv,25,4,18,19,10, jobs ,1175,150,1702907.300000012,69aefaccbf52402fcb03f38a,69aefaccbf52402fcb03f38a,advanced,4,69aefaccbf52402fcb03f38a,69aefaccbf52402fcb03f38a,spotlight_PROLIFIC,,36,Chile,Spanish,"Spanish, English, Japanese",Japanese,Spanish:75|English:15|Japanese:10,100,Spanish:50|English:35|Japanese:15,100,Spanish:80|English:10|Japanese:10,100,7,5,Bachelor's,10,10,10,7,7,10,5,22,8,15,Duolingo,130,,,,,17,25,B1,intermediate|advanced,intermediate|advanced,cambridge_15_21_random_intermediate_advanced,4,19,random,,123.265625,1171.671875,143.265625,1209.703125,1,10,,,,,,,,,,,,2026-09-22T16:00:40.289Z,HM6QAFBU,2026-09-22,2026-09-22,13:00:40,2026-09-22 13:00:40,,,,,,,,69aefaccbf52402fcb03f38a,69aefaccbf52402fcb03f38a,,,,
4069,hover_association,2,3,adv,25,4,18,19,10, jobs ,1206,150,,69aefaccbf52402fcb03f38a,69aefaccbf52402fcb03f38a,advanced,4,69aefaccbf52402fcb03f38a,69aefaccbf52402fcb03f38a,spotlight_PROLIFIC,,36,Chile,Spanish,"Spanish, English, Japanese",Japanese,Spanish:75|English:15|Japanese:10,100,Spanish:50|English:35|Japanese:15,100,Spanish:80|English:10|Japanese:10,100,7,5,Bachelor's,10,10,10,7,7,10,5,22,8,15,Duolingo,130,,,,,17,25,B1,intermediate|advanced,intermediate|advanced,cambridge_15_21_random_intermediate_advanced,4,19,random,,113.265625,1171.671875,153.265625,1209.703125,1,10,hover,67,67,0.08751027115858669,0.918359375,165,,,,,,2026-09-22T16:00:40.289Z,HM6QAFBU,2026-09-22,2026-09-22,13:00:40,2026-09-22 13:00:40,,,,,,,,69aefaccbf52402fcb03f38a,69aefaccbf52402fcb03f38a,,,,
4108,raw_position_sample,2,3,adv,25,4,18,19,9, taking ,1137,150,1702959,69aefaccbf52402fcb03f38a,69aefaccbf52402fcb03f38a,advanced,4,69aefaccbf52402fcb03f38a,69aefaccbf52402fcb03f38a,spotlight_PROLIFIC,,36,Chile,Spanish,"Spanish, English, Japanese",Japanese,Spanish:75|English:15|Japanese:10,100,Spanish:50|English:35|Japanese:15,100,Spanish:80|English:10|Japanese:10,100,7,5,Bachelor's,10,10,10,7,7,10,5,22,8,15,Duolingo,130,,,,,17,25,B1,intermediate|advanced,intermediate|advanced,cambridge_15_21_random_intermediate_advanced,4,19,random,,123.265625,1118.625,143.265625,1171.671875,1,9,,,,,,,,,,,,2026-09-22T16:00:40.289Z,HM6QAFBU,2026-09-22,2026-09-22,13:00:40,2026-09-22 13:00:40,,,,,,,,69aefaccbf52402fcb03f38a,69aefaccbf52402fcb03f38a,,,,
4136,hover_association,2,3,adv,25,4,18,19,9, taking ,1161,150,,69aefaccbf52402fcb03f38a,69aefaccbf52402fcb03f38a,advanced,4,69aefaccbf52402fcb03f38a,69aefaccbf52402fcb03f38a,spotlight_PROLIFIC,,36,Chile,Spanish,"Spanish, English, Japanese",Japanese,Spanish:75|English:15|Japanese:10,100,Spanish:50|English:35|Japanese:15,100,Spanish:80|English:10|Japanese:10,100,7,5,Bachelor's,10,10,10,7,7,10,5,22,8,15,Duolingo,130,,,,,17,25,B1,intermediate|advanced,intermediate|advanced,cambridge_15_21_random_intermediate_advanced,4,19,random,,113.265625,1118.625,153.265625,1171.671875,1,9,hover,66.40000003576279,66.40000003576279,0.08247422680412371,0.918359375,165,,,,,,2026-09-22T16:00:40.289Z,HM6QAFBU,2026-09-22,2026-09-22,13:00:40,2026-09-22 13:00:40,,,,,,,,69aefaccbf52402fcb03f38a,69aefaccbf52402fcb03f38a,,,,
4155,raw_position_sample,2,3,adv,25,4,18,19,8," self-employed, ",1092,152,1703006,69aefaccbf52402fcb03f38a,69aefaccbf52402fcb03f38a,advanced,4,69aefaccbf52402fcb03f38a,69aefaccbf52402fcb03f38a,spotlight_PROLIFIC,,36,Chile,Spanish,"Spanish, English, Japanese",Japanese,Spanish:75|English:15|Japanese:10,100,Spanish:50|English:35|Japanese:15,100,Spanish:80|English:10|Japanese:10,100,7,5,Bachelor's,10,10,10,7,7,10,5,22,8,15,Duolingo,130,,,,,17,25,B1,intermediate|advanced,intermediate|advanced,cambridge_15_21_random_intermediate_advanced,4,19,random,,123.265625,996.5625,143.265625,1118.625,1,8,,,,,,,,,,,,2026-09-22T16:00:40.289Z,HM6QAFBU,2026-09-22,2026-09-22,13:00:40,2026-09-22 13:00:40,,,,,,,,69aefaccbf52402fcb03f38a,69aefaccbf52402fcb03f38a,,,,
4168,hover_association,2,3,adv,25,4,18,19,8," self-employed, ",1109,152,,69aefaccbf52402fcb03f38a,69aefaccbf52402fcb03f38a,advanced,4,69aefaccbf52402fcb03f38a,69aefaccbf52402fcb03f38a,spotlight_PROLIFIC,,36,Chile,Spanish,"Spanish, English, Japanese",Japanese,Spanish:75|English:15|Japanese:10,100,Spanish:50|English:35|Japanese:15,100,Spanish:80|English:10|Japanese:10,100,7,5,Bachelor's,10,10,10,7,7,10,5,22,8,15,Duolingo,130,,,,,17,25,B1,intermediate|advanced,intermediate|advanced,cambridge_15_21_random_intermediate_advanced,4,19,random,,113.265625,996.5625,153.265625,1118.625,1,8,hover,33.09999996423721,33.09999996423721,0.7818740399385561,0.968359375,165,,,,,,2026-09-22T16:00:40.289Z,HM6QAFBU,2026-09-22,2026-09-22,13:00:40,2026-09-22 13:00:40,,,,,,,,69aefaccbf52402fcb03f38a,69aefaccbf52402fcb03f38a,,,,
4201,hover_association,2,3,adv,25,4,18,19,20, when ,1051,154,,69aefaccbf52402fcb03f38a,69aefaccbf52402fcb03f38a,advanced,4,69aefaccbf52402fcb03f38a,69aefaccbf52402fcb03f38a,spotlight_PROLIFIC,,36,Chile,Spanish,"Spanish, English, Japanese",Japanese,Spanish:75|English:15|Japanese:10,100,Spanish:50|English:35|Japanese:15,100,Spanish:80|English:10|Japanese:10,100,7,5,Bachelor's,10,10,10,7,7,10,5,22,8,15,Duolingo,130,,,,,17,25,B1,intermediate|advanced,intermediate|advanced,cambridge_15_21_random_intermediate_advanced,4,19,random,,153.265625,1003.671875,193.265625,1051.71875,2,8,hover,33.40000003576279,33.40000003576279,0.31902439024390244,0.068359375,165,,,,,,2026-09-22T16:00:40.289Z,HM6QAFBU,2026-09-22,2026-09-22,13:00:40,2026-09-22 13:00:40,,,,,,,,69aefaccbf52402fcb03f38a,69aefaccbf52402fcb03f38a,,,,
4205,raw_position_sample,2,3,adv,25,4,18,19,19, and ,982,156,1703056.199999988,69aefaccbf52402fcb03f38a,69aefaccbf52402fcb03f38a,advanced,4,69aefaccbf52402fcb03f38a,69aefaccbf52402fcb03f38a,spotlight_PROLIFIC,,36,Chile,Spanish,"Spanish, English, Japanese",Japanese,Spanish:75|English:15|Japanese:10,100,Spanish:50|English:35|Japanese:15,100,Spanish:80|English:10|Japanese:10,100,7,5,Bachelor's,10,10,10,7,7,10,5,22,8,15,Duolingo,130,,,,,17,25,B1,intermediate|advanced,intermediate|advanced,cambridge_15_21_random_intermediate_advanced,4,19,random,,163.265625,968.625,183.265625,1003.671875,2,7,,,,,,,,,,,,2026-09-22T16:00:40.289Z,HM6QAFBU,2026-09-22,2026-09-22,13:00:40,2026-09-22 13:00:40,,,,,,,,69aefaccbf52402fcb03f38a,69aefaccbf52402fcb03f38a,,,,
4218,hover_association,2,3,adv,25,4,18,19,19, and ,982,156,,69aefaccbf52402fcb03f38a,69aefaccbf52402fcb03f38a,advanced,4,69aefaccbf52402fcb03f38a,69aefaccbf52402fcb03f38a,spotlight_PROLIFIC,,36,Chile,Spanish,"Spanish, English, Japanese",Japanese,Spanish:75|English:15|Japanese:10,100,Spanish:50|English:35|Japanese:15,100,Spanish:80|English:10|Japanese:10,100,7,5,Bachelor's,10,10,10,7,7,10,5,22,8,15,Duolingo,130,,,,,17,25,B1,intermediate|advanced,intermediate|advanced,cambridge_15_21_random_intermediate_advanced,4,19,random,,153.265625,968.625,193.265625,1003.671875,2,7,hover,16.80000001192093,16.80000001192093,0.38163174320107,0.068359375,165,,,,,,2026-09-22T16:00:40.289Z,HM6QAFBU,2026-09-22,2026-09-22,13:00:40,2026-09-22 13:00:40,,,,,,,,69aefaccbf52402fcb03f38a,69aefaccbf52402fcb03f38a,,,,
4234,hover_association,2,3,adv,25,4,18,19,18, as ,950,156,,69aefaccbf52402fcb03f38a,69aefaccbf52402fcb03f38a,advanced,4,69aefaccbf52402fcb03f38a,69aefaccbf52402fcb03f38a,spotlight_PROLIFIC,,36,Chile,Spanish,"Spanish, English, Japanese",Japanese,Spanish:75|English:15|Japanese:10,100,Spanish:50|English:35|Japanese:15,100,Spanish:80|English:10|Japanese:10,100,7,5,Bachelor's,10,10,10,7,7,10,5,22,8,15,Duolingo,130,,,,,17,25,B1,intermediate|advanced,intermediate|advanced,cambridge_15_21_random_intermediate_advanced,4,19,random,,153.265625,944.609375,193.265625,968.625,2,6,hover,16.599999964237213,16.599999964237213,0.22446324007807417,0.068359375,165,,,,,,2026-09-22T16:00:40.289Z,HM6QAFBU,2026-09-22,2026-09-22,13:00:40,2026-09-22 13:00:40,,,,,,,,69aefaccbf52402fcb03f38a,69aefaccbf52402fcb03f38a,,,,
4254,raw_position_sample,2,3,adv,25,4,18,19,17, companies ,885,158,1703105,69aefaccbf52402fcb03f38a,69aefaccbf52402fcb03f38a,advanced,4,69aefaccbf52402fcb03f38a,69aefaccbf52402fcb03f38a,spotlight_PROLIFIC,,36,Chile,Spanish,"Spanish, English, Japanese",Japanese,Spanish:75|English:15|Japanese:10,100,Spanish:50|English:35|Japanese:15,100,Spanish:80|English:10|Japanese:10,100,7,5,Bachelor's,10,10,10,7,7,10,5,22,8,15,Duolingo,130,,,,,17,25,B1,intermediate|advanced,intermediate|advanced,cambridge_15_21_random_intermediate_advanced,4,19,random,,163.265625,852.546875,183.265625,944.609375,2,5,,,,,,,,,,,,2026-09-22T16:00:40.289Z,HM6QAFBU,2026-09-22,2026-09-22,13:00:40,2026-09-22 13:00:40,,,,,,,,69aefaccbf52402fcb03f38a,69aefaccbf52402fcb03f38a,,,,
4267,hover_association,2,3,adv,25,4,18,19,17, companies ,917,158,,69aefaccbf52402fcb03f38a,69aefaccbf52402fcb03f38a,advanced,4,69aefaccbf52402fcb03f38a,69aefaccbf52402fcb03f38a,spotlight_PROLIFIC,,36,Chile,Spanish,"Spanish, English, Japanese",Japanese,Spanish:75|English:15|Japanese:10,100,Spanish:50|English:35|Japanese:15,100,Spanish:80|English:10|Japanese:10,100,7,5,Bachelor's,10,10,10,7,7,10,5,22,8,15,Duolingo,130,,,,,17,25,B1,intermediate|advanced,intermediate|advanced,cambridge_15_21_random_intermediate_advanced,4,19,random,,153.265625,852.546875,193.265625,944.609375,2,5,hover,32.69999998807907,32.69999998807907,0.35251188051595383,0.118359375,165,,,,,,2026-09-22T16:00:40.289Z,HM6QAFBU,2026-09-22,2026-09-22,13:00:40,2026-09-22 13:00:40,,,,,,,,69aefaccbf52402fcb03f38a,69aefaccbf52402fcb03f38a,,,,
4301,raw_position_sample,2,3,adv,25,4,18,19,16, shopping ,810,160,1703152.6000000238,69aefaccbf52402fcb03f38a,69aefaccbf52402fcb03f38a,advanced,4,69aefaccbf52402fcb03f38a,69aefaccbf52402fcb03f38a,spotlight_PROLIFIC,,36,Chile,Spanish,"Spanish, English, Japanese",Japanese,Spanish:75|English:15|Japanese:10,100,Spanish:50|English:35|Japanese:15,100,Spanish:80|English:10|Japanese:10,100,7,5,Bachelor's,10,10,10,7,7,10,5,22,8,15,Duolingo,130,,,,,17,25,B1,intermediate|advanced,intermediate|advanced,cambridge_15_21_random_intermediate_advanced,4,19,random,,163.265625,774.46875,183.265625,852.546875,2,4,,,,,,,,,,,,2026-09-22T16:00:40.289Z,HM6QAFBU,2026-09-22,2026-09-22,13:00:40,2026-09-22 13:00:40,,,,,,,,69aefaccbf52402fcb03f38a,69aefaccbf52402fcb03f38a,,,,
4319,hover_association,2,3,adv,25,4,18,19,16, shopping ,845,160,,69aefaccbf52402fcb03f38a,69aefaccbf52402fcb03f38a,advanced,4,69aefaccbf52402fcb03f38a,69aefaccbf52402fcb03f38a,spotlight_PROLIFIC,,36,Chile,Spanish,"Spanish, English, Japanese",Japanese,Spanish:75|English:15|Japanese:10,100,Spanish:50|English:35|Japanese:15,100,Spanish:80|English:10|Japanese:10,100,7,5,Bachelor's,10,10,10,7,7,10,5,22,8,15,Duolingo,130,,,,,17,25,B1,intermediate|advanced,intermediate|advanced,cambridge_15_21_random_intermediate_advanced,4,19,random,,153.265625,774.46875,193.265625,852.546875,2,4,hover,50.90000003576279,50.90000003576279,0.10926555933560136,0.218359375,165,,,,,,2026-09-22T16:00:40.289Z,HM6QAFBU,2026-09-22,2026-09-22,13:00:40,2026-09-22 13:00:40,,,,,,,,69aefaccbf52402fcb03f38a,69aefaccbf52402fcb03f38a,,,,
4352,hover_association,2,3,adv,25,4,18,19,15, mystery ,751,162,,69aefaccbf52402fcb03f38a,69aefaccbf52402fcb03f38a,advanced,4,69aefaccbf52402fcb03f38a,69aefaccbf52402fcb03f38a,spotlight_PROLIFIC,,36,Chile,Spanish,"Spanish, English, Japanese",Japanese,Spanish:75|English:15|Japanese:10,100,Spanish:50|English:35|Japanese:15,100,Spanish:80|English:10|Japanese:10,100,7,5,Bachelor's,10,10,10,7,7,10,5,22,8,15,Duolingo,130,,,,,17,25,B1,intermediate|advanced,intermediate|advanced,cambridge_15_21_random_intermediate_advanced,4,19,random,,153.265625,706.453125,193.265625,774.46875,2,3,hover,33.09999996423721,33.09999996423721,0.14036296806799908,0.268359375,165,,,,,,2026-09-22T16:00:40.289Z,HM6QAFBU,2026-09-22,2026-09-22,13:00:40,2026-09-22 13:00:40,,,,,,,,69aefaccbf52402fcb03f38a,69aefaccbf52402fcb03f38a,,,,
4357,raw_position_sample,2,3,adv,25,4,18,19,14, other ,694,164,1703208.199999988,69aefaccbf52402fcb03f38a,69aefaccbf52402fcb03f38a,advanced,4,69aefaccbf52402fcb03f38a,69aefaccbf52402fcb03f38a,spotlight_PROLIFIC,,36,Chile,Spanish,"Spanish, English, Japanese",Japanese,Spanish:75|English:15|Japanese:10,100,Spanish:50|English:35|Japanese:15,100,Spanish:80|English:10|Japanese:10,100,7,5,Bachelor's,10,10,10,7,7,10,5,22,8,15,Duolingo,130,,,,,17,25,B1,intermediate|advanced,intermediate|advanced,cambridge_15_21_random_intermediate_advanced,4,19,random,,163.265625,660.421875,183.265625,706.453125,2,2,,,,,,,,,,,,2026-09-22T16:00:40.289Z,HM6QAFBU,2026-09-22,2026-09-22,13:00:40,2026-09-22 13:00:40,,,,,,,,69aefaccbf52402fcb03f38a,69aefaccbf52402fcb03f38a,,,,
4384,hover_association,2,3,adv,25,4,18,19,14, other ,694,164,,69aefaccbf52402fcb03f38a,69aefaccbf52402fcb03f38a,advanced,4,69aefaccbf52402fcb03f38a,69aefaccbf52402fcb03f38a,spotlight_PROLIFIC,,36,Chile,Spanish,"Spanish, English, Japanese",Japanese,Spanish:75|English:15|Japanese:10,100,Spanish:50|English:35|Japanese:15,100,Spanish:80|English:10|Japanese:10,100,7,5,Bachelor's,10,10,10,7,7,10,5,22,8,15,Duolingo,130,,,,,17,25,B1,intermediate|advanced,intermediate|advanced,cambridge_15_21_random_intermediate_advanced,4,19,random,,153.265625,660.421875,193.265625,706.453125,2,2,hover,33,33,0.18635437881873726,0.268359375,165,,,,,,2026-09-22T16:00:40.289Z,HM6QAFBU,2026-09-22,2026-09-22,13:00:40,2026-09-22 13:00:40,,,,,,,,69aefaccbf52402fcb03f38a,69aefaccbf52402fcb03f38a,,,,
4401,raw_position_sample,2,3,adv,25,4,18,19,13, and ,650,164,1703252.5,69aefaccbf52402fcb03f38a,69aefaccbf52402fcb03f38a,advanced,4,69aefaccbf52402fcb03f38a,69aefaccbf52402fcb03f38a,spotlight_PROLIFIC,,36,Chile,Spanish,"Spanish, English, Japanese",Japanese,Spanish:75|English:15|Japanese:10,100,Spanish:50|English:35|Japanese:15,100,Spanish:80|English:10|Japanese:10,100,7,5,Bachelor's,10,10,10,7,7,10,5,22,8,15,Duolingo,130,,,,,17,25,B1,intermediate|advanced,intermediate|advanced,cambridge_15_21_random_intermediate_advanced,4,19,random,,163.265625,625.375,183.265625,660.421875,2,1,,,,,,,,,,,,2026-09-22T16:00:40.289Z,HM6QAFBU,2026-09-22,2026-09-22,13:00:40,2026-09-22 13:00:40,,,,,,,,69aefaccbf52402fcb03f38a,69aefaccbf52402fcb03f38a,,,,
4456,raw_position_sample,2,3,adv,25,4,18,19,13, and ,636,165,1703307.6000000238,69aefaccbf52402fcb03f38a,69aefaccbf52402fcb03f38a,advanced,4,69aefaccbf52402fcb03f38a,69aefaccbf52402fcb03f38a,spotlight_PROLIFIC,,36,Chile,Spanish,"Spanish, English, Japanese",Japanese,Spanish:75|English:15|Japanese:10,100,Spanish:50|English:35|Japanese:15,100,Spanish:80|English:10|Japanese:10,100,7,5,Bachelor's,10,10,10,7,7,10,5,22,8,15,Duolingo,130,,,,,17,25,B1,intermediate|advanced,intermediate|advanced,cambridge_15_21_random_intermediate_advanced,4,19,random,,163.265625,625.375,183.265625,660.421875,2,1,,,,,,,,,,,,2026-09-22T16:00:40.289Z,HM6QAFBU,2026-09-22,2026-09-22,13:00:40,2026-09-22 13:00:40,,,,,,,,69aefaccbf52402fcb03f38a,69aefaccbf52402fcb03f38a,,,,
4505,raw_position_sample,2,3,adv,25,4,18,19,13, and ,624,165,1703356.199999988,69aefaccbf52402fcb03f38a,69aefaccbf52402fcb03f38a,advanced,4,69aefaccbf52402fcb03f38a,69aefaccbf52402fcb03f38a,spotlight_PROLIFIC,,36,Chile,Spanish,"Spanish, English, Japanese",Japanese,Spanish:75|English:15|Japanese:10,100,Spanish:50|English:35|Japanese:15,100,Spanish:80|English:10|Japanese:10,100,7,5,Bachelor's,10,10,10,7,7,10,5,22,8,15,Duolingo,130,,,,,17,25,B1,intermediate|advanced,intermediate|advanced,cambridge_15_21_random_intermediate_advanced,4,19,random,,163.265625,625.375,183.265625,660.421875,2,1,,,,,,,,,,,,2026-09-22T16:00:40.289Z,HM6QAFBU,2026-09-22,2026-09-22,13:00:40,2026-09-22 13:00:40,,,,,,,,69aefaccbf52402fcb03f38a,69aefaccbf52402fcb03f38a,,,,
4517,hover_association,2,3,adv,25,4,18,19,13, and ,657,164,,69aefaccbf52402fcb03f38a,69aefaccbf52402fcb03f38a,advanced,4,69aefaccbf52402fcb03f38a,69aefaccbf52402fcb03f38a,spotlight_PROLIFIC,,36,Chile,Spanish,"Spanish, English, Japanese",Japanese,Spanish:75|English:15|Japanese:10,100,Spanish:50|English:35|Japanese:15,100,Spanish:80|English:10|Japanese:10,100,7,5,Bachelor's,10,10,10,7,7,10,5,22,8,15,Duolingo,130,,,,,17,25,B1,intermediate|advanced,intermediate|advanced,cambridge_15_21_random_intermediate_advanced,4,19,random,,153.265625,622.2057291666666,193.265625,660.421875,2,1,hover,133.20000004768372,133.20000004768372,0.04695059625213042,0.293359375,165,,,,,,2026-09-22T16:00:40.289Z,HM6QAFBU,2026-09-22,2026-09-22,13:00:40,2026-09-22 13:00:40,,,,,,,,69aefaccbf52402fcb03f38a,69aefaccbf52402fcb03f38a,,,,
4550,raw_position_sample,2,3,adv,25,4,18,19,-1,999,621,165,1703401.1000000238,69aefaccbf52402fcb03f38a,69aefaccbf52402fcb03f38a,advanced,4,69aefaccbf52402fcb03f38a,69aefaccbf52402fcb03f38a,spotlight_PROLIFIC,,36,Chile,Spanish,"Spanish, English, Japanese",Japanese,Spanish:75|English:15|Japanese:10,100,Spanish:50|English:35|Japanese:15,100,Spanish:80|English:10|Japanese:10,100,7,5,Bachelor's,10,10,10,7,7,10,5,22,8,15,Duolingo,130,,,,,17,25,B1,intermediate|advanced,intermediate|advanced,cambridge_15_21_random_intermediate_advanced,4,19,random,,,,,,,,,,,,,,,,,,,2026-09-22T16:00:40.289Z,HM6QAFBU,2026-09-22,2026-09-22,13:00:40,2026-09-22 13:00:40,,,,,,,,69aefaccbf52402fcb03f38a,69aefaccbf52402fcb03f38a,,,,
4598,raw_position_sample,2,3,adv,25,4,18,19,-1,999,621,165,1703449.5,69aefaccbf52402fcb03f38a,69aefaccbf52402fcb03f38a,advanced,4,69aefaccbf52402fcb03f38a,69aefaccbf52402fcb03f38a,spotlight_PROLIFIC,,36,Chile,Spanish,"Spanish, English, Japanese",Japanese,Spanish:75|English:15|Japanese:10,100,Spanish:50|English:35|Japanese:15,100,Spanish:80|English:10|Japanese:10,100,7,5,Bachelor's,10,10,10,7,7,10,5,22,8,15,Duolingo,130,,,,,17,25,B1,intermediate|advanced,intermediate|advanced,cambridge_15_21_random_intermediate_advanced,4,19,random,,,,,,,,,,,,,,,,,,,2026-09-22T16:00:40.289Z,HM6QAFBU,2026-09-22,2026-09-22,13:00:40,2026-09-22 13:00:40,,,,,,,,69aefaccbf52402fcb03f38a,69aefaccbf52402fcb03f38a,,,,
4648,raw_position_sample,2,3,adv,25,4,18,19,-1,999,621,165,1703499.6000000238,69aefaccbf52402fcb03f38a,69aefaccbf52402fcb03f38a,advanced,4,69aefaccbf52402fcb03f38a,69aefaccbf52402fcb03f38a,spotlight_PROLIFIC,,36,Chile,Spanish,"Spanish, English, Japanese",Japanese,Spanish:75|English:15|Japanese:10,100,Spanish:50|English:35|Japanese:15,100,Spanish:80|English:10|Japanese:10,100,7,5,Bachelor's,10,10,10,7,7,10,5,22,8,15,Duolingo,130,,,,,17,25,B1,intermediate|advanced,intermediate|advanced,cambridge_15_21_random_intermediate_advanced,4,19,random,,,,,,,,,,,,,,,,,,,2026-09-22T16:00:40.289Z,HM6QAFBU,2026-09-22,2026-09-22,13:00:40,2026-09-22 13:00:40,,,,,,,,69aefaccbf52402fcb03f38a,69aefaccbf52402fcb03f38a,,,,
4710,raw_position_sample,2,3,adv,25,4,18,19,-1,999,621,165,1703561.6000000238,69aefaccbf52402fcb03f38a,69aefaccbf52402fcb03f38a,advanced,4,69aefaccbf52402fcb03f38a,69aefaccbf52402fcb03f38a,spotlight_PROLIFIC,,36,Chile,Spanish,"Spanish, English, Japanese",Japanese,Spanish:75|English:15|Japanese:10,100,Spanish:50|English:35|Japanese:15,100,Spanish:80|English:10|Japanese:10,100,7,5,Bachelor's,10,10,10,7,7,10,5,22,8,15,Duolingo,130,,,,,17,25,B1,intermediate|advanced,intermediate|advanced,cambridge_15_21_random_intermediate_advanced,4,19,random,,,,,,,,,,,,,,,,,,,2026-09-22T16:00:40.289Z,HM6QAFBU,2026-09-22,2026-09-22,13:00:40,2026-09-22 13:00:40,,,,,,,,69aefaccbf52402fcb03f38a,69aefaccbf52402fcb03f38a,,,,
4756,raw_position_sample,2,3,adv,25,4,18,19,13, and ,654,171,1703607,69aefaccbf52402fcb03f38a,69aefaccbf52402fcb03f38a,advanced,4,69aefaccbf52402fcb03f38a,69aefaccbf52402fcb03f38a,spotlight_PROLIFIC,,36,Chile,Spanish,"Spanish, English, Japanese",Japanese,Spanish:75|English:15|Japanese:10,100,Spanish:50|English:35|Japanese:15,100,Spanish:80|English:10|Japanese:10,100,7,5,Bachelor's,10,10,10,7,7,10,5,22,8,15,Duolingo,130,,,,,17,25,B1,intermediate|advanced,intermediate|advanced,cambridge_15_21_random_intermediate_advanced,4,19,random,,163.265625,625.375,183.265625,660.421875,2,1,,,,,,,,,,,,2026-09-22T16:00:40.289Z,HM6QAFBU,2026-09-22,2026-09-22,13:00:40,2026-09-22 13:00:40,,,,,,,,69aefaccbf52402fcb03f38a,69aefaccbf52402fcb03f38a,,,,
4768,hover_association,2,3,adv,25,4,18,19,13, and ,625,166,,69aefaccbf52402fcb03f38a,69aefaccbf52402fcb03f38a,advanced,4,69aefaccbf52402fcb03f38a,69aefaccbf52402fcb03f38a,spotlight_PROLIFIC,,36,Chile,Spanish,"Spanish, English, Japanese",Japanese,Spanish:75|English:15|Japanese:10,100,Spanish:50|English:35|Japanese:15,100,Spanish:80|English:10|Japanese:10,100,7,5,Bachelor's,10,10,10,7,7,10,5,22,8,15,Duolingo,130,,,,,17,25,B1,intermediate|advanced,intermediate|advanced,cambridge_15_21_random_intermediate_advanced,4,19,random,,153.265625,622.2057291666666,193.265625,660.421875,2,1,hover,55.60000002384186,55.60000002384186,0.8319591141396935,0.443359375,165,,,,,,2026-09-22T16:00:40.289Z,HM6QAFBU,2026-09-22,2026-09-22,13:00:40,2026-09-22 13:00:40,,,,,,,,69aefaccbf52402fcb03f38a,69aefaccbf52402fcb03f38a,,,,
4804,raw_position_sample,2,3,adv,25,4,18,19,14, other ,689,174,1703655.199999988,69aefaccbf52402fcb03f38a,69aefaccbf52402fcb03f38a,advanced,4,69aefaccbf52402fcb03f38a,69aefaccbf52402fcb03f38a,spotlight_PROLIFIC,,36,Chile,Spanish,"Spanish, English, Japanese",Japanese,Spanish:75|English:15|Japanese:10,100,Spanish:50|English:35|Japanese:15,100,Spanish:80|English:10|Japanese:10,100,7,5,Bachelor's,10,10,10,7,7,10,5,22,8,15,Duolingo,130,,,,,17,25,B1,intermediate|advanced,intermediate|advanced,cambridge_15_21_random_intermediate_advanced,4,19,random,,163.265625,660.421875,183.265625,706.453125,2,2,,,,,,,,,,,,2026-09-22T16:00:40.289Z,HM6QAFBU,2026-09-22,2026-09-22,13:00:40,2026-09-22 13:00:40,,,,,,,,69aefaccbf52402fcb03f38a,69aefaccbf52402fcb03f38a,,,,
4857,raw_position_sample,2,3,adv,25,4,18,19,14, other ,704,174,1703708.199999988,69aefaccbf52402fcb03f38a,69aefaccbf52402fcb03f38a,advanced,4,69aefaccbf52402fcb03f38a,69aefaccbf52402fcb03f38a,spotlight_PROLIFIC,,36,Chile,Spanish,"Spanish, English, Japanese",Japanese,Spanish:75|English:15|Japanese:10,100,Spanish:50|English:35|Japanese:15,100,Spanish:80|English:10|Japanese:10,100,7,5,Bachelor's,10,10,10,7,7,10,5,22,8,15,Duolingo,130,,,,,17,25,B1,intermediate|advanced,intermediate|advanced,cambridge_15_21_random_intermediate_advanced,4,19,random,,163.265625,660.421875,183.265625,706.453125,2,2,,,,,,,,,,,,2026-09-22T16:00:40.289Z,HM6QAFBU,2026-09-22,2026-09-22,13:00:40,2026-09-22 13:00:40,,,,,,,,69aefaccbf52402fcb03f38a,69aefaccbf52402fcb03f38a,,,,
4869,hover_association,2,3,adv,25,4,18,19,14, other ,675,173,,69aefaccbf52402fcb03f38a,69aefaccbf52402fcb03f38a,advanced,4,69aefaccbf52402fcb03f38a,69aefaccbf52402fcb03f38a,spotlight_PROLIFIC,,36,Chile,Spanish,"Spanish, English, Japanese",Japanese,Spanish:75|English:15|Japanese:10,100,Spanish:50|English:35|Japanese:15,100,Spanish:80|English:10|Japanese:10,100,7,5,Bachelor's,10,10,10,7,7,10,5,22,8,15,Duolingo,130,,,,,17,25,B1,intermediate|advanced,intermediate|advanced,cambridge_15_21_random_intermediate_advanced,4,19,random,,153.265625,660.421875,193.265625,706.453125,2,2,hover,100.19999998807907,100.19999998807907,0.9467073998642227,0.518359375,165,,,,,,2026-09-22T16:00:40.289Z,HM6QAFBU,2026-09-22,2026-09-22,13:00:40,2026-09-22 13:00:40,,,,,,,,69aefaccbf52402fcb03f38a,69aefaccbf52402fcb03f38a,,,,
4904,raw_position_sample,2,3,adv,25,4,18,19,15, mystery ,719,174,1703755.800000012,69aefaccbf52402fcb03f38a,69aefaccbf52402fcb03f38a,advanced,4,69aefaccbf52402fcb03f38a,69aefaccbf52402fcb03f38a,spotlight_PROLIFIC,,36,Chile,Spanish,"Spanish, English, Japanese",Japanese,Spanish:75|English:15|Japanese:10,100,Spanish:50|English:35|Japanese:15,100,Spanish:80|English:10|Japanese:10,100,7,5,Bachelor's,10,10,10,7,7,10,5,22,8,15,Duolingo,130,,,,,17,25,B1,intermediate|advanced,intermediate|advanced,cambridge_15_21_random_intermediate_advanced,4,19,random,,163.265625,706.453125,183.265625,774.46875,2,3,,,,,,,,,,,,2026-09-22T16:00:40.289Z,HM6QAFBU,2026-09-22,2026-09-22,13:00:40,2026-09-22 13:00:40,,,,,,,,69aefaccbf52402fcb03f38a,69aefaccbf52402fcb03f38a,,,,
4949,raw_position_sample,2,3,adv,25,4,18,19,15, mystery ,727,174,1703800.3999999762,69aefaccbf52402fcb03f38a,69aefaccbf52402fcb03f38a,advanced,4,69aefaccbf52402fcb03f38a,69aefaccbf52402fcb03f38a,spotlight_PROLIFIC,,36,Chile,Spanish,"Spanish, English, Japanese",Japanese,Spanish:75|English:15|Japanese:10,100,Spanish:50|English:35|Japanese:15,100,Spanish:80|English:10|Japanese:10,100,7,5,Bachelor's,10,10,10,7,7,10,5,22,8,15,Duolingo,130,,,,,17,25,B1,intermediate|advanced,intermediate|advanced,cambridge_15_21_random_intermediate_advanced,4,19,random,,163.265625,706.453125,183.265625,774.46875,2,3,,,,,,,,,,,,2026-09-22T16:00:40.289Z,HM6QAFBU,2026-09-22,2026-09-22,13:00:40,2026-09-22 13:00:40,,,,,,,,69aefaccbf52402fcb03f38a,69aefaccbf52402fcb03f38a,,,,
5004,raw_position_sample,2,3,adv,25,4,18,19,15, mystery ,748,174,1703855.5,69aefaccbf52402fcb03f38a,69aefaccbf52402fcb03f38a,advanced,4,69aefaccbf52402fcb03f38a,69aefaccbf52402fcb03f38a,spotlight_PROLIFIC,,36,Chile,Spanish,"Spanish, English, Japanese",Japanese,Spanish:75|English:15|Japanese:10,100,Spanish:50|English:35|Japanese:15,100,Spanish:80|English:10|Japanese:10,100,7,5,Bachelor's,10,10,10,7,7,10,5,22,8,15,Duolingo,130,,,,,17,25,B1,intermediate|advanced,intermediate|advanced,cambridge_15_21_random_intermediate_advanced,4,19,random,,163.265625,706.453125,183.265625,774.46875,2,3,,,,,,,,,,,,2026-09-22T16:00:40.289Z,HM6QAFBU,2026-09-22,2026-09-22,13:00:40,2026-09-22 13:00:40,,,,,,,,69aefaccbf52402fcb03f38a,69aefaccbf52402fcb03f38a,,,,
5054,raw_position_sample,2,3,adv,25,4,18,19,15, mystery ,767,174,1703905.6000000238,69aefaccbf52402fcb03f38a,69aefaccbf52402fcb03f38a,advanced,4,69aefaccbf52402fcb03f38a,69aefaccbf52402fcb03f38a,spotlight_PROLIFIC,,36,Chile,Spanish,"Spanish, English, Japanese",Japanese,Spanish:75|English:15|Japanese:10,100,Spanish:50|English:35|Japanese:15,100,Spanish:80|English:10|Japanese:10,100,7,5,Bachelor's,10,10,10,7,7,10,5,22,8,15,Duolingo,130,,,,,17,25,B1,intermediate|advanced,intermediate|advanced,cambridge_15_21_random_intermediate_advanced,4,19,random,,163.265625,706.453125,183.265625,774.46875,2,3,,,,,,,,,,,,2026-09-22T16:00:40.289Z,HM6QAFBU,2026-09-22,2026-09-22,13:00:40,2026-09-22 13:00:40,,,,,,,,69aefaccbf52402fcb03f38a,69aefaccbf52402fcb03f38a,,,,
5069,hover_association,2,3,adv,25,4,18,19,15, mystery ,709,174,,69aefaccbf52402fcb03f38a,69aefaccbf52402fcb03f38a,advanced,4,69aefaccbf52402fcb03f38a,69aefaccbf52402fcb03f38a,spotlight_PROLIFIC,,36,Chile,Spanish,"Spanish, English, Japanese",Japanese,Spanish:75|English:15|Japanese:10,100,Spanish:50|English:35|Japanese:15,100,Spanish:80|English:10|Japanese:10,100,7,5,Bachelor's,10,10,10,7,7,10,5,22,8,15,Duolingo,130,,,,,17,25,B1,intermediate|advanced,intermediate|advanced,cambridge_15_21_random_intermediate_advanced,4,19,random,,153.265625,706.453125,193.265625,774.46875,2,3,hover,199.89999997615814,199.89999997615814,0.8901906730990122,0.518359375,165,,,,,,2026-09-22T16:00:40.289Z,HM6QAFBU,2026-09-22,2026-09-22,13:00:40,2026-09-22 13:00:40,,,,,,,,69aefaccbf52402fcb03f38a,69aefaccbf52402fcb03f38a,,,,
5104,raw_position_sample,2,3,adv,25,4,18,19,16, shopping ,804,174,1703955.6000000238,69aefaccbf52402fcb03f38a,69aefaccbf52402fcb03f38a,advanced,4,69aefaccbf52402fcb03f38a,69aefaccbf52402fcb03f38a,spotlight_PROLIFIC,,36,Chile,Spanish,"Spanish, English, Japanese",Japanese,Spanish:75|English:15|Japanese:10,100,Spanish:50|English:35|Japanese:15,100,Spanish:80|English:10|Japanese:10,100,7,5,Bachelor's,10,10,10,7,7,10,5,22,8,15,Duolingo,130,,,,,17,25,B1,intermediate|advanced,intermediate|advanced,cambridge_15_21_random_intermediate_advanced,4,19,random,,163.265625,774.46875,183.265625,852.546875,2,4,,,,,,,,,,,,2026-09-22T16:00:40.289Z,HM6QAFBU,2026-09-22,2026-09-22,13:00:40,2026-09-22 13:00:40,,,,,,,,69aefaccbf52402fcb03f38a,69aefaccbf52402fcb03f38a,,,,
5154,raw_position_sample,2,3,adv,25,4,18,19,16, shopping ,850,172,1704005.3999999762,69aefaccbf52402fcb03f38a,69aefaccbf52402fcb03f38a,advanced,4,69aefaccbf52402fcb03f38a,69aefaccbf52402fcb03f38a,spotlight_PROLIFIC,,36,Chile,Spanish,"Spanish, English, Japanese",Japanese,Spanish:75|English:15|Japanese:10,100,Spanish:50|English:35|Japanese:15,100,Spanish:80|English:10|Japanese:10,100,7,5,Bachelor's,10,10,10,7,7,10,5,22,8,15,Duolingo,130,,,,,17,25,B1,intermediate|advanced,intermediate|advanced,cambridge_15_21_random_intermediate_advanced,4,19,random,,163.265625,774.46875,183.265625,852.546875,2,4,,,,,,,,,,,,2026-09-22T16:00:40.289Z,HM6QAFBU,2026-09-22,2026-09-22,13:00:40,2026-09-22 13:00:40,,,,,,,,69aefaccbf52402fcb03f38a,69aefaccbf52402fcb03f38a,,,,
5168,hover_association,2,3,adv,25,4,18,19,16, shopping ,776,174,,69aefaccbf52402fcb03f38a,69aefaccbf52402fcb03f38a,advanced,4,69aefaccbf52402fcb03f38a,69aefaccbf52402fcb03f38a,spotlight_PROLIFIC,,36,Chile,Spanish,"Spanish, English, Japanese",Japanese,Spanish:75|English:15|Japanese:10,100,Spanish:50|English:35|Japanese:15,100,Spanish:80|English:10|Japanese:10,100,7,5,Bachelor's,10,10,10,7,7,10,5,22,8,15,Duolingo,130,,,,,17,25,B1,intermediate|advanced,intermediate|advanced,cambridge_15_21_random_intermediate_advanced,4,19,random,,153.265625,774.46875,193.265625,852.546875,2,4,hover,99.69999998807907,99.69999998807907,0.9673804282569541,0.468359375,165,,,,,,2026-09-22T16:00:40.289Z,HM6QAFBU,2026-09-22,2026-09-22,13:00:40,2026-09-22 13:00:40,,,,,,,,69aefaccbf52402fcb03f38a,69aefaccbf52402fcb03f38a,,,,
5204,raw_position_sample,2,3,adv,25,4,18,19,17, companies ,878,172,1704055.699999988,69aefaccbf52402fcb03f38a,69aefaccbf52402fcb03f38a,advanced,4,69aefaccbf52402fcb03f38a,69aefaccbf52402fcb03f38a,spotlight_PROLIFIC,,36,Chile,Spanish,"Spanish, English, Japanese",Japanese,Spanish:75|English:15|Japanese:10,100,Spanish:50|English:35|Japanese:15,100,Spanish:80|English:10|Japanese:10,100,7,5,Bachelor's,10,10,10,7,7,10,5,22,8,15,Duolingo,130,,,,,17,25,B1,intermediate|advanced,intermediate|advanced,cambridge_15_21_random_intermediate_advanced,4,19,random,,163.265625,852.546875,183.265625,944.609375,2,5,,,,,,,,,,,,2026-09-22T16:00:40.289Z,HM6QAFBU,2026-09-22,2026-09-22,13:00:40,2026-09-22 13:00:40,,,,,,,,69aefaccbf52402fcb03f38a,69aefaccbf52402fcb03f38a,,,,
5254,raw_position_sample,2,3,adv,25,4,18,19,17, companies ,886,172,1704105.5,69aefaccbf52402fcb03f38a,69aefaccbf52402fcb03f38a,advanced,4,69aefaccbf52402fcb03f38a,69aefaccbf52402fcb03f38a,spotlight_PROLIFIC,,36,Chile,Spanish,"Spanish, English, Japanese",Japanese,Spanish:75|English:15|Japanese:10,100,Spanish:50|English:35|Japanese:15,100,Spanish:80|English:10|Japanese:10,100,7,5,Bachelor's,10,10,10,7,7,10,5,22,8,15,Duolingo,130,,,,,17,25,B1,intermediate|advanced,intermediate|advanced,cambridge_15_21_random_intermediate_advanced,4,19,random,,163.265625,852.546875,183.265625,944.609375,2,5,,,,,,,,,,,,2026-09-22T16:00:40.289Z,HM6QAFBU,2026-09-22,2026-09-22,13:00:40,2026-09-22 13:00:40,,,,,,,,69aefaccbf52402fcb03f38a,69aefaccbf52402fcb03f38a,,,,
5298,raw_position_sample,2,3,adv,25,4,18,19,17, companies ,887,172,1704149.5,69aefaccbf52402fcb03f38a,69aefaccbf52402fcb03f38a,advanced,4,69aefaccbf52402fcb03f38a,69aefaccbf52402fcb03f38a,spotlight_PROLIFIC,,36,Chile,Spanish,"Spanish, English, Japanese",Japanese,Spanish:75|English:15|Japanese:10,100,Spanish:50|English:35|Japanese:15,100,Spanish:80|English:10|Japanese:10,100,7,5,Bachelor's,10,10,10,7,7,10,5,22,8,15,Duolingo,130,,,,,17,25,B1,intermediate|advanced,intermediate|advanced,cambridge_15_21_random_intermediate_advanced,4,19,random,,163.265625,852.546875,183.265625,944.609375,2,5,,,,,,,,,,,,2026-09-22T16:00:40.289Z,HM6QAFBU,2026-09-22,2026-09-22,13:00:40,2026-09-22 13:00:40,,,,,,,,69aefaccbf52402fcb03f38a,69aefaccbf52402fcb03f38a,,,,
5349,raw_position_sample,2,3,adv,25,4,18,19,17, companies ,887,172,1704200.699999988,69aefaccbf52402fcb03f38a,69aefaccbf52402fcb03f38a,advanced,4,69aefaccbf52402fcb03f38a,69aefaccbf52402fcb03f38a,spotlight_PROLIFIC,,36,Chile,Spanish,"Spanish, English, Japanese",Japanese,Spanish:75|English:15|Japanese:10,100,Spanish:50|English:35|Japanese:15,100,Spanish:80|English:10|Japanese:10,100,7,5,Bachelor's,10,10,10,7,7,10,5,22,8,15,Duolingo,130,,,,,17,25,B1,intermediate|advanced,intermediate|advanced,cambridge_15_21_random_intermediate_advanced,4,19,random,,163.265625,852.546875,183.265625,944.609375,2,5,,,,,,,,,,,,2026-09-22T16:00:40.289Z,HM6QAFBU,2026-09-22,2026-09-22,13:00:40,2026-09-22 13:00:40,,,,,,,,69aefaccbf52402fcb03f38a,69aefaccbf52402fcb03f38a,,,,
5401,raw_position_sample,2,3,adv,25,4,18,19,17, companies ,887,172,1704252.300000012,69aefaccbf52402fcb03f38a,69aefaccbf52402fcb03f38a,advanced,4,69aefaccbf52402fcb03f38a,69aefaccbf52402fcb03f38a,spotlight_PROLIFIC,,36,Chile,Spanish,"Spanish, English, Japanese",Japanese,Spanish:75|English:15|Japanese:10,100,Spanish:50|English:35|Japanese:15,100,Spanish:80|English:10|Japanese:10,100,7,5,Bachelor's,10,10,10,7,7,10,5,22,8,15,Duolingo,130,,,,,17,25,B1,intermediate|advanced,intermediate|advanced,cambridge_15_21_random_intermediate_advanced,4,19,random,,163.265625,852.546875,183.265625,944.609375,2,5,,,,,,,,,,,,2026-09-22T16:00:40.289Z,HM6QAFBU,2026-09-22,2026-09-22,13:00:40,2026-09-22 13:00:40,,,,,,,,69aefaccbf52402fcb03f38a,69aefaccbf52402fcb03f38a,,,,
5448,raw_position_sample,2,3,adv,25,4,18,19,17, companies ,887,172,1704299.6000000238,69aefaccbf52402fcb03f38a,69aefaccbf52402fcb03f38a,advanced,4,69aefaccbf52402fcb03f38a,69aefaccbf52402fcb03f38a,spotlight_PROLIFIC,,36,Chile,Spanish,"Spanish, English, Japanese",Japanese,Spanish:75|English:15|Japanese:10,100,Spanish:50|English:35|Japanese:15,100,Spanish:80|English:10|Japanese:10,100,7,5,Bachelor's,10,10,10,7,7,10,5,22,8,15,Duolingo,130,,,,,17,25,B1,intermediate|advanced,intermediate|advanced,cambridge_15_21_random_intermediate_advanced,4,19,random,,163.265625,852.546875,183.265625,944.609375,2,5,,,,,,,,,,,,2026-09-22T16:00:40.289Z,HM6QAFBU,2026-09-22,2026-09-22,13:00:40,2026-09-22 13:00:40,,,,,,,,69aefaccbf52402fcb03f38a,69aefaccbf52402fcb03f38a,,,,
5511,raw_position_sample,2,3,adv,25,4,18,19,17, companies ,887,172,1704362.800000012,69aefaccbf52402fcb03f38a,69aefaccbf52402fcb03f38a,advanced,4,69aefaccbf52402fcb03f38a,69aefaccbf52402fcb03f38a,spotlight_PROLIFIC,,36,Chile,Spanish,"Spanish, English, Japanese",Japanese,Spanish:75|English:15|Japanese:10,100,Spanish:50|English:35|Japanese:15,100,Spanish:80|English:10|Japanese:10,100,7,5,Bachelor's,10,10,10,7,7,10,5,22,8,15,Duolingo,130,,,,,17,25,B1,intermediate|advanced,intermediate|advanced,cambridge_15_21_random_intermediate_advanced,4,19,random,,163.265625,852.546875,183.265625,944.609375,2,5,,,,,,,,,,,,2026-09-22T16:00:40.289Z,HM6QAFBU,2026-09-22,2026-09-22,13:00:40,2026-09-22 13:00:40,,,,,,,,69aefaccbf52402fcb03f38a,69aefaccbf52402fcb03f38a,,,,
5549,raw_position_sample,2,3,adv,25,4,18,19,17, companies ,887,172,1704400.1000000238,69aefaccbf52402fcb03f38a,69aefaccbf52402fcb03f38a,advanced,4,69aefaccbf52402fcb03f38a,69aefaccbf52402fcb03f38a,spotlight_PROLIFIC,,36,Chile,Spanish,"Spanish, English, Japanese",Japanese,Spanish:75|English:15|Japanese:10,100,Spanish:50|English:35|Japanese:15,100,Spanish:80|English:10|Japanese:10,100,7,5,Bachelor's,10,10,10,7,7,10,5,22,8,15,Duolingo,130,,,,,17,25,B1,intermediate|advanced,intermediate|advanced,cambridge_15_21_random_intermediate_advanced,4,19,random,,163.265625,852.546875,183.265625,944.609375,2,5,,,,,,,,,,,,2026-09-22T16:00:40.289Z,HM6QAFBU,2026-09-22,2026-09-22,13:00:40,2026-09-22 13:00:40,,,,,,,,69aefaccbf52402fcb03f38a,69aefaccbf52402fcb03f38a,,,,
5612,raw_position_sample,2,3,adv,25,4,18,19,17, companies ,887,172,1704463.5,69aefaccbf52402fcb03f38a,69aefaccbf52402fcb03f38a,advanced,4,69aefaccbf52402fcb03f38a,69aefaccbf52402fcb03f38a,spotlight_PROLIFIC,,36,Chile,Spanish,"Spanish, English, Japanese",Japanese,Spanish:75|English:15|Japanese:10,100,Spanish:50|English:35|Japanese:15,100,Spanish:80|English:10|Japanese:10,100,7,5,Bachelor's,10,10,10,7,7,10,5,22,8,15,Duolingo,130,,,,,17,25,B1,intermediate|advanced,intermediate|advanced,cambridge_15_21_random_intermediate_advanced,4,19,random,,163.265625,852.546875,183.265625,944.609375,2,5,,,,,,,,,,,,2026-09-22T16:00:40.289Z,HM6QAFBU,2026-09-22,2026-09-22,13:00:40,2026-09-22 13:00:40,,,,,,,,69aefaccbf52402fcb03f38a,69aefaccbf52402fcb03f38a,,,,
5648,raw_position_sample,2,3,adv,25,4,18,19,17, companies ,887,172,1704499.800000012,69aefaccbf52402fcb03f38a,69aefaccbf52402fcb03f38a,advanced,4,69aefaccbf52402fcb03f38a,69aefaccbf52402fcb03f38a,spotlight_PROLIFIC,,36,Chile,Spanish,"Spanish, English, Japanese",Japanese,Spanish:75|English:15|Japanese:10,100,Spanish:50|English:35|Japanese:15,100,Spanish:80|English:10|Japanese:10,100,7,5,Bachelor's,10,10,10,7,7,10,5,22,8,15,Duolingo,130,,,,,17,25,B1,intermediate|advanced,intermediate|advanced,cambridge_15_21_random_intermediate_advanced,4,19,random,,163.265625,852.546875,183.265625,944.609375,2,5,,,,,,,,,,,,2026-09-22T16:00:40.289Z,HM6QAFBU,2026-09-22,2026-09-22,13:00:40,2026-09-22 13:00:40,,,,,,,,69aefaccbf52402fcb03f38a,69aefaccbf52402fcb03f38a,,,,
5711,raw_position_sample,2,3,adv,25,4,18,19,17, companies ,887,172,1704562.6000000238,69aefaccbf52402fcb03f38a,69aefaccbf52402fcb03f38a,advanced,4,69aefaccbf52402fcb03f38a,69aefaccbf52402fcb03f38a,spotlight_PROLIFIC,,36,Chile,Spanish,"Spanish, English, Japanese",Japanese,Spanish:75|English:15|Japanese:10,100,Spanish:50|English:35|Japanese:15,100,Spanish:80|English:10|Japanese:10,100,7,5,Bachelor's,10,10,10,7,7,10,5,22,8,15,Duolingo,130,,,,,17,25,B1,intermediate|advanced,intermediate|advanced,cambridge_15_21_random_intermediate_advanced,4,19,random,,163.265625,852.546875,183.265625,944.609375,2,5,,,,,,,,,,,,2026-09-22T16:00:40.289Z,HM6QAFBU,2026-09-22,2026-09-22,13:00:40,2026-09-22 13:00:40,,,,,,,,69aefaccbf52402fcb03f38a,69aefaccbf52402fcb03f38a,,,,
5748,raw_position_sample,2,3,adv,25,4,18,19,17, companies ,887,172,1704599.699999988,69aefaccbf52402fcb03f38a,69aefaccbf52402fcb03f38a,advanced,4,69aefaccbf52402fcb03f38a,69aefaccbf52402fcb03f38a,spotlight_PROLIFIC,,36,Chile,Spanish,"Spanish, English, Japanese",Japanese,Spanish:75|English:15|Japanese:10,100,Spanish:50|English:35|Japanese:15,100,Spanish:80|English:10|Japanese:10,100,7,5,Bachelor's,10,10,10,7,7,10,5,22,8,15,Duolingo,130,,,,,17,25,B1,intermediate|advanced,intermediate|advanced,cambridge_15_21_random_intermediate_advanced,4,19,random,,163.265625,852.546875,183.265625,944.609375,2,5,,,,,,,,,,,,2026-09-22T16:00:40.289Z,HM6QAFBU,2026-09-22,2026-09-22,13:00:40,2026-09-22 13:00:40,,,,,,,,69aefaccbf52402fcb03f38a,69aefaccbf52402fcb03f38a,,,,
5811,raw_position_sample,2,3,adv,25,4,18,19,17, companies ,887,172,1704662.800000012,69aefaccbf52402fcb03f38a,69aefaccbf52402fcb03f38a,advanced,4,69aefaccbf52402fcb03f38a,69aefaccbf52402fcb03f38a,spotlight_PROLIFIC,,36,Chile,Spanish,"Spanish, English, Japanese",Japanese,Spanish:75|English:15|Japanese:10,100,Spanish:50|English:35|Japanese:15,100,Spanish:80|English:10|Japanese:10,100,7,5,Bachelor's,10,10,10,7,7,10,5,22,8,15,Duolingo,130,,,,,17,25,B1,intermediate|advanced,intermediate|advanced,cambridge_15_21_random_intermediate_advanced,4,19,random,,163.265625,852.546875,183.265625,944.609375,2,5,,,,,,,,,,,,2026-09-22T16:00:40.289Z,HM6QAFBU,2026-09-22,2026-09-22,13:00:40,2026-09-22 13:00:40,,,,,,,,69aefaccbf52402fcb03f38a,69aefaccbf52402fcb03f38a,,,,
5849,raw_position_sample,2,3,adv,25,4,18,19,17, companies ,887,172,1704700,69aefaccbf52402fcb03f38a,69aefaccbf52402fcb03f38a,advanced,4,69aefaccbf52402fcb03f38a,69aefaccbf52402fcb03f38a,spotlight_PROLIFIC,,36,Chile,Spanish,"Spanish, English, Japanese",Japanese,Spanish:75|English:15|Japanese:10,100,Spanish:50|English:35|Japanese:15,100,Spanish:80|English:10|Japanese:10,100,7,5,Bachelor's,10,10,10,7,7,10,5,22,8,15,Duolingo,130,,,,,17,25,B1,intermediate|advanced,intermediate|advanced,cambridge_15_21_random_intermediate_advanced,4,19,random,,163.265625,852.546875,183.265625,944.609375,2,5,,,,,,,,,,,,2026-09-22T16:00:40.289Z,HM6QAFBU,2026-09-22,2026-09-22,13:00:40,2026-09-22 13:00:40,,,,,,,,69aefaccbf52402fcb03f38a,69aefaccbf52402fcb03f38a,,,,
5897,raw_position_sample,2,3,adv,25,4,18,19,17, companies ,887,172,1704748.6000000238,69aefaccbf52402fcb03f38a,69aefaccbf52402fcb03f38a,advanced,4,69aefaccbf52402fcb03f38a,69aefaccbf52402fcb03f38a,spotlight_PROLIFIC,,36,Chile,Spanish,"Spanish, English, Japanese",Japanese,Spanish:75|English:15|Japanese:10,100,Spanish:50|English:35|Japanese:15,100,Spanish:80|English:10|Japanese:10,100,7,5,Bachelor's,10,10,10,7,7,10,5,22,8,15,Duolingo,130,,,,,17,25,B1,intermediate|advanced,intermediate|advanced,cambridge_15_21_random_intermediate_advanced,4,19,random,,163.265625,852.546875,183.265625,944.609375,2,5,,,,,,,,,,,,2026-09-22T16:00:40.289Z,HM6QAFBU,2026-09-22,2026-09-22,13:00:40,2026-09-22 13:00:40,,,,,,,,69aefaccbf52402fcb03f38a,69aefaccbf52402fcb03f38a,,,,
5949,raw_position_sample,2,3,adv,25,4,18,19,17, companies ,887,172,1704800.1000000238,69aefaccbf52402fcb03f38a,69aefaccbf52402fcb03f38a,advanced,4,69aefaccbf52402fcb03f38a,69aefaccbf52402fcb03f38a,spotlight_PROLIFIC,,36,Chile,Spanish,"Spanish, English, Japanese",Japanese,Spanish:75|English:15|Japanese:10,100,Spanish:50|English:35|Japanese:15,100,Spanish:80|English:10|Japanese:10,100,7,5,Bachelor's,10,10,10,7,7,10,5,22,8,15,Duolingo,130,,,,,17,25,B1,intermediate|advanced,intermediate|advanced,cambridge_15_21_random_intermediate_advanced,4,19,random,,163.265625,852.546875,183.265625,944.609375,2,5,,,,,,,,,,,,2026-09-22T16:00:40.289Z,HM6QAFBU,2026-09-22,2026-09-22,13:00:40,2026-09-22 13:00:40,,,,,,,,69aefaccbf52402fcb03f38a,69aefaccbf52402fcb03f38a,,,,
5998,raw_position_sample,2,3,adv,25,4,18,19,17, companies ,887,172,1704849.3999999762,69aefaccbf52402fcb03f38a,69aefaccbf52402fcb03f38a,advanced,4,69aefaccbf52402fcb03f38a,69aefaccbf52402fcb03f38a,spotlight_PROLIFIC,,36,Chile,Spanish,"Spanish, English, Japanese",Japanese,Spanish:75|English:15|Japanese:10,100,Spanish:50|English:35|Japanese:15,100,Spanish:80|English:10|Japanese:10,100,7,5,Bachelor's,10,10,10,7,7,10,5,22,8,15,Duolingo,130,,,,,17,25,B1,intermediate|advanced,intermediate|advanced,cambridge_15_21_random_intermediate_advanced,4,19,random,,163.265625,852.546875,183.265625,944.609375,2,5,,,,,,,,,,,,2026-09-22T16:00:40.289Z,HM6QAFBU,2026-09-22,2026-09-22,13:00:40,2026-09-22 13:00:40,,,,,,,,69aefaccbf52402fcb03f38a,69aefaccbf52402fcb03f38a,,,,
6050,raw_position_sample,2,3,adv,25,4,18,19,17, companies ,887,172,1704901.5,69aefaccbf52402fcb03f38a,69aefaccbf52402fcb03f38a,advanced,4,69aefaccbf52402fcb03f38a,69aefaccbf52402fcb03f38a,spotlight_PROLIFIC,,36,Chile,Spanish,"Spanish, English, Japanese",Japanese,Spanish:75|English:15|Japanese:10,100,Spanish:50|English:35|Japanese:15,100,Spanish:80|English:10|Japanese:10,100,7,5,Bachelor's,10,10,10,7,7,10,5,22,8,15,Duolingo,130,,,,,17,25,B1,intermediate|advanced,intermediate|advanced,cambridge_15_21_random_intermediate_advanced,4,19,random,,163.265625,852.546875,183.265625,944.609375,2,5,,,,,,,,,,,,2026-09-22T16:00:40.289Z,HM6QAFBU,2026-09-22,2026-09-22,13:00:40,2026-09-22 13:00:40,,,,,,,,69aefaccbf52402fcb03f38a,69aefaccbf52402fcb03f38a,,,,
6099,raw_position_sample,2,3,adv,25,4,18,19,17, companies ,887,172,1704949.8999999762,69aefaccbf52402fcb03f38a,69aefaccbf52402fcb03f38a,advanced,4,69aefaccbf52402fcb03f38a,69aefaccbf52402fcb03f38a,spotlight_PROLIFIC,,36,Chile,Spanish,"Spanish, English, Japanese",Japanese,Spanish:75|English:15|Japanese:10,100,Spanish:50|English:35|Japanese:15,100,Spanish:80|English:10|Japanese:10,100,7,5,Bachelor's,10,10,10,7,7,10,5,22,8,15,Duolingo,130,,,,,17,25,B1,intermediate|advanced,intermediate|advanced,cambridge_15_21_random_intermediate_advanced,4,19,random,,163.265625,852.546875,183.265625,944.609375,2,5,,,,,,,,,,,,2026-09-22T16:00:40.289Z,HM6QAFBU,2026-09-22,2026-09-22,13:00:40,2026-09-22 13:00:40,,,,,,,,69aefaccbf52402fcb03f38a,69aefaccbf52402fcb03f38a,,,,
6149,raw_position_sample,2,3,adv,25,4,18,19,17, companies ,887,172,1705000,69aefaccbf52402fcb03f38a,69aefaccbf52402fcb03f38a,advanced,4,69aefaccbf52402fcb03f38a,69aefaccbf52402fcb03f38a,spotlight_PROLIFIC,,36,Chile,Spanish,"Spanish, English, Japanese",Japanese,Spanish:75|English:15|Japanese:10,100,Spanish:50|English:35|Japanese:15,100,Spanish:80|English:10|Japanese:10,100,7,5,Bachelor's,10,10,10,7,7,10,5,22,8,15,Duolingo,130,,,,,17,25,B1,intermediate|advanced,intermediate|advanced,cambridge_15_21_random_intermediate_advanced,4,19,random,,163.265625,852.546875,183.265625,944.609375,2,5,,,,,,,,,,,,2026-09-22T16:00:40.289Z,HM6QAFBU,2026-09-22,2026-09-22,13:00:40,2026-09-22 13:00:40,,,,,,,,69aefaccbf52402fcb03f38a,69aefaccbf52402fcb03f38a,,,,
6212,raw_position_sample,2,3,adv,25,4,18,19,17, companies ,887,172,1705063.699999988,69aefaccbf52402fcb03f38a,69aefaccbf52402fcb03f38a,advanced,4,69aefaccbf52402fcb03f38a,69aefaccbf52402fcb03f38a,spotlight_PROLIFIC,,36,Chile,Spanish,"Spanish, English, Japanese",Japanese,Spanish:75|English:15|Japanese:10,100,Spanish:50|English:35|Japanese:15,100,Spanish:80|English:10|Japanese:10,100,7,5,Bachelor's,10,10,10,7,7,10,5,22,8,15,Duolingo,130,,,,,17,25,B1,intermediate|advanced,intermediate|advanced,cambridge_15_21_random_intermediate_advanced,4,19,random,,163.265625,852.546875,183.265625,944.609375,2,5,,,,,,,,,,,,2026-09-22T16:00:40.289Z,HM6QAFBU,2026-09-22,2026-09-22,13:00:40,2026-09-22 13:00:40,,,,,,,,69aefaccbf52402fcb03f38a,69aefaccbf52402fcb03f38a,,,,
6250,raw_position_sample,2,3,adv,25,4,18,19,17, companies ,887,172,1705101.6000000238,69aefaccbf52402fcb03f38a,69aefaccbf52402fcb03f38a,advanced,4,69aefaccbf52402fcb03f38a,69aefaccbf52402fcb03f38a,spotlight_PROLIFIC,,36,Chile,Spanish,"Spanish, English, Japanese",Japanese,Spanish:75|English:15|Japanese:10,100,Spanish:50|English:35|Japanese:15,100,Spanish:80|English:10|Japanese:10,100,7,5,Bachelor's,10,10,10,7,7,10,5,22,8,15,Duolingo,130,,,,,17,25,B1,intermediate|advanced,intermediate|advanced,cambridge_15_21_random_intermediate_advanced,4,19,random,,163.265625,852.546875,183.265625,944.609375,2,5,,,,,,,,,,,,2026-09-22T16:00:40.289Z,HM6QAFBU,2026-09-22,2026-09-22,13:00:40,2026-09-22 13:00:40,,,,,,,,69aefaccbf52402fcb03f38a,69aefaccbf52402fcb03f38a,,,,
6313,raw_position_sample,2,3,adv,25,4,18,19,17, companies ,887,172,1705164.300000012,69aefaccbf52402fcb03f38a,69aefaccbf52402fcb03f38a,advanced,4,69aefaccbf52402fcb03f38a,69aefaccbf52402fcb03f38a,spotlight_PROLIFIC,,36,Chile,Spanish,"Spanish, English, Japanese",Japanese,Spanish:75|English:15|Japanese:10,100,Spanish:50|English:35|Japanese:15,100,Spanish:80|English:10|Japanese:10,100,7,5,Bachelor's,10,10,10,7,7,10,5,22,8,15,Duolingo,130,,,,,17,25,B1,intermediate|advanced,intermediate|advanced,cambridge_15_21_random_intermediate_advanced,4,19,random,,163.265625,852.546875,183.265625,944.609375,2,5,,,,,,,,,,,,2026-09-22T16:00:40.289Z,HM6QAFBU,2026-09-22,2026-09-22,13:00:40,2026-09-22 13:00:40,,,,,,,,69aefaccbf52402fcb03f38a,69aefaccbf52402fcb03f38a,,,,
6351,raw_position_sample,2,3,adv,25,4,18,19,17, companies ,887,172,1705202.3999999762,69aefaccbf52402fcb03f38a,69aefaccbf52402fcb03f38a,advanced,4,69aefaccbf52402fcb03f38a,69aefaccbf52402fcb03f38a,spotlight_PROLIFIC,,36,Chile,Spanish,"Spanish, English, Japanese",Japanese,Spanish:75|English:15|Japanese:10,100,Spanish:50|English:35|Japanese:15,100,Spanish:80|English:10|Japanese:10,100,7,5,Bachelor's,10,10,10,7,7,10,5,22,8,15,Duolingo,130,,,,,17,25,B1,intermediate|advanced,intermediate|advanced,cambridge_15_21_random_intermediate_advanced,4,19,random,,163.265625,852.546875,183.265625,944.609375,2,5,,,,,,,,,,,,2026-09-22T16:00:40.289Z,HM6QAFBU,2026-09-22,2026-09-22,13:00:40,2026-09-22 13:00:40,,,,,,,,69aefaccbf52402fcb03f38a,69aefaccbf52402fcb03f38a,,,,
6399,raw_position_sample,2,3,adv,25,4,18,19,17, companies ,887,172,1705250.300000012,69aefaccbf52402fcb03f38a,69aefaccbf52402fcb03f38a,advanced,4,69aefaccbf52402fcb03f38a,69aefaccbf52402fcb03f38a,spotlight_PROLIFIC,,36,Chile,Spanish,"Spanish, English, Japanese",Japanese,Spanish:75|English:15|Japanese:10,100,Spanish:50|English:35|Japanese:15,100,Spanish:80|English:10|Japanese:10,100,7,5,Bachelor's,10,10,10,7,7,10,5,22,8,15,Duolingo,130,,,,,17,25,B1,intermediate|advanced,intermediate|advanced,cambridge_15_21_random_intermediate_advanced,4,19,random,,163.265625,852.546875,183.265625,944.609375,2,5,,,,,,,,,,,,2026-09-22T16:00:40.289Z,HM6QAFBU,2026-09-22,2026-09-22,13:00:40,2026-09-22 13:00:40,,,,,,,,69aefaccbf52402fcb03f38a,69aefaccbf52402fcb03f38a,,,,
6450,raw_position_sample,2,3,adv,25,4,18,19,17, companies ,920,172,1705301.3999999762,69aefaccbf52402fcb03f38a,69aefaccbf52402fcb03f38a,advanced,4,69aefaccbf52402fcb03f38a,69aefaccbf52402fcb03f38a,spotlight_PROLIFIC,,36,Chile,Spanish,"Spanish, English, Japanese",Japanese,Spanish:75|English:15|Japanese:10,100,Spanish:50|English:35|Japanese:15,100,Spanish:80|English:10|Japanese:10,100,7,5,Bachelor's,10,10,10,7,7,10,5,22,8,15,Duolingo,130,,,,,17,25,B1,intermediate|advanced,intermediate|advanced,cambridge_15_21_random_intermediate_advanced,4,19,random,,163.265625,852.546875,183.265625,944.609375,2,5,,,,,,,,,,,,2026-09-22T16:00:40.289Z,HM6QAFBU,2026-09-22,2026-09-22,13:00:40,2026-09-22 13:00:40,,,,,,,,69aefaccbf52402fcb03f38a,69aefaccbf52402fcb03f38a,,,,
6483,hover_association,2,3,adv,25,4,18,19,17, companies ,864,172,,69aefaccbf52402fcb03f38a,69aefaccbf52402fcb03f38a,advanced,4,69aefaccbf52402fcb03f38a,69aefaccbf52402fcb03f38a,spotlight_PROLIFIC,,36,Chile,Spanish,"Spanish, English, Japanese",Japanese,Spanish:75|English:15|Japanese:10,100,Spanish:50|English:35|Japanese:15,100,Spanish:80|English:10|Japanese:10,100,7,5,Bachelor's,10,10,10,7,7,10,5,22,8,15,Duolingo,130,,,,,17,25,B1,intermediate|advanced,intermediate|advanced,cambridge_15_21_random_intermediate_advanced,4,19,random,,153.265625,852.546875,193.265625,944.609375,2,5,hover,1316.300000011921,1316.300000011921,0.9173455532926001,0.468359375,165,,,,,,2026-09-22T16:00:40.289Z,HM6QAFBU,2026-09-22,2026-09-22,13:00:40,2026-09-22 13:00:40,,,,,,,,69aefaccbf52402fcb03f38a,69aefaccbf52402fcb03f38a,,,,
6501,raw_position_sample,2,3,adv,25,4,18,19,18, as ,945,172,1705351.8999999762,69aefaccbf52402fcb03f38a,69aefaccbf52402fcb03f38a,advanced,4,69aefaccbf52402fcb03f38a,69aefaccbf52402fcb03f38a,spotlight_PROLIFIC,,36,Chile,Spanish,"Spanish, English, Japanese",Japanese,Spanish:75|English:15|Japanese:10,100,Spanish:50|English:35|Japanese:15,100,Spanish:80|English:10|Japanese:10,100,7,5,Bachelor's,10,10,10,7,7,10,5,22,8,15,Duolingo,130,,,,,17,25,B1,intermediate|advanced,intermediate|advanced,cambridge_15_21_random_intermediate_advanced,4,19,random,,163.265625,944.609375,183.265625,968.625,2,6,,,,,,,,,,,,2026-09-22T16:00:40.289Z,HM6QAFBU,2026-09-22,2026-09-22,13:00:40,2026-09-22 13:00:40,,,,,,,,69aefaccbf52402fcb03f38a,69aefaccbf52402fcb03f38a,,,,
6549,raw_position_sample,2,3,adv,25,4,18,19,18, as ,968,172,1705400.3999999762,69aefaccbf52402fcb03f38a,69aefaccbf52402fcb03f38a,advanced,4,69aefaccbf52402fcb03f38a,69aefaccbf52402fcb03f38a,spotlight_PROLIFIC,,36,Chile,Spanish,"Spanish, English, Japanese",Japanese,Spanish:75|English:15|Japanese:10,100,Spanish:50|English:35|Japanese:15,100,Spanish:80|English:10|Japanese:10,100,7,5,Bachelor's,10,10,10,7,7,10,5,22,8,15,Duolingo,130,,,,,17,25,B1,intermediate|advanced,intermediate|advanced,cambridge_15_21_random_intermediate_advanced,4,19,random,,163.265625,944.609375,183.265625,968.625,2,6,,,,,,,,,,,,2026-09-22T16:00:40.289Z,HM6QAFBU,2026-09-22,2026-09-22,13:00:40,2026-09-22 13:00:40,,,,,,,,69aefaccbf52402fcb03f38a,69aefaccbf52402fcb03f38a,,,,
6552,hover_association,2,3,adv,25,4,18,19,18, as ,945,172,,69aefaccbf52402fcb03f38a,69aefaccbf52402fcb03f38a,advanced,4,69aefaccbf52402fcb03f38a,69aefaccbf52402fcb03f38a,spotlight_PROLIFIC,,36,Chile,Spanish,"Spanish, English, Japanese",Japanese,Spanish:75|English:15|Japanese:10,100,Spanish:50|English:35|Japanese:15,100,Spanish:80|English:10|Japanese:10,100,7,5,Bachelor's,10,10,10,7,7,10,5,22,8,15,Duolingo,130,,,,,17,25,B1,intermediate|advanced,intermediate|advanced,cambridge_15_21_random_intermediate_advanced,4,19,random,,153.265625,944.609375,193.265625,968.625,2,6,hover,67.10000002384186,67.10000002384186,0.973975276512687,0.468359375,165,,,,,,2026-09-22T16:00:40.289Z,HM6QAFBU,2026-09-22,2026-09-22,13:00:40,2026-09-22 13:00:40,,,,,,,,69aefaccbf52402fcb03f38a,69aefaccbf52402fcb03f38a,,,,
6599,raw_position_sample,2,3,adv,25,4,18,19,19, and ,1001,172,1705450,69aefaccbf52402fcb03f38a,69aefaccbf52402fcb03f38a,advanced,4,69aefaccbf52402fcb03f38a,69aefaccbf52402fcb03f38a,spotlight_PROLIFIC,,36,Chile,Spanish,"Spanish, English, Japanese",Japanese,Spanish:75|English:15|Japanese:10,100,Spanish:50|English:35|Japanese:15,100,Spanish:80|English:10|Japanese:10,100,7,5,Bachelor's,10,10,10,7,7,10,5,22,8,15,Duolingo,130,,,,,17,25,B1,intermediate|advanced,intermediate|advanced,cambridge_15_21_random_intermediate_advanced,4,19,random,,163.265625,968.625,183.265625,1003.671875,2,7,,,,,,,,,,,,2026-09-22T16:00:40.289Z,HM6QAFBU,2026-09-22,2026-09-22,13:00:40,2026-09-22 13:00:40,,,,,,,,69aefaccbf52402fcb03f38a,69aefaccbf52402fcb03f38a,,,,
6602,hover_association,2,3,adv,25,4,18,19,19, and ,980,172,,69aefaccbf52402fcb03f38a,69aefaccbf52402fcb03f38a,advanced,4,69aefaccbf52402fcb03f38a,69aefaccbf52402fcb03f38a,spotlight_PROLIFIC,,36,Chile,Spanish,"Spanish, English, Japanese",Japanese,Spanish:75|English:15|Japanese:10,100,Spanish:50|English:35|Japanese:15,100,Spanish:80|English:10|Japanese:10,100,7,5,Bachelor's,10,10,10,7,7,10,5,22,8,15,Duolingo,130,,,,,17,25,B1,intermediate|advanced,intermediate|advanced,cambridge_15_21_random_intermediate_advanced,4,19,random,,153.265625,968.625,193.265625,1003.671875,2,7,hover,50.09999996423721,50.09999996423721,0.9237628176549264,0.468359375,165,,,,,,2026-09-22T16:00:40.289Z,HM6QAFBU,2026-09-22,2026-09-22,13:00:40,2026-09-22 13:00:40,,,,,,,,69aefaccbf52402fcb03f38a,69aefaccbf52402fcb03f38a,,,,
6650,raw_position_sample,2,3,adv,25,4,18,19,20, when ,1022,173,1705501.6000000238,69aefaccbf52402fcb03f38a,69aefaccbf52402fcb03f38a,advanced,4,69aefaccbf52402fcb03f38a,69aefaccbf52402fcb03f38a,spotlight_PROLIFIC,,36,Chile,Spanish,"Spanish, English, Japanese",Japanese,Spanish:75|English:15|Japanese:10,100,Spanish:50|English:35|Japanese:15,100,Spanish:80|English:10|Japanese:10,100,7,5,Bachelor's,10,10,10,7,7,10,5,22,8,15,Duolingo,130,,,,,17,25,B1,intermediate|advanced,intermediate|advanced,cambridge_15_21_random_intermediate_advanced,4,19,random,,163.265625,1003.671875,183.265625,1051.71875,2,8,,,,,,,,,,,,2026-09-22T16:00:40.289Z,HM6QAFBU,2026-09-22,2026-09-22,13:00:40,2026-09-22 13:00:40,,,,,,,,69aefaccbf52402fcb03f38a,69aefaccbf52402fcb03f38a,,,,
6699,raw_position_sample,2,3,adv,25,4,18,19,20, when ,1048,173,1705550.199999988,69aefaccbf52402fcb03f38a,69aefaccbf52402fcb03f38a,advanced,4,69aefaccbf52402fcb03f38a,69aefaccbf52402fcb03f38a,spotlight_PROLIFIC,,36,Chile,Spanish,"Spanish, English, Japanese",Japanese,Spanish:75|English:15|Japanese:10,100,Spanish:50|English:35|Japanese:15,100,Spanish:80|English:10|Japanese:10,100,7,5,Bachelor's,10,10,10,7,7,10,5,22,8,15,Duolingo,130,,,,,17,25,B1,intermediate|advanced,intermediate|advanced,cambridge_15_21_random_intermediate_advanced,4,19,random,,163.265625,1003.671875,183.265625,1051.71875,2,8,,,,,,,,,,,,2026-09-22T16:00:40.289Z,HM6QAFBU,2026-09-22,2026-09-22,13:00:40,2026-09-22 13:00:40,,,,,,,,69aefaccbf52402fcb03f38a,69aefaccbf52402fcb03f38a,,,,
6700,hover_association,2,3,adv,25,4,18,19,20, when ,1010,172,,69aefaccbf52402fcb03f38a,69aefaccbf52402fcb03f38a,advanced,4,69aefaccbf52402fcb03f38a,69aefaccbf52402fcb03f38a,spotlight_PROLIFIC,,36,Chile,Spanish,"Spanish, English, Japanese",Japanese,Spanish:75|English:15|Japanese:10,100,Spanish:50|English:35|Japanese:15,100,Spanish:80|English:10|Japanese:10,100,7,5,Bachelor's,10,10,10,7,7,10,5,22,8,15,Duolingo,130,,,,,17,25,B1,intermediate|advanced,intermediate|advanced,cambridge_15_21_random_intermediate_advanced,4,19,random,,153.265625,1003.671875,193.265625,1051.71875,2,8,hover,99.5,99.5,0.9226016260162602,0.493359375,165,,,,,,2026-09-22T16:00:40.289Z,HM6QAFBU,2026-09-22,2026-09-22,13:00:40,2026-09-22 13:00:40,,,,,,,,69aefaccbf52402fcb03f38a,69aefaccbf52402fcb03f38a,,,,
6749,raw_position_sample,2,3,adv,25,4,18,19,21, they ,1084,173,1705600.1000000238,69aefaccbf52402fcb03f38a,69aefaccbf52402fcb03f38a,advanced,4,69aefaccbf52402fcb03f38a,69aefaccbf52402fcb03f38a,spotlight_PROLIFIC,,36,Chile,Spanish,"Spanish, English, Japanese",Japanese,Spanish:75|English:15|Japanese:10,100,Spanish:50|English:35|Japanese:15,100,Spanish:80|English:10|Japanese:10,100,7,5,Bachelor's,10,10,10,7,7,10,5,22,8,15,Duolingo,130,,,,,17,25,B1,intermediate|advanced,intermediate|advanced,cambridge_15_21_random_intermediate_advanced,4,19,random,,163.265625,1051.71875,183.265625,1090.75,2,9,,,,,,,,,,,,2026-09-22T16:00:40.289Z,HM6QAFBU,2026-09-22,2026-09-22,13:00:40,2026-09-22 13:00:40,,,,,,,,69aefaccbf52402fcb03f38a,69aefaccbf52402fcb03f38a,,,,
6750,hover_association,2,3,adv,25,4,18,19,21, they ,1056,173,,69aefaccbf52402fcb03f38a,69aefaccbf52402fcb03f38a,advanced,4,69aefaccbf52402fcb03f38a,69aefaccbf52402fcb03f38a,spotlight_PROLIFIC,,36,Chile,Spanish,"Spanish, English, Japanese",Japanese,Spanish:75|English:15|Japanese:10,100,Spanish:50|English:35|Japanese:15,100,Spanish:80|English:10|Japanese:10,100,7,5,Bachelor's,10,10,10,7,7,10,5,22,8,15,Duolingo,130,,,,,17,25,B1,intermediate|advanced,intermediate|advanced,cambridge_15_21_random_intermediate_advanced,4,19,random,,153.265625,1051.71875,193.265625,1090.75,2,9,hover,49.90000003576279,49.90000003576279,0.8270616493194556,0.493359375,165,,,,,,2026-09-22T16:00:40.289Z,HM6QAFBU,2026-09-22,2026-09-22,13:00:40,2026-09-22 13:00:40,,,,,,,,69aefaccbf52402fcb03f38a,69aefaccbf52402fcb03f38a,,,,
6799,raw_position_sample,2,3,adv,25,4,18,19,22, come ,1118,173,1705650.3999999762,69aefaccbf52402fcb03f38a,69aefaccbf52402fcb03f38a,advanced,4,69aefaccbf52402fcb03f38a,69aefaccbf52402fcb03f38a,spotlight_PROLIFIC,,36,Chile,Spanish,"Spanish, English, Japanese",Japanese,Spanish:75|English:15|Japanese:10,100,Spanish:50|English:35|Japanese:15,100,Spanish:80|English:10|Japanese:10,100,7,5,Bachelor's,10,10,10,7,7,10,5,22,8,15,Duolingo,130,,,,,17,25,B1,intermediate|advanced,intermediate|advanced,cambridge_15_21_random_intermediate_advanced,4,19,random,,163.265625,1090.75,183.265625,1139.78125,2,10,,,,,,,,,,,,2026-09-22T16:00:40.289Z,HM6QAFBU,2026-09-22,2026-09-22,13:00:40,2026-09-22 13:00:40,,,,,,,,69aefaccbf52402fcb03f38a,69aefaccbf52402fcb03f38a,,,,
6817,hover_association,2,3,adv,25,4,18,19,22, come ,1095,173,,69aefaccbf52402fcb03f38a,69aefaccbf52402fcb03f38a,advanced,4,69aefaccbf52402fcb03f38a,69aefaccbf52402fcb03f38a,spotlight_PROLIFIC,,36,Chile,Spanish,"Spanish, English, Japanese",Japanese,Spanish:75|English:15|Japanese:10,100,Spanish:50|English:35|Japanese:15,100,Spanish:80|English:10|Japanese:10,100,7,5,Bachelor's,10,10,10,7,7,10,5,22,8,15,Duolingo,130,,,,,17,25,B1,intermediate|advanced,intermediate|advanced,cambridge_15_21_random_intermediate_advanced,4,19,random,,153.265625,1090.75,193.265625,1139.78125,2,10,hover,66.89999997615814,66.89999997615814,0.8413001912045889,0.493359375,165,,,,,,2026-09-22T16:00:40.289Z,HM6QAFBU,2026-09-22,2026-09-22,13:00:40,2026-09-22 13:00:40,,,,,,,,69aefaccbf52402fcb03f38a,69aefaccbf52402fcb03f38a,,,,
6849,raw_position_sample,2,3,adv,25,4,18,19,23, up. ,1153,174,1705700.6000000238,69aefaccbf52402fcb03f38a,69aefaccbf52402fcb03f38a,advanced,4,69aefaccbf52402fcb03f38a,69aefaccbf52402fcb03f38a,spotlight_PROLIFIC,,36,Chile,Spanish,"Spanish, English, Japanese",Japanese,Spanish:75|English:15|Japanese:10,100,Spanish:50|English:35|Japanese:15,100,Spanish:80|English:10|Japanese:10,100,7,5,Bachelor's,10,10,10,7,7,10,5,22,8,15,Duolingo,130,,,,,17,25,B1,intermediate|advanced,intermediate|advanced,cambridge_15_21_random_intermediate_advanced,4,19,random,,163.265625,1139.78125,183.265625,1169.8125,2,11,,,,,,,,,,,,2026-09-22T16:00:40.289Z,HM6QAFBU,2026-09-22,2026-09-22,13:00:40,2026-09-22 13:00:40,,,,,,,,69aefaccbf52402fcb03f38a,69aefaccbf52402fcb03f38a,,,,
6850,hover_association,2,3,adv,25,4,18,19,23, up. ,1144,173,,69aefaccbf52402fcb03f38a,69aefaccbf52402fcb03f38a,advanced,4,69aefaccbf52402fcb03f38a,69aefaccbf52402fcb03f38a,spotlight_PROLIFIC,,36,Chile,Spanish,"Spanish, English, Japanese",Japanese,Spanish:75|English:15|Japanese:10,100,Spanish:50|English:35|Japanese:15,100,Spanish:80|English:10|Japanese:10,100,7,5,Bachelor's,10,10,10,7,7,10,5,22,8,15,Duolingo,130,,,,,17,25,B1,intermediate|advanced,intermediate|advanced,cambridge_15_21_random_intermediate_advanced,4,19,random,,153.265625,1139.78125,193.265625,1169.8125,2,11,hover,33.30000001192093,33.30000001192093,0.44016649323621226,0.518359375,165,,,,,,2026-09-22T16:00:40.289Z,HM6QAFBU,2026-09-22,2026-09-22,13:00:40,2026-09-22 13:00:40,,,,,,,,69aefaccbf52402fcb03f38a,69aefaccbf52402fcb03f38a,,,,
6886,hover_association,2,3,adv,25,4,18,19,24, Her ,1173,174,,69aefaccbf52402fcb03f38a,69aefaccbf52402fcb03f38a,advanced,4,69aefaccbf52402fcb03f38a,69aefaccbf52402fcb03f38a,spotlight_PROLIFIC,,36,Chile,Spanish,"Spanish, English, Japanese",Japanese,Spanish:75|English:15|Japanese:10,100,Spanish:50|English:35|Japanese:15,100,Spanish:80|English:10|Japanese:10,100,7,5,Bachelor's,10,10,10,7,7,10,5,22,8,15,Duolingo,130,,,,,17,25,B1,intermediate|advanced,intermediate|advanced,cambridge_15_21_random_intermediate_advanced,4,19,random,,153.265625,1169.8125,193.265625,1203.828125,2,12,hover,34.5,34.5,0.8580615525953147,0.668359375,165,,,,,,2026-09-22T16:00:40.289Z,HM6QAFBU,2026-09-22,2026-09-22,13:00:40,2026-09-22 13:00:40,,,,,,,,69aefaccbf52402fcb03f38a,69aefaccbf52402fcb03f38a,,,,
6907,raw_position_sample,2,3,adv,25,4,18,19,25, income ,1219,182,1705758.1000000238,69aefaccbf52402fcb03f38a,69aefaccbf52402fcb03f38a,advanced,4,69aefaccbf52402fcb03f38a,69aefaccbf52402fcb03f38a,spotlight_PROLIFIC,,36,Chile,Spanish,"Spanish, English, Japanese",Japanese,Spanish:75|English:15|Japanese:10,100,Spanish:50|English:35|Japanese:15,100,Spanish:80|English:10|Japanese:10,100,7,5,Bachelor's,10,10,10,7,7,10,5,22,8,15,Duolingo,130,,,,,17,25,B1,intermediate|advanced,intermediate|advanced,cambridge_15_21_random_intermediate_advanced,4,19,random,,163.265625,1203.828125,183.265625,1266.859375,2,13,,,,,,,,,,,,2026-09-22T16:00:40.289Z,HM6QAFBU,2026-09-22,2026-09-22,13:00:40,2026-09-22 13:00:40,,,,,,,,69aefaccbf52402fcb03f38a,69aefaccbf52402fcb03f38a,,,,
6951,raw_position_sample,2,3,adv,25,4,18,19,25, income ,1235,182,1705802.1000000238,69aefaccbf52402fcb03f38a,69aefaccbf52402fcb03f38a,advanced,4,69aefaccbf52402fcb03f38a,69aefaccbf52402fcb03f38a,spotlight_PROLIFIC,,36,Chile,Spanish,"Spanish, English, Japanese",Japanese,Spanish:75|English:15|Japanese:10,100,Spanish:50|English:35|Japanese:15,100,Spanish:80|English:10|Japanese:10,100,7,5,Bachelor's,10,10,10,7,7,10,5,22,8,15,Duolingo,130,,,,,17,25,B1,intermediate|advanced,intermediate|advanced,cambridge_15_21_random_intermediate_advanced,4,19,random,,163.265625,1203.828125,183.265625,1266.859375,2,13,,,,,,,,,,,,2026-09-22T16:00:40.289Z,HM6QAFBU,2026-09-22,2026-09-22,13:00:40,2026-09-22 13:00:40,,,,,,,,69aefaccbf52402fcb03f38a,69aefaccbf52402fcb03f38a,,,,
7001,raw_position_sample,2,3,adv,25,4,18,19,25, income ,1253,183,1705852.699999988,69aefaccbf52402fcb03f38a,69aefaccbf52402fcb03f38a,advanced,4,69aefaccbf52402fcb03f38a,69aefaccbf52402fcb03f38a,spotlight_PROLIFIC,,36,Chile,Spanish,"Spanish, English, Japanese",Japanese,Spanish:75|English:15|Japanese:10,100,Spanish:50|English:35|Japanese:15,100,Spanish:80|English:10|Japanese:10,100,7,5,Bachelor's,10,10,10,7,7,10,5,22,8,15,Duolingo,130,,,,,17,25,B1,intermediate|advanced,intermediate|advanced,cambridge_15_21_random_intermediate_advanced,4,19,random,,163.265625,1203.828125,183.265625,1266.859375,2,13,,,,,,,,,,,,2026-09-22T16:00:40.289Z,HM6QAFBU,2026-09-22,2026-09-22,13:00:40,2026-09-22 13:00:40,,,,,,,,69aefaccbf52402fcb03f38a,69aefaccbf52402fcb03f38a,,,,
7019,hover_association,2,3,adv,25,4,18,19,25, income ,1211,182,,69aefaccbf52402fcb03f38a,69aefaccbf52402fcb03f38a,advanced,4,69aefaccbf52402fcb03f38a,69aefaccbf52402fcb03f38a,spotlight_PROLIFIC,,36,Chile,Spanish,"Spanish, English, Japanese",Japanese,Spanish:75|English:15|Japanese:10,100,Spanish:50|English:35|Japanese:15,100,Spanish:80|English:10|Japanese:10,100,7,5,Bachelor's,10,10,10,7,7,10,5,22,8,15,Duolingo,130,,,,,17,25,B1,intermediate|advanced,intermediate|advanced,cambridge_15_21_random_intermediate_advanced,4,19,random,,153.265625,1203.828125,193.265625,1266.859375,2,13,hover,132.89999997615814,132.89999997615814,0.9546355974219137,0.743359375,165,,,,,,2026-09-22T16:00:40.289Z,HM6QAFBU,2026-09-22,2026-09-22,13:00:40,2026-09-22 13:00:40,,,,,,,,69aefaccbf52402fcb03f38a,69aefaccbf52402fcb03f38a,,,,
7036,hover_association,2,3,adv,25,4,18,19,26, is ,1280,185,,69aefaccbf52402fcb03f38a,69aefaccbf52402fcb03f38a,advanced,4,69aefaccbf52402fcb03f38a,69aefaccbf52402fcb03f38a,spotlight_PROLIFIC,,36,Chile,Spanish,"Spanish, English, Japanese",Japanese,Spanish:75|English:15|Japanese:10,100,Spanish:50|English:35|Japanese:15,100,Spanish:80|English:10|Japanese:10,100,7,5,Bachelor's,10,10,10,7,7,10,5,22,8,15,Duolingo,130,,,,,17,25,B1,intermediate|advanced,intermediate|advanced,cambridge_15_21_random_intermediate_advanced,4,19,random,,153.265625,1266.859375,193.265625,1283.0286458333333,2,14,hover,16.600000023841858,16.600000023841858,0.8126912546303791,0.793359375,165,,,,,,2026-09-22T16:00:40.289Z,HM6QAFBU,2026-09-22,2026-09-22,13:00:40,2026-09-22 13:00:40,,,,,,,,69aefaccbf52402fcb03f38a,69aefaccbf52402fcb03f38a,,,,
7049,raw_position_sample,2,3,adv,25,4,18,19,-1,999,1294,185,1705900.3999999762,69aefaccbf52402fcb03f38a,69aefaccbf52402fcb03f38a,advanced,4,69aefaccbf52402fcb03f38a,69aefaccbf52402fcb03f38a,spotlight_PROLIFIC,,36,Chile,Spanish,"Spanish, English, Japanese",Japanese,Spanish:75|English:15|Japanese:10,100,Spanish:50|English:35|Japanese:15,100,Spanish:80|English:10|Japanese:10,100,7,5,Bachelor's,10,10,10,7,7,10,5,22,8,15,Duolingo,130,,,,,17,25,B1,intermediate|advanced,intermediate|advanced,cambridge_15_21_random_intermediate_advanced,4,19,random,,,,,,,,,,,,,,,,,,,2026-09-22T16:00:40.289Z,HM6QAFBU,2026-09-22,2026-09-22,13:00:40,2026-09-22 13:00:40,,,,,,,,69aefaccbf52402fcb03f38a,69aefaccbf52402fcb03f38a,,,,
7099,raw_position_sample,2,3,adv,25,4,18,19,-1,999,1314,186,1705950.3999999762,69aefaccbf52402fcb03f38a,69aefaccbf52402fcb03f38a,advanced,4,69aefaccbf52402fcb03f38a,69aefaccbf52402fcb03f38a,spotlight_PROLIFIC,,36,Chile,Spanish,"Spanish, English, Japanese",Japanese,Spanish:75|English:15|Japanese:10,100,Spanish:50|English:35|Japanese:15,100,Spanish:80|English:10|Japanese:10,100,7,5,Bachelor's,10,10,10,7,7,10,5,22,8,15,Duolingo,130,,,,,17,25,B1,intermediate|advanced,intermediate|advanced,cambridge_15_21_random_intermediate_advanced,4,19,random,,,,,,,,,,,,,,,,,,,2026-09-22T16:00:40.289Z,HM6QAFBU,2026-09-22,2026-09-22,13:00:40,2026-09-22 13:00:40,,,,,,,,69aefaccbf52402fcb03f38a,69aefaccbf52402fcb03f38a,,,,
7150,raw_position_sample,2,3,adv,25,4,18,19,-1,999,1316,186,1706001.300000012,69aefaccbf52402fcb03f38a,69aefaccbf52402fcb03f38a,advanced,4,69aefaccbf52402fcb03f38a,69aefaccbf52402fcb03f38a,spotlight_PROLIFIC,,36,Chile,Spanish,"Spanish, English, Japanese",Japanese,Spanish:75|English:15|Japanese:10,100,Spanish:50|English:35|Japanese:15,100,Spanish:80|English:10|Japanese:10,100,7,5,Bachelor's,10,10,10,7,7,10,5,22,8,15,Duolingo,130,,,,,17,25,B1,intermediate|advanced,intermediate|advanced,cambridge_15_21_random_intermediate_advanced,4,19,random,,,,,,,,,,,,,,,,,,,2026-09-22T16:00:40.289Z,HM6QAFBU,2026-09-22,2026-09-22,13:00:40,2026-09-22 13:00:40,,,,,,,,69aefaccbf52402fcb03f38a,69aefaccbf52402fcb03f38a,,,,
7200,raw_position_sample,2,3,adv,25,4,18,19,-1,999,1317,186,1706051.800000012,69aefaccbf52402fcb03f38a,69aefaccbf52402fcb03f38a,advanced,4,69aefaccbf52402fcb03f38a,69aefaccbf52402fcb03f38a,spotlight_PROLIFIC,,36,Chile,Spanish,"Spanish, English, Japanese",Japanese,Spanish:75|English:15|Japanese:10,100,Spanish:50|English:35|Japanese:15,100,Spanish:80|English:10|Japanese:10,100,7,5,Bachelor's,10,10,10,7,7,10,5,22,8,15,Duolingo,130,,,,,17,25,B1,intermediate|advanced,intermediate|advanced,cambridge_15_21_random_intermediate_advanced,4,19,random,,,,,,,,,,,,,,,,,,,2026-09-22T16:00:40.289Z,HM6QAFBU,2026-09-22,2026-09-22,13:00:40,2026-09-22 13:00:40,,,,,,,,69aefaccbf52402fcb03f38a,69aefaccbf52402fcb03f38a,,,,
7250,raw_position_sample,2,3,adv,25,4,18,19,-1,999,1317,186,1706101.699999988,69aefaccbf52402fcb03f38a,69aefaccbf52402fcb03f38a,advanced,4,69aefaccbf52402fcb03f38a,69aefaccbf52402fcb03f38a,spotlight_PROLIFIC,,36,Chile,Spanish,"Spanish, English, Japanese",Japanese,Spanish:75|English:15|Japanese:10,100,Spanish:50|English:35|Japanese:15,100,Spanish:80|English:10|Japanese:10,100,7,5,Bachelor's,10,10,10,7,7,10,5,22,8,15,Duolingo,130,,,,,17,25,B1,intermediate|advanced,intermediate|advanced,cambridge_15_21_random_intermediate_advanced,4,19,random,,,,,,,,,,,,,,,,,,,2026-09-22T16:00:40.289Z,HM6QAFBU,2026-09-22,2026-09-22,13:00:40,2026-09-22 13:00:40,,,,,,,,69aefaccbf52402fcb03f38a,69aefaccbf52402fcb03f38a,,,,
7299,raw_position_sample,2,3,adv,25,4,18,19,-1,999,1317,186,1706150.199999988,69aefaccbf52402fcb03f38a,69aefaccbf52402fcb03f38a,advanced,4,69aefaccbf52402fcb03f38a,69aefaccbf52402fcb03f38a,spotlight_PROLIFIC,,36,Chile,Spanish,"Spanish, English, Japanese",Japanese,Spanish:75|English:15|Japanese:10,100,Spanish:50|English:35|Japanese:15,100,Spanish:80|English:10|Japanese:10,100,7,5,Bachelor's,10,10,10,7,7,10,5,22,8,15,Duolingo,130,,,,,17,25,B1,intermediate|advanced,intermediate|advanced,cambridge_15_21_random_intermediate_advanced,4,19,random,,,,,,,,,,,,,,,,,,,2026-09-22T16:00:40.289Z,HM6QAFBU,2026-09-22,2026-09-22,13:00:40,2026-09-22 13:00:40,,,,,,,,69aefaccbf52402fcb03f38a,69aefaccbf52402fcb03f38a,,,,
7347,raw_position_sample,2,3,adv,25,4,18,19,-1,999,1312,186,1706197.8999999762,69aefaccbf52402fcb03f38a,69aefaccbf52402fcb03f38a,advanced,4,69aefaccbf52402fcb03f38a,69aefaccbf52402fcb03f38a,spotlight_PROLIFIC,,36,Chile,Spanish,"Spanish, English, Japanese",Japanese,Spanish:75|English:15|Japanese:10,100,Spanish:50|English:35|Japanese:15,100,Spanish:80|English:10|Japanese:10,100,7,5,Bachelor's,10,10,10,7,7,10,5,22,8,15,Duolingo,130,,,,,17,25,B1,intermediate|advanced,intermediate|advanced,cambridge_15_21_random_intermediate_advanced,4,19,random,,,,,,,,,,,,,,,,,,,2026-09-22T16:00:40.289Z,HM6QAFBU,2026-09-22,2026-09-22,13:00:40,2026-09-22 13:00:40,,,,,,,,69aefaccbf52402fcb03f38a,69aefaccbf52402fcb03f38a,,,,
7408,raw_position_sample,2,3,adv,25,4,18,19,26, is ,1275,186,1706259.199999988,69aefaccbf52402fcb03f38a,69aefaccbf52402fcb03f38a,advanced,4,69aefaccbf52402fcb03f38a,69aefaccbf52402fcb03f38a,spotlight_PROLIFIC,,36,Chile,Spanish,"Spanish, English, Japanese",Japanese,Spanish:75|English:15|Japanese:10,100,Spanish:50|English:35|Japanese:15,100,Spanish:80|English:10|Japanese:10,100,7,5,Bachelor's,10,10,10,7,7,10,5,22,8,15,Duolingo,130,,,,,17,25,B1,intermediate|advanced,intermediate|advanced,cambridge_15_21_random_intermediate_advanced,4,19,random,,163.265625,1266.859375,183.265625,1279.859375,2,14,,,,,,,,,,,,2026-09-22T16:00:40.289Z,HM6QAFBU,2026-09-22,2026-09-22,13:00:40,2026-09-22 13:00:40,,,,,,,,69aefaccbf52402fcb03f38a,69aefaccbf52402fcb03f38a,,,,
7419,hover_association,2,3,adv,25,4,18,19,26, is ,1275,186,,69aefaccbf52402fcb03f38a,69aefaccbf52402fcb03f38a,advanced,4,69aefaccbf52402fcb03f38a,69aefaccbf52402fcb03f38a,spotlight_PROLIFIC,,36,Chile,Spanish,"Spanish, English, Japanese",Japanese,Spanish:75|English:15|Japanese:10,100,Spanish:50|English:35|Japanese:15,100,Spanish:80|English:10|Japanese:10,100,7,5,Bachelor's,10,10,10,7,7,10,5,22,8,15,Duolingo,130,,,,,17,25,B1,intermediate|advanced,intermediate|advanced,cambridge_15_21_random_intermediate_advanced,4,19,random,,153.265625,1266.859375,193.265625,1283.0286458333333,2,14,hover,16.5,16.5,0.5034627154131124,0.818359375,165,,,,,,2026-09-22T16:00:40.289Z,HM6QAFBU,2026-09-22,2026-09-22,13:00:40,2026-09-22 13:00:40,,,,,,,,69aefaccbf52402fcb03f38a,69aefaccbf52402fcb03f38a,,,,
7449,raw_position_sample,2,3,adv,25,4,18,19,25, income ,1253,186,1706300.1000000238,69aefaccbf52402fcb03f38a,69aefaccbf52402fcb03f38a,advanced,4,69aefaccbf52402fcb03f38a,69aefaccbf52402fcb03f38a,spotlight_PROLIFIC,,36,Chile,Spanish,"Spanish, English, Japanese",Japanese,Spanish:75|English:15|Japanese:10,100,Spanish:50|English:35|Japanese:15,100,Spanish:80|English:10|Japanese:10,100,7,5,Bachelor's,10,10,10,7,7,10,5,22,8,15,Duolingo,130,,,,,17,25,B1,intermediate|advanced,intermediate|advanced,cambridge_15_21_random_intermediate_advanced,4,19,random,,163.265625,1203.828125,183.265625,1266.859375,2,13,,,,,,,,,,,,2026-09-22T16:00:40.289Z,HM6QAFBU,2026-09-22,2026-09-22,13:00:40,2026-09-22 13:00:40,,,,,,,,69aefaccbf52402fcb03f38a,69aefaccbf52402fcb03f38a,,,,
7499,raw_position_sample,2,3,adv,25,4,18,19,25, income ,1222,186,1706350.8999999762,69aefaccbf52402fcb03f38a,69aefaccbf52402fcb03f38a,advanced,4,69aefaccbf52402fcb03f38a,69aefaccbf52402fcb03f38a,spotlight_PROLIFIC,,36,Chile,Spanish,"Spanish, English, Japanese",Japanese,Spanish:75|English:15|Japanese:10,100,Spanish:50|English:35|Japanese:15,100,Spanish:80|English:10|Japanese:10,100,7,5,Bachelor's,10,10,10,7,7,10,5,22,8,15,Duolingo,130,,,,,17,25,B1,intermediate|advanced,intermediate|advanced,cambridge_15_21_random_intermediate_advanced,4,19,random,,163.265625,1203.828125,183.265625,1266.859375,2,13,,,,,,,,,,,,2026-09-22T16:00:40.289Z,HM6QAFBU,2026-09-22,2026-09-22,13:00:40,2026-09-22 13:00:40,,,,,,,,69aefaccbf52402fcb03f38a,69aefaccbf52402fcb03f38a,,,,
7519,hover_association,2,3,adv,25,4,18,19,25, income ,1265,186,,69aefaccbf52402fcb03f38a,69aefaccbf52402fcb03f38a,advanced,4,69aefaccbf52402fcb03f38a,69aefaccbf52402fcb03f38a,spotlight_PROLIFIC,,36,Chile,Spanish,"Spanish, English, Japanese",Japanese,Spanish:75|English:15|Japanese:10,100,Spanish:50|English:35|Japanese:15,100,Spanish:80|English:10|Japanese:10,100,7,5,Bachelor's,10,10,10,7,7,10,5,22,8,15,Duolingo,130,,,,,17,25,B1,intermediate|advanced,intermediate|advanced,cambridge_15_21_random_intermediate_advanced,4,19,random,,153.265625,1203.828125,193.265625,1266.859375,2,13,hover,100,100,0.06618740704015866,0.818359375,165,,,,,,2026-09-22T16:00:40.289Z,HM6QAFBU,2026-09-22,2026-09-22,13:00:40,2026-09-22 13:00:40,,,,,,,,69aefaccbf52402fcb03f38a,69aefaccbf52402fcb03f38a,,,,
7552,hover_association,2,3,adv,25,4,18,19,24, Her ,1188,188,,69aefaccbf52402fcb03f38a,69aefaccbf52402fcb03f38a,advanced,4,69aefaccbf52402fcb03f38a,69aefaccbf52402fcb03f38a,spotlight_PROLIFIC,,36,Chile,Spanish,"Spanish, English, Japanese",Japanese,Spanish:75|English:15|Japanese:10,100,Spanish:50|English:35|Japanese:15,100,Spanish:80|English:10|Japanese:10,100,7,5,Bachelor's,10,10,10,7,7,10,5,22,8,15,Duolingo,130,,,,,17,25,B1,intermediate|advanced,intermediate|advanced,cambridge_15_21_random_intermediate_advanced,4,19,random,,153.265625,1169.8125,193.265625,1203.828125,2,12,hover,33.19999998807907,33.19999998807907,0.03491042719338539,0.868359375,165,,,,,,2026-09-22T16:00:40.289Z,HM6QAFBU,2026-09-22,2026-09-22,13:00:40,2026-09-22 13:00:40,,,,,,,,69aefaccbf52402fcb03f38a,69aefaccbf52402fcb03f38a,,,,
7558,raw_position_sample,2,3,adv,25,4,18,19,23, up. ,1161,188,1706409.8999999762,69aefaccbf52402fcb03f38a,69aefaccbf52402fcb03f38a,advanced,4,69aefaccbf52402fcb03f38a,69aefaccbf52402fcb03f38a,spotlight_PROLIFIC,,36,Chile,Spanish,"Spanish, English, Japanese",Japanese,Spanish:75|English:15|Japanese:10,100,Spanish:50|English:35|Japanese:15,100,Spanish:80|English:10|Japanese:10,100,7,5,Bachelor's,10,10,10,7,7,10,5,22,8,15,Duolingo,130,,,,,17,25,B1,intermediate|advanced,intermediate|advanced,cambridge_15_21_random_intermediate_advanced,4,19,random,,163.265625,1139.78125,183.265625,1169.8125,2,11,,,,,,,,,,,,2026-09-22T16:00:40.289Z,HM6QAFBU,2026-09-22,2026-09-22,13:00:40,2026-09-22 13:00:40,,,,,,,,69aefaccbf52402fcb03f38a,69aefaccbf52402fcb03f38a,,,,
7583,hover_association,2,3,adv,25,4,18,19,23, up. ,1161,188,,69aefaccbf52402fcb03f38a,69aefaccbf52402fcb03f38a,advanced,4,69aefaccbf52402fcb03f38a,69aefaccbf52402fcb03f38a,spotlight_PROLIFIC,,36,Chile,Spanish,"Spanish, English, Japanese",Japanese,Spanish:75|English:15|Japanese:10,100,Spanish:50|English:35|Japanese:15,100,Spanish:80|English:10|Japanese:10,100,7,5,Bachelor's,10,10,10,7,7,10,5,22,8,15,Duolingo,130,,,,,17,25,B1,intermediate|advanced,intermediate|advanced,cambridge_15_21_random_intermediate_advanced,4,19,random,,153.265625,1139.78125,193.265625,1169.8125,2,11,hover,32.5,32.5,0.17377731529656607,0.868359375,165,,,,,,2026-09-22T16:00:40.289Z,HM6QAFBU,2026-09-22,2026-09-22,13:00:40,2026-09-22 13:00:40,,,,,,,,69aefaccbf52402fcb03f38a,69aefaccbf52402fcb03f38a,,,,
7601,raw_position_sample,2,3,adv,25,4,18,19,22, come ,1135,188,1706452.300000012,69aefaccbf52402fcb03f38a,69aefaccbf52402fcb03f38a,advanced,4,69aefaccbf52402fcb03f38a,69aefaccbf52402fcb03f38a,spotlight_PROLIFIC,,36,Chile,Spanish,"Spanish, English, Japanese",Japanese,Spanish:75|English:15|Japanese:10,100,Spanish:50|English:35|Japanese:15,100,Spanish:80|English:10|Japanese:10,100,7,5,Bachelor's,10,10,10,7,7,10,5,22,8,15,Duolingo,130,,,,,17,25,B1,intermediate|advanced,intermediate|advanced,cambridge_15_21_random_intermediate_advanced,4,19,random,,163.265625,1090.75,183.265625,1139.78125,2,10,,,,,,,,,,,,2026-09-22T16:00:40.289Z,HM6QAFBU,2026-09-22,2026-09-22,13:00:40,2026-09-22 13:00:40,,,,,,,,69aefaccbf52402fcb03f38a,69aefaccbf52402fcb03f38a,,,,
7651,hover_association,2,3,adv,25,4,18,19,22, come ,1135,188,,69aefaccbf52402fcb03f38a,69aefaccbf52402fcb03f38a,advanced,4,69aefaccbf52402fcb03f38a,69aefaccbf52402fcb03f38a,spotlight_PROLIFIC,,36,Chile,Spanish,"Spanish, English, Japanese",Japanese,Spanish:75|English:15|Japanese:10,100,Spanish:50|English:35|Japanese:15,100,Spanish:80|English:10|Japanese:10,100,7,5,Bachelor's,10,10,10,7,7,10,5,22,8,15,Duolingo,130,,,,,17,25,B1,intermediate|advanced,intermediate|advanced,cambridge_15_21_random_intermediate_advanced,4,19,random,,153.265625,1090.75,193.265625,1139.78125,2,10,hover,67.39999997615814,67.39999997615814,0.025493945188017845,0.868359375,165,,,,,,2026-09-22T16:00:40.289Z,HM6QAFBU,2026-09-22,2026-09-22,13:00:40,2026-09-22 13:00:40,,,,,,,,69aefaccbf52402fcb03f38a,69aefaccbf52402fcb03f38a,,,,
7655,raw_position_sample,2,3,adv,25,4,18,19,21, they ,1070,188,1706506.300000012,69aefaccbf52402fcb03f38a,69aefaccbf52402fcb03f38a,advanced,4,69aefaccbf52402fcb03f38a,69aefaccbf52402fcb03f38a,spotlight_PROLIFIC,,36,Chile,Spanish,"Spanish, English, Japanese",Japanese,Spanish:75|English:15|Japanese:10,100,Spanish:50|English:35|Japanese:15,100,Spanish:80|English:10|Japanese:10,100,7,5,Bachelor's,10,10,10,7,7,10,5,22,8,15,Duolingo,130,,,,,17,25,B1,intermediate|advanced,intermediate|advanced,cambridge_15_21_random_intermediate_advanced,4,19,random,,163.265625,1051.71875,183.265625,1090.75,2,9,,,,,,,,,,,,2026-09-22T16:00:40.289Z,HM6QAFBU,2026-09-22,2026-09-22,13:00:40,2026-09-22 13:00:40,,,,,,,,69aefaccbf52402fcb03f38a,69aefaccbf52402fcb03f38a,,,,
7668,hover_association,2,3,adv,25,4,18,19,21, they ,1070,188,,69aefaccbf52402fcb03f38a,69aefaccbf52402fcb03f38a,advanced,4,69aefaccbf52402fcb03f38a,69aefaccbf52402fcb03f38a,spotlight_PROLIFIC,,36,Chile,Spanish,"Spanish, English, Japanese",Japanese,Spanish:75|English:15|Japanese:10,100,Spanish:50|English:35|Japanese:15,100,Spanish:80|English:10|Japanese:10,100,7,5,Bachelor's,10,10,10,7,7,10,5,22,8,15,Duolingo,130,,,,,17,25,B1,intermediate|advanced,intermediate|advanced,cambridge_15_21_random_intermediate_advanced,4,19,random,,153.265625,1051.71875,193.265625,1090.75,2,9,hover,16.600000023841858,16.600000023841858,0.46837469975980783,0.868359375,165,,,,,,2026-09-22T16:00:40.289Z,HM6QAFBU,2026-09-22,2026-09-22,13:00:40,2026-09-22 13:00:40,,,,,,,,69aefaccbf52402fcb03f38a,69aefaccbf52402fcb03f38a,,,,
7701,raw_position_sample,2,3,adv,25,4,18,19,20, when ,1016,188,1706552.5,69aefaccbf52402fcb03f38a,69aefaccbf52402fcb03f38a,advanced,4,69aefaccbf52402fcb03f38a,69aefaccbf52402fcb03f38a,spotlight_PROLIFIC,,36,Chile,Spanish,"Spanish, English, Japanese",Japanese,Spanish:75|English:15|Japanese:10,100,Spanish:50|English:35|Japanese:15,100,Spanish:80|English:10|Japanese:10,100,7,5,Bachelor's,10,10,10,7,7,10,5,22,8,15,Duolingo,130,,,,,17,25,B1,intermediate|advanced,intermediate|advanced,cambridge_15_21_random_intermediate_advanced,4,19,random,,163.265625,1003.671875,183.265625,1051.71875,2,8,,,,,,,,,,,,2026-09-22T16:00:40.289Z,HM6QAFBU,2026-09-22,2026-09-22,13:00:40,2026-09-22 13:00:40,,,,,,,,69aefaccbf52402fcb03f38a,69aefaccbf52402fcb03f38a,,,,
7717,hover_association,2,3,adv,25,4,18,19,20, when ,1051,188,,69aefaccbf52402fcb03f38a,69aefaccbf52402fcb03f38a,advanced,4,69aefaccbf52402fcb03f38a,69aefaccbf52402fcb03f38a,spotlight_PROLIFIC,,36,Chile,Spanish,"Spanish, English, Japanese",Japanese,Spanish:75|English:15|Japanese:10,100,Spanish:50|English:35|Japanese:15,100,Spanish:80|English:10|Japanese:10,100,7,5,Bachelor's,10,10,10,7,7,10,5,22,8,15,Duolingo,130,,,,,17,25,B1,intermediate|advanced,intermediate|advanced,cambridge_15_21_random_intermediate_advanced,4,19,random,,153.265625,1003.671875,193.265625,1051.71875,2,8,hover,49.39999997615814,49.39999997615814,0.25658536585365854,0.868359375,165,,,,,,2026-09-22T16:00:40.289Z,HM6QAFBU,2026-09-22,2026-09-22,13:00:40,2026-09-22 13:00:40,,,,,,,,69aefaccbf52402fcb03f38a,69aefaccbf52402fcb03f38a,,,,
7733,hover_association,2,3,adv,25,4,18,19,19, and ,996,188,,69aefaccbf52402fcb03f38a,69aefaccbf52402fcb03f38a,advanced,4,69aefaccbf52402fcb03f38a,69aefaccbf52402fcb03f38a,spotlight_PROLIFIC,,36,Chile,Spanish,"Spanish, English, Japanese",Japanese,Spanish:75|English:15|Japanese:10,100,Spanish:50|English:35|Japanese:15,100,Spanish:80|English:10|Japanese:10,100,7,5,Bachelor's,10,10,10,7,7,10,5,22,8,15,Duolingo,130,,,,,17,25,B1,intermediate|advanced,intermediate|advanced,cambridge_15_21_random_intermediate_advanced,4,19,random,,153.265625,968.625,193.265625,1003.671875,2,7,hover,16.700000047683716,16.700000047683716,0.7810967454302273,0.868359375,165,,,,,,2026-09-22T16:00:40.289Z,HM6QAFBU,2026-09-22,2026-09-22,13:00:40,2026-09-22 13:00:40,,,,,,,,69aefaccbf52402fcb03f38a,69aefaccbf52402fcb03f38a,,,,
7751,raw_position_sample,2,3,adv,25,4,18,19,18, as ,945,188,1706602.699999988,69aefaccbf52402fcb03f38a,69aefaccbf52402fcb03f38a,advanced,4,69aefaccbf52402fcb03f38a,69aefaccbf52402fcb03f38a,spotlight_PROLIFIC,,36,Chile,Spanish,"Spanish, English, Japanese",Japanese,Spanish:75|English:15|Japanese:10,100,Spanish:50|English:35|Japanese:15,100,Spanish:80|English:10|Japanese:10,100,7,5,Bachelor's,10,10,10,7,7,10,5,22,8,15,Duolingo,130,,,,,17,25,B1,intermediate|advanced,intermediate|advanced,cambridge_15_21_random_intermediate_advanced,4,19,random,,163.265625,944.609375,183.265625,968.625,2,6,,,,,,,,,,,,2026-09-22T16:00:40.289Z,HM6QAFBU,2026-09-22,2026-09-22,13:00:40,2026-09-22 13:00:40,,,,,,,,69aefaccbf52402fcb03f38a,69aefaccbf52402fcb03f38a,,,,
7767,hover_association,2,3,adv,25,4,18,19,18, as ,964,188,,69aefaccbf52402fcb03f38a,69aefaccbf52402fcb03f38a,advanced,4,69aefaccbf52402fcb03f38a,69aefaccbf52402fcb03f38a,spotlight_PROLIFIC,,36,Chile,Spanish,"Spanish, English, Japanese",Japanese,Spanish:75|English:15|Japanese:10,100,Spanish:50|English:35|Japanese:15,100,Spanish:80|English:10|Japanese:10,100,7,5,Bachelor's,10,10,10,7,7,10,5,22,8,15,Duolingo,130,,,,,17,25,B1,intermediate|advanced,intermediate|advanced,cambridge_15_21_random_intermediate_advanced,4,19,random,,153.265625,944.609375,193.265625,968.625,2,6,hover,33.59999996423721,33.59999996423721,0.01626545217957059,0.868359375,165,,,,,,2026-09-22T16:00:40.289Z,HM6QAFBU,2026-09-22,2026-09-22,13:00:40,2026-09-22 13:00:40,,,,,,,,69aefaccbf52402fcb03f38a,69aefaccbf52402fcb03f38a,,,,
7806,raw_position_sample,2,3,adv,25,4,18,19,17, companies ,885,188,1706657.3999999762,69aefaccbf52402fcb03f38a,69aefaccbf52402fcb03f38a,advanced,4,69aefaccbf52402fcb03f38a,69aefaccbf52402fcb03f38a,spotlight_PROLIFIC,,36,Chile,Spanish,"Spanish, English, Japanese",Japanese,Spanish:75|English:15|Japanese:10,100,Spanish:50|English:35|Japanese:15,100,Spanish:80|English:10|Japanese:10,100,7,5,Bachelor's,10,10,10,7,7,10,5,22,8,15,Duolingo,130,,,,,17,25,B1,intermediate|advanced,intermediate|advanced,cambridge_15_21_random_intermediate_advanced,4,19,random,,163.265625,852.546875,183.265625,944.609375,2,5,,,,,,,,,,,,2026-09-22T16:00:40.289Z,HM6QAFBU,2026-09-22,2026-09-22,13:00:40,2026-09-22 13:00:40,,,,,,,,69aefaccbf52402fcb03f38a,69aefaccbf52402fcb03f38a,,,,
7835,hover_association,2,3,adv,25,4,18,19,17, companies ,926,188,,69aefaccbf52402fcb03f38a,69aefaccbf52402fcb03f38a,advanced,4,69aefaccbf52402fcb03f38a,69aefaccbf52402fcb03f38a,spotlight_PROLIFIC,,36,Chile,Spanish,"Spanish, English, Japanese",Japanese,Spanish:75|English:15|Japanese:10,100,Spanish:50|English:35|Japanese:15,100,Spanish:80|English:10|Japanese:10,100,7,5,Bachelor's,10,10,10,7,7,10,5,22,8,15,Duolingo,130,,,,,17,25,B1,intermediate|advanced,intermediate|advanced,cambridge_15_21_random_intermediate_advanced,4,19,random,,153.265625,852.546875,193.265625,944.609375,2,5,hover,67,67,0.11354378818737271,0.868359375,165,,,,,,2026-09-22T16:00:40.289Z,HM6QAFBU,2026-09-22,2026-09-22,13:00:40,2026-09-22 13:00:40,,,,,,,,69aefaccbf52402fcb03f38a,69aefaccbf52402fcb03f38a,,,,
7852,raw_position_sample,2,3,adv,25,4,18,19,16, shopping ,825,188,1706703.6000000238,69aefaccbf52402fcb03f38a,69aefaccbf52402fcb03f38a,advanced,4,69aefaccbf52402fcb03f38a,69aefaccbf52402fcb03f38a,spotlight_PROLIFIC,,36,Chile,Spanish,"Spanish, English, Japanese",Japanese,Spanish:75|English:15|Japanese:10,100,Spanish:50|English:35|Japanese:15,100,Spanish:80|English:10|Japanese:10,100,7,5,Bachelor's,10,10,10,7,7,10,5,22,8,15,Duolingo,130,,,,,17,25,B1,intermediate|advanced,intermediate|advanced,cambridge_15_21_random_intermediate_advanced,4,19,random,,163.265625,774.46875,183.265625,852.546875,2,4,,,,,,,,,,,,2026-09-22T16:00:40.289Z,HM6QAFBU,2026-09-22,2026-09-22,13:00:40,2026-09-22 13:00:40,,,,,,,,69aefaccbf52402fcb03f38a,69aefaccbf52402fcb03f38a,,,,
7901,raw_position_sample,2,3,adv,25,4,18,19,16, shopping ,789,190,1706752.5,69aefaccbf52402fcb03f38a,69aefaccbf52402fcb03f38a,advanced,4,69aefaccbf52402fcb03f38a,69aefaccbf52402fcb03f38a,spotlight_PROLIFIC,,36,Chile,Spanish,"Spanish, English, Japanese",Japanese,Spanish:75|English:15|Japanese:10,100,Spanish:50|English:35|Japanese:15,100,Spanish:80|English:10|Japanese:10,100,7,5,Bachelor's,10,10,10,7,7,10,5,22,8,15,Duolingo,130,,,,,17,25,B1,intermediate|advanced,intermediate|advanced,cambridge_15_21_random_intermediate_advanced,4,19,random,,163.265625,774.46875,183.265625,852.546875,2,4,,,,,,,,,,,,2026-09-22T16:00:40.289Z,HM6QAFBU,2026-09-22,2026-09-22,13:00:40,2026-09-22 13:00:40,,,,,,,,69aefaccbf52402fcb03f38a,69aefaccbf52402fcb03f38a,,,,
7903,hover_association,2,3,adv,25,4,18,19,16, shopping ,844,188,,69aefaccbf52402fcb03f38a,69aefaccbf52402fcb03f38a,advanced,4,69aefaccbf52402fcb03f38a,69aefaccbf52402fcb03f38a,spotlight_PROLIFIC,,36,Chile,Spanish,"Spanish, English, Japanese",Japanese,Spanish:75|English:15|Japanese:10,100,Spanish:50|English:35|Japanese:15,100,Spanish:80|English:10|Japanese:10,100,7,5,Bachelor's,10,10,10,7,7,10,5,22,8,15,Duolingo,130,,,,,17,25,B1,intermediate|advanced,intermediate|advanced,cambridge_15_21_random_intermediate_advanced,4,19,random,,153.265625,774.46875,193.265625,852.546875,2,4,hover,68.19999998807907,68.19999998807907,0.18611166700020013,0.918359375,165,,,,,,2026-09-22T16:00:40.289Z,HM6QAFBU,2026-09-22,2026-09-22,13:00:40,2026-09-22 13:00:40,,,,,,,,69aefaccbf52402fcb03f38a,69aefaccbf52402fcb03f38a,,,,
7952,hover_association,2,3,adv,25,4,18,19,15, mystery ,772,192,,69aefaccbf52402fcb03f38a,69aefaccbf52402fcb03f38a,advanced,4,69aefaccbf52402fcb03f38a,69aefaccbf52402fcb03f38a,spotlight_PROLIFIC,,36,Chile,Spanish,"Spanish, English, Japanese",Japanese,Spanish:75|English:15|Japanese:10,100,Spanish:50|English:35|Japanese:15,100,Spanish:80|English:10|Japanese:10,100,7,5,Bachelor's,10,10,10,7,7,10,5,22,8,15,Duolingo,130,,,,,17,25,B1,intermediate|advanced,intermediate|advanced,cambridge_15_21_random_intermediate_advanced,4,19,random,,153.265625,706.453125,193.265625,774.46875,2,3,hover,48.5,48.5,0.5079255685733977,0.993359375,165,,,,,,2026-09-22T16:00:40.289Z,HM6QAFBU,2026-09-22,2026-09-22,13:00:40,2026-09-22 13:00:40,,,,,,,,69aefaccbf52402fcb03f38a,69aefaccbf52402fcb03f38a,,,,
7956,raw_position_sample,2,3,adv,25,4,18,19,28," £30,000 ",730,195,1706807.3999999762,69aefaccbf52402fcb03f38a,69aefaccbf52402fcb03f38a,advanced,4,69aefaccbf52402fcb03f38a,69aefaccbf52402fcb03f38a,spotlight_PROLIFIC,,36,Chile,Spanish,"Spanish, English, Japanese",Japanese,Spanish:75|English:15|Japanese:10,100,Spanish:50|English:35|Japanese:15,100,Spanish:80|English:10|Japanese:10,100,7,5,Bachelor's,10,10,10,7,7,10,5,22,8,15,Duolingo,130,,,,,17,25,B1,intermediate|advanced,intermediate|advanced,cambridge_15_21_random_intermediate_advanced,4,19,random,,203.265625,694.40625,223.265625,764.484375,3,2,,,,,,,,,,,,2026-09-22T16:00:40.289Z,HM6QAFBU,2026-09-22,2026-09-22,13:00:40,2026-09-22 13:00:40,,,,,,,,69aefaccbf52402fcb03f38a,69aefaccbf52402fcb03f38a,,,,
8007,raw_position_sample,2,3,adv,25,4,18,19,28," £30,000 ",718,196,1706858.300000012,69aefaccbf52402fcb03f38a,69aefaccbf52402fcb03f38a,advanced,4,69aefaccbf52402fcb03f38a,69aefaccbf52402fcb03f38a,spotlight_PROLIFIC,,36,Chile,Spanish,"Spanish, English, Japanese",Japanese,Spanish:75|English:15|Japanese:10,100,Spanish:50|English:35|Japanese:15,100,Spanish:80|English:10|Japanese:10,100,7,5,Bachelor's,10,10,10,7,7,10,5,22,8,15,Duolingo,130,,,,,17,25,B1,intermediate|advanced,intermediate|advanced,cambridge_15_21_random_intermediate_advanced,4,19,random,,203.265625,694.40625,223.265625,764.484375,3,2,,,,,,,,,,,,2026-09-22T16:00:40.289Z,HM6QAFBU,2026-09-22,2026-09-22,13:00:40,2026-09-22 13:00:40,,,,,,,,69aefaccbf52402fcb03f38a,69aefaccbf52402fcb03f38a,,,,
8056,raw_position_sample,2,3,adv,25,4,18,19,28," £30,000 ",708,198,1706907.6000000238,69aefaccbf52402fcb03f38a,69aefaccbf52402fcb03f38a,advanced,4,69aefaccbf52402fcb03f38a,69aefaccbf52402fcb03f38a,spotlight_PROLIFIC,,36,Chile,Spanish,"Spanish, English, Japanese",Japanese,Spanish:75|English:15|Japanese:10,100,Spanish:50|English:35|Japanese:15,100,Spanish:80|English:10|Japanese:10,100,7,5,Bachelor's,10,10,10,7,7,10,5,22,8,15,Duolingo,130,,,,,17,25,B1,intermediate|advanced,intermediate|advanced,cambridge_15_21_random_intermediate_advanced,4,19,random,,203.265625,694.40625,223.265625,764.484375,3,2,,,,,,,,,,,,2026-09-22T16:00:40.289Z,HM6QAFBU,2026-09-22,2026-09-22,13:00:40,2026-09-22 13:00:40,,,,,,,,69aefaccbf52402fcb03f38a,69aefaccbf52402fcb03f38a,,,,
8100,hover_association,2,3,adv,25,4,18,19,28," £30,000 ",730,195,,69aefaccbf52402fcb03f38a,69aefaccbf52402fcb03f38a,advanced,4,69aefaccbf52402fcb03f38a,69aefaccbf52402fcb03f38a,spotlight_PROLIFIC,,36,Chile,Spanish,"Spanish, English, Japanese",Japanese,Spanish:75|English:15|Japanese:10,100,Spanish:50|English:35|Japanese:15,100,Spanish:80|English:10|Japanese:10,100,7,5,Bachelor's,10,10,10,7,7,10,5,22,8,15,Duolingo,130,,,,,17,25,B1,intermediate|advanced,intermediate|advanced,cambridge_15_21_random_intermediate_advanced,4,19,random,,193.265625,694.40625,233.265625,764.484375,3,2,hover,149.70000004768372,149.70000004768372,0.03701226309921962,0.218359375,165,,,,,,2026-09-22T16:00:40.289Z,HM6QAFBU,2026-09-22,2026-09-22,13:00:40,2026-09-22 13:00:40,,,,,,,,69aefaccbf52402fcb03f38a,69aefaccbf52402fcb03f38a,,,,
8102,raw_position_sample,2,3,adv,25,4,18,19,27, typically ,692,204,1706953.1000000238,69aefaccbf52402fcb03f38a,69aefaccbf52402fcb03f38a,advanced,4,69aefaccbf52402fcb03f38a,69aefaccbf52402fcb03f38a,spotlight_PROLIFIC,,36,Chile,Spanish,"Spanish, English, Japanese",Japanese,Spanish:75|English:15|Japanese:10,100,Spanish:50|English:35|Japanese:15,100,Spanish:80|English:10|Japanese:10,100,7,5,Bachelor's,10,10,10,7,7,10,5,22,8,15,Duolingo,130,,,,,17,25,B1,intermediate|advanced,intermediate|advanced,cambridge_15_21_random_intermediate_advanced,4,19,random,,203.265625,625.375,223.265625,694.40625,3,1,,,,,,,,,,,,2026-09-22T16:00:40.289Z,HM6QAFBU,2026-09-22,2026-09-22,13:00:40,2026-09-22 13:00:40,,,,,,,,69aefaccbf52402fcb03f38a,69aefaccbf52402fcb03f38a,,,,
8156,raw_position_sample,2,3,adv,25,4,18,19,27, typically ,682,210,1707007.8999999762,69aefaccbf52402fcb03f38a,69aefaccbf52402fcb03f38a,advanced,4,69aefaccbf52402fcb03f38a,69aefaccbf52402fcb03f38a,spotlight_PROLIFIC,,36,Chile,Spanish,"Spanish, English, Japanese",Japanese,Spanish:75|English:15|Japanese:10,100,Spanish:50|English:35|Japanese:15,100,Spanish:80|English:10|Japanese:10,100,7,5,Bachelor's,10,10,10,7,7,10,5,22,8,15,Duolingo,130,,,,,17,25,B1,intermediate|advanced,intermediate|advanced,cambridge_15_21_random_intermediate_advanced,4,19,random,,203.265625,625.375,223.265625,694.40625,3,1,,,,,,,,,,,,2026-09-22T16:00:40.289Z,HM6QAFBU,2026-09-22,2026-09-22,13:00:40,2026-09-22 13:00:40,,,,,,,,69aefaccbf52402fcb03f38a,69aefaccbf52402fcb03f38a,,,,
8200,raw_position_sample,2,3,adv,25,4,18,19,27, typically ,681,210,1707051,69aefaccbf52402fcb03f38a,69aefaccbf52402fcb03f38a,advanced,4,69aefaccbf52402fcb03f38a,69aefaccbf52402fcb03f38a,spotlight_PROLIFIC,,36,Chile,Spanish,"Spanish, English, Japanese",Japanese,Spanish:75|English:15|Japanese:10,100,Spanish:50|English:35|Japanese:15,100,Spanish:80|English:10|Japanese:10,100,7,5,Bachelor's,10,10,10,7,7,10,5,22,8,15,Duolingo,130,,,,,17,25,B1,intermediate|advanced,intermediate|advanced,cambridge_15_21_random_intermediate_advanced,4,19,random,,203.265625,625.375,223.265625,694.40625,3,1,,,,,,,,,,,,2026-09-22T16:00:40.289Z,HM6QAFBU,2026-09-22,2026-09-22,13:00:40,2026-09-22 13:00:40,,,,,,,,69aefaccbf52402fcb03f38a,69aefaccbf52402fcb03f38a,,,,
8250,raw_position_sample,2,3,adv,25,4,18,19,27, typically ,681,210,1707101.6000000238,69aefaccbf52402fcb03f38a,69aefaccbf52402fcb03f38a,advanced,4,69aefaccbf52402fcb03f38a,69aefaccbf52402fcb03f38a,spotlight_PROLIFIC,,36,Chile,Spanish,"Spanish, English, Japanese",Japanese,Spanish:75|English:15|Japanese:10,100,Spanish:50|English:35|Japanese:15,100,Spanish:80|English:10|Japanese:10,100,7,5,Bachelor's,10,10,10,7,7,10,5,22,8,15,Duolingo,130,,,,,17,25,B1,intermediate|advanced,intermediate|advanced,cambridge_15_21_random_intermediate_advanced,4,19,random,,203.265625,625.375,223.265625,694.40625,3,1,,,,,,,,,,,,2026-09-22T16:00:40.289Z,HM6QAFBU,2026-09-22,2026-09-22,13:00:40,2026-09-22 13:00:40,,,,,,,,69aefaccbf52402fcb03f38a,69aefaccbf52402fcb03f38a,,,,
8312,raw_position_sample,2,3,adv,25,4,18,19,27, typically ,681,210,1707163.800000012,69aefaccbf52402fcb03f38a,69aefaccbf52402fcb03f38a,advanced,4,69aefaccbf52402fcb03f38a,69aefaccbf52402fcb03f38a,spotlight_PROLIFIC,,36,Chile,Spanish,"Spanish, English, Japanese",Japanese,Spanish:75|English:15|Japanese:10,100,Spanish:50|English:35|Japanese:15,100,Spanish:80|English:10|Japanese:10,100,7,5,Bachelor's,10,10,10,7,7,10,5,22,8,15,Duolingo,130,,,,,17,25,B1,intermediate|advanced,intermediate|advanced,cambridge_15_21_random_intermediate_advanced,4,19,random,,203.265625,625.375,223.265625,694.40625,3,1,,,,,,,,,,,,2026-09-22T16:00:40.289Z,HM6QAFBU,2026-09-22,2026-09-22,13:00:40,2026-09-22 13:00:40,,,,,,,,69aefaccbf52402fcb03f38a,69aefaccbf52402fcb03f38a,,,,
8348,raw_position_sample,2,3,adv,25,4,18,19,27, typically ,682,210,1707199.699999988,69aefaccbf52402fcb03f38a,69aefaccbf52402fcb03f38a,advanced,4,69aefaccbf52402fcb03f38a,69aefaccbf52402fcb03f38a,spotlight_PROLIFIC,,36,Chile,Spanish,"Spanish, English, Japanese",Japanese,Spanish:75|English:15|Japanese:10,100,Spanish:50|English:35|Japanese:15,100,Spanish:80|English:10|Japanese:10,100,7,5,Bachelor's,10,10,10,7,7,10,5,22,8,15,Duolingo,130,,,,,17,25,B1,intermediate|advanced,intermediate|advanced,cambridge_15_21_random_intermediate_advanced,4,19,random,,203.265625,625.375,223.265625,694.40625,3,1,,,,,,,,,,,,2026-09-22T16:00:40.289Z,HM6QAFBU,2026-09-22,2026-09-22,13:00:40,2026-09-22 13:00:40,,,,,,,,69aefaccbf52402fcb03f38a,69aefaccbf52402fcb03f38a,,,,
8369,hover_association,2,3,adv,25,4,18,19,27, typically ,692,204,,69aefaccbf52402fcb03f38a,69aefaccbf52402fcb03f38a,advanced,4,69aefaccbf52402fcb03f38a,69aefaccbf52402fcb03f38a,spotlight_PROLIFIC,,36,Chile,Spanish,"Spanish, English, Japanese",Japanese,Spanish:75|English:15|Japanese:10,100,Spanish:50|English:35|Japanese:15,100,Spanish:80|English:10|Japanese:10,100,7,5,Bachelor's,10,10,10,7,7,10,5,22,8,15,Duolingo,130,,,,,17,25,B1,intermediate|advanced,intermediate|advanced,cambridge_15_21_random_intermediate_advanced,4,19,random,,193.265625,622.2057291666666,233.265625,694.40625,3,1,hover,267.39999997615814,267.39999997615814,0.8281695220919748,0.418359375,165,,,,,,2026-09-22T16:00:40.289Z,HM6QAFBU,2026-09-22,2026-09-22,13:00:40,2026-09-22 13:00:40,,,,,,,,69aefaccbf52402fcb03f38a,69aefaccbf52402fcb03f38a,,,,
8403,raw_position_sample,2,3,adv,25,4,18,19,28," £30,000 ",736,223,1707254.800000012,69aefaccbf52402fcb03f38a,69aefaccbf52402fcb03f38a,advanced,4,69aefaccbf52402fcb03f38a,69aefaccbf52402fcb03f38a,spotlight_PROLIFIC,,36,Chile,Spanish,"Spanish, English, Japanese",Japanese,Spanish:75|English:15|Japanese:10,100,Spanish:50|English:35|Japanese:15,100,Spanish:80|English:10|Japanese:10,100,7,5,Bachelor's,10,10,10,7,7,10,5,22,8,15,Duolingo,130,,,,,17,25,B1,intermediate|advanced,intermediate|advanced,cambridge_15_21_random_intermediate_advanced,4,19,random,,203.265625,694.40625,223.265625,764.484375,3,2,,,,,,,,,,,,2026-09-22T16:00:40.289Z,HM6QAFBU,2026-09-22,2026-09-22,13:00:40,2026-09-22 13:00:40,,,,,,,,69aefaccbf52402fcb03f38a,69aefaccbf52402fcb03f38a,,,,
8435,hover_association,2,3,adv,25,4,18,19,28," £30,000 ",708,220,,69aefaccbf52402fcb03f38a,69aefaccbf52402fcb03f38a,advanced,4,69aefaccbf52402fcb03f38a,69aefaccbf52402fcb03f38a,spotlight_PROLIFIC,,36,Chile,Spanish,"Spanish, English, Japanese",Japanese,Spanish:75|English:15|Japanese:10,100,Spanish:50|English:35|Japanese:15,100,Spanish:80|English:10|Japanese:10,100,7,5,Bachelor's,10,10,10,7,7,10,5,22,8,15,Duolingo,130,,,,,17,25,B1,intermediate|advanced,intermediate|advanced,cambridge_15_21_random_intermediate_advanced,4,19,random,,193.265625,694.40625,233.265625,764.484375,3,2,hover,66.19999998807907,66.19999998807907,0.8075808249721294,0.793359375,165,,,,,,2026-09-22T16:00:40.289Z,HM6QAFBU,2026-09-22,2026-09-22,13:00:40,2026-09-22 13:00:40,,,,,,,,69aefaccbf52402fcb03f38a,69aefaccbf52402fcb03f38a,,,,
8453,raw_position_sample,2,3,adv,25,4,18,19,29, to ,779,225,1707304.800000012,69aefaccbf52402fcb03f38a,69aefaccbf52402fcb03f38a,advanced,4,69aefaccbf52402fcb03f38a,69aefaccbf52402fcb03f38a,spotlight_PROLIFIC,,36,Chile,Spanish,"Spanish, English, Japanese",Japanese,Spanish:75|English:15|Japanese:10,100,Spanish:50|English:35|Japanese:15,100,Spanish:80|English:10|Japanese:10,100,7,5,Bachelor's,10,10,10,7,7,10,5,22,8,15,Duolingo,130,,,,,17,25,B1,intermediate|advanced,intermediate|advanced,cambridge_15_21_random_intermediate_advanced,4,19,random,,203.265625,764.484375,223.265625,784.5,3,3,,,,,,,,,,,,2026-09-22T16:00:40.289Z,HM6QAFBU,2026-09-22,2026-09-22,13:00:40,2026-09-22 13:00:40,,,,,,,,69aefaccbf52402fcb03f38a,69aefaccbf52402fcb03f38a,,,,
8469,hover_association,2,3,adv,25,4,18,19,29, to ,765,225,,69aefaccbf52402fcb03f38a,69aefaccbf52402fcb03f38a,advanced,4,69aefaccbf52402fcb03f38a,69aefaccbf52402fcb03f38a,spotlight_PROLIFIC,,36,Chile,Spanish,"Spanish, English, Japanese",Japanese,Spanish:75|English:15|Japanese:10,100,Spanish:50|English:35|Japanese:15,100,Spanish:80|English:10|Japanese:10,100,7,5,Bachelor's,10,10,10,7,7,10,5,22,8,15,Duolingo,130,,,,,17,25,B1,intermediate|advanced,intermediate|advanced,cambridge_15_21_random_intermediate_advanced,4,19,random,,193.265625,764.484375,233.265625,784.5,3,3,hover,33.40000003576279,33.40000003576279,0.7252146760343482,0.793359375,165,,,,,,2026-09-22T16:00:40.289Z,HM6QAFBU,2026-09-22,2026-09-22,13:00:40,2026-09-22 13:00:40,,,,,,,,69aefaccbf52402fcb03f38a,69aefaccbf52402fcb03f38a,,,,
8501,raw_position_sample,2,3,adv,25,4,18,19,30," £40,000 ",806,225,1707352.8999999762,69aefaccbf52402fcb03f38a,69aefaccbf52402fcb03f38a,advanced,4,69aefaccbf52402fcb03f38a,69aefaccbf52402fcb03f38a,spotlight_PROLIFIC,,36,Chile,Spanish,"Spanish, English, Japanese",Japanese,Spanish:75|English:15|Japanese:10,100,Spanish:50|English:35|Japanese:15,100,Spanish:80|English:10|Japanese:10,100,7,5,Bachelor's,10,10,10,7,7,10,5,22,8,15,Duolingo,130,,,,,17,25,B1,intermediate|advanced,intermediate|advanced,cambridge_15_21_random_intermediate_advanced,4,19,random,,203.265625,784.5,223.265625,854.578125,3,4,,,,,,,,,,,,2026-09-22T16:00:40.289Z,HM6QAFBU,2026-09-22,2026-09-22,13:00:40,2026-09-22 13:00:40,,,,,,,,69aefaccbf52402fcb03f38a,69aefaccbf52402fcb03f38a,,,,
8551,raw_position_sample,2,3,adv,25,4,18,19,30," £40,000 ",811,225,1707402.3999999762,69aefaccbf52402fcb03f38a,69aefaccbf52402fcb03f38a,advanced,4,69aefaccbf52402fcb03f38a,69aefaccbf52402fcb03f38a,spotlight_PROLIFIC,,36,Chile,Spanish,"Spanish, English, Japanese",Japanese,Spanish:75|English:15|Japanese:10,100,Spanish:50|English:35|Japanese:15,100,Spanish:80|English:10|Japanese:10,100,7,5,Bachelor's,10,10,10,7,7,10,5,22,8,15,Duolingo,130,,,,,17,25,B1,intermediate|advanced,intermediate|advanced,cambridge_15_21_random_intermediate_advanced,4,19,random,,203.265625,784.5,223.265625,854.578125,3,4,,,,,,,,,,,,2026-09-22T16:00:40.289Z,HM6QAFBU,2026-09-22,2026-09-22,13:00:40,2026-09-22 13:00:40,,,,,,,,69aefaccbf52402fcb03f38a,69aefaccbf52402fcb03f38a,,,,
8612,raw_position_sample,2,3,adv,25,4,18,19,30," £40,000 ",811,225,1707463,69aefaccbf52402fcb03f38a,69aefaccbf52402fcb03f38a,advanced,4,69aefaccbf52402fcb03f38a,69aefaccbf52402fcb03f38a,spotlight_PROLIFIC,,36,Chile,Spanish,"Spanish, English, Japanese",Japanese,Spanish:75|English:15|Japanese:10,100,Spanish:50|English:35|Japanese:15,100,Spanish:80|English:10|Japanese:10,100,7,5,Bachelor's,10,10,10,7,7,10,5,22,8,15,Duolingo,130,,,,,17,25,B1,intermediate|advanced,intermediate|advanced,cambridge_15_21_random_intermediate_advanced,4,19,random,,203.265625,784.5,223.265625,854.578125,3,4,,,,,,,,,,,,2026-09-22T16:00:40.289Z,HM6QAFBU,2026-09-22,2026-09-22,13:00:40,2026-09-22 13:00:40,,,,,,,,69aefaccbf52402fcb03f38a,69aefaccbf52402fcb03f38a,,,,
8651,raw_position_sample,2,3,adv,25,4,18,19,30," £40,000 ",811,225,1707501.8999999762,69aefaccbf52402fcb03f38a,69aefaccbf52402fcb03f38a,advanced,4,69aefaccbf52402fcb03f38a,69aefaccbf52402fcb03f38a,spotlight_PROLIFIC,,36,Chile,Spanish,"Spanish, English, Japanese",Japanese,Spanish:75|English:15|Japanese:10,100,Spanish:50|English:35|Japanese:15,100,Spanish:80|English:10|Japanese:10,100,7,5,Bachelor's,10,10,10,7,7,10,5,22,8,15,Duolingo,130,,,,,17,25,B1,intermediate|advanced,intermediate|advanced,cambridge_15_21_random_intermediate_advanced,4,19,random,,203.265625,784.5,223.265625,854.578125,3,4,,,,,,,,,,,,2026-09-22T16:00:40.289Z,HM6QAFBU,2026-09-22,2026-09-22,13:00:40,2026-09-22 13:00:40,,,,,,,,69aefaccbf52402fcb03f38a,69aefaccbf52402fcb03f38a,,,,
8698,raw_position_sample,2,3,adv,25,4,18,19,30," £40,000 ",811,225,1707549.300000012,69aefaccbf52402fcb03f38a,69aefaccbf52402fcb03f38a,advanced,4,69aefaccbf52402fcb03f38a,69aefaccbf52402fcb03f38a,spotlight_PROLIFIC,,36,Chile,Spanish,"Spanish, English, Japanese",Japanese,Spanish:75|English:15|Japanese:10,100,Spanish:50|English:35|Japanese:15,100,Spanish:80|English:10|Japanese:10,100,7,5,Bachelor's,10,10,10,7,7,10,5,22,8,15,Duolingo,130,,,,,17,25,B1,intermediate|advanced,intermediate|advanced,cambridge_15_21_random_intermediate_advanced,4,19,random,,203.265625,784.5,223.265625,854.578125,3,4,,,,,,,,,,,,2026-09-22T16:00:40.289Z,HM6QAFBU,2026-09-22,2026-09-22,13:00:40,2026-09-22 13:00:40,,,,,,,,69aefaccbf52402fcb03f38a,69aefaccbf52402fcb03f38a,,,,
8750,raw_position_sample,2,3,adv,25,4,18,19,30," £40,000 ",811,225,1707601.3999999762,69aefaccbf52402fcb03f38a,69aefaccbf52402fcb03f38a,advanced,4,69aefaccbf52402fcb03f38a,69aefaccbf52402fcb03f38a,spotlight_PROLIFIC,,36,Chile,Spanish,"Spanish, English, Japanese",Japanese,Spanish:75|English:15|Japanese:10,100,Spanish:50|English:35|Japanese:15,100,Spanish:80|English:10|Japanese:10,100,7,5,Bachelor's,10,10,10,7,7,10,5,22,8,15,Duolingo,130,,,,,17,25,B1,intermediate|advanced,intermediate|advanced,cambridge_15_21_random_intermediate_advanced,4,19,random,,203.265625,784.5,223.265625,854.578125,3,4,,,,,,,,,,,,2026-09-22T16:00:40.289Z,HM6QAFBU,2026-09-22,2026-09-22,13:00:40,2026-09-22 13:00:40,,,,,,,,69aefaccbf52402fcb03f38a,69aefaccbf52402fcb03f38a,,,,
8799,raw_position_sample,2,3,adv,25,4,18,19,30," £40,000 ",811,225,1707650.699999988,69aefaccbf52402fcb03f38a,69aefaccbf52402fcb03f38a,advanced,4,69aefaccbf52402fcb03f38a,69aefaccbf52402fcb03f38a,spotlight_PROLIFIC,,36,Chile,Spanish,"Spanish, English, Japanese",Japanese,Spanish:75|English:15|Japanese:10,100,Spanish:50|English:35|Japanese:15,100,Spanish:80|English:10|Japanese:10,100,7,5,Bachelor's,10,10,10,7,7,10,5,22,8,15,Duolingo,130,,,,,17,25,B1,intermediate|advanced,intermediate|advanced,cambridge_15_21_random_intermediate_advanced,4,19,random,,203.265625,784.5,223.265625,854.578125,3,4,,,,,,,,,,,,2026-09-22T16:00:40.289Z,HM6QAFBU,2026-09-22,2026-09-22,13:00:40,2026-09-22 13:00:40,,,,,,,,69aefaccbf52402fcb03f38a,69aefaccbf52402fcb03f38a,,,,
8836,hover_association,2,3,adv,25,4,18,19,30," £40,000 ",791,225,,69aefaccbf52402fcb03f38a,69aefaccbf52402fcb03f38a,advanced,4,69aefaccbf52402fcb03f38a,69aefaccbf52402fcb03f38a,spotlight_PROLIFIC,,36,Chile,Spanish,"Spanish, English, Japanese",Japanese,Spanish:75|English:15|Japanese:10,100,Spanish:50|English:35|Japanese:15,100,Spanish:80|English:10|Japanese:10,100,7,5,Bachelor's,10,10,10,7,7,10,5,22,8,15,Duolingo,130,,,,,17,25,B1,intermediate|advanced,intermediate|advanced,cambridge_15_21_random_intermediate_advanced,4,19,random,,193.265625,784.5,233.265625,854.578125,3,4,hover,366.7999999523163,366.7999999523163,0.9204013377926421,0.793359375,165,,,,,,2026-09-22T16:00:40.289Z,HM6QAFBU,2026-09-22,2026-09-22,13:00:40,2026-09-22 13:00:40,,,,,,,,69aefaccbf52402fcb03f38a,69aefaccbf52402fcb03f38a,,,,
8849,raw_position_sample,2,3,adv,25,4,18,19,32, year ,876,224,1707700.800000012,69aefaccbf52402fcb03f38a,69aefaccbf52402fcb03f38a,advanced,4,69aefaccbf52402fcb03f38a,69aefaccbf52402fcb03f38a,spotlight_PROLIFIC,,36,Chile,Spanish,"Spanish, English, Japanese",Japanese,Spanish:75|English:15|Japanese:10,100,Spanish:50|English:35|Japanese:15,100,Spanish:80|English:10|Japanese:10,100,7,5,Bachelor's,10,10,10,7,7,10,5,22,8,15,Duolingo,130,,,,,17,25,B1,intermediate|advanced,intermediate|advanced,cambridge_15_21_random_intermediate_advanced,4,19,random,,203.265625,869.59375,223.265625,909.625,3,6,,,,,,,,,,,,2026-09-22T16:00:40.289Z,HM6QAFBU,2026-09-22,2026-09-22,13:00:40,2026-09-22 13:00:40,,,,,,,,69aefaccbf52402fcb03f38a,69aefaccbf52402fcb03f38a,,,,
8900,raw_position_sample,2,3,adv,25,4,18,19,32, year ,901,223,1707751,69aefaccbf52402fcb03f38a,69aefaccbf52402fcb03f38a,advanced,4,69aefaccbf52402fcb03f38a,69aefaccbf52402fcb03f38a,spotlight_PROLIFIC,,36,Chile,Spanish,"Spanish, English, Japanese",Japanese,Spanish:75|English:15|Japanese:10,100,Spanish:50|English:35|Japanese:15,100,Spanish:80|English:10|Japanese:10,100,7,5,Bachelor's,10,10,10,7,7,10,5,22,8,15,Duolingo,130,,,,,17,25,B1,intermediate|advanced,intermediate|advanced,cambridge_15_21_random_intermediate_advanced,4,19,random,,203.265625,869.59375,223.265625,909.625,3,6,,,,,,,,,,,,2026-09-22T16:00:40.289Z,HM6QAFBU,2026-09-22,2026-09-22,13:00:40,2026-09-22 13:00:40,,,,,,,,69aefaccbf52402fcb03f38a,69aefaccbf52402fcb03f38a,,,,
8963,raw_position_sample,2,3,adv,25,4,18,19,32, year ,901,223,1707814.1000000238,69aefaccbf52402fcb03f38a,69aefaccbf52402fcb03f38a,advanced,4,69aefaccbf52402fcb03f38a,69aefaccbf52402fcb03f38a,spotlight_PROLIFIC,,36,Chile,Spanish,"Spanish, English, Japanese",Japanese,Spanish:75|English:15|Japanese:10,100,Spanish:50|English:35|Japanese:15,100,Spanish:80|English:10|Japanese:10,100,7,5,Bachelor's,10,10,10,7,7,10,5,22,8,15,Duolingo,130,,,,,17,25,B1,intermediate|advanced,intermediate|advanced,cambridge_15_21_random_intermediate_advanced,4,19,random,,203.265625,869.59375,223.265625,909.625,3,6,,,,,,,,,,,,2026-09-22T16:00:40.289Z,HM6QAFBU,2026-09-22,2026-09-22,13:00:40,2026-09-22 13:00:40,,,,,,,,69aefaccbf52402fcb03f38a,69aefaccbf52402fcb03f38a,,,,
8999,raw_position_sample,2,3,adv,25,4,18,19,32, year ,901,223,1707850.699999988,69aefaccbf52402fcb03f38a,69aefaccbf52402fcb03f38a,advanced,4,69aefaccbf52402fcb03f38a,69aefaccbf52402fcb03f38a,spotlight_PROLIFIC,,36,Chile,Spanish,"Spanish, English, Japanese",Japanese,Spanish:75|English:15|Japanese:10,100,Spanish:50|English:35|Japanese:15,100,Spanish:80|English:10|Japanese:10,100,7,5,Bachelor's,10,10,10,7,7,10,5,22,8,15,Duolingo,130,,,,,17,25,B1,intermediate|advanced,intermediate|advanced,cambridge_15_21_random_intermediate_advanced,4,19,random,,203.265625,869.59375,223.265625,909.625,3,6,,,,,,,,,,,,2026-09-22T16:00:40.289Z,HM6QAFBU,2026-09-22,2026-09-22,13:00:40,2026-09-22 13:00:40,,,,,,,,69aefaccbf52402fcb03f38a,69aefaccbf52402fcb03f38a,,,,
9049,raw_position_sample,2,3,adv,25,4,18,19,32, year ,901,223,1707900.1000000238,69aefaccbf52402fcb03f38a,69aefaccbf52402fcb03f38a,advanced,4,69aefaccbf52402fcb03f38a,69aefaccbf52402fcb03f38a,spotlight_PROLIFIC,,36,Chile,Spanish,"Spanish, English, Japanese",Japanese,Spanish:75|English:15|Japanese:10,100,Spanish:50|English:35|Japanese:15,100,Spanish:80|English:10|Japanese:10,100,7,5,Bachelor's,10,10,10,7,7,10,5,22,8,15,Duolingo,130,,,,,17,25,B1,intermediate|advanced,intermediate|advanced,cambridge_15_21_random_intermediate_advanced,4,19,random,,203.265625,869.59375,223.265625,909.625,3,6,,,,,,,,,,,,2026-09-22T16:00:40.289Z,HM6QAFBU,2026-09-22,2026-09-22,13:00:40,2026-09-22 13:00:40,,,,,,,,69aefaccbf52402fcb03f38a,69aefaccbf52402fcb03f38a,,,,
9100,raw_position_sample,2,3,adv,25,4,18,19,32, year ,901,223,1707951.199999988,69aefaccbf52402fcb03f38a,69aefaccbf52402fcb03f38a,advanced,4,69aefaccbf52402fcb03f38a,69aefaccbf52402fcb03f38a,spotlight_PROLIFIC,,36,Chile,Spanish,"Spanish, English, Japanese",Japanese,Spanish:75|English:15|Japanese:10,100,Spanish:50|English:35|Japanese:15,100,Spanish:80|English:10|Japanese:10,100,7,5,Bachelor's,10,10,10,7,7,10,5,22,8,15,Duolingo,130,,,,,17,25,B1,intermediate|advanced,intermediate|advanced,cambridge_15_21_random_intermediate_advanced,4,19,random,,203.265625,869.59375,223.265625,909.625,3,6,,,,,,,,,,,,2026-09-22T16:00:40.289Z,HM6QAFBU,2026-09-22,2026-09-22,13:00:40,2026-09-22 13:00:40,,,,,,,,69aefaccbf52402fcb03f38a,69aefaccbf52402fcb03f38a,,,,
9133,hover_association,2,3,adv,25,4,18,19,32, year ,876,224,,69aefaccbf52402fcb03f38a,69aefaccbf52402fcb03f38a,advanced,4,69aefaccbf52402fcb03f38a,69aefaccbf52402fcb03f38a,spotlight_PROLIFIC,,36,Chile,Spanish,"Spanish, English, Japanese",Japanese,Spanish:75|English:15|Japanese:10,100,Spanish:50|English:35|Japanese:15,100,Spanish:80|English:10|Japanese:10,100,7,5,Bachelor's,10,10,10,7,7,10,5,22,8,15,Duolingo,130,,,,,17,25,B1,intermediate|advanced,intermediate|advanced,cambridge_15_21_random_intermediate_advanced,4,19,random,,193.265625,869.59375,233.265625,909.625,3,6,hover,299.2000000476837,299.2000000476837,0.8095238095238095,0.743359375,165,,,,,,2026-09-22T16:00:40.289Z,HM6QAFBU,2026-09-22,2026-09-22,13:00:40,2026-09-22 13:00:40,,,,,,,,69aefaccbf52402fcb03f38a,69aefaccbf52402fcb03f38a,,,,
9156,raw_position_sample,2,3,adv,25,4,18,19,34, that ,957,221,1708007.300000012,69aefaccbf52402fcb03f38a,69aefaccbf52402fcb03f38a,advanced,4,69aefaccbf52402fcb03f38a,69aefaccbf52402fcb03f38a,spotlight_PROLIFIC,,36,Chile,Spanish,"Spanish, English, Japanese",Japanese,Spanish:75|English:15|Japanese:10,100,Spanish:50|English:35|Japanese:15,100,Spanish:80|English:10|Japanese:10,100,7,5,Bachelor's,10,10,10,7,7,10,5,22,8,15,Duolingo,130,,,,,17,25,B1,intermediate|advanced,intermediate|advanced,cambridge_15_21_random_intermediate_advanced,4,19,random,,203.265625,944.671875,223.265625,979.703125,3,8,,,,,,,,,,,,2026-09-22T16:00:40.289Z,HM6QAFBU,2026-09-22,2026-09-22,13:00:40,2026-09-22 13:00:40,,,,,,,,69aefaccbf52402fcb03f38a,69aefaccbf52402fcb03f38a,,,,
9168,hover_association,2,3,adv,25,4,18,19,34, that ,946,223,,69aefaccbf52402fcb03f38a,69aefaccbf52402fcb03f38a,advanced,4,69aefaccbf52402fcb03f38a,69aefaccbf52402fcb03f38a,spotlight_PROLIFIC,,36,Chile,Spanish,"Spanish, English, Japanese",Japanese,Spanish:75|English:15|Japanese:10,100,Spanish:50|English:35|Japanese:15,100,Spanish:80|English:10|Japanese:10,100,7,5,Bachelor's,10,10,10,7,7,10,5,22,8,15,Duolingo,130,,,,,17,25,B1,intermediate|advanced,intermediate|advanced,cambridge_15_21_random_intermediate_advanced,4,19,random,,193.265625,944.671875,233.265625,979.703125,3,8,hover,34,34,0.3519179304192685,0.693359375,165,,,,,,2026-09-22T16:00:40.289Z,HM6QAFBU,2026-09-22,2026-09-22,13:00:40,2026-09-22 13:00:40,,,,,,,,69aefaccbf52402fcb03f38a,69aefaccbf52402fcb03f38a,,,,
9203,raw_position_sample,2,3,adv,25,4,18,19,35, doesn’t ,999,219,1708054,69aefaccbf52402fcb03f38a,69aefaccbf52402fcb03f38a,advanced,4,69aefaccbf52402fcb03f38a,69aefaccbf52402fcb03f38a,spotlight_PROLIFIC,,36,Chile,Spanish,"Spanish, English, Japanese",Japanese,Spanish:75|English:15|Japanese:10,100,Spanish:50|English:35|Japanese:15,100,Spanish:80|English:10|Japanese:10,100,7,5,Bachelor's,10,10,10,7,7,10,5,22,8,15,Duolingo,130,,,,,17,25,B1,intermediate|advanced,intermediate|advanced,cambridge_15_21_random_intermediate_advanced,4,19,random,,203.265625,979.703125,223.265625,1042.75,3,9,,,,,,,,,,,,2026-09-22T16:00:40.289Z,HM6QAFBU,2026-09-22,2026-09-22,13:00:40,2026-09-22 13:00:40,,,,,,,,69aefaccbf52402fcb03f38a,69aefaccbf52402fcb03f38a,,,,
9247,raw_position_sample,2,3,adv,25,4,18,19,35, doesn’t ,1000,219,1708098.800000012,69aefaccbf52402fcb03f38a,69aefaccbf52402fcb03f38a,advanced,4,69aefaccbf52402fcb03f38a,69aefaccbf52402fcb03f38a,spotlight_PROLIFIC,,36,Chile,Spanish,"Spanish, English, Japanese",Japanese,Spanish:75|English:15|Japanese:10,100,Spanish:50|English:35|Japanese:15,100,Spanish:80|English:10|Japanese:10,100,7,5,Bachelor's,10,10,10,7,7,10,5,22,8,15,Duolingo,130,,,,,17,25,B1,intermediate|advanced,intermediate|advanced,cambridge_15_21_random_intermediate_advanced,4,19,random,,203.265625,979.703125,223.265625,1042.75,3,9,,,,,,,,,,,,2026-09-22T16:00:40.289Z,HM6QAFBU,2026-09-22,2026-09-22,13:00:40,2026-09-22 13:00:40,,,,,,,,69aefaccbf52402fcb03f38a,69aefaccbf52402fcb03f38a,,,,
9299,raw_position_sample,2,3,adv,25,4,18,19,35, doesn’t ,1000,219,1708150.6000000238,69aefaccbf52402fcb03f38a,69aefaccbf52402fcb03f38a,advanced,4,69aefaccbf52402fcb03f38a,69aefaccbf52402fcb03f38a,spotlight_PROLIFIC,,36,Chile,Spanish,"Spanish, English, Japanese",Japanese,Spanish:75|English:15|Japanese:10,100,Spanish:50|English:35|Japanese:15,100,Spanish:80|English:10|Japanese:10,100,7,5,Bachelor's,10,10,10,7,7,10,5,22,8,15,Duolingo,130,,,,,17,25,B1,intermediate|advanced,intermediate|advanced,cambridge_15_21_random_intermediate_advanced,4,19,random,,203.265625,979.703125,223.265625,1042.75,3,9,,,,,,,,,,,,2026-09-22T16:00:40.289Z,HM6QAFBU,2026-09-22,2026-09-22,13:00:40,2026-09-22 13:00:40,,,,,,,,69aefaccbf52402fcb03f38a,69aefaccbf52402fcb03f38a,,,,
9351,raw_position_sample,2,3,adv,25,4,18,19,35, doesn’t ,1000,219,1708202.199999988,69aefaccbf52402fcb03f38a,69aefaccbf52402fcb03f38a,advanced,4,69aefaccbf52402fcb03f38a,69aefaccbf52402fcb03f38a,spotlight_PROLIFIC,,36,Chile,Spanish,"Spanish, English, Japanese",Japanese,Spanish:75|English:15|Japanese:10,100,Spanish:50|English:35|Japanese:15,100,Spanish:80|English:10|Japanese:10,100,7,5,Bachelor's,10,10,10,7,7,10,5,22,8,15,Duolingo,130,,,,,17,25,B1,intermediate|advanced,intermediate|advanced,cambridge_15_21_random_intermediate_advanced,4,19,random,,203.265625,979.703125,223.265625,1042.75,3,9,,,,,,,,,,,,2026-09-22T16:00:40.289Z,HM6QAFBU,2026-09-22,2026-09-22,13:00:40,2026-09-22 13:00:40,,,,,,,,69aefaccbf52402fcb03f38a,69aefaccbf52402fcb03f38a,,,,
9398,raw_position_sample,2,3,adv,25,4,18,19,35, doesn’t ,1000,219,1708249.3999999762,69aefaccbf52402fcb03f38a,69aefaccbf52402fcb03f38a,advanced,4,69aefaccbf52402fcb03f38a,69aefaccbf52402fcb03f38a,spotlight_PROLIFIC,,36,Chile,Spanish,"Spanish, English, Japanese",Japanese,Spanish:75|English:15|Japanese:10,100,Spanish:50|English:35|Japanese:15,100,Spanish:80|English:10|Japanese:10,100,7,5,Bachelor's,10,10,10,7,7,10,5,22,8,15,Duolingo,130,,,,,17,25,B1,intermediate|advanced,intermediate|advanced,cambridge_15_21_random_intermediate_advanced,4,19,random,,203.265625,979.703125,223.265625,1042.75,3,9,,,,,,,,,,,,2026-09-22T16:00:40.289Z,HM6QAFBU,2026-09-22,2026-09-22,13:00:40,2026-09-22 13:00:40,,,,,,,,69aefaccbf52402fcb03f38a,69aefaccbf52402fcb03f38a,,,,
9454,raw_position_sample,2,3,adv,25,4,18,19,35, doesn’t ,1039,214,1708305.199999988,69aefaccbf52402fcb03f38a,69aefaccbf52402fcb03f38a,advanced,4,69aefaccbf52402fcb03f38a,69aefaccbf52402fcb03f38a,spotlight_PROLIFIC,,36,Chile,Spanish,"Spanish, English, Japanese",Japanese,Spanish:75|English:15|Japanese:10,100,Spanish:50|English:35|Japanese:15,100,Spanish:80|English:10|Japanese:10,100,7,5,Bachelor's,10,10,10,7,7,10,5,22,8,15,Duolingo,130,,,,,17,25,B1,intermediate|advanced,intermediate|advanced,cambridge_15_21_random_intermediate_advanced,4,19,random,,203.265625,979.703125,223.265625,1042.75,3,9,,,,,,,,,,,,2026-09-22T16:00:40.289Z,HM6QAFBU,2026-09-22,2026-09-22,13:00:40,2026-09-22 13:00:40,,,,,,,,69aefaccbf52402fcb03f38a,69aefaccbf52402fcb03f38a,,,,
9468,hover_association,2,3,adv,25,4,18,19,35, doesn’t ,985,219,,69aefaccbf52402fcb03f38a,69aefaccbf52402fcb03f38a,advanced,4,69aefaccbf52402fcb03f38a,69aefaccbf52402fcb03f38a,spotlight_PROLIFIC,,36,Chile,Spanish,"Spanish, English, Japanese",Japanese,Spanish:75|English:15|Japanese:10,100,Spanish:50|English:35|Japanese:15,100,Spanish:80|English:10|Japanese:10,100,7,5,Bachelor's,10,10,10,7,7,10,5,22,8,15,Duolingo,130,,,,,17,25,B1,intermediate|advanced,intermediate|advanced,cambridge_15_21_random_intermediate_advanced,4,19,random,,193.265625,979.703125,233.265625,1042.75,3,9,hover,300,300,0.9405204460966543,0.518359375,165,,,,,,2026-09-22T16:00:40.289Z,HM6QAFBU,2026-09-22,2026-09-22,13:00:40,2026-09-22 13:00:40,,,,,,,,69aefaccbf52402fcb03f38a,69aefaccbf52402fcb03f38a,,,,
9502,raw_position_sample,2,3,adv,25,4,18,19,36, include ,1063,211,1708353.6000000238,69aefaccbf52402fcb03f38a,69aefaccbf52402fcb03f38a,advanced,4,69aefaccbf52402fcb03f38a,69aefaccbf52402fcb03f38a,spotlight_PROLIFIC,,36,Chile,Spanish,"Spanish, English, Japanese",Japanese,Spanish:75|English:15|Japanese:10,100,Spanish:50|English:35|Japanese:15,100,Spanish:80|English:10|Japanese:10,100,7,5,Bachelor's,10,10,10,7,7,10,5,22,8,15,Duolingo,130,,,,,17,25,B1,intermediate|advanced,intermediate|advanced,cambridge_15_21_random_intermediate_advanced,4,19,random,,203.265625,1042.75,223.265625,1104.796875,3,10,,,,,,,,,,,,2026-09-22T16:00:40.289Z,HM6QAFBU,2026-09-22,2026-09-22,13:00:40,2026-09-22 13:00:40,,,,,,,,69aefaccbf52402fcb03f38a,69aefaccbf52402fcb03f38a,,,,
9554,raw_position_sample,2,3,adv,25,4,18,19,36, include ,1081,210,1708405.3999999762,69aefaccbf52402fcb03f38a,69aefaccbf52402fcb03f38a,advanced,4,69aefaccbf52402fcb03f38a,69aefaccbf52402fcb03f38a,spotlight_PROLIFIC,,36,Chile,Spanish,"Spanish, English, Japanese",Japanese,Spanish:75|English:15|Japanese:10,100,Spanish:50|English:35|Japanese:15,100,Spanish:80|English:10|Japanese:10,100,7,5,Bachelor's,10,10,10,7,7,10,5,22,8,15,Duolingo,130,,,,,17,25,B1,intermediate|advanced,intermediate|advanced,cambridge_15_21_random_intermediate_advanced,4,19,random,,203.265625,1042.75,223.265625,1104.796875,3,10,,,,,,,,,,,,2026-09-22T16:00:40.289Z,HM6QAFBU,2026-09-22,2026-09-22,13:00:40,2026-09-22 13:00:40,,,,,,,,69aefaccbf52402fcb03f38a,69aefaccbf52402fcb03f38a,,,,
9602,raw_position_sample,2,3,adv,25,4,18,19,36, include ,1092,209,1708453,69aefaccbf52402fcb03f38a,69aefaccbf52402fcb03f38a,advanced,4,69aefaccbf52402fcb03f38a,69aefaccbf52402fcb03f38a,spotlight_PROLIFIC,,36,Chile,Spanish,"Spanish, English, Japanese",Japanese,Spanish:75|English:15|Japanese:10,100,Spanish:50|English:35|Japanese:15,100,Spanish:80|English:10|Japanese:10,100,7,5,Bachelor's,10,10,10,7,7,10,5,22,8,15,Duolingo,130,,,,,17,25,B1,intermediate|advanced,intermediate|advanced,cambridge_15_21_random_intermediate_advanced,4,19,random,,203.265625,1042.75,223.265625,1104.796875,3,10,,,,,,,,,,,,2026-09-22T16:00:40.289Z,HM6QAFBU,2026-09-22,2026-09-22,13:00:40,2026-09-22 13:00:40,,,,,,,,69aefaccbf52402fcb03f38a,69aefaccbf52402fcb03f38a,,,,
9652,hover_association,2,3,adv,25,4,18,19,36, include ,1048,213,,69aefaccbf52402fcb03f38a,69aefaccbf52402fcb03f38a,advanced,4,69aefaccbf52402fcb03f38a,69aefaccbf52402fcb03f38a,spotlight_PROLIFIC,,36,Chile,Spanish,"Spanish, English, Japanese",Japanese,Spanish:75|English:15|Japanese:10,100,Spanish:50|English:35|Japanese:15,100,Spanish:80|English:10|Japanese:10,100,7,5,Bachelor's,10,10,10,7,7,10,5,22,8,15,Duolingo,130,,,,,17,25,B1,intermediate|advanced,intermediate|advanced,cambridge_15_21_random_intermediate_advanced,4,19,random,,193.265625,1042.75,233.265625,1104.796875,3,10,hover,183.69999998807907,183.69999998807907,0.9549231931503399,0.393359375,165,,,,,,2026-09-22T16:00:40.289Z,HM6QAFBU,2026-09-22,2026-09-22,13:00:40,2026-09-22 13:00:40,,,,,,,,69aefaccbf52402fcb03f38a,69aefaccbf52402fcb03f38a,,,,
9657,raw_position_sample,2,3,adv,25,4,18,19,37, all ,1113,207,1708508.3999999762,69aefaccbf52402fcb03f38a,69aefaccbf52402fcb03f38a,advanced,4,69aefaccbf52402fcb03f38a,69aefaccbf52402fcb03f38a,spotlight_PROLIFIC,,36,Chile,Spanish,"Spanish, English, Japanese",Japanese,Spanish:75|English:15|Japanese:10,100,Spanish:50|English:35|Japanese:15,100,Spanish:80|English:10|Japanese:10,100,7,5,Bachelor's,10,10,10,7,7,10,5,22,8,15,Duolingo,130,,,,,17,25,B1,intermediate|advanced,intermediate|advanced,cambridge_15_21_random_intermediate_advanced,4,19,random,,203.265625,1104.796875,223.265625,1127.8125,3,11,,,,,,,,,,,,2026-09-22T16:00:40.289Z,HM6QAFBU,2026-09-22,2026-09-22,13:00:40,2026-09-22 13:00:40,,,,,,,,69aefaccbf52402fcb03f38a,69aefaccbf52402fcb03f38a,,,,
9685,hover_association,2,3,adv,25,4,18,19,37, all ,1113,207,,69aefaccbf52402fcb03f38a,69aefaccbf52402fcb03f38a,advanced,4,69aefaccbf52402fcb03f38a,69aefaccbf52402fcb03f38a,spotlight_PROLIFIC,,36,Chile,Spanish,"Spanish, English, Japanese",Japanese,Spanish:75|English:15|Japanese:10,100,Spanish:50|English:35|Japanese:15,100,Spanish:80|English:10|Japanese:10,100,7,5,Bachelor's,10,10,10,7,7,10,5,22,8,15,Duolingo,130,,,,,17,25,B1,intermediate|advanced,intermediate|advanced,cambridge_15_21_random_intermediate_advanced,4,19,random,,193.265625,1104.796875,233.265625,1127.8125,3,11,hover,33.30000001192093,33.30000001192093,0.6171079429735234,0.343359375,165,,,,,,2026-09-22T16:00:40.289Z,HM6QAFBU,2026-09-22,2026-09-22,13:00:40,2026-09-22 13:00:40,,,,,,,,69aefaccbf52402fcb03f38a,69aefaccbf52402fcb03f38a,,,,
9705,raw_position_sample,2,3,adv,25,4,18,19,38, the ,1137,206,1708556.199999988,69aefaccbf52402fcb03f38a,69aefaccbf52402fcb03f38a,advanced,4,69aefaccbf52402fcb03f38a,69aefaccbf52402fcb03f38a,spotlight_PROLIFIC,,36,Chile,Spanish,"Spanish, English, Japanese",Japanese,Spanish:75|English:15|Japanese:10,100,Spanish:50|English:35|Japanese:15,100,Spanish:80|English:10|Japanese:10,100,7,5,Bachelor's,10,10,10,7,7,10,5,22,8,15,Duolingo,130,,,,,17,25,B1,intermediate|advanced,intermediate|advanced,cambridge_15_21_random_intermediate_advanced,4,19,random,,203.265625,1127.8125,223.265625,1157.84375,3,12,,,,,,,,,,,,2026-09-22T16:00:40.289Z,HM6QAFBU,2026-09-22,2026-09-22,13:00:40,2026-09-22 13:00:40,,,,,,,,69aefaccbf52402fcb03f38a,69aefaccbf52402fcb03f38a,,,,
9751,hover_association,2,3,adv,25,4,18,19,38, the ,1128,206,,69aefaccbf52402fcb03f38a,69aefaccbf52402fcb03f38a,advanced,4,69aefaccbf52402fcb03f38a,69aefaccbf52402fcb03f38a,spotlight_PROLIFIC,,36,Chile,Spanish,"Spanish, English, Japanese",Japanese,Spanish:75|English:15|Japanese:10,100,Spanish:50|English:35|Japanese:15,100,Spanish:80|English:10|Japanese:10,100,7,5,Bachelor's,10,10,10,7,7,10,5,22,8,15,Duolingo,130,,,,,17,25,B1,intermediate|advanced,intermediate|advanced,cambridge_15_21_random_intermediate_advanced,4,19,random,,193.265625,1127.8125,233.265625,1157.84375,3,12,hover,66.19999998807907,66.19999998807907,0.9386056191467221,0.268359375,165,,,,,,2026-09-22T16:00:40.289Z,HM6QAFBU,2026-09-22,2026-09-22,13:00:40,2026-09-22 13:00:40,,,,,,,,69aefaccbf52402fcb03f38a,69aefaccbf52402fcb03f38a,,,,
9755,raw_position_sample,2,3,adv,25,4,18,19,39, freebies ,1170,204,1708606.3999999762,69aefaccbf52402fcb03f38a,69aefaccbf52402fcb03f38a,advanced,4,69aefaccbf52402fcb03f38a,69aefaccbf52402fcb03f38a,spotlight_PROLIFIC,,36,Chile,Spanish,"Spanish, English, Japanese",Japanese,Spanish:75|English:15|Japanese:10,100,Spanish:50|English:35|Japanese:15,100,Spanish:80|English:10|Japanese:10,100,7,5,Bachelor's,10,10,10,7,7,10,5,22,8,15,Duolingo,130,,,,,17,25,B1,intermediate|advanced,intermediate|advanced,cambridge_15_21_random_intermediate_advanced,4,19,random,,203.265625,1157.84375,223.265625,1226.890625,3,13,,,,,,,,,,,,2026-09-22T16:00:40.289Z,HM6QAFBU,2026-09-22,2026-09-22,13:00:40,2026-09-22 13:00:40,,,,,,,,69aefaccbf52402fcb03f38a,69aefaccbf52402fcb03f38a,,,,
9805,raw_position_sample,2,3,adv,25,4,18,19,39, freebies ,1192,203,1708656.6000000238,69aefaccbf52402fcb03f38a,69aefaccbf52402fcb03f38a,advanced,4,69aefaccbf52402fcb03f38a,69aefaccbf52402fcb03f38a,spotlight_PROLIFIC,,36,Chile,Spanish,"Spanish, English, Japanese",Japanese,Spanish:75|English:15|Japanese:10,100,Spanish:50|English:35|Japanese:15,100,Spanish:80|English:10|Japanese:10,100,7,5,Bachelor's,10,10,10,7,7,10,5,22,8,15,Duolingo,130,,,,,17,25,B1,intermediate|advanced,intermediate|advanced,cambridge_15_21_random_intermediate_advanced,4,19,random,,203.265625,1157.84375,223.265625,1226.890625,3,13,,,,,,,,,,,,2026-09-22T16:00:40.289Z,HM6QAFBU,2026-09-22,2026-09-22,13:00:40,2026-09-22 13:00:40,,,,,,,,69aefaccbf52402fcb03f38a,69aefaccbf52402fcb03f38a,,,,
9855,raw_position_sample,2,3,adv,25,4,18,19,39, freebies ,1210,200,1708706.300000012,69aefaccbf52402fcb03f38a,69aefaccbf52402fcb03f38a,advanced,4,69aefaccbf52402fcb03f38a,69aefaccbf52402fcb03f38a,spotlight_PROLIFIC,,36,Chile,Spanish,"Spanish, English, Japanese",Japanese,Spanish:75|English:15|Japanese:10,100,Spanish:50|English:35|Japanese:15,100,Spanish:80|English:10|Japanese:10,100,7,5,Bachelor's,10,10,10,7,7,10,5,22,8,15,Duolingo,130,,,,,17,25,B1,intermediate|advanced,intermediate|advanced,cambridge_15_21_random_intermediate_advanced,4,19,random,,203.265625,1157.84375,223.265625,1226.890625,3,13,,,,,,,,,,,,2026-09-22T16:00:40.289Z,HM6QAFBU,2026-09-22,2026-09-22,13:00:40,2026-09-22 13:00:40,,,,,,,,69aefaccbf52402fcb03f38a,69aefaccbf52402fcb03f38a,,,,
9905,raw_position_sample,2,3,adv,25,4,18,19,39, freebies ,1224,200,1708756.1000000238,69aefaccbf52402fcb03f38a,69aefaccbf52402fcb03f38a,advanced,4,69aefaccbf52402fcb03f38a,69aefaccbf52402fcb03f38a,spotlight_PROLIFIC,,36,Chile,Spanish,"Spanish, English, Japanese",Japanese,Spanish:75|English:15|Japanese:10,100,Spanish:50|English:35|Japanese:15,100,Spanish:80|English:10|Japanese:10,100,7,5,Bachelor's,10,10,10,7,7,10,5,22,8,15,Duolingo,130,,,,,17,25,B1,intermediate|advanced,intermediate|advanced,cambridge_15_21_random_intermediate_advanced,4,19,random,,203.265625,1157.84375,223.265625,1226.890625,3,13,,,,,,,,,,,,2026-09-22T16:00:40.289Z,HM6QAFBU,2026-09-22,2026-09-22,13:00:40,2026-09-22 13:00:40,,,,,,,,69aefaccbf52402fcb03f38a,69aefaccbf52402fcb03f38a,,,,
9934,hover_association,2,3,adv,25,4,18,19,39, freebies ,1170,204,,69aefaccbf52402fcb03f38a,69aefaccbf52402fcb03f38a,advanced,4,69aefaccbf52402fcb03f38a,69aefaccbf52402fcb03f38a,spotlight_PROLIFIC,,36,Chile,Spanish,"Spanish, English, Japanese",Japanese,Spanish:75|English:15|Japanese:10,100,Spanish:50|English:35|Japanese:15,100,Spanish:80|English:10|Japanese:10,100,7,5,Bachelor's,10,10,10,7,7,10,5,22,8,15,Duolingo,130,,,,,17,25,B1,intermediate|advanced,intermediate|advanced,cambridge_15_21_random_intermediate_advanced,4,19,random,,193.265625,1157.84375,233.265625,1226.890625,3,13,hover,183.0999999642372,183.0999999642372,0.9871011541072641,0.168359375,165,,,,,,2026-09-22T16:00:40.289Z,HM6QAFBU,2026-09-22,2026-09-22,13:00:40,2026-09-22 13:00:40,,,,,,,,69aefaccbf52402fcb03f38a,69aefaccbf52402fcb03f38a,,,,
9955,raw_position_sample,2,3,adv,25,4,18,19,40, she ,1228,200,1708805.8999999762,69aefaccbf52402fcb03f38a,69aefaccbf52402fcb03f38a,advanced,4,69aefaccbf52402fcb03f38a,69aefaccbf52402fcb03f38a,spotlight_PROLIFIC,,36,Chile,Spanish,"Spanish, English, Japanese",Japanese,Spanish:75|English:15|Japanese:10,100,Spanish:50|English:35|Japanese:15,100,Spanish:80|English:10|Japanese:10,100,7,5,Bachelor's,10,10,10,7,7,10,5,22,8,15,Duolingo,130,,,,,17,25,B1,intermediate|advanced,intermediate|advanced,cambridge_15_21_random_intermediate_advanced,4,19,random,,203.265625,1226.890625,223.265625,1255.921875,3,14,,,,,,,,,,,,2026-09-22T16:00:40.289Z,HM6QAFBU,2026-09-22,2026-09-22,13:00:40,2026-09-22 13:00:40,,,,,,,,69aefaccbf52402fcb03f38a,69aefaccbf52402fcb03f38a,,,,
9998,raw_position_sample,2,3,adv,25,4,18,19,40, she ,1229,200,1708849.699999988,69aefaccbf52402fcb03f38a,69aefaccbf52402fcb03f38a,advanced,4,69aefaccbf52402fcb03f38a,69aefaccbf52402fcb03f38a,spotlight_PROLIFIC,,36,Chile,Spanish,"Spanish, English, Japanese",Japanese,Spanish:75|English:15|Japanese:10,100,Spanish:50|English:35|Japanese:15,100,Spanish:80|English:10|Japanese:10,100,7,5,Bachelor's,10,10,10,7,7,10,5,22,8,15,Duolingo,130,,,,,17,25,B1,intermediate|advanced,intermediate|advanced,cambridge_15_21_random_intermediate_advanced,4,19,random,,203.265625,1226.890625,223.265625,1255.921875,3,14,,,,,,,,,,,,2026-09-22T16:00:40.289Z,HM6QAFBU,2026-09-22,2026-09-22,13:00:40,2026-09-22 13:00:40,,,,,,,,69aefaccbf52402fcb03f38a,69aefaccbf52402fcb03f38a,,,,
10051,raw_position_sample,2,3,adv,25,4,18,19,40, she ,1234,200,1708902,69aefaccbf52402fcb03f38a,69aefaccbf52402fcb03f38a,advanced,4,69aefaccbf52402fcb03f38a,69aefaccbf52402fcb03f38a,spotlight_PROLIFIC,,36,Chile,Spanish,"Spanish, English, Japanese",Japanese,Spanish:75|English:15|Japanese:10,100,Spanish:50|English:35|Japanese:15,100,Spanish:80|English:10|Japanese:10,100,7,5,Bachelor's,10,10,10,7,7,10,5,22,8,15,Duolingo,130,,,,,17,25,B1,intermediate|advanced,intermediate|advanced,cambridge_15_21_random_intermediate_advanced,4,19,random,,203.265625,1226.890625,223.265625,1255.921875,3,14,,,,,,,,,,,,2026-09-22T16:00:40.289Z,HM6QAFBU,2026-09-22,2026-09-22,13:00:40,2026-09-22 13:00:40,,,,,,,,69aefaccbf52402fcb03f38a,69aefaccbf52402fcb03f38a,,,,
10105,raw_position_sample,2,3,adv,25,4,18,19,40, she ,1238,200,1708956.199999988,69aefaccbf52402fcb03f38a,69aefaccbf52402fcb03f38a,advanced,4,69aefaccbf52402fcb03f38a,69aefaccbf52402fcb03f38a,spotlight_PROLIFIC,,36,Chile,Spanish,"Spanish, English, Japanese",Japanese,Spanish:75|English:15|Japanese:10,100,Spanish:50|English:35|Japanese:15,100,Spanish:80|English:10|Japanese:10,100,7,5,Bachelor's,10,10,10,7,7,10,5,22,8,15,Duolingo,130,,,,,17,25,B1,intermediate|advanced,intermediate|advanced,cambridge_15_21_random_intermediate_advanced,4,19,random,,203.265625,1226.890625,223.265625,1255.921875,3,14,,,,,,,,,,,,2026-09-22T16:00:40.289Z,HM6QAFBU,2026-09-22,2026-09-22,13:00:40,2026-09-22 13:00:40,,,,,,,,69aefaccbf52402fcb03f38a,69aefaccbf52402fcb03f38a,,,,
10148,raw_position_sample,2,3,adv,25,4,18,19,40, she ,1239,200,1708999.8999999762,69aefaccbf52402fcb03f38a,69aefaccbf52402fcb03f38a,advanced,4,69aefaccbf52402fcb03f38a,69aefaccbf52402fcb03f38a,spotlight_PROLIFIC,,36,Chile,Spanish,"Spanish, English, Japanese",Japanese,Spanish:75|English:15|Japanese:10,100,Spanish:50|English:35|Japanese:15,100,Spanish:80|English:10|Japanese:10,100,7,5,Bachelor's,10,10,10,7,7,10,5,22,8,15,Duolingo,130,,,,,17,25,B1,intermediate|advanced,intermediate|advanced,cambridge_15_21_random_intermediate_advanced,4,19,random,,203.265625,1226.890625,223.265625,1255.921875,3,14,,,,,,,,,,,,2026-09-22T16:00:40.289Z,HM6QAFBU,2026-09-22,2026-09-22,13:00:40,2026-09-22 13:00:40,,,,,,,,69aefaccbf52402fcb03f38a,69aefaccbf52402fcb03f38a,,,,
10202,raw_position_sample,2,3,adv,25,4,18,19,40, she ,1249,200,1709053,69aefaccbf52402fcb03f38a,69aefaccbf52402fcb03f38a,advanced,4,69aefaccbf52402fcb03f38a,69aefaccbf52402fcb03f38a,spotlight_PROLIFIC,,36,Chile,Spanish,"Spanish, English, Japanese",Japanese,Spanish:75|English:15|Japanese:10,100,Spanish:50|English:35|Japanese:15,100,Spanish:80|English:10|Japanese:10,100,7,5,Bachelor's,10,10,10,7,7,10,5,22,8,15,Duolingo,130,,,,,17,25,B1,intermediate|advanced,intermediate|advanced,cambridge_15_21_random_intermediate_advanced,4,19,random,,203.265625,1226.890625,223.265625,1255.921875,3,14,,,,,,,,,,,,2026-09-22T16:00:40.289Z,HM6QAFBU,2026-09-22,2026-09-22,13:00:40,2026-09-22 13:00:40,,,,,,,,69aefaccbf52402fcb03f38a,69aefaccbf52402fcb03f38a,,,,
10247,raw_position_sample,2,3,adv,25,4,18,19,40, she ,1251,200,1709098.199999988,69aefaccbf52402fcb03f38a,69aefaccbf52402fcb03f38a,advanced,4,69aefaccbf52402fcb03f38a,69aefaccbf52402fcb03f38a,spotlight_PROLIFIC,,36,Chile,Spanish,"Spanish, English, Japanese",Japanese,Spanish:75|English:15|Japanese:10,100,Spanish:50|English:35|Japanese:15,100,Spanish:80|English:10|Japanese:10,100,7,5,Bachelor's,10,10,10,7,7,10,5,22,8,15,Duolingo,130,,,,,17,25,B1,intermediate|advanced,intermediate|advanced,cambridge_15_21_random_intermediate_advanced,4,19,random,,203.265625,1226.890625,223.265625,1255.921875,3,14,,,,,,,,,,,,2026-09-22T16:00:40.289Z,HM6QAFBU,2026-09-22,2026-09-22,13:00:40,2026-09-22 13:00:40,,,,,,,,69aefaccbf52402fcb03f38a,69aefaccbf52402fcb03f38a,,,,
10306,raw_position_sample,2,3,adv,25,4,18,19,40, she ,1258,201,1709157.199999988,69aefaccbf52402fcb03f38a,69aefaccbf52402fcb03f38a,advanced,4,69aefaccbf52402fcb03f38a,69aefaccbf52402fcb03f38a,spotlight_PROLIFIC,,36,Chile,Spanish,"Spanish, English, Japanese",Japanese,Spanish:75|English:15|Japanese:10,100,Spanish:50|English:35|Japanese:15,100,Spanish:80|English:10|Japanese:10,100,7,5,Bachelor's,10,10,10,7,7,10,5,22,8,15,Duolingo,130,,,,,17,25,B1,intermediate|advanced,intermediate|advanced,cambridge_15_21_random_intermediate_advanced,4,19,random,,203.265625,1226.890625,223.265625,1255.921875,3,14,,,,,,,,,,,,2026-09-22T16:00:40.289Z,HM6QAFBU,2026-09-22,2026-09-22,13:00:40,2026-09-22 13:00:40,,,,,,,,69aefaccbf52402fcb03f38a,69aefaccbf52402fcb03f38a,,,,
10352,raw_position_sample,2,3,adv,25,4,18,19,40, she ,1259,201,1709203,69aefaccbf52402fcb03f38a,69aefaccbf52402fcb03f38a,advanced,4,69aefaccbf52402fcb03f38a,69aefaccbf52402fcb03f38a,spotlight_PROLIFIC,,36,Chile,Spanish,"Spanish, English, Japanese",Japanese,Spanish:75|English:15|Japanese:10,100,Spanish:50|English:35|Japanese:15,100,Spanish:80|English:10|Japanese:10,100,7,5,Bachelor's,10,10,10,7,7,10,5,22,8,15,Duolingo,130,,,,,17,25,B1,intermediate|advanced,intermediate|advanced,cambridge_15_21_random_intermediate_advanced,4,19,random,,203.265625,1226.890625,223.265625,1255.921875,3,14,,,,,,,,,,,,2026-09-22T16:00:40.289Z,HM6QAFBU,2026-09-22,2026-09-22,13:00:40,2026-09-22 13:00:40,,,,,,,,69aefaccbf52402fcb03f38a,69aefaccbf52402fcb03f38a,,,,
10402,raw_position_sample,2,3,adv,25,4,18,19,40, she ,1259,201,1709253.3999999762,69aefaccbf52402fcb03f38a,69aefaccbf52402fcb03f38a,advanced,4,69aefaccbf52402fcb03f38a,69aefaccbf52402fcb03f38a,spotlight_PROLIFIC,,36,Chile,Spanish,"Spanish, English, Japanese",Japanese,Spanish:75|English:15|Japanese:10,100,Spanish:50|English:35|Japanese:15,100,Spanish:80|English:10|Japanese:10,100,7,5,Bachelor's,10,10,10,7,7,10,5,22,8,15,Duolingo,130,,,,,17,25,B1,intermediate|advanced,intermediate|advanced,cambridge_15_21_random_intermediate_advanced,4,19,random,,203.265625,1226.890625,223.265625,1255.921875,3,14,,,,,,,,,,,,2026-09-22T16:00:40.289Z,HM6QAFBU,2026-09-22,2026-09-22,13:00:40,2026-09-22 13:00:40,,,,,,,,69aefaccbf52402fcb03f38a,69aefaccbf52402fcb03f38a,,,,
10449,raw_position_sample,2,3,adv,25,4,18,19,40, she ,1259,201,1709300.3999999762,69aefaccbf52402fcb03f38a,69aefaccbf52402fcb03f38a,advanced,4,69aefaccbf52402fcb03f38a,69aefaccbf52402fcb03f38a,spotlight_PROLIFIC,,36,Chile,Spanish,"Spanish, English, Japanese",Japanese,Spanish:75|English:15|Japanese:10,100,Spanish:50|English:35|Japanese:15,100,Spanish:80|English:10|Japanese:10,100,7,5,Bachelor's,10,10,10,7,7,10,5,22,8,15,Duolingo,130,,,,,17,25,B1,intermediate|advanced,intermediate|advanced,cambridge_15_21_random_intermediate_advanced,4,19,random,,203.265625,1226.890625,223.265625,1255.921875,3,14,,,,,,,,,,,,2026-09-22T16:00:40.289Z,HM6QAFBU,2026-09-22,2026-09-22,13:00:40,2026-09-22 13:00:40,,,,,,,,69aefaccbf52402fcb03f38a,69aefaccbf52402fcb03f38a,,,,
10502,raw_position_sample,2,3,adv,25,4,18,19,40, she ,1239,205,1709353.6000000238,69aefaccbf52402fcb03f38a,69aefaccbf52402fcb03f38a,advanced,4,69aefaccbf52402fcb03f38a,69aefaccbf52402fcb03f38a,spotlight_PROLIFIC,,36,Chile,Spanish,"Spanish, English, Japanese",Japanese,Spanish:75|English:15|Japanese:10,100,Spanish:50|English:35|Japanese:15,100,Spanish:80|English:10|Japanese:10,100,7,5,Bachelor's,10,10,10,7,7,10,5,22,8,15,Duolingo,130,,,,,17,25,B1,intermediate|advanced,intermediate|advanced,cambridge_15_21_random_intermediate_advanced,4,19,random,,203.265625,1226.890625,223.265625,1255.921875,3,14,,,,,,,,,,,,2026-09-22T16:00:40.289Z,HM6QAFBU,2026-09-22,2026-09-22,13:00:40,2026-09-22 13:00:40,,,,,,,,69aefaccbf52402fcb03f38a,69aefaccbf52402fcb03f38a,,,,
10506,hover_association,2,3,adv,25,4,18,19,40, she ,1227,200,,69aefaccbf52402fcb03f38a,69aefaccbf52402fcb03f38a,advanced,4,69aefaccbf52402fcb03f38a,69aefaccbf52402fcb03f38a,spotlight_PROLIFIC,,36,Chile,Spanish,"Spanish, English, Japanese",Japanese,Spanish:75|English:15|Japanese:10,100,Spanish:50|English:35|Japanese:15,100,Spanish:80|English:10|Japanese:10,100,7,5,Bachelor's,10,10,10,7,7,10,5,22,8,15,Duolingo,130,,,,,17,25,B1,intermediate|advanced,intermediate|advanced,cambridge_15_21_random_intermediate_advanced,4,19,random,,193.265625,1226.890625,233.265625,1259.0911458333333,3,14,hover,570,570,0.3760614638091396,0.293359375,165,,,,,,2026-09-22T16:00:40.289Z,HM6QAFBU,2026-09-22,2026-09-22,13:00:40,2026-09-22 13:00:40,,,,,,,,69aefaccbf52402fcb03f38a,69aefaccbf52402fcb03f38a,,,,
10535,hover_association,2,3,adv,25,4,18,19,39, freebies ,1214,210,,69aefaccbf52402fcb03f38a,69aefaccbf52402fcb03f38a,advanced,4,69aefaccbf52402fcb03f38a,69aefaccbf52402fcb03f38a,spotlight_PROLIFIC,,36,Chile,Spanish,"Spanish, English, Japanese",Japanese,Spanish:75|English:15|Japanese:10,100,Spanish:50|English:35|Japanese:15,100,Spanish:80|English:10|Japanese:10,100,7,5,Bachelor's,10,10,10,7,7,10,5,22,8,15,Duolingo,130,,,,,17,25,B1,intermediate|advanced,intermediate|advanced,cambridge_15_21_random_intermediate_advanced,4,19,random,,193.265625,1157.84375,233.265625,1226.890625,3,13,hover,30.400000035762787,30.400000035762787,0.3788187372708758,0.468359375,165,,,,,,2026-09-22T16:00:40.289Z,HM6QAFBU,2026-09-22,2026-09-22,13:00:40,2026-09-22 13:00:40,,,,,,,,69aefaccbf52402fcb03f38a,69aefaccbf52402fcb03f38a,,,,
10550,raw_position_sample,2,3,adv,25,4,18,19,38, the ,1149,217,1709401.699999988,69aefaccbf52402fcb03f38a,69aefaccbf52402fcb03f38a,advanced,4,69aefaccbf52402fcb03f38a,69aefaccbf52402fcb03f38a,spotlight_PROLIFIC,,36,Chile,Spanish,"Spanish, English, Japanese",Japanese,Spanish:75|English:15|Japanese:10,100,Spanish:50|English:35|Japanese:15,100,Spanish:80|English:10|Japanese:10,100,7,5,Bachelor's,10,10,10,7,7,10,5,22,8,15,Duolingo,130,,,,,17,25,B1,intermediate|advanced,intermediate|advanced,cambridge_15_21_random_intermediate_advanced,4,19,random,,203.265625,1127.8125,223.265625,1157.84375,3,12,,,,,,,,,,,,2026-09-22T16:00:40.289Z,HM6QAFBU,2026-09-22,2026-09-22,13:00:40,2026-09-22 13:00:40,,,,,,,,69aefaccbf52402fcb03f38a,69aefaccbf52402fcb03f38a,,,,
10552,hover_association,2,3,adv,25,4,18,19,38, the ,1149,217,,69aefaccbf52402fcb03f38a,69aefaccbf52402fcb03f38a,advanced,4,69aefaccbf52402fcb03f38a,69aefaccbf52402fcb03f38a,spotlight_PROLIFIC,,36,Chile,Spanish,"Spanish, English, Japanese",Japanese,Spanish:75|English:15|Japanese:10,100,Spanish:50|English:35|Japanese:15,100,Spanish:80|English:10|Japanese:10,100,7,5,Bachelor's,10,10,10,7,7,10,5,22,8,15,Duolingo,130,,,,,17,25,B1,intermediate|advanced,intermediate|advanced,cambridge_15_21_random_intermediate_advanced,4,19,random,,193.265625,1127.8125,233.265625,1157.84375,3,12,hover,17.30000001192093,17.30000001192093,0.7055150884495317,0.593359375,165,,,,,,2026-09-22T16:00:40.289Z,HM6QAFBU,2026-09-22,2026-09-22,13:00:40,2026-09-22 13:00:40,,,,,,,,69aefaccbf52402fcb03f38a,69aefaccbf52402fcb03f38a,,,,
10584,hover_association,2,3,adv,25,4,18,19,36, include ,1095,219,,69aefaccbf52402fcb03f38a,69aefaccbf52402fcb03f38a,advanced,4,69aefaccbf52402fcb03f38a,69aefaccbf52402fcb03f38a,spotlight_PROLIFIC,,36,Chile,Spanish,"Spanish, English, Japanese",Japanese,Spanish:75|English:15|Japanese:10,100,Spanish:50|English:35|Japanese:15,100,Spanish:80|English:10|Japanese:10,100,7,5,Bachelor's,10,10,10,7,7,10,5,22,8,15,Duolingo,130,,,,,17,25,B1,intermediate|advanced,intermediate|advanced,cambridge_15_21_random_intermediate_advanced,4,19,random,,193.265625,1042.75,233.265625,1104.796875,3,10,hover,32.59999996423721,32.59999996423721,0.22966507177033493,0.693359375,165,,,,,,2026-09-22T16:00:40.289Z,HM6QAFBU,2026-09-22,2026-09-22,13:00:40,2026-09-22 13:00:40,,,,,,,,69aefaccbf52402fcb03f38a,69aefaccbf52402fcb03f38a,,,,
10605,raw_position_sample,2,3,adv,25,4,18,19,35, doesn’t ,1003,225,1709455.8999999762,69aefaccbf52402fcb03f38a,69aefaccbf52402fcb03f38a,advanced,4,69aefaccbf52402fcb03f38a,69aefaccbf52402fcb03f38a,spotlight_PROLIFIC,,36,Chile,Spanish,"Spanish, English, Japanese",Japanese,Spanish:75|English:15|Japanese:10,100,Spanish:50|English:35|Japanese:15,100,Spanish:80|English:10|Japanese:10,100,7,5,Bachelor's,10,10,10,7,7,10,5,22,8,15,Duolingo,130,,,,,17,25,B1,intermediate|advanced,intermediate|advanced,cambridge_15_21_random_intermediate_advanced,4,19,random,,203.265625,979.703125,223.265625,1042.75,3,9,,,,,,,,,,,,2026-09-22T16:00:40.289Z,HM6QAFBU,2026-09-22,2026-09-22,13:00:40,2026-09-22 13:00:40,,,,,,,,69aefaccbf52402fcb03f38a,69aefaccbf52402fcb03f38a,,,,
10634,hover_association,2,3,adv,25,4,18,19,35, doesn’t ,1025,223,,69aefaccbf52402fcb03f38a,69aefaccbf52402fcb03f38a,advanced,4,69aefaccbf52402fcb03f38a,69aefaccbf52402fcb03f38a,spotlight_PROLIFIC,,36,Chile,Spanish,"Spanish, English, Japanese",Japanese,Spanish:75|English:15|Japanese:10,100,Spanish:50|English:35|Japanese:15,100,Spanish:80|English:10|Japanese:10,100,7,5,Bachelor's,10,10,10,7,7,10,5,22,8,15,Duolingo,130,,,,,17,25,B1,intermediate|advanced,intermediate|advanced,cambridge_15_21_random_intermediate_advanced,4,19,random,,193.265625,979.703125,233.265625,1042.75,3,9,hover,49.90000003576279,49.90000003576279,0.02057001239157373,0.793359375,165,,,,,,2026-09-22T16:00:40.289Z,HM6QAFBU,2026-09-22,2026-09-22,13:00:40,2026-09-22 13:00:40,,,,,,,,69aefaccbf52402fcb03f38a,69aefaccbf52402fcb03f38a,,,,
10651,hover_association,2,3,adv,25,4,18,19,34, that ,959,227,,69aefaccbf52402fcb03f38a,69aefaccbf52402fcb03f38a,advanced,4,69aefaccbf52402fcb03f38a,69aefaccbf52402fcb03f38a,spotlight_PROLIFIC,,36,Chile,Spanish,"Spanish, English, Japanese",Japanese,Spanish:75|English:15|Japanese:10,100,Spanish:50|English:35|Japanese:15,100,Spanish:80|English:10|Japanese:10,100,7,5,Bachelor's,10,10,10,7,7,10,5,22,8,15,Duolingo,130,,,,,17,25,B1,intermediate|advanced,intermediate|advanced,cambridge_15_21_random_intermediate_advanced,4,19,random,,193.265625,944.671875,233.265625,979.703125,3,8,hover,16.799999952316284,16.799999952316284,0.4090098126672614,0.843359375,165,,,,,,2026-09-22T16:00:40.289Z,HM6QAFBU,2026-09-22,2026-09-22,13:00:40,2026-09-22 13:00:40,,,,,,,,69aefaccbf52402fcb03f38a,69aefaccbf52402fcb03f38a,,,,
10654,raw_position_sample,2,3,adv,25,4,18,19,33, and ,942,227,1709505.699999988,69aefaccbf52402fcb03f38a,69aefaccbf52402fcb03f38a,advanced,4,69aefaccbf52402fcb03f38a,69aefaccbf52402fcb03f38a,spotlight_PROLIFIC,,36,Chile,Spanish,"Spanish, English, Japanese",Japanese,Spanish:75|English:15|Japanese:10,100,Spanish:50|English:35|Japanese:15,100,Spanish:80|English:10|Japanese:10,100,7,5,Bachelor's,10,10,10,7,7,10,5,22,8,15,Duolingo,130,,,,,17,25,B1,intermediate|advanced,intermediate|advanced,cambridge_15_21_random_intermediate_advanced,4,19,random,,203.265625,909.625,223.265625,944.671875,3,7,,,,,,,,,,,,2026-09-22T16:00:40.289Z,HM6QAFBU,2026-09-22,2026-09-22,13:00:40,2026-09-22 13:00:40,,,,,,,,69aefaccbf52402fcb03f38a,69aefaccbf52402fcb03f38a,,,,
10685,hover_association,2,3,adv,25,4,18,19,33, and ,942,227,,69aefaccbf52402fcb03f38a,69aefaccbf52402fcb03f38a,advanced,4,69aefaccbf52402fcb03f38a,69aefaccbf52402fcb03f38a,spotlight_PROLIFIC,,36,Chile,Spanish,"Spanish, English, Japanese",Japanese,Spanish:75|English:15|Japanese:10,100,Spanish:50|English:35|Japanese:15,100,Spanish:80|English:10|Japanese:10,100,7,5,Bachelor's,10,10,10,7,7,10,5,22,8,15,Duolingo,130,,,,,17,25,B1,intermediate|advanced,intermediate|advanced,cambridge_15_21_random_intermediate_advanced,4,19,random,,193.265625,909.625,233.265625,944.671875,3,7,hover,33.40000003576279,33.40000003576279,0.3530985287561302,0.843359375,165,,,,,,2026-09-22T16:00:40.289Z,HM6QAFBU,2026-09-22,2026-09-22,13:00:40,2026-09-22 13:00:40,,,,,,,,69aefaccbf52402fcb03f38a,69aefaccbf52402fcb03f38a,,,,
10704,raw_position_sample,2,3,adv,25,4,18,19,32, year ,886,227,1709555.699999988,69aefaccbf52402fcb03f38a,69aefaccbf52402fcb03f38a,advanced,4,69aefaccbf52402fcb03f38a,69aefaccbf52402fcb03f38a,spotlight_PROLIFIC,,36,Chile,Spanish,"Spanish, English, Japanese",Japanese,Spanish:75|English:15|Japanese:10,100,Spanish:50|English:35|Japanese:15,100,Spanish:80|English:10|Japanese:10,100,7,5,Bachelor's,10,10,10,7,7,10,5,22,8,15,Duolingo,130,,,,,17,25,B1,intermediate|advanced,intermediate|advanced,cambridge_15_21_random_intermediate_advanced,4,19,random,,203.265625,869.59375,223.265625,909.625,3,6,,,,,,,,,,,,2026-09-22T16:00:40.289Z,HM6QAFBU,2026-09-22,2026-09-22,13:00:40,2026-09-22 13:00:40,,,,,,,,69aefaccbf52402fcb03f38a,69aefaccbf52402fcb03f38a,,,,
10718,hover_association,2,3,adv,25,4,18,19,32, year ,903,227,,69aefaccbf52402fcb03f38a,69aefaccbf52402fcb03f38a,advanced,4,69aefaccbf52402fcb03f38a,69aefaccbf52402fcb03f38a,spotlight_PROLIFIC,,36,Chile,Spanish,"Spanish, English, Japanese",Japanese,Spanish:75|English:15|Japanese:10,100,Spanish:50|English:35|Japanese:15,100,Spanish:80|English:10|Japanese:10,100,7,5,Bachelor's,10,10,10,7,7,10,5,22,8,15,Duolingo,130,,,,,17,25,B1,intermediate|advanced,intermediate|advanced,cambridge_15_21_random_intermediate_advanced,4,19,random,,193.265625,869.59375,233.265625,909.625,3,6,hover,33.09999996423721,33.09999996423721,0.4098360655737705,0.843359375,165,,,,,,2026-09-22T16:00:40.289Z,HM6QAFBU,2026-09-22,2026-09-22,13:00:40,2026-09-22 13:00:40,,,,,,,,69aefaccbf52402fcb03f38a,69aefaccbf52402fcb03f38a,,,,
10734,hover_association,2,3,adv,25,4,18,19,31, a ,869,228,,69aefaccbf52402fcb03f38a,69aefaccbf52402fcb03f38a,advanced,4,69aefaccbf52402fcb03f38a,69aefaccbf52402fcb03f38a,spotlight_PROLIFIC,,36,Chile,Spanish,"Spanish, English, Japanese",Japanese,Spanish:75|English:15|Japanese:10,100,Spanish:50|English:35|Japanese:15,100,Spanish:80|English:10|Japanese:10,100,7,5,Bachelor's,10,10,10,7,7,10,5,22,8,15,Duolingo,130,,,,,17,25,B1,intermediate|advanced,intermediate|advanced,cambridge_15_21_random_intermediate_advanced,4,19,random,,193.265625,854.578125,233.265625,869.59375,3,5,hover,16.400000035762787,16.400000035762787,0.9604578563995838,0.868359375,165,,,,,,2026-09-22T16:00:40.289Z,HM6QAFBU,2026-09-22,2026-09-22,13:00:40,2026-09-22 13:00:40,,,,,,,,69aefaccbf52402fcb03f38a,69aefaccbf52402fcb03f38a,,,,
10753,raw_position_sample,2,3,adv,25,4,18,19,30," £40,000 ",817,227,1709604.300000012,69aefaccbf52402fcb03f38a,69aefaccbf52402fcb03f38a,advanced,4,69aefaccbf52402fcb03f38a,69aefaccbf52402fcb03f38a,spotlight_PROLIFIC,,36,Chile,Spanish,"Spanish, English, Japanese",Japanese,Spanish:75|English:15|Japanese:10,100,Spanish:50|English:35|Japanese:15,100,Spanish:80|English:10|Japanese:10,100,7,5,Bachelor's,10,10,10,7,7,10,5,22,8,15,Duolingo,130,,,,,17,25,B1,intermediate|advanced,intermediate|advanced,cambridge_15_21_random_intermediate_advanced,4,19,random,,203.265625,784.5,223.265625,854.578125,3,4,,,,,,,,,,,,2026-09-22T16:00:40.289Z,HM6QAFBU,2026-09-22,2026-09-22,13:00:40,2026-09-22 13:00:40,,,,,,,,69aefaccbf52402fcb03f38a,69aefaccbf52402fcb03f38a,,,,
10784,hover_association,2,3,adv,25,4,18,19,30," £40,000 ",850,228,,69aefaccbf52402fcb03f38a,69aefaccbf52402fcb03f38a,advanced,4,69aefaccbf52402fcb03f38a,69aefaccbf52402fcb03f38a,spotlight_PROLIFIC,,36,Chile,Spanish,"Spanish, English, Japanese",Japanese,Spanish:75|English:15|Japanese:10,100,Spanish:50|English:35|Japanese:15,100,Spanish:80|English:10|Japanese:10,100,7,5,Bachelor's,10,10,10,7,7,10,5,22,8,15,Duolingo,130,,,,,17,25,B1,intermediate|advanced,intermediate|advanced,cambridge_15_21_random_intermediate_advanced,4,19,random,,193.265625,784.5,233.265625,854.578125,3,4,hover,50.30000001192093,50.30000001192093,0.03567447045707915,0.793359375,165,,,,,,2026-09-22T16:00:40.289Z,HM6QAFBU,2026-09-22,2026-09-22,13:00:40,2026-09-22 13:00:40,,,,,,,,69aefaccbf52402fcb03f38a,69aefaccbf52402fcb03f38a,,,,
10803,raw_position_sample,2,3,adv,25,4,18,19,28," £30,000 ",730,219,1709654.3999999762,69aefaccbf52402fcb03f38a,69aefaccbf52402fcb03f38a,advanced,4,69aefaccbf52402fcb03f38a,69aefaccbf52402fcb03f38a,spotlight_PROLIFIC,,36,Chile,Spanish,"Spanish, English, Japanese",Japanese,Spanish:75|English:15|Japanese:10,100,Spanish:50|English:35|Japanese:15,100,Spanish:80|English:10|Japanese:10,100,7,5,Bachelor's,10,10,10,7,7,10,5,22,8,15,Duolingo,130,,,,,17,25,B1,intermediate|advanced,intermediate|advanced,cambridge_15_21_random_intermediate_advanced,4,19,random,,203.265625,694.40625,223.265625,764.484375,3,2,,,,,,,,,,,,2026-09-22T16:00:40.289Z,HM6QAFBU,2026-09-22,2026-09-22,13:00:40,2026-09-22 13:00:40,,,,,,,,69aefaccbf52402fcb03f38a,69aefaccbf52402fcb03f38a,,,,
10849,raw_position_sample,2,3,adv,25,4,18,19,28," £30,000 ",699,219,1709700.3999999762,69aefaccbf52402fcb03f38a,69aefaccbf52402fcb03f38a,advanced,4,69aefaccbf52402fcb03f38a,69aefaccbf52402fcb03f38a,spotlight_PROLIFIC,,36,Chile,Spanish,"Spanish, English, Japanese",Japanese,Spanish:75|English:15|Japanese:10,100,Spanish:50|English:35|Japanese:15,100,Spanish:80|English:10|Japanese:10,100,7,5,Bachelor's,10,10,10,7,7,10,5,22,8,15,Duolingo,130,,,,,17,25,B1,intermediate|advanced,intermediate|advanced,cambridge_15_21_random_intermediate_advanced,4,19,random,,203.265625,694.40625,223.265625,764.484375,3,2,,,,,,,,,,,,2026-09-22T16:00:40.289Z,HM6QAFBU,2026-09-22,2026-09-22,13:00:40,2026-09-22 13:00:40,,,,,,,,69aefaccbf52402fcb03f38a,69aefaccbf52402fcb03f38a,,,,
10851,hover_association,2,3,adv,25,4,18,19,28," £30,000 ",755,221,,69aefaccbf52402fcb03f38a,69aefaccbf52402fcb03f38a,advanced,4,69aefaccbf52402fcb03f38a,69aefaccbf52402fcb03f38a,spotlight_PROLIFIC,,36,Chile,Spanish,"Spanish, English, Japanese",Japanese,Spanish:75|English:15|Japanese:10,100,Spanish:50|English:35|Japanese:15,100,Spanish:80|English:10|Japanese:10,100,7,5,Bachelor's,10,10,10,7,7,10,5,22,8,15,Duolingo,130,,,,,17,25,B1,intermediate|advanced,intermediate|advanced,cambridge_15_21_random_intermediate_advanced,4,19,random,,193.265625,694.40625,233.265625,764.484375,3,2,hover,66.5,66.5,0.06555183946488294,0.643359375,165,,,,,,2026-09-22T16:00:40.289Z,HM6QAFBU,2026-09-22,2026-09-22,13:00:40,2026-09-22 13:00:40,,,,,,,,69aefaccbf52402fcb03f38a,69aefaccbf52402fcb03f38a,,,,
10901,raw_position_sample,2,3,adv,25,4,18,19,27, typically ,658,219,1709752.699999988,69aefaccbf52402fcb03f38a,69aefaccbf52402fcb03f38a,advanced,4,69aefaccbf52402fcb03f38a,69aefaccbf52402fcb03f38a,spotlight_PROLIFIC,,36,Chile,Spanish,"Spanish, English, Japanese",Japanese,Spanish:75|English:15|Japanese:10,100,Spanish:50|English:35|Japanese:15,100,Spanish:80|English:10|Japanese:10,100,7,5,Bachelor's,10,10,10,7,7,10,5,22,8,15,Duolingo,130,,,,,17,25,B1,intermediate|advanced,intermediate|advanced,cambridge_15_21_random_intermediate_advanced,4,19,random,,203.265625,625.375,223.265625,694.40625,3,1,,,,,,,,,,,,2026-09-22T16:00:40.289Z,HM6QAFBU,2026-09-22,2026-09-22,13:00:40,2026-09-22 13:00:40,,,,,,,,69aefaccbf52402fcb03f38a,69aefaccbf52402fcb03f38a,,,,
10951,raw_position_sample,2,3,adv,25,4,18,19,27, typically ,646,222,1709802.699999988,69aefaccbf52402fcb03f38a,69aefaccbf52402fcb03f38a,advanced,4,69aefaccbf52402fcb03f38a,69aefaccbf52402fcb03f38a,spotlight_PROLIFIC,,36,Chile,Spanish,"Spanish, English, Japanese",Japanese,Spanish:75|English:15|Japanese:10,100,Spanish:50|English:35|Japanese:15,100,Spanish:80|English:10|Japanese:10,100,7,5,Bachelor's,10,10,10,7,7,10,5,22,8,15,Duolingo,130,,,,,17,25,B1,intermediate|advanced,intermediate|advanced,cambridge_15_21_random_intermediate_advanced,4,19,random,,203.265625,625.375,223.265625,694.40625,3,1,,,,,,,,,,,,2026-09-22T16:00:40.289Z,HM6QAFBU,2026-09-22,2026-09-22,13:00:40,2026-09-22 13:00:40,,,,,,,,69aefaccbf52402fcb03f38a,69aefaccbf52402fcb03f38a,,,,
10999,raw_position_sample,2,3,adv,25,4,18,19,27, typically ,642,224,1709850.5,69aefaccbf52402fcb03f38a,69aefaccbf52402fcb03f38a,advanced,4,69aefaccbf52402fcb03f38a,69aefaccbf52402fcb03f38a,spotlight_PROLIFIC,,36,Chile,Spanish,"Spanish, English, Japanese",Japanese,Spanish:75|English:15|Japanese:10,100,Spanish:50|English:35|Japanese:15,100,Spanish:80|English:10|Japanese:10,100,7,5,Bachelor's,10,10,10,7,7,10,5,22,8,15,Duolingo,130,,,,,17,25,B1,intermediate|advanced,intermediate|advanced,cambridge_15_21_random_intermediate_advanced,4,19,random,,203.265625,625.375,223.265625,694.40625,3,1,,,,,,,,,,,,2026-09-22T16:00:40.289Z,HM6QAFBU,2026-09-22,2026-09-22,13:00:40,2026-09-22 13:00:40,,,,,,,,69aefaccbf52402fcb03f38a,69aefaccbf52402fcb03f38a,,,,
11055,raw_position_sample,2,3,adv,25,4,18,19,27, typically ,640,229,1709906.1000000238,69aefaccbf52402fcb03f38a,69aefaccbf52402fcb03f38a,advanced,4,69aefaccbf52402fcb03f38a,69aefaccbf52402fcb03f38a,spotlight_PROLIFIC,,36,Chile,Spanish,"Spanish, English, Japanese",Japanese,Spanish:75|English:15|Japanese:10,100,Spanish:50|English:35|Japanese:15,100,Spanish:80|English:10|Japanese:10,100,7,5,Bachelor's,10,10,10,7,7,10,5,22,8,15,Duolingo,130,,,,,17,25,B1,intermediate|advanced,intermediate|advanced,cambridge_15_21_random_intermediate_advanced,4,19,random,,203.265625,625.375,223.265625,694.40625,3,1,,,,,,,,,,,,2026-09-22T16:00:40.289Z,HM6QAFBU,2026-09-22,2026-09-22,13:00:40,2026-09-22 13:00:40,,,,,,,,69aefaccbf52402fcb03f38a,69aefaccbf52402fcb03f38a,,,,
11100,raw_position_sample,2,3,adv,25,4,18,19,27, typically ,640,230,1709951.699999988,69aefaccbf52402fcb03f38a,69aefaccbf52402fcb03f38a,advanced,4,69aefaccbf52402fcb03f38a,69aefaccbf52402fcb03f38a,spotlight_PROLIFIC,,36,Chile,Spanish,"Spanish, English, Japanese",Japanese,Spanish:75|English:15|Japanese:10,100,Spanish:50|English:35|Japanese:15,100,Spanish:80|English:10|Japanese:10,100,7,5,Bachelor's,10,10,10,7,7,10,5,22,8,15,Duolingo,130,,,,,17,25,B1,intermediate|advanced,intermediate|advanced,cambridge_15_21_random_intermediate_advanced,4,19,random,,203.265625,625.375,223.265625,694.40625,3,1,,,,,,,,,,,,2026-09-22T16:00:40.289Z,HM6QAFBU,2026-09-22,2026-09-22,13:00:40,2026-09-22 13:00:40,,,,,,,,69aefaccbf52402fcb03f38a,69aefaccbf52402fcb03f38a,,,,
11148,raw_position_sample,2,3,adv,25,4,18,19,27, typically ,640,230,1709999.3999999762,69aefaccbf52402fcb03f38a,69aefaccbf52402fcb03f38a,advanced,4,69aefaccbf52402fcb03f38a,69aefaccbf52402fcb03f38a,spotlight_PROLIFIC,,36,Chile,Spanish,"Spanish, English, Japanese",Japanese,Spanish:75|English:15|Japanese:10,100,Spanish:50|English:35|Japanese:15,100,Spanish:80|English:10|Japanese:10,100,7,5,Bachelor's,10,10,10,7,7,10,5,22,8,15,Duolingo,130,,,,,17,25,B1,intermediate|advanced,intermediate|advanced,cambridge_15_21_random_intermediate_advanced,4,19,random,,203.265625,625.375,223.265625,694.40625,3,1,,,,,,,,,,,,2026-09-22T16:00:40.289Z,HM6QAFBU,2026-09-22,2026-09-22,13:00:40,2026-09-22 13:00:40,,,,,,,,69aefaccbf52402fcb03f38a,69aefaccbf52402fcb03f38a,,,,
11183,hover_association,2,3,adv,25,4,18,19,27, typically ,689,219,,69aefaccbf52402fcb03f38a,69aefaccbf52402fcb03f38a,advanced,4,69aefaccbf52402fcb03f38a,69aefaccbf52402fcb03f38a,spotlight_PROLIFIC,,36,Chile,Spanish,"Spanish, English, Japanese",Japanese,Spanish:75|English:15|Japanese:10,100,Spanish:50|English:35|Japanese:15,100,Spanish:80|English:10|Japanese:10,100,7,5,Bachelor's,10,10,10,7,7,10,5,22,8,15,Duolingo,130,,,,,17,25,B1,intermediate|advanced,intermediate|advanced,cambridge_15_21_random_intermediate_advanced,4,19,random,,193.265625,622.2057291666666,233.265625,694.40625,3,1,hover,332.89999997615814,332.89999997615814,0.27415689810640254,0.993359375,165,,,,,,2026-09-22T16:00:40.289Z,HM6QAFBU,2026-09-22,2026-09-22,13:00:40,2026-09-22 13:00:40,,,,,,,,69aefaccbf52402fcb03f38a,69aefaccbf52402fcb03f38a,,,,
11207,raw_position_sample,2,3,adv,25,4,18,19,41, gets ,664,247,1710057.8999999762,69aefaccbf52402fcb03f38a,69aefaccbf52402fcb03f38a,advanced,4,69aefaccbf52402fcb03f38a,69aefaccbf52402fcb03f38a,spotlight_PROLIFIC,,36,Chile,Spanish,"Spanish, English, Japanese",Japanese,Spanish:75|English:15|Japanese:10,100,Spanish:50|English:35|Japanese:15,100,Spanish:80|English:10|Japanese:10,100,7,5,Bachelor's,10,10,10,7,7,10,5,22,8,15,Duolingo,130,,,,,17,25,B1,intermediate|advanced,intermediate|advanced,cambridge_15_21_random_intermediate_advanced,4,19,random,,243.265625,625.375,263.265625,664.40625,4,1,,,,,,,,,,,,2026-09-22T16:00:40.289Z,HM6QAFBU,2026-09-22,2026-09-22,13:00:40,2026-09-22 13:00:40,,,,,,,,69aefaccbf52402fcb03f38a,69aefaccbf52402fcb03f38a,,,,
11218,hover_association,2,3,adv,25,4,18,19,41, gets ,653,241,,69aefaccbf52402fcb03f38a,69aefaccbf52402fcb03f38a,advanced,4,69aefaccbf52402fcb03f38a,69aefaccbf52402fcb03f38a,spotlight_PROLIFIC,,36,Chile,Spanish,"Spanish, English, Japanese",Japanese,Spanish:75|English:15|Japanese:10,100,Spanish:50|English:35|Japanese:15,100,Spanish:80|English:10|Japanese:10,100,7,5,Bachelor's,10,10,10,7,7,10,5,22,8,15,Duolingo,130,,,,,17,25,B1,intermediate|advanced,intermediate|advanced,cambridge_15_21_random_intermediate_advanced,4,19,random,,233.265625,622.2057291666666,273.265625,664.40625,4,1,hover,34.30000001192093,34.30000001192093,0.9903733415612466,0.343359375,165,,,,,,2026-09-22T16:00:40.289Z,HM6QAFBU,2026-09-22,2026-09-22,13:00:40,2026-09-22 13:00:40,,,,,,,,69aefaccbf52402fcb03f38a,69aefaccbf52402fcb03f38a,,,,
11250,hover_association,2,3,adv,25,4,18,19,42, on ,677,253,,69aefaccbf52402fcb03f38a,69aefaccbf52402fcb03f38a,advanced,4,69aefaccbf52402fcb03f38a,69aefaccbf52402fcb03f38a,spotlight_PROLIFIC,,36,Chile,Spanish,"Spanish, English, Japanese",Japanese,Spanish:75|English:15|Japanese:10,100,Spanish:50|English:35|Japanese:15,100,Spanish:80|English:10|Japanese:10,100,7,5,Bachelor's,10,10,10,7,7,10,5,22,8,15,Duolingo,130,,,,,17,25,B1,intermediate|advanced,intermediate|advanced,cambridge_15_21_random_intermediate_advanced,4,19,random,,233.265625,664.40625,273.265625,689.4375,4,2,hover,32.5,32.5,0.9026217228464419,0.618359375,165,,,,,,2026-09-22T16:00:40.289Z,HM6QAFBU,2026-09-22,2026-09-22,13:00:40,2026-09-22 13:00:40,,,,,,,,69aefaccbf52402fcb03f38a,69aefaccbf52402fcb03f38a,,,,
11251,raw_position_sample,2,3,adv,25,4,18,19,43, the ,698,262,1710102.300000012,69aefaccbf52402fcb03f38a,69aefaccbf52402fcb03f38a,advanced,4,69aefaccbf52402fcb03f38a,69aefaccbf52402fcb03f38a,spotlight_PROLIFIC,,36,Chile,Spanish,"Spanish, English, Japanese",Japanese,Spanish:75|English:15|Japanese:10,100,Spanish:50|English:35|Japanese:15,100,Spanish:80|English:10|Japanese:10,100,7,5,Bachelor's,10,10,10,7,7,10,5,22,8,15,Duolingo,130,,,,,17,25,B1,intermediate|advanced,intermediate|advanced,cambridge_15_21_random_intermediate_advanced,4,19,random,,243.265625,689.4375,263.265625,719.46875,4,3,,,,,,,,,,,,2026-09-22T16:00:40.289Z,HM6QAFBU,2026-09-22,2026-09-22,13:00:40,2026-09-22 13:00:40,,,,,,,,69aefaccbf52402fcb03f38a,69aefaccbf52402fcb03f38a,,,,
11285,hover_association,2,3,adv,25,4,18,19,43, the ,698,262,,69aefaccbf52402fcb03f38a,69aefaccbf52402fcb03f38a,advanced,4,69aefaccbf52402fcb03f38a,69aefaccbf52402fcb03f38a,spotlight_PROLIFIC,,36,Chile,Spanish,"Spanish, English, Japanese",Japanese,Spanish:75|English:15|Japanese:10,100,Spanish:50|English:35|Japanese:15,100,Spanish:80|English:10|Japanese:10,100,7,5,Bachelor's,10,10,10,7,7,10,5,22,8,15,Duolingo,130,,,,,17,25,B1,intermediate|advanced,intermediate|advanced,cambridge_15_21_random_intermediate_advanced,4,19,random,,233.265625,689.4375,273.265625,719.46875,4,3,hover,34.39999997615814,34.39999997615814,0.6181061394380853,0.793359375,165,,,,,,2026-09-22T16:00:40.289Z,HM6QAFBU,2026-09-22,2026-09-22,13:00:40,2026-09-22 13:00:40,,,,,,,,69aefaccbf52402fcb03f38a,69aefaccbf52402fcb03f38a,,,,
11301,raw_position_sample,2,3,adv,25,4,18,19,44, job. ,731,270,1710152.5,69aefaccbf52402fcb03f38a,69aefaccbf52402fcb03f38a,advanced,4,69aefaccbf52402fcb03f38a,69aefaccbf52402fcb03f38a,spotlight_PROLIFIC,,36,Chile,Spanish,"Spanish, English, Japanese",Japanese,Spanish:75|English:15|Japanese:10,100,Spanish:50|English:35|Japanese:15,100,Spanish:80|English:10|Japanese:10,100,7,5,Bachelor's,10,10,10,7,7,10,5,22,8,15,Duolingo,130,,,,,17,25,B1,intermediate|advanced,intermediate|advanced,cambridge_15_21_random_intermediate_advanced,4,19,random,,243.265625,719.46875,263.265625,753.5,4,4,,,,,,,,,,,,2026-09-22T16:00:40.289Z,HM6QAFBU,2026-09-22,2026-09-22,13:00:40,2026-09-22 13:00:40,,,,,,,,69aefaccbf52402fcb03f38a,69aefaccbf52402fcb03f38a,,,,
11350,raw_position_sample,2,3,adv,25,4,18,19,44, job. ,751,270,1710201.1000000238,69aefaccbf52402fcb03f38a,69aefaccbf52402fcb03f38a,advanced,4,69aefaccbf52402fcb03f38a,69aefaccbf52402fcb03f38a,spotlight_PROLIFIC,,36,Chile,Spanish,"Spanish, English, Japanese",Japanese,Spanish:75|English:15|Japanese:10,100,Spanish:50|English:35|Japanese:15,100,Spanish:80|English:10|Japanese:10,100,7,5,Bachelor's,10,10,10,7,7,10,5,22,8,15,Duolingo,130,,,,,17,25,B1,intermediate|advanced,intermediate|advanced,cambridge_15_21_random_intermediate_advanced,4,19,random,,243.265625,719.46875,263.265625,753.5,4,4,,,,,,,,,,,,2026-09-22T16:00:40.289Z,HM6QAFBU,2026-09-22,2026-09-22,13:00:40,2026-09-22 13:00:40,,,,,,,,69aefaccbf52402fcb03f38a,69aefaccbf52402fcb03f38a,,,,
11350,hover_association,2,3,adv,25,4,18,19,44, job. ,721,268,,69aefaccbf52402fcb03f38a,69aefaccbf52402fcb03f38a,advanced,4,69aefaccbf52402fcb03f38a,69aefaccbf52402fcb03f38a,spotlight_PROLIFIC,,36,Chile,Spanish,"Spanish, English, Japanese",Japanese,Spanish:75|English:15|Japanese:10,100,Spanish:50|English:35|Japanese:15,100,Spanish:80|English:10|Japanese:10,100,7,5,Bachelor's,10,10,10,7,7,10,5,22,8,15,Duolingo,130,,,,,17,25,B1,intermediate|advanced,intermediate|advanced,cambridge_15_21_random_intermediate_advanced,4,19,random,,233.265625,719.46875,273.265625,753.5,4,4,hover,66,66,0.9265381083562901,0.918359375,165,,,,,,2026-09-22T16:00:40.289Z,HM6QAFBU,2026-09-22,2026-09-22,13:00:40,2026-09-22 13:00:40,,,,,,,,69aefaccbf52402fcb03f38a,69aefaccbf52402fcb03f38a,,,,
11402,raw_position_sample,2,3,adv,25,4,18,19,45, “With ,760,269,1710252.8999999762,69aefaccbf52402fcb03f38a,69aefaccbf52402fcb03f38a,advanced,4,69aefaccbf52402fcb03f38a,69aefaccbf52402fcb03f38a,spotlight_PROLIFIC,,36,Chile,Spanish,"Spanish, English, Japanese",Japanese,Spanish:75|English:15|Japanese:10,100,Spanish:50|English:35|Japanese:15,100,Spanish:80|English:10|Japanese:10,100,7,5,Bachelor's,10,10,10,7,7,10,5,22,8,15,Duolingo,130,,,,,17,25,B1,intermediate|advanced,intermediate|advanced,cambridge_15_21_random_intermediate_advanced,4,19,random,,243.265625,753.5,263.265625,800.5,4,5,,,,,,,,,,,,2026-09-22T16:00:40.289Z,HM6QAFBU,2026-09-22,2026-09-22,13:00:40,2026-09-22 13:00:40,,,,,,,,69aefaccbf52402fcb03f38a,69aefaccbf52402fcb03f38a,,,,
11453,raw_position_sample,2,3,adv,25,4,18,19,45, “With ,767,269,1710304.300000012,69aefaccbf52402fcb03f38a,69aefaccbf52402fcb03f38a,advanced,4,69aefaccbf52402fcb03f38a,69aefaccbf52402fcb03f38a,spotlight_PROLIFIC,,36,Chile,Spanish,"Spanish, English, Japanese",Japanese,Spanish:75|English:15|Japanese:10,100,Spanish:50|English:35|Japanese:15,100,Spanish:80|English:10|Japanese:10,100,7,5,Bachelor's,10,10,10,7,7,10,5,22,8,15,Duolingo,130,,,,,17,25,B1,intermediate|advanced,intermediate|advanced,cambridge_15_21_random_intermediate_advanced,4,19,random,,243.265625,753.5,263.265625,800.5,4,5,,,,,,,,,,,,2026-09-22T16:00:40.289Z,HM6QAFBU,2026-09-22,2026-09-22,13:00:40,2026-09-22 13:00:40,,,,,,,,69aefaccbf52402fcb03f38a,69aefaccbf52402fcb03f38a,,,,
11500,raw_position_sample,2,3,adv,25,4,18,19,45, “With ,768,269,1710351,69aefaccbf52402fcb03f38a,69aefaccbf52402fcb03f38a,advanced,4,69aefaccbf52402fcb03f38a,69aefaccbf52402fcb03f38a,spotlight_PROLIFIC,,36,Chile,Spanish,"Spanish, English, Japanese",Japanese,Spanish:75|English:15|Japanese:10,100,Spanish:50|English:35|Japanese:15,100,Spanish:80|English:10|Japanese:10,100,7,5,Bachelor's,10,10,10,7,7,10,5,22,8,15,Duolingo,130,,,,,17,25,B1,intermediate|advanced,intermediate|advanced,cambridge_15_21_random_intermediate_advanced,4,19,random,,243.265625,753.5,263.265625,800.5,4,5,,,,,,,,,,,,2026-09-22T16:00:40.289Z,HM6QAFBU,2026-09-22,2026-09-22,13:00:40,2026-09-22 13:00:40,,,,,,,,69aefaccbf52402fcb03f38a,69aefaccbf52402fcb03f38a,,,,
11551,raw_position_sample,2,3,adv,25,4,18,19,45, “With ,785,271,1710402.1000000238,69aefaccbf52402fcb03f38a,69aefaccbf52402fcb03f38a,advanced,4,69aefaccbf52402fcb03f38a,69aefaccbf52402fcb03f38a,spotlight_PROLIFIC,,36,Chile,Spanish,"Spanish, English, Japanese",Japanese,Spanish:75|English:15|Japanese:10,100,Spanish:50|English:35|Japanese:15,100,Spanish:80|English:10|Japanese:10,100,7,5,Bachelor's,10,10,10,7,7,10,5,22,8,15,Duolingo,130,,,,,17,25,B1,intermediate|advanced,intermediate|advanced,cambridge_15_21_random_intermediate_advanced,4,19,random,,243.265625,753.5,263.265625,800.5,4,5,,,,,,,,,,,,2026-09-22T16:00:40.289Z,HM6QAFBU,2026-09-22,2026-09-22,13:00:40,2026-09-22 13:00:40,,,,,,,,69aefaccbf52402fcb03f38a,69aefaccbf52402fcb03f38a,,,,
11553,hover_association,2,3,adv,25,4,18,19,45, “With ,754,270,,69aefaccbf52402fcb03f38a,69aefaccbf52402fcb03f38a,advanced,4,69aefaccbf52402fcb03f38a,69aefaccbf52402fcb03f38a,spotlight_PROLIFIC,,36,Chile,Spanish,"Spanish, English, Japanese",Japanese,Spanish:75|English:15|Japanese:10,100,Spanish:50|English:35|Japanese:15,100,Spanish:80|English:10|Japanese:10,100,7,5,Bachelor's,10,10,10,7,7,10,5,22,8,15,Duolingo,130,,,,,17,25,B1,intermediate|advanced,intermediate|advanced,cambridge_15_21_random_intermediate_advanced,4,19,random,,233.265625,753.5,273.265625,800.5,4,5,hover,201.30000001192093,201.30000001192093,0.6702127659574468,0.943359375,165,,,,,,2026-09-22T16:00:40.289Z,HM6QAFBU,2026-09-22,2026-09-22,13:00:40,2026-09-22 13:00:40,,,,,,,,69aefaccbf52402fcb03f38a,69aefaccbf52402fcb03f38a,,,,
11568,hover_association,2,3,adv,25,4,18,19,63," fact, ",799,279,,69aefaccbf52402fcb03f38a,69aefaccbf52402fcb03f38a,advanced,4,69aefaccbf52402fcb03f38a,69aefaccbf52402fcb03f38a,spotlight_PROLIFIC,,36,Chile,Spanish,"Spanish, English, Japanese",Japanese,Spanish:75|English:15|Japanese:10,100,Spanish:50|English:35|Japanese:15,100,Spanish:80|English:10|Japanese:10,100,7,5,Bachelor's,10,10,10,7,7,10,5,22,8,15,Duolingo,130,,,,,17,25,B1,intermediate|advanced,intermediate|advanced,cambridge_15_21_random_intermediate_advanced,4,19,random,,273.265625,766.5,313.265625,805.515625,5,4,hover,15.699999988079071,15.699999988079071,0.8329995995194233,0.143359375,165,,,,,,2026-09-22T16:00:40.289Z,HM6QAFBU,2026-09-22,2026-09-22,13:00:40,2026-09-22 13:00:40,,,,,,,,69aefaccbf52402fcb03f38a,69aefaccbf52402fcb03f38a,,,,
11602,raw_position_sample,2,3,adv,25,4,18,19,64, I ,815,304,1710453.699999988,69aefaccbf52402fcb03f38a,69aefaccbf52402fcb03f38a,advanced,4,69aefaccbf52402fcb03f38a,69aefaccbf52402fcb03f38a,spotlight_PROLIFIC,,36,Chile,Spanish,"Spanish, English, Japanese",Japanese,Spanish:75|English:15|Japanese:10,100,Spanish:50|English:35|Japanese:15,100,Spanish:80|English:10|Japanese:10,100,7,5,Bachelor's,10,10,10,7,7,10,5,22,8,15,Duolingo,130,,,,,17,25,B1,intermediate|advanced,intermediate|advanced,cambridge_15_21_random_intermediate_advanced,4,19,random,,283.265625,805.515625,303.265625,815.53125,5,5,,,,,,,,,,,,2026-09-22T16:00:40.289Z,HM6QAFBU,2026-09-22,2026-09-22,13:00:40,2026-09-22 13:00:40,,,,,,,,69aefaccbf52402fcb03f38a,69aefaccbf52402fcb03f38a,,,,
11647,raw_position_sample,2,3,adv,25,4,18,19,64, I ,815,304,1710498.699999988,69aefaccbf52402fcb03f38a,69aefaccbf52402fcb03f38a,advanced,4,69aefaccbf52402fcb03f38a,69aefaccbf52402fcb03f38a,spotlight_PROLIFIC,,36,Chile,Spanish,"Spanish, English, Japanese",Japanese,Spanish:75|English:15|Japanese:10,100,Spanish:50|English:35|Japanese:15,100,Spanish:80|English:10|Japanese:10,100,7,5,Bachelor's,10,10,10,7,7,10,5,22,8,15,Duolingo,130,,,,,17,25,B1,intermediate|advanced,intermediate|advanced,cambridge_15_21_random_intermediate_advanced,4,19,random,,283.265625,805.515625,303.265625,815.53125,5,5,,,,,,,,,,,,2026-09-22T16:00:40.289Z,HM6QAFBU,2026-09-22,2026-09-22,13:00:40,2026-09-22 13:00:40,,,,,,,,69aefaccbf52402fcb03f38a,69aefaccbf52402fcb03f38a,,,,
11713,raw_position_sample,2,3,adv,25,4,18,19,64, I ,815,304,1710564.699999988,69aefaccbf52402fcb03f38a,69aefaccbf52402fcb03f38a,advanced,4,69aefaccbf52402fcb03f38a,69aefaccbf52402fcb03f38a,spotlight_PROLIFIC,,36,Chile,Spanish,"Spanish, English, Japanese",Japanese,Spanish:75|English:15|Japanese:10,100,Spanish:50|English:35|Japanese:15,100,Spanish:80|English:10|Japanese:10,100,7,5,Bachelor's,10,10,10,7,7,10,5,22,8,15,Duolingo,130,,,,,17,25,B1,intermediate|advanced,intermediate|advanced,cambridge_15_21_random_intermediate_advanced,4,19,random,,283.265625,805.515625,303.265625,815.53125,5,5,,,,,,,,,,,,2026-09-22T16:00:40.289Z,HM6QAFBU,2026-09-22,2026-09-22,13:00:40,2026-09-22 13:00:40,,,,,,,,69aefaccbf52402fcb03f38a,69aefaccbf52402fcb03f38a,,,,
11751,raw_position_sample,2,3,adv,25,4,18,19,64, I ,815,304,1710602.300000012,69aefaccbf52402fcb03f38a,69aefaccbf52402fcb03f38a,advanced,4,69aefaccbf52402fcb03f38a,69aefaccbf52402fcb03f38a,spotlight_PROLIFIC,,36,Chile,Spanish,"Spanish, English, Japanese",Japanese,Spanish:75|English:15|Japanese:10,100,Spanish:50|English:35|Japanese:15,100,Spanish:80|English:10|Japanese:10,100,7,5,Bachelor's,10,10,10,7,7,10,5,22,8,15,Duolingo,130,,,,,17,25,B1,intermediate|advanced,intermediate|advanced,cambridge_15_21_random_intermediate_advanced,4,19,random,,283.265625,805.515625,303.265625,815.53125,5,5,,,,,,,,,,,,2026-09-22T16:00:40.289Z,HM6QAFBU,2026-09-22,2026-09-22,13:00:40,2026-09-22 13:00:40,,,,,,,,69aefaccbf52402fcb03f38a,69aefaccbf52402fcb03f38a,,,,
11814,raw_position_sample,2,3,adv,25,4,18,19,64, I ,815,304,1710665,69aefaccbf52402fcb03f38a,69aefaccbf52402fcb03f38a,advanced,4,69aefaccbf52402fcb03f38a,69aefaccbf52402fcb03f38a,spotlight_PROLIFIC,,36,Chile,Spanish,"Spanish, English, Japanese",Japanese,Spanish:75|English:15|Japanese:10,100,Spanish:50|English:35|Japanese:15,100,Spanish:80|English:10|Japanese:10,100,7,5,Bachelor's,10,10,10,7,7,10,5,22,8,15,Duolingo,130,,,,,17,25,B1,intermediate|advanced,intermediate|advanced,cambridge_15_21_random_intermediate_advanced,4,19,random,,283.265625,805.515625,303.265625,815.53125,5,5,,,,,,,,,,,,2026-09-22T16:00:40.289Z,HM6QAFBU,2026-09-22,2026-09-22,13:00:40,2026-09-22 13:00:40,,,,,,,,69aefaccbf52402fcb03f38a,69aefaccbf52402fcb03f38a,,,,
11850,raw_position_sample,2,3,adv,25,4,18,19,64, I ,815,304,1710701.699999988,69aefaccbf52402fcb03f38a,69aefaccbf52402fcb03f38a,advanced,4,69aefaccbf52402fcb03f38a,69aefaccbf52402fcb03f38a,spotlight_PROLIFIC,,36,Chile,Spanish,"Spanish, English, Japanese",Japanese,Spanish:75|English:15|Japanese:10,100,Spanish:50|English:35|Japanese:15,100,Spanish:80|English:10|Japanese:10,100,7,5,Bachelor's,10,10,10,7,7,10,5,22,8,15,Duolingo,130,,,,,17,25,B1,intermediate|advanced,intermediate|advanced,cambridge_15_21_random_intermediate_advanced,4,19,random,,283.265625,805.515625,303.265625,815.53125,5,5,,,,,,,,,,,,2026-09-22T16:00:40.289Z,HM6QAFBU,2026-09-22,2026-09-22,13:00:40,2026-09-22 13:00:40,,,,,,,,69aefaccbf52402fcb03f38a,69aefaccbf52402fcb03f38a,,,,
11898,raw_position_sample,2,3,adv,25,4,18,19,64, I ,815,304,1710749.699999988,69aefaccbf52402fcb03f38a,69aefaccbf52402fcb03f38a,advanced,4,69aefaccbf52402fcb03f38a,69aefaccbf52402fcb03f38a,spotlight_PROLIFIC,,36,Chile,Spanish,"Spanish, English, Japanese",Japanese,Spanish:75|English:15|Japanese:10,100,Spanish:50|English:35|Japanese:15,100,Spanish:80|English:10|Japanese:10,100,7,5,Bachelor's,10,10,10,7,7,10,5,22,8,15,Duolingo,130,,,,,17,25,B1,intermediate|advanced,intermediate|advanced,cambridge_15_21_random_intermediate_advanced,4,19,random,,283.265625,805.515625,303.265625,815.53125,5,5,,,,,,,,,,,,2026-09-22T16:00:40.289Z,HM6QAFBU,2026-09-22,2026-09-22,13:00:40,2026-09-22 13:00:40,,,,,,,,69aefaccbf52402fcb03f38a,69aefaccbf52402fcb03f38a,,,,
11950,raw_position_sample,2,3,adv,25,4,18,19,64, I ,815,304,1710801.3999999762,69aefaccbf52402fcb03f38a,69aefaccbf52402fcb03f38a,advanced,4,69aefaccbf52402fcb03f38a,69aefaccbf52402fcb03f38a,spotlight_PROLIFIC,,36,Chile,Spanish,"Spanish, English, Japanese",Japanese,Spanish:75|English:15|Japanese:10,100,Spanish:50|English:35|Japanese:15,100,Spanish:80|English:10|Japanese:10,100,7,5,Bachelor's,10,10,10,7,7,10,5,22,8,15,Duolingo,130,,,,,17,25,B1,intermediate|advanced,intermediate|advanced,cambridge_15_21_random_intermediate_advanced,4,19,random,,283.265625,805.515625,303.265625,815.53125,5,5,,,,,,,,,,,,2026-09-22T16:00:40.289Z,HM6QAFBU,2026-09-22,2026-09-22,13:00:40,2026-09-22 13:00:40,,,,,,,,69aefaccbf52402fcb03f38a,69aefaccbf52402fcb03f38a,,,,
11999,raw_position_sample,2,3,adv,25,4,18,19,64, I ,815,297,1710850.800000012,69aefaccbf52402fcb03f38a,69aefaccbf52402fcb03f38a,advanced,4,69aefaccbf52402fcb03f38a,69aefaccbf52402fcb03f38a,spotlight_PROLIFIC,,36,Chile,Spanish,"Spanish, English, Japanese",Japanese,Spanish:75|English:15|Japanese:10,100,Spanish:50|English:35|Japanese:15,100,Spanish:80|English:10|Japanese:10,100,7,5,Bachelor's,10,10,10,7,7,10,5,22,8,15,Duolingo,130,,,,,17,25,B1,intermediate|advanced,intermediate|advanced,cambridge_15_21_random_intermediate_advanced,4,19,random,,283.265625,805.515625,303.265625,815.53125,5,5,,,,,,,,,,,,2026-09-22T16:00:40.289Z,HM6QAFBU,2026-09-22,2026-09-22,13:00:40,2026-09-22 13:00:40,,,,,,,,69aefaccbf52402fcb03f38a,69aefaccbf52402fcb03f38a,,,,
12047,raw_position_sample,2,3,adv,25,4,18,19,64, I ,815,295,1710898.699999988,69aefaccbf52402fcb03f38a,69aefaccbf52402fcb03f38a,advanced,4,69aefaccbf52402fcb03f38a,69aefaccbf52402fcb03f38a,spotlight_PROLIFIC,,36,Chile,Spanish,"Spanish, English, Japanese",Japanese,Spanish:75|English:15|Japanese:10,100,Spanish:50|English:35|Japanese:15,100,Spanish:80|English:10|Japanese:10,100,7,5,Bachelor's,10,10,10,7,7,10,5,22,8,15,Duolingo,130,,,,,17,25,B1,intermediate|advanced,intermediate|advanced,cambridge_15_21_random_intermediate_advanced,4,19,random,,283.265625,805.515625,303.265625,815.53125,5,5,,,,,,,,,,,,2026-09-22T16:00:40.289Z,HM6QAFBU,2026-09-22,2026-09-22,13:00:40,2026-09-22 13:00:40,,,,,,,,69aefaccbf52402fcb03f38a,69aefaccbf52402fcb03f38a,,,,
12099,raw_position_sample,2,3,adv,25,4,18,19,64, I ,815,295,1710950.6000000238,69aefaccbf52402fcb03f38a,69aefaccbf52402fcb03f38a,advanced,4,69aefaccbf52402fcb03f38a,69aefaccbf52402fcb03f38a,spotlight_PROLIFIC,,36,Chile,Spanish,"Spanish, English, Japanese",Japanese,Spanish:75|English:15|Japanese:10,100,Spanish:50|English:35|Japanese:15,100,Spanish:80|English:10|Japanese:10,100,7,5,Bachelor's,10,10,10,7,7,10,5,22,8,15,Duolingo,130,,,,,17,25,B1,intermediate|advanced,intermediate|advanced,cambridge_15_21_random_intermediate_advanced,4,19,random,,283.265625,805.515625,303.265625,815.53125,5,5,,,,,,,,,,,,2026-09-22T16:00:40.289Z,HM6QAFBU,2026-09-22,2026-09-22,13:00:40,2026-09-22 13:00:40,,,,,,,,69aefaccbf52402fcb03f38a,69aefaccbf52402fcb03f38a,,,,
12162,raw_position_sample,2,3,adv,25,4,18,19,64, I ,815,295,1711013.8999999762,69aefaccbf52402fcb03f38a,69aefaccbf52402fcb03f38a,advanced,4,69aefaccbf52402fcb03f38a,69aefaccbf52402fcb03f38a,spotlight_PROLIFIC,,36,Chile,Spanish,"Spanish, English, Japanese",Japanese,Spanish:75|English:15|Japanese:10,100,Spanish:50|English:35|Japanese:15,100,Spanish:80|English:10|Japanese:10,100,7,5,Bachelor's,10,10,10,7,7,10,5,22,8,15,Duolingo,130,,,,,17,25,B1,intermediate|advanced,intermediate|advanced,cambridge_15_21_random_intermediate_advanced,4,19,random,,283.265625,805.515625,303.265625,815.53125,5,5,,,,,,,,,,,,2026-09-22T16:00:40.289Z,HM6QAFBU,2026-09-22,2026-09-22,13:00:40,2026-09-22 13:00:40,,,,,,,,69aefaccbf52402fcb03f38a,69aefaccbf52402fcb03f38a,,,,
12200,raw_position_sample,2,3,adv,25,4,18,19,64, I ,815,295,1711051.800000012,69aefaccbf52402fcb03f38a,69aefaccbf52402fcb03f38a,advanced,4,69aefaccbf52402fcb03f38a,69aefaccbf52402fcb03f38a,spotlight_PROLIFIC,,36,Chile,Spanish,"Spanish, English, Japanese",Japanese,Spanish:75|English:15|Japanese:10,100,Spanish:50|English:35|Japanese:15,100,Spanish:80|English:10|Japanese:10,100,7,5,Bachelor's,10,10,10,7,7,10,5,22,8,15,Duolingo,130,,,,,17,25,B1,intermediate|advanced,intermediate|advanced,cambridge_15_21_random_intermediate_advanced,4,19,random,,283.265625,805.515625,303.265625,815.53125,5,5,,,,,,,,,,,,2026-09-22T16:00:40.289Z,HM6QAFBU,2026-09-22,2026-09-22,13:00:40,2026-09-22 13:00:40,,,,,,,,69aefaccbf52402fcb03f38a,69aefaccbf52402fcb03f38a,,,,
12263,raw_position_sample,2,3,adv,25,4,18,19,64, I ,815,295,1711114.199999988,69aefaccbf52402fcb03f38a,69aefaccbf52402fcb03f38a,advanced,4,69aefaccbf52402fcb03f38a,69aefaccbf52402fcb03f38a,spotlight_PROLIFIC,,36,Chile,Spanish,"Spanish, English, Japanese",Japanese,Spanish:75|English:15|Japanese:10,100,Spanish:50|English:35|Japanese:15,100,Spanish:80|English:10|Japanese:10,100,7,5,Bachelor's,10,10,10,7,7,10,5,22,8,15,Duolingo,130,,,,,17,25,B1,intermediate|advanced,intermediate|advanced,cambridge_15_21_random_intermediate_advanced,4,19,random,,283.265625,805.515625,303.265625,815.53125,5,5,,,,,,,,,,,,2026-09-22T16:00:40.289Z,HM6QAFBU,2026-09-22,2026-09-22,13:00:40,2026-09-22 13:00:40,,,,,,,,69aefaccbf52402fcb03f38a,69aefaccbf52402fcb03f38a,,,,
12299,raw_position_sample,2,3,adv,25,4,18,19,64, I ,815,295,1711150.800000012,69aefaccbf52402fcb03f38a,69aefaccbf52402fcb03f38a,advanced,4,69aefaccbf52402fcb03f38a,69aefaccbf52402fcb03f38a,spotlight_PROLIFIC,,36,Chile,Spanish,"Spanish, English, Japanese",Japanese,Spanish:75|English:15|Japanese:10,100,Spanish:50|English:35|Japanese:15,100,Spanish:80|English:10|Japanese:10,100,7,5,Bachelor's,10,10,10,7,7,10,5,22,8,15,Duolingo,130,,,,,17,25,B1,intermediate|advanced,intermediate|advanced,cambridge_15_21_random_intermediate_advanced,4,19,random,,283.265625,805.515625,303.265625,815.53125,5,5,,,,,,,,,,,,2026-09-22T16:00:40.289Z,HM6QAFBU,2026-09-22,2026-09-22,13:00:40,2026-09-22 13:00:40,,,,,,,,69aefaccbf52402fcb03f38a,69aefaccbf52402fcb03f38a,,,,
12348,raw_position_sample,2,3,adv,25,4,18,19,64, I ,815,295,1711199.300000012,69aefaccbf52402fcb03f38a,69aefaccbf52402fcb03f38a,advanced,4,69aefaccbf52402fcb03f38a,69aefaccbf52402fcb03f38a,spotlight_PROLIFIC,,36,Chile,Spanish,"Spanish, English, Japanese",Japanese,Spanish:75|English:15|Japanese:10,100,Spanish:50|English:35|Japanese:15,100,Spanish:80|English:10|Japanese:10,100,7,5,Bachelor's,10,10,10,7,7,10,5,22,8,15,Duolingo,130,,,,,17,25,B1,intermediate|advanced,intermediate|advanced,cambridge_15_21_random_intermediate_advanced,4,19,random,,283.265625,805.515625,303.265625,815.53125,5,5,,,,,,,,,,,,2026-09-22T16:00:40.289Z,HM6QAFBU,2026-09-22,2026-09-22,13:00:40,2026-09-22 13:00:40,,,,,,,,69aefaccbf52402fcb03f38a,69aefaccbf52402fcb03f38a,,,,
12401,raw_position_sample,2,3,adv,25,4,18,19,64, I ,815,295,1711252.800000012,69aefaccbf52402fcb03f38a,69aefaccbf52402fcb03f38a,advanced,4,69aefaccbf52402fcb03f38a,69aefaccbf52402fcb03f38a,spotlight_PROLIFIC,,36,Chile,Spanish,"Spanish, English, Japanese",Japanese,Spanish:75|English:15|Japanese:10,100,Spanish:50|English:35|Japanese:15,100,Spanish:80|English:10|Japanese:10,100,7,5,Bachelor's,10,10,10,7,7,10,5,22,8,15,Duolingo,130,,,,,17,25,B1,intermediate|advanced,intermediate|advanced,cambridge_15_21_random_intermediate_advanced,4,19,random,,283.265625,805.515625,303.265625,815.53125,5,5,,,,,,,,,,,,2026-09-22T16:00:40.289Z,HM6QAFBU,2026-09-22,2026-09-22,13:00:40,2026-09-22 13:00:40,,,,,,,,69aefaccbf52402fcb03f38a,69aefaccbf52402fcb03f38a,,,,
12449,raw_position_sample,2,3,adv,25,4,18,19,64, I ,815,295,1711300.199999988,69aefaccbf52402fcb03f38a,69aefaccbf52402fcb03f38a,advanced,4,69aefaccbf52402fcb03f38a,69aefaccbf52402fcb03f38a,spotlight_PROLIFIC,,36,Chile,Spanish,"Spanish, English, Japanese",Japanese,Spanish:75|English:15|Japanese:10,100,Spanish:50|English:35|Japanese:15,100,Spanish:80|English:10|Japanese:10,100,7,5,Bachelor's,10,10,10,7,7,10,5,22,8,15,Duolingo,130,,,,,17,25,B1,intermediate|advanced,intermediate|advanced,cambridge_15_21_random_intermediate_advanced,4,19,random,,283.265625,805.515625,303.265625,815.53125,5,5,,,,,,,,,,,,2026-09-22T16:00:40.289Z,HM6QAFBU,2026-09-22,2026-09-22,13:00:40,2026-09-22 13:00:40,,,,,,,,69aefaccbf52402fcb03f38a,69aefaccbf52402fcb03f38a,,,,
12500,raw_position_sample,2,3,adv,25,4,18,19,64, I ,815,295,1711351.1000000238,69aefaccbf52402fcb03f38a,69aefaccbf52402fcb03f38a,advanced,4,69aefaccbf52402fcb03f38a,69aefaccbf52402fcb03f38a,spotlight_PROLIFIC,,36,Chile,Spanish,"Spanish, English, Japanese",Japanese,Spanish:75|English:15|Japanese:10,100,Spanish:50|English:35|Japanese:15,100,Spanish:80|English:10|Japanese:10,100,7,5,Bachelor's,10,10,10,7,7,10,5,22,8,15,Duolingo,130,,,,,17,25,B1,intermediate|advanced,intermediate|advanced,cambridge_15_21_random_intermediate_advanced,4,19,random,,283.265625,805.515625,303.265625,815.53125,5,5,,,,,,,,,,,,2026-09-22T16:00:40.289Z,HM6QAFBU,2026-09-22,2026-09-22,13:00:40,2026-09-22 13:00:40,,,,,,,,69aefaccbf52402fcb03f38a,69aefaccbf52402fcb03f38a,,,,
12502,hover_association,2,3,adv,25,4,18,19,64, I ,809,293,,69aefaccbf52402fcb03f38a,69aefaccbf52402fcb03f38a,advanced,4,69aefaccbf52402fcb03f38a,69aefaccbf52402fcb03f38a,spotlight_PROLIFIC,,36,Chile,Spanish,"Spanish, English, Japanese",Japanese,Spanish:75|English:15|Japanese:10,100,Spanish:50|English:35|Japanese:15,100,Spanish:80|English:10|Japanese:10,100,7,5,Bachelor's,10,10,10,7,7,10,5,22,8,15,Duolingo,130,,,,,17,25,B1,intermediate|advanced,intermediate|advanced,cambridge_15_21_random_intermediate_advanced,4,19,random,,273.265625,805.515625,313.265625,815.53125,5,5,hover,934.5,934.5,0.9469578783151326,0.543359375,165,,,,,,2026-09-22T16:00:40.289Z,HM6QAFBU,2026-09-22,2026-09-22,13:00:40,2026-09-22 13:00:40,,,,,,,,69aefaccbf52402fcb03f38a,69aefaccbf52402fcb03f38a,,,,
12551,raw_position_sample,2,3,adv,25,4,18,19,65, hate ,851,281,1711402.800000012,69aefaccbf52402fcb03f38a,69aefaccbf52402fcb03f38a,advanced,4,69aefaccbf52402fcb03f38a,69aefaccbf52402fcb03f38a,spotlight_PROLIFIC,,36,Chile,Spanish,"Spanish, English, Japanese",Japanese,Spanish:75|English:15|Japanese:10,100,Spanish:50|English:35|Japanese:15,100,Spanish:80|English:10|Japanese:10,100,7,5,Bachelor's,10,10,10,7,7,10,5,22,8,15,Duolingo,130,,,,,17,25,B1,intermediate|advanced,intermediate|advanced,cambridge_15_21_random_intermediate_advanced,4,19,random,,283.265625,815.53125,303.265625,855.578125,5,6,,,,,,,,,,,,2026-09-22T16:00:40.289Z,HM6QAFBU,2026-09-22,2026-09-22,13:00:40,2026-09-22 13:00:40,,,,,,,,69aefaccbf52402fcb03f38a,69aefaccbf52402fcb03f38a,,,,
12567,hover_association,2,3,adv,25,4,18,19,65, hate ,818,293,,69aefaccbf52402fcb03f38a,69aefaccbf52402fcb03f38a,advanced,4,69aefaccbf52402fcb03f38a,69aefaccbf52402fcb03f38a,spotlight_PROLIFIC,,36,Chile,Spanish,"Spanish, English, Japanese",Japanese,Spanish:75|English:15|Japanese:10,100,Spanish:50|English:35|Japanese:15,100,Spanish:80|English:10|Japanese:10,100,7,5,Bachelor's,10,10,10,7,7,10,5,22,8,15,Duolingo,130,,,,,17,25,B1,intermediate|advanced,intermediate|advanced,cambridge_15_21_random_intermediate_advanced,4,19,random,,273.265625,815.53125,313.265625,855.578125,5,6,hover,64.90000003576279,64.90000003576279,0.8856808427623878,0.193359375,165,,,,,,2026-09-22T16:00:40.289Z,HM6QAFBU,2026-09-22,2026-09-22,13:00:40,2026-09-22 13:00:40,,,,,,,,69aefaccbf52402fcb03f38a,69aefaccbf52402fcb03f38a,,,,
12607,raw_position_sample,2,3,adv,25,4,18,19,66, shopping ,882,274,1711458,69aefaccbf52402fcb03f38a,69aefaccbf52402fcb03f38a,advanced,4,69aefaccbf52402fcb03f38a,69aefaccbf52402fcb03f38a,spotlight_PROLIFIC,,36,Chile,Spanish,"Spanish, English, Japanese",Japanese,Spanish:75|English:15|Japanese:10,100,Spanish:50|English:35|Japanese:15,100,Spanish:80|English:10|Japanese:10,100,7,5,Bachelor's,10,10,10,7,7,10,5,22,8,15,Duolingo,130,,,,,17,25,B1,intermediate|advanced,intermediate|advanced,cambridge_15_21_random_intermediate_advanced,4,19,random,,283.265625,855.578125,303.265625,933.65625,5,7,,,,,,,,,,,,2026-09-22T16:00:40.289Z,HM6QAFBU,2026-09-22,2026-09-22,13:00:40,2026-09-22 13:00:40,,,,,,,,69aefaccbf52402fcb03f38a,69aefaccbf52402fcb03f38a,,,,
12618,hover_association,2,3,adv,25,4,18,19,66, shopping ,863,278,,69aefaccbf52402fcb03f38a,69aefaccbf52402fcb03f38a,advanced,4,69aefaccbf52402fcb03f38a,69aefaccbf52402fcb03f38a,spotlight_PROLIFIC,,36,Chile,Spanish,"Spanish, English, Japanese",Japanese,Spanish:75|English:15|Japanese:10,100,Spanish:50|English:35|Japanese:15,100,Spanish:80|English:10|Japanese:10,100,7,5,Bachelor's,10,10,10,7,7,10,5,22,8,15,Duolingo,130,,,,,17,25,B1,intermediate|advanced,intermediate|advanced,cambridge_15_21_random_intermediate_advanced,4,19,random,,273.265625,855.578125,313.265625,933.65625,5,7,hover,50.09999996423721,50.09999996423721,0.33840304182509506,0.018359375,165,,,,,,2026-09-22T16:00:40.289Z,HM6QAFBU,2026-09-22,2026-09-22,13:00:40,2026-09-22 13:00:40,,,,,,,,69aefaccbf52402fcb03f38a,69aefaccbf52402fcb03f38a,,,,
12651,hover_association,2,3,adv,25,4,18,19,48, it’s ,891,272,,69aefaccbf52402fcb03f38a,69aefaccbf52402fcb03f38a,advanced,4,69aefaccbf52402fcb03f38a,69aefaccbf52402fcb03f38a,spotlight_PROLIFIC,,36,Chile,Spanish,"Spanish, English, Japanese",Japanese,Spanish:75|English:15|Japanese:10,100,Spanish:50|English:35|Japanese:15,100,Spanish:80|English:10|Japanese:10,100,7,5,Bachelor's,10,10,10,7,7,10,5,22,8,15,Duolingo,130,,,,,17,25,B1,intermediate|advanced,intermediate|advanced,cambridge_15_21_random_intermediate_advanced,4,19,random,,233.265625,884.5625,273.265625,911.25,4,8,hover,33.5,33.5,0.765807962529274,0.893359375,165,,,,,,2026-09-22T16:00:40.289Z,HM6QAFBU,2026-09-22,2026-09-22,13:00:40,2026-09-22 13:00:40,,,,,,,,69aefaccbf52402fcb03f38a,69aefaccbf52402fcb03f38a,,,,
12653,raw_position_sample,2,3,adv,25,4,18,19,49, enough ,918,266,1711504.5,69aefaccbf52402fcb03f38a,69aefaccbf52402fcb03f38a,advanced,4,69aefaccbf52402fcb03f38a,69aefaccbf52402fcb03f38a,spotlight_PROLIFIC,,36,Chile,Spanish,"Spanish, English, Japanese",Japanese,Spanish:75|English:15|Japanese:10,100,Spanish:50|English:35|Japanese:15,100,Spanish:80|English:10|Japanese:10,100,7,5,Bachelor's,10,10,10,7,7,10,5,22,8,15,Duolingo,130,,,,,17,25,B1,intermediate|advanced,intermediate|advanced,cambridge_15_21_random_intermediate_advanced,4,19,random,,243.265625,911.25,263.265625,976.328125,4,9,,,,,,,,,,,,2026-09-22T16:00:40.289Z,HM6QAFBU,2026-09-22,2026-09-22,13:00:40,2026-09-22 13:00:40,,,,,,,,69aefaccbf52402fcb03f38a,69aefaccbf52402fcb03f38a,,,,
12702,raw_position_sample,2,3,adv,25,4,18,19,49, enough ,944,260,1711553.8999999762,69aefaccbf52402fcb03f38a,69aefaccbf52402fcb03f38a,advanced,4,69aefaccbf52402fcb03f38a,69aefaccbf52402fcb03f38a,spotlight_PROLIFIC,,36,Chile,Spanish,"Spanish, English, Japanese",Japanese,Spanish:75|English:15|Japanese:10,100,Spanish:50|English:35|Japanese:15,100,Spanish:80|English:10|Japanese:10,100,7,5,Bachelor's,10,10,10,7,7,10,5,22,8,15,Duolingo,130,,,,,17,25,B1,intermediate|advanced,intermediate|advanced,cambridge_15_21_random_intermediate_advanced,4,19,random,,243.265625,911.25,263.265625,976.328125,4,9,,,,,,,,,,,,2026-09-22T16:00:40.289Z,HM6QAFBU,2026-09-22,2026-09-22,13:00:40,2026-09-22 13:00:40,,,,,,,,69aefaccbf52402fcb03f38a,69aefaccbf52402fcb03f38a,,,,
12750,raw_position_sample,2,3,adv,25,4,18,19,49, enough ,956,258,1711601.199999988,69aefaccbf52402fcb03f38a,69aefaccbf52402fcb03f38a,advanced,4,69aefaccbf52402fcb03f38a,69aefaccbf52402fcb03f38a,spotlight_PROLIFIC,,36,Chile,Spanish,"Spanish, English, Japanese",Japanese,Spanish:75|English:15|Japanese:10,100,Spanish:50|English:35|Japanese:15,100,Spanish:80|English:10|Japanese:10,100,7,5,Bachelor's,10,10,10,7,7,10,5,22,8,15,Duolingo,130,,,,,17,25,B1,intermediate|advanced,intermediate|advanced,cambridge_15_21_random_intermediate_advanced,4,19,random,,243.265625,911.25,263.265625,976.328125,4,9,,,,,,,,,,,,2026-09-22T16:00:40.289Z,HM6QAFBU,2026-09-22,2026-09-22,13:00:40,2026-09-22 13:00:40,,,,,,,,69aefaccbf52402fcb03f38a,69aefaccbf52402fcb03f38a,,,,
12785,hover_association,2,3,adv,25,4,18,19,49, enough ,918,266,,69aefaccbf52402fcb03f38a,69aefaccbf52402fcb03f38a,advanced,4,69aefaccbf52402fcb03f38a,69aefaccbf52402fcb03f38a,spotlight_PROLIFIC,,36,Chile,Spanish,"Spanish, English, Japanese",Japanese,Spanish:75|English:15|Japanese:10,100,Spanish:50|English:35|Japanese:15,100,Spanish:80|English:10|Japanese:10,100,7,5,Bachelor's,10,10,10,7,7,10,5,22,8,15,Duolingo,130,,,,,17,25,B1,intermediate|advanced,intermediate|advanced,cambridge_15_21_random_intermediate_advanced,4,19,random,,233.265625,911.25,273.265625,976.328125,4,9,hover,133.60000002384186,133.60000002384186,0.9795918367346939,0.543359375,165,,,,,,2026-09-22T16:00:40.289Z,HM6QAFBU,2026-09-22,2026-09-22,13:00:40,2026-09-22 13:00:40,,,,,,,,69aefaccbf52402fcb03f38a,69aefaccbf52402fcb03f38a,,,,
12803,raw_position_sample,2,3,adv,25,4,18,19,50, to ,990,252,1711654.5,69aefaccbf52402fcb03f38a,69aefaccbf52402fcb03f38a,advanced,4,69aefaccbf52402fcb03f38a,69aefaccbf52402fcb03f38a,spotlight_PROLIFIC,,36,Chile,Spanish,"Spanish, English, Japanese",Japanese,Spanish:75|English:15|Japanese:10,100,Spanish:50|English:35|Japanese:15,100,Spanish:80|English:10|Japanese:10,100,7,5,Bachelor's,10,10,10,7,7,10,5,22,8,15,Duolingo,130,,,,,17,25,B1,intermediate|advanced,intermediate|advanced,cambridge_15_21_random_intermediate_advanced,4,19,random,,243.265625,976.328125,263.265625,996.34375,4,10,,,,,,,,,,,,2026-09-22T16:00:40.289Z,HM6QAFBU,2026-09-22,2026-09-22,13:00:40,2026-09-22 13:00:40,,,,,,,,69aefaccbf52402fcb03f38a,69aefaccbf52402fcb03f38a,,,,
12818,hover_association,2,3,adv,25,4,18,19,50, to ,983,253,,69aefaccbf52402fcb03f38a,69aefaccbf52402fcb03f38a,advanced,4,69aefaccbf52402fcb03f38a,69aefaccbf52402fcb03f38a,spotlight_PROLIFIC,,36,Chile,Spanish,"Spanish, English, Japanese",Japanese,Spanish:75|English:15|Japanese:10,100,Spanish:50|English:35|Japanese:15,100,Spanish:80|English:10|Japanese:10,100,7,5,Bachelor's,10,10,10,7,7,10,5,22,8,15,Duolingo,130,,,,,17,25,B1,intermediate|advanced,intermediate|advanced,cambridge_15_21_random_intermediate_advanced,4,19,random,,233.265625,976.328125,273.265625,996.34375,4,10,hover,33.30000001192093,33.30000001192093,0.6830601092896175,0.468359375,165,,,,,,2026-09-22T16:00:40.289Z,HM6QAFBU,2026-09-22,2026-09-22,13:00:40,2026-09-22 13:00:40,,,,,,,,69aefaccbf52402fcb03f38a,69aefaccbf52402fcb03f38a,,,,
12854,raw_position_sample,2,3,adv,25,4,18,19,51, live ,1016,249,1711705,69aefaccbf52402fcb03f38a,69aefaccbf52402fcb03f38a,advanced,4,69aefaccbf52402fcb03f38a,69aefaccbf52402fcb03f38a,spotlight_PROLIFIC,,36,Chile,Spanish,"Spanish, English, Japanese",Japanese,Spanish:75|English:15|Japanese:10,100,Spanish:50|English:35|Japanese:15,100,Spanish:80|English:10|Japanese:10,100,7,5,Bachelor's,10,10,10,7,7,10,5,22,8,15,Duolingo,130,,,,,17,25,B1,intermediate|advanced,intermediate|advanced,cambridge_15_21_random_intermediate_advanced,4,19,random,,243.265625,996.34375,263.265625,1028.359375,4,11,,,,,,,,,,,,2026-09-22T16:00:40.289Z,HM6QAFBU,2026-09-22,2026-09-22,13:00:40,2026-09-22 13:00:40,,,,,,,,69aefaccbf52402fcb03f38a,69aefaccbf52402fcb03f38a,,,,
12884,hover_association,2,3,adv,25,4,18,19,51, live ,1001,250,,69aefaccbf52402fcb03f38a,69aefaccbf52402fcb03f38a,advanced,4,69aefaccbf52402fcb03f38a,69aefaccbf52402fcb03f38a,spotlight_PROLIFIC,,36,Chile,Spanish,"Spanish, English, Japanese",Japanese,Spanish:75|English:15|Japanese:10,100,Spanish:50|English:35|Japanese:15,100,Spanish:80|English:10|Japanese:10,100,7,5,Bachelor's,10,10,10,7,7,10,5,22,8,15,Duolingo,130,,,,,17,25,B1,intermediate|advanced,intermediate|advanced,cambridge_15_21_random_intermediate_advanced,4,19,random,,233.265625,996.34375,273.265625,1028.359375,4,11,hover,66.5,66.5,0.895070766227428,0.393359375,165,,,,,,2026-09-22T16:00:40.289Z,HM6QAFBU,2026-09-22,2026-09-22,13:00:40,2026-09-22 13:00:40,,,,,,,,69aefaccbf52402fcb03f38a,69aefaccbf52402fcb03f38a,,,,
12903,raw_position_sample,2,3,adv,25,4,18,19,52, on. ,1035,248,1711754.699999988,69aefaccbf52402fcb03f38a,69aefaccbf52402fcb03f38a,advanced,4,69aefaccbf52402fcb03f38a,69aefaccbf52402fcb03f38a,spotlight_PROLIFIC,,36,Chile,Spanish,"Spanish, English, Japanese",Japanese,Spanish:75|English:15|Japanese:10,100,Spanish:50|English:35|Japanese:15,100,Spanish:80|English:10|Japanese:10,100,7,5,Bachelor's,10,10,10,7,7,10,5,22,8,15,Duolingo,130,,,,,17,25,B1,intermediate|advanced,intermediate|advanced,cambridge_15_21_random_intermediate_advanced,4,19,random,,243.265625,1028.359375,263.265625,1058.390625,4,12,,,,,,,,,,,,2026-09-22T16:00:40.289Z,HM6QAFBU,2026-09-22,2026-09-22,13:00:40,2026-09-22 13:00:40,,,,,,,,69aefaccbf52402fcb03f38a,69aefaccbf52402fcb03f38a,,,,
12951,raw_position_sample,2,3,adv,25,4,18,19,52, on. ,1040,248,1711802.8999999762,69aefaccbf52402fcb03f38a,69aefaccbf52402fcb03f38a,advanced,4,69aefaccbf52402fcb03f38a,69aefaccbf52402fcb03f38a,spotlight_PROLIFIC,,36,Chile,Spanish,"Spanish, English, Japanese",Japanese,Spanish:75|English:15|Japanese:10,100,Spanish:50|English:35|Japanese:15,100,Spanish:80|English:10|Japanese:10,100,7,5,Bachelor's,10,10,10,7,7,10,5,22,8,15,Duolingo,130,,,,,17,25,B1,intermediate|advanced,intermediate|advanced,cambridge_15_21_random_intermediate_advanced,4,19,random,,243.265625,1028.359375,263.265625,1058.390625,4,12,,,,,,,,,,,,2026-09-22T16:00:40.289Z,HM6QAFBU,2026-09-22,2026-09-22,13:00:40,2026-09-22 13:00:40,,,,,,,,69aefaccbf52402fcb03f38a,69aefaccbf52402fcb03f38a,,,,
13000,raw_position_sample,2,3,adv,25,4,18,19,52, on. ,1042,248,1711851.5,69aefaccbf52402fcb03f38a,69aefaccbf52402fcb03f38a,advanced,4,69aefaccbf52402fcb03f38a,69aefaccbf52402fcb03f38a,spotlight_PROLIFIC,,36,Chile,Spanish,"Spanish, English, Japanese",Japanese,Spanish:75|English:15|Japanese:10,100,Spanish:50|English:35|Japanese:15,100,Spanish:80|English:10|Japanese:10,100,7,5,Bachelor's,10,10,10,7,7,10,5,22,8,15,Duolingo,130,,,,,17,25,B1,intermediate|advanced,intermediate|advanced,cambridge_15_21_random_intermediate_advanced,4,19,random,,243.265625,1028.359375,263.265625,1058.390625,4,12,,,,,,,,,,,,2026-09-22T16:00:40.289Z,HM6QAFBU,2026-09-22,2026-09-22,13:00:40,2026-09-22 13:00:40,,,,,,,,69aefaccbf52402fcb03f38a,69aefaccbf52402fcb03f38a,,,,
13056,raw_position_sample,2,3,adv,25,4,18,19,52, on. ,1054,248,1711907.3999999762,69aefaccbf52402fcb03f38a,69aefaccbf52402fcb03f38a,advanced,4,69aefaccbf52402fcb03f38a,69aefaccbf52402fcb03f38a,spotlight_PROLIFIC,,36,Chile,Spanish,"Spanish, English, Japanese",Japanese,Spanish:75|English:15|Japanese:10,100,Spanish:50|English:35|Japanese:15,100,Spanish:80|English:10|Japanese:10,100,7,5,Bachelor's,10,10,10,7,7,10,5,22,8,15,Duolingo,130,,,,,17,25,B1,intermediate|advanced,intermediate|advanced,cambridge_15_21_random_intermediate_advanced,4,19,random,,243.265625,1028.359375,263.265625,1058.390625,4,12,,,,,,,,,,,,2026-09-22T16:00:40.289Z,HM6QAFBU,2026-09-22,2026-09-22,13:00:40,2026-09-22 13:00:40,,,,,,,,69aefaccbf52402fcb03f38a,69aefaccbf52402fcb03f38a,,,,
13101,raw_position_sample,2,3,adv,25,4,18,19,52, on. ,1057,248,1711952,69aefaccbf52402fcb03f38a,69aefaccbf52402fcb03f38a,advanced,4,69aefaccbf52402fcb03f38a,69aefaccbf52402fcb03f38a,spotlight_PROLIFIC,,36,Chile,Spanish,"Spanish, English, Japanese",Japanese,Spanish:75|English:15|Japanese:10,100,Spanish:50|English:35|Japanese:15,100,Spanish:80|English:10|Japanese:10,100,7,5,Bachelor's,10,10,10,7,7,10,5,22,8,15,Duolingo,130,,,,,17,25,B1,intermediate|advanced,intermediate|advanced,cambridge_15_21_random_intermediate_advanced,4,19,random,,243.265625,1028.359375,263.265625,1058.390625,4,12,,,,,,,,,,,,2026-09-22T16:00:40.289Z,HM6QAFBU,2026-09-22,2026-09-22,13:00:40,2026-09-22 13:00:40,,,,,,,,69aefaccbf52402fcb03f38a,69aefaccbf52402fcb03f38a,,,,
13135,hover_association,2,3,adv,25,4,18,19,52, on. ,1031,249,,69aefaccbf52402fcb03f38a,69aefaccbf52402fcb03f38a,advanced,4,69aefaccbf52402fcb03f38a,69aefaccbf52402fcb03f38a,spotlight_PROLIFIC,,36,Chile,Spanish,"Spanish, English, Japanese",Japanese,Spanish:75|English:15|Japanese:10,100,Spanish:50|English:35|Japanese:15,100,Spanish:80|English:10|Japanese:10,100,7,5,Bachelor's,10,10,10,7,7,10,5,22,8,15,Duolingo,130,,,,,17,25,B1,intermediate|advanced,intermediate|advanced,cambridge_15_21_random_intermediate_advanced,4,19,random,,233.265625,1028.359375,273.265625,1058.390625,4,12,hover,249.89999997615814,249.89999997615814,0.9869927159209158,0.368359375,165,,,,,,2026-09-22T16:00:40.289Z,HM6QAFBU,2026-09-22,2026-09-22,13:00:40,2026-09-22 13:00:40,,,,,,,,69aefaccbf52402fcb03f38a,69aefaccbf52402fcb03f38a,,,,
13149,raw_position_sample,2,3,adv,25,4,18,19,53, But ,1059,248,1712000.6000000238,69aefaccbf52402fcb03f38a,69aefaccbf52402fcb03f38a,advanced,4,69aefaccbf52402fcb03f38a,69aefaccbf52402fcb03f38a,spotlight_PROLIFIC,,36,Chile,Spanish,"Spanish, English, Japanese",Japanese,Spanish:75|English:15|Japanese:10,100,Spanish:50|English:35|Japanese:15,100,Spanish:80|English:10|Japanese:10,100,7,5,Bachelor's,10,10,10,7,7,10,5,22,8,15,Duolingo,130,,,,,17,25,B1,intermediate|advanced,intermediate|advanced,cambridge_15_21_random_intermediate_advanced,4,19,random,,243.265625,1058.390625,263.265625,1090.421875,4,13,,,,,,,,,,,,2026-09-22T16:00:40.289Z,HM6QAFBU,2026-09-22,2026-09-22,13:00:40,2026-09-22 13:00:40,,,,,,,,69aefaccbf52402fcb03f38a,69aefaccbf52402fcb03f38a,,,,
13199,raw_position_sample,2,3,adv,25,4,18,19,53, But ,1071,248,1712050.300000012,69aefaccbf52402fcb03f38a,69aefaccbf52402fcb03f38a,advanced,4,69aefaccbf52402fcb03f38a,69aefaccbf52402fcb03f38a,spotlight_PROLIFIC,,36,Chile,Spanish,"Spanish, English, Japanese",Japanese,Spanish:75|English:15|Japanese:10,100,Spanish:50|English:35|Japanese:15,100,Spanish:80|English:10|Japanese:10,100,7,5,Bachelor's,10,10,10,7,7,10,5,22,8,15,Duolingo,130,,,,,17,25,B1,intermediate|advanced,intermediate|advanced,cambridge_15_21_random_intermediate_advanced,4,19,random,,243.265625,1058.390625,263.265625,1090.421875,4,13,,,,,,,,,,,,2026-09-22T16:00:40.289Z,HM6QAFBU,2026-09-22,2026-09-22,13:00:40,2026-09-22 13:00:40,,,,,,,,69aefaccbf52402fcb03f38a,69aefaccbf52402fcb03f38a,,,,
13256,raw_position_sample,2,3,adv,25,4,18,19,53, But ,1085,248,1712107.800000012,69aefaccbf52402fcb03f38a,69aefaccbf52402fcb03f38a,advanced,4,69aefaccbf52402fcb03f38a,69aefaccbf52402fcb03f38a,spotlight_PROLIFIC,,36,Chile,Spanish,"Spanish, English, Japanese",Japanese,Spanish:75|English:15|Japanese:10,100,Spanish:50|English:35|Japanese:15,100,Spanish:80|English:10|Japanese:10,100,7,5,Bachelor's,10,10,10,7,7,10,5,22,8,15,Duolingo,130,,,,,17,25,B1,intermediate|advanced,intermediate|advanced,cambridge_15_21_random_intermediate_advanced,4,19,random,,243.265625,1058.390625,263.265625,1090.421875,4,13,,,,,,,,,,,,2026-09-22T16:00:40.289Z,HM6QAFBU,2026-09-22,2026-09-22,13:00:40,2026-09-22 13:00:40,,,,,,,,69aefaccbf52402fcb03f38a,69aefaccbf52402fcb03f38a,,,,
13284,hover_association,2,3,adv,25,4,18,19,53, But ,1059,248,,69aefaccbf52402fcb03f38a,69aefaccbf52402fcb03f38a,advanced,4,69aefaccbf52402fcb03f38a,69aefaccbf52402fcb03f38a,spotlight_PROLIFIC,,36,Chile,Spanish,"Spanish, English, Japanese",Japanese,Spanish:75|English:15|Japanese:10,100,Spanish:50|English:35|Japanese:15,100,Spanish:80|English:10|Japanese:10,100,7,5,Bachelor's,10,10,10,7,7,10,5,22,8,15,Duolingo,130,,,,,17,25,B1,intermediate|advanced,intermediate|advanced,cambridge_15_21_random_intermediate_advanced,4,19,random,,233.265625,1058.390625,273.265625,1090.421875,4,13,hover,150,150,0.9868292682926829,0.343359375,165,,,,,,2026-09-22T16:00:40.289Z,HM6QAFBU,2026-09-22,2026-09-22,13:00:40,2026-09-22 13:00:40,,,,,,,,69aefaccbf52402fcb03f38a,69aefaccbf52402fcb03f38a,,,,
13300,hover_association,2,3,adv,25,4,18,19,54, I ,1095,247,,69aefaccbf52402fcb03f38a,69aefaccbf52402fcb03f38a,advanced,4,69aefaccbf52402fcb03f38a,69aefaccbf52402fcb03f38a,spotlight_PROLIFIC,,36,Chile,Spanish,"Spanish, English, Japanese",Japanese,Spanish:75|English:15|Japanese:10,100,Spanish:50|English:35|Japanese:15,100,Spanish:80|English:10|Japanese:10,100,7,5,Bachelor's,10,10,10,7,7,10,5,22,8,15,Duolingo,130,,,,,17,25,B1,intermediate|advanced,intermediate|advanced,cambridge_15_21_random_intermediate_advanced,4,19,random,,233.265625,1090.421875,273.265625,1100.4375,4,14,hover,16.30000001192093,16.30000001192093,0.45709828393135726,0.343359375,165,,,,,,2026-09-22T16:00:40.289Z,HM6QAFBU,2026-09-22,2026-09-22,13:00:40,2026-09-22 13:00:40,,,,,,,,69aefaccbf52402fcb03f38a,69aefaccbf52402fcb03f38a,,,,
13301,raw_position_sample,2,3,adv,25,4,18,19,55, don’t ,1101,247,1712152.699999988,69aefaccbf52402fcb03f38a,69aefaccbf52402fcb03f38a,advanced,4,69aefaccbf52402fcb03f38a,69aefaccbf52402fcb03f38a,spotlight_PROLIFIC,,36,Chile,Spanish,"Spanish, English, Japanese",Japanese,Spanish:75|English:15|Japanese:10,100,Spanish:50|English:35|Japanese:15,100,Spanish:80|English:10|Japanese:10,100,7,5,Bachelor's,10,10,10,7,7,10,5,22,8,15,Duolingo,130,,,,,17,25,B1,intermediate|advanced,intermediate|advanced,cambridge_15_21_random_intermediate_advanced,4,19,random,,243.265625,1100.4375,263.265625,1144.484375,4,15,,,,,,,,,,,,2026-09-22T16:00:40.289Z,HM6QAFBU,2026-09-22,2026-09-22,13:00:40,2026-09-22 13:00:40,,,,,,,,69aefaccbf52402fcb03f38a,69aefaccbf52402fcb03f38a,,,,
13349,raw_position_sample,2,3,adv,25,4,18,19,55, don’t ,1116,247,1712200.199999988,69aefaccbf52402fcb03f38a,69aefaccbf52402fcb03f38a,advanced,4,69aefaccbf52402fcb03f38a,69aefaccbf52402fcb03f38a,spotlight_PROLIFIC,,36,Chile,Spanish,"Spanish, English, Japanese",Japanese,Spanish:75|English:15|Japanese:10,100,Spanish:50|English:35|Japanese:15,100,Spanish:80|English:10|Japanese:10,100,7,5,Bachelor's,10,10,10,7,7,10,5,22,8,15,Duolingo,130,,,,,17,25,B1,intermediate|advanced,intermediate|advanced,cambridge_15_21_random_intermediate_advanced,4,19,random,,243.265625,1100.4375,263.265625,1144.484375,4,15,,,,,,,,,,,,2026-09-22T16:00:40.289Z,HM6QAFBU,2026-09-22,2026-09-22,13:00:40,2026-09-22 13:00:40,,,,,,,,69aefaccbf52402fcb03f38a,69aefaccbf52402fcb03f38a,,,,
13402,hover_association,2,3,adv,25,4,18,19,55, don’t ,1101,247,,69aefaccbf52402fcb03f38a,69aefaccbf52402fcb03f38a,advanced,4,69aefaccbf52402fcb03f38a,69aefaccbf52402fcb03f38a,spotlight_PROLIFIC,,36,Chile,Spanish,"Spanish, English, Japanese",Japanese,Spanish:75|English:15|Japanese:10,100,Spanish:50|English:35|Japanese:15,100,Spanish:80|English:10|Japanese:10,100,7,5,Bachelor's,10,10,10,7,7,10,5,22,8,15,Duolingo,130,,,,,17,25,B1,intermediate|advanced,intermediate|advanced,cambridge_15_21_random_intermediate_advanced,4,19,random,,233.265625,1100.4375,273.265625,1144.484375,4,15,hover,100.80000001192093,100.80000001192093,0.9890031926214969,0.343359375,165,,,,,,2026-09-22T16:00:40.289Z,HM6QAFBU,2026-09-22,2026-09-22,13:00:40,2026-09-22 13:00:40,,,,,,,,69aefaccbf52402fcb03f38a,69aefaccbf52402fcb03f38a,,,,
13407,raw_position_sample,2,3,adv,25,4,18,19,56, do ,1153,247,1712257.8999999762,69aefaccbf52402fcb03f38a,69aefaccbf52402fcb03f38a,advanced,4,69aefaccbf52402fcb03f38a,69aefaccbf52402fcb03f38a,spotlight_PROLIFIC,,36,Chile,Spanish,"Spanish, English, Japanese",Japanese,Spanish:75|English:15|Japanese:10,100,Spanish:50|English:35|Japanese:15,100,Spanish:80|English:10|Japanese:10,100,7,5,Bachelor's,10,10,10,7,7,10,5,22,8,15,Duolingo,130,,,,,17,25,B1,intermediate|advanced,intermediate|advanced,cambridge_15_21_random_intermediate_advanced,4,19,random,,243.265625,1144.484375,263.265625,1169.515625,4,16,,,,,,,,,,,,2026-09-22T16:00:40.289Z,HM6QAFBU,2026-09-22,2026-09-22,13:00:40,2026-09-22 13:00:40,,,,,,,,69aefaccbf52402fcb03f38a,69aefaccbf52402fcb03f38a,,,,
13451,hover_association,2,3,adv,25,4,18,19,56, do ,1153,247,,69aefaccbf52402fcb03f38a,69aefaccbf52402fcb03f38a,advanced,4,69aefaccbf52402fcb03f38a,69aefaccbf52402fcb03f38a,spotlight_PROLIFIC,,36,Chile,Spanish,"Spanish, English, Japanese",Japanese,Spanish:75|English:15|Japanese:10,100,Spanish:50|English:35|Japanese:15,100,Spanish:80|English:10|Japanese:10,100,7,5,Bachelor's,10,10,10,7,7,10,5,22,8,15,Duolingo,130,,,,,17,25,B1,intermediate|advanced,intermediate|advanced,cambridge_15_21_random_intermediate_advanced,4,19,random,,233.265625,1144.484375,273.265625,1169.515625,4,16,hover,49.69999998807907,49.69999998807907,0.9394506866416978,0.343359375,165,,,,,,2026-09-22T16:00:40.289Z,HM6QAFBU,2026-09-22,2026-09-22,13:00:40,2026-09-22 13:00:40,,,,,,,,69aefaccbf52402fcb03f38a,69aefaccbf52402fcb03f38a,,,,
13454,raw_position_sample,2,3,adv,25,4,18,19,57, it ,1177,247,1712305.1000000238,69aefaccbf52402fcb03f38a,69aefaccbf52402fcb03f38a,advanced,4,69aefaccbf52402fcb03f38a,69aefaccbf52402fcb03f38a,spotlight_PROLIFIC,,36,Chile,Spanish,"Spanish, English, Japanese",Japanese,Spanish:75|English:15|Japanese:10,100,Spanish:50|English:35|Japanese:15,100,Spanish:80|English:10|Japanese:10,100,7,5,Bachelor's,10,10,10,7,7,10,5,22,8,15,Duolingo,130,,,,,17,25,B1,intermediate|advanced,intermediate|advanced,cambridge_15_21_random_intermediate_advanced,4,19,random,,243.265625,1169.515625,263.265625,1183.53125,4,17,,,,,,,,,,,,2026-09-22T16:00:40.289Z,HM6QAFBU,2026-09-22,2026-09-22,13:00:40,2026-09-22 13:00:40,,,,,,,,69aefaccbf52402fcb03f38a,69aefaccbf52402fcb03f38a,,,,
13467,hover_association,2,3,adv,25,4,18,19,57, it ,1177,247,,69aefaccbf52402fcb03f38a,69aefaccbf52402fcb03f38a,advanced,4,69aefaccbf52402fcb03f38a,69aefaccbf52402fcb03f38a,spotlight_PROLIFIC,,36,Chile,Spanish,"Spanish, English, Japanese",Japanese,Spanish:75|English:15|Japanese:10,100,Spanish:50|English:35|Japanese:15,100,Spanish:80|English:10|Japanese:10,100,7,5,Bachelor's,10,10,10,7,7,10,5,22,8,15,Duolingo,130,,,,,17,25,B1,intermediate|advanced,intermediate|advanced,cambridge_15_21_random_intermediate_advanced,4,19,random,,233.265625,1169.515625,273.265625,1183.53125,4,17,hover,16.69999998807907,16.69999998807907,0.5340022296544036,0.343359375,165,,,,,,2026-09-22T16:00:40.289Z,HM6QAFBU,2026-09-22,2026-09-22,13:00:40,2026-09-22 13:00:40,,,,,,,,69aefaccbf52402fcb03f38a,69aefaccbf52402fcb03f38a,,,,
13503,raw_position_sample,2,3,adv,25,4,18,19,58, because ,1202,247,1712354.1000000238,69aefaccbf52402fcb03f38a,69aefaccbf52402fcb03f38a,advanced,4,69aefaccbf52402fcb03f38a,69aefaccbf52402fcb03f38a,spotlight_PROLIFIC,,36,Chile,Spanish,"Spanish, English, Japanese",Japanese,Spanish:75|English:15|Japanese:10,100,Spanish:50|English:35|Japanese:15,100,Spanish:80|English:10|Japanese:10,100,7,5,Bachelor's,10,10,10,7,7,10,5,22,8,15,Duolingo,130,,,,,17,25,B1,intermediate|advanced,intermediate|advanced,cambridge_15_21_random_intermediate_advanced,4,19,random,,243.265625,1183.53125,263.265625,1256.59375,4,18,,,,,,,,,,,,2026-09-22T16:00:40.289Z,HM6QAFBU,2026-09-22,2026-09-22,13:00:40,2026-09-22 13:00:40,,,,,,,,69aefaccbf52402fcb03f38a,69aefaccbf52402fcb03f38a,,,,
13554,raw_position_sample,2,3,adv,25,4,18,19,58, because ,1228,247,1712405.300000012,69aefaccbf52402fcb03f38a,69aefaccbf52402fcb03f38a,advanced,4,69aefaccbf52402fcb03f38a,69aefaccbf52402fcb03f38a,spotlight_PROLIFIC,,36,Chile,Spanish,"Spanish, English, Japanese",Japanese,Spanish:75|English:15|Japanese:10,100,Spanish:50|English:35|Japanese:15,100,Spanish:80|English:10|Japanese:10,100,7,5,Bachelor's,10,10,10,7,7,10,5,22,8,15,Duolingo,130,,,,,17,25,B1,intermediate|advanced,intermediate|advanced,cambridge_15_21_random_intermediate_advanced,4,19,random,,243.265625,1183.53125,263.265625,1256.59375,4,18,,,,,,,,,,,,2026-09-22T16:00:40.289Z,HM6QAFBU,2026-09-22,2026-09-22,13:00:40,2026-09-22 13:00:40,,,,,,,,69aefaccbf52402fcb03f38a,69aefaccbf52402fcb03f38a,,,,
13603,raw_position_sample,2,3,adv,25,4,18,19,58, because ,1243,247,1712454.800000012,69aefaccbf52402fcb03f38a,69aefaccbf52402fcb03f38a,advanced,4,69aefaccbf52402fcb03f38a,69aefaccbf52402fcb03f38a,spotlight_PROLIFIC,,36,Chile,Spanish,"Spanish, English, Japanese",Japanese,Spanish:75|English:15|Japanese:10,100,Spanish:50|English:35|Japanese:15,100,Spanish:80|English:10|Japanese:10,100,7,5,Bachelor's,10,10,10,7,7,10,5,22,8,15,Duolingo,130,,,,,17,25,B1,intermediate|advanced,intermediate|advanced,cambridge_15_21_random_intermediate_advanced,4,19,random,,243.265625,1183.53125,263.265625,1256.59375,4,18,,,,,,,,,,,,2026-09-22T16:00:40.289Z,HM6QAFBU,2026-09-22,2026-09-22,13:00:40,2026-09-22 13:00:40,,,,,,,,69aefaccbf52402fcb03f38a,69aefaccbf52402fcb03f38a,,,,
13650,raw_position_sample,2,3,adv,25,4,18,19,58, because ,1246,247,1712501.800000012,69aefaccbf52402fcb03f38a,69aefaccbf52402fcb03f38a,advanced,4,69aefaccbf52402fcb03f38a,69aefaccbf52402fcb03f38a,spotlight_PROLIFIC,,36,Chile,Spanish,"Spanish, English, Japanese",Japanese,Spanish:75|English:15|Japanese:10,100,Spanish:50|English:35|Japanese:15,100,Spanish:80|English:10|Japanese:10,100,7,5,Bachelor's,10,10,10,7,7,10,5,22,8,15,Duolingo,130,,,,,17,25,B1,intermediate|advanced,intermediate|advanced,cambridge_15_21_random_intermediate_advanced,4,19,random,,243.265625,1183.53125,263.265625,1256.59375,4,18,,,,,,,,,,,,2026-09-22T16:00:40.289Z,HM6QAFBU,2026-09-22,2026-09-22,13:00:40,2026-09-22 13:00:40,,,,,,,,69aefaccbf52402fcb03f38a,69aefaccbf52402fcb03f38a,,,,
13714,raw_position_sample,2,3,adv,25,4,18,19,58, because ,1246,247,1712565.3999999762,69aefaccbf52402fcb03f38a,69aefaccbf52402fcb03f38a,advanced,4,69aefaccbf52402fcb03f38a,69aefaccbf52402fcb03f38a,spotlight_PROLIFIC,,36,Chile,Spanish,"Spanish, English, Japanese",Japanese,Spanish:75|English:15|Japanese:10,100,Spanish:50|English:35|Japanese:15,100,Spanish:80|English:10|Japanese:10,100,7,5,Bachelor's,10,10,10,7,7,10,5,22,8,15,Duolingo,130,,,,,17,25,B1,intermediate|advanced,intermediate|advanced,cambridge_15_21_random_intermediate_advanced,4,19,random,,243.265625,1183.53125,263.265625,1256.59375,4,18,,,,,,,,,,,,2026-09-22T16:00:40.289Z,HM6QAFBU,2026-09-22,2026-09-22,13:00:40,2026-09-22 13:00:40,,,,,,,,69aefaccbf52402fcb03f38a,69aefaccbf52402fcb03f38a,,,,
13748,raw_position_sample,2,3,adv,25,4,18,19,58, because ,1246,247,1712599.6000000238,69aefaccbf52402fcb03f38a,69aefaccbf52402fcb03f38a,advanced,4,69aefaccbf52402fcb03f38a,69aefaccbf52402fcb03f38a,spotlight_PROLIFIC,,36,Chile,Spanish,"Spanish, English, Japanese",Japanese,Spanish:75|English:15|Japanese:10,100,Spanish:50|English:35|Japanese:15,100,Spanish:80|English:10|Japanese:10,100,7,5,Bachelor's,10,10,10,7,7,10,5,22,8,15,Duolingo,130,,,,,17,25,B1,intermediate|advanced,intermediate|advanced,cambridge_15_21_random_intermediate_advanced,4,19,random,,243.265625,1183.53125,263.265625,1256.59375,4,18,,,,,,,,,,,,2026-09-22T16:00:40.289Z,HM6QAFBU,2026-09-22,2026-09-22,13:00:40,2026-09-22 13:00:40,,,,,,,,69aefaccbf52402fcb03f38a,69aefaccbf52402fcb03f38a,,,,
13767,hover_association,2,3,adv,25,4,18,19,58, because ,1187,247,,69aefaccbf52402fcb03f38a,69aefaccbf52402fcb03f38a,advanced,4,69aefaccbf52402fcb03f38a,69aefaccbf52402fcb03f38a,spotlight_PROLIFIC,,36,Chile,Spanish,"Spanish, English, Japanese",Japanese,Spanish:75|English:15|Japanese:10,100,Spanish:50|English:35|Japanese:15,100,Spanish:80|English:10|Japanese:10,100,7,5,Bachelor's,10,10,10,7,7,10,5,22,8,15,Duolingo,130,,,,,17,25,B1,intermediate|advanced,intermediate|advanced,cambridge_15_21_random_intermediate_advanced,4,19,random,,233.265625,1183.53125,273.265625,1256.59375,4,18,hover,299.60000002384186,299.60000002384186,0.8823781009409752,0.343359375,165,,,,,,2026-09-22T16:00:40.289Z,HM6QAFBU,2026-09-22,2026-09-22,13:00:40,2026-09-22 13:00:40,,,,,,,,69aefaccbf52402fcb03f38a,69aefaccbf52402fcb03f38a,,,,
13801,raw_position_sample,2,3,adv,25,4,18,19,59, I ,1261,247,1712652.300000012,69aefaccbf52402fcb03f38a,69aefaccbf52402fcb03f38a,advanced,4,69aefaccbf52402fcb03f38a,69aefaccbf52402fcb03f38a,spotlight_PROLIFIC,,36,Chile,Spanish,"Spanish, English, Japanese",Japanese,Spanish:75|English:15|Japanese:10,100,Spanish:50|English:35|Japanese:15,100,Spanish:80|English:10|Japanese:10,100,7,5,Bachelor's,10,10,10,7,7,10,5,22,8,15,Duolingo,130,,,,,17,25,B1,intermediate|advanced,intermediate|advanced,cambridge_15_21_random_intermediate_advanced,4,19,random,,243.265625,1256.59375,263.265625,1261.609375,4,19,,,,,,,,,,,,2026-09-22T16:00:40.289Z,HM6QAFBU,2026-09-22,2026-09-22,13:00:40,2026-09-22 13:00:40,,,,,,,,69aefaccbf52402fcb03f38a,69aefaccbf52402fcb03f38a,,,,
13803,hover_association,2,3,adv,25,4,18,19,59, I ,1257,247,,69aefaccbf52402fcb03f38a,69aefaccbf52402fcb03f38a,advanced,4,69aefaccbf52402fcb03f38a,69aefaccbf52402fcb03f38a,spotlight_PROLIFIC,,36,Chile,Spanish,"Spanish, English, Japanese",Japanese,Spanish:75|English:15|Japanese:10,100,Spanish:50|English:35|Japanese:15,100,Spanish:80|English:10|Japanese:10,100,7,5,Bachelor's,10,10,10,7,7,10,5,22,8,15,Duolingo,130,,,,,17,25,B1,intermediate|advanced,intermediate|advanced,cambridge_15_21_random_intermediate_advanced,4,19,random,,233.265625,1256.59375,273.265625,1264.7786458333333,4,19,hover,35.09999996423721,35.09999996423721,0.5383391664015322,0.343359375,165,,,,,,2026-09-22T16:00:40.289Z,HM6QAFBU,2026-09-22,2026-09-22,13:00:40,2026-09-22 13:00:40,,,,,,,,69aefaccbf52402fcb03f38a,69aefaccbf52402fcb03f38a,,,,
13854,raw_position_sample,2,3,adv,25,4,18,19,-1,999,1277,248,1712705.300000012,69aefaccbf52402fcb03f38a,69aefaccbf52402fcb03f38a,advanced,4,69aefaccbf52402fcb03f38a,69aefaccbf52402fcb03f38a,spotlight_PROLIFIC,,36,Chile,Spanish,"Spanish, English, Japanese",Japanese,Spanish:75|English:15|Japanese:10,100,Spanish:50|English:35|Japanese:15,100,Spanish:80|English:10|Japanese:10,100,7,5,Bachelor's,10,10,10,7,7,10,5,22,8,15,Duolingo,130,,,,,17,25,B1,intermediate|advanced,intermediate|advanced,cambridge_15_21_random_intermediate_advanced,4,19,random,,,,,,,,,,,,,,,,,,,2026-09-22T16:00:40.289Z,HM6QAFBU,2026-09-22,2026-09-22,13:00:40,2026-09-22 13:00:40,,,,,,,,69aefaccbf52402fcb03f38a,69aefaccbf52402fcb03f38a,,,,
13898,raw_position_sample,2,3,adv,25,4,18,19,-1,999,1277,248,1712749.1000000238,69aefaccbf52402fcb03f38a,69aefaccbf52402fcb03f38a,advanced,4,69aefaccbf52402fcb03f38a,69aefaccbf52402fcb03f38a,spotlight_PROLIFIC,,36,Chile,Spanish,"Spanish, English, Japanese",Japanese,Spanish:75|English:15|Japanese:10,100,Spanish:50|English:35|Japanese:15,100,Spanish:80|English:10|Japanese:10,100,7,5,Bachelor's,10,10,10,7,7,10,5,22,8,15,Duolingo,130,,,,,17,25,B1,intermediate|advanced,intermediate|advanced,cambridge_15_21_random_intermediate_advanced,4,19,random,,,,,,,,,,,,,,,,,,,2026-09-22T16:00:40.289Z,HM6QAFBU,2026-09-22,2026-09-22,13:00:40,2026-09-22 13:00:40,,,,,,,,69aefaccbf52402fcb03f38a,69aefaccbf52402fcb03f38a,,,,
13949,raw_position_sample,2,3,adv,25,4,18,19,-1,999,1279,248,1712799.8999999762,69aefaccbf52402fcb03f38a,69aefaccbf52402fcb03f38a,advanced,4,69aefaccbf52402fcb03f38a,69aefaccbf52402fcb03f38a,spotlight_PROLIFIC,,36,Chile,Spanish,"Spanish, English, Japanese",Japanese,Spanish:75|English:15|Japanese:10,100,Spanish:50|English:35|Japanese:15,100,Spanish:80|English:10|Japanese:10,100,7,5,Bachelor's,10,10,10,7,7,10,5,22,8,15,Duolingo,130,,,,,17,25,B1,intermediate|advanced,intermediate|advanced,cambridge_15_21_random_intermediate_advanced,4,19,random,,,,,,,,,,,,,,,,,,,2026-09-22T16:00:40.289Z,HM6QAFBU,2026-09-22,2026-09-22,13:00:40,2026-09-22 13:00:40,,,,,,,,69aefaccbf52402fcb03f38a,69aefaccbf52402fcb03f38a,,,,
13998,raw_position_sample,2,3,adv,25,4,18,19,-1,999,1279,248,1712849,69aefaccbf52402fcb03f38a,69aefaccbf52402fcb03f38a,advanced,4,69aefaccbf52402fcb03f38a,69aefaccbf52402fcb03f38a,spotlight_PROLIFIC,,36,Chile,Spanish,"Spanish, English, Japanese",Japanese,Spanish:75|English:15|Japanese:10,100,Spanish:50|English:35|Japanese:15,100,Spanish:80|English:10|Japanese:10,100,7,5,Bachelor's,10,10,10,7,7,10,5,22,8,15,Duolingo,130,,,,,17,25,B1,intermediate|advanced,intermediate|advanced,cambridge_15_21_random_intermediate_advanced,4,19,random,,,,,,,,,,,,,,,,,,,2026-09-22T16:00:40.289Z,HM6QAFBU,2026-09-22,2026-09-22,13:00:40,2026-09-22 13:00:40,,,,,,,,69aefaccbf52402fcb03f38a,69aefaccbf52402fcb03f38a,,,,
14056,raw_position_sample,2,3,adv,25,4,18,19,58, because ,1201,250,1712907.5,69aefaccbf52402fcb03f38a,69aefaccbf52402fcb03f38a,advanced,4,69aefaccbf52402fcb03f38a,69aefaccbf52402fcb03f38a,spotlight_PROLIFIC,,36,Chile,Spanish,"Spanish, English, Japanese",Japanese,Spanish:75|English:15|Japanese:10,100,Spanish:50|English:35|Japanese:15,100,Spanish:80|English:10|Japanese:10,100,7,5,Bachelor's,10,10,10,7,7,10,5,22,8,15,Duolingo,130,,,,,17,25,B1,intermediate|advanced,intermediate|advanced,cambridge_15_21_random_intermediate_advanced,4,19,random,,243.265625,1183.53125,263.265625,1256.59375,4,18,,,,,,,,,,,,2026-09-22T16:00:40.289Z,HM6QAFBU,2026-09-22,2026-09-22,13:00:40,2026-09-22 13:00:40,,,,,,,,69aefaccbf52402fcb03f38a,69aefaccbf52402fcb03f38a,,,,
14069,hover_association,2,3,adv,25,4,18,19,58, because ,1244,250,,69aefaccbf52402fcb03f38a,69aefaccbf52402fcb03f38a,advanced,4,69aefaccbf52402fcb03f38a,69aefaccbf52402fcb03f38a,spotlight_PROLIFIC,,36,Chile,Spanish,"Spanish, English, Japanese",Japanese,Spanish:75|English:15|Japanese:10,100,Spanish:50|English:35|Japanese:15,100,Spanish:80|English:10|Japanese:10,100,7,5,Bachelor's,10,10,10,7,7,10,5,22,8,15,Duolingo,130,,,,,17,25,B1,intermediate|advanced,intermediate|advanced,cambridge_15_21_random_intermediate_advanced,4,19,random,,233.265625,1183.53125,273.265625,1256.59375,4,18,hover,33.10000002384186,33.10000002384186,0.23909324208725408,0.418359375,165,,,,,,2026-09-22T16:00:40.289Z,HM6QAFBU,2026-09-22,2026-09-22,13:00:40,2026-09-22 13:00:40,,,,,,,,69aefaccbf52402fcb03f38a,69aefaccbf52402fcb03f38a,,,,
14085,hover_association,2,3,adv,25,4,18,19,56, do ,1159,253,,69aefaccbf52402fcb03f38a,69aefaccbf52402fcb03f38a,advanced,4,69aefaccbf52402fcb03f38a,69aefaccbf52402fcb03f38a,spotlight_PROLIFIC,,36,Chile,Spanish,"Spanish, English, Japanese",Japanese,Spanish:75|English:15|Japanese:10,100,Spanish:50|English:35|Japanese:15,100,Spanish:80|English:10|Japanese:10,100,7,5,Bachelor's,10,10,10,7,7,10,5,22,8,15,Duolingo,130,,,,,17,25,B1,intermediate|advanced,intermediate|advanced,cambridge_15_21_random_intermediate_advanced,4,19,random,,233.265625,1144.484375,273.265625,1169.515625,4,16,hover,16.600000023841858,16.600000023841858,0.579900124843945,0.493359375,165,,,,,,2026-09-22T16:00:40.289Z,HM6QAFBU,2026-09-22,2026-09-22,13:00:40,2026-09-22 13:00:40,,,,,,,,69aefaccbf52402fcb03f38a,69aefaccbf52402fcb03f38a,,,,
14102,hover_association,2,3,adv,25,4,18,19,55, don’t ,1114,253,,69aefaccbf52402fcb03f38a,69aefaccbf52402fcb03f38a,advanced,4,69aefaccbf52402fcb03f38a,69aefaccbf52402fcb03f38a,spotlight_PROLIFIC,,36,Chile,Spanish,"Spanish, English, Japanese",Japanese,Spanish:75|English:15|Japanese:10,100,Spanish:50|English:35|Japanese:15,100,Spanish:80|English:10|Japanese:10,100,7,5,Bachelor's,10,10,10,7,7,10,5,22,8,15,Duolingo,130,,,,,17,25,B1,intermediate|advanced,intermediate|advanced,cambridge_15_21_random_intermediate_advanced,4,19,random,,233.265625,1100.4375,273.265625,1144.484375,4,15,hover,16.899999976158142,16.899999976158142,0.30791060659808445,0.493359375,165,,,,,,2026-09-22T16:00:40.289Z,HM6QAFBU,2026-09-22,2026-09-22,13:00:40,2026-09-22 13:00:40,,,,,,,,69aefaccbf52402fcb03f38a,69aefaccbf52402fcb03f38a,,,,
14107,raw_position_sample,2,3,adv,25,4,18,19,53, But ,1071,253,1712958.300000012,69aefaccbf52402fcb03f38a,69aefaccbf52402fcb03f38a,advanced,4,69aefaccbf52402fcb03f38a,69aefaccbf52402fcb03f38a,spotlight_PROLIFIC,,36,Chile,Spanish,"Spanish, English, Japanese",Japanese,Spanish:75|English:15|Japanese:10,100,Spanish:50|English:35|Japanese:15,100,Spanish:80|English:10|Japanese:10,100,7,5,Bachelor's,10,10,10,7,7,10,5,22,8,15,Duolingo,130,,,,,17,25,B1,intermediate|advanced,intermediate|advanced,cambridge_15_21_random_intermediate_advanced,4,19,random,,243.265625,1058.390625,263.265625,1090.421875,4,13,,,,,,,,,,,,2026-09-22T16:00:40.289Z,HM6QAFBU,2026-09-22,2026-09-22,13:00:40,2026-09-22 13:00:40,,,,,,,,69aefaccbf52402fcb03f38a,69aefaccbf52402fcb03f38a,,,,
14119,hover_association,2,3,adv,25,4,18,19,53, But ,1071,253,,69aefaccbf52402fcb03f38a,69aefaccbf52402fcb03f38a,advanced,4,69aefaccbf52402fcb03f38a,69aefaccbf52402fcb03f38a,spotlight_PROLIFIC,,36,Chile,Spanish,"Spanish, English, Japanese",Japanese,Spanish:75|English:15|Japanese:10,100,Spanish:50|English:35|Japanese:15,100,Spanish:80|English:10|Japanese:10,100,7,5,Bachelor's,10,10,10,7,7,10,5,22,8,15,Duolingo,130,,,,,17,25,B1,intermediate|advanced,intermediate|advanced,cambridge_15_21_random_intermediate_advanced,4,19,random,,233.265625,1058.390625,273.265625,1090.421875,4,13,hover,16.399999976158142,16.399999976158142,0.39365853658536587,0.493359375,165,,,,,,2026-09-22T16:00:40.289Z,HM6QAFBU,2026-09-22,2026-09-22,13:00:40,2026-09-22 13:00:40,,,,,,,,69aefaccbf52402fcb03f38a,69aefaccbf52402fcb03f38a,,,,
14136,hover_association,2,3,adv,25,4,18,19,52, on. ,1031,253,,69aefaccbf52402fcb03f38a,69aefaccbf52402fcb03f38a,advanced,4,69aefaccbf52402fcb03f38a,69aefaccbf52402fcb03f38a,spotlight_PROLIFIC,,36,Chile,Spanish,"Spanish, English, Japanese",Japanese,Spanish:75|English:15|Japanese:10,100,Spanish:50|English:35|Japanese:15,100,Spanish:80|English:10|Japanese:10,100,7,5,Bachelor's,10,10,10,7,7,10,5,22,8,15,Duolingo,130,,,,,17,25,B1,intermediate|advanced,intermediate|advanced,cambridge_15_21_random_intermediate_advanced,4,19,random,,233.265625,1028.359375,273.265625,1058.390625,4,12,hover,16.600000023841858,16.600000023841858,0.08792924037460978,0.493359375,165,,,,,,2026-09-22T16:00:40.289Z,HM6QAFBU,2026-09-22,2026-09-22,13:00:40,2026-09-22 13:00:40,,,,,,,,69aefaccbf52402fcb03f38a,69aefaccbf52402fcb03f38a,,,,
14152,hover_association,2,3,adv,25,4,18,19,50, to ,996,253,,69aefaccbf52402fcb03f38a,69aefaccbf52402fcb03f38a,advanced,4,69aefaccbf52402fcb03f38a,69aefaccbf52402fcb03f38a,spotlight_PROLIFIC,,36,Chile,Spanish,"Spanish, English, Japanese",Japanese,Spanish:75|English:15|Japanese:10,100,Spanish:50|English:35|Japanese:15,100,Spanish:80|English:10|Japanese:10,100,7,5,Bachelor's,10,10,10,7,7,10,5,22,8,15,Duolingo,130,,,,,17,25,B1,intermediate|advanced,intermediate|advanced,cambridge_15_21_random_intermediate_advanced,4,19,random,,233.265625,976.328125,273.265625,996.34375,4,10,hover,16.399999976158142,16.399999976158142,0.9828259172521467,0.493359375,165,,,,,,2026-09-22T16:00:40.289Z,HM6QAFBU,2026-09-22,2026-09-22,13:00:40,2026-09-22 13:00:40,,,,,,,,69aefaccbf52402fcb03f38a,69aefaccbf52402fcb03f38a,,,,
14155,raw_position_sample,2,3,adv,25,4,18,19,49, enough ,964,253,1713006.6000000238,69aefaccbf52402fcb03f38a,69aefaccbf52402fcb03f38a,advanced,4,69aefaccbf52402fcb03f38a,69aefaccbf52402fcb03f38a,spotlight_PROLIFIC,,36,Chile,Spanish,"Spanish, English, Japanese",Japanese,Spanish:75|English:15|Japanese:10,100,Spanish:50|English:35|Japanese:15,100,Spanish:80|English:10|Japanese:10,100,7,5,Bachelor's,10,10,10,7,7,10,5,22,8,15,Duolingo,130,,,,,17,25,B1,intermediate|advanced,intermediate|advanced,cambridge_15_21_random_intermediate_advanced,4,19,random,,243.265625,911.25,263.265625,976.328125,4,9,,,,,,,,,,,,2026-09-22T16:00:40.289Z,HM6QAFBU,2026-09-22,2026-09-22,13:00:40,2026-09-22 13:00:40,,,,,,,,69aefaccbf52402fcb03f38a,69aefaccbf52402fcb03f38a,,,,
14167,hover_association,2,3,adv,25,4,18,19,49, enough ,964,253,,69aefaccbf52402fcb03f38a,69aefaccbf52402fcb03f38a,advanced,4,69aefaccbf52402fcb03f38a,69aefaccbf52402fcb03f38a,spotlight_PROLIFIC,,36,Chile,Spanish,"Spanish, English, Japanese",Japanese,Spanish:75|English:15|Japanese:10,100,Spanish:50|English:35|Japanese:15,100,Spanish:80|English:10|Japanese:10,100,7,5,Bachelor's,10,10,10,7,7,10,5,22,8,15,Duolingo,130,,,,,17,25,B1,intermediate|advanced,intermediate|advanced,cambridge_15_21_random_intermediate_advanced,4,19,random,,233.265625,911.25,273.265625,976.328125,4,9,hover,16.400000035762787,16.400000035762787,0.8105642256902761,0.493359375,165,,,,,,2026-09-22T16:00:40.289Z,HM6QAFBU,2026-09-22,2026-09-22,13:00:40,2026-09-22 13:00:40,,,,,,,,69aefaccbf52402fcb03f38a,69aefaccbf52402fcb03f38a,,,,
14185,hover_association,2,3,adv,25,4,18,19,48, it’s ,911,255,,69aefaccbf52402fcb03f38a,69aefaccbf52402fcb03f38a,advanced,4,69aefaccbf52402fcb03f38a,69aefaccbf52402fcb03f38a,spotlight_PROLIFIC,,36,Chile,Spanish,"Spanish, English, Japanese",Japanese,Spanish:75|English:15|Japanese:10,100,Spanish:50|English:35|Japanese:15,100,Spanish:80|English:10|Japanese:10,100,7,5,Bachelor's,10,10,10,7,7,10,5,22,8,15,Duolingo,130,,,,,17,25,B1,intermediate|advanced,intermediate|advanced,cambridge_15_21_random_intermediate_advanced,4,19,random,,233.265625,884.5625,273.265625,911.25,4,8,hover,17.30000001192093,17.30000001192093,0.990632318501171,0.543359375,165,,,,,,2026-09-22T16:00:40.289Z,HM6QAFBU,2026-09-22,2026-09-22,13:00:40,2026-09-22 13:00:40,,,,,,,,69aefaccbf52402fcb03f38a,69aefaccbf52402fcb03f38a,,,,
14207,raw_position_sample,2,3,adv,25,4,18,19,47," perks, ",833,259,1713057.8999999762,69aefaccbf52402fcb03f38a,69aefaccbf52402fcb03f38a,advanced,4,69aefaccbf52402fcb03f38a,69aefaccbf52402fcb03f38a,spotlight_PROLIFIC,,36,Chile,Spanish,"Spanish, English, Japanese",Japanese,Spanish:75|English:15|Japanese:10,100,Spanish:50|English:35|Japanese:15,100,Spanish:80|English:10|Japanese:10,100,7,5,Bachelor's,10,10,10,7,7,10,5,22,8,15,Duolingo,130,,,,,17,25,B1,intermediate|advanced,intermediate|advanced,cambridge_15_21_random_intermediate_advanced,4,19,random,,243.265625,830.53125,263.265625,884.5625,4,7,,,,,,,,,,,,2026-09-22T16:00:40.289Z,HM6QAFBU,2026-09-22,2026-09-22,13:00:40,2026-09-22 13:00:40,,,,,,,,69aefaccbf52402fcb03f38a,69aefaccbf52402fcb03f38a,,,,
14219,hover_association,2,3,adv,25,4,18,19,47," perks, ",871,257,,69aefaccbf52402fcb03f38a,69aefaccbf52402fcb03f38a,advanced,4,69aefaccbf52402fcb03f38a,69aefaccbf52402fcb03f38a,spotlight_PROLIFIC,,36,Chile,Spanish,"Spanish, English, Japanese",Japanese,Spanish:75|English:15|Japanese:10,100,Spanish:50|English:35|Japanese:15,100,Spanish:80|English:10|Japanese:10,100,7,5,Bachelor's,10,10,10,7,7,10,5,22,8,15,Duolingo,130,,,,,17,25,B1,intermediate|advanced,intermediate|advanced,cambridge_15_21_random_intermediate_advanced,4,19,random,,233.265625,830.53125,273.265625,884.5625,4,7,hover,33.299999952316284,33.299999952316284,0.04569115095430885,0.643359375,165,,,,,,2026-09-22T16:00:40.289Z,HM6QAFBU,2026-09-22,2026-09-22,13:00:40,2026-09-22 13:00:40,,,,,,,,69aefaccbf52402fcb03f38a,69aefaccbf52402fcb03f38a,,,,
14235,hover_association,2,3,adv,25,4,18,19,46, the ,801,261,,69aefaccbf52402fcb03f38a,69aefaccbf52402fcb03f38a,advanced,4,69aefaccbf52402fcb03f38a,69aefaccbf52402fcb03f38a,spotlight_PROLIFIC,,36,Chile,Spanish,"Spanish, English, Japanese",Japanese,Spanish:75|English:15|Japanese:10,100,Spanish:50|English:35|Japanese:15,100,Spanish:80|English:10|Japanese:10,100,7,5,Bachelor's,10,10,10,7,7,10,5,22,8,15,Duolingo,130,,,,,17,25,B1,intermediate|advanced,intermediate|advanced,cambridge_15_21_random_intermediate_advanced,4,19,random,,233.265625,800.5,273.265625,830.53125,4,6,hover,16.700000047683716,16.700000047683716,0.01664932362122789,0.693359375,165,,,,,,2026-09-22T16:00:40.289Z,HM6QAFBU,2026-09-22,2026-09-22,13:00:40,2026-09-22 13:00:40,,,,,,,,69aefaccbf52402fcb03f38a,69aefaccbf52402fcb03f38a,,,,
14252,hover_association,2,3,adv,25,4,18,19,45, “With ,771,263,,69aefaccbf52402fcb03f38a,69aefaccbf52402fcb03f38a,advanced,4,69aefaccbf52402fcb03f38a,69aefaccbf52402fcb03f38a,spotlight_PROLIFIC,,36,Chile,Spanish,"Spanish, English, Japanese",Japanese,Spanish:75|English:15|Japanese:10,100,Spanish:50|English:35|Japanese:15,100,Spanish:80|English:10|Japanese:10,100,7,5,Bachelor's,10,10,10,7,7,10,5,22,8,15,Duolingo,130,,,,,17,25,B1,intermediate|advanced,intermediate|advanced,cambridge_15_21_random_intermediate_advanced,4,19,random,,233.265625,753.5,273.265625,800.5,4,5,hover,16.799999952316284,16.799999952316284,0.3723404255319149,0.743359375,165,,,,,,2026-09-22T16:00:40.289Z,HM6QAFBU,2026-09-22,2026-09-22,13:00:40,2026-09-22 13:00:40,,,,,,,,69aefaccbf52402fcb03f38a,69aefaccbf52402fcb03f38a,,,,
14257,raw_position_sample,2,3,adv,25,4,18,19,44, job. ,744,265,1713108,69aefaccbf52402fcb03f38a,69aefaccbf52402fcb03f38a,advanced,4,69aefaccbf52402fcb03f38a,69aefaccbf52402fcb03f38a,spotlight_PROLIFIC,,36,Chile,Spanish,"Spanish, English, Japanese",Japanese,Spanish:75|English:15|Japanese:10,100,Spanish:50|English:35|Japanese:15,100,Spanish:80|English:10|Japanese:10,100,7,5,Bachelor's,10,10,10,7,7,10,5,22,8,15,Duolingo,130,,,,,17,25,B1,intermediate|advanced,intermediate|advanced,cambridge_15_21_random_intermediate_advanced,4,19,random,,243.265625,719.46875,263.265625,753.5,4,4,,,,,,,,,,,,2026-09-22T16:00:40.289Z,HM6QAFBU,2026-09-22,2026-09-22,13:00:40,2026-09-22 13:00:40,,,,,,,,69aefaccbf52402fcb03f38a,69aefaccbf52402fcb03f38a,,,,
14285,hover_association,2,3,adv,25,4,18,19,44, job. ,744,265,,69aefaccbf52402fcb03f38a,69aefaccbf52402fcb03f38a,advanced,4,69aefaccbf52402fcb03f38a,69aefaccbf52402fcb03f38a,spotlight_PROLIFIC,,36,Chile,Spanish,"Spanish, English, Japanese",Japanese,Spanish:75|English:15|Japanese:10,100,Spanish:50|English:35|Japanese:15,100,Spanish:80|English:10|Japanese:10,100,7,5,Bachelor's,10,10,10,7,7,10,5,22,8,15,Duolingo,130,,,,,17,25,B1,intermediate|advanced,intermediate|advanced,cambridge_15_21_random_intermediate_advanced,4,19,random,,233.265625,719.46875,273.265625,753.5,4,4,hover,33,33,0.0743801652892562,0.843359375,165,,,,,,2026-09-22T16:00:40.289Z,HM6QAFBU,2026-09-22,2026-09-22,13:00:40,2026-09-22 13:00:40,,,,,,,,69aefaccbf52402fcb03f38a,69aefaccbf52402fcb03f38a,,,,
14305,raw_position_sample,2,3,adv,25,4,18,19,43, the ,690,270,1713156.8999999762,69aefaccbf52402fcb03f38a,69aefaccbf52402fcb03f38a,advanced,4,69aefaccbf52402fcb03f38a,69aefaccbf52402fcb03f38a,spotlight_PROLIFIC,,36,Chile,Spanish,"Spanish, English, Japanese",Japanese,Spanish:75|English:15|Japanese:10,100,Spanish:50|English:35|Japanese:15,100,Spanish:80|English:10|Japanese:10,100,7,5,Bachelor's,10,10,10,7,7,10,5,22,8,15,Duolingo,130,,,,,17,25,B1,intermediate|advanced,intermediate|advanced,cambridge_15_21_random_intermediate_advanced,4,19,random,,243.265625,689.4375,263.265625,719.46875,4,3,,,,,,,,,,,,2026-09-22T16:00:40.289Z,HM6QAFBU,2026-09-22,2026-09-22,13:00:40,2026-09-22 13:00:40,,,,,,,,69aefaccbf52402fcb03f38a,69aefaccbf52402fcb03f38a,,,,
14318,hover_association,2,3,adv,25,4,18,19,43, the ,702,269,,69aefaccbf52402fcb03f38a,69aefaccbf52402fcb03f38a,advanced,4,69aefaccbf52402fcb03f38a,69aefaccbf52402fcb03f38a,spotlight_PROLIFIC,,36,Chile,Spanish,"Spanish, English, Japanese",Japanese,Spanish:75|English:15|Japanese:10,100,Spanish:50|English:35|Japanese:15,100,Spanish:80|English:10|Japanese:10,100,7,5,Bachelor's,10,10,10,7,7,10,5,22,8,15,Duolingo,130,,,,,17,25,B1,intermediate|advanced,intermediate|advanced,cambridge_15_21_random_intermediate_advanced,4,19,random,,233.265625,689.4375,273.265625,719.46875,4,3,hover,33.200000047683716,33.200000047683716,0.018730489073881373,0.918359375,165,,,,,,2026-09-22T16:00:40.289Z,HM6QAFBU,2026-09-22,2026-09-22,13:00:40,2026-09-22 13:00:40,,,,,,,,69aefaccbf52402fcb03f38a,69aefaccbf52402fcb03f38a,,,,
14352,hover_association,2,3,adv,25,4,18,19,42, on ,678,272,,69aefaccbf52402fcb03f38a,69aefaccbf52402fcb03f38a,advanced,4,69aefaccbf52402fcb03f38a,69aefaccbf52402fcb03f38a,spotlight_PROLIFIC,,36,Chile,Spanish,"Spanish, English, Japanese",Japanese,Spanish:75|English:15|Japanese:10,100,Spanish:50|English:35|Japanese:15,100,Spanish:80|English:10|Japanese:10,100,7,5,Bachelor's,10,10,10,7,7,10,5,22,8,15,Duolingo,130,,,,,17,25,B1,intermediate|advanced,intermediate|advanced,cambridge_15_21_random_intermediate_advanced,4,19,random,,233.265625,664.40625,273.265625,689.4375,4,2,hover,33.39999997615814,33.39999997615814,0.2634207240948814,0.993359375,165,,,,,,2026-09-22T16:00:40.289Z,HM6QAFBU,2026-09-22,2026-09-22,13:00:40,2026-09-22 13:00:40,,,,,,,,69aefaccbf52402fcb03f38a,69aefaccbf52402fcb03f38a,,,,
14357,raw_position_sample,2,3,adv,25,4,18,19,41, gets ,662,273,1713208,69aefaccbf52402fcb03f38a,69aefaccbf52402fcb03f38a,advanced,4,69aefaccbf52402fcb03f38a,69aefaccbf52402fcb03f38a,spotlight_PROLIFIC,,36,Chile,Spanish,"Spanish, English, Japanese",Japanese,Spanish:75|English:15|Japanese:10,100,Spanish:50|English:35|Japanese:15,100,Spanish:80|English:10|Japanese:10,100,7,5,Bachelor's,10,10,10,7,7,10,5,22,8,15,Duolingo,130,,,,,17,25,B1,intermediate|advanced,intermediate|advanced,cambridge_15_21_random_intermediate_advanced,4,19,random,,243.265625,625.375,263.265625,664.40625,4,1,,,,,,,,,,,,2026-09-22T16:00:40.289Z,HM6QAFBU,2026-09-22,2026-09-22,13:00:40,2026-09-22 13:00:40,,,,,,,,69aefaccbf52402fcb03f38a,69aefaccbf52402fcb03f38a,,,,
14368,hover_association,2,3,adv,25,4,18,19,41, gets ,662,273,,69aefaccbf52402fcb03f38a,69aefaccbf52402fcb03f38a,advanced,4,69aefaccbf52402fcb03f38a,69aefaccbf52402fcb03f38a,spotlight_PROLIFIC,,36,Chile,Spanish,"Spanish, English, Japanese",Japanese,Spanish:75|English:15|Japanese:10,100,Spanish:50|English:35|Japanese:15,100,Spanish:80|English:10|Japanese:10,100,7,5,Bachelor's,10,10,10,7,7,10,5,22,8,15,Duolingo,130,,,,,17,25,B1,intermediate|advanced,intermediate|advanced,cambridge_15_21_random_intermediate_advanced,4,19,random,,233.265625,622.2057291666666,273.265625,664.40625,4,1,hover,16.5,16.5,0.9429805615550756,0.993359375,165,,,,,,2026-09-22T16:00:40.289Z,HM6QAFBU,2026-09-22,2026-09-22,13:00:40,2026-09-22 13:00:40,,,,,,,,69aefaccbf52402fcb03f38a,69aefaccbf52402fcb03f38a,,,,
14406,raw_position_sample,2,3,adv,25,4,18,19,60, love ,639,277,1713257.6000000238,69aefaccbf52402fcb03f38a,69aefaccbf52402fcb03f38a,advanced,4,69aefaccbf52402fcb03f38a,69aefaccbf52402fcb03f38a,spotlight_PROLIFIC,,36,Chile,Spanish,"Spanish, English, Japanese",Japanese,Spanish:75|English:15|Japanese:10,100,Spanish:50|English:35|Japanese:15,100,Spanish:80|English:10|Japanese:10,100,7,5,Bachelor's,10,10,10,7,7,10,5,22,8,15,Duolingo,130,,,,,17,25,B1,intermediate|advanced,intermediate|advanced,cambridge_15_21_random_intermediate_advanced,4,19,random,,283.265625,625.375,303.265625,663.40625,5,1,,,,,,,,,,,,2026-09-22T16:00:40.289Z,HM6QAFBU,2026-09-22,2026-09-22,13:00:40,2026-09-22 13:00:40,,,,,,,,69aefaccbf52402fcb03f38a,69aefaccbf52402fcb03f38a,,,,
14456,raw_position_sample,2,3,adv,25,4,18,19,60, love ,632,279,1713307.5,69aefaccbf52402fcb03f38a,69aefaccbf52402fcb03f38a,advanced,4,69aefaccbf52402fcb03f38a,69aefaccbf52402fcb03f38a,spotlight_PROLIFIC,,36,Chile,Spanish,"Spanish, English, Japanese",Japanese,Spanish:75|English:15|Japanese:10,100,Spanish:50|English:35|Japanese:15,100,Spanish:80|English:10|Japanese:10,100,7,5,Bachelor's,10,10,10,7,7,10,5,22,8,15,Duolingo,130,,,,,17,25,B1,intermediate|advanced,intermediate|advanced,cambridge_15_21_random_intermediate_advanced,4,19,random,,283.265625,625.375,303.265625,663.40625,5,1,,,,,,,,,,,,2026-09-22T16:00:40.289Z,HM6QAFBU,2026-09-22,2026-09-22,13:00:40,2026-09-22 13:00:40,,,,,,,,69aefaccbf52402fcb03f38a,69aefaccbf52402fcb03f38a,,,,
14498,raw_position_sample,2,3,adv,25,4,18,19,60, love ,629,280,1713349.3999999762,69aefaccbf52402fcb03f38a,69aefaccbf52402fcb03f38a,advanced,4,69aefaccbf52402fcb03f38a,69aefaccbf52402fcb03f38a,spotlight_PROLIFIC,,36,Chile,Spanish,"Spanish, English, Japanese",Japanese,Spanish:75|English:15|Japanese:10,100,Spanish:50|English:35|Japanese:15,100,Spanish:80|English:10|Japanese:10,100,7,5,Bachelor's,10,10,10,7,7,10,5,22,8,15,Duolingo,130,,,,,17,25,B1,intermediate|advanced,intermediate|advanced,cambridge_15_21_random_intermediate_advanced,4,19,random,,283.265625,625.375,303.265625,663.40625,5,1,,,,,,,,,,,,2026-09-22T16:00:40.289Z,HM6QAFBU,2026-09-22,2026-09-22,13:00:40,2026-09-22 13:00:40,,,,,,,,69aefaccbf52402fcb03f38a,69aefaccbf52402fcb03f38a,,,,
14550,raw_position_sample,2,3,adv,25,4,18,19,60, love ,629,280,1713401.699999988,69aefaccbf52402fcb03f38a,69aefaccbf52402fcb03f38a,advanced,4,69aefaccbf52402fcb03f38a,69aefaccbf52402fcb03f38a,spotlight_PROLIFIC,,36,Chile,Spanish,"Spanish, English, Japanese",Japanese,Spanish:75|English:15|Japanese:10,100,Spanish:50|English:35|Japanese:15,100,Spanish:80|English:10|Japanese:10,100,7,5,Bachelor's,10,10,10,7,7,10,5,22,8,15,Duolingo,130,,,,,17,25,B1,intermediate|advanced,intermediate|advanced,cambridge_15_21_random_intermediate_advanced,4,19,random,,283.265625,625.375,303.265625,663.40625,5,1,,,,,,,,,,,,2026-09-22T16:00:40.289Z,HM6QAFBU,2026-09-22,2026-09-22,13:00:40,2026-09-22 13:00:40,,,,,,,,69aefaccbf52402fcb03f38a,69aefaccbf52402fcb03f38a,,,,
14613,raw_position_sample,2,3,adv,25,4,18,19,60, love ,629,280,1713464.199999988,69aefaccbf52402fcb03f38a,69aefaccbf52402fcb03f38a,advanced,4,69aefaccbf52402fcb03f38a,69aefaccbf52402fcb03f38a,spotlight_PROLIFIC,,36,Chile,Spanish,"Spanish, English, Japanese",Japanese,Spanish:75|English:15|Japanese:10,100,Spanish:50|English:35|Japanese:15,100,Spanish:80|English:10|Japanese:10,100,7,5,Bachelor's,10,10,10,7,7,10,5,22,8,15,Duolingo,130,,,,,17,25,B1,intermediate|advanced,intermediate|advanced,cambridge_15_21_random_intermediate_advanced,4,19,random,,283.265625,625.375,303.265625,663.40625,5,1,,,,,,,,,,,,2026-09-22T16:00:40.289Z,HM6QAFBU,2026-09-22,2026-09-22,13:00:40,2026-09-22 13:00:40,,,,,,,,69aefaccbf52402fcb03f38a,69aefaccbf52402fcb03f38a,,,,
14651,raw_position_sample,2,3,adv,25,4,18,19,60, love ,629,280,1713502.800000012,69aefaccbf52402fcb03f38a,69aefaccbf52402fcb03f38a,advanced,4,69aefaccbf52402fcb03f38a,69aefaccbf52402fcb03f38a,spotlight_PROLIFIC,,36,Chile,Spanish,"Spanish, English, Japanese",Japanese,Spanish:75|English:15|Japanese:10,100,Spanish:50|English:35|Japanese:15,100,Spanish:80|English:10|Japanese:10,100,7,5,Bachelor's,10,10,10,7,7,10,5,22,8,15,Duolingo,130,,,,,17,25,B1,intermediate|advanced,intermediate|advanced,cambridge_15_21_random_intermediate_advanced,4,19,random,,283.265625,625.375,303.265625,663.40625,5,1,,,,,,,,,,,,2026-09-22T16:00:40.289Z,HM6QAFBU,2026-09-22,2026-09-22,13:00:40,2026-09-22 13:00:40,,,,,,,,69aefaccbf52402fcb03f38a,69aefaccbf52402fcb03f38a,,,,
14699,raw_position_sample,2,3,adv,25,4,18,19,60, love ,629,280,1713550.1000000238,69aefaccbf52402fcb03f38a,69aefaccbf52402fcb03f38a,advanced,4,69aefaccbf52402fcb03f38a,69aefaccbf52402fcb03f38a,spotlight_PROLIFIC,,36,Chile,Spanish,"Spanish, English, Japanese",Japanese,Spanish:75|English:15|Japanese:10,100,Spanish:50|English:35|Japanese:15,100,Spanish:80|English:10|Japanese:10,100,7,5,Bachelor's,10,10,10,7,7,10,5,22,8,15,Duolingo,130,,,,,17,25,B1,intermediate|advanced,intermediate|advanced,cambridge_15_21_random_intermediate_advanced,4,19,random,,283.265625,625.375,303.265625,663.40625,5,1,,,,,,,,,,,,2026-09-22T16:00:40.289Z,HM6QAFBU,2026-09-22,2026-09-22,13:00:40,2026-09-22 13:00:40,,,,,,,,69aefaccbf52402fcb03f38a,69aefaccbf52402fcb03f38a,,,,
14751,raw_position_sample,2,3,adv,25,4,18,19,60, love ,630,281,1713602.300000012,69aefaccbf52402fcb03f38a,69aefaccbf52402fcb03f38a,advanced,4,69aefaccbf52402fcb03f38a,69aefaccbf52402fcb03f38a,spotlight_PROLIFIC,,36,Chile,Spanish,"Spanish, English, Japanese",Japanese,Spanish:75|English:15|Japanese:10,100,Spanish:50|English:35|Japanese:15,100,Spanish:80|English:10|Japanese:10,100,7,5,Bachelor's,10,10,10,7,7,10,5,22,8,15,Duolingo,130,,,,,17,25,B1,intermediate|advanced,intermediate|advanced,cambridge_15_21_random_intermediate_advanced,4,19,random,,283.265625,625.375,303.265625,663.40625,5,1,,,,,,,,,,,,2026-09-22T16:00:40.289Z,HM6QAFBU,2026-09-22,2026-09-22,13:00:40,2026-09-22 13:00:40,,,,,,,,69aefaccbf52402fcb03f38a,69aefaccbf52402fcb03f38a,,,,
14800,hover_association,2,3,adv,25,4,18,19,60, love ,651,275,,69aefaccbf52402fcb03f38a,69aefaccbf52402fcb03f38a,advanced,4,69aefaccbf52402fcb03f38a,69aefaccbf52402fcb03f38a,spotlight_PROLIFIC,,36,Chile,Spanish,"Spanish, English, Japanese",Japanese,Spanish:75|English:15|Japanese:10,100,Spanish:50|English:35|Japanese:15,100,Spanish:80|English:10|Japanese:10,100,7,5,Bachelor's,10,10,10,7,7,10,5,22,8,15,Duolingo,130,,,,,17,25,B1,intermediate|advanced,intermediate|advanced,cambridge_15_21_random_intermediate_advanced,4,19,random,,273.265625,622.2057291666666,313.265625,663.40625,5,1,hover,433.10000002384186,433.10000002384186,0.9415966120978447,0.568359375,165,,,,,,2026-09-22T16:00:40.289Z,HM6QAFBU,2026-09-22,2026-09-22,13:00:40,2026-09-22 13:00:40,,,,,,,,69aefaccbf52402fcb03f38a,69aefaccbf52402fcb03f38a,,,,
14802,raw_position_sample,2,3,adv,25,4,18,19,61, shopping. ,666,297,1713653.300000012,69aefaccbf52402fcb03f38a,69aefaccbf52402fcb03f38a,advanced,4,69aefaccbf52402fcb03f38a,69aefaccbf52402fcb03f38a,spotlight_PROLIFIC,,36,Chile,Spanish,"Spanish, English, Japanese",Japanese,Spanish:75|English:15|Japanese:10,100,Spanish:50|English:35|Japanese:15,100,Spanish:80|English:10|Japanese:10,100,7,5,Bachelor's,10,10,10,7,7,10,5,22,8,15,Duolingo,130,,,,,17,25,B1,intermediate|advanced,intermediate|advanced,cambridge_15_21_random_intermediate_advanced,4,19,random,,283.265625,663.40625,303.265625,746.484375,5,2,,,,,,,,,,,,2026-09-22T16:00:40.289Z,HM6QAFBU,2026-09-22,2026-09-22,13:00:40,2026-09-22 13:00:40,,,,,,,,69aefaccbf52402fcb03f38a,69aefaccbf52402fcb03f38a,,,,
14853,raw_position_sample,2,3,adv,25,4,18,19,61, shopping. ,679,302,1713704.3999999762,69aefaccbf52402fcb03f38a,69aefaccbf52402fcb03f38a,advanced,4,69aefaccbf52402fcb03f38a,69aefaccbf52402fcb03f38a,spotlight_PROLIFIC,,36,Chile,Spanish,"Spanish, English, Japanese",Japanese,Spanish:75|English:15|Japanese:10,100,Spanish:50|English:35|Japanese:15,100,Spanish:80|English:10|Japanese:10,100,7,5,Bachelor's,10,10,10,7,7,10,5,22,8,15,Duolingo,130,,,,,17,25,B1,intermediate|advanced,intermediate|advanced,cambridge_15_21_random_intermediate_advanced,4,19,random,,283.265625,663.40625,303.265625,746.484375,5,2,,,,,,,,,,,,2026-09-22T16:00:40.289Z,HM6QAFBU,2026-09-22,2026-09-22,13:00:40,2026-09-22 13:00:40,,,,,,,,69aefaccbf52402fcb03f38a,69aefaccbf52402fcb03f38a,,,,
14900,raw_position_sample,2,3,adv,25,4,18,19,61, shopping. ,681,302,1713751.699999988,69aefaccbf52402fcb03f38a,69aefaccbf52402fcb03f38a,advanced,4,69aefaccbf52402fcb03f38a,69aefaccbf52402fcb03f38a,spotlight_PROLIFIC,,36,Chile,Spanish,"Spanish, English, Japanese",Japanese,Spanish:75|English:15|Japanese:10,100,Spanish:50|English:35|Japanese:15,100,Spanish:80|English:10|Japanese:10,100,7,5,Bachelor's,10,10,10,7,7,10,5,22,8,15,Duolingo,130,,,,,17,25,B1,intermediate|advanced,intermediate|advanced,cambridge_15_21_random_intermediate_advanced,4,19,random,,283.265625,663.40625,303.265625,746.484375,5,2,,,,,,,,,,,,2026-09-22T16:00:40.289Z,HM6QAFBU,2026-09-22,2026-09-22,13:00:40,2026-09-22 13:00:40,,,,,,,,69aefaccbf52402fcb03f38a,69aefaccbf52402fcb03f38a,,,,
14949,raw_position_sample,2,3,adv,25,4,18,19,61, shopping. ,682,302,1713800.199999988,69aefaccbf52402fcb03f38a,69aefaccbf52402fcb03f38a,advanced,4,69aefaccbf52402fcb03f38a,69aefaccbf52402fcb03f38a,spotlight_PROLIFIC,,36,Chile,Spanish,"Spanish, English, Japanese",Japanese,Spanish:75|English:15|Japanese:10,100,Spanish:50|English:35|Japanese:15,100,Spanish:80|English:10|Japanese:10,100,7,5,Bachelor's,10,10,10,7,7,10,5,22,8,15,Duolingo,130,,,,,17,25,B1,intermediate|advanced,intermediate|advanced,cambridge_15_21_random_intermediate_advanced,4,19,random,,283.265625,663.40625,303.265625,746.484375,5,2,,,,,,,,,,,,2026-09-22T16:00:40.289Z,HM6QAFBU,2026-09-22,2026-09-22,13:00:40,2026-09-22 13:00:40,,,,,,,,69aefaccbf52402fcb03f38a,69aefaccbf52402fcb03f38a,,,,
14999,raw_position_sample,2,3,adv,25,4,18,19,61, shopping. ,682,302,1713850,69aefaccbf52402fcb03f38a,69aefaccbf52402fcb03f38a,advanced,4,69aefaccbf52402fcb03f38a,69aefaccbf52402fcb03f38a,spotlight_PROLIFIC,,36,Chile,Spanish,"Spanish, English, Japanese",Japanese,Spanish:75|English:15|Japanese:10,100,Spanish:50|English:35|Japanese:15,100,Spanish:80|English:10|Japanese:10,100,7,5,Bachelor's,10,10,10,7,7,10,5,22,8,15,Duolingo,130,,,,,17,25,B1,intermediate|advanced,intermediate|advanced,cambridge_15_21_random_intermediate_advanced,4,19,random,,283.265625,663.40625,303.265625,746.484375,5,2,,,,,,,,,,,,2026-09-22T16:00:40.289Z,HM6QAFBU,2026-09-22,2026-09-22,13:00:40,2026-09-22 13:00:40,,,,,,,,69aefaccbf52402fcb03f38a,69aefaccbf52402fcb03f38a,,,,
15051,raw_position_sample,2,3,adv,25,4,18,19,61, shopping. ,682,302,1713902,69aefaccbf52402fcb03f38a,69aefaccbf52402fcb03f38a,advanced,4,69aefaccbf52402fcb03f38a,69aefaccbf52402fcb03f38a,spotlight_PROLIFIC,,36,Chile,Spanish,"Spanish, English, Japanese",Japanese,Spanish:75|English:15|Japanese:10,100,Spanish:50|English:35|Japanese:15,100,Spanish:80|English:10|Japanese:10,100,7,5,Bachelor's,10,10,10,7,7,10,5,22,8,15,Duolingo,130,,,,,17,25,B1,intermediate|advanced,intermediate|advanced,cambridge_15_21_random_intermediate_advanced,4,19,random,,283.265625,663.40625,303.265625,746.484375,5,2,,,,,,,,,,,,2026-09-22T16:00:40.289Z,HM6QAFBU,2026-09-22,2026-09-22,13:00:40,2026-09-22 13:00:40,,,,,,,,69aefaccbf52402fcb03f38a,69aefaccbf52402fcb03f38a,,,,
15112,raw_position_sample,2,3,adv,25,4,18,19,61, shopping. ,682,302,1713963,69aefaccbf52402fcb03f38a,69aefaccbf52402fcb03f38a,advanced,4,69aefaccbf52402fcb03f38a,69aefaccbf52402fcb03f38a,spotlight_PROLIFIC,,36,Chile,Spanish,"Spanish, English, Japanese",Japanese,Spanish:75|English:15|Japanese:10,100,Spanish:50|English:35|Japanese:15,100,Spanish:80|English:10|Japanese:10,100,7,5,Bachelor's,10,10,10,7,7,10,5,22,8,15,Duolingo,130,,,,,17,25,B1,intermediate|advanced,intermediate|advanced,cambridge_15_21_random_intermediate_advanced,4,19,random,,283.265625,663.40625,303.265625,746.484375,5,2,,,,,,,,,,,,2026-09-22T16:00:40.289Z,HM6QAFBU,2026-09-22,2026-09-22,13:00:40,2026-09-22 13:00:40,,,,,,,,69aefaccbf52402fcb03f38a,69aefaccbf52402fcb03f38a,,,,
15157,raw_position_sample,2,3,adv,25,4,18,19,61, shopping. ,716,304,1714008.199999988,69aefaccbf52402fcb03f38a,69aefaccbf52402fcb03f38a,advanced,4,69aefaccbf52402fcb03f38a,69aefaccbf52402fcb03f38a,spotlight_PROLIFIC,,36,Chile,Spanish,"Spanish, English, Japanese",Japanese,Spanish:75|English:15|Japanese:10,100,Spanish:50|English:35|Japanese:15,100,Spanish:80|English:10|Japanese:10,100,7,5,Bachelor's,10,10,10,7,7,10,5,22,8,15,Duolingo,130,,,,,17,25,B1,intermediate|advanced,intermediate|advanced,cambridge_15_21_random_intermediate_advanced,4,19,random,,283.265625,663.40625,303.265625,746.484375,5,2,,,,,,,,,,,,2026-09-22T16:00:40.289Z,HM6QAFBU,2026-09-22,2026-09-22,13:00:40,2026-09-22 13:00:40,,,,,,,,69aefaccbf52402fcb03f38a,69aefaccbf52402fcb03f38a,,,,
15200,hover_association,2,3,adv,25,4,18,19,61, shopping. ,666,297,,69aefaccbf52402fcb03f38a,69aefaccbf52402fcb03f38a,advanced,4,69aefaccbf52402fcb03f38a,69aefaccbf52402fcb03f38a,spotlight_PROLIFIC,,36,Chile,Spanish,"Spanish, English, Japanese",Japanese,Spanish:75|English:15|Japanese:10,100,Spanish:50|English:35|Japanese:15,100,Spanish:80|English:10|Japanese:10,100,7,5,Bachelor's,10,10,10,7,7,10,5,22,8,15,Duolingo,130,,,,,17,25,B1,intermediate|advanced,intermediate|advanced,cambridge_15_21_random_intermediate_advanced,4,19,random,,273.265625,663.40625,313.265625,746.484375,5,2,hover,399.7999999523163,399.7999999523163,0.921948467180741,0.768359375,165,,,,,,2026-09-22T16:00:40.289Z,HM6QAFBU,2026-09-22,2026-09-22,13:00:40,2026-09-22 13:00:40,,,,,,,,69aefaccbf52402fcb03f38a,69aefaccbf52402fcb03f38a,,,,
15201,raw_position_sample,2,3,adv,25,4,18,19,62, In ,747,304,1714052.699999988,69aefaccbf52402fcb03f38a,69aefaccbf52402fcb03f38a,advanced,4,69aefaccbf52402fcb03f38a,69aefaccbf52402fcb03f38a,spotlight_PROLIFIC,,36,Chile,Spanish,"Spanish, English, Japanese",Japanese,Spanish:75|English:15|Japanese:10,100,Spanish:50|English:35|Japanese:15,100,Spanish:80|English:10|Japanese:10,100,7,5,Bachelor's,10,10,10,7,7,10,5,22,8,15,Duolingo,130,,,,,17,25,B1,intermediate|advanced,intermediate|advanced,cambridge_15_21_random_intermediate_advanced,4,19,random,,283.265625,746.484375,303.265625,766.5,5,3,,,,,,,,,,,,2026-09-22T16:00:40.289Z,HM6QAFBU,2026-09-22,2026-09-22,13:00:40,2026-09-22 13:00:40,,,,,,,,69aefaccbf52402fcb03f38a,69aefaccbf52402fcb03f38a,,,,
15252,raw_position_sample,2,3,adv,25,4,18,19,62, In ,752,304,1714103.6000000238,69aefaccbf52402fcb03f38a,69aefaccbf52402fcb03f38a,advanced,4,69aefaccbf52402fcb03f38a,69aefaccbf52402fcb03f38a,spotlight_PROLIFIC,,36,Chile,Spanish,"Spanish, English, Japanese",Japanese,Spanish:75|English:15|Japanese:10,100,Spanish:50|English:35|Japanese:15,100,Spanish:80|English:10|Japanese:10,100,7,5,Bachelor's,10,10,10,7,7,10,5,22,8,15,Duolingo,130,,,,,17,25,B1,intermediate|advanced,intermediate|advanced,cambridge_15_21_random_intermediate_advanced,4,19,random,,283.265625,746.484375,303.265625,766.5,5,3,,,,,,,,,,,,2026-09-22T16:00:40.289Z,HM6QAFBU,2026-09-22,2026-09-22,13:00:40,2026-09-22 13:00:40,,,,,,,,69aefaccbf52402fcb03f38a,69aefaccbf52402fcb03f38a,,,,
15298,raw_position_sample,2,3,adv,25,4,18,19,62, In ,753,304,1714149.3999999762,69aefaccbf52402fcb03f38a,69aefaccbf52402fcb03f38a,advanced,4,69aefaccbf52402fcb03f38a,69aefaccbf52402fcb03f38a,spotlight_PROLIFIC,,36,Chile,Spanish,"Spanish, English, Japanese",Japanese,Spanish:75|English:15|Japanese:10,100,Spanish:50|English:35|Japanese:15,100,Spanish:80|English:10|Japanese:10,100,7,5,Bachelor's,10,10,10,7,7,10,5,22,8,15,Duolingo,130,,,,,17,25,B1,intermediate|advanced,intermediate|advanced,cambridge_15_21_random_intermediate_advanced,4,19,random,,283.265625,746.484375,303.265625,766.5,5,3,,,,,,,,,,,,2026-09-22T16:00:40.289Z,HM6QAFBU,2026-09-22,2026-09-22,13:00:40,2026-09-22 13:00:40,,,,,,,,69aefaccbf52402fcb03f38a,69aefaccbf52402fcb03f38a,,,,
15349,raw_position_sample,2,3,adv,25,4,18,19,62, In ,753,304,1714200.199999988,69aefaccbf52402fcb03f38a,69aefaccbf52402fcb03f38a,advanced,4,69aefaccbf52402fcb03f38a,69aefaccbf52402fcb03f38a,spotlight_PROLIFIC,,36,Chile,Spanish,"Spanish, English, Japanese",Japanese,Spanish:75|English:15|Japanese:10,100,Spanish:50|English:35|Japanese:15,100,Spanish:80|English:10|Japanese:10,100,7,5,Bachelor's,10,10,10,7,7,10,5,22,8,15,Duolingo,130,,,,,17,25,B1,intermediate|advanced,intermediate|advanced,cambridge_15_21_random_intermediate_advanced,4,19,random,,283.265625,746.484375,303.265625,766.5,5,3,,,,,,,,,,,,2026-09-22T16:00:40.289Z,HM6QAFBU,2026-09-22,2026-09-22,13:00:40,2026-09-22 13:00:40,,,,,,,,69aefaccbf52402fcb03f38a,69aefaccbf52402fcb03f38a,,,,
15401,raw_position_sample,2,3,adv,25,4,18,19,62, In ,753,304,1714252.1000000238,69aefaccbf52402fcb03f38a,69aefaccbf52402fcb03f38a,advanced,4,69aefaccbf52402fcb03f38a,69aefaccbf52402fcb03f38a,spotlight_PROLIFIC,,36,Chile,Spanish,"Spanish, English, Japanese",Japanese,Spanish:75|English:15|Japanese:10,100,Spanish:50|English:35|Japanese:15,100,Spanish:80|English:10|Japanese:10,100,7,5,Bachelor's,10,10,10,7,7,10,5,22,8,15,Duolingo,130,,,,,17,25,B1,intermediate|advanced,intermediate|advanced,cambridge_15_21_random_intermediate_advanced,4,19,random,,283.265625,746.484375,303.265625,766.5,5,3,,,,,,,,,,,,2026-09-22T16:00:40.289Z,HM6QAFBU,2026-09-22,2026-09-22,13:00:40,2026-09-22 13:00:40,,,,,,,,69aefaccbf52402fcb03f38a,69aefaccbf52402fcb03f38a,,,,
15448,raw_position_sample,2,3,adv,25,4,18,19,62, In ,753,304,1714299.5,69aefaccbf52402fcb03f38a,69aefaccbf52402fcb03f38a,advanced,4,69aefaccbf52402fcb03f38a,69aefaccbf52402fcb03f38a,spotlight_PROLIFIC,,36,Chile,Spanish,"Spanish, English, Japanese",Japanese,Spanish:75|English:15|Japanese:10,100,Spanish:50|English:35|Japanese:15,100,Spanish:80|English:10|Japanese:10,100,7,5,Bachelor's,10,10,10,7,7,10,5,22,8,15,Duolingo,130,,,,,17,25,B1,intermediate|advanced,intermediate|advanced,cambridge_15_21_random_intermediate_advanced,4,19,random,,283.265625,746.484375,303.265625,766.5,5,3,,,,,,,,,,,,2026-09-22T16:00:40.289Z,HM6QAFBU,2026-09-22,2026-09-22,13:00:40,2026-09-22 13:00:40,,,,,,,,69aefaccbf52402fcb03f38a,69aefaccbf52402fcb03f38a,,,,
15486,hover_association,2,3,adv,25,4,18,19,62, In ,747,304,,69aefaccbf52402fcb03f38a,69aefaccbf52402fcb03f38a,advanced,4,69aefaccbf52402fcb03f38a,69aefaccbf52402fcb03f38a,spotlight_PROLIFIC,,36,Chile,Spanish,"Spanish, English, Japanese",Japanese,Spanish:75|English:15|Japanese:10,100,Spanish:50|English:35|Japanese:15,100,Spanish:80|English:10|Japanese:10,100,7,5,Bachelor's,10,10,10,7,7,10,5,22,8,15,Duolingo,130,,,,,17,25,B1,intermediate|advanced,intermediate|advanced,cambridge_15_21_random_intermediate_advanced,4,19,random,,273.265625,746.484375,313.265625,766.5,5,3,hover,284.30000001192093,284.30000001192093,0.5753317720530835,0.768359375,165,,,,,,2026-09-22T16:00:40.289Z,HM6QAFBU,2026-09-22,2026-09-22,13:00:40,2026-09-22 13:00:40,,,,,,,,69aefaccbf52402fcb03f38a,69aefaccbf52402fcb03f38a,,,,
15504,raw_position_sample,2,3,adv,25,4,18,19,63," fact, ",782,303,1714355.5,69aefaccbf52402fcb03f38a,69aefaccbf52402fcb03f38a,advanced,4,69aefaccbf52402fcb03f38a,69aefaccbf52402fcb03f38a,spotlight_PROLIFIC,,36,Chile,Spanish,"Spanish, English, Japanese",Japanese,Spanish:75|English:15|Japanese:10,100,Spanish:50|English:35|Japanese:15,100,Spanish:80|English:10|Japanese:10,100,7,5,Bachelor's,10,10,10,7,7,10,5,22,8,15,Duolingo,130,,,,,17,25,B1,intermediate|advanced,intermediate|advanced,cambridge_15_21_random_intermediate_advanced,4,19,random,,283.265625,766.5,303.265625,805.515625,5,4,,,,,,,,,,,,2026-09-22T16:00:40.289Z,HM6QAFBU,2026-09-22,2026-09-22,13:00:40,2026-09-22 13:00:40,,,,,,,,69aefaccbf52402fcb03f38a,69aefaccbf52402fcb03f38a,,,,
15551,raw_position_sample,2,3,adv,25,4,18,19,63," fact, ",805,302,1714402.800000012,69aefaccbf52402fcb03f38a,69aefaccbf52402fcb03f38a,advanced,4,69aefaccbf52402fcb03f38a,69aefaccbf52402fcb03f38a,spotlight_PROLIFIC,,36,Chile,Spanish,"Spanish, English, Japanese",Japanese,Spanish:75|English:15|Japanese:10,100,Spanish:50|English:35|Japanese:15,100,Spanish:80|English:10|Japanese:10,100,7,5,Bachelor's,10,10,10,7,7,10,5,22,8,15,Duolingo,130,,,,,17,25,B1,intermediate|advanced,intermediate|advanced,cambridge_15_21_random_intermediate_advanced,4,19,random,,283.265625,766.5,303.265625,805.515625,5,4,,,,,,,,,,,,2026-09-22T16:00:40.289Z,HM6QAFBU,2026-09-22,2026-09-22,13:00:40,2026-09-22 13:00:40,,,,,,,,69aefaccbf52402fcb03f38a,69aefaccbf52402fcb03f38a,,,,
15567,hover_association,2,3,adv,25,4,18,19,63," fact, ",773,304,,69aefaccbf52402fcb03f38a,69aefaccbf52402fcb03f38a,advanced,4,69aefaccbf52402fcb03f38a,69aefaccbf52402fcb03f38a,spotlight_PROLIFIC,,36,Chile,Spanish,"Spanish, English, Japanese",Japanese,Spanish:75|English:15|Japanese:10,100,Spanish:50|English:35|Japanese:15,100,Spanish:80|English:10|Japanese:10,100,7,5,Bachelor's,10,10,10,7,7,10,5,22,8,15,Duolingo,130,,,,,17,25,B1,intermediate|advanced,intermediate|advanced,cambridge_15_21_random_intermediate_advanced,4,19,random,,273.265625,766.5,313.265625,805.515625,5,4,hover,82.5,82.5,0.986784140969163,0.718359375,165,,,,,,2026-09-22T16:00:40.289Z,HM6QAFBU,2026-09-22,2026-09-22,13:00:40,2026-09-22 13:00:40,,,,,,,,69aefaccbf52402fcb03f38a,69aefaccbf52402fcb03f38a,,,,
15600,raw_position_sample,2,3,adv,25,4,18,19,64, I ,811,302,1714451.1000000238,69aefaccbf52402fcb03f38a,69aefaccbf52402fcb03f38a,advanced,4,69aefaccbf52402fcb03f38a,69aefaccbf52402fcb03f38a,spotlight_PROLIFIC,,36,Chile,Spanish,"Spanish, English, Japanese",Japanese,Spanish:75|English:15|Japanese:10,100,Spanish:50|English:35|Japanese:15,100,Spanish:80|English:10|Japanese:10,100,7,5,Bachelor's,10,10,10,7,7,10,5,22,8,15,Duolingo,130,,,,,17,25,B1,intermediate|advanced,intermediate|advanced,cambridge_15_21_random_intermediate_advanced,4,19,random,,283.265625,805.515625,303.265625,815.53125,5,5,,,,,,,,,,,,2026-09-22T16:00:40.289Z,HM6QAFBU,2026-09-22,2026-09-22,13:00:40,2026-09-22 13:00:40,,,,,,,,69aefaccbf52402fcb03f38a,69aefaccbf52402fcb03f38a,,,,
15619,hover_association,2,3,adv,25,4,18,19,64, I ,808,302,,69aefaccbf52402fcb03f38a,69aefaccbf52402fcb03f38a,advanced,4,69aefaccbf52402fcb03f38a,69aefaccbf52402fcb03f38a,spotlight_PROLIFIC,,36,Chile,Spanish,"Spanish, English, Japanese",Japanese,Spanish:75|English:15|Japanese:10,100,Spanish:50|English:35|Japanese:15,100,Spanish:80|English:10|Japanese:10,100,7,5,Bachelor's,10,10,10,7,7,10,5,22,8,15,Duolingo,130,,,,,17,25,B1,intermediate|advanced,intermediate|advanced,cambridge_15_21_random_intermediate_advanced,4,19,random,,273.265625,805.515625,313.265625,815.53125,5,5,hover,50.69999998807907,50.69999998807907,0.8471138845553822,0.718359375,165,,,,,,2026-09-22T16:00:40.289Z,HM6QAFBU,2026-09-22,2026-09-22,13:00:40,2026-09-22 13:00:40,,,,,,,,69aefaccbf52402fcb03f38a,69aefaccbf52402fcb03f38a,,,,
15653,raw_position_sample,2,3,adv,25,4,18,19,65, hate ,825,302,1714504,69aefaccbf52402fcb03f38a,69aefaccbf52402fcb03f38a,advanced,4,69aefaccbf52402fcb03f38a,69aefaccbf52402fcb03f38a,spotlight_PROLIFIC,,36,Chile,Spanish,"Spanish, English, Japanese",Japanese,Spanish:75|English:15|Japanese:10,100,Spanish:50|English:35|Japanese:15,100,Spanish:80|English:10|Japanese:10,100,7,5,Bachelor's,10,10,10,7,7,10,5,22,8,15,Duolingo,130,,,,,17,25,B1,intermediate|advanced,intermediate|advanced,cambridge_15_21_random_intermediate_advanced,4,19,random,,283.265625,815.53125,303.265625,855.578125,5,6,,,,,,,,,,,,2026-09-22T16:00:40.289Z,HM6QAFBU,2026-09-22,2026-09-22,13:00:40,2026-09-22 13:00:40,,,,,,,,69aefaccbf52402fcb03f38a,69aefaccbf52402fcb03f38a,,,,
15702,raw_position_sample,2,3,adv,25,4,18,19,65, hate ,844,300,1714552.8999999762,69aefaccbf52402fcb03f38a,69aefaccbf52402fcb03f38a,advanced,4,69aefaccbf52402fcb03f38a,69aefaccbf52402fcb03f38a,spotlight_PROLIFIC,,36,Chile,Spanish,"Spanish, English, Japanese",Japanese,Spanish:75|English:15|Japanese:10,100,Spanish:50|English:35|Japanese:15,100,Spanish:80|English:10|Japanese:10,100,7,5,Bachelor's,10,10,10,7,7,10,5,22,8,15,Duolingo,130,,,,,17,25,B1,intermediate|advanced,intermediate|advanced,cambridge_15_21_random_intermediate_advanced,4,19,random,,283.265625,815.53125,303.265625,855.578125,5,6,,,,,,,,,,,,2026-09-22T16:00:40.289Z,HM6QAFBU,2026-09-22,2026-09-22,13:00:40,2026-09-22 13:00:40,,,,,,,,69aefaccbf52402fcb03f38a,69aefaccbf52402fcb03f38a,,,,
15734,hover_association,2,3,adv,25,4,18,19,65, hate ,816,302,,69aefaccbf52402fcb03f38a,69aefaccbf52402fcb03f38a,advanced,4,69aefaccbf52402fcb03f38a,69aefaccbf52402fcb03f38a,spotlight_PROLIFIC,,36,Chile,Spanish,"Spanish, English, Japanese",Japanese,Spanish:75|English:15|Japanese:10,100,Spanish:50|English:35|Japanese:15,100,Spanish:80|English:10|Japanese:10,100,7,5,Bachelor's,10,10,10,7,7,10,5,22,8,15,Duolingo,130,,,,,17,25,B1,intermediate|advanced,intermediate|advanced,cambridge_15_21_random_intermediate_advanced,4,19,random,,273.265625,815.53125,313.265625,855.578125,5,6,hover,115.80000001192093,115.80000001192093,0.8856808427623878,0.668359375,165,,,,,,2026-09-22T16:00:40.289Z,HM6QAFBU,2026-09-22,2026-09-22,13:00:40,2026-09-22 13:00:40,,,,,,,,69aefaccbf52402fcb03f38a,69aefaccbf52402fcb03f38a,,,,
15752,raw_position_sample,2,3,adv,25,4,18,19,66, shopping ,867,299,1714602.8999999762,69aefaccbf52402fcb03f38a,69aefaccbf52402fcb03f38a,advanced,4,69aefaccbf52402fcb03f38a,69aefaccbf52402fcb03f38a,spotlight_PROLIFIC,,36,Chile,Spanish,"Spanish, English, Japanese",Japanese,Spanish:75|English:15|Japanese:10,100,Spanish:50|English:35|Japanese:15,100,Spanish:80|English:10|Japanese:10,100,7,5,Bachelor's,10,10,10,7,7,10,5,22,8,15,Duolingo,130,,,,,17,25,B1,intermediate|advanced,intermediate|advanced,cambridge_15_21_random_intermediate_advanced,4,19,random,,283.265625,855.578125,303.265625,933.65625,5,7,,,,,,,,,,,,2026-09-22T16:00:40.289Z,HM6QAFBU,2026-09-22,2026-09-22,13:00:40,2026-09-22 13:00:40,,,,,,,,69aefaccbf52402fcb03f38a,69aefaccbf52402fcb03f38a,,,,
15800,raw_position_sample,2,3,adv,25,4,18,19,66, shopping ,879,299,1714651.5,69aefaccbf52402fcb03f38a,69aefaccbf52402fcb03f38a,advanced,4,69aefaccbf52402fcb03f38a,69aefaccbf52402fcb03f38a,spotlight_PROLIFIC,,36,Chile,Spanish,"Spanish, English, Japanese",Japanese,Spanish:75|English:15|Japanese:10,100,Spanish:50|English:35|Japanese:15,100,Spanish:80|English:10|Japanese:10,100,7,5,Bachelor's,10,10,10,7,7,10,5,22,8,15,Duolingo,130,,,,,17,25,B1,intermediate|advanced,intermediate|advanced,cambridge_15_21_random_intermediate_advanced,4,19,random,,283.265625,855.578125,303.265625,933.65625,5,7,,,,,,,,,,,,2026-09-22T16:00:40.289Z,HM6QAFBU,2026-09-22,2026-09-22,13:00:40,2026-09-22 13:00:40,,,,,,,,69aefaccbf52402fcb03f38a,69aefaccbf52402fcb03f38a,,,,
15851,raw_position_sample,2,3,adv,25,4,18,19,66, shopping ,891,298,1714702.3999999762,69aefaccbf52402fcb03f38a,69aefaccbf52402fcb03f38a,advanced,4,69aefaccbf52402fcb03f38a,69aefaccbf52402fcb03f38a,spotlight_PROLIFIC,,36,Chile,Spanish,"Spanish, English, Japanese",Japanese,Spanish:75|English:15|Japanese:10,100,Spanish:50|English:35|Japanese:15,100,Spanish:80|English:10|Japanese:10,100,7,5,Bachelor's,10,10,10,7,7,10,5,22,8,15,Duolingo,130,,,,,17,25,B1,intermediate|advanced,intermediate|advanced,cambridge_15_21_random_intermediate_advanced,4,19,random,,283.265625,855.578125,303.265625,933.65625,5,7,,,,,,,,,,,,2026-09-22T16:00:40.289Z,HM6QAFBU,2026-09-22,2026-09-22,13:00:40,2026-09-22 13:00:40,,,,,,,,69aefaccbf52402fcb03f38a,69aefaccbf52402fcb03f38a,,,,
15904,raw_position_sample,2,3,adv,25,4,18,19,66, shopping ,898,298,1714755.699999988,69aefaccbf52402fcb03f38a,69aefaccbf52402fcb03f38a,advanced,4,69aefaccbf52402fcb03f38a,69aefaccbf52402fcb03f38a,spotlight_PROLIFIC,,36,Chile,Spanish,"Spanish, English, Japanese",Japanese,Spanish:75|English:15|Japanese:10,100,Spanish:50|English:35|Japanese:15,100,Spanish:80|English:10|Japanese:10,100,7,5,Bachelor's,10,10,10,7,7,10,5,22,8,15,Duolingo,130,,,,,17,25,B1,intermediate|advanced,intermediate|advanced,cambridge_15_21_random_intermediate_advanced,4,19,random,,283.265625,855.578125,303.265625,933.65625,5,7,,,,,,,,,,,,2026-09-22T16:00:40.289Z,HM6QAFBU,2026-09-22,2026-09-22,13:00:40,2026-09-22 13:00:40,,,,,,,,69aefaccbf52402fcb03f38a,69aefaccbf52402fcb03f38a,,,,
15950,raw_position_sample,2,3,adv,25,4,18,19,66, shopping ,902,298,1714800.8999999762,69aefaccbf52402fcb03f38a,69aefaccbf52402fcb03f38a,advanced,4,69aefaccbf52402fcb03f38a,69aefaccbf52402fcb03f38a,spotlight_PROLIFIC,,36,Chile,Spanish,"Spanish, English, Japanese",Japanese,Spanish:75|English:15|Japanese:10,100,Spanish:50|English:35|Japanese:15,100,Spanish:80|English:10|Japanese:10,100,7,5,Bachelor's,10,10,10,7,7,10,5,22,8,15,Duolingo,130,,,,,17,25,B1,intermediate|advanced,intermediate|advanced,cambridge_15_21_random_intermediate_advanced,4,19,random,,283.265625,855.578125,303.265625,933.65625,5,7,,,,,,,,,,,,2026-09-22T16:00:40.289Z,HM6QAFBU,2026-09-22,2026-09-22,13:00:40,2026-09-22 13:00:40,,,,,,,,69aefaccbf52402fcb03f38a,69aefaccbf52402fcb03f38a,,,,
15999,raw_position_sample,2,3,adv,25,4,18,19,66, shopping ,904,298,1714850.199999988,69aefaccbf52402fcb03f38a,69aefaccbf52402fcb03f38a,advanced,4,69aefaccbf52402fcb03f38a,69aefaccbf52402fcb03f38a,spotlight_PROLIFIC,,36,Chile,Spanish,"Spanish, English, Japanese",Japanese,Spanish:75|English:15|Japanese:10,100,Spanish:50|English:35|Japanese:15,100,Spanish:80|English:10|Japanese:10,100,7,5,Bachelor's,10,10,10,7,7,10,5,22,8,15,Duolingo,130,,,,,17,25,B1,intermediate|advanced,intermediate|advanced,cambridge_15_21_random_intermediate_advanced,4,19,random,,283.265625,855.578125,303.265625,933.65625,5,7,,,,,,,,,,,,2026-09-22T16:00:40.289Z,HM6QAFBU,2026-09-22,2026-09-22,13:00:40,2026-09-22 13:00:40,,,,,,,,69aefaccbf52402fcb03f38a,69aefaccbf52402fcb03f38a,,,,
16049,raw_position_sample,2,3,adv,25,4,18,19,66, shopping ,905,298,1714900,69aefaccbf52402fcb03f38a,69aefaccbf52402fcb03f38a,advanced,4,69aefaccbf52402fcb03f38a,69aefaccbf52402fcb03f38a,spotlight_PROLIFIC,,36,Chile,Spanish,"Spanish, English, Japanese",Japanese,Spanish:75|English:15|Japanese:10,100,Spanish:50|English:35|Japanese:15,100,Spanish:80|English:10|Japanese:10,100,7,5,Bachelor's,10,10,10,7,7,10,5,22,8,15,Duolingo,130,,,,,17,25,B1,intermediate|advanced,intermediate|advanced,cambridge_15_21_random_intermediate_advanced,4,19,random,,283.265625,855.578125,303.265625,933.65625,5,7,,,,,,,,,,,,2026-09-22T16:00:40.289Z,HM6QAFBU,2026-09-22,2026-09-22,13:00:40,2026-09-22 13:00:40,,,,,,,,69aefaccbf52402fcb03f38a,69aefaccbf52402fcb03f38a,,,,
16099,raw_position_sample,2,3,adv,25,4,18,19,66, shopping ,905,298,1714950.699999988,69aefaccbf52402fcb03f38a,69aefaccbf52402fcb03f38a,advanced,4,69aefaccbf52402fcb03f38a,69aefaccbf52402fcb03f38a,spotlight_PROLIFIC,,36,Chile,Spanish,"Spanish, English, Japanese",Japanese,Spanish:75|English:15|Japanese:10,100,Spanish:50|English:35|Japanese:15,100,Spanish:80|English:10|Japanese:10,100,7,5,Bachelor's,10,10,10,7,7,10,5,22,8,15,Duolingo,130,,,,,17,25,B1,intermediate|advanced,intermediate|advanced,cambridge_15_21_random_intermediate_advanced,4,19,random,,283.265625,855.578125,303.265625,933.65625,5,7,,,,,,,,,,,,2026-09-22T16:00:40.289Z,HM6QAFBU,2026-09-22,2026-09-22,13:00:40,2026-09-22 13:00:40,,,,,,,,69aefaccbf52402fcb03f38a,69aefaccbf52402fcb03f38a,,,,
16156,raw_position_sample,2,3,adv,25,4,18,19,66, shopping ,920,298,1715007.3999999762,69aefaccbf52402fcb03f38a,69aefaccbf52402fcb03f38a,advanced,4,69aefaccbf52402fcb03f38a,69aefaccbf52402fcb03f38a,spotlight_PROLIFIC,,36,Chile,Spanish,"Spanish, English, Japanese",Japanese,Spanish:75|English:15|Japanese:10,100,Spanish:50|English:35|Japanese:15,100,Spanish:80|English:10|Japanese:10,100,7,5,Bachelor's,10,10,10,7,7,10,5,22,8,15,Duolingo,130,,,,,17,25,B1,intermediate|advanced,intermediate|advanced,cambridge_15_21_random_intermediate_advanced,4,19,random,,283.265625,855.578125,303.265625,933.65625,5,7,,,,,,,,,,,,2026-09-22T16:00:40.289Z,HM6QAFBU,2026-09-22,2026-09-22,13:00:40,2026-09-22 13:00:40,,,,,,,,69aefaccbf52402fcb03f38a,69aefaccbf52402fcb03f38a,,,,
16201,hover_association,2,3,adv,25,4,18,19,66, shopping ,860,299,,69aefaccbf52402fcb03f38a,69aefaccbf52402fcb03f38a,advanced,4,69aefaccbf52402fcb03f38a,69aefaccbf52402fcb03f38a,spotlight_PROLIFIC,,36,Chile,Spanish,"Spanish, English, Japanese",Japanese,Spanish:75|English:15|Japanese:10,100,Spanish:50|English:35|Japanese:15,100,Spanish:80|English:10|Japanese:10,100,7,5,Bachelor's,10,10,10,7,7,10,5,22,8,15,Duolingo,130,,,,,17,25,B1,intermediate|advanced,intermediate|advanced,cambridge_15_21_random_intermediate_advanced,4,19,random,,273.265625,855.578125,313.265625,933.65625,5,7,hover,467,467,0.9659795877526516,0.618359375,165,,,,,,2026-09-22T16:00:40.289Z,HM6QAFBU,2026-09-22,2026-09-22,13:00:40,2026-09-22 13:00:40,,,,,,,,69aefaccbf52402fcb03f38a,69aefaccbf52402fcb03f38a,,,,
16203,raw_position_sample,2,3,adv,25,4,18,19,67, now. ,934,298,1715054.199999988,69aefaccbf52402fcb03f38a,69aefaccbf52402fcb03f38a,advanced,4,69aefaccbf52402fcb03f38a,69aefaccbf52402fcb03f38a,spotlight_PROLIFIC,,36,Chile,Spanish,"Spanish, English, Japanese",Japanese,Spanish:75|English:15|Japanese:10,100,Spanish:50|English:35|Japanese:15,100,Spanish:80|English:10|Japanese:10,100,7,5,Bachelor's,10,10,10,7,7,10,5,22,8,15,Duolingo,130,,,,,17,25,B1,intermediate|advanced,intermediate|advanced,cambridge_15_21_random_intermediate_advanced,4,19,random,,283.265625,933.65625,303.265625,975.6875,5,8,,,,,,,,,,,,2026-09-22T16:00:40.289Z,HM6QAFBU,2026-09-22,2026-09-22,13:00:40,2026-09-22 13:00:40,,,,,,,,69aefaccbf52402fcb03f38a,69aefaccbf52402fcb03f38a,,,,
16253,raw_position_sample,2,3,adv,25,4,18,19,67, now. ,943,298,1715104,69aefaccbf52402fcb03f38a,69aefaccbf52402fcb03f38a,advanced,4,69aefaccbf52402fcb03f38a,69aefaccbf52402fcb03f38a,spotlight_PROLIFIC,,36,Chile,Spanish,"Spanish, English, Japanese",Japanese,Spanish:75|English:15|Japanese:10,100,Spanish:50|English:35|Japanese:15,100,Spanish:80|English:10|Japanese:10,100,7,5,Bachelor's,10,10,10,7,7,10,5,22,8,15,Duolingo,130,,,,,17,25,B1,intermediate|advanced,intermediate|advanced,cambridge_15_21_random_intermediate_advanced,4,19,random,,283.265625,933.65625,303.265625,975.6875,5,8,,,,,,,,,,,,2026-09-22T16:00:40.289Z,HM6QAFBU,2026-09-22,2026-09-22,13:00:40,2026-09-22 13:00:40,,,,,,,,69aefaccbf52402fcb03f38a,69aefaccbf52402fcb03f38a,,,,
16303,raw_position_sample,2,3,adv,25,4,18,19,67, now. ,957,296,1715154,69aefaccbf52402fcb03f38a,69aefaccbf52402fcb03f38a,advanced,4,69aefaccbf52402fcb03f38a,69aefaccbf52402fcb03f38a,spotlight_PROLIFIC,,36,Chile,Spanish,"Spanish, English, Japanese",Japanese,Spanish:75|English:15|Japanese:10,100,Spanish:50|English:35|Japanese:15,100,Spanish:80|English:10|Japanese:10,100,7,5,Bachelor's,10,10,10,7,7,10,5,22,8,15,Duolingo,130,,,,,17,25,B1,intermediate|advanced,intermediate|advanced,cambridge_15_21_random_intermediate_advanced,4,19,random,,283.265625,933.65625,303.265625,975.6875,5,8,,,,,,,,,,,,2026-09-22T16:00:40.289Z,HM6QAFBU,2026-09-22,2026-09-22,13:00:40,2026-09-22 13:00:40,,,,,,,,69aefaccbf52402fcb03f38a,69aefaccbf52402fcb03f38a,,,,
16349,raw_position_sample,2,3,adv,25,4,18,19,67, now. ,964,296,1715200.5,69aefaccbf52402fcb03f38a,69aefaccbf52402fcb03f38a,advanced,4,69aefaccbf52402fcb03f38a,69aefaccbf52402fcb03f38a,spotlight_PROLIFIC,,36,Chile,Spanish,"Spanish, English, Japanese",Japanese,Spanish:75|English:15|Japanese:10,100,Spanish:50|English:35|Japanese:15,100,Spanish:80|English:10|Japanese:10,100,7,5,Bachelor's,10,10,10,7,7,10,5,22,8,15,Duolingo,130,,,,,17,25,B1,intermediate|advanced,intermediate|advanced,cambridge_15_21_random_intermediate_advanced,4,19,random,,283.265625,933.65625,303.265625,975.6875,5,8,,,,,,,,,,,,2026-09-22T16:00:40.289Z,HM6QAFBU,2026-09-22,2026-09-22,13:00:40,2026-09-22 13:00:40,,,,,,,,69aefaccbf52402fcb03f38a,69aefaccbf52402fcb03f38a,,,,
16406,raw_position_sample,2,3,adv,25,4,18,19,67, now. ,971,296,1715257,69aefaccbf52402fcb03f38a,69aefaccbf52402fcb03f38a,advanced,4,69aefaccbf52402fcb03f38a,69aefaccbf52402fcb03f38a,spotlight_PROLIFIC,,36,Chile,Spanish,"Spanish, English, Japanese",Japanese,Spanish:75|English:15|Japanese:10,100,Spanish:50|English:35|Japanese:15,100,Spanish:80|English:10|Japanese:10,100,7,5,Bachelor's,10,10,10,7,7,10,5,22,8,15,Duolingo,130,,,,,17,25,B1,intermediate|advanced,intermediate|advanced,cambridge_15_21_random_intermediate_advanced,4,19,random,,283.265625,933.65625,303.265625,975.6875,5,8,,,,,,,,,,,,2026-09-22T16:00:40.289Z,HM6QAFBU,2026-09-22,2026-09-22,13:00:40,2026-09-22 13:00:40,,,,,,,,69aefaccbf52402fcb03f38a,69aefaccbf52402fcb03f38a,,,,
16450,hover_association,2,3,adv,25,4,18,19,67, now. ,934,298,,69aefaccbf52402fcb03f38a,69aefaccbf52402fcb03f38a,advanced,4,69aefaccbf52402fcb03f38a,69aefaccbf52402fcb03f38a,spotlight_PROLIFIC,,36,Chile,Spanish,"Spanish, English, Japanese",Japanese,Spanish:75|English:15|Japanese:10,100,Spanish:50|English:35|Japanese:15,100,Spanish:80|English:10|Japanese:10,100,7,5,Bachelor's,10,10,10,7,7,10,5,22,8,15,Duolingo,130,,,,,17,25,B1,intermediate|advanced,intermediate|advanced,cambridge_15_21_random_intermediate_advanced,4,19,random,,273.265625,933.65625,313.265625,975.6875,5,8,hover,249.69999998807907,249.69999998807907,0.9836431226765799,0.543359375,165,,,,,,2026-09-22T16:00:40.289Z,HM6QAFBU,2026-09-22,2026-09-22,13:00:40,2026-09-22 13:00:40,,,,,,,,69aefaccbf52402fcb03f38a,69aefaccbf52402fcb03f38a,,,,
16451,raw_position_sample,2,3,adv,25,4,18,19,68, When ,977,295,1715302.8999999762,69aefaccbf52402fcb03f38a,69aefaccbf52402fcb03f38a,advanced,4,69aefaccbf52402fcb03f38a,69aefaccbf52402fcb03f38a,spotlight_PROLIFIC,,36,Chile,Spanish,"Spanish, English, Japanese",Japanese,Spanish:75|English:15|Japanese:10,100,Spanish:50|English:35|Japanese:15,100,Spanish:80|English:10|Japanese:10,100,7,5,Bachelor's,10,10,10,7,7,10,5,22,8,15,Duolingo,130,,,,,17,25,B1,intermediate|advanced,intermediate|advanced,cambridge_15_21_random_intermediate_advanced,4,19,random,,283.265625,975.6875,303.265625,1027.71875,5,9,,,,,,,,,,,,2026-09-22T16:00:40.289Z,HM6QAFBU,2026-09-22,2026-09-22,13:00:40,2026-09-22 13:00:40,,,,,,,,69aefaccbf52402fcb03f38a,69aefaccbf52402fcb03f38a,,,,
16507,raw_position_sample,2,3,adv,25,4,18,19,68, When ,984,295,1715358,69aefaccbf52402fcb03f38a,69aefaccbf52402fcb03f38a,advanced,4,69aefaccbf52402fcb03f38a,69aefaccbf52402fcb03f38a,spotlight_PROLIFIC,,36,Chile,Spanish,"Spanish, English, Japanese",Japanese,Spanish:75|English:15|Japanese:10,100,Spanish:50|English:35|Japanese:15,100,Spanish:80|English:10|Japanese:10,100,7,5,Bachelor's,10,10,10,7,7,10,5,22,8,15,Duolingo,130,,,,,17,25,B1,intermediate|advanced,intermediate|advanced,cambridge_15_21_random_intermediate_advanced,4,19,random,,283.265625,975.6875,303.265625,1027.71875,5,9,,,,,,,,,,,,2026-09-22T16:00:40.289Z,HM6QAFBU,2026-09-22,2026-09-22,13:00:40,2026-09-22 13:00:40,,,,,,,,69aefaccbf52402fcb03f38a,69aefaccbf52402fcb03f38a,,,,
16553,raw_position_sample,2,3,adv,25,4,18,19,68, When ,996,295,1715404.1000000238,69aefaccbf52402fcb03f38a,69aefaccbf52402fcb03f38a,advanced,4,69aefaccbf52402fcb03f38a,69aefaccbf52402fcb03f38a,spotlight_PROLIFIC,,36,Chile,Spanish,"Spanish, English, Japanese",Japanese,Spanish:75|English:15|Japanese:10,100,Spanish:50|English:35|Japanese:15,100,Spanish:80|English:10|Japanese:10,100,7,5,Bachelor's,10,10,10,7,7,10,5,22,8,15,Duolingo,130,,,,,17,25,B1,intermediate|advanced,intermediate|advanced,cambridge_15_21_random_intermediate_advanced,4,19,random,,283.265625,975.6875,303.265625,1027.71875,5,9,,,,,,,,,,,,2026-09-22T16:00:40.289Z,HM6QAFBU,2026-09-22,2026-09-22,13:00:40,2026-09-22 13:00:40,,,,,,,,69aefaccbf52402fcb03f38a,69aefaccbf52402fcb03f38a,,,,
16601,raw_position_sample,2,3,adv,25,4,18,19,68, When ,1006,295,1715452.8999999762,69aefaccbf52402fcb03f38a,69aefaccbf52402fcb03f38a,advanced,4,69aefaccbf52402fcb03f38a,69aefaccbf52402fcb03f38a,spotlight_PROLIFIC,,36,Chile,Spanish,"Spanish, English, Japanese",Japanese,Spanish:75|English:15|Japanese:10,100,Spanish:50|English:35|Japanese:15,100,Spanish:80|English:10|Japanese:10,100,7,5,Bachelor's,10,10,10,7,7,10,5,22,8,15,Duolingo,130,,,,,17,25,B1,intermediate|advanced,intermediate|advanced,cambridge_15_21_random_intermediate_advanced,4,19,random,,283.265625,975.6875,303.265625,1027.71875,5,9,,,,,,,,,,,,2026-09-22T16:00:40.289Z,HM6QAFBU,2026-09-22,2026-09-22,13:00:40,2026-09-22 13:00:40,,,,,,,,69aefaccbf52402fcb03f38a,69aefaccbf52402fcb03f38a,,,,
16651,raw_position_sample,2,3,adv,25,4,18,19,68, When ,1014,295,1715502.300000012,69aefaccbf52402fcb03f38a,69aefaccbf52402fcb03f38a,advanced,4,69aefaccbf52402fcb03f38a,69aefaccbf52402fcb03f38a,spotlight_PROLIFIC,,36,Chile,Spanish,"Spanish, English, Japanese",Japanese,Spanish:75|English:15|Japanese:10,100,Spanish:50|English:35|Japanese:15,100,Spanish:80|English:10|Japanese:10,100,7,5,Bachelor's,10,10,10,7,7,10,5,22,8,15,Duolingo,130,,,,,17,25,B1,intermediate|advanced,intermediate|advanced,cambridge_15_21_random_intermediate_advanced,4,19,random,,283.265625,975.6875,303.265625,1027.71875,5,9,,,,,,,,,,,,2026-09-22T16:00:40.289Z,HM6QAFBU,2026-09-22,2026-09-22,13:00:40,2026-09-22 13:00:40,,,,,,,,69aefaccbf52402fcb03f38a,69aefaccbf52402fcb03f38a,,,,
16702,raw_position_sample,2,3,adv,25,4,18,19,68, When ,1020,295,1715553,69aefaccbf52402fcb03f38a,69aefaccbf52402fcb03f38a,advanced,4,69aefaccbf52402fcb03f38a,69aefaccbf52402fcb03f38a,spotlight_PROLIFIC,,36,Chile,Spanish,"Spanish, English, Japanese",Japanese,Spanish:75|English:15|Japanese:10,100,Spanish:50|English:35|Japanese:15,100,Spanish:80|English:10|Japanese:10,100,7,5,Bachelor's,10,10,10,7,7,10,5,22,8,15,Duolingo,130,,,,,17,25,B1,intermediate|advanced,intermediate|advanced,cambridge_15_21_random_intermediate_advanced,4,19,random,,283.265625,975.6875,303.265625,1027.71875,5,9,,,,,,,,,,,,2026-09-22T16:00:40.289Z,HM6QAFBU,2026-09-22,2026-09-22,13:00:40,2026-09-22 13:00:40,,,,,,,,69aefaccbf52402fcb03f38a,69aefaccbf52402fcb03f38a,,,,
16733,hover_association,2,3,adv,25,4,18,19,68, When ,977,295,,69aefaccbf52402fcb03f38a,69aefaccbf52402fcb03f38a,advanced,4,69aefaccbf52402fcb03f38a,69aefaccbf52402fcb03f38a,spotlight_PROLIFIC,,36,Chile,Spanish,"Spanish, English, Japanese",Japanese,Spanish:75|English:15|Japanese:10,100,Spanish:50|English:35|Japanese:15,100,Spanish:80|English:10|Japanese:10,100,7,5,Bachelor's,10,10,10,7,7,10,5,22,8,15,Duolingo,130,,,,,17,25,B1,intermediate|advanced,intermediate|advanced,cambridge_15_21_random_intermediate_advanced,4,19,random,,273.265625,975.6875,313.265625,1027.71875,5,9,hover,283.2000000476837,283.2000000476837,0.9285285285285285,0.543359375,165,,,,,,2026-09-22T16:00:40.289Z,HM6QAFBU,2026-09-22,2026-09-22,13:00:40,2026-09-22 13:00:40,,,,,,,,69aefaccbf52402fcb03f38a,69aefaccbf52402fcb03f38a,,,,
16751,raw_position_sample,2,3,adv,25,4,18,19,69, I’m ,1029,295,1715602,69aefaccbf52402fcb03f38a,69aefaccbf52402fcb03f38a,advanced,4,69aefaccbf52402fcb03f38a,69aefaccbf52402fcb03f38a,spotlight_PROLIFIC,,36,Chile,Spanish,"Spanish, English, Japanese",Japanese,Spanish:75|English:15|Japanese:10,100,Spanish:50|English:35|Japanese:15,100,Spanish:80|English:10|Japanese:10,100,7,5,Bachelor's,10,10,10,7,7,10,5,22,8,15,Duolingo,130,,,,,17,25,B1,intermediate|advanced,intermediate|advanced,cambridge_15_21_random_intermediate_advanced,4,19,random,,283.265625,1027.71875,303.265625,1056.71875,5,10,,,,,,,,,,,,2026-09-22T16:00:40.289Z,HM6QAFBU,2026-09-22,2026-09-22,13:00:40,2026-09-22 13:00:40,,,,,,,,69aefaccbf52402fcb03f38a,69aefaccbf52402fcb03f38a,,,,
16804,raw_position_sample,2,3,adv,25,4,18,19,69, I’m ,1049,295,1715655,69aefaccbf52402fcb03f38a,69aefaccbf52402fcb03f38a,advanced,4,69aefaccbf52402fcb03f38a,69aefaccbf52402fcb03f38a,spotlight_PROLIFIC,,36,Chile,Spanish,"Spanish, English, Japanese",Japanese,Spanish:75|English:15|Japanese:10,100,Spanish:50|English:35|Japanese:15,100,Spanish:80|English:10|Japanese:10,100,7,5,Bachelor's,10,10,10,7,7,10,5,22,8,15,Duolingo,130,,,,,17,25,B1,intermediate|advanced,intermediate|advanced,cambridge_15_21_random_intermediate_advanced,4,19,random,,283.265625,1027.71875,303.265625,1056.71875,5,10,,,,,,,,,,,,2026-09-22T16:00:40.289Z,HM6QAFBU,2026-09-22,2026-09-22,13:00:40,2026-09-22 13:00:40,,,,,,,,69aefaccbf52402fcb03f38a,69aefaccbf52402fcb03f38a,,,,
16834,hover_association,2,3,adv,25,4,18,19,69, I’m ,1029,295,,69aefaccbf52402fcb03f38a,69aefaccbf52402fcb03f38a,advanced,4,69aefaccbf52402fcb03f38a,69aefaccbf52402fcb03f38a,spotlight_PROLIFIC,,36,Chile,Spanish,"Spanish, English, Japanese",Japanese,Spanish:75|English:15|Japanese:10,100,Spanish:50|English:35|Japanese:15,100,Spanish:80|English:10|Japanese:10,100,7,5,Bachelor's,10,10,10,7,7,10,5,22,8,15,Duolingo,130,,,,,17,25,B1,intermediate|advanced,intermediate|advanced,cambridge_15_21_random_intermediate_advanced,4,19,random,,273.265625,1027.71875,313.265625,1056.71875,5,10,hover,100.69999998807907,100.69999998807907,0.90625,0.543359375,165,,,,,,2026-09-22T16:00:40.289Z,HM6QAFBU,2026-09-22,2026-09-22,13:00:40,2026-09-22 13:00:40,,,,,,,,69aefaccbf52402fcb03f38a,69aefaccbf52402fcb03f38a,,,,
16854,raw_position_sample,2,3,adv,25,4,18,19,70, not ,1062,295,1715704.8999999762,69aefaccbf52402fcb03f38a,69aefaccbf52402fcb03f38a,advanced,4,69aefaccbf52402fcb03f38a,69aefaccbf52402fcb03f38a,spotlight_PROLIFIC,,36,Chile,Spanish,"Spanish, English, Japanese",Japanese,Spanish:75|English:15|Japanese:10,100,Spanish:50|English:35|Japanese:15,100,Spanish:80|English:10|Japanese:10,100,7,5,Bachelor's,10,10,10,7,7,10,5,22,8,15,Duolingo,130,,,,,17,25,B1,intermediate|advanced,intermediate|advanced,cambridge_15_21_random_intermediate_advanced,4,19,random,,283.265625,1056.71875,303.265625,1086.75,5,11,,,,,,,,,,,,2026-09-22T16:00:40.289Z,HM6QAFBU,2026-09-22,2026-09-22,13:00:40,2026-09-22 13:00:40,,,,,,,,69aefaccbf52402fcb03f38a,69aefaccbf52402fcb03f38a,,,,
16902,raw_position_sample,2,3,adv,25,4,18,19,70, not ,1075,295,1715753.199999988,69aefaccbf52402fcb03f38a,69aefaccbf52402fcb03f38a,advanced,4,69aefaccbf52402fcb03f38a,69aefaccbf52402fcb03f38a,spotlight_PROLIFIC,,36,Chile,Spanish,"Spanish, English, Japanese",Japanese,Spanish:75|English:15|Japanese:10,100,Spanish:50|English:35|Japanese:15,100,Spanish:80|English:10|Japanese:10,100,7,5,Bachelor's,10,10,10,7,7,10,5,22,8,15,Duolingo,130,,,,,17,25,B1,intermediate|advanced,intermediate|advanced,cambridge_15_21_random_intermediate_advanced,4,19,random,,283.265625,1056.71875,303.265625,1086.75,5,11,,,,,,,,,,,,2026-09-22T16:00:40.289Z,HM6QAFBU,2026-09-22,2026-09-22,13:00:40,2026-09-22 13:00:40,,,,,,,,69aefaccbf52402fcb03f38a,69aefaccbf52402fcb03f38a,,,,
16934,hover_association,2,3,adv,25,4,18,19,70, not ,1058,295,,69aefaccbf52402fcb03f38a,69aefaccbf52402fcb03f38a,advanced,4,69aefaccbf52402fcb03f38a,69aefaccbf52402fcb03f38a,spotlight_PROLIFIC,,36,Chile,Spanish,"Spanish, English, Japanese",Japanese,Spanish:75|English:15|Japanese:10,100,Spanish:50|English:35|Japanese:15,100,Spanish:80|English:10|Japanese:10,100,7,5,Bachelor's,10,10,10,7,7,10,5,22,8,15,Duolingo,130,,,,,17,25,B1,intermediate|advanced,intermediate|advanced,cambridge_15_21_random_intermediate_advanced,4,19,random,,273.265625,1056.71875,313.265625,1086.75,5,11,hover,99.5,99.5,0.7752341311134235,0.543359375,165,,,,,,2026-09-22T16:00:40.289Z,HM6QAFBU,2026-09-22,2026-09-22,13:00:40,2026-09-22 13:00:40,,,,,,,,69aefaccbf52402fcb03f38a,69aefaccbf52402fcb03f38a,,,,
16951,raw_position_sample,2,3,adv,25,4,18,19,71," working, ",1092,295,1715802.300000012,69aefaccbf52402fcb03f38a,69aefaccbf52402fcb03f38a,advanced,4,69aefaccbf52402fcb03f38a,69aefaccbf52402fcb03f38a,spotlight_PROLIFIC,,36,Chile,Spanish,"Spanish, English, Japanese",Japanese,Spanish:75|English:15|Japanese:10,100,Spanish:50|English:35|Japanese:15,100,Spanish:80|English:10|Japanese:10,100,7,5,Bachelor's,10,10,10,7,7,10,5,22,8,15,Duolingo,130,,,,,17,25,B1,intermediate|advanced,intermediate|advanced,cambridge_15_21_random_intermediate_advanced,4,19,random,,283.265625,1086.75,303.265625,1158.78125,5,12,,,,,,,,,,,,2026-09-22T16:00:40.289Z,HM6QAFBU,2026-09-22,2026-09-22,13:00:40,2026-09-22 13:00:40,,,,,,,,69aefaccbf52402fcb03f38a,69aefaccbf52402fcb03f38a,,,,
17001,raw_position_sample,2,3,adv,25,4,18,19,71," working, ",1104,295,1715852.800000012,69aefaccbf52402fcb03f38a,69aefaccbf52402fcb03f38a,advanced,4,69aefaccbf52402fcb03f38a,69aefaccbf52402fcb03f38a,spotlight_PROLIFIC,,36,Chile,Spanish,"Spanish, English, Japanese",Japanese,Spanish:75|English:15|Japanese:10,100,Spanish:50|English:35|Japanese:15,100,Spanish:80|English:10|Japanese:10,100,7,5,Bachelor's,10,10,10,7,7,10,5,22,8,15,Duolingo,130,,,,,17,25,B1,intermediate|advanced,intermediate|advanced,cambridge_15_21_random_intermediate_advanced,4,19,random,,283.265625,1086.75,303.265625,1158.78125,5,12,,,,,,,,,,,,2026-09-22T16:00:40.289Z,HM6QAFBU,2026-09-22,2026-09-22,13:00:40,2026-09-22 13:00:40,,,,,,,,69aefaccbf52402fcb03f38a,69aefaccbf52402fcb03f38a,,,,
17051,raw_position_sample,2,3,adv,25,4,18,19,71," working, ",1114,295,1715902.6000000238,69aefaccbf52402fcb03f38a,69aefaccbf52402fcb03f38a,advanced,4,69aefaccbf52402fcb03f38a,69aefaccbf52402fcb03f38a,spotlight_PROLIFIC,,36,Chile,Spanish,"Spanish, English, Japanese",Japanese,Spanish:75|English:15|Japanese:10,100,Spanish:50|English:35|Japanese:15,100,Spanish:80|English:10|Japanese:10,100,7,5,Bachelor's,10,10,10,7,7,10,5,22,8,15,Duolingo,130,,,,,17,25,B1,intermediate|advanced,intermediate|advanced,cambridge_15_21_random_intermediate_advanced,4,19,random,,283.265625,1086.75,303.265625,1158.78125,5,12,,,,,,,,,,,,2026-09-22T16:00:40.289Z,HM6QAFBU,2026-09-22,2026-09-22,13:00:40,2026-09-22 13:00:40,,,,,,,,69aefaccbf52402fcb03f38a,69aefaccbf52402fcb03f38a,,,,
17104,raw_position_sample,2,3,adv,25,4,18,19,71," working, ",1136,295,1715955.300000012,69aefaccbf52402fcb03f38a,69aefaccbf52402fcb03f38a,advanced,4,69aefaccbf52402fcb03f38a,69aefaccbf52402fcb03f38a,spotlight_PROLIFIC,,36,Chile,Spanish,"Spanish, English, Japanese",Japanese,Spanish:75|English:15|Japanese:10,100,Spanish:50|English:35|Japanese:15,100,Spanish:80|English:10|Japanese:10,100,7,5,Bachelor's,10,10,10,7,7,10,5,22,8,15,Duolingo,130,,,,,17,25,B1,intermediate|advanced,intermediate|advanced,cambridge_15_21_random_intermediate_advanced,4,19,random,,283.265625,1086.75,303.265625,1158.78125,5,12,,,,,,,,,,,,2026-09-22T16:00:40.289Z,HM6QAFBU,2026-09-22,2026-09-22,13:00:40,2026-09-22 13:00:40,,,,,,,,69aefaccbf52402fcb03f38a,69aefaccbf52402fcb03f38a,,,,
17156,raw_position_sample,2,3,adv,25,4,18,19,71," working, ",1157,295,1716007.300000012,69aefaccbf52402fcb03f38a,69aefaccbf52402fcb03f38a,advanced,4,69aefaccbf52402fcb03f38a,69aefaccbf52402fcb03f38a,spotlight_PROLIFIC,,36,Chile,Spanish,"Spanish, English, Japanese",Japanese,Spanish:75|English:15|Japanese:10,100,Spanish:50|English:35|Japanese:15,100,Spanish:80|English:10|Japanese:10,100,7,5,Bachelor's,10,10,10,7,7,10,5,22,8,15,Duolingo,130,,,,,17,25,B1,intermediate|advanced,intermediate|advanced,cambridge_15_21_random_intermediate_advanced,4,19,random,,283.265625,1086.75,303.265625,1158.78125,5,12,,,,,,,,,,,,2026-09-22T16:00:40.289Z,HM6QAFBU,2026-09-22,2026-09-22,13:00:40,2026-09-22 13:00:40,,,,,,,,69aefaccbf52402fcb03f38a,69aefaccbf52402fcb03f38a,,,,
17169,hover_association,2,3,adv,25,4,18,19,71," working, ",1088,295,,69aefaccbf52402fcb03f38a,69aefaccbf52402fcb03f38a,advanced,4,69aefaccbf52402fcb03f38a,69aefaccbf52402fcb03f38a,spotlight_PROLIFIC,,36,Chile,Spanish,"Spanish, English, Japanese",Japanese,Spanish:75|English:15|Japanese:10,100,Spanish:50|English:35|Japanese:15,100,Spanish:80|English:10|Japanese:10,100,7,5,Bachelor's,10,10,10,7,7,10,5,22,8,15,Duolingo,130,,,,,17,25,B1,intermediate|advanced,intermediate|advanced,cambridge_15_21_random_intermediate_advanced,4,19,random,,273.265625,1086.75,313.265625,1158.78125,5,12,hover,233.89999997615814,233.89999997615814,0.9752711496746204,0.543359375,165,,,,,,2026-09-22T16:00:40.289Z,HM6QAFBU,2026-09-22,2026-09-22,13:00:40,2026-09-22 13:00:40,,,,,,,,69aefaccbf52402fcb03f38a,69aefaccbf52402fcb03f38a,,,,
17201,hover_association,2,3,adv,25,4,18,19,72, it ,1165,295,,69aefaccbf52402fcb03f38a,69aefaccbf52402fcb03f38a,advanced,4,69aefaccbf52402fcb03f38a,69aefaccbf52402fcb03f38a,spotlight_PROLIFIC,,36,Chile,Spanish,"Spanish, English, Japanese",Japanese,Spanish:75|English:15|Japanese:10,100,Spanish:50|English:35|Japanese:15,100,Spanish:80|English:10|Japanese:10,100,7,5,Bachelor's,10,10,10,7,7,10,5,22,8,15,Duolingo,130,,,,,17,25,B1,intermediate|advanced,intermediate|advanced,cambridge_15_21_random_intermediate_advanced,4,19,random,,273.265625,1158.78125,313.265625,1172.796875,5,13,hover,33.19999998807907,33.19999998807907,0.8004459308807135,0.543359375,165,,,,,,2026-09-22T16:00:40.289Z,HM6QAFBU,2026-09-22,2026-09-22,13:00:40,2026-09-22 13:00:40,,,,,,,,69aefaccbf52402fcb03f38a,69aefaccbf52402fcb03f38a,,,,
17203,raw_position_sample,2,3,adv,25,4,18,19,73, pains ,1176,295,1716054.800000012,69aefaccbf52402fcb03f38a,69aefaccbf52402fcb03f38a,advanced,4,69aefaccbf52402fcb03f38a,69aefaccbf52402fcb03f38a,spotlight_PROLIFIC,,36,Chile,Spanish,"Spanish, English, Japanese",Japanese,Spanish:75|English:15|Japanese:10,100,Spanish:50|English:35|Japanese:15,100,Spanish:80|English:10|Japanese:10,100,7,5,Bachelor's,10,10,10,7,7,10,5,22,8,15,Duolingo,130,,,,,17,25,B1,intermediate|advanced,intermediate|advanced,cambridge_15_21_random_intermediate_advanced,4,19,random,,283.265625,1172.796875,303.265625,1220.84375,5,14,,,,,,,,,,,,2026-09-22T16:00:40.289Z,HM6QAFBU,2026-09-22,2026-09-22,13:00:40,2026-09-22 13:00:40,,,,,,,,69aefaccbf52402fcb03f38a,69aefaccbf52402fcb03f38a,,,,
17253,raw_position_sample,2,3,adv,25,4,18,19,73, pains ,1195,295,1716104.6000000238,69aefaccbf52402fcb03f38a,69aefaccbf52402fcb03f38a,advanced,4,69aefaccbf52402fcb03f38a,69aefaccbf52402fcb03f38a,spotlight_PROLIFIC,,36,Chile,Spanish,"Spanish, English, Japanese",Japanese,Spanish:75|English:15|Japanese:10,100,Spanish:50|English:35|Japanese:15,100,Spanish:80|English:10|Japanese:10,100,7,5,Bachelor's,10,10,10,7,7,10,5,22,8,15,Duolingo,130,,,,,17,25,B1,intermediate|advanced,intermediate|advanced,cambridge_15_21_random_intermediate_advanced,4,19,random,,283.265625,1172.796875,303.265625,1220.84375,5,14,,,,,,,,,,,,2026-09-22T16:00:40.289Z,HM6QAFBU,2026-09-22,2026-09-22,13:00:40,2026-09-22 13:00:40,,,,,,,,69aefaccbf52402fcb03f38a,69aefaccbf52402fcb03f38a,,,,
17304,raw_position_sample,2,3,adv,25,4,18,19,73, pains ,1212,295,1716155.5,69aefaccbf52402fcb03f38a,69aefaccbf52402fcb03f38a,advanced,4,69aefaccbf52402fcb03f38a,69aefaccbf52402fcb03f38a,spotlight_PROLIFIC,,36,Chile,Spanish,"Spanish, English, Japanese",Japanese,Spanish:75|English:15|Japanese:10,100,Spanish:50|English:35|Japanese:15,100,Spanish:80|English:10|Japanese:10,100,7,5,Bachelor's,10,10,10,7,7,10,5,22,8,15,Duolingo,130,,,,,17,25,B1,intermediate|advanced,intermediate|advanced,cambridge_15_21_random_intermediate_advanced,4,19,random,,283.265625,1172.796875,303.265625,1220.84375,5,14,,,,,,,,,,,,2026-09-22T16:00:40.289Z,HM6QAFBU,2026-09-22,2026-09-22,13:00:40,2026-09-22 13:00:40,,,,,,,,69aefaccbf52402fcb03f38a,69aefaccbf52402fcb03f38a,,,,
17333,hover_association,2,3,adv,25,4,18,19,73, pains ,1176,295,,69aefaccbf52402fcb03f38a,69aefaccbf52402fcb03f38a,advanced,4,69aefaccbf52402fcb03f38a,69aefaccbf52402fcb03f38a,spotlight_PROLIFIC,,36,Chile,Spanish,"Spanish, English, Japanese",Japanese,Spanish:75|English:15|Japanese:10,100,Spanish:50|English:35|Japanese:15,100,Spanish:80|English:10|Japanese:10,100,7,5,Bachelor's,10,10,10,7,7,10,5,22,8,15,Duolingo,130,,,,,17,25,B1,intermediate|advanced,intermediate|advanced,cambridge_15_21_random_intermediate_advanced,4,19,random,,273.265625,1172.796875,313.265625,1220.84375,5,14,hover,132.9000000357628,132.9000000357628,0.92,0.543359375,165,,,,,,2026-09-22T16:00:40.289Z,HM6QAFBU,2026-09-22,2026-09-22,13:00:40,2026-09-22 13:00:40,,,,,,,,69aefaccbf52402fcb03f38a,69aefaccbf52402fcb03f38a,,,,
17356,raw_position_sample,2,3,adv,25,4,18,19,74, me ,1234,294,1716207.3999999762,69aefaccbf52402fcb03f38a,69aefaccbf52402fcb03f38a,advanced,4,69aefaccbf52402fcb03f38a,69aefaccbf52402fcb03f38a,spotlight_PROLIFIC,,36,Chile,Spanish,"Spanish, English, Japanese",Japanese,Spanish:75|English:15|Japanese:10,100,Spanish:50|English:35|Japanese:15,100,Spanish:80|English:10|Japanese:10,100,7,5,Bachelor's,10,10,10,7,7,10,5,22,8,15,Duolingo,130,,,,,17,25,B1,intermediate|advanced,intermediate|advanced,cambridge_15_21_random_intermediate_advanced,4,19,random,,283.265625,1220.84375,303.265625,1250.859375,5,15,,,,,,,,,,,,2026-09-22T16:00:40.289Z,HM6QAFBU,2026-09-22,2026-09-22,13:00:40,2026-09-22 13:00:40,,,,,,,,69aefaccbf52402fcb03f38a,69aefaccbf52402fcb03f38a,,,,
17399,raw_position_sample,2,3,adv,25,4,18,19,74, me ,1248,294,1716250.6000000238,69aefaccbf52402fcb03f38a,69aefaccbf52402fcb03f38a,advanced,4,69aefaccbf52402fcb03f38a,69aefaccbf52402fcb03f38a,spotlight_PROLIFIC,,36,Chile,Spanish,"Spanish, English, Japanese",Japanese,Spanish:75|English:15|Japanese:10,100,Spanish:50|English:35|Japanese:15,100,Spanish:80|English:10|Japanese:10,100,7,5,Bachelor's,10,10,10,7,7,10,5,22,8,15,Duolingo,130,,,,,17,25,B1,intermediate|advanced,intermediate|advanced,cambridge_15_21_random_intermediate_advanced,4,19,random,,283.265625,1220.84375,303.265625,1250.859375,5,15,,,,,,,,,,,,2026-09-22T16:00:40.289Z,HM6QAFBU,2026-09-22,2026-09-22,13:00:40,2026-09-22 13:00:40,,,,,,,,69aefaccbf52402fcb03f38a,69aefaccbf52402fcb03f38a,,,,
17401,hover_association,2,3,adv,25,4,18,19,74, me ,1229,295,,69aefaccbf52402fcb03f38a,69aefaccbf52402fcb03f38a,advanced,4,69aefaccbf52402fcb03f38a,69aefaccbf52402fcb03f38a,spotlight_PROLIFIC,,36,Chile,Spanish,"Spanish, English, Japanese",Japanese,Spanish:75|English:15|Japanese:10,100,Spanish:50|English:35|Japanese:15,100,Spanish:80|English:10|Japanese:10,100,7,5,Bachelor's,10,10,10,7,7,10,5,22,8,15,Duolingo,130,,,,,17,25,B1,intermediate|advanced,intermediate|advanced,cambridge_15_21_random_intermediate_advanced,4,19,random,,273.265625,1220.84375,313.265625,1250.859375,5,15,hover,66.89999997615814,66.89999997615814,0.9047371160853722,0.518359375,165,,,,,,2026-09-22T16:00:40.289Z,HM6QAFBU,2026-09-22,2026-09-22,13:00:40,2026-09-22 13:00:40,,,,,,,,69aefaccbf52402fcb03f38a,69aefaccbf52402fcb03f38a,,,,
17434,hover_association,2,3,adv,25,4,18,19,75, to ,1254,294,,69aefaccbf52402fcb03f38a,69aefaccbf52402fcb03f38a,advanced,4,69aefaccbf52402fcb03f38a,69aefaccbf52402fcb03f38a,spotlight_PROLIFIC,,36,Chile,Spanish,"Spanish, English, Japanese",Japanese,Spanish:75|English:15|Japanese:10,100,Spanish:50|English:35|Japanese:15,100,Spanish:80|English:10|Japanese:10,100,7,5,Bachelor's,10,10,10,7,7,10,5,22,8,15,Duolingo,130,,,,,17,25,B1,intermediate|advanced,intermediate|advanced,cambridge_15_21_random_intermediate_advanced,4,19,random,,273.265625,1250.859375,313.265625,1269.0442708333333,5,16,hover,33.5,33.5,0.6676213661749992,0.518359375,165,,,,,,2026-09-22T16:00:40.289Z,HM6QAFBU,2026-09-22,2026-09-22,13:00:40,2026-09-22 13:00:40,,,,,,,,69aefaccbf52402fcb03f38a,69aefaccbf52402fcb03f38a,,,,
17452,raw_position_sample,2,3,adv,25,4,18,19,-1,999,1280,294,1716303.3999999762,69aefaccbf52402fcb03f38a,69aefaccbf52402fcb03f38a,advanced,4,69aefaccbf52402fcb03f38a,69aefaccbf52402fcb03f38a,spotlight_PROLIFIC,,36,Chile,Spanish,"Spanish, English, Japanese",Japanese,Spanish:75|English:15|Japanese:10,100,Spanish:50|English:35|Japanese:15,100,Spanish:80|English:10|Japanese:10,100,7,5,Bachelor's,10,10,10,7,7,10,5,22,8,15,Duolingo,130,,,,,17,25,B1,intermediate|advanced,intermediate|advanced,cambridge_15_21_random_intermediate_advanced,4,19,random,,,,,,,,,,,,,,,,,,,2026-09-22T16:00:40.289Z,HM6QAFBU,2026-09-22,2026-09-22,13:00:40,2026-09-22 13:00:40,,,,,,,,69aefaccbf52402fcb03f38a,69aefaccbf52402fcb03f38a,,,,
17502,raw_position_sample,2,3,adv,25,4,18,19,-1,999,1304,292,1716353.300000012,69aefaccbf52402fcb03f38a,69aefaccbf52402fcb03f38a,advanced,4,69aefaccbf52402fcb03f38a,69aefaccbf52402fcb03f38a,spotlight_PROLIFIC,,36,Chile,Spanish,"Spanish, English, Japanese",Japanese,Spanish:75|English:15|Japanese:10,100,Spanish:50|English:35|Japanese:15,100,Spanish:80|English:10|Japanese:10,100,7,5,Bachelor's,10,10,10,7,7,10,5,22,8,15,Duolingo,130,,,,,17,25,B1,intermediate|advanced,intermediate|advanced,cambridge_15_21_random_intermediate_advanced,4,19,random,,,,,,,,,,,,,,,,,,,2026-09-22T16:00:40.289Z,HM6QAFBU,2026-09-22,2026-09-22,13:00:40,2026-09-22 13:00:40,,,,,,,,69aefaccbf52402fcb03f38a,69aefaccbf52402fcb03f38a,,,,
17550,raw_position_sample,2,3,adv,25,4,18,19,-1,999,1309,292,1716401.3999999762,69aefaccbf52402fcb03f38a,69aefaccbf52402fcb03f38a,advanced,4,69aefaccbf52402fcb03f38a,69aefaccbf52402fcb03f38a,spotlight_PROLIFIC,,36,Chile,Spanish,"Spanish, English, Japanese",Japanese,Spanish:75|English:15|Japanese:10,100,Spanish:50|English:35|Japanese:15,100,Spanish:80|English:10|Japanese:10,100,7,5,Bachelor's,10,10,10,7,7,10,5,22,8,15,Duolingo,130,,,,,17,25,B1,intermediate|advanced,intermediate|advanced,cambridge_15_21_random_intermediate_advanced,4,19,random,,,,,,,,,,,,,,,,,,,2026-09-22T16:00:40.289Z,HM6QAFBU,2026-09-22,2026-09-22,13:00:40,2026-09-22 13:00:40,,,,,,,,69aefaccbf52402fcb03f38a,69aefaccbf52402fcb03f38a,,,,
17600,raw_position_sample,2,3,adv,25,4,18,19,-1,999,1309,292,1716450.8999999762,69aefaccbf52402fcb03f38a,69aefaccbf52402fcb03f38a,advanced,4,69aefaccbf52402fcb03f38a,69aefaccbf52402fcb03f38a,spotlight_PROLIFIC,,36,Chile,Spanish,"Spanish, English, Japanese",Japanese,Spanish:75|English:15|Japanese:10,100,Spanish:50|English:35|Japanese:15,100,Spanish:80|English:10|Japanese:10,100,7,5,Bachelor's,10,10,10,7,7,10,5,22,8,15,Duolingo,130,,,,,17,25,B1,intermediate|advanced,intermediate|advanced,cambridge_15_21_random_intermediate_advanced,4,19,random,,,,,,,,,,,,,,,,,,,2026-09-22T16:00:40.289Z,HM6QAFBU,2026-09-22,2026-09-22,13:00:40,2026-09-22 13:00:40,,,,,,,,69aefaccbf52402fcb03f38a,69aefaccbf52402fcb03f38a,,,,
17662,raw_position_sample,2,3,adv,25,4,18,19,-1,999,1309,292,1716513.199999988,69aefaccbf52402fcb03f38a,69aefaccbf52402fcb03f38a,advanced,4,69aefaccbf52402fcb03f38a,69aefaccbf52402fcb03f38a,spotlight_PROLIFIC,,36,Chile,Spanish,"Spanish, English, Japanese",Japanese,Spanish:75|English:15|Japanese:10,100,Spanish:50|English:35|Japanese:15,100,Spanish:80|English:10|Japanese:10,100,7,5,Bachelor's,10,10,10,7,7,10,5,22,8,15,Duolingo,130,,,,,17,25,B1,intermediate|advanced,intermediate|advanced,cambridge_15_21_random_intermediate_advanced,4,19,random,,,,,,,,,,,,,,,,,,,2026-09-22T16:00:40.289Z,HM6QAFBU,2026-09-22,2026-09-22,13:00:40,2026-09-22 13:00:40,,,,,,,,69aefaccbf52402fcb03f38a,69aefaccbf52402fcb03f38a,,,,
17698,raw_position_sample,2,3,adv,25,4,18,19,-1,999,1306,293,1716549.800000012,69aefaccbf52402fcb03f38a,69aefaccbf52402fcb03f38a,advanced,4,69aefaccbf52402fcb03f38a,69aefaccbf52402fcb03f38a,spotlight_PROLIFIC,,36,Chile,Spanish,"Spanish, English, Japanese",Japanese,Spanish:75|English:15|Japanese:10,100,Spanish:50|English:35|Japanese:15,100,Spanish:80|English:10|Japanese:10,100,7,5,Bachelor's,10,10,10,7,7,10,5,22,8,15,Duolingo,130,,,,,17,25,B1,intermediate|advanced,intermediate|advanced,cambridge_15_21_random_intermediate_advanced,4,19,random,,,,,,,,,,,,,,,,,,,2026-09-22T16:00:40.289Z,HM6QAFBU,2026-09-22,2026-09-22,13:00:40,2026-09-22 13:00:40,,,,,,,,69aefaccbf52402fcb03f38a,69aefaccbf52402fcb03f38a,,,,
17751,hover_association,2,3,adv,25,4,18,19,75, to ,1257,302,,69aefaccbf52402fcb03f38a,69aefaccbf52402fcb03f38a,advanced,4,69aefaccbf52402fcb03f38a,69aefaccbf52402fcb03f38a,spotlight_PROLIFIC,,36,Chile,Spanish,"Spanish, English, Japanese",Japanese,Spanish:75|English:15|Japanese:10,100,Spanish:50|English:35|Japanese:15,100,Spanish:80|English:10|Japanese:10,100,7,5,Bachelor's,10,10,10,7,7,10,5,22,8,15,Duolingo,130,,,,,17,25,B1,intermediate|advanced,intermediate|advanced,cambridge_15_21_random_intermediate_advanced,4,19,random,,273.265625,1250.859375,313.265625,1269.0442708333333,5,16,hover,16.599999964237213,16.599999964237213,0.33767721609623513,0.718359375,165,,,,,,2026-09-22T16:00:40.289Z,HM6QAFBU,2026-09-22,2026-09-22,13:00:40,2026-09-22 13:00:40,,,,,,,,69aefaccbf52402fcb03f38a,69aefaccbf52402fcb03f38a,,,,
17754,raw_position_sample,2,3,adv,25,4,18,19,74, me ,1221,306,1716605.5,69aefaccbf52402fcb03f38a,69aefaccbf52402fcb03f38a,advanced,4,69aefaccbf52402fcb03f38a,69aefaccbf52402fcb03f38a,spotlight_PROLIFIC,,36,Chile,Spanish,"Spanish, English, Japanese",Japanese,Spanish:75|English:15|Japanese:10,100,Spanish:50|English:35|Japanese:15,100,Spanish:80|English:10|Japanese:10,100,7,5,Bachelor's,10,10,10,7,7,10,5,22,8,15,Duolingo,130,,,,,17,25,B1,intermediate|advanced,intermediate|advanced,cambridge_15_21_random_intermediate_advanced,4,19,random,,283.265625,1220.84375,303.265625,1250.859375,5,15,,,,,,,,,,,,2026-09-22T16:00:40.289Z,HM6QAFBU,2026-09-22,2026-09-22,13:00:40,2026-09-22 13:00:40,,,,,,,,69aefaccbf52402fcb03f38a,69aefaccbf52402fcb03f38a,,,,
17767,hover_association,2,3,adv,25,4,18,19,74, me ,1221,306,,69aefaccbf52402fcb03f38a,69aefaccbf52402fcb03f38a,advanced,4,69aefaccbf52402fcb03f38a,69aefaccbf52402fcb03f38a,spotlight_PROLIFIC,,36,Chile,Spanish,"Spanish, English, Japanese",Japanese,Spanish:75|English:15|Japanese:10,100,Spanish:50|English:35|Japanese:15,100,Spanish:80|English:10|Japanese:10,100,7,5,Bachelor's,10,10,10,7,7,10,5,22,8,15,Duolingo,130,,,,,17,25,B1,intermediate|advanced,intermediate|advanced,cambridge_15_21_random_intermediate_advanced,4,19,random,,273.265625,1220.84375,313.265625,1250.859375,5,15,hover,16.30000001192093,16.30000001192093,0.0052056220718375845,0.818359375,165,,,,,,2026-09-22T16:00:40.289Z,HM6QAFBU,2026-09-22,2026-09-22,13:00:40,2026-09-22 13:00:40,,,,,,,,69aefaccbf52402fcb03f38a,69aefaccbf52402fcb03f38a,,,,
17800,hover_association,2,3,adv,25,4,18,19,73, pains ,1199,308,,69aefaccbf52402fcb03f38a,69aefaccbf52402fcb03f38a,advanced,4,69aefaccbf52402fcb03f38a,69aefaccbf52402fcb03f38a,spotlight_PROLIFIC,,36,Chile,Spanish,"Spanish, English, Japanese",Japanese,Spanish:75|English:15|Japanese:10,100,Spanish:50|English:35|Japanese:15,100,Spanish:80|English:10|Japanese:10,100,7,5,Bachelor's,10,10,10,7,7,10,5,22,8,15,Duolingo,130,,,,,17,25,B1,intermediate|advanced,intermediate|advanced,cambridge_15_21_random_intermediate_advanced,4,19,random,,273.265625,1172.796875,313.265625,1220.84375,5,14,hover,33.60000002384186,33.60000002384186,0.08747967479674797,0.918359375,165,,,,,,2026-09-22T16:00:40.289Z,HM6QAFBU,2026-09-22,2026-09-22,13:00:40,2026-09-22 13:00:40,,,,,,,,69aefaccbf52402fcb03f38a,69aefaccbf52402fcb03f38a,,,,
17802,raw_position_sample,2,3,adv,25,4,18,19,71," working, ",1147,310,1716653.300000012,69aefaccbf52402fcb03f38a,69aefaccbf52402fcb03f38a,advanced,4,69aefaccbf52402fcb03f38a,69aefaccbf52402fcb03f38a,spotlight_PROLIFIC,,36,Chile,Spanish,"Spanish, English, Japanese",Japanese,Spanish:75|English:15|Japanese:10,100,Spanish:50|English:35|Japanese:15,100,Spanish:80|English:10|Japanese:10,100,7,5,Bachelor's,10,10,10,7,7,10,5,22,8,15,Duolingo,130,,,,,17,25,B1,intermediate|advanced,intermediate|advanced,cambridge_15_21_random_intermediate_advanced,4,19,random,,283.265625,1086.75,303.265625,1158.78125,5,12,,,,,,,,,,,,2026-09-22T16:00:40.289Z,HM6QAFBU,2026-09-22,2026-09-22,13:00:40,2026-09-22 13:00:40,,,,,,,,69aefaccbf52402fcb03f38a,69aefaccbf52402fcb03f38a,,,,
17852,hover_association,2,3,adv,25,4,18,19,71," working, ",1147,310,,69aefaccbf52402fcb03f38a,69aefaccbf52402fcb03f38a,advanced,4,69aefaccbf52402fcb03f38a,69aefaccbf52402fcb03f38a,spotlight_PROLIFIC,,36,Chile,Spanish,"Spanish, English, Japanese",Japanese,Spanish:75|English:15|Japanese:10,100,Spanish:50|English:35|Japanese:15,100,Spanish:80|English:10|Japanese:10,100,7,5,Bachelor's,10,10,10,7,7,10,5,22,8,15,Duolingo,130,,,,,17,25,B1,intermediate|advanced,intermediate|advanced,cambridge_15_21_random_intermediate_advanced,4,19,random,,273.265625,1086.75,313.265625,1158.78125,5,12,hover,50.5,50.5,0.08676789587852494,0.918359375,165,,,,,,2026-09-22T16:00:40.289Z,HM6QAFBU,2026-09-22,2026-09-22,13:00:40,2026-09-22 13:00:40,,,,,,,,69aefaccbf52402fcb03f38a,69aefaccbf52402fcb03f38a,,,,
17856,raw_position_sample,2,3,adv,25,4,18,19,70, not ,1066,311,1716707.3999999762,69aefaccbf52402fcb03f38a,69aefaccbf52402fcb03f38a,advanced,4,69aefaccbf52402fcb03f38a,69aefaccbf52402fcb03f38a,spotlight_PROLIFIC,,36,Chile,Spanish,"Spanish, English, Japanese",Japanese,Spanish:75|English:15|Japanese:10,100,Spanish:50|English:35|Japanese:15,100,Spanish:80|English:10|Japanese:10,100,7,5,Bachelor's,10,10,10,7,7,10,5,22,8,15,Duolingo,130,,,,,17,25,B1,intermediate|advanced,intermediate|advanced,cambridge_15_21_random_intermediate_advanced,4,19,random,,283.265625,1056.71875,303.265625,1086.75,5,11,,,,,,,,,,,,2026-09-22T16:00:40.289Z,HM6QAFBU,2026-09-22,2026-09-22,13:00:40,2026-09-22 13:00:40,,,,,,,,69aefaccbf52402fcb03f38a,69aefaccbf52402fcb03f38a,,,,
17868,hover_association,2,3,adv,25,4,18,19,70, not ,1066,311,,69aefaccbf52402fcb03f38a,69aefaccbf52402fcb03f38a,advanced,4,69aefaccbf52402fcb03f38a,69aefaccbf52402fcb03f38a,spotlight_PROLIFIC,,36,Chile,Spanish,"Spanish, English, Japanese",Japanese,Spanish:75|English:15|Japanese:10,100,Spanish:50|English:35|Japanese:15,100,Spanish:80|English:10|Japanese:10,100,7,5,Bachelor's,10,10,10,7,7,10,5,22,8,15,Duolingo,130,,,,,17,25,B1,intermediate|advanced,intermediate|advanced,cambridge_15_21_random_intermediate_advanced,4,19,random,,273.265625,1056.71875,313.265625,1086.75,5,11,hover,16.399999976158142,16.399999976158142,0.3090530697190427,0.943359375,165,,,,,,2026-09-22T16:00:40.289Z,HM6QAFBU,2026-09-22,2026-09-22,13:00:40,2026-09-22 13:00:40,,,,,,,,69aefaccbf52402fcb03f38a,69aefaccbf52402fcb03f38a,,,,
17884,hover_association,2,3,adv,25,4,18,19,69, I’m ,1039,311,,69aefaccbf52402fcb03f38a,69aefaccbf52402fcb03f38a,advanced,4,69aefaccbf52402fcb03f38a,69aefaccbf52402fcb03f38a,spotlight_PROLIFIC,,36,Chile,Spanish,"Spanish, English, Japanese",Japanese,Spanish:75|English:15|Japanese:10,100,Spanish:50|English:35|Japanese:15,100,Spanish:80|English:10|Japanese:10,100,7,5,Bachelor's,10,10,10,7,7,10,5,22,8,15,Duolingo,130,,,,,17,25,B1,intermediate|advanced,intermediate|advanced,cambridge_15_21_random_intermediate_advanced,4,19,random,,273.265625,1027.71875,313.265625,1056.71875,5,10,hover,16.600000023841858,16.600000023841858,0.3890086206896552,0.943359375,165,,,,,,2026-09-22T16:00:40.289Z,HM6QAFBU,2026-09-22,2026-09-22,13:00:40,2026-09-22 13:00:40,,,,,,,,69aefaccbf52402fcb03f38a,69aefaccbf52402fcb03f38a,,,,
17906,raw_position_sample,2,3,adv,25,4,18,19,68, When ,980,311,1716757.699999988,69aefaccbf52402fcb03f38a,69aefaccbf52402fcb03f38a,advanced,4,69aefaccbf52402fcb03f38a,69aefaccbf52402fcb03f38a,spotlight_PROLIFIC,,36,Chile,Spanish,"Spanish, English, Japanese",Japanese,Spanish:75|English:15|Japanese:10,100,Spanish:50|English:35|Japanese:15,100,Spanish:80|English:10|Japanese:10,100,7,5,Bachelor's,10,10,10,7,7,10,5,22,8,15,Duolingo,130,,,,,17,25,B1,intermediate|advanced,intermediate|advanced,cambridge_15_21_random_intermediate_advanced,4,19,random,,283.265625,975.6875,303.265625,1027.71875,5,9,,,,,,,,,,,,2026-09-22T16:00:40.289Z,HM6QAFBU,2026-09-22,2026-09-22,13:00:40,2026-09-22 13:00:40,,,,,,,,69aefaccbf52402fcb03f38a,69aefaccbf52402fcb03f38a,,,,
17918,hover_association,2,3,adv,25,4,18,19,68, When ,1012,311,,69aefaccbf52402fcb03f38a,69aefaccbf52402fcb03f38a,advanced,4,69aefaccbf52402fcb03f38a,69aefaccbf52402fcb03f38a,spotlight_PROLIFIC,,36,Chile,Spanish,"Spanish, English, Japanese",Japanese,Spanish:75|English:15|Japanese:10,100,Spanish:50|English:35|Japanese:15,100,Spanish:80|English:10|Japanese:10,100,7,5,Bachelor's,10,10,10,7,7,10,5,22,8,15,Duolingo,130,,,,,17,25,B1,intermediate|advanced,intermediate|advanced,cambridge_15_21_random_intermediate_advanced,4,19,random,,273.265625,975.6875,313.265625,1027.71875,5,9,hover,33.69999998807907,33.69999998807907,0.08288288288288288,0.943359375,165,,,,,,2026-09-22T16:00:40.289Z,HM6QAFBU,2026-09-22,2026-09-22,13:00:40,2026-09-22 13:00:40,,,,,,,,69aefaccbf52402fcb03f38a,69aefaccbf52402fcb03f38a,,,,
17934,hover_association,2,3,adv,25,4,18,19,67, now. ,948,311,,69aefaccbf52402fcb03f38a,69aefaccbf52402fcb03f38a,advanced,4,69aefaccbf52402fcb03f38a,69aefaccbf52402fcb03f38a,spotlight_PROLIFIC,,36,Chile,Spanish,"Spanish, English, Japanese",Japanese,Spanish:75|English:15|Japanese:10,100,Spanish:50|English:35|Japanese:15,100,Spanish:80|English:10|Japanese:10,100,7,5,Bachelor's,10,10,10,7,7,10,5,22,8,15,Duolingo,130,,,,,17,25,B1,intermediate|advanced,intermediate|advanced,cambridge_15_21_random_intermediate_advanced,4,19,random,,273.265625,933.65625,313.265625,975.6875,5,8,hover,16.099999964237213,16.099999964237213,0.3412639405204461,0.943359375,165,,,,,,2026-09-22T16:00:40.289Z,HM6QAFBU,2026-09-22,2026-09-22,13:00:40,2026-09-22 13:00:40,,,,,,,,69aefaccbf52402fcb03f38a,69aefaccbf52402fcb03f38a,,,,
17956,raw_position_sample,2,3,adv,25,4,18,19,66, shopping ,884,311,1716807.6000000238,69aefaccbf52402fcb03f38a,69aefaccbf52402fcb03f38a,advanced,4,69aefaccbf52402fcb03f38a,69aefaccbf52402fcb03f38a,spotlight_PROLIFIC,,36,Chile,Spanish,"Spanish, English, Japanese",Japanese,Spanish:75|English:15|Japanese:10,100,Spanish:50|English:35|Japanese:15,100,Spanish:80|English:10|Japanese:10,100,7,5,Bachelor's,10,10,10,7,7,10,5,22,8,15,Duolingo,130,,,,,17,25,B1,intermediate|advanced,intermediate|advanced,cambridge_15_21_random_intermediate_advanced,4,19,random,,283.265625,855.578125,303.265625,933.65625,5,7,,,,,,,,,,,,2026-09-22T16:00:40.289Z,HM6QAFBU,2026-09-22,2026-09-22,13:00:40,2026-09-22 13:00:40,,,,,,,,69aefaccbf52402fcb03f38a,69aefaccbf52402fcb03f38a,,,,
17968,hover_association,2,3,adv,25,4,18,19,66, shopping ,903,311,,69aefaccbf52402fcb03f38a,69aefaccbf52402fcb03f38a,advanced,4,69aefaccbf52402fcb03f38a,69aefaccbf52402fcb03f38a,spotlight_PROLIFIC,,36,Chile,Spanish,"Spanish, English, Japanese",Japanese,Spanish:75|English:15|Japanese:10,100,Spanish:50|English:35|Japanese:15,100,Spanish:80|English:10|Japanese:10,100,7,5,Bachelor's,10,10,10,7,7,10,5,22,8,15,Duolingo,130,,,,,17,25,B1,intermediate|advanced,intermediate|advanced,cambridge_15_21_random_intermediate_advanced,4,19,random,,273.265625,855.578125,313.265625,933.65625,5,7,hover,33.700000047683716,33.700000047683716,0.36401841104662797,0.943359375,165,,,,,,2026-09-22T16:00:40.289Z,HM6QAFBU,2026-09-22,2026-09-22,13:00:40,2026-09-22 13:00:40,,,,,,,,69aefaccbf52402fcb03f38a,69aefaccbf52402fcb03f38a,,,,
17985,hover_association,2,3,adv,25,4,18,19,65, hate ,833,311,,69aefaccbf52402fcb03f38a,69aefaccbf52402fcb03f38a,advanced,4,69aefaccbf52402fcb03f38a,69aefaccbf52402fcb03f38a,spotlight_PROLIFIC,,36,Chile,Spanish,"Spanish, English, Japanese",Japanese,Spanish:75|English:15|Japanese:10,100,Spanish:50|English:35|Japanese:15,100,Spanish:80|English:10|Japanese:10,100,7,5,Bachelor's,10,10,10,7,7,10,5,22,8,15,Duolingo,130,,,,,17,25,B1,intermediate|advanced,intermediate|advanced,cambridge_15_21_random_intermediate_advanced,4,19,random,,273.265625,815.53125,313.265625,855.578125,5,6,hover,17,17,0.43620756925477955,0.943359375,165,,,,,,2026-09-22T16:00:40.289Z,HM6QAFBU,2026-09-22,2026-09-22,13:00:40,2026-09-22 13:00:40,,,,,,,,69aefaccbf52402fcb03f38a,69aefaccbf52402fcb03f38a,,,,
18001,hover_association,2,3,adv,25,4,18,19,64, I ,806,311,,69aefaccbf52402fcb03f38a,69aefaccbf52402fcb03f38a,advanced,4,69aefaccbf52402fcb03f38a,69aefaccbf52402fcb03f38a,spotlight_PROLIFIC,,36,Chile,Spanish,"Spanish, English, Japanese",Japanese,Spanish:75|English:15|Japanese:10,100,Spanish:50|English:35|Japanese:15,100,Spanish:80|English:10|Japanese:10,100,7,5,Bachelor's,10,10,10,7,7,10,5,22,8,15,Duolingo,130,,,,,17,25,B1,intermediate|advanced,intermediate|advanced,cambridge_15_21_random_intermediate_advanced,4,19,random,,273.265625,805.515625,313.265625,815.53125,5,5,hover,16.19999998807907,16.19999998807907,0.0483619344773791,0.943359375,165,,,,,,2026-09-22T16:00:40.289Z,HM6QAFBU,2026-09-22,2026-09-22,13:00:40,2026-09-22 13:00:40,,,,,,,,69aefaccbf52402fcb03f38a,69aefaccbf52402fcb03f38a,,,,
18003,raw_position_sample,2,3,adv,25,4,18,19,63," fact, ",782,311,1716854.699999988,69aefaccbf52402fcb03f38a,69aefaccbf52402fcb03f38a,advanced,4,69aefaccbf52402fcb03f38a,69aefaccbf52402fcb03f38a,spotlight_PROLIFIC,,36,Chile,Spanish,"Spanish, English, Japanese",Japanese,Spanish:75|English:15|Japanese:10,100,Spanish:50|English:35|Japanese:15,100,Spanish:80|English:10|Japanese:10,100,7,5,Bachelor's,10,10,10,7,7,10,5,22,8,15,Duolingo,130,,,,,17,25,B1,intermediate|advanced,intermediate|advanced,cambridge_15_21_random_intermediate_advanced,4,19,random,,283.265625,766.5,303.265625,805.515625,5,4,,,,,,,,,,,,2026-09-22T16:00:40.289Z,HM6QAFBU,2026-09-22,2026-09-22,13:00:40,2026-09-22 13:00:40,,,,,,,,69aefaccbf52402fcb03f38a,69aefaccbf52402fcb03f38a,,,,
18018,hover_association,2,3,adv,25,4,18,19,63," fact, ",782,311,,69aefaccbf52402fcb03f38a,69aefaccbf52402fcb03f38a,advanced,4,69aefaccbf52402fcb03f38a,69aefaccbf52402fcb03f38a,spotlight_PROLIFIC,,36,Chile,Spanish,"Spanish, English, Japanese",Japanese,Spanish:75|English:15|Japanese:10,100,Spanish:50|English:35|Japanese:15,100,Spanish:80|English:10|Japanese:10,100,7,5,Bachelor's,10,10,10,7,7,10,5,22,8,15,Duolingo,130,,,,,17,25,B1,intermediate|advanced,intermediate|advanced,cambridge_15_21_random_intermediate_advanced,4,19,random,,273.265625,766.5,313.265625,805.515625,5,4,hover,16.69999998807907,16.69999998807907,0.3972767320784942,0.943359375,165,,,,,,2026-09-22T16:00:40.289Z,HM6QAFBU,2026-09-22,2026-09-22,13:00:40,2026-09-22 13:00:40,,,,,,,,69aefaccbf52402fcb03f38a,69aefaccbf52402fcb03f38a,,,,
18034,hover_association,2,3,adv,25,4,18,19,62, In ,760,311,,69aefaccbf52402fcb03f38a,69aefaccbf52402fcb03f38a,advanced,4,69aefaccbf52402fcb03f38a,69aefaccbf52402fcb03f38a,spotlight_PROLIFIC,,36,Chile,Spanish,"Spanish, English, Japanese",Japanese,Spanish:75|English:15|Japanese:10,100,Spanish:50|English:35|Japanese:15,100,Spanish:80|English:10|Japanese:10,100,7,5,Bachelor's,10,10,10,7,7,10,5,22,8,15,Duolingo,130,,,,,17,25,B1,intermediate|advanced,intermediate|advanced,cambridge_15_21_random_intermediate_advanced,4,19,random,,273.265625,746.484375,313.265625,766.5,5,3,hover,16.600000023841858,16.600000023841858,0.6752537080405933,0.943359375,165,,,,,,2026-09-22T16:00:40.289Z,HM6QAFBU,2026-09-22,2026-09-22,13:00:40,2026-09-22 13:00:40,,,,,,,,69aefaccbf52402fcb03f38a,69aefaccbf52402fcb03f38a,,,,
18053,raw_position_sample,2,3,adv,25,4,18,19,61, shopping. ,722,313,1716904.6000000238,69aefaccbf52402fcb03f38a,69aefaccbf52402fcb03f38a,advanced,4,69aefaccbf52402fcb03f38a,69aefaccbf52402fcb03f38a,spotlight_PROLIFIC,,36,Chile,Spanish,"Spanish, English, Japanese",Japanese,Spanish:75|English:15|Japanese:10,100,Spanish:50|English:35|Japanese:15,100,Spanish:80|English:10|Japanese:10,100,7,5,Bachelor's,10,10,10,7,7,10,5,22,8,15,Duolingo,130,,,,,17,25,B1,intermediate|advanced,intermediate|advanced,cambridge_15_21_random_intermediate_advanced,4,19,random,,283.265625,663.40625,303.265625,746.484375,5,2,,,,,,,,,,,,2026-09-22T16:00:40.289Z,HM6QAFBU,2026-09-22,2026-09-22,13:00:40,2026-09-22 13:00:40,,,,,,,,69aefaccbf52402fcb03f38a,69aefaccbf52402fcb03f38a,,,,
18085,hover_association,2,3,adv,25,4,18,19,61, shopping. ,739,311,,69aefaccbf52402fcb03f38a,69aefaccbf52402fcb03f38a,advanced,4,69aefaccbf52402fcb03f38a,69aefaccbf52402fcb03f38a,spotlight_PROLIFIC,,36,Chile,Spanish,"Spanish, English, Japanese",Japanese,Spanish:75|English:15|Japanese:10,100,Spanish:50|English:35|Japanese:15,100,Spanish:80|English:10|Japanese:10,100,7,5,Bachelor's,10,10,10,7,7,10,5,22,8,15,Duolingo,130,,,,,17,25,B1,intermediate|advanced,intermediate|advanced,cambridge_15_21_random_intermediate_advanced,4,19,random,,273.265625,663.40625,313.265625,746.484375,5,2,hover,50.19999998807907,50.19999998807907,0.5006582659394395,0.993359375,165,,,,,,2026-09-22T16:00:40.289Z,HM6QAFBU,2026-09-22,2026-09-22,13:00:40,2026-09-22 13:00:40,,,,,,,,69aefaccbf52402fcb03f38a,69aefaccbf52402fcb03f38a,,,,
18101,hover_association,2,3,adv,25,4,18,19,78, go ,693,315,,69aefaccbf52402fcb03f38a,69aefaccbf52402fcb03f38a,advanced,4,69aefaccbf52402fcb03f38a,69aefaccbf52402fcb03f38a,spotlight_PROLIFIC,,36,Chile,Spanish,"Spanish, English, Japanese",Japanese,Spanish:75|English:15|Japanese:10,100,Spanish:50|English:35|Japanese:15,100,Spanish:80|English:10|Japanese:10,100,7,5,Bachelor's,10,10,10,7,7,10,5,22,8,15,Duolingo,130,,,,,17,25,B1,intermediate|advanced,intermediate|advanced,cambridge_15_21_random_intermediate_advanced,4,19,random,,313.265625,689.4375,353.265625,714.46875,6,3,hover,16.5,16.5,0.14232209737827714,0.043359375,165,,,,,,2026-09-22T16:00:40.289Z,HM6QAFBU,2026-09-22,2026-09-22,13:00:40,2026-09-22 13:00:40,,,,,,,,69aefaccbf52402fcb03f38a,69aefaccbf52402fcb03f38a,,,,
18103,raw_position_sample,2,3,adv,25,4,18,19,77, to ,683,316,1716954.800000012,69aefaccbf52402fcb03f38a,69aefaccbf52402fcb03f38a,advanced,4,69aefaccbf52402fcb03f38a,69aefaccbf52402fcb03f38a,spotlight_PROLIFIC,,36,Chile,Spanish,"Spanish, English, Japanese",Japanese,Spanish:75|English:15|Japanese:10,100,Spanish:50|English:35|Japanese:15,100,Spanish:80|English:10|Japanese:10,100,7,5,Bachelor's,10,10,10,7,7,10,5,22,8,15,Duolingo,130,,,,,17,25,B1,intermediate|advanced,intermediate|advanced,cambridge_15_21_random_intermediate_advanced,4,19,random,,323.265625,669.421875,343.265625,689.4375,6,2,,,,,,,,,,,,2026-09-22T16:00:40.289Z,HM6QAFBU,2026-09-22,2026-09-22,13:00:40,2026-09-22 13:00:40,,,,,,,,69aefaccbf52402fcb03f38a,69aefaccbf52402fcb03f38a,,,,
18136,hover_association,2,3,adv,25,4,18,19,77, to ,683,316,,69aefaccbf52402fcb03f38a,69aefaccbf52402fcb03f38a,advanced,4,69aefaccbf52402fcb03f38a,69aefaccbf52402fcb03f38a,spotlight_PROLIFIC,,36,Chile,Spanish,"Spanish, English, Japanese",Japanese,Spanish:75|English:15|Japanese:10,100,Spanish:50|English:35|Japanese:15,100,Spanish:80|English:10|Japanese:10,100,7,5,Bachelor's,10,10,10,7,7,10,5,22,8,15,Duolingo,130,,,,,17,25,B1,intermediate|advanced,intermediate|advanced,cambridge_15_21_random_intermediate_advanced,4,19,random,,313.265625,669.421875,353.265625,689.4375,6,2,hover,33.5,33.5,0.3286494925839188,0.093359375,165,,,,,,2026-09-22T16:00:40.289Z,HM6QAFBU,2026-09-22,2026-09-22,13:00:40,2026-09-22 13:00:40,,,,,,,,69aefaccbf52402fcb03f38a,69aefaccbf52402fcb03f38a,,,,
18154,raw_position_sample,2,3,adv,25,4,18,19,76, have ,665,319,1717005.8999999762,69aefaccbf52402fcb03f38a,69aefaccbf52402fcb03f38a,advanced,4,69aefaccbf52402fcb03f38a,69aefaccbf52402fcb03f38a,spotlight_PROLIFIC,,36,Chile,Spanish,"Spanish, English, Japanese",Japanese,Spanish:75|English:15|Japanese:10,100,Spanish:50|English:35|Japanese:15,100,Spanish:80|English:10|Japanese:10,100,7,5,Bachelor's,10,10,10,7,7,10,5,22,8,15,Duolingo,130,,,,,17,25,B1,intermediate|advanced,intermediate|advanced,cambridge_15_21_random_intermediate_advanced,4,19,random,,323.265625,625.375,343.265625,669.421875,6,1,,,,,,,,,,,,2026-09-22T16:00:40.289Z,HM6QAFBU,2026-09-22,2026-09-22,13:00:40,2026-09-22 13:00:40,,,,,,,,69aefaccbf52402fcb03f38a,69aefaccbf52402fcb03f38a,,,,
18203,raw_position_sample,2,3,adv,25,4,18,19,76, have ,656,322,1717054.1000000238,69aefaccbf52402fcb03f38a,69aefaccbf52402fcb03f38a,advanced,4,69aefaccbf52402fcb03f38a,69aefaccbf52402fcb03f38a,spotlight_PROLIFIC,,36,Chile,Spanish,"Spanish, English, Japanese",Japanese,Spanish:75|English:15|Japanese:10,100,Spanish:50|English:35|Japanese:15,100,Spanish:80|English:10|Japanese:10,100,7,5,Bachelor's,10,10,10,7,7,10,5,22,8,15,Duolingo,130,,,,,17,25,B1,intermediate|advanced,intermediate|advanced,cambridge_15_21_random_intermediate_advanced,4,19,random,,323.265625,625.375,343.265625,669.421875,6,1,,,,,,,,,,,,2026-09-22T16:00:40.289Z,HM6QAFBU,2026-09-22,2026-09-22,13:00:40,2026-09-22 13:00:40,,,,,,,,69aefaccbf52402fcb03f38a,69aefaccbf52402fcb03f38a,,,,
18253,raw_position_sample,2,3,adv,25,4,18,19,76, have ,652,324,1717104,69aefaccbf52402fcb03f38a,69aefaccbf52402fcb03f38a,advanced,4,69aefaccbf52402fcb03f38a,69aefaccbf52402fcb03f38a,spotlight_PROLIFIC,,36,Chile,Spanish,"Spanish, English, Japanese",Japanese,Spanish:75|English:15|Japanese:10,100,Spanish:50|English:35|Japanese:15,100,Spanish:80|English:10|Japanese:10,100,7,5,Bachelor's,10,10,10,7,7,10,5,22,8,15,Duolingo,130,,,,,17,25,B1,intermediate|advanced,intermediate|advanced,cambridge_15_21_random_intermediate_advanced,4,19,random,,323.265625,625.375,343.265625,669.421875,6,1,,,,,,,,,,,,2026-09-22T16:00:40.289Z,HM6QAFBU,2026-09-22,2026-09-22,13:00:40,2026-09-22 13:00:40,,,,,,,,69aefaccbf52402fcb03f38a,69aefaccbf52402fcb03f38a,,,,
18299,raw_position_sample,2,3,adv,25,4,18,19,76, have ,651,324,1717150.1000000238,69aefaccbf52402fcb03f38a,69aefaccbf52402fcb03f38a,advanced,4,69aefaccbf52402fcb03f38a,69aefaccbf52402fcb03f38a,spotlight_PROLIFIC,,36,Chile,Spanish,"Spanish, English, Japanese",Japanese,Spanish:75|English:15|Japanese:10,100,Spanish:50|English:35|Japanese:15,100,Spanish:80|English:10|Japanese:10,100,7,5,Bachelor's,10,10,10,7,7,10,5,22,8,15,Duolingo,130,,,,,17,25,B1,intermediate|advanced,intermediate|advanced,cambridge_15_21_random_intermediate_advanced,4,19,random,,323.265625,625.375,343.265625,669.421875,6,1,,,,,,,,,,,,2026-09-22T16:00:40.289Z,HM6QAFBU,2026-09-22,2026-09-22,13:00:40,2026-09-22 13:00:40,,,,,,,,69aefaccbf52402fcb03f38a,69aefaccbf52402fcb03f38a,,,,
18349,raw_position_sample,2,3,adv,25,4,18,19,76, have ,644,334,1717199.8999999762,69aefaccbf52402fcb03f38a,69aefaccbf52402fcb03f38a,advanced,4,69aefaccbf52402fcb03f38a,69aefaccbf52402fcb03f38a,spotlight_PROLIFIC,,36,Chile,Spanish,"Spanish, English, Japanese",Japanese,Spanish:75|English:15|Japanese:10,100,Spanish:50|English:35|Japanese:15,100,Spanish:80|English:10|Japanese:10,100,7,5,Bachelor's,10,10,10,7,7,10,5,22,8,15,Duolingo,130,,,,,17,25,B1,intermediate|advanced,intermediate|advanced,cambridge_15_21_random_intermediate_advanced,4,19,random,,323.265625,625.375,343.265625,669.421875,6,1,,,,,,,,,,,,2026-09-22T16:00:40.289Z,HM6QAFBU,2026-09-22,2026-09-22,13:00:40,2026-09-22 13:00:40,,,,,,,,69aefaccbf52402fcb03f38a,69aefaccbf52402fcb03f38a,,,,
18401,raw_position_sample,2,3,adv,25,4,18,19,76, have ,642,347,1717252.300000012,69aefaccbf52402fcb03f38a,69aefaccbf52402fcb03f38a,advanced,4,69aefaccbf52402fcb03f38a,69aefaccbf52402fcb03f38a,spotlight_PROLIFIC,,36,Chile,Spanish,"Spanish, English, Japanese",Japanese,Spanish:75|English:15|Japanese:10,100,Spanish:50|English:35|Japanese:15,100,Spanish:80|English:10|Japanese:10,100,7,5,Bachelor's,10,10,10,7,7,10,5,22,8,15,Duolingo,130,,,,,17,25,B1,intermediate|advanced,intermediate|advanced,cambridge_15_21_random_intermediate_advanced,4,19,random,,323.265625,625.375,343.265625,669.421875,6,1,,,,,,,,,,,,2026-09-22T16:00:40.289Z,HM6QAFBU,2026-09-22,2026-09-22,13:00:40,2026-09-22 13:00:40,,,,,,,,69aefaccbf52402fcb03f38a,69aefaccbf52402fcb03f38a,,,,
18450,raw_position_sample,2,3,adv,25,4,18,19,76, have ,642,349,1717301.800000012,69aefaccbf52402fcb03f38a,69aefaccbf52402fcb03f38a,advanced,4,69aefaccbf52402fcb03f38a,69aefaccbf52402fcb03f38a,spotlight_PROLIFIC,,36,Chile,Spanish,"Spanish, English, Japanese",Japanese,Spanish:75|English:15|Japanese:10,100,Spanish:50|English:35|Japanese:15,100,Spanish:80|English:10|Japanese:10,100,7,5,Bachelor's,10,10,10,7,7,10,5,22,8,15,Duolingo,130,,,,,17,25,B1,intermediate|advanced,intermediate|advanced,cambridge_15_21_random_intermediate_advanced,4,19,random,,323.265625,625.375,343.265625,669.421875,6,1,,,,,,,,,,,,2026-09-22T16:00:40.289Z,HM6QAFBU,2026-09-22,2026-09-22,13:00:40,2026-09-22 13:00:40,,,,,,,,69aefaccbf52402fcb03f38a,69aefaccbf52402fcb03f38a,,,,
18502,raw_position_sample,2,3,adv,25,4,18,19,76, have ,642,351,1717353.3999999762,69aefaccbf52402fcb03f38a,69aefaccbf52402fcb03f38a,advanced,4,69aefaccbf52402fcb03f38a,69aefaccbf52402fcb03f38a,spotlight_PROLIFIC,,36,Chile,Spanish,"Spanish, English, Japanese",Japanese,Spanish:75|English:15|Japanese:10,100,Spanish:50|English:35|Japanese:15,100,Spanish:80|English:10|Japanese:10,100,7,5,Bachelor's,10,10,10,7,7,10,5,22,8,15,Duolingo,130,,,,,17,25,B1,intermediate|advanced,intermediate|advanced,cambridge_15_21_random_intermediate_advanced,4,19,random,,323.265625,625.375,343.265625,669.421875,6,1,,,,,,,,,,,,2026-09-22T16:00:40.289Z,HM6QAFBU,2026-09-22,2026-09-22,13:00:40,2026-09-22 13:00:40,,,,,,,,69aefaccbf52402fcb03f38a,69aefaccbf52402fcb03f38a,,,,
18517,hover_association,2,3,adv,25,4,18,19,76, have ,669,317,,69aefaccbf52402fcb03f38a,69aefaccbf52402fcb03f38a,advanced,4,69aefaccbf52402fcb03f38a,69aefaccbf52402fcb03f38a,spotlight_PROLIFIC,,36,Chile,Spanish,"Spanish, English, Japanese",Japanese,Spanish:75|English:15|Japanese:10,100,Spanish:50|English:35|Japanese:15,100,Spanish:80|English:10|Japanese:10,100,7,5,Bachelor's,10,10,10,7,7,10,5,22,8,15,Duolingo,130,,,,,17,25,B1,intermediate|advanced,intermediate|advanced,cambridge_15_21_random_intermediate_advanced,4,19,random,,313.265625,622.2057291666666,353.265625,669.421875,6,1,hover,382.89999997615814,382.89999997615814,0.5674811097016164,0.968359375,165,,,,,,2026-09-22T16:00:40.289Z,HM6QAFBU,2026-09-22,2026-09-22,13:00:40,2026-09-22 13:00:40,,,,,,,,69aefaccbf52402fcb03f38a,69aefaccbf52402fcb03f38a,,,,
18533,hover_association,2,3,adv,25,4,18,19,95, a ,654,355,,69aefaccbf52402fcb03f38a,69aefaccbf52402fcb03f38a,advanced,4,69aefaccbf52402fcb03f38a,69aefaccbf52402fcb03f38a,spotlight_PROLIFIC,,36,Chile,Spanish,"Spanish, English, Japanese",Japanese,Spanish:75|English:15|Japanese:10,100,Spanish:50|English:35|Japanese:15,100,Spanish:80|English:10|Japanese:10,100,7,5,Bachelor's,10,10,10,7,7,10,5,22,8,15,Duolingo,130,,,,,17,25,B1,intermediate|advanced,intermediate|advanced,cambridge_15_21_random_intermediate_advanced,4,19,random,,353.265625,645.390625,393.265625,660.40625,7,2,hover,16.5,16.5,0.5733610822060354,0.043359375,165,,,,,,2026-09-22T16:00:40.289Z,HM6QAFBU,2026-09-22,2026-09-22,13:00:40,2026-09-22 13:00:40,,,,,,,,69aefaccbf52402fcb03f38a,69aefaccbf52402fcb03f38a,,,,
18556,raw_position_sample,2,3,adv,25,4,18,19,96, store ,675,361,1717407.3999999762,69aefaccbf52402fcb03f38a,69aefaccbf52402fcb03f38a,advanced,4,69aefaccbf52402fcb03f38a,69aefaccbf52402fcb03f38a,spotlight_PROLIFIC,,36,Chile,Spanish,"Spanish, English, Japanese",Japanese,Spanish:75|English:15|Japanese:10,100,Spanish:50|English:35|Japanese:15,100,Spanish:80|English:10|Japanese:10,100,7,5,Bachelor's,10,10,10,7,7,10,5,22,8,15,Duolingo,130,,,,,17,25,B1,intermediate|advanced,intermediate|advanced,cambridge_15_21_random_intermediate_advanced,4,19,random,,363.265625,660.40625,383.265625,705.4375,7,3,,,,,,,,,,,,2026-09-22T16:00:40.289Z,HM6QAFBU,2026-09-22,2026-09-22,13:00:40,2026-09-22 13:00:40,,,,,,,,69aefaccbf52402fcb03f38a,69aefaccbf52402fcb03f38a,,,,
18584,hover_association,2,3,adv,25,4,18,19,96, store ,669,360,,69aefaccbf52402fcb03f38a,69aefaccbf52402fcb03f38a,advanced,4,69aefaccbf52402fcb03f38a,69aefaccbf52402fcb03f38a,spotlight_PROLIFIC,,36,Chile,Spanish,"Spanish, English, Japanese",Japanese,Spanish:75|English:15|Japanese:10,100,Spanish:50|English:35|Japanese:15,100,Spanish:80|English:10|Japanese:10,100,7,5,Bachelor's,10,10,10,7,7,10,5,22,8,15,Duolingo,130,,,,,17,25,B1,intermediate|advanced,intermediate|advanced,cambridge_15_21_random_intermediate_advanced,4,19,random,,353.265625,660.40625,393.265625,705.4375,7,3,hover,50.5,50.5,0.7238029146426093,0.243359375,165,,,,,,2026-09-22T16:00:40.289Z,HM6QAFBU,2026-09-22,2026-09-22,13:00:40,2026-09-22 13:00:40,,,,,,,,69aefaccbf52402fcb03f38a,69aefaccbf52402fcb03f38a,,,,
18609,raw_position_sample,2,3,adv,25,4,18,19,97, she ,722,363,1717460.3999999762,69aefaccbf52402fcb03f38a,69aefaccbf52402fcb03f38a,advanced,4,69aefaccbf52402fcb03f38a,69aefaccbf52402fcb03f38a,spotlight_PROLIFIC,,36,Chile,Spanish,"Spanish, English, Japanese",Japanese,Spanish:75|English:15|Japanese:10,100,Spanish:50|English:35|Japanese:15,100,Spanish:80|English:10|Japanese:10,100,7,5,Bachelor's,10,10,10,7,7,10,5,22,8,15,Duolingo,130,,,,,17,25,B1,intermediate|advanced,intermediate|advanced,cambridge_15_21_random_intermediate_advanced,4,19,random,,363.265625,705.4375,383.265625,739.46875,7,4,,,,,,,,,,,,2026-09-22T16:00:40.289Z,HM6QAFBU,2026-09-22,2026-09-22,13:00:40,2026-09-22 13:00:40,,,,,,,,69aefaccbf52402fcb03f38a,69aefaccbf52402fcb03f38a,,,,
18636,hover_association,2,3,adv,25,4,18,19,97, she ,707,363,,69aefaccbf52402fcb03f38a,69aefaccbf52402fcb03f38a,advanced,4,69aefaccbf52402fcb03f38a,69aefaccbf52402fcb03f38a,spotlight_PROLIFIC,,36,Chile,Spanish,"Spanish, English, Japanese",Japanese,Spanish:75|English:15|Japanese:10,100,Spanish:50|English:35|Japanese:15,100,Spanish:80|English:10|Japanese:10,100,7,5,Bachelor's,10,10,10,7,7,10,5,22,8,15,Duolingo,130,,,,,17,25,B1,intermediate|advanced,intermediate|advanced,cambridge_15_21_random_intermediate_advanced,4,19,random,,353.265625,705.4375,393.265625,739.46875,7,4,hover,50.40000003576279,50.40000003576279,0.8393021120293848,0.243359375,165,,,,,,2026-09-22T16:00:40.289Z,HM6QAFBU,2026-09-22,2026-09-22,13:00:40,2026-09-22 13:00:40,,,,,,,,69aefaccbf52402fcb03f38a,69aefaccbf52402fcb03f38a,,,,
18650,raw_position_sample,2,3,adv,25,4,18,19,98, has ,748,363,1717501.6000000238,69aefaccbf52402fcb03f38a,69aefaccbf52402fcb03f38a,advanced,4,69aefaccbf52402fcb03f38a,69aefaccbf52402fcb03f38a,spotlight_PROLIFIC,,36,Chile,Spanish,"Spanish, English, Japanese",Japanese,Spanish:75|English:15|Japanese:10,100,Spanish:50|English:35|Japanese:15,100,Spanish:80|English:10|Japanese:10,100,7,5,Bachelor's,10,10,10,7,7,10,5,22,8,15,Duolingo,130,,,,,17,25,B1,intermediate|advanced,intermediate|advanced,cambridge_15_21_random_intermediate_advanced,4,19,random,,363.265625,739.46875,383.265625,773.5,7,5,,,,,,,,,,,,2026-09-22T16:00:40.289Z,HM6QAFBU,2026-09-22,2026-09-22,13:00:40,2026-09-22 13:00:40,,,,,,,,69aefaccbf52402fcb03f38a,69aefaccbf52402fcb03f38a,,,,
18684,hover_association,2,3,adv,25,4,18,19,98, has ,748,363,,69aefaccbf52402fcb03f38a,69aefaccbf52402fcb03f38a,advanced,4,69aefaccbf52402fcb03f38a,69aefaccbf52402fcb03f38a,spotlight_PROLIFIC,,36,Chile,Spanish,"Spanish, English, Japanese",Japanese,Spanish:75|English:15|Japanese:10,100,Spanish:50|English:35|Japanese:15,100,Spanish:80|English:10|Japanese:10,100,7,5,Bachelor's,10,10,10,7,7,10,5,22,8,15,Duolingo,130,,,,,17,25,B1,intermediate|advanced,intermediate|advanced,cambridge_15_21_random_intermediate_advanced,4,19,random,,353.265625,739.46875,393.265625,773.5,7,5,hover,49.299999952316284,49.299999952316284,0.8971533516988063,0.218359375,165,,,,,,2026-09-22T16:00:40.289Z,HM6QAFBU,2026-09-22,2026-09-22,13:00:40,2026-09-22 13:00:40,,,,,,,,69aefaccbf52402fcb03f38a,69aefaccbf52402fcb03f38a,,,,
18701,raw_position_sample,2,3,adv,25,4,18,19,99, previously ,787,361,1717552.5,69aefaccbf52402fcb03f38a,69aefaccbf52402fcb03f38a,advanced,4,69aefaccbf52402fcb03f38a,69aefaccbf52402fcb03f38a,spotlight_PROLIFIC,,36,Chile,Spanish,"Spanish, English, Japanese",Japanese,Spanish:75|English:15|Japanese:10,100,Spanish:50|English:35|Japanese:15,100,Spanish:80|English:10|Japanese:10,100,7,5,Bachelor's,10,10,10,7,7,10,5,22,8,15,Duolingo,130,,,,,17,25,B1,intermediate|advanced,intermediate|advanced,cambridge_15_21_random_intermediate_advanced,4,19,random,,363.265625,773.5,383.265625,859.546875,7,6,,,,,,,,,,,,2026-09-22T16:00:40.289Z,HM6QAFBU,2026-09-22,2026-09-22,13:00:40,2026-09-22 13:00:40,,,,,,,,69aefaccbf52402fcb03f38a,69aefaccbf52402fcb03f38a,,,,
18757,raw_position_sample,2,3,adv,25,4,18,19,99, previously ,797,361,1717608.6000000238,69aefaccbf52402fcb03f38a,69aefaccbf52402fcb03f38a,advanced,4,69aefaccbf52402fcb03f38a,69aefaccbf52402fcb03f38a,spotlight_PROLIFIC,,36,Chile,Spanish,"Spanish, English, Japanese",Japanese,Spanish:75|English:15|Japanese:10,100,Spanish:50|English:35|Japanese:15,100,Spanish:80|English:10|Japanese:10,100,7,5,Bachelor's,10,10,10,7,7,10,5,22,8,15,Duolingo,130,,,,,17,25,B1,intermediate|advanced,intermediate|advanced,cambridge_15_21_random_intermediate_advanced,4,19,random,,363.265625,773.5,383.265625,859.546875,7,6,,,,,,,,,,,,2026-09-22T16:00:40.289Z,HM6QAFBU,2026-09-22,2026-09-22,13:00:40,2026-09-22 13:00:40,,,,,,,,69aefaccbf52402fcb03f38a,69aefaccbf52402fcb03f38a,,,,
18806,raw_position_sample,2,3,adv,25,4,18,19,99, previously ,812,359,1717657.6000000238,69aefaccbf52402fcb03f38a,69aefaccbf52402fcb03f38a,advanced,4,69aefaccbf52402fcb03f38a,69aefaccbf52402fcb03f38a,spotlight_PROLIFIC,,36,Chile,Spanish,"Spanish, English, Japanese",Japanese,Spanish:75|English:15|Japanese:10,100,Spanish:50|English:35|Japanese:15,100,Spanish:80|English:10|Japanese:10,100,7,5,Bachelor's,10,10,10,7,7,10,5,22,8,15,Duolingo,130,,,,,17,25,B1,intermediate|advanced,intermediate|advanced,cambridge_15_21_random_intermediate_advanced,4,19,random,,363.265625,773.5,383.265625,859.546875,7,6,,,,,,,,,,,,2026-09-22T16:00:40.289Z,HM6QAFBU,2026-09-22,2026-09-22,13:00:40,2026-09-22 13:00:40,,,,,,,,69aefaccbf52402fcb03f38a,69aefaccbf52402fcb03f38a,,,,
18853,raw_position_sample,2,3,adv,25,4,18,19,99, previously ,824,359,1717704.699999988,69aefaccbf52402fcb03f38a,69aefaccbf52402fcb03f38a,advanced,4,69aefaccbf52402fcb03f38a,69aefaccbf52402fcb03f38a,spotlight_PROLIFIC,,36,Chile,Spanish,"Spanish, English, Japanese",Japanese,Spanish:75|English:15|Japanese:10,100,Spanish:50|English:35|Japanese:15,100,Spanish:80|English:10|Japanese:10,100,7,5,Bachelor's,10,10,10,7,7,10,5,22,8,15,Duolingo,130,,,,,17,25,B1,intermediate|advanced,intermediate|advanced,cambridge_15_21_random_intermediate_advanced,4,19,random,,363.265625,773.5,383.265625,859.546875,7,6,,,,,,,,,,,,2026-09-22T16:00:40.289Z,HM6QAFBU,2026-09-22,2026-09-22,13:00:40,2026-09-22 13:00:40,,,,,,,,69aefaccbf52402fcb03f38a,69aefaccbf52402fcb03f38a,,,,
18903,raw_position_sample,2,3,adv,25,4,18,19,99, previously ,840,358,1717754.8999999762,69aefaccbf52402fcb03f38a,69aefaccbf52402fcb03f38a,advanced,4,69aefaccbf52402fcb03f38a,69aefaccbf52402fcb03f38a,spotlight_PROLIFIC,,36,Chile,Spanish,"Spanish, English, Japanese",Japanese,Spanish:75|English:15|Japanese:10,100,Spanish:50|English:35|Japanese:15,100,Spanish:80|English:10|Japanese:10,100,7,5,Bachelor's,10,10,10,7,7,10,5,22,8,15,Duolingo,130,,,,,17,25,B1,intermediate|advanced,intermediate|advanced,cambridge_15_21_random_intermediate_advanced,4,19,random,,363.265625,773.5,383.265625,859.546875,7,6,,,,,,,,,,,,2026-09-22T16:00:40.289Z,HM6QAFBU,2026-09-22,2026-09-22,13:00:40,2026-09-22 13:00:40,,,,,,,,69aefaccbf52402fcb03f38a,69aefaccbf52402fcb03f38a,,,,
18950,hover_association,2,3,adv,25,4,18,19,99, previously ,778,362,,69aefaccbf52402fcb03f38a,69aefaccbf52402fcb03f38a,advanced,4,69aefaccbf52402fcb03f38a,69aefaccbf52402fcb03f38a,spotlight_PROLIFIC,,36,Chile,Spanish,"Spanish, English, Japanese",Japanese,Spanish:75|English:15|Japanese:10,100,Spanish:50|English:35|Japanese:15,100,Spanish:80|English:10|Japanese:10,100,7,5,Bachelor's,10,10,10,7,7,10,5,22,8,15,Duolingo,130,,,,,17,25,B1,intermediate|advanced,intermediate|advanced,cambridge_15_21_random_intermediate_advanced,4,19,random,,353.265625,773.5,393.265625,859.546875,7,6,hover,266.60000002384186,266.60000002384186,0.9587797348828764,0.118359375,165,,,,,,2026-09-22T16:00:40.289Z,HM6QAFBU,2026-09-22,2026-09-22,13:00:40,2026-09-22 13:00:40,,,,,,,,69aefaccbf52402fcb03f38a,69aefaccbf52402fcb03f38a,,,,
18952,raw_position_sample,2,3,adv,25,4,18,19,100, mystery ,861,357,1717803,69aefaccbf52402fcb03f38a,69aefaccbf52402fcb03f38a,advanced,4,69aefaccbf52402fcb03f38a,69aefaccbf52402fcb03f38a,spotlight_PROLIFIC,,36,Chile,Spanish,"Spanish, English, Japanese",Japanese,Spanish:75|English:15|Japanese:10,100,Spanish:50|English:35|Japanese:15,100,Spanish:80|English:10|Japanese:10,100,7,5,Bachelor's,10,10,10,7,7,10,5,22,8,15,Duolingo,130,,,,,17,25,B1,intermediate|advanced,intermediate|advanced,cambridge_15_21_random_intermediate_advanced,4,19,random,,363.265625,859.546875,383.265625,927.5625,7,7,,,,,,,,,,,,2026-09-22T16:00:40.289Z,HM6QAFBU,2026-09-22,2026-09-22,13:00:40,2026-09-22 13:00:40,,,,,,,,69aefaccbf52402fcb03f38a,69aefaccbf52402fcb03f38a,,,,
18999,raw_position_sample,2,3,adv,25,4,18,19,100, mystery ,865,356,1717850.300000012,69aefaccbf52402fcb03f38a,69aefaccbf52402fcb03f38a,advanced,4,69aefaccbf52402fcb03f38a,69aefaccbf52402fcb03f38a,spotlight_PROLIFIC,,36,Chile,Spanish,"Spanish, English, Japanese",Japanese,Spanish:75|English:15|Japanese:10,100,Spanish:50|English:35|Japanese:15,100,Spanish:80|English:10|Japanese:10,100,7,5,Bachelor's,10,10,10,7,7,10,5,22,8,15,Duolingo,130,,,,,17,25,B1,intermediate|advanced,intermediate|advanced,cambridge_15_21_random_intermediate_advanced,4,19,random,,363.265625,859.546875,383.265625,927.5625,7,7,,,,,,,,,,,,2026-09-22T16:00:40.289Z,HM6QAFBU,2026-09-22,2026-09-22,13:00:40,2026-09-22 13:00:40,,,,,,,,69aefaccbf52402fcb03f38a,69aefaccbf52402fcb03f38a,,,,
19054,raw_position_sample,2,3,adv,25,4,18,19,100, mystery ,874,354,1717905.8999999762,69aefaccbf52402fcb03f38a,69aefaccbf52402fcb03f38a,advanced,4,69aefaccbf52402fcb03f38a,69aefaccbf52402fcb03f38a,spotlight_PROLIFIC,,36,Chile,Spanish,"Spanish, English, Japanese",Japanese,Spanish:75|English:15|Japanese:10,100,Spanish:50|English:35|Japanese:15,100,Spanish:80|English:10|Japanese:10,100,7,5,Bachelor's,10,10,10,7,7,10,5,22,8,15,Duolingo,130,,,,,17,25,B1,intermediate|advanced,intermediate|advanced,cambridge_15_21_random_intermediate_advanced,4,19,random,,363.265625,859.546875,383.265625,927.5625,7,7,,,,,,,,,,,,2026-09-22T16:00:40.289Z,HM6QAFBU,2026-09-22,2026-09-22,13:00:40,2026-09-22 13:00:40,,,,,,,,69aefaccbf52402fcb03f38a,69aefaccbf52402fcb03f38a,,,,
19084,hover_association,2,3,adv,25,4,18,19,100, mystery ,861,357,,69aefaccbf52402fcb03f38a,69aefaccbf52402fcb03f38a,advanced,4,69aefaccbf52402fcb03f38a,69aefaccbf52402fcb03f38a,spotlight_PROLIFIC,,36,Chile,Spanish,"Spanish, English, Japanese",Japanese,Spanish:75|English:15|Japanese:10,100,Spanish:50|English:35|Japanese:15,100,Spanish:80|English:10|Japanese:10,100,7,5,Bachelor's,10,10,10,7,7,10,5,22,8,15,Duolingo,130,,,,,17,25,B1,intermediate|advanced,intermediate|advanced,cambridge_15_21_random_intermediate_advanced,4,19,random,,353.265625,859.546875,393.265625,927.5625,7,7,hover,133.60000002384186,133.60000002384186,0.2271996324373995,0.018359375,165,,,,,,2026-09-22T16:00:40.289Z,HM6QAFBU,2026-09-22,2026-09-22,13:00:40,2026-09-22 13:00:40,,,,,,,,69aefaccbf52402fcb03f38a,69aefaccbf52402fcb03f38a,,,,
19104,raw_position_sample,2,3,adv,25,4,18,19,84, of ,877,353,1717955.699999988,69aefaccbf52402fcb03f38a,69aefaccbf52402fcb03f38a,advanced,4,69aefaccbf52402fcb03f38a,69aefaccbf52402fcb03f38a,spotlight_PROLIFIC,,36,Chile,Spanish,"Spanish, English, Japanese",Japanese,Spanish:75|English:15|Japanese:10,100,Spanish:50|English:35|Japanese:15,100,Spanish:80|English:10|Japanese:10,100,7,5,Bachelor's,10,10,10,7,7,10,5,22,8,15,Duolingo,130,,,,,17,25,B1,intermediate|advanced,intermediate|advanced,cambridge_15_21_random_intermediate_advanced,4,19,random,,323.265625,862.625,343.265625,882.640625,6,9,,,,,,,,,,,,2026-09-22T16:00:40.289Z,HM6QAFBU,2026-09-22,2026-09-22,13:00:40,2026-09-22 13:00:40,,,,,,,,69aefaccbf52402fcb03f38a,69aefaccbf52402fcb03f38a,,,,
19151,hover_association,2,3,adv,25,4,18,19,84, of ,876,353,,69aefaccbf52402fcb03f38a,69aefaccbf52402fcb03f38a,advanced,4,69aefaccbf52402fcb03f38a,69aefaccbf52402fcb03f38a,spotlight_PROLIFIC,,36,Chile,Spanish,"Spanish, English, Japanese",Japanese,Spanish:75|English:15|Japanese:10,100,Spanish:50|English:35|Japanese:15,100,Spanish:80|English:10|Japanese:10,100,7,5,Bachelor's,10,10,10,7,7,10,5,22,8,15,Duolingo,130,,,,,17,25,B1,intermediate|advanced,intermediate|advanced,cambridge_15_21_random_intermediate_advanced,4,19,random,,313.265625,862.625,353.265625,882.640625,6,9,hover,66.59999996423721,66.59999996423721,0.9180327868852459,0.943359375,165,,,,,,2026-09-22T16:00:40.289Z,HM6QAFBU,2026-09-22,2026-09-22,13:00:40,2026-09-22 13:00:40,,,,,,,,69aefaccbf52402fcb03f38a,69aefaccbf52402fcb03f38a,,,,
19155,raw_position_sample,2,3,adv,25,4,18,19,85, milk.” ,883,349,1718006,69aefaccbf52402fcb03f38a,69aefaccbf52402fcb03f38a,advanced,4,69aefaccbf52402fcb03f38a,69aefaccbf52402fcb03f38a,spotlight_PROLIFIC,,36,Chile,Spanish,"Spanish, English, Japanese",Japanese,Spanish:75|English:15|Japanese:10,100,Spanish:50|English:35|Japanese:15,100,Spanish:80|English:10|Japanese:10,100,7,5,Bachelor's,10,10,10,7,7,10,5,22,8,15,Duolingo,130,,,,,17,25,B1,intermediate|advanced,intermediate|advanced,cambridge_15_21_random_intermediate_advanced,4,19,random,,323.265625,882.640625,343.265625,930.640625,6,10,,,,,,,,,,,,2026-09-22T16:00:40.289Z,HM6QAFBU,2026-09-22,2026-09-22,13:00:40,2026-09-22 13:00:40,,,,,,,,69aefaccbf52402fcb03f38a,69aefaccbf52402fcb03f38a,,,,
19204,raw_position_sample,2,3,adv,25,4,18,19,85, milk.” ,888,344,1718055.800000012,69aefaccbf52402fcb03f38a,69aefaccbf52402fcb03f38a,advanced,4,69aefaccbf52402fcb03f38a,69aefaccbf52402fcb03f38a,spotlight_PROLIFIC,,36,Chile,Spanish,"Spanish, English, Japanese",Japanese,Spanish:75|English:15|Japanese:10,100,Spanish:50|English:35|Japanese:15,100,Spanish:80|English:10|Japanese:10,100,7,5,Bachelor's,10,10,10,7,7,10,5,22,8,15,Duolingo,130,,,,,17,25,B1,intermediate|advanced,intermediate|advanced,cambridge_15_21_random_intermediate_advanced,4,19,random,,323.265625,882.640625,343.265625,930.640625,6,10,,,,,,,,,,,,2026-09-22T16:00:40.289Z,HM6QAFBU,2026-09-22,2026-09-22,13:00:40,2026-09-22 13:00:40,,,,,,,,69aefaccbf52402fcb03f38a,69aefaccbf52402fcb03f38a,,,,
19251,raw_position_sample,2,3,adv,25,4,18,19,85, milk.” ,890,342,1718102.1000000238,69aefaccbf52402fcb03f38a,69aefaccbf52402fcb03f38a,advanced,4,69aefaccbf52402fcb03f38a,69aefaccbf52402fcb03f38a,spotlight_PROLIFIC,,36,Chile,Spanish,"Spanish, English, Japanese",Japanese,Spanish:75|English:15|Japanese:10,100,Spanish:50|English:35|Japanese:15,100,Spanish:80|English:10|Japanese:10,100,7,5,Bachelor's,10,10,10,7,7,10,5,22,8,15,Duolingo,130,,,,,17,25,B1,intermediate|advanced,intermediate|advanced,cambridge_15_21_random_intermediate_advanced,4,19,random,,323.265625,882.640625,343.265625,930.640625,6,10,,,,,,,,,,,,2026-09-22T16:00:40.289Z,HM6QAFBU,2026-09-22,2026-09-22,13:00:40,2026-09-22 13:00:40,,,,,,,,69aefaccbf52402fcb03f38a,69aefaccbf52402fcb03f38a,,,,
19301,raw_position_sample,2,3,adv,25,4,18,19,85, milk.” ,890,342,1718152.1000000238,69aefaccbf52402fcb03f38a,69aefaccbf52402fcb03f38a,advanced,4,69aefaccbf52402fcb03f38a,69aefaccbf52402fcb03f38a,spotlight_PROLIFIC,,36,Chile,Spanish,"Spanish, English, Japanese",Japanese,Spanish:75|English:15|Japanese:10,100,Spanish:50|English:35|Japanese:15,100,Spanish:80|English:10|Japanese:10,100,7,5,Bachelor's,10,10,10,7,7,10,5,22,8,15,Duolingo,130,,,,,17,25,B1,intermediate|advanced,intermediate|advanced,cambridge_15_21_random_intermediate_advanced,4,19,random,,323.265625,882.640625,343.265625,930.640625,6,10,,,,,,,,,,,,2026-09-22T16:00:40.289Z,HM6QAFBU,2026-09-22,2026-09-22,13:00:40,2026-09-22 13:00:40,,,,,,,,69aefaccbf52402fcb03f38a,69aefaccbf52402fcb03f38a,,,,
19348,raw_position_sample,2,3,adv,25,4,18,19,85, milk.” ,891,342,1718199.3999999762,69aefaccbf52402fcb03f38a,69aefaccbf52402fcb03f38a,advanced,4,69aefaccbf52402fcb03f38a,69aefaccbf52402fcb03f38a,spotlight_PROLIFIC,,36,Chile,Spanish,"Spanish, English, Japanese",Japanese,Spanish:75|English:15|Japanese:10,100,Spanish:50|English:35|Japanese:15,100,Spanish:80|English:10|Japanese:10,100,7,5,Bachelor's,10,10,10,7,7,10,5,22,8,15,Duolingo,130,,,,,17,25,B1,intermediate|advanced,intermediate|advanced,cambridge_15_21_random_intermediate_advanced,4,19,random,,323.265625,882.640625,343.265625,930.640625,6,10,,,,,,,,,,,,2026-09-22T16:00:40.289Z,HM6QAFBU,2026-09-22,2026-09-22,13:00:40,2026-09-22 13:00:40,,,,,,,,69aefaccbf52402fcb03f38a,69aefaccbf52402fcb03f38a,,,,
19406,raw_position_sample,2,3,adv,25,4,18,19,85, milk.” ,912,341,1718257.699999988,69aefaccbf52402fcb03f38a,69aefaccbf52402fcb03f38a,advanced,4,69aefaccbf52402fcb03f38a,69aefaccbf52402fcb03f38a,spotlight_PROLIFIC,,36,Chile,Spanish,"Spanish, English, Japanese",Japanese,Spanish:75|English:15|Japanese:10,100,Spanish:50|English:35|Japanese:15,100,Spanish:80|English:10|Japanese:10,100,7,5,Bachelor's,10,10,10,7,7,10,5,22,8,15,Duolingo,130,,,,,17,25,B1,intermediate|advanced,intermediate|advanced,cambridge_15_21_random_intermediate_advanced,4,19,random,,323.265625,882.640625,343.265625,930.640625,6,10,,,,,,,,,,,,2026-09-22T16:00:40.289Z,HM6QAFBU,2026-09-22,2026-09-22,13:00:40,2026-09-22 13:00:40,,,,,,,,69aefaccbf52402fcb03f38a,69aefaccbf52402fcb03f38a,,,,
19454,raw_position_sample,2,3,adv,25,4,18,19,85, milk.” ,917,341,1718305.5,69aefaccbf52402fcb03f38a,69aefaccbf52402fcb03f38a,advanced,4,69aefaccbf52402fcb03f38a,69aefaccbf52402fcb03f38a,spotlight_PROLIFIC,,36,Chile,Spanish,"Spanish, English, Japanese",Japanese,Spanish:75|English:15|Japanese:10,100,Spanish:50|English:35|Japanese:15,100,Spanish:80|English:10|Japanese:10,100,7,5,Bachelor's,10,10,10,7,7,10,5,22,8,15,Duolingo,130,,,,,17,25,B1,intermediate|advanced,intermediate|advanced,cambridge_15_21_random_intermediate_advanced,4,19,random,,323.265625,882.640625,343.265625,930.640625,6,10,,,,,,,,,,,,2026-09-22T16:00:40.289Z,HM6QAFBU,2026-09-22,2026-09-22,13:00:40,2026-09-22 13:00:40,,,,,,,,69aefaccbf52402fcb03f38a,69aefaccbf52402fcb03f38a,,,,
19502,raw_position_sample,2,3,adv,25,4,18,19,85, milk.” ,924,341,1718353.699999988,69aefaccbf52402fcb03f38a,69aefaccbf52402fcb03f38a,advanced,4,69aefaccbf52402fcb03f38a,69aefaccbf52402fcb03f38a,spotlight_PROLIFIC,,36,Chile,Spanish,"Spanish, English, Japanese",Japanese,Spanish:75|English:15|Japanese:10,100,Spanish:50|English:35|Japanese:15,100,Spanish:80|English:10|Japanese:10,100,7,5,Bachelor's,10,10,10,7,7,10,5,22,8,15,Duolingo,130,,,,,17,25,B1,intermediate|advanced,intermediate|advanced,cambridge_15_21_random_intermediate_advanced,4,19,random,,323.265625,882.640625,343.265625,930.640625,6,10,,,,,,,,,,,,2026-09-22T16:00:40.289Z,HM6QAFBU,2026-09-22,2026-09-22,13:00:40,2026-09-22 13:00:40,,,,,,,,69aefaccbf52402fcb03f38a,69aefaccbf52402fcb03f38a,,,,
19551,raw_position_sample,2,3,adv,25,4,18,19,85, milk.” ,928,341,1718402.800000012,69aefaccbf52402fcb03f38a,69aefaccbf52402fcb03f38a,advanced,4,69aefaccbf52402fcb03f38a,69aefaccbf52402fcb03f38a,spotlight_PROLIFIC,,36,Chile,Spanish,"Spanish, English, Japanese",Japanese,Spanish:75|English:15|Japanese:10,100,Spanish:50|English:35|Japanese:15,100,Spanish:80|English:10|Japanese:10,100,7,5,Bachelor's,10,10,10,7,7,10,5,22,8,15,Duolingo,130,,,,,17,25,B1,intermediate|advanced,intermediate|advanced,cambridge_15_21_random_intermediate_advanced,4,19,random,,323.265625,882.640625,343.265625,930.640625,6,10,,,,,,,,,,,,2026-09-22T16:00:40.289Z,HM6QAFBU,2026-09-22,2026-09-22,13:00:40,2026-09-22 13:00:40,,,,,,,,69aefaccbf52402fcb03f38a,69aefaccbf52402fcb03f38a,,,,
19598,raw_position_sample,2,3,adv,25,4,18,19,85, milk.” ,929,341,1718449.3999999762,69aefaccbf52402fcb03f38a,69aefaccbf52402fcb03f38a,advanced,4,69aefaccbf52402fcb03f38a,69aefaccbf52402fcb03f38a,spotlight_PROLIFIC,,36,Chile,Spanish,"Spanish, English, Japanese",Japanese,Spanish:75|English:15|Japanese:10,100,Spanish:50|English:35|Japanese:15,100,Spanish:80|English:10|Japanese:10,100,7,5,Bachelor's,10,10,10,7,7,10,5,22,8,15,Duolingo,130,,,,,17,25,B1,intermediate|advanced,intermediate|advanced,cambridge_15_21_random_intermediate_advanced,4,19,random,,323.265625,882.640625,343.265625,930.640625,6,10,,,,,,,,,,,,2026-09-22T16:00:40.289Z,HM6QAFBU,2026-09-22,2026-09-22,13:00:40,2026-09-22 13:00:40,,,,,,,,69aefaccbf52402fcb03f38a,69aefaccbf52402fcb03f38a,,,,
19618,hover_association,2,3,adv,25,4,18,19,85, milk.” ,883,349,,69aefaccbf52402fcb03f38a,69aefaccbf52402fcb03f38a,advanced,4,69aefaccbf52402fcb03f38a,69aefaccbf52402fcb03f38a,spotlight_PROLIFIC,,36,Chile,Spanish,"Spanish, English, Japanese",Japanese,Spanish:75|English:15|Japanese:10,100,Spanish:50|English:35|Japanese:15,100,Spanish:80|English:10|Japanese:10,100,7,5,Bachelor's,10,10,10,7,7,10,5,22,8,15,Duolingo,130,,,,,17,25,B1,intermediate|advanced,intermediate|advanced,cambridge_15_21_random_intermediate_advanced,4,19,random,,313.265625,882.640625,353.265625,930.640625,6,10,hover,466.9000000357628,466.9000000357628,0.9866536458333334,0.693359375,165,,,,,,2026-09-22T16:00:40.289Z,HM6QAFBU,2026-09-22,2026-09-22,13:00:40,2026-09-22 13:00:40,,,,,,,,69aefaccbf52402fcb03f38a,69aefaccbf52402fcb03f38a,,,,
19653,raw_position_sample,2,3,adv,25,4,18,19,86, She ,935,341,1718504.6000000238,69aefaccbf52402fcb03f38a,69aefaccbf52402fcb03f38a,advanced,4,69aefaccbf52402fcb03f38a,69aefaccbf52402fcb03f38a,spotlight_PROLIFIC,,36,Chile,Spanish,"Spanish, English, Japanese",Japanese,Spanish:75|English:15|Japanese:10,100,Spanish:50|English:35|Japanese:15,100,Spanish:80|English:10|Japanese:10,100,7,5,Bachelor's,10,10,10,7,7,10,5,22,8,15,Duolingo,130,,,,,17,25,B1,intermediate|advanced,intermediate|advanced,cambridge_15_21_random_intermediate_advanced,4,19,random,,323.265625,930.640625,343.265625,967.671875,6,11,,,,,,,,,,,,2026-09-22T16:00:40.289Z,HM6QAFBU,2026-09-22,2026-09-22,13:00:40,2026-09-22 13:00:40,,,,,,,,69aefaccbf52402fcb03f38a,69aefaccbf52402fcb03f38a,,,,
19698,raw_position_sample,2,3,adv,25,4,18,19,86, She ,937,341,1718548.8999999762,69aefaccbf52402fcb03f38a,69aefaccbf52402fcb03f38a,advanced,4,69aefaccbf52402fcb03f38a,69aefaccbf52402fcb03f38a,spotlight_PROLIFIC,,36,Chile,Spanish,"Spanish, English, Japanese",Japanese,Spanish:75|English:15|Japanese:10,100,Spanish:50|English:35|Japanese:15,100,Spanish:80|English:10|Japanese:10,100,7,5,Bachelor's,10,10,10,7,7,10,5,22,8,15,Duolingo,130,,,,,17,25,B1,intermediate|advanced,intermediate|advanced,cambridge_15_21_random_intermediate_advanced,4,19,random,,323.265625,930.640625,343.265625,967.671875,6,11,,,,,,,,,,,,2026-09-22T16:00:40.289Z,HM6QAFBU,2026-09-22,2026-09-22,13:00:40,2026-09-22 13:00:40,,,,,,,,69aefaccbf52402fcb03f38a,69aefaccbf52402fcb03f38a,,,,
19750,raw_position_sample,2,3,adv,25,4,18,19,86, She ,937,341,1718601.699999988,69aefaccbf52402fcb03f38a,69aefaccbf52402fcb03f38a,advanced,4,69aefaccbf52402fcb03f38a,69aefaccbf52402fcb03f38a,spotlight_PROLIFIC,,36,Chile,Spanish,"Spanish, English, Japanese",Japanese,Spanish:75|English:15|Japanese:10,100,Spanish:50|English:35|Japanese:15,100,Spanish:80|English:10|Japanese:10,100,7,5,Bachelor's,10,10,10,7,7,10,5,22,8,15,Duolingo,130,,,,,17,25,B1,intermediate|advanced,intermediate|advanced,cambridge_15_21_random_intermediate_advanced,4,19,random,,323.265625,930.640625,343.265625,967.671875,6,11,,,,,,,,,,,,2026-09-22T16:00:40.289Z,HM6QAFBU,2026-09-22,2026-09-22,13:00:40,2026-09-22 13:00:40,,,,,,,,69aefaccbf52402fcb03f38a,69aefaccbf52402fcb03f38a,,,,
19798,raw_position_sample,2,3,adv,25,4,18,19,86, She ,938,341,1718649.699999988,69aefaccbf52402fcb03f38a,69aefaccbf52402fcb03f38a,advanced,4,69aefaccbf52402fcb03f38a,69aefaccbf52402fcb03f38a,spotlight_PROLIFIC,,36,Chile,Spanish,"Spanish, English, Japanese",Japanese,Spanish:75|English:15|Japanese:10,100,Spanish:50|English:35|Japanese:15,100,Spanish:80|English:10|Japanese:10,100,7,5,Bachelor's,10,10,10,7,7,10,5,22,8,15,Duolingo,130,,,,,17,25,B1,intermediate|advanced,intermediate|advanced,cambridge_15_21_random_intermediate_advanced,4,19,random,,323.265625,930.640625,343.265625,967.671875,6,11,,,,,,,,,,,,2026-09-22T16:00:40.289Z,HM6QAFBU,2026-09-22,2026-09-22,13:00:40,2026-09-22 13:00:40,,,,,,,,69aefaccbf52402fcb03f38a,69aefaccbf52402fcb03f38a,,,,
19857,raw_position_sample,2,3,adv,25,4,18,19,86, She ,948,341,1718708,69aefaccbf52402fcb03f38a,69aefaccbf52402fcb03f38a,advanced,4,69aefaccbf52402fcb03f38a,69aefaccbf52402fcb03f38a,spotlight_PROLIFIC,,36,Chile,Spanish,"Spanish, English, Japanese",Japanese,Spanish:75|English:15|Japanese:10,100,Spanish:50|English:35|Japanese:15,100,Spanish:80|English:10|Japanese:10,100,7,5,Bachelor's,10,10,10,7,7,10,5,22,8,15,Duolingo,130,,,,,17,25,B1,intermediate|advanced,intermediate|advanced,cambridge_15_21_random_intermediate_advanced,4,19,random,,323.265625,930.640625,343.265625,967.671875,6,11,,,,,,,,,,,,2026-09-22T16:00:40.289Z,HM6QAFBU,2026-09-22,2026-09-22,13:00:40,2026-09-22 13:00:40,,,,,,,,69aefaccbf52402fcb03f38a,69aefaccbf52402fcb03f38a,,,,
19898,raw_position_sample,2,3,adv,25,4,18,19,86, She ,949,341,1718749.300000012,69aefaccbf52402fcb03f38a,69aefaccbf52402fcb03f38a,advanced,4,69aefaccbf52402fcb03f38a,69aefaccbf52402fcb03f38a,spotlight_PROLIFIC,,36,Chile,Spanish,"Spanish, English, Japanese",Japanese,Spanish:75|English:15|Japanese:10,100,Spanish:50|English:35|Japanese:15,100,Spanish:80|English:10|Japanese:10,100,7,5,Bachelor's,10,10,10,7,7,10,5,22,8,15,Duolingo,130,,,,,17,25,B1,intermediate|advanced,intermediate|advanced,cambridge_15_21_random_intermediate_advanced,4,19,random,,323.265625,930.640625,343.265625,967.671875,6,11,,,,,,,,,,,,2026-09-22T16:00:40.289Z,HM6QAFBU,2026-09-22,2026-09-22,13:00:40,2026-09-22 13:00:40,,,,,,,,69aefaccbf52402fcb03f38a,69aefaccbf52402fcb03f38a,,,,
19951,raw_position_sample,2,3,adv,25,4,18,19,86, She ,950,341,1718802.8999999762,69aefaccbf52402fcb03f38a,69aefaccbf52402fcb03f38a,advanced,4,69aefaccbf52402fcb03f38a,69aefaccbf52402fcb03f38a,spotlight_PROLIFIC,,36,Chile,Spanish,"Spanish, English, Japanese",Japanese,Spanish:75|English:15|Japanese:10,100,Spanish:50|English:35|Japanese:15,100,Spanish:80|English:10|Japanese:10,100,7,5,Bachelor's,10,10,10,7,7,10,5,22,8,15,Duolingo,130,,,,,17,25,B1,intermediate|advanced,intermediate|advanced,cambridge_15_21_random_intermediate_advanced,4,19,random,,323.265625,930.640625,343.265625,967.671875,6,11,,,,,,,,,,,,2026-09-22T16:00:40.289Z,HM6QAFBU,2026-09-22,2026-09-22,13:00:40,2026-09-22 13:00:40,,,,,,,,69aefaccbf52402fcb03f38a,69aefaccbf52402fcb03f38a,,,,
20000,raw_position_sample,2,3,adv,25,4,18,19,86, She ,956,341,1718851.800000012,69aefaccbf52402fcb03f38a,69aefaccbf52402fcb03f38a,advanced,4,69aefaccbf52402fcb03f38a,69aefaccbf52402fcb03f38a,spotlight_PROLIFIC,,36,Chile,Spanish,"Spanish, English, Japanese",Japanese,Spanish:75|English:15|Japanese:10,100,Spanish:50|English:35|Japanese:15,100,Spanish:80|English:10|Japanese:10,100,7,5,Bachelor's,10,10,10,7,7,10,5,22,8,15,Duolingo,130,,,,,17,25,B1,intermediate|advanced,intermediate|advanced,cambridge_15_21_random_intermediate_advanced,4,19,random,,323.265625,930.640625,343.265625,967.671875,6,11,,,,,,,,,,,,2026-09-22T16:00:40.289Z,HM6QAFBU,2026-09-22,2026-09-22,13:00:40,2026-09-22 13:00:40,,,,,,,,69aefaccbf52402fcb03f38a,69aefaccbf52402fcb03f38a,,,,
20050,raw_position_sample,2,3,adv,25,4,18,19,86, She ,959,341,1718901.8999999762,69aefaccbf52402fcb03f38a,69aefaccbf52402fcb03f38a,advanced,4,69aefaccbf52402fcb03f38a,69aefaccbf52402fcb03f38a,spotlight_PROLIFIC,,36,Chile,Spanish,"Spanish, English, Japanese",Japanese,Spanish:75|English:15|Japanese:10,100,Spanish:50|English:35|Japanese:15,100,Spanish:80|English:10|Japanese:10,100,7,5,Bachelor's,10,10,10,7,7,10,5,22,8,15,Duolingo,130,,,,,17,25,B1,intermediate|advanced,intermediate|advanced,cambridge_15_21_random_intermediate_advanced,4,19,random,,323.265625,930.640625,343.265625,967.671875,6,11,,,,,,,,,,,,2026-09-22T16:00:40.289Z,HM6QAFBU,2026-09-22,2026-09-22,13:00:40,2026-09-22 13:00:40,,,,,,,,69aefaccbf52402fcb03f38a,69aefaccbf52402fcb03f38a,,,,
20106,raw_position_sample,2,3,adv,25,4,18,19,86, She ,964,341,1718957.199999988,69aefaccbf52402fcb03f38a,69aefaccbf52402fcb03f38a,advanced,4,69aefaccbf52402fcb03f38a,69aefaccbf52402fcb03f38a,spotlight_PROLIFIC,,36,Chile,Spanish,"Spanish, English, Japanese",Japanese,Spanish:75|English:15|Japanese:10,100,Spanish:50|English:35|Japanese:15,100,Spanish:80|English:10|Japanese:10,100,7,5,Bachelor's,10,10,10,7,7,10,5,22,8,15,Duolingo,130,,,,,17,25,B1,intermediate|advanced,intermediate|advanced,cambridge_15_21_random_intermediate_advanced,4,19,random,,323.265625,930.640625,343.265625,967.671875,6,11,,,,,,,,,,,,2026-09-22T16:00:40.289Z,HM6QAFBU,2026-09-22,2026-09-22,13:00:40,2026-09-22 13:00:40,,,,,,,,69aefaccbf52402fcb03f38a,69aefaccbf52402fcb03f38a,,,,
20135,hover_association,2,3,adv,25,4,18,19,86, She ,931,341,,69aefaccbf52402fcb03f38a,69aefaccbf52402fcb03f38a,advanced,4,69aefaccbf52402fcb03f38a,69aefaccbf52402fcb03f38a,spotlight_PROLIFIC,,36,Chile,Spanish,"Spanish, English, Japanese",Japanese,Spanish:75|English:15|Japanese:10,100,Spanish:50|English:35|Japanese:15,100,Spanish:80|English:10|Japanese:10,100,7,5,Bachelor's,10,10,10,7,7,10,5,22,8,15,Duolingo,130,,,,,17,25,B1,intermediate|advanced,intermediate|advanced,cambridge_15_21_random_intermediate_advanced,4,19,random,,313.265625,930.640625,353.265625,967.671875,6,11,hover,516.6999999880791,516.6999999880791,0.9818565400843882,0.693359375,165,,,,,,2026-09-22T16:00:40.289Z,HM6QAFBU,2026-09-22,2026-09-22,13:00:40,2026-09-22 13:00:40,,,,,,,,69aefaccbf52402fcb03f38a,69aefaccbf52402fcb03f38a,,,,
20153,raw_position_sample,2,3,adv,25,4,18,19,87," does, ",970,341,1719004.3999999762,69aefaccbf52402fcb03f38a,69aefaccbf52402fcb03f38a,advanced,4,69aefaccbf52402fcb03f38a,69aefaccbf52402fcb03f38a,spotlight_PROLIFIC,,36,Chile,Spanish,"Spanish, English, Japanese",Japanese,Spanish:75|English:15|Japanese:10,100,Spanish:50|English:35|Japanese:15,100,Spanish:80|English:10|Japanese:10,100,7,5,Bachelor's,10,10,10,7,7,10,5,22,8,15,Duolingo,130,,,,,17,25,B1,intermediate|advanced,intermediate|advanced,cambridge_15_21_random_intermediate_advanced,4,19,random,,323.265625,967.671875,343.265625,1016.71875,6,12,,,,,,,,,,,,2026-09-22T16:00:40.289Z,HM6QAFBU,2026-09-22,2026-09-22,13:00:40,2026-09-22 13:00:40,,,,,,,,69aefaccbf52402fcb03f38a,69aefaccbf52402fcb03f38a,,,,
20198,raw_position_sample,2,3,adv,25,4,18,19,87," does, ",970,341,1719048.8999999762,69aefaccbf52402fcb03f38a,69aefaccbf52402fcb03f38a,advanced,4,69aefaccbf52402fcb03f38a,69aefaccbf52402fcb03f38a,spotlight_PROLIFIC,,36,Chile,Spanish,"Spanish, English, Japanese",Japanese,Spanish:75|English:15|Japanese:10,100,Spanish:50|English:35|Japanese:15,100,Spanish:80|English:10|Japanese:10,100,7,5,Bachelor's,10,10,10,7,7,10,5,22,8,15,Duolingo,130,,,,,17,25,B1,intermediate|advanced,intermediate|advanced,cambridge_15_21_random_intermediate_advanced,4,19,random,,323.265625,967.671875,343.265625,1016.71875,6,12,,,,,,,,,,,,2026-09-22T16:00:40.289Z,HM6QAFBU,2026-09-22,2026-09-22,13:00:40,2026-09-22 13:00:40,,,,,,,,69aefaccbf52402fcb03f38a,69aefaccbf52402fcb03f38a,,,,
20249,raw_position_sample,2,3,adv,25,4,18,19,87," does, ",971,341,1719100,69aefaccbf52402fcb03f38a,69aefaccbf52402fcb03f38a,advanced,4,69aefaccbf52402fcb03f38a,69aefaccbf52402fcb03f38a,spotlight_PROLIFIC,,36,Chile,Spanish,"Spanish, English, Japanese",Japanese,Spanish:75|English:15|Japanese:10,100,Spanish:50|English:35|Japanese:15,100,Spanish:80|English:10|Japanese:10,100,7,5,Bachelor's,10,10,10,7,7,10,5,22,8,15,Duolingo,130,,,,,17,25,B1,intermediate|advanced,intermediate|advanced,cambridge_15_21_random_intermediate_advanced,4,19,random,,323.265625,967.671875,343.265625,1016.71875,6,12,,,,,,,,,,,,2026-09-22T16:00:40.289Z,HM6QAFBU,2026-09-22,2026-09-22,13:00:40,2026-09-22 13:00:40,,,,,,,,69aefaccbf52402fcb03f38a,69aefaccbf52402fcb03f38a,,,,
20304,raw_position_sample,2,3,adv,25,4,18,19,87," does, ",971,341,1719155.6000000238,69aefaccbf52402fcb03f38a,69aefaccbf52402fcb03f38a,advanced,4,69aefaccbf52402fcb03f38a,69aefaccbf52402fcb03f38a,spotlight_PROLIFIC,,36,Chile,Spanish,"Spanish, English, Japanese",Japanese,Spanish:75|English:15|Japanese:10,100,Spanish:50|English:35|Japanese:15,100,Spanish:80|English:10|Japanese:10,100,7,5,Bachelor's,10,10,10,7,7,10,5,22,8,15,Duolingo,130,,,,,17,25,B1,intermediate|advanced,intermediate|advanced,cambridge_15_21_random_intermediate_advanced,4,19,random,,323.265625,967.671875,343.265625,1016.71875,6,12,,,,,,,,,,,,2026-09-22T16:00:40.289Z,HM6QAFBU,2026-09-22,2026-09-22,13:00:40,2026-09-22 13:00:40,,,,,,,,69aefaccbf52402fcb03f38a,69aefaccbf52402fcb03f38a,,,,
20349,raw_position_sample,2,3,adv,25,4,18,19,87," does, ",972,341,1719200,69aefaccbf52402fcb03f38a,69aefaccbf52402fcb03f38a,advanced,4,69aefaccbf52402fcb03f38a,69aefaccbf52402fcb03f38a,spotlight_PROLIFIC,,36,Chile,Spanish,"Spanish, English, Japanese",Japanese,Spanish:75|English:15|Japanese:10,100,Spanish:50|English:35|Japanese:15,100,Spanish:80|English:10|Japanese:10,100,7,5,Bachelor's,10,10,10,7,7,10,5,22,8,15,Duolingo,130,,,,,17,25,B1,intermediate|advanced,intermediate|advanced,cambridge_15_21_random_intermediate_advanced,4,19,random,,323.265625,967.671875,343.265625,1016.71875,6,12,,,,,,,,,,,,2026-09-22T16:00:40.289Z,HM6QAFBU,2026-09-22,2026-09-22,13:00:40,2026-09-22 13:00:40,,,,,,,,69aefaccbf52402fcb03f38a,69aefaccbf52402fcb03f38a,,,,
20404,raw_position_sample,2,3,adv,25,4,18,19,87," does, ",978,341,1719255.800000012,69aefaccbf52402fcb03f38a,69aefaccbf52402fcb03f38a,advanced,4,69aefaccbf52402fcb03f38a,69aefaccbf52402fcb03f38a,spotlight_PROLIFIC,,36,Chile,Spanish,"Spanish, English, Japanese",Japanese,Spanish:75|English:15|Japanese:10,100,Spanish:50|English:35|Japanese:15,100,Spanish:80|English:10|Japanese:10,100,7,5,Bachelor's,10,10,10,7,7,10,5,22,8,15,Duolingo,130,,,,,17,25,B1,intermediate|advanced,intermediate|advanced,cambridge_15_21_random_intermediate_advanced,4,19,random,,323.265625,967.671875,343.265625,1016.71875,6,12,,,,,,,,,,,,2026-09-22T16:00:40.289Z,HM6QAFBU,2026-09-22,2026-09-22,13:00:40,2026-09-22 13:00:40,,,,,,,,69aefaccbf52402fcb03f38a,69aefaccbf52402fcb03f38a,,,,
20451,raw_position_sample,2,3,adv,25,4,18,19,87," does, ",981,341,1719302.1000000238,69aefaccbf52402fcb03f38a,69aefaccbf52402fcb03f38a,advanced,4,69aefaccbf52402fcb03f38a,69aefaccbf52402fcb03f38a,spotlight_PROLIFIC,,36,Chile,Spanish,"Spanish, English, Japanese",Japanese,Spanish:75|English:15|Japanese:10,100,Spanish:50|English:35|Japanese:15,100,Spanish:80|English:10|Japanese:10,100,7,5,Bachelor's,10,10,10,7,7,10,5,22,8,15,Duolingo,130,,,,,17,25,B1,intermediate|advanced,intermediate|advanced,cambridge_15_21_random_intermediate_advanced,4,19,random,,323.265625,967.671875,343.265625,1016.71875,6,12,,,,,,,,,,,,2026-09-22T16:00:40.289Z,HM6QAFBU,2026-09-22,2026-09-22,13:00:40,2026-09-22 13:00:40,,,,,,,,69aefaccbf52402fcb03f38a,69aefaccbf52402fcb03f38a,,,,
20501,raw_position_sample,2,3,adv,25,4,18,19,87," does, ",984,341,1719352.5,69aefaccbf52402fcb03f38a,69aefaccbf52402fcb03f38a,advanced,4,69aefaccbf52402fcb03f38a,69aefaccbf52402fcb03f38a,spotlight_PROLIFIC,,36,Chile,Spanish,"Spanish, English, Japanese",Japanese,Spanish:75|English:15|Japanese:10,100,Spanish:50|English:35|Japanese:15,100,Spanish:80|English:10|Japanese:10,100,7,5,Bachelor's,10,10,10,7,7,10,5,22,8,15,Duolingo,130,,,,,17,25,B1,intermediate|advanced,intermediate|advanced,cambridge_15_21_random_intermediate_advanced,4,19,random,,323.265625,967.671875,343.265625,1016.71875,6,12,,,,,,,,,,,,2026-09-22T16:00:40.289Z,HM6QAFBU,2026-09-22,2026-09-22,13:00:40,2026-09-22 13:00:40,,,,,,,,69aefaccbf52402fcb03f38a,69aefaccbf52402fcb03f38a,,,,
20551,raw_position_sample,2,3,adv,25,4,18,19,87," does, ",988,341,1719402,69aefaccbf52402fcb03f38a,69aefaccbf52402fcb03f38a,advanced,4,69aefaccbf52402fcb03f38a,69aefaccbf52402fcb03f38a,spotlight_PROLIFIC,,36,Chile,Spanish,"Spanish, English, Japanese",Japanese,Spanish:75|English:15|Japanese:10,100,Spanish:50|English:35|Japanese:15,100,Spanish:80|English:10|Japanese:10,100,7,5,Bachelor's,10,10,10,7,7,10,5,22,8,15,Duolingo,130,,,,,17,25,B1,intermediate|advanced,intermediate|advanced,cambridge_15_21_random_intermediate_advanced,4,19,random,,323.265625,967.671875,343.265625,1016.71875,6,12,,,,,,,,,,,,2026-09-22T16:00:40.289Z,HM6QAFBU,2026-09-22,2026-09-22,13:00:40,2026-09-22 13:00:40,,,,,,,,69aefaccbf52402fcb03f38a,69aefaccbf52402fcb03f38a,,,,
20605,raw_position_sample,2,3,adv,25,4,18,19,87," does, ",997,339,1719456.1000000238,69aefaccbf52402fcb03f38a,69aefaccbf52402fcb03f38a,advanced,4,69aefaccbf52402fcb03f38a,69aefaccbf52402fcb03f38a,spotlight_PROLIFIC,,36,Chile,Spanish,"Spanish, English, Japanese",Japanese,Spanish:75|English:15|Japanese:10,100,Spanish:50|English:35|Japanese:15,100,Spanish:80|English:10|Japanese:10,100,7,5,Bachelor's,10,10,10,7,7,10,5,22,8,15,Duolingo,130,,,,,17,25,B1,intermediate|advanced,intermediate|advanced,cambridge_15_21_random_intermediate_advanced,4,19,random,,323.265625,967.671875,343.265625,1016.71875,6,12,,,,,,,,,,,,2026-09-22T16:00:40.289Z,HM6QAFBU,2026-09-22,2026-09-22,13:00:40,2026-09-22 13:00:40,,,,,,,,69aefaccbf52402fcb03f38a,69aefaccbf52402fcb03f38a,,,,
20655,raw_position_sample,2,3,adv,25,4,18,19,87," does, ",1007,338,1719506.1000000238,69aefaccbf52402fcb03f38a,69aefaccbf52402fcb03f38a,advanced,4,69aefaccbf52402fcb03f38a,69aefaccbf52402fcb03f38a,spotlight_PROLIFIC,,36,Chile,Spanish,"Spanish, English, Japanese",Japanese,Spanish:75|English:15|Japanese:10,100,Spanish:50|English:35|Japanese:15,100,Spanish:80|English:10|Japanese:10,100,7,5,Bachelor's,10,10,10,7,7,10,5,22,8,15,Duolingo,130,,,,,17,25,B1,intermediate|advanced,intermediate|advanced,cambridge_15_21_random_intermediate_advanced,4,19,random,,323.265625,967.671875,343.265625,1016.71875,6,12,,,,,,,,,,,,2026-09-22T16:00:40.289Z,HM6QAFBU,2026-09-22,2026-09-22,13:00:40,2026-09-22 13:00:40,,,,,,,,69aefaccbf52402fcb03f38a,69aefaccbf52402fcb03f38a,,,,
20701,hover_association,2,3,adv,25,4,18,19,87," does, ",968,341,,69aefaccbf52402fcb03f38a,69aefaccbf52402fcb03f38a,advanced,4,69aefaccbf52402fcb03f38a,69aefaccbf52402fcb03f38a,spotlight_PROLIFIC,,36,Chile,Spanish,"Spanish, English, Japanese",Japanese,Spanish:75|English:15|Japanese:10,100,Spanish:50|English:35|Japanese:15,100,Spanish:80|English:10|Japanese:10,100,7,5,Bachelor's,10,10,10,7,7,10,5,22,8,15,Duolingo,130,,,,,17,25,B1,intermediate|advanced,intermediate|advanced,cambridge_15_21_random_intermediate_advanced,4,19,random,,313.265625,967.671875,353.265625,1016.71875,6,12,hover,566.6999999880791,566.6999999880791,0.9037910162472125,0.618359375,165,,,,,,2026-09-22T16:00:40.289Z,HM6QAFBU,2026-09-22,2026-09-22,13:00:40,2026-09-22 13:00:40,,,,,,,,69aefaccbf52402fcb03f38a,69aefaccbf52402fcb03f38a,,,,
20704,raw_position_sample,2,3,adv,25,4,18,19,88," however, ",1017,338,1719555.199999988,69aefaccbf52402fcb03f38a,69aefaccbf52402fcb03f38a,advanced,4,69aefaccbf52402fcb03f38a,69aefaccbf52402fcb03f38a,spotlight_PROLIFIC,,36,Chile,Spanish,"Spanish, English, Japanese",Japanese,Spanish:75|English:15|Japanese:10,100,Spanish:50|English:35|Japanese:15,100,Spanish:80|English:10|Japanese:10,100,7,5,Bachelor's,10,10,10,7,7,10,5,22,8,15,Duolingo,130,,,,,17,25,B1,intermediate|advanced,intermediate|advanced,cambridge_15_21_random_intermediate_advanced,4,19,random,,323.265625,1016.71875,343.265625,1093.765625,6,13,,,,,,,,,,,,2026-09-22T16:00:40.289Z,HM6QAFBU,2026-09-22,2026-09-22,13:00:40,2026-09-22 13:00:40,,,,,,,,69aefaccbf52402fcb03f38a,69aefaccbf52402fcb03f38a,,,,
20753,raw_position_sample,2,3,adv,25,4,18,19,88," however, ",1039,338,1719604.3999999762,69aefaccbf52402fcb03f38a,69aefaccbf52402fcb03f38a,advanced,4,69aefaccbf52402fcb03f38a,69aefaccbf52402fcb03f38a,spotlight_PROLIFIC,,36,Chile,Spanish,"Spanish, English, Japanese",Japanese,Spanish:75|English:15|Japanese:10,100,Spanish:50|English:35|Japanese:15,100,Spanish:80|English:10|Japanese:10,100,7,5,Bachelor's,10,10,10,7,7,10,5,22,8,15,Duolingo,130,,,,,17,25,B1,intermediate|advanced,intermediate|advanced,cambridge_15_21_random_intermediate_advanced,4,19,random,,323.265625,1016.71875,343.265625,1093.765625,6,13,,,,,,,,,,,,2026-09-22T16:00:40.289Z,HM6QAFBU,2026-09-22,2026-09-22,13:00:40,2026-09-22 13:00:40,,,,,,,,69aefaccbf52402fcb03f38a,69aefaccbf52402fcb03f38a,,,,
20804,raw_position_sample,2,3,adv,25,4,18,19,88," however, ",1054,338,1719654.8999999762,69aefaccbf52402fcb03f38a,69aefaccbf52402fcb03f38a,advanced,4,69aefaccbf52402fcb03f38a,69aefaccbf52402fcb03f38a,spotlight_PROLIFIC,,36,Chile,Spanish,"Spanish, English, Japanese",Japanese,Spanish:75|English:15|Japanese:10,100,Spanish:50|English:35|Japanese:15,100,Spanish:80|English:10|Japanese:10,100,7,5,Bachelor's,10,10,10,7,7,10,5,22,8,15,Duolingo,130,,,,,17,25,B1,intermediate|advanced,intermediate|advanced,cambridge_15_21_random_intermediate_advanced,4,19,random,,323.265625,1016.71875,343.265625,1093.765625,6,13,,,,,,,,,,,,2026-09-22T16:00:40.289Z,HM6QAFBU,2026-09-22,2026-09-22,13:00:40,2026-09-22 13:00:40,,,,,,,,69aefaccbf52402fcb03f38a,69aefaccbf52402fcb03f38a,,,,
20847,raw_position_sample,2,3,adv,25,4,18,19,88," however, ",1068,338,1719698.8999999762,69aefaccbf52402fcb03f38a,69aefaccbf52402fcb03f38a,advanced,4,69aefaccbf52402fcb03f38a,69aefaccbf52402fcb03f38a,spotlight_PROLIFIC,,36,Chile,Spanish,"Spanish, English, Japanese",Japanese,Spanish:75|English:15|Japanese:10,100,Spanish:50|English:35|Japanese:15,100,Spanish:80|English:10|Japanese:10,100,7,5,Bachelor's,10,10,10,7,7,10,5,22,8,15,Duolingo,130,,,,,17,25,B1,intermediate|advanced,intermediate|advanced,cambridge_15_21_random_intermediate_advanced,4,19,random,,323.265625,1016.71875,343.265625,1093.765625,6,13,,,,,,,,,,,,2026-09-22T16:00:40.289Z,HM6QAFBU,2026-09-22,2026-09-22,13:00:40,2026-09-22 13:00:40,,,,,,,,69aefaccbf52402fcb03f38a,69aefaccbf52402fcb03f38a,,,,
20902,raw_position_sample,2,3,adv,25,4,18,19,88," however, ",1090,335,1719752.8999999762,69aefaccbf52402fcb03f38a,69aefaccbf52402fcb03f38a,advanced,4,69aefaccbf52402fcb03f38a,69aefaccbf52402fcb03f38a,spotlight_PROLIFIC,,36,Chile,Spanish,"Spanish, English, Japanese",Japanese,Spanish:75|English:15|Japanese:10,100,Spanish:50|English:35|Japanese:15,100,Spanish:80|English:10|Japanese:10,100,7,5,Bachelor's,10,10,10,7,7,10,5,22,8,15,Duolingo,130,,,,,17,25,B1,intermediate|advanced,intermediate|advanced,cambridge_15_21_random_intermediate_advanced,4,19,random,,323.265625,1016.71875,343.265625,1093.765625,6,13,,,,,,,,,,,,2026-09-22T16:00:40.289Z,HM6QAFBU,2026-09-22,2026-09-22,13:00:40,2026-09-22 13:00:40,,,,,,,,69aefaccbf52402fcb03f38a,69aefaccbf52402fcb03f38a,,,,
20917,hover_association,2,3,adv,25,4,18,19,88," however, ",1017,338,,69aefaccbf52402fcb03f38a,69aefaccbf52402fcb03f38a,advanced,4,69aefaccbf52402fcb03f38a,69aefaccbf52402fcb03f38a,spotlight_PROLIFIC,,36,Chile,Spanish,"Spanish, English, Japanese",Japanese,Spanish:75|English:15|Japanese:10,100,Spanish:50|English:35|Japanese:15,100,Spanish:80|English:10|Japanese:10,100,7,5,Bachelor's,10,10,10,7,7,10,5,22,8,15,Duolingo,130,,,,,17,25,B1,intermediate|advanced,intermediate|advanced,cambridge_15_21_random_intermediate_advanced,4,19,random,,313.265625,1016.71875,353.265625,1093.765625,6,13,hover,216.10000002384186,216.10000002384186,0.9511255323463801,0.543359375,165,,,,,,2026-09-22T16:00:40.289Z,HM6QAFBU,2026-09-22,2026-09-22,13:00:40,2026-09-22 13:00:40,,,,,,,,69aefaccbf52402fcb03f38a,69aefaccbf52402fcb03f38a,,,,
20950,raw_position_sample,2,3,adv,25,4,18,19,89, find ,1099,335,1719801.300000012,69aefaccbf52402fcb03f38a,69aefaccbf52402fcb03f38a,advanced,4,69aefaccbf52402fcb03f38a,69aefaccbf52402fcb03f38a,spotlight_PROLIFIC,,36,Chile,Spanish,"Spanish, English, Japanese",Japanese,Spanish:75|English:15|Japanese:10,100,Spanish:50|English:35|Japanese:15,100,Spanish:80|English:10|Japanese:10,100,7,5,Bachelor's,10,10,10,7,7,10,5,22,8,15,Duolingo,130,,,,,17,25,B1,intermediate|advanced,intermediate|advanced,cambridge_15_21_random_intermediate_advanced,4,19,random,,323.265625,1093.765625,343.265625,1127.796875,6,14,,,,,,,,,,,,2026-09-22T16:00:40.289Z,HM6QAFBU,2026-09-22,2026-09-22,13:00:40,2026-09-22 13:00:40,,,,,,,,69aefaccbf52402fcb03f38a,69aefaccbf52402fcb03f38a,,,,
21002,raw_position_sample,2,3,adv,25,4,18,19,89, find ,1117,335,1719853.3999999762,69aefaccbf52402fcb03f38a,69aefaccbf52402fcb03f38a,advanced,4,69aefaccbf52402fcb03f38a,69aefaccbf52402fcb03f38a,spotlight_PROLIFIC,,36,Chile,Spanish,"Spanish, English, Japanese",Japanese,Spanish:75|English:15|Japanese:10,100,Spanish:50|English:35|Japanese:15,100,Spanish:80|English:10|Japanese:10,100,7,5,Bachelor's,10,10,10,7,7,10,5,22,8,15,Duolingo,130,,,,,17,25,B1,intermediate|advanced,intermediate|advanced,cambridge_15_21_random_intermediate_advanced,4,19,random,,323.265625,1093.765625,343.265625,1127.796875,6,14,,,,,,,,,,,,2026-09-22T16:00:40.289Z,HM6QAFBU,2026-09-22,2026-09-22,13:00:40,2026-09-22 13:00:40,,,,,,,,69aefaccbf52402fcb03f38a,69aefaccbf52402fcb03f38a,,,,
21053,hover_association,2,3,adv,25,4,18,19,89, find ,1095,335,,69aefaccbf52402fcb03f38a,69aefaccbf52402fcb03f38a,advanced,4,69aefaccbf52402fcb03f38a,69aefaccbf52402fcb03f38a,spotlight_PROLIFIC,,36,Chile,Spanish,"Spanish, English, Japanese",Japanese,Spanish:75|English:15|Japanese:10,100,Spanish:50|English:35|Japanese:15,100,Spanish:80|English:10|Japanese:10,100,7,5,Bachelor's,10,10,10,7,7,10,5,22,8,15,Duolingo,130,,,,,17,25,B1,intermediate|advanced,intermediate|advanced,cambridge_15_21_random_intermediate_advanced,4,19,random,,313.265625,1093.765625,353.265625,1127.796875,6,14,hover,134.0999999642372,134.0999999642372,0.9471992653810836,0.543359375,165,,,,,,2026-09-22T16:00:40.289Z,HM6QAFBU,2026-09-22,2026-09-22,13:00:40,2026-09-22 13:00:40,,,,,,,,69aefaccbf52402fcb03f38a,69aefaccbf52402fcb03f38a,,,,
21059,raw_position_sample,2,3,adv,25,4,18,19,90, it ,1130,335,1719910.300000012,69aefaccbf52402fcb03f38a,69aefaccbf52402fcb03f38a,advanced,4,69aefaccbf52402fcb03f38a,69aefaccbf52402fcb03f38a,spotlight_PROLIFIC,,36,Chile,Spanish,"Spanish, English, Japanese",Japanese,Spanish:75|English:15|Japanese:10,100,Spanish:50|English:35|Japanese:15,100,Spanish:80|English:10|Japanese:10,100,7,5,Bachelor's,10,10,10,7,7,10,5,22,8,15,Duolingo,130,,,,,17,25,B1,intermediate|advanced,intermediate|advanced,cambridge_15_21_random_intermediate_advanced,4,19,random,,323.265625,1127.796875,343.265625,1141.8125,6,15,,,,,,,,,,,,2026-09-22T16:00:40.289Z,HM6QAFBU,2026-09-22,2026-09-22,13:00:40,2026-09-22 13:00:40,,,,,,,,69aefaccbf52402fcb03f38a,69aefaccbf52402fcb03f38a,,,,
21100,hover_association,2,3,adv,25,4,18,19,90, it ,1130,335,,69aefaccbf52402fcb03f38a,69aefaccbf52402fcb03f38a,advanced,4,69aefaccbf52402fcb03f38a,69aefaccbf52402fcb03f38a,spotlight_PROLIFIC,,36,Chile,Spanish,"Spanish, English, Japanese",Japanese,Spanish:75|English:15|Japanese:10,100,Spanish:50|English:35|Japanese:15,100,Spanish:80|English:10|Japanese:10,100,7,5,Bachelor's,10,10,10,7,7,10,5,22,8,15,Duolingo,130,,,,,17,25,B1,intermediate|advanced,intermediate|advanced,cambridge_15_21_random_intermediate_advanced,4,19,random,,313.265625,1127.796875,353.265625,1141.8125,6,15,hover,49.30000001192093,49.30000001192093,0.7993311036789298,0.543359375,165,,,,,,2026-09-22T16:00:40.289Z,HM6QAFBU,2026-09-22,2026-09-22,13:00:40,2026-09-22 13:00:40,,,,,,,,69aefaccbf52402fcb03f38a,69aefaccbf52402fcb03f38a,,,,
21102,raw_position_sample,2,3,adv,25,4,18,19,91, satisfying ,1152,335,1719953.300000012,69aefaccbf52402fcb03f38a,69aefaccbf52402fcb03f38a,advanced,4,69aefaccbf52402fcb03f38a,69aefaccbf52402fcb03f38a,spotlight_PROLIFIC,,36,Chile,Spanish,"Spanish, English, Japanese",Japanese,Spanish:75|English:15|Japanese:10,100,Spanish:50|English:35|Japanese:15,100,Spanish:80|English:10|Japanese:10,100,7,5,Bachelor's,10,10,10,7,7,10,5,22,8,15,Duolingo,130,,,,,17,25,B1,intermediate|advanced,intermediate|advanced,cambridge_15_21_random_intermediate_advanced,4,19,random,,323.265625,1141.8125,343.265625,1221.859375,6,16,,,,,,,,,,,,2026-09-22T16:00:40.289Z,HM6QAFBU,2026-09-22,2026-09-22,13:00:40,2026-09-22 13:00:40,,,,,,,,69aefaccbf52402fcb03f38a,69aefaccbf52402fcb03f38a,,,,
21149,raw_position_sample,2,3,adv,25,4,18,19,91, satisfying ,1175,335,1720000.3999999762,69aefaccbf52402fcb03f38a,69aefaccbf52402fcb03f38a,advanced,4,69aefaccbf52402fcb03f38a,69aefaccbf52402fcb03f38a,spotlight_PROLIFIC,,36,Chile,Spanish,"Spanish, English, Japanese",Japanese,Spanish:75|English:15|Japanese:10,100,Spanish:50|English:35|Japanese:15,100,Spanish:80|English:10|Japanese:10,100,7,5,Bachelor's,10,10,10,7,7,10,5,22,8,15,Duolingo,130,,,,,17,25,B1,intermediate|advanced,intermediate|advanced,cambridge_15_21_random_intermediate_advanced,4,19,random,,323.265625,1141.8125,343.265625,1221.859375,6,16,,,,,,,,,,,,2026-09-22T16:00:40.289Z,HM6QAFBU,2026-09-22,2026-09-22,13:00:40,2026-09-22 13:00:40,,,,,,,,69aefaccbf52402fcb03f38a,69aefaccbf52402fcb03f38a,,,,
21202,raw_position_sample,2,3,adv,25,4,18,19,91, satisfying ,1213,334,1720053,69aefaccbf52402fcb03f38a,69aefaccbf52402fcb03f38a,advanced,4,69aefaccbf52402fcb03f38a,69aefaccbf52402fcb03f38a,spotlight_PROLIFIC,,36,Chile,Spanish,"Spanish, English, Japanese",Japanese,Spanish:75|English:15|Japanese:10,100,Spanish:50|English:35|Japanese:15,100,Spanish:80|English:10|Japanese:10,100,7,5,Bachelor's,10,10,10,7,7,10,5,22,8,15,Duolingo,130,,,,,17,25,B1,intermediate|advanced,intermediate|advanced,cambridge_15_21_random_intermediate_advanced,4,19,random,,323.265625,1141.8125,343.265625,1221.859375,6,16,,,,,,,,,,,,2026-09-22T16:00:40.289Z,HM6QAFBU,2026-09-22,2026-09-22,13:00:40,2026-09-22 13:00:40,,,,,,,,69aefaccbf52402fcb03f38a,69aefaccbf52402fcb03f38a,,,,
21235,hover_association,2,3,adv,25,4,18,19,91, satisfying ,1152,335,,69aefaccbf52402fcb03f38a,69aefaccbf52402fcb03f38a,advanced,4,69aefaccbf52402fcb03f38a,69aefaccbf52402fcb03f38a,spotlight_PROLIFIC,,36,Chile,Spanish,"Spanish, English, Japanese",Japanese,Spanish:75|English:15|Japanese:10,100,Spanish:50|English:35|Japanese:15,100,Spanish:80|English:10|Japanese:10,100,7,5,Bachelor's,10,10,10,7,7,10,5,22,8,15,Duolingo,130,,,,,17,25,B1,intermediate|advanced,intermediate|advanced,cambridge_15_21_random_intermediate_advanced,4,19,random,,313.265625,1141.8125,353.265625,1221.859375,6,16,hover,133.89999997615814,133.89999997615814,0.9892641030646105,0.518359375,165,,,,,,2026-09-22T16:00:40.289Z,HM6QAFBU,2026-09-22,2026-09-22,13:00:40,2026-09-22 13:00:40,,,,,,,,69aefaccbf52402fcb03f38a,69aefaccbf52402fcb03f38a,,,,
21256,raw_position_sample,2,3,adv,25,4,18,19,92, to ,1237,334,1720107.3999999762,69aefaccbf52402fcb03f38a,69aefaccbf52402fcb03f38a,advanced,4,69aefaccbf52402fcb03f38a,69aefaccbf52402fcb03f38a,spotlight_PROLIFIC,,36,Chile,Spanish,"Spanish, English, Japanese",Japanese,Spanish:75|English:15|Japanese:10,100,Spanish:50|English:35|Japanese:15,100,Spanish:80|English:10|Japanese:10,100,7,5,Bachelor's,10,10,10,7,7,10,5,22,8,15,Duolingo,130,,,,,17,25,B1,intermediate|advanced,intermediate|advanced,cambridge_15_21_random_intermediate_advanced,4,19,random,,323.265625,1221.859375,343.265625,1241.875,6,17,,,,,,,,,,,,2026-09-22T16:00:40.289Z,HM6QAFBU,2026-09-22,2026-09-22,13:00:40,2026-09-22 13:00:40,,,,,,,,69aefaccbf52402fcb03f38a,69aefaccbf52402fcb03f38a,,,,
21269,hover_association,2,3,adv,25,4,18,19,92, to ,1230,334,,69aefaccbf52402fcb03f38a,69aefaccbf52402fcb03f38a,advanced,4,69aefaccbf52402fcb03f38a,69aefaccbf52402fcb03f38a,spotlight_PROLIFIC,,36,Chile,Spanish,"Spanish, English, Japanese",Japanese,Spanish:75|English:15|Japanese:10,100,Spanish:50|English:35|Japanese:15,100,Spanish:80|English:10|Japanese:10,100,7,5,Bachelor's,10,10,10,7,7,10,5,22,8,15,Duolingo,130,,,,,17,25,B1,intermediate|advanced,intermediate|advanced,cambridge_15_21_random_intermediate_advanced,4,19,random,,313.265625,1221.859375,353.265625,1241.875,6,17,hover,33.60000002384186,33.60000002384186,0.7564402810304449,0.518359375,165,,,,,,2026-09-22T16:00:40.289Z,HM6QAFBU,2026-09-22,2026-09-22,13:00:40,2026-09-22 13:00:40,,,,,,,,69aefaccbf52402fcb03f38a,69aefaccbf52402fcb03f38a,,,,
21306,raw_position_sample,2,3,adv,25,4,18,19,93, return ,1249,332,1720157.1000000238,69aefaccbf52402fcb03f38a,69aefaccbf52402fcb03f38a,advanced,4,69aefaccbf52402fcb03f38a,69aefaccbf52402fcb03f38a,spotlight_PROLIFIC,,36,Chile,Spanish,"Spanish, English, Japanese",Japanese,Spanish:75|English:15|Japanese:10,100,Spanish:50|English:35|Japanese:15,100,Spanish:80|English:10|Japanese:10,100,7,5,Bachelor's,10,10,10,7,7,10,5,22,8,15,Duolingo,130,,,,,17,25,B1,intermediate|advanced,intermediate|advanced,cambridge_15_21_random_intermediate_advanced,4,19,random,,323.265625,1241.875,343.265625,1288.90625,6,18,,,,,,,,,,,,2026-09-22T16:00:40.289Z,HM6QAFBU,2026-09-22,2026-09-22,13:00:40,2026-09-22 13:00:40,,,,,,,,69aefaccbf52402fcb03f38a,69aefaccbf52402fcb03f38a,,,,
21356,raw_position_sample,2,3,adv,25,4,18,19,93, return ,1263,332,1720207.199999988,69aefaccbf52402fcb03f38a,69aefaccbf52402fcb03f38a,advanced,4,69aefaccbf52402fcb03f38a,69aefaccbf52402fcb03f38a,spotlight_PROLIFIC,,36,Chile,Spanish,"Spanish, English, Japanese",Japanese,Spanish:75|English:15|Japanese:10,100,Spanish:50|English:35|Japanese:15,100,Spanish:80|English:10|Japanese:10,100,7,5,Bachelor's,10,10,10,7,7,10,5,22,8,15,Duolingo,130,,,,,17,25,B1,intermediate|advanced,intermediate|advanced,cambridge_15_21_random_intermediate_advanced,4,19,random,,323.265625,1241.875,343.265625,1288.90625,6,18,,,,,,,,,,,,2026-09-22T16:00:40.289Z,HM6QAFBU,2026-09-22,2026-09-22,13:00:40,2026-09-22 13:00:40,,,,,,,,69aefaccbf52402fcb03f38a,69aefaccbf52402fcb03f38a,,,,
21401,raw_position_sample,2,3,adv,25,4,18,19,93, return ,1286,331,1720252.5,69aefaccbf52402fcb03f38a,69aefaccbf52402fcb03f38a,advanced,4,69aefaccbf52402fcb03f38a,69aefaccbf52402fcb03f38a,spotlight_PROLIFIC,,36,Chile,Spanish,"Spanish, English, Japanese",Japanese,Spanish:75|English:15|Japanese:10,100,Spanish:50|English:35|Japanese:15,100,Spanish:80|English:10|Japanese:10,100,7,5,Bachelor's,10,10,10,7,7,10,5,22,8,15,Duolingo,130,,,,,17,25,B1,intermediate|advanced,intermediate|advanced,cambridge_15_21_random_intermediate_advanced,4,19,random,,323.265625,1241.875,343.265625,1288.90625,6,18,,,,,,,,,,,,2026-09-22T16:00:40.289Z,HM6QAFBU,2026-09-22,2026-09-22,13:00:40,2026-09-22 13:00:40,,,,,,,,69aefaccbf52402fcb03f38a,69aefaccbf52402fcb03f38a,,,,
21433,hover_association,2,3,adv,25,4,18,19,93, return ,1242,334,,69aefaccbf52402fcb03f38a,69aefaccbf52402fcb03f38a,advanced,4,69aefaccbf52402fcb03f38a,69aefaccbf52402fcb03f38a,spotlight_PROLIFIC,,36,Chile,Spanish,"Spanish, English, Japanese",Japanese,Spanish:75|English:15|Japanese:10,100,Spanish:50|English:35|Japanese:15,100,Spanish:80|English:10|Japanese:10,100,7,5,Bachelor's,10,10,10,7,7,10,5,22,8,15,Duolingo,130,,,,,17,25,B1,intermediate|advanced,intermediate|advanced,cambridge_15_21_random_intermediate_advanced,4,19,random,,313.265625,1241.875,353.265625,1292.0755208333333,6,18,hover,165.80000001192093,165.80000001192093,0.9785755044872142,0.418359375,165,,,,,,2026-09-22T16:00:40.289Z,HM6QAFBU,2026-09-22,2026-09-22,13:00:40,2026-09-22 13:00:40,,,,,,,,69aefaccbf52402fcb03f38a,69aefaccbf52402fcb03f38a,,,,
21451,raw_position_sample,2,3,adv,25,4,18,19,-1,999,1297,330,1720301.8999999762,69aefaccbf52402fcb03f38a,69aefaccbf52402fcb03f38a,advanced,4,69aefaccbf52402fcb03f38a,69aefaccbf52402fcb03f38a,spotlight_PROLIFIC,,36,Chile,Spanish,"Spanish, English, Japanese",Japanese,Spanish:75|English:15|Japanese:10,100,Spanish:50|English:35|Japanese:15,100,Spanish:80|English:10|Japanese:10,100,7,5,Bachelor's,10,10,10,7,7,10,5,22,8,15,Duolingo,130,,,,,17,25,B1,intermediate|advanced,intermediate|advanced,cambridge_15_21_random_intermediate_advanced,4,19,random,,,,,,,,,,,,,,,,,,,2026-09-22T16:00:40.289Z,HM6QAFBU,2026-09-22,2026-09-22,13:00:40,2026-09-22 13:00:40,,,,,,,,69aefaccbf52402fcb03f38a,69aefaccbf52402fcb03f38a,,,,
21499,raw_position_sample,2,3,adv,25,4,18,19,-1,999,1304,330,1720350.800000012,69aefaccbf52402fcb03f38a,69aefaccbf52402fcb03f38a,advanced,4,69aefaccbf52402fcb03f38a,69aefaccbf52402fcb03f38a,spotlight_PROLIFIC,,36,Chile,Spanish,"Spanish, English, Japanese",Japanese,Spanish:75|English:15|Japanese:10,100,Spanish:50|English:35|Japanese:15,100,Spanish:80|English:10|Japanese:10,100,7,5,Bachelor's,10,10,10,7,7,10,5,22,8,15,Duolingo,130,,,,,17,25,B1,intermediate|advanced,intermediate|advanced,cambridge_15_21_random_intermediate_advanced,4,19,random,,,,,,,,,,,,,,,,,,,2026-09-22T16:00:40.289Z,HM6QAFBU,2026-09-22,2026-09-22,13:00:40,2026-09-22 13:00:40,,,,,,,,69aefaccbf52402fcb03f38a,69aefaccbf52402fcb03f38a,,,,
21548,raw_position_sample,2,3,adv,25,4,18,19,-1,999,1307,330,1720399.199999988,69aefaccbf52402fcb03f38a,69aefaccbf52402fcb03f38a,advanced,4,69aefaccbf52402fcb03f38a,69aefaccbf52402fcb03f38a,spotlight_PROLIFIC,,36,Chile,Spanish,"Spanish, English, Japanese",Japanese,Spanish:75|English:15|Japanese:10,100,Spanish:50|English:35|Japanese:15,100,Spanish:80|English:10|Japanese:10,100,7,5,Bachelor's,10,10,10,7,7,10,5,22,8,15,Duolingo,130,,,,,17,25,B1,intermediate|advanced,intermediate|advanced,cambridge_15_21_random_intermediate_advanced,4,19,random,,,,,,,,,,,,,,,,,,,2026-09-22T16:00:40.289Z,HM6QAFBU,2026-09-22,2026-09-22,13:00:40,2026-09-22 13:00:40,,,,,,,,69aefaccbf52402fcb03f38a,69aefaccbf52402fcb03f38a,,,,
21597,raw_position_sample,2,3,adv,25,4,18,19,-1,999,1307,330,1720448.5,69aefaccbf52402fcb03f38a,69aefaccbf52402fcb03f38a,advanced,4,69aefaccbf52402fcb03f38a,69aefaccbf52402fcb03f38a,spotlight_PROLIFIC,,36,Chile,Spanish,"Spanish, English, Japanese",Japanese,Spanish:75|English:15|Japanese:10,100,Spanish:50|English:35|Japanese:15,100,Spanish:80|English:10|Japanese:10,100,7,5,Bachelor's,10,10,10,7,7,10,5,22,8,15,Duolingo,130,,,,,17,25,B1,intermediate|advanced,intermediate|advanced,cambridge_15_21_random_intermediate_advanced,4,19,random,,,,,,,,,,,,,,,,,,,2026-09-22T16:00:40.289Z,HM6QAFBU,2026-09-22,2026-09-22,13:00:40,2026-09-22 13:00:40,,,,,,,,69aefaccbf52402fcb03f38a,69aefaccbf52402fcb03f38a,,,,
21647,raw_position_sample,2,3,adv,25,4,18,19,-1,999,1307,330,1720497.8999999762,69aefaccbf52402fcb03f38a,69aefaccbf52402fcb03f38a,advanced,4,69aefaccbf52402fcb03f38a,69aefaccbf52402fcb03f38a,spotlight_PROLIFIC,,36,Chile,Spanish,"Spanish, English, Japanese",Japanese,Spanish:75|English:15|Japanese:10,100,Spanish:50|English:35|Japanese:15,100,Spanish:80|English:10|Japanese:10,100,7,5,Bachelor's,10,10,10,7,7,10,5,22,8,15,Duolingo,130,,,,,17,25,B1,intermediate|advanced,intermediate|advanced,cambridge_15_21_random_intermediate_advanced,4,19,random,,,,,,,,,,,,,,,,,,,2026-09-22T16:00:40.289Z,HM6QAFBU,2026-09-22,2026-09-22,13:00:40,2026-09-22 13:00:40,,,,,,,,69aefaccbf52402fcb03f38a,69aefaccbf52402fcb03f38a,,,,
21701,raw_position_sample,2,3,adv,25,4,18,19,93, return ,1248,348,1720552.5,69aefaccbf52402fcb03f38a,69aefaccbf52402fcb03f38a,advanced,4,69aefaccbf52402fcb03f38a,69aefaccbf52402fcb03f38a,spotlight_PROLIFIC,,36,Chile,Spanish,"Spanish, English, Japanese",Japanese,Spanish:75|English:15|Japanese:10,100,Spanish:50|English:35|Japanese:15,100,Spanish:80|English:10|Japanese:10,100,7,5,Bachelor's,10,10,10,7,7,10,5,22,8,15,Duolingo,130,,,,,17,25,B1,intermediate|advanced,intermediate|advanced,cambridge_15_21_random_intermediate_advanced,4,19,random,,323.265625,1241.875,343.265625,1288.90625,6,18,,,,,,,,,,,,2026-09-22T16:00:40.289Z,HM6QAFBU,2026-09-22,2026-09-22,13:00:40,2026-09-22 13:00:40,,,,,,,,69aefaccbf52402fcb03f38a,69aefaccbf52402fcb03f38a,,,,
21717,hover_association,2,3,adv,25,4,18,19,93, return ,1285,338,,69aefaccbf52402fcb03f38a,69aefaccbf52402fcb03f38a,advanced,4,69aefaccbf52402fcb03f38a,69aefaccbf52402fcb03f38a,spotlight_PROLIFIC,,36,Chile,Spanish,"Spanish, English, Japanese",Japanese,Spanish:75|English:15|Japanese:10,100,Spanish:50|English:35|Japanese:15,100,Spanish:80|English:10|Japanese:10,100,7,5,Bachelor's,10,10,10,7,7,10,5,22,8,15,Duolingo,130,,,,,17,25,B1,intermediate|advanced,intermediate|advanced,cambridge_15_21_random_intermediate_advanced,4,19,random,,313.265625,1241.875,353.265625,1292.0755208333333,6,18,hover,50.10000002384186,50.10000002384186,0.12201068631011068,0.868359375,165,,,,,,2026-09-22T16:00:40.289Z,HM6QAFBU,2026-09-22,2026-09-22,13:00:40,2026-09-22 13:00:40,,,,,,,,69aefaccbf52402fcb03f38a,69aefaccbf52402fcb03f38a,,,,
21733,hover_association,2,3,adv,25,4,18,19,92, to ,1228,352,,69aefaccbf52402fcb03f38a,69aefaccbf52402fcb03f38a,advanced,4,69aefaccbf52402fcb03f38a,69aefaccbf52402fcb03f38a,spotlight_PROLIFIC,,36,Chile,Spanish,"Spanish, English, Japanese",Japanese,Spanish:75|English:15|Japanese:10,100,Spanish:50|English:35|Japanese:15,100,Spanish:80|English:10|Japanese:10,100,7,5,Bachelor's,10,10,10,7,7,10,5,22,8,15,Duolingo,130,,,,,17,25,B1,intermediate|advanced,intermediate|advanced,cambridge_15_21_random_intermediate_advanced,4,19,random,,313.265625,1221.859375,353.265625,1241.875,6,17,hover,16.599999964237213,16.599999964237213,0.30679156908665106,0.968359375,165,,,,,,2026-09-22T16:00:40.289Z,HM6QAFBU,2026-09-22,2026-09-22,13:00:40,2026-09-22 13:00:40,,,,,,,,69aefaccbf52402fcb03f38a,69aefaccbf52402fcb03f38a,,,,
21750,hover_association,2,3,adv,25,4,18,19,106, improved. ,1200,356,,69aefaccbf52402fcb03f38a,69aefaccbf52402fcb03f38a,advanced,4,69aefaccbf52402fcb03f38a,69aefaccbf52402fcb03f38a,spotlight_PROLIFIC,,36,Chile,Spanish,"Spanish, English, Japanese",Japanese,Spanish:75|English:15|Japanese:10,100,Spanish:50|English:35|Japanese:15,100,Spanish:80|English:10|Japanese:10,100,7,5,Bachelor's,10,10,10,7,7,10,5,22,8,15,Duolingo,130,,,,,17,25,B1,intermediate|advanced,intermediate|advanced,cambridge_15_21_random_intermediate_advanced,4,19,random,,353.265625,1198.828125,393.265625,1282.875,7,13,hover,16.600000023841858,16.600000023841858,0.013943112102621304,0.068359375,165,,,,,,2026-09-22T16:00:40.289Z,HM6QAFBU,2026-09-22,2026-09-22,13:00:40,2026-09-22 13:00:40,,,,,,,,69aefaccbf52402fcb03f38a,69aefaccbf52402fcb03f38a,,,,
21751,raw_position_sample,2,3,adv,25,4,18,19,105, have ,1156,362,1720602.5,69aefaccbf52402fcb03f38a,69aefaccbf52402fcb03f38a,advanced,4,69aefaccbf52402fcb03f38a,69aefaccbf52402fcb03f38a,spotlight_PROLIFIC,,36,Chile,Spanish,"Spanish, English, Japanese",Japanese,Spanish:75|English:15|Japanese:10,100,Spanish:50|English:35|Japanese:15,100,Spanish:80|English:10|Japanese:10,100,7,5,Bachelor's,10,10,10,7,7,10,5,22,8,15,Duolingo,130,,,,,17,25,B1,intermediate|advanced,intermediate|advanced,cambridge_15_21_random_intermediate_advanced,4,19,random,,363.265625,1154.78125,383.265625,1198.828125,7,12,,,,,,,,,,,,2026-09-22T16:00:40.289Z,HM6QAFBU,2026-09-22,2026-09-22,13:00:40,2026-09-22 13:00:40,,,,,,,,69aefaccbf52402fcb03f38a,69aefaccbf52402fcb03f38a,,,,
21767,hover_association,2,3,adv,25,4,18,19,105, have ,1156,362,,69aefaccbf52402fcb03f38a,69aefaccbf52402fcb03f38a,advanced,4,69aefaccbf52402fcb03f38a,69aefaccbf52402fcb03f38a,spotlight_PROLIFIC,,36,Chile,Spanish,"Spanish, English, Japanese",Japanese,Spanish:75|English:15|Japanese:10,100,Spanish:50|English:35|Japanese:15,100,Spanish:80|English:10|Japanese:10,100,7,5,Bachelor's,10,10,10,7,7,10,5,22,8,15,Duolingo,130,,,,,17,25,B1,intermediate|advanced,intermediate|advanced,cambridge_15_21_random_intermediate_advanced,4,19,random,,353.265625,1154.78125,393.265625,1198.828125,7,12,hover,16.80000001192093,16.80000001192093,0.027669386307201137,0.218359375,165,,,,,,2026-09-22T16:00:40.289Z,HM6QAFBU,2026-09-22,2026-09-22,13:00:40,2026-09-22 13:00:40,,,,,,,,69aefaccbf52402fcb03f38a,69aefaccbf52402fcb03f38a,,,,
21800,hover_association,2,3,adv,25,4,18,19,104, standards ,1129,364,,69aefaccbf52402fcb03f38a,69aefaccbf52402fcb03f38a,advanced,4,69aefaccbf52402fcb03f38a,69aefaccbf52402fcb03f38a,spotlight_PROLIFIC,,36,Chile,Spanish,"Spanish, English, Japanese",Japanese,Spanish:75|English:15|Japanese:10,100,Spanish:50|English:35|Japanese:15,100,Spanish:80|English:10|Japanese:10,100,7,5,Bachelor's,10,10,10,7,7,10,5,22,8,15,Duolingo,130,,,,,17,25,B1,intermediate|advanced,intermediate|advanced,cambridge_15_21_random_intermediate_advanced,4,19,random,,353.265625,1070.71875,393.265625,1154.78125,7,11,hover,33.39999997615814,33.39999997615814,0.27695167286245354,0.318359375,165,,,,,,2026-09-22T16:00:40.289Z,HM6QAFBU,2026-09-22,2026-09-22,13:00:40,2026-09-22 13:00:40,,,,,,,,69aefaccbf52402fcb03f38a,69aefaccbf52402fcb03f38a,,,,
21801,raw_position_sample,2,3,adv,25,4,18,19,103, see ,1057,366,1720652.699999988,69aefaccbf52402fcb03f38a,69aefaccbf52402fcb03f38a,advanced,4,69aefaccbf52402fcb03f38a,69aefaccbf52402fcb03f38a,spotlight_PROLIFIC,,36,Chile,Spanish,"Spanish, English, Japanese",Japanese,Spanish:75|English:15|Japanese:10,100,Spanish:50|English:35|Japanese:15,100,Spanish:80|English:10|Japanese:10,100,7,5,Bachelor's,10,10,10,7,7,10,5,22,8,15,Duolingo,130,,,,,17,25,B1,intermediate|advanced,intermediate|advanced,cambridge_15_21_random_intermediate_advanced,4,19,random,,363.265625,1036.6875,383.265625,1070.71875,7,10,,,,,,,,,,,,2026-09-22T16:00:40.289Z,HM6QAFBU,2026-09-22,2026-09-22,13:00:40,2026-09-22 13:00:40,,,,,,,,69aefaccbf52402fcb03f38a,69aefaccbf52402fcb03f38a,,,,
21817,hover_association,2,3,adv,25,4,18,19,103, see ,1057,366,,69aefaccbf52402fcb03f38a,69aefaccbf52402fcb03f38a,advanced,4,69aefaccbf52402fcb03f38a,69aefaccbf52402fcb03f38a,spotlight_PROLIFIC,,36,Chile,Spanish,"Spanish, English, Japanese",Japanese,Spanish:75|English:15|Japanese:10,100,Spanish:50|English:35|Japanese:15,100,Spanish:80|English:10|Japanese:10,100,7,5,Bachelor's,10,10,10,7,7,10,5,22,8,15,Duolingo,130,,,,,17,25,B1,intermediate|advanced,intermediate|advanced,cambridge_15_21_random_intermediate_advanced,4,19,random,,353.265625,1036.6875,393.265625,1070.71875,7,10,hover,16.5,16.5,0.5968778696051423,0.318359375,165,,,,,,2026-09-22T16:00:40.289Z,HM6QAFBU,2026-09-22,2026-09-22,13:00:40,2026-09-22 13:00:40,,,,,,,,69aefaccbf52402fcb03f38a,69aefaccbf52402fcb03f38a,,,,
21834,hover_association,2,3,adv,25,4,18,19,102, and ,1022,368,,69aefaccbf52402fcb03f38a,69aefaccbf52402fcb03f38a,advanced,4,69aefaccbf52402fcb03f38a,69aefaccbf52402fcb03f38a,spotlight_PROLIFIC,,36,Chile,Spanish,"Spanish, English, Japanese",Japanese,Spanish:75|English:15|Japanese:10,100,Spanish:50|English:35|Japanese:15,100,Spanish:80|English:10|Japanese:10,100,7,5,Bachelor's,10,10,10,7,7,10,5,22,8,15,Duolingo,130,,,,,17,25,B1,intermediate|advanced,intermediate|advanced,cambridge_15_21_random_intermediate_advanced,4,19,random,,353.265625,1001.640625,393.265625,1036.6875,7,9,hover,16.80000001192093,16.80000001192093,0.5809184128399465,0.368359375,165,,,,,,2026-09-22T16:00:40.289Z,HM6QAFBU,2026-09-22,2026-09-22,13:00:40,2026-09-22 13:00:40,,,,,,,,69aefaccbf52402fcb03f38a,69aefaccbf52402fcb03f38a,,,,
21852,raw_position_sample,2,3,adv,25,4,18,19,101, shopped ,965,368,1720703,69aefaccbf52402fcb03f38a,69aefaccbf52402fcb03f38a,advanced,4,69aefaccbf52402fcb03f38a,69aefaccbf52402fcb03f38a,spotlight_PROLIFIC,,36,Chile,Spanish,"Spanish, English, Japanese",Japanese,Spanish:75|English:15|Japanese:10,100,Spanish:50|English:35|Japanese:15,100,Spanish:80|English:10|Japanese:10,100,7,5,Bachelor's,10,10,10,7,7,10,5,22,8,15,Duolingo,130,,,,,17,25,B1,intermediate|advanced,intermediate|advanced,cambridge_15_21_random_intermediate_advanced,4,19,random,,363.265625,927.5625,383.265625,1001.640625,7,8,,,,,,,,,,,,2026-09-22T16:00:40.289Z,HM6QAFBU,2026-09-22,2026-09-22,13:00:40,2026-09-22 13:00:40,,,,,,,,69aefaccbf52402fcb03f38a,69aefaccbf52402fcb03f38a,,,,
21884,hover_association,2,3,adv,25,4,18,19,101, shopped ,990,368,,69aefaccbf52402fcb03f38a,69aefaccbf52402fcb03f38a,advanced,4,69aefaccbf52402fcb03f38a,69aefaccbf52402fcb03f38a,spotlight_PROLIFIC,,36,Chile,Spanish,"Spanish, English, Japanese",Japanese,Spanish:75|English:15|Japanese:10,100,Spanish:50|English:35|Japanese:15,100,Spanish:80|English:10|Japanese:10,100,7,5,Bachelor's,10,10,10,7,7,10,5,22,8,15,Duolingo,130,,,,,17,25,B1,intermediate|advanced,intermediate|advanced,cambridge_15_21_random_intermediate_advanced,4,19,random,,353.265625,927.5625,393.265625,1001.640625,7,8,hover,50,50,0.2218941151655769,0.368359375,165,,,,,,2026-09-22T16:00:40.289Z,HM6QAFBU,2026-09-22,2026-09-22,13:00:40,2026-09-22 13:00:40,,,,,,,,69aefaccbf52402fcb03f38a,69aefaccbf52402fcb03f38a,,,,
21901,raw_position_sample,2,3,adv,25,4,18,19,100, mystery ,897,370,1720752.5,69aefaccbf52402fcb03f38a,69aefaccbf52402fcb03f38a,advanced,4,69aefaccbf52402fcb03f38a,69aefaccbf52402fcb03f38a,spotlight_PROLIFIC,,36,Chile,Spanish,"Spanish, English, Japanese",Japanese,Spanish:75|English:15|Japanese:10,100,Spanish:50|English:35|Japanese:15,100,Spanish:80|English:10|Japanese:10,100,7,5,Bachelor's,10,10,10,7,7,10,5,22,8,15,Duolingo,130,,,,,17,25,B1,intermediate|advanced,intermediate|advanced,cambridge_15_21_random_intermediate_advanced,4,19,random,,363.265625,859.546875,383.265625,927.5625,7,7,,,,,,,,,,,,2026-09-22T16:00:40.289Z,HM6QAFBU,2026-09-22,2026-09-22,13:00:40,2026-09-22 13:00:40,,,,,,,,69aefaccbf52402fcb03f38a,69aefaccbf52402fcb03f38a,,,,
21917,hover_association,2,3,adv,25,4,18,19,100, mystery ,924,370,,69aefaccbf52402fcb03f38a,69aefaccbf52402fcb03f38a,advanced,4,69aefaccbf52402fcb03f38a,69aefaccbf52402fcb03f38a,spotlight_PROLIFIC,,36,Chile,Spanish,"Spanish, English, Japanese",Japanese,Spanish:75|English:15|Japanese:10,100,Spanish:50|English:35|Japanese:15,100,Spanish:80|English:10|Japanese:10,100,7,5,Bachelor's,10,10,10,7,7,10,5,22,8,15,Duolingo,130,,,,,17,25,B1,intermediate|advanced,intermediate|advanced,cambridge_15_21_random_intermediate_advanced,4,19,random,,353.265625,859.546875,393.265625,927.5625,7,7,hover,33.19999998807907,33.19999998807907,0.5506547208821503,0.418359375,165,,,,,,2026-09-22T16:00:40.289Z,HM6QAFBU,2026-09-22,2026-09-22,13:00:40,2026-09-22 13:00:40,,,,,,,,69aefaccbf52402fcb03f38a,69aefaccbf52402fcb03f38a,,,,
21948,raw_position_sample,2,3,adv,25,4,18,19,99, previously ,840,372,1720799.800000012,69aefaccbf52402fcb03f38a,69aefaccbf52402fcb03f38a,advanced,4,69aefaccbf52402fcb03f38a,69aefaccbf52402fcb03f38a,spotlight_PROLIFIC,,36,Chile,Spanish,"Spanish, English, Japanese",Japanese,Spanish:75|English:15|Japanese:10,100,Spanish:50|English:35|Japanese:15,100,Spanish:80|English:10|Japanese:10,100,7,5,Bachelor's,10,10,10,7,7,10,5,22,8,15,Duolingo,130,,,,,17,25,B1,intermediate|advanced,intermediate|advanced,cambridge_15_21_random_intermediate_advanced,4,19,random,,363.265625,773.5,383.265625,859.546875,7,6,,,,,,,,,,,,2026-09-22T16:00:40.289Z,HM6QAFBU,2026-09-22,2026-09-22,13:00:40,2026-09-22 13:00:40,,,,,,,,69aefaccbf52402fcb03f38a,69aefaccbf52402fcb03f38a,,,,
21983,hover_association,2,3,adv,25,4,18,19,99, previously ,859,372,,69aefaccbf52402fcb03f38a,69aefaccbf52402fcb03f38a,advanced,4,69aefaccbf52402fcb03f38a,69aefaccbf52402fcb03f38a,spotlight_PROLIFIC,,36,Chile,Spanish,"Spanish, English, Japanese",Japanese,Spanish:75|English:15|Japanese:10,100,Spanish:50|English:35|Japanese:15,100,Spanish:80|English:10|Japanese:10,100,7,5,Bachelor's,10,10,10,7,7,10,5,22,8,15,Duolingo,130,,,,,17,25,B1,intermediate|advanced,intermediate|advanced,cambridge_15_21_random_intermediate_advanced,4,19,random,,353.265625,773.5,393.265625,859.546875,7,6,hover,66.69999998807907,66.69999998807907,0.2963500998728891,0.518359375,165,,,,,,2026-09-22T16:00:40.289Z,HM6QAFBU,2026-09-22,2026-09-22,13:00:40,2026-09-22 13:00:40,,,,,,,,69aefaccbf52402fcb03f38a,69aefaccbf52402fcb03f38a,,,,
22002,raw_position_sample,2,3,adv,25,4,18,19,98, has ,748,374,1720853,69aefaccbf52402fcb03f38a,69aefaccbf52402fcb03f38a,advanced,4,69aefaccbf52402fcb03f38a,69aefaccbf52402fcb03f38a,spotlight_PROLIFIC,,36,Chile,Spanish,"Spanish, English, Japanese",Japanese,Spanish:75|English:15|Japanese:10,100,Spanish:50|English:35|Japanese:15,100,Spanish:80|English:10|Japanese:10,100,7,5,Bachelor's,10,10,10,7,7,10,5,22,8,15,Duolingo,130,,,,,17,25,B1,intermediate|advanced,intermediate|advanced,cambridge_15_21_random_intermediate_advanced,4,19,random,,363.265625,739.46875,383.265625,773.5,7,5,,,,,,,,,,,,2026-09-22T16:00:40.289Z,HM6QAFBU,2026-09-22,2026-09-22,13:00:40,2026-09-22 13:00:40,,,,,,,,69aefaccbf52402fcb03f38a,69aefaccbf52402fcb03f38a,,,,
22017,hover_association,2,3,adv,25,4,18,19,98, has ,772,374,,69aefaccbf52402fcb03f38a,69aefaccbf52402fcb03f38a,advanced,4,69aefaccbf52402fcb03f38a,69aefaccbf52402fcb03f38a,spotlight_PROLIFIC,,36,Chile,Spanish,"Spanish, English, Japanese",Japanese,Spanish:75|English:15|Japanese:10,100,Spanish:50|English:35|Japanese:15,100,Spanish:80|English:10|Japanese:10,100,7,5,Bachelor's,10,10,10,7,7,10,5,22,8,15,Duolingo,130,,,,,17,25,B1,intermediate|advanced,intermediate|advanced,cambridge_15_21_random_intermediate_advanced,4,19,random,,353.265625,739.46875,393.265625,773.5,7,5,hover,33.40000003576279,33.40000003576279,0.25068870523415976,0.518359375,165,,,,,,2026-09-22T16:00:40.289Z,HM6QAFBU,2026-09-22,2026-09-22,13:00:40,2026-09-22 13:00:40,,,,,,,,69aefaccbf52402fcb03f38a,69aefaccbf52402fcb03f38a,,,,
22050,raw_position_sample,2,3,adv,25,4,18,19,97, she ,711,376,1720901.1000000238,69aefaccbf52402fcb03f38a,69aefaccbf52402fcb03f38a,advanced,4,69aefaccbf52402fcb03f38a,69aefaccbf52402fcb03f38a,spotlight_PROLIFIC,,36,Chile,Spanish,"Spanish, English, Japanese",Japanese,Spanish:75|English:15|Japanese:10,100,Spanish:50|English:35|Japanese:15,100,Spanish:80|English:10|Japanese:10,100,7,5,Bachelor's,10,10,10,7,7,10,5,22,8,15,Duolingo,130,,,,,17,25,B1,intermediate|advanced,intermediate|advanced,cambridge_15_21_random_intermediate_advanced,4,19,random,,363.265625,705.4375,383.265625,739.46875,7,4,,,,,,,,,,,,2026-09-22T16:00:40.289Z,HM6QAFBU,2026-09-22,2026-09-22,13:00:40,2026-09-22 13:00:40,,,,,,,,69aefaccbf52402fcb03f38a,69aefaccbf52402fcb03f38a,,,,
22050,hover_association,2,3,adv,25,4,18,19,97, she ,726,376,,69aefaccbf52402fcb03f38a,69aefaccbf52402fcb03f38a,advanced,4,69aefaccbf52402fcb03f38a,69aefaccbf52402fcb03f38a,spotlight_PROLIFIC,,36,Chile,Spanish,"Spanish, English, Japanese",Japanese,Spanish:75|English:15|Japanese:10,100,Spanish:50|English:35|Japanese:15,100,Spanish:80|English:10|Japanese:10,100,7,5,Bachelor's,10,10,10,7,7,10,5,22,8,15,Duolingo,130,,,,,17,25,B1,intermediate|advanced,intermediate|advanced,cambridge_15_21_random_intermediate_advanced,4,19,random,,353.265625,705.4375,393.265625,739.46875,7,4,hover,33.59999996423721,33.59999996423721,0.16345270890725436,0.568359375,165,,,,,,2026-09-22T16:00:40.289Z,HM6QAFBU,2026-09-22,2026-09-22,13:00:40,2026-09-22 13:00:40,,,,,,,,69aefaccbf52402fcb03f38a,69aefaccbf52402fcb03f38a,,,,
22102,raw_position_sample,2,3,adv,25,4,18,19,96, store ,694,376,1720953.3999999762,69aefaccbf52402fcb03f38a,69aefaccbf52402fcb03f38a,advanced,4,69aefaccbf52402fcb03f38a,69aefaccbf52402fcb03f38a,spotlight_PROLIFIC,,36,Chile,Spanish,"Spanish, English, Japanese",Japanese,Spanish:75|English:15|Japanese:10,100,Spanish:50|English:35|Japanese:15,100,Spanish:80|English:10|Japanese:10,100,7,5,Bachelor's,10,10,10,7,7,10,5,22,8,15,Duolingo,130,,,,,17,25,B1,intermediate|advanced,intermediate|advanced,cambridge_15_21_random_intermediate_advanced,4,19,random,,363.265625,660.40625,383.265625,705.4375,7,3,,,,,,,,,,,,2026-09-22T16:00:40.289Z,HM6QAFBU,2026-09-22,2026-09-22,13:00:40,2026-09-22 13:00:40,,,,,,,,69aefaccbf52402fcb03f38a,69aefaccbf52402fcb03f38a,,,,
22151,raw_position_sample,2,3,adv,25,4,18,19,96, store ,667,377,1721002.3999999762,69aefaccbf52402fcb03f38a,69aefaccbf52402fcb03f38a,advanced,4,69aefaccbf52402fcb03f38a,69aefaccbf52402fcb03f38a,spotlight_PROLIFIC,,36,Chile,Spanish,"Spanish, English, Japanese",Japanese,Spanish:75|English:15|Japanese:10,100,Spanish:50|English:35|Japanese:15,100,Spanish:80|English:10|Japanese:10,100,7,5,Bachelor's,10,10,10,7,7,10,5,22,8,15,Duolingo,130,,,,,17,25,B1,intermediate|advanced,intermediate|advanced,cambridge_15_21_random_intermediate_advanced,4,19,random,,363.265625,660.40625,383.265625,705.4375,7,3,,,,,,,,,,,,2026-09-22T16:00:40.289Z,HM6QAFBU,2026-09-22,2026-09-22,13:00:40,2026-09-22 13:00:40,,,,,,,,69aefaccbf52402fcb03f38a,69aefaccbf52402fcb03f38a,,,,
22167,hover_association,2,3,adv,25,4,18,19,96, store ,705,376,,69aefaccbf52402fcb03f38a,69aefaccbf52402fcb03f38a,advanced,4,69aefaccbf52402fcb03f38a,69aefaccbf52402fcb03f38a,spotlight_PROLIFIC,,36,Chile,Spanish,"Spanish, English, Japanese",Japanese,Spanish:75|English:15|Japanese:10,100,Spanish:50|English:35|Japanese:15,100,Spanish:80|English:10|Japanese:10,100,7,5,Bachelor's,10,10,10,7,7,10,5,22,8,15,Duolingo,130,,,,,17,25,B1,intermediate|advanced,intermediate|advanced,cambridge_15_21_random_intermediate_advanced,4,19,random,,353.265625,660.40625,393.265625,705.4375,7,3,hover,116.30000001192093,116.30000001192093,0.14642609299097847,0.593359375,165,,,,,,2026-09-22T16:00:40.289Z,HM6QAFBU,2026-09-22,2026-09-22,13:00:40,2026-09-22 13:00:40,,,,,,,,69aefaccbf52402fcb03f38a,69aefaccbf52402fcb03f38a,,,,
22200,raw_position_sample,2,3,adv,25,4,18,19,95, a ,654,377,1721051.1000000238,69aefaccbf52402fcb03f38a,69aefaccbf52402fcb03f38a,advanced,4,69aefaccbf52402fcb03f38a,69aefaccbf52402fcb03f38a,spotlight_PROLIFIC,,36,Chile,Spanish,"Spanish, English, Japanese",Japanese,Spanish:75|English:15|Japanese:10,100,Spanish:50|English:35|Japanese:15,100,Spanish:80|English:10|Japanese:10,100,7,5,Bachelor's,10,10,10,7,7,10,5,22,8,15,Duolingo,130,,,,,17,25,B1,intermediate|advanced,intermediate|advanced,cambridge_15_21_random_intermediate_advanced,4,19,random,,363.265625,645.390625,383.265625,660.40625,7,2,,,,,,,,,,,,2026-09-22T16:00:40.289Z,HM6QAFBU,2026-09-22,2026-09-22,13:00:40,2026-09-22 13:00:40,,,,,,,,69aefaccbf52402fcb03f38a,69aefaccbf52402fcb03f38a,,,,
22250,raw_position_sample,2,3,adv,25,4,18,19,95, a ,647,377,1721101.5,69aefaccbf52402fcb03f38a,69aefaccbf52402fcb03f38a,advanced,4,69aefaccbf52402fcb03f38a,69aefaccbf52402fcb03f38a,spotlight_PROLIFIC,,36,Chile,Spanish,"Spanish, English, Japanese",Japanese,Spanish:75|English:15|Japanese:10,100,Spanish:50|English:35|Japanese:15,100,Spanish:80|English:10|Japanese:10,100,7,5,Bachelor's,10,10,10,7,7,10,5,22,8,15,Duolingo,130,,,,,17,25,B1,intermediate|advanced,intermediate|advanced,cambridge_15_21_random_intermediate_advanced,4,19,random,,363.265625,645.390625,383.265625,660.40625,7,2,,,,,,,,,,,,2026-09-22T16:00:40.289Z,HM6QAFBU,2026-09-22,2026-09-22,13:00:40,2026-09-22 13:00:40,,,,,,,,69aefaccbf52402fcb03f38a,69aefaccbf52402fcb03f38a,,,,
22299,raw_position_sample,2,3,adv,25,4,18,19,95, a ,646,377,1721150.8999999762,69aefaccbf52402fcb03f38a,69aefaccbf52402fcb03f38a,advanced,4,69aefaccbf52402fcb03f38a,69aefaccbf52402fcb03f38a,spotlight_PROLIFIC,,36,Chile,Spanish,"Spanish, English, Japanese",Japanese,Spanish:75|English:15|Japanese:10,100,Spanish:50|English:35|Japanese:15,100,Spanish:80|English:10|Japanese:10,100,7,5,Bachelor's,10,10,10,7,7,10,5,22,8,15,Duolingo,130,,,,,17,25,B1,intermediate|advanced,intermediate|advanced,cambridge_15_21_random_intermediate_advanced,4,19,random,,363.265625,645.390625,383.265625,660.40625,7,2,,,,,,,,,,,,2026-09-22T16:00:40.289Z,HM6QAFBU,2026-09-22,2026-09-22,13:00:40,2026-09-22 13:00:40,,,,,,,,69aefaccbf52402fcb03f38a,69aefaccbf52402fcb03f38a,,,,
22349,raw_position_sample,2,3,adv,25,4,18,19,95, a ,646,377,1721200.1000000238,69aefaccbf52402fcb03f38a,69aefaccbf52402fcb03f38a,advanced,4,69aefaccbf52402fcb03f38a,69aefaccbf52402fcb03f38a,spotlight_PROLIFIC,,36,Chile,Spanish,"Spanish, English, Japanese",Japanese,Spanish:75|English:15|Japanese:10,100,Spanish:50|English:35|Japanese:15,100,Spanish:80|English:10|Japanese:10,100,7,5,Bachelor's,10,10,10,7,7,10,5,22,8,15,Duolingo,130,,,,,17,25,B1,intermediate|advanced,intermediate|advanced,cambridge_15_21_random_intermediate_advanced,4,19,random,,363.265625,645.390625,383.265625,660.40625,7,2,,,,,,,,,,,,2026-09-22T16:00:40.289Z,HM6QAFBU,2026-09-22,2026-09-22,13:00:40,2026-09-22 13:00:40,,,,,,,,69aefaccbf52402fcb03f38a,69aefaccbf52402fcb03f38a,,,,
22350,hover_association,2,3,adv,25,4,18,19,95, a ,659,377,,69aefaccbf52402fcb03f38a,69aefaccbf52402fcb03f38a,advanced,4,69aefaccbf52402fcb03f38a,69aefaccbf52402fcb03f38a,spotlight_PROLIFIC,,36,Chile,Spanish,"Spanish, English, Japanese",Japanese,Spanish:75|English:15|Japanese:10,100,Spanish:50|English:35|Japanese:15,100,Spanish:80|English:10|Japanese:10,100,7,5,Bachelor's,10,10,10,7,7,10,5,22,8,15,Duolingo,130,,,,,17,25,B1,intermediate|advanced,intermediate|advanced,cambridge_15_21_random_intermediate_advanced,4,19,random,,353.265625,645.390625,393.265625,660.40625,7,2,hover,182.89999997615814,182.89999997615814,0.04058272632674298,0.593359375,165,,,,,,2026-09-22T16:00:40.289Z,HM6QAFBU,2026-09-22,2026-09-22,13:00:40,2026-09-22 13:00:40,,,,,,,,69aefaccbf52402fcb03f38a,69aefaccbf52402fcb03f38a,,,,
22404,raw_position_sample,2,3,adv,25,4,18,19,94, to ,628,374,1721255.300000012,69aefaccbf52402fcb03f38a,69aefaccbf52402fcb03f38a,advanced,4,69aefaccbf52402fcb03f38a,69aefaccbf52402fcb03f38a,spotlight_PROLIFIC,,36,Chile,Spanish,"Spanish, English, Japanese",Japanese,Spanish:75|English:15|Japanese:10,100,Spanish:50|English:35|Japanese:15,100,Spanish:80|English:10|Japanese:10,100,7,5,Bachelor's,10,10,10,7,7,10,5,22,8,15,Duolingo,130,,,,,17,25,B1,intermediate|advanced,intermediate|advanced,cambridge_15_21_random_intermediate_advanced,4,19,random,,363.265625,625.375,383.265625,645.390625,7,1,,,,,,,,,,,,2026-09-22T16:00:40.289Z,HM6QAFBU,2026-09-22,2026-09-22,13:00:40,2026-09-22 13:00:40,,,,,,,,69aefaccbf52402fcb03f38a,69aefaccbf52402fcb03f38a,,,,
22450,raw_position_sample,2,3,adv,25,4,18,19,94, to ,626,374,1721301.699999988,69aefaccbf52402fcb03f38a,69aefaccbf52402fcb03f38a,advanced,4,69aefaccbf52402fcb03f38a,69aefaccbf52402fcb03f38a,spotlight_PROLIFIC,,36,Chile,Spanish,"Spanish, English, Japanese",Japanese,Spanish:75|English:15|Japanese:10,100,Spanish:50|English:35|Japanese:15,100,Spanish:80|English:10|Japanese:10,100,7,5,Bachelor's,10,10,10,7,7,10,5,22,8,15,Duolingo,130,,,,,17,25,B1,intermediate|advanced,intermediate|advanced,cambridge_15_21_random_intermediate_advanced,4,19,random,,363.265625,625.375,383.265625,645.390625,7,1,,,,,,,,,,,,2026-09-22T16:00:40.289Z,HM6QAFBU,2026-09-22,2026-09-22,13:00:40,2026-09-22 13:00:40,,,,,,,,69aefaccbf52402fcb03f38a,69aefaccbf52402fcb03f38a,,,,
22512,raw_position_sample,2,3,adv,25,4,18,19,94, to ,626,374,1721363.300000012,69aefaccbf52402fcb03f38a,69aefaccbf52402fcb03f38a,advanced,4,69aefaccbf52402fcb03f38a,69aefaccbf52402fcb03f38a,spotlight_PROLIFIC,,36,Chile,Spanish,"Spanish, English, Japanese",Japanese,Spanish:75|English:15|Japanese:10,100,Spanish:50|English:35|Japanese:15,100,Spanish:80|English:10|Japanese:10,100,7,5,Bachelor's,10,10,10,7,7,10,5,22,8,15,Duolingo,130,,,,,17,25,B1,intermediate|advanced,intermediate|advanced,cambridge_15_21_random_intermediate_advanced,4,19,random,,363.265625,625.375,383.265625,645.390625,7,1,,,,,,,,,,,,2026-09-22T16:00:40.289Z,HM6QAFBU,2026-09-22,2026-09-22,13:00:40,2026-09-22 13:00:40,,,,,,,,69aefaccbf52402fcb03f38a,69aefaccbf52402fcb03f38a,,,,
22551,raw_position_sample,2,3,adv,25,4,18,19,94, to ,626,374,1721401.8999999762,69aefaccbf52402fcb03f38a,69aefaccbf52402fcb03f38a,advanced,4,69aefaccbf52402fcb03f38a,69aefaccbf52402fcb03f38a,spotlight_PROLIFIC,,36,Chile,Spanish,"Spanish, English, Japanese",Japanese,Spanish:75|English:15|Japanese:10,100,Spanish:50|English:35|Japanese:15,100,Spanish:80|English:10|Japanese:10,100,7,5,Bachelor's,10,10,10,7,7,10,5,22,8,15,Duolingo,130,,,,,17,25,B1,intermediate|advanced,intermediate|advanced,cambridge_15_21_random_intermediate_advanced,4,19,random,,363.265625,625.375,383.265625,645.390625,7,1,,,,,,,,,,,,2026-09-22T16:00:40.289Z,HM6QAFBU,2026-09-22,2026-09-22,13:00:40,2026-09-22 13:00:40,,,,,,,,69aefaccbf52402fcb03f38a,69aefaccbf52402fcb03f38a,,,,
22597,raw_position_sample,2,3,adv,25,4,18,19,94, to ,626,374,1721448.6000000238,69aefaccbf52402fcb03f38a,69aefaccbf52402fcb03f38a,advanced,4,69aefaccbf52402fcb03f38a,69aefaccbf52402fcb03f38a,spotlight_PROLIFIC,,36,Chile,Spanish,"Spanish, English, Japanese",Japanese,Spanish:75|English:15|Japanese:10,100,Spanish:50|English:35|Japanese:15,100,Spanish:80|English:10|Japanese:10,100,7,5,Bachelor's,10,10,10,7,7,10,5,22,8,15,Duolingo,130,,,,,17,25,B1,intermediate|advanced,intermediate|advanced,cambridge_15_21_random_intermediate_advanced,4,19,random,,363.265625,625.375,383.265625,645.390625,7,1,,,,,,,,,,,,2026-09-22T16:00:40.289Z,HM6QAFBU,2026-09-22,2026-09-22,13:00:40,2026-09-22 13:00:40,,,,,,,,69aefaccbf52402fcb03f38a,69aefaccbf52402fcb03f38a,,,,
22635,hover_association,2,3,adv,25,4,18,19,94, to ,644,377,,69aefaccbf52402fcb03f38a,69aefaccbf52402fcb03f38a,advanced,4,69aefaccbf52402fcb03f38a,69aefaccbf52402fcb03f38a,spotlight_PROLIFIC,,36,Chile,Spanish,"Spanish, English, Japanese",Japanese,Spanish:75|English:15|Japanese:10,100,Spanish:50|English:35|Japanese:15,100,Spanish:80|English:10|Japanese:10,100,7,5,Bachelor's,10,10,10,7,7,10,5,22,8,15,Duolingo,130,,,,,17,25,B1,intermediate|advanced,intermediate|advanced,cambridge_15_21_random_intermediate_advanced,4,19,random,,353.265625,622.2057291666666,393.265625,645.390625,7,1,hover,284.4000000357628,284.4000000357628,0.7243625744131196,0.443359375,165,,,,,,2026-09-22T16:00:40.289Z,HM6QAFBU,2026-09-22,2026-09-22,13:00:40,2026-09-22 13:00:40,,,,,,,,69aefaccbf52402fcb03f38a,69aefaccbf52402fcb03f38a,,,,
22654,raw_position_sample,2,3,adv,25,4,18,19,96, store ,678,365,1721505.1000000238,69aefaccbf52402fcb03f38a,69aefaccbf52402fcb03f38a,advanced,4,69aefaccbf52402fcb03f38a,69aefaccbf52402fcb03f38a,spotlight_PROLIFIC,,36,Chile,Spanish,"Spanish, English, Japanese",Japanese,Spanish:75|English:15|Japanese:10,100,Spanish:50|English:35|Japanese:15,100,Spanish:80|English:10|Japanese:10,100,7,5,Bachelor's,10,10,10,7,7,10,5,22,8,15,Duolingo,130,,,,,17,25,B1,intermediate|advanced,intermediate|advanced,cambridge_15_21_random_intermediate_advanced,4,19,random,,363.265625,660.40625,383.265625,705.4375,7,3,,,,,,,,,,,,2026-09-22T16:00:40.289Z,HM6QAFBU,2026-09-22,2026-09-22,13:00:40,2026-09-22 13:00:40,,,,,,,,69aefaccbf52402fcb03f38a,69aefaccbf52402fcb03f38a,,,,
22702,hover_association,2,3,adv,25,4,18,19,96, store ,661,367,,69aefaccbf52402fcb03f38a,69aefaccbf52402fcb03f38a,advanced,4,69aefaccbf52402fcb03f38a,69aefaccbf52402fcb03f38a,spotlight_PROLIFIC,,36,Chile,Spanish,"Spanish, English, Japanese",Japanese,Spanish:75|English:15|Japanese:10,100,Spanish:50|English:35|Japanese:15,100,Spanish:80|English:10|Japanese:10,100,7,5,Bachelor's,10,10,10,7,7,10,5,22,8,15,Duolingo,130,,,,,17,25,B1,intermediate|advanced,intermediate|advanced,cambridge_15_21_random_intermediate_advanced,4,19,random,,353.265625,660.40625,393.265625,705.4375,7,3,hover,66.59999996423721,66.59999996423721,0.9458709229701596,0.218359375,165,,,,,,2026-09-22T16:00:40.289Z,HM6QAFBU,2026-09-22,2026-09-22,13:00:40,2026-09-22 13:00:40,,,,,,,,69aefaccbf52402fcb03f38a,69aefaccbf52402fcb03f38a,,,,
22706,raw_position_sample,2,3,adv,25,4,18,19,97, she ,708,362,1721557.300000012,69aefaccbf52402fcb03f38a,69aefaccbf52402fcb03f38a,advanced,4,69aefaccbf52402fcb03f38a,69aefaccbf52402fcb03f38a,spotlight_PROLIFIC,,36,Chile,Spanish,"Spanish, English, Japanese",Japanese,Spanish:75|English:15|Japanese:10,100,Spanish:50|English:35|Japanese:15,100,Spanish:80|English:10|Japanese:10,100,7,5,Bachelor's,10,10,10,7,7,10,5,22,8,15,Duolingo,130,,,,,17,25,B1,intermediate|advanced,intermediate|advanced,cambridge_15_21_random_intermediate_advanced,4,19,random,,363.265625,705.4375,383.265625,739.46875,7,4,,,,,,,,,,,,2026-09-22T16:00:40.289Z,HM6QAFBU,2026-09-22,2026-09-22,13:00:40,2026-09-22 13:00:40,,,,,,,,69aefaccbf52402fcb03f38a,69aefaccbf52402fcb03f38a,,,,
22755,raw_position_sample,2,3,adv,25,4,18,19,97, she ,713,362,1721606.699999988,69aefaccbf52402fcb03f38a,69aefaccbf52402fcb03f38a,advanced,4,69aefaccbf52402fcb03f38a,69aefaccbf52402fcb03f38a,spotlight_PROLIFIC,,36,Chile,Spanish,"Spanish, English, Japanese",Japanese,Spanish:75|English:15|Japanese:10,100,Spanish:50|English:35|Japanese:15,100,Spanish:80|English:10|Japanese:10,100,7,5,Bachelor's,10,10,10,7,7,10,5,22,8,15,Duolingo,130,,,,,17,25,B1,intermediate|advanced,intermediate|advanced,cambridge_15_21_random_intermediate_advanced,4,19,random,,363.265625,705.4375,383.265625,739.46875,7,4,,,,,,,,,,,,2026-09-22T16:00:40.289Z,HM6QAFBU,2026-09-22,2026-09-22,13:00:40,2026-09-22 13:00:40,,,,,,,,69aefaccbf52402fcb03f38a,69aefaccbf52402fcb03f38a,,,,
22806,raw_position_sample,2,3,adv,25,4,18,19,97, she ,720,362,1721657.699999988,69aefaccbf52402fcb03f38a,69aefaccbf52402fcb03f38a,advanced,4,69aefaccbf52402fcb03f38a,69aefaccbf52402fcb03f38a,spotlight_PROLIFIC,,36,Chile,Spanish,"Spanish, English, Japanese",Japanese,Spanish:75|English:15|Japanese:10,100,Spanish:50|English:35|Japanese:15,100,Spanish:80|English:10|Japanese:10,100,7,5,Bachelor's,10,10,10,7,7,10,5,22,8,15,Duolingo,130,,,,,17,25,B1,intermediate|advanced,intermediate|advanced,cambridge_15_21_random_intermediate_advanced,4,19,random,,363.265625,705.4375,383.265625,739.46875,7,4,,,,,,,,,,,,2026-09-22T16:00:40.289Z,HM6QAFBU,2026-09-22,2026-09-22,13:00:40,2026-09-22 13:00:40,,,,,,,,69aefaccbf52402fcb03f38a,69aefaccbf52402fcb03f38a,,,,
22856,raw_position_sample,2,3,adv,25,4,18,19,97, she ,735,362,1721707.6000000238,69aefaccbf52402fcb03f38a,69aefaccbf52402fcb03f38a,advanced,4,69aefaccbf52402fcb03f38a,69aefaccbf52402fcb03f38a,spotlight_PROLIFIC,,36,Chile,Spanish,"Spanish, English, Japanese",Japanese,Spanish:75|English:15|Japanese:10,100,Spanish:50|English:35|Japanese:15,100,Spanish:80|English:10|Japanese:10,100,7,5,Bachelor's,10,10,10,7,7,10,5,22,8,15,Duolingo,130,,,,,17,25,B1,intermediate|advanced,intermediate|advanced,cambridge_15_21_random_intermediate_advanced,4,19,random,,363.265625,705.4375,383.265625,739.46875,7,4,,,,,,,,,,,,2026-09-22T16:00:40.289Z,HM6QAFBU,2026-09-22,2026-09-22,13:00:40,2026-09-22 13:00:40,,,,,,,,69aefaccbf52402fcb03f38a,69aefaccbf52402fcb03f38a,,,,
22869,hover_association,2,3,adv,25,4,18,19,97, she ,708,362,,69aefaccbf52402fcb03f38a,69aefaccbf52402fcb03f38a,advanced,4,69aefaccbf52402fcb03f38a,69aefaccbf52402fcb03f38a,spotlight_PROLIFIC,,36,Chile,Spanish,"Spanish, English, Japanese",Japanese,Spanish:75|English:15|Japanese:10,100,Spanish:50|English:35|Japanese:15,100,Spanish:80|English:10|Japanese:10,100,7,5,Bachelor's,10,10,10,7,7,10,5,22,8,15,Duolingo,130,,,,,17,25,B1,intermediate|advanced,intermediate|advanced,cambridge_15_21_random_intermediate_advanced,4,19,random,,353.265625,705.4375,393.265625,739.46875,7,4,hover,167,167,0.8686868686868687,0.218359375,165,,,,,,2026-09-22T16:00:40.289Z,HM6QAFBU,2026-09-22,2026-09-22,13:00:40,2026-09-22 13:00:40,,,,,,,,69aefaccbf52402fcb03f38a,69aefaccbf52402fcb03f38a,,,,
22907,raw_position_sample,2,3,adv,25,4,18,19,98, has ,756,362,1721758.199999988,69aefaccbf52402fcb03f38a,69aefaccbf52402fcb03f38a,advanced,4,69aefaccbf52402fcb03f38a,69aefaccbf52402fcb03f38a,spotlight_PROLIFIC,,36,Chile,Spanish,"Spanish, English, Japanese",Japanese,Spanish:75|English:15|Japanese:10,100,Spanish:50|English:35|Japanese:15,100,Spanish:80|English:10|Japanese:10,100,7,5,Bachelor's,10,10,10,7,7,10,5,22,8,15,Duolingo,130,,,,,17,25,B1,intermediate|advanced,intermediate|advanced,cambridge_15_21_random_intermediate_advanced,4,19,random,,363.265625,739.46875,383.265625,773.5,7,5,,,,,,,,,,,,2026-09-22T16:00:40.289Z,HM6QAFBU,2026-09-22,2026-09-22,13:00:40,2026-09-22 13:00:40,,,,,,,,69aefaccbf52402fcb03f38a,69aefaccbf52402fcb03f38a,,,,
22952,hover_association,2,3,adv,25,4,18,19,98, has ,742,362,,69aefaccbf52402fcb03f38a,69aefaccbf52402fcb03f38a,advanced,4,69aefaccbf52402fcb03f38a,69aefaccbf52402fcb03f38a,spotlight_PROLIFIC,,36,Chile,Spanish,"Spanish, English, Japanese",Japanese,Spanish:75|English:15|Japanese:10,100,Spanish:50|English:35|Japanese:15,100,Spanish:80|English:10|Japanese:10,100,7,5,Bachelor's,10,10,10,7,7,10,5,22,8,15,Duolingo,130,,,,,17,25,B1,intermediate|advanced,intermediate|advanced,cambridge_15_21_random_intermediate_advanced,4,19,random,,353.265625,739.46875,393.265625,773.5,7,5,hover,83.20000004768372,83.20000004768372,0.7796143250688705,0.218359375,165,,,,,,2026-09-22T16:00:40.289Z,HM6QAFBU,2026-09-22,2026-09-22,13:00:40,2026-09-22 13:00:40,,,,,,,,69aefaccbf52402fcb03f38a,69aefaccbf52402fcb03f38a,,,,
22957,raw_position_sample,2,3,adv,25,4,18,19,99, previously ,775,362,1721808.1000000238,69aefaccbf52402fcb03f38a,69aefaccbf52402fcb03f38a,advanced,4,69aefaccbf52402fcb03f38a,69aefaccbf52402fcb03f38a,spotlight_PROLIFIC,,36,Chile,Spanish,"Spanish, English, Japanese",Japanese,Spanish:75|English:15|Japanese:10,100,Spanish:50|English:35|Japanese:15,100,Spanish:80|English:10|Japanese:10,100,7,5,Bachelor's,10,10,10,7,7,10,5,22,8,15,Duolingo,130,,,,,17,25,B1,intermediate|advanced,intermediate|advanced,cambridge_15_21_random_intermediate_advanced,4,19,random,,363.265625,773.5,383.265625,859.546875,7,6,,,,,,,,,,,,2026-09-22T16:00:40.289Z,HM6QAFBU,2026-09-22,2026-09-22,13:00:40,2026-09-22 13:00:40,,,,,,,,69aefaccbf52402fcb03f38a,69aefaccbf52402fcb03f38a,,,,
23007,raw_position_sample,2,3,adv,25,4,18,19,99, previously ,791,364,1721858.5,69aefaccbf52402fcb03f38a,69aefaccbf52402fcb03f38a,advanced,4,69aefaccbf52402fcb03f38a,69aefaccbf52402fcb03f38a,spotlight_PROLIFIC,,36,Chile,Spanish,"Spanish, English, Japanese",Japanese,Spanish:75|English:15|Japanese:10,100,Spanish:50|English:35|Japanese:15,100,Spanish:80|English:10|Japanese:10,100,7,5,Bachelor's,10,10,10,7,7,10,5,22,8,15,Duolingo,130,,,,,17,25,B1,intermediate|advanced,intermediate|advanced,cambridge_15_21_random_intermediate_advanced,4,19,random,,363.265625,773.5,383.265625,859.546875,7,6,,,,,,,,,,,,2026-09-22T16:00:40.289Z,HM6QAFBU,2026-09-22,2026-09-22,13:00:40,2026-09-22 13:00:40,,,,,,,,69aefaccbf52402fcb03f38a,69aefaccbf52402fcb03f38a,,,,
23055,raw_position_sample,2,3,adv,25,4,18,19,99, previously ,807,365,1721906,69aefaccbf52402fcb03f38a,69aefaccbf52402fcb03f38a,advanced,4,69aefaccbf52402fcb03f38a,69aefaccbf52402fcb03f38a,spotlight_PROLIFIC,,36,Chile,Spanish,"Spanish, English, Japanese",Japanese,Spanish:75|English:15|Japanese:10,100,Spanish:50|English:35|Japanese:15,100,Spanish:80|English:10|Japanese:10,100,7,5,Bachelor's,10,10,10,7,7,10,5,22,8,15,Duolingo,130,,,,,17,25,B1,intermediate|advanced,intermediate|advanced,cambridge_15_21_random_intermediate_advanced,4,19,random,,363.265625,773.5,383.265625,859.546875,7,6,,,,,,,,,,,,2026-09-22T16:00:40.289Z,HM6QAFBU,2026-09-22,2026-09-22,13:00:40,2026-09-22 13:00:40,,,,,,,,69aefaccbf52402fcb03f38a,69aefaccbf52402fcb03f38a,,,,
23101,raw_position_sample,2,3,adv,25,4,18,19,99, previously ,827,367,1721952.699999988,69aefaccbf52402fcb03f38a,69aefaccbf52402fcb03f38a,advanced,4,69aefaccbf52402fcb03f38a,69aefaccbf52402fcb03f38a,spotlight_PROLIFIC,,36,Chile,Spanish,"Spanish, English, Japanese",Japanese,Spanish:75|English:15|Japanese:10,100,Spanish:50|English:35|Japanese:15,100,Spanish:80|English:10|Japanese:10,100,7,5,Bachelor's,10,10,10,7,7,10,5,22,8,15,Duolingo,130,,,,,17,25,B1,intermediate|advanced,intermediate|advanced,cambridge_15_21_random_intermediate_advanced,4,19,random,,363.265625,773.5,383.265625,859.546875,7,6,,,,,,,,,,,,2026-09-22T16:00:40.289Z,HM6QAFBU,2026-09-22,2026-09-22,13:00:40,2026-09-22 13:00:40,,,,,,,,69aefaccbf52402fcb03f38a,69aefaccbf52402fcb03f38a,,,,
23152,raw_position_sample,2,3,adv,25,4,18,19,99, previously ,853,368,1722003.3999999762,69aefaccbf52402fcb03f38a,69aefaccbf52402fcb03f38a,advanced,4,69aefaccbf52402fcb03f38a,69aefaccbf52402fcb03f38a,spotlight_PROLIFIC,,36,Chile,Spanish,"Spanish, English, Japanese",Japanese,Spanish:75|English:15|Japanese:10,100,Spanish:50|English:35|Japanese:15,100,Spanish:80|English:10|Japanese:10,100,7,5,Bachelor's,10,10,10,7,7,10,5,22,8,15,Duolingo,130,,,,,17,25,B1,intermediate|advanced,intermediate|advanced,cambridge_15_21_random_intermediate_advanced,4,19,random,,363.265625,773.5,383.265625,859.546875,7,6,,,,,,,,,,,,2026-09-22T16:00:40.289Z,HM6QAFBU,2026-09-22,2026-09-22,13:00:40,2026-09-22 13:00:40,,,,,,,,69aefaccbf52402fcb03f38a,69aefaccbf52402fcb03f38a,,,,
23167,hover_association,2,3,adv,25,4,18,19,99, previously ,775,362,,69aefaccbf52402fcb03f38a,69aefaccbf52402fcb03f38a,advanced,4,69aefaccbf52402fcb03f38a,69aefaccbf52402fcb03f38a,spotlight_PROLIFIC,,36,Chile,Spanish,"Spanish, English, Japanese",Japanese,Spanish:75|English:15|Japanese:10,100,Spanish:50|English:35|Japanese:15,100,Spanish:80|English:10|Japanese:10,100,7,5,Bachelor's,10,10,10,7,7,10,5,22,8,15,Duolingo,130,,,,,17,25,B1,intermediate|advanced,intermediate|advanced,cambridge_15_21_random_intermediate_advanced,4,19,random,,353.265625,773.5,393.265625,859.546875,7,6,hover,216.0999999642372,216.0999999642372,0.9239150172507717,0.368359375,165,,,,,,2026-09-22T16:00:40.289Z,HM6QAFBU,2026-09-22,2026-09-22,13:00:40,2026-09-22 13:00:40,,,,,,,,69aefaccbf52402fcb03f38a,69aefaccbf52402fcb03f38a,,,,
23206,raw_position_sample,2,3,adv,25,4,18,19,100, mystery ,871,367,1722057.1000000238,69aefaccbf52402fcb03f38a,69aefaccbf52402fcb03f38a,advanced,4,69aefaccbf52402fcb03f38a,69aefaccbf52402fcb03f38a,spotlight_PROLIFIC,,36,Chile,Spanish,"Spanish, English, Japanese",Japanese,Spanish:75|English:15|Japanese:10,100,Spanish:50|English:35|Japanese:15,100,Spanish:80|English:10|Japanese:10,100,7,5,Bachelor's,10,10,10,7,7,10,5,22,8,15,Duolingo,130,,,,,17,25,B1,intermediate|advanced,intermediate|advanced,cambridge_15_21_random_intermediate_advanced,4,19,random,,363.265625,859.546875,383.265625,927.5625,7,7,,,,,,,,,,,,2026-09-22T16:00:40.289Z,HM6QAFBU,2026-09-22,2026-09-22,13:00:40,2026-09-22 13:00:40,,,,,,,,69aefaccbf52402fcb03f38a,69aefaccbf52402fcb03f38a,,,,
23256,raw_position_sample,2,3,adv,25,4,18,19,100, mystery ,877,367,1722107.1000000238,69aefaccbf52402fcb03f38a,69aefaccbf52402fcb03f38a,advanced,4,69aefaccbf52402fcb03f38a,69aefaccbf52402fcb03f38a,spotlight_PROLIFIC,,36,Chile,Spanish,"Spanish, English, Japanese",Japanese,Spanish:75|English:15|Japanese:10,100,Spanish:50|English:35|Japanese:15,100,Spanish:80|English:10|Japanese:10,100,7,5,Bachelor's,10,10,10,7,7,10,5,22,8,15,Duolingo,130,,,,,17,25,B1,intermediate|advanced,intermediate|advanced,cambridge_15_21_random_intermediate_advanced,4,19,random,,363.265625,859.546875,383.265625,927.5625,7,7,,,,,,,,,,,,2026-09-22T16:00:40.289Z,HM6QAFBU,2026-09-22,2026-09-22,13:00:40,2026-09-22 13:00:40,,,,,,,,69aefaccbf52402fcb03f38a,69aefaccbf52402fcb03f38a,,,,
23298,raw_position_sample,2,3,adv,25,4,18,19,100, mystery ,877,367,1722149.699999988,69aefaccbf52402fcb03f38a,69aefaccbf52402fcb03f38a,advanced,4,69aefaccbf52402fcb03f38a,69aefaccbf52402fcb03f38a,spotlight_PROLIFIC,,36,Chile,Spanish,"Spanish, English, Japanese",Japanese,Spanish:75|English:15|Japanese:10,100,Spanish:50|English:35|Japanese:15,100,Spanish:80|English:10|Japanese:10,100,7,5,Bachelor's,10,10,10,7,7,10,5,22,8,15,Duolingo,130,,,,,17,25,B1,intermediate|advanced,intermediate|advanced,cambridge_15_21_random_intermediate_advanced,4,19,random,,363.265625,859.546875,383.265625,927.5625,7,7,,,,,,,,,,,,2026-09-22T16:00:40.289Z,HM6QAFBU,2026-09-22,2026-09-22,13:00:40,2026-09-22 13:00:40,,,,,,,,69aefaccbf52402fcb03f38a,69aefaccbf52402fcb03f38a,,,,
23349,raw_position_sample,2,3,adv,25,4,18,19,100, mystery ,879,367,1722200.1000000238,69aefaccbf52402fcb03f38a,69aefaccbf52402fcb03f38a,advanced,4,69aefaccbf52402fcb03f38a,69aefaccbf52402fcb03f38a,spotlight_PROLIFIC,,36,Chile,Spanish,"Spanish, English, Japanese",Japanese,Spanish:75|English:15|Japanese:10,100,Spanish:50|English:35|Japanese:15,100,Spanish:80|English:10|Japanese:10,100,7,5,Bachelor's,10,10,10,7,7,10,5,22,8,15,Duolingo,130,,,,,17,25,B1,intermediate|advanced,intermediate|advanced,cambridge_15_21_random_intermediate_advanced,4,19,random,,363.265625,859.546875,383.265625,927.5625,7,7,,,,,,,,,,,,2026-09-22T16:00:40.289Z,HM6QAFBU,2026-09-22,2026-09-22,13:00:40,2026-09-22 13:00:40,,,,,,,,69aefaccbf52402fcb03f38a,69aefaccbf52402fcb03f38a,,,,
23407,raw_position_sample,2,3,adv,25,4,18,19,100, mystery ,894,367,1722257.8999999762,69aefaccbf52402fcb03f38a,69aefaccbf52402fcb03f38a,advanced,4,69aefaccbf52402fcb03f38a,69aefaccbf52402fcb03f38a,spotlight_PROLIFIC,,36,Chile,Spanish,"Spanish, English, Japanese",Japanese,Spanish:75|English:15|Japanese:10,100,Spanish:50|English:35|Japanese:15,100,Spanish:80|English:10|Japanese:10,100,7,5,Bachelor's,10,10,10,7,7,10,5,22,8,15,Duolingo,130,,,,,17,25,B1,intermediate|advanced,intermediate|advanced,cambridge_15_21_random_intermediate_advanced,4,19,random,,363.265625,859.546875,383.265625,927.5625,7,7,,,,,,,,,,,,2026-09-22T16:00:40.289Z,HM6QAFBU,2026-09-22,2026-09-22,13:00:40,2026-09-22 13:00:40,,,,,,,,69aefaccbf52402fcb03f38a,69aefaccbf52402fcb03f38a,,,,
23457,raw_position_sample,2,3,adv,25,4,18,19,100, mystery ,916,368,1722308.3999999762,69aefaccbf52402fcb03f38a,69aefaccbf52402fcb03f38a,advanced,4,69aefaccbf52402fcb03f38a,69aefaccbf52402fcb03f38a,spotlight_PROLIFIC,,36,Chile,Spanish,"Spanish, English, Japanese",Japanese,Spanish:75|English:15|Japanese:10,100,Spanish:50|English:35|Japanese:15,100,Spanish:80|English:10|Japanese:10,100,7,5,Bachelor's,10,10,10,7,7,10,5,22,8,15,Duolingo,130,,,,,17,25,B1,intermediate|advanced,intermediate|advanced,cambridge_15_21_random_intermediate_advanced,4,19,random,,363.265625,859.546875,383.265625,927.5625,7,7,,,,,,,,,,,,2026-09-22T16:00:40.289Z,HM6QAFBU,2026-09-22,2026-09-22,13:00:40,2026-09-22 13:00:40,,,,,,,,69aefaccbf52402fcb03f38a,69aefaccbf52402fcb03f38a,,,,
23468,hover_association,2,3,adv,25,4,18,19,100, mystery ,860,368,,69aefaccbf52402fcb03f38a,69aefaccbf52402fcb03f38a,advanced,4,69aefaccbf52402fcb03f38a,69aefaccbf52402fcb03f38a,spotlight_PROLIFIC,,36,Chile,Spanish,"Spanish, English, Japanese",Japanese,Spanish:75|English:15|Japanese:10,100,Spanish:50|English:35|Japanese:15,100,Spanish:80|English:10|Japanese:10,100,7,5,Bachelor's,10,10,10,7,7,10,5,22,8,15,Duolingo,130,,,,,17,25,B1,intermediate|advanced,intermediate|advanced,cambridge_15_21_random_intermediate_advanced,4,19,random,,353.265625,859.546875,393.265625,927.5625,7,7,hover,300.19999998807907,300.19999998807907,0.8300022972662532,0.368359375,165,,,,,,2026-09-22T16:00:40.289Z,HM6QAFBU,2026-09-22,2026-09-22,13:00:40,2026-09-22 13:00:40,,,,,,,,69aefaccbf52402fcb03f38a,69aefaccbf52402fcb03f38a,,,,
23502,raw_position_sample,2,3,adv,25,4,18,19,101, shopped ,952,368,1722353.199999988,69aefaccbf52402fcb03f38a,69aefaccbf52402fcb03f38a,advanced,4,69aefaccbf52402fcb03f38a,69aefaccbf52402fcb03f38a,spotlight_PROLIFIC,,36,Chile,Spanish,"Spanish, English, Japanese",Japanese,Spanish:75|English:15|Japanese:10,100,Spanish:50|English:35|Japanese:15,100,Spanish:80|English:10|Japanese:10,100,7,5,Bachelor's,10,10,10,7,7,10,5,22,8,15,Duolingo,130,,,,,17,25,B1,intermediate|advanced,intermediate|advanced,cambridge_15_21_random_intermediate_advanced,4,19,random,,363.265625,927.5625,383.265625,1001.640625,7,8,,,,,,,,,,,,2026-09-22T16:00:40.289Z,HM6QAFBU,2026-09-22,2026-09-22,13:00:40,2026-09-22 13:00:40,,,,,,,,69aefaccbf52402fcb03f38a,69aefaccbf52402fcb03f38a,,,,
23552,raw_position_sample,2,3,adv,25,4,18,19,101, shopped ,978,368,1722403.6000000238,69aefaccbf52402fcb03f38a,69aefaccbf52402fcb03f38a,advanced,4,69aefaccbf52402fcb03f38a,69aefaccbf52402fcb03f38a,spotlight_PROLIFIC,,36,Chile,Spanish,"Spanish, English, Japanese",Japanese,Spanish:75|English:15|Japanese:10,100,Spanish:50|English:35|Japanese:15,100,Spanish:80|English:10|Japanese:10,100,7,5,Bachelor's,10,10,10,7,7,10,5,22,8,15,Duolingo,130,,,,,17,25,B1,intermediate|advanced,intermediate|advanced,cambridge_15_21_random_intermediate_advanced,4,19,random,,363.265625,927.5625,383.265625,1001.640625,7,8,,,,,,,,,,,,2026-09-22T16:00:40.289Z,HM6QAFBU,2026-09-22,2026-09-22,13:00:40,2026-09-22 13:00:40,,,,,,,,69aefaccbf52402fcb03f38a,69aefaccbf52402fcb03f38a,,,,
23601,raw_position_sample,2,3,adv,25,4,18,19,101, shopped ,989,368,1722452.5,69aefaccbf52402fcb03f38a,69aefaccbf52402fcb03f38a,advanced,4,69aefaccbf52402fcb03f38a,69aefaccbf52402fcb03f38a,spotlight_PROLIFIC,,36,Chile,Spanish,"Spanish, English, Japanese",Japanese,Spanish:75|English:15|Japanese:10,100,Spanish:50|English:35|Japanese:15,100,Spanish:80|English:10|Japanese:10,100,7,5,Bachelor's,10,10,10,7,7,10,5,22,8,15,Duolingo,130,,,,,17,25,B1,intermediate|advanced,intermediate|advanced,cambridge_15_21_random_intermediate_advanced,4,19,random,,363.265625,927.5625,383.265625,1001.640625,7,8,,,,,,,,,,,,2026-09-22T16:00:40.289Z,HM6QAFBU,2026-09-22,2026-09-22,13:00:40,2026-09-22 13:00:40,,,,,,,,69aefaccbf52402fcb03f38a,69aefaccbf52402fcb03f38a,,,,
23635,hover_association,2,3,adv,25,4,18,19,101, shopped ,928,368,,69aefaccbf52402fcb03f38a,69aefaccbf52402fcb03f38a,advanced,4,69aefaccbf52402fcb03f38a,69aefaccbf52402fcb03f38a,spotlight_PROLIFIC,,36,Chile,Spanish,"Spanish, English, Japanese",Japanese,Spanish:75|English:15|Japanese:10,100,Spanish:50|English:35|Japanese:15,100,Spanish:80|English:10|Japanese:10,100,7,5,Bachelor's,10,10,10,7,7,10,5,22,8,15,Duolingo,130,,,,,17,25,B1,intermediate|advanced,intermediate|advanced,cambridge_15_21_random_intermediate_advanced,4,19,random,,353.265625,927.5625,393.265625,1001.640625,7,8,hover,167.10000002384186,167.10000002384186,0.9913520354355622,0.393359375,165,,,,,,2026-09-22T16:00:40.289Z,HM6QAFBU,2026-09-22,2026-09-22,13:00:40,2026-09-22 13:00:40,,,,,,,,69aefaccbf52402fcb03f38a,69aefaccbf52402fcb03f38a,,,,
23656,raw_position_sample,2,3,adv,25,4,18,19,102, and ,1013,372,1722507.1000000238,69aefaccbf52402fcb03f38a,69aefaccbf52402fcb03f38a,advanced,4,69aefaccbf52402fcb03f38a,69aefaccbf52402fcb03f38a,spotlight_PROLIFIC,,36,Chile,Spanish,"Spanish, English, Japanese",Japanese,Spanish:75|English:15|Japanese:10,100,Spanish:50|English:35|Japanese:15,100,Spanish:80|English:10|Japanese:10,100,7,5,Bachelor's,10,10,10,7,7,10,5,22,8,15,Duolingo,130,,,,,17,25,B1,intermediate|advanced,intermediate|advanced,cambridge_15_21_random_intermediate_advanced,4,19,random,,363.265625,1001.640625,383.265625,1036.6875,7,9,,,,,,,,,,,,2026-09-22T16:00:40.289Z,HM6QAFBU,2026-09-22,2026-09-22,13:00:40,2026-09-22 13:00:40,,,,,,,,69aefaccbf52402fcb03f38a,69aefaccbf52402fcb03f38a,,,,
23706,raw_position_sample,2,3,adv,25,4,18,19,102, and ,1032,375,1722557,69aefaccbf52402fcb03f38a,69aefaccbf52402fcb03f38a,advanced,4,69aefaccbf52402fcb03f38a,69aefaccbf52402fcb03f38a,spotlight_PROLIFIC,,36,Chile,Spanish,"Spanish, English, Japanese",Japanese,Spanish:75|English:15|Japanese:10,100,Spanish:50|English:35|Japanese:15,100,Spanish:80|English:10|Japanese:10,100,7,5,Bachelor's,10,10,10,7,7,10,5,22,8,15,Duolingo,130,,,,,17,25,B1,intermediate|advanced,intermediate|advanced,cambridge_15_21_random_intermediate_advanced,4,19,random,,363.265625,1001.640625,383.265625,1036.6875,7,9,,,,,,,,,,,,2026-09-22T16:00:40.289Z,HM6QAFBU,2026-09-22,2026-09-22,13:00:40,2026-09-22 13:00:40,,,,,,,,69aefaccbf52402fcb03f38a,69aefaccbf52402fcb03f38a,,,,
23719,hover_association,2,3,adv,25,4,18,19,102, and ,1008,371,,69aefaccbf52402fcb03f38a,69aefaccbf52402fcb03f38a,advanced,4,69aefaccbf52402fcb03f38a,69aefaccbf52402fcb03f38a,spotlight_PROLIFIC,,36,Chile,Spanish,"Spanish, English, Japanese",Japanese,Spanish:75|English:15|Japanese:10,100,Spanish:50|English:35|Japanese:15,100,Spanish:80|English:10|Japanese:10,100,7,5,Bachelor's,10,10,10,7,7,10,5,22,8,15,Duolingo,130,,,,,17,25,B1,intermediate|advanced,intermediate|advanced,cambridge_15_21_random_intermediate_advanced,4,19,random,,353.265625,1001.640625,393.265625,1036.6875,7,9,hover,83.5,83.5,0.8662505572893446,0.543359375,165,,,,,,2026-09-22T16:00:40.289Z,HM6QAFBU,2026-09-22,2026-09-22,13:00:40,2026-09-22 13:00:40,,,,,,,,69aefaccbf52402fcb03f38a,69aefaccbf52402fcb03f38a,,,,
23755,raw_position_sample,2,3,adv,25,4,18,19,103, see ,1059,379,1722606.699999988,69aefaccbf52402fcb03f38a,69aefaccbf52402fcb03f38a,advanced,4,69aefaccbf52402fcb03f38a,69aefaccbf52402fcb03f38a,spotlight_PROLIFIC,,36,Chile,Spanish,"Spanish, English, Japanese",Japanese,Spanish:75|English:15|Japanese:10,100,Spanish:50|English:35|Japanese:15,100,Spanish:80|English:10|Japanese:10,100,7,5,Bachelor's,10,10,10,7,7,10,5,22,8,15,Duolingo,130,,,,,17,25,B1,intermediate|advanced,intermediate|advanced,cambridge_15_21_random_intermediate_advanced,4,19,random,,363.265625,1036.6875,383.265625,1070.71875,7,10,,,,,,,,,,,,2026-09-22T16:00:40.289Z,HM6QAFBU,2026-09-22,2026-09-22,13:00:40,2026-09-22 13:00:40,,,,,,,,69aefaccbf52402fcb03f38a,69aefaccbf52402fcb03f38a,,,,
23785,hover_association,2,3,adv,25,4,18,19,103, see ,1037,376,,69aefaccbf52402fcb03f38a,69aefaccbf52402fcb03f38a,advanced,4,69aefaccbf52402fcb03f38a,69aefaccbf52402fcb03f38a,spotlight_PROLIFIC,,36,Chile,Spanish,"Spanish, English, Japanese",Japanese,Spanish:75|English:15|Japanese:10,100,Spanish:50|English:35|Japanese:15,100,Spanish:80|English:10|Japanese:10,100,7,5,Bachelor's,10,10,10,7,7,10,5,22,8,15,Duolingo,130,,,,,17,25,B1,intermediate|advanced,intermediate|advanced,cambridge_15_21_random_intermediate_advanced,4,19,random,,353.265625,1036.6875,393.265625,1070.71875,7,10,hover,66.60000002384186,66.60000002384186,0.9201101928374655,0.643359375,165,,,,,,2026-09-22T16:00:40.289Z,HM6QAFBU,2026-09-22,2026-09-22,13:00:40,2026-09-22 13:00:40,,,,,,,,69aefaccbf52402fcb03f38a,69aefaccbf52402fcb03f38a,,,,
23806,raw_position_sample,2,3,adv,25,4,18,19,104, standards ,1083,379,1722657.199999988,69aefaccbf52402fcb03f38a,69aefaccbf52402fcb03f38a,advanced,4,69aefaccbf52402fcb03f38a,69aefaccbf52402fcb03f38a,spotlight_PROLIFIC,,36,Chile,Spanish,"Spanish, English, Japanese",Japanese,Spanish:75|English:15|Japanese:10,100,Spanish:50|English:35|Japanese:15,100,Spanish:80|English:10|Japanese:10,100,7,5,Bachelor's,10,10,10,7,7,10,5,22,8,15,Duolingo,130,,,,,17,25,B1,intermediate|advanced,intermediate|advanced,cambridge_15_21_random_intermediate_advanced,4,19,random,,363.265625,1070.71875,383.265625,1154.78125,7,11,,,,,,,,,,,,2026-09-22T16:00:40.289Z,HM6QAFBU,2026-09-22,2026-09-22,13:00:40,2026-09-22 13:00:40,,,,,,,,69aefaccbf52402fcb03f38a,69aefaccbf52402fcb03f38a,,,,
23855,raw_position_sample,2,3,adv,25,4,18,19,104, standards ,1102,379,1722706.5,69aefaccbf52402fcb03f38a,69aefaccbf52402fcb03f38a,advanced,4,69aefaccbf52402fcb03f38a,69aefaccbf52402fcb03f38a,spotlight_PROLIFIC,,36,Chile,Spanish,"Spanish, English, Japanese",Japanese,Spanish:75|English:15|Japanese:10,100,Spanish:50|English:35|Japanese:15,100,Spanish:80|English:10|Japanese:10,100,7,5,Bachelor's,10,10,10,7,7,10,5,22,8,15,Duolingo,130,,,,,17,25,B1,intermediate|advanced,intermediate|advanced,cambridge_15_21_random_intermediate_advanced,4,19,random,,363.265625,1070.71875,383.265625,1154.78125,7,11,,,,,,,,,,,,2026-09-22T16:00:40.289Z,HM6QAFBU,2026-09-22,2026-09-22,13:00:40,2026-09-22 13:00:40,,,,,,,,69aefaccbf52402fcb03f38a,69aefaccbf52402fcb03f38a,,,,
23902,raw_position_sample,2,3,adv,25,4,18,19,104, standards ,1119,377,1722753,69aefaccbf52402fcb03f38a,69aefaccbf52402fcb03f38a,advanced,4,69aefaccbf52402fcb03f38a,69aefaccbf52402fcb03f38a,spotlight_PROLIFIC,,36,Chile,Spanish,"Spanish, English, Japanese",Japanese,Spanish:75|English:15|Japanese:10,100,Spanish:50|English:35|Japanese:15,100,Spanish:80|English:10|Japanese:10,100,7,5,Bachelor's,10,10,10,7,7,10,5,22,8,15,Duolingo,130,,,,,17,25,B1,intermediate|advanced,intermediate|advanced,cambridge_15_21_random_intermediate_advanced,4,19,random,,363.265625,1070.71875,383.265625,1154.78125,7,11,,,,,,,,,,,,2026-09-22T16:00:40.289Z,HM6QAFBU,2026-09-22,2026-09-22,13:00:40,2026-09-22 13:00:40,,,,,,,,69aefaccbf52402fcb03f38a,69aefaccbf52402fcb03f38a,,,,
23951,raw_position_sample,2,3,adv,25,4,18,19,104, standards ,1131,376,1722802.699999988,69aefaccbf52402fcb03f38a,69aefaccbf52402fcb03f38a,advanced,4,69aefaccbf52402fcb03f38a,69aefaccbf52402fcb03f38a,spotlight_PROLIFIC,,36,Chile,Spanish,"Spanish, English, Japanese",Japanese,Spanish:75|English:15|Japanese:10,100,Spanish:50|English:35|Japanese:15,100,Spanish:80|English:10|Japanese:10,100,7,5,Bachelor's,10,10,10,7,7,10,5,22,8,15,Duolingo,130,,,,,17,25,B1,intermediate|advanced,intermediate|advanced,cambridge_15_21_random_intermediate_advanced,4,19,random,,363.265625,1070.71875,383.265625,1154.78125,7,11,,,,,,,,,,,,2026-09-22T16:00:40.289Z,HM6QAFBU,2026-09-22,2026-09-22,13:00:40,2026-09-22 13:00:40,,,,,,,,69aefaccbf52402fcb03f38a,69aefaccbf52402fcb03f38a,,,,
24007,raw_position_sample,2,3,adv,25,4,18,19,104, standards ,1148,376,1722857.8999999762,69aefaccbf52402fcb03f38a,69aefaccbf52402fcb03f38a,advanced,4,69aefaccbf52402fcb03f38a,69aefaccbf52402fcb03f38a,spotlight_PROLIFIC,,36,Chile,Spanish,"Spanish, English, Japanese",Japanese,Spanish:75|English:15|Japanese:10,100,Spanish:50|English:35|Japanese:15,100,Spanish:80|English:10|Japanese:10,100,7,5,Bachelor's,10,10,10,7,7,10,5,22,8,15,Duolingo,130,,,,,17,25,B1,intermediate|advanced,intermediate|advanced,cambridge_15_21_random_intermediate_advanced,4,19,random,,363.265625,1070.71875,383.265625,1154.78125,7,11,,,,,,,,,,,,2026-09-22T16:00:40.289Z,HM6QAFBU,2026-09-22,2026-09-22,13:00:40,2026-09-22 13:00:40,,,,,,,,69aefaccbf52402fcb03f38a,69aefaccbf52402fcb03f38a,,,,
24019,hover_association,2,3,adv,25,4,18,19,104, standards ,1074,379,,69aefaccbf52402fcb03f38a,69aefaccbf52402fcb03f38a,advanced,4,69aefaccbf52402fcb03f38a,69aefaccbf52402fcb03f38a,spotlight_PROLIFIC,,36,Chile,Spanish,"Spanish, English, Japanese",Japanese,Spanish:75|English:15|Japanese:10,100,Spanish:50|English:35|Japanese:15,100,Spanish:80|English:10|Japanese:10,100,7,5,Bachelor's,10,10,10,7,7,10,5,22,8,15,Duolingo,130,,,,,17,25,B1,intermediate|advanced,intermediate|advanced,cambridge_15_21_random_intermediate_advanced,4,19,random,,353.265625,1070.71875,393.265625,1154.78125,7,11,hover,233.5,233.5,0.9193308550185874,0.568359375,165,,,,,,2026-09-22T16:00:40.289Z,HM6QAFBU,2026-09-22,2026-09-22,13:00:40,2026-09-22 13:00:40,,,,,,,,69aefaccbf52402fcb03f38a,69aefaccbf52402fcb03f38a,,,,
24056,raw_position_sample,2,3,adv,25,4,18,19,105, have ,1167,376,1722907.3999999762,69aefaccbf52402fcb03f38a,69aefaccbf52402fcb03f38a,advanced,4,69aefaccbf52402fcb03f38a,69aefaccbf52402fcb03f38a,spotlight_PROLIFIC,,36,Chile,Spanish,"Spanish, English, Japanese",Japanese,Spanish:75|English:15|Japanese:10,100,Spanish:50|English:35|Japanese:15,100,Spanish:80|English:10|Japanese:10,100,7,5,Bachelor's,10,10,10,7,7,10,5,22,8,15,Duolingo,130,,,,,17,25,B1,intermediate|advanced,intermediate|advanced,cambridge_15_21_random_intermediate_advanced,4,19,random,,363.265625,1154.78125,383.265625,1198.828125,7,12,,,,,,,,,,,,2026-09-22T16:00:40.289Z,HM6QAFBU,2026-09-22,2026-09-22,13:00:40,2026-09-22 13:00:40,,,,,,,,69aefaccbf52402fcb03f38a,69aefaccbf52402fcb03f38a,,,,
24106,raw_position_sample,2,3,adv,25,4,18,19,105, have ,1186,376,1722957.800000012,69aefaccbf52402fcb03f38a,69aefaccbf52402fcb03f38a,advanced,4,69aefaccbf52402fcb03f38a,69aefaccbf52402fcb03f38a,spotlight_PROLIFIC,,36,Chile,Spanish,"Spanish, English, Japanese",Japanese,Spanish:75|English:15|Japanese:10,100,Spanish:50|English:35|Japanese:15,100,Spanish:80|English:10|Japanese:10,100,7,5,Bachelor's,10,10,10,7,7,10,5,22,8,15,Duolingo,130,,,,,17,25,B1,intermediate|advanced,intermediate|advanced,cambridge_15_21_random_intermediate_advanced,4,19,random,,363.265625,1154.78125,383.265625,1198.828125,7,12,,,,,,,,,,,,2026-09-22T16:00:40.289Z,HM6QAFBU,2026-09-22,2026-09-22,13:00:40,2026-09-22 13:00:40,,,,,,,,69aefaccbf52402fcb03f38a,69aefaccbf52402fcb03f38a,,,,
24152,hover_association,2,3,adv,25,4,18,19,105, have ,1155,376,,69aefaccbf52402fcb03f38a,69aefaccbf52402fcb03f38a,advanced,4,69aefaccbf52402fcb03f38a,69aefaccbf52402fcb03f38a,spotlight_PROLIFIC,,36,Chile,Spanish,"Spanish, English, Japanese",Japanese,Spanish:75|English:15|Japanese:10,100,Spanish:50|English:35|Japanese:15,100,Spanish:80|English:10|Japanese:10,100,7,5,Bachelor's,10,10,10,7,7,10,5,22,8,15,Duolingo,130,,,,,17,25,B1,intermediate|advanced,intermediate|advanced,cambridge_15_21_random_intermediate_advanced,4,19,random,,353.265625,1154.78125,393.265625,1198.828125,7,12,hover,133.0999999642372,133.0999999642372,0.9811990067399787,0.568359375,165,,,,,,2026-09-22T16:00:40.289Z,HM6QAFBU,2026-09-22,2026-09-22,13:00:40,2026-09-22 13:00:40,,,,,,,,69aefaccbf52402fcb03f38a,69aefaccbf52402fcb03f38a,,,,
24157,raw_position_sample,2,3,adv,25,4,18,19,106, improved. ,1202,376,1723008.699999988,69aefaccbf52402fcb03f38a,69aefaccbf52402fcb03f38a,advanced,4,69aefaccbf52402fcb03f38a,69aefaccbf52402fcb03f38a,spotlight_PROLIFIC,,36,Chile,Spanish,"Spanish, English, Japanese",Japanese,Spanish:75|English:15|Japanese:10,100,Spanish:50|English:35|Japanese:15,100,Spanish:80|English:10|Japanese:10,100,7,5,Bachelor's,10,10,10,7,7,10,5,22,8,15,Duolingo,130,,,,,17,25,B1,intermediate|advanced,intermediate|advanced,cambridge_15_21_random_intermediate_advanced,4,19,random,,363.265625,1198.828125,383.265625,1282.875,7,13,,,,,,,,,,,,2026-09-22T16:00:40.289Z,HM6QAFBU,2026-09-22,2026-09-22,13:00:40,2026-09-22 13:00:40,,,,,,,,69aefaccbf52402fcb03f38a,69aefaccbf52402fcb03f38a,,,,
24207,raw_position_sample,2,3,adv,25,4,18,19,106, improved. ,1209,375,1723058,69aefaccbf52402fcb03f38a,69aefaccbf52402fcb03f38a,advanced,4,69aefaccbf52402fcb03f38a,69aefaccbf52402fcb03f38a,spotlight_PROLIFIC,,36,Chile,Spanish,"Spanish, English, Japanese",Japanese,Spanish:75|English:15|Japanese:10,100,Spanish:50|English:35|Japanese:15,100,Spanish:80|English:10|Japanese:10,100,7,5,Bachelor's,10,10,10,7,7,10,5,22,8,15,Duolingo,130,,,,,17,25,B1,intermediate|advanced,intermediate|advanced,cambridge_15_21_random_intermediate_advanced,4,19,random,,363.265625,1198.828125,383.265625,1282.875,7,13,,,,,,,,,,,,2026-09-22T16:00:40.289Z,HM6QAFBU,2026-09-22,2026-09-22,13:00:40,2026-09-22 13:00:40,,,,,,,,69aefaccbf52402fcb03f38a,69aefaccbf52402fcb03f38a,,,,
24251,raw_position_sample,2,3,adv,25,4,18,19,106, improved. ,1212,375,1723102.8999999762,69aefaccbf52402fcb03f38a,69aefaccbf52402fcb03f38a,advanced,4,69aefaccbf52402fcb03f38a,69aefaccbf52402fcb03f38a,spotlight_PROLIFIC,,36,Chile,Spanish,"Spanish, English, Japanese",Japanese,Spanish:75|English:15|Japanese:10,100,Spanish:50|English:35|Japanese:15,100,Spanish:80|English:10|Japanese:10,100,7,5,Bachelor's,10,10,10,7,7,10,5,22,8,15,Duolingo,130,,,,,17,25,B1,intermediate|advanced,intermediate|advanced,cambridge_15_21_random_intermediate_advanced,4,19,random,,363.265625,1198.828125,383.265625,1282.875,7,13,,,,,,,,,,,,2026-09-22T16:00:40.289Z,HM6QAFBU,2026-09-22,2026-09-22,13:00:40,2026-09-22 13:00:40,,,,,,,,69aefaccbf52402fcb03f38a,69aefaccbf52402fcb03f38a,,,,
24301,raw_position_sample,2,3,adv,25,4,18,19,106, improved. ,1213,375,1723152.199999988,69aefaccbf52402fcb03f38a,69aefaccbf52402fcb03f38a,advanced,4,69aefaccbf52402fcb03f38a,69aefaccbf52402fcb03f38a,spotlight_PROLIFIC,,36,Chile,Spanish,"Spanish, English, Japanese",Japanese,Spanish:75|English:15|Japanese:10,100,Spanish:50|English:35|Japanese:15,100,Spanish:80|English:10|Japanese:10,100,7,5,Bachelor's,10,10,10,7,7,10,5,22,8,15,Duolingo,130,,,,,17,25,B1,intermediate|advanced,intermediate|advanced,cambridge_15_21_random_intermediate_advanced,4,19,random,,363.265625,1198.828125,383.265625,1282.875,7,13,,,,,,,,,,,,2026-09-22T16:00:40.289Z,HM6QAFBU,2026-09-22,2026-09-22,13:00:40,2026-09-22 13:00:40,,,,,,,,69aefaccbf52402fcb03f38a,69aefaccbf52402fcb03f38a,,,,
24356,raw_position_sample,2,3,adv,25,4,18,19,106, improved. ,1219,375,1723207.300000012,69aefaccbf52402fcb03f38a,69aefaccbf52402fcb03f38a,advanced,4,69aefaccbf52402fcb03f38a,69aefaccbf52402fcb03f38a,spotlight_PROLIFIC,,36,Chile,Spanish,"Spanish, English, Japanese",Japanese,Spanish:75|English:15|Japanese:10,100,Spanish:50|English:35|Japanese:15,100,Spanish:80|English:10|Japanese:10,100,7,5,Bachelor's,10,10,10,7,7,10,5,22,8,15,Duolingo,130,,,,,17,25,B1,intermediate|advanced,intermediate|advanced,cambridge_15_21_random_intermediate_advanced,4,19,random,,363.265625,1198.828125,383.265625,1282.875,7,13,,,,,,,,,,,,2026-09-22T16:00:40.289Z,HM6QAFBU,2026-09-22,2026-09-22,13:00:40,2026-09-22 13:00:40,,,,,,,,69aefaccbf52402fcb03f38a,69aefaccbf52402fcb03f38a,,,,
24406,raw_position_sample,2,3,adv,25,4,18,19,106, improved. ,1235,375,1723257.699999988,69aefaccbf52402fcb03f38a,69aefaccbf52402fcb03f38a,advanced,4,69aefaccbf52402fcb03f38a,69aefaccbf52402fcb03f38a,spotlight_PROLIFIC,,36,Chile,Spanish,"Spanish, English, Japanese",Japanese,Spanish:75|English:15|Japanese:10,100,Spanish:50|English:35|Japanese:15,100,Spanish:80|English:10|Japanese:10,100,7,5,Bachelor's,10,10,10,7,7,10,5,22,8,15,Duolingo,130,,,,,17,25,B1,intermediate|advanced,intermediate|advanced,cambridge_15_21_random_intermediate_advanced,4,19,random,,363.265625,1198.828125,383.265625,1282.875,7,13,,,,,,,,,,,,2026-09-22T16:00:40.289Z,HM6QAFBU,2026-09-22,2026-09-22,13:00:40,2026-09-22 13:00:40,,,,,,,,69aefaccbf52402fcb03f38a,69aefaccbf52402fcb03f38a,,,,
24457,raw_position_sample,2,3,adv,25,4,18,19,106, improved. ,1256,376,1723308.1000000238,69aefaccbf52402fcb03f38a,69aefaccbf52402fcb03f38a,advanced,4,69aefaccbf52402fcb03f38a,69aefaccbf52402fcb03f38a,spotlight_PROLIFIC,,36,Chile,Spanish,"Spanish, English, Japanese",Japanese,Spanish:75|English:15|Japanese:10,100,Spanish:50|English:35|Japanese:15,100,Spanish:80|English:10|Japanese:10,100,7,5,Bachelor's,10,10,10,7,7,10,5,22,8,15,Duolingo,130,,,,,17,25,B1,intermediate|advanced,intermediate|advanced,cambridge_15_21_random_intermediate_advanced,4,19,random,,363.265625,1198.828125,383.265625,1282.875,7,13,,,,,,,,,,,,2026-09-22T16:00:40.289Z,HM6QAFBU,2026-09-22,2026-09-22,13:00:40,2026-09-22 13:00:40,,,,,,,,69aefaccbf52402fcb03f38a,69aefaccbf52402fcb03f38a,,,,
24506,raw_position_sample,2,3,adv,25,4,18,19,106, improved. ,1273,376,1723357.8999999762,69aefaccbf52402fcb03f38a,69aefaccbf52402fcb03f38a,advanced,4,69aefaccbf52402fcb03f38a,69aefaccbf52402fcb03f38a,spotlight_PROLIFIC,,36,Chile,Spanish,"Spanish, English, Japanese",Japanese,Spanish:75|English:15|Japanese:10,100,Spanish:50|English:35|Japanese:15,100,Spanish:80|English:10|Japanese:10,100,7,5,Bachelor's,10,10,10,7,7,10,5,22,8,15,Duolingo,130,,,,,17,25,B1,intermediate|advanced,intermediate|advanced,cambridge_15_21_random_intermediate_advanced,4,19,random,,363.265625,1198.828125,383.265625,1282.875,7,13,,,,,,,,,,,,2026-09-22T16:00:40.289Z,HM6QAFBU,2026-09-22,2026-09-22,13:00:40,2026-09-22 13:00:40,,,,,,,,69aefaccbf52402fcb03f38a,69aefaccbf52402fcb03f38a,,,,
24553,raw_position_sample,2,3,adv,25,4,18,19,106, improved. ,1279,377,1723404,69aefaccbf52402fcb03f38a,69aefaccbf52402fcb03f38a,advanced,4,69aefaccbf52402fcb03f38a,69aefaccbf52402fcb03f38a,spotlight_PROLIFIC,,36,Chile,Spanish,"Spanish, English, Japanese",Japanese,Spanish:75|English:15|Japanese:10,100,Spanish:50|English:35|Japanese:15,100,Spanish:80|English:10|Japanese:10,100,7,5,Bachelor's,10,10,10,7,7,10,5,22,8,15,Duolingo,130,,,,,17,25,B1,intermediate|advanced,intermediate|advanced,cambridge_15_21_random_intermediate_advanced,4,19,random,,363.265625,1198.828125,383.265625,1282.875,7,13,,,,,,,,,,,,2026-09-22T16:00:40.289Z,HM6QAFBU,2026-09-22,2026-09-22,13:00:40,2026-09-22 13:00:40,,,,,,,,69aefaccbf52402fcb03f38a,69aefaccbf52402fcb03f38a,,,,
24599,raw_position_sample,2,3,adv,25,4,18,19,106, improved. ,1280,377,1723450.5,69aefaccbf52402fcb03f38a,69aefaccbf52402fcb03f38a,advanced,4,69aefaccbf52402fcb03f38a,69aefaccbf52402fcb03f38a,spotlight_PROLIFIC,,36,Chile,Spanish,"Spanish, English, Japanese",Japanese,Spanish:75|English:15|Japanese:10,100,Spanish:50|English:35|Japanese:15,100,Spanish:80|English:10|Japanese:10,100,7,5,Bachelor's,10,10,10,7,7,10,5,22,8,15,Duolingo,130,,,,,17,25,B1,intermediate|advanced,intermediate|advanced,cambridge_15_21_random_intermediate_advanced,4,19,random,,363.265625,1198.828125,383.265625,1282.875,7,13,,,,,,,,,,,,2026-09-22T16:00:40.289Z,HM6QAFBU,2026-09-22,2026-09-22,13:00:40,2026-09-22 13:00:40,,,,,,,,69aefaccbf52402fcb03f38a,69aefaccbf52402fcb03f38a,,,,
24650,raw_position_sample,2,3,adv,25,4,18,19,106, improved. ,1280,377,1723500.8999999762,69aefaccbf52402fcb03f38a,69aefaccbf52402fcb03f38a,advanced,4,69aefaccbf52402fcb03f38a,69aefaccbf52402fcb03f38a,spotlight_PROLIFIC,,36,Chile,Spanish,"Spanish, English, Japanese",Japanese,Spanish:75|English:15|Japanese:10,100,Spanish:50|English:35|Japanese:15,100,Spanish:80|English:10|Japanese:10,100,7,5,Bachelor's,10,10,10,7,7,10,5,22,8,15,Duolingo,130,,,,,17,25,B1,intermediate|advanced,intermediate|advanced,cambridge_15_21_random_intermediate_advanced,4,19,random,,363.265625,1198.828125,383.265625,1282.875,7,13,,,,,,,,,,,,2026-09-22T16:00:40.289Z,HM6QAFBU,2026-09-22,2026-09-22,13:00:40,2026-09-22 13:00:40,,,,,,,,69aefaccbf52402fcb03f38a,69aefaccbf52402fcb03f38a,,,,
24700,raw_position_sample,2,3,adv,25,4,18,19,106, improved. ,1280,377,1723551.800000012,69aefaccbf52402fcb03f38a,69aefaccbf52402fcb03f38a,advanced,4,69aefaccbf52402fcb03f38a,69aefaccbf52402fcb03f38a,spotlight_PROLIFIC,,36,Chile,Spanish,"Spanish, English, Japanese",Japanese,Spanish:75|English:15|Japanese:10,100,Spanish:50|English:35|Japanese:15,100,Spanish:80|English:10|Japanese:10,100,7,5,Bachelor's,10,10,10,7,7,10,5,22,8,15,Duolingo,130,,,,,17,25,B1,intermediate|advanced,intermediate|advanced,cambridge_15_21_random_intermediate_advanced,4,19,random,,363.265625,1198.828125,383.265625,1282.875,7,13,,,,,,,,,,,,2026-09-22T16:00:40.289Z,HM6QAFBU,2026-09-22,2026-09-22,13:00:40,2026-09-22 13:00:40,,,,,,,,69aefaccbf52402fcb03f38a,69aefaccbf52402fcb03f38a,,,,
24747,raw_position_sample,2,3,adv,25,4,18,19,106, improved. ,1280,377,1723598.5,69aefaccbf52402fcb03f38a,69aefaccbf52402fcb03f38a,advanced,4,69aefaccbf52402fcb03f38a,69aefaccbf52402fcb03f38a,spotlight_PROLIFIC,,36,Chile,Spanish,"Spanish, English, Japanese",Japanese,Spanish:75|English:15|Japanese:10,100,Spanish:50|English:35|Japanese:15,100,Spanish:80|English:10|Japanese:10,100,7,5,Bachelor's,10,10,10,7,7,10,5,22,8,15,Duolingo,130,,,,,17,25,B1,intermediate|advanced,intermediate|advanced,cambridge_15_21_random_intermediate_advanced,4,19,random,,363.265625,1198.828125,383.265625,1282.875,7,13,,,,,,,,,,,,2026-09-22T16:00:40.289Z,HM6QAFBU,2026-09-22,2026-09-22,13:00:40,2026-09-22 13:00:40,,,,,,,,69aefaccbf52402fcb03f38a,69aefaccbf52402fcb03f38a,,,,
24798,raw_position_sample,2,3,adv,25,4,18,19,106, improved. ,1280,377,1723649.5,69aefaccbf52402fcb03f38a,69aefaccbf52402fcb03f38a,advanced,4,69aefaccbf52402fcb03f38a,69aefaccbf52402fcb03f38a,spotlight_PROLIFIC,,36,Chile,Spanish,"Spanish, English, Japanese",Japanese,Spanish:75|English:15|Japanese:10,100,Spanish:50|English:35|Japanese:15,100,Spanish:80|English:10|Japanese:10,100,7,5,Bachelor's,10,10,10,7,7,10,5,22,8,15,Duolingo,130,,,,,17,25,B1,intermediate|advanced,intermediate|advanced,cambridge_15_21_random_intermediate_advanced,4,19,random,,363.265625,1198.828125,383.265625,1282.875,7,13,,,,,,,,,,,,2026-09-22T16:00:40.289Z,HM6QAFBU,2026-09-22,2026-09-22,13:00:40,2026-09-22 13:00:40,,,,,,,,69aefaccbf52402fcb03f38a,69aefaccbf52402fcb03f38a,,,,
24817,hover_association,2,3,adv,25,4,18,19,106, improved. ,1202,376,,69aefaccbf52402fcb03f38a,69aefaccbf52402fcb03f38a,advanced,4,69aefaccbf52402fcb03f38a,69aefaccbf52402fcb03f38a,spotlight_PROLIFIC,,36,Chile,Spanish,"Spanish, English, Japanese",Japanese,Spanish:75|English:15|Japanese:10,100,Spanish:50|English:35|Japanese:15,100,Spanish:80|English:10|Japanese:10,100,7,5,Bachelor's,10,10,10,7,7,10,5,22,8,15,Duolingo,130,,,,,17,25,B1,intermediate|advanced,intermediate|advanced,cambridge_15_21_random_intermediate_advanced,4,19,random,,353.265625,1198.828125,393.265625,1282.875,7,13,hover,665.8000000119209,665.8000000119209,0.9776910206358059,0.593359375,165,,,,,,2026-09-22T16:00:40.289Z,HM6QAFBU,2026-09-22,2026-09-22,13:00:40,2026-09-22 13:00:40,,,,,,,,69aefaccbf52402fcb03f38a,69aefaccbf52402fcb03f38a,,,,
24852,raw_position_sample,2,3,adv,25,4,18,19,107, “I ,1289,373,1723702.8999999762,69aefaccbf52402fcb03f38a,69aefaccbf52402fcb03f38a,advanced,4,69aefaccbf52402fcb03f38a,69aefaccbf52402fcb03f38a,spotlight_PROLIFIC,,36,Chile,Spanish,"Spanish, English, Japanese",Japanese,Spanish:75|English:15|Japanese:10,100,Spanish:50|English:35|Japanese:15,100,Spanish:80|English:10|Japanese:10,100,7,5,Bachelor's,10,10,10,7,7,10,5,22,8,15,Duolingo,130,,,,,17,25,B1,intermediate|advanced,intermediate|advanced,cambridge_15_21_random_intermediate_advanced,4,19,random,,363.265625,1282.875,383.265625,1293.875,7,14,,,,,,,,,,,,2026-09-22T16:00:40.289Z,HM6QAFBU,2026-09-22,2026-09-22,13:00:40,2026-09-22 13:00:40,,,,,,,,69aefaccbf52402fcb03f38a,69aefaccbf52402fcb03f38a,,,,
24901,raw_position_sample,2,3,adv,25,4,18,19,107, “I ,1294,370,1723752.800000012,69aefaccbf52402fcb03f38a,69aefaccbf52402fcb03f38a,advanced,4,69aefaccbf52402fcb03f38a,69aefaccbf52402fcb03f38a,spotlight_PROLIFIC,,36,Chile,Spanish,"Spanish, English, Japanese",Japanese,Spanish:75|English:15|Japanese:10,100,Spanish:50|English:35|Japanese:15,100,Spanish:80|English:10|Japanese:10,100,7,5,Bachelor's,10,10,10,7,7,10,5,22,8,15,Duolingo,130,,,,,17,25,B1,intermediate|advanced,intermediate|advanced,cambridge_15_21_random_intermediate_advanced,4,19,random,,363.265625,1282.875,383.265625,1293.875,7,14,,,,,,,,,,,,2026-09-22T16:00:40.289Z,HM6QAFBU,2026-09-22,2026-09-22,13:00:40,2026-09-22 13:00:40,,,,,,,,69aefaccbf52402fcb03f38a,69aefaccbf52402fcb03f38a,,,,
24950,raw_position_sample,2,3,adv,25,4,18,19,107, “I ,1297,367,1723801.300000012,69aefaccbf52402fcb03f38a,69aefaccbf52402fcb03f38a,advanced,4,69aefaccbf52402fcb03f38a,69aefaccbf52402fcb03f38a,spotlight_PROLIFIC,,36,Chile,Spanish,"Spanish, English, Japanese",Japanese,Spanish:75|English:15|Japanese:10,100,Spanish:50|English:35|Japanese:15,100,Spanish:80|English:10|Japanese:10,100,7,5,Bachelor's,10,10,10,7,7,10,5,22,8,15,Duolingo,130,,,,,17,25,B1,intermediate|advanced,intermediate|advanced,cambridge_15_21_random_intermediate_advanced,4,19,random,,363.265625,1282.875,383.265625,1293.875,7,14,,,,,,,,,,,,2026-09-22T16:00:40.289Z,HM6QAFBU,2026-09-22,2026-09-22,13:00:40,2026-09-22 13:00:40,,,,,,,,69aefaccbf52402fcb03f38a,69aefaccbf52402fcb03f38a,,,,
25002,raw_position_sample,2,3,adv,25,4,18,19,107, “I ,1297,367,1723853.1000000238,69aefaccbf52402fcb03f38a,69aefaccbf52402fcb03f38a,advanced,4,69aefaccbf52402fcb03f38a,69aefaccbf52402fcb03f38a,spotlight_PROLIFIC,,36,Chile,Spanish,"Spanish, English, Japanese",Japanese,Spanish:75|English:15|Japanese:10,100,Spanish:50|English:35|Japanese:15,100,Spanish:80|English:10|Japanese:10,100,7,5,Bachelor's,10,10,10,7,7,10,5,22,8,15,Duolingo,130,,,,,17,25,B1,intermediate|advanced,intermediate|advanced,cambridge_15_21_random_intermediate_advanced,4,19,random,,363.265625,1282.875,383.265625,1293.875,7,14,,,,,,,,,,,,2026-09-22T16:00:40.289Z,HM6QAFBU,2026-09-22,2026-09-22,13:00:40,2026-09-22 13:00:40,,,,,,,,69aefaccbf52402fcb03f38a,69aefaccbf52402fcb03f38a,,,,
25049,raw_position_sample,2,3,adv,25,4,18,19,107, “I ,1297,367,1723900.5,69aefaccbf52402fcb03f38a,69aefaccbf52402fcb03f38a,advanced,4,69aefaccbf52402fcb03f38a,69aefaccbf52402fcb03f38a,spotlight_PROLIFIC,,36,Chile,Spanish,"Spanish, English, Japanese",Japanese,Spanish:75|English:15|Japanese:10,100,Spanish:50|English:35|Japanese:15,100,Spanish:80|English:10|Japanese:10,100,7,5,Bachelor's,10,10,10,7,7,10,5,22,8,15,Duolingo,130,,,,,17,25,B1,intermediate|advanced,intermediate|advanced,cambridge_15_21_random_intermediate_advanced,4,19,random,,363.265625,1282.875,383.265625,1293.875,7,14,,,,,,,,,,,,2026-09-22T16:00:40.289Z,HM6QAFBU,2026-09-22,2026-09-22,13:00:40,2026-09-22 13:00:40,,,,,,,,69aefaccbf52402fcb03f38a,69aefaccbf52402fcb03f38a,,,,
25100,raw_position_sample,2,3,adv,25,4,18,19,107, “I ,1297,367,1723951.199999988,69aefaccbf52402fcb03f38a,69aefaccbf52402fcb03f38a,advanced,4,69aefaccbf52402fcb03f38a,69aefaccbf52402fcb03f38a,spotlight_PROLIFIC,,36,Chile,Spanish,"Spanish, English, Japanese",Japanese,Spanish:75|English:15|Japanese:10,100,Spanish:50|English:35|Japanese:15,100,Spanish:80|English:10|Japanese:10,100,7,5,Bachelor's,10,10,10,7,7,10,5,22,8,15,Duolingo,130,,,,,17,25,B1,intermediate|advanced,intermediate|advanced,cambridge_15_21_random_intermediate_advanced,4,19,random,,363.265625,1282.875,383.265625,1293.875,7,14,,,,,,,,,,,,2026-09-22T16:00:40.289Z,HM6QAFBU,2026-09-22,2026-09-22,13:00:40,2026-09-22 13:00:40,,,,,,,,69aefaccbf52402fcb03f38a,69aefaccbf52402fcb03f38a,,,,
25162,raw_position_sample,2,3,adv,25,4,18,19,107, “I ,1297,367,1724013.699999988,69aefaccbf52402fcb03f38a,69aefaccbf52402fcb03f38a,advanced,4,69aefaccbf52402fcb03f38a,69aefaccbf52402fcb03f38a,spotlight_PROLIFIC,,36,Chile,Spanish,"Spanish, English, Japanese",Japanese,Spanish:75|English:15|Japanese:10,100,Spanish:50|English:35|Japanese:15,100,Spanish:80|English:10|Japanese:10,100,7,5,Bachelor's,10,10,10,7,7,10,5,22,8,15,Duolingo,130,,,,,17,25,B1,intermediate|advanced,intermediate|advanced,cambridge_15_21_random_intermediate_advanced,4,19,random,,363.265625,1282.875,383.265625,1293.875,7,14,,,,,,,,,,,,2026-09-22T16:00:40.289Z,HM6QAFBU,2026-09-22,2026-09-22,13:00:40,2026-09-22 13:00:40,,,,,,,,69aefaccbf52402fcb03f38a,69aefaccbf52402fcb03f38a,,,,
25200,raw_position_sample,2,3,adv,25,4,18,19,107, “I ,1297,367,1724051.300000012,69aefaccbf52402fcb03f38a,69aefaccbf52402fcb03f38a,advanced,4,69aefaccbf52402fcb03f38a,69aefaccbf52402fcb03f38a,spotlight_PROLIFIC,,36,Chile,Spanish,"Spanish, English, Japanese",Japanese,Spanish:75|English:15|Japanese:10,100,Spanish:50|English:35|Japanese:15,100,Spanish:80|English:10|Japanese:10,100,7,5,Bachelor's,10,10,10,7,7,10,5,22,8,15,Duolingo,130,,,,,17,25,B1,intermediate|advanced,intermediate|advanced,cambridge_15_21_random_intermediate_advanced,4,19,random,,363.265625,1282.875,383.265625,1293.875,7,14,,,,,,,,,,,,2026-09-22T16:00:40.289Z,HM6QAFBU,2026-09-22,2026-09-22,13:00:40,2026-09-22 13:00:40,,,,,,,,69aefaccbf52402fcb03f38a,69aefaccbf52402fcb03f38a,,,,
25236,hover_association,2,3,adv,25,4,18,19,107, “I ,1283,376,,69aefaccbf52402fcb03f38a,69aefaccbf52402fcb03f38a,advanced,4,69aefaccbf52402fcb03f38a,69aefaccbf52402fcb03f38a,spotlight_PROLIFIC,,36,Chile,Spanish,"Spanish, English, Japanese",Japanese,Spanish:75|English:15|Japanese:10,100,Spanish:50|English:35|Japanese:15,100,Spanish:80|English:10|Japanese:10,100,7,5,Bachelor's,10,10,10,7,7,10,5,22,8,15,Duolingo,130,,,,,17,25,B1,intermediate|advanced,intermediate|advanced,cambridge_15_21_random_intermediate_advanced,4,19,random,,353.265625,1282.875,393.265625,1297.0442708333333,7,14,hover,417.89999997615814,417.89999997615814,0.14997243153832096,0.418359375,165,,,,,,2026-09-22T16:00:40.289Z,HM6QAFBU,2026-09-22,2026-09-22,13:00:40,2026-09-22 13:00:40,,,,,,,,69aefaccbf52402fcb03f38a,69aefaccbf52402fcb03f38a,,,,
25251,raw_position_sample,2,3,adv,25,4,18,19,106, improved. ,1271,371,1724102.199999988,69aefaccbf52402fcb03f38a,69aefaccbf52402fcb03f38a,advanced,4,69aefaccbf52402fcb03f38a,69aefaccbf52402fcb03f38a,spotlight_PROLIFIC,,36,Chile,Spanish,"Spanish, English, Japanese",Japanese,Spanish:75|English:15|Japanese:10,100,Spanish:50|English:35|Japanese:15,100,Spanish:80|English:10|Japanese:10,100,7,5,Bachelor's,10,10,10,7,7,10,5,22,8,15,Duolingo,130,,,,,17,25,B1,intermediate|advanced,intermediate|advanced,cambridge_15_21_random_intermediate_advanced,4,19,random,,363.265625,1198.828125,383.265625,1282.875,7,13,,,,,,,,,,,,2026-09-22T16:00:40.289Z,HM6QAFBU,2026-09-22,2026-09-22,13:00:40,2026-09-22 13:00:40,,,,,,,,69aefaccbf52402fcb03f38a,69aefaccbf52402fcb03f38a,,,,
25301,hover_association,2,3,adv,25,4,18,19,106, improved. ,1271,371,,69aefaccbf52402fcb03f38a,69aefaccbf52402fcb03f38a,advanced,4,69aefaccbf52402fcb03f38a,69aefaccbf52402fcb03f38a,spotlight_PROLIFIC,,36,Chile,Spanish,"Spanish, English, Japanese",Japanese,Spanish:75|English:15|Japanese:10,100,Spanish:50|English:35|Japanese:15,100,Spanish:80|English:10|Japanese:10,100,7,5,Bachelor's,10,10,10,7,7,10,5,22,8,15,Duolingo,130,,,,,17,25,B1,intermediate|advanced,intermediate|advanced,cambridge_15_21_random_intermediate_advanced,4,19,random,,353.265625,1198.828125,393.265625,1282.875,7,13,hover,66.30000001192093,66.30000001192093,0.22810931399888454,0.543359375,165,,,,,,2026-09-22T16:00:40.289Z,HM6QAFBU,2026-09-22,2026-09-22,13:00:40,2026-09-22 13:00:40,,,,,,,,69aefaccbf52402fcb03f38a,69aefaccbf52402fcb03f38a,,,,
25305,raw_position_sample,2,3,adv,25,4,18,19,105, have ,1183,375,1724156.199999988,69aefaccbf52402fcb03f38a,69aefaccbf52402fcb03f38a,advanced,4,69aefaccbf52402fcb03f38a,69aefaccbf52402fcb03f38a,spotlight_PROLIFIC,,36,Chile,Spanish,"Spanish, English, Japanese",Japanese,Spanish:75|English:15|Japanese:10,100,Spanish:50|English:35|Japanese:15,100,Spanish:80|English:10|Japanese:10,100,7,5,Bachelor's,10,10,10,7,7,10,5,22,8,15,Duolingo,130,,,,,17,25,B1,intermediate|advanced,intermediate|advanced,cambridge_15_21_random_intermediate_advanced,4,19,random,,363.265625,1154.78125,383.265625,1198.828125,7,12,,,,,,,,,,,,2026-09-22T16:00:40.289Z,HM6QAFBU,2026-09-22,2026-09-22,13:00:40,2026-09-22 13:00:40,,,,,,,,69aefaccbf52402fcb03f38a,69aefaccbf52402fcb03f38a,,,,
25319,hover_association,2,3,adv,25,4,18,19,105, have ,1183,375,,69aefaccbf52402fcb03f38a,69aefaccbf52402fcb03f38a,advanced,4,69aefaccbf52402fcb03f38a,69aefaccbf52402fcb03f38a,spotlight_PROLIFIC,,36,Chile,Spanish,"Spanish, English, Japanese",Japanese,Spanish:75|English:15|Japanese:10,100,Spanish:50|English:35|Japanese:15,100,Spanish:80|English:10|Japanese:10,100,7,5,Bachelor's,10,10,10,7,7,10,5,22,8,15,Duolingo,130,,,,,17,25,B1,intermediate|advanced,intermediate|advanced,cambridge_15_21_random_intermediate_advanced,4,19,random,,353.265625,1154.78125,393.265625,1198.828125,7,12,hover,16.600000023841858,16.600000023841858,0.6406527137282725,0.543359375,165,,,,,,2026-09-22T16:00:40.289Z,HM6QAFBU,2026-09-22,2026-09-22,13:00:40,2026-09-22 13:00:40,,,,,,,,69aefaccbf52402fcb03f38a,69aefaccbf52402fcb03f38a,,,,
25335,hover_association,2,3,adv,25,4,18,19,104, standards ,1141,377,,69aefaccbf52402fcb03f38a,69aefaccbf52402fcb03f38a,advanced,4,69aefaccbf52402fcb03f38a,69aefaccbf52402fcb03f38a,spotlight_PROLIFIC,,36,Chile,Spanish,"Spanish, English, Japanese",Japanese,Spanish:75|English:15|Japanese:10,100,Spanish:50|English:35|Japanese:15,100,Spanish:80|English:10|Japanese:10,100,7,5,Bachelor's,10,10,10,7,7,10,5,22,8,15,Duolingo,130,,,,,17,25,B1,intermediate|advanced,intermediate|advanced,cambridge_15_21_random_intermediate_advanced,4,19,random,,353.265625,1070.71875,393.265625,1154.78125,7,11,hover,16.399999976158142,16.399999976158142,0.8360594795539034,0.593359375,165,,,,,,2026-09-22T16:00:40.289Z,HM6QAFBU,2026-09-22,2026-09-22,13:00:40,2026-09-22 13:00:40,,,,,,,,69aefaccbf52402fcb03f38a,69aefaccbf52402fcb03f38a,,,,
25351,hover_association,2,3,adv,25,4,18,19,103, see ,1066,377,,69aefaccbf52402fcb03f38a,69aefaccbf52402fcb03f38a,advanced,4,69aefaccbf52402fcb03f38a,69aefaccbf52402fcb03f38a,spotlight_PROLIFIC,,36,Chile,Spanish,"Spanish, English, Japanese",Japanese,Spanish:75|English:15|Japanese:10,100,Spanish:50|English:35|Japanese:15,100,Spanish:80|English:10|Japanese:10,100,7,5,Bachelor's,10,10,10,7,7,10,5,22,8,15,Duolingo,130,,,,,17,25,B1,intermediate|advanced,intermediate|advanced,cambridge_15_21_random_intermediate_advanced,4,19,random,,353.265625,1036.6875,393.265625,1070.71875,7,10,hover,16.400000035762787,16.400000035762787,0.8613406795224977,0.593359375,165,,,,,,2026-09-22T16:00:40.289Z,HM6QAFBU,2026-09-22,2026-09-22,13:00:40,2026-09-22 13:00:40,,,,,,,,69aefaccbf52402fcb03f38a,69aefaccbf52402fcb03f38a,,,,
25353,raw_position_sample,2,3,adv,25,4,18,19,102, and ,1014,377,1724204.6000000238,69aefaccbf52402fcb03f38a,69aefaccbf52402fcb03f38a,advanced,4,69aefaccbf52402fcb03f38a,69aefaccbf52402fcb03f38a,spotlight_PROLIFIC,,36,Chile,Spanish,"Spanish, English, Japanese",Japanese,Spanish:75|English:15|Japanese:10,100,Spanish:50|English:35|Japanese:15,100,Spanish:80|English:10|Japanese:10,100,7,5,Bachelor's,10,10,10,7,7,10,5,22,8,15,Duolingo,130,,,,,17,25,B1,intermediate|advanced,intermediate|advanced,cambridge_15_21_random_intermediate_advanced,4,19,random,,363.265625,1001.640625,383.265625,1036.6875,7,9,,,,,,,,,,,,2026-09-22T16:00:40.289Z,HM6QAFBU,2026-09-22,2026-09-22,13:00:40,2026-09-22 13:00:40,,,,,,,,69aefaccbf52402fcb03f38a,69aefaccbf52402fcb03f38a,,,,
25369,hover_association,2,3,adv,25,4,18,19,102, and ,1014,377,,69aefaccbf52402fcb03f38a,69aefaccbf52402fcb03f38a,advanced,4,69aefaccbf52402fcb03f38a,69aefaccbf52402fcb03f38a,spotlight_PROLIFIC,,36,Chile,Spanish,"Spanish, English, Japanese",Japanese,Spanish:75|English:15|Japanese:10,100,Spanish:50|English:35|Japanese:15,100,Spanish:80|English:10|Japanese:10,100,7,5,Bachelor's,10,10,10,7,7,10,5,22,8,15,Duolingo,130,,,,,17,25,B1,intermediate|advanced,intermediate|advanced,cambridge_15_21_random_intermediate_advanced,4,19,random,,353.265625,1001.640625,393.265625,1036.6875,7,9,hover,17.19999998807907,17.19999998807907,0.352652697280428,0.593359375,165,,,,,,2026-09-22T16:00:40.289Z,HM6QAFBU,2026-09-22,2026-09-22,13:00:40,2026-09-22 13:00:40,,,,,,,,69aefaccbf52402fcb03f38a,69aefaccbf52402fcb03f38a,,,,
25386,hover_association,2,3,adv,25,4,18,19,101, shopped ,963,377,,69aefaccbf52402fcb03f38a,69aefaccbf52402fcb03f38a,advanced,4,69aefaccbf52402fcb03f38a,69aefaccbf52402fcb03f38a,spotlight_PROLIFIC,,36,Chile,Spanish,"Spanish, English, Japanese",Japanese,Spanish:75|English:15|Japanese:10,100,Spanish:50|English:35|Japanese:15,100,Spanish:80|English:10|Japanese:10,100,7,5,Bachelor's,10,10,10,7,7,10,5,22,8,15,Duolingo,130,,,,,17,25,B1,intermediate|advanced,intermediate|advanced,cambridge_15_21_random_intermediate_advanced,4,19,random,,353.265625,927.5625,393.265625,1001.640625,7,8,hover,17,17,0.4783800885889053,0.593359375,165,,,,,,2026-09-22T16:00:40.289Z,HM6QAFBU,2026-09-22,2026-09-22,13:00:40,2026-09-22 13:00:40,,,,,,,,69aefaccbf52402fcb03f38a,69aefaccbf52402fcb03f38a,,,,
25404,raw_position_sample,2,3,adv,25,4,18,19,100, mystery ,883,377,1724254.8999999762,69aefaccbf52402fcb03f38a,69aefaccbf52402fcb03f38a,advanced,4,69aefaccbf52402fcb03f38a,69aefaccbf52402fcb03f38a,spotlight_PROLIFIC,,36,Chile,Spanish,"Spanish, English, Japanese",Japanese,Spanish:75|English:15|Japanese:10,100,Spanish:50|English:35|Japanese:15,100,Spanish:80|English:10|Japanese:10,100,7,5,Bachelor's,10,10,10,7,7,10,5,22,8,15,Duolingo,130,,,,,17,25,B1,intermediate|advanced,intermediate|advanced,cambridge_15_21_random_intermediate_advanced,4,19,random,,363.265625,859.546875,383.265625,927.5625,7,7,,,,,,,,,,,,2026-09-22T16:00:40.289Z,HM6QAFBU,2026-09-22,2026-09-22,13:00:40,2026-09-22 13:00:40,,,,,,,,69aefaccbf52402fcb03f38a,69aefaccbf52402fcb03f38a,,,,
25417,hover_association,2,3,adv,25,4,18,19,100, mystery ,916,377,,69aefaccbf52402fcb03f38a,69aefaccbf52402fcb03f38a,advanced,4,69aefaccbf52402fcb03f38a,69aefaccbf52402fcb03f38a,spotlight_PROLIFIC,,36,Chile,Spanish,"Spanish, English, Japanese",Japanese,Spanish:75|English:15|Japanese:10,100,Spanish:50|English:35|Japanese:15,100,Spanish:80|English:10|Japanese:10,100,7,5,Bachelor's,10,10,10,7,7,10,5,22,8,15,Duolingo,130,,,,,17,25,B1,intermediate|advanced,intermediate|advanced,cambridge_15_21_random_intermediate_advanced,4,19,random,,353.265625,859.546875,393.265625,927.5625,7,7,hover,32.5,32.5,0.34481966459912705,0.593359375,165,,,,,,2026-09-22T16:00:40.289Z,HM6QAFBU,2026-09-22,2026-09-22,13:00:40,2026-09-22 13:00:40,,,,,,,,69aefaccbf52402fcb03f38a,69aefaccbf52402fcb03f38a,,,,
25453,raw_position_sample,2,3,adv,25,4,18,19,99, previously ,804,370,1724304.300000012,69aefaccbf52402fcb03f38a,69aefaccbf52402fcb03f38a,advanced,4,69aefaccbf52402fcb03f38a,69aefaccbf52402fcb03f38a,spotlight_PROLIFIC,,36,Chile,Spanish,"Spanish, English, Japanese",Japanese,Spanish:75|English:15|Japanese:10,100,Spanish:50|English:35|Japanese:15,100,Spanish:80|English:10|Japanese:10,100,7,5,Bachelor's,10,10,10,7,7,10,5,22,8,15,Duolingo,130,,,,,17,25,B1,intermediate|advanced,intermediate|advanced,cambridge_15_21_random_intermediate_advanced,4,19,random,,363.265625,773.5,383.265625,859.546875,7,6,,,,,,,,,,,,2026-09-22T16:00:40.289Z,HM6QAFBU,2026-09-22,2026-09-22,13:00:40,2026-09-22 13:00:40,,,,,,,,69aefaccbf52402fcb03f38a,69aefaccbf52402fcb03f38a,,,,
25503,hover_association,2,3,adv,25,4,18,19,99, previously ,854,377,,69aefaccbf52402fcb03f38a,69aefaccbf52402fcb03f38a,advanced,4,69aefaccbf52402fcb03f38a,69aefaccbf52402fcb03f38a,spotlight_PROLIFIC,,36,Chile,Spanish,"Spanish, English, Japanese",Japanese,Spanish:75|English:15|Japanese:10,100,Spanish:50|English:35|Japanese:15,100,Spanish:80|English:10|Japanese:10,100,7,5,Bachelor's,10,10,10,7,7,10,5,22,8,15,Duolingo,130,,,,,17,25,B1,intermediate|advanced,intermediate|advanced,cambridge_15_21_random_intermediate_advanced,4,19,random,,353.265625,773.5,393.265625,859.546875,7,6,hover,84.09999996423721,84.09999996423721,0.017432358816052297,0.293359375,165,,,,,,2026-09-22T16:00:40.289Z,HM6QAFBU,2026-09-22,2026-09-22,13:00:40,2026-09-22 13:00:40,,,,,,,,69aefaccbf52402fcb03f38a,69aefaccbf52402fcb03f38a,,,,
25507,raw_position_sample,2,3,adv,25,4,18,19,98, has ,753,363,1724358.699999988,69aefaccbf52402fcb03f38a,69aefaccbf52402fcb03f38a,advanced,4,69aefaccbf52402fcb03f38a,69aefaccbf52402fcb03f38a,spotlight_PROLIFIC,,36,Chile,Spanish,"Spanish, English, Japanese",Japanese,Spanish:75|English:15|Japanese:10,100,Spanish:50|English:35|Japanese:15,100,Spanish:80|English:10|Japanese:10,100,7,5,Bachelor's,10,10,10,7,7,10,5,22,8,15,Duolingo,130,,,,,17,25,B1,intermediate|advanced,intermediate|advanced,cambridge_15_21_random_intermediate_advanced,4,19,random,,363.265625,739.46875,383.265625,773.5,7,5,,,,,,,,,,,,2026-09-22T16:00:40.289Z,HM6QAFBU,2026-09-22,2026-09-22,13:00:40,2026-09-22 13:00:40,,,,,,,,69aefaccbf52402fcb03f38a,69aefaccbf52402fcb03f38a,,,,
25519,hover_association,2,3,adv,25,4,18,19,98, has ,753,363,,69aefaccbf52402fcb03f38a,69aefaccbf52402fcb03f38a,advanced,4,69aefaccbf52402fcb03f38a,69aefaccbf52402fcb03f38a,spotlight_PROLIFIC,,36,Chile,Spanish,"Spanish, English, Japanese",Japanese,Spanish:75|English:15|Japanese:10,100,Spanish:50|English:35|Japanese:15,100,Spanish:80|English:10|Japanese:10,100,7,5,Bachelor's,10,10,10,7,7,10,5,22,8,15,Duolingo,130,,,,,17,25,B1,intermediate|advanced,intermediate|advanced,cambridge_15_21_random_intermediate_advanced,4,19,random,,353.265625,739.46875,393.265625,773.5,7,5,hover,16.5,16.5,0.39761248852157943,0.243359375,165,,,,,,2026-09-22T16:00:40.289Z,HM6QAFBU,2026-09-22,2026-09-22,13:00:40,2026-09-22 13:00:40,,,,,,,,69aefaccbf52402fcb03f38a,69aefaccbf52402fcb03f38a,,,,
25555,raw_position_sample,2,3,adv,25,4,18,19,97, she ,708,363,1724406.3999999762,69aefaccbf52402fcb03f38a,69aefaccbf52402fcb03f38a,advanced,4,69aefaccbf52402fcb03f38a,69aefaccbf52402fcb03f38a,spotlight_PROLIFIC,,36,Chile,Spanish,"Spanish, English, Japanese",Japanese,Spanish:75|English:15|Japanese:10,100,Spanish:50|English:35|Japanese:15,100,Spanish:80|English:10|Japanese:10,100,7,5,Bachelor's,10,10,10,7,7,10,5,22,8,15,Duolingo,130,,,,,17,25,B1,intermediate|advanced,intermediate|advanced,cambridge_15_21_random_intermediate_advanced,4,19,random,,363.265625,705.4375,383.265625,739.46875,7,4,,,,,,,,,,,,2026-09-22T16:00:40.289Z,HM6QAFBU,2026-09-22,2026-09-22,13:00:40,2026-09-22 13:00:40,,,,,,,,69aefaccbf52402fcb03f38a,69aefaccbf52402fcb03f38a,,,,
25568,hover_association,2,3,adv,25,4,18,19,97, she ,738,363,,69aefaccbf52402fcb03f38a,69aefaccbf52402fcb03f38a,advanced,4,69aefaccbf52402fcb03f38a,69aefaccbf52402fcb03f38a,spotlight_PROLIFIC,,36,Chile,Spanish,"Spanish, English, Japanese",Japanese,Spanish:75|English:15|Japanese:10,100,Spanish:50|English:35|Japanese:15,100,Spanish:80|English:10|Japanese:10,100,7,5,Bachelor's,10,10,10,7,7,10,5,22,8,15,Duolingo,130,,,,,17,25,B1,intermediate|advanced,intermediate|advanced,cambridge_15_21_random_intermediate_advanced,4,19,random,,353.265625,705.4375,393.265625,739.46875,7,4,hover,49.80000001192093,49.80000001192093,0.07529843893480258,0.243359375,165,,,,,,2026-09-22T16:00:40.289Z,HM6QAFBU,2026-09-22,2026-09-22,13:00:40,2026-09-22 13:00:40,,,,,,,,69aefaccbf52402fcb03f38a,69aefaccbf52402fcb03f38a,,,,
25607,raw_position_sample,2,3,adv,25,4,18,19,96, store ,665,363,1724458.1000000238,69aefaccbf52402fcb03f38a,69aefaccbf52402fcb03f38a,advanced,4,69aefaccbf52402fcb03f38a,69aefaccbf52402fcb03f38a,spotlight_PROLIFIC,,36,Chile,Spanish,"Spanish, English, Japanese",Japanese,Spanish:75|English:15|Japanese:10,100,Spanish:50|English:35|Japanese:15,100,Spanish:80|English:10|Japanese:10,100,7,5,Bachelor's,10,10,10,7,7,10,5,22,8,15,Duolingo,130,,,,,17,25,B1,intermediate|advanced,intermediate|advanced,cambridge_15_21_random_intermediate_advanced,4,19,random,,363.265625,660.40625,383.265625,705.4375,7,3,,,,,,,,,,,,2026-09-22T16:00:40.289Z,HM6QAFBU,2026-09-22,2026-09-22,13:00:40,2026-09-22 13:00:40,,,,,,,,69aefaccbf52402fcb03f38a,69aefaccbf52402fcb03f38a,,,,
25619,hover_association,2,3,adv,25,4,18,19,96, store ,692,363,,69aefaccbf52402fcb03f38a,69aefaccbf52402fcb03f38a,advanced,4,69aefaccbf52402fcb03f38a,69aefaccbf52402fcb03f38a,spotlight_PROLIFIC,,36,Chile,Spanish,"Spanish, English, Japanese",Japanese,Spanish:75|English:15|Japanese:10,100,Spanish:50|English:35|Japanese:15,100,Spanish:80|English:10|Japanese:10,100,7,5,Bachelor's,10,10,10,7,7,10,5,22,8,15,Duolingo,130,,,,,17,25,B1,intermediate|advanced,intermediate|advanced,cambridge_15_21_random_intermediate_advanced,4,19,random,,353.265625,660.40625,393.265625,705.4375,7,3,hover,50.30000001192093,50.30000001192093,0.10201249132546843,0.243359375,165,,,,,,2026-09-22T16:00:40.289Z,HM6QAFBU,2026-09-22,2026-09-22,13:00:40,2026-09-22 13:00:40,,,,,,,,69aefaccbf52402fcb03f38a,69aefaccbf52402fcb03f38a,,,,
25652,hover_association,2,3,adv,25,4,18,19,95, a ,655,363,,69aefaccbf52402fcb03f38a,69aefaccbf52402fcb03f38a,advanced,4,69aefaccbf52402fcb03f38a,69aefaccbf52402fcb03f38a,spotlight_PROLIFIC,,36,Chile,Spanish,"Spanish, English, Japanese",Japanese,Spanish:75|English:15|Japanese:10,100,Spanish:50|English:35|Japanese:15,100,Spanish:80|English:10|Japanese:10,100,7,5,Bachelor's,10,10,10,7,7,10,5,22,8,15,Duolingo,130,,,,,17,25,B1,intermediate|advanced,intermediate|advanced,cambridge_15_21_random_intermediate_advanced,4,19,random,,353.265625,645.390625,393.265625,660.40625,7,2,hover,33.30000001192093,33.30000001192093,0.04058272632674298,0.268359375,165,,,,,,2026-09-22T16:00:40.289Z,HM6QAFBU,2026-09-22,2026-09-22,13:00:40,2026-09-22 13:00:40,,,,,,,,69aefaccbf52402fcb03f38a,69aefaccbf52402fcb03f38a,,,,
25656,raw_position_sample,2,3,adv,25,4,18,19,94, to ,635,369,1724507.199999988,69aefaccbf52402fcb03f38a,69aefaccbf52402fcb03f38a,advanced,4,69aefaccbf52402fcb03f38a,69aefaccbf52402fcb03f38a,spotlight_PROLIFIC,,36,Chile,Spanish,"Spanish, English, Japanese",Japanese,Spanish:75|English:15|Japanese:10,100,Spanish:50|English:35|Japanese:15,100,Spanish:80|English:10|Japanese:10,100,7,5,Bachelor's,10,10,10,7,7,10,5,22,8,15,Duolingo,130,,,,,17,25,B1,intermediate|advanced,intermediate|advanced,cambridge_15_21_random_intermediate_advanced,4,19,random,,363.265625,625.375,383.265625,645.390625,7,1,,,,,,,,,,,,2026-09-22T16:00:40.289Z,HM6QAFBU,2026-09-22,2026-09-22,13:00:40,2026-09-22 13:00:40,,,,,,,,69aefaccbf52402fcb03f38a,69aefaccbf52402fcb03f38a,,,,
25668,hover_association,2,3,adv,25,4,18,19,94, to ,635,369,,69aefaccbf52402fcb03f38a,69aefaccbf52402fcb03f38a,advanced,4,69aefaccbf52402fcb03f38a,69aefaccbf52402fcb03f38a,spotlight_PROLIFIC,,36,Chile,Spanish,"Spanish, English, Japanese",Japanese,Spanish:75|English:15|Japanese:10,100,Spanish:50|English:35|Japanese:15,100,Spanish:80|English:10|Japanese:10,100,7,5,Bachelor's,10,10,10,7,7,10,5,22,8,15,Duolingo,130,,,,,17,25,B1,intermediate|advanced,intermediate|advanced,cambridge_15_21_random_intermediate_advanced,4,19,random,,353.265625,622.2057291666666,393.265625,645.390625,7,1,hover,16.599999964237213,16.599999964237213,0.5518364596203534,0.393359375,165,,,,,,2026-09-22T16:00:40.289Z,HM6QAFBU,2026-09-22,2026-09-22,13:00:40,2026-09-22 13:00:40,,,,,,,,69aefaccbf52402fcb03f38a,69aefaccbf52402fcb03f38a,,,,
25703,raw_position_sample,2,3,adv,25,4,18,19,-1,999,608,385,1724554.3999999762,69aefaccbf52402fcb03f38a,69aefaccbf52402fcb03f38a,advanced,4,69aefaccbf52402fcb03f38a,69aefaccbf52402fcb03f38a,spotlight_PROLIFIC,,36,Chile,Spanish,"Spanish, English, Japanese",Japanese,Spanish:75|English:15|Japanese:10,100,Spanish:50|English:35|Japanese:15,100,Spanish:80|English:10|Japanese:10,100,7,5,Bachelor's,10,10,10,7,7,10,5,22,8,15,Duolingo,130,,,,,17,25,B1,intermediate|advanced,intermediate|advanced,cambridge_15_21_random_intermediate_advanced,4,19,random,,,,,,,,,,,,,,,,,,,2026-09-22T16:00:40.289Z,HM6QAFBU,2026-09-22,2026-09-22,13:00:40,2026-09-22 13:00:40,,,,,,,,69aefaccbf52402fcb03f38a,69aefaccbf52402fcb03f38a,,,,
25753,raw_position_sample,2,3,adv,25,4,18,19,-1,999,601,391,1724604,69aefaccbf52402fcb03f38a,69aefaccbf52402fcb03f38a,advanced,4,69aefaccbf52402fcb03f38a,69aefaccbf52402fcb03f38a,spotlight_PROLIFIC,,36,Chile,Spanish,"Spanish, English, Japanese",Japanese,Spanish:75|English:15|Japanese:10,100,Spanish:50|English:35|Japanese:15,100,Spanish:80|English:10|Japanese:10,100,7,5,Bachelor's,10,10,10,7,7,10,5,22,8,15,Duolingo,130,,,,,17,25,B1,intermediate|advanced,intermediate|advanced,cambridge_15_21_random_intermediate_advanced,4,19,random,,,,,,,,,,,,,,,,,,,2026-09-22T16:00:40.289Z,HM6QAFBU,2026-09-22,2026-09-22,13:00:40,2026-09-22 13:00:40,,,,,,,,69aefaccbf52402fcb03f38a,69aefaccbf52402fcb03f38a,,,,
25803,raw_position_sample,2,3,adv,25,4,18,19,-1,999,599,396,1724653.8999999762,69aefaccbf52402fcb03f38a,69aefaccbf52402fcb03f38a,advanced,4,69aefaccbf52402fcb03f38a,69aefaccbf52402fcb03f38a,spotlight_PROLIFIC,,36,Chile,Spanish,"Spanish, English, Japanese",Japanese,Spanish:75|English:15|Japanese:10,100,Spanish:50|English:35|Japanese:15,100,Spanish:80|English:10|Japanese:10,100,7,5,Bachelor's,10,10,10,7,7,10,5,22,8,15,Duolingo,130,,,,,17,25,B1,intermediate|advanced,intermediate|advanced,cambridge_15_21_random_intermediate_advanced,4,19,random,,,,,,,,,,,,,,,,,,,2026-09-22T16:00:40.289Z,HM6QAFBU,2026-09-22,2026-09-22,13:00:40,2026-09-22 13:00:40,,,,,,,,69aefaccbf52402fcb03f38a,69aefaccbf52402fcb03f38a,,,,
25853,raw_position_sample,2,3,adv,25,4,18,19,-1,999,594,409,1724704,69aefaccbf52402fcb03f38a,69aefaccbf52402fcb03f38a,advanced,4,69aefaccbf52402fcb03f38a,69aefaccbf52402fcb03f38a,spotlight_PROLIFIC,,36,Chile,Spanish,"Spanish, English, Japanese",Japanese,Spanish:75|English:15|Japanese:10,100,Spanish:50|English:35|Japanese:15,100,Spanish:80|English:10|Japanese:10,100,7,5,Bachelor's,10,10,10,7,7,10,5,22,8,15,Duolingo,130,,,,,17,25,B1,intermediate|advanced,intermediate|advanced,cambridge_15_21_random_intermediate_advanced,4,19,random,,,,,,,,,,,,,,,,,,,2026-09-22T16:00:40.289Z,HM6QAFBU,2026-09-22,2026-09-22,13:00:40,2026-09-22 13:00:40,,,,,,,,69aefaccbf52402fcb03f38a,69aefaccbf52402fcb03f38a,,,,
25900,raw_position_sample,2,3,adv,25,4,18,19,-1,999,592,413,1724751.6000000238,69aefaccbf52402fcb03f38a,69aefaccbf52402fcb03f38a,advanced,4,69aefaccbf52402fcb03f38a,69aefaccbf52402fcb03f38a,spotlight_PROLIFIC,,36,Chile,Spanish,"Spanish, English, Japanese",Japanese,Spanish:75|English:15|Japanese:10,100,Spanish:50|English:35|Japanese:15,100,Spanish:80|English:10|Japanese:10,100,7,5,Bachelor's,10,10,10,7,7,10,5,22,8,15,Duolingo,130,,,,,17,25,B1,intermediate|advanced,intermediate|advanced,cambridge_15_21_random_intermediate_advanced,4,19,random,,,,,,,,,,,,,,,,,,,2026-09-22T16:00:40.289Z,HM6QAFBU,2026-09-22,2026-09-22,13:00:40,2026-09-22 13:00:40,,,,,,,,69aefaccbf52402fcb03f38a,69aefaccbf52402fcb03f38a,,,,
25948,raw_position_sample,2,3,adv,25,4,18,19,-1,999,592,413,1724799.699999988,69aefaccbf52402fcb03f38a,69aefaccbf52402fcb03f38a,advanced,4,69aefaccbf52402fcb03f38a,69aefaccbf52402fcb03f38a,spotlight_PROLIFIC,,36,Chile,Spanish,"Spanish, English, Japanese",Japanese,Spanish:75|English:15|Japanese:10,100,Spanish:50|English:35|Japanese:15,100,Spanish:80|English:10|Japanese:10,100,7,5,Bachelor's,10,10,10,7,7,10,5,22,8,15,Duolingo,130,,,,,17,25,B1,intermediate|advanced,intermediate|advanced,cambridge_15_21_random_intermediate_advanced,4,19,random,,,,,,,,,,,,,,,,,,,2026-09-22T16:00:40.289Z,HM6QAFBU,2026-09-22,2026-09-22,13:00:40,2026-09-22 13:00:40,,,,,,,,69aefaccbf52402fcb03f38a,69aefaccbf52402fcb03f38a,,,,
26011,raw_position_sample,2,3,adv,25,4,18,19,-1,999,592,413,1724862.699999988,69aefaccbf52402fcb03f38a,69aefaccbf52402fcb03f38a,advanced,4,69aefaccbf52402fcb03f38a,69aefaccbf52402fcb03f38a,spotlight_PROLIFIC,,36,Chile,Spanish,"Spanish, English, Japanese",Japanese,Spanish:75|English:15|Japanese:10,100,Spanish:50|English:35|Japanese:15,100,Spanish:80|English:10|Japanese:10,100,7,5,Bachelor's,10,10,10,7,7,10,5,22,8,15,Duolingo,130,,,,,17,25,B1,intermediate|advanced,intermediate|advanced,cambridge_15_21_random_intermediate_advanced,4,19,random,,,,,,,,,,,,,,,,,,,2026-09-22T16:00:40.289Z,HM6QAFBU,2026-09-22,2026-09-22,13:00:40,2026-09-22 13:00:40,,,,,,,,69aefaccbf52402fcb03f38a,69aefaccbf52402fcb03f38a,,,,
26051,raw_position_sample,2,3,adv,25,4,18,19,-1,999,613,415,1724902.300000012,69aefaccbf52402fcb03f38a,69aefaccbf52402fcb03f38a,advanced,4,69aefaccbf52402fcb03f38a,69aefaccbf52402fcb03f38a,spotlight_PROLIFIC,,36,Chile,Spanish,"Spanish, English, Japanese",Japanese,Spanish:75|English:15|Japanese:10,100,Spanish:50|English:35|Japanese:15,100,Spanish:80|English:10|Japanese:10,100,7,5,Bachelor's,10,10,10,7,7,10,5,22,8,15,Duolingo,130,,,,,17,25,B1,intermediate|advanced,intermediate|advanced,cambridge_15_21_random_intermediate_advanced,4,19,random,,,,,,,,,,,,,,,,,,,2026-09-22T16:00:40.289Z,HM6QAFBU,2026-09-22,2026-09-22,13:00:40,2026-09-22 13:00:40,,,,,,,,69aefaccbf52402fcb03f38a,69aefaccbf52402fcb03f38a,,,,
26106,raw_position_sample,2,3,adv,25,4,18,19,108, know ,641,414,1724957.699999988,69aefaccbf52402fcb03f38a,69aefaccbf52402fcb03f38a,advanced,4,69aefaccbf52402fcb03f38a,69aefaccbf52402fcb03f38a,spotlight_PROLIFIC,,36,Chile,Spanish,"Spanish, English, Japanese",Japanese,Spanish:75|English:15|Japanese:10,100,Spanish:50|English:35|Japanese:15,100,Spanish:80|English:10|Japanese:10,100,7,5,Bachelor's,10,10,10,7,7,10,5,22,8,15,Duolingo,130,,,,,17,25,B1,intermediate|advanced,intermediate|advanced,cambridge_15_21_random_intermediate_advanced,4,19,random,,403.265625,625.375,423.265625,672.40625,8,1,,,,,,,,,,,,2026-09-22T16:00:40.289Z,HM6QAFBU,2026-09-22,2026-09-22,13:00:40,2026-09-22 13:00:40,,,,,,,,69aefaccbf52402fcb03f38a,69aefaccbf52402fcb03f38a,,,,
26156,raw_position_sample,2,3,adv,25,4,18,19,108, know ,660,410,1725007.699999988,69aefaccbf52402fcb03f38a,69aefaccbf52402fcb03f38a,advanced,4,69aefaccbf52402fcb03f38a,69aefaccbf52402fcb03f38a,spotlight_PROLIFIC,,36,Chile,Spanish,"Spanish, English, Japanese",Japanese,Spanish:75|English:15|Japanese:10,100,Spanish:50|English:35|Japanese:15,100,Spanish:80|English:10|Japanese:10,100,7,5,Bachelor's,10,10,10,7,7,10,5,22,8,15,Duolingo,130,,,,,17,25,B1,intermediate|advanced,intermediate|advanced,cambridge_15_21_random_intermediate_advanced,4,19,random,,403.265625,625.375,423.265625,672.40625,8,1,,,,,,,,,,,,2026-09-22T16:00:40.289Z,HM6QAFBU,2026-09-22,2026-09-22,13:00:40,2026-09-22 13:00:40,,,,,,,,69aefaccbf52402fcb03f38a,69aefaccbf52402fcb03f38a,,,,
26198,raw_position_sample,2,3,adv,25,4,18,19,108, know ,663,410,1725049.6000000238,69aefaccbf52402fcb03f38a,69aefaccbf52402fcb03f38a,advanced,4,69aefaccbf52402fcb03f38a,69aefaccbf52402fcb03f38a,spotlight_PROLIFIC,,36,Chile,Spanish,"Spanish, English, Japanese",Japanese,Spanish:75|English:15|Japanese:10,100,Spanish:50|English:35|Japanese:15,100,Spanish:80|English:10|Japanese:10,100,7,5,Bachelor's,10,10,10,7,7,10,5,22,8,15,Duolingo,130,,,,,17,25,B1,intermediate|advanced,intermediate|advanced,cambridge_15_21_random_intermediate_advanced,4,19,random,,403.265625,625.375,423.265625,672.40625,8,1,,,,,,,,,,,,2026-09-22T16:00:40.289Z,HM6QAFBU,2026-09-22,2026-09-22,13:00:40,2026-09-22 13:00:40,,,,,,,,69aefaccbf52402fcb03f38a,69aefaccbf52402fcb03f38a,,,,
26252,hover_association,2,3,adv,25,4,18,19,108, know ,624,415,,69aefaccbf52402fcb03f38a,69aefaccbf52402fcb03f38a,advanced,4,69aefaccbf52402fcb03f38a,69aefaccbf52402fcb03f38a,spotlight_PROLIFIC,,36,Chile,Spanish,"Spanish, English, Japanese",Japanese,Spanish:75|English:15|Japanese:10,100,Spanish:50|English:35|Japanese:15,100,Spanish:80|English:10|Japanese:10,100,7,5,Bachelor's,10,10,10,7,7,10,5,22,8,15,Duolingo,130,,,,,17,25,B1,intermediate|advanced,intermediate|advanced,cambridge_15_21_random_intermediate_advanced,4,19,random,,393.265625,622.2057291666666,433.265625,672.40625,8,1,hover,183.80000001192093,183.80000001192093,0.9122270062769103,0.393359375,165,,,,,,2026-09-22T16:00:40.289Z,HM6QAFBU,2026-09-22,2026-09-22,13:00:40,2026-09-22 13:00:40,,,,,,,,69aefaccbf52402fcb03f38a,69aefaccbf52402fcb03f38a,,,,
26255,raw_position_sample,2,3,adv,25,4,18,19,109, it ,678,407,1725106.3999999762,69aefaccbf52402fcb03f38a,69aefaccbf52402fcb03f38a,advanced,4,69aefaccbf52402fcb03f38a,69aefaccbf52402fcb03f38a,spotlight_PROLIFIC,,36,Chile,Spanish,"Spanish, English, Japanese",Japanese,Spanish:75|English:15|Japanese:10,100,Spanish:50|English:35|Japanese:15,100,Spanish:80|English:10|Japanese:10,100,7,5,Bachelor's,10,10,10,7,7,10,5,22,8,15,Duolingo,130,,,,,17,25,B1,intermediate|advanced,intermediate|advanced,cambridge_15_21_random_intermediate_advanced,4,19,random,,403.265625,672.40625,423.265625,686.421875,8,2,,,,,,,,,,,,2026-09-22T16:00:40.289Z,HM6QAFBU,2026-09-22,2026-09-22,13:00:40,2026-09-22 13:00:40,,,,,,,,69aefaccbf52402fcb03f38a,69aefaccbf52402fcb03f38a,,,,
26285,hover_association,2,3,adv,25,4,18,19,109, it ,678,407,,69aefaccbf52402fcb03f38a,69aefaccbf52402fcb03f38a,advanced,4,69aefaccbf52402fcb03f38a,69aefaccbf52402fcb03f38a,spotlight_PROLIFIC,,36,Chile,Spanish,"Spanish, English, Japanese",Japanese,Spanish:75|English:15|Japanese:10,100,Spanish:50|English:35|Japanese:15,100,Spanish:80|English:10|Japanese:10,100,7,5,Bachelor's,10,10,10,7,7,10,5,22,8,15,Duolingo,130,,,,,17,25,B1,intermediate|advanced,intermediate|advanced,cambridge_15_21_random_intermediate_advanced,4,19,random,,393.265625,672.40625,433.265625,686.421875,8,2,hover,33.5,33.5,0.8985507246376812,0.318359375,165,,,,,,2026-09-22T16:00:40.289Z,HM6QAFBU,2026-09-22,2026-09-22,13:00:40,2026-09-22 13:00:40,,,,,,,,69aefaccbf52402fcb03f38a,69aefaccbf52402fcb03f38a,,,,
26305,raw_position_sample,2,3,adv,25,4,18,19,110, must ,696,406,1725156.300000012,69aefaccbf52402fcb03f38a,69aefaccbf52402fcb03f38a,advanced,4,69aefaccbf52402fcb03f38a,69aefaccbf52402fcb03f38a,spotlight_PROLIFIC,,36,Chile,Spanish,"Spanish, English, Japanese",Japanese,Spanish:75|English:15|Japanese:10,100,Spanish:50|English:35|Japanese:15,100,Spanish:80|English:10|Japanese:10,100,7,5,Bachelor's,10,10,10,7,7,10,5,22,8,15,Duolingo,130,,,,,17,25,B1,intermediate|advanced,intermediate|advanced,cambridge_15_21_random_intermediate_advanced,4,19,random,,403.265625,686.421875,423.265625,730.4375,8,3,,,,,,,,,,,,2026-09-22T16:00:40.289Z,HM6QAFBU,2026-09-22,2026-09-22,13:00:40,2026-09-22 13:00:40,,,,,,,,69aefaccbf52402fcb03f38a,69aefaccbf52402fcb03f38a,,,,
26351,hover_association,2,3,adv,25,4,18,19,110, must ,690,406,,69aefaccbf52402fcb03f38a,69aefaccbf52402fcb03f38a,advanced,4,69aefaccbf52402fcb03f38a,69aefaccbf52402fcb03f38a,spotlight_PROLIFIC,,36,Chile,Spanish,"Spanish, English, Japanese",Japanese,Spanish:75|English:15|Japanese:10,100,Spanish:50|English:35|Japanese:15,100,Spanish:80|English:10|Japanese:10,100,7,5,Bachelor's,10,10,10,7,7,10,5,22,8,15,Duolingo,130,,,,,17,25,B1,intermediate|advanced,intermediate|advanced,cambridge_15_21_random_intermediate_advanced,4,19,random,,393.265625,686.421875,433.265625,730.4375,8,3,hover,66.30000001192093,66.30000001192093,0.7401490947816827,0.243359375,165,,,,,,2026-09-22T16:00:40.289Z,HM6QAFBU,2026-09-22,2026-09-22,13:00:40,2026-09-22 13:00:40,,,,,,,,69aefaccbf52402fcb03f38a,69aefaccbf52402fcb03f38a,,,,
26354,raw_position_sample,2,3,adv,25,4,18,19,111, be ,736,401,1725205.8999999762,69aefaccbf52402fcb03f38a,69aefaccbf52402fcb03f38a,advanced,4,69aefaccbf52402fcb03f38a,69aefaccbf52402fcb03f38a,spotlight_PROLIFIC,,36,Chile,Spanish,"Spanish, English, Japanese",Japanese,Spanish:75|English:15|Japanese:10,100,Spanish:50|English:35|Japanese:15,100,Spanish:80|English:10|Japanese:10,100,7,5,Bachelor's,10,10,10,7,7,10,5,22,8,15,Duolingo,130,,,,,17,25,B1,intermediate|advanced,intermediate|advanced,cambridge_15_21_random_intermediate_advanced,4,19,random,,403.265625,730.4375,423.265625,755.46875,8,4,,,,,,,,,,,,2026-09-22T16:00:40.289Z,HM6QAFBU,2026-09-22,2026-09-22,13:00:40,2026-09-22 13:00:40,,,,,,,,69aefaccbf52402fcb03f38a,69aefaccbf52402fcb03f38a,,,,
26384,hover_association,2,3,adv,25,4,18,19,111, be ,736,401,,69aefaccbf52402fcb03f38a,69aefaccbf52402fcb03f38a,advanced,4,69aefaccbf52402fcb03f38a,69aefaccbf52402fcb03f38a,spotlight_PROLIFIC,,36,Chile,Spanish,"Spanish, English, Japanese",Japanese,Spanish:75|English:15|Japanese:10,100,Spanish:50|English:35|Japanese:15,100,Spanish:80|English:10|Japanese:10,100,7,5,Bachelor's,10,10,10,7,7,10,5,22,8,15,Duolingo,130,,,,,17,25,B1,intermediate|advanced,intermediate|advanced,cambridge_15_21_random_intermediate_advanced,4,19,random,,393.265625,730.4375,433.265625,755.46875,8,4,hover,33.10000002384186,33.10000002384186,0.9812734082397003,0.168359375,165,,,,,,2026-09-22T16:00:40.289Z,HM6QAFBU,2026-09-22,2026-09-22,13:00:40,2026-09-22 13:00:40,,,,,,,,69aefaccbf52402fcb03f38a,69aefaccbf52402fcb03f38a,,,,
26402,raw_position_sample,2,3,adv,25,4,18,19,112, because ,802,396,1725253.1000000238,69aefaccbf52402fcb03f38a,69aefaccbf52402fcb03f38a,advanced,4,69aefaccbf52402fcb03f38a,69aefaccbf52402fcb03f38a,spotlight_PROLIFIC,,36,Chile,Spanish,"Spanish, English, Japanese",Japanese,Spanish:75|English:15|Japanese:10,100,Spanish:50|English:35|Japanese:15,100,Spanish:80|English:10|Japanese:10,100,7,5,Bachelor's,10,10,10,7,7,10,5,22,8,15,Duolingo,130,,,,,17,25,B1,intermediate|advanced,intermediate|advanced,cambridge_15_21_random_intermediate_advanced,4,19,random,,403.265625,755.46875,423.265625,828.53125,8,5,,,,,,,,,,,,2026-09-22T16:00:40.289Z,HM6QAFBU,2026-09-22,2026-09-22,13:00:40,2026-09-22 13:00:40,,,,,,,,69aefaccbf52402fcb03f38a,69aefaccbf52402fcb03f38a,,,,
26417,hover_association,2,3,adv,25,4,18,19,112, because ,778,398,,69aefaccbf52402fcb03f38a,69aefaccbf52402fcb03f38a,advanced,4,69aefaccbf52402fcb03f38a,69aefaccbf52402fcb03f38a,spotlight_PROLIFIC,,36,Chile,Spanish,"Spanish, English, Japanese",Japanese,Spanish:75|English:15|Japanese:10,100,Spanish:50|English:35|Japanese:15,100,Spanish:80|English:10|Japanese:10,100,7,5,Bachelor's,10,10,10,7,7,10,5,22,8,15,Duolingo,130,,,,,17,25,B1,intermediate|advanced,intermediate|advanced,cambridge_15_21_random_intermediate_advanced,4,19,random,,393.265625,755.46875,433.265625,828.53125,8,5,hover,33.299999952316284,33.299999952316284,0.636869118905047,0.068359375,165,,,,,,2026-09-22T16:00:40.289Z,HM6QAFBU,2026-09-22,2026-09-22,13:00:40,2026-09-22 13:00:40,,,,,,,,69aefaccbf52402fcb03f38a,69aefaccbf52402fcb03f38a,,,,
26434,hover_association,2,3,adv,25,4,18,19,113, of ,832,396,,69aefaccbf52402fcb03f38a,69aefaccbf52402fcb03f38a,advanced,4,69aefaccbf52402fcb03f38a,69aefaccbf52402fcb03f38a,spotlight_PROLIFIC,,36,Chile,Spanish,"Spanish, English, Japanese",Japanese,Spanish:75|English:15|Japanese:10,100,Spanish:50|English:35|Japanese:15,100,Spanish:80|English:10|Japanese:10,100,7,5,Bachelor's,10,10,10,7,7,10,5,22,8,15,Duolingo,130,,,,,17,25,B1,intermediate|advanced,intermediate|advanced,cambridge_15_21_random_intermediate_advanced,4,19,random,,393.265625,828.53125,433.265625,848.546875,8,6,hover,16.600000023841858,16.600000023841858,0.17330210772833723,0.068359375,165,,,,,,2026-09-22T16:00:40.289Z,HM6QAFBU,2026-09-22,2026-09-22,13:00:40,2026-09-22 13:00:40,,,,,,,,69aefaccbf52402fcb03f38a,69aefaccbf52402fcb03f38a,,,,
26450,raw_position_sample,2,3,adv,25,4,18,19,114, my ,864,397,1725301.6000000238,69aefaccbf52402fcb03f38a,69aefaccbf52402fcb03f38a,advanced,4,69aefaccbf52402fcb03f38a,69aefaccbf52402fcb03f38a,spotlight_PROLIFIC,,36,Chile,Spanish,"Spanish, English, Japanese",Japanese,Spanish:75|English:15|Japanese:10,100,Spanish:50|English:35|Japanese:15,100,Spanish:80|English:10|Japanese:10,100,7,5,Bachelor's,10,10,10,7,7,10,5,22,8,15,Duolingo,130,,,,,17,25,B1,intermediate|advanced,intermediate|advanced,cambridge_15_21_random_intermediate_advanced,4,19,random,,403.265625,848.546875,423.265625,877.546875,8,7,,,,,,,,,,,,2026-09-22T16:00:40.289Z,HM6QAFBU,2026-09-22,2026-09-22,13:00:40,2026-09-22 13:00:40,,,,,,,,69aefaccbf52402fcb03f38a,69aefaccbf52402fcb03f38a,,,,
26502,raw_position_sample,2,3,adv,25,4,18,19,114, my ,862,405,1725353.800000012,69aefaccbf52402fcb03f38a,69aefaccbf52402fcb03f38a,advanced,4,69aefaccbf52402fcb03f38a,69aefaccbf52402fcb03f38a,spotlight_PROLIFIC,,36,Chile,Spanish,"Spanish, English, Japanese",Japanese,Spanish:75|English:15|Japanese:10,100,Spanish:50|English:35|Japanese:15,100,Spanish:80|English:10|Japanese:10,100,7,5,Bachelor's,10,10,10,7,7,10,5,22,8,15,Duolingo,130,,,,,17,25,B1,intermediate|advanced,intermediate|advanced,cambridge_15_21_random_intermediate_advanced,4,19,random,,403.265625,848.546875,423.265625,877.546875,8,7,,,,,,,,,,,,2026-09-22T16:00:40.289Z,HM6QAFBU,2026-09-22,2026-09-22,13:00:40,2026-09-22 13:00:40,,,,,,,,69aefaccbf52402fcb03f38a,69aefaccbf52402fcb03f38a,,,,
26549,raw_position_sample,2,3,adv,25,4,18,19,114, my ,862,405,1725400.699999988,69aefaccbf52402fcb03f38a,69aefaccbf52402fcb03f38a,advanced,4,69aefaccbf52402fcb03f38a,69aefaccbf52402fcb03f38a,spotlight_PROLIFIC,,36,Chile,Spanish,"Spanish, English, Japanese",Japanese,Spanish:75|English:15|Japanese:10,100,Spanish:50|English:35|Japanese:15,100,Spanish:80|English:10|Japanese:10,100,7,5,Bachelor's,10,10,10,7,7,10,5,22,8,15,Duolingo,130,,,,,17,25,B1,intermediate|advanced,intermediate|advanced,cambridge_15_21_random_intermediate_advanced,4,19,random,,403.265625,848.546875,423.265625,877.546875,8,7,,,,,,,,,,,,2026-09-22T16:00:40.289Z,HM6QAFBU,2026-09-22,2026-09-22,13:00:40,2026-09-22 13:00:40,,,,,,,,69aefaccbf52402fcb03f38a,69aefaccbf52402fcb03f38a,,,,
26599,raw_position_sample,2,3,adv,25,4,18,19,114, my ,862,405,1725450.6000000238,69aefaccbf52402fcb03f38a,69aefaccbf52402fcb03f38a,advanced,4,69aefaccbf52402fcb03f38a,69aefaccbf52402fcb03f38a,spotlight_PROLIFIC,,36,Chile,Spanish,"Spanish, English, Japanese",Japanese,Spanish:75|English:15|Japanese:10,100,Spanish:50|English:35|Japanese:15,100,Spanish:80|English:10|Japanese:10,100,7,5,Bachelor's,10,10,10,7,7,10,5,22,8,15,Duolingo,130,,,,,17,25,B1,intermediate|advanced,intermediate|advanced,cambridge_15_21_random_intermediate_advanced,4,19,random,,403.265625,848.546875,423.265625,877.546875,8,7,,,,,,,,,,,,2026-09-22T16:00:40.289Z,HM6QAFBU,2026-09-22,2026-09-22,13:00:40,2026-09-22 13:00:40,,,,,,,,69aefaccbf52402fcb03f38a,69aefaccbf52402fcb03f38a,,,,
26662,raw_position_sample,2,3,adv,25,4,18,19,114, my ,862,405,1725513.800000012,69aefaccbf52402fcb03f38a,69aefaccbf52402fcb03f38a,advanced,4,69aefaccbf52402fcb03f38a,69aefaccbf52402fcb03f38a,spotlight_PROLIFIC,,36,Chile,Spanish,"Spanish, English, Japanese",Japanese,Spanish:75|English:15|Japanese:10,100,Spanish:50|English:35|Japanese:15,100,Spanish:80|English:10|Japanese:10,100,7,5,Bachelor's,10,10,10,7,7,10,5,22,8,15,Duolingo,130,,,,,17,25,B1,intermediate|advanced,intermediate|advanced,cambridge_15_21_random_intermediate_advanced,4,19,random,,403.265625,848.546875,423.265625,877.546875,8,7,,,,,,,,,,,,2026-09-22T16:00:40.289Z,HM6QAFBU,2026-09-22,2026-09-22,13:00:40,2026-09-22 13:00:40,,,,,,,,69aefaccbf52402fcb03f38a,69aefaccbf52402fcb03f38a,,,,
26700,raw_position_sample,2,3,adv,25,4,18,19,114, my ,862,405,1725551.5,69aefaccbf52402fcb03f38a,69aefaccbf52402fcb03f38a,advanced,4,69aefaccbf52402fcb03f38a,69aefaccbf52402fcb03f38a,spotlight_PROLIFIC,,36,Chile,Spanish,"Spanish, English, Japanese",Japanese,Spanish:75|English:15|Japanese:10,100,Spanish:50|English:35|Japanese:15,100,Spanish:80|English:10|Japanese:10,100,7,5,Bachelor's,10,10,10,7,7,10,5,22,8,15,Duolingo,130,,,,,17,25,B1,intermediate|advanced,intermediate|advanced,cambridge_15_21_random_intermediate_advanced,4,19,random,,403.265625,848.546875,423.265625,877.546875,8,7,,,,,,,,,,,,2026-09-22T16:00:40.289Z,HM6QAFBU,2026-09-22,2026-09-22,13:00:40,2026-09-22 13:00:40,,,,,,,,69aefaccbf52402fcb03f38a,69aefaccbf52402fcb03f38a,,,,
26763,raw_position_sample,2,3,adv,25,4,18,19,114, my ,862,405,1725614.699999988,69aefaccbf52402fcb03f38a,69aefaccbf52402fcb03f38a,advanced,4,69aefaccbf52402fcb03f38a,69aefaccbf52402fcb03f38a,spotlight_PROLIFIC,,36,Chile,Spanish,"Spanish, English, Japanese",Japanese,Spanish:75|English:15|Japanese:10,100,Spanish:50|English:35|Japanese:15,100,Spanish:80|English:10|Japanese:10,100,7,5,Bachelor's,10,10,10,7,7,10,5,22,8,15,Duolingo,130,,,,,17,25,B1,intermediate|advanced,intermediate|advanced,cambridge_15_21_random_intermediate_advanced,4,19,random,,403.265625,848.546875,423.265625,877.546875,8,7,,,,,,,,,,,,2026-09-22T16:00:40.289Z,HM6QAFBU,2026-09-22,2026-09-22,13:00:40,2026-09-22 13:00:40,,,,,,,,69aefaccbf52402fcb03f38a,69aefaccbf52402fcb03f38a,,,,
26801,raw_position_sample,2,3,adv,25,4,18,19,114, my ,862,405,1725652,69aefaccbf52402fcb03f38a,69aefaccbf52402fcb03f38a,advanced,4,69aefaccbf52402fcb03f38a,69aefaccbf52402fcb03f38a,spotlight_PROLIFIC,,36,Chile,Spanish,"Spanish, English, Japanese",Japanese,Spanish:75|English:15|Japanese:10,100,Spanish:50|English:35|Japanese:15,100,Spanish:80|English:10|Japanese:10,100,7,5,Bachelor's,10,10,10,7,7,10,5,22,8,15,Duolingo,130,,,,,17,25,B1,intermediate|advanced,intermediate|advanced,cambridge_15_21_random_intermediate_advanced,4,19,random,,403.265625,848.546875,423.265625,877.546875,8,7,,,,,,,,,,,,2026-09-22T16:00:40.289Z,HM6QAFBU,2026-09-22,2026-09-22,13:00:40,2026-09-22 13:00:40,,,,,,,,69aefaccbf52402fcb03f38a,69aefaccbf52402fcb03f38a,,,,
26847,raw_position_sample,2,3,adv,25,4,18,19,114, my ,862,405,1725698.699999988,69aefaccbf52402fcb03f38a,69aefaccbf52402fcb03f38a,advanced,4,69aefaccbf52402fcb03f38a,69aefaccbf52402fcb03f38a,spotlight_PROLIFIC,,36,Chile,Spanish,"Spanish, English, Japanese",Japanese,Spanish:75|English:15|Japanese:10,100,Spanish:50|English:35|Japanese:15,100,Spanish:80|English:10|Japanese:10,100,7,5,Bachelor's,10,10,10,7,7,10,5,22,8,15,Duolingo,130,,,,,17,25,B1,intermediate|advanced,intermediate|advanced,cambridge_15_21_random_intermediate_advanced,4,19,random,,403.265625,848.546875,423.265625,877.546875,8,7,,,,,,,,,,,,2026-09-22T16:00:40.289Z,HM6QAFBU,2026-09-22,2026-09-22,13:00:40,2026-09-22 13:00:40,,,,,,,,69aefaccbf52402fcb03f38a,69aefaccbf52402fcb03f38a,,,,
26902,raw_position_sample,2,3,adv,25,4,18,19,114, my ,862,401,1725753.3999999762,69aefaccbf52402fcb03f38a,69aefaccbf52402fcb03f38a,advanced,4,69aefaccbf52402fcb03f38a,69aefaccbf52402fcb03f38a,spotlight_PROLIFIC,,36,Chile,Spanish,"Spanish, English, Japanese",Japanese,Spanish:75|English:15|Japanese:10,100,Spanish:50|English:35|Japanese:15,100,Spanish:80|English:10|Japanese:10,100,7,5,Bachelor's,10,10,10,7,7,10,5,22,8,15,Duolingo,130,,,,,17,25,B1,intermediate|advanced,intermediate|advanced,cambridge_15_21_random_intermediate_advanced,4,19,random,,403.265625,848.546875,423.265625,877.546875,8,7,,,,,,,,,,,,2026-09-22T16:00:40.289Z,HM6QAFBU,2026-09-22,2026-09-22,13:00:40,2026-09-22 13:00:40,,,,,,,,69aefaccbf52402fcb03f38a,69aefaccbf52402fcb03f38a,,,,
26951,raw_position_sample,2,3,adv,25,4,18,19,114, my ,862,398,1725801.8999999762,69aefaccbf52402fcb03f38a,69aefaccbf52402fcb03f38a,advanced,4,69aefaccbf52402fcb03f38a,69aefaccbf52402fcb03f38a,spotlight_PROLIFIC,,36,Chile,Spanish,"Spanish, English, Japanese",Japanese,Spanish:75|English:15|Japanese:10,100,Spanish:50|English:35|Japanese:15,100,Spanish:80|English:10|Japanese:10,100,7,5,Bachelor's,10,10,10,7,7,10,5,22,8,15,Duolingo,130,,,,,17,25,B1,intermediate|advanced,intermediate|advanced,cambridge_15_21_random_intermediate_advanced,4,19,random,,403.265625,848.546875,423.265625,877.546875,8,7,,,,,,,,,,,,2026-09-22T16:00:40.289Z,HM6QAFBU,2026-09-22,2026-09-22,13:00:40,2026-09-22 13:00:40,,,,,,,,69aefaccbf52402fcb03f38a,69aefaccbf52402fcb03f38a,,,,
26999,raw_position_sample,2,3,adv,25,4,18,19,114, my ,862,398,1725850.699999988,69aefaccbf52402fcb03f38a,69aefaccbf52402fcb03f38a,advanced,4,69aefaccbf52402fcb03f38a,69aefaccbf52402fcb03f38a,spotlight_PROLIFIC,,36,Chile,Spanish,"Spanish, English, Japanese",Japanese,Spanish:75|English:15|Japanese:10,100,Spanish:50|English:35|Japanese:15,100,Spanish:80|English:10|Japanese:10,100,7,5,Bachelor's,10,10,10,7,7,10,5,22,8,15,Duolingo,130,,,,,17,25,B1,intermediate|advanced,intermediate|advanced,cambridge_15_21_random_intermediate_advanced,4,19,random,,403.265625,848.546875,423.265625,877.546875,8,7,,,,,,,,,,,,2026-09-22T16:00:40.289Z,HM6QAFBU,2026-09-22,2026-09-22,13:00:40,2026-09-22 13:00:40,,,,,,,,69aefaccbf52402fcb03f38a,69aefaccbf52402fcb03f38a,,,,
27062,raw_position_sample,2,3,adv,25,4,18,19,114, my ,862,398,1725913.699999988,69aefaccbf52402fcb03f38a,69aefaccbf52402fcb03f38a,advanced,4,69aefaccbf52402fcb03f38a,69aefaccbf52402fcb03f38a,spotlight_PROLIFIC,,36,Chile,Spanish,"Spanish, English, Japanese",Japanese,Spanish:75|English:15|Japanese:10,100,Spanish:50|English:35|Japanese:15,100,Spanish:80|English:10|Japanese:10,100,7,5,Bachelor's,10,10,10,7,7,10,5,22,8,15,Duolingo,130,,,,,17,25,B1,intermediate|advanced,intermediate|advanced,cambridge_15_21_random_intermediate_advanced,4,19,random,,403.265625,848.546875,423.265625,877.546875,8,7,,,,,,,,,,,,2026-09-22T16:00:40.289Z,HM6QAFBU,2026-09-22,2026-09-22,13:00:40,2026-09-22 13:00:40,,,,,,,,69aefaccbf52402fcb03f38a,69aefaccbf52402fcb03f38a,,,,
27098,raw_position_sample,2,3,adv,25,4,18,19,114, my ,863,399,1725949.699999988,69aefaccbf52402fcb03f38a,69aefaccbf52402fcb03f38a,advanced,4,69aefaccbf52402fcb03f38a,69aefaccbf52402fcb03f38a,spotlight_PROLIFIC,,36,Chile,Spanish,"Spanish, English, Japanese",Japanese,Spanish:75|English:15|Japanese:10,100,Spanish:50|English:35|Japanese:15,100,Spanish:80|English:10|Japanese:10,100,7,5,Bachelor's,10,10,10,7,7,10,5,22,8,15,Duolingo,130,,,,,17,25,B1,intermediate|advanced,intermediate|advanced,cambridge_15_21_random_intermediate_advanced,4,19,random,,403.265625,848.546875,423.265625,877.546875,8,7,,,,,,,,,,,,2026-09-22T16:00:40.289Z,HM6QAFBU,2026-09-22,2026-09-22,13:00:40,2026-09-22 13:00:40,,,,,,,,69aefaccbf52402fcb03f38a,69aefaccbf52402fcb03f38a,,,,
27119,hover_association,2,3,adv,25,4,18,19,114, my ,864,397,,69aefaccbf52402fcb03f38a,69aefaccbf52402fcb03f38a,advanced,4,69aefaccbf52402fcb03f38a,69aefaccbf52402fcb03f38a,spotlight_PROLIFIC,,36,Chile,Spanish,"Spanish, English, Japanese",Japanese,Spanish:75|English:15|Japanese:10,100,Spanish:50|English:35|Japanese:15,100,Spanish:80|English:10|Japanese:10,100,7,5,Bachelor's,10,10,10,7,7,10,5,22,8,15,Duolingo,130,,,,,17,25,B1,intermediate|advanced,intermediate|advanced,cambridge_15_21_random_intermediate_advanced,4,19,random,,393.265625,848.546875,433.265625,877.546875,8,7,hover,683.8999999761581,683.8999999761581,0.912176724137931,0.293359375,165,,,,,,2026-09-22T16:00:40.289Z,HM6QAFBU,2026-09-22,2026-09-22,13:00:40,2026-09-22 13:00:40,,,,,,,,69aefaccbf52402fcb03f38a,69aefaccbf52402fcb03f38a,,,,
27156,raw_position_sample,2,3,adv,25,4,18,19,115, feedback ,920,420,1726007.300000012,69aefaccbf52402fcb03f38a,69aefaccbf52402fcb03f38a,advanced,4,69aefaccbf52402fcb03f38a,69aefaccbf52402fcb03f38a,spotlight_PROLIFIC,,36,Chile,Spanish,"Spanish, English, Japanese",Japanese,Spanish:75|English:15|Japanese:10,100,Spanish:50|English:35|Japanese:15,100,Spanish:80|English:10|Japanese:10,100,7,5,Bachelor's,10,10,10,7,7,10,5,22,8,15,Duolingo,130,,,,,17,25,B1,intermediate|advanced,intermediate|advanced,cambridge_15_21_random_intermediate_advanced,4,19,random,,403.265625,877.546875,423.265625,955.609375,8,8,,,,,,,,,,,,2026-09-22T16:00:40.289Z,HM6QAFBU,2026-09-22,2026-09-22,13:00:40,2026-09-22 13:00:40,,,,,,,,69aefaccbf52402fcb03f38a,69aefaccbf52402fcb03f38a,,,,
27185,hover_association,2,3,adv,25,4,18,19,115, feedback ,888,411,,69aefaccbf52402fcb03f38a,69aefaccbf52402fcb03f38a,advanced,4,69aefaccbf52402fcb03f38a,69aefaccbf52402fcb03f38a,spotlight_PROLIFIC,,36,Chile,Spanish,"Spanish, English, Japanese",Japanese,Spanish:75|English:15|Japanese:10,100,Spanish:50|English:35|Japanese:15,100,Spanish:80|English:10|Japanese:10,100,7,5,Bachelor's,10,10,10,7,7,10,5,22,8,15,Duolingo,130,,,,,17,25,B1,intermediate|advanced,intermediate|advanced,cambridge_15_21_random_intermediate_advanced,4,19,random,,393.265625,877.546875,433.265625,955.609375,8,8,hover,66.60000002384186,66.60000002384186,0.8512810248198559,0.793359375,165,,,,,,2026-09-22T16:00:40.289Z,HM6QAFBU,2026-09-22,2026-09-22,13:00:40,2026-09-22 13:00:40,,,,,,,,69aefaccbf52402fcb03f38a,69aefaccbf52402fcb03f38a,,,,
27208,raw_position_sample,2,3,adv,25,4,18,19,116, or ,971,430,1726059,69aefaccbf52402fcb03f38a,69aefaccbf52402fcb03f38a,advanced,4,69aefaccbf52402fcb03f38a,69aefaccbf52402fcb03f38a,spotlight_PROLIFIC,,36,Chile,Spanish,"Spanish, English, Japanese",Japanese,Spanish:75|English:15|Japanese:10,100,Spanish:50|English:35|Japanese:15,100,Spanish:80|English:10|Japanese:10,100,7,5,Bachelor's,10,10,10,7,7,10,5,22,8,15,Duolingo,130,,,,,17,25,B1,intermediate|advanced,intermediate|advanced,cambridge_15_21_random_intermediate_advanced,4,19,random,,403.265625,955.609375,423.265625,976.625,8,9,,,,,,,,,,,,2026-09-22T16:00:40.289Z,HM6QAFBU,2026-09-22,2026-09-22,13:00:40,2026-09-22 13:00:40,,,,,,,,69aefaccbf52402fcb03f38a,69aefaccbf52402fcb03f38a,,,,
27218,hover_association,2,3,adv,25,4,18,19,116, or ,959,428,,69aefaccbf52402fcb03f38a,69aefaccbf52402fcb03f38a,advanced,4,69aefaccbf52402fcb03f38a,69aefaccbf52402fcb03f38a,spotlight_PROLIFIC,,36,Chile,Spanish,"Spanish, English, Japanese",Japanese,Spanish:75|English:15|Japanese:10,100,Spanish:50|English:35|Japanese:15,100,Spanish:80|English:10|Japanese:10,100,7,5,Bachelor's,10,10,10,7,7,10,5,22,8,15,Duolingo,130,,,,,17,25,B1,intermediate|advanced,intermediate|advanced,cambridge_15_21_random_intermediate_advanced,4,19,random,,393.265625,955.609375,433.265625,976.625,8,9,hover,33.19999998807907,33.19999998807907,0.7323420074349443,0.918359375,165,,,,,,2026-09-22T16:00:40.289Z,HM6QAFBU,2026-09-22,2026-09-22,13:00:40,2026-09-22 13:00:40,,,,,,,,69aefaccbf52402fcb03f38a,69aefaccbf52402fcb03f38a,,,,
27253,raw_position_sample,2,3,adv,25,4,18,19,117, why ,983,431,1726104.6000000238,69aefaccbf52402fcb03f38a,69aefaccbf52402fcb03f38a,advanced,4,69aefaccbf52402fcb03f38a,69aefaccbf52402fcb03f38a,spotlight_PROLIFIC,,36,Chile,Spanish,"Spanish, English, Japanese",Japanese,Spanish:75|English:15|Japanese:10,100,Spanish:50|English:35|Japanese:15,100,Spanish:80|English:10|Japanese:10,100,7,5,Bachelor's,10,10,10,7,7,10,5,22,8,15,Duolingo,130,,,,,17,25,B1,intermediate|advanced,intermediate|advanced,cambridge_15_21_random_intermediate_advanced,4,19,random,,403.265625,976.625,423.265625,1013.640625,8,10,,,,,,,,,,,,2026-09-22T16:00:40.289Z,HM6QAFBU,2026-09-22,2026-09-22,13:00:40,2026-09-22 13:00:40,,,,,,,,69aefaccbf52402fcb03f38a,69aefaccbf52402fcb03f38a,,,,
27298,raw_position_sample,2,3,adv,25,4,18,19,117, why ,983,431,1726149.300000012,69aefaccbf52402fcb03f38a,69aefaccbf52402fcb03f38a,advanced,4,69aefaccbf52402fcb03f38a,69aefaccbf52402fcb03f38a,spotlight_PROLIFIC,,36,Chile,Spanish,"Spanish, English, Japanese",Japanese,Spanish:75|English:15|Japanese:10,100,Spanish:50|English:35|Japanese:15,100,Spanish:80|English:10|Japanese:10,100,7,5,Bachelor's,10,10,10,7,7,10,5,22,8,15,Duolingo,130,,,,,17,25,B1,intermediate|advanced,intermediate|advanced,cambridge_15_21_random_intermediate_advanced,4,19,random,,403.265625,976.625,423.265625,1013.640625,8,10,,,,,,,,,,,,2026-09-22T16:00:40.289Z,HM6QAFBU,2026-09-22,2026-09-22,13:00:40,2026-09-22 13:00:40,,,,,,,,69aefaccbf52402fcb03f38a,69aefaccbf52402fcb03f38a,,,,
27349,raw_position_sample,2,3,adv,25,4,18,19,117, why ,983,431,1726200.300000012,69aefaccbf52402fcb03f38a,69aefaccbf52402fcb03f38a,advanced,4,69aefaccbf52402fcb03f38a,69aefaccbf52402fcb03f38a,spotlight_PROLIFIC,,36,Chile,Spanish,"Spanish, English, Japanese",Japanese,Spanish:75|English:15|Japanese:10,100,Spanish:50|English:35|Japanese:15,100,Spanish:80|English:10|Japanese:10,100,7,5,Bachelor's,10,10,10,7,7,10,5,22,8,15,Duolingo,130,,,,,17,25,B1,intermediate|advanced,intermediate|advanced,cambridge_15_21_random_intermediate_advanced,4,19,random,,403.265625,976.625,423.265625,1013.640625,8,10,,,,,,,,,,,,2026-09-22T16:00:40.289Z,HM6QAFBU,2026-09-22,2026-09-22,13:00:40,2026-09-22 13:00:40,,,,,,,,69aefaccbf52402fcb03f38a,69aefaccbf52402fcb03f38a,,,,
27400,raw_position_sample,2,3,adv,25,4,18,19,117, why ,983,431,1726250.8999999762,69aefaccbf52402fcb03f38a,69aefaccbf52402fcb03f38a,advanced,4,69aefaccbf52402fcb03f38a,69aefaccbf52402fcb03f38a,spotlight_PROLIFIC,,36,Chile,Spanish,"Spanish, English, Japanese",Japanese,Spanish:75|English:15|Japanese:10,100,Spanish:50|English:35|Japanese:15,100,Spanish:80|English:10|Japanese:10,100,7,5,Bachelor's,10,10,10,7,7,10,5,22,8,15,Duolingo,130,,,,,17,25,B1,intermediate|advanced,intermediate|advanced,cambridge_15_21_random_intermediate_advanced,4,19,random,,403.265625,976.625,423.265625,1013.640625,8,10,,,,,,,,,,,,2026-09-22T16:00:40.289Z,HM6QAFBU,2026-09-22,2026-09-22,13:00:40,2026-09-22 13:00:40,,,,,,,,69aefaccbf52402fcb03f38a,69aefaccbf52402fcb03f38a,,,,
27451,raw_position_sample,2,3,adv,25,4,18,19,117, why ,1005,425,1726302.5,69aefaccbf52402fcb03f38a,69aefaccbf52402fcb03f38a,advanced,4,69aefaccbf52402fcb03f38a,69aefaccbf52402fcb03f38a,spotlight_PROLIFIC,,36,Chile,Spanish,"Spanish, English, Japanese",Japanese,Spanish:75|English:15|Japanese:10,100,Spanish:50|English:35|Japanese:15,100,Spanish:80|English:10|Japanese:10,100,7,5,Bachelor's,10,10,10,7,7,10,5,22,8,15,Duolingo,130,,,,,17,25,B1,intermediate|advanced,intermediate|advanced,cambridge_15_21_random_intermediate_advanced,4,19,random,,403.265625,976.625,423.265625,1013.640625,8,10,,,,,,,,,,,,2026-09-22T16:00:40.289Z,HM6QAFBU,2026-09-22,2026-09-22,13:00:40,2026-09-22 13:00:40,,,,,,,,69aefaccbf52402fcb03f38a,69aefaccbf52402fcb03f38a,,,,
27501,raw_position_sample,2,3,adv,25,4,18,19,117, why ,1012,422,1726352.199999988,69aefaccbf52402fcb03f38a,69aefaccbf52402fcb03f38a,advanced,4,69aefaccbf52402fcb03f38a,69aefaccbf52402fcb03f38a,spotlight_PROLIFIC,,36,Chile,Spanish,"Spanish, English, Japanese",Japanese,Spanish:75|English:15|Japanese:10,100,Spanish:50|English:35|Japanese:15,100,Spanish:80|English:10|Japanese:10,100,7,5,Bachelor's,10,10,10,7,7,10,5,22,8,15,Duolingo,130,,,,,17,25,B1,intermediate|advanced,intermediate|advanced,cambridge_15_21_random_intermediate_advanced,4,19,random,,403.265625,976.625,423.265625,1013.640625,8,10,,,,,,,,,,,,2026-09-22T16:00:40.289Z,HM6QAFBU,2026-09-22,2026-09-22,13:00:40,2026-09-22 13:00:40,,,,,,,,69aefaccbf52402fcb03f38a,69aefaccbf52402fcb03f38a,,,,
27548,raw_position_sample,2,3,adv,25,4,18,19,117, why ,1013,421,1726399.5,69aefaccbf52402fcb03f38a,69aefaccbf52402fcb03f38a,advanced,4,69aefaccbf52402fcb03f38a,69aefaccbf52402fcb03f38a,spotlight_PROLIFIC,,36,Chile,Spanish,"Spanish, English, Japanese",Japanese,Spanish:75|English:15|Japanese:10,100,Spanish:50|English:35|Japanese:15,100,Spanish:80|English:10|Japanese:10,100,7,5,Bachelor's,10,10,10,7,7,10,5,22,8,15,Duolingo,130,,,,,17,25,B1,intermediate|advanced,intermediate|advanced,cambridge_15_21_random_intermediate_advanced,4,19,random,,403.265625,976.625,423.265625,1013.640625,8,10,,,,,,,,,,,,2026-09-22T16:00:40.289Z,HM6QAFBU,2026-09-22,2026-09-22,13:00:40,2026-09-22 13:00:40,,,,,,,,69aefaccbf52402fcb03f38a,69aefaccbf52402fcb03f38a,,,,
27601,raw_position_sample,2,3,adv,25,4,18,19,117, why ,1013,421,1726452.800000012,69aefaccbf52402fcb03f38a,69aefaccbf52402fcb03f38a,advanced,4,69aefaccbf52402fcb03f38a,69aefaccbf52402fcb03f38a,spotlight_PROLIFIC,,36,Chile,Spanish,"Spanish, English, Japanese",Japanese,Spanish:75|English:15|Japanese:10,100,Spanish:50|English:35|Japanese:15,100,Spanish:80|English:10|Japanese:10,100,7,5,Bachelor's,10,10,10,7,7,10,5,22,8,15,Duolingo,130,,,,,17,25,B1,intermediate|advanced,intermediate|advanced,cambridge_15_21_random_intermediate_advanced,4,19,random,,403.265625,976.625,423.265625,1013.640625,8,10,,,,,,,,,,,,2026-09-22T16:00:40.289Z,HM6QAFBU,2026-09-22,2026-09-22,13:00:40,2026-09-22 13:00:40,,,,,,,,69aefaccbf52402fcb03f38a,69aefaccbf52402fcb03f38a,,,,
27663,raw_position_sample,2,3,adv,25,4,18,19,117, why ,1013,421,1726514,69aefaccbf52402fcb03f38a,69aefaccbf52402fcb03f38a,advanced,4,69aefaccbf52402fcb03f38a,69aefaccbf52402fcb03f38a,spotlight_PROLIFIC,,36,Chile,Spanish,"Spanish, English, Japanese",Japanese,Spanish:75|English:15|Japanese:10,100,Spanish:50|English:35|Japanese:15,100,Spanish:80|English:10|Japanese:10,100,7,5,Bachelor's,10,10,10,7,7,10,5,22,8,15,Duolingo,130,,,,,17,25,B1,intermediate|advanced,intermediate|advanced,cambridge_15_21_random_intermediate_advanced,4,19,random,,403.265625,976.625,423.265625,1013.640625,8,10,,,,,,,,,,,,2026-09-22T16:00:40.289Z,HM6QAFBU,2026-09-22,2026-09-22,13:00:40,2026-09-22 13:00:40,,,,,,,,69aefaccbf52402fcb03f38a,69aefaccbf52402fcb03f38a,,,,
27694,hover_association,2,3,adv,25,4,18,19,117, why ,978,431,,69aefaccbf52402fcb03f38a,69aefaccbf52402fcb03f38a,advanced,4,69aefaccbf52402fcb03f38a,69aefaccbf52402fcb03f38a,spotlight_PROLIFIC,,36,Chile,Spanish,"Spanish, English, Japanese",Japanese,Spanish:75|English:15|Japanese:10,100,Spanish:50|English:35|Japanese:15,100,Spanish:80|English:10|Japanese:10,100,7,5,Bachelor's,10,10,10,7,7,10,5,22,8,15,Duolingo,130,,,,,17,25,B1,intermediate|advanced,intermediate|advanced,cambridge_15_21_random_intermediate_advanced,4,19,random,,393.265625,976.625,433.265625,1013.640625,8,10,hover,476.19999998807907,476.19999998807907,0.9826931194596876,0.693359375,165,,,,,,2026-09-22T16:00:40.289Z,HM6QAFBU,2026-09-22,2026-09-22,13:00:40,2026-09-22 13:00:40,,,,,,,,69aefaccbf52402fcb03f38a,69aefaccbf52402fcb03f38a,,,,
27697,raw_position_sample,2,3,adv,25,4,18,19,118, would ,1014,421,1726548.3999999762,69aefaccbf52402fcb03f38a,69aefaccbf52402fcb03f38a,advanced,4,69aefaccbf52402fcb03f38a,69aefaccbf52402fcb03f38a,spotlight_PROLIFIC,,36,Chile,Spanish,"Spanish, English, Japanese",Japanese,Spanish:75|English:15|Japanese:10,100,Spanish:50|English:35|Japanese:15,100,Spanish:80|English:10|Japanese:10,100,7,5,Bachelor's,10,10,10,7,7,10,5,22,8,15,Duolingo,130,,,,,17,25,B1,intermediate|advanced,intermediate|advanced,cambridge_15_21_random_intermediate_advanced,4,19,random,,403.265625,1013.640625,423.265625,1065.671875,8,11,,,,,,,,,,,,2026-09-22T16:00:40.289Z,HM6QAFBU,2026-09-22,2026-09-22,13:00:40,2026-09-22 13:00:40,,,,,,,,69aefaccbf52402fcb03f38a,69aefaccbf52402fcb03f38a,,,,
27737,hover_association,2,3,adv,25,4,18,19,118, would ,1014,421,,69aefaccbf52402fcb03f38a,69aefaccbf52402fcb03f38a,advanced,4,69aefaccbf52402fcb03f38a,69aefaccbf52402fcb03f38a,spotlight_PROLIFIC,,36,Chile,Spanish,"Spanish, English, Japanese",Japanese,Spanish:75|English:15|Japanese:10,100,Spanish:50|English:35|Japanese:15,100,Spanish:80|English:10|Japanese:10,100,7,5,Bachelor's,10,10,10,7,7,10,5,22,8,15,Duolingo,130,,,,,17,25,B1,intermediate|advanced,intermediate|advanced,cambridge_15_21_random_intermediate_advanced,4,19,random,,393.265625,1013.640625,433.265625,1065.671875,8,11,hover,40.80000001192093,40.80000001192093,0.5642642642642642,0.693359375,165,,,,,,2026-09-22T16:00:40.289Z,HM6QAFBU,2026-09-22,2026-09-22,13:00:40,2026-09-22 13:00:40,,,,,,,,69aefaccbf52402fcb03f38a,69aefaccbf52402fcb03f38a,,,,
27750,raw_position_sample,2,3,adv,25,4,18,19,119, they ,1070,421,1726601.300000012,69aefaccbf52402fcb03f38a,69aefaccbf52402fcb03f38a,advanced,4,69aefaccbf52402fcb03f38a,69aefaccbf52402fcb03f38a,spotlight_PROLIFIC,,36,Chile,Spanish,"Spanish, English, Japanese",Japanese,Spanish:75|English:15|Japanese:10,100,Spanish:50|English:35|Japanese:15,100,Spanish:80|English:10|Japanese:10,100,7,5,Bachelor's,10,10,10,7,7,10,5,22,8,15,Duolingo,130,,,,,17,25,B1,intermediate|advanced,intermediate|advanced,cambridge_15_21_random_intermediate_advanced,4,19,random,,403.265625,1065.671875,423.265625,1104.703125,8,12,,,,,,,,,,,,2026-09-22T16:00:40.289Z,HM6QAFBU,2026-09-22,2026-09-22,13:00:40,2026-09-22 13:00:40,,,,,,,,69aefaccbf52402fcb03f38a,69aefaccbf52402fcb03f38a,,,,
27769,hover_association,2,3,adv,25,4,18,19,119, they ,1070,421,,69aefaccbf52402fcb03f38a,69aefaccbf52402fcb03f38a,advanced,4,69aefaccbf52402fcb03f38a,69aefaccbf52402fcb03f38a,spotlight_PROLIFIC,,36,Chile,Spanish,"Spanish, English, Japanese",Japanese,Spanish:75|English:15|Japanese:10,100,Spanish:50|English:35|Japanese:15,100,Spanish:80|English:10|Japanese:10,100,7,5,Bachelor's,10,10,10,7,7,10,5,22,8,15,Duolingo,130,,,,,17,25,B1,intermediate|advanced,intermediate|advanced,cambridge_15_21_random_intermediate_advanced,4,19,random,,393.265625,1065.671875,433.265625,1104.703125,8,12,hover,33.10000002384186,33.10000002384186,0.5464371497197759,0.693359375,165,,,,,,2026-09-22T16:00:40.289Z,HM6QAFBU,2026-09-22,2026-09-22,13:00:40,2026-09-22 13:00:40,,,,,,,,69aefaccbf52402fcb03f38a,69aefaccbf52402fcb03f38a,,,,
27785,hover_association,2,3,adv,25,4,18,19,120, pay ,1118,424,,69aefaccbf52402fcb03f38a,69aefaccbf52402fcb03f38a,advanced,4,69aefaccbf52402fcb03f38a,69aefaccbf52402fcb03f38a,spotlight_PROLIFIC,,36,Chile,Spanish,"Spanish, English, Japanese",Japanese,Spanish:75|English:15|Japanese:10,100,Spanish:50|English:35|Japanese:15,100,Spanish:80|English:10|Japanese:10,100,7,5,Bachelor's,10,10,10,7,7,10,5,22,8,15,Duolingo,130,,,,,17,25,B1,intermediate|advanced,intermediate|advanced,cambridge_15_21_random_intermediate_advanced,4,19,random,,393.265625,1104.703125,433.265625,1138.734375,8,13,hover,16.5,16.5,0.3907254361799816,0.768359375,165,,,,,,2026-09-22T16:00:40.289Z,HM6QAFBU,2026-09-22,2026-09-22,13:00:40,2026-09-22 13:00:40,,,,,,,,69aefaccbf52402fcb03f38a,69aefaccbf52402fcb03f38a,,,,
27801,hover_association,2,3,adv,25,4,18,19,121, me ,1145,426,,69aefaccbf52402fcb03f38a,69aefaccbf52402fcb03f38a,advanced,4,69aefaccbf52402fcb03f38a,69aefaccbf52402fcb03f38a,spotlight_PROLIFIC,,36,Chile,Spanish,"Spanish, English, Japanese",Japanese,Spanish:75|English:15|Japanese:10,100,Spanish:50|English:35|Japanese:15,100,Spanish:80|English:10|Japanese:10,100,7,5,Bachelor's,10,10,10,7,7,10,5,22,8,15,Duolingo,130,,,,,17,25,B1,intermediate|advanced,intermediate|advanced,cambridge_15_21_random_intermediate_advanced,4,19,random,,393.265625,1138.734375,433.265625,1168.75,8,14,hover,16.80000001192093,16.80000001192093,0.20874544508068715,0.818359375,165,,,,,,2026-09-22T16:00:40.289Z,HM6QAFBU,2026-09-22,2026-09-22,13:00:40,2026-09-22 13:00:40,,,,,,,,69aefaccbf52402fcb03f38a,69aefaccbf52402fcb03f38a,,,,
27805,raw_position_sample,2,3,adv,25,4,18,19,122, to ,1172,426,1726656.300000012,69aefaccbf52402fcb03f38a,69aefaccbf52402fcb03f38a,advanced,4,69aefaccbf52402fcb03f38a,69aefaccbf52402fcb03f38a,spotlight_PROLIFIC,,36,Chile,Spanish,"Spanish, English, Japanese",Japanese,Spanish:75|English:15|Japanese:10,100,Spanish:50|English:35|Japanese:15,100,Spanish:80|English:10|Japanese:10,100,7,5,Bachelor's,10,10,10,7,7,10,5,22,8,15,Duolingo,130,,,,,17,25,B1,intermediate|advanced,intermediate|advanced,cambridge_15_21_random_intermediate_advanced,4,19,random,,403.265625,1168.75,423.265625,1188.765625,8,15,,,,,,,,,,,,2026-09-22T16:00:40.289Z,HM6QAFBU,2026-09-22,2026-09-22,13:00:40,2026-09-22 13:00:40,,,,,,,,69aefaccbf52402fcb03f38a,69aefaccbf52402fcb03f38a,,,,
27818,hover_association,2,3,adv,25,4,18,19,122, to ,1172,426,,69aefaccbf52402fcb03f38a,69aefaccbf52402fcb03f38a,advanced,4,69aefaccbf52402fcb03f38a,69aefaccbf52402fcb03f38a,spotlight_PROLIFIC,,36,Chile,Spanish,"Spanish, English, Japanese",Japanese,Spanish:75|English:15|Japanese:10,100,Spanish:50|English:35|Japanese:15,100,Spanish:80|English:10|Japanese:10,100,7,5,Bachelor's,10,10,10,7,7,10,5,22,8,15,Duolingo,130,,,,,17,25,B1,intermediate|advanced,intermediate|advanced,cambridge_15_21_random_intermediate_advanced,4,19,random,,393.265625,1168.75,433.265625,1188.765625,8,15,hover,16.69999998807907,16.69999998807907,0.16237314597970337,0.818359375,165,,,,,,2026-09-22T16:00:40.289Z,HM6QAFBU,2026-09-22,2026-09-22,13:00:40,2026-09-22 13:00:40,,,,,,,,69aefaccbf52402fcb03f38a,69aefaccbf52402fcb03f38a,,,,
27851,hover_association,2,3,adv,25,4,18,19,123, give ,1196,428,,69aefaccbf52402fcb03f38a,69aefaccbf52402fcb03f38a,advanced,4,69aefaccbf52402fcb03f38a,69aefaccbf52402fcb03f38a,spotlight_PROLIFIC,,36,Chile,Spanish,"Spanish, English, Japanese",Japanese,Spanish:75|English:15|Japanese:10,100,Spanish:50|English:35|Japanese:15,100,Spanish:80|English:10|Japanese:10,100,7,5,Bachelor's,10,10,10,7,7,10,5,22,8,15,Duolingo,130,,,,,17,25,B1,intermediate|advanced,intermediate|advanced,cambridge_15_21_random_intermediate_advanced,4,19,random,,393.265625,1188.765625,433.265625,1226.796875,8,16,hover,33.09999996423721,33.09999996423721,0.6898110106820049,0.868359375,165,,,,,,2026-09-22T16:00:40.289Z,HM6QAFBU,2026-09-22,2026-09-22,13:00:40,2026-09-22 13:00:40,,,,,,,,69aefaccbf52402fcb03f38a,69aefaccbf52402fcb03f38a,,,,
27855,raw_position_sample,2,3,adv,25,4,18,19,124, it? ,1230,428,1726706.5,69aefaccbf52402fcb03f38a,69aefaccbf52402fcb03f38a,advanced,4,69aefaccbf52402fcb03f38a,69aefaccbf52402fcb03f38a,spotlight_PROLIFIC,,36,Chile,Spanish,"Spanish, English, Japanese",Japanese,Spanish:75|English:15|Japanese:10,100,Spanish:50|English:35|Japanese:15,100,Spanish:80|English:10|Japanese:10,100,7,5,Bachelor's,10,10,10,7,7,10,5,22,8,15,Duolingo,130,,,,,17,25,B1,intermediate|advanced,intermediate|advanced,cambridge_15_21_random_intermediate_advanced,4,19,random,,403.265625,1226.796875,423.265625,1245.8125,8,17,,,,,,,,,,,,2026-09-22T16:00:40.289Z,HM6QAFBU,2026-09-22,2026-09-22,13:00:40,2026-09-22 13:00:40,,,,,,,,69aefaccbf52402fcb03f38a,69aefaccbf52402fcb03f38a,,,,
27901,raw_position_sample,2,3,adv,25,4,18,19,124, it? ,1239,428,1726752.5,69aefaccbf52402fcb03f38a,69aefaccbf52402fcb03f38a,advanced,4,69aefaccbf52402fcb03f38a,69aefaccbf52402fcb03f38a,spotlight_PROLIFIC,,36,Chile,Spanish,"Spanish, English, Japanese",Japanese,Spanish:75|English:15|Japanese:10,100,Spanish:50|English:35|Japanese:15,100,Spanish:80|English:10|Japanese:10,100,7,5,Bachelor's,10,10,10,7,7,10,5,22,8,15,Duolingo,130,,,,,17,25,B1,intermediate|advanced,intermediate|advanced,cambridge_15_21_random_intermediate_advanced,4,19,random,,403.265625,1226.796875,423.265625,1245.8125,8,17,,,,,,,,,,,,2026-09-22T16:00:40.289Z,HM6QAFBU,2026-09-22,2026-09-22,13:00:40,2026-09-22 13:00:40,,,,,,,,69aefaccbf52402fcb03f38a,69aefaccbf52402fcb03f38a,,,,
27948,raw_position_sample,2,3,adv,25,4,18,19,124, it? ,1239,428,1726799.3999999762,69aefaccbf52402fcb03f38a,69aefaccbf52402fcb03f38a,advanced,4,69aefaccbf52402fcb03f38a,69aefaccbf52402fcb03f38a,spotlight_PROLIFIC,,36,Chile,Spanish,"Spanish, English, Japanese",Japanese,Spanish:75|English:15|Japanese:10,100,Spanish:50|English:35|Japanese:15,100,Spanish:80|English:10|Japanese:10,100,7,5,Bachelor's,10,10,10,7,7,10,5,22,8,15,Duolingo,130,,,,,17,25,B1,intermediate|advanced,intermediate|advanced,cambridge_15_21_random_intermediate_advanced,4,19,random,,403.265625,1226.796875,423.265625,1245.8125,8,17,,,,,,,,,,,,2026-09-22T16:00:40.289Z,HM6QAFBU,2026-09-22,2026-09-22,13:00:40,2026-09-22 13:00:40,,,,,,,,69aefaccbf52402fcb03f38a,69aefaccbf52402fcb03f38a,,,,
27999,raw_position_sample,2,3,adv,25,4,18,19,124, it? ,1239,428,1726850.699999988,69aefaccbf52402fcb03f38a,69aefaccbf52402fcb03f38a,advanced,4,69aefaccbf52402fcb03f38a,69aefaccbf52402fcb03f38a,spotlight_PROLIFIC,,36,Chile,Spanish,"Spanish, English, Japanese",Japanese,Spanish:75|English:15|Japanese:10,100,Spanish:50|English:35|Japanese:15,100,Spanish:80|English:10|Japanese:10,100,7,5,Bachelor's,10,10,10,7,7,10,5,22,8,15,Duolingo,130,,,,,17,25,B1,intermediate|advanced,intermediate|advanced,cambridge_15_21_random_intermediate_advanced,4,19,random,,403.265625,1226.796875,423.265625,1245.8125,8,17,,,,,,,,,,,,2026-09-22T16:00:40.289Z,HM6QAFBU,2026-09-22,2026-09-22,13:00:40,2026-09-22 13:00:40,,,,,,,,69aefaccbf52402fcb03f38a,69aefaccbf52402fcb03f38a,,,,
28063,raw_position_sample,2,3,adv,25,4,18,19,124, it? ,1239,428,1726914.6000000238,69aefaccbf52402fcb03f38a,69aefaccbf52402fcb03f38a,advanced,4,69aefaccbf52402fcb03f38a,69aefaccbf52402fcb03f38a,spotlight_PROLIFIC,,36,Chile,Spanish,"Spanish, English, Japanese",Japanese,Spanish:75|English:15|Japanese:10,100,Spanish:50|English:35|Japanese:15,100,Spanish:80|English:10|Japanese:10,100,7,5,Bachelor's,10,10,10,7,7,10,5,22,8,15,Duolingo,130,,,,,17,25,B1,intermediate|advanced,intermediate|advanced,cambridge_15_21_random_intermediate_advanced,4,19,random,,403.265625,1226.796875,423.265625,1245.8125,8,17,,,,,,,,,,,,2026-09-22T16:00:40.289Z,HM6QAFBU,2026-09-22,2026-09-22,13:00:40,2026-09-22 13:00:40,,,,,,,,69aefaccbf52402fcb03f38a,69aefaccbf52402fcb03f38a,,,,
28100,raw_position_sample,2,3,adv,25,4,18,19,124, it? ,1239,428,1726951.199999988,69aefaccbf52402fcb03f38a,69aefaccbf52402fcb03f38a,advanced,4,69aefaccbf52402fcb03f38a,69aefaccbf52402fcb03f38a,spotlight_PROLIFIC,,36,Chile,Spanish,"Spanish, English, Japanese",Japanese,Spanish:75|English:15|Japanese:10,100,Spanish:50|English:35|Japanese:15,100,Spanish:80|English:10|Japanese:10,100,7,5,Bachelor's,10,10,10,7,7,10,5,22,8,15,Duolingo,130,,,,,17,25,B1,intermediate|advanced,intermediate|advanced,cambridge_15_21_random_intermediate_advanced,4,19,random,,403.265625,1226.796875,423.265625,1245.8125,8,17,,,,,,,,,,,,2026-09-22T16:00:40.289Z,HM6QAFBU,2026-09-22,2026-09-22,13:00:40,2026-09-22 13:00:40,,,,,,,,69aefaccbf52402fcb03f38a,69aefaccbf52402fcb03f38a,,,,
28163,raw_position_sample,2,3,adv,25,4,18,19,124, it? ,1239,428,1727014.5,69aefaccbf52402fcb03f38a,69aefaccbf52402fcb03f38a,advanced,4,69aefaccbf52402fcb03f38a,69aefaccbf52402fcb03f38a,spotlight_PROLIFIC,,36,Chile,Spanish,"Spanish, English, Japanese",Japanese,Spanish:75|English:15|Japanese:10,100,Spanish:50|English:35|Japanese:15,100,Spanish:80|English:10|Japanese:10,100,7,5,Bachelor's,10,10,10,7,7,10,5,22,8,15,Duolingo,130,,,,,17,25,B1,intermediate|advanced,intermediate|advanced,cambridge_15_21_random_intermediate_advanced,4,19,random,,403.265625,1226.796875,423.265625,1245.8125,8,17,,,,,,,,,,,,2026-09-22T16:00:40.289Z,HM6QAFBU,2026-09-22,2026-09-22,13:00:40,2026-09-22 13:00:40,,,,,,,,69aefaccbf52402fcb03f38a,69aefaccbf52402fcb03f38a,,,,
28201,raw_position_sample,2,3,adv,25,4,18,19,124, it? ,1239,428,1727051.8999999762,69aefaccbf52402fcb03f38a,69aefaccbf52402fcb03f38a,advanced,4,69aefaccbf52402fcb03f38a,69aefaccbf52402fcb03f38a,spotlight_PROLIFIC,,36,Chile,Spanish,"Spanish, English, Japanese",Japanese,Spanish:75|English:15|Japanese:10,100,Spanish:50|English:35|Japanese:15,100,Spanish:80|English:10|Japanese:10,100,7,5,Bachelor's,10,10,10,7,7,10,5,22,8,15,Duolingo,130,,,,,17,25,B1,intermediate|advanced,intermediate|advanced,cambridge_15_21_random_intermediate_advanced,4,19,random,,403.265625,1226.796875,423.265625,1245.8125,8,17,,,,,,,,,,,,2026-09-22T16:00:40.289Z,HM6QAFBU,2026-09-22,2026-09-22,13:00:40,2026-09-22 13:00:40,,,,,,,,69aefaccbf52402fcb03f38a,69aefaccbf52402fcb03f38a,,,,
28262,raw_position_sample,2,3,adv,25,4,18,19,124, it? ,1239,428,1727113,69aefaccbf52402fcb03f38a,69aefaccbf52402fcb03f38a,advanced,4,69aefaccbf52402fcb03f38a,69aefaccbf52402fcb03f38a,spotlight_PROLIFIC,,36,Chile,Spanish,"Spanish, English, Japanese",Japanese,Spanish:75|English:15|Japanese:10,100,Spanish:50|English:35|Japanese:15,100,Spanish:80|English:10|Japanese:10,100,7,5,Bachelor's,10,10,10,7,7,10,5,22,8,15,Duolingo,130,,,,,17,25,B1,intermediate|advanced,intermediate|advanced,cambridge_15_21_random_intermediate_advanced,4,19,random,,403.265625,1226.796875,423.265625,1245.8125,8,17,,,,,,,,,,,,2026-09-22T16:00:40.289Z,HM6QAFBU,2026-09-22,2026-09-22,13:00:40,2026-09-22 13:00:40,,,,,,,,69aefaccbf52402fcb03f38a,69aefaccbf52402fcb03f38a,,,,
28299,raw_position_sample,2,3,adv,25,4,18,19,124, it? ,1239,428,1727150.800000012,69aefaccbf52402fcb03f38a,69aefaccbf52402fcb03f38a,advanced,4,69aefaccbf52402fcb03f38a,69aefaccbf52402fcb03f38a,spotlight_PROLIFIC,,36,Chile,Spanish,"Spanish, English, Japanese",Japanese,Spanish:75|English:15|Japanese:10,100,Spanish:50|English:35|Japanese:15,100,Spanish:80|English:10|Japanese:10,100,7,5,Bachelor's,10,10,10,7,7,10,5,22,8,15,Duolingo,130,,,,,17,25,B1,intermediate|advanced,intermediate|advanced,cambridge_15_21_random_intermediate_advanced,4,19,random,,403.265625,1226.796875,423.265625,1245.8125,8,17,,,,,,,,,,,,2026-09-22T16:00:40.289Z,HM6QAFBU,2026-09-22,2026-09-22,13:00:40,2026-09-22 13:00:40,,,,,,,,69aefaccbf52402fcb03f38a,69aefaccbf52402fcb03f38a,,,,
28363,raw_position_sample,2,3,adv,25,4,18,19,124, it? ,1239,428,1727214.5,69aefaccbf52402fcb03f38a,69aefaccbf52402fcb03f38a,advanced,4,69aefaccbf52402fcb03f38a,69aefaccbf52402fcb03f38a,spotlight_PROLIFIC,,36,Chile,Spanish,"Spanish, English, Japanese",Japanese,Spanish:75|English:15|Japanese:10,100,Spanish:50|English:35|Japanese:15,100,Spanish:80|English:10|Japanese:10,100,7,5,Bachelor's,10,10,10,7,7,10,5,22,8,15,Duolingo,130,,,,,17,25,B1,intermediate|advanced,intermediate|advanced,cambridge_15_21_random_intermediate_advanced,4,19,random,,403.265625,1226.796875,423.265625,1245.8125,8,17,,,,,,,,,,,,2026-09-22T16:00:40.289Z,HM6QAFBU,2026-09-22,2026-09-22,13:00:40,2026-09-22 13:00:40,,,,,,,,69aefaccbf52402fcb03f38a,69aefaccbf52402fcb03f38a,,,,
28400,hover_association,2,3,adv,25,4,18,19,124, it? ,1230,428,,69aefaccbf52402fcb03f38a,69aefaccbf52402fcb03f38a,advanced,4,69aefaccbf52402fcb03f38a,69aefaccbf52402fcb03f38a,spotlight_PROLIFIC,,36,Chile,Spanish,"Spanish, English, Japanese",Japanese,Spanish:75|English:15|Japanese:10,100,Spanish:50|English:35|Japanese:15,100,Spanish:80|English:10|Japanese:10,100,7,5,Bachelor's,10,10,10,7,7,10,5,22,8,15,Duolingo,130,,,,,17,25,B1,intermediate|advanced,intermediate|advanced,cambridge_15_21_random_intermediate_advanced,4,19,random,,393.265625,1226.796875,433.265625,1248.9817708333333,8,17,hover,549.7000000476837,549.7000000476837,0.8655945533513353,0.743359375,165,,,,,,2026-09-22T16:00:40.289Z,HM6QAFBU,2026-09-22,2026-09-22,13:00:40,2026-09-22 13:00:40,,,,,,,,69aefaccbf52402fcb03f38a,69aefaccbf52402fcb03f38a,,,,
28401,raw_position_sample,2,3,adv,25,4,18,19,-1,999,1253,417,1727252.3999999762,69aefaccbf52402fcb03f38a,69aefaccbf52402fcb03f38a,advanced,4,69aefaccbf52402fcb03f38a,69aefaccbf52402fcb03f38a,spotlight_PROLIFIC,,36,Chile,Spanish,"Spanish, English, Japanese",Japanese,Spanish:75|English:15|Japanese:10,100,Spanish:50|English:35|Japanese:15,100,Spanish:80|English:10|Japanese:10,100,7,5,Bachelor's,10,10,10,7,7,10,5,22,8,15,Duolingo,130,,,,,17,25,B1,intermediate|advanced,intermediate|advanced,cambridge_15_21_random_intermediate_advanced,4,19,random,,,,,,,,,,,,,,,,,,,2026-09-22T16:00:40.289Z,HM6QAFBU,2026-09-22,2026-09-22,13:00:40,2026-09-22 13:00:40,,,,,,,,69aefaccbf52402fcb03f38a,69aefaccbf52402fcb03f38a,,,,
28451,raw_position_sample,2,3,adv,25,4,18,19,-1,999,1265,407,1727302.3999999762,69aefaccbf52402fcb03f38a,69aefaccbf52402fcb03f38a,advanced,4,69aefaccbf52402fcb03f38a,69aefaccbf52402fcb03f38a,spotlight_PROLIFIC,,36,Chile,Spanish,"Spanish, English, Japanese",Japanese,Spanish:75|English:15|Japanese:10,100,Spanish:50|English:35|Japanese:15,100,Spanish:80|English:10|Japanese:10,100,7,5,Bachelor's,10,10,10,7,7,10,5,22,8,15,Duolingo,130,,,,,17,25,B1,intermediate|advanced,intermediate|advanced,cambridge_15_21_random_intermediate_advanced,4,19,random,,,,,,,,,,,,,,,,,,,2026-09-22T16:00:40.289Z,HM6QAFBU,2026-09-22,2026-09-22,13:00:40,2026-09-22 13:00:40,,,,,,,,69aefaccbf52402fcb03f38a,69aefaccbf52402fcb03f38a,,,,
28497,raw_position_sample,2,3,adv,25,4,18,19,-1,999,1266,406,1727347.8999999762,69aefaccbf52402fcb03f38a,69aefaccbf52402fcb03f38a,advanced,4,69aefaccbf52402fcb03f38a,69aefaccbf52402fcb03f38a,spotlight_PROLIFIC,,36,Chile,Spanish,"Spanish, English, Japanese",Japanese,Spanish:75|English:15|Japanese:10,100,Spanish:50|English:35|Japanese:15,100,Spanish:80|English:10|Japanese:10,100,7,5,Bachelor's,10,10,10,7,7,10,5,22,8,15,Duolingo,130,,,,,17,25,B1,intermediate|advanced,intermediate|advanced,cambridge_15_21_random_intermediate_advanced,4,19,random,,,,,,,,,,,,,,,,,,,2026-09-22T16:00:40.289Z,HM6QAFBU,2026-09-22,2026-09-22,13:00:40,2026-09-22 13:00:40,,,,,,,,69aefaccbf52402fcb03f38a,69aefaccbf52402fcb03f38a,,,,
28551,raw_position_sample,2,3,adv,25,4,18,19,-1,999,1266,406,1727402.6000000238,69aefaccbf52402fcb03f38a,69aefaccbf52402fcb03f38a,advanced,4,69aefaccbf52402fcb03f38a,69aefaccbf52402fcb03f38a,spotlight_PROLIFIC,,36,Chile,Spanish,"Spanish, English, Japanese",Japanese,Spanish:75|English:15|Japanese:10,100,Spanish:50|English:35|Japanese:15,100,Spanish:80|English:10|Japanese:10,100,7,5,Bachelor's,10,10,10,7,7,10,5,22,8,15,Duolingo,130,,,,,17,25,B1,intermediate|advanced,intermediate|advanced,cambridge_15_21_random_intermediate_advanced,4,19,random,,,,,,,,,,,,,,,,,,,2026-09-22T16:00:40.289Z,HM6QAFBU,2026-09-22,2026-09-22,13:00:40,2026-09-22 13:00:40,,,,,,,,69aefaccbf52402fcb03f38a,69aefaccbf52402fcb03f38a,,,,
28600,raw_position_sample,2,3,adv,25,4,18,19,-1,999,1266,406,1727451.1000000238,69aefaccbf52402fcb03f38a,69aefaccbf52402fcb03f38a,advanced,4,69aefaccbf52402fcb03f38a,69aefaccbf52402fcb03f38a,spotlight_PROLIFIC,,36,Chile,Spanish,"Spanish, English, Japanese",Japanese,Spanish:75|English:15|Japanese:10,100,Spanish:50|English:35|Japanese:15,100,Spanish:80|English:10|Japanese:10,100,7,5,Bachelor's,10,10,10,7,7,10,5,22,8,15,Duolingo,130,,,,,17,25,B1,intermediate|advanced,intermediate|advanced,cambridge_15_21_random_intermediate_advanced,4,19,random,,,,,,,,,,,,,,,,,,,2026-09-22T16:00:40.289Z,HM6QAFBU,2026-09-22,2026-09-22,13:00:40,2026-09-22 13:00:40,,,,,,,,69aefaccbf52402fcb03f38a,69aefaccbf52402fcb03f38a,,,,
28647,raw_position_sample,2,3,adv,25,4,18,19,-1,999,1266,406,1727498.699999988,69aefaccbf52402fcb03f38a,69aefaccbf52402fcb03f38a,advanced,4,69aefaccbf52402fcb03f38a,69aefaccbf52402fcb03f38a,spotlight_PROLIFIC,,36,Chile,Spanish,"Spanish, English, Japanese",Japanese,Spanish:75|English:15|Japanese:10,100,Spanish:50|English:35|Japanese:15,100,Spanish:80|English:10|Japanese:10,100,7,5,Bachelor's,10,10,10,7,7,10,5,22,8,15,Duolingo,130,,,,,17,25,B1,intermediate|advanced,intermediate|advanced,cambridge_15_21_random_intermediate_advanced,4,19,random,,,,,,,,,,,,,,,,,,,2026-09-22T16:00:40.289Z,HM6QAFBU,2026-09-22,2026-09-22,13:00:40,2026-09-22 13:00:40,,,,,,,,69aefaccbf52402fcb03f38a,69aefaccbf52402fcb03f38a,,,,
28701,raw_position_sample,2,3,adv,25,4,18,19,-1,999,1266,406,1727552.5,69aefaccbf52402fcb03f38a,69aefaccbf52402fcb03f38a,advanced,4,69aefaccbf52402fcb03f38a,69aefaccbf52402fcb03f38a,spotlight_PROLIFIC,,36,Chile,Spanish,"Spanish, English, Japanese",Japanese,Spanish:75|English:15|Japanese:10,100,Spanish:50|English:35|Japanese:15,100,Spanish:80|English:10|Japanese:10,100,7,5,Bachelor's,10,10,10,7,7,10,5,22,8,15,Duolingo,130,,,,,17,25,B1,intermediate|advanced,intermediate|advanced,cambridge_15_21_random_intermediate_advanced,4,19,random,,,,,,,,,,,,,,,,,,,2026-09-22T16:00:40.289Z,HM6QAFBU,2026-09-22,2026-09-22,13:00:40,2026-09-22 13:00:40,,,,,,,,69aefaccbf52402fcb03f38a,69aefaccbf52402fcb03f38a,,,,
28750,raw_position_sample,2,3,adv,25,4,18,19,-1,999,1266,406,1727601,69aefaccbf52402fcb03f38a,69aefaccbf52402fcb03f38a,advanced,4,69aefaccbf52402fcb03f38a,69aefaccbf52402fcb03f38a,spotlight_PROLIFIC,,36,Chile,Spanish,"Spanish, English, Japanese",Japanese,Spanish:75|English:15|Japanese:10,100,Spanish:50|English:35|Japanese:15,100,Spanish:80|English:10|Japanese:10,100,7,5,Bachelor's,10,10,10,7,7,10,5,22,8,15,Duolingo,130,,,,,17,25,B1,intermediate|advanced,intermediate|advanced,cambridge_15_21_random_intermediate_advanced,4,19,random,,,,,,,,,,,,,,,,,,,2026-09-22T16:00:40.289Z,HM6QAFBU,2026-09-22,2026-09-22,13:00:40,2026-09-22 13:00:40,,,,,,,,69aefaccbf52402fcb03f38a,69aefaccbf52402fcb03f38a,,,,
28798,raw_position_sample,2,3,adv,25,4,18,19,-1,999,1266,406,1727648.8999999762,69aefaccbf52402fcb03f38a,69aefaccbf52402fcb03f38a,advanced,4,69aefaccbf52402fcb03f38a,69aefaccbf52402fcb03f38a,spotlight_PROLIFIC,,36,Chile,Spanish,"Spanish, English, Japanese",Japanese,Spanish:75|English:15|Japanese:10,100,Spanish:50|English:35|Japanese:15,100,Spanish:80|English:10|Japanese:10,100,7,5,Bachelor's,10,10,10,7,7,10,5,22,8,15,Duolingo,130,,,,,17,25,B1,intermediate|advanced,intermediate|advanced,cambridge_15_21_random_intermediate_advanced,4,19,random,,,,,,,,,,,,,,,,,,,2026-09-22T16:00:40.289Z,HM6QAFBU,2026-09-22,2026-09-22,13:00:40,2026-09-22 13:00:40,,,,,,,,69aefaccbf52402fcb03f38a,69aefaccbf52402fcb03f38a,,,,
28851,hover_association,2,3,adv,25,4,18,19,124, it? ,1230,404,,69aefaccbf52402fcb03f38a,69aefaccbf52402fcb03f38a,advanced,4,69aefaccbf52402fcb03f38a,69aefaccbf52402fcb03f38a,spotlight_PROLIFIC,,36,Chile,Spanish,"Spanish, English, Japanese",Japanese,Spanish:75|English:15|Japanese:10,100,Spanish:50|English:35|Japanese:15,100,Spanish:80|English:10|Japanese:10,100,7,5,Bachelor's,10,10,10,7,7,10,5,22,8,15,Duolingo,130,,,,,17,25,B1,intermediate|advanced,intermediate|advanced,cambridge_15_21_random_intermediate_advanced,4,19,random,,393.265625,1226.796875,433.265625,1248.9817708333333,8,17,hover,16.30000001192093,16.30000001192093,0.14438314356145138,0.268359375,165,,,,,,2026-09-22T16:00:40.289Z,HM6QAFBU,2026-09-22,2026-09-22,13:00:40,2026-09-22 13:00:40,,,,,,,,69aefaccbf52402fcb03f38a,69aefaccbf52402fcb03f38a,,,,
28854,raw_position_sample,2,3,adv,25,4,18,19,123, give ,1213,404,1727705.300000012,69aefaccbf52402fcb03f38a,69aefaccbf52402fcb03f38a,advanced,4,69aefaccbf52402fcb03f38a,69aefaccbf52402fcb03f38a,spotlight_PROLIFIC,,36,Chile,Spanish,"Spanish, English, Japanese",Japanese,Spanish:75|English:15|Japanese:10,100,Spanish:50|English:35|Japanese:15,100,Spanish:80|English:10|Japanese:10,100,7,5,Bachelor's,10,10,10,7,7,10,5,22,8,15,Duolingo,130,,,,,17,25,B1,intermediate|advanced,intermediate|advanced,cambridge_15_21_random_intermediate_advanced,4,19,random,,403.265625,1188.765625,423.265625,1226.796875,8,16,,,,,,,,,,,,2026-09-22T16:00:40.289Z,HM6QAFBU,2026-09-22,2026-09-22,13:00:40,2026-09-22 13:00:40,,,,,,,,69aefaccbf52402fcb03f38a,69aefaccbf52402fcb03f38a,,,,
28884,hover_association,2,3,adv,25,4,18,19,123, give ,1213,404,,69aefaccbf52402fcb03f38a,69aefaccbf52402fcb03f38a,advanced,4,69aefaccbf52402fcb03f38a,69aefaccbf52402fcb03f38a,spotlight_PROLIFIC,,36,Chile,Spanish,"Spanish, English, Japanese",Japanese,Spanish:75|English:15|Japanese:10,100,Spanish:50|English:35|Japanese:15,100,Spanish:80|English:10|Japanese:10,100,7,5,Bachelor's,10,10,10,7,7,10,5,22,8,15,Duolingo,130,,,,,17,25,B1,intermediate|advanced,intermediate|advanced,cambridge_15_21_random_intermediate_advanced,4,19,random,,393.265625,1188.765625,433.265625,1226.796875,8,16,hover,33,33,0.19022185702547248,0.218359375,165,,,,,,2026-09-22T16:00:40.289Z,HM6QAFBU,2026-09-22,2026-09-22,13:00:40,2026-09-22 13:00:40,,,,,,,,69aefaccbf52402fcb03f38a,69aefaccbf52402fcb03f38a,,,,
28907,raw_position_sample,2,3,adv,25,4,18,19,122, to ,1172,402,1727758.1000000238,69aefaccbf52402fcb03f38a,69aefaccbf52402fcb03f38a,advanced,4,69aefaccbf52402fcb03f38a,69aefaccbf52402fcb03f38a,spotlight_PROLIFIC,,36,Chile,Spanish,"Spanish, English, Japanese",Japanese,Spanish:75|English:15|Japanese:10,100,Spanish:50|English:35|Japanese:15,100,Spanish:80|English:10|Japanese:10,100,7,5,Bachelor's,10,10,10,7,7,10,5,22,8,15,Duolingo,130,,,,,17,25,B1,intermediate|advanced,intermediate|advanced,cambridge_15_21_random_intermediate_advanced,4,19,random,,403.265625,1168.75,423.265625,1188.765625,8,15,,,,,,,,,,,,2026-09-22T16:00:40.289Z,HM6QAFBU,2026-09-22,2026-09-22,13:00:40,2026-09-22 13:00:40,,,,,,,,69aefaccbf52402fcb03f38a,69aefaccbf52402fcb03f38a,,,,
28919,hover_association,2,3,adv,25,4,18,19,122, to ,1186,402,,69aefaccbf52402fcb03f38a,69aefaccbf52402fcb03f38a,advanced,4,69aefaccbf52402fcb03f38a,69aefaccbf52402fcb03f38a,spotlight_PROLIFIC,,36,Chile,Spanish,"Spanish, English, Japanese",Japanese,Spanish:75|English:15|Japanese:10,100,Spanish:50|English:35|Japanese:15,100,Spanish:80|English:10|Japanese:10,100,7,5,Bachelor's,10,10,10,7,7,10,5,22,8,15,Duolingo,130,,,,,17,25,B1,intermediate|advanced,intermediate|advanced,cambridge_15_21_random_intermediate_advanced,4,19,random,,393.265625,1168.75,433.265625,1188.765625,8,15,hover,33.89999997615814,33.89999997615814,0.16237314597970337,0.218359375,165,,,,,,2026-09-22T16:00:40.289Z,HM6QAFBU,2026-09-22,2026-09-22,13:00:40,2026-09-22 13:00:40,,,,,,,,69aefaccbf52402fcb03f38a,69aefaccbf52402fcb03f38a,,,,
28934,hover_association,2,3,adv,25,4,18,19,121, me ,1158,402,,69aefaccbf52402fcb03f38a,69aefaccbf52402fcb03f38a,advanced,4,69aefaccbf52402fcb03f38a,69aefaccbf52402fcb03f38a,spotlight_PROLIFIC,,36,Chile,Spanish,"Spanish, English, Japanese",Japanese,Spanish:75|English:15|Japanese:10,100,Spanish:50|English:35|Japanese:15,100,Spanish:80|English:10|Japanese:10,100,7,5,Bachelor's,10,10,10,7,7,10,5,22,8,15,Duolingo,130,,,,,17,25,B1,intermediate|advanced,intermediate|advanced,cambridge_15_21_random_intermediate_advanced,4,19,random,,393.265625,1138.734375,433.265625,1168.75,8,14,hover,16.200000047683716,16.200000047683716,0.6418532014575742,0.218359375,165,,,,,,2026-09-22T16:00:40.289Z,HM6QAFBU,2026-09-22,2026-09-22,13:00:40,2026-09-22 13:00:40,,,,,,,,69aefaccbf52402fcb03f38a,69aefaccbf52402fcb03f38a,,,,
28948,raw_position_sample,2,3,adv,25,4,18,19,120, pay ,1117,405,1727799.3999999762,69aefaccbf52402fcb03f38a,69aefaccbf52402fcb03f38a,advanced,4,69aefaccbf52402fcb03f38a,69aefaccbf52402fcb03f38a,spotlight_PROLIFIC,,36,Chile,Spanish,"Spanish, English, Japanese",Japanese,Spanish:75|English:15|Japanese:10,100,Spanish:50|English:35|Japanese:15,100,Spanish:80|English:10|Japanese:10,100,7,5,Bachelor's,10,10,10,7,7,10,5,22,8,15,Duolingo,130,,,,,17,25,B1,intermediate|advanced,intermediate|advanced,cambridge_15_21_random_intermediate_advanced,4,19,random,,403.265625,1104.703125,423.265625,1138.734375,8,13,,,,,,,,,,,,2026-09-22T16:00:40.289Z,HM6QAFBU,2026-09-22,2026-09-22,13:00:40,2026-09-22 13:00:40,,,,,,,,69aefaccbf52402fcb03f38a,69aefaccbf52402fcb03f38a,,,,
28950,hover_association,2,3,adv,25,4,18,19,120, pay ,1117,405,,69aefaccbf52402fcb03f38a,69aefaccbf52402fcb03f38a,advanced,4,69aefaccbf52402fcb03f38a,69aefaccbf52402fcb03f38a,spotlight_PROLIFIC,,36,Chile,Spanish,"Spanish, English, Japanese",Japanese,Spanish:75|English:15|Japanese:10,100,Spanish:50|English:35|Japanese:15,100,Spanish:80|English:10|Japanese:10,100,7,5,Bachelor's,10,10,10,7,7,10,5,22,8,15,Duolingo,130,,,,,17,25,B1,intermediate|advanced,intermediate|advanced,cambridge_15_21_random_intermediate_advanced,4,19,random,,393.265625,1104.703125,433.265625,1138.734375,8,13,hover,16.5,16.5,0.3613406795224977,0.293359375,165,,,,,,2026-09-22T16:00:40.289Z,HM6QAFBU,2026-09-22,2026-09-22,13:00:40,2026-09-22 13:00:40,,,,,,,,69aefaccbf52402fcb03f38a,69aefaccbf52402fcb03f38a,,,,
28967,hover_association,2,3,adv,25,4,18,19,119, they ,1084,411,,69aefaccbf52402fcb03f38a,69aefaccbf52402fcb03f38a,advanced,4,69aefaccbf52402fcb03f38a,69aefaccbf52402fcb03f38a,spotlight_PROLIFIC,,36,Chile,Spanish,"Spanish, English, Japanese",Japanese,Spanish:75|English:15|Japanese:10,100,Spanish:50|English:35|Japanese:15,100,Spanish:80|English:10|Japanese:10,100,7,5,Bachelor's,10,10,10,7,7,10,5,22,8,15,Duolingo,130,,,,,17,25,B1,intermediate|advanced,intermediate|advanced,cambridge_15_21_random_intermediate_advanced,4,19,random,,393.265625,1065.671875,433.265625,1104.703125,8,12,hover,16.399999976158142,16.399999976158142,0.46957566052842276,0.443359375,165,,,,,,2026-09-22T16:00:40.289Z,HM6QAFBU,2026-09-22,2026-09-22,13:00:40,2026-09-22 13:00:40,,,,,,,,69aefaccbf52402fcb03f38a,69aefaccbf52402fcb03f38a,,,,
29000,raw_position_sample,2,3,adv,25,4,18,19,118, would ,1044,418,1727851.3999999762,69aefaccbf52402fcb03f38a,69aefaccbf52402fcb03f38a,advanced,4,69aefaccbf52402fcb03f38a,69aefaccbf52402fcb03f38a,spotlight_PROLIFIC,,36,Chile,Spanish,"Spanish, English, Japanese",Japanese,Spanish:75|English:15|Japanese:10,100,Spanish:50|English:35|Japanese:15,100,Spanish:80|English:10|Japanese:10,100,7,5,Bachelor's,10,10,10,7,7,10,5,22,8,15,Duolingo,130,,,,,17,25,B1,intermediate|advanced,intermediate|advanced,cambridge_15_21_random_intermediate_advanced,4,19,random,,403.265625,1013.640625,423.265625,1065.671875,8,11,,,,,,,,,,,,2026-09-22T16:00:40.289Z,HM6QAFBU,2026-09-22,2026-09-22,13:00:40,2026-09-22 13:00:40,,,,,,,,69aefaccbf52402fcb03f38a,69aefaccbf52402fcb03f38a,,,,
29034,hover_association,2,3,adv,25,4,18,19,118, would ,1062,415,,69aefaccbf52402fcb03f38a,69aefaccbf52402fcb03f38a,advanced,4,69aefaccbf52402fcb03f38a,69aefaccbf52402fcb03f38a,spotlight_PROLIFIC,,36,Chile,Spanish,"Spanish, English, Japanese",Japanese,Spanish:75|English:15|Japanese:10,100,Spanish:50|English:35|Japanese:15,100,Spanish:80|English:10|Japanese:10,100,7,5,Bachelor's,10,10,10,7,7,10,5,22,8,15,Duolingo,130,,,,,17,25,B1,intermediate|advanced,intermediate|advanced,cambridge_15_21_random_intermediate_advanced,4,19,random,,393.265625,1013.640625,433.265625,1065.671875,8,11,hover,67,67,0.14144144144144144,0.668359375,165,,,,,,2026-09-22T16:00:40.289Z,HM6QAFBU,2026-09-22,2026-09-22,13:00:40,2026-09-22 13:00:40,,,,,,,,69aefaccbf52402fcb03f38a,69aefaccbf52402fcb03f38a,,,,
29052,raw_position_sample,2,3,adv,25,4,18,19,117, why ,996,420,1727903.3999999762,69aefaccbf52402fcb03f38a,69aefaccbf52402fcb03f38a,advanced,4,69aefaccbf52402fcb03f38a,69aefaccbf52402fcb03f38a,spotlight_PROLIFIC,,36,Chile,Spanish,"Spanish, English, Japanese",Japanese,Spanish:75|English:15|Japanese:10,100,Spanish:50|English:35|Japanese:15,100,Spanish:80|English:10|Japanese:10,100,7,5,Bachelor's,10,10,10,7,7,10,5,22,8,15,Duolingo,130,,,,,17,25,B1,intermediate|advanced,intermediate|advanced,cambridge_15_21_random_intermediate_advanced,4,19,random,,403.265625,976.625,423.265625,1013.640625,8,10,,,,,,,,,,,,2026-09-22T16:00:40.289Z,HM6QAFBU,2026-09-22,2026-09-22,13:00:40,2026-09-22 13:00:40,,,,,,,,69aefaccbf52402fcb03f38a,69aefaccbf52402fcb03f38a,,,,
29084,hover_association,2,3,adv,25,4,18,19,117, why ,1010,420,,69aefaccbf52402fcb03f38a,69aefaccbf52402fcb03f38a,advanced,4,69aefaccbf52402fcb03f38a,69aefaccbf52402fcb03f38a,spotlight_PROLIFIC,,36,Chile,Spanish,"Spanish, English, Japanese",Japanese,Spanish:75|English:15|Japanese:10,100,Spanish:50|English:35|Japanese:15,100,Spanish:80|English:10|Japanese:10,100,7,5,Bachelor's,10,10,10,7,7,10,5,22,8,15,Duolingo,130,,,,,17,25,B1,intermediate|advanced,intermediate|advanced,cambridge_15_21_random_intermediate_advanced,4,19,random,,393.265625,976.625,433.265625,1013.640625,8,10,hover,50,50,0.14520894892359645,0.668359375,165,,,,,,2026-09-22T16:00:40.289Z,HM6QAFBU,2026-09-22,2026-09-22,13:00:40,2026-09-22 13:00:40,,,,,,,,69aefaccbf52402fcb03f38a,69aefaccbf52402fcb03f38a,,,,
29100,hover_association,2,3,adv,25,4,18,19,116, or ,961,420,,69aefaccbf52402fcb03f38a,69aefaccbf52402fcb03f38a,advanced,4,69aefaccbf52402fcb03f38a,69aefaccbf52402fcb03f38a,spotlight_PROLIFIC,,36,Chile,Spanish,"Spanish, English, Japanese",Japanese,Spanish:75|English:15|Japanese:10,100,Spanish:50|English:35|Japanese:15,100,Spanish:80|English:10|Japanese:10,100,7,5,Bachelor's,10,10,10,7,7,10,5,22,8,15,Duolingo,130,,,,,17,25,B1,intermediate|advanced,intermediate|advanced,cambridge_15_21_random_intermediate_advanced,4,19,random,,393.265625,955.609375,433.265625,976.625,8,9,hover,16.69999998807907,16.69999998807907,0.25650557620817843,0.668359375,165,,,,,,2026-09-22T16:00:40.289Z,HM6QAFBU,2026-09-22,2026-09-22,13:00:40,2026-09-22 13:00:40,,,,,,,,69aefaccbf52402fcb03f38a,69aefaccbf52402fcb03f38a,,,,
29102,raw_position_sample,2,3,adv,25,4,18,19,115, feedback ,936,420,1727953.199999988,69aefaccbf52402fcb03f38a,69aefaccbf52402fcb03f38a,advanced,4,69aefaccbf52402fcb03f38a,69aefaccbf52402fcb03f38a,spotlight_PROLIFIC,,36,Chile,Spanish,"Spanish, English, Japanese",Japanese,Spanish:75|English:15|Japanese:10,100,Spanish:50|English:35|Japanese:15,100,Spanish:80|English:10|Japanese:10,100,7,5,Bachelor's,10,10,10,7,7,10,5,22,8,15,Duolingo,130,,,,,17,25,B1,intermediate|advanced,intermediate|advanced,cambridge_15_21_random_intermediate_advanced,4,19,random,,403.265625,877.546875,423.265625,955.609375,8,8,,,,,,,,,,,,2026-09-22T16:00:40.289Z,HM6QAFBU,2026-09-22,2026-09-22,13:00:40,2026-09-22 13:00:40,,,,,,,,69aefaccbf52402fcb03f38a,69aefaccbf52402fcb03f38a,,,,
29150,hover_association,2,3,adv,25,4,18,19,115, feedback ,936,420,,69aefaccbf52402fcb03f38a,69aefaccbf52402fcb03f38a,advanced,4,69aefaccbf52402fcb03f38a,69aefaccbf52402fcb03f38a,spotlight_PROLIFIC,,36,Chile,Spanish,"Spanish, English, Japanese",Japanese,Spanish:75|English:15|Japanese:10,100,Spanish:50|English:35|Japanese:15,100,Spanish:80|English:10|Japanese:10,100,7,5,Bachelor's,10,10,10,7,7,10,5,22,8,15,Duolingo,130,,,,,17,25,B1,intermediate|advanced,intermediate|advanced,cambridge_15_21_random_intermediate_advanced,4,19,random,,393.265625,877.546875,433.265625,955.609375,8,8,hover,50,50,0.1210968775020016,0.668359375,165,,,,,,2026-09-22T16:00:40.289Z,HM6QAFBU,2026-09-22,2026-09-22,13:00:40,2026-09-22 13:00:40,,,,,,,,69aefaccbf52402fcb03f38a,69aefaccbf52402fcb03f38a,,,,
29152,raw_position_sample,2,3,adv,25,4,18,19,114, my ,868,420,1728002.8999999762,69aefaccbf52402fcb03f38a,69aefaccbf52402fcb03f38a,advanced,4,69aefaccbf52402fcb03f38a,69aefaccbf52402fcb03f38a,spotlight_PROLIFIC,,36,Chile,Spanish,"Spanish, English, Japanese",Japanese,Spanish:75|English:15|Japanese:10,100,Spanish:50|English:35|Japanese:15,100,Spanish:80|English:10|Japanese:10,100,7,5,Bachelor's,10,10,10,7,7,10,5,22,8,15,Duolingo,130,,,,,17,25,B1,intermediate|advanced,intermediate|advanced,cambridge_15_21_random_intermediate_advanced,4,19,random,,403.265625,848.546875,423.265625,877.546875,8,7,,,,,,,,,,,,2026-09-22T16:00:40.289Z,HM6QAFBU,2026-09-22,2026-09-22,13:00:40,2026-09-22 13:00:40,,,,,,,,69aefaccbf52402fcb03f38a,69aefaccbf52402fcb03f38a,,,,
29167,hover_association,2,3,adv,25,4,18,19,114, my ,868,420,,69aefaccbf52402fcb03f38a,69aefaccbf52402fcb03f38a,advanced,4,69aefaccbf52402fcb03f38a,69aefaccbf52402fcb03f38a,spotlight_PROLIFIC,,36,Chile,Spanish,"Spanish, English, Japanese",Japanese,Spanish:75|English:15|Japanese:10,100,Spanish:50|English:35|Japanese:15,100,Spanish:80|English:10|Japanese:10,100,7,5,Bachelor's,10,10,10,7,7,10,5,22,8,15,Duolingo,130,,,,,17,25,B1,intermediate|advanced,intermediate|advanced,cambridge_15_21_random_intermediate_advanced,4,19,random,,393.265625,848.546875,433.265625,877.546875,8,7,hover,16.69999998807907,16.69999998807907,0.6707974137931034,0.668359375,165,,,,,,2026-09-22T16:00:40.289Z,HM6QAFBU,2026-09-22,2026-09-22,13:00:40,2026-09-22 13:00:40,,,,,,,,69aefaccbf52402fcb03f38a,69aefaccbf52402fcb03f38a,,,,
29184,hover_association,2,3,adv,25,4,18,19,113, of ,844,420,,69aefaccbf52402fcb03f38a,69aefaccbf52402fcb03f38a,advanced,4,69aefaccbf52402fcb03f38a,69aefaccbf52402fcb03f38a,spotlight_PROLIFIC,,36,Chile,Spanish,"Spanish, English, Japanese",Japanese,Spanish:75|English:15|Japanese:10,100,Spanish:50|English:35|Japanese:15,100,Spanish:80|English:10|Japanese:10,100,7,5,Bachelor's,10,10,10,7,7,10,5,22,8,15,Duolingo,130,,,,,17,25,B1,intermediate|advanced,intermediate|advanced,cambridge_15_21_random_intermediate_advanced,4,19,random,,393.265625,828.53125,433.265625,848.546875,8,6,hover,16.600000023841858,16.600000023841858,0.7728337236533958,0.668359375,165,,,,,,2026-09-22T16:00:40.289Z,HM6QAFBU,2026-09-22,2026-09-22,13:00:40,2026-09-22 13:00:40,,,,,,,,69aefaccbf52402fcb03f38a,69aefaccbf52402fcb03f38a,,,,
29201,raw_position_sample,2,3,adv,25,4,18,19,112, because ,822,420,1728052.699999988,69aefaccbf52402fcb03f38a,69aefaccbf52402fcb03f38a,advanced,4,69aefaccbf52402fcb03f38a,69aefaccbf52402fcb03f38a,spotlight_PROLIFIC,,36,Chile,Spanish,"Spanish, English, Japanese",Japanese,Spanish:75|English:15|Japanese:10,100,Spanish:50|English:35|Japanese:15,100,Spanish:80|English:10|Japanese:10,100,7,5,Bachelor's,10,10,10,7,7,10,5,22,8,15,Duolingo,130,,,,,17,25,B1,intermediate|advanced,intermediate|advanced,cambridge_15_21_random_intermediate_advanced,4,19,random,,403.265625,755.46875,423.265625,828.53125,8,5,,,,,,,,,,,,2026-09-22T16:00:40.289Z,HM6QAFBU,2026-09-22,2026-09-22,13:00:40,2026-09-22 13:00:40,,,,,,,,69aefaccbf52402fcb03f38a,69aefaccbf52402fcb03f38a,,,,
29234,hover_association,2,3,adv,25,4,18,19,112, because ,822,420,,69aefaccbf52402fcb03f38a,69aefaccbf52402fcb03f38a,advanced,4,69aefaccbf52402fcb03f38a,69aefaccbf52402fcb03f38a,spotlight_PROLIFIC,,36,Chile,Spanish,"Spanish, English, Japanese",Japanese,Spanish:75|English:15|Japanese:10,100,Spanish:50|English:35|Japanese:15,100,Spanish:80|English:10|Japanese:10,100,7,5,Bachelor's,10,10,10,7,7,10,5,22,8,15,Duolingo,130,,,,,17,25,B1,intermediate|advanced,intermediate|advanced,cambridge_15_21_random_intermediate_advanced,4,19,random,,393.265625,755.46875,433.265625,828.53125,8,5,hover,50.10000002384186,50.10000002384186,0.2125748502994012,0.768359375,165,,,,,,2026-09-22T16:00:40.289Z,HM6QAFBU,2026-09-22,2026-09-22,13:00:40,2026-09-22 13:00:40,,,,,,,,69aefaccbf52402fcb03f38a,69aefaccbf52402fcb03f38a,,,,
29251,hover_association,2,3,adv,25,4,18,19,111, be ,748,428,,69aefaccbf52402fcb03f38a,69aefaccbf52402fcb03f38a,advanced,4,69aefaccbf52402fcb03f38a,69aefaccbf52402fcb03f38a,spotlight_PROLIFIC,,36,Chile,Spanish,"Spanish, English, Japanese",Japanese,Spanish:75|English:15|Japanese:10,100,Spanish:50|English:35|Japanese:15,100,Spanish:80|English:10|Japanese:10,100,7,5,Bachelor's,10,10,10,7,7,10,5,22,8,15,Duolingo,130,,,,,17,25,B1,intermediate|advanced,intermediate|advanced,cambridge_15_21_random_intermediate_advanced,4,19,random,,393.265625,730.4375,433.265625,755.46875,8,4,hover,16.599999964237213,16.599999964237213,0.7016229712858927,0.868359375,165,,,,,,2026-09-22T16:00:40.289Z,HM6QAFBU,2026-09-22,2026-09-22,13:00:40,2026-09-22 13:00:40,,,,,,,,69aefaccbf52402fcb03f38a,69aefaccbf52402fcb03f38a,,,,
29253,raw_position_sample,2,3,adv,25,4,18,19,110, must ,730,433,1728104.699999988,69aefaccbf52402fcb03f38a,69aefaccbf52402fcb03f38a,advanced,4,69aefaccbf52402fcb03f38a,69aefaccbf52402fcb03f38a,spotlight_PROLIFIC,,36,Chile,Spanish,"Spanish, English, Japanese",Japanese,Spanish:75|English:15|Japanese:10,100,Spanish:50|English:35|Japanese:15,100,Spanish:80|English:10|Japanese:10,100,7,5,Bachelor's,10,10,10,7,7,10,5,22,8,15,Duolingo,130,,,,,17,25,B1,intermediate|advanced,intermediate|advanced,cambridge_15_21_random_intermediate_advanced,4,19,random,,403.265625,686.421875,423.265625,730.4375,8,3,,,,,,,,,,,,2026-09-22T16:00:40.289Z,HM6QAFBU,2026-09-22,2026-09-22,13:00:40,2026-09-22 13:00:40,,,,,,,,69aefaccbf52402fcb03f38a,69aefaccbf52402fcb03f38a,,,,
29269,hover_association,2,3,adv,25,4,18,19,110, must ,730,433,,69aefaccbf52402fcb03f38a,69aefaccbf52402fcb03f38a,advanced,4,69aefaccbf52402fcb03f38a,69aefaccbf52402fcb03f38a,spotlight_PROLIFIC,,36,Chile,Spanish,"Spanish, English, Japanese",Japanese,Spanish:75|English:15|Japanese:10,100,Spanish:50|English:35|Japanese:15,100,Spanish:80|English:10|Japanese:10,100,7,5,Bachelor's,10,10,10,7,7,10,5,22,8,15,Duolingo,130,,,,,17,25,B1,intermediate|advanced,intermediate|advanced,cambridge_15_21_random_intermediate_advanced,4,19,random,,393.265625,686.421875,433.265625,730.4375,8,3,hover,17.30000001192093,17.30000001192093,0.9900603478878239,0.993359375,165,,,,,,2026-09-22T16:00:40.289Z,HM6QAFBU,2026-09-22,2026-09-22,13:00:40,2026-09-22 13:00:40,,,,,,,,69aefaccbf52402fcb03f38a,69aefaccbf52402fcb03f38a,,,,
29303,raw_position_sample,2,3,adv,25,4,18,19,127, the ,698,446,1728154.800000012,69aefaccbf52402fcb03f38a,69aefaccbf52402fcb03f38a,advanced,4,69aefaccbf52402fcb03f38a,69aefaccbf52402fcb03f38a,spotlight_PROLIFIC,,36,Chile,Spanish,"Spanish, English, Japanese",Japanese,Spanish:75|English:15|Japanese:10,100,Spanish:50|English:35|Japanese:15,100,Spanish:80|English:10|Japanese:10,100,7,5,Bachelor's,10,10,10,7,7,10,5,22,8,15,Duolingo,130,,,,,17,25,B1,intermediate|advanced,intermediate|advanced,cambridge_15_21_random_intermediate_advanced,4,19,random,,443.265625,697.421875,463.265625,727.453125,9,3,,,,,,,,,,,,2026-09-22T16:00:40.289Z,HM6QAFBU,2026-09-22,2026-09-22,13:00:40,2026-09-22 13:00:40,,,,,,,,69aefaccbf52402fcb03f38a,69aefaccbf52402fcb03f38a,,,,
29317,hover_association,2,3,adv,25,4,18,19,127, the ,718,438,,69aefaccbf52402fcb03f38a,69aefaccbf52402fcb03f38a,advanced,4,69aefaccbf52402fcb03f38a,69aefaccbf52402fcb03f38a,spotlight_PROLIFIC,,36,Chile,Spanish,"Spanish, English, Japanese",Japanese,Spanish:75|English:15|Japanese:10,100,Spanish:50|English:35|Japanese:15,100,Spanish:80|English:10|Japanese:10,100,7,5,Bachelor's,10,10,10,7,7,10,5,22,8,15,Duolingo,130,,,,,17,25,B1,intermediate|advanced,intermediate|advanced,cambridge_15_21_random_intermediate_advanced,4,19,random,,433.265625,697.421875,473.265625,727.453125,9,3,hover,49.5,49.5,0.019250780437044746,0.318359375,165,,,,,,2026-09-22T16:00:40.289Z,HM6QAFBU,2026-09-22,2026-09-22,13:00:40,2026-09-22 13:00:40,,,,,,,,69aefaccbf52402fcb03f38a,69aefaccbf52402fcb03f38a,,,,
29352,hover_association,2,3,adv,25,4,18,19,126, of ,689,450,,69aefaccbf52402fcb03f38a,69aefaccbf52402fcb03f38a,advanced,4,69aefaccbf52402fcb03f38a,69aefaccbf52402fcb03f38a,spotlight_PROLIFIC,,36,Chile,Spanish,"Spanish, English, Japanese",Japanese,Spanish:75|English:15|Japanese:10,100,Spanish:50|English:35|Japanese:15,100,Spanish:80|English:10|Japanese:10,100,7,5,Bachelor's,10,10,10,7,7,10,5,22,8,15,Duolingo,130,,,,,17,25,B1,intermediate|advanced,intermediate|advanced,cambridge_15_21_random_intermediate_advanced,4,19,random,,433.265625,677.40625,473.265625,697.421875,9,2,hover,33.80000001192093,33.80000001192093,0.22950819672131148,0.493359375,165,,,,,,2026-09-22T16:00:40.289Z,HM6QAFBU,2026-09-22,2026-09-22,13:00:40,2026-09-22 13:00:40,,,,,,,,69aefaccbf52402fcb03f38a,69aefaccbf52402fcb03f38a,,,,
29357,raw_position_sample,2,3,adv,25,4,18,19,125, Some ,676,458,1728208.6000000238,69aefaccbf52402fcb03f38a,69aefaccbf52402fcb03f38a,advanced,4,69aefaccbf52402fcb03f38a,69aefaccbf52402fcb03f38a,spotlight_PROLIFIC,,36,Chile,Spanish,"Spanish, English, Japanese",Japanese,Spanish:75|English:15|Japanese:10,100,Spanish:50|English:35|Japanese:15,100,Spanish:80|English:10|Japanese:10,100,7,5,Bachelor's,10,10,10,7,7,10,5,22,8,15,Duolingo,130,,,,,17,25,B1,intermediate|advanced,intermediate|advanced,cambridge_15_21_random_intermediate_advanced,4,19,random,,443.265625,625.375,463.265625,677.40625,9,1,,,,,,,,,,,,2026-09-22T16:00:40.289Z,HM6QAFBU,2026-09-22,2026-09-22,13:00:40,2026-09-22 13:00:40,,,,,,,,69aefaccbf52402fcb03f38a,69aefaccbf52402fcb03f38a,,,,
29404,raw_position_sample,2,3,adv,25,4,18,19,125, Some ,668,463,1728255.199999988,69aefaccbf52402fcb03f38a,69aefaccbf52402fcb03f38a,advanced,4,69aefaccbf52402fcb03f38a,69aefaccbf52402fcb03f38a,spotlight_PROLIFIC,,36,Chile,Spanish,"Spanish, English, Japanese",Japanese,Spanish:75|English:15|Japanese:10,100,Spanish:50|English:35|Japanese:15,100,Spanish:80|English:10|Japanese:10,100,7,5,Bachelor's,10,10,10,7,7,10,5,22,8,15,Duolingo,130,,,,,17,25,B1,intermediate|advanced,intermediate|advanced,cambridge_15_21_random_intermediate_advanced,4,19,random,,443.265625,625.375,463.265625,677.40625,9,1,,,,,,,,,,,,2026-09-22T16:00:40.289Z,HM6QAFBU,2026-09-22,2026-09-22,13:00:40,2026-09-22 13:00:40,,,,,,,,69aefaccbf52402fcb03f38a,69aefaccbf52402fcb03f38a,,,,
29451,raw_position_sample,2,3,adv,25,4,18,19,125, Some ,667,463,1728302,69aefaccbf52402fcb03f38a,69aefaccbf52402fcb03f38a,advanced,4,69aefaccbf52402fcb03f38a,69aefaccbf52402fcb03f38a,spotlight_PROLIFIC,,36,Chile,Spanish,"Spanish, English, Japanese",Japanese,Spanish:75|English:15|Japanese:10,100,Spanish:50|English:35|Japanese:15,100,Spanish:80|English:10|Japanese:10,100,7,5,Bachelor's,10,10,10,7,7,10,5,22,8,15,Duolingo,130,,,,,17,25,B1,intermediate|advanced,intermediate|advanced,cambridge_15_21_random_intermediate_advanced,4,19,random,,443.265625,625.375,463.265625,677.40625,9,1,,,,,,,,,,,,2026-09-22T16:00:40.289Z,HM6QAFBU,2026-09-22,2026-09-22,13:00:40,2026-09-22 13:00:40,,,,,,,,69aefaccbf52402fcb03f38a,69aefaccbf52402fcb03f38a,,,,
29501,raw_position_sample,2,3,adv,25,4,18,19,125, Some ,667,463,1728351.8999999762,69aefaccbf52402fcb03f38a,69aefaccbf52402fcb03f38a,advanced,4,69aefaccbf52402fcb03f38a,69aefaccbf52402fcb03f38a,spotlight_PROLIFIC,,36,Chile,Spanish,"Spanish, English, Japanese",Japanese,Spanish:75|English:15|Japanese:10,100,Spanish:50|English:35|Japanese:15,100,Spanish:80|English:10|Japanese:10,100,7,5,Bachelor's,10,10,10,7,7,10,5,22,8,15,Duolingo,130,,,,,17,25,B1,intermediate|advanced,intermediate|advanced,cambridge_15_21_random_intermediate_advanced,4,19,random,,443.265625,625.375,463.265625,677.40625,9,1,,,,,,,,,,,,2026-09-22T16:00:40.289Z,HM6QAFBU,2026-09-22,2026-09-22,13:00:40,2026-09-22 13:00:40,,,,,,,,69aefaccbf52402fcb03f38a,69aefaccbf52402fcb03f38a,,,,
29548,raw_position_sample,2,3,adv,25,4,18,19,125, Some ,667,463,1728399.800000012,69aefaccbf52402fcb03f38a,69aefaccbf52402fcb03f38a,advanced,4,69aefaccbf52402fcb03f38a,69aefaccbf52402fcb03f38a,spotlight_PROLIFIC,,36,Chile,Spanish,"Spanish, English, Japanese",Japanese,Spanish:75|English:15|Japanese:10,100,Spanish:50|English:35|Japanese:15,100,Spanish:80|English:10|Japanese:10,100,7,5,Bachelor's,10,10,10,7,7,10,5,22,8,15,Duolingo,130,,,,,17,25,B1,intermediate|advanced,intermediate|advanced,cambridge_15_21_random_intermediate_advanced,4,19,random,,443.265625,625.375,463.265625,677.40625,9,1,,,,,,,,,,,,2026-09-22T16:00:40.289Z,HM6QAFBU,2026-09-22,2026-09-22,13:00:40,2026-09-22 13:00:40,,,,,,,,69aefaccbf52402fcb03f38a,69aefaccbf52402fcb03f38a,,,,
29601,raw_position_sample,2,3,adv,25,4,18,19,125, Some ,667,463,1728452.3999999762,69aefaccbf52402fcb03f38a,69aefaccbf52402fcb03f38a,advanced,4,69aefaccbf52402fcb03f38a,69aefaccbf52402fcb03f38a,spotlight_PROLIFIC,,36,Chile,Spanish,"Spanish, English, Japanese",Japanese,Spanish:75|English:15|Japanese:10,100,Spanish:50|English:35|Japanese:15,100,Spanish:80|English:10|Japanese:10,100,7,5,Bachelor's,10,10,10,7,7,10,5,22,8,15,Duolingo,130,,,,,17,25,B1,intermediate|advanced,intermediate|advanced,cambridge_15_21_random_intermediate_advanced,4,19,random,,443.265625,625.375,463.265625,677.40625,9,1,,,,,,,,,,,,2026-09-22T16:00:40.289Z,HM6QAFBU,2026-09-22,2026-09-22,13:00:40,2026-09-22 13:00:40,,,,,,,,69aefaccbf52402fcb03f38a,69aefaccbf52402fcb03f38a,,,,
29648,raw_position_sample,2,3,adv,25,4,18,19,125, Some ,667,463,1728499.800000012,69aefaccbf52402fcb03f38a,69aefaccbf52402fcb03f38a,advanced,4,69aefaccbf52402fcb03f38a,69aefaccbf52402fcb03f38a,spotlight_PROLIFIC,,36,Chile,Spanish,"Spanish, English, Japanese",Japanese,Spanish:75|English:15|Japanese:10,100,Spanish:50|English:35|Japanese:15,100,Spanish:80|English:10|Japanese:10,100,7,5,Bachelor's,10,10,10,7,7,10,5,22,8,15,Duolingo,130,,,,,17,25,B1,intermediate|advanced,intermediate|advanced,cambridge_15_21_random_intermediate_advanced,4,19,random,,443.265625,625.375,463.265625,677.40625,9,1,,,,,,,,,,,,2026-09-22T16:00:40.289Z,HM6QAFBU,2026-09-22,2026-09-22,13:00:40,2026-09-22 13:00:40,,,,,,,,69aefaccbf52402fcb03f38a,69aefaccbf52402fcb03f38a,,,,
29702,raw_position_sample,2,3,adv,25,4,18,19,125, Some ,667,463,1728553.300000012,69aefaccbf52402fcb03f38a,69aefaccbf52402fcb03f38a,advanced,4,69aefaccbf52402fcb03f38a,69aefaccbf52402fcb03f38a,spotlight_PROLIFIC,,36,Chile,Spanish,"Spanish, English, Japanese",Japanese,Spanish:75|English:15|Japanese:10,100,Spanish:50|English:35|Japanese:15,100,Spanish:80|English:10|Japanese:10,100,7,5,Bachelor's,10,10,10,7,7,10,5,22,8,15,Duolingo,130,,,,,17,25,B1,intermediate|advanced,intermediate|advanced,cambridge_15_21_random_intermediate_advanced,4,19,random,,443.265625,625.375,463.265625,677.40625,9,1,,,,,,,,,,,,2026-09-22T16:00:40.289Z,HM6QAFBU,2026-09-22,2026-09-22,13:00:40,2026-09-22 13:00:40,,,,,,,,69aefaccbf52402fcb03f38a,69aefaccbf52402fcb03f38a,,,,
29750,raw_position_sample,2,3,adv,25,4,18,19,125, Some ,667,463,1728601,69aefaccbf52402fcb03f38a,69aefaccbf52402fcb03f38a,advanced,4,69aefaccbf52402fcb03f38a,69aefaccbf52402fcb03f38a,spotlight_PROLIFIC,,36,Chile,Spanish,"Spanish, English, Japanese",Japanese,Spanish:75|English:15|Japanese:10,100,Spanish:50|English:35|Japanese:15,100,Spanish:80|English:10|Japanese:10,100,7,5,Bachelor's,10,10,10,7,7,10,5,22,8,15,Duolingo,130,,,,,17,25,B1,intermediate|advanced,intermediate|advanced,cambridge_15_21_random_intermediate_advanced,4,19,random,,443.265625,625.375,463.265625,677.40625,9,1,,,,,,,,,,,,2026-09-22T16:00:40.289Z,HM6QAFBU,2026-09-22,2026-09-22,13:00:40,2026-09-22 13:00:40,,,,,,,,69aefaccbf52402fcb03f38a,69aefaccbf52402fcb03f38a,,,,
29798,raw_position_sample,2,3,adv,25,4,18,19,125, Some ,667,463,1728649.300000012,69aefaccbf52402fcb03f38a,69aefaccbf52402fcb03f38a,advanced,4,69aefaccbf52402fcb03f38a,69aefaccbf52402fcb03f38a,spotlight_PROLIFIC,,36,Chile,Spanish,"Spanish, English, Japanese",Japanese,Spanish:75|English:15|Japanese:10,100,Spanish:50|English:35|Japanese:15,100,Spanish:80|English:10|Japanese:10,100,7,5,Bachelor's,10,10,10,7,7,10,5,22,8,15,Duolingo,130,,,,,17,25,B1,intermediate|advanced,intermediate|advanced,cambridge_15_21_random_intermediate_advanced,4,19,random,,443.265625,625.375,463.265625,677.40625,9,1,,,,,,,,,,,,2026-09-22T16:00:40.289Z,HM6QAFBU,2026-09-22,2026-09-22,13:00:40,2026-09-22 13:00:40,,,,,,,,69aefaccbf52402fcb03f38a,69aefaccbf52402fcb03f38a,,,,
29851,raw_position_sample,2,3,adv,25,4,18,19,125, Some ,667,463,1728702.199999988,69aefaccbf52402fcb03f38a,69aefaccbf52402fcb03f38a,advanced,4,69aefaccbf52402fcb03f38a,69aefaccbf52402fcb03f38a,spotlight_PROLIFIC,,36,Chile,Spanish,"Spanish, English, Japanese",Japanese,Spanish:75|English:15|Japanese:10,100,Spanish:50|English:35|Japanese:15,100,Spanish:80|English:10|Japanese:10,100,7,5,Bachelor's,10,10,10,7,7,10,5,22,8,15,Duolingo,130,,,,,17,25,B1,intermediate|advanced,intermediate|advanced,cambridge_15_21_random_intermediate_advanced,4,19,random,,443.265625,625.375,463.265625,677.40625,9,1,,,,,,,,,,,,2026-09-22T16:00:40.289Z,HM6QAFBU,2026-09-22,2026-09-22,13:00:40,2026-09-22 13:00:40,,,,,,,,69aefaccbf52402fcb03f38a,69aefaccbf52402fcb03f38a,,,,
29914,raw_position_sample,2,3,adv,25,4,18,19,125, Some ,667,463,1728765.300000012,69aefaccbf52402fcb03f38a,69aefaccbf52402fcb03f38a,advanced,4,69aefaccbf52402fcb03f38a,69aefaccbf52402fcb03f38a,spotlight_PROLIFIC,,36,Chile,Spanish,"Spanish, English, Japanese",Japanese,Spanish:75|English:15|Japanese:10,100,Spanish:50|English:35|Japanese:15,100,Spanish:80|English:10|Japanese:10,100,7,5,Bachelor's,10,10,10,7,7,10,5,22,8,15,Duolingo,130,,,,,17,25,B1,intermediate|advanced,intermediate|advanced,cambridge_15_21_random_intermediate_advanced,4,19,random,,443.265625,625.375,463.265625,677.40625,9,1,,,,,,,,,,,,2026-09-22T16:00:40.289Z,HM6QAFBU,2026-09-22,2026-09-22,13:00:40,2026-09-22 13:00:40,,,,,,,,69aefaccbf52402fcb03f38a,69aefaccbf52402fcb03f38a,,,,
29950,raw_position_sample,2,3,adv,25,4,18,19,125, Some ,667,463,1728801.199999988,69aefaccbf52402fcb03f38a,69aefaccbf52402fcb03f38a,advanced,4,69aefaccbf52402fcb03f38a,69aefaccbf52402fcb03f38a,spotlight_PROLIFIC,,36,Chile,Spanish,"Spanish, English, Japanese",Japanese,Spanish:75|English:15|Japanese:10,100,Spanish:50|English:35|Japanese:15,100,Spanish:80|English:10|Japanese:10,100,7,5,Bachelor's,10,10,10,7,7,10,5,22,8,15,Duolingo,130,,,,,17,25,B1,intermediate|advanced,intermediate|advanced,cambridge_15_21_random_intermediate_advanced,4,19,random,,443.265625,625.375,463.265625,677.40625,9,1,,,,,,,,,,,,2026-09-22T16:00:40.289Z,HM6QAFBU,2026-09-22,2026-09-22,13:00:40,2026-09-22 13:00:40,,,,,,,,69aefaccbf52402fcb03f38a,69aefaccbf52402fcb03f38a,,,,
29984,hover_association,2,3,adv,25,4,18,19,125, Some ,676,458,,69aefaccbf52402fcb03f38a,69aefaccbf52402fcb03f38a,advanced,4,69aefaccbf52402fcb03f38a,69aefaccbf52402fcb03f38a,spotlight_PROLIFIC,,36,Chile,Spanish,"Spanish, English, Japanese",Japanese,Spanish:75|English:15|Japanese:10,100,Spanish:50|English:35|Japanese:15,100,Spanish:80|English:10|Japanese:10,100,7,5,Bachelor's,10,10,10,7,7,10,5,22,8,15,Duolingo,130,,,,,17,25,B1,intermediate|advanced,intermediate|advanced,cambridge_15_21_random_intermediate_advanced,4,19,random,,433.265625,622.2057291666666,473.265625,677.40625,9,1,hover,632.5,632.5,0.8658300702929661,0.768359375,165,,,,,,2026-09-22T16:00:40.289Z,HM6QAFBU,2026-09-22,2026-09-22,13:00:40,2026-09-22 13:00:40,,,,,,,,69aefaccbf52402fcb03f38a,69aefaccbf52402fcb03f38a,,,,
30005,raw_position_sample,2,3,adv,25,4,18,19,126, of ,685,467,1728856.1000000238,69aefaccbf52402fcb03f38a,69aefaccbf52402fcb03f38a,advanced,4,69aefaccbf52402fcb03f38a,69aefaccbf52402fcb03f38a,spotlight_PROLIFIC,,36,Chile,Spanish,"Spanish, English, Japanese",Japanese,Spanish:75|English:15|Japanese:10,100,Spanish:50|English:35|Japanese:15,100,Spanish:80|English:10|Japanese:10,100,7,5,Bachelor's,10,10,10,7,7,10,5,22,8,15,Duolingo,130,,,,,17,25,B1,intermediate|advanced,intermediate|advanced,cambridge_15_21_random_intermediate_advanced,4,19,random,,443.265625,677.40625,463.265625,697.421875,9,2,,,,,,,,,,,,2026-09-22T16:00:40.289Z,HM6QAFBU,2026-09-22,2026-09-22,13:00:40,2026-09-22 13:00:40,,,,,,,,69aefaccbf52402fcb03f38a,69aefaccbf52402fcb03f38a,,,,
30035,hover_association,2,3,adv,25,4,18,19,126, of ,679,467,,69aefaccbf52402fcb03f38a,69aefaccbf52402fcb03f38a,advanced,4,69aefaccbf52402fcb03f38a,69aefaccbf52402fcb03f38a,spotlight_PROLIFIC,,36,Chile,Spanish,"Spanish, English, Japanese",Japanese,Spanish:75|English:15|Japanese:10,100,Spanish:50|English:35|Japanese:15,100,Spanish:80|English:10|Japanese:10,100,7,5,Bachelor's,10,10,10,7,7,10,5,22,8,15,Duolingo,130,,,,,17,25,B1,intermediate|advanced,intermediate|advanced,cambridge_15_21_random_intermediate_advanced,4,19,random,,433.265625,677.40625,473.265625,697.421875,9,2,hover,50.80000001192093,50.80000001192093,0.8290398126463701,0.868359375,165,,,,,,2026-09-22T16:00:40.289Z,HM6QAFBU,2026-09-22,2026-09-22,13:00:40,2026-09-22 13:00:40,,,,,,,,69aefaccbf52402fcb03f38a,69aefaccbf52402fcb03f38a,,,,
30055,raw_position_sample,2,3,adv,25,4,18,19,127, the ,716,468,1728906.6000000238,69aefaccbf52402fcb03f38a,69aefaccbf52402fcb03f38a,advanced,4,69aefaccbf52402fcb03f38a,69aefaccbf52402fcb03f38a,spotlight_PROLIFIC,,36,Chile,Spanish,"Spanish, English, Japanese",Japanese,Spanish:75|English:15|Japanese:10,100,Spanish:50|English:35|Japanese:15,100,Spanish:80|English:10|Japanese:10,100,7,5,Bachelor's,10,10,10,7,7,10,5,22,8,15,Duolingo,130,,,,,17,25,B1,intermediate|advanced,intermediate|advanced,cambridge_15_21_random_intermediate_advanced,4,19,random,,443.265625,697.421875,463.265625,727.453125,9,3,,,,,,,,,,,,2026-09-22T16:00:40.289Z,HM6QAFBU,2026-09-22,2026-09-22,13:00:40,2026-09-22 13:00:40,,,,,,,,69aefaccbf52402fcb03f38a,69aefaccbf52402fcb03f38a,,,,
30068,hover_association,2,3,adv,25,4,18,19,127, the ,706,468,,69aefaccbf52402fcb03f38a,69aefaccbf52402fcb03f38a,advanced,4,69aefaccbf52402fcb03f38a,69aefaccbf52402fcb03f38a,spotlight_PROLIFIC,,36,Chile,Spanish,"Spanish, English, Japanese",Japanese,Spanish:75|English:15|Japanese:10,100,Spanish:50|English:35|Japanese:15,100,Spanish:80|English:10|Japanese:10,100,7,5,Bachelor's,10,10,10,7,7,10,5,22,8,15,Duolingo,130,,,,,17,25,B1,intermediate|advanced,intermediate|advanced,cambridge_15_21_random_intermediate_advanced,4,19,random,,433.265625,697.421875,473.265625,727.453125,9,3,hover,33,33,0.6186264308012487,0.868359375,165,,,,,,2026-09-22T16:00:40.289Z,HM6QAFBU,2026-09-22,2026-09-22,13:00:40,2026-09-22 13:00:40,,,,,,,,69aefaccbf52402fcb03f38a,69aefaccbf52402fcb03f38a,,,,
30107,raw_position_sample,2,3,adv,25,4,18,19,128, retailers ,761,466,1728957.8999999762,69aefaccbf52402fcb03f38a,69aefaccbf52402fcb03f38a,advanced,4,69aefaccbf52402fcb03f38a,69aefaccbf52402fcb03f38a,spotlight_PROLIFIC,,36,Chile,Spanish,"Spanish, English, Japanese",Japanese,Spanish:75|English:15|Japanese:10,100,Spanish:50|English:35|Japanese:15,100,Spanish:80|English:10|Japanese:10,100,7,5,Bachelor's,10,10,10,7,7,10,5,22,8,15,Duolingo,130,,,,,17,25,B1,intermediate|advanced,intermediate|advanced,cambridge_15_21_random_intermediate_advanced,4,19,random,,443.265625,727.453125,463.265625,796.484375,9,4,,,,,,,,,,,,2026-09-22T16:00:40.289Z,HM6QAFBU,2026-09-22,2026-09-22,13:00:40,2026-09-22 13:00:40,,,,,,,,69aefaccbf52402fcb03f38a,69aefaccbf52402fcb03f38a,,,,
30152,hover_association,2,3,adv,25,4,18,19,128, retailers ,730,468,,69aefaccbf52402fcb03f38a,69aefaccbf52402fcb03f38a,advanced,4,69aefaccbf52402fcb03f38a,69aefaccbf52402fcb03f38a,spotlight_PROLIFIC,,36,Chile,Spanish,"Spanish, English, Japanese",Japanese,Spanish:75|English:15|Japanese:10,100,Spanish:50|English:35|Japanese:15,100,Spanish:80|English:10|Japanese:10,100,7,5,Bachelor's,10,10,10,7,7,10,5,22,8,15,Duolingo,130,,,,,17,25,B1,intermediate|advanced,intermediate|advanced,cambridge_15_21_random_intermediate_advanced,4,19,random,,433.265625,727.453125,473.265625,796.484375,9,4,hover,83.5,83.5,0.8191489361702128,0.743359375,165,,,,,,2026-09-22T16:00:40.289Z,HM6QAFBU,2026-09-22,2026-09-22,13:00:40,2026-09-22 13:00:40,,,,,,,,69aefaccbf52402fcb03f38a,69aefaccbf52402fcb03f38a,,,,
30157,raw_position_sample,2,3,adv,25,4,18,19,129, I ,797,463,1729008.300000012,69aefaccbf52402fcb03f38a,69aefaccbf52402fcb03f38a,advanced,4,69aefaccbf52402fcb03f38a,69aefaccbf52402fcb03f38a,spotlight_PROLIFIC,,36,Chile,Spanish,"Spanish, English, Japanese",Japanese,Spanish:75|English:15|Japanese:10,100,Spanish:50|English:35|Japanese:15,100,Spanish:80|English:10|Japanese:10,100,7,5,Bachelor's,10,10,10,7,7,10,5,22,8,15,Duolingo,130,,,,,17,25,B1,intermediate|advanced,intermediate|advanced,cambridge_15_21_random_intermediate_advanced,4,19,random,,443.265625,796.484375,463.265625,806.5,9,5,,,,,,,,,,,,2026-09-22T16:00:40.289Z,HM6QAFBU,2026-09-22,2026-09-22,13:00:40,2026-09-22 13:00:40,,,,,,,,69aefaccbf52402fcb03f38a,69aefaccbf52402fcb03f38a,,,,
30183,hover_association,2,3,adv,25,4,18,19,129, I ,797,463,,69aefaccbf52402fcb03f38a,69aefaccbf52402fcb03f38a,advanced,4,69aefaccbf52402fcb03f38a,69aefaccbf52402fcb03f38a,spotlight_PROLIFIC,,36,Chile,Spanish,"Spanish, English, Japanese",Japanese,Spanish:75|English:15|Japanese:10,100,Spanish:50|English:35|Japanese:15,100,Spanish:80|English:10|Japanese:10,100,7,5,Bachelor's,10,10,10,7,7,10,5,22,8,15,Duolingo,130,,,,,17,25,B1,intermediate|advanced,intermediate|advanced,cambridge_15_21_random_intermediate_advanced,4,19,random,,433.265625,796.484375,473.265625,806.5,9,5,hover,32.69999998807907,32.69999998807907,0.750390015600624,0.718359375,165,,,,,,2026-09-22T16:00:40.289Z,HM6QAFBU,2026-09-22,2026-09-22,13:00:40,2026-09-22 13:00:40,,,,,,,,69aefaccbf52402fcb03f38a,69aefaccbf52402fcb03f38a,,,,
30201,raw_position_sample,2,3,adv,25,4,18,19,130, shop ,817,462,1729052.8999999762,69aefaccbf52402fcb03f38a,69aefaccbf52402fcb03f38a,advanced,4,69aefaccbf52402fcb03f38a,69aefaccbf52402fcb03f38a,spotlight_PROLIFIC,,36,Chile,Spanish,"Spanish, English, Japanese",Japanese,Spanish:75|English:15|Japanese:10,100,Spanish:50|English:35|Japanese:15,100,Spanish:80|English:10|Japanese:10,100,7,5,Bachelor's,10,10,10,7,7,10,5,22,8,15,Duolingo,130,,,,,17,25,B1,intermediate|advanced,intermediate|advanced,cambridge_15_21_random_intermediate_advanced,4,19,random,,443.265625,806.5,463.265625,850.546875,9,6,,,,,,,,,,,,2026-09-22T16:00:40.289Z,HM6QAFBU,2026-09-22,2026-09-22,13:00:40,2026-09-22 13:00:40,,,,,,,,69aefaccbf52402fcb03f38a,69aefaccbf52402fcb03f38a,,,,
30256,raw_position_sample,2,3,adv,25,4,18,19,130, shop ,838,462,1729107.699999988,69aefaccbf52402fcb03f38a,69aefaccbf52402fcb03f38a,advanced,4,69aefaccbf52402fcb03f38a,69aefaccbf52402fcb03f38a,spotlight_PROLIFIC,,36,Chile,Spanish,"Spanish, English, Japanese",Japanese,Spanish:75|English:15|Japanese:10,100,Spanish:50|English:35|Japanese:15,100,Spanish:80|English:10|Japanese:10,100,7,5,Bachelor's,10,10,10,7,7,10,5,22,8,15,Duolingo,130,,,,,17,25,B1,intermediate|advanced,intermediate|advanced,cambridge_15_21_random_intermediate_advanced,4,19,random,,443.265625,806.5,463.265625,850.546875,9,6,,,,,,,,,,,,2026-09-22T16:00:40.289Z,HM6QAFBU,2026-09-22,2026-09-22,13:00:40,2026-09-22 13:00:40,,,,,,,,69aefaccbf52402fcb03f38a,69aefaccbf52402fcb03f38a,,,,
30305,raw_position_sample,2,3,adv,25,4,18,19,130, shop ,850,462,1729156,69aefaccbf52402fcb03f38a,69aefaccbf52402fcb03f38a,advanced,4,69aefaccbf52402fcb03f38a,69aefaccbf52402fcb03f38a,spotlight_PROLIFIC,,36,Chile,Spanish,"Spanish, English, Japanese",Japanese,Spanish:75|English:15|Japanese:10,100,Spanish:50|English:35|Japanese:15,100,Spanish:80|English:10|Japanese:10,100,7,5,Bachelor's,10,10,10,7,7,10,5,22,8,15,Duolingo,130,,,,,17,25,B1,intermediate|advanced,intermediate|advanced,cambridge_15_21_random_intermediate_advanced,4,19,random,,443.265625,806.5,463.265625,850.546875,9,6,,,,,,,,,,,,2026-09-22T16:00:40.289Z,HM6QAFBU,2026-09-22,2026-09-22,13:00:40,2026-09-22 13:00:40,,,,,,,,69aefaccbf52402fcb03f38a,69aefaccbf52402fcb03f38a,,,,
30318,hover_association,2,3,adv,25,4,18,19,130, shop ,809,462,,69aefaccbf52402fcb03f38a,69aefaccbf52402fcb03f38a,advanced,4,69aefaccbf52402fcb03f38a,69aefaccbf52402fcb03f38a,spotlight_PROLIFIC,,36,Chile,Spanish,"Spanish, English, Japanese",Japanese,Spanish:75|English:15|Japanese:10,100,Spanish:50|English:35|Japanese:15,100,Spanish:80|English:10|Japanese:10,100,7,5,Bachelor's,10,10,10,7,7,10,5,22,8,15,Duolingo,130,,,,,17,25,B1,intermediate|advanced,intermediate|advanced,cambridge_15_21_random_intermediate_advanced,4,19,random,,433.265625,806.5,473.265625,850.546875,9,6,hover,134,134,0.9875842497339482,0.718359375,165,,,,,,2026-09-22T16:00:40.289Z,HM6QAFBU,2026-09-22,2026-09-22,13:00:40,2026-09-22 13:00:40,,,,,,,,69aefaccbf52402fcb03f38a,69aefaccbf52402fcb03f38a,,,,
30351,hover_association,2,3,adv,25,4,18,19,131, at ,855,462,,69aefaccbf52402fcb03f38a,69aefaccbf52402fcb03f38a,advanced,4,69aefaccbf52402fcb03f38a,69aefaccbf52402fcb03f38a,spotlight_PROLIFIC,,36,Chile,Spanish,"Spanish, English, Japanese",Japanese,Spanish:75|English:15|Japanese:10,100,Spanish:50|English:35|Japanese:15,100,Spanish:80|English:10|Japanese:10,100,7,5,Bachelor's,10,10,10,7,7,10,5,22,8,15,Duolingo,130,,,,,17,25,B1,intermediate|advanced,intermediate|advanced,cambridge_15_21_random_intermediate_advanced,4,19,random,,433.265625,850.546875,473.265625,870.5625,9,7,hover,33.09999996423721,33.09999996423721,0.7220921155347385,0.793359375,165,,,,,,2026-09-22T16:00:40.289Z,HM6QAFBU,2026-09-22,2026-09-22,13:00:40,2026-09-22 13:00:40,,,,,,,,69aefaccbf52402fcb03f38a,69aefaccbf52402fcb03f38a,,,,
30354,raw_position_sample,2,3,adv,25,4,18,19,132, win ,876,466,1729205.8999999762,69aefaccbf52402fcb03f38a,69aefaccbf52402fcb03f38a,advanced,4,69aefaccbf52402fcb03f38a,69aefaccbf52402fcb03f38a,spotlight_PROLIFIC,,36,Chile,Spanish,"Spanish, English, Japanese",Japanese,Spanish:75|English:15|Japanese:10,100,Spanish:50|English:35|Japanese:15,100,Spanish:80|English:10|Japanese:10,100,7,5,Bachelor's,10,10,10,7,7,10,5,22,8,15,Duolingo,130,,,,,17,25,B1,intermediate|advanced,intermediate|advanced,cambridge_15_21_random_intermediate_advanced,4,19,random,,443.265625,870.5625,463.265625,902.578125,9,8,,,,,,,,,,,,2026-09-22T16:00:40.289Z,HM6QAFBU,2026-09-22,2026-09-22,13:00:40,2026-09-22 13:00:40,,,,,,,,69aefaccbf52402fcb03f38a,69aefaccbf52402fcb03f38a,,,,
30401,hover_association,2,3,adv,25,4,18,19,132, win ,876,466,,69aefaccbf52402fcb03f38a,69aefaccbf52402fcb03f38a,advanced,4,69aefaccbf52402fcb03f38a,69aefaccbf52402fcb03f38a,spotlight_PROLIFIC,,36,Chile,Spanish,"Spanish, English, Japanese",Japanese,Spanish:75|English:15|Japanese:10,100,Spanish:50|English:35|Japanese:15,100,Spanish:80|English:10|Japanese:10,100,7,5,Bachelor's,10,10,10,7,7,10,5,22,8,15,Duolingo,130,,,,,17,25,B1,intermediate|advanced,intermediate|advanced,cambridge_15_21_random_intermediate_advanced,4,19,random,,433.265625,870.5625,473.265625,902.578125,9,8,hover,50.30000001192093,50.30000001192093,0.7945339189848707,0.893359375,165,,,,,,2026-09-22T16:00:40.289Z,HM6QAFBU,2026-09-22,2026-09-22,13:00:40,2026-09-22 13:00:40,,,,,,,,69aefaccbf52402fcb03f38a,69aefaccbf52402fcb03f38a,,,,
30405,raw_position_sample,2,3,adv,25,4,18,19,133, awards ,907,471,1729256.199999988,69aefaccbf52402fcb03f38a,69aefaccbf52402fcb03f38a,advanced,4,69aefaccbf52402fcb03f38a,69aefaccbf52402fcb03f38a,spotlight_PROLIFIC,,36,Chile,Spanish,"Spanish, English, Japanese",Japanese,Spanish:75|English:15|Japanese:10,100,Spanish:50|English:35|Japanese:15,100,Spanish:80|English:10|Japanese:10,100,7,5,Bachelor's,10,10,10,7,7,10,5,22,8,15,Duolingo,130,,,,,17,25,B1,intermediate|advanced,intermediate|advanced,cambridge_15_21_random_intermediate_advanced,4,19,random,,443.265625,902.578125,463.265625,965.609375,9,9,,,,,,,,,,,,2026-09-22T16:00:40.289Z,HM6QAFBU,2026-09-22,2026-09-22,13:00:40,2026-09-22 13:00:40,,,,,,,,69aefaccbf52402fcb03f38a,69aefaccbf52402fcb03f38a,,,,
30455,raw_position_sample,2,3,adv,25,4,18,19,133, awards ,934,471,1729305.8999999762,69aefaccbf52402fcb03f38a,69aefaccbf52402fcb03f38a,advanced,4,69aefaccbf52402fcb03f38a,69aefaccbf52402fcb03f38a,spotlight_PROLIFIC,,36,Chile,Spanish,"Spanish, English, Japanese",Japanese,Spanish:75|English:15|Japanese:10,100,Spanish:50|English:35|Japanese:15,100,Spanish:80|English:10|Japanese:10,100,7,5,Bachelor's,10,10,10,7,7,10,5,22,8,15,Duolingo,130,,,,,17,25,B1,intermediate|advanced,intermediate|advanced,cambridge_15_21_random_intermediate_advanced,4,19,random,,443.265625,902.578125,463.265625,965.609375,9,9,,,,,,,,,,,,2026-09-22T16:00:40.289Z,HM6QAFBU,2026-09-22,2026-09-22,13:00:40,2026-09-22 13:00:40,,,,,,,,69aefaccbf52402fcb03f38a,69aefaccbf52402fcb03f38a,,,,
30502,hover_association,2,3,adv,25,4,18,19,133, awards ,907,471,,69aefaccbf52402fcb03f38a,69aefaccbf52402fcb03f38a,advanced,4,69aefaccbf52402fcb03f38a,69aefaccbf52402fcb03f38a,spotlight_PROLIFIC,,36,Chile,Spanish,"Spanish, English, Japanese",Japanese,Spanish:75|English:15|Japanese:10,100,Spanish:50|English:35|Japanese:15,100,Spanish:80|English:10|Japanese:10,100,7,5,Bachelor's,10,10,10,7,7,10,5,22,8,15,Duolingo,130,,,,,17,25,B1,intermediate|advanced,intermediate|advanced,cambridge_15_21_random_intermediate_advanced,4,19,random,,433.265625,902.578125,473.265625,965.609375,9,9,hover,99.80000001192093,99.80000001192093,0.8475458601883986,0.943359375,165,,,,,,2026-09-22T16:00:40.289Z,HM6QAFBU,2026-09-22,2026-09-22,13:00:40,2026-09-22 13:00:40,,,,,,,,69aefaccbf52402fcb03f38a,69aefaccbf52402fcb03f38a,,,,
30505,raw_position_sample,2,3,adv,25,4,18,19,134, for ,969,472,1729356.699999988,69aefaccbf52402fcb03f38a,69aefaccbf52402fcb03f38a,advanced,4,69aefaccbf52402fcb03f38a,69aefaccbf52402fcb03f38a,spotlight_PROLIFIC,,36,Chile,Spanish,"Spanish, English, Japanese",Japanese,Spanish:75|English:15|Japanese:10,100,Spanish:50|English:35|Japanese:15,100,Spanish:80|English:10|Japanese:10,100,7,5,Bachelor's,10,10,10,7,7,10,5,22,8,15,Duolingo,130,,,,,17,25,B1,intermediate|advanced,intermediate|advanced,cambridge_15_21_random_intermediate_advanced,4,19,random,,443.265625,965.609375,463.265625,991.625,9,10,,,,,,,,,,,,2026-09-22T16:00:40.289Z,HM6QAFBU,2026-09-22,2026-09-22,13:00:40,2026-09-22 13:00:40,,,,,,,,69aefaccbf52402fcb03f38a,69aefaccbf52402fcb03f38a,,,,
30551,hover_association,2,3,adv,25,4,18,19,134, for ,969,472,,69aefaccbf52402fcb03f38a,69aefaccbf52402fcb03f38a,advanced,4,69aefaccbf52402fcb03f38a,69aefaccbf52402fcb03f38a,spotlight_PROLIFIC,,36,Chile,Spanish,"Spanish, English, Japanese",Japanese,Spanish:75|English:15|Japanese:10,100,Spanish:50|English:35|Japanese:15,100,Spanish:80|English:10|Japanese:10,100,7,5,Bachelor's,10,10,10,7,7,10,5,22,8,15,Duolingo,130,,,,,17,25,B1,intermediate|advanced,intermediate|advanced,cambridge_15_21_random_intermediate_advanced,4,19,random,,433.265625,965.609375,473.265625,991.625,9,10,hover,49.89999997615814,49.89999997615814,0.7837837837837838,0.968359375,165,,,,,,2026-09-22T16:00:40.289Z,HM6QAFBU,2026-09-22,2026-09-22,13:00:40,2026-09-22 13:00:40,,,,,,,,69aefaccbf52402fcb03f38a,69aefaccbf52402fcb03f38a,,,,
30554,raw_position_sample,2,3,adv,25,4,18,19,135, customer ,994,472,1729405.699999988,69aefaccbf52402fcb03f38a,69aefaccbf52402fcb03f38a,advanced,4,69aefaccbf52402fcb03f38a,69aefaccbf52402fcb03f38a,spotlight_PROLIFIC,,36,Chile,Spanish,"Spanish, English, Japanese",Japanese,Spanish:75|English:15|Japanese:10,100,Spanish:50|English:35|Japanese:15,100,Spanish:80|English:10|Japanese:10,100,7,5,Bachelor's,10,10,10,7,7,10,5,22,8,15,Duolingo,130,,,,,17,25,B1,intermediate|advanced,intermediate|advanced,cambridge_15_21_random_intermediate_advanced,4,19,random,,443.265625,991.625,463.265625,1070.65625,9,11,,,,,,,,,,,,2026-09-22T16:00:40.289Z,HM6QAFBU,2026-09-22,2026-09-22,13:00:40,2026-09-22 13:00:40,,,,,,,,69aefaccbf52402fcb03f38a,69aefaccbf52402fcb03f38a,,,,
30622,raw_position_sample,2,3,adv,25,4,18,19,135, customer ,1018,468,1729473.199999988,69aefaccbf52402fcb03f38a,69aefaccbf52402fcb03f38a,advanced,4,69aefaccbf52402fcb03f38a,69aefaccbf52402fcb03f38a,spotlight_PROLIFIC,,36,Chile,Spanish,"Spanish, English, Japanese",Japanese,Spanish:75|English:15|Japanese:10,100,Spanish:50|English:35|Japanese:15,100,Spanish:80|English:10|Japanese:10,100,7,5,Bachelor's,10,10,10,7,7,10,5,22,8,15,Duolingo,130,,,,,17,25,B1,intermediate|advanced,intermediate|advanced,cambridge_15_21_random_intermediate_advanced,4,19,random,,443.265625,991.625,463.265625,1070.65625,9,11,,,,,,,,,,,,2026-09-22T16:00:40.289Z,HM6QAFBU,2026-09-22,2026-09-22,13:00:40,2026-09-22 13:00:40,,,,,,,,69aefaccbf52402fcb03f38a,69aefaccbf52402fcb03f38a,,,,
30650,raw_position_sample,2,3,adv,25,4,18,19,135, customer ,1019,468,1729501.1000000238,69aefaccbf52402fcb03f38a,69aefaccbf52402fcb03f38a,advanced,4,69aefaccbf52402fcb03f38a,69aefaccbf52402fcb03f38a,spotlight_PROLIFIC,,36,Chile,Spanish,"Spanish, English, Japanese",Japanese,Spanish:75|English:15|Japanese:10,100,Spanish:50|English:35|Japanese:15,100,Spanish:80|English:10|Japanese:10,100,7,5,Bachelor's,10,10,10,7,7,10,5,22,8,15,Duolingo,130,,,,,17,25,B1,intermediate|advanced,intermediate|advanced,cambridge_15_21_random_intermediate_advanced,4,19,random,,443.265625,991.625,463.265625,1070.65625,9,11,,,,,,,,,,,,2026-09-22T16:00:40.289Z,HM6QAFBU,2026-09-22,2026-09-22,13:00:40,2026-09-22 13:00:40,,,,,,,,69aefaccbf52402fcb03f38a,69aefaccbf52402fcb03f38a,,,,
30701,raw_position_sample,2,3,adv,25,4,18,19,135, customer ,1026,466,1729552.8999999762,69aefaccbf52402fcb03f38a,69aefaccbf52402fcb03f38a,advanced,4,69aefaccbf52402fcb03f38a,69aefaccbf52402fcb03f38a,spotlight_PROLIFIC,,36,Chile,Spanish,"Spanish, English, Japanese",Japanese,Spanish:75|English:15|Japanese:10,100,Spanish:50|English:35|Japanese:15,100,Spanish:80|English:10|Japanese:10,100,7,5,Bachelor's,10,10,10,7,7,10,5,22,8,15,Duolingo,130,,,,,17,25,B1,intermediate|advanced,intermediate|advanced,cambridge_15_21_random_intermediate_advanced,4,19,random,,443.265625,991.625,463.265625,1070.65625,9,11,,,,,,,,,,,,2026-09-22T16:00:40.289Z,HM6QAFBU,2026-09-22,2026-09-22,13:00:40,2026-09-22 13:00:40,,,,,,,,69aefaccbf52402fcb03f38a,69aefaccbf52402fcb03f38a,,,,
30750,raw_position_sample,2,3,adv,25,4,18,19,135, customer ,1028,466,1729601.6000000238,69aefaccbf52402fcb03f38a,69aefaccbf52402fcb03f38a,advanced,4,69aefaccbf52402fcb03f38a,69aefaccbf52402fcb03f38a,spotlight_PROLIFIC,,36,Chile,Spanish,"Spanish, English, Japanese",Japanese,Spanish:75|English:15|Japanese:10,100,Spanish:50|English:35|Japanese:15,100,Spanish:80|English:10|Japanese:10,100,7,5,Bachelor's,10,10,10,7,7,10,5,22,8,15,Duolingo,130,,,,,17,25,B1,intermediate|advanced,intermediate|advanced,cambridge_15_21_random_intermediate_advanced,4,19,random,,443.265625,991.625,463.265625,1070.65625,9,11,,,,,,,,,,,,2026-09-22T16:00:40.289Z,HM6QAFBU,2026-09-22,2026-09-22,13:00:40,2026-09-22 13:00:40,,,,,,,,69aefaccbf52402fcb03f38a,69aefaccbf52402fcb03f38a,,,,
30806,raw_position_sample,2,3,adv,25,4,18,19,135, customer ,1042,469,1729657.699999988,69aefaccbf52402fcb03f38a,69aefaccbf52402fcb03f38a,advanced,4,69aefaccbf52402fcb03f38a,69aefaccbf52402fcb03f38a,spotlight_PROLIFIC,,36,Chile,Spanish,"Spanish, English, Japanese",Japanese,Spanish:75|English:15|Japanese:10,100,Spanish:50|English:35|Japanese:15,100,Spanish:80|English:10|Japanese:10,100,7,5,Bachelor's,10,10,10,7,7,10,5,22,8,15,Duolingo,130,,,,,17,25,B1,intermediate|advanced,intermediate|advanced,cambridge_15_21_random_intermediate_advanced,4,19,random,,443.265625,991.625,463.265625,1070.65625,9,11,,,,,,,,,,,,2026-09-22T16:00:40.289Z,HM6QAFBU,2026-09-22,2026-09-22,13:00:40,2026-09-22 13:00:40,,,,,,,,69aefaccbf52402fcb03f38a,69aefaccbf52402fcb03f38a,,,,
30848,raw_position_sample,2,3,adv,25,4,18,19,135, customer ,1060,471,1729699.300000012,69aefaccbf52402fcb03f38a,69aefaccbf52402fcb03f38a,advanced,4,69aefaccbf52402fcb03f38a,69aefaccbf52402fcb03f38a,spotlight_PROLIFIC,,36,Chile,Spanish,"Spanish, English, Japanese",Japanese,Spanish:75|English:15|Japanese:10,100,Spanish:50|English:35|Japanese:15,100,Spanish:80|English:10|Japanese:10,100,7,5,Bachelor's,10,10,10,7,7,10,5,22,8,15,Duolingo,130,,,,,17,25,B1,intermediate|advanced,intermediate|advanced,cambridge_15_21_random_intermediate_advanced,4,19,random,,443.265625,991.625,463.265625,1070.65625,9,11,,,,,,,,,,,,2026-09-22T16:00:40.289Z,HM6QAFBU,2026-09-22,2026-09-22,13:00:40,2026-09-22 13:00:40,,,,,,,,69aefaccbf52402fcb03f38a,69aefaccbf52402fcb03f38a,,,,
30869,hover_association,2,3,adv,25,4,18,19,135, customer ,994,472,,69aefaccbf52402fcb03f38a,69aefaccbf52402fcb03f38a,advanced,4,69aefaccbf52402fcb03f38a,69aefaccbf52402fcb03f38a,spotlight_PROLIFIC,,36,Chile,Spanish,"Spanish, English, Japanese",Japanese,Spanish:75|English:15|Japanese:10,100,Spanish:50|English:35|Japanese:15,100,Spanish:80|English:10|Japanese:10,100,7,5,Bachelor's,10,10,10,7,7,10,5,22,8,15,Duolingo,130,,,,,17,25,B1,intermediate|advanced,intermediate|advanced,cambridge_15_21_random_intermediate_advanced,4,19,random,,433.265625,991.625,473.265625,1070.65625,9,11,hover,317.4000000357628,317.4000000357628,0.9916963226571768,0.968359375,165,,,,,,2026-09-22T16:00:40.289Z,HM6QAFBU,2026-09-22,2026-09-22,13:00:40,2026-09-22 13:00:40,,,,,,,,69aefaccbf52402fcb03f38a,69aefaccbf52402fcb03f38a,,,,
30906,raw_position_sample,2,3,adv,25,4,18,19,154, service ,1099,477,1729757.800000012,69aefaccbf52402fcb03f38a,69aefaccbf52402fcb03f38a,advanced,4,69aefaccbf52402fcb03f38a,69aefaccbf52402fcb03f38a,spotlight_PROLIFIC,,36,Chile,Spanish,"Spanish, English, Japanese",Japanese,Spanish:75|English:15|Japanese:10,100,Spanish:50|English:35|Japanese:15,100,Spanish:80|English:10|Japanese:10,100,7,5,Bachelor's,10,10,10,7,7,10,5,22,8,15,Duolingo,130,,,,,17,25,B1,intermediate|advanced,intermediate|advanced,cambridge_15_21_random_intermediate_advanced,4,19,random,,483.265625,1069.6875,503.265625,1131.703125,10,13,,,,,,,,,,,,2026-09-22T16:00:40.289Z,HM6QAFBU,2026-09-22,2026-09-22,13:00:40,2026-09-22 13:00:40,,,,,,,,69aefaccbf52402fcb03f38a,69aefaccbf52402fcb03f38a,,,,
30952,hover_association,2,3,adv,25,4,18,19,154, service ,1079,474,,69aefaccbf52402fcb03f38a,69aefaccbf52402fcb03f38a,advanced,4,69aefaccbf52402fcb03f38a,69aefaccbf52402fcb03f38a,spotlight_PROLIFIC,,36,Chile,Spanish,"Spanish, English, Japanese",Japanese,Spanish:75|English:15|Japanese:10,100,Spanish:50|English:35|Japanese:15,100,Spanish:80|English:10|Japanese:10,100,7,5,Bachelor's,10,10,10,7,7,10,5,22,8,15,Duolingo,130,,,,,17,25,B1,intermediate|advanced,intermediate|advanced,cambridge_15_21_random_intermediate_advanced,4,19,random,,473.265625,1069.6875,513.265625,1131.703125,10,13,hover,82.89999997615814,82.89999997615814,0.8757873519778282,0.093359375,165,,,,,,2026-09-22T16:00:40.289Z,HM6QAFBU,2026-09-22,2026-09-22,13:00:40,2026-09-22 13:00:40,,,,,,,,69aefaccbf52402fcb03f38a,69aefaccbf52402fcb03f38a,,,,
30957,raw_position_sample,2,3,adv,25,4,18,19,155, to ,1136,477,1729808.199999988,69aefaccbf52402fcb03f38a,69aefaccbf52402fcb03f38a,advanced,4,69aefaccbf52402fcb03f38a,69aefaccbf52402fcb03f38a,spotlight_PROLIFIC,,36,Chile,Spanish,"Spanish, English, Japanese",Japanese,Spanish:75|English:15|Japanese:10,100,Spanish:50|English:35|Japanese:15,100,Spanish:80|English:10|Japanese:10,100,7,5,Bachelor's,10,10,10,7,7,10,5,22,8,15,Duolingo,130,,,,,17,25,B1,intermediate|advanced,intermediate|advanced,cambridge_15_21_random_intermediate_advanced,4,19,random,,483.265625,1131.703125,503.265625,1151.71875,10,14,,,,,,,,,,,,2026-09-22T16:00:40.289Z,HM6QAFBU,2026-09-22,2026-09-22,13:00:40,2026-09-22 13:00:40,,,,,,,,69aefaccbf52402fcb03f38a,69aefaccbf52402fcb03f38a,,,,
30985,hover_association,2,3,adv,25,4,18,19,155, to ,1136,477,,69aefaccbf52402fcb03f38a,69aefaccbf52402fcb03f38a,advanced,4,69aefaccbf52402fcb03f38a,69aefaccbf52402fcb03f38a,spotlight_PROLIFIC,,36,Chile,Spanish,"Spanish, English, Japanese",Japanese,Spanish:75|English:15|Japanese:10,100,Spanish:50|English:35|Japanese:15,100,Spanish:80|English:10|Japanese:10,100,7,5,Bachelor's,10,10,10,7,7,10,5,22,8,15,Duolingo,130,,,,,17,25,B1,intermediate|advanced,intermediate|advanced,cambridge_15_21_random_intermediate_advanced,4,19,random,,473.265625,1131.703125,513.265625,1151.71875,10,14,hover,33.30000001192093,33.30000001192093,0.9141295862607338,0.093359375,165,,,,,,2026-09-22T16:00:40.289Z,HM6QAFBU,2026-09-22,2026-09-22,13:00:40,2026-09-22 13:00:40,,,,,,,,69aefaccbf52402fcb03f38a,69aefaccbf52402fcb03f38a,,,,
31007,raw_position_sample,2,3,adv,25,4,18,19,156, my ,1164,477,1729858.1000000238,69aefaccbf52402fcb03f38a,69aefaccbf52402fcb03f38a,advanced,4,69aefaccbf52402fcb03f38a,69aefaccbf52402fcb03f38a,spotlight_PROLIFIC,,36,Chile,Spanish,"Spanish, English, Japanese",Japanese,Spanish:75|English:15|Japanese:10,100,Spanish:50|English:35|Japanese:15,100,Spanish:80|English:10|Japanese:10,100,7,5,Bachelor's,10,10,10,7,7,10,5,22,8,15,Duolingo,130,,,,,17,25,B1,intermediate|advanced,intermediate|advanced,cambridge_15_21_random_intermediate_advanced,4,19,random,,483.265625,1151.71875,503.265625,1180.71875,10,15,,,,,,,,,,,,2026-09-22T16:00:40.289Z,HM6QAFBU,2026-09-22,2026-09-22,13:00:40,2026-09-22 13:00:40,,,,,,,,69aefaccbf52402fcb03f38a,69aefaccbf52402fcb03f38a,,,,
31057,raw_position_sample,2,3,adv,25,4,18,19,156, my ,1171,477,1729908,69aefaccbf52402fcb03f38a,69aefaccbf52402fcb03f38a,advanced,4,69aefaccbf52402fcb03f38a,69aefaccbf52402fcb03f38a,spotlight_PROLIFIC,,36,Chile,Spanish,"Spanish, English, Japanese",Japanese,Spanish:75|English:15|Japanese:10,100,Spanish:50|English:35|Japanese:15,100,Spanish:80|English:10|Japanese:10,100,7,5,Bachelor's,10,10,10,7,7,10,5,22,8,15,Duolingo,130,,,,,17,25,B1,intermediate|advanced,intermediate|advanced,cambridge_15_21_random_intermediate_advanced,4,19,random,,483.265625,1151.71875,503.265625,1180.71875,10,15,,,,,,,,,,,,2026-09-22T16:00:40.289Z,HM6QAFBU,2026-09-22,2026-09-22,13:00:40,2026-09-22 13:00:40,,,,,,,,69aefaccbf52402fcb03f38a,69aefaccbf52402fcb03f38a,,,,
31102,hover_association,2,3,adv,25,4,18,19,156, my ,1159,477,,69aefaccbf52402fcb03f38a,69aefaccbf52402fcb03f38a,advanced,4,69aefaccbf52402fcb03f38a,69aefaccbf52402fcb03f38a,spotlight_PROLIFIC,,36,Chile,Spanish,"Spanish, English, Japanese",Japanese,Spanish:75|English:15|Japanese:10,100,Spanish:50|English:35|Japanese:15,100,Spanish:80|English:10|Japanese:10,100,7,5,Bachelor's,10,10,10,7,7,10,5,22,8,15,Duolingo,130,,,,,17,25,B1,intermediate|advanced,intermediate|advanced,cambridge_15_21_random_intermediate_advanced,4,19,random,,473.265625,1151.71875,513.265625,1180.71875,10,15,hover,116.69999998807907,116.69999998807907,0.8717672413793104,0.093359375,165,,,,,,2026-09-22T16:00:40.289Z,HM6QAFBU,2026-09-22,2026-09-22,13:00:40,2026-09-22 13:00:40,,,,,,,,69aefaccbf52402fcb03f38a,69aefaccbf52402fcb03f38a,,,,
31107,raw_position_sample,2,3,adv,25,4,18,19,157, company; ,1184,475,1729958,69aefaccbf52402fcb03f38a,69aefaccbf52402fcb03f38a,advanced,4,69aefaccbf52402fcb03f38a,69aefaccbf52402fcb03f38a,spotlight_PROLIFIC,,36,Chile,Spanish,"Spanish, English, Japanese",Japanese,Spanish:75|English:15|Japanese:10,100,Spanish:50|English:35|Japanese:15,100,Spanish:80|English:10|Japanese:10,100,7,5,Bachelor's,10,10,10,7,7,10,5,22,8,15,Duolingo,130,,,,,17,25,B1,intermediate|advanced,intermediate|advanced,cambridge_15_21_random_intermediate_advanced,4,19,random,,483.265625,1180.71875,503.265625,1263.765625,10,16,,,,,,,,,,,,2026-09-22T16:00:40.289Z,HM6QAFBU,2026-09-22,2026-09-22,13:00:40,2026-09-22 13:00:40,,,,,,,,69aefaccbf52402fcb03f38a,69aefaccbf52402fcb03f38a,,,,
31152,hover_association,2,3,adv,25,4,18,19,157, company; ,1184,475,,69aefaccbf52402fcb03f38a,69aefaccbf52402fcb03f38a,advanced,4,69aefaccbf52402fcb03f38a,69aefaccbf52402fcb03f38a,spotlight_PROLIFIC,,36,Chile,Spanish,"Spanish, English, Japanese",Japanese,Spanish:75|English:15|Japanese:10,100,Spanish:50|English:35|Japanese:15,100,Spanish:80|English:10|Japanese:10,100,7,5,Bachelor's,10,10,10,7,7,10,5,22,8,15,Duolingo,130,,,,,17,25,B1,intermediate|advanced,intermediate|advanced,cambridge_15_21_random_intermediate_advanced,4,19,random,,473.265625,1180.71875,513.265625,1263.765625,10,16,hover,49.90000003576279,49.90000003576279,0.14788334901222955,0.018359375,165,,,,,,2026-09-22T16:00:40.289Z,HM6QAFBU,2026-09-22,2026-09-22,13:00:40,2026-09-22 13:00:40,,,,,,,,69aefaccbf52402fcb03f38a,69aefaccbf52402fcb03f38a,,,,
31157,raw_position_sample,2,3,adv,25,4,18,19,139, think ,1200,473,1730008.1000000238,69aefaccbf52402fcb03f38a,69aefaccbf52402fcb03f38a,advanced,4,69aefaccbf52402fcb03f38a,69aefaccbf52402fcb03f38a,spotlight_PROLIFIC,,36,Chile,Spanish,"Spanish, English, Japanese",Japanese,Spanish:75|English:15|Japanese:10,100,Spanish:50|English:35|Japanese:15,100,Spanish:80|English:10|Japanese:10,100,7,5,Bachelor's,10,10,10,7,7,10,5,22,8,15,Duolingo,130,,,,,17,25,B1,intermediate|advanced,intermediate|advanced,cambridge_15_21_random_intermediate_advanced,4,19,random,,443.265625,1177.734375,463.265625,1220.765625,9,15,,,,,,,,,,,,2026-09-22T16:00:40.289Z,HM6QAFBU,2026-09-22,2026-09-22,13:00:40,2026-09-22 13:00:40,,,,,,,,69aefaccbf52402fcb03f38a,69aefaccbf52402fcb03f38a,,,,
31206,raw_position_sample,2,3,adv,25,4,18,19,139, think ,1212,471,1730057.800000012,69aefaccbf52402fcb03f38a,69aefaccbf52402fcb03f38a,advanced,4,69aefaccbf52402fcb03f38a,69aefaccbf52402fcb03f38a,spotlight_PROLIFIC,,36,Chile,Spanish,"Spanish, English, Japanese",Japanese,Spanish:75|English:15|Japanese:10,100,Spanish:50|English:35|Japanese:15,100,Spanish:80|English:10|Japanese:10,100,7,5,Bachelor's,10,10,10,7,7,10,5,22,8,15,Duolingo,130,,,,,17,25,B1,intermediate|advanced,intermediate|advanced,cambridge_15_21_random_intermediate_advanced,4,19,random,,443.265625,1177.734375,463.265625,1220.765625,9,15,,,,,,,,,,,,2026-09-22T16:00:40.289Z,HM6QAFBU,2026-09-22,2026-09-22,13:00:40,2026-09-22 13:00:40,,,,,,,,69aefaccbf52402fcb03f38a,69aefaccbf52402fcb03f38a,,,,
31252,hover_association,2,3,adv,25,4,18,19,139, think ,1200,473,,69aefaccbf52402fcb03f38a,69aefaccbf52402fcb03f38a,advanced,4,69aefaccbf52402fcb03f38a,69aefaccbf52402fcb03f38a,spotlight_PROLIFIC,,36,Chile,Spanish,"Spanish, English, Japanese",Japanese,Spanish:75|English:15|Japanese:10,100,Spanish:50|English:35|Japanese:15,100,Spanish:80|English:10|Japanese:10,100,7,5,Bachelor's,10,10,10,7,7,10,5,22,8,15,Duolingo,130,,,,,17,25,B1,intermediate|advanced,intermediate|advanced,cambridge_15_21_random_intermediate_advanced,4,19,random,,433.265625,1177.734375,473.265625,1220.765625,9,15,hover,100,100,0.9357298474945533,0.943359375,165,,,,,,2026-09-22T16:00:40.289Z,HM6QAFBU,2026-09-22,2026-09-22,13:00:40,2026-09-22 13:00:40,,,,,,,,69aefaccbf52402fcb03f38a,69aefaccbf52402fcb03f38a,,,,
31255,raw_position_sample,2,3,adv,25,4,18,19,140, that ,1223,471,1730106.6000000238,69aefaccbf52402fcb03f38a,69aefaccbf52402fcb03f38a,advanced,4,69aefaccbf52402fcb03f38a,69aefaccbf52402fcb03f38a,spotlight_PROLIFIC,,36,Chile,Spanish,"Spanish, English, Japanese",Japanese,Spanish:75|English:15|Japanese:10,100,Spanish:50|English:35|Japanese:15,100,Spanish:80|English:10|Japanese:10,100,7,5,Bachelor's,10,10,10,7,7,10,5,22,8,15,Duolingo,130,,,,,17,25,B1,intermediate|advanced,intermediate|advanced,cambridge_15_21_random_intermediate_advanced,4,19,random,,443.265625,1220.765625,463.265625,1255.796875,9,16,,,,,,,,,,,,2026-09-22T16:00:40.289Z,HM6QAFBU,2026-09-22,2026-09-22,13:00:40,2026-09-22 13:00:40,,,,,,,,69aefaccbf52402fcb03f38a,69aefaccbf52402fcb03f38a,,,,
31303,raw_position_sample,2,3,adv,25,4,18,19,140, that ,1244,470,1730154,69aefaccbf52402fcb03f38a,69aefaccbf52402fcb03f38a,advanced,4,69aefaccbf52402fcb03f38a,69aefaccbf52402fcb03f38a,spotlight_PROLIFIC,,36,Chile,Spanish,"Spanish, English, Japanese",Japanese,Spanish:75|English:15|Japanese:10,100,Spanish:50|English:35|Japanese:15,100,Spanish:80|English:10|Japanese:10,100,7,5,Bachelor's,10,10,10,7,7,10,5,22,8,15,Duolingo,130,,,,,17,25,B1,intermediate|advanced,intermediate|advanced,cambridge_15_21_random_intermediate_advanced,4,19,random,,443.265625,1220.765625,463.265625,1255.796875,9,16,,,,,,,,,,,,2026-09-22T16:00:40.289Z,HM6QAFBU,2026-09-22,2026-09-22,13:00:40,2026-09-22 13:00:40,,,,,,,,69aefaccbf52402fcb03f38a,69aefaccbf52402fcb03f38a,,,,
31334,hover_association,2,3,adv,25,4,18,19,140, that ,1223,471,,69aefaccbf52402fcb03f38a,69aefaccbf52402fcb03f38a,advanced,4,69aefaccbf52402fcb03f38a,69aefaccbf52402fcb03f38a,spotlight_PROLIFIC,,36,Chile,Spanish,"Spanish, English, Japanese",Japanese,Spanish:75|English:15|Japanese:10,100,Spanish:50|English:35|Japanese:15,100,Spanish:80|English:10|Japanese:10,100,7,5,Bachelor's,10,10,10,7,7,10,5,22,8,15,Duolingo,130,,,,,17,25,B1,intermediate|advanced,intermediate|advanced,cambridge_15_21_random_intermediate_advanced,4,19,random,,433.265625,1220.765625,473.265625,1255.796875,9,16,hover,83,83,0.8630686886708296,0.918359375,165,,,,,,2026-09-22T16:00:40.289Z,HM6QAFBU,2026-09-22,2026-09-22,13:00:40,2026-09-22 13:00:40,,,,,,,,69aefaccbf52402fcb03f38a,69aefaccbf52402fcb03f38a,,,,
31353,raw_position_sample,2,3,adv,25,4,18,19,141, is ,1261,470,1730204.1000000238,69aefaccbf52402fcb03f38a,69aefaccbf52402fcb03f38a,advanced,4,69aefaccbf52402fcb03f38a,69aefaccbf52402fcb03f38a,spotlight_PROLIFIC,,36,Chile,Spanish,"Spanish, English, Japanese",Japanese,Spanish:75|English:15|Japanese:10,100,Spanish:50|English:35|Japanese:15,100,Spanish:80|English:10|Japanese:10,100,7,5,Bachelor's,10,10,10,7,7,10,5,22,8,15,Duolingo,130,,,,,17,25,B1,intermediate|advanced,intermediate|advanced,cambridge_15_21_random_intermediate_advanced,4,19,random,,443.265625,1255.796875,463.265625,1268.796875,9,17,,,,,,,,,,,,2026-09-22T16:00:40.289Z,HM6QAFBU,2026-09-22,2026-09-22,13:00:40,2026-09-22 13:00:40,,,,,,,,69aefaccbf52402fcb03f38a,69aefaccbf52402fcb03f38a,,,,
31402,hover_association,2,3,adv,25,4,18,19,141, is ,1259,470,,69aefaccbf52402fcb03f38a,69aefaccbf52402fcb03f38a,advanced,4,69aefaccbf52402fcb03f38a,69aefaccbf52402fcb03f38a,spotlight_PROLIFIC,,36,Chile,Spanish,"Spanish, English, Japanese",Japanese,Spanish:75|English:15|Japanese:10,100,Spanish:50|English:35|Japanese:15,100,Spanish:80|English:10|Japanese:10,100,7,5,Bachelor's,10,10,10,7,7,10,5,22,8,15,Duolingo,130,,,,,17,25,B1,intermediate|advanced,intermediate|advanced,cambridge_15_21_random_intermediate_advanced,4,19,random,,433.265625,1255.796875,473.265625,1271.9661458333333,9,17,hover,67.29999995231628,67.29999995231628,0.9402480270575015,0.943359375,165,,,,,,2026-09-22T16:00:40.289Z,HM6QAFBU,2026-09-22,2026-09-22,13:00:40,2026-09-22 13:00:40,,,,,,,,69aefaccbf52402fcb03f38a,69aefaccbf52402fcb03f38a,,,,
31405,raw_position_sample,2,3,adv,25,4,18,19,-1,999,1276,471,1730256,69aefaccbf52402fcb03f38a,69aefaccbf52402fcb03f38a,advanced,4,69aefaccbf52402fcb03f38a,69aefaccbf52402fcb03f38a,spotlight_PROLIFIC,,36,Chile,Spanish,"Spanish, English, Japanese",Japanese,Spanish:75|English:15|Japanese:10,100,Spanish:50|English:35|Japanese:15,100,Spanish:80|English:10|Japanese:10,100,7,5,Bachelor's,10,10,10,7,7,10,5,22,8,15,Duolingo,130,,,,,17,25,B1,intermediate|advanced,intermediate|advanced,cambridge_15_21_random_intermediate_advanced,4,19,random,,,,,,,,,,,,,,,,,,,2026-09-22T16:00:40.289Z,HM6QAFBU,2026-09-22,2026-09-22,13:00:40,2026-09-22 13:00:40,,,,,,,,69aefaccbf52402fcb03f38a,69aefaccbf52402fcb03f38a,,,,
31456,raw_position_sample,2,3,adv,25,4,18,19,158, I’m ,1284,474,1730307.5,69aefaccbf52402fcb03f38a,69aefaccbf52402fcb03f38a,advanced,4,69aefaccbf52402fcb03f38a,69aefaccbf52402fcb03f38a,spotlight_PROLIFIC,,36,Chile,Spanish,"Spanish, English, Japanese",Japanese,Spanish:75|English:15|Japanese:10,100,Spanish:50|English:35|Japanese:15,100,Spanish:80|English:10|Japanese:10,100,7,5,Bachelor's,10,10,10,7,7,10,5,22,8,15,Duolingo,130,,,,,17,25,B1,intermediate|advanced,intermediate|advanced,cambridge_15_21_random_intermediate_advanced,4,19,random,,483.265625,1263.765625,503.265625,1287.765625,10,17,,,,,,,,,,,,2026-09-22T16:00:40.289Z,HM6QAFBU,2026-09-22,2026-09-22,13:00:40,2026-09-22 13:00:40,,,,,,,,69aefaccbf52402fcb03f38a,69aefaccbf52402fcb03f38a,,,,
31498,raw_position_sample,2,3,adv,25,4,18,19,158, I’m ,1284,474,1730349.199999988,69aefaccbf52402fcb03f38a,69aefaccbf52402fcb03f38a,advanced,4,69aefaccbf52402fcb03f38a,69aefaccbf52402fcb03f38a,spotlight_PROLIFIC,,36,Chile,Spanish,"Spanish, English, Japanese",Japanese,Spanish:75|English:15|Japanese:10,100,Spanish:50|English:35|Japanese:15,100,Spanish:80|English:10|Japanese:10,100,7,5,Bachelor's,10,10,10,7,7,10,5,22,8,15,Duolingo,130,,,,,17,25,B1,intermediate|advanced,intermediate|advanced,cambridge_15_21_random_intermediate_advanced,4,19,random,,483.265625,1263.765625,503.265625,1287.765625,10,17,,,,,,,,,,,,2026-09-22T16:00:40.289Z,HM6QAFBU,2026-09-22,2026-09-22,13:00:40,2026-09-22 13:00:40,,,,,,,,69aefaccbf52402fcb03f38a,69aefaccbf52402fcb03f38a,,,,
31549,raw_position_sample,2,3,adv,25,4,18,19,158, I’m ,1284,474,1730400.300000012,69aefaccbf52402fcb03f38a,69aefaccbf52402fcb03f38a,advanced,4,69aefaccbf52402fcb03f38a,69aefaccbf52402fcb03f38a,spotlight_PROLIFIC,,36,Chile,Spanish,"Spanish, English, Japanese",Japanese,Spanish:75|English:15|Japanese:10,100,Spanish:50|English:35|Japanese:15,100,Spanish:80|English:10|Japanese:10,100,7,5,Bachelor's,10,10,10,7,7,10,5,22,8,15,Duolingo,130,,,,,17,25,B1,intermediate|advanced,intermediate|advanced,cambridge_15_21_random_intermediate_advanced,4,19,random,,483.265625,1263.765625,503.265625,1287.765625,10,17,,,,,,,,,,,,2026-09-22T16:00:40.289Z,HM6QAFBU,2026-09-22,2026-09-22,13:00:40,2026-09-22 13:00:40,,,,,,,,69aefaccbf52402fcb03f38a,69aefaccbf52402fcb03f38a,,,,
31600,raw_position_sample,2,3,adv,25,4,18,19,158, I’m ,1284,474,1730451.699999988,69aefaccbf52402fcb03f38a,69aefaccbf52402fcb03f38a,advanced,4,69aefaccbf52402fcb03f38a,69aefaccbf52402fcb03f38a,spotlight_PROLIFIC,,36,Chile,Spanish,"Spanish, English, Japanese",Japanese,Spanish:75|English:15|Japanese:10,100,Spanish:50|English:35|Japanese:15,100,Spanish:80|English:10|Japanese:10,100,7,5,Bachelor's,10,10,10,7,7,10,5,22,8,15,Duolingo,130,,,,,17,25,B1,intermediate|advanced,intermediate|advanced,cambridge_15_21_random_intermediate_advanced,4,19,random,,483.265625,1263.765625,503.265625,1287.765625,10,17,,,,,,,,,,,,2026-09-22T16:00:40.289Z,HM6QAFBU,2026-09-22,2026-09-22,13:00:40,2026-09-22 13:00:40,,,,,,,,69aefaccbf52402fcb03f38a,69aefaccbf52402fcb03f38a,,,,
31663,raw_position_sample,2,3,adv,25,4,18,19,158, I’m ,1284,474,1730514.5,69aefaccbf52402fcb03f38a,69aefaccbf52402fcb03f38a,advanced,4,69aefaccbf52402fcb03f38a,69aefaccbf52402fcb03f38a,spotlight_PROLIFIC,,36,Chile,Spanish,"Spanish, English, Japanese",Japanese,Spanish:75|English:15|Japanese:10,100,Spanish:50|English:35|Japanese:15,100,Spanish:80|English:10|Japanese:10,100,7,5,Bachelor's,10,10,10,7,7,10,5,22,8,15,Duolingo,130,,,,,17,25,B1,intermediate|advanced,intermediate|advanced,cambridge_15_21_random_intermediate_advanced,4,19,random,,483.265625,1263.765625,503.265625,1287.765625,10,17,,,,,,,,,,,,2026-09-22T16:00:40.289Z,HM6QAFBU,2026-09-22,2026-09-22,13:00:40,2026-09-22 13:00:40,,,,,,,,69aefaccbf52402fcb03f38a,69aefaccbf52402fcb03f38a,,,,
31666,hover_association,2,3,adv,25,4,18,19,158, I’m ,1283,474,,69aefaccbf52402fcb03f38a,69aefaccbf52402fcb03f38a,advanced,4,69aefaccbf52402fcb03f38a,69aefaccbf52402fcb03f38a,spotlight_PROLIFIC,,36,Chile,Spanish,"Spanish, English, Japanese",Japanese,Spanish:75|English:15|Japanese:10,100,Spanish:50|English:35|Japanese:15,100,Spanish:80|English:10|Japanese:10,100,7,5,Bachelor's,10,10,10,7,7,10,5,22,8,15,Duolingo,130,,,,,17,25,B1,intermediate|advanced,intermediate|advanced,cambridge_15_21_random_intermediate_advanced,4,19,random,,473.265625,1263.765625,513.265625,1290.9348958333333,10,17,hover,230,230,0.7447522285057051,0.018359375,165,,,,,,2026-09-22T16:00:40.289Z,HM6QAFBU,2026-09-22,2026-09-22,13:00:40,2026-09-22 13:00:40,,,,,,,,69aefaccbf52402fcb03f38a,69aefaccbf52402fcb03f38a,,,,
31707,raw_position_sample,2,3,adv,25,4,18,19,140, that ,1233,457,1730558.6000000238,69aefaccbf52402fcb03f38a,69aefaccbf52402fcb03f38a,advanced,4,69aefaccbf52402fcb03f38a,69aefaccbf52402fcb03f38a,spotlight_PROLIFIC,,36,Chile,Spanish,"Spanish, English, Japanese",Japanese,Spanish:75|English:15|Japanese:10,100,Spanish:50|English:35|Japanese:15,100,Spanish:80|English:10|Japanese:10,100,7,5,Bachelor's,10,10,10,7,7,10,5,22,8,15,Duolingo,130,,,,,17,25,B1,intermediate|advanced,intermediate|advanced,cambridge_15_21_random_intermediate_advanced,4,19,random,,443.265625,1220.765625,463.265625,1255.796875,9,16,,,,,,,,,,,,2026-09-22T16:00:40.289Z,HM6QAFBU,2026-09-22,2026-09-22,13:00:40,2026-09-22 13:00:40,,,,,,,,69aefaccbf52402fcb03f38a,69aefaccbf52402fcb03f38a,,,,
31719,hover_association,2,3,adv,25,4,18,19,140, that ,1255,463,,69aefaccbf52402fcb03f38a,69aefaccbf52402fcb03f38a,advanced,4,69aefaccbf52402fcb03f38a,69aefaccbf52402fcb03f38a,spotlight_PROLIFIC,,36,Chile,Spanish,"Spanish, English, Japanese",Japanese,Spanish:75|English:15|Japanese:10,100,Spanish:50|English:35|Japanese:15,100,Spanish:80|English:10|Japanese:10,100,7,5,Bachelor's,10,10,10,7,7,10,5,22,8,15,Duolingo,130,,,,,17,25,B1,intermediate|advanced,intermediate|advanced,cambridge_15_21_random_intermediate_advanced,4,19,random,,433.265625,1220.765625,473.265625,1255.796875,9,16,hover,32.69999998807907,32.69999998807907,0.34924174843889383,0.593359375,165,,,,,,2026-09-22T16:00:40.289Z,HM6QAFBU,2026-09-22,2026-09-22,13:00:40,2026-09-22 13:00:40,,,,,,,,69aefaccbf52402fcb03f38a,69aefaccbf52402fcb03f38a,,,,
31734,hover_association,2,3,adv,25,4,18,19,139, think ,1210,453,,69aefaccbf52402fcb03f38a,69aefaccbf52402fcb03f38a,advanced,4,69aefaccbf52402fcb03f38a,69aefaccbf52402fcb03f38a,spotlight_PROLIFIC,,36,Chile,Spanish,"Spanish, English, Japanese",Japanese,Spanish:75|English:15|Japanese:10,100,Spanish:50|English:35|Japanese:15,100,Spanish:80|English:10|Japanese:10,100,7,5,Bachelor's,10,10,10,7,7,10,5,22,8,15,Duolingo,130,,,,,17,25,B1,intermediate|advanced,intermediate|advanced,cambridge_15_21_random_intermediate_advanced,4,19,random,,433.265625,1177.734375,473.265625,1220.765625,9,15,hover,16.30000001192093,16.30000001192093,0.7498184458968773,0.493359375,165,,,,,,2026-09-22T16:00:40.289Z,HM6QAFBU,2026-09-22,2026-09-22,13:00:40,2026-09-22 13:00:40,,,,,,,,69aefaccbf52402fcb03f38a,69aefaccbf52402fcb03f38a,,,,
31749,raw_position_sample,2,3,adv,25,4,18,19,138, I ,1175,451,1730600.1000000238,69aefaccbf52402fcb03f38a,69aefaccbf52402fcb03f38a,advanced,4,69aefaccbf52402fcb03f38a,69aefaccbf52402fcb03f38a,spotlight_PROLIFIC,,36,Chile,Spanish,"Spanish, English, Japanese",Japanese,Spanish:75|English:15|Japanese:10,100,Spanish:50|English:35|Japanese:15,100,Spanish:80|English:10|Japanese:10,100,7,5,Bachelor's,10,10,10,7,7,10,5,22,8,15,Duolingo,130,,,,,17,25,B1,intermediate|advanced,intermediate|advanced,cambridge_15_21_random_intermediate_advanced,4,19,random,,443.265625,1167.71875,463.265625,1177.734375,9,14,,,,,,,,,,,,2026-09-22T16:00:40.289Z,HM6QAFBU,2026-09-22,2026-09-22,13:00:40,2026-09-22 13:00:40,,,,,,,,69aefaccbf52402fcb03f38a,69aefaccbf52402fcb03f38a,,,,
31751,hover_association,2,3,adv,25,4,18,19,138, I ,1175,451,,69aefaccbf52402fcb03f38a,69aefaccbf52402fcb03f38a,advanced,4,69aefaccbf52402fcb03f38a,69aefaccbf52402fcb03f38a,spotlight_PROLIFIC,,36,Chile,Spanish,"Spanish, English, Japanese",Japanese,Spanish:75|English:15|Japanese:10,100,Spanish:50|English:35|Japanese:15,100,Spanish:80|English:10|Japanese:10,100,7,5,Bachelor's,10,10,10,7,7,10,5,22,8,15,Duolingo,130,,,,,17,25,B1,intermediate|advanced,intermediate|advanced,cambridge_15_21_random_intermediate_advanced,4,19,random,,433.265625,1167.71875,473.265625,1177.734375,9,14,hover,16.599999964237213,16.599999964237213,0.7269890795631825,0.443359375,165,,,,,,2026-09-22T16:00:40.289Z,HM6QAFBU,2026-09-22,2026-09-22,13:00:40,2026-09-22 13:00:40,,,,,,,,69aefaccbf52402fcb03f38a,69aefaccbf52402fcb03f38a,,,,
31768,hover_association,2,3,adv,25,4,18,19,137, and ,1145,451,,69aefaccbf52402fcb03f38a,69aefaccbf52402fcb03f38a,advanced,4,69aefaccbf52402fcb03f38a,69aefaccbf52402fcb03f38a,spotlight_PROLIFIC,,36,Chile,Spanish,"Spanish, English, Japanese",Japanese,Spanish:75|English:15|Japanese:10,100,Spanish:50|English:35|Japanese:15,100,Spanish:80|English:10|Japanese:10,100,7,5,Bachelor's,10,10,10,7,7,10,5,22,8,15,Duolingo,130,,,,,17,25,B1,intermediate|advanced,intermediate|advanced,cambridge_15_21_random_intermediate_advanced,4,19,random,,433.265625,1132.671875,473.265625,1167.71875,9,13,hover,16.900000035762787,16.900000035762787,0.3517610343290236,0.443359375,165,,,,,,2026-09-22T16:00:40.289Z,HM6QAFBU,2026-09-22,2026-09-22,13:00:40,2026-09-22 13:00:40,,,,,,,,69aefaccbf52402fcb03f38a,69aefaccbf52402fcb03f38a,,,,
31785,hover_association,2,3,adv,25,4,18,19,136, service ,1108,451,,69aefaccbf52402fcb03f38a,69aefaccbf52402fcb03f38a,advanced,4,69aefaccbf52402fcb03f38a,69aefaccbf52402fcb03f38a,spotlight_PROLIFIC,,36,Chile,Spanish,"Spanish, English, Japanese",Japanese,Spanish:75|English:15|Japanese:10,100,Spanish:50|English:35|Japanese:15,100,Spanish:80|English:10|Japanese:10,100,7,5,Bachelor's,10,10,10,7,7,10,5,22,8,15,Duolingo,130,,,,,17,25,B1,intermediate|advanced,intermediate|advanced,cambridge_15_21_random_intermediate_advanced,4,19,random,,433.265625,1070.65625,473.265625,1132.671875,9,12,hover,16.69999998807907,16.69999998807907,0.6021667926429831,0.443359375,165,,,,,,2026-09-22T16:00:40.289Z,HM6QAFBU,2026-09-22,2026-09-22,13:00:40,2026-09-22 13:00:40,,,,,,,,69aefaccbf52402fcb03f38a,69aefaccbf52402fcb03f38a,,,,
31804,raw_position_sample,2,3,adv,25,4,18,19,135, customer ,1027,457,1730655.199999988,69aefaccbf52402fcb03f38a,69aefaccbf52402fcb03f38a,advanced,4,69aefaccbf52402fcb03f38a,69aefaccbf52402fcb03f38a,spotlight_PROLIFIC,,36,Chile,Spanish,"Spanish, English, Japanese",Japanese,Spanish:75|English:15|Japanese:10,100,Spanish:50|English:35|Japanese:15,100,Spanish:80|English:10|Japanese:10,100,7,5,Bachelor's,10,10,10,7,7,10,5,22,8,15,Duolingo,130,,,,,17,25,B1,intermediate|advanced,intermediate|advanced,cambridge_15_21_random_intermediate_advanced,4,19,random,,443.265625,991.625,463.265625,1070.65625,9,11,,,,,,,,,,,,2026-09-22T16:00:40.289Z,HM6QAFBU,2026-09-22,2026-09-22,13:00:40,2026-09-22 13:00:40,,,,,,,,69aefaccbf52402fcb03f38a,69aefaccbf52402fcb03f38a,,,,
31817,hover_association,2,3,adv,25,4,18,19,135, customer ,1068,453,,69aefaccbf52402fcb03f38a,69aefaccbf52402fcb03f38a,advanced,4,69aefaccbf52402fcb03f38a,69aefaccbf52402fcb03f38a,spotlight_PROLIFIC,,36,Chile,Spanish,"Spanish, English, Japanese",Japanese,Spanish:75|English:15|Japanese:10,100,Spanish:50|English:35|Japanese:15,100,Spanish:80|English:10|Japanese:10,100,7,5,Bachelor's,10,10,10,7,7,10,5,22,8,15,Duolingo,130,,,,,17,25,B1,intermediate|advanced,intermediate|advanced,cambridge_15_21_random_intermediate_advanced,4,19,random,,433.265625,991.625,473.265625,1070.65625,9,11,hover,33.19999998807907,33.19999998807907,0.4476077500988533,0.593359375,165,,,,,,2026-09-22T16:00:40.289Z,HM6QAFBU,2026-09-22,2026-09-22,13:00:40,2026-09-22 13:00:40,,,,,,,,69aefaccbf52402fcb03f38a,69aefaccbf52402fcb03f38a,,,,
31836,hover_association,2,3,adv,25,4,18,19,134, for ,987,461,,69aefaccbf52402fcb03f38a,69aefaccbf52402fcb03f38a,advanced,4,69aefaccbf52402fcb03f38a,69aefaccbf52402fcb03f38a,spotlight_PROLIFIC,,36,Chile,Spanish,"Spanish, English, Japanese",Japanese,Spanish:75|English:15|Japanese:10,100,Spanish:50|English:35|Japanese:15,100,Spanish:80|English:10|Japanese:10,100,7,5,Bachelor's,10,10,10,7,7,10,5,22,8,15,Duolingo,130,,,,,17,25,B1,intermediate|advanced,intermediate|advanced,cambridge_15_21_random_intermediate_advanced,4,19,random,,433.265625,965.609375,473.265625,991.625,9,10,hover,17.19999998807907,17.19999998807907,0.8222222222222222,0.693359375,165,,,,,,2026-09-22T16:00:40.289Z,HM6QAFBU,2026-09-22,2026-09-22,13:00:40,2026-09-22 13:00:40,,,,,,,,69aefaccbf52402fcb03f38a,69aefaccbf52402fcb03f38a,,,,
31855,raw_position_sample,2,3,adv,25,4,18,19,133, awards ,912,463,1730706.3999999762,69aefaccbf52402fcb03f38a,69aefaccbf52402fcb03f38a,advanced,4,69aefaccbf52402fcb03f38a,69aefaccbf52402fcb03f38a,spotlight_PROLIFIC,,36,Chile,Spanish,"Spanish, English, Japanese",Japanese,Spanish:75|English:15|Japanese:10,100,Spanish:50|English:35|Japanese:15,100,Spanish:80|English:10|Japanese:10,100,7,5,Bachelor's,10,10,10,7,7,10,5,22,8,15,Duolingo,130,,,,,17,25,B1,intermediate|advanced,intermediate|advanced,cambridge_15_21_random_intermediate_advanced,4,19,random,,443.265625,902.578125,463.265625,965.609375,9,9,,,,,,,,,,,,2026-09-22T16:00:40.289Z,HM6QAFBU,2026-09-22,2026-09-22,13:00:40,2026-09-22 13:00:40,,,,,,,,69aefaccbf52402fcb03f38a,69aefaccbf52402fcb03f38a,,,,
31867,hover_association,2,3,adv,25,4,18,19,133, awards ,950,463,,69aefaccbf52402fcb03f38a,69aefaccbf52402fcb03f38a,advanced,4,69aefaccbf52402fcb03f38a,69aefaccbf52402fcb03f38a,spotlight_PROLIFIC,,36,Chile,Spanish,"Spanish, English, Japanese",Japanese,Spanish:75|English:15|Japanese:10,100,Spanish:50|English:35|Japanese:15,100,Spanish:80|English:10|Japanese:10,100,7,5,Bachelor's,10,10,10,7,7,10,5,22,8,15,Duolingo,130,,,,,17,25,B1,intermediate|advanced,intermediate|advanced,cambridge_15_21_random_intermediate_advanced,4,19,random,,433.265625,902.578125,473.265625,965.609375,9,9,hover,32.40000003576279,32.40000003576279,0.1494794248884482,0.743359375,165,,,,,,2026-09-22T16:00:40.289Z,HM6QAFBU,2026-09-22,2026-09-22,13:00:40,2026-09-22 13:00:40,,,,,,,,69aefaccbf52402fcb03f38a,69aefaccbf52402fcb03f38a,,,,
31884,hover_association,2,3,adv,25,4,18,19,132, win ,877,465,,69aefaccbf52402fcb03f38a,69aefaccbf52402fcb03f38a,advanced,4,69aefaccbf52402fcb03f38a,69aefaccbf52402fcb03f38a,spotlight_PROLIFIC,,36,Chile,Spanish,"Spanish, English, Japanese",Japanese,Spanish:75|English:15|Japanese:10,100,Spanish:50|English:35|Japanese:15,100,Spanish:80|English:10|Japanese:10,100,7,5,Bachelor's,10,10,10,7,7,10,5,22,8,15,Duolingo,130,,,,,17,25,B1,intermediate|advanced,intermediate|advanced,cambridge_15_21_random_intermediate_advanced,4,19,random,,433.265625,870.5625,473.265625,902.578125,9,8,hover,16.899999976158142,16.899999976158142,0.2010736944851147,0.793359375,165,,,,,,2026-09-22T16:00:40.289Z,HM6QAFBU,2026-09-22,2026-09-22,13:00:40,2026-09-22 13:00:40,,,,,,,,69aefaccbf52402fcb03f38a,69aefaccbf52402fcb03f38a,,,,
31902,raw_position_sample,2,3,adv,25,4,18,19,130, shop ,813,467,1730753.800000012,69aefaccbf52402fcb03f38a,69aefaccbf52402fcb03f38a,advanced,4,69aefaccbf52402fcb03f38a,69aefaccbf52402fcb03f38a,spotlight_PROLIFIC,,36,Chile,Spanish,"Spanish, English, Japanese",Japanese,Spanish:75|English:15|Japanese:10,100,Spanish:50|English:35|Japanese:15,100,Spanish:80|English:10|Japanese:10,100,7,5,Bachelor's,10,10,10,7,7,10,5,22,8,15,Duolingo,130,,,,,17,25,B1,intermediate|advanced,intermediate|advanced,cambridge_15_21_random_intermediate_advanced,4,19,random,,443.265625,806.5,463.265625,850.546875,9,6,,,,,,,,,,,,2026-09-22T16:00:40.289Z,HM6QAFBU,2026-09-22,2026-09-22,13:00:40,2026-09-22 13:00:40,,,,,,,,69aefaccbf52402fcb03f38a,69aefaccbf52402fcb03f38a,,,,
31917,hover_association,2,3,adv,25,4,18,19,130, shop ,848,465,,69aefaccbf52402fcb03f38a,69aefaccbf52402fcb03f38a,advanced,4,69aefaccbf52402fcb03f38a,69aefaccbf52402fcb03f38a,spotlight_PROLIFIC,,36,Chile,Spanish,"Spanish, English, Japanese",Japanese,Spanish:75|English:15|Japanese:10,100,Spanish:50|English:35|Japanese:15,100,Spanish:80|English:10|Japanese:10,100,7,5,Bachelor's,10,10,10,7,7,10,5,22,8,15,Duolingo,130,,,,,17,25,B1,intermediate|advanced,intermediate|advanced,cambridge_15_21_random_intermediate_advanced,4,19,random,,433.265625,806.5,473.265625,850.546875,9,6,hover,33.19999998807907,33.19999998807907,0.14757006030507272,0.843359375,165,,,,,,2026-09-22T16:00:40.289Z,HM6QAFBU,2026-09-22,2026-09-22,13:00:40,2026-09-22 13:00:40,,,,,,,,69aefaccbf52402fcb03f38a,69aefaccbf52402fcb03f38a,,,,
31934,hover_association,2,3,adv,25,4,18,19,128, retailers ,775,471,,69aefaccbf52402fcb03f38a,69aefaccbf52402fcb03f38a,advanced,4,69aefaccbf52402fcb03f38a,69aefaccbf52402fcb03f38a,spotlight_PROLIFIC,,36,Chile,Spanish,"Spanish, English, Japanese",Japanese,Spanish:75|English:15|Japanese:10,100,Spanish:50|English:35|Japanese:15,100,Spanish:80|English:10|Japanese:10,100,7,5,Bachelor's,10,10,10,7,7,10,5,22,8,15,Duolingo,130,,,,,17,25,B1,intermediate|advanced,intermediate|advanced,cambridge_15_21_random_intermediate_advanced,4,19,random,,433.265625,727.453125,473.265625,796.484375,9,4,hover,16.80000001192093,16.80000001192093,0.6887732005432322,0.943359375,165,,,,,,2026-09-22T16:00:40.289Z,HM6QAFBU,2026-09-22,2026-09-22,13:00:40,2026-09-22 13:00:40,,,,,,,,69aefaccbf52402fcb03f38a,69aefaccbf52402fcb03f38a,,,,
31951,raw_position_sample,2,3,adv,25,4,18,19,145, mystery ,721,478,1730802.5,69aefaccbf52402fcb03f38a,69aefaccbf52402fcb03f38a,advanced,4,69aefaccbf52402fcb03f38a,69aefaccbf52402fcb03f38a,spotlight_PROLIFIC,,36,Chile,Spanish,"Spanish, English, Japanese",Japanese,Spanish:75|English:15|Japanese:10,100,Spanish:50|English:35|Japanese:15,100,Spanish:80|English:10|Japanese:10,100,7,5,Bachelor's,10,10,10,7,7,10,5,22,8,15,Duolingo,130,,,,,17,25,B1,intermediate|advanced,intermediate|advanced,cambridge_15_21_random_intermediate_advanced,4,19,random,,483.265625,717.453125,503.265625,785.46875,10,4,,,,,,,,,,,,2026-09-22T16:00:40.289Z,HM6QAFBU,2026-09-22,2026-09-22,13:00:40,2026-09-22 13:00:40,,,,,,,,69aefaccbf52402fcb03f38a,69aefaccbf52402fcb03f38a,,,,
31953,hover_association,2,3,adv,25,4,18,19,145, mystery ,721,478,,69aefaccbf52402fcb03f38a,69aefaccbf52402fcb03f38a,advanced,4,69aefaccbf52402fcb03f38a,69aefaccbf52402fcb03f38a,spotlight_PROLIFIC,,36,Chile,Spanish,"Spanish, English, Japanese",Japanese,Spanish:75|English:15|Japanese:10,100,Spanish:50|English:35|Japanese:15,100,Spanish:80|English:10|Japanese:10,100,7,5,Bachelor's,10,10,10,7,7,10,5,22,8,15,Duolingo,130,,,,,17,25,B1,intermediate|advanced,intermediate|advanced,cambridge_15_21_random_intermediate_advanced,4,19,random,,473.265625,717.453125,513.265625,785.46875,10,4,hover,18.399999976158142,18.399999976158142,0.052147943946703426,0.118359375,165,,,,,,2026-09-22T16:00:40.289Z,HM6QAFBU,2026-09-22,2026-09-22,13:00:40,2026-09-22 13:00:40,,,,,,,,69aefaccbf52402fcb03f38a,69aefaccbf52402fcb03f38a,,,,
31970,hover_association,2,3,adv,25,4,18,19,144, us ,699,480,,69aefaccbf52402fcb03f38a,69aefaccbf52402fcb03f38a,advanced,4,69aefaccbf52402fcb03f38a,69aefaccbf52402fcb03f38a,spotlight_PROLIFIC,,36,Chile,Spanish,"Spanish, English, Japanese",Japanese,Spanish:75|English:15|Japanese:10,100,Spanish:50|English:35|Japanese:15,100,Spanish:80|English:10|Japanese:10,100,7,5,Bachelor's,10,10,10,7,7,10,5,22,8,15,Duolingo,130,,,,,17,25,B1,intermediate|advanced,intermediate|advanced,cambridge_15_21_random_intermediate_advanced,4,19,random,,473.265625,693.4375,513.265625,717.453125,10,3,hover,16.400000035762787,16.400000035762787,0.23162003903708522,0.168359375,165,,,,,,2026-09-22T16:00:40.289Z,HM6QAFBU,2026-09-22,2026-09-22,13:00:40,2026-09-22 13:00:40,,,,,,,,69aefaccbf52402fcb03f38a,69aefaccbf52402fcb03f38a,,,,
31985,hover_association,2,3,adv,25,4,18,19,143, to ,676,483,,69aefaccbf52402fcb03f38a,69aefaccbf52402fcb03f38a,advanced,4,69aefaccbf52402fcb03f38a,69aefaccbf52402fcb03f38a,spotlight_PROLIFIC,,36,Chile,Spanish,"Spanish, English, Japanese",Japanese,Spanish:75|English:15|Japanese:10,100,Spanish:50|English:35|Japanese:15,100,Spanish:80|English:10|Japanese:10,100,7,5,Bachelor's,10,10,10,7,7,10,5,22,8,15,Duolingo,130,,,,,17,25,B1,intermediate|advanced,intermediate|advanced,cambridge_15_21_random_intermediate_advanced,4,19,random,,473.265625,673.421875,513.265625,693.4375,10,2,hover,15.899999976158142,15.899999976158142,0.1288056206088993,0.243359375,165,,,,,,2026-09-22T16:00:40.289Z,HM6QAFBU,2026-09-22,2026-09-22,13:00:40,2026-09-22 13:00:40,,,,,,,,69aefaccbf52402fcb03f38a,69aefaccbf52402fcb03f38a,,,,
32004,raw_position_sample,2,3,adv,25,4,18,19,142, down ,649,490,1730854.8999999762,69aefaccbf52402fcb03f38a,69aefaccbf52402fcb03f38a,advanced,4,69aefaccbf52402fcb03f38a,69aefaccbf52402fcb03f38a,spotlight_PROLIFIC,,36,Chile,Spanish,"Spanish, English, Japanese",Japanese,Spanish:75|English:15|Japanese:10,100,Spanish:50|English:35|Japanese:15,100,Spanish:80|English:10|Japanese:10,100,7,5,Bachelor's,10,10,10,7,7,10,5,22,8,15,Duolingo,130,,,,,17,25,B1,intermediate|advanced,intermediate|advanced,cambridge_15_21_random_intermediate_advanced,4,19,random,,483.265625,625.375,503.265625,673.421875,10,1,,,,,,,,,,,,2026-09-22T16:00:40.289Z,HM6QAFBU,2026-09-22,2026-09-22,13:00:40,2026-09-22 13:00:40,,,,,,,,69aefaccbf52402fcb03f38a,69aefaccbf52402fcb03f38a,,,,
32052,raw_position_sample,2,3,adv,25,4,18,19,142, down ,623,497,1730902.8999999762,69aefaccbf52402fcb03f38a,69aefaccbf52402fcb03f38a,advanced,4,69aefaccbf52402fcb03f38a,69aefaccbf52402fcb03f38a,spotlight_PROLIFIC,,36,Chile,Spanish,"Spanish, English, Japanese",Japanese,Spanish:75|English:15|Japanese:10,100,Spanish:50|English:35|Japanese:15,100,Spanish:80|English:10|Japanese:10,100,7,5,Bachelor's,10,10,10,7,7,10,5,22,8,15,Duolingo,130,,,,,17,25,B1,intermediate|advanced,intermediate|advanced,cambridge_15_21_random_intermediate_advanced,4,19,random,,483.265625,625.375,503.265625,673.421875,10,1,,,,,,,,,,,,2026-09-22T16:00:40.289Z,HM6QAFBU,2026-09-22,2026-09-22,13:00:40,2026-09-22 13:00:40,,,,,,,,69aefaccbf52402fcb03f38a,69aefaccbf52402fcb03f38a,,,,
32067,hover_association,2,3,adv,25,4,18,19,142, down ,662,487,,69aefaccbf52402fcb03f38a,69aefaccbf52402fcb03f38a,advanced,4,69aefaccbf52402fcb03f38a,69aefaccbf52402fcb03f38a,spotlight_PROLIFIC,,36,Chile,Spanish,"Spanish, English, Japanese",Japanese,Spanish:75|English:15|Japanese:10,100,Spanish:50|English:35|Japanese:15,100,Spanish:80|English:10|Japanese:10,100,7,5,Bachelor's,10,10,10,7,7,10,5,22,8,15,Duolingo,130,,,,,17,25,B1,intermediate|advanced,intermediate|advanced,cambridge_15_21_random_intermediate_advanced,4,19,random,,473.265625,622.2057291666666,513.265625,673.421875,10,1,hover,82.80000001192093,82.80000001192093,0.015508211725225724,0.593359375,165,,,,,,2026-09-22T16:00:40.289Z,HM6QAFBU,2026-09-22,2026-09-22,13:00:40,2026-09-22 13:00:40,,,,,,,,69aefaccbf52402fcb03f38a,69aefaccbf52402fcb03f38a,,,,
32101,raw_position_sample,2,3,adv,25,4,18,19,-1,999,608,501,1730952.6000000238,69aefaccbf52402fcb03f38a,69aefaccbf52402fcb03f38a,advanced,4,69aefaccbf52402fcb03f38a,69aefaccbf52402fcb03f38a,spotlight_PROLIFIC,,36,Chile,Spanish,"Spanish, English, Japanese",Japanese,Spanish:75|English:15|Japanese:10,100,Spanish:50|English:35|Japanese:15,100,Spanish:80|English:10|Japanese:10,100,7,5,Bachelor's,10,10,10,7,7,10,5,22,8,15,Duolingo,130,,,,,17,25,B1,intermediate|advanced,intermediate|advanced,cambridge_15_21_random_intermediate_advanced,4,19,random,,,,,,,,,,,,,,,,,,,2026-09-22T16:00:40.289Z,HM6QAFBU,2026-09-22,2026-09-22,13:00:40,2026-09-22 13:00:40,,,,,,,,69aefaccbf52402fcb03f38a,69aefaccbf52402fcb03f38a,,,,
32154,raw_position_sample,2,3,adv,25,4,18,19,-1,999,602,503,1731005.5,69aefaccbf52402fcb03f38a,69aefaccbf52402fcb03f38a,advanced,4,69aefaccbf52402fcb03f38a,69aefaccbf52402fcb03f38a,spotlight_PROLIFIC,,36,Chile,Spanish,"Spanish, English, Japanese",Japanese,Spanish:75|English:15|Japanese:10,100,Spanish:50|English:35|Japanese:15,100,Spanish:80|English:10|Japanese:10,100,7,5,Bachelor's,10,10,10,7,7,10,5,22,8,15,Duolingo,130,,,,,17,25,B1,intermediate|advanced,intermediate|advanced,cambridge_15_21_random_intermediate_advanced,4,19,random,,,,,,,,,,,,,,,,,,,2026-09-22T16:00:40.289Z,HM6QAFBU,2026-09-22,2026-09-22,13:00:40,2026-09-22 13:00:40,,,,,,,,69aefaccbf52402fcb03f38a,69aefaccbf52402fcb03f38a,,,,
32198,raw_position_sample,2,3,adv,25,4,18,19,-1,999,602,503,1731049.3999999762,69aefaccbf52402fcb03f38a,69aefaccbf52402fcb03f38a,advanced,4,69aefaccbf52402fcb03f38a,69aefaccbf52402fcb03f38a,spotlight_PROLIFIC,,36,Chile,Spanish,"Spanish, English, Japanese",Japanese,Spanish:75|English:15|Japanese:10,100,Spanish:50|English:35|Japanese:15,100,Spanish:80|English:10|Japanese:10,100,7,5,Bachelor's,10,10,10,7,7,10,5,22,8,15,Duolingo,130,,,,,17,25,B1,intermediate|advanced,intermediate|advanced,cambridge_15_21_random_intermediate_advanced,4,19,random,,,,,,,,,,,,,,,,,,,2026-09-22T16:00:40.289Z,HM6QAFBU,2026-09-22,2026-09-22,13:00:40,2026-09-22 13:00:40,,,,,,,,69aefaccbf52402fcb03f38a,69aefaccbf52402fcb03f38a,,,,
32248,raw_position_sample,2,3,adv,25,4,18,19,-1,999,602,503,1731099.6000000238,69aefaccbf52402fcb03f38a,69aefaccbf52402fcb03f38a,advanced,4,69aefaccbf52402fcb03f38a,69aefaccbf52402fcb03f38a,spotlight_PROLIFIC,,36,Chile,Spanish,"Spanish, English, Japanese",Japanese,Spanish:75|English:15|Japanese:10,100,Spanish:50|English:35|Japanese:15,100,Spanish:80|English:10|Japanese:10,100,7,5,Bachelor's,10,10,10,7,7,10,5,22,8,15,Duolingo,130,,,,,17,25,B1,intermediate|advanced,intermediate|advanced,cambridge_15_21_random_intermediate_advanced,4,19,random,,,,,,,,,,,,,,,,,,,2026-09-22T16:00:40.289Z,HM6QAFBU,2026-09-22,2026-09-22,13:00:40,2026-09-22 13:00:40,,,,,,,,69aefaccbf52402fcb03f38a,69aefaccbf52402fcb03f38a,,,,
32301,raw_position_sample,2,3,adv,25,4,18,19,-1,999,602,503,1731152.300000012,69aefaccbf52402fcb03f38a,69aefaccbf52402fcb03f38a,advanced,4,69aefaccbf52402fcb03f38a,69aefaccbf52402fcb03f38a,spotlight_PROLIFIC,,36,Chile,Spanish,"Spanish, English, Japanese",Japanese,Spanish:75|English:15|Japanese:10,100,Spanish:50|English:35|Japanese:15,100,Spanish:80|English:10|Japanese:10,100,7,5,Bachelor's,10,10,10,7,7,10,5,22,8,15,Duolingo,130,,,,,17,25,B1,intermediate|advanced,intermediate|advanced,cambridge_15_21_random_intermediate_advanced,4,19,random,,,,,,,,,,,,,,,,,,,2026-09-22T16:00:40.289Z,HM6QAFBU,2026-09-22,2026-09-22,13:00:40,2026-09-22 13:00:40,,,,,,,,69aefaccbf52402fcb03f38a,69aefaccbf52402fcb03f38a,,,,
32349,raw_position_sample,2,3,adv,25,4,18,19,-1,999,602,503,1731200.6000000238,69aefaccbf52402fcb03f38a,69aefaccbf52402fcb03f38a,advanced,4,69aefaccbf52402fcb03f38a,69aefaccbf52402fcb03f38a,spotlight_PROLIFIC,,36,Chile,Spanish,"Spanish, English, Japanese",Japanese,Spanish:75|English:15|Japanese:10,100,Spanish:50|English:35|Japanese:15,100,Spanish:80|English:10|Japanese:10,100,7,5,Bachelor's,10,10,10,7,7,10,5,22,8,15,Duolingo,130,,,,,17,25,B1,intermediate|advanced,intermediate|advanced,cambridge_15_21_random_intermediate_advanced,4,19,random,,,,,,,,,,,,,,,,,,,2026-09-22T16:00:40.289Z,HM6QAFBU,2026-09-22,2026-09-22,13:00:40,2026-09-22 13:00:40,,,,,,,,69aefaccbf52402fcb03f38a,69aefaccbf52402fcb03f38a,,,,
32397,raw_position_sample,2,3,adv,25,4,18,19,-1,999,602,503,1731248.300000012,69aefaccbf52402fcb03f38a,69aefaccbf52402fcb03f38a,advanced,4,69aefaccbf52402fcb03f38a,69aefaccbf52402fcb03f38a,spotlight_PROLIFIC,,36,Chile,Spanish,"Spanish, English, Japanese",Japanese,Spanish:75|English:15|Japanese:10,100,Spanish:50|English:35|Japanese:15,100,Spanish:80|English:10|Japanese:10,100,7,5,Bachelor's,10,10,10,7,7,10,5,22,8,15,Duolingo,130,,,,,17,25,B1,intermediate|advanced,intermediate|advanced,cambridge_15_21_random_intermediate_advanced,4,19,random,,,,,,,,,,,,,,,,,,,2026-09-22T16:00:40.289Z,HM6QAFBU,2026-09-22,2026-09-22,13:00:40,2026-09-22 13:00:40,,,,,,,,69aefaccbf52402fcb03f38a,69aefaccbf52402fcb03f38a,,,,
32455,raw_position_sample,2,3,adv,25,4,18,19,142, down ,656,503,1731306.1000000238,69aefaccbf52402fcb03f38a,69aefaccbf52402fcb03f38a,advanced,4,69aefaccbf52402fcb03f38a,69aefaccbf52402fcb03f38a,spotlight_PROLIFIC,,36,Chile,Spanish,"Spanish, English, Japanese",Japanese,Spanish:75|English:15|Japanese:10,100,Spanish:50|English:35|Japanese:15,100,Spanish:80|English:10|Japanese:10,100,7,5,Bachelor's,10,10,10,7,7,10,5,22,8,15,Duolingo,130,,,,,17,25,B1,intermediate|advanced,intermediate|advanced,cambridge_15_21_random_intermediate_advanced,4,19,random,,483.265625,625.375,503.265625,673.421875,10,1,,,,,,,,,,,,2026-09-22T16:00:40.289Z,HM6QAFBU,2026-09-22,2026-09-22,13:00:40,2026-09-22 13:00:40,,,,,,,,69aefaccbf52402fcb03f38a,69aefaccbf52402fcb03f38a,,,,
32484,hover_association,2,3,adv,25,4,18,19,142, down ,628,503,,69aefaccbf52402fcb03f38a,69aefaccbf52402fcb03f38a,advanced,4,69aefaccbf52402fcb03f38a,69aefaccbf52402fcb03f38a,spotlight_PROLIFIC,,36,Chile,Spanish,"Spanish, English, Japanese",Japanese,Spanish:75|English:15|Japanese:10,100,Spanish:50|English:35|Japanese:15,100,Spanish:80|English:10|Japanese:10,100,7,5,Bachelor's,10,10,10,7,7,10,5,22,8,15,Duolingo,130,,,,,17,25,B1,intermediate|advanced,intermediate|advanced,cambridge_15_21_random_intermediate_advanced,4,19,random,,473.265625,622.2057291666666,513.265625,673.421875,10,1,hover,66.09999996423721,66.09999996423721,0.9331875730919815,0.743359375,165,,,,,,2026-09-22T16:00:40.289Z,HM6QAFBU,2026-09-22,2026-09-22,13:00:40,2026-09-22 13:00:40,,,,,,,,69aefaccbf52402fcb03f38a,69aefaccbf52402fcb03f38a,,,,
32504,raw_position_sample,2,3,adv,25,4,18,19,143, to ,693,501,1731355.300000012,69aefaccbf52402fcb03f38a,69aefaccbf52402fcb03f38a,advanced,4,69aefaccbf52402fcb03f38a,69aefaccbf52402fcb03f38a,spotlight_PROLIFIC,,36,Chile,Spanish,"Spanish, English, Japanese",Japanese,Spanish:75|English:15|Japanese:10,100,Spanish:50|English:35|Japanese:15,100,Spanish:80|English:10|Japanese:10,100,7,5,Bachelor's,10,10,10,7,7,10,5,22,8,15,Duolingo,130,,,,,17,25,B1,intermediate|advanced,intermediate|advanced,cambridge_15_21_random_intermediate_advanced,4,19,random,,483.265625,673.421875,503.265625,693.4375,10,2,,,,,,,,,,,,2026-09-22T16:00:40.289Z,HM6QAFBU,2026-09-22,2026-09-22,13:00:40,2026-09-22 13:00:40,,,,,,,,69aefaccbf52402fcb03f38a,69aefaccbf52402fcb03f38a,,,,
32518,hover_association,2,3,adv,25,4,18,19,143, to ,682,503,,69aefaccbf52402fcb03f38a,69aefaccbf52402fcb03f38a,advanced,4,69aefaccbf52402fcb03f38a,69aefaccbf52402fcb03f38a,spotlight_PROLIFIC,,36,Chile,Spanish,"Spanish, English, Japanese",Japanese,Spanish:75|English:15|Japanese:10,100,Spanish:50|English:35|Japanese:15,100,Spanish:80|English:10|Japanese:10,100,7,5,Bachelor's,10,10,10,7,7,10,5,22,8,15,Duolingo,130,,,,,17,25,B1,intermediate|advanced,intermediate|advanced,cambridge_15_21_random_intermediate_advanced,4,19,random,,473.265625,673.421875,513.265625,693.4375,10,2,hover,33.10000002384186,33.10000002384186,0.9781420765027322,0.693359375,165,,,,,,2026-09-22T16:00:40.289Z,HM6QAFBU,2026-09-22,2026-09-22,13:00:40,2026-09-22 13:00:40,,,,,,,,69aefaccbf52402fcb03f38a,69aefaccbf52402fcb03f38a,,,,
32554,raw_position_sample,2,3,adv,25,4,18,19,144, us ,715,500,1731404.8999999762,69aefaccbf52402fcb03f38a,69aefaccbf52402fcb03f38a,advanced,4,69aefaccbf52402fcb03f38a,69aefaccbf52402fcb03f38a,spotlight_PROLIFIC,,36,Chile,Spanish,"Spanish, English, Japanese",Japanese,Spanish:75|English:15|Japanese:10,100,Spanish:50|English:35|Japanese:15,100,Spanish:80|English:10|Japanese:10,100,7,5,Bachelor's,10,10,10,7,7,10,5,22,8,15,Duolingo,130,,,,,17,25,B1,intermediate|advanced,intermediate|advanced,cambridge_15_21_random_intermediate_advanced,4,19,random,,483.265625,693.4375,503.265625,717.453125,10,3,,,,,,,,,,,,2026-09-22T16:00:40.289Z,HM6QAFBU,2026-09-22,2026-09-22,13:00:40,2026-09-22 13:00:40,,,,,,,,69aefaccbf52402fcb03f38a,69aefaccbf52402fcb03f38a,,,,
32585,hover_association,2,3,adv,25,4,18,19,144, us ,703,500,,69aefaccbf52402fcb03f38a,69aefaccbf52402fcb03f38a,advanced,4,69aefaccbf52402fcb03f38a,69aefaccbf52402fcb03f38a,spotlight_PROLIFIC,,36,Chile,Spanish,"Spanish, English, Japanese",Japanese,Spanish:75|English:15|Japanese:10,100,Spanish:50|English:35|Japanese:15,100,Spanish:80|English:10|Japanese:10,100,7,5,Bachelor's,10,10,10,7,7,10,5,22,8,15,Duolingo,130,,,,,17,25,B1,intermediate|advanced,intermediate|advanced,cambridge_15_21_random_intermediate_advanced,4,19,random,,473.265625,693.4375,513.265625,717.453125,10,3,hover,67.19999998807907,67.19999998807907,0.9811320754716981,0.668359375,165,,,,,,2026-09-22T16:00:40.289Z,HM6QAFBU,2026-09-22,2026-09-22,13:00:40,2026-09-22 13:00:40,,,,,,,,69aefaccbf52402fcb03f38a,69aefaccbf52402fcb03f38a,,,,
32597,raw_position_sample,2,3,adv,25,4,18,19,145, mystery ,718,500,1731448.800000012,69aefaccbf52402fcb03f38a,69aefaccbf52402fcb03f38a,advanced,4,69aefaccbf52402fcb03f38a,69aefaccbf52402fcb03f38a,spotlight_PROLIFIC,,36,Chile,Spanish,"Spanish, English, Japanese",Japanese,Spanish:75|English:15|Japanese:10,100,Spanish:50|English:35|Japanese:15,100,Spanish:80|English:10|Japanese:10,100,7,5,Bachelor's,10,10,10,7,7,10,5,22,8,15,Duolingo,130,,,,,17,25,B1,intermediate|advanced,intermediate|advanced,cambridge_15_21_random_intermediate_advanced,4,19,random,,483.265625,717.453125,503.265625,785.46875,10,4,,,,,,,,,,,,2026-09-22T16:00:40.289Z,HM6QAFBU,2026-09-22,2026-09-22,13:00:40,2026-09-22 13:00:40,,,,,,,,69aefaccbf52402fcb03f38a,69aefaccbf52402fcb03f38a,,,,
32652,raw_position_sample,2,3,adv,25,4,18,19,145, mystery ,737,505,1731503.1000000238,69aefaccbf52402fcb03f38a,69aefaccbf52402fcb03f38a,advanced,4,69aefaccbf52402fcb03f38a,69aefaccbf52402fcb03f38a,spotlight_PROLIFIC,,36,Chile,Spanish,"Spanish, English, Japanese",Japanese,Spanish:75|English:15|Japanese:10,100,Spanish:50|English:35|Japanese:15,100,Spanish:80|English:10|Japanese:10,100,7,5,Bachelor's,10,10,10,7,7,10,5,22,8,15,Duolingo,130,,,,,17,25,B1,intermediate|advanced,intermediate|advanced,cambridge_15_21_random_intermediate_advanced,4,19,random,,483.265625,717.453125,503.265625,785.46875,10,4,,,,,,,,,,,,2026-09-22T16:00:40.289Z,HM6QAFBU,2026-09-22,2026-09-22,13:00:40,2026-09-22 13:00:40,,,,,,,,69aefaccbf52402fcb03f38a,69aefaccbf52402fcb03f38a,,,,
32699,raw_position_sample,2,3,adv,25,4,18,19,145, mystery ,756,511,1731550,69aefaccbf52402fcb03f38a,69aefaccbf52402fcb03f38a,advanced,4,69aefaccbf52402fcb03f38a,69aefaccbf52402fcb03f38a,spotlight_PROLIFIC,,36,Chile,Spanish,"Spanish, English, Japanese",Japanese,Spanish:75|English:15|Japanese:10,100,Spanish:50|English:35|Japanese:15,100,Spanish:80|English:10|Japanese:10,100,7,5,Bachelor's,10,10,10,7,7,10,5,22,8,15,Duolingo,130,,,,,17,25,B1,intermediate|advanced,intermediate|advanced,cambridge_15_21_random_intermediate_advanced,4,19,random,,483.265625,717.453125,503.265625,785.46875,10,4,,,,,,,,,,,,2026-09-22T16:00:40.289Z,HM6QAFBU,2026-09-22,2026-09-22,13:00:40,2026-09-22 13:00:40,,,,,,,,69aefaccbf52402fcb03f38a,69aefaccbf52402fcb03f38a,,,,
32702,hover_association,2,3,adv,25,4,18,19,145, mystery ,718,500,,69aefaccbf52402fcb03f38a,69aefaccbf52402fcb03f38a,advanced,4,69aefaccbf52402fcb03f38a,69aefaccbf52402fcb03f38a,spotlight_PROLIFIC,,36,Chile,Spanish,"Spanish, English, Japanese",Japanese,Spanish:75|English:15|Japanese:10,100,Spanish:50|English:35|Japanese:15,100,Spanish:80|English:10|Japanese:10,100,7,5,Bachelor's,10,10,10,7,7,10,5,22,8,15,Duolingo,130,,,,,17,25,B1,intermediate|advanced,intermediate|advanced,cambridge_15_21_random_intermediate_advanced,4,19,random,,473.265625,717.453125,513.265625,785.46875,10,4,hover,116.69999998807907,116.69999998807907,0.5667355846542614,0.943359375,165,,,,,,2026-09-22T16:00:40.289Z,HM6QAFBU,2026-09-22,2026-09-22,13:00:40,2026-09-22 13:00:40,,,,,,,,69aefaccbf52402fcb03f38a,69aefaccbf52402fcb03f38a,,,,
32719,hover_association,2,3,adv,25,4,18,19,162, to ,769,514,,69aefaccbf52402fcb03f38a,69aefaccbf52402fcb03f38a,advanced,4,69aefaccbf52402fcb03f38a,69aefaccbf52402fcb03f38a,spotlight_PROLIFIC,,36,Chile,Spanish,"Spanish, English, Japanese",Japanese,Spanish:75|English:15|Japanese:10,100,Spanish:50|English:35|Japanese:15,100,Spanish:80|English:10|Japanese:10,100,7,5,Bachelor's,10,10,10,7,7,10,5,22,8,15,Duolingo,130,,,,,17,25,B1,intermediate|advanced,intermediate|advanced,cambridge_15_21_random_intermediate_advanced,4,19,random,,513.265625,751.453125,553.265625,771.46875,11,4,hover,16.5,16.5,0.8766588602654176,0.018359375,165,,,,,,2026-09-22T16:00:40.289Z,HM6QAFBU,2026-09-22,2026-09-22,13:00:40,2026-09-22 13:00:40,,,,,,,,69aefaccbf52402fcb03f38a,69aefaccbf52402fcb03f38a,,,,
32752,hover_association,2,3,adv,25,4,18,19,163, all ,781,516,,69aefaccbf52402fcb03f38a,69aefaccbf52402fcb03f38a,advanced,4,69aefaccbf52402fcb03f38a,69aefaccbf52402fcb03f38a,spotlight_PROLIFIC,,36,Chile,Spanish,"Spanish, English, Japanese",Japanese,Spanish:75|English:15|Japanese:10,100,Spanish:50|English:35|Japanese:15,100,Spanish:80|English:10|Japanese:10,100,7,5,Bachelor's,10,10,10,7,7,10,5,22,8,15,Duolingo,130,,,,,17,25,B1,intermediate|advanced,intermediate|advanced,cambridge_15_21_random_intermediate_advanced,4,19,random,,513.265625,771.46875,553.265625,794.484375,11,5,hover,33.200000047683716,33.200000047683716,0.8486082824168364,0.143359375,165,,,,,,2026-09-22T16:00:40.289Z,HM6QAFBU,2026-09-22,2026-09-22,13:00:40,2026-09-22 13:00:40,,,,,,,,69aefaccbf52402fcb03f38a,69aefaccbf52402fcb03f38a,,,,
32757,raw_position_sample,2,3,adv,25,4,18,19,164, shoppers ,804,519,1731608.3999999762,69aefaccbf52402fcb03f38a,69aefaccbf52402fcb03f38a,advanced,4,69aefaccbf52402fcb03f38a,69aefaccbf52402fcb03f38a,spotlight_PROLIFIC,,36,Chile,Spanish,"Spanish, English, Japanese",Japanese,Spanish:75|English:15|Japanese:10,100,Spanish:50|English:35|Japanese:15,100,Spanish:80|English:10|Japanese:10,100,7,5,Bachelor's,10,10,10,7,7,10,5,22,8,15,Duolingo,130,,,,,17,25,B1,intermediate|advanced,intermediate|advanced,cambridge_15_21_random_intermediate_advanced,4,19,random,,523.265625,794.484375,543.265625,873.546875,11,6,,,,,,,,,,,,2026-09-22T16:00:40.289Z,HM6QAFBU,2026-09-22,2026-09-22,13:00:40,2026-09-22 13:00:40,,,,,,,,69aefaccbf52402fcb03f38a,69aefaccbf52402fcb03f38a,,,,
32798,raw_position_sample,2,3,adv,25,4,18,19,164, shoppers ,819,519,1731649.1000000238,69aefaccbf52402fcb03f38a,69aefaccbf52402fcb03f38a,advanced,4,69aefaccbf52402fcb03f38a,69aefaccbf52402fcb03f38a,spotlight_PROLIFIC,,36,Chile,Spanish,"Spanish, English, Japanese",Japanese,Spanish:75|English:15|Japanese:10,100,Spanish:50|English:35|Japanese:15,100,Spanish:80|English:10|Japanese:10,100,7,5,Bachelor's,10,10,10,7,7,10,5,22,8,15,Duolingo,130,,,,,17,25,B1,intermediate|advanced,intermediate|advanced,cambridge_15_21_random_intermediate_advanced,4,19,random,,523.265625,794.484375,543.265625,873.546875,11,6,,,,,,,,,,,,2026-09-22T16:00:40.289Z,HM6QAFBU,2026-09-22,2026-09-22,13:00:40,2026-09-22 13:00:40,,,,,,,,69aefaccbf52402fcb03f38a,69aefaccbf52402fcb03f38a,,,,
32857,raw_position_sample,2,3,adv,25,4,18,19,164, shoppers ,841,515,1731708.5,69aefaccbf52402fcb03f38a,69aefaccbf52402fcb03f38a,advanced,4,69aefaccbf52402fcb03f38a,69aefaccbf52402fcb03f38a,spotlight_PROLIFIC,,36,Chile,Spanish,"Spanish, English, Japanese",Japanese,Spanish:75|English:15|Japanese:10,100,Spanish:50|English:35|Japanese:15,100,Spanish:80|English:10|Japanese:10,100,7,5,Bachelor's,10,10,10,7,7,10,5,22,8,15,Duolingo,130,,,,,17,25,B1,intermediate|advanced,intermediate|advanced,cambridge_15_21_random_intermediate_advanced,4,19,random,,523.265625,794.484375,543.265625,873.546875,11,6,,,,,,,,,,,,2026-09-22T16:00:40.289Z,HM6QAFBU,2026-09-22,2026-09-22,13:00:40,2026-09-22 13:00:40,,,,,,,,69aefaccbf52402fcb03f38a,69aefaccbf52402fcb03f38a,,,,
32869,hover_association,2,3,adv,25,4,18,19,164, shoppers ,804,519,,69aefaccbf52402fcb03f38a,69aefaccbf52402fcb03f38a,advanced,4,69aefaccbf52402fcb03f38a,69aefaccbf52402fcb03f38a,spotlight_PROLIFIC,,36,Chile,Spanish,"Spanish, English, Japanese",Japanese,Spanish:75|English:15|Japanese:10,100,Spanish:50|English:35|Japanese:15,100,Spanish:80|English:10|Japanese:10,100,7,5,Bachelor's,10,10,10,7,7,10,5,22,8,15,Duolingo,130,,,,,17,25,B1,intermediate|advanced,intermediate|advanced,cambridge_15_21_random_intermediate_advanced,4,19,random,,513.265625,794.484375,553.265625,873.546875,11,6,hover,116.79999995231628,116.79999995231628,0.5883399209486166,0.043359375,165,,,,,,2026-09-22T16:00:40.289Z,HM6QAFBU,2026-09-22,2026-09-22,13:00:40,2026-09-22 13:00:40,,,,,,,,69aefaccbf52402fcb03f38a,69aefaccbf52402fcb03f38a,,,,
32908,raw_position_sample,2,3,adv,25,4,18,19,146, shoppers. ,848,510,1731759.1000000238,69aefaccbf52402fcb03f38a,69aefaccbf52402fcb03f38a,advanced,4,69aefaccbf52402fcb03f38a,69aefaccbf52402fcb03f38a,spotlight_PROLIFIC,,36,Chile,Spanish,"Spanish, English, Japanese",Japanese,Spanish:75|English:15|Japanese:10,100,Spanish:50|English:35|Japanese:15,100,Spanish:80|English:10|Japanese:10,100,7,5,Bachelor's,10,10,10,7,7,10,5,22,8,15,Duolingo,130,,,,,17,25,B1,intermediate|advanced,intermediate|advanced,cambridge_15_21_random_intermediate_advanced,4,19,random,,483.265625,785.46875,503.265625,869.53125,10,5,,,,,,,,,,,,2026-09-22T16:00:40.289Z,HM6QAFBU,2026-09-22,2026-09-22,13:00:40,2026-09-22 13:00:40,,,,,,,,69aefaccbf52402fcb03f38a,69aefaccbf52402fcb03f38a,,,,
32952,raw_position_sample,2,3,adv,25,4,18,19,146, shoppers. ,855,505,1731803.699999988,69aefaccbf52402fcb03f38a,69aefaccbf52402fcb03f38a,advanced,4,69aefaccbf52402fcb03f38a,69aefaccbf52402fcb03f38a,spotlight_PROLIFIC,,36,Chile,Spanish,"Spanish, English, Japanese",Japanese,Spanish:75|English:15|Japanese:10,100,Spanish:50|English:35|Japanese:15,100,Spanish:80|English:10|Japanese:10,100,7,5,Bachelor's,10,10,10,7,7,10,5,22,8,15,Duolingo,130,,,,,17,25,B1,intermediate|advanced,intermediate|advanced,cambridge_15_21_random_intermediate_advanced,4,19,random,,483.265625,785.46875,503.265625,869.53125,10,5,,,,,,,,,,,,2026-09-22T16:00:40.289Z,HM6QAFBU,2026-09-22,2026-09-22,13:00:40,2026-09-22 13:00:40,,,,,,,,69aefaccbf52402fcb03f38a,69aefaccbf52402fcb03f38a,,,,
33007,raw_position_sample,2,3,adv,25,4,18,19,146, shoppers. ,857,503,1731858.5,69aefaccbf52402fcb03f38a,69aefaccbf52402fcb03f38a,advanced,4,69aefaccbf52402fcb03f38a,69aefaccbf52402fcb03f38a,spotlight_PROLIFIC,,36,Chile,Spanish,"Spanish, English, Japanese",Japanese,Spanish:75|English:15|Japanese:10,100,Spanish:50|English:35|Japanese:15,100,Spanish:80|English:10|Japanese:10,100,7,5,Bachelor's,10,10,10,7,7,10,5,22,8,15,Duolingo,130,,,,,17,25,B1,intermediate|advanced,intermediate|advanced,cambridge_15_21_random_intermediate_advanced,4,19,random,,483.265625,785.46875,503.265625,869.53125,10,5,,,,,,,,,,,,2026-09-22T16:00:40.289Z,HM6QAFBU,2026-09-22,2026-09-22,13:00:40,2026-09-22 13:00:40,,,,,,,,69aefaccbf52402fcb03f38a,69aefaccbf52402fcb03f38a,,,,
33056,raw_position_sample,2,3,adv,25,4,18,19,146, shoppers. ,865,500,1731907.6000000238,69aefaccbf52402fcb03f38a,69aefaccbf52402fcb03f38a,advanced,4,69aefaccbf52402fcb03f38a,69aefaccbf52402fcb03f38a,spotlight_PROLIFIC,,36,Chile,Spanish,"Spanish, English, Japanese",Japanese,Spanish:75|English:15|Japanese:10,100,Spanish:50|English:35|Japanese:15,100,Spanish:80|English:10|Japanese:10,100,7,5,Bachelor's,10,10,10,7,7,10,5,22,8,15,Duolingo,130,,,,,17,25,B1,intermediate|advanced,intermediate|advanced,cambridge_15_21_random_intermediate_advanced,4,19,random,,483.265625,785.46875,503.265625,869.53125,10,5,,,,,,,,,,,,2026-09-22T16:00:40.289Z,HM6QAFBU,2026-09-22,2026-09-22,13:00:40,2026-09-22 13:00:40,,,,,,,,69aefaccbf52402fcb03f38a,69aefaccbf52402fcb03f38a,,,,
33068,hover_association,2,3,adv,25,4,18,19,146, shoppers. ,843,513,,69aefaccbf52402fcb03f38a,69aefaccbf52402fcb03f38a,advanced,4,69aefaccbf52402fcb03f38a,69aefaccbf52402fcb03f38a,spotlight_PROLIFIC,,36,Chile,Spanish,"Spanish, English, Japanese",Japanese,Spanish:75|English:15|Japanese:10,100,Spanish:50|English:35|Japanese:15,100,Spanish:80|English:10|Japanese:10,100,7,5,Bachelor's,10,10,10,7,7,10,5,22,8,15,Duolingo,130,,,,,17,25,B1,intermediate|advanced,intermediate|advanced,cambridge_15_21_random_intermediate_advanced,4,19,random,,473.265625,785.46875,513.265625,869.53125,10,5,hover,199.9000000357628,199.9000000357628,0.9460966542750929,0.668359375,165,,,,,,2026-09-22T16:00:40.289Z,HM6QAFBU,2026-09-22,2026-09-22,13:00:40,2026-09-22 13:00:40,,,,,,,,69aefaccbf52402fcb03f38a,69aefaccbf52402fcb03f38a,,,,
33107,raw_position_sample,2,3,adv,25,4,18,19,147, I ,875,497,1731958.699999988,69aefaccbf52402fcb03f38a,69aefaccbf52402fcb03f38a,advanced,4,69aefaccbf52402fcb03f38a,69aefaccbf52402fcb03f38a,spotlight_PROLIFIC,,36,Chile,Spanish,"Spanish, English, Japanese",Japanese,Spanish:75|English:15|Japanese:10,100,Spanish:50|English:35|Japanese:15,100,Spanish:80|English:10|Japanese:10,100,7,5,Bachelor's,10,10,10,7,7,10,5,22,8,15,Duolingo,130,,,,,17,25,B1,intermediate|advanced,intermediate|advanced,cambridge_15_21_random_intermediate_advanced,4,19,random,,483.265625,869.53125,503.265625,879.546875,10,6,,,,,,,,,,,,2026-09-22T16:00:40.289Z,HM6QAFBU,2026-09-22,2026-09-22,13:00:40,2026-09-22 13:00:40,,,,,,,,69aefaccbf52402fcb03f38a,69aefaccbf52402fcb03f38a,,,,
33151,raw_position_sample,2,3,adv,25,4,18,19,147, I ,877,496,1732002.8999999762,69aefaccbf52402fcb03f38a,69aefaccbf52402fcb03f38a,advanced,4,69aefaccbf52402fcb03f38a,69aefaccbf52402fcb03f38a,spotlight_PROLIFIC,,36,Chile,Spanish,"Spanish, English, Japanese",Japanese,Spanish:75|English:15|Japanese:10,100,Spanish:50|English:35|Japanese:15,100,Spanish:80|English:10|Japanese:10,100,7,5,Bachelor's,10,10,10,7,7,10,5,22,8,15,Duolingo,130,,,,,17,25,B1,intermediate|advanced,intermediate|advanced,cambridge_15_21_random_intermediate_advanced,4,19,random,,483.265625,869.53125,503.265625,879.546875,10,6,,,,,,,,,,,,2026-09-22T16:00:40.289Z,HM6QAFBU,2026-09-22,2026-09-22,13:00:40,2026-09-22 13:00:40,,,,,,,,69aefaccbf52402fcb03f38a,69aefaccbf52402fcb03f38a,,,,
33169,hover_association,2,3,adv,25,4,18,19,147, I ,870,498,,69aefaccbf52402fcb03f38a,69aefaccbf52402fcb03f38a,advanced,4,69aefaccbf52402fcb03f38a,69aefaccbf52402fcb03f38a,spotlight_PROLIFIC,,36,Chile,Spanish,"Spanish, English, Japanese",Japanese,Spanish:75|English:15|Japanese:10,100,Spanish:50|English:35|Japanese:15,100,Spanish:80|English:10|Japanese:10,100,7,5,Bachelor's,10,10,10,7,7,10,5,22,8,15,Duolingo,130,,,,,17,25,B1,intermediate|advanced,intermediate|advanced,cambridge_15_21_random_intermediate_advanced,4,19,random,,473.265625,869.53125,513.265625,879.546875,10,6,hover,100.09999996423721,100.09999996423721,0.7457098283931357,0.568359375,165,,,,,,2026-09-22T16:00:40.289Z,HM6QAFBU,2026-09-22,2026-09-22,13:00:40,2026-09-22 13:00:40,,,,,,,,69aefaccbf52402fcb03f38a,69aefaccbf52402fcb03f38a,,,,
33206,raw_position_sample,2,3,adv,25,4,18,19,148, feel ,887,496,1732057.800000012,69aefaccbf52402fcb03f38a,69aefaccbf52402fcb03f38a,advanced,4,69aefaccbf52402fcb03f38a,69aefaccbf52402fcb03f38a,spotlight_PROLIFIC,,36,Chile,Spanish,"Spanish, English, Japanese",Japanese,Spanish:75|English:15|Japanese:10,100,Spanish:50|English:35|Japanese:15,100,Spanish:80|English:10|Japanese:10,100,7,5,Bachelor's,10,10,10,7,7,10,5,22,8,15,Duolingo,130,,,,,17,25,B1,intermediate|advanced,intermediate|advanced,cambridge_15_21_random_intermediate_advanced,4,19,random,,483.265625,879.546875,503.265625,913.578125,10,7,,,,,,,,,,,,2026-09-22T16:00:40.289Z,HM6QAFBU,2026-09-22,2026-09-22,13:00:40,2026-09-22 13:00:40,,,,,,,,69aefaccbf52402fcb03f38a,69aefaccbf52402fcb03f38a,,,,
33257,raw_position_sample,2,3,adv,25,4,18,19,148, feel ,906,498,1732108.800000012,69aefaccbf52402fcb03f38a,69aefaccbf52402fcb03f38a,advanced,4,69aefaccbf52402fcb03f38a,69aefaccbf52402fcb03f38a,spotlight_PROLIFIC,,36,Chile,Spanish,"Spanish, English, Japanese",Japanese,Spanish:75|English:15|Japanese:10,100,Spanish:50|English:35|Japanese:15,100,Spanish:80|English:10|Japanese:10,100,7,5,Bachelor's,10,10,10,7,7,10,5,22,8,15,Duolingo,130,,,,,17,25,B1,intermediate|advanced,intermediate|advanced,cambridge_15_21_random_intermediate_advanced,4,19,random,,483.265625,879.546875,503.265625,913.578125,10,7,,,,,,,,,,,,2026-09-22T16:00:40.289Z,HM6QAFBU,2026-09-22,2026-09-22,13:00:40,2026-09-22 13:00:40,,,,,,,,69aefaccbf52402fcb03f38a,69aefaccbf52402fcb03f38a,,,,
33284,hover_association,2,3,adv,25,4,18,19,148, feel ,881,496,,69aefaccbf52402fcb03f38a,69aefaccbf52402fcb03f38a,advanced,4,69aefaccbf52402fcb03f38a,69aefaccbf52402fcb03f38a,spotlight_PROLIFIC,,36,Chile,Spanish,"Spanish, English, Japanese",Japanese,Spanish:75|English:15|Japanese:10,100,Spanish:50|English:35|Japanese:15,100,Spanish:80|English:10|Japanese:10,100,7,5,Bachelor's,10,10,10,7,7,10,5,22,8,15,Duolingo,130,,,,,17,25,B1,intermediate|advanced,intermediate|advanced,cambridge_15_21_random_intermediate_advanced,4,19,random,,473.265625,879.546875,513.265625,913.578125,10,7,hover,116.20000004768372,116.20000004768372,0.9242424242424242,0.643359375,165,,,,,,2026-09-22T16:00:40.289Z,HM6QAFBU,2026-09-22,2026-09-22,13:00:40,2026-09-22 13:00:40,,,,,,,,69aefaccbf52402fcb03f38a,69aefaccbf52402fcb03f38a,,,,
33302,raw_position_sample,2,3,adv,25,4,18,19,149, I’m ,933,504,1732153.1000000238,69aefaccbf52402fcb03f38a,69aefaccbf52402fcb03f38a,advanced,4,69aefaccbf52402fcb03f38a,69aefaccbf52402fcb03f38a,spotlight_PROLIFIC,,36,Chile,Spanish,"Spanish, English, Japanese",Japanese,Spanish:75|English:15|Japanese:10,100,Spanish:50|English:35|Japanese:15,100,Spanish:80|English:10|Japanese:10,100,7,5,Bachelor's,10,10,10,7,7,10,5,22,8,15,Duolingo,130,,,,,17,25,B1,intermediate|advanced,intermediate|advanced,cambridge_15_21_random_intermediate_advanced,4,19,random,,483.265625,913.578125,503.265625,942.578125,10,8,,,,,,,,,,,,2026-09-22T16:00:40.289Z,HM6QAFBU,2026-09-22,2026-09-22,13:00:40,2026-09-22 13:00:40,,,,,,,,69aefaccbf52402fcb03f38a,69aefaccbf52402fcb03f38a,,,,
33317,hover_association,2,3,adv,25,4,18,19,149, I’m ,921,502,,69aefaccbf52402fcb03f38a,69aefaccbf52402fcb03f38a,advanced,4,69aefaccbf52402fcb03f38a,69aefaccbf52402fcb03f38a,spotlight_PROLIFIC,,36,Chile,Spanish,"Spanish, English, Japanese",Japanese,Spanish:75|English:15|Japanese:10,100,Spanish:50|English:35|Japanese:15,100,Spanish:80|English:10|Japanese:10,100,7,5,Bachelor's,10,10,10,7,7,10,5,22,8,15,Duolingo,130,,,,,17,25,B1,intermediate|advanced,intermediate|advanced,cambridge_15_21_random_intermediate_advanced,4,19,random,,473.265625,913.578125,513.265625,942.578125,10,8,hover,33.09999996423721,33.09999996423721,0.6697198275862069,0.768359375,165,,,,,,2026-09-22T16:00:40.289Z,HM6QAFBU,2026-09-22,2026-09-22,13:00:40,2026-09-22 13:00:40,,,,,,,,69aefaccbf52402fcb03f38a,69aefaccbf52402fcb03f38a,,,,
33356,raw_position_sample,2,3,adv,25,4,18,19,150, not ,971,507,1732207.199999988,69aefaccbf52402fcb03f38a,69aefaccbf52402fcb03f38a,advanced,4,69aefaccbf52402fcb03f38a,69aefaccbf52402fcb03f38a,spotlight_PROLIFIC,,36,Chile,Spanish,"Spanish, English, Japanese",Japanese,Spanish:75|English:15|Japanese:10,100,Spanish:50|English:35|Japanese:15,100,Spanish:80|English:10|Japanese:10,100,7,5,Bachelor's,10,10,10,7,7,10,5,22,8,15,Duolingo,130,,,,,17,25,B1,intermediate|advanced,intermediate|advanced,cambridge_15_21_random_intermediate_advanced,4,19,random,,483.265625,942.578125,503.265625,972.609375,10,9,,,,,,,,,,,,2026-09-22T16:00:40.289Z,HM6QAFBU,2026-09-22,2026-09-22,13:00:40,2026-09-22 13:00:40,,,,,,,,69aefaccbf52402fcb03f38a,69aefaccbf52402fcb03f38a,,,,
33369,hover_association,2,3,adv,25,4,18,19,150, not ,946,505,,69aefaccbf52402fcb03f38a,69aefaccbf52402fcb03f38a,advanced,4,69aefaccbf52402fcb03f38a,69aefaccbf52402fcb03f38a,spotlight_PROLIFIC,,36,Chile,Spanish,"Spanish, English, Japanese",Japanese,Spanish:75|English:15|Japanese:10,100,Spanish:50|English:35|Japanese:15,100,Spanish:80|English:10|Japanese:10,100,7,5,Bachelor's,10,10,10,7,7,10,5,22,8,15,Duolingo,130,,,,,17,25,B1,intermediate|advanced,intermediate|advanced,cambridge_15_21_random_intermediate_advanced,4,19,random,,473.265625,942.578125,513.265625,972.609375,10,9,hover,50.69999998807907,50.69999998807907,0.9464099895941728,0.843359375,165,,,,,,2026-09-22T16:00:40.289Z,HM6QAFBU,2026-09-22,2026-09-22,13:00:40,2026-09-22 13:00:40,,,,,,,,69aefaccbf52402fcb03f38a,69aefaccbf52402fcb03f38a,,,,
33407,raw_position_sample,2,3,adv,25,4,18,19,151, just ,1001,507,1732258,69aefaccbf52402fcb03f38a,69aefaccbf52402fcb03f38a,advanced,4,69aefaccbf52402fcb03f38a,69aefaccbf52402fcb03f38a,spotlight_PROLIFIC,,36,Chile,Spanish,"Spanish, English, Japanese",Japanese,Spanish:75|English:15|Japanese:10,100,Spanish:50|English:35|Japanese:15,100,Spanish:80|English:10|Japanese:10,100,7,5,Bachelor's,10,10,10,7,7,10,5,22,8,15,Duolingo,130,,,,,17,25,B1,intermediate|advanced,intermediate|advanced,cambridge_15_21_random_intermediate_advanced,4,19,random,,483.265625,972.609375,503.265625,1005.625,10,10,,,,,,,,,,,,2026-09-22T16:00:40.289Z,HM6QAFBU,2026-09-22,2026-09-22,13:00:40,2026-09-22 13:00:40,,,,,,,,69aefaccbf52402fcb03f38a,69aefaccbf52402fcb03f38a,,,,
33418,hover_association,2,3,adv,25,4,18,19,151, just ,981,507,,69aefaccbf52402fcb03f38a,69aefaccbf52402fcb03f38a,advanced,4,69aefaccbf52402fcb03f38a,69aefaccbf52402fcb03f38a,spotlight_PROLIFIC,,36,Chile,Spanish,"Spanish, English, Japanese",Japanese,Spanish:75|English:15|Japanese:10,100,Spanish:50|English:35|Japanese:15,100,Spanish:80|English:10|Japanese:10,100,7,5,Bachelor's,10,10,10,7,7,10,5,22,8,15,Duolingo,130,,,,,17,25,B1,intermediate|advanced,intermediate|advanced,cambridge_15_21_random_intermediate_advanced,4,19,random,,473.265625,972.609375,513.265625,1005.625,10,10,hover,49.80000001192093,49.80000001192093,0.8599148130619971,0.843359375,165,,,,,,2026-09-22T16:00:40.289Z,HM6QAFBU,2026-09-22,2026-09-22,13:00:40,2026-09-22 13:00:40,,,,,,,,69aefaccbf52402fcb03f38a,69aefaccbf52402fcb03f38a,,,,
33454,raw_position_sample,2,3,adv,25,4,18,19,152, doing ,1019,503,1732304.8999999762,69aefaccbf52402fcb03f38a,69aefaccbf52402fcb03f38a,advanced,4,69aefaccbf52402fcb03f38a,69aefaccbf52402fcb03f38a,spotlight_PROLIFIC,,36,Chile,Spanish,"Spanish, English, Japanese",Japanese,Spanish:75|English:15|Japanese:10,100,Spanish:50|English:35|Japanese:15,100,Spanish:80|English:10|Japanese:10,100,7,5,Bachelor's,10,10,10,7,7,10,5,22,8,15,Duolingo,130,,,,,17,25,B1,intermediate|advanced,intermediate|advanced,cambridge_15_21_random_intermediate_advanced,4,19,random,,483.265625,1005.625,503.265625,1054.671875,10,11,,,,,,,,,,,,2026-09-22T16:00:40.289Z,HM6QAFBU,2026-09-22,2026-09-22,13:00:40,2026-09-22 13:00:40,,,,,,,,69aefaccbf52402fcb03f38a,69aefaccbf52402fcb03f38a,,,,
33509,raw_position_sample,2,3,adv,25,4,18,19,152, doing ,1024,500,1732359.8999999762,69aefaccbf52402fcb03f38a,69aefaccbf52402fcb03f38a,advanced,4,69aefaccbf52402fcb03f38a,69aefaccbf52402fcb03f38a,spotlight_PROLIFIC,,36,Chile,Spanish,"Spanish, English, Japanese",Japanese,Spanish:75|English:15|Japanese:10,100,Spanish:50|English:35|Japanese:15,100,Spanish:80|English:10|Japanese:10,100,7,5,Bachelor's,10,10,10,7,7,10,5,22,8,15,Duolingo,130,,,,,17,25,B1,intermediate|advanced,intermediate|advanced,cambridge_15_21_random_intermediate_advanced,4,19,random,,483.265625,1005.625,503.265625,1054.671875,10,11,,,,,,,,,,,,2026-09-22T16:00:40.289Z,HM6QAFBU,2026-09-22,2026-09-22,13:00:40,2026-09-22 13:00:40,,,,,,,,69aefaccbf52402fcb03f38a,69aefaccbf52402fcb03f38a,,,,
33557,raw_position_sample,2,3,adv,25,4,18,19,152, doing ,1032,497,1732407.8999999762,69aefaccbf52402fcb03f38a,69aefaccbf52402fcb03f38a,advanced,4,69aefaccbf52402fcb03f38a,69aefaccbf52402fcb03f38a,spotlight_PROLIFIC,,36,Chile,Spanish,"Spanish, English, Japanese",Japanese,Spanish:75|English:15|Japanese:10,100,Spanish:50|English:35|Japanese:15,100,Spanish:80|English:10|Japanese:10,100,7,5,Bachelor's,10,10,10,7,7,10,5,22,8,15,Duolingo,130,,,,,17,25,B1,intermediate|advanced,intermediate|advanced,cambridge_15_21_random_intermediate_advanced,4,19,random,,483.265625,1005.625,503.265625,1054.671875,10,11,,,,,,,,,,,,2026-09-22T16:00:40.289Z,HM6QAFBU,2026-09-22,2026-09-22,13:00:40,2026-09-22 13:00:40,,,,,,,,69aefaccbf52402fcb03f38a,69aefaccbf52402fcb03f38a,,,,
33598,raw_position_sample,2,3,adv,25,4,18,19,152, doing ,1033,497,1732449.300000012,69aefaccbf52402fcb03f38a,69aefaccbf52402fcb03f38a,advanced,4,69aefaccbf52402fcb03f38a,69aefaccbf52402fcb03f38a,spotlight_PROLIFIC,,36,Chile,Spanish,"Spanish, English, Japanese",Japanese,Spanish:75|English:15|Japanese:10,100,Spanish:50|English:35|Japanese:15,100,Spanish:80|English:10|Japanese:10,100,7,5,Bachelor's,10,10,10,7,7,10,5,22,8,15,Duolingo,130,,,,,17,25,B1,intermediate|advanced,intermediate|advanced,cambridge_15_21_random_intermediate_advanced,4,19,random,,483.265625,1005.625,503.265625,1054.671875,10,11,,,,,,,,,,,,2026-09-22T16:00:40.289Z,HM6QAFBU,2026-09-22,2026-09-22,13:00:40,2026-09-22 13:00:40,,,,,,,,69aefaccbf52402fcb03f38a,69aefaccbf52402fcb03f38a,,,,
33656,raw_position_sample,2,3,adv,25,4,18,19,152, doing ,1051,494,1732507.8999999762,69aefaccbf52402fcb03f38a,69aefaccbf52402fcb03f38a,advanced,4,69aefaccbf52402fcb03f38a,69aefaccbf52402fcb03f38a,spotlight_PROLIFIC,,36,Chile,Spanish,"Spanish, English, Japanese",Japanese,Spanish:75|English:15|Japanese:10,100,Spanish:50|English:35|Japanese:15,100,Spanish:80|English:10|Japanese:10,100,7,5,Bachelor's,10,10,10,7,7,10,5,22,8,15,Duolingo,130,,,,,17,25,B1,intermediate|advanced,intermediate|advanced,cambridge_15_21_random_intermediate_advanced,4,19,random,,483.265625,1005.625,503.265625,1054.671875,10,11,,,,,,,,,,,,2026-09-22T16:00:40.289Z,HM6QAFBU,2026-09-22,2026-09-22,13:00:40,2026-09-22 13:00:40,,,,,,,,69aefaccbf52402fcb03f38a,69aefaccbf52402fcb03f38a,,,,
33670,hover_association,2,3,adv,25,4,18,19,152, doing ,1010,505,,69aefaccbf52402fcb03f38a,69aefaccbf52402fcb03f38a,advanced,4,69aefaccbf52402fcb03f38a,69aefaccbf52402fcb03f38a,spotlight_PROLIFIC,,36,Chile,Spanish,"Spanish, English, Japanese",Japanese,Spanish:75|English:15|Japanese:10,100,Spanish:50|English:35|Japanese:15,100,Spanish:80|English:10|Japanese:10,100,7,5,Bachelor's,10,10,10,7,7,10,5,22,8,15,Duolingo,130,,,,,17,25,B1,intermediate|advanced,intermediate|advanced,cambridge_15_21_random_intermediate_advanced,4,19,random,,473.265625,1005.625,513.265625,1054.671875,10,11,hover,250.60000002384186,250.60000002384186,0.9251353934374005,0.518359375,165,,,,,,2026-09-22T16:00:40.289Z,HM6QAFBU,2026-09-22,2026-09-22,13:00:40,2026-09-22 13:00:40,,,,,,,,69aefaccbf52402fcb03f38a,69aefaccbf52402fcb03f38a,,,,
33703,hover_association,2,3,adv,25,4,18,19,153, a ,1060,492,,69aefaccbf52402fcb03f38a,69aefaccbf52402fcb03f38a,advanced,4,69aefaccbf52402fcb03f38a,69aefaccbf52402fcb03f38a,spotlight_PROLIFIC,,36,Chile,Spanish,"Spanish, English, Japanese",Japanese,Spanish:75|English:15|Japanese:10,100,Spanish:50|English:35|Japanese:15,100,Spanish:80|English:10|Japanese:10,100,7,5,Bachelor's,10,10,10,7,7,10,5,22,8,15,Duolingo,130,,,,,17,25,B1,intermediate|advanced,intermediate|advanced,cambridge_15_21_random_intermediate_advanced,4,19,random,,473.265625,1054.671875,513.265625,1069.6875,10,12,hover,33.19999998807907,33.19999998807907,0.8210197710718002,0.443359375,165,,,,,,2026-09-22T16:00:40.289Z,HM6QAFBU,2026-09-22,2026-09-22,13:00:40,2026-09-22 13:00:40,,,,,,,,69aefaccbf52402fcb03f38a,69aefaccbf52402fcb03f38a,,,,
33707,raw_position_sample,2,3,adv,25,4,18,19,154, service ,1071,491,1732558.699999988,69aefaccbf52402fcb03f38a,69aefaccbf52402fcb03f38a,advanced,4,69aefaccbf52402fcb03f38a,69aefaccbf52402fcb03f38a,spotlight_PROLIFIC,,36,Chile,Spanish,"Spanish, English, Japanese",Japanese,Spanish:75|English:15|Japanese:10,100,Spanish:50|English:35|Japanese:15,100,Spanish:80|English:10|Japanese:10,100,7,5,Bachelor's,10,10,10,7,7,10,5,22,8,15,Duolingo,130,,,,,17,25,B1,intermediate|advanced,intermediate|advanced,cambridge_15_21_random_intermediate_advanced,4,19,random,,483.265625,1069.6875,503.265625,1131.703125,10,13,,,,,,,,,,,,2026-09-22T16:00:40.289Z,HM6QAFBU,2026-09-22,2026-09-22,13:00:40,2026-09-22 13:00:40,,,,,,,,69aefaccbf52402fcb03f38a,69aefaccbf52402fcb03f38a,,,,
33756,raw_position_sample,2,3,adv,25,4,18,19,154, service ,1087,491,1732607.6000000238,69aefaccbf52402fcb03f38a,69aefaccbf52402fcb03f38a,advanced,4,69aefaccbf52402fcb03f38a,69aefaccbf52402fcb03f38a,spotlight_PROLIFIC,,36,Chile,Spanish,"Spanish, English, Japanese",Japanese,Spanish:75|English:15|Japanese:10,100,Spanish:50|English:35|Japanese:15,100,Spanish:80|English:10|Japanese:10,100,7,5,Bachelor's,10,10,10,7,7,10,5,22,8,15,Duolingo,130,,,,,17,25,B1,intermediate|advanced,intermediate|advanced,cambridge_15_21_random_intermediate_advanced,4,19,random,,483.265625,1069.6875,503.265625,1131.703125,10,13,,,,,,,,,,,,2026-09-22T16:00:40.289Z,HM6QAFBU,2026-09-22,2026-09-22,13:00:40,2026-09-22 13:00:40,,,,,,,,69aefaccbf52402fcb03f38a,69aefaccbf52402fcb03f38a,,,,
33807,raw_position_sample,2,3,adv,25,4,18,19,154, service ,1105,493,1732658,69aefaccbf52402fcb03f38a,69aefaccbf52402fcb03f38a,advanced,4,69aefaccbf52402fcb03f38a,69aefaccbf52402fcb03f38a,spotlight_PROLIFIC,,36,Chile,Spanish,"Spanish, English, Japanese",Japanese,Spanish:75|English:15|Japanese:10,100,Spanish:50|English:35|Japanese:15,100,Spanish:80|English:10|Japanese:10,100,7,5,Bachelor's,10,10,10,7,7,10,5,22,8,15,Duolingo,130,,,,,17,25,B1,intermediate|advanced,intermediate|advanced,cambridge_15_21_random_intermediate_advanced,4,19,random,,483.265625,1069.6875,503.265625,1131.703125,10,13,,,,,,,,,,,,2026-09-22T16:00:40.289Z,HM6QAFBU,2026-09-22,2026-09-22,13:00:40,2026-09-22 13:00:40,,,,,,,,69aefaccbf52402fcb03f38a,69aefaccbf52402fcb03f38a,,,,
33852,hover_association,2,3,adv,25,4,18,19,154, service ,1071,491,,69aefaccbf52402fcb03f38a,69aefaccbf52402fcb03f38a,advanced,4,69aefaccbf52402fcb03f38a,69aefaccbf52402fcb03f38a,spotlight_PROLIFIC,,36,Chile,Spanish,"Spanish, English, Japanese",Japanese,Spanish:75|English:15|Japanese:10,100,Spanish:50|English:35|Japanese:15,100,Spanish:80|English:10|Japanese:10,100,7,5,Bachelor's,10,10,10,7,7,10,5,22,8,15,Duolingo,130,,,,,17,25,B1,intermediate|advanced,intermediate|advanced,cambridge_15_21_random_intermediate_advanced,4,19,random,,473.265625,1069.6875,513.265625,1131.703125,10,13,hover,149.5,149.5,0.9241622574955908,0.593359375,165,,,,,,2026-09-22T16:00:40.289Z,HM6QAFBU,2026-09-22,2026-09-22,13:00:40,2026-09-22 13:00:40,,,,,,,,69aefaccbf52402fcb03f38a,69aefaccbf52402fcb03f38a,,,,
33854,raw_position_sample,2,3,adv,25,4,18,19,155, to ,1142,499,1732705.800000012,69aefaccbf52402fcb03f38a,69aefaccbf52402fcb03f38a,advanced,4,69aefaccbf52402fcb03f38a,69aefaccbf52402fcb03f38a,spotlight_PROLIFIC,,36,Chile,Spanish,"Spanish, English, Japanese",Japanese,Spanish:75|English:15|Japanese:10,100,Spanish:50|English:35|Japanese:15,100,Spanish:80|English:10|Japanese:10,100,7,5,Bachelor's,10,10,10,7,7,10,5,22,8,15,Duolingo,130,,,,,17,25,B1,intermediate|advanced,intermediate|advanced,cambridge_15_21_random_intermediate_advanced,4,19,random,,483.265625,1131.703125,503.265625,1151.71875,10,14,,,,,,,,,,,,2026-09-22T16:00:40.289Z,HM6QAFBU,2026-09-22,2026-09-22,13:00:40,2026-09-22 13:00:40,,,,,,,,69aefaccbf52402fcb03f38a,69aefaccbf52402fcb03f38a,,,,
33869,hover_association,2,3,adv,25,4,18,19,155, to ,1142,499,,69aefaccbf52402fcb03f38a,69aefaccbf52402fcb03f38a,advanced,4,69aefaccbf52402fcb03f38a,69aefaccbf52402fcb03f38a,spotlight_PROLIFIC,,36,Chile,Spanish,"Spanish, English, Japanese",Japanese,Spanish:75|English:15|Japanese:10,100,Spanish:50|English:35|Japanese:15,100,Spanish:80|English:10|Japanese:10,100,7,5,Bachelor's,10,10,10,7,7,10,5,22,8,15,Duolingo,130,,,,,17,25,B1,intermediate|advanced,intermediate|advanced,cambridge_15_21_random_intermediate_advanced,4,19,random,,473.265625,1131.703125,513.265625,1151.71875,10,14,hover,17.100000023841858,17.100000023841858,0.5144418423106948,0.643359375,165,,,,,,2026-09-22T16:00:40.289Z,HM6QAFBU,2026-09-22,2026-09-22,13:00:40,2026-09-22 13:00:40,,,,,,,,69aefaccbf52402fcb03f38a,69aefaccbf52402fcb03f38a,,,,
33903,hover_association,2,3,adv,25,4,18,19,156, my ,1159,502,,69aefaccbf52402fcb03f38a,69aefaccbf52402fcb03f38a,advanced,4,69aefaccbf52402fcb03f38a,69aefaccbf52402fcb03f38a,spotlight_PROLIFIC,,36,Chile,Spanish,"Spanish, English, Japanese",Japanese,Spanish:75|English:15|Japanese:10,100,Spanish:50|English:35|Japanese:15,100,Spanish:80|English:10|Japanese:10,100,7,5,Bachelor's,10,10,10,7,7,10,5,22,8,15,Duolingo,130,,,,,17,25,B1,intermediate|advanced,intermediate|advanced,cambridge_15_21_random_intermediate_advanced,4,19,random,,473.265625,1151.71875,513.265625,1180.71875,10,15,hover,33.299999952316284,33.299999952316284,0.8372844827586207,0.768359375,165,,,,,,2026-09-22T16:00:40.289Z,HM6QAFBU,2026-09-22,2026-09-22,13:00:40,2026-09-22 13:00:40,,,,,,,,69aefaccbf52402fcb03f38a,69aefaccbf52402fcb03f38a,,,,
33908,raw_position_sample,2,3,adv,25,4,18,19,157, company; ,1193,507,1732759.300000012,69aefaccbf52402fcb03f38a,69aefaccbf52402fcb03f38a,advanced,4,69aefaccbf52402fcb03f38a,69aefaccbf52402fcb03f38a,spotlight_PROLIFIC,,36,Chile,Spanish,"Spanish, English, Japanese",Japanese,Spanish:75|English:15|Japanese:10,100,Spanish:50|English:35|Japanese:15,100,Spanish:80|English:10|Japanese:10,100,7,5,Bachelor's,10,10,10,7,7,10,5,22,8,15,Duolingo,130,,,,,17,25,B1,intermediate|advanced,intermediate|advanced,cambridge_15_21_random_intermediate_advanced,4,19,random,,483.265625,1180.71875,503.265625,1263.765625,10,16,,,,,,,,,,,,2026-09-22T16:00:40.289Z,HM6QAFBU,2026-09-22,2026-09-22,13:00:40,2026-09-22 13:00:40,,,,,,,,69aefaccbf52402fcb03f38a,69aefaccbf52402fcb03f38a,,,,
33947,raw_position_sample,2,3,adv,25,4,18,19,157, company; ,1228,511,1732798.5,69aefaccbf52402fcb03f38a,69aefaccbf52402fcb03f38a,advanced,4,69aefaccbf52402fcb03f38a,69aefaccbf52402fcb03f38a,spotlight_PROLIFIC,,36,Chile,Spanish,"Spanish, English, Japanese",Japanese,Spanish:75|English:15|Japanese:10,100,Spanish:50|English:35|Japanese:15,100,Spanish:80|English:10|Japanese:10,100,7,5,Bachelor's,10,10,10,7,7,10,5,22,8,15,Duolingo,130,,,,,17,25,B1,intermediate|advanced,intermediate|advanced,cambridge_15_21_random_intermediate_advanced,4,19,random,,483.265625,1180.71875,503.265625,1263.765625,10,16,,,,,,,,,,,,2026-09-22T16:00:40.289Z,HM6QAFBU,2026-09-22,2026-09-22,13:00:40,2026-09-22 13:00:40,,,,,,,,69aefaccbf52402fcb03f38a,69aefaccbf52402fcb03f38a,,,,
34001,raw_position_sample,2,3,adv,25,4,18,19,157, company; ,1256,510,1732852.5,69aefaccbf52402fcb03f38a,69aefaccbf52402fcb03f38a,advanced,4,69aefaccbf52402fcb03f38a,69aefaccbf52402fcb03f38a,spotlight_PROLIFIC,,36,Chile,Spanish,"Spanish, English, Japanese",Japanese,Spanish:75|English:15|Japanese:10,100,Spanish:50|English:35|Japanese:15,100,Spanish:80|English:10|Japanese:10,100,7,5,Bachelor's,10,10,10,7,7,10,5,22,8,15,Duolingo,130,,,,,17,25,B1,intermediate|advanced,intermediate|advanced,cambridge_15_21_random_intermediate_advanced,4,19,random,,483.265625,1180.71875,503.265625,1263.765625,10,16,,,,,,,,,,,,2026-09-22T16:00:40.289Z,HM6QAFBU,2026-09-22,2026-09-22,13:00:40,2026-09-22 13:00:40,,,,,,,,69aefaccbf52402fcb03f38a,69aefaccbf52402fcb03f38a,,,,
34019,hover_association,2,3,adv,25,4,18,19,157, company; ,1193,507,,69aefaccbf52402fcb03f38a,69aefaccbf52402fcb03f38a,advanced,4,69aefaccbf52402fcb03f38a,69aefaccbf52402fcb03f38a,spotlight_PROLIFIC,,36,Chile,Spanish,"Spanish, English, Japanese",Japanese,Spanish:75|English:15|Japanese:10,100,Spanish:50|English:35|Japanese:15,100,Spanish:80|English:10|Japanese:10,100,7,5,Bachelor's,10,10,10,7,7,10,5,22,8,15,Duolingo,130,,,,,17,25,B1,intermediate|advanced,intermediate|advanced,cambridge_15_21_random_intermediate_advanced,4,19,random,,473.265625,1180.71875,513.265625,1263.765625,10,16,hover,116.70000004768372,116.70000004768372,0.9907808090310443,0.893359375,165,,,,,,2026-09-22T16:00:40.289Z,HM6QAFBU,2026-09-22,2026-09-22,13:00:40,2026-09-22 13:00:40,,,,,,,,69aefaccbf52402fcb03f38a,69aefaccbf52402fcb03f38a,,,,
34056,raw_position_sample,2,3,adv,25,4,18,19,158, I’m ,1267,507,1732907.8999999762,69aefaccbf52402fcb03f38a,69aefaccbf52402fcb03f38a,advanced,4,69aefaccbf52402fcb03f38a,69aefaccbf52402fcb03f38a,spotlight_PROLIFIC,,36,Chile,Spanish,"Spanish, English, Japanese",Japanese,Spanish:75|English:15|Japanese:10,100,Spanish:50|English:35|Japanese:15,100,Spanish:80|English:10|Japanese:10,100,7,5,Bachelor's,10,10,10,7,7,10,5,22,8,15,Duolingo,130,,,,,17,25,B1,intermediate|advanced,intermediate|advanced,cambridge_15_21_random_intermediate_advanced,4,19,random,,483.265625,1263.765625,503.265625,1287.765625,10,17,,,,,,,,,,,,2026-09-22T16:00:40.289Z,HM6QAFBU,2026-09-22,2026-09-22,13:00:40,2026-09-22 13:00:40,,,,,,,,69aefaccbf52402fcb03f38a,69aefaccbf52402fcb03f38a,,,,
34107,raw_position_sample,2,3,adv,25,4,18,19,158, I’m ,1274,502,1732958.1000000238,69aefaccbf52402fcb03f38a,69aefaccbf52402fcb03f38a,advanced,4,69aefaccbf52402fcb03f38a,69aefaccbf52402fcb03f38a,spotlight_PROLIFIC,,36,Chile,Spanish,"Spanish, English, Japanese",Japanese,Spanish:75|English:15|Japanese:10,100,Spanish:50|English:35|Japanese:15,100,Spanish:80|English:10|Japanese:10,100,7,5,Bachelor's,10,10,10,7,7,10,5,22,8,15,Duolingo,130,,,,,17,25,B1,intermediate|advanced,intermediate|advanced,cambridge_15_21_random_intermediate_advanced,4,19,random,,483.265625,1263.765625,503.265625,1287.765625,10,17,,,,,,,,,,,,2026-09-22T16:00:40.289Z,HM6QAFBU,2026-09-22,2026-09-22,13:00:40,2026-09-22 13:00:40,,,,,,,,69aefaccbf52402fcb03f38a,69aefaccbf52402fcb03f38a,,,,
34156,raw_position_sample,2,3,adv,25,4,18,19,158, I’m ,1281,498,1733007.699999988,69aefaccbf52402fcb03f38a,69aefaccbf52402fcb03f38a,advanced,4,69aefaccbf52402fcb03f38a,69aefaccbf52402fcb03f38a,spotlight_PROLIFIC,,36,Chile,Spanish,"Spanish, English, Japanese",Japanese,Spanish:75|English:15|Japanese:10,100,Spanish:50|English:35|Japanese:15,100,Spanish:80|English:10|Japanese:10,100,7,5,Bachelor's,10,10,10,7,7,10,5,22,8,15,Duolingo,130,,,,,17,25,B1,intermediate|advanced,intermediate|advanced,cambridge_15_21_random_intermediate_advanced,4,19,random,,483.265625,1263.765625,503.265625,1287.765625,10,17,,,,,,,,,,,,2026-09-22T16:00:40.289Z,HM6QAFBU,2026-09-22,2026-09-22,13:00:40,2026-09-22 13:00:40,,,,,,,,69aefaccbf52402fcb03f38a,69aefaccbf52402fcb03f38a,,,,
34198,raw_position_sample,2,3,adv,25,4,18,19,158, I’m ,1281,498,1733049.5,69aefaccbf52402fcb03f38a,69aefaccbf52402fcb03f38a,advanced,4,69aefaccbf52402fcb03f38a,69aefaccbf52402fcb03f38a,spotlight_PROLIFIC,,36,Chile,Spanish,"Spanish, English, Japanese",Japanese,Spanish:75|English:15|Japanese:10,100,Spanish:50|English:35|Japanese:15,100,Spanish:80|English:10|Japanese:10,100,7,5,Bachelor's,10,10,10,7,7,10,5,22,8,15,Duolingo,130,,,,,17,25,B1,intermediate|advanced,intermediate|advanced,cambridge_15_21_random_intermediate_advanced,4,19,random,,483.265625,1263.765625,503.265625,1287.765625,10,17,,,,,,,,,,,,2026-09-22T16:00:40.289Z,HM6QAFBU,2026-09-22,2026-09-22,13:00:40,2026-09-22 13:00:40,,,,,,,,69aefaccbf52402fcb03f38a,69aefaccbf52402fcb03f38a,,,,
34249,raw_position_sample,2,3,adv,25,4,18,19,158, I’m ,1281,498,1733100.199999988,69aefaccbf52402fcb03f38a,69aefaccbf52402fcb03f38a,advanced,4,69aefaccbf52402fcb03f38a,69aefaccbf52402fcb03f38a,spotlight_PROLIFIC,,36,Chile,Spanish,"Spanish, English, Japanese",Japanese,Spanish:75|English:15|Japanese:10,100,Spanish:50|English:35|Japanese:15,100,Spanish:80|English:10|Japanese:10,100,7,5,Bachelor's,10,10,10,7,7,10,5,22,8,15,Duolingo,130,,,,,17,25,B1,intermediate|advanced,intermediate|advanced,cambridge_15_21_random_intermediate_advanced,4,19,random,,483.265625,1263.765625,503.265625,1287.765625,10,17,,,,,,,,,,,,2026-09-22T16:00:40.289Z,HM6QAFBU,2026-09-22,2026-09-22,13:00:40,2026-09-22 13:00:40,,,,,,,,69aefaccbf52402fcb03f38a,69aefaccbf52402fcb03f38a,,,,
34301,raw_position_sample,2,3,adv,25,4,18,19,158, I’m ,1281,498,1733152.5,69aefaccbf52402fcb03f38a,69aefaccbf52402fcb03f38a,advanced,4,69aefaccbf52402fcb03f38a,69aefaccbf52402fcb03f38a,spotlight_PROLIFIC,,36,Chile,Spanish,"Spanish, English, Japanese",Japanese,Spanish:75|English:15|Japanese:10,100,Spanish:50|English:35|Japanese:15,100,Spanish:80|English:10|Japanese:10,100,7,5,Bachelor's,10,10,10,7,7,10,5,22,8,15,Duolingo,130,,,,,17,25,B1,intermediate|advanced,intermediate|advanced,cambridge_15_21_random_intermediate_advanced,4,19,random,,483.265625,1263.765625,503.265625,1287.765625,10,17,,,,,,,,,,,,2026-09-22T16:00:40.289Z,HM6QAFBU,2026-09-22,2026-09-22,13:00:40,2026-09-22 13:00:40,,,,,,,,69aefaccbf52402fcb03f38a,69aefaccbf52402fcb03f38a,,,,
34348,raw_position_sample,2,3,adv,25,4,18,19,158, I’m ,1273,498,1733199.5,69aefaccbf52402fcb03f38a,69aefaccbf52402fcb03f38a,advanced,4,69aefaccbf52402fcb03f38a,69aefaccbf52402fcb03f38a,spotlight_PROLIFIC,,36,Chile,Spanish,"Spanish, English, Japanese",Japanese,Spanish:75|English:15|Japanese:10,100,Spanish:50|English:35|Japanese:15,100,Spanish:80|English:10|Japanese:10,100,7,5,Bachelor's,10,10,10,7,7,10,5,22,8,15,Duolingo,130,,,,,17,25,B1,intermediate|advanced,intermediate|advanced,cambridge_15_21_random_intermediate_advanced,4,19,random,,483.265625,1263.765625,503.265625,1287.765625,10,17,,,,,,,,,,,,2026-09-22T16:00:40.289Z,HM6QAFBU,2026-09-22,2026-09-22,13:00:40,2026-09-22 13:00:40,,,,,,,,69aefaccbf52402fcb03f38a,69aefaccbf52402fcb03f38a,,,,
34352,hover_association,2,3,adv,25,4,18,19,158, I’m ,1265,508,,69aefaccbf52402fcb03f38a,69aefaccbf52402fcb03f38a,advanced,4,69aefaccbf52402fcb03f38a,69aefaccbf52402fcb03f38a,spotlight_PROLIFIC,,36,Chile,Spanish,"Spanish, English, Japanese",Japanese,Spanish:75|English:15|Japanese:10,100,Spanish:50|English:35|Japanese:15,100,Spanish:80|English:10|Japanese:10,100,7,5,Bachelor's,10,10,10,7,7,10,5,22,8,15,Duolingo,130,,,,,17,25,B1,intermediate|advanced,intermediate|advanced,cambridge_15_21_random_intermediate_advanced,4,19,random,,473.265625,1263.765625,513.265625,1290.9348958333333,10,17,hover,333,333,0.3398830633566577,0.618359375,165,,,,,,2026-09-22T16:00:40.289Z,HM6QAFBU,2026-09-22,2026-09-22,13:00:40,2026-09-22 13:00:40,,,,,,,,69aefaccbf52402fcb03f38a,69aefaccbf52402fcb03f38a,,,,
34386,hover_association,2,3,adv,25,4,18,19,157, company; ,1255,498,,69aefaccbf52402fcb03f38a,69aefaccbf52402fcb03f38a,advanced,4,69aefaccbf52402fcb03f38a,69aefaccbf52402fcb03f38a,spotlight_PROLIFIC,,36,Chile,Spanish,"Spanish, English, Japanese",Japanese,Spanish:75|English:15|Japanese:10,100,Spanish:50|English:35|Japanese:15,100,Spanish:80|English:10|Japanese:10,100,7,5,Bachelor's,10,10,10,7,7,10,5,22,8,15,Duolingo,130,,,,,17,25,B1,intermediate|advanced,intermediate|advanced,cambridge_15_21_random_intermediate_advanced,4,19,random,,473.265625,1180.71875,513.265625,1263.765625,10,16,hover,33.69999998807907,33.69999998807907,0.3766698024459078,0.618359375,165,,,,,,2026-09-22T16:00:40.289Z,HM6QAFBU,2026-09-22,2026-09-22,13:00:40,2026-09-22 13:00:40,,,,,,,,69aefaccbf52402fcb03f38a,69aefaccbf52402fcb03f38a,,,,
34402,hover_association,2,3,adv,25,4,18,19,156, my ,1174,501,,69aefaccbf52402fcb03f38a,69aefaccbf52402fcb03f38a,advanced,4,69aefaccbf52402fcb03f38a,69aefaccbf52402fcb03f38a,spotlight_PROLIFIC,,36,Chile,Spanish,"Spanish, English, Japanese",Japanese,Spanish:75|English:15|Japanese:10,100,Spanish:50|English:35|Japanese:15,100,Spanish:80|English:10|Japanese:10,100,7,5,Bachelor's,10,10,10,7,7,10,5,22,8,15,Duolingo,130,,,,,17,25,B1,intermediate|advanced,intermediate|advanced,cambridge_15_21_random_intermediate_advanced,4,19,random,,473.265625,1151.71875,513.265625,1180.71875,10,15,hover,16.599999964237213,16.599999964237213,0.7683189655172413,0.693359375,165,,,,,,2026-09-22T16:00:40.289Z,HM6QAFBU,2026-09-22,2026-09-22,13:00:40,2026-09-22 13:00:40,,,,,,,,69aefaccbf52402fcb03f38a,69aefaccbf52402fcb03f38a,,,,
34407,raw_position_sample,2,3,adv,25,4,18,19,155, to ,1134,509,1733258.199999988,69aefaccbf52402fcb03f38a,69aefaccbf52402fcb03f38a,advanced,4,69aefaccbf52402fcb03f38a,69aefaccbf52402fcb03f38a,spotlight_PROLIFIC,,36,Chile,Spanish,"Spanish, English, Japanese",Japanese,Spanish:75|English:15|Japanese:10,100,Spanish:50|English:35|Japanese:15,100,Spanish:80|English:10|Japanese:10,100,7,5,Bachelor's,10,10,10,7,7,10,5,22,8,15,Duolingo,130,,,,,17,25,B1,intermediate|advanced,intermediate|advanced,cambridge_15_21_random_intermediate_advanced,4,19,random,,483.265625,1131.703125,503.265625,1151.71875,10,14,,,,,,,,,,,,2026-09-22T16:00:40.289Z,HM6QAFBU,2026-09-22,2026-09-22,13:00:40,2026-09-22 13:00:40,,,,,,,,69aefaccbf52402fcb03f38a,69aefaccbf52402fcb03f38a,,,,
34419,hover_association,2,3,adv,25,4,18,19,155, to ,1134,509,,69aefaccbf52402fcb03f38a,69aefaccbf52402fcb03f38a,advanced,4,69aefaccbf52402fcb03f38a,69aefaccbf52402fcb03f38a,spotlight_PROLIFIC,,36,Chile,Spanish,"Spanish, English, Japanese",Japanese,Spanish:75|English:15|Japanese:10,100,Spanish:50|English:35|Japanese:15,100,Spanish:80|English:10|Japanese:10,100,7,5,Bachelor's,10,10,10,7,7,10,5,22,8,15,Duolingo,130,,,,,17,25,B1,intermediate|advanced,intermediate|advanced,cambridge_15_21_random_intermediate_advanced,4,19,random,,473.265625,1131.703125,513.265625,1151.71875,10,14,hover,16.700000047683716,16.700000047683716,0.11475409836065574,0.893359375,165,,,,,,2026-09-22T16:00:40.289Z,HM6QAFBU,2026-09-22,2026-09-22,13:00:40,2026-09-22 13:00:40,,,,,,,,69aefaccbf52402fcb03f38a,69aefaccbf52402fcb03f38a,,,,
34455,raw_position_sample,2,3,adv,25,4,18,19,-1,999,1035,528,1733306.300000012,69aefaccbf52402fcb03f38a,69aefaccbf52402fcb03f38a,advanced,4,69aefaccbf52402fcb03f38a,69aefaccbf52402fcb03f38a,spotlight_PROLIFIC,,36,Chile,Spanish,"Spanish, English, Japanese",Japanese,Spanish:75|English:15|Japanese:10,100,Spanish:50|English:35|Japanese:15,100,Spanish:80|English:10|Japanese:10,100,7,5,Bachelor's,10,10,10,7,7,10,5,22,8,15,Duolingo,130,,,,,17,25,B1,intermediate|advanced,intermediate|advanced,cambridge_15_21_random_intermediate_advanced,4,19,random,,,,,,,,,,,,,,,,,,,2026-09-22T16:00:40.289Z,HM6QAFBU,2026-09-22,2026-09-22,13:00:40,2026-09-22 13:00:40,,,,,,,,69aefaccbf52402fcb03f38a,69aefaccbf52402fcb03f38a,,,,
34507,raw_position_sample,2,3,adv,25,4,18,19,165, everywhere.” ,918,547,1733357.8999999762,69aefaccbf52402fcb03f38a,69aefaccbf52402fcb03f38a,advanced,4,69aefaccbf52402fcb03f38a,69aefaccbf52402fcb03f38a,spotlight_PROLIFIC,,36,Chile,Spanish,"Spanish, English, Japanese",Japanese,Spanish:75|English:15|Japanese:10,100,Spanish:50|English:35|Japanese:15,100,Spanish:80|English:10|Japanese:10,100,7,5,Bachelor's,10,10,10,7,7,10,5,22,8,15,Duolingo,130,,,,,17,25,B1,intermediate|advanced,intermediate|advanced,cambridge_15_21_random_intermediate_advanced,4,19,random,,523.265625,873.546875,543.265625,977.59375,11,7,,,,,,,,,,,,2026-09-22T16:00:40.289Z,HM6QAFBU,2026-09-22,2026-09-22,13:00:40,2026-09-22 13:00:40,,,,,,,,69aefaccbf52402fcb03f38a,69aefaccbf52402fcb03f38a,,,,
34519,hover_association,2,3,adv,25,4,18,19,165, everywhere.” ,961,541,,69aefaccbf52402fcb03f38a,69aefaccbf52402fcb03f38a,advanced,4,69aefaccbf52402fcb03f38a,69aefaccbf52402fcb03f38a,spotlight_PROLIFIC,,36,Chile,Spanish,"Spanish, English, Japanese",Japanese,Spanish:75|English:15|Japanese:10,100,Spanish:50|English:35|Japanese:15,100,Spanish:80|English:10|Japanese:10,100,7,5,Bachelor's,10,10,10,7,7,10,5,22,8,15,Duolingo,130,,,,,17,25,B1,intermediate|advanced,intermediate|advanced,cambridge_15_21_random_intermediate_advanced,4,19,random,,513.265625,873.546875,553.265625,980.7630208333334,11,7,hover,33.19999998807907,33.19999998807907,0.4146122270530226,0.843359375,165,,,,,,2026-09-22T16:00:40.289Z,HM6QAFBU,2026-09-22,2026-09-22,13:00:40,2026-09-22 13:00:40,,,,,,,,69aefaccbf52402fcb03f38a,69aefaccbf52402fcb03f38a,,,,
34555,raw_position_sample,2,3,adv,25,4,18,19,-1,999,810,560,1733406,69aefaccbf52402fcb03f38a,69aefaccbf52402fcb03f38a,advanced,4,69aefaccbf52402fcb03f38a,69aefaccbf52402fcb03f38a,spotlight_PROLIFIC,,36,Chile,Spanish,"Spanish, English, Japanese",Japanese,Spanish:75|English:15|Japanese:10,100,Spanish:50|English:35|Japanese:15,100,Spanish:80|English:10|Japanese:10,100,7,5,Bachelor's,10,10,10,7,7,10,5,22,8,15,Duolingo,130,,,,,17,25,B1,intermediate|advanced,intermediate|advanced,cambridge_15_21_random_intermediate_advanced,4,19,random,,,,,,,,,,,,,,,,,,,2026-09-22T16:00:40.289Z,HM6QAFBU,2026-09-22,2026-09-22,13:00:40,2026-09-22 13:00:40,,,,,,,,69aefaccbf52402fcb03f38a,69aefaccbf52402fcb03f38a,,,,
34604,raw_position_sample,2,3,adv,25,4,18,19,-1,999,763,562,1733455.5,69aefaccbf52402fcb03f38a,69aefaccbf52402fcb03f38a,advanced,4,69aefaccbf52402fcb03f38a,69aefaccbf52402fcb03f38a,spotlight_PROLIFIC,,36,Chile,Spanish,"Spanish, English, Japanese",Japanese,Spanish:75|English:15|Japanese:10,100,Spanish:50|English:35|Japanese:15,100,Spanish:80|English:10|Japanese:10,100,7,5,Bachelor's,10,10,10,7,7,10,5,22,8,15,Duolingo,130,,,,,17,25,B1,intermediate|advanced,intermediate|advanced,cambridge_15_21_random_intermediate_advanced,4,19,random,,,,,,,,,,,,,,,,,,,2026-09-22T16:00:40.289Z,HM6QAFBU,2026-09-22,2026-09-22,13:00:40,2026-09-22 13:00:40,,,,,,,,69aefaccbf52402fcb03f38a,69aefaccbf52402fcb03f38a,,,,
34655,raw_position_sample,2,3,adv,25,4,18,19,-1,999,737,560,1733506.6000000238,69aefaccbf52402fcb03f38a,69aefaccbf52402fcb03f38a,advanced,4,69aefaccbf52402fcb03f38a,69aefaccbf52402fcb03f38a,spotlight_PROLIFIC,,36,Chile,Spanish,"Spanish, English, Japanese",Japanese,Spanish:75|English:15|Japanese:10,100,Spanish:50|English:35|Japanese:15,100,Spanish:80|English:10|Japanese:10,100,7,5,Bachelor's,10,10,10,7,7,10,5,22,8,15,Duolingo,130,,,,,17,25,B1,intermediate|advanced,intermediate|advanced,cambridge_15_21_random_intermediate_advanced,4,19,random,,,,,,,,,,,,,,,,,,,2026-09-22T16:00:40.289Z,HM6QAFBU,2026-09-22,2026-09-22,13:00:40,2026-09-22 13:00:40,,,,,,,,69aefaccbf52402fcb03f38a,69aefaccbf52402fcb03f38a,,,,
34707,raw_position_sample,2,3,adv,25,4,18,19,161, service ,708,549,1733558.3999999762,69aefaccbf52402fcb03f38a,69aefaccbf52402fcb03f38a,advanced,4,69aefaccbf52402fcb03f38a,69aefaccbf52402fcb03f38a,spotlight_PROLIFIC,,36,Chile,Spanish,"Spanish, English, Japanese",Japanese,Spanish:75|English:15|Japanese:10,100,Spanish:50|English:35|Japanese:15,100,Spanish:80|English:10|Japanese:10,100,7,5,Bachelor's,10,10,10,7,7,10,5,22,8,15,Duolingo,130,,,,,17,25,B1,intermediate|advanced,intermediate|advanced,cambridge_15_21_random_intermediate_advanced,4,19,random,,523.265625,689.4375,543.265625,751.453125,11,3,,,,,,,,,,,,2026-09-22T16:00:40.289Z,HM6QAFBU,2026-09-22,2026-09-22,13:00:40,2026-09-22 13:00:40,,,,,,,,69aefaccbf52402fcb03f38a,69aefaccbf52402fcb03f38a,,,,
34736,hover_association,2,3,adv,25,4,18,19,161, service ,708,549,,69aefaccbf52402fcb03f38a,69aefaccbf52402fcb03f38a,advanced,4,69aefaccbf52402fcb03f38a,69aefaccbf52402fcb03f38a,spotlight_PROLIFIC,,36,Chile,Spanish,"Spanish, English, Japanese",Japanese,Spanish:75|English:15|Japanese:10,100,Spanish:50|English:35|Japanese:15,100,Spanish:80|English:10|Japanese:10,100,7,5,Bachelor's,10,10,10,7,7,10,5,22,8,15,Duolingo,130,,,,,17,25,B1,intermediate|advanced,intermediate|advanced,cambridge_15_21_random_intermediate_advanced,4,19,random,,513.265625,689.4375,553.265625,751.453125,11,3,hover,33.200000047683716,33.200000047683716,0.05744520030234316,0.768359375,165,,,,,,2026-09-22T16:00:40.289Z,HM6QAFBU,2026-09-22,2026-09-22,13:00:40,2026-09-22 13:00:40,,,,,,,,69aefaccbf52402fcb03f38a,69aefaccbf52402fcb03f38a,,,,
34753,hover_association,2,3,adv,25,4,18,19,160, a ,682,539,,69aefaccbf52402fcb03f38a,69aefaccbf52402fcb03f38a,advanced,4,69aefaccbf52402fcb03f38a,69aefaccbf52402fcb03f38a,spotlight_PROLIFIC,,36,Chile,Spanish,"Spanish, English, Japanese",Japanese,Spanish:75|English:15|Japanese:10,100,Spanish:50|English:35|Japanese:15,100,Spanish:80|English:10|Japanese:10,100,7,5,Bachelor's,10,10,10,7,7,10,5,22,8,15,Duolingo,130,,,,,17,25,B1,intermediate|advanced,intermediate|advanced,cambridge_15_21_random_intermediate_advanced,4,19,random,,513.265625,674.421875,553.265625,689.4375,11,2,hover,16.599999964237213,16.599999964237213,0.5046826222684704,0.643359375,165,,,,,,2026-09-22T16:00:40.289Z,HM6QAFBU,2026-09-22,2026-09-22,13:00:40,2026-09-22 13:00:40,,,,,,,,69aefaccbf52402fcb03f38a,69aefaccbf52402fcb03f38a,,,,
34758,raw_position_sample,2,3,adv,25,4,18,19,159, doing ,672,535,1733609.300000012,69aefaccbf52402fcb03f38a,69aefaccbf52402fcb03f38a,advanced,4,69aefaccbf52402fcb03f38a,69aefaccbf52402fcb03f38a,spotlight_PROLIFIC,,36,Chile,Spanish,"Spanish, English, Japanese",Japanese,Spanish:75|English:15|Japanese:10,100,Spanish:50|English:35|Japanese:15,100,Spanish:80|English:10|Japanese:10,100,7,5,Bachelor's,10,10,10,7,7,10,5,22,8,15,Duolingo,130,,,,,17,25,B1,intermediate|advanced,intermediate|advanced,cambridge_15_21_random_intermediate_advanced,4,19,random,,523.265625,625.375,543.265625,674.421875,11,1,,,,,,,,,,,,2026-09-22T16:00:40.289Z,HM6QAFBU,2026-09-22,2026-09-22,13:00:40,2026-09-22 13:00:40,,,,,,,,69aefaccbf52402fcb03f38a,69aefaccbf52402fcb03f38a,,,,
34806,raw_position_sample,2,3,adv,25,4,18,19,159, doing ,635,524,1733657.8999999762,69aefaccbf52402fcb03f38a,69aefaccbf52402fcb03f38a,advanced,4,69aefaccbf52402fcb03f38a,69aefaccbf52402fcb03f38a,spotlight_PROLIFIC,,36,Chile,Spanish,"Spanish, English, Japanese",Japanese,Spanish:75|English:15|Japanese:10,100,Spanish:50|English:35|Japanese:15,100,Spanish:80|English:10|Japanese:10,100,7,5,Bachelor's,10,10,10,7,7,10,5,22,8,15,Duolingo,130,,,,,17,25,B1,intermediate|advanced,intermediate|advanced,cambridge_15_21_random_intermediate_advanced,4,19,random,,523.265625,625.375,543.265625,674.421875,11,1,,,,,,,,,,,,2026-09-22T16:00:40.289Z,HM6QAFBU,2026-09-22,2026-09-22,13:00:40,2026-09-22 13:00:40,,,,,,,,69aefaccbf52402fcb03f38a,69aefaccbf52402fcb03f38a,,,,
34852,raw_position_sample,2,3,adv,25,4,18,19,159, doing ,629,523,1733702.8999999762,69aefaccbf52402fcb03f38a,69aefaccbf52402fcb03f38a,advanced,4,69aefaccbf52402fcb03f38a,69aefaccbf52402fcb03f38a,spotlight_PROLIFIC,,36,Chile,Spanish,"Spanish, English, Japanese",Japanese,Spanish:75|English:15|Japanese:10,100,Spanish:50|English:35|Japanese:15,100,Spanish:80|English:10|Japanese:10,100,7,5,Bachelor's,10,10,10,7,7,10,5,22,8,15,Duolingo,130,,,,,17,25,B1,intermediate|advanced,intermediate|advanced,cambridge_15_21_random_intermediate_advanced,4,19,random,,523.265625,625.375,543.265625,674.421875,11,1,,,,,,,,,,,,2026-09-22T16:00:40.289Z,HM6QAFBU,2026-09-22,2026-09-22,13:00:40,2026-09-22 13:00:40,,,,,,,,69aefaccbf52402fcb03f38a,69aefaccbf52402fcb03f38a,,,,
34901,raw_position_sample,2,3,adv,25,4,18,19,159, doing ,629,523,1733752,69aefaccbf52402fcb03f38a,69aefaccbf52402fcb03f38a,advanced,4,69aefaccbf52402fcb03f38a,69aefaccbf52402fcb03f38a,spotlight_PROLIFIC,,36,Chile,Spanish,"Spanish, English, Japanese",Japanese,Spanish:75|English:15|Japanese:10,100,Spanish:50|English:35|Japanese:15,100,Spanish:80|English:10|Japanese:10,100,7,5,Bachelor's,10,10,10,7,7,10,5,22,8,15,Duolingo,130,,,,,17,25,B1,intermediate|advanced,intermediate|advanced,cambridge_15_21_random_intermediate_advanced,4,19,random,,523.265625,625.375,543.265625,674.421875,11,1,,,,,,,,,,,,2026-09-22T16:00:40.289Z,HM6QAFBU,2026-09-22,2026-09-22,13:00:40,2026-09-22 13:00:40,,,,,,,,69aefaccbf52402fcb03f38a,69aefaccbf52402fcb03f38a,,,,
34959,raw_position_sample,2,3,adv,25,4,18,19,159, doing ,629,523,1733810.699999988,69aefaccbf52402fcb03f38a,69aefaccbf52402fcb03f38a,advanced,4,69aefaccbf52402fcb03f38a,69aefaccbf52402fcb03f38a,spotlight_PROLIFIC,,36,Chile,Spanish,"Spanish, English, Japanese",Japanese,Spanish:75|English:15|Japanese:10,100,Spanish:50|English:35|Japanese:15,100,Spanish:80|English:10|Japanese:10,100,7,5,Bachelor's,10,10,10,7,7,10,5,22,8,15,Duolingo,130,,,,,17,25,B1,intermediate|advanced,intermediate|advanced,cambridge_15_21_random_intermediate_advanced,4,19,random,,523.265625,625.375,543.265625,674.421875,11,1,,,,,,,,,,,,2026-09-22T16:00:40.289Z,HM6QAFBU,2026-09-22,2026-09-22,13:00:40,2026-09-22 13:00:40,,,,,,,,69aefaccbf52402fcb03f38a,69aefaccbf52402fcb03f38a,,,,
35003,hover_association,2,3,adv,25,4,18,19,159, doing ,672,535,,69aefaccbf52402fcb03f38a,69aefaccbf52402fcb03f38a,advanced,4,69aefaccbf52402fcb03f38a,69aefaccbf52402fcb03f38a,spotlight_PROLIFIC,,36,Chile,Spanish,"Spanish, English, Japanese",Japanese,Spanish:75|English:15|Japanese:10,100,Spanish:50|English:35|Japanese:15,100,Spanish:80|English:10|Japanese:10,100,7,5,Bachelor's,10,10,10,7,7,10,5,22,8,15,Duolingo,130,,,,,17,25,B1,intermediate|advanced,intermediate|advanced,cambridge_15_21_random_intermediate_advanced,4,19,random,,513.265625,622.2057291666666,553.265625,674.421875,11,1,hover,250.4000000357628,250.4000000357628,0.628048476385218,0.293359375,165,,,,,,2026-09-22T16:00:40.289Z,HM6QAFBU,2026-09-22,2026-09-22,13:00:40,2026-09-22 13:00:40,,,,,,,,69aefaccbf52402fcb03f38a,69aefaccbf52402fcb03f38a,,,,
35008,raw_position_sample,2,3,adv,25,4,18,19,161, service ,698,525,1733859,69aefaccbf52402fcb03f38a,69aefaccbf52402fcb03f38a,advanced,4,69aefaccbf52402fcb03f38a,69aefaccbf52402fcb03f38a,spotlight_PROLIFIC,,36,Chile,Spanish,"Spanish, English, Japanese",Japanese,Spanish:75|English:15|Japanese:10,100,Spanish:50|English:35|Japanese:15,100,Spanish:80|English:10|Japanese:10,100,7,5,Bachelor's,10,10,10,7,7,10,5,22,8,15,Duolingo,130,,,,,17,25,B1,intermediate|advanced,intermediate|advanced,cambridge_15_21_random_intermediate_advanced,4,19,random,,523.265625,689.4375,543.265625,751.453125,11,3,,,,,,,,,,,,2026-09-22T16:00:40.289Z,HM6QAFBU,2026-09-22,2026-09-22,13:00:40,2026-09-22 13:00:40,,,,,,,,69aefaccbf52402fcb03f38a,69aefaccbf52402fcb03f38a,,,,
35035,hover_association,2,3,adv,25,4,18,19,161, service ,698,525,,69aefaccbf52402fcb03f38a,69aefaccbf52402fcb03f38a,advanced,4,69aefaccbf52402fcb03f38a,69aefaccbf52402fcb03f38a,spotlight_PROLIFIC,,36,Chile,Spanish,"Spanish, English, Japanese",Japanese,Spanish:75|English:15|Japanese:10,100,Spanish:50|English:35|Japanese:15,100,Spanish:80|English:10|Japanese:10,100,7,5,Bachelor's,10,10,10,7,7,10,5,22,8,15,Duolingo,130,,,,,17,25,B1,intermediate|advanced,intermediate|advanced,cambridge_15_21_random_intermediate_advanced,4,19,random,,513.265625,689.4375,553.265625,751.453125,11,3,hover,32.59999996423721,32.59999996423721,0.8153187200806249,0.343359375,165,,,,,,2026-09-22T16:00:40.289Z,HM6QAFBU,2026-09-22,2026-09-22,13:00:40,2026-09-22 13:00:40,,,,,,,,69aefaccbf52402fcb03f38a,69aefaccbf52402fcb03f38a,,,,
35053,hover_association,2,3,adv,25,4,18,19,163, all ,780,527,,69aefaccbf52402fcb03f38a,69aefaccbf52402fcb03f38a,advanced,4,69aefaccbf52402fcb03f38a,69aefaccbf52402fcb03f38a,spotlight_PROLIFIC,,36,Chile,Spanish,"Spanish, English, Japanese",Japanese,Spanish:75|English:15|Japanese:10,100,Spanish:50|English:35|Japanese:15,100,Spanish:80|English:10|Japanese:10,100,7,5,Bachelor's,10,10,10,7,7,10,5,22,8,15,Duolingo,130,,,,,17,25,B1,intermediate|advanced,intermediate|advanced,cambridge_15_21_random_intermediate_advanced,4,19,random,,513.265625,771.46875,553.265625,794.484375,11,5,hover,17,17,0.37067209775967414,0.343359375,165,,,,,,2026-09-22T16:00:40.289Z,HM6QAFBU,2026-09-22,2026-09-22,13:00:40,2026-09-22 13:00:40,,,,,,,,69aefaccbf52402fcb03f38a,69aefaccbf52402fcb03f38a,,,,
35058,raw_position_sample,2,3,adv,25,4,18,19,164, shoppers ,818,529,1733909.199999988,69aefaccbf52402fcb03f38a,69aefaccbf52402fcb03f38a,advanced,4,69aefaccbf52402fcb03f38a,69aefaccbf52402fcb03f38a,spotlight_PROLIFIC,,36,Chile,Spanish,"Spanish, English, Japanese",Japanese,Spanish:75|English:15|Japanese:10,100,Spanish:50|English:35|Japanese:15,100,Spanish:80|English:10|Japanese:10,100,7,5,Bachelor's,10,10,10,7,7,10,5,22,8,15,Duolingo,130,,,,,17,25,B1,intermediate|advanced,intermediate|advanced,cambridge_15_21_random_intermediate_advanced,4,19,random,,523.265625,794.484375,543.265625,873.546875,11,6,,,,,,,,,,,,2026-09-22T16:00:40.289Z,HM6QAFBU,2026-09-22,2026-09-22,13:00:40,2026-09-22 13:00:40,,,,,,,,69aefaccbf52402fcb03f38a,69aefaccbf52402fcb03f38a,,,,
35086,hover_association,2,3,adv,25,4,18,19,164, shoppers ,818,529,,69aefaccbf52402fcb03f38a,69aefaccbf52402fcb03f38a,advanced,4,69aefaccbf52402fcb03f38a,69aefaccbf52402fcb03f38a,spotlight_PROLIFIC,,36,Chile,Spanish,"Spanish, English, Japanese",Japanese,Spanish:75|English:15|Japanese:10,100,Spanish:50|English:35|Japanese:15,100,Spanish:80|English:10|Japanese:10,100,7,5,Bachelor's,10,10,10,7,7,10,5,22,8,15,Duolingo,130,,,,,17,25,B1,intermediate|advanced,intermediate|advanced,cambridge_15_21_random_intermediate_advanced,4,19,random,,513.265625,794.484375,553.265625,873.546875,11,6,hover,33.69999998807907,33.69999998807907,0.7021739130434783,0.393359375,165,,,,,,2026-09-22T16:00:40.289Z,HM6QAFBU,2026-09-22,2026-09-22,13:00:40,2026-09-22 13:00:40,,,,,,,,69aefaccbf52402fcb03f38a,69aefaccbf52402fcb03f38a,,,,
35107,raw_position_sample,2,3,adv,25,4,18,19,165, everywhere.” ,894,533,1733958.8999999762,69aefaccbf52402fcb03f38a,69aefaccbf52402fcb03f38a,advanced,4,69aefaccbf52402fcb03f38a,69aefaccbf52402fcb03f38a,spotlight_PROLIFIC,,36,Chile,Spanish,"Spanish, English, Japanese",Japanese,Spanish:75|English:15|Japanese:10,100,Spanish:50|English:35|Japanese:15,100,Spanish:80|English:10|Japanese:10,100,7,5,Bachelor's,10,10,10,7,7,10,5,22,8,15,Duolingo,130,,,,,17,25,B1,intermediate|advanced,intermediate|advanced,cambridge_15_21_random_intermediate_advanced,4,19,random,,523.265625,873.546875,543.265625,977.59375,11,7,,,,,,,,,,,,2026-09-22T16:00:40.289Z,HM6QAFBU,2026-09-22,2026-09-22,13:00:40,2026-09-22 13:00:40,,,,,,,,69aefaccbf52402fcb03f38a,69aefaccbf52402fcb03f38a,,,,
35152,raw_position_sample,2,3,adv,25,4,18,19,165, everywhere.” ,918,535,1734003,69aefaccbf52402fcb03f38a,69aefaccbf52402fcb03f38a,advanced,4,69aefaccbf52402fcb03f38a,69aefaccbf52402fcb03f38a,spotlight_PROLIFIC,,36,Chile,Spanish,"Spanish, English, Japanese",Japanese,Spanish:75|English:15|Japanese:10,100,Spanish:50|English:35|Japanese:15,100,Spanish:80|English:10|Japanese:10,100,7,5,Bachelor's,10,10,10,7,7,10,5,22,8,15,Duolingo,130,,,,,17,25,B1,intermediate|advanced,intermediate|advanced,cambridge_15_21_random_intermediate_advanced,4,19,random,,523.265625,873.546875,543.265625,977.59375,11,7,,,,,,,,,,,,2026-09-22T16:00:40.289Z,HM6QAFBU,2026-09-22,2026-09-22,13:00:40,2026-09-22 13:00:40,,,,,,,,69aefaccbf52402fcb03f38a,69aefaccbf52402fcb03f38a,,,,
35198,raw_position_sample,2,3,adv,25,4,18,19,165, everywhere.” ,919,535,1734049.300000012,69aefaccbf52402fcb03f38a,69aefaccbf52402fcb03f38a,advanced,4,69aefaccbf52402fcb03f38a,69aefaccbf52402fcb03f38a,spotlight_PROLIFIC,,36,Chile,Spanish,"Spanish, English, Japanese",Japanese,Spanish:75|English:15|Japanese:10,100,Spanish:50|English:35|Japanese:15,100,Spanish:80|English:10|Japanese:10,100,7,5,Bachelor's,10,10,10,7,7,10,5,22,8,15,Duolingo,130,,,,,17,25,B1,intermediate|advanced,intermediate|advanced,cambridge_15_21_random_intermediate_advanced,4,19,random,,523.265625,873.546875,543.265625,977.59375,11,7,,,,,,,,,,,,2026-09-22T16:00:40.289Z,HM6QAFBU,2026-09-22,2026-09-22,13:00:40,2026-09-22 13:00:40,,,,,,,,69aefaccbf52402fcb03f38a,69aefaccbf52402fcb03f38a,,,,
35248,raw_position_sample,2,3,adv,25,4,18,19,165, everywhere.” ,920,536,1734099.5,69aefaccbf52402fcb03f38a,69aefaccbf52402fcb03f38a,advanced,4,69aefaccbf52402fcb03f38a,69aefaccbf52402fcb03f38a,spotlight_PROLIFIC,,36,Chile,Spanish,"Spanish, English, Japanese",Japanese,Spanish:75|English:15|Japanese:10,100,Spanish:50|English:35|Japanese:15,100,Spanish:80|English:10|Japanese:10,100,7,5,Bachelor's,10,10,10,7,7,10,5,22,8,15,Duolingo,130,,,,,17,25,B1,intermediate|advanced,intermediate|advanced,cambridge_15_21_random_intermediate_advanced,4,19,random,,523.265625,873.546875,543.265625,977.59375,11,7,,,,,,,,,,,,2026-09-22T16:00:40.289Z,HM6QAFBU,2026-09-22,2026-09-22,13:00:40,2026-09-22 13:00:40,,,,,,,,69aefaccbf52402fcb03f38a,69aefaccbf52402fcb03f38a,,,,
35271,hover_association,2,3,adv,25,4,18,19,165, everywhere.” ,874,531,,69aefaccbf52402fcb03f38a,69aefaccbf52402fcb03f38a,advanced,4,69aefaccbf52402fcb03f38a,69aefaccbf52402fcb03f38a,spotlight_PROLIFIC,,36,Chile,Spanish,"Spanish, English, Japanese",Japanese,Spanish:75|English:15|Japanese:10,100,Spanish:50|English:35|Japanese:15,100,Spanish:80|English:10|Japanese:10,100,7,5,Bachelor's,10,10,10,7,7,10,5,22,8,15,Duolingo,130,,,,,17,25,B1,intermediate|advanced,intermediate|advanced,cambridge_15_21_random_intermediate_advanced,4,19,random,,513.265625,873.546875,553.265625,980.7630208333334,11,7,hover,183.60000002384186,183.60000002384186,0.43326613392922186,0.793359375,165,,,,,,2026-09-22T16:00:40.289Z,HM6QAFBU,2026-09-22,2026-09-22,13:00:40,2026-09-22 13:00:40,,,,,,,,69aefaccbf52402fcb03f38a,69aefaccbf52402fcb03f38a,,,,
35304,raw_position_sample,2,3,adv,25,4,18,19,-1,999,927,570,1734155.800000012,69aefaccbf52402fcb03f38a,69aefaccbf52402fcb03f38a,advanced,4,69aefaccbf52402fcb03f38a,69aefaccbf52402fcb03f38a,spotlight_PROLIFIC,,36,Chile,Spanish,"Spanish, English, Japanese",Japanese,Spanish:75|English:15|Japanese:10,100,Spanish:50|English:35|Japanese:15,100,Spanish:80|English:10|Japanese:10,100,7,5,Bachelor's,10,10,10,7,7,10,5,22,8,15,Duolingo,130,,,,,17,25,B1,intermediate|advanced,intermediate|advanced,cambridge_15_21_random_intermediate_advanced,4,19,random,,,,,,,,,,,,,,,,,,,2026-09-22T16:00:40.289Z,HM6QAFBU,2026-09-22,2026-09-22,13:00:40,2026-09-22 13:00:40,,,,,,,,69aefaccbf52402fcb03f38a,69aefaccbf52402fcb03f38a,,,,
35348,raw_position_sample,2,3,adv,25,4,18,19,-1,999,927,570,1734199.1000000238,69aefaccbf52402fcb03f38a,69aefaccbf52402fcb03f38a,advanced,4,69aefaccbf52402fcb03f38a,69aefaccbf52402fcb03f38a,spotlight_PROLIFIC,,36,Chile,Spanish,"Spanish, English, Japanese",Japanese,Spanish:75|English:15|Japanese:10,100,Spanish:50|English:35|Japanese:15,100,Spanish:80|English:10|Japanese:10,100,7,5,Bachelor's,10,10,10,7,7,10,5,22,8,15,Duolingo,130,,,,,17,25,B1,intermediate|advanced,intermediate|advanced,cambridge_15_21_random_intermediate_advanced,4,19,random,,,,,,,,,,,,,,,,,,,2026-09-22T16:00:40.289Z,HM6QAFBU,2026-09-22,2026-09-22,13:00:40,2026-09-22 13:00:40,,,,,,,,69aefaccbf52402fcb03f38a,69aefaccbf52402fcb03f38a,,,,
35398,raw_position_sample,2,3,adv,25,4,18,19,-1,999,927,570,1734249.6000000238,69aefaccbf52402fcb03f38a,69aefaccbf52402fcb03f38a,advanced,4,69aefaccbf52402fcb03f38a,69aefaccbf52402fcb03f38a,spotlight_PROLIFIC,,36,Chile,Spanish,"Spanish, English, Japanese",Japanese,Spanish:75|English:15|Japanese:10,100,Spanish:50|English:35|Japanese:15,100,Spanish:80|English:10|Japanese:10,100,7,5,Bachelor's,10,10,10,7,7,10,5,22,8,15,Duolingo,130,,,,,17,25,B1,intermediate|advanced,intermediate|advanced,cambridge_15_21_random_intermediate_advanced,4,19,random,,,,,,,,,,,,,,,,,,,2026-09-22T16:00:40.289Z,HM6QAFBU,2026-09-22,2026-09-22,13:00:40,2026-09-22 13:00:40,,,,,,,,69aefaccbf52402fcb03f38a,69aefaccbf52402fcb03f38a,,,,
35451,raw_position_sample,2,3,adv,25,4,18,19,-1,999,927,570,1734302,69aefaccbf52402fcb03f38a,69aefaccbf52402fcb03f38a,advanced,4,69aefaccbf52402fcb03f38a,69aefaccbf52402fcb03f38a,spotlight_PROLIFIC,,36,Chile,Spanish,"Spanish, English, Japanese",Japanese,Spanish:75|English:15|Japanese:10,100,Spanish:50|English:35|Japanese:15,100,Spanish:80|English:10|Japanese:10,100,7,5,Bachelor's,10,10,10,7,7,10,5,22,8,15,Duolingo,130,,,,,17,25,B1,intermediate|advanced,intermediate|advanced,cambridge_15_21_random_intermediate_advanced,4,19,random,,,,,,,,,,,,,,,,,,,2026-09-22T16:00:40.289Z,HM6QAFBU,2026-09-22,2026-09-22,13:00:40,2026-09-22 13:00:40,,,,,,,,69aefaccbf52402fcb03f38a,69aefaccbf52402fcb03f38a,,,,
35501,raw_position_sample,2,3,adv,25,4,18,19,-1,999,927,570,1734352.5,69aefaccbf52402fcb03f38a,69aefaccbf52402fcb03f38a,advanced,4,69aefaccbf52402fcb03f38a,69aefaccbf52402fcb03f38a,spotlight_PROLIFIC,,36,Chile,Spanish,"Spanish, English, Japanese",Japanese,Spanish:75|English:15|Japanese:10,100,Spanish:50|English:35|Japanese:15,100,Spanish:80|English:10|Japanese:10,100,7,5,Bachelor's,10,10,10,7,7,10,5,22,8,15,Duolingo,130,,,,,17,25,B1,intermediate|advanced,intermediate|advanced,cambridge_15_21_random_intermediate_advanced,4,19,random,,,,,,,,,,,,,,,,,,,2026-09-22T16:00:40.289Z,HM6QAFBU,2026-09-22,2026-09-22,13:00:40,2026-09-22 13:00:40,,,,,,,,69aefaccbf52402fcb03f38a,69aefaccbf52402fcb03f38a,,,,
35550,raw_position_sample,2,3,adv,25,4,18,19,-1,999,927,570,1734401.699999988,69aefaccbf52402fcb03f38a,69aefaccbf52402fcb03f38a,advanced,4,69aefaccbf52402fcb03f38a,69aefaccbf52402fcb03f38a,spotlight_PROLIFIC,,36,Chile,Spanish,"Spanish, English, Japanese",Japanese,Spanish:75|English:15|Japanese:10,100,Spanish:50|English:35|Japanese:15,100,Spanish:80|English:10|Japanese:10,100,7,5,Bachelor's,10,10,10,7,7,10,5,22,8,15,Duolingo,130,,,,,17,25,B1,intermediate|advanced,intermediate|advanced,cambridge_15_21_random_intermediate_advanced,4,19,random,,,,,,,,,,,,,,,,,,,2026-09-22T16:00:40.289Z,HM6QAFBU,2026-09-22,2026-09-22,13:00:40,2026-09-22 13:00:40,,,,,,,,69aefaccbf52402fcb03f38a,69aefaccbf52402fcb03f38a,,,,
35598,raw_position_sample,2,3,adv,25,4,18,19,-1,999,927,570,1734449.300000012,69aefaccbf52402fcb03f38a,69aefaccbf52402fcb03f38a,advanced,4,69aefaccbf52402fcb03f38a,69aefaccbf52402fcb03f38a,spotlight_PROLIFIC,,36,Chile,Spanish,"Spanish, English, Japanese",Japanese,Spanish:75|English:15|Japanese:10,100,Spanish:50|English:35|Japanese:15,100,Spanish:80|English:10|Japanese:10,100,7,5,Bachelor's,10,10,10,7,7,10,5,22,8,15,Duolingo,130,,,,,17,25,B1,intermediate|advanced,intermediate|advanced,cambridge_15_21_random_intermediate_advanced,4,19,random,,,,,,,,,,,,,,,,,,,2026-09-22T16:00:40.289Z,HM6QAFBU,2026-09-22,2026-09-22,13:00:40,2026-09-22 13:00:40,,,,,,,,69aefaccbf52402fcb03f38a,69aefaccbf52402fcb03f38a,,,,
35661,raw_position_sample,2,3,adv,25,4,18,19,-1,999,927,570,1734512.199999988,69aefaccbf52402fcb03f38a,69aefaccbf52402fcb03f38a,advanced,4,69aefaccbf52402fcb03f38a,69aefaccbf52402fcb03f38a,spotlight_PROLIFIC,,36,Chile,Spanish,"Spanish, English, Japanese",Japanese,Spanish:75|English:15|Japanese:10,100,Spanish:50|English:35|Japanese:15,100,Spanish:80|English:10|Japanese:10,100,7,5,Bachelor's,10,10,10,7,7,10,5,22,8,15,Duolingo,130,,,,,17,25,B1,intermediate|advanced,intermediate|advanced,cambridge_15_21_random_intermediate_advanced,4,19,random,,,,,,,,,,,,,,,,,,,2026-09-22T16:00:40.289Z,HM6QAFBU,2026-09-22,2026-09-22,13:00:40,2026-09-22 13:00:40,,,,,,,,69aefaccbf52402fcb03f38a,69aefaccbf52402fcb03f38a,,,,
35699,raw_position_sample,2,3,adv,25,4,18,19,-1,999,927,570,1734550.800000012,69aefaccbf52402fcb03f38a,69aefaccbf52402fcb03f38a,advanced,4,69aefaccbf52402fcb03f38a,69aefaccbf52402fcb03f38a,spotlight_PROLIFIC,,36,Chile,Spanish,"Spanish, English, Japanese",Japanese,Spanish:75|English:15|Japanese:10,100,Spanish:50|English:35|Japanese:15,100,Spanish:80|English:10|Japanese:10,100,7,5,Bachelor's,10,10,10,7,7,10,5,22,8,15,Duolingo,130,,,,,17,25,B1,intermediate|advanced,intermediate|advanced,cambridge_15_21_random_intermediate_advanced,4,19,random,,,,,,,,,,,,,,,,,,,2026-09-22T16:00:40.289Z,HM6QAFBU,2026-09-22,2026-09-22,13:00:40,2026-09-22 13:00:40,,,,,,,,69aefaccbf52402fcb03f38a,69aefaccbf52402fcb03f38a,,,,
35749,raw_position_sample,2,3,adv,25,4,18,19,-1,999,927,570,1734600.800000012,69aefaccbf52402fcb03f38a,69aefaccbf52402fcb03f38a,advanced,4,69aefaccbf52402fcb03f38a,69aefaccbf52402fcb03f38a,spotlight_PROLIFIC,,36,Chile,Spanish,"Spanish, English, Japanese",Japanese,Spanish:75|English:15|Japanese:10,100,Spanish:50|English:35|Japanese:15,100,Spanish:80|English:10|Japanese:10,100,7,5,Bachelor's,10,10,10,7,7,10,5,22,8,15,Duolingo,130,,,,,17,25,B1,intermediate|advanced,intermediate|advanced,cambridge_15_21_random_intermediate_advanced,4,19,random,,,,,,,,,,,,,,,,,,,2026-09-22T16:00:40.289Z,HM6QAFBU,2026-09-22,2026-09-22,13:00:40,2026-09-22 13:00:40,,,,,,,,69aefaccbf52402fcb03f38a,69aefaccbf52402fcb03f38a,,,,
35800,raw_position_sample,2,3,adv,25,4,18,19,-1,999,927,570,1734651.3999999762,69aefaccbf52402fcb03f38a,69aefaccbf52402fcb03f38a,advanced,4,69aefaccbf52402fcb03f38a,69aefaccbf52402fcb03f38a,spotlight_PROLIFIC,,36,Chile,Spanish,"Spanish, English, Japanese",Japanese,Spanish:75|English:15|Japanese:10,100,Spanish:50|English:35|Japanese:15,100,Spanish:80|English:10|Japanese:10,100,7,5,Bachelor's,10,10,10,7,7,10,5,22,8,15,Duolingo,130,,,,,17,25,B1,intermediate|advanced,intermediate|advanced,cambridge_15_21_random_intermediate_advanced,4,19,random,,,,,,,,,,,,,,,,,,,2026-09-22T16:00:40.289Z,HM6QAFBU,2026-09-22,2026-09-22,13:00:40,2026-09-22 13:00:40,,,,,,,,69aefaccbf52402fcb03f38a,69aefaccbf52402fcb03f38a,,,,
35848,raw_position_sample,2,3,adv,25,4,18,19,-1,999,927,570,1734698.8999999762,69aefaccbf52402fcb03f38a,69aefaccbf52402fcb03f38a,advanced,4,69aefaccbf52402fcb03f38a,69aefaccbf52402fcb03f38a,spotlight_PROLIFIC,,36,Chile,Spanish,"Spanish, English, Japanese",Japanese,Spanish:75|English:15|Japanese:10,100,Spanish:50|English:35|Japanese:15,100,Spanish:80|English:10|Japanese:10,100,7,5,Bachelor's,10,10,10,7,7,10,5,22,8,15,Duolingo,130,,,,,17,25,B1,intermediate|advanced,intermediate|advanced,cambridge_15_21_random_intermediate_advanced,4,19,random,,,,,,,,,,,,,,,,,,,2026-09-22T16:00:40.289Z,HM6QAFBU,2026-09-22,2026-09-22,13:00:40,2026-09-22 13:00:40,,,,,,,,69aefaccbf52402fcb03f38a,69aefaccbf52402fcb03f38a,,,,
45620,,,,adv,25,4,18,,,,,,,69aefaccbf52402fcb03f38a,69aefaccbf52402fcb03f38a,,,69aefaccbf52402fcb03f38a,69aefaccbf52402fcb03f38a,spotlight_PROLIFIC,,36,Chile,Spanish,"Spanish, English, Japanese",Japanese,Spanish:75|English:15|Japanese:10,100,Spanish:50|English:35|Japanese:15,100,Spanish:80|English:10|Japanese:10,100,7,5,Bachelor's,10,10,10,7,7,10,5,22,8,15,Duolingo,130,,,,,17,25,B1,intermediate|advanced,intermediate|advanced,cambridge_15_21_random_intermediate_advanced,4,19,random,,,,,,,,,,,,,,Observing improvement in stores she visited as a mystery shopper,1,,,,2026-09-22T16:00:40.289Z,HM6QAFBU,2026-09-22,2026-09-22,13:00:40,2026-09-22 13:00:40,,,,,,,,69aefaccbf52402fcb03f38a,69aefaccbf52402fcb03f38a,,,,
