responseTime,recordType,Experiment,Condition,onestop_level,onestop_article_number,onestop_paragraph_number,ItemId,presentation_order,Index,Word,mousePositionX,mousePositionY,sampleTimeMs,SubjectId,SubjectID,onestop_block_level,onestop_paragraph_index,ProlificId,ProlificID,study_key,source,demo_age,demo_country,demo_native_language,demo_other_languages,demo_other_languages_parsed,demo_exposure_pcts,demo_exposure_total_pct,demo_read_pcts,demo_read_total_pct,demo_speak_pcts,demo_speak_total_pct,demo_formal_education_years,demo_years_current_institution,demo_highest_education,demo_native_speaking,demo_native_understanding,demo_native_reading,demo_english_speaking,demo_english_understanding,demo_english_reading,demo_english_acquire_start_age,demo_english_fluent_age,demo_english_read_start_age,demo_english_read_fluent_age,demo_other_english_test,demo_other_english_test_score,cambridge_item,cambridge_selected,cambridge_correct_answer,cambridge_item_correct,cambridge_score,cambridge_max,cambridge_cefr,onestop_level_pair,onestop_level_block_order,onestop_level_assignment_rule,onestop_reading_article_count,onestop_reading_trial_count,onestop_article_selection_mode,onestop_manual_article_numbers,wordPositionTop,wordPositionLeft,wordPositionBottom,wordPositionRight,line_number,position_in_line,revealMode,clickDurationMs,hoverDurationMs,relativeXInWord,relativeYInWord,totalWordsInItem,response,response_correct,prolific_pid,prolific_study_id,prolific_session_id,experiment_start_time,ParticipantId,experiment_start_date,experiment_date,experiment_start_clock_time,experiment_start_time_local,experiment_end_time,experiment_duration,glb_ProlificId,glb_ProlificID,glb_SubjectId,glb_SubjectID,glb_study_key,SONAId,SonaId,experiment_end_date,experiment_end_clock_time,experiment_end_time_local,experiment_duration_ms
66,raw_position_sample,2,2,int,5,2,17,18,-1,999,564,121,1831003.7,69f01fe044b9a5a944ce98b3,69f01fe044b9a5a944ce98b3,intermediate,2,69f01fe044b9a5a944ce98b3,69f01fe044b9a5a944ce98b3,spotlight_PROLIFIC,,24,mexico,spanish,english,,spanish:60|English:40,100,spanish:65|English:35,100,spanish:50|English:50,100,15,3,Bachelor's,10,10,10,9,10,10,18,20,20,20,TOEFL,110,,,,,25,25,C2,intermediate|advanced,advanced|intermediate,cambridge_22_25_intermediate_advanced,4,20,random,,,,,,,,,,,,,,,,,,,2026-06-27T14:08:31.153Z,XZEXGKN2,2026-06-27,2026-06-27,07:08:31,2026-06-27 07:08:31,,,,,,,,69f01fe044b9a5a944ce98b3,69f01fe044b9a5a944ce98b3,,,,
115,raw_position_sample,2,2,int,5,2,17,18,-1,999,564,120,1831053.0999999999,69f01fe044b9a5a944ce98b3,69f01fe044b9a5a944ce98b3,intermediate,2,69f01fe044b9a5a944ce98b3,69f01fe044b9a5a944ce98b3,spotlight_PROLIFIC,,24,mexico,spanish,english,,spanish:60|English:40,100,spanish:65|English:35,100,spanish:50|English:50,100,15,3,Bachelor's,10,10,10,9,10,10,18,20,20,20,TOEFL,110,,,,,25,25,C2,intermediate|advanced,advanced|intermediate,cambridge_22_25_intermediate_advanced,4,20,random,,,,,,,,,,,,,,,,,,,2026-06-27T14:08:31.153Z,XZEXGKN2,2026-06-27,2026-06-27,07:08:31,2026-06-27 07:08:31,,,,,,,,69f01fe044b9a5a944ce98b3,69f01fe044b9a5a944ce98b3,,,,
156,raw_position_sample,2,2,int,5,2,17,18,-1,999,571,129,1831094.3,69f01fe044b9a5a944ce98b3,69f01fe044b9a5a944ce98b3,intermediate,2,69f01fe044b9a5a944ce98b3,69f01fe044b9a5a944ce98b3,spotlight_PROLIFIC,,24,mexico,spanish,english,,spanish:60|English:40,100,spanish:65|English:35,100,spanish:50|English:50,100,15,3,Bachelor's,10,10,10,9,10,10,18,20,20,20,TOEFL,110,,,,,25,25,C2,intermediate|advanced,advanced|intermediate,cambridge_22_25_intermediate_advanced,4,20,random,,,,,,,,,,,,,,,,,,,2026-06-27T14:08:31.153Z,XZEXGKN2,2026-06-27,2026-06-27,07:08:31,2026-06-27 07:08:31,,,,,,,,69f01fe044b9a5a944ce98b3,69f01fe044b9a5a944ce98b3,,,,
204,raw_position_sample,2,2,int,5,2,17,18,-1,999,581,142,1831142.2,69f01fe044b9a5a944ce98b3,69f01fe044b9a5a944ce98b3,intermediate,2,69f01fe044b9a5a944ce98b3,69f01fe044b9a5a944ce98b3,spotlight_PROLIFIC,,24,mexico,spanish,english,,spanish:60|English:40,100,spanish:65|English:35,100,spanish:50|English:50,100,15,3,Bachelor's,10,10,10,9,10,10,18,20,20,20,TOEFL,110,,,,,25,25,C2,intermediate|advanced,advanced|intermediate,cambridge_22_25_intermediate_advanced,4,20,random,,,,,,,,,,,,,,,,,,,2026-06-27T14:08:31.153Z,XZEXGKN2,2026-06-27,2026-06-27,07:08:31,2026-06-27 07:08:31,,,,,,,,69f01fe044b9a5a944ce98b3,69f01fe044b9a5a944ce98b3,,,,
266,raw_position_sample,2,2,int,5,2,17,18,-1,999,590,146,1831203.8,69f01fe044b9a5a944ce98b3,69f01fe044b9a5a944ce98b3,intermediate,2,69f01fe044b9a5a944ce98b3,69f01fe044b9a5a944ce98b3,spotlight_PROLIFIC,,24,mexico,spanish,english,,spanish:60|English:40,100,spanish:65|English:35,100,spanish:50|English:50,100,15,3,Bachelor's,10,10,10,9,10,10,18,20,20,20,TOEFL,110,,,,,25,25,C2,intermediate|advanced,advanced|intermediate,cambridge_22_25_intermediate_advanced,4,20,random,,,,,,,,,,,,,,,,,,,2026-06-27T14:08:31.153Z,XZEXGKN2,2026-06-27,2026-06-27,07:08:31,2026-06-27 07:08:31,,,,,,,,69f01fe044b9a5a944ce98b3,69f01fe044b9a5a944ce98b3,,,,
315,raw_position_sample,2,2,int,5,2,17,18,-1,999,614,140,1831253.4000000001,69f01fe044b9a5a944ce98b3,69f01fe044b9a5a944ce98b3,intermediate,2,69f01fe044b9a5a944ce98b3,69f01fe044b9a5a944ce98b3,spotlight_PROLIFIC,,24,mexico,spanish,english,,spanish:60|English:40,100,spanish:65|English:35,100,spanish:50|English:50,100,15,3,Bachelor's,10,10,10,9,10,10,18,20,20,20,TOEFL,110,,,,,25,25,C2,intermediate|advanced,advanced|intermediate,cambridge_22_25_intermediate_advanced,4,20,random,,,,,,,,,,,,,,,,,,,2026-06-27T14:08:31.153Z,XZEXGKN2,2026-06-27,2026-06-27,07:08:31,2026-06-27 07:08:31,,,,,,,,69f01fe044b9a5a944ce98b3,69f01fe044b9a5a944ce98b3,,,,
356,raw_position_sample,2,2,int,5,2,17,18,1, South ,626,133,1831294.4000000001,69f01fe044b9a5a944ce98b3,69f01fe044b9a5a944ce98b3,intermediate,2,69f01fe044b9a5a944ce98b3,69f01fe044b9a5a944ce98b3,spotlight_PROLIFIC,,24,mexico,spanish,english,,spanish:60|English:40,100,spanish:65|English:35,100,spanish:50|English:50,100,15,3,Bachelor's,10,10,10,9,10,10,18,20,20,20,TOEFL,110,,,,,25,25,C2,intermediate|advanced,advanced|intermediate,cambridge_22_25_intermediate_advanced,4,20,random,,123.265625,625.375,143.265625,676.421875,1,1,,,,,,,,,,,,2026-06-27T14:08:31.153Z,XZEXGKN2,2026-06-27,2026-06-27,07:08:31,2026-06-27 07:08:31,,,,,,,,69f01fe044b9a5a944ce98b3,69f01fe044b9a5a944ce98b3,,,,
404,raw_position_sample,2,2,int,5,2,17,18,1, South ,634,131,1831342.4000000001,69f01fe044b9a5a944ce98b3,69f01fe044b9a5a944ce98b3,intermediate,2,69f01fe044b9a5a944ce98b3,69f01fe044b9a5a944ce98b3,spotlight_PROLIFIC,,24,mexico,spanish,english,,spanish:60|English:40,100,spanish:65|English:35,100,spanish:50|English:50,100,15,3,Bachelor's,10,10,10,9,10,10,18,20,20,20,TOEFL,110,,,,,25,25,C2,intermediate|advanced,advanced|intermediate,cambridge_22_25_intermediate_advanced,4,20,random,,123.265625,625.375,143.265625,676.421875,1,1,,,,,,,,,,,,2026-06-27T14:08:31.153Z,XZEXGKN2,2026-06-27,2026-06-27,07:08:31,2026-06-27 07:08:31,,,,,,,,69f01fe044b9a5a944ce98b3,69f01fe044b9a5a944ce98b3,,,,
465,raw_position_sample,2,2,int,5,2,17,18,1, South ,674,131,1831403.5000000002,69f01fe044b9a5a944ce98b3,69f01fe044b9a5a944ce98b3,intermediate,2,69f01fe044b9a5a944ce98b3,69f01fe044b9a5a944ce98b3,spotlight_PROLIFIC,,24,mexico,spanish,english,,spanish:60|English:40,100,spanish:65|English:35,100,spanish:50|English:50,100,15,3,Bachelor's,10,10,10,9,10,10,18,20,20,20,TOEFL,110,,,,,25,25,C2,intermediate|advanced,advanced|intermediate,cambridge_22_25_intermediate_advanced,4,20,random,,123.265625,625.375,143.265625,676.421875,1,1,,,,,,,,,,,,2026-06-27T14:08:31.153Z,XZEXGKN2,2026-06-27,2026-06-27,07:08:31,2026-06-27 07:08:31,,,,,,,,69f01fe044b9a5a944ce98b3,69f01fe044b9a5a944ce98b3,,,,
467,hover_association,2,2,int,5,2,17,18,1, South ,624,134,,69f01fe044b9a5a944ce98b3,69f01fe044b9a5a944ce98b3,intermediate,2,69f01fe044b9a5a944ce98b3,69f01fe044b9a5a944ce98b3,spotlight_PROLIFIC,,24,mexico,spanish,english,,spanish:60|English:40,100,spanish:65|English:35,100,spanish:50|English:50,100,15,3,Bachelor's,10,10,10,9,10,10,18,20,20,20,TOEFL,110,,,,,25,25,C2,intermediate|advanced,advanced|intermediate,cambridge_22_25_intermediate_advanced,4,20,random,,113.265625,621.7287946428571,153.265625,676.421875,1,1,hover,133.40000000037253,133.40000000037253,0.9557188042036527,0.443359375,80,,,,,,2026-06-27T14:08:31.153Z,XZEXGKN2,2026-06-27,2026-06-27,07:08:31,2026-06-27 07:08:31,,,,,,,,69f01fe044b9a5a944ce98b3,69f01fe044b9a5a944ce98b3,,,,
516,raw_position_sample,2,2,int,5,2,17,18,2, American ,708,131,1831454.5000000002,69f01fe044b9a5a944ce98b3,69f01fe044b9a5a944ce98b3,intermediate,2,69f01fe044b9a5a944ce98b3,69f01fe044b9a5a944ce98b3,spotlight_PROLIFIC,,24,mexico,spanish,english,,spanish:60|English:40,100,spanish:65|English:35,100,spanish:50|English:50,100,15,3,Bachelor's,10,10,10,9,10,10,18,20,20,20,TOEFL,110,,,,,25,25,C2,intermediate|advanced,advanced|intermediate,cambridge_22_25_intermediate_advanced,4,20,random,,123.265625,676.421875,143.265625,757.453125,1,2,,,,,,,,,,,,2026-06-27T14:08:31.153Z,XZEXGKN2,2026-06-27,2026-06-27,07:08:31,2026-06-27 07:08:31,,,,,,,,69f01fe044b9a5a944ce98b3,69f01fe044b9a5a944ce98b3,,,,
556,raw_position_sample,2,2,int,5,2,17,18,2, American ,733,133,1831494.3,69f01fe044b9a5a944ce98b3,69f01fe044b9a5a944ce98b3,intermediate,2,69f01fe044b9a5a944ce98b3,69f01fe044b9a5a944ce98b3,spotlight_PROLIFIC,,24,mexico,spanish,english,,spanish:60|English:40,100,spanish:65|English:35,100,spanish:50|English:50,100,15,3,Bachelor's,10,10,10,9,10,10,18,20,20,20,TOEFL,110,,,,,25,25,C2,intermediate|advanced,advanced|intermediate,cambridge_22_25_intermediate_advanced,4,20,random,,123.265625,676.421875,143.265625,757.453125,1,2,,,,,,,,,,,,2026-06-27T14:08:31.153Z,XZEXGKN2,2026-06-27,2026-06-27,07:08:31,2026-06-27 07:08:31,,,,,,,,69f01fe044b9a5a944ce98b3,69f01fe044b9a5a944ce98b3,,,,
584,hover_association,2,2,int,5,2,17,18,2, American ,689,131,,69f01fe044b9a5a944ce98b3,69f01fe044b9a5a944ce98b3,intermediate,2,69f01fe044b9a5a944ce98b3,69f01fe044b9a5a944ce98b3,spotlight_PROLIFIC,,24,mexico,spanish,english,,spanish:60|English:40,100,spanish:65|English:35,100,spanish:50|English:50,100,15,3,Bachelor's,10,10,10,9,10,10,18,20,20,20,TOEFL,110,,,,,25,25,C2,intermediate|advanced,advanced|intermediate,cambridge_22_25_intermediate_advanced,4,20,random,,113.265625,676.421875,153.265625,757.453125,1,2,hover,116.6999999997206,116.6999999997206,0.8956806787504821,0.493359375,80,,,,,,2026-06-27T14:08:31.153Z,XZEXGKN2,2026-06-27,2026-06-27,07:08:31,2026-06-27 07:08:31,,,,,,,,69f01fe044b9a5a944ce98b3,69f01fe044b9a5a944ce98b3,,,,
604,raw_position_sample,2,2,int,5,2,17,18,3, Indians ,782,133,1831542.4000000001,69f01fe044b9a5a944ce98b3,69f01fe044b9a5a944ce98b3,intermediate,2,69f01fe044b9a5a944ce98b3,69f01fe044b9a5a944ce98b3,spotlight_PROLIFIC,,24,mexico,spanish,english,,spanish:60|English:40,100,spanish:65|English:35,100,spanish:50|English:50,100,15,3,Bachelor's,10,10,10,9,10,10,18,20,20,20,TOEFL,110,,,,,25,25,C2,intermediate|advanced,advanced|intermediate,cambridge_22_25_intermediate_advanced,4,20,random,,123.265625,757.453125,143.265625,820.5,1,3,,,,,,,,,,,,2026-06-27T14:08:31.153Z,XZEXGKN2,2026-06-27,2026-06-27,07:08:31,2026-06-27 07:08:31,,,,,,,,69f01fe044b9a5a944ce98b3,69f01fe044b9a5a944ce98b3,,,,
661,raw_position_sample,2,2,int,5,2,17,18,3, Indians ,805,134,1831599.5999999999,69f01fe044b9a5a944ce98b3,69f01fe044b9a5a944ce98b3,intermediate,2,69f01fe044b9a5a944ce98b3,69f01fe044b9a5a944ce98b3,spotlight_PROLIFIC,,24,mexico,spanish,english,,spanish:60|English:40,100,spanish:65|English:35,100,spanish:50|English:50,100,15,3,Bachelor's,10,10,10,9,10,10,18,20,20,20,TOEFL,110,,,,,25,25,C2,intermediate|advanced,advanced|intermediate,cambridge_22_25_intermediate_advanced,4,20,random,,123.265625,757.453125,143.265625,820.5,1,3,,,,,,,,,,,,2026-06-27T14:08:31.153Z,XZEXGKN2,2026-06-27,2026-06-27,07:08:31,2026-06-27 07:08:31,,,,,,,,69f01fe044b9a5a944ce98b3,69f01fe044b9a5a944ce98b3,,,,
716,raw_position_sample,2,2,int,5,2,17,18,3, Indians ,818,137,1831654.5000000002,69f01fe044b9a5a944ce98b3,69f01fe044b9a5a944ce98b3,intermediate,2,69f01fe044b9a5a944ce98b3,69f01fe044b9a5a944ce98b3,spotlight_PROLIFIC,,24,mexico,spanish,english,,spanish:60|English:40,100,spanish:65|English:35,100,spanish:50|English:50,100,15,3,Bachelor's,10,10,10,9,10,10,18,20,20,20,TOEFL,110,,,,,25,25,C2,intermediate|advanced,advanced|intermediate,cambridge_22_25_intermediate_advanced,4,20,random,,123.265625,757.453125,143.265625,820.5,1,3,,,,,,,,,,,,2026-06-27T14:08:31.153Z,XZEXGKN2,2026-06-27,2026-06-27,07:08:31,2026-06-27 07:08:31,,,,,,,,69f01fe044b9a5a944ce98b3,69f01fe044b9a5a944ce98b3,,,,
717,hover_association,2,2,int,5,2,17,18,3, Indians ,766,133,,69f01fe044b9a5a944ce98b3,69f01fe044b9a5a944ce98b3,intermediate,2,69f01fe044b9a5a944ce98b3,69f01fe044b9a5a944ce98b3,spotlight_PROLIFIC,,24,mexico,spanish,english,,spanish:60|English:40,100,spanish:65|English:35,100,spanish:50|English:50,100,15,3,Bachelor's,10,10,10,9,10,10,18,20,20,20,TOEFL,110,,,,,25,25,C2,intermediate|advanced,advanced|intermediate,cambridge_22_25_intermediate_advanced,4,20,random,,113.265625,757.453125,153.265625,820.5,1,3,hover,133.5,133.5,0.9603469640644362,0.593359375,80,,,,,,2026-06-27T14:08:31.153Z,XZEXGKN2,2026-06-27,2026-06-27,07:08:31,2026-06-27 07:08:31,,,,,,,,69f01fe044b9a5a944ce98b3,69f01fe044b9a5a944ce98b3,,,,
756,raw_position_sample,2,2,int,5,2,17,18,4, have ,839,137,1831694.3,69f01fe044b9a5a944ce98b3,69f01fe044b9a5a944ce98b3,intermediate,2,69f01fe044b9a5a944ce98b3,69f01fe044b9a5a944ce98b3,spotlight_PROLIFIC,,24,mexico,spanish,english,,spanish:60|English:40,100,spanish:65|English:35,100,spanish:50|English:50,100,15,3,Bachelor's,10,10,10,9,10,10,18,20,20,20,TOEFL,110,,,,,25,25,C2,intermediate|advanced,advanced|intermediate,cambridge_22_25_intermediate_advanced,4,20,random,,123.265625,820.5,143.265625,864.546875,1,4,,,,,,,,,,,,2026-06-27T14:08:31.153Z,XZEXGKN2,2026-06-27,2026-06-27,07:08:31,2026-06-27 07:08:31,,,,,,,,69f01fe044b9a5a944ce98b3,69f01fe044b9a5a944ce98b3,,,,
804,raw_position_sample,2,2,int,5,2,17,18,4, have ,851,137,1831742.4000000001,69f01fe044b9a5a944ce98b3,69f01fe044b9a5a944ce98b3,intermediate,2,69f01fe044b9a5a944ce98b3,69f01fe044b9a5a944ce98b3,spotlight_PROLIFIC,,24,mexico,spanish,english,,spanish:60|English:40,100,spanish:65|English:35,100,spanish:50|English:50,100,15,3,Bachelor's,10,10,10,9,10,10,18,20,20,20,TOEFL,110,,,,,25,25,C2,intermediate|advanced,advanced|intermediate,cambridge_22_25_intermediate_advanced,4,20,random,,123.265625,820.5,143.265625,864.546875,1,4,,,,,,,,,,,,2026-06-27T14:08:31.153Z,XZEXGKN2,2026-06-27,2026-06-27,07:08:31,2026-06-27 07:08:31,,,,,,,,69f01fe044b9a5a944ce98b3,69f01fe044b9a5a944ce98b3,,,,
866,raw_position_sample,2,2,int,5,2,17,18,4, have ,859,138,1831803.9000000001,69f01fe044b9a5a944ce98b3,69f01fe044b9a5a944ce98b3,intermediate,2,69f01fe044b9a5a944ce98b3,69f01fe044b9a5a944ce98b3,spotlight_PROLIFIC,,24,mexico,spanish,english,,spanish:60|English:40,100,spanish:65|English:35,100,spanish:50|English:50,100,15,3,Bachelor's,10,10,10,9,10,10,18,20,20,20,TOEFL,110,,,,,25,25,C2,intermediate|advanced,advanced|intermediate,cambridge_22_25_intermediate_advanced,4,20,random,,123.265625,820.5,143.265625,864.546875,1,4,,,,,,,,,,,,2026-06-27T14:08:31.153Z,XZEXGKN2,2026-06-27,2026-06-27,07:08:31,2026-06-27 07:08:31,,,,,,,,69f01fe044b9a5a944ce98b3,69f01fe044b9a5a944ce98b3,,,,
883,hover_association,2,2,int,5,2,17,18,4, have ,828,137,,69f01fe044b9a5a944ce98b3,69f01fe044b9a5a944ce98b3,intermediate,2,69f01fe044b9a5a944ce98b3,69f01fe044b9a5a944ce98b3,spotlight_PROLIFIC,,24,mexico,spanish,english,,spanish:60|English:40,100,spanish:65|English:35,100,spanish:50|English:50,100,15,3,Bachelor's,10,10,10,9,10,10,18,20,20,20,TOEFL,110,,,,,25,25,C2,intermediate|advanced,advanced|intermediate,cambridge_22_25_intermediate_advanced,4,20,random,,113.265625,820.5,153.265625,864.546875,1,4,hover,166.3000000002794,166.3000000002794,0.9421780773323873,0.618359375,80,,,,,,2026-06-27T14:08:31.153Z,XZEXGKN2,2026-06-27,2026-06-27,07:08:31,2026-06-27 07:08:31,,,,,,,,69f01fe044b9a5a944ce98b3,69f01fe044b9a5a944ce98b3,,,,
916,raw_position_sample,2,2,int,5,2,17,18,5, chewed ,870,138,1831853.7,69f01fe044b9a5a944ce98b3,69f01fe044b9a5a944ce98b3,intermediate,2,69f01fe044b9a5a944ce98b3,69f01fe044b9a5a944ce98b3,spotlight_PROLIFIC,,24,mexico,spanish,english,,spanish:60|English:40,100,spanish:65|English:35,100,spanish:50|English:50,100,15,3,Bachelor's,10,10,10,9,10,10,18,20,20,20,TOEFL,110,,,,,25,25,C2,intermediate|advanced,advanced|intermediate,cambridge_22_25_intermediate_advanced,4,20,random,,123.265625,864.546875,143.265625,931.59375,1,5,,,,,,,,,,,,2026-06-27T14:08:31.153Z,XZEXGKN2,2026-06-27,2026-06-27,07:08:31,2026-06-27 07:08:31,,,,,,,,69f01fe044b9a5a944ce98b3,69f01fe044b9a5a944ce98b3,,,,
956,raw_position_sample,2,2,int,5,2,17,18,5, chewed ,884,138,1831894.5000000002,69f01fe044b9a5a944ce98b3,69f01fe044b9a5a944ce98b3,intermediate,2,69f01fe044b9a5a944ce98b3,69f01fe044b9a5a944ce98b3,spotlight_PROLIFIC,,24,mexico,spanish,english,,spanish:60|English:40,100,spanish:65|English:35,100,spanish:50|English:50,100,15,3,Bachelor's,10,10,10,9,10,10,18,20,20,20,TOEFL,110,,,,,25,25,C2,intermediate|advanced,advanced|intermediate,cambridge_22_25_intermediate_advanced,4,20,random,,123.265625,864.546875,143.265625,931.59375,1,5,,,,,,,,,,,,2026-06-27T14:08:31.153Z,XZEXGKN2,2026-06-27,2026-06-27,07:08:31,2026-06-27 07:08:31,,,,,,,,69f01fe044b9a5a944ce98b3,69f01fe044b9a5a944ce98b3,,,,
1004,raw_position_sample,2,2,int,5,2,17,18,5, chewed ,895,139,1831942.3,69f01fe044b9a5a944ce98b3,69f01fe044b9a5a944ce98b3,intermediate,2,69f01fe044b9a5a944ce98b3,69f01fe044b9a5a944ce98b3,spotlight_PROLIFIC,,24,mexico,spanish,english,,spanish:60|English:40,100,spanish:65|English:35,100,spanish:50|English:50,100,15,3,Bachelor's,10,10,10,9,10,10,18,20,20,20,TOEFL,110,,,,,25,25,C2,intermediate|advanced,advanced|intermediate,cambridge_22_25_intermediate_advanced,4,20,random,,123.265625,864.546875,143.265625,931.59375,1,5,,,,,,,,,,,,2026-06-27T14:08:31.153Z,XZEXGKN2,2026-06-27,2026-06-27,07:08:31,2026-06-27 07:08:31,,,,,,,,69f01fe044b9a5a944ce98b3,69f01fe044b9a5a944ce98b3,,,,
1067,raw_position_sample,2,2,int,5,2,17,18,5, chewed ,910,138,1832004.7,69f01fe044b9a5a944ce98b3,69f01fe044b9a5a944ce98b3,intermediate,2,69f01fe044b9a5a944ce98b3,69f01fe044b9a5a944ce98b3,spotlight_PROLIFIC,,24,mexico,spanish,english,,spanish:60|English:40,100,spanish:65|English:35,100,spanish:50|English:50,100,15,3,Bachelor's,10,10,10,9,10,10,18,20,20,20,TOEFL,110,,,,,25,25,C2,intermediate|advanced,advanced|intermediate,cambridge_22_25_intermediate_advanced,4,20,random,,123.265625,864.546875,143.265625,931.59375,1,5,,,,,,,,,,,,2026-06-27T14:08:31.153Z,XZEXGKN2,2026-06-27,2026-06-27,07:08:31,2026-06-27 07:08:31,,,,,,,,69f01fe044b9a5a944ce98b3,69f01fe044b9a5a944ce98b3,,,,
1116,raw_position_sample,2,2,int,5,2,17,18,5, chewed ,925,139,1832054.5000000002,69f01fe044b9a5a944ce98b3,69f01fe044b9a5a944ce98b3,intermediate,2,69f01fe044b9a5a944ce98b3,69f01fe044b9a5a944ce98b3,spotlight_PROLIFIC,,24,mexico,spanish,english,,spanish:60|English:40,100,spanish:65|English:35,100,spanish:50|English:50,100,15,3,Bachelor's,10,10,10,9,10,10,18,20,20,20,TOEFL,110,,,,,25,25,C2,intermediate|advanced,advanced|intermediate,cambridge_22_25_intermediate_advanced,4,20,random,,123.265625,864.546875,143.265625,931.59375,1,5,,,,,,,,,,,,2026-06-27T14:08:31.153Z,XZEXGKN2,2026-06-27,2026-06-27,07:08:31,2026-06-27 07:08:31,,,,,,,,69f01fe044b9a5a944ce98b3,69f01fe044b9a5a944ce98b3,,,,
1117,hover_association,2,2,int,5,2,17,18,5, chewed ,866,138,,69f01fe044b9a5a944ce98b3,69f01fe044b9a5a944ce98b3,intermediate,2,69f01fe044b9a5a944ce98b3,69f01fe044b9a5a944ce98b3,spotlight_PROLIFIC,,24,mexico,spanish,english,,spanish:60|English:40,100,spanish:65|English:35,100,spanish:50|English:50,100,15,3,Bachelor's,10,10,10,9,10,10,18,20,20,20,TOEFL,110,,,,,25,25,C2,intermediate|advanced,advanced|intermediate,cambridge_22_25_intermediate_advanced,4,20,random,,113.265625,864.546875,153.265625,931.59375,1,5,hover,233.59999999962747,233.59999999962747,0.9016546259613144,0.643359375,80,,,,,,2026-06-27T14:08:31.153Z,XZEXGKN2,2026-06-27,2026-06-27,07:08:31,2026-06-27 07:08:31,,,,,,,,69f01fe044b9a5a944ce98b3,69f01fe044b9a5a944ce98b3,,,,
1156,raw_position_sample,2,2,int,5,2,17,18,6, coca ,949,139,1832094.3,69f01fe044b9a5a944ce98b3,69f01fe044b9a5a944ce98b3,intermediate,2,69f01fe044b9a5a944ce98b3,69f01fe044b9a5a944ce98b3,spotlight_PROLIFIC,,24,mexico,spanish,english,,spanish:60|English:40,100,spanish:65|English:35,100,spanish:50|English:50,100,15,3,Bachelor's,10,10,10,9,10,10,18,20,20,20,TOEFL,110,,,,,25,25,C2,intermediate|advanced,advanced|intermediate,cambridge_22_25_intermediate_advanced,4,20,random,,123.265625,931.59375,143.265625,974.625,1,6,,,,,,,,,,,,2026-06-27T14:08:31.153Z,XZEXGKN2,2026-06-27,2026-06-27,07:08:31,2026-06-27 07:08:31,,,,,,,,69f01fe044b9a5a944ce98b3,69f01fe044b9a5a944ce98b3,,,,
1204,raw_position_sample,2,2,int,5,2,17,18,6, coca ,967,139,1832142.5000000002,69f01fe044b9a5a944ce98b3,69f01fe044b9a5a944ce98b3,intermediate,2,69f01fe044b9a5a944ce98b3,69f01fe044b9a5a944ce98b3,spotlight_PROLIFIC,,24,mexico,spanish,english,,spanish:60|English:40,100,spanish:65|English:35,100,spanish:50|English:50,100,15,3,Bachelor's,10,10,10,9,10,10,18,20,20,20,TOEFL,110,,,,,25,25,C2,intermediate|advanced,advanced|intermediate,cambridge_22_25_intermediate_advanced,4,20,random,,123.265625,931.59375,143.265625,974.625,1,6,,,,,,,,,,,,2026-06-27T14:08:31.153Z,XZEXGKN2,2026-06-27,2026-06-27,07:08:31,2026-06-27 07:08:31,,,,,,,,69f01fe044b9a5a944ce98b3,69f01fe044b9a5a944ce98b3,,,,
1234,hover_association,2,2,int,5,2,17,18,6, coca ,932,139,,69f01fe044b9a5a944ce98b3,69f01fe044b9a5a944ce98b3,intermediate,2,69f01fe044b9a5a944ce98b3,69f01fe044b9a5a944ce98b3,spotlight_PROLIFIC,,24,mexico,spanish,english,,spanish:60|English:40,100,spanish:65|English:35,100,spanish:50|English:50,100,15,3,Bachelor's,10,10,10,9,10,10,18,20,20,20,TOEFL,110,,,,,25,25,C2,intermediate|advanced,advanced|intermediate,cambridge_22_25_intermediate_advanced,4,20,random,,113.265625,931.59375,153.265625,974.625,1,6,hover,116.5,116.5,0.915758896151053,0.643359375,80,,,,,,2026-06-27T14:08:31.153Z,XZEXGKN2,2026-06-27,2026-06-27,07:08:31,2026-06-27 07:08:31,,,,,,,,69f01fe044b9a5a944ce98b3,69f01fe044b9a5a944ce98b3,,,,
1266,raw_position_sample,2,2,int,5,2,17,18,7, leaves ,978,137,1832204.5000000002,69f01fe044b9a5a944ce98b3,69f01fe044b9a5a944ce98b3,intermediate,2,69f01fe044b9a5a944ce98b3,69f01fe044b9a5a944ce98b3,spotlight_PROLIFIC,,24,mexico,spanish,english,,spanish:60|English:40,100,spanish:65|English:35,100,spanish:50|English:50,100,15,3,Bachelor's,10,10,10,9,10,10,18,20,20,20,TOEFL,110,,,,,25,25,C2,intermediate|advanced,advanced|intermediate,cambridge_22_25_intermediate_advanced,4,20,random,,123.265625,974.625,143.265625,1031.671875,1,7,,,,,,,,,,,,2026-06-27T14:08:31.153Z,XZEXGKN2,2026-06-27,2026-06-27,07:08:31,2026-06-27 07:08:31,,,,,,,,69f01fe044b9a5a944ce98b3,69f01fe044b9a5a944ce98b3,,,,
1317,raw_position_sample,2,2,int,5,2,17,18,7, leaves ,993,135,1832255.4000000001,69f01fe044b9a5a944ce98b3,69f01fe044b9a5a944ce98b3,intermediate,2,69f01fe044b9a5a944ce98b3,69f01fe044b9a5a944ce98b3,spotlight_PROLIFIC,,24,mexico,spanish,english,,spanish:60|English:40,100,spanish:65|English:35,100,spanish:50|English:50,100,15,3,Bachelor's,10,10,10,9,10,10,18,20,20,20,TOEFL,110,,,,,25,25,C2,intermediate|advanced,advanced|intermediate,cambridge_22_25_intermediate_advanced,4,20,random,,123.265625,974.625,143.265625,1031.671875,1,7,,,,,,,,,,,,2026-06-27T14:08:31.153Z,XZEXGKN2,2026-06-27,2026-06-27,07:08:31,2026-06-27 07:08:31,,,,,,,,69f01fe044b9a5a944ce98b3,69f01fe044b9a5a944ce98b3,,,,
1356,raw_position_sample,2,2,int,5,2,17,18,7, leaves ,1001,135,1832294.3,69f01fe044b9a5a944ce98b3,69f01fe044b9a5a944ce98b3,intermediate,2,69f01fe044b9a5a944ce98b3,69f01fe044b9a5a944ce98b3,spotlight_PROLIFIC,,24,mexico,spanish,english,,spanish:60|English:40,100,spanish:65|English:35,100,spanish:50|English:50,100,15,3,Bachelor's,10,10,10,9,10,10,18,20,20,20,TOEFL,110,,,,,25,25,C2,intermediate|advanced,advanced|intermediate,cambridge_22_25_intermediate_advanced,4,20,random,,123.265625,974.625,143.265625,1031.671875,1,7,,,,,,,,,,,,2026-06-27T14:08:31.153Z,XZEXGKN2,2026-06-27,2026-06-27,07:08:31,2026-06-27 07:08:31,,,,,,,,69f01fe044b9a5a944ce98b3,69f01fe044b9a5a944ce98b3,,,,
1412,raw_position_sample,2,2,int,5,2,17,18,7, leaves ,1007,135,1832350.4000000001,69f01fe044b9a5a944ce98b3,69f01fe044b9a5a944ce98b3,intermediate,2,69f01fe044b9a5a944ce98b3,69f01fe044b9a5a944ce98b3,spotlight_PROLIFIC,,24,mexico,spanish,english,,spanish:60|English:40,100,spanish:65|English:35,100,spanish:50|English:50,100,15,3,Bachelor's,10,10,10,9,10,10,18,20,20,20,TOEFL,110,,,,,25,25,C2,intermediate|advanced,advanced|intermediate,cambridge_22_25_intermediate_advanced,4,20,random,,123.265625,974.625,143.265625,1031.671875,1,7,,,,,,,,,,,,2026-06-27T14:08:31.153Z,XZEXGKN2,2026-06-27,2026-06-27,07:08:31,2026-06-27 07:08:31,,,,,,,,69f01fe044b9a5a944ce98b3,69f01fe044b9a5a944ce98b3,,,,
1466,raw_position_sample,2,2,int,5,2,17,18,7, leaves ,1022,135,1832404.4000000001,69f01fe044b9a5a944ce98b3,69f01fe044b9a5a944ce98b3,intermediate,2,69f01fe044b9a5a944ce98b3,69f01fe044b9a5a944ce98b3,spotlight_PROLIFIC,,24,mexico,spanish,english,,spanish:60|English:40,100,spanish:65|English:35,100,spanish:50|English:50,100,15,3,Bachelor's,10,10,10,9,10,10,18,20,20,20,TOEFL,110,,,,,25,25,C2,intermediate|advanced,advanced|intermediate,cambridge_22_25_intermediate_advanced,4,20,random,,123.265625,974.625,143.265625,1031.671875,1,7,,,,,,,,,,,,2026-06-27T14:08:31.153Z,XZEXGKN2,2026-06-27,2026-06-27,07:08:31,2026-06-27 07:08:31,,,,,,,,69f01fe044b9a5a944ce98b3,69f01fe044b9a5a944ce98b3,,,,
1483,hover_association,2,2,int,5,2,17,18,7, leaves ,975,138,,69f01fe044b9a5a944ce98b3,69f01fe044b9a5a944ce98b3,intermediate,2,69f01fe044b9a5a944ce98b3,69f01fe044b9a5a944ce98b3,spotlight_PROLIFIC,,24,mexico,spanish,english,,spanish:60|English:40,100,spanish:65|English:35,100,spanish:50|English:50,100,15,3,Bachelor's,10,10,10,9,10,10,18,20,20,20,TOEFL,110,,,,,25,25,C2,intermediate|advanced,advanced|intermediate,cambridge_22_25_intermediate_advanced,4,20,random,,113.265625,974.625,153.265625,1031.671875,1,7,hover,250.10000000009313,250.10000000009313,0.9706929608326486,0.543359375,80,,,,,,2026-06-27T14:08:31.153Z,XZEXGKN2,2026-06-27,2026-06-27,07:08:31,2026-06-27 07:08:31,,,,,,,,69f01fe044b9a5a944ce98b3,69f01fe044b9a5a944ce98b3,,,,
1511,raw_position_sample,2,2,int,5,2,17,18,8, for ,1043,135,1832449.0000000002,69f01fe044b9a5a944ce98b3,69f01fe044b9a5a944ce98b3,intermediate,2,69f01fe044b9a5a944ce98b3,69f01fe044b9a5a944ce98b3,spotlight_PROLIFIC,,24,mexico,spanish,english,,spanish:60|English:40,100,spanish:65|English:35,100,spanish:50|English:50,100,15,3,Bachelor's,10,10,10,9,10,10,18,20,20,20,TOEFL,110,,,,,25,25,C2,intermediate|advanced,advanced|intermediate,cambridge_22_25_intermediate_advanced,4,20,random,,123.265625,1031.671875,143.265625,1057.6875,1,8,,,,,,,,,,,,2026-06-27T14:08:31.153Z,XZEXGKN2,2026-06-27,2026-06-27,07:08:31,2026-06-27 07:08:31,,,,,,,,69f01fe044b9a5a944ce98b3,69f01fe044b9a5a944ce98b3,,,,
1556,raw_position_sample,2,2,int,5,2,17,18,8, for ,1055,135,1832494.4000000001,69f01fe044b9a5a944ce98b3,69f01fe044b9a5a944ce98b3,intermediate,2,69f01fe044b9a5a944ce98b3,69f01fe044b9a5a944ce98b3,spotlight_PROLIFIC,,24,mexico,spanish,english,,spanish:60|English:40,100,spanish:65|English:35,100,spanish:50|English:50,100,15,3,Bachelor's,10,10,10,9,10,10,18,20,20,20,TOEFL,110,,,,,25,25,C2,intermediate|advanced,advanced|intermediate,cambridge_22_25_intermediate_advanced,4,20,random,,123.265625,1031.671875,143.265625,1057.6875,1,8,,,,,,,,,,,,2026-06-27T14:08:31.153Z,XZEXGKN2,2026-06-27,2026-06-27,07:08:31,2026-06-27 07:08:31,,,,,,,,69f01fe044b9a5a944ce98b3,69f01fe044b9a5a944ce98b3,,,,
1567,hover_association,2,2,int,5,2,17,18,8, for ,1037,135,,69f01fe044b9a5a944ce98b3,69f01fe044b9a5a944ce98b3,intermediate,2,69f01fe044b9a5a944ce98b3,69f01fe044b9a5a944ce98b3,spotlight_PROLIFIC,,24,mexico,spanish,english,,spanish:60|English:40,100,spanish:65|English:35,100,spanish:50|English:50,100,15,3,Bachelor's,10,10,10,9,10,10,18,20,20,20,TOEFL,110,,,,,25,25,C2,intermediate|advanced,advanced|intermediate,cambridge_22_25_intermediate_advanced,4,20,random,,113.265625,1031.671875,153.265625,1057.6875,1,8,hover,83.3000000002794,83.3000000002794,0.8966966966966967,0.543359375,80,,,,,,2026-06-27T14:08:31.153Z,XZEXGKN2,2026-06-27,2026-06-27,07:08:31,2026-06-27 07:08:31,,,,,,,,69f01fe044b9a5a944ce98b3,69f01fe044b9a5a944ce98b3,,,,
1604,raw_position_sample,2,2,int,5,2,17,18,9, centuries. ,1072,135,1832542.2,69f01fe044b9a5a944ce98b3,69f01fe044b9a5a944ce98b3,intermediate,2,69f01fe044b9a5a944ce98b3,69f01fe044b9a5a944ce98b3,spotlight_PROLIFIC,,24,mexico,spanish,english,,spanish:60|English:40,100,spanish:65|English:35,100,spanish:50|English:50,100,15,3,Bachelor's,10,10,10,9,10,10,18,20,20,20,TOEFL,110,,,,,25,25,C2,intermediate|advanced,advanced|intermediate,cambridge_22_25_intermediate_advanced,4,20,random,,123.265625,1057.6875,143.265625,1140.40625,1,9,,,,,,,,,,,,2026-06-27T14:08:31.153Z,XZEXGKN2,2026-06-27,2026-06-27,07:08:31,2026-06-27 07:08:31,,,,,,,,69f01fe044b9a5a944ce98b3,69f01fe044b9a5a944ce98b3,,,,
1666,raw_position_sample,2,2,int,5,2,17,18,9, centuries. ,1089,134,1832603.7,69f01fe044b9a5a944ce98b3,69f01fe044b9a5a944ce98b3,intermediate,2,69f01fe044b9a5a944ce98b3,69f01fe044b9a5a944ce98b3,spotlight_PROLIFIC,,24,mexico,spanish,english,,spanish:60|English:40,100,spanish:65|English:35,100,spanish:50|English:50,100,15,3,Bachelor's,10,10,10,9,10,10,18,20,20,20,TOEFL,110,,,,,25,25,C2,intermediate|advanced,advanced|intermediate,cambridge_22_25_intermediate_advanced,4,20,random,,123.265625,1057.6875,143.265625,1140.40625,1,9,,,,,,,,,,,,2026-06-27T14:08:31.153Z,XZEXGKN2,2026-06-27,2026-06-27,07:08:31,2026-06-27 07:08:31,,,,,,,,69f01fe044b9a5a944ce98b3,69f01fe044b9a5a944ce98b3,,,,
1716,raw_position_sample,2,2,int,5,2,17,18,9, centuries. ,1098,133,1832654.3,69f01fe044b9a5a944ce98b3,69f01fe044b9a5a944ce98b3,intermediate,2,69f01fe044b9a5a944ce98b3,69f01fe044b9a5a944ce98b3,spotlight_PROLIFIC,,24,mexico,spanish,english,,spanish:60|English:40,100,spanish:65|English:35,100,spanish:50|English:50,100,15,3,Bachelor's,10,10,10,9,10,10,18,20,20,20,TOEFL,110,,,,,25,25,C2,intermediate|advanced,advanced|intermediate,cambridge_22_25_intermediate_advanced,4,20,random,,123.265625,1057.6875,143.265625,1140.40625,1,9,,,,,,,,,,,,2026-06-27T14:08:31.153Z,XZEXGKN2,2026-06-27,2026-06-27,07:08:31,2026-06-27 07:08:31,,,,,,,,69f01fe044b9a5a944ce98b3,69f01fe044b9a5a944ce98b3,,,,
1756,raw_position_sample,2,2,int,5,2,17,18,9, centuries. ,1118,133,1832694.4000000001,69f01fe044b9a5a944ce98b3,69f01fe044b9a5a944ce98b3,intermediate,2,69f01fe044b9a5a944ce98b3,69f01fe044b9a5a944ce98b3,spotlight_PROLIFIC,,24,mexico,spanish,english,,spanish:60|English:40,100,spanish:65|English:35,100,spanish:50|English:50,100,15,3,Bachelor's,10,10,10,9,10,10,18,20,20,20,TOEFL,110,,,,,25,25,C2,intermediate|advanced,advanced|intermediate,cambridge_22_25_intermediate_advanced,4,20,random,,123.265625,1057.6875,143.265625,1140.40625,1,9,,,,,,,,,,,,2026-06-27T14:08:31.153Z,XZEXGKN2,2026-06-27,2026-06-27,07:08:31,2026-06-27 07:08:31,,,,,,,,69f01fe044b9a5a944ce98b3,69f01fe044b9a5a944ce98b3,,,,
1804,raw_position_sample,2,2,int,5,2,17,18,9, centuries. ,1129,133,1832742.3,69f01fe044b9a5a944ce98b3,69f01fe044b9a5a944ce98b3,intermediate,2,69f01fe044b9a5a944ce98b3,69f01fe044b9a5a944ce98b3,spotlight_PROLIFIC,,24,mexico,spanish,english,,spanish:60|English:40,100,spanish:65|English:35,100,spanish:50|English:50,100,15,3,Bachelor's,10,10,10,9,10,10,18,20,20,20,TOEFL,110,,,,,25,25,C2,intermediate|advanced,advanced|intermediate,cambridge_22_25_intermediate_advanced,4,20,random,,123.265625,1057.6875,143.265625,1140.40625,1,9,,,,,,,,,,,,2026-06-27T14:08:31.153Z,XZEXGKN2,2026-06-27,2026-06-27,07:08:31,2026-06-27 07:08:31,,,,,,,,69f01fe044b9a5a944ce98b3,69f01fe044b9a5a944ce98b3,,,,
1850,hover_association,2,2,int,5,2,17,18,9, centuries. ,1058,135,,69f01fe044b9a5a944ce98b3,69f01fe044b9a5a944ce98b3,intermediate,2,69f01fe044b9a5a944ce98b3,69f01fe044b9a5a944ce98b3,spotlight_PROLIFIC,,24,mexico,spanish,english,,spanish:60|English:40,100,spanish:65|English:35,100,spanish:50|English:50,100,15,3,Bachelor's,10,10,10,9,10,10,18,20,20,20,TOEFL,110,,,,,25,25,C2,intermediate|advanced,advanced|intermediate,cambridge_22_25_intermediate_advanced,4,20,random,,113.265625,1057.6875,153.265625,1140.40625,1,9,hover,283.39999999990687,283.39999999990687,0.9588213071401587,0.493359375,80,,,,,,2026-06-27T14:08:31.153Z,XZEXGKN2,2026-06-27,2026-06-27,07:08:31,2026-06-27 07:08:31,,,,,,,,69f01fe044b9a5a944ce98b3,69f01fe044b9a5a944ce98b3,,,,
1867,raw_position_sample,2,2,int,5,2,17,18,10, The ,1144,133,1832805.5000000002,69f01fe044b9a5a944ce98b3,69f01fe044b9a5a944ce98b3,intermediate,2,69f01fe044b9a5a944ce98b3,69f01fe044b9a5a944ce98b3,spotlight_PROLIFIC,,24,mexico,spanish,english,,spanish:60|English:40,100,spanish:65|English:35,100,spanish:50|English:50,100,15,3,Bachelor's,10,10,10,9,10,10,18,20,20,20,TOEFL,110,,,,,25,25,C2,intermediate|advanced,advanced|intermediate,cambridge_22_25_intermediate_advanced,4,20,random,,123.265625,1140.40625,143.265625,1176.4375,1,10,,,,,,,,,,,,2026-06-27T14:08:31.153Z,XZEXGKN2,2026-06-27,2026-06-27,07:08:31,2026-06-27 07:08:31,,,,,,,,69f01fe044b9a5a944ce98b3,69f01fe044b9a5a944ce98b3,,,,
1916,raw_position_sample,2,2,int,5,2,17,18,10, The ,1151,135,1832853.7,69f01fe044b9a5a944ce98b3,69f01fe044b9a5a944ce98b3,intermediate,2,69f01fe044b9a5a944ce98b3,69f01fe044b9a5a944ce98b3,spotlight_PROLIFIC,,24,mexico,spanish,english,,spanish:60|English:40,100,spanish:65|English:35,100,spanish:50|English:50,100,15,3,Bachelor's,10,10,10,9,10,10,18,20,20,20,TOEFL,110,,,,,25,25,C2,intermediate|advanced,advanced|intermediate,cambridge_22_25_intermediate_advanced,4,20,random,,123.265625,1140.40625,143.265625,1176.4375,1,10,,,,,,,,,,,,2026-06-27T14:08:31.153Z,XZEXGKN2,2026-06-27,2026-06-27,07:08:31,2026-06-27 07:08:31,,,,,,,,69f01fe044b9a5a944ce98b3,69f01fe044b9a5a944ce98b3,,,,
1956,raw_position_sample,2,2,int,5,2,17,18,10, The ,1172,137,1832894.4000000001,69f01fe044b9a5a944ce98b3,69f01fe044b9a5a944ce98b3,intermediate,2,69f01fe044b9a5a944ce98b3,69f01fe044b9a5a944ce98b3,spotlight_PROLIFIC,,24,mexico,spanish,english,,spanish:60|English:40,100,spanish:65|English:35,100,spanish:50|English:50,100,15,3,Bachelor's,10,10,10,9,10,10,18,20,20,20,TOEFL,110,,,,,25,25,C2,intermediate|advanced,advanced|intermediate,cambridge_22_25_intermediate_advanced,4,20,random,,123.265625,1140.40625,143.265625,1176.4375,1,10,,,,,,,,,,,,2026-06-27T14:08:31.153Z,XZEXGKN2,2026-06-27,2026-06-27,07:08:31,2026-06-27 07:08:31,,,,,,,,69f01fe044b9a5a944ce98b3,69f01fe044b9a5a944ce98b3,,,,
1967,hover_association,2,2,int,5,2,17,18,10, The ,1141,133,,69f01fe044b9a5a944ce98b3,69f01fe044b9a5a944ce98b3,intermediate,2,69f01fe044b9a5a944ce98b3,69f01fe044b9a5a944ce98b3,spotlight_PROLIFIC,,24,mexico,spanish,english,,spanish:60|English:40,100,spanish:65|English:35,100,spanish:50|English:50,100,15,3,Bachelor's,10,10,10,9,10,10,18,20,20,20,TOEFL,110,,,,,25,25,C2,intermediate|advanced,advanced|intermediate,cambridge_22_25_intermediate_advanced,4,20,random,,113.265625,1140.40625,153.265625,1176.4375,1,10,hover,116.6999999997206,116.6999999997206,0.8768430182133564,0.593359375,80,,,,,,2026-06-27T14:08:31.153Z,XZEXGKN2,2026-06-27,2026-06-27,07:08:31,2026-06-27 07:08:31,,,,,,,,69f01fe044b9a5a944ce98b3,69f01fe044b9a5a944ce98b3,,,,
2004,raw_position_sample,2,2,int,5,2,17,18,11, leaves ,1191,137,1832942.4000000001,69f01fe044b9a5a944ce98b3,69f01fe044b9a5a944ce98b3,intermediate,2,69f01fe044b9a5a944ce98b3,69f01fe044b9a5a944ce98b3,spotlight_PROLIFIC,,24,mexico,spanish,english,,spanish:60|English:40,100,spanish:65|English:35,100,spanish:50|English:50,100,15,3,Bachelor's,10,10,10,9,10,10,18,20,20,20,TOEFL,110,,,,,25,25,C2,intermediate|advanced,advanced|intermediate,cambridge_22_25_intermediate_advanced,4,20,random,,123.265625,1176.4375,143.265625,1233.484375,1,11,,,,,,,,,,,,2026-06-27T14:08:31.153Z,XZEXGKN2,2026-06-27,2026-06-27,07:08:31,2026-06-27 07:08:31,,,,,,,,69f01fe044b9a5a944ce98b3,69f01fe044b9a5a944ce98b3,,,,
2067,raw_position_sample,2,2,int,5,2,17,18,11, leaves ,1201,138,1833004.7,69f01fe044b9a5a944ce98b3,69f01fe044b9a5a944ce98b3,intermediate,2,69f01fe044b9a5a944ce98b3,69f01fe044b9a5a944ce98b3,spotlight_PROLIFIC,,24,mexico,spanish,english,,spanish:60|English:40,100,spanish:65|English:35,100,spanish:50|English:50,100,15,3,Bachelor's,10,10,10,9,10,10,18,20,20,20,TOEFL,110,,,,,25,25,C2,intermediate|advanced,advanced|intermediate,cambridge_22_25_intermediate_advanced,4,20,random,,123.265625,1176.4375,143.265625,1233.484375,1,11,,,,,,,,,,,,2026-06-27T14:08:31.153Z,XZEXGKN2,2026-06-27,2026-06-27,07:08:31,2026-06-27 07:08:31,,,,,,,,69f01fe044b9a5a944ce98b3,69f01fe044b9a5a944ce98b3,,,,
2116,raw_position_sample,2,2,int,5,2,17,18,11, leaves ,1202,138,1833054.2,69f01fe044b9a5a944ce98b3,69f01fe044b9a5a944ce98b3,intermediate,2,69f01fe044b9a5a944ce98b3,69f01fe044b9a5a944ce98b3,spotlight_PROLIFIC,,24,mexico,spanish,english,,spanish:60|English:40,100,spanish:65|English:35,100,spanish:50|English:50,100,15,3,Bachelor's,10,10,10,9,10,10,18,20,20,20,TOEFL,110,,,,,25,25,C2,intermediate|advanced,advanced|intermediate,cambridge_22_25_intermediate_advanced,4,20,random,,123.265625,1176.4375,143.265625,1233.484375,1,11,,,,,,,,,,,,2026-06-27T14:08:31.153Z,XZEXGKN2,2026-06-27,2026-06-27,07:08:31,2026-06-27 07:08:31,,,,,,,,69f01fe044b9a5a944ce98b3,69f01fe044b9a5a944ce98b3,,,,
2133,hover_association,2,2,int,5,2,17,18,11, leaves ,1179,137,,69f01fe044b9a5a944ce98b3,69f01fe044b9a5a944ce98b3,intermediate,2,69f01fe044b9a5a944ce98b3,69f01fe044b9a5a944ce98b3,spotlight_PROLIFIC,,24,mexico,spanish,english,,spanish:60|English:40,100,spanish:65|English:35,100,spanish:50|English:50,100,15,3,Bachelor's,10,10,10,9,10,10,18,20,20,20,TOEFL,110,,,,,25,25,C2,intermediate|advanced,advanced|intermediate,cambridge_22_25_intermediate_advanced,4,20,random,,113.265625,1176.4375,153.265625,1233.484375,1,11,hover,166.60000000009313,166.60000000009313,0.13256642015886058,0.618359375,80,,,,,,2026-06-27T14:08:31.153Z,XZEXGKN2,2026-06-27,2026-06-27,07:08:31,2026-06-27 07:08:31,,,,,,,,69f01fe044b9a5a944ce98b3,69f01fe044b9a5a944ce98b3,,,,
2150,hover_association,2,2,int,5,2,17,18,9, centuries. ,1078,138,,69f01fe044b9a5a944ce98b3,69f01fe044b9a5a944ce98b3,intermediate,2,69f01fe044b9a5a944ce98b3,69f01fe044b9a5a944ce98b3,spotlight_PROLIFIC,,24,mexico,spanish,english,,spanish:60|English:40,100,spanish:65|English:35,100,spanish:50|English:50,100,15,3,Bachelor's,10,10,10,9,10,10,18,20,20,20,TOEFL,110,,,,,25,25,C2,intermediate|advanced,advanced|intermediate,cambridge_22_25_intermediate_advanced,4,20,random,,113.265625,1057.6875,153.265625,1140.40625,1,9,hover,16.800000000279397,16.800000000279397,0.2455610124669437,0.618359375,80,,,,,,2026-06-27T14:08:31.153Z,XZEXGKN2,2026-06-27,2026-06-27,07:08:31,2026-06-27 07:08:31,,,,,,,,69f01fe044b9a5a944ce98b3,69f01fe044b9a5a944ce98b3,,,,
2153,raw_position_sample,2,2,int,5,2,17,18,6, coca ,968,133,1833091.0999999999,69f01fe044b9a5a944ce98b3,69f01fe044b9a5a944ce98b3,intermediate,2,69f01fe044b9a5a944ce98b3,69f01fe044b9a5a944ce98b3,spotlight_PROLIFIC,,24,mexico,spanish,english,,spanish:60|English:40,100,spanish:65|English:35,100,spanish:50|English:50,100,15,3,Bachelor's,10,10,10,9,10,10,18,20,20,20,TOEFL,110,,,,,25,25,C2,intermediate|advanced,advanced|intermediate,cambridge_22_25_intermediate_advanced,4,20,random,,123.265625,931.59375,143.265625,974.625,1,6,,,,,,,,,,,,2026-06-27T14:08:31.153Z,XZEXGKN2,2026-06-27,2026-06-27,07:08:31,2026-06-27 07:08:31,,,,,,,,69f01fe044b9a5a944ce98b3,69f01fe044b9a5a944ce98b3,,,,
2167,hover_association,2,2,int,5,2,17,18,6, coca ,968,133,,69f01fe044b9a5a944ce98b3,69f01fe044b9a5a944ce98b3,intermediate,2,69f01fe044b9a5a944ce98b3,69f01fe044b9a5a944ce98b3,spotlight_PROLIFIC,,24,mexico,spanish,english,,spanish:60|English:40,100,spanish:65|English:35,100,spanish:50|English:50,100,15,3,Bachelor's,10,10,10,9,10,10,18,20,20,20,TOEFL,110,,,,,25,25,C2,intermediate|advanced,advanced|intermediate,cambridge_22_25_intermediate_advanced,4,20,random,,113.265625,931.59375,153.265625,974.625,1,6,hover,16.5,16.5,0.8460421205519245,0.493359375,80,,,,,,2026-06-27T14:08:31.153Z,XZEXGKN2,2026-06-27,2026-06-27,07:08:31,2026-06-27 07:08:31,,,,,,,,69f01fe044b9a5a944ce98b3,69f01fe044b9a5a944ce98b3,,,,
2183,hover_association,2,2,int,5,2,17,18,5, chewed ,893,126,,69f01fe044b9a5a944ce98b3,69f01fe044b9a5a944ce98b3,intermediate,2,69f01fe044b9a5a944ce98b3,69f01fe044b9a5a944ce98b3,spotlight_PROLIFIC,,24,mexico,spanish,english,,spanish:60|English:40,100,spanish:65|English:35,100,spanish:50|English:50,100,15,3,Bachelor's,10,10,10,9,10,10,18,20,20,20,TOEFL,110,,,,,25,25,C2,intermediate|advanced,advanced|intermediate,cambridge_22_25_intermediate_advanced,4,20,random,,113.265625,864.546875,153.265625,931.59375,1,5,hover,16.799999999813735,16.799999999813735,0.42437660219063156,0.318359375,80,,,,,,2026-06-27T14:08:31.153Z,XZEXGKN2,2026-06-27,2026-06-27,07:08:31,2026-06-27 07:08:31,,,,,,,,69f01fe044b9a5a944ce98b3,69f01fe044b9a5a944ce98b3,,,,
2204,raw_position_sample,2,2,int,5,2,17,18,4, have ,840,121,1833142.3,69f01fe044b9a5a944ce98b3,69f01fe044b9a5a944ce98b3,intermediate,2,69f01fe044b9a5a944ce98b3,69f01fe044b9a5a944ce98b3,spotlight_PROLIFIC,,24,mexico,spanish,english,,spanish:60|English:40,100,spanish:65|English:35,100,spanish:50|English:50,100,15,3,Bachelor's,10,10,10,9,10,10,18,20,20,20,TOEFL,110,,,,,25,25,C2,intermediate|advanced,advanced|intermediate,cambridge_22_25_intermediate_advanced,4,20,random,,123.265625,820.5,143.265625,864.546875,1,4,,,,,,,,,,,,2026-06-27T14:08:31.153Z,XZEXGKN2,2026-06-27,2026-06-27,07:08:31,2026-06-27 07:08:31,,,,,,,,69f01fe044b9a5a944ce98b3,69f01fe044b9a5a944ce98b3,,,,
2253,raw_position_sample,2,2,int,5,2,17,18,4, have ,838,128,1833191.3,69f01fe044b9a5a944ce98b3,69f01fe044b9a5a944ce98b3,intermediate,2,69f01fe044b9a5a944ce98b3,69f01fe044b9a5a944ce98b3,spotlight_PROLIFIC,,24,mexico,spanish,english,,spanish:60|English:40,100,spanish:65|English:35,100,spanish:50|English:50,100,15,3,Bachelor's,10,10,10,9,10,10,18,20,20,20,TOEFL,110,,,,,25,25,C2,intermediate|advanced,advanced|intermediate,cambridge_22_25_intermediate_advanced,4,20,random,,123.265625,820.5,143.265625,864.546875,1,4,,,,,,,,,,,,2026-06-27T14:08:31.153Z,XZEXGKN2,2026-06-27,2026-06-27,07:08:31,2026-06-27 07:08:31,,,,,,,,69f01fe044b9a5a944ce98b3,69f01fe044b9a5a944ce98b3,,,,
2311,raw_position_sample,2,2,int,5,2,17,18,4, have ,837,134,1833249.3,69f01fe044b9a5a944ce98b3,69f01fe044b9a5a944ce98b3,intermediate,2,69f01fe044b9a5a944ce98b3,69f01fe044b9a5a944ce98b3,spotlight_PROLIFIC,,24,mexico,spanish,english,,spanish:60|English:40,100,spanish:65|English:35,100,spanish:50|English:50,100,15,3,Bachelor's,10,10,10,9,10,10,18,20,20,20,TOEFL,110,,,,,25,25,C2,intermediate|advanced,advanced|intermediate,cambridge_22_25_intermediate_advanced,4,20,random,,123.265625,820.5,143.265625,864.546875,1,4,,,,,,,,,,,,2026-06-27T14:08:31.153Z,XZEXGKN2,2026-06-27,2026-06-27,07:08:31,2026-06-27 07:08:31,,,,,,,,69f01fe044b9a5a944ce98b3,69f01fe044b9a5a944ce98b3,,,,
2353,raw_position_sample,2,2,int,5,2,17,18,4, have ,837,135,1833291.4000000001,69f01fe044b9a5a944ce98b3,69f01fe044b9a5a944ce98b3,intermediate,2,69f01fe044b9a5a944ce98b3,69f01fe044b9a5a944ce98b3,spotlight_PROLIFIC,,24,mexico,spanish,english,,spanish:60|English:40,100,spanish:65|English:35,100,spanish:50|English:50,100,15,3,Bachelor's,10,10,10,9,10,10,18,20,20,20,TOEFL,110,,,,,25,25,C2,intermediate|advanced,advanced|intermediate,cambridge_22_25_intermediate_advanced,4,20,random,,123.265625,820.5,143.265625,864.546875,1,4,,,,,,,,,,,,2026-06-27T14:08:31.153Z,XZEXGKN2,2026-06-27,2026-06-27,07:08:31,2026-06-27 07:08:31,,,,,,,,69f01fe044b9a5a944ce98b3,69f01fe044b9a5a944ce98b3,,,,
2413,raw_position_sample,2,2,int,5,2,17,18,4, have ,837,135,1833351.4000000001,69f01fe044b9a5a944ce98b3,69f01fe044b9a5a944ce98b3,intermediate,2,69f01fe044b9a5a944ce98b3,69f01fe044b9a5a944ce98b3,spotlight_PROLIFIC,,24,mexico,spanish,english,,spanish:60|English:40,100,spanish:65|English:35,100,spanish:50|English:50,100,15,3,Bachelor's,10,10,10,9,10,10,18,20,20,20,TOEFL,110,,,,,25,25,C2,intermediate|advanced,advanced|intermediate,cambridge_22_25_intermediate_advanced,4,20,random,,123.265625,820.5,143.265625,864.546875,1,4,,,,,,,,,,,,2026-06-27T14:08:31.153Z,XZEXGKN2,2026-06-27,2026-06-27,07:08:31,2026-06-27 07:08:31,,,,,,,,69f01fe044b9a5a944ce98b3,69f01fe044b9a5a944ce98b3,,,,
2467,raw_position_sample,2,2,int,5,2,17,18,4, have ,847,138,1833405.2,69f01fe044b9a5a944ce98b3,69f01fe044b9a5a944ce98b3,intermediate,2,69f01fe044b9a5a944ce98b3,69f01fe044b9a5a944ce98b3,spotlight_PROLIFIC,,24,mexico,spanish,english,,spanish:60|English:40,100,spanish:65|English:35,100,spanish:50|English:50,100,15,3,Bachelor's,10,10,10,9,10,10,18,20,20,20,TOEFL,110,,,,,25,25,C2,intermediate|advanced,advanced|intermediate,cambridge_22_25_intermediate_advanced,4,20,random,,123.265625,820.5,143.265625,864.546875,1,4,,,,,,,,,,,,2026-06-27T14:08:31.153Z,XZEXGKN2,2026-06-27,2026-06-27,07:08:31,2026-06-27 07:08:31,,,,,,,,69f01fe044b9a5a944ce98b3,69f01fe044b9a5a944ce98b3,,,,
2510,raw_position_sample,2,2,int,5,2,17,18,4, have ,858,138,1833447.7,69f01fe044b9a5a944ce98b3,69f01fe044b9a5a944ce98b3,intermediate,2,69f01fe044b9a5a944ce98b3,69f01fe044b9a5a944ce98b3,spotlight_PROLIFIC,,24,mexico,spanish,english,,spanish:60|English:40,100,spanish:65|English:35,100,spanish:50|English:50,100,15,3,Bachelor's,10,10,10,9,10,10,18,20,20,20,TOEFL,110,,,,,25,25,C2,intermediate|advanced,advanced|intermediate,cambridge_22_25_intermediate_advanced,4,20,random,,123.265625,820.5,143.265625,864.546875,1,4,,,,,,,,,,,,2026-06-27T14:08:31.153Z,XZEXGKN2,2026-06-27,2026-06-27,07:08:31,2026-06-27 07:08:31,,,,,,,,69f01fe044b9a5a944ce98b3,69f01fe044b9a5a944ce98b3,,,,
2516,hover_association,2,2,int,5,2,17,18,4, have ,855,122,,69f01fe044b9a5a944ce98b3,69f01fe044b9a5a944ce98b3,intermediate,2,69f01fe044b9a5a944ce98b3,69f01fe044b9a5a944ce98b3,spotlight_PROLIFIC,,24,mexico,spanish,english,,spanish:60|English:40,100,spanish:65|English:35,100,spanish:50|English:50,100,15,3,Bachelor's,10,10,10,9,10,10,18,20,20,20,TOEFL,110,,,,,25,25,C2,intermediate|advanced,advanced|intermediate,cambridge_22_25_intermediate_advanced,4,20,random,,113.265625,820.5,153.265625,864.546875,1,4,hover,333.10000000009313,333.10000000009313,0.8513657325292657,0.618359375,80,,,,,,2026-06-27T14:08:31.153Z,XZEXGKN2,2026-06-27,2026-06-27,07:08:31,2026-06-27 07:08:31,,,,,,,,69f01fe044b9a5a944ce98b3,69f01fe044b9a5a944ce98b3,,,,
2556,raw_position_sample,2,2,int,5,2,17,18,5, chewed ,878,138,1833494.2,69f01fe044b9a5a944ce98b3,69f01fe044b9a5a944ce98b3,intermediate,2,69f01fe044b9a5a944ce98b3,69f01fe044b9a5a944ce98b3,spotlight_PROLIFIC,,24,mexico,spanish,english,,spanish:60|English:40,100,spanish:65|English:35,100,spanish:50|English:50,100,15,3,Bachelor's,10,10,10,9,10,10,18,20,20,20,TOEFL,110,,,,,25,25,C2,intermediate|advanced,advanced|intermediate,cambridge_22_25_intermediate_advanced,4,20,random,,123.265625,864.546875,143.265625,931.59375,1,5,,,,,,,,,,,,2026-06-27T14:08:31.153Z,XZEXGKN2,2026-06-27,2026-06-27,07:08:31,2026-06-27 07:08:31,,,,,,,,69f01fe044b9a5a944ce98b3,69f01fe044b9a5a944ce98b3,,,,
2604,raw_position_sample,2,2,int,5,2,17,18,5, chewed ,887,137,1833542.3,69f01fe044b9a5a944ce98b3,69f01fe044b9a5a944ce98b3,intermediate,2,69f01fe044b9a5a944ce98b3,69f01fe044b9a5a944ce98b3,spotlight_PROLIFIC,,24,mexico,spanish,english,,spanish:60|English:40,100,spanish:65|English:35,100,spanish:50|English:50,100,15,3,Bachelor's,10,10,10,9,10,10,18,20,20,20,TOEFL,110,,,,,25,25,C2,intermediate|advanced,advanced|intermediate,cambridge_22_25_intermediate_advanced,4,20,random,,123.265625,864.546875,143.265625,931.59375,1,5,,,,,,,,,,,,2026-06-27T14:08:31.153Z,XZEXGKN2,2026-06-27,2026-06-27,07:08:31,2026-06-27 07:08:31,,,,,,,,69f01fe044b9a5a944ce98b3,69f01fe044b9a5a944ce98b3,,,,
2660,raw_position_sample,2,2,int,5,2,17,18,5, chewed ,897,136,1833598.3,69f01fe044b9a5a944ce98b3,69f01fe044b9a5a944ce98b3,intermediate,2,69f01fe044b9a5a944ce98b3,69f01fe044b9a5a944ce98b3,spotlight_PROLIFIC,,24,mexico,spanish,english,,spanish:60|English:40,100,spanish:65|English:35,100,spanish:50|English:50,100,15,3,Bachelor's,10,10,10,9,10,10,18,20,20,20,TOEFL,110,,,,,25,25,C2,intermediate|advanced,advanced|intermediate,cambridge_22_25_intermediate_advanced,4,20,random,,123.265625,864.546875,143.265625,931.59375,1,5,,,,,,,,,,,,2026-06-27T14:08:31.153Z,XZEXGKN2,2026-06-27,2026-06-27,07:08:31,2026-06-27 07:08:31,,,,,,,,69f01fe044b9a5a944ce98b3,69f01fe044b9a5a944ce98b3,,,,
2716,raw_position_sample,2,2,int,5,2,17,18,5, chewed ,900,136,1833653.5999999999,69f01fe044b9a5a944ce98b3,69f01fe044b9a5a944ce98b3,intermediate,2,69f01fe044b9a5a944ce98b3,69f01fe044b9a5a944ce98b3,spotlight_PROLIFIC,,24,mexico,spanish,english,,spanish:60|English:40,100,spanish:65|English:35,100,spanish:50|English:50,100,15,3,Bachelor's,10,10,10,9,10,10,18,20,20,20,TOEFL,110,,,,,25,25,C2,intermediate|advanced,advanced|intermediate,cambridge_22_25_intermediate_advanced,4,20,random,,123.265625,864.546875,143.265625,931.59375,1,5,,,,,,,,,,,,2026-06-27T14:08:31.153Z,XZEXGKN2,2026-06-27,2026-06-27,07:08:31,2026-06-27 07:08:31,,,,,,,,69f01fe044b9a5a944ce98b3,69f01fe044b9a5a944ce98b3,,,,
2756,raw_position_sample,2,2,int,5,2,17,18,5, chewed ,908,136,1833694.3,69f01fe044b9a5a944ce98b3,69f01fe044b9a5a944ce98b3,intermediate,2,69f01fe044b9a5a944ce98b3,69f01fe044b9a5a944ce98b3,spotlight_PROLIFIC,,24,mexico,spanish,english,,spanish:60|English:40,100,spanish:65|English:35,100,spanish:50|English:50,100,15,3,Bachelor's,10,10,10,9,10,10,18,20,20,20,TOEFL,110,,,,,25,25,C2,intermediate|advanced,advanced|intermediate,cambridge_22_25_intermediate_advanced,4,20,random,,123.265625,864.546875,143.265625,931.59375,1,5,,,,,,,,,,,,2026-06-27T14:08:31.153Z,XZEXGKN2,2026-06-27,2026-06-27,07:08:31,2026-06-27 07:08:31,,,,,,,,69f01fe044b9a5a944ce98b3,69f01fe044b9a5a944ce98b3,,,,
2804,raw_position_sample,2,2,int,5,2,17,18,5, chewed ,919,136,1833742.4000000001,69f01fe044b9a5a944ce98b3,69f01fe044b9a5a944ce98b3,intermediate,2,69f01fe044b9a5a944ce98b3,69f01fe044b9a5a944ce98b3,spotlight_PROLIFIC,,24,mexico,spanish,english,,spanish:60|English:40,100,spanish:65|English:35,100,spanish:50|English:50,100,15,3,Bachelor's,10,10,10,9,10,10,18,20,20,20,TOEFL,110,,,,,25,25,C2,intermediate|advanced,advanced|intermediate,cambridge_22_25_intermediate_advanced,4,20,random,,123.265625,864.546875,143.265625,931.59375,1,5,,,,,,,,,,,,2026-06-27T14:08:31.153Z,XZEXGKN2,2026-06-27,2026-06-27,07:08:31,2026-06-27 07:08:31,,,,,,,,69f01fe044b9a5a944ce98b3,69f01fe044b9a5a944ce98b3,,,,
2866,raw_position_sample,2,2,int,5,2,17,18,5, chewed ,929,136,1833803.5999999999,69f01fe044b9a5a944ce98b3,69f01fe044b9a5a944ce98b3,intermediate,2,69f01fe044b9a5a944ce98b3,69f01fe044b9a5a944ce98b3,spotlight_PROLIFIC,,24,mexico,spanish,english,,spanish:60|English:40,100,spanish:65|English:35,100,spanish:50|English:50,100,15,3,Bachelor's,10,10,10,9,10,10,18,20,20,20,TOEFL,110,,,,,25,25,C2,intermediate|advanced,advanced|intermediate,cambridge_22_25_intermediate_advanced,4,20,random,,123.265625,864.546875,143.265625,931.59375,1,5,,,,,,,,,,,,2026-06-27T14:08:31.153Z,XZEXGKN2,2026-06-27,2026-06-27,07:08:31,2026-06-27 07:08:31,,,,,,,,69f01fe044b9a5a944ce98b3,69f01fe044b9a5a944ce98b3,,,,
2867,hover_association,2,2,int,5,2,17,18,5, chewed ,867,138,,69f01fe044b9a5a944ce98b3,69f01fe044b9a5a944ce98b3,intermediate,2,69f01fe044b9a5a944ce98b3,69f01fe044b9a5a944ce98b3,spotlight_PROLIFIC,,24,mexico,spanish,english,,spanish:60|English:40,100,spanish:65|English:35,100,spanish:50|English:50,100,15,3,Bachelor's,10,10,10,9,10,10,18,20,20,20,TOEFL,110,,,,,25,25,C2,intermediate|advanced,advanced|intermediate,cambridge_22_25_intermediate_advanced,4,20,random,,113.265625,864.546875,153.265625,931.59375,1,5,hover,350.10000000009313,350.10000000009313,0.9613143789326497,0.568359375,80,,,,,,2026-06-27T14:08:31.153Z,XZEXGKN2,2026-06-27,2026-06-27,07:08:31,2026-06-27 07:08:31,,,,,,,,69f01fe044b9a5a944ce98b3,69f01fe044b9a5a944ce98b3,,,,
2916,raw_position_sample,2,2,int,5,2,17,18,6, coca ,948,136,1833853.9000000001,69f01fe044b9a5a944ce98b3,69f01fe044b9a5a944ce98b3,intermediate,2,69f01fe044b9a5a944ce98b3,69f01fe044b9a5a944ce98b3,spotlight_PROLIFIC,,24,mexico,spanish,english,,spanish:60|English:40,100,spanish:65|English:35,100,spanish:50|English:50,100,15,3,Bachelor's,10,10,10,9,10,10,18,20,20,20,TOEFL,110,,,,,25,25,C2,intermediate|advanced,advanced|intermediate,cambridge_22_25_intermediate_advanced,4,20,random,,123.265625,931.59375,143.265625,974.625,1,6,,,,,,,,,,,,2026-06-27T14:08:31.153Z,XZEXGKN2,2026-06-27,2026-06-27,07:08:31,2026-06-27 07:08:31,,,,,,,,69f01fe044b9a5a944ce98b3,69f01fe044b9a5a944ce98b3,,,,
2933,hover_association,2,2,int,5,2,17,18,6, coca ,934,136,,69f01fe044b9a5a944ce98b3,69f01fe044b9a5a944ce98b3,intermediate,2,69f01fe044b9a5a944ce98b3,69f01fe044b9a5a944ce98b3,spotlight_PROLIFIC,,24,mexico,spanish,english,,spanish:60|English:40,100,spanish:65|English:35,100,spanish:50|English:50,100,15,3,Bachelor's,10,10,10,9,10,10,18,20,20,20,TOEFL,110,,,,,25,25,C2,intermediate|advanced,advanced|intermediate,cambridge_22_25_intermediate_advanced,4,20,random,,113.265625,931.59375,153.265625,974.625,1,6,hover,66.59999999962747,66.59999999962747,0.7995642701525054,0.568359375,80,,,,,,2026-06-27T14:08:31.153Z,XZEXGKN2,2026-06-27,2026-06-27,07:08:31,2026-06-27 07:08:31,,,,,,,,69f01fe044b9a5a944ce98b3,69f01fe044b9a5a944ce98b3,,,,
2956,raw_position_sample,2,2,int,5,2,17,18,7, leaves ,1002,136,1833894.5000000002,69f01fe044b9a5a944ce98b3,69f01fe044b9a5a944ce98b3,intermediate,2,69f01fe044b9a5a944ce98b3,69f01fe044b9a5a944ce98b3,spotlight_PROLIFIC,,24,mexico,spanish,english,,spanish:60|English:40,100,spanish:65|English:35,100,spanish:50|English:50,100,15,3,Bachelor's,10,10,10,9,10,10,18,20,20,20,TOEFL,110,,,,,25,25,C2,intermediate|advanced,advanced|intermediate,cambridge_22_25_intermediate_advanced,4,20,random,,123.265625,974.625,143.265625,1031.671875,1,7,,,,,,,,,,,,2026-06-27T14:08:31.153Z,XZEXGKN2,2026-06-27,2026-06-27,07:08:31,2026-06-27 07:08:31,,,,,,,,69f01fe044b9a5a944ce98b3,69f01fe044b9a5a944ce98b3,,,,
2983,hover_association,2,2,int,5,2,17,18,7, leaves ,983,136,,69f01fe044b9a5a944ce98b3,69f01fe044b9a5a944ce98b3,intermediate,2,69f01fe044b9a5a944ce98b3,69f01fe044b9a5a944ce98b3,spotlight_PROLIFIC,,24,mexico,spanish,english,,spanish:60|English:40,100,spanish:65|English:35,100,spanish:50|English:50,100,15,3,Bachelor's,10,10,10,9,10,10,18,20,20,20,TOEFL,110,,,,,25,25,C2,intermediate|advanced,advanced|intermediate,cambridge_22_25_intermediate_advanced,4,20,random,,113.265625,974.625,153.265625,1031.671875,1,7,hover,50.10000000009313,50.10000000009313,0.777869076965215,0.568359375,80,,,,,,2026-06-27T14:08:31.153Z,XZEXGKN2,2026-06-27,2026-06-27,07:08:31,2026-06-27 07:08:31,,,,,,,,69f01fe044b9a5a944ce98b3,69f01fe044b9a5a944ce98b3,,,,
3004,raw_position_sample,2,2,int,5,2,17,18,8, for ,1045,136,1833942.3,69f01fe044b9a5a944ce98b3,69f01fe044b9a5a944ce98b3,intermediate,2,69f01fe044b9a5a944ce98b3,69f01fe044b9a5a944ce98b3,spotlight_PROLIFIC,,24,mexico,spanish,english,,spanish:60|English:40,100,spanish:65|English:35,100,spanish:50|English:50,100,15,3,Bachelor's,10,10,10,9,10,10,18,20,20,20,TOEFL,110,,,,,25,25,C2,intermediate|advanced,advanced|intermediate,cambridge_22_25_intermediate_advanced,4,20,random,,123.265625,1031.671875,143.265625,1057.6875,1,8,,,,,,,,,,,,2026-06-27T14:08:31.153Z,XZEXGKN2,2026-06-27,2026-06-27,07:08:31,2026-06-27 07:08:31,,,,,,,,69f01fe044b9a5a944ce98b3,69f01fe044b9a5a944ce98b3,,,,
3033,hover_association,2,2,int,5,2,17,18,8, for ,1034,136,,69f01fe044b9a5a944ce98b3,69f01fe044b9a5a944ce98b3,intermediate,2,69f01fe044b9a5a944ce98b3,69f01fe044b9a5a944ce98b3,spotlight_PROLIFIC,,24,mexico,spanish,english,,spanish:60|English:40,100,spanish:65|English:35,100,spanish:50|English:50,100,15,3,Bachelor's,10,10,10,9,10,10,18,20,20,20,TOEFL,110,,,,,25,25,C2,intermediate|advanced,advanced|intermediate,cambridge_22_25_intermediate_advanced,4,20,random,,113.265625,1031.671875,153.265625,1057.6875,1,8,hover,50,50,0.8582582582582583,0.568359375,80,,,,,,2026-06-27T14:08:31.153Z,XZEXGKN2,2026-06-27,2026-06-27,07:08:31,2026-06-27 07:08:31,,,,,,,,69f01fe044b9a5a944ce98b3,69f01fe044b9a5a944ce98b3,,,,
3066,raw_position_sample,2,2,int,5,2,17,18,9, centuries. ,1074,136,1834004.5000000002,69f01fe044b9a5a944ce98b3,69f01fe044b9a5a944ce98b3,intermediate,2,69f01fe044b9a5a944ce98b3,69f01fe044b9a5a944ce98b3,spotlight_PROLIFIC,,24,mexico,spanish,english,,spanish:60|English:40,100,spanish:65|English:35,100,spanish:50|English:50,100,15,3,Bachelor's,10,10,10,9,10,10,18,20,20,20,TOEFL,110,,,,,25,25,C2,intermediate|advanced,advanced|intermediate,cambridge_22_25_intermediate_advanced,4,20,random,,123.265625,1057.6875,143.265625,1140.40625,1,9,,,,,,,,,,,,2026-06-27T14:08:31.153Z,XZEXGKN2,2026-06-27,2026-06-27,07:08:31,2026-06-27 07:08:31,,,,,,,,69f01fe044b9a5a944ce98b3,69f01fe044b9a5a944ce98b3,,,,
3116,raw_position_sample,2,2,int,5,2,17,18,9, centuries. ,1120,136,1834053.9000000001,69f01fe044b9a5a944ce98b3,69f01fe044b9a5a944ce98b3,intermediate,2,69f01fe044b9a5a944ce98b3,69f01fe044b9a5a944ce98b3,spotlight_PROLIFIC,,24,mexico,spanish,english,,spanish:60|English:40,100,spanish:65|English:35,100,spanish:50|English:50,100,15,3,Bachelor's,10,10,10,9,10,10,18,20,20,20,TOEFL,110,,,,,25,25,C2,intermediate|advanced,advanced|intermediate,cambridge_22_25_intermediate_advanced,4,20,random,,123.265625,1057.6875,143.265625,1140.40625,1,9,,,,,,,,,,,,2026-06-27T14:08:31.153Z,XZEXGKN2,2026-06-27,2026-06-27,07:08:31,2026-06-27 07:08:31,,,,,,,,69f01fe044b9a5a944ce98b3,69f01fe044b9a5a944ce98b3,,,,
3150,hover_association,2,2,int,5,2,17,18,9, centuries. ,1064,136,,69f01fe044b9a5a944ce98b3,69f01fe044b9a5a944ce98b3,intermediate,2,69f01fe044b9a5a944ce98b3,69f01fe044b9a5a944ce98b3,spotlight_PROLIFIC,,24,mexico,spanish,english,,spanish:60|English:40,100,spanish:65|English:35,100,spanish:50|English:50,100,15,3,Bachelor's,10,10,10,9,10,10,18,20,20,20,TOEFL,110,,,,,25,25,C2,intermediate|advanced,advanced|intermediate,cambridge_22_25_intermediate_advanced,4,20,random,,113.265625,1057.6875,153.265625,1140.40625,1,9,hover,116.60000000009313,116.60000000009313,0.9950887797506611,0.568359375,80,,,,,,2026-06-27T14:08:31.153Z,XZEXGKN2,2026-06-27,2026-06-27,07:08:31,2026-06-27 07:08:31,,,,,,,,69f01fe044b9a5a944ce98b3,69f01fe044b9a5a944ce98b3,,,,
3166,raw_position_sample,2,2,int,5,2,17,18,10, The ,1141,136,1834104.3,69f01fe044b9a5a944ce98b3,69f01fe044b9a5a944ce98b3,intermediate,2,69f01fe044b9a5a944ce98b3,69f01fe044b9a5a944ce98b3,spotlight_PROLIFIC,,24,mexico,spanish,english,,spanish:60|English:40,100,spanish:65|English:35,100,spanish:50|English:50,100,15,3,Bachelor's,10,10,10,9,10,10,18,20,20,20,TOEFL,110,,,,,25,25,C2,intermediate|advanced,advanced|intermediate,cambridge_22_25_intermediate_advanced,4,20,random,,123.265625,1140.40625,143.265625,1176.4375,1,10,,,,,,,,,,,,2026-06-27T14:08:31.153Z,XZEXGKN2,2026-06-27,2026-06-27,07:08:31,2026-06-27 07:08:31,,,,,,,,69f01fe044b9a5a944ce98b3,69f01fe044b9a5a944ce98b3,,,,
3204,raw_position_sample,2,2,int,5,2,17,18,10, The ,1141,136,1834142.5999999999,69f01fe044b9a5a944ce98b3,69f01fe044b9a5a944ce98b3,intermediate,2,69f01fe044b9a5a944ce98b3,69f01fe044b9a5a944ce98b3,spotlight_PROLIFIC,,24,mexico,spanish,english,,spanish:60|English:40,100,spanish:65|English:35,100,spanish:50|English:50,100,15,3,Bachelor's,10,10,10,9,10,10,18,20,20,20,TOEFL,110,,,,,25,25,C2,intermediate|advanced,advanced|intermediate,cambridge_22_25_intermediate_advanced,4,20,random,,123.265625,1140.40625,143.265625,1176.4375,1,10,,,,,,,,,,,,2026-06-27T14:08:31.153Z,XZEXGKN2,2026-06-27,2026-06-27,07:08:31,2026-06-27 07:08:31,,,,,,,,69f01fe044b9a5a944ce98b3,69f01fe044b9a5a944ce98b3,,,,
3266,raw_position_sample,2,2,int,5,2,17,18,10, The ,1158,136,1834204.0000000002,69f01fe044b9a5a944ce98b3,69f01fe044b9a5a944ce98b3,intermediate,2,69f01fe044b9a5a944ce98b3,69f01fe044b9a5a944ce98b3,spotlight_PROLIFIC,,24,mexico,spanish,english,,spanish:60|English:40,100,spanish:65|English:35,100,spanish:50|English:50,100,15,3,Bachelor's,10,10,10,9,10,10,18,20,20,20,TOEFL,110,,,,,25,25,C2,intermediate|advanced,advanced|intermediate,cambridge_22_25_intermediate_advanced,4,20,random,,123.265625,1140.40625,143.265625,1176.4375,1,10,,,,,,,,,,,,2026-06-27T14:08:31.153Z,XZEXGKN2,2026-06-27,2026-06-27,07:08:31,2026-06-27 07:08:31,,,,,,,,69f01fe044b9a5a944ce98b3,69f01fe044b9a5a944ce98b3,,,,
3300,hover_association,2,2,int,5,2,17,18,10, The ,1141,136,,69f01fe044b9a5a944ce98b3,69f01fe044b9a5a944ce98b3,intermediate,2,69f01fe044b9a5a944ce98b3,69f01fe044b9a5a944ce98b3,spotlight_PROLIFIC,,24,mexico,spanish,english,,spanish:60|English:40,100,spanish:65|English:35,100,spanish:50|English:50,100,15,3,Bachelor's,10,10,10,9,10,10,18,20,20,20,TOEFL,110,,,,,25,25,C2,intermediate|advanced,advanced|intermediate,cambridge_22_25_intermediate_advanced,4,20,random,,113.265625,1140.40625,153.265625,1176.4375,1,10,hover,150.29999999981374,150.29999999981374,0.9323503902862099,0.568359375,80,,,,,,2026-06-27T14:08:31.153Z,XZEXGKN2,2026-06-27,2026-06-27,07:08:31,2026-06-27 07:08:31,,,,,,,,69f01fe044b9a5a944ce98b3,69f01fe044b9a5a944ce98b3,,,,
3316,raw_position_sample,2,2,int,5,2,17,18,11, leaves ,1181,136,1834254.5000000002,69f01fe044b9a5a944ce98b3,69f01fe044b9a5a944ce98b3,intermediate,2,69f01fe044b9a5a944ce98b3,69f01fe044b9a5a944ce98b3,spotlight_PROLIFIC,,24,mexico,spanish,english,,spanish:60|English:40,100,spanish:65|English:35,100,spanish:50|English:50,100,15,3,Bachelor's,10,10,10,9,10,10,18,20,20,20,TOEFL,110,,,,,25,25,C2,intermediate|advanced,advanced|intermediate,cambridge_22_25_intermediate_advanced,4,20,random,,123.265625,1176.4375,143.265625,1233.484375,1,11,,,,,,,,,,,,2026-06-27T14:08:31.153Z,XZEXGKN2,2026-06-27,2026-06-27,07:08:31,2026-06-27 07:08:31,,,,,,,,69f01fe044b9a5a944ce98b3,69f01fe044b9a5a944ce98b3,,,,
3356,raw_position_sample,2,2,int,5,2,17,18,11, leaves ,1200,135,1834294.3,69f01fe044b9a5a944ce98b3,69f01fe044b9a5a944ce98b3,intermediate,2,69f01fe044b9a5a944ce98b3,69f01fe044b9a5a944ce98b3,spotlight_PROLIFIC,,24,mexico,spanish,english,,spanish:60|English:40,100,spanish:65|English:35,100,spanish:50|English:50,100,15,3,Bachelor's,10,10,10,9,10,10,18,20,20,20,TOEFL,110,,,,,25,25,C2,intermediate|advanced,advanced|intermediate,cambridge_22_25_intermediate_advanced,4,20,random,,123.265625,1176.4375,143.265625,1233.484375,1,11,,,,,,,,,,,,2026-06-27T14:08:31.153Z,XZEXGKN2,2026-06-27,2026-06-27,07:08:31,2026-06-27 07:08:31,,,,,,,,69f01fe044b9a5a944ce98b3,69f01fe044b9a5a944ce98b3,,,,
3412,raw_position_sample,2,2,int,5,2,17,18,11, leaves ,1209,135,1834350.5000000002,69f01fe044b9a5a944ce98b3,69f01fe044b9a5a944ce98b3,intermediate,2,69f01fe044b9a5a944ce98b3,69f01fe044b9a5a944ce98b3,spotlight_PROLIFIC,,24,mexico,spanish,english,,spanish:60|English:40,100,spanish:65|English:35,100,spanish:50|English:50,100,15,3,Bachelor's,10,10,10,9,10,10,18,20,20,20,TOEFL,110,,,,,25,25,C2,intermediate|advanced,advanced|intermediate,cambridge_22_25_intermediate_advanced,4,20,random,,123.265625,1176.4375,143.265625,1233.484375,1,11,,,,,,,,,,,,2026-06-27T14:08:31.153Z,XZEXGKN2,2026-06-27,2026-06-27,07:08:31,2026-06-27 07:08:31,,,,,,,,69f01fe044b9a5a944ce98b3,69f01fe044b9a5a944ce98b3,,,,
3465,raw_position_sample,2,2,int,5,2,17,18,11, leaves ,1217,136,1834403.5000000002,69f01fe044b9a5a944ce98b3,69f01fe044b9a5a944ce98b3,intermediate,2,69f01fe044b9a5a944ce98b3,69f01fe044b9a5a944ce98b3,spotlight_PROLIFIC,,24,mexico,spanish,english,,spanish:60|English:40,100,spanish:65|English:35,100,spanish:50|English:50,100,15,3,Bachelor's,10,10,10,9,10,10,18,20,20,20,TOEFL,110,,,,,25,25,C2,intermediate|advanced,advanced|intermediate,cambridge_22_25_intermediate_advanced,4,20,random,,123.265625,1176.4375,143.265625,1233.484375,1,11,,,,,,,,,,,,2026-06-27T14:08:31.153Z,XZEXGKN2,2026-06-27,2026-06-27,07:08:31,2026-06-27 07:08:31,,,,,,,,69f01fe044b9a5a944ce98b3,69f01fe044b9a5a944ce98b3,,,,
3508,raw_position_sample,2,2,int,5,2,17,18,11, leaves ,1228,137,1834446.5000000002,69f01fe044b9a5a944ce98b3,69f01fe044b9a5a944ce98b3,intermediate,2,69f01fe044b9a5a944ce98b3,69f01fe044b9a5a944ce98b3,spotlight_PROLIFIC,,24,mexico,spanish,english,,spanish:60|English:40,100,spanish:65|English:35,100,spanish:50|English:50,100,15,3,Bachelor's,10,10,10,9,10,10,18,20,20,20,TOEFL,110,,,,,25,25,C2,intermediate|advanced,advanced|intermediate,cambridge_22_25_intermediate_advanced,4,20,random,,123.265625,1176.4375,143.265625,1233.484375,1,11,,,,,,,,,,,,2026-06-27T14:08:31.153Z,XZEXGKN2,2026-06-27,2026-06-27,07:08:31,2026-06-27 07:08:31,,,,,,,,69f01fe044b9a5a944ce98b3,69f01fe044b9a5a944ce98b3,,,,
3556,raw_position_sample,2,2,int,5,2,17,18,11, leaves ,1230,138,1834494.4000000001,69f01fe044b9a5a944ce98b3,69f01fe044b9a5a944ce98b3,intermediate,2,69f01fe044b9a5a944ce98b3,69f01fe044b9a5a944ce98b3,spotlight_PROLIFIC,,24,mexico,spanish,english,,spanish:60|English:40,100,spanish:65|English:35,100,spanish:50|English:50,100,15,3,Bachelor's,10,10,10,9,10,10,18,20,20,20,TOEFL,110,,,,,25,25,C2,intermediate|advanced,advanced|intermediate,cambridge_22_25_intermediate_advanced,4,20,random,,123.265625,1176.4375,143.265625,1233.484375,1,11,,,,,,,,,,,,2026-06-27T14:08:31.153Z,XZEXGKN2,2026-06-27,2026-06-27,07:08:31,2026-06-27 07:08:31,,,,,,,,69f01fe044b9a5a944ce98b3,69f01fe044b9a5a944ce98b3,,,,
3604,raw_position_sample,2,2,int,5,2,17,18,11, leaves ,1214,149,1834542.4000000001,69f01fe044b9a5a944ce98b3,69f01fe044b9a5a944ce98b3,intermediate,2,69f01fe044b9a5a944ce98b3,69f01fe044b9a5a944ce98b3,spotlight_PROLIFIC,,24,mexico,spanish,english,,spanish:60|English:40,100,spanish:65|English:35,100,spanish:50|English:50,100,15,3,Bachelor's,10,10,10,9,10,10,18,20,20,20,TOEFL,110,,,,,25,25,C2,intermediate|advanced,advanced|intermediate,cambridge_22_25_intermediate_advanced,4,20,random,,123.265625,1176.4375,143.265625,1233.484375,1,11,,,,,,,,,,,,2026-06-27T14:08:31.153Z,XZEXGKN2,2026-06-27,2026-06-27,07:08:31,2026-06-27 07:08:31,,,,,,,,69f01fe044b9a5a944ce98b3,69f01fe044b9a5a944ce98b3,,,,
3633,hover_association,2,2,int,5,2,17,18,11, leaves ,1181,136,,69f01fe044b9a5a944ce98b3,69f01fe044b9a5a944ce98b3,intermediate,2,69f01fe044b9a5a944ce98b3,69f01fe044b9a5a944ce98b3,spotlight_PROLIFIC,,24,mexico,spanish,english,,spanish:60|English:40,100,spanish:65|English:35,100,spanish:50|English:50,100,15,3,Bachelor's,10,10,10,9,10,10,18,20,20,20,TOEFL,110,,,,,25,25,C2,intermediate|advanced,advanced|intermediate,cambridge_22_25_intermediate_advanced,4,20,random,,113.265625,1176.4375,153.265625,1233.484375,1,11,hover,333.10000000009313,333.10000000009313,0.11503697617091208,0.968359375,80,,,,,,2026-06-27T14:08:31.153Z,XZEXGKN2,2026-06-27,2026-06-27,07:08:31,2026-06-27 07:08:31,,,,,,,,69f01fe044b9a5a944ce98b3,69f01fe044b9a5a944ce98b3,,,,
3667,hover_association,2,2,int,5,2,17,18,21, Supporters ,1123,154,,69f01fe044b9a5a944ce98b3,69f01fe044b9a5a944ce98b3,intermediate,2,69f01fe044b9a5a944ce98b3,69f01fe044b9a5a944ce98b3,spotlight_PROLIFIC,,24,mexico,spanish,english,,spanish:60|English:40,100,spanish:65|English:35,100,spanish:50|English:50,100,15,3,Bachelor's,10,10,10,9,10,10,18,20,20,20,TOEFL,110,,,,,25,25,C2,intermediate|advanced,advanced|intermediate,cambridge_22_25_intermediate_advanced,4,20,random,,153.265625,1043.703125,193.265625,1136.765625,2,9,hover,33.3000000002794,33.3000000002794,0.1428811282740094,0.043359375,80,,,,,,2026-06-27T14:08:31.153Z,XZEXGKN2,2026-06-27,2026-06-27,07:08:31,2026-06-27 07:08:31,,,,,,,,69f01fe044b9a5a944ce98b3,69f01fe044b9a5a944ce98b3,,,,
3667,raw_position_sample,2,2,int,5,2,17,18,20, qualities. ,992,155,1834605.3,69f01fe044b9a5a944ce98b3,69f01fe044b9a5a944ce98b3,intermediate,2,69f01fe044b9a5a944ce98b3,69f01fe044b9a5a944ce98b3,spotlight_PROLIFIC,,24,mexico,spanish,english,,spanish:60|English:40,100,spanish:65|English:35,100,spanish:50|English:50,100,15,3,Bachelor's,10,10,10,9,10,10,18,20,20,20,TOEFL,110,,,,,25,25,C2,intermediate|advanced,advanced|intermediate,cambridge_22_25_intermediate_advanced,4,20,random,,163.265625,967.65625,183.265625,1043.703125,2,8,,,,,,,,,,,,2026-06-27T14:08:31.153Z,XZEXGKN2,2026-06-27,2026-06-27,07:08:31,2026-06-27 07:08:31,,,,,,,,69f01fe044b9a5a944ce98b3,69f01fe044b9a5a944ce98b3,,,,
3683,hover_association,2,2,int,5,2,17,18,20, qualities. ,992,155,,69f01fe044b9a5a944ce98b3,69f01fe044b9a5a944ce98b3,intermediate,2,69f01fe044b9a5a944ce98b3,69f01fe044b9a5a944ce98b3,spotlight_PROLIFIC,,24,mexico,spanish,english,,spanish:60|English:40,100,spanish:65|English:35,100,spanish:50|English:50,100,15,3,Bachelor's,10,10,10,9,10,10,18,20,20,20,TOEFL,110,,,,,25,25,C2,intermediate|advanced,advanced|intermediate,cambridge_22_25_intermediate_advanced,4,20,random,,153.265625,967.65625,193.265625,1043.703125,2,8,hover,16.699999999720603,16.699999999720603,0.32011506061228684,0.043359375,80,,,,,,2026-06-27T14:08:31.153Z,XZEXGKN2,2026-06-27,2026-06-27,07:08:31,2026-06-27 07:08:31,,,,,,,,69f01fe044b9a5a944ce98b3,69f01fe044b9a5a944ce98b3,,,,
3700,hover_association,2,2,int,5,2,17,18,19, medicinal ,931,155,,69f01fe044b9a5a944ce98b3,69f01fe044b9a5a944ce98b3,intermediate,2,69f01fe044b9a5a944ce98b3,69f01fe044b9a5a944ce98b3,spotlight_PROLIFIC,,24,mexico,spanish,english,,spanish:60|English:40,100,spanish:65|English:35,100,spanish:50|English:50,100,15,3,Bachelor's,10,10,10,9,10,10,18,20,20,20,TOEFL,110,,,,,25,25,C2,intermediate|advanced,advanced|intermediate,cambridge_22_25_intermediate_advanced,4,20,random,,153.265625,886.609375,193.265625,967.65625,2,7,hover,16.700000000186265,16.700000000186265,0.5477154424522845,0.043359375,80,,,,,,2026-06-27T14:08:31.153Z,XZEXGKN2,2026-06-27,2026-06-27,07:08:31,2026-06-27 07:08:31,,,,,,,,69f01fe044b9a5a944ce98b3,69f01fe044b9a5a944ce98b3,,,,
3717,hover_association,2,2,int,5,2,17,18,5, chewed ,886,152,,69f01fe044b9a5a944ce98b3,69f01fe044b9a5a944ce98b3,intermediate,2,69f01fe044b9a5a944ce98b3,69f01fe044b9a5a944ce98b3,spotlight_PROLIFIC,,24,mexico,spanish,english,,spanish:60|English:40,100,spanish:65|English:35,100,spanish:50|English:50,100,15,3,Bachelor's,10,10,10,9,10,10,18,20,20,20,TOEFL,110,,,,,25,25,C2,intermediate|advanced,advanced|intermediate,cambridge_22_25_intermediate_advanced,4,20,random,,113.265625,864.546875,153.265625,931.59375,1,5,hover,16.699999999720603,16.699999999720603,0.3199720344907947,0.968359375,80,,,,,,2026-06-27T14:08:31.153Z,XZEXGKN2,2026-06-27,2026-06-27,07:08:31,2026-06-27 07:08:31,,,,,,,,69f01fe044b9a5a944ce98b3,69f01fe044b9a5a944ce98b3,,,,
3718,raw_position_sample,2,2,int,5,2,17,18,4, have ,827,149,1834655.5999999999,69f01fe044b9a5a944ce98b3,69f01fe044b9a5a944ce98b3,intermediate,2,69f01fe044b9a5a944ce98b3,69f01fe044b9a5a944ce98b3,spotlight_PROLIFIC,,24,mexico,spanish,english,,spanish:60|English:40,100,spanish:65|English:35,100,spanish:50|English:50,100,15,3,Bachelor's,10,10,10,9,10,10,18,20,20,20,TOEFL,110,,,,,25,25,C2,intermediate|advanced,advanced|intermediate,cambridge_22_25_intermediate_advanced,4,20,random,,123.265625,820.5,143.265625,864.546875,1,4,,,,,,,,,,,,2026-06-27T14:08:31.153Z,XZEXGKN2,2026-06-27,2026-06-27,07:08:31,2026-06-27 07:08:31,,,,,,,,69f01fe044b9a5a944ce98b3,69f01fe044b9a5a944ce98b3,,,,
3734,hover_association,2,2,int,5,2,17,18,4, have ,827,149,,69f01fe044b9a5a944ce98b3,69f01fe044b9a5a944ce98b3,intermediate,2,69f01fe044b9a5a944ce98b3,69f01fe044b9a5a944ce98b3,spotlight_PROLIFIC,,24,mexico,spanish,english,,spanish:60|English:40,100,spanish:65|English:35,100,spanish:50|English:50,100,15,3,Bachelor's,10,10,10,9,10,10,18,20,20,20,TOEFL,110,,,,,25,25,C2,intermediate|advanced,advanced|intermediate,cambridge_22_25_intermediate_advanced,4,20,random,,113.265625,820.5,153.265625,864.546875,1,4,hover,16.800000000279397,16.800000000279397,0.14757006030507272,0.893359375,80,,,,,,2026-06-27T14:08:31.153Z,XZEXGKN2,2026-06-27,2026-06-27,07:08:31,2026-06-27 07:08:31,,,,,,,,69f01fe044b9a5a944ce98b3,69f01fe044b9a5a944ce98b3,,,,
3750,hover_association,2,2,int,5,2,17,18,3, Indians ,788,148,,69f01fe044b9a5a944ce98b3,69f01fe044b9a5a944ce98b3,intermediate,2,69f01fe044b9a5a944ce98b3,69f01fe044b9a5a944ce98b3,spotlight_PROLIFIC,,24,mexico,spanish,english,,spanish:60|English:40,100,spanish:65|English:35,100,spanish:50|English:50,100,15,3,Bachelor's,10,10,10,9,10,10,18,20,20,20,TOEFL,110,,,,,25,25,C2,intermediate|advanced,advanced|intermediate,cambridge_22_25_intermediate_advanced,4,20,random,,113.265625,757.453125,153.265625,820.5,1,3,hover,16.399999999906868,16.399999999906868,0.48451053283767037,0.868359375,80,,,,,,2026-06-27T14:08:31.153Z,XZEXGKN2,2026-06-27,2026-06-27,07:08:31,2026-06-27 07:08:31,,,,,,,,69f01fe044b9a5a944ce98b3,69f01fe044b9a5a944ce98b3,,,,
3756,raw_position_sample,2,2,int,5,2,17,18,2, American ,750,148,1834694.4000000001,69f01fe044b9a5a944ce98b3,69f01fe044b9a5a944ce98b3,intermediate,2,69f01fe044b9a5a944ce98b3,69f01fe044b9a5a944ce98b3,spotlight_PROLIFIC,,24,mexico,spanish,english,,spanish:60|English:40,100,spanish:65|English:35,100,spanish:50|English:50,100,15,3,Bachelor's,10,10,10,9,10,10,18,20,20,20,TOEFL,110,,,,,25,25,C2,intermediate|advanced,advanced|intermediate,cambridge_22_25_intermediate_advanced,4,20,random,,123.265625,676.421875,143.265625,757.453125,1,2,,,,,,,,,,,,2026-06-27T14:08:31.153Z,XZEXGKN2,2026-06-27,2026-06-27,07:08:31,2026-06-27 07:08:31,,,,,,,,69f01fe044b9a5a944ce98b3,69f01fe044b9a5a944ce98b3,,,,
3800,hover_association,2,2,int,5,2,17,18,2, American ,750,148,,69f01fe044b9a5a944ce98b3,69f01fe044b9a5a944ce98b3,intermediate,2,69f01fe044b9a5a944ce98b3,69f01fe044b9a5a944ce98b3,spotlight_PROLIFIC,,24,mexico,spanish,english,,spanish:60|English:40,100,spanish:65|English:35,100,spanish:50|English:50,100,15,3,Bachelor's,10,10,10,9,10,10,18,20,20,20,TOEFL,110,,,,,25,25,C2,intermediate|advanced,advanced|intermediate,cambridge_22_25_intermediate_advanced,4,20,random,,113.265625,676.421875,153.265625,757.453125,1,2,hover,49.89999999990687,49.89999999990687,0.24161203239490936,0.868359375,80,,,,,,2026-06-27T14:08:31.153Z,XZEXGKN2,2026-06-27,2026-06-27,07:08:31,2026-06-27 07:08:31,,,,,,,,69f01fe044b9a5a944ce98b3,69f01fe044b9a5a944ce98b3,,,,
3804,raw_position_sample,2,2,int,5,2,17,18,1, South ,676,149,1834742.5000000002,69f01fe044b9a5a944ce98b3,69f01fe044b9a5a944ce98b3,intermediate,2,69f01fe044b9a5a944ce98b3,69f01fe044b9a5a944ce98b3,spotlight_PROLIFIC,,24,mexico,spanish,english,,spanish:60|English:40,100,spanish:65|English:35,100,spanish:50|English:50,100,15,3,Bachelor's,10,10,10,9,10,10,18,20,20,20,TOEFL,110,,,,,25,25,C2,intermediate|advanced,advanced|intermediate,cambridge_22_25_intermediate_advanced,4,20,random,,123.265625,625.375,143.265625,676.421875,1,1,,,,,,,,,,,,2026-06-27T14:08:31.153Z,XZEXGKN2,2026-06-27,2026-06-27,07:08:31,2026-06-27 07:08:31,,,,,,,,69f01fe044b9a5a944ce98b3,69f01fe044b9a5a944ce98b3,,,,
3866,raw_position_sample,2,2,int,5,2,17,18,1, South ,628,152,1834804.0000000002,69f01fe044b9a5a944ce98b3,69f01fe044b9a5a944ce98b3,intermediate,2,69f01fe044b9a5a944ce98b3,69f01fe044b9a5a944ce98b3,spotlight_PROLIFIC,,24,mexico,spanish,english,,spanish:60|English:40,100,spanish:65|English:35,100,spanish:50|English:50,100,15,3,Bachelor's,10,10,10,9,10,10,18,20,20,20,TOEFL,110,,,,,25,25,C2,intermediate|advanced,advanced|intermediate,cambridge_22_25_intermediate_advanced,4,20,random,,123.265625,625.375,143.265625,676.421875,1,1,,,,,,,,,,,,2026-06-27T14:08:31.153Z,XZEXGKN2,2026-06-27,2026-06-27,07:08:31,2026-06-27 07:08:31,,,,,,,,69f01fe044b9a5a944ce98b3,69f01fe044b9a5a944ce98b3,,,,
3867,hover_association,2,2,int,5,2,17,18,1, South ,676,149,,69f01fe044b9a5a944ce98b3,69f01fe044b9a5a944ce98b3,intermediate,2,69f01fe044b9a5a944ce98b3,69f01fe044b9a5a944ce98b3,spotlight_PROLIFIC,,24,mexico,spanish,english,,spanish:60|English:40,100,spanish:65|English:35,100,spanish:50|English:50,100,15,3,Bachelor's,10,10,10,9,10,10,18,20,20,20,TOEFL,110,,,,,25,25,C2,intermediate|advanced,advanced|intermediate,cambridge_22_25_intermediate_advanced,4,20,random,,113.265625,621.7287946428571,153.265625,676.421875,1,1,hover,66.8000000002794,66.8000000002794,0.11466176920722428,0.968359375,80,,,,,,2026-06-27T14:08:31.153Z,XZEXGKN2,2026-06-27,2026-06-27,07:08:31,2026-06-27 07:08:31,,,,,,,,69f01fe044b9a5a944ce98b3,69f01fe044b9a5a944ce98b3,,,,
3916,raw_position_sample,2,2,int,5,2,17,18,-1,999,616,159,1834853.7,69f01fe044b9a5a944ce98b3,69f01fe044b9a5a944ce98b3,intermediate,2,69f01fe044b9a5a944ce98b3,69f01fe044b9a5a944ce98b3,spotlight_PROLIFIC,,24,mexico,spanish,english,,spanish:60|English:40,100,spanish:65|English:35,100,spanish:50|English:50,100,15,3,Bachelor's,10,10,10,9,10,10,18,20,20,20,TOEFL,110,,,,,25,25,C2,intermediate|advanced,advanced|intermediate,cambridge_22_25_intermediate_advanced,4,20,random,,,,,,,,,,,,,,,,,,,2026-06-27T14:08:31.153Z,XZEXGKN2,2026-06-27,2026-06-27,07:08:31,2026-06-27 07:08:31,,,,,,,,69f01fe044b9a5a944ce98b3,69f01fe044b9a5a944ce98b3,,,,
3954,raw_position_sample,2,2,int,5,2,17,18,-1,999,616,163,1834891.7,69f01fe044b9a5a944ce98b3,69f01fe044b9a5a944ce98b3,intermediate,2,69f01fe044b9a5a944ce98b3,69f01fe044b9a5a944ce98b3,spotlight_PROLIFIC,,24,mexico,spanish,english,,spanish:60|English:40,100,spanish:65|English:35,100,spanish:50|English:50,100,15,3,Bachelor's,10,10,10,9,10,10,18,20,20,20,TOEFL,110,,,,,25,25,C2,intermediate|advanced,advanced|intermediate,cambridge_22_25_intermediate_advanced,4,20,random,,,,,,,,,,,,,,,,,,,2026-06-27T14:08:31.153Z,XZEXGKN2,2026-06-27,2026-06-27,07:08:31,2026-06-27 07:08:31,,,,,,,,69f01fe044b9a5a944ce98b3,69f01fe044b9a5a944ce98b3,,,,
4004,raw_position_sample,2,2,int,5,2,17,18,-1,999,619,172,1834942.3,69f01fe044b9a5a944ce98b3,69f01fe044b9a5a944ce98b3,intermediate,2,69f01fe044b9a5a944ce98b3,69f01fe044b9a5a944ce98b3,spotlight_PROLIFIC,,24,mexico,spanish,english,,spanish:60|English:40,100,spanish:65|English:35,100,spanish:50|English:50,100,15,3,Bachelor's,10,10,10,9,10,10,18,20,20,20,TOEFL,110,,,,,25,25,C2,intermediate|advanced,advanced|intermediate,cambridge_22_25_intermediate_advanced,4,20,random,,,,,,,,,,,,,,,,,,,2026-06-27T14:08:31.153Z,XZEXGKN2,2026-06-27,2026-06-27,07:08:31,2026-06-27 07:08:31,,,,,,,,69f01fe044b9a5a944ce98b3,69f01fe044b9a5a944ce98b3,,,,
4060,raw_position_sample,2,2,int,5,2,17,18,13, said ,626,182,1834998.4000000001,69f01fe044b9a5a944ce98b3,69f01fe044b9a5a944ce98b3,intermediate,2,69f01fe044b9a5a944ce98b3,69f01fe044b9a5a944ce98b3,spotlight_PROLIFIC,,24,mexico,spanish,english,,spanish:60|English:40,100,spanish:65|English:35,100,spanish:50|English:50,100,15,3,Bachelor's,10,10,10,9,10,10,18,20,20,20,TOEFL,110,,,,,25,25,C2,intermediate|advanced,advanced|intermediate,cambridge_22_25_intermediate_advanced,4,20,random,,163.265625,625.375,183.265625,663.40625,2,1,,,,,,,,,,,,2026-06-27T14:08:31.153Z,XZEXGKN2,2026-06-27,2026-06-27,07:08:31,2026-06-27 07:08:31,,,,,,,,69f01fe044b9a5a944ce98b3,69f01fe044b9a5a944ce98b3,,,,
4116,raw_position_sample,2,2,int,5,2,17,18,13, said ,636,184,1835053.5999999999,69f01fe044b9a5a944ce98b3,69f01fe044b9a5a944ce98b3,intermediate,2,69f01fe044b9a5a944ce98b3,69f01fe044b9a5a944ce98b3,spotlight_PROLIFIC,,24,mexico,spanish,english,,spanish:60|English:40,100,spanish:65|English:35,100,spanish:50|English:50,100,15,3,Bachelor's,10,10,10,9,10,10,18,20,20,20,TOEFL,110,,,,,25,25,C2,intermediate|advanced,advanced|intermediate,cambridge_22_25_intermediate_advanced,4,20,random,,163.265625,625.375,183.265625,663.40625,2,1,,,,,,,,,,,,2026-06-27T14:08:31.153Z,XZEXGKN2,2026-06-27,2026-06-27,07:08:31,2026-06-27 07:08:31,,,,,,,,69f01fe044b9a5a944ce98b3,69f01fe044b9a5a944ce98b3,,,,
4156,raw_position_sample,2,2,int,5,2,17,18,13, said ,649,184,1835094.0999999999,69f01fe044b9a5a944ce98b3,69f01fe044b9a5a944ce98b3,intermediate,2,69f01fe044b9a5a944ce98b3,69f01fe044b9a5a944ce98b3,spotlight_PROLIFIC,,24,mexico,spanish,english,,spanish:60|English:40,100,spanish:65|English:35,100,spanish:50|English:50,100,15,3,Bachelor's,10,10,10,9,10,10,18,20,20,20,TOEFL,110,,,,,25,25,C2,intermediate|advanced,advanced|intermediate,cambridge_22_25_intermediate_advanced,4,20,random,,163.265625,625.375,183.265625,663.40625,2,1,,,,,,,,,,,,2026-06-27T14:08:31.153Z,XZEXGKN2,2026-06-27,2026-06-27,07:08:31,2026-06-27 07:08:31,,,,,,,,69f01fe044b9a5a944ce98b3,69f01fe044b9a5a944ce98b3,,,,
4204,raw_position_sample,2,2,int,5,2,17,18,13, said ,654,184,1835142.4000000001,69f01fe044b9a5a944ce98b3,69f01fe044b9a5a944ce98b3,intermediate,2,69f01fe044b9a5a944ce98b3,69f01fe044b9a5a944ce98b3,spotlight_PROLIFIC,,24,mexico,spanish,english,,spanish:60|English:40,100,spanish:65|English:35,100,spanish:50|English:50,100,15,3,Bachelor's,10,10,10,9,10,10,18,20,20,20,TOEFL,110,,,,,25,25,C2,intermediate|advanced,advanced|intermediate,cambridge_22_25_intermediate_advanced,4,20,random,,163.265625,625.375,183.265625,663.40625,2,1,,,,,,,,,,,,2026-06-27T14:08:31.153Z,XZEXGKN2,2026-06-27,2026-06-27,07:08:31,2026-06-27 07:08:31,,,,,,,,69f01fe044b9a5a944ce98b3,69f01fe044b9a5a944ce98b3,,,,
4250,hover_association,2,2,int,5,2,17,18,13, said ,626,182,,69f01fe044b9a5a944ce98b3,69f01fe044b9a5a944ce98b3,intermediate,2,69f01fe044b9a5a944ce98b3,69f01fe044b9a5a944ce98b3,spotlight_PROLIFIC,,24,mexico,spanish,english,,spanish:60|English:40,100,spanish:65|English:35,100,spanish:50|English:50,100,15,3,Bachelor's,10,10,10,9,10,10,18,20,20,20,TOEFL,110,,,,,25,25,C2,intermediate|advanced,advanced|intermediate,cambridge_22_25_intermediate_advanced,4,20,random,,153.265625,625.375,193.265625,663.40625,2,1,hover,200.20000000018626,200.20000000018626,0.9893179950698439,0.768359375,80,,,,,,2026-06-27T14:08:31.153Z,XZEXGKN2,2026-06-27,2026-06-27,07:08:31,2026-06-27 07:08:31,,,,,,,,69f01fe044b9a5a944ce98b3,69f01fe044b9a5a944ce98b3,,,,
4266,raw_position_sample,2,2,int,5,2,17,18,14, to ,671,183,1835203.5999999999,69f01fe044b9a5a944ce98b3,69f01fe044b9a5a944ce98b3,intermediate,2,69f01fe044b9a5a944ce98b3,69f01fe044b9a5a944ce98b3,spotlight_PROLIFIC,,24,mexico,spanish,english,,spanish:60|English:40,100,spanish:65|English:35,100,spanish:50|English:50,100,15,3,Bachelor's,10,10,10,9,10,10,18,20,20,20,TOEFL,110,,,,,25,25,C2,intermediate|advanced,advanced|intermediate,cambridge_22_25_intermediate_advanced,4,20,random,,163.265625,663.40625,183.265625,683.421875,2,2,,,,,,,,,,,,2026-06-27T14:08:31.153Z,XZEXGKN2,2026-06-27,2026-06-27,07:08:31,2026-06-27 07:08:31,,,,,,,,69f01fe044b9a5a944ce98b3,69f01fe044b9a5a944ce98b3,,,,
4283,hover_association,2,2,int,5,2,17,18,14, to ,671,183,,69f01fe044b9a5a944ce98b3,69f01fe044b9a5a944ce98b3,intermediate,2,69f01fe044b9a5a944ce98b3,69f01fe044b9a5a944ce98b3,spotlight_PROLIFIC,,24,mexico,spanish,english,,spanish:60|English:40,100,spanish:65|English:35,100,spanish:50|English:50,100,15,3,Bachelor's,10,10,10,9,10,10,18,20,20,20,TOEFL,110,,,,,25,25,C2,intermediate|advanced,advanced|intermediate,cambridge_22_25_intermediate_advanced,4,20,random,,153.265625,663.40625,193.265625,683.421875,2,2,hover,33.1999999997206,33.1999999997206,0.7790788446526151,0.718359375,80,,,,,,2026-06-27T14:08:31.153Z,XZEXGKN2,2026-06-27,2026-06-27,07:08:31,2026-06-27 07:08:31,,,,,,,,69f01fe044b9a5a944ce98b3,69f01fe044b9a5a944ce98b3,,,,
4317,raw_position_sample,2,2,int,5,2,17,18,15, provide ,695,181,1835255.3,69f01fe044b9a5a944ce98b3,69f01fe044b9a5a944ce98b3,intermediate,2,69f01fe044b9a5a944ce98b3,69f01fe044b9a5a944ce98b3,spotlight_PROLIFIC,,24,mexico,spanish,english,,spanish:60|English:40,100,spanish:65|English:35,100,spanish:50|English:50,100,15,3,Bachelor's,10,10,10,9,10,10,18,20,20,20,TOEFL,110,,,,,25,25,C2,intermediate|advanced,advanced|intermediate,cambridge_22_25_intermediate_advanced,4,20,random,,163.265625,683.421875,183.265625,747.46875,2,3,,,,,,,,,,,,2026-06-27T14:08:31.153Z,XZEXGKN2,2026-06-27,2026-06-27,07:08:31,2026-06-27 07:08:31,,,,,,,,69f01fe044b9a5a944ce98b3,69f01fe044b9a5a944ce98b3,,,,
4356,raw_position_sample,2,2,int,5,2,17,18,15, provide ,698,181,1835294.4000000001,69f01fe044b9a5a944ce98b3,69f01fe044b9a5a944ce98b3,intermediate,2,69f01fe044b9a5a944ce98b3,69f01fe044b9a5a944ce98b3,spotlight_PROLIFIC,,24,mexico,spanish,english,,spanish:60|English:40,100,spanish:65|English:35,100,spanish:50|English:50,100,15,3,Bachelor's,10,10,10,9,10,10,18,20,20,20,TOEFL,110,,,,,25,25,C2,intermediate|advanced,advanced|intermediate,cambridge_22_25_intermediate_advanced,4,20,random,,163.265625,683.421875,183.265625,747.46875,2,3,,,,,,,,,,,,2026-06-27T14:08:31.153Z,XZEXGKN2,2026-06-27,2026-06-27,07:08:31,2026-06-27 07:08:31,,,,,,,,69f01fe044b9a5a944ce98b3,69f01fe044b9a5a944ce98b3,,,,
4404,raw_position_sample,2,2,int,5,2,17,18,15, provide ,705,180,1835342.4000000001,69f01fe044b9a5a944ce98b3,69f01fe044b9a5a944ce98b3,intermediate,2,69f01fe044b9a5a944ce98b3,69f01fe044b9a5a944ce98b3,spotlight_PROLIFIC,,24,mexico,spanish,english,,spanish:60|English:40,100,spanish:65|English:35,100,spanish:50|English:50,100,15,3,Bachelor's,10,10,10,9,10,10,18,20,20,20,TOEFL,110,,,,,25,25,C2,intermediate|advanced,advanced|intermediate,cambridge_22_25_intermediate_advanced,4,20,random,,163.265625,683.421875,183.265625,747.46875,2,3,,,,,,,,,,,,2026-06-27T14:08:31.153Z,XZEXGKN2,2026-06-27,2026-06-27,07:08:31,2026-06-27 07:08:31,,,,,,,,69f01fe044b9a5a944ce98b3,69f01fe044b9a5a944ce98b3,,,,
4466,raw_position_sample,2,2,int,5,2,17,18,15, provide ,725,178,1835404.5000000002,69f01fe044b9a5a944ce98b3,69f01fe044b9a5a944ce98b3,intermediate,2,69f01fe044b9a5a944ce98b3,69f01fe044b9a5a944ce98b3,spotlight_PROLIFIC,,24,mexico,spanish,english,,spanish:60|English:40,100,spanish:65|English:35,100,spanish:50|English:50,100,15,3,Bachelor's,10,10,10,9,10,10,18,20,20,20,TOEFL,110,,,,,25,25,C2,intermediate|advanced,advanced|intermediate,cambridge_22_25_intermediate_advanced,4,20,random,,163.265625,683.421875,183.265625,747.46875,2,3,,,,,,,,,,,,2026-06-27T14:08:31.153Z,XZEXGKN2,2026-06-27,2026-06-27,07:08:31,2026-06-27 07:08:31,,,,,,,,69f01fe044b9a5a944ce98b3,69f01fe044b9a5a944ce98b3,,,,
4516,raw_position_sample,2,2,int,5,2,17,18,15, provide ,747,178,1835454.0999999999,69f01fe044b9a5a944ce98b3,69f01fe044b9a5a944ce98b3,intermediate,2,69f01fe044b9a5a944ce98b3,69f01fe044b9a5a944ce98b3,spotlight_PROLIFIC,,24,mexico,spanish,english,,spanish:60|English:40,100,spanish:65|English:35,100,spanish:50|English:50,100,15,3,Bachelor's,10,10,10,9,10,10,18,20,20,20,TOEFL,110,,,,,25,25,C2,intermediate|advanced,advanced|intermediate,cambridge_22_25_intermediate_advanced,4,20,random,,163.265625,683.421875,183.265625,747.46875,2,3,,,,,,,,,,,,2026-06-27T14:08:31.153Z,XZEXGKN2,2026-06-27,2026-06-27,07:08:31,2026-06-27 07:08:31,,,,,,,,69f01fe044b9a5a944ce98b3,69f01fe044b9a5a944ce98b3,,,,
4517,hover_association,2,2,int,5,2,17,18,15, provide ,685,181,,69f01fe044b9a5a944ce98b3,69f01fe044b9a5a944ce98b3,intermediate,2,69f01fe044b9a5a944ce98b3,69f01fe044b9a5a944ce98b3,spotlight_PROLIFIC,,24,mexico,spanish,english,,spanish:60|English:40,100,spanish:65|English:35,100,spanish:50|English:50,100,15,3,Bachelor's,10,10,10,9,10,10,18,20,20,20,TOEFL,110,,,,,25,25,C2,intermediate|advanced,advanced|intermediate,cambridge_22_25_intermediate_advanced,4,20,random,,153.265625,683.421875,193.265625,747.46875,2,3,hover,233.40000000037253,233.40000000037253,0.9926811417418883,0.618359375,80,,,,,,2026-06-27T14:08:31.153Z,XZEXGKN2,2026-06-27,2026-06-27,07:08:31,2026-06-27 07:08:31,,,,,,,,69f01fe044b9a5a944ce98b3,69f01fe044b9a5a944ce98b3,,,,
4556,raw_position_sample,2,2,int,5,2,17,18,16, energy ,758,177,1835494.5999999999,69f01fe044b9a5a944ce98b3,69f01fe044b9a5a944ce98b3,intermediate,2,69f01fe044b9a5a944ce98b3,69f01fe044b9a5a944ce98b3,spotlight_PROLIFIC,,24,mexico,spanish,english,,spanish:60|English:40,100,spanish:65|English:35,100,spanish:50|English:50,100,15,3,Bachelor's,10,10,10,9,10,10,18,20,20,20,TOEFL,110,,,,,25,25,C2,intermediate|advanced,advanced|intermediate,cambridge_22_25_intermediate_advanced,4,20,random,,163.265625,747.46875,183.265625,807.515625,2,4,,,,,,,,,,,,2026-06-27T14:08:31.153Z,XZEXGKN2,2026-06-27,2026-06-27,07:08:31,2026-06-27 07:08:31,,,,,,,,69f01fe044b9a5a944ce98b3,69f01fe044b9a5a944ce98b3,,,,
4604,raw_position_sample,2,2,int,5,2,17,18,16, energy ,765,177,1835542.5000000002,69f01fe044b9a5a944ce98b3,69f01fe044b9a5a944ce98b3,intermediate,2,69f01fe044b9a5a944ce98b3,69f01fe044b9a5a944ce98b3,spotlight_PROLIFIC,,24,mexico,spanish,english,,spanish:60|English:40,100,spanish:65|English:35,100,spanish:50|English:50,100,15,3,Bachelor's,10,10,10,9,10,10,18,20,20,20,TOEFL,110,,,,,25,25,C2,intermediate|advanced,advanced|intermediate,cambridge_22_25_intermediate_advanced,4,20,random,,163.265625,747.46875,183.265625,807.515625,2,4,,,,,,,,,,,,2026-06-27T14:08:31.153Z,XZEXGKN2,2026-06-27,2026-06-27,07:08:31,2026-06-27 07:08:31,,,,,,,,69f01fe044b9a5a944ce98b3,69f01fe044b9a5a944ce98b3,,,,
4666,raw_position_sample,2,2,int,5,2,17,18,16, energy ,776,177,1835604.2,69f01fe044b9a5a944ce98b3,69f01fe044b9a5a944ce98b3,intermediate,2,69f01fe044b9a5a944ce98b3,69f01fe044b9a5a944ce98b3,spotlight_PROLIFIC,,24,mexico,spanish,english,,spanish:60|English:40,100,spanish:65|English:35,100,spanish:50|English:50,100,15,3,Bachelor's,10,10,10,9,10,10,18,20,20,20,TOEFL,110,,,,,25,25,C2,intermediate|advanced,advanced|intermediate,cambridge_22_25_intermediate_advanced,4,20,random,,163.265625,747.46875,183.265625,807.515625,2,4,,,,,,,,,,,,2026-06-27T14:08:31.153Z,XZEXGKN2,2026-06-27,2026-06-27,07:08:31,2026-06-27 07:08:31,,,,,,,,69f01fe044b9a5a944ce98b3,69f01fe044b9a5a944ce98b3,,,,
4716,raw_position_sample,2,2,int,5,2,17,18,16, energy ,785,177,1835654.5000000002,69f01fe044b9a5a944ce98b3,69f01fe044b9a5a944ce98b3,intermediate,2,69f01fe044b9a5a944ce98b3,69f01fe044b9a5a944ce98b3,spotlight_PROLIFIC,,24,mexico,spanish,english,,spanish:60|English:40,100,spanish:65|English:35,100,spanish:50|English:50,100,15,3,Bachelor's,10,10,10,9,10,10,18,20,20,20,TOEFL,110,,,,,25,25,C2,intermediate|advanced,advanced|intermediate,cambridge_22_25_intermediate_advanced,4,20,random,,163.265625,747.46875,183.265625,807.515625,2,4,,,,,,,,,,,,2026-06-27T14:08:31.153Z,XZEXGKN2,2026-06-27,2026-06-27,07:08:31,2026-06-27 07:08:31,,,,,,,,69f01fe044b9a5a944ce98b3,69f01fe044b9a5a944ce98b3,,,,
4756,raw_position_sample,2,2,int,5,2,17,18,16, energy ,791,177,1835694.5000000002,69f01fe044b9a5a944ce98b3,69f01fe044b9a5a944ce98b3,intermediate,2,69f01fe044b9a5a944ce98b3,69f01fe044b9a5a944ce98b3,spotlight_PROLIFIC,,24,mexico,spanish,english,,spanish:60|English:40,100,spanish:65|English:35,100,spanish:50|English:50,100,15,3,Bachelor's,10,10,10,9,10,10,18,20,20,20,TOEFL,110,,,,,25,25,C2,intermediate|advanced,advanced|intermediate,cambridge_22_25_intermediate_advanced,4,20,random,,163.265625,747.46875,183.265625,807.515625,2,4,,,,,,,,,,,,2026-06-27T14:08:31.153Z,XZEXGKN2,2026-06-27,2026-06-27,07:08:31,2026-06-27 07:08:31,,,,,,,,69f01fe044b9a5a944ce98b3,69f01fe044b9a5a944ce98b3,,,,
4800,hover_association,2,2,int,5,2,17,18,16, energy ,752,177,,69f01fe044b9a5a944ce98b3,69f01fe044b9a5a944ce98b3,intermediate,2,69f01fe044b9a5a944ce98b3,69f01fe044b9a5a944ce98b3,spotlight_PROLIFIC,,24,mexico,spanish,english,,spanish:60|English:40,100,spanish:65|English:35,100,spanish:50|English:50,100,15,3,Bachelor's,10,10,10,9,10,10,18,20,20,20,TOEFL,110,,,,,25,25,C2,intermediate|advanced,advanced|intermediate,cambridge_22_25_intermediate_advanced,4,20,random,,153.265625,747.46875,193.265625,807.515625,2,4,hover,283.29999999981374,283.29999999981374,0.8748373666406454,0.593359375,80,,,,,,2026-06-27T14:08:31.153Z,XZEXGKN2,2026-06-27,2026-06-27,07:08:31,2026-06-27 07:08:31,,,,,,,,69f01fe044b9a5a944ce98b3,69f01fe044b9a5a944ce98b3,,,,
4804,raw_position_sample,2,2,int,5,2,17,18,17, and ,808,177,1835742.5000000002,69f01fe044b9a5a944ce98b3,69f01fe044b9a5a944ce98b3,intermediate,2,69f01fe044b9a5a944ce98b3,69f01fe044b9a5a944ce98b3,spotlight_PROLIFIC,,24,mexico,spanish,english,,spanish:60|English:40,100,spanish:65|English:35,100,spanish:50|English:50,100,15,3,Bachelor's,10,10,10,9,10,10,18,20,20,20,TOEFL,110,,,,,25,25,C2,intermediate|advanced,advanced|intermediate,cambridge_22_25_intermediate_advanced,4,20,random,,163.265625,807.515625,183.265625,842.5625,2,5,,,,,,,,,,,,2026-06-27T14:08:31.153Z,XZEXGKN2,2026-06-27,2026-06-27,07:08:31,2026-06-27 07:08:31,,,,,,,,69f01fe044b9a5a944ce98b3,69f01fe044b9a5a944ce98b3,,,,
4867,raw_position_sample,2,2,int,5,2,17,18,17, and ,832,177,1835805.5999999999,69f01fe044b9a5a944ce98b3,69f01fe044b9a5a944ce98b3,intermediate,2,69f01fe044b9a5a944ce98b3,69f01fe044b9a5a944ce98b3,spotlight_PROLIFIC,,24,mexico,spanish,english,,spanish:60|English:40,100,spanish:65|English:35,100,spanish:50|English:50,100,15,3,Bachelor's,10,10,10,9,10,10,18,20,20,20,TOEFL,110,,,,,25,25,C2,intermediate|advanced,advanced|intermediate,cambridge_22_25_intermediate_advanced,4,20,random,,163.265625,807.515625,183.265625,842.5625,2,5,,,,,,,,,,,,2026-06-27T14:08:31.153Z,XZEXGKN2,2026-06-27,2026-06-27,07:08:31,2026-06-27 07:08:31,,,,,,,,69f01fe044b9a5a944ce98b3,69f01fe044b9a5a944ce98b3,,,,
4904,raw_position_sample,2,2,int,5,2,17,18,17, and ,841,177,1835841.5999999999,69f01fe044b9a5a944ce98b3,69f01fe044b9a5a944ce98b3,intermediate,2,69f01fe044b9a5a944ce98b3,69f01fe044b9a5a944ce98b3,spotlight_PROLIFIC,,24,mexico,spanish,english,,spanish:60|English:40,100,spanish:65|English:35,100,spanish:50|English:50,100,15,3,Bachelor's,10,10,10,9,10,10,18,20,20,20,TOEFL,110,,,,,25,25,C2,intermediate|advanced,advanced|intermediate,cambridge_22_25_intermediate_advanced,4,20,random,,163.265625,807.515625,183.265625,842.5625,2,5,,,,,,,,,,,,2026-06-27T14:08:31.153Z,XZEXGKN2,2026-06-27,2026-06-27,07:08:31,2026-06-27 07:08:31,,,,,,,,69f01fe044b9a5a944ce98b3,69f01fe044b9a5a944ce98b3,,,,
4917,hover_association,2,2,int,5,2,17,18,17, and ,808,177,,69f01fe044b9a5a944ce98b3,69f01fe044b9a5a944ce98b3,intermediate,2,69f01fe044b9a5a944ce98b3,69f01fe044b9a5a944ce98b3,spotlight_PROLIFIC,,24,mexico,spanish,english,,spanish:60|English:40,100,spanish:65|English:35,100,spanish:50|English:50,100,15,3,Bachelor's,10,10,10,9,10,10,18,20,20,20,TOEFL,110,,,,,25,25,C2,intermediate|advanced,advanced|intermediate,cambridge_22_25_intermediate_advanced,4,20,random,,153.265625,807.515625,193.265625,842.5625,2,5,hover,116.79999999981374,116.79999999981374,0.9554168524297816,0.593359375,80,,,,,,2026-06-27T14:08:31.153Z,XZEXGKN2,2026-06-27,2026-06-27,07:08:31,2026-06-27 07:08:31,,,,,,,,69f01fe044b9a5a944ce98b3,69f01fe044b9a5a944ce98b3,,,,
4956,raw_position_sample,2,2,int,5,2,17,18,18, have ,858,177,1835894.5000000002,69f01fe044b9a5a944ce98b3,69f01fe044b9a5a944ce98b3,intermediate,2,69f01fe044b9a5a944ce98b3,69f01fe044b9a5a944ce98b3,spotlight_PROLIFIC,,24,mexico,spanish,english,,spanish:60|English:40,100,spanish:65|English:35,100,spanish:50|English:50,100,15,3,Bachelor's,10,10,10,9,10,10,18,20,20,20,TOEFL,110,,,,,25,25,C2,intermediate|advanced,advanced|intermediate,cambridge_22_25_intermediate_advanced,4,20,random,,163.265625,842.5625,183.265625,886.609375,2,6,,,,,,,,,,,,2026-06-27T14:08:31.153Z,XZEXGKN2,2026-06-27,2026-06-27,07:08:31,2026-06-27 07:08:31,,,,,,,,69f01fe044b9a5a944ce98b3,69f01fe044b9a5a944ce98b3,,,,
5004,raw_position_sample,2,2,int,5,2,17,18,18, have ,875,178,1835942.4000000001,69f01fe044b9a5a944ce98b3,69f01fe044b9a5a944ce98b3,intermediate,2,69f01fe044b9a5a944ce98b3,69f01fe044b9a5a944ce98b3,spotlight_PROLIFIC,,24,mexico,spanish,english,,spanish:60|English:40,100,spanish:65|English:35,100,spanish:50|English:50,100,15,3,Bachelor's,10,10,10,9,10,10,18,20,20,20,TOEFL,110,,,,,25,25,C2,intermediate|advanced,advanced|intermediate,cambridge_22_25_intermediate_advanced,4,20,random,,163.265625,842.5625,183.265625,886.609375,2,6,,,,,,,,,,,,2026-06-27T14:08:31.153Z,XZEXGKN2,2026-06-27,2026-06-27,07:08:31,2026-06-27 07:08:31,,,,,,,,69f01fe044b9a5a944ce98b3,69f01fe044b9a5a944ce98b3,,,,
5067,raw_position_sample,2,2,int,5,2,17,18,18, have ,886,178,1836005.3,69f01fe044b9a5a944ce98b3,69f01fe044b9a5a944ce98b3,intermediate,2,69f01fe044b9a5a944ce98b3,69f01fe044b9a5a944ce98b3,spotlight_PROLIFIC,,24,mexico,spanish,english,,spanish:60|English:40,100,spanish:65|English:35,100,spanish:50|English:50,100,15,3,Bachelor's,10,10,10,9,10,10,18,20,20,20,TOEFL,110,,,,,25,25,C2,intermediate|advanced,advanced|intermediate,cambridge_22_25_intermediate_advanced,4,20,random,,163.265625,842.5625,183.265625,886.609375,2,6,,,,,,,,,,,,2026-06-27T14:08:31.153Z,XZEXGKN2,2026-06-27,2026-06-27,07:08:31,2026-06-27 07:08:31,,,,,,,,69f01fe044b9a5a944ce98b3,69f01fe044b9a5a944ce98b3,,,,
5083,hover_association,2,2,int,5,2,17,18,18, have ,846,177,,69f01fe044b9a5a944ce98b3,69f01fe044b9a5a944ce98b3,intermediate,2,69f01fe044b9a5a944ce98b3,69f01fe044b9a5a944ce98b3,spotlight_PROLIFIC,,24,mexico,spanish,english,,spanish:60|English:40,100,spanish:65|English:35,100,spanish:50|English:50,100,15,3,Bachelor's,10,10,10,9,10,10,18,20,20,20,TOEFL,110,,,,,25,25,C2,intermediate|advanced,advanced|intermediate,cambridge_22_25_intermediate_advanced,4,20,random,,153.265625,842.5625,193.265625,886.609375,2,6,hover,166.5,166.5,0.9861653068463995,0.618359375,80,,,,,,2026-06-27T14:08:31.153Z,XZEXGKN2,2026-06-27,2026-06-27,07:08:31,2026-06-27 07:08:31,,,,,,,,69f01fe044b9a5a944ce98b3,69f01fe044b9a5a944ce98b3,,,,
5118,raw_position_sample,2,2,int,5,2,17,18,19, medicinal ,917,177,1836055.7,69f01fe044b9a5a944ce98b3,69f01fe044b9a5a944ce98b3,intermediate,2,69f01fe044b9a5a944ce98b3,69f01fe044b9a5a944ce98b3,spotlight_PROLIFIC,,24,mexico,spanish,english,,spanish:60|English:40,100,spanish:65|English:35,100,spanish:50|English:50,100,15,3,Bachelor's,10,10,10,9,10,10,18,20,20,20,TOEFL,110,,,,,25,25,C2,intermediate|advanced,advanced|intermediate,cambridge_22_25_intermediate_advanced,4,20,random,,163.265625,886.609375,183.265625,967.65625,2,7,,,,,,,,,,,,2026-06-27T14:08:31.153Z,XZEXGKN2,2026-06-27,2026-06-27,07:08:31,2026-06-27 07:08:31,,,,,,,,69f01fe044b9a5a944ce98b3,69f01fe044b9a5a944ce98b3,,,,
5156,raw_position_sample,2,2,int,5,2,17,18,19, medicinal ,940,177,1836094.4000000001,69f01fe044b9a5a944ce98b3,69f01fe044b9a5a944ce98b3,intermediate,2,69f01fe044b9a5a944ce98b3,69f01fe044b9a5a944ce98b3,spotlight_PROLIFIC,,24,mexico,spanish,english,,spanish:60|English:40,100,spanish:65|English:35,100,spanish:50|English:50,100,15,3,Bachelor's,10,10,10,9,10,10,18,20,20,20,TOEFL,110,,,,,25,25,C2,intermediate|advanced,advanced|intermediate,cambridge_22_25_intermediate_advanced,4,20,random,,163.265625,886.609375,183.265625,967.65625,2,7,,,,,,,,,,,,2026-06-27T14:08:31.153Z,XZEXGKN2,2026-06-27,2026-06-27,07:08:31,2026-06-27 07:08:31,,,,,,,,69f01fe044b9a5a944ce98b3,69f01fe044b9a5a944ce98b3,,,,
5204,raw_position_sample,2,2,int,5,2,17,18,19, medicinal ,965,178,1836142.4000000001,69f01fe044b9a5a944ce98b3,69f01fe044b9a5a944ce98b3,intermediate,2,69f01fe044b9a5a944ce98b3,69f01fe044b9a5a944ce98b3,spotlight_PROLIFIC,,24,mexico,spanish,english,,spanish:60|English:40,100,spanish:65|English:35,100,spanish:50|English:50,100,15,3,Bachelor's,10,10,10,9,10,10,18,20,20,20,TOEFL,110,,,,,25,25,C2,intermediate|advanced,advanced|intermediate,cambridge_22_25_intermediate_advanced,4,20,random,,163.265625,886.609375,183.265625,967.65625,2,7,,,,,,,,,,,,2026-06-27T14:08:31.153Z,XZEXGKN2,2026-06-27,2026-06-27,07:08:31,2026-06-27 07:08:31,,,,,,,,69f01fe044b9a5a944ce98b3,69f01fe044b9a5a944ce98b3,,,,
5217,hover_association,2,2,int,5,2,17,18,19, medicinal ,891,178,,69f01fe044b9a5a944ce98b3,69f01fe044b9a5a944ce98b3,intermediate,2,69f01fe044b9a5a944ce98b3,69f01fe044b9a5a944ce98b3,spotlight_PROLIFIC,,24,mexico,spanish,english,,spanish:60|English:40,100,spanish:65|English:35,100,spanish:50|English:50,100,15,3,Bachelor's,10,10,10,9,10,10,18,20,20,20,TOEFL,110,,,,,25,25,C2,intermediate|advanced,advanced|intermediate,cambridge_22_25_intermediate_advanced,4,20,random,,153.265625,886.609375,193.265625,967.65625,2,7,hover,133.40000000037253,133.40000000037253,0.9672257566994409,0.618359375,80,,,,,,2026-06-27T14:08:31.153Z,XZEXGKN2,2026-06-27,2026-06-27,07:08:31,2026-06-27 07:08:31,,,,,,,,69f01fe044b9a5a944ce98b3,69f01fe044b9a5a944ce98b3,,,,
5266,raw_position_sample,2,2,int,5,2,17,18,20, qualities. ,985,178,1836203.7,69f01fe044b9a5a944ce98b3,69f01fe044b9a5a944ce98b3,intermediate,2,69f01fe044b9a5a944ce98b3,69f01fe044b9a5a944ce98b3,spotlight_PROLIFIC,,24,mexico,spanish,english,,spanish:60|English:40,100,spanish:65|English:35,100,spanish:50|English:50,100,15,3,Bachelor's,10,10,10,9,10,10,18,20,20,20,TOEFL,110,,,,,25,25,C2,intermediate|advanced,advanced|intermediate,cambridge_22_25_intermediate_advanced,4,20,random,,163.265625,967.65625,183.265625,1043.703125,2,8,,,,,,,,,,,,2026-06-27T14:08:31.153Z,XZEXGKN2,2026-06-27,2026-06-27,07:08:31,2026-06-27 07:08:31,,,,,,,,69f01fe044b9a5a944ce98b3,69f01fe044b9a5a944ce98b3,,,,
5317,raw_position_sample,2,2,int,5,2,17,18,20, qualities. ,1017,177,1836255.5000000002,69f01fe044b9a5a944ce98b3,69f01fe044b9a5a944ce98b3,intermediate,2,69f01fe044b9a5a944ce98b3,69f01fe044b9a5a944ce98b3,spotlight_PROLIFIC,,24,mexico,spanish,english,,spanish:60|English:40,100,spanish:65|English:35,100,spanish:50|English:50,100,15,3,Bachelor's,10,10,10,9,10,10,18,20,20,20,TOEFL,110,,,,,25,25,C2,intermediate|advanced,advanced|intermediate,cambridge_22_25_intermediate_advanced,4,20,random,,163.265625,967.65625,183.265625,1043.703125,2,8,,,,,,,,,,,,2026-06-27T14:08:31.153Z,XZEXGKN2,2026-06-27,2026-06-27,07:08:31,2026-06-27 07:08:31,,,,,,,,69f01fe044b9a5a944ce98b3,69f01fe044b9a5a944ce98b3,,,,
5356,raw_position_sample,2,2,int,5,2,17,18,20, qualities. ,1040,176,1836294.4000000001,69f01fe044b9a5a944ce98b3,69f01fe044b9a5a944ce98b3,intermediate,2,69f01fe044b9a5a944ce98b3,69f01fe044b9a5a944ce98b3,spotlight_PROLIFIC,,24,mexico,spanish,english,,spanish:60|English:40,100,spanish:65|English:35,100,spanish:50|English:50,100,15,3,Bachelor's,10,10,10,9,10,10,18,20,20,20,TOEFL,110,,,,,25,25,C2,intermediate|advanced,advanced|intermediate,cambridge_22_25_intermediate_advanced,4,20,random,,163.265625,967.65625,183.265625,1043.703125,2,8,,,,,,,,,,,,2026-06-27T14:08:31.153Z,XZEXGKN2,2026-06-27,2026-06-27,07:08:31,2026-06-27 07:08:31,,,,,,,,69f01fe044b9a5a944ce98b3,69f01fe044b9a5a944ce98b3,,,,
5367,hover_association,2,2,int,5,2,17,18,20, qualities. ,973,178,,69f01fe044b9a5a944ce98b3,69f01fe044b9a5a944ce98b3,intermediate,2,69f01fe044b9a5a944ce98b3,69f01fe044b9a5a944ce98b3,spotlight_PROLIFIC,,24,mexico,spanish,english,,spanish:60|English:40,100,spanish:65|English:35,100,spanish:50|English:50,100,15,3,Bachelor's,10,10,10,9,10,10,18,20,20,20,TOEFL,110,,,,,25,25,C2,intermediate|advanced,advanced|intermediate,cambridge_22_25_intermediate_advanced,4,20,random,,153.265625,967.65625,193.265625,1043.703125,2,8,hover,150.09999999962747,150.09999999962747,0.951304705157181,0.568359375,80,,,,,,2026-06-27T14:08:31.153Z,XZEXGKN2,2026-06-27,2026-06-27,07:08:31,2026-06-27 07:08:31,,,,,,,,69f01fe044b9a5a944ce98b3,69f01fe044b9a5a944ce98b3,,,,
5404,raw_position_sample,2,2,int,5,2,17,18,21, Supporters ,1057,175,1836342.5000000002,69f01fe044b9a5a944ce98b3,69f01fe044b9a5a944ce98b3,intermediate,2,69f01fe044b9a5a944ce98b3,69f01fe044b9a5a944ce98b3,spotlight_PROLIFIC,,24,mexico,spanish,english,,spanish:60|English:40,100,spanish:65|English:35,100,spanish:50|English:50,100,15,3,Bachelor's,10,10,10,9,10,10,18,20,20,20,TOEFL,110,,,,,25,25,C2,intermediate|advanced,advanced|intermediate,cambridge_22_25_intermediate_advanced,4,20,random,,163.265625,1043.703125,183.265625,1136.765625,2,9,,,,,,,,,,,,2026-06-27T14:08:31.153Z,XZEXGKN2,2026-06-27,2026-06-27,07:08:31,2026-06-27 07:08:31,,,,,,,,69f01fe044b9a5a944ce98b3,69f01fe044b9a5a944ce98b3,,,,
5463,raw_position_sample,2,2,int,5,2,17,18,21, Supporters ,1066,173,1836401.4000000001,69f01fe044b9a5a944ce98b3,69f01fe044b9a5a944ce98b3,intermediate,2,69f01fe044b9a5a944ce98b3,69f01fe044b9a5a944ce98b3,spotlight_PROLIFIC,,24,mexico,spanish,english,,spanish:60|English:40,100,spanish:65|English:35,100,spanish:50|English:50,100,15,3,Bachelor's,10,10,10,9,10,10,18,20,20,20,TOEFL,110,,,,,25,25,C2,intermediate|advanced,advanced|intermediate,cambridge_22_25_intermediate_advanced,4,20,random,,163.265625,1043.703125,183.265625,1136.765625,2,9,,,,,,,,,,,,2026-06-27T14:08:31.153Z,XZEXGKN2,2026-06-27,2026-06-27,07:08:31,2026-06-27 07:08:31,,,,,,,,69f01fe044b9a5a944ce98b3,69f01fe044b9a5a944ce98b3,,,,
5516,raw_position_sample,2,2,int,5,2,17,18,21, Supporters ,1078,171,1836454.5999999999,69f01fe044b9a5a944ce98b3,69f01fe044b9a5a944ce98b3,intermediate,2,69f01fe044b9a5a944ce98b3,69f01fe044b9a5a944ce98b3,spotlight_PROLIFIC,,24,mexico,spanish,english,,spanish:60|English:40,100,spanish:65|English:35,100,spanish:50|English:50,100,15,3,Bachelor's,10,10,10,9,10,10,18,20,20,20,TOEFL,110,,,,,25,25,C2,intermediate|advanced,advanced|intermediate,cambridge_22_25_intermediate_advanced,4,20,random,,163.265625,1043.703125,183.265625,1136.765625,2,9,,,,,,,,,,,,2026-06-27T14:08:31.153Z,XZEXGKN2,2026-06-27,2026-06-27,07:08:31,2026-06-27 07:08:31,,,,,,,,69f01fe044b9a5a944ce98b3,69f01fe044b9a5a944ce98b3,,,,
5553,raw_position_sample,2,2,int,5,2,17,18,21, Supporters ,1083,171,1836491.2,69f01fe044b9a5a944ce98b3,69f01fe044b9a5a944ce98b3,intermediate,2,69f01fe044b9a5a944ce98b3,69f01fe044b9a5a944ce98b3,spotlight_PROLIFIC,,24,mexico,spanish,english,,spanish:60|English:40,100,spanish:65|English:35,100,spanish:50|English:50,100,15,3,Bachelor's,10,10,10,9,10,10,18,20,20,20,TOEFL,110,,,,,25,25,C2,intermediate|advanced,advanced|intermediate,cambridge_22_25_intermediate_advanced,4,20,random,,163.265625,1043.703125,183.265625,1136.765625,2,9,,,,,,,,,,,,2026-06-27T14:08:31.153Z,XZEXGKN2,2026-06-27,2026-06-27,07:08:31,2026-06-27 07:08:31,,,,,,,,69f01fe044b9a5a944ce98b3,69f01fe044b9a5a944ce98b3,,,,
5604,raw_position_sample,2,2,int,5,2,17,18,21, Supporters ,1111,171,1836542.3,69f01fe044b9a5a944ce98b3,69f01fe044b9a5a944ce98b3,intermediate,2,69f01fe044b9a5a944ce98b3,69f01fe044b9a5a944ce98b3,spotlight_PROLIFIC,,24,mexico,spanish,english,,spanish:60|English:40,100,spanish:65|English:35,100,spanish:50|English:50,100,15,3,Bachelor's,10,10,10,9,10,10,18,20,20,20,TOEFL,110,,,,,25,25,C2,intermediate|advanced,advanced|intermediate,cambridge_22_25_intermediate_advanced,4,20,random,,163.265625,1043.703125,183.265625,1136.765625,2,9,,,,,,,,,,,,2026-06-27T14:08:31.153Z,XZEXGKN2,2026-06-27,2026-06-27,07:08:31,2026-06-27 07:08:31,,,,,,,,69f01fe044b9a5a944ce98b3,69f01fe044b9a5a944ce98b3,,,,
5633,hover_association,2,2,int,5,2,17,18,21, Supporters ,1047,176,,69f01fe044b9a5a944ce98b3,69f01fe044b9a5a944ce98b3,intermediate,2,69f01fe044b9a5a944ce98b3,69f01fe044b9a5a944ce98b3,spotlight_PROLIFIC,,24,mexico,spanish,english,,spanish:60|English:40,100,spanish:65|English:35,100,spanish:50|English:50,100,15,3,Bachelor's,10,10,10,9,10,10,18,20,20,20,TOEFL,110,,,,,25,25,C2,intermediate|advanced,advanced|intermediate,cambridge_22_25_intermediate_advanced,4,20,random,,153.265625,1043.703125,193.265625,1136.765625,2,9,hover,266.70000000018626,266.70000000018626,0.9273002014775017,0.443359375,80,,,,,,2026-06-27T14:08:31.153Z,XZEXGKN2,2026-06-27,2026-06-27,07:08:31,2026-06-27 07:08:31,,,,,,,,69f01fe044b9a5a944ce98b3,69f01fe044b9a5a944ce98b3,,,,
5650,hover_association,2,2,int,5,2,17,18,22, of ,1144,171,,69f01fe044b9a5a944ce98b3,69f01fe044b9a5a944ce98b3,intermediate,2,69f01fe044b9a5a944ce98b3,69f01fe044b9a5a944ce98b3,spotlight_PROLIFIC,,24,mexico,spanish,english,,spanish:60|English:40,100,spanish:65|English:35,100,spanish:50|English:50,100,15,3,Bachelor's,10,10,10,9,10,10,18,20,20,20,TOEFL,110,,,,,25,25,C2,intermediate|advanced,advanced|intermediate,cambridge_22_25_intermediate_advanced,4,20,random,,153.265625,1136.765625,193.265625,1156.78125,2,10,hover,16.600000000093132,16.600000000093132,0.36143637782982047,0.443359375,80,,,,,,2026-06-27T14:08:31.153Z,XZEXGKN2,2026-06-27,2026-06-27,07:08:31,2026-06-27 07:08:31,,,,,,,,69f01fe044b9a5a944ce98b3,69f01fe044b9a5a944ce98b3,,,,
5666,raw_position_sample,2,2,int,5,2,17,18,23, Bolivia’s ,1157,171,1836604.0000000002,69f01fe044b9a5a944ce98b3,69f01fe044b9a5a944ce98b3,intermediate,2,69f01fe044b9a5a944ce98b3,69f01fe044b9a5a944ce98b3,spotlight_PROLIFIC,,24,mexico,spanish,english,,spanish:60|English:40,100,spanish:65|English:35,100,spanish:50|English:50,100,15,3,Bachelor's,10,10,10,9,10,10,18,20,20,20,TOEFL,110,,,,,25,25,C2,intermediate|advanced,advanced|intermediate,cambridge_22_25_intermediate_advanced,4,20,random,,163.265625,1156.78125,183.265625,1227.484375,2,11,,,,,,,,,,,,2026-06-27T14:08:31.153Z,XZEXGKN2,2026-06-27,2026-06-27,07:08:31,2026-06-27 07:08:31,,,,,,,,69f01fe044b9a5a944ce98b3,69f01fe044b9a5a944ce98b3,,,,
5717,raw_position_sample,2,2,int,5,2,17,18,23, Bolivia’s ,1181,174,1836654.5000000002,69f01fe044b9a5a944ce98b3,69f01fe044b9a5a944ce98b3,intermediate,2,69f01fe044b9a5a944ce98b3,69f01fe044b9a5a944ce98b3,spotlight_PROLIFIC,,24,mexico,spanish,english,,spanish:60|English:40,100,spanish:65|English:35,100,spanish:50|English:50,100,15,3,Bachelor's,10,10,10,9,10,10,18,20,20,20,TOEFL,110,,,,,25,25,C2,intermediate|advanced,advanced|intermediate,cambridge_22_25_intermediate_advanced,4,20,random,,163.265625,1156.78125,183.265625,1227.484375,2,11,,,,,,,,,,,,2026-06-27T14:08:31.153Z,XZEXGKN2,2026-06-27,2026-06-27,07:08:31,2026-06-27 07:08:31,,,,,,,,69f01fe044b9a5a944ce98b3,69f01fe044b9a5a944ce98b3,,,,
5756,raw_position_sample,2,2,int,5,2,17,18,23, Bolivia’s ,1203,175,1836694.4000000001,69f01fe044b9a5a944ce98b3,69f01fe044b9a5a944ce98b3,intermediate,2,69f01fe044b9a5a944ce98b3,69f01fe044b9a5a944ce98b3,spotlight_PROLIFIC,,24,mexico,spanish,english,,spanish:60|English:40,100,spanish:65|English:35,100,spanish:50|English:50,100,15,3,Bachelor's,10,10,10,9,10,10,18,20,20,20,TOEFL,110,,,,,25,25,C2,intermediate|advanced,advanced|intermediate,cambridge_22_25_intermediate_advanced,4,20,random,,163.265625,1156.78125,183.265625,1227.484375,2,11,,,,,,,,,,,,2026-06-27T14:08:31.153Z,XZEXGKN2,2026-06-27,2026-06-27,07:08:31,2026-06-27 07:08:31,,,,,,,,69f01fe044b9a5a944ce98b3,69f01fe044b9a5a944ce98b3,,,,
5804,raw_position_sample,2,2,int,5,2,17,18,23, Bolivia’s ,1226,175,1836742.3,69f01fe044b9a5a944ce98b3,69f01fe044b9a5a944ce98b3,intermediate,2,69f01fe044b9a5a944ce98b3,69f01fe044b9a5a944ce98b3,spotlight_PROLIFIC,,24,mexico,spanish,english,,spanish:60|English:40,100,spanish:65|English:35,100,spanish:50|English:50,100,15,3,Bachelor's,10,10,10,9,10,10,18,20,20,20,TOEFL,110,,,,,25,25,C2,intermediate|advanced,advanced|intermediate,cambridge_22_25_intermediate_advanced,4,20,random,,163.265625,1156.78125,183.265625,1227.484375,2,11,,,,,,,,,,,,2026-06-27T14:08:31.153Z,XZEXGKN2,2026-06-27,2026-06-27,07:08:31,2026-06-27 07:08:31,,,,,,,,69f01fe044b9a5a944ce98b3,69f01fe044b9a5a944ce98b3,,,,
5817,hover_association,2,2,int,5,2,17,18,23, Bolivia’s ,1157,171,,69f01fe044b9a5a944ce98b3,69f01fe044b9a5a944ce98b3,intermediate,2,69f01fe044b9a5a944ce98b3,69f01fe044b9a5a944ce98b3,spotlight_PROLIFIC,,24,mexico,spanish,english,,spanish:60|English:40,100,spanish:65|English:35,100,spanish:50|English:50,100,15,3,Bachelor's,10,10,10,9,10,10,18,20,20,20,TOEFL,110,,,,,25,25,C2,intermediate|advanced,advanced|intermediate,cambridge_22_25_intermediate_advanced,4,20,random,,153.265625,1156.78125,193.265625,1227.484375,2,11,hover,166.60000000009313,166.60000000009313,0.9790055248618784,0.543359375,80,,,,,,2026-06-27T14:08:31.153Z,XZEXGKN2,2026-06-27,2026-06-27,07:08:31,2026-06-27 07:08:31,,,,,,,,69f01fe044b9a5a944ce98b3,69f01fe044b9a5a944ce98b3,,,,
5865,raw_position_sample,2,2,int,5,2,17,18,24, position ,1235,175,1836803.5999999999,69f01fe044b9a5a944ce98b3,69f01fe044b9a5a944ce98b3,intermediate,2,69f01fe044b9a5a944ce98b3,69f01fe044b9a5a944ce98b3,spotlight_PROLIFIC,,24,mexico,spanish,english,,spanish:60|English:40,100,spanish:65|English:35,100,spanish:50|English:50,100,15,3,Bachelor's,10,10,10,9,10,10,18,20,20,20,TOEFL,110,,,,,25,25,C2,intermediate|advanced,advanced|intermediate,cambridge_22_25_intermediate_advanced,4,20,random,,163.265625,1227.484375,183.265625,1289.53125,2,12,,,,,,,,,,,,2026-06-27T14:08:31.153Z,XZEXGKN2,2026-06-27,2026-06-27,07:08:31,2026-06-27 07:08:31,,,,,,,,69f01fe044b9a5a944ce98b3,69f01fe044b9a5a944ce98b3,,,,
5916,raw_position_sample,2,2,int,5,2,17,18,24, position ,1247,174,1836854.5000000002,69f01fe044b9a5a944ce98b3,69f01fe044b9a5a944ce98b3,intermediate,2,69f01fe044b9a5a944ce98b3,69f01fe044b9a5a944ce98b3,spotlight_PROLIFIC,,24,mexico,spanish,english,,spanish:60|English:40,100,spanish:65|English:35,100,spanish:50|English:50,100,15,3,Bachelor's,10,10,10,9,10,10,18,20,20,20,TOEFL,110,,,,,25,25,C2,intermediate|advanced,advanced|intermediate,cambridge_22_25_intermediate_advanced,4,20,random,,163.265625,1227.484375,183.265625,1289.53125,2,12,,,,,,,,,,,,2026-06-27T14:08:31.153Z,XZEXGKN2,2026-06-27,2026-06-27,07:08:31,2026-06-27 07:08:31,,,,,,,,69f01fe044b9a5a944ce98b3,69f01fe044b9a5a944ce98b3,,,,
5956,raw_position_sample,2,2,int,5,2,17,18,24, position ,1262,174,1836894.4000000001,69f01fe044b9a5a944ce98b3,69f01fe044b9a5a944ce98b3,intermediate,2,69f01fe044b9a5a944ce98b3,69f01fe044b9a5a944ce98b3,spotlight_PROLIFIC,,24,mexico,spanish,english,,spanish:60|English:40,100,spanish:65|English:35,100,spanish:50|English:50,100,15,3,Bachelor's,10,10,10,9,10,10,18,20,20,20,TOEFL,110,,,,,25,25,C2,intermediate|advanced,advanced|intermediate,cambridge_22_25_intermediate_advanced,4,20,random,,163.265625,1227.484375,183.265625,1289.53125,2,12,,,,,,,,,,,,2026-06-27T14:08:31.153Z,XZEXGKN2,2026-06-27,2026-06-27,07:08:31,2026-06-27 07:08:31,,,,,,,,69f01fe044b9a5a944ce98b3,69f01fe044b9a5a944ce98b3,,,,
6004,raw_position_sample,2,2,int,5,2,17,18,24, position ,1276,178,1836942.5000000002,69f01fe044b9a5a944ce98b3,69f01fe044b9a5a944ce98b3,intermediate,2,69f01fe044b9a5a944ce98b3,69f01fe044b9a5a944ce98b3,spotlight_PROLIFIC,,24,mexico,spanish,english,,spanish:60|English:40,100,spanish:65|English:35,100,spanish:50|English:50,100,15,3,Bachelor's,10,10,10,9,10,10,18,20,20,20,TOEFL,110,,,,,25,25,C2,intermediate|advanced,advanced|intermediate,cambridge_22_25_intermediate_advanced,4,20,random,,163.265625,1227.484375,183.265625,1289.53125,2,12,,,,,,,,,,,,2026-06-27T14:08:31.153Z,XZEXGKN2,2026-06-27,2026-06-27,07:08:31,2026-06-27 07:08:31,,,,,,,,69f01fe044b9a5a944ce98b3,69f01fe044b9a5a944ce98b3,,,,
6066,raw_position_sample,2,2,int,5,2,17,18,24, position ,1283,183,1837003.9000000001,69f01fe044b9a5a944ce98b3,69f01fe044b9a5a944ce98b3,intermediate,2,69f01fe044b9a5a944ce98b3,69f01fe044b9a5a944ce98b3,spotlight_PROLIFIC,,24,mexico,spanish,english,,spanish:60|English:40,100,spanish:65|English:35,100,spanish:50|English:50,100,15,3,Bachelor's,10,10,10,9,10,10,18,20,20,20,TOEFL,110,,,,,25,25,C2,intermediate|advanced,advanced|intermediate,cambridge_22_25_intermediate_advanced,4,20,random,,163.265625,1227.484375,183.265625,1289.53125,2,12,,,,,,,,,,,,2026-06-27T14:08:31.153Z,XZEXGKN2,2026-06-27,2026-06-27,07:08:31,2026-06-27 07:08:31,,,,,,,,69f01fe044b9a5a944ce98b3,69f01fe044b9a5a944ce98b3,,,,
6116,raw_position_sample,2,2,int,5,2,17,18,24, position ,1271,193,1837054.3,69f01fe044b9a5a944ce98b3,69f01fe044b9a5a944ce98b3,intermediate,2,69f01fe044b9a5a944ce98b3,69f01fe044b9a5a944ce98b3,spotlight_PROLIFIC,,24,mexico,spanish,english,,spanish:60|English:40,100,spanish:65|English:35,100,spanish:50|English:50,100,15,3,Bachelor's,10,10,10,9,10,10,18,20,20,20,TOEFL,110,,,,,25,25,C2,intermediate|advanced,advanced|intermediate,cambridge_22_25_intermediate_advanced,4,20,random,,163.265625,1227.484375,183.265625,1289.53125,2,12,,,,,,,,,,,,2026-06-27T14:08:31.153Z,XZEXGKN2,2026-06-27,2026-06-27,07:08:31,2026-06-27 07:08:31,,,,,,,,69f01fe044b9a5a944ce98b3,69f01fe044b9a5a944ce98b3,,,,
6117,hover_association,2,2,int,5,2,17,18,24, position ,1230,175,,69f01fe044b9a5a944ce98b3,69f01fe044b9a5a944ce98b3,intermediate,2,69f01fe044b9a5a944ce98b3,69f01fe044b9a5a944ce98b3,spotlight_PROLIFIC,,24,mexico,spanish,english,,spanish:60|English:40,100,spanish:65|English:35,100,spanish:50|English:50,100,15,3,Bachelor's,10,10,10,9,10,10,18,20,20,20,TOEFL,110,,,,,25,25,C2,intermediate|advanced,advanced|intermediate,cambridge_22_25_intermediate_advanced,4,20,random,,153.265625,1227.484375,193.265625,1289.53125,2,12,hover,300.1999999997206,300.1999999997206,0.7013346764039284,0.993359375,80,,,,,,2026-06-27T14:08:31.153Z,XZEXGKN2,2026-06-27,2026-06-27,07:08:31,2026-06-27 07:08:31,,,,,,,,69f01fe044b9a5a944ce98b3,69f01fe044b9a5a944ce98b3,,,,
6133,hover_association,2,2,int,5,2,17,18,39, “The ,1248,195,,69f01fe044b9a5a944ce98b3,69f01fe044b9a5a944ce98b3,intermediate,2,69f01fe044b9a5a944ce98b3,69f01fe044b9a5a944ce98b3,spotlight_PROLIFIC,,24,mexico,spanish,english,,spanish:60|English:40,100,spanish:65|English:35,100,spanish:50|English:50,100,15,3,Bachelor's,10,10,10,9,10,10,18,20,20,20,TOEFL,110,,,,,25,25,C2,intermediate|advanced,advanced|intermediate,cambridge_22_25_intermediate_advanced,4,20,random,,193.265625,1233.90625,233.265625,1270.921875,3,15,hover,16.5,16.5,0.3807513718868721,0.043359375,80,,,,,,2026-06-27T14:08:31.153Z,XZEXGKN2,2026-06-27,2026-06-27,07:08:31,2026-06-27 07:08:31,,,,,,,,69f01fe044b9a5a944ce98b3,69f01fe044b9a5a944ce98b3,,,,
6150,hover_association,2,2,int,5,2,17,18,36, thing ,1169,195,,69f01fe044b9a5a944ce98b3,69f01fe044b9a5a944ce98b3,intermediate,2,69f01fe044b9a5a944ce98b3,69f01fe044b9a5a944ce98b3,spotlight_PROLIFIC,,24,mexico,spanish,english,,spanish:60|English:40,100,spanish:65|English:35,100,spanish:50|English:50,100,15,3,Bachelor's,10,10,10,9,10,10,18,20,20,20,TOEFL,110,,,,,25,25,C2,intermediate|advanced,advanced|intermediate,cambridge_22_25_intermediate_advanced,4,20,random,,193.265625,1139.8125,233.265625,1183.859375,3,12,hover,16.700000000186265,16.700000000186265,0.6626463284852785,0.043359375,80,,,,,,2026-06-27T14:08:31.153Z,XZEXGKN2,2026-06-27,2026-06-27,07:08:31,2026-06-27 07:08:31,,,,,,,,69f01fe044b9a5a944ce98b3,69f01fe044b9a5a944ce98b3,,,,
6156,raw_position_sample,2,2,int,5,2,17,18,34, the ,1093,195,1837094.4000000001,69f01fe044b9a5a944ce98b3,69f01fe044b9a5a944ce98b3,intermediate,2,69f01fe044b9a5a944ce98b3,69f01fe044b9a5a944ce98b3,spotlight_PROLIFIC,,24,mexico,spanish,english,,spanish:60|English:40,100,spanish:65|English:35,100,spanish:50|English:50,100,15,3,Bachelor's,10,10,10,9,10,10,18,20,20,20,TOEFL,110,,,,,25,25,C2,intermediate|advanced,advanced|intermediate,cambridge_22_25_intermediate_advanced,4,20,random,,203.265625,1069.75,223.265625,1099.78125,3,10,,,,,,,,,,,,2026-06-27T14:08:31.153Z,XZEXGKN2,2026-06-27,2026-06-27,07:08:31,2026-06-27 07:08:31,,,,,,,,69f01fe044b9a5a944ce98b3,69f01fe044b9a5a944ce98b3,,,,
6167,hover_association,2,2,int,5,2,17,18,34, the ,1093,195,,69f01fe044b9a5a944ce98b3,69f01fe044b9a5a944ce98b3,intermediate,2,69f01fe044b9a5a944ce98b3,69f01fe044b9a5a944ce98b3,spotlight_PROLIFIC,,24,mexico,spanish,english,,spanish:60|English:40,100,spanish:65|English:35,100,spanish:50|English:50,100,15,3,Bachelor's,10,10,10,9,10,10,18,20,20,20,TOEFL,110,,,,,25,25,C2,intermediate|advanced,advanced|intermediate,cambridge_22_25_intermediate_advanced,4,20,random,,193.265625,1069.75,233.265625,1099.78125,3,10,hover,16.699999999720603,16.699999999720603,0.7741935483870968,0.043359375,80,,,,,,2026-06-27T14:08:31.153Z,XZEXGKN2,2026-06-27,2026-06-27,07:08:31,2026-06-27 07:08:31,,,,,,,,69f01fe044b9a5a944ce98b3,69f01fe044b9a5a944ce98b3,,,,
6183,hover_association,2,2,int,5,2,17,18,33, was ,1036,195,,69f01fe044b9a5a944ce98b3,69f01fe044b9a5a944ce98b3,intermediate,2,69f01fe044b9a5a944ce98b3,69f01fe044b9a5a944ce98b3,spotlight_PROLIFIC,,24,mexico,spanish,english,,spanish:60|English:40,100,spanish:65|English:35,100,spanish:50|English:50,100,15,3,Bachelor's,10,10,10,9,10,10,18,20,20,20,TOEFL,110,,,,,25,25,C2,intermediate|advanced,advanced|intermediate,cambridge_22_25_intermediate_advanced,4,20,random,,193.265625,1032.734375,233.265625,1069.75,3,9,hover,16.600000000093132,16.600000000093132,0.08822287885183622,0.043359375,80,,,,,,2026-06-27T14:08:31.153Z,XZEXGKN2,2026-06-27,2026-06-27,07:08:31,2026-06-27 07:08:31,,,,,,,,69f01fe044b9a5a944ce98b3,69f01fe044b9a5a944ce98b3,,,,
6200,hover_association,2,2,int,5,2,17,18,20, qualities. ,995,192,,69f01fe044b9a5a944ce98b3,69f01fe044b9a5a944ce98b3,intermediate,2,69f01fe044b9a5a944ce98b3,69f01fe044b9a5a944ce98b3,spotlight_PROLIFIC,,24,mexico,spanish,english,,spanish:60|English:40,100,spanish:65|English:35,100,spanish:50|English:50,100,15,3,Bachelor's,10,10,10,9,10,10,18,20,20,20,TOEFL,110,,,,,25,25,C2,intermediate|advanced,advanced|intermediate,cambridge_22_25_intermediate_advanced,4,20,random,,153.265625,967.65625,193.265625,1043.703125,2,8,hover,16.600000000093132,16.600000000093132,0.3595644133963427,0.968359375,80,,,,,,2026-06-27T14:08:31.153Z,XZEXGKN2,2026-06-27,2026-06-27,07:08:31,2026-06-27 07:08:31,,,,,,,,69f01fe044b9a5a944ce98b3,69f01fe044b9a5a944ce98b3,,,,
6204,raw_position_sample,2,2,int,5,2,17,18,19, medicinal ,960,189,1837142.5000000002,69f01fe044b9a5a944ce98b3,69f01fe044b9a5a944ce98b3,intermediate,2,69f01fe044b9a5a944ce98b3,69f01fe044b9a5a944ce98b3,spotlight_PROLIFIC,,24,mexico,spanish,english,,spanish:60|English:40,100,spanish:65|English:35,100,spanish:50|English:50,100,15,3,Bachelor's,10,10,10,9,10,10,18,20,20,20,TOEFL,110,,,,,25,25,C2,intermediate|advanced,advanced|intermediate,cambridge_22_25_intermediate_advanced,4,20,random,,163.265625,886.609375,183.265625,967.65625,2,7,,,,,,,,,,,,2026-06-27T14:08:31.153Z,XZEXGKN2,2026-06-27,2026-06-27,07:08:31,2026-06-27 07:08:31,,,,,,,,69f01fe044b9a5a944ce98b3,69f01fe044b9a5a944ce98b3,,,,
6250,hover_association,2,2,int,5,2,17,18,19, medicinal ,960,189,,69f01fe044b9a5a944ce98b3,69f01fe044b9a5a944ce98b3,intermediate,2,69f01fe044b9a5a944ce98b3,69f01fe044b9a5a944ce98b3,spotlight_PROLIFIC,,24,mexico,spanish,english,,spanish:60|English:40,100,spanish:65|English:35,100,spanish:50|English:50,100,15,3,Bachelor's,10,10,10,9,10,10,18,20,20,20,TOEFL,110,,,,,25,25,C2,intermediate|advanced,advanced|intermediate,cambridge_22_25_intermediate_advanced,4,20,random,,153.265625,886.609375,193.265625,967.65625,2,7,hover,50,50,0.20223636013109697,0.818359375,80,,,,,,2026-06-27T14:08:31.153Z,XZEXGKN2,2026-06-27,2026-06-27,07:08:31,2026-06-27 07:08:31,,,,,,,,69f01fe044b9a5a944ce98b3,69f01fe044b9a5a944ce98b3,,,,
6267,hover_association,2,2,int,5,2,17,18,18, have ,863,186,,69f01fe044b9a5a944ce98b3,69f01fe044b9a5a944ce98b3,intermediate,2,69f01fe044b9a5a944ce98b3,69f01fe044b9a5a944ce98b3,spotlight_PROLIFIC,,24,mexico,spanish,english,,spanish:60|English:40,100,spanish:65|English:35,100,spanish:50|English:50,100,15,3,Bachelor's,10,10,10,9,10,10,18,20,20,20,TOEFL,110,,,,,25,25,C2,intermediate|advanced,advanced|intermediate,cambridge_22_25_intermediate_advanced,4,20,random,,153.265625,842.5625,193.265625,886.609375,2,6,hover,16.700000000186265,16.700000000186265,0.46399432422844983,0.818359375,80,,,,,,2026-06-27T14:08:31.153Z,XZEXGKN2,2026-06-27,2026-06-27,07:08:31,2026-06-27 07:08:31,,,,,,,,69f01fe044b9a5a944ce98b3,69f01fe044b9a5a944ce98b3,,,,
6267,raw_position_sample,2,2,int,5,2,17,18,17, and ,816,186,1837205.3,69f01fe044b9a5a944ce98b3,69f01fe044b9a5a944ce98b3,intermediate,2,69f01fe044b9a5a944ce98b3,69f01fe044b9a5a944ce98b3,spotlight_PROLIFIC,,24,mexico,spanish,english,,spanish:60|English:40,100,spanish:65|English:35,100,spanish:50|English:50,100,15,3,Bachelor's,10,10,10,9,10,10,18,20,20,20,TOEFL,110,,,,,25,25,C2,intermediate|advanced,advanced|intermediate,cambridge_22_25_intermediate_advanced,4,20,random,,163.265625,807.515625,183.265625,842.5625,2,5,,,,,,,,,,,,2026-06-27T14:08:31.153Z,XZEXGKN2,2026-06-27,2026-06-27,07:08:31,2026-06-27 07:08:31,,,,,,,,69f01fe044b9a5a944ce98b3,69f01fe044b9a5a944ce98b3,,,,
6283,hover_association,2,2,int,5,2,17,18,17, and ,816,186,,69f01fe044b9a5a944ce98b3,69f01fe044b9a5a944ce98b3,intermediate,2,69f01fe044b9a5a944ce98b3,69f01fe044b9a5a944ce98b3,spotlight_PROLIFIC,,24,mexico,spanish,english,,spanish:60|English:40,100,spanish:65|English:35,100,spanish:50|English:50,100,15,3,Bachelor's,10,10,10,9,10,10,18,20,20,20,TOEFL,110,,,,,25,25,C2,intermediate|advanced,advanced|intermediate,cambridge_22_25_intermediate_advanced,4,20,random,,153.265625,807.515625,193.265625,842.5625,2,5,hover,16.699999999720603,16.699999999720603,0.24208649130628623,0.818359375,80,,,,,,2026-06-27T14:08:31.153Z,XZEXGKN2,2026-06-27,2026-06-27,07:08:31,2026-06-27 07:08:31,,,,,,,,69f01fe044b9a5a944ce98b3,69f01fe044b9a5a944ce98b3,,,,
6316,raw_position_sample,2,2,int,5,2,17,18,16, energy ,761,188,1837253.8,69f01fe044b9a5a944ce98b3,69f01fe044b9a5a944ce98b3,intermediate,2,69f01fe044b9a5a944ce98b3,69f01fe044b9a5a944ce98b3,spotlight_PROLIFIC,,24,mexico,spanish,english,,spanish:60|English:40,100,spanish:65|English:35,100,spanish:50|English:50,100,15,3,Bachelor's,10,10,10,9,10,10,18,20,20,20,TOEFL,110,,,,,25,25,C2,intermediate|advanced,advanced|intermediate,cambridge_22_25_intermediate_advanced,4,20,random,,163.265625,747.46875,183.265625,807.515625,2,4,,,,,,,,,,,,2026-06-27T14:08:31.153Z,XZEXGKN2,2026-06-27,2026-06-27,07:08:31,2026-06-27 07:08:31,,,,,,,,69f01fe044b9a5a944ce98b3,69f01fe044b9a5a944ce98b3,,,,
6317,hover_association,2,2,int,5,2,17,18,16, energy ,786,186,,69f01fe044b9a5a944ce98b3,69f01fe044b9a5a944ce98b3,intermediate,2,69f01fe044b9a5a944ce98b3,69f01fe044b9a5a944ce98b3,spotlight_PROLIFIC,,24,mexico,spanish,english,,spanish:60|English:40,100,spanish:65|English:35,100,spanish:50|English:50,100,15,3,Bachelor's,10,10,10,9,10,10,18,20,20,20,TOEFL,110,,,,,25,25,C2,intermediate|advanced,advanced|intermediate,cambridge_22_25_intermediate_advanced,4,20,random,,153.265625,747.46875,193.265625,807.515625,2,4,hover,33.3000000002794,33.3000000002794,0.2253447827218319,0.868359375,80,,,,,,2026-06-27T14:08:31.153Z,XZEXGKN2,2026-06-27,2026-06-27,07:08:31,2026-06-27 07:08:31,,,,,,,,69f01fe044b9a5a944ce98b3,69f01fe044b9a5a944ce98b3,,,,
6356,raw_position_sample,2,2,int,5,2,17,18,15, provide ,732,192,1837294.5999999999,69f01fe044b9a5a944ce98b3,69f01fe044b9a5a944ce98b3,intermediate,2,69f01fe044b9a5a944ce98b3,69f01fe044b9a5a944ce98b3,spotlight_PROLIFIC,,24,mexico,spanish,english,,spanish:60|English:40,100,spanish:65|English:35,100,spanish:50|English:50,100,15,3,Bachelor's,10,10,10,9,10,10,18,20,20,20,TOEFL,110,,,,,25,25,C2,intermediate|advanced,advanced|intermediate,cambridge_22_25_intermediate_advanced,4,20,random,,163.265625,683.421875,183.265625,747.46875,2,3,,,,,,,,,,,,2026-06-27T14:08:31.153Z,XZEXGKN2,2026-06-27,2026-06-27,07:08:31,2026-06-27 07:08:31,,,,,,,,69f01fe044b9a5a944ce98b3,69f01fe044b9a5a944ce98b3,,,,
6367,hover_association,2,2,int,5,2,17,18,15, provide ,741,189,,69f01fe044b9a5a944ce98b3,69f01fe044b9a5a944ce98b3,intermediate,2,69f01fe044b9a5a944ce98b3,69f01fe044b9a5a944ce98b3,spotlight_PROLIFIC,,24,mexico,spanish,english,,spanish:60|English:40,100,spanish:65|English:35,100,spanish:50|English:50,100,15,3,Bachelor's,10,10,10,9,10,10,18,20,20,20,TOEFL,110,,,,,25,25,C2,intermediate|advanced,advanced|intermediate,cambridge_22_25_intermediate_advanced,4,20,random,,153.265625,683.421875,193.265625,747.46875,2,3,hover,50.09999999962747,50.09999999962747,0.7584776774823128,0.968359375,80,,,,,,2026-06-27T14:08:31.153Z,XZEXGKN2,2026-06-27,2026-06-27,07:08:31,2026-06-27 07:08:31,,,,,,,,69f01fe044b9a5a944ce98b3,69f01fe044b9a5a944ce98b3,,,,
6404,raw_position_sample,2,2,int,5,2,17,18,27, defending ,722,197,1837342.3,69f01fe044b9a5a944ce98b3,69f01fe044b9a5a944ce98b3,intermediate,2,69f01fe044b9a5a944ce98b3,69f01fe044b9a5a944ce98b3,spotlight_PROLIFIC,,24,mexico,spanish,english,,spanish:60|English:40,100,spanish:65|English:35,100,spanish:50|English:50,100,15,3,Bachelor's,10,10,10,9,10,10,18,20,20,20,TOEFL,110,,,,,25,25,C2,intermediate|advanced,advanced|intermediate,cambridge_22_25_intermediate_advanced,4,20,random,,203.265625,698.4375,223.265625,782.515625,3,3,,,,,,,,,,,,2026-06-27T14:08:31.153Z,XZEXGKN2,2026-06-27,2026-06-27,07:08:31,2026-06-27 07:08:31,,,,,,,,69f01fe044b9a5a944ce98b3,69f01fe044b9a5a944ce98b3,,,,
6450,hover_association,2,2,int,5,2,17,18,27, defending ,729,194,,69f01fe044b9a5a944ce98b3,69f01fe044b9a5a944ce98b3,intermediate,2,69f01fe044b9a5a944ce98b3,69f01fe044b9a5a944ce98b3,spotlight_PROLIFIC,,24,mexico,spanish,english,,spanish:60|English:40,100,spanish:65|English:35,100,spanish:50|English:50,100,15,3,Bachelor's,10,10,10,9,10,10,18,20,20,20,TOEFL,110,,,,,25,25,C2,intermediate|advanced,advanced|intermediate,cambridge_22_25_intermediate_advanced,4,20,random,,193.265625,698.4375,233.265625,782.515625,3,3,hover,83.3000000002794,83.3000000002794,0.11373350678312581,0.093359375,80,,,,,,2026-06-27T14:08:31.153Z,XZEXGKN2,2026-06-27,2026-06-27,07:08:31,2026-06-27 07:08:31,,,,,,,,69f01fe044b9a5a944ce98b3,69f01fe044b9a5a944ce98b3,,,,
6466,raw_position_sample,2,2,int,5,2,17,18,26, that ,698,197,1837404.3,69f01fe044b9a5a944ce98b3,69f01fe044b9a5a944ce98b3,intermediate,2,69f01fe044b9a5a944ce98b3,69f01fe044b9a5a944ce98b3,spotlight_PROLIFIC,,24,mexico,spanish,english,,spanish:60|English:40,100,spanish:65|English:35,100,spanish:50|English:50,100,15,3,Bachelor's,10,10,10,9,10,10,18,20,20,20,TOEFL,110,,,,,25,25,C2,intermediate|advanced,advanced|intermediate,cambridge_22_25_intermediate_advanced,4,20,random,,203.265625,663.40625,223.265625,698.4375,3,2,,,,,,,,,,,,2026-06-27T14:08:31.153Z,XZEXGKN2,2026-06-27,2026-06-27,07:08:31,2026-06-27 07:08:31,,,,,,,,69f01fe044b9a5a944ce98b3,69f01fe044b9a5a944ce98b3,,,,
6512,raw_position_sample,2,2,int,5,2,17,18,26, that ,664,206,1837449.5999999999,69f01fe044b9a5a944ce98b3,69f01fe044b9a5a944ce98b3,intermediate,2,69f01fe044b9a5a944ce98b3,69f01fe044b9a5a944ce98b3,spotlight_PROLIFIC,,24,mexico,spanish,english,,spanish:60|English:40,100,spanish:65|English:35,100,spanish:50|English:50,100,15,3,Bachelor's,10,10,10,9,10,10,18,20,20,20,TOEFL,110,,,,,25,25,C2,intermediate|advanced,advanced|intermediate,cambridge_22_25_intermediate_advanced,4,20,random,,203.265625,663.40625,223.265625,698.4375,3,2,,,,,,,,,,,,2026-06-27T14:08:31.153Z,XZEXGKN2,2026-06-27,2026-06-27,07:08:31,2026-06-27 07:08:31,,,,,,,,69f01fe044b9a5a944ce98b3,69f01fe044b9a5a944ce98b3,,,,
6517,hover_association,2,2,int,5,2,17,18,26, that ,698,197,,69f01fe044b9a5a944ce98b3,69f01fe044b9a5a944ce98b3,intermediate,2,69f01fe044b9a5a944ce98b3,69f01fe044b9a5a944ce98b3,spotlight_PROLIFIC,,24,mexico,spanish,english,,spanish:60|English:40,100,spanish:65|English:35,100,spanish:50|English:50,100,15,3,Bachelor's,10,10,10,9,10,10,18,20,20,20,TOEFL,110,,,,,25,25,C2,intermediate|advanced,advanced|intermediate,cambridge_22_25_intermediate_advanced,4,20,random,,193.265625,663.40625,233.265625,698.4375,3,2,hover,66.60000000009313,66.60000000009313,0.01694915254237288,0.318359375,80,,,,,,2026-06-27T14:08:31.153Z,XZEXGKN2,2026-06-27,2026-06-27,07:08:31,2026-06-27 07:08:31,,,,,,,,69f01fe044b9a5a944ce98b3,69f01fe044b9a5a944ce98b3,,,,
6556,raw_position_sample,2,2,int,5,2,17,18,25, said ,647,207,1837494.4000000001,69f01fe044b9a5a944ce98b3,69f01fe044b9a5a944ce98b3,intermediate,2,69f01fe044b9a5a944ce98b3,69f01fe044b9a5a944ce98b3,spotlight_PROLIFIC,,24,mexico,spanish,english,,spanish:60|English:40,100,spanish:65|English:35,100,spanish:50|English:50,100,15,3,Bachelor's,10,10,10,9,10,10,18,20,20,20,TOEFL,110,,,,,25,25,C2,intermediate|advanced,advanced|intermediate,cambridge_22_25_intermediate_advanced,4,20,random,,203.265625,625.375,223.265625,663.40625,3,1,,,,,,,,,,,,2026-06-27T14:08:31.153Z,XZEXGKN2,2026-06-27,2026-06-27,07:08:31,2026-06-27 07:08:31,,,,,,,,69f01fe044b9a5a944ce98b3,69f01fe044b9a5a944ce98b3,,,,
6616,raw_position_sample,2,2,int,5,2,17,18,25, said ,631,210,1837554.0000000002,69f01fe044b9a5a944ce98b3,69f01fe044b9a5a944ce98b3,intermediate,2,69f01fe044b9a5a944ce98b3,69f01fe044b9a5a944ce98b3,spotlight_PROLIFIC,,24,mexico,spanish,english,,spanish:60|English:40,100,spanish:65|English:35,100,spanish:50|English:50,100,15,3,Bachelor's,10,10,10,9,10,10,18,20,20,20,TOEFL,110,,,,,25,25,C2,intermediate|advanced,advanced|intermediate,cambridge_22_25_intermediate_advanced,4,20,random,,203.265625,625.375,223.265625,663.40625,3,1,,,,,,,,,,,,2026-06-27T14:08:31.153Z,XZEXGKN2,2026-06-27,2026-06-27,07:08:31,2026-06-27 07:08:31,,,,,,,,69f01fe044b9a5a944ce98b3,69f01fe044b9a5a944ce98b3,,,,
6653,raw_position_sample,2,2,int,5,2,17,18,25, said ,630,213,1837591.0999999999,69f01fe044b9a5a944ce98b3,69f01fe044b9a5a944ce98b3,intermediate,2,69f01fe044b9a5a944ce98b3,69f01fe044b9a5a944ce98b3,spotlight_PROLIFIC,,24,mexico,spanish,english,,spanish:60|English:40,100,spanish:65|English:35,100,spanish:50|English:50,100,15,3,Bachelor's,10,10,10,9,10,10,18,20,20,20,TOEFL,110,,,,,25,25,C2,intermediate|advanced,advanced|intermediate,cambridge_22_25_intermediate_advanced,4,20,random,,203.265625,625.375,223.265625,663.40625,3,1,,,,,,,,,,,,2026-06-27T14:08:31.153Z,XZEXGKN2,2026-06-27,2026-06-27,07:08:31,2026-06-27 07:08:31,,,,,,,,69f01fe044b9a5a944ce98b3,69f01fe044b9a5a944ce98b3,,,,
6708,raw_position_sample,2,2,int,5,2,17,18,25, said ,631,214,1837646.0999999999,69f01fe044b9a5a944ce98b3,69f01fe044b9a5a944ce98b3,intermediate,2,69f01fe044b9a5a944ce98b3,69f01fe044b9a5a944ce98b3,spotlight_PROLIFIC,,24,mexico,spanish,english,,spanish:60|English:40,100,spanish:65|English:35,100,spanish:50|English:50,100,15,3,Bachelor's,10,10,10,9,10,10,18,20,20,20,TOEFL,110,,,,,25,25,C2,intermediate|advanced,advanced|intermediate,cambridge_22_25_intermediate_advanced,4,20,random,,203.265625,625.375,223.265625,663.40625,3,1,,,,,,,,,,,,2026-06-27T14:08:31.153Z,XZEXGKN2,2026-06-27,2026-06-27,07:08:31,2026-06-27 07:08:31,,,,,,,,69f01fe044b9a5a944ce98b3,69f01fe044b9a5a944ce98b3,,,,
6756,raw_position_sample,2,2,int,5,2,17,18,25, said ,643,217,1837694.4000000001,69f01fe044b9a5a944ce98b3,69f01fe044b9a5a944ce98b3,intermediate,2,69f01fe044b9a5a944ce98b3,69f01fe044b9a5a944ce98b3,spotlight_PROLIFIC,,24,mexico,spanish,english,,spanish:60|English:40,100,spanish:65|English:35,100,spanish:50|English:50,100,15,3,Bachelor's,10,10,10,9,10,10,18,20,20,20,TOEFL,110,,,,,25,25,C2,intermediate|advanced,advanced|intermediate,cambridge_22_25_intermediate_advanced,4,20,random,,203.265625,625.375,223.265625,663.40625,3,1,,,,,,,,,,,,2026-06-27T14:08:31.153Z,XZEXGKN2,2026-06-27,2026-06-27,07:08:31,2026-06-27 07:08:31,,,,,,,,69f01fe044b9a5a944ce98b3,69f01fe044b9a5a944ce98b3,,,,
6783,hover_association,2,2,int,5,2,17,18,25, said ,656,207,,69f01fe044b9a5a944ce98b3,69f01fe044b9a5a944ce98b3,intermediate,2,69f01fe044b9a5a944ce98b3,69f01fe044b9a5a944ce98b3,spotlight_PROLIFIC,,24,mexico,spanish,english,,spanish:60|English:40,100,spanish:65|English:35,100,spanish:50|English:50,100,15,3,Bachelor's,10,10,10,9,10,10,18,20,20,20,TOEFL,110,,,,,25,25,C2,intermediate|advanced,advanced|intermediate,cambridge_22_25_intermediate_advanced,4,20,random,,193.265625,625.375,233.265625,663.40625,3,1,hover,266.59999999962747,266.59999999962747,0.7000821692686935,0.593359375,80,,,,,,2026-06-27T14:08:31.153Z,XZEXGKN2,2026-06-27,2026-06-27,07:08:31,2026-06-27 07:08:31,,,,,,,,69f01fe044b9a5a944ce98b3,69f01fe044b9a5a944ce98b3,,,,
6804,raw_position_sample,2,2,int,5,2,17,18,26, that ,676,220,1837742.4000000001,69f01fe044b9a5a944ce98b3,69f01fe044b9a5a944ce98b3,intermediate,2,69f01fe044b9a5a944ce98b3,69f01fe044b9a5a944ce98b3,spotlight_PROLIFIC,,24,mexico,spanish,english,,spanish:60|English:40,100,spanish:65|English:35,100,spanish:50|English:50,100,15,3,Bachelor's,10,10,10,9,10,10,18,20,20,20,TOEFL,110,,,,,25,25,C2,intermediate|advanced,advanced|intermediate,cambridge_22_25_intermediate_advanced,4,20,random,,203.265625,663.40625,223.265625,698.4375,3,2,,,,,,,,,,,,2026-06-27T14:08:31.153Z,XZEXGKN2,2026-06-27,2026-06-27,07:08:31,2026-06-27 07:08:31,,,,,,,,69f01fe044b9a5a944ce98b3,69f01fe044b9a5a944ce98b3,,,,
6866,raw_position_sample,2,2,int,5,2,17,18,26, that ,697,220,1837804.0000000002,69f01fe044b9a5a944ce98b3,69f01fe044b9a5a944ce98b3,intermediate,2,69f01fe044b9a5a944ce98b3,69f01fe044b9a5a944ce98b3,spotlight_PROLIFIC,,24,mexico,spanish,english,,spanish:60|English:40,100,spanish:65|English:35,100,spanish:50|English:50,100,15,3,Bachelor's,10,10,10,9,10,10,18,20,20,20,TOEFL,110,,,,,25,25,C2,intermediate|advanced,advanced|intermediate,cambridge_22_25_intermediate_advanced,4,20,random,,203.265625,663.40625,223.265625,698.4375,3,2,,,,,,,,,,,,2026-06-27T14:08:31.153Z,XZEXGKN2,2026-06-27,2026-06-27,07:08:31,2026-06-27 07:08:31,,,,,,,,69f01fe044b9a5a944ce98b3,69f01fe044b9a5a944ce98b3,,,,
6867,hover_association,2,2,int,5,2,17,18,26, that ,665,218,,69f01fe044b9a5a944ce98b3,69f01fe044b9a5a944ce98b3,intermediate,2,69f01fe044b9a5a944ce98b3,69f01fe044b9a5a944ce98b3,spotlight_PROLIFIC,,24,mexico,spanish,english,,spanish:60|English:40,100,spanish:65|English:35,100,spanish:50|English:50,100,15,3,Bachelor's,10,10,10,9,10,10,18,20,20,20,TOEFL,110,,,,,25,25,C2,intermediate|advanced,advanced|intermediate,cambridge_22_25_intermediate_advanced,4,20,random,,193.265625,663.40625,233.265625,698.4375,3,2,hover,83.40000000037253,83.40000000037253,0.9589652096342551,0.668359375,80,,,,,,2026-06-27T14:08:31.153Z,XZEXGKN2,2026-06-27,2026-06-27,07:08:31,2026-06-27 07:08:31,,,,,,,,69f01fe044b9a5a944ce98b3,69f01fe044b9a5a944ce98b3,,,,
6916,raw_position_sample,2,2,int,5,2,17,18,27, defending ,719,218,1837853.9000000001,69f01fe044b9a5a944ce98b3,69f01fe044b9a5a944ce98b3,intermediate,2,69f01fe044b9a5a944ce98b3,69f01fe044b9a5a944ce98b3,spotlight_PROLIFIC,,24,mexico,spanish,english,,spanish:60|English:40,100,spanish:65|English:35,100,spanish:50|English:50,100,15,3,Bachelor's,10,10,10,9,10,10,18,20,20,20,TOEFL,110,,,,,25,25,C2,intermediate|advanced,advanced|intermediate,cambridge_22_25_intermediate_advanced,4,20,random,,203.265625,698.4375,223.265625,782.515625,3,3,,,,,,,,,,,,2026-06-27T14:08:31.153Z,XZEXGKN2,2026-06-27,2026-06-27,07:08:31,2026-06-27 07:08:31,,,,,,,,69f01fe044b9a5a944ce98b3,69f01fe044b9a5a944ce98b3,,,,
6957,raw_position_sample,2,2,int,5,2,17,18,27, defending ,753,214,1837894.5000000002,69f01fe044b9a5a944ce98b3,69f01fe044b9a5a944ce98b3,intermediate,2,69f01fe044b9a5a944ce98b3,69f01fe044b9a5a944ce98b3,spotlight_PROLIFIC,,24,mexico,spanish,english,,spanish:60|English:40,100,spanish:65|English:35,100,spanish:50|English:50,100,15,3,Bachelor's,10,10,10,9,10,10,18,20,20,20,TOEFL,110,,,,,25,25,C2,intermediate|advanced,advanced|intermediate,cambridge_22_25_intermediate_advanced,4,20,random,,203.265625,698.4375,223.265625,782.515625,3,3,,,,,,,,,,,,2026-06-27T14:08:31.153Z,XZEXGKN2,2026-06-27,2026-06-27,07:08:31,2026-06-27 07:08:31,,,,,,,,69f01fe044b9a5a944ce98b3,69f01fe044b9a5a944ce98b3,,,,
7004,raw_position_sample,2,2,int,5,2,17,18,27, defending ,768,214,1837942.4000000001,69f01fe044b9a5a944ce98b3,69f01fe044b9a5a944ce98b3,intermediate,2,69f01fe044b9a5a944ce98b3,69f01fe044b9a5a944ce98b3,spotlight_PROLIFIC,,24,mexico,spanish,english,,spanish:60|English:40,100,spanish:65|English:35,100,spanish:50|English:50,100,15,3,Bachelor's,10,10,10,9,10,10,18,20,20,20,TOEFL,110,,,,,25,25,C2,intermediate|advanced,advanced|intermediate,cambridge_22_25_intermediate_advanced,4,20,random,,203.265625,698.4375,223.265625,782.515625,3,3,,,,,,,,,,,,2026-06-27T14:08:31.153Z,XZEXGKN2,2026-06-27,2026-06-27,07:08:31,2026-06-27 07:08:31,,,,,,,,69f01fe044b9a5a944ce98b3,69f01fe044b9a5a944ce98b3,,,,
7033,hover_association,2,2,int,5,2,17,18,27, defending ,704,220,,69f01fe044b9a5a944ce98b3,69f01fe044b9a5a944ce98b3,intermediate,2,69f01fe044b9a5a944ce98b3,69f01fe044b9a5a944ce98b3,spotlight_PROLIFIC,,24,mexico,spanish,english,,spanish:60|English:40,100,spanish:65|English:35,100,spanish:50|English:50,100,15,3,Bachelor's,10,10,10,9,10,10,18,20,20,20,TOEFL,110,,,,,25,25,C2,intermediate|advanced,advanced|intermediate,cambridge_22_25_intermediate_advanced,4,20,random,,193.265625,698.4375,233.265625,782.515625,3,3,hover,166.6999999997206,166.6999999997206,0.9343988106299944,0.518359375,80,,,,,,2026-06-27T14:08:31.153Z,XZEXGKN2,2026-06-27,2026-06-27,07:08:31,2026-06-27 07:08:31,,,,,,,,69f01fe044b9a5a944ce98b3,69f01fe044b9a5a944ce98b3,,,,
7053,raw_position_sample,2,2,int,5,2,17,18,28, the ,796,214,1837991.3,69f01fe044b9a5a944ce98b3,69f01fe044b9a5a944ce98b3,intermediate,2,69f01fe044b9a5a944ce98b3,69f01fe044b9a5a944ce98b3,spotlight_PROLIFIC,,24,mexico,spanish,english,,spanish:60|English:40,100,spanish:65|English:35,100,spanish:50|English:50,100,15,3,Bachelor's,10,10,10,9,10,10,18,20,20,20,TOEFL,110,,,,,25,25,C2,intermediate|advanced,advanced|intermediate,cambridge_22_25_intermediate_advanced,4,20,random,,203.265625,782.515625,223.265625,812.546875,3,4,,,,,,,,,,,,2026-06-27T14:08:31.153Z,XZEXGKN2,2026-06-27,2026-06-27,07:08:31,2026-06-27 07:08:31,,,,,,,,69f01fe044b9a5a944ce98b3,69f01fe044b9a5a944ce98b3,,,,
7083,hover_association,2,2,int,5,2,17,18,28, the ,787,214,,69f01fe044b9a5a944ce98b3,69f01fe044b9a5a944ce98b3,intermediate,2,69f01fe044b9a5a944ce98b3,69f01fe044b9a5a944ce98b3,spotlight_PROLIFIC,,24,mexico,spanish,english,,spanish:60|English:40,100,spanish:65|English:35,100,spanish:50|English:50,100,15,3,Bachelor's,10,10,10,9,10,10,18,20,20,20,TOEFL,110,,,,,25,25,C2,intermediate|advanced,advanced|intermediate,cambridge_22_25_intermediate_advanced,4,20,random,,193.265625,782.515625,233.265625,812.546875,3,4,hover,49.89999999990687,49.89999999990687,0.8152965660770031,0.518359375,80,,,,,,2026-06-27T14:08:31.153Z,XZEXGKN2,2026-06-27,2026-06-27,07:08:31,2026-06-27 07:08:31,,,,,,,,69f01fe044b9a5a944ce98b3,69f01fe044b9a5a944ce98b3,,,,
7116,raw_position_sample,2,2,int,5,2,17,18,29, rights ,820,214,1838053.5999999999,69f01fe044b9a5a944ce98b3,69f01fe044b9a5a944ce98b3,intermediate,2,69f01fe044b9a5a944ce98b3,69f01fe044b9a5a944ce98b3,spotlight_PROLIFIC,,24,mexico,spanish,english,,spanish:60|English:40,100,spanish:65|English:35,100,spanish:50|English:50,100,15,3,Bachelor's,10,10,10,9,10,10,18,20,20,20,TOEFL,110,,,,,25,25,C2,intermediate|advanced,advanced|intermediate,cambridge_22_25_intermediate_advanced,4,20,random,,203.265625,812.546875,223.265625,861.578125,3,5,,,,,,,,,,,,2026-06-27T14:08:31.153Z,XZEXGKN2,2026-06-27,2026-06-27,07:08:31,2026-06-27 07:08:31,,,,,,,,69f01fe044b9a5a944ce98b3,69f01fe044b9a5a944ce98b3,,,,
7156,raw_position_sample,2,2,int,5,2,17,18,29, rights ,843,215,1838094.4000000001,69f01fe044b9a5a944ce98b3,69f01fe044b9a5a944ce98b3,intermediate,2,69f01fe044b9a5a944ce98b3,69f01fe044b9a5a944ce98b3,spotlight_PROLIFIC,,24,mexico,spanish,english,,spanish:60|English:40,100,spanish:65|English:35,100,spanish:50|English:50,100,15,3,Bachelor's,10,10,10,9,10,10,18,20,20,20,TOEFL,110,,,,,25,25,C2,intermediate|advanced,advanced|intermediate,cambridge_22_25_intermediate_advanced,4,20,random,,203.265625,812.546875,223.265625,861.578125,3,5,,,,,,,,,,,,2026-06-27T14:08:31.153Z,XZEXGKN2,2026-06-27,2026-06-27,07:08:31,2026-06-27 07:08:31,,,,,,,,69f01fe044b9a5a944ce98b3,69f01fe044b9a5a944ce98b3,,,,
7183,hover_association,2,2,int,5,2,17,18,29, rights ,815,214,,69f01fe044b9a5a944ce98b3,69f01fe044b9a5a944ce98b3,intermediate,2,69f01fe044b9a5a944ce98b3,69f01fe044b9a5a944ce98b3,spotlight_PROLIFIC,,24,mexico,spanish,english,,spanish:60|English:40,100,spanish:65|English:35,100,spanish:50|English:50,100,15,3,Bachelor's,10,10,10,9,10,10,18,20,20,20,TOEFL,110,,,,,25,25,C2,intermediate|advanced,advanced|intermediate,cambridge_22_25_intermediate_advanced,4,20,random,,193.265625,812.546875,233.265625,861.578125,3,5,hover,100.20000000018626,100.20000000018626,0.8862332695984704,0.543359375,80,,,,,,2026-06-27T14:08:31.153Z,XZEXGKN2,2026-06-27,2026-06-27,07:08:31,2026-06-27 07:08:31,,,,,,,,69f01fe044b9a5a944ce98b3,69f01fe044b9a5a944ce98b3,,,,
7200,hover_association,2,2,int,5,2,17,18,30, of ,873,215,,69f01fe044b9a5a944ce98b3,69f01fe044b9a5a944ce98b3,intermediate,2,69f01fe044b9a5a944ce98b3,69f01fe044b9a5a944ce98b3,spotlight_PROLIFIC,,24,mexico,spanish,english,,spanish:60|English:40,100,spanish:65|English:35,100,spanish:50|English:50,100,15,3,Bachelor's,10,10,10,9,10,10,18,20,20,20,TOEFL,110,,,,,25,25,C2,intermediate|advanced,advanced|intermediate,cambridge_22_25_intermediate_advanced,4,20,random,,193.265625,861.578125,233.265625,881.59375,3,6,hover,16.799999999813735,16.799999999813735,0.570647931303669,0.543359375,80,,,,,,2026-06-27T14:08:31.153Z,XZEXGKN2,2026-06-27,2026-06-27,07:08:31,2026-06-27 07:08:31,,,,,,,,69f01fe044b9a5a944ce98b3,69f01fe044b9a5a944ce98b3,,,,
7204,raw_position_sample,2,2,int,5,2,17,18,31, indigenous ,895,215,1838142.3,69f01fe044b9a5a944ce98b3,69f01fe044b9a5a944ce98b3,intermediate,2,69f01fe044b9a5a944ce98b3,69f01fe044b9a5a944ce98b3,spotlight_PROLIFIC,,24,mexico,spanish,english,,spanish:60|English:40,100,spanish:65|English:35,100,spanish:50|English:50,100,15,3,Bachelor's,10,10,10,9,10,10,18,20,20,20,TOEFL,110,,,,,25,25,C2,intermediate|advanced,advanced|intermediate,cambridge_22_25_intermediate_advanced,4,20,random,,203.265625,881.59375,223.265625,973.671875,3,7,,,,,,,,,,,,2026-06-27T14:08:31.153Z,XZEXGKN2,2026-06-27,2026-06-27,07:08:31,2026-06-27 07:08:31,,,,,,,,69f01fe044b9a5a944ce98b3,69f01fe044b9a5a944ce98b3,,,,
7266,raw_position_sample,2,2,int,5,2,17,18,31, indigenous ,937,209,1838204.2,69f01fe044b9a5a944ce98b3,69f01fe044b9a5a944ce98b3,intermediate,2,69f01fe044b9a5a944ce98b3,69f01fe044b9a5a944ce98b3,spotlight_PROLIFIC,,24,mexico,spanish,english,,spanish:60|English:40,100,spanish:65|English:35,100,spanish:50|English:50,100,15,3,Bachelor's,10,10,10,9,10,10,18,20,20,20,TOEFL,110,,,,,25,25,C2,intermediate|advanced,advanced|intermediate,cambridge_22_25_intermediate_advanced,4,20,random,,203.265625,881.59375,223.265625,973.671875,3,7,,,,,,,,,,,,2026-06-27T14:08:31.153Z,XZEXGKN2,2026-06-27,2026-06-27,07:08:31,2026-06-27 07:08:31,,,,,,,,69f01fe044b9a5a944ce98b3,69f01fe044b9a5a944ce98b3,,,,
7316,raw_position_sample,2,2,int,5,2,17,18,31, indigenous ,960,206,1838254.5000000002,69f01fe044b9a5a944ce98b3,69f01fe044b9a5a944ce98b3,intermediate,2,69f01fe044b9a5a944ce98b3,69f01fe044b9a5a944ce98b3,spotlight_PROLIFIC,,24,mexico,spanish,english,,spanish:60|English:40,100,spanish:65|English:35,100,spanish:50|English:50,100,15,3,Bachelor's,10,10,10,9,10,10,18,20,20,20,TOEFL,110,,,,,25,25,C2,intermediate|advanced,advanced|intermediate,cambridge_22_25_intermediate_advanced,4,20,random,,203.265625,881.59375,223.265625,973.671875,3,7,,,,,,,,,,,,2026-06-27T14:08:31.153Z,XZEXGKN2,2026-06-27,2026-06-27,07:08:31,2026-06-27 07:08:31,,,,,,,,69f01fe044b9a5a944ce98b3,69f01fe044b9a5a944ce98b3,,,,
7357,raw_position_sample,2,2,int,5,2,17,18,31, indigenous ,972,205,1838294.7,69f01fe044b9a5a944ce98b3,69f01fe044b9a5a944ce98b3,intermediate,2,69f01fe044b9a5a944ce98b3,69f01fe044b9a5a944ce98b3,spotlight_PROLIFIC,,24,mexico,spanish,english,,spanish:60|English:40,100,spanish:65|English:35,100,spanish:50|English:50,100,15,3,Bachelor's,10,10,10,9,10,10,18,20,20,20,TOEFL,110,,,,,25,25,C2,intermediate|advanced,advanced|intermediate,cambridge_22_25_intermediate_advanced,4,20,random,,203.265625,881.59375,223.265625,973.671875,3,7,,,,,,,,,,,,2026-06-27T14:08:31.153Z,XZEXGKN2,2026-06-27,2026-06-27,07:08:31,2026-06-27 07:08:31,,,,,,,,69f01fe044b9a5a944ce98b3,69f01fe044b9a5a944ce98b3,,,,
7367,hover_association,2,2,int,5,2,17,18,31, indigenous ,895,215,,69f01fe044b9a5a944ce98b3,69f01fe044b9a5a944ce98b3,intermediate,2,69f01fe044b9a5a944ce98b3,69f01fe044b9a5a944ce98b3,spotlight_PROLIFIC,,24,mexico,spanish,english,,spanish:60|English:40,100,spanish:65|English:35,100,spanish:50|English:50,100,15,3,Bachelor's,10,10,10,9,10,10,18,20,20,20,TOEFL,110,,,,,25,25,C2,intermediate|advanced,advanced|intermediate,cambridge_22_25_intermediate_advanced,4,20,random,,193.265625,881.59375,233.265625,973.671875,3,7,hover,166.60000000009313,166.60000000009313,0.9818428644154081,0.293359375,80,,,,,,2026-06-27T14:08:31.153Z,XZEXGKN2,2026-06-27,2026-06-27,07:08:31,2026-06-27 07:08:31,,,,,,,,69f01fe044b9a5a944ce98b3,69f01fe044b9a5a944ce98b3,,,,
7404,raw_position_sample,2,2,int,5,2,17,18,32, people ,1010,206,1838342.4000000001,69f01fe044b9a5a944ce98b3,69f01fe044b9a5a944ce98b3,intermediate,2,69f01fe044b9a5a944ce98b3,69f01fe044b9a5a944ce98b3,spotlight_PROLIFIC,,24,mexico,spanish,english,,spanish:60|English:40,100,spanish:65|English:35,100,spanish:50|English:50,100,15,3,Bachelor's,10,10,10,9,10,10,18,20,20,20,TOEFL,110,,,,,25,25,C2,intermediate|advanced,advanced|intermediate,cambridge_22_25_intermediate_advanced,4,20,random,,203.265625,973.671875,223.265625,1032.734375,3,8,,,,,,,,,,,,2026-06-27T14:08:31.153Z,XZEXGKN2,2026-06-27,2026-06-27,07:08:31,2026-06-27 07:08:31,,,,,,,,69f01fe044b9a5a944ce98b3,69f01fe044b9a5a944ce98b3,,,,
7433,hover_association,2,2,int,5,2,17,18,32, people ,980,205,,69f01fe044b9a5a944ce98b3,69f01fe044b9a5a944ce98b3,intermediate,2,69f01fe044b9a5a944ce98b3,69f01fe044b9a5a944ce98b3,spotlight_PROLIFIC,,24,mexico,spanish,english,,spanish:60|English:40,100,spanish:65|English:35,100,spanish:50|English:50,100,15,3,Bachelor's,10,10,10,9,10,10,18,20,20,20,TOEFL,110,,,,,25,25,C2,intermediate|advanced,advanced|intermediate,cambridge_22_25_intermediate_advanced,4,20,random,,193.265625,973.671875,233.265625,1032.734375,3,8,hover,66.5,66.5,0.9029100529100529,0.368359375,80,,,,,,2026-06-27T14:08:31.153Z,XZEXGKN2,2026-06-27,2026-06-27,07:08:31,2026-06-27 07:08:31,,,,,,,,69f01fe044b9a5a944ce98b3,69f01fe044b9a5a944ce98b3,,,,
7455,raw_position_sample,2,2,int,5,2,17,18,33, was ,1053,212,1838393.0000000002,69f01fe044b9a5a944ce98b3,69f01fe044b9a5a944ce98b3,intermediate,2,69f01fe044b9a5a944ce98b3,69f01fe044b9a5a944ce98b3,spotlight_PROLIFIC,,24,mexico,spanish,english,,spanish:60|English:40,100,spanish:65|English:35,100,spanish:50|English:50,100,15,3,Bachelor's,10,10,10,9,10,10,18,20,20,20,TOEFL,110,,,,,25,25,C2,intermediate|advanced,advanced|intermediate,cambridge_22_25_intermediate_advanced,4,20,random,,203.265625,1032.734375,223.265625,1069.75,3,9,,,,,,,,,,,,2026-06-27T14:08:31.153Z,XZEXGKN2,2026-06-27,2026-06-27,07:08:31,2026-06-27 07:08:31,,,,,,,,69f01fe044b9a5a944ce98b3,69f01fe044b9a5a944ce98b3,,,,
7517,hover_association,2,2,int,5,2,17,18,33, was ,1043,210,,69f01fe044b9a5a944ce98b3,69f01fe044b9a5a944ce98b3,intermediate,2,69f01fe044b9a5a944ce98b3,69f01fe044b9a5a944ce98b3,spotlight_PROLIFIC,,24,mexico,spanish,english,,spanish:60|English:40,100,spanish:65|English:35,100,spanish:50|English:50,100,15,3,Bachelor's,10,10,10,9,10,10,18,20,20,20,TOEFL,110,,,,,25,25,C2,intermediate|advanced,advanced|intermediate,cambridge_22_25_intermediate_advanced,4,20,random,,193.265625,1032.734375,233.265625,1069.75,3,9,hover,83.20000000018626,83.20000000018626,0.9257070493879274,0.543359375,80,,,,,,2026-06-27T14:08:31.153Z,XZEXGKN2,2026-06-27,2026-06-27,07:08:31,2026-06-27 07:08:31,,,,,,,,69f01fe044b9a5a944ce98b3,69f01fe044b9a5a944ce98b3,,,,
7517,raw_position_sample,2,2,int,5,2,17,18,34, the ,1079,216,1838455.3,69f01fe044b9a5a944ce98b3,69f01fe044b9a5a944ce98b3,intermediate,2,69f01fe044b9a5a944ce98b3,69f01fe044b9a5a944ce98b3,spotlight_PROLIFIC,,24,mexico,spanish,english,,spanish:60|English:40,100,spanish:65|English:35,100,spanish:50|English:50,100,15,3,Bachelor's,10,10,10,9,10,10,18,20,20,20,TOEFL,110,,,,,25,25,C2,intermediate|advanced,advanced|intermediate,cambridge_22_25_intermediate_advanced,4,20,random,,203.265625,1069.75,223.265625,1099.78125,3,10,,,,,,,,,,,,2026-06-27T14:08:31.153Z,XZEXGKN2,2026-06-27,2026-06-27,07:08:31,2026-06-27 07:08:31,,,,,,,,69f01fe044b9a5a944ce98b3,69f01fe044b9a5a944ce98b3,,,,
7550,hover_association,2,2,int,5,2,17,18,34, the ,1079,216,,69f01fe044b9a5a944ce98b3,69f01fe044b9a5a944ce98b3,intermediate,2,69f01fe044b9a5a944ce98b3,69f01fe044b9a5a944ce98b3,spotlight_PROLIFIC,,24,mexico,spanish,english,,spanish:60|English:40,100,spanish:65|English:35,100,spanish:50|English:50,100,15,3,Bachelor's,10,10,10,9,10,10,18,20,20,20,TOEFL,110,,,,,25,25,C2,intermediate|advanced,advanced|intermediate,cambridge_22_25_intermediate_advanced,4,20,random,,193.265625,1069.75,233.265625,1099.78125,3,10,hover,33.39999999990687,33.39999999990687,0.8074921956295525,0.593359375,80,,,,,,2026-06-27T14:08:31.153Z,XZEXGKN2,2026-06-27,2026-06-27,07:08:31,2026-06-27 07:08:31,,,,,,,,69f01fe044b9a5a944ce98b3,69f01fe044b9a5a944ce98b3,,,,
7556,raw_position_sample,2,2,int,5,2,17,18,35, right ,1110,219,1838494.4000000001,69f01fe044b9a5a944ce98b3,69f01fe044b9a5a944ce98b3,intermediate,2,69f01fe044b9a5a944ce98b3,69f01fe044b9a5a944ce98b3,spotlight_PROLIFIC,,24,mexico,spanish,english,,spanish:60|English:40,100,spanish:65|English:35,100,spanish:50|English:50,100,15,3,Bachelor's,10,10,10,9,10,10,18,20,20,20,TOEFL,110,,,,,25,25,C2,intermediate|advanced,advanced|intermediate,cambridge_22_25_intermediate_advanced,4,20,random,,203.265625,1099.78125,223.265625,1139.8125,3,11,,,,,,,,,,,,2026-06-27T14:08:31.153Z,XZEXGKN2,2026-06-27,2026-06-27,07:08:31,2026-06-27 07:08:31,,,,,,,,69f01fe044b9a5a944ce98b3,69f01fe044b9a5a944ce98b3,,,,
7583,hover_association,2,2,int,5,2,17,18,35, right ,1110,219,,69f01fe044b9a5a944ce98b3,69f01fe044b9a5a944ce98b3,intermediate,2,69f01fe044b9a5a944ce98b3,69f01fe044b9a5a944ce98b3,spotlight_PROLIFIC,,24,mexico,spanish,english,,spanish:60|English:40,100,spanish:65|English:35,100,spanish:50|English:50,100,15,3,Bachelor's,10,10,10,9,10,10,18,20,20,20,TOEFL,110,,,,,25,25,C2,intermediate|advanced,advanced|intermediate,cambridge_22_25_intermediate_advanced,4,20,random,,193.265625,1099.78125,233.265625,1139.8125,3,11,hover,33.39999999990687,33.39999999990687,0.6549570647931303,0.668359375,80,,,,,,2026-06-27T14:08:31.153Z,XZEXGKN2,2026-06-27,2026-06-27,07:08:31,2026-06-27 07:08:31,,,,,,,,69f01fe044b9a5a944ce98b3,69f01fe044b9a5a944ce98b3,,,,
7604,raw_position_sample,2,2,int,5,2,17,18,36, thing ,1161,221,1838542.3,69f01fe044b9a5a944ce98b3,69f01fe044b9a5a944ce98b3,intermediate,2,69f01fe044b9a5a944ce98b3,69f01fe044b9a5a944ce98b3,spotlight_PROLIFIC,,24,mexico,spanish,english,,spanish:60|English:40,100,spanish:65|English:35,100,spanish:50|English:50,100,15,3,Bachelor's,10,10,10,9,10,10,18,20,20,20,TOEFL,110,,,,,25,25,C2,intermediate|advanced,advanced|intermediate,cambridge_22_25_intermediate_advanced,4,20,random,,203.265625,1139.8125,223.265625,1183.859375,3,12,,,,,,,,,,,,2026-06-27T14:08:31.153Z,XZEXGKN2,2026-06-27,2026-06-27,07:08:31,2026-06-27 07:08:31,,,,,,,,69f01fe044b9a5a944ce98b3,69f01fe044b9a5a944ce98b3,,,,
7650,hover_association,2,2,int,5,2,17,18,36, thing ,1145,220,,69f01fe044b9a5a944ce98b3,69f01fe044b9a5a944ce98b3,intermediate,2,69f01fe044b9a5a944ce98b3,69f01fe044b9a5a944ce98b3,spotlight_PROLIFIC,,24,mexico,spanish,english,,spanish:60|English:40,100,spanish:65|English:35,100,spanish:50|English:50,100,15,3,Bachelor's,10,10,10,9,10,10,18,20,20,20,TOEFL,110,,,,,25,25,C2,intermediate|advanced,advanced|intermediate,cambridge_22_25_intermediate_advanced,4,20,random,,193.265625,1139.8125,233.265625,1183.859375,3,12,hover,66.70000000018626,66.70000000018626,0.9350833628946434,0.743359375,80,,,,,,2026-06-27T14:08:31.153Z,XZEXGKN2,2026-06-27,2026-06-27,07:08:31,2026-06-27 07:08:31,,,,,,,,69f01fe044b9a5a944ce98b3,69f01fe044b9a5a944ce98b3,,,,
7667,raw_position_sample,2,2,int,5,2,17,18,37, to ,1185,224,1838605.0000000002,69f01fe044b9a5a944ce98b3,69f01fe044b9a5a944ce98b3,intermediate,2,69f01fe044b9a5a944ce98b3,69f01fe044b9a5a944ce98b3,spotlight_PROLIFIC,,24,mexico,spanish,english,,spanish:60|English:40,100,spanish:65|English:35,100,spanish:50|English:50,100,15,3,Bachelor's,10,10,10,9,10,10,18,20,20,20,TOEFL,110,,,,,25,25,C2,intermediate|advanced,advanced|intermediate,cambridge_22_25_intermediate_advanced,4,20,random,,203.265625,1183.859375,223.265625,1203.875,3,13,,,,,,,,,,,,2026-06-27T14:08:31.153Z,XZEXGKN2,2026-06-27,2026-06-27,07:08:31,2026-06-27 07:08:31,,,,,,,,69f01fe044b9a5a944ce98b3,69f01fe044b9a5a944ce98b3,,,,
7716,raw_position_sample,2,2,int,5,2,17,18,37, to ,1191,224,1838654.5000000002,69f01fe044b9a5a944ce98b3,69f01fe044b9a5a944ce98b3,intermediate,2,69f01fe044b9a5a944ce98b3,69f01fe044b9a5a944ce98b3,spotlight_PROLIFIC,,24,mexico,spanish,english,,spanish:60|English:40,100,spanish:65|English:35,100,spanish:50|English:50,100,15,3,Bachelor's,10,10,10,9,10,10,18,20,20,20,TOEFL,110,,,,,25,25,C2,intermediate|advanced,advanced|intermediate,cambridge_22_25_intermediate_advanced,4,20,random,,203.265625,1183.859375,223.265625,1203.875,3,13,,,,,,,,,,,,2026-06-27T14:08:31.153Z,XZEXGKN2,2026-06-27,2026-06-27,07:08:31,2026-06-27 07:08:31,,,,,,,,69f01fe044b9a5a944ce98b3,69f01fe044b9a5a944ce98b3,,,,
7733,hover_association,2,2,int,5,2,17,18,37, to ,1185,223,,69f01fe044b9a5a944ce98b3,69f01fe044b9a5a944ce98b3,intermediate,2,69f01fe044b9a5a944ce98b3,69f01fe044b9a5a944ce98b3,spotlight_PROLIFIC,,24,mexico,spanish,english,,spanish:60|English:40,100,spanish:65|English:35,100,spanish:50|English:50,100,15,3,Bachelor's,10,10,10,9,10,10,18,20,20,20,TOEFL,110,,,,,25,25,C2,intermediate|advanced,advanced|intermediate,cambridge_22_25_intermediate_advanced,4,20,random,,193.265625,1183.859375,233.265625,1203.875,3,13,hover,83.1999999997206,83.1999999997206,0.7564402810304449,0.768359375,80,,,,,,2026-06-27T14:08:31.153Z,XZEXGKN2,2026-06-27,2026-06-27,07:08:31,2026-06-27 07:08:31,,,,,,,,69f01fe044b9a5a944ce98b3,69f01fe044b9a5a944ce98b3,,,,
7756,raw_position_sample,2,2,int,5,2,17,18,38, do. ,1212,224,1838694.3,69f01fe044b9a5a944ce98b3,69f01fe044b9a5a944ce98b3,intermediate,2,69f01fe044b9a5a944ce98b3,69f01fe044b9a5a944ce98b3,spotlight_PROLIFIC,,24,mexico,spanish,english,,spanish:60|English:40,100,spanish:65|English:35,100,spanish:50|English:50,100,15,3,Bachelor's,10,10,10,9,10,10,18,20,20,20,TOEFL,110,,,,,25,25,C2,intermediate|advanced,advanced|intermediate,cambridge_22_25_intermediate_advanced,4,20,random,,203.265625,1203.875,223.265625,1233.90625,3,14,,,,,,,,,,,,2026-06-27T14:08:31.153Z,XZEXGKN2,2026-06-27,2026-06-27,07:08:31,2026-06-27 07:08:31,,,,,,,,69f01fe044b9a5a944ce98b3,69f01fe044b9a5a944ce98b3,,,,
7804,raw_position_sample,2,2,int,5,2,17,18,38, do. ,1226,224,1838742.4000000001,69f01fe044b9a5a944ce98b3,69f01fe044b9a5a944ce98b3,intermediate,2,69f01fe044b9a5a944ce98b3,69f01fe044b9a5a944ce98b3,spotlight_PROLIFIC,,24,mexico,spanish,english,,spanish:60|English:40,100,spanish:65|English:35,100,spanish:50|English:50,100,15,3,Bachelor's,10,10,10,9,10,10,18,20,20,20,TOEFL,110,,,,,25,25,C2,intermediate|advanced,advanced|intermediate,cambridge_22_25_intermediate_advanced,4,20,random,,203.265625,1203.875,223.265625,1233.90625,3,14,,,,,,,,,,,,2026-06-27T14:08:31.153Z,XZEXGKN2,2026-06-27,2026-06-27,07:08:31,2026-06-27 07:08:31,,,,,,,,69f01fe044b9a5a944ce98b3,69f01fe044b9a5a944ce98b3,,,,
7866,raw_position_sample,2,2,int,5,2,17,18,38, do. ,1233,224,1838804.5000000002,69f01fe044b9a5a944ce98b3,69f01fe044b9a5a944ce98b3,intermediate,2,69f01fe044b9a5a944ce98b3,69f01fe044b9a5a944ce98b3,spotlight_PROLIFIC,,24,mexico,spanish,english,,spanish:60|English:40,100,spanish:65|English:35,100,spanish:50|English:50,100,15,3,Bachelor's,10,10,10,9,10,10,18,20,20,20,TOEFL,110,,,,,25,25,C2,intermediate|advanced,advanced|intermediate,cambridge_22_25_intermediate_advanced,4,20,random,,203.265625,1203.875,223.265625,1233.90625,3,14,,,,,,,,,,,,2026-06-27T14:08:31.153Z,XZEXGKN2,2026-06-27,2026-06-27,07:08:31,2026-06-27 07:08:31,,,,,,,,69f01fe044b9a5a944ce98b3,69f01fe044b9a5a944ce98b3,,,,
7908,raw_position_sample,2,2,int,5,2,17,18,38, do. ,1233,225,1838846.3,69f01fe044b9a5a944ce98b3,69f01fe044b9a5a944ce98b3,intermediate,2,69f01fe044b9a5a944ce98b3,69f01fe044b9a5a944ce98b3,spotlight_PROLIFIC,,24,mexico,spanish,english,,spanish:60|English:40,100,spanish:65|English:35,100,spanish:50|English:50,100,15,3,Bachelor's,10,10,10,9,10,10,18,20,20,20,TOEFL,110,,,,,25,25,C2,intermediate|advanced,advanced|intermediate,cambridge_22_25_intermediate_advanced,4,20,random,,203.265625,1203.875,223.265625,1233.90625,3,14,,,,,,,,,,,,2026-06-27T14:08:31.153Z,XZEXGKN2,2026-06-27,2026-06-27,07:08:31,2026-06-27 07:08:31,,,,,,,,69f01fe044b9a5a944ce98b3,69f01fe044b9a5a944ce98b3,,,,
7950,hover_association,2,2,int,5,2,17,18,38, do. ,1204,224,,69f01fe044b9a5a944ce98b3,69f01fe044b9a5a944ce98b3,intermediate,2,69f01fe044b9a5a944ce98b3,69f01fe044b9a5a944ce98b3,spotlight_PROLIFIC,,24,mexico,spanish,english,,spanish:60|English:40,100,spanish:65|English:35,100,spanish:50|English:50,100,15,3,Bachelor's,10,10,10,9,10,10,18,20,20,20,TOEFL,110,,,,,25,25,C2,intermediate|advanced,advanced|intermediate,cambridge_22_25_intermediate_advanced,4,20,random,,193.265625,1203.875,233.265625,1233.90625,3,14,hover,216.60000000009313,216.60000000009313,0.1040582726326743,0.968359375,80,,,,,,2026-06-27T14:08:31.153Z,XZEXGKN2,2026-06-27,2026-06-27,07:08:31,2026-06-27 07:08:31,,,,,,,,69f01fe044b9a5a944ce98b3,69f01fe044b9a5a944ce98b3,,,,
7956,raw_position_sample,2,2,int,5,2,17,18,36, thing ,1183,233,1838894.3,69f01fe044b9a5a944ce98b3,69f01fe044b9a5a944ce98b3,intermediate,2,69f01fe044b9a5a944ce98b3,69f01fe044b9a5a944ce98b3,spotlight_PROLIFIC,,24,mexico,spanish,english,,spanish:60|English:40,100,spanish:65|English:35,100,spanish:50|English:50,100,15,3,Bachelor's,10,10,10,9,10,10,18,20,20,20,TOEFL,110,,,,,25,25,C2,intermediate|advanced,advanced|intermediate,cambridge_22_25_intermediate_advanced,4,20,random,,203.265625,1139.8125,223.265625,1183.859375,3,12,,,,,,,,,,,,2026-06-27T14:08:31.153Z,XZEXGKN2,2026-06-27,2026-06-27,07:08:31,2026-06-27 07:08:31,,,,,,,,69f01fe044b9a5a944ce98b3,69f01fe044b9a5a944ce98b3,,,,
7983,hover_association,2,2,int,5,2,17,18,36, thing ,1183,233,,69f01fe044b9a5a944ce98b3,69f01fe044b9a5a944ce98b3,intermediate,2,69f01fe044b9a5a944ce98b3,69f01fe044b9a5a944ce98b3,spotlight_PROLIFIC,,24,mexico,spanish,english,,spanish:60|English:40,100,spanish:65|English:35,100,spanish:50|English:50,100,15,3,Bachelor's,10,10,10,9,10,10,18,20,20,20,TOEFL,110,,,,,25,25,C2,intermediate|advanced,advanced|intermediate,cambridge_22_25_intermediate_advanced,4,20,random,,193.265625,1139.8125,233.265625,1183.859375,3,12,hover,33.5,33.5,0.049663001064207166,0.993359375,80,,,,,,2026-06-27T14:08:31.153Z,XZEXGKN2,2026-06-27,2026-06-27,07:08:31,2026-06-27 07:08:31,,,,,,,,69f01fe044b9a5a944ce98b3,69f01fe044b9a5a944ce98b3,,,,
8000,hover_association,2,2,int,5,2,17,18,34, the ,1090,233,,69f01fe044b9a5a944ce98b3,69f01fe044b9a5a944ce98b3,intermediate,2,69f01fe044b9a5a944ce98b3,69f01fe044b9a5a944ce98b3,spotlight_PROLIFIC,,24,mexico,spanish,english,,spanish:60|English:40,100,spanish:65|English:35,100,spanish:50|English:50,100,15,3,Bachelor's,10,10,10,9,10,10,18,20,20,20,TOEFL,110,,,,,25,25,C2,intermediate|advanced,advanced|intermediate,cambridge_22_25_intermediate_advanced,4,20,random,,193.265625,1069.75,233.265625,1099.78125,3,10,hover,16.700000000186265,16.700000000186265,0.6742976066597295,0.993359375,80,,,,,,2026-06-27T14:08:31.153Z,XZEXGKN2,2026-06-27,2026-06-27,07:08:31,2026-06-27 07:08:31,,,,,,,,69f01fe044b9a5a944ce98b3,69f01fe044b9a5a944ce98b3,,,,
8005,raw_position_sample,2,2,int,5,2,17,18,32, people ,1027,231,1838942.7,69f01fe044b9a5a944ce98b3,69f01fe044b9a5a944ce98b3,intermediate,2,69f01fe044b9a5a944ce98b3,69f01fe044b9a5a944ce98b3,spotlight_PROLIFIC,,24,mexico,spanish,english,,spanish:60|English:40,100,spanish:65|English:35,100,spanish:50|English:50,100,15,3,Bachelor's,10,10,10,9,10,10,18,20,20,20,TOEFL,110,,,,,25,25,C2,intermediate|advanced,advanced|intermediate,cambridge_22_25_intermediate_advanced,4,20,random,,203.265625,973.671875,223.265625,1032.734375,3,8,,,,,,,,,,,,2026-06-27T14:08:31.153Z,XZEXGKN2,2026-06-27,2026-06-27,07:08:31,2026-06-27 07:08:31,,,,,,,,69f01fe044b9a5a944ce98b3,69f01fe044b9a5a944ce98b3,,,,
8017,hover_association,2,2,int,5,2,17,18,32, people ,1027,231,,69f01fe044b9a5a944ce98b3,69f01fe044b9a5a944ce98b3,intermediate,2,69f01fe044b9a5a944ce98b3,69f01fe044b9a5a944ce98b3,spotlight_PROLIFIC,,24,mexico,spanish,english,,spanish:60|English:40,100,spanish:65|English:35,100,spanish:50|English:50,100,15,3,Bachelor's,10,10,10,9,10,10,18,20,20,20,TOEFL,110,,,,,25,25,C2,intermediate|advanced,advanced|intermediate,cambridge_22_25_intermediate_advanced,4,20,random,,193.265625,973.671875,233.265625,1032.734375,3,8,hover,16.600000000093132,16.600000000093132,0.9029100529100529,0.943359375,80,,,,,,2026-06-27T14:08:31.153Z,XZEXGKN2,2026-06-27,2026-06-27,07:08:31,2026-06-27 07:08:31,,,,,,,,69f01fe044b9a5a944ce98b3,69f01fe044b9a5a944ce98b3,,,,
8066,raw_position_sample,2,2,int,5,2,17,18,31, indigenous ,895,223,1839004.0999999999,69f01fe044b9a5a944ce98b3,69f01fe044b9a5a944ce98b3,intermediate,2,69f01fe044b9a5a944ce98b3,69f01fe044b9a5a944ce98b3,spotlight_PROLIFIC,,24,mexico,spanish,english,,spanish:60|English:40,100,spanish:65|English:35,100,spanish:50|English:50,100,15,3,Bachelor's,10,10,10,9,10,10,18,20,20,20,TOEFL,110,,,,,25,25,C2,intermediate|advanced,advanced|intermediate,cambridge_22_25_intermediate_advanced,4,20,random,,203.265625,881.59375,223.265625,973.671875,3,7,,,,,,,,,,,,2026-06-27T14:08:31.153Z,XZEXGKN2,2026-06-27,2026-06-27,07:08:31,2026-06-27 07:08:31,,,,,,,,69f01fe044b9a5a944ce98b3,69f01fe044b9a5a944ce98b3,,,,
8066,hover_association,2,2,int,5,2,17,18,31, indigenous ,972,230,,69f01fe044b9a5a944ce98b3,69f01fe044b9a5a944ce98b3,intermediate,2,69f01fe044b9a5a944ce98b3,69f01fe044b9a5a944ce98b3,spotlight_PROLIFIC,,24,mexico,spanish,english,,spanish:60|English:40,100,spanish:65|English:35,100,spanish:50|English:50,100,15,3,Bachelor's,10,10,10,9,10,10,18,20,20,20,TOEFL,110,,,,,25,25,C2,intermediate|advanced,advanced|intermediate,cambridge_22_25_intermediate_advanced,4,20,random,,193.265625,881.59375,233.265625,973.671875,3,7,hover,49.89999999990687,49.89999999990687,0.14559647038859663,0.743359375,80,,,,,,2026-06-27T14:08:31.153Z,XZEXGKN2,2026-06-27,2026-06-27,07:08:31,2026-06-27 07:08:31,,,,,,,,69f01fe044b9a5a944ce98b3,69f01fe044b9a5a944ce98b3,,,,
8100,hover_association,2,2,int,5,2,17,18,30, of ,879,223,,69f01fe044b9a5a944ce98b3,69f01fe044b9a5a944ce98b3,intermediate,2,69f01fe044b9a5a944ce98b3,69f01fe044b9a5a944ce98b3,spotlight_PROLIFIC,,24,mexico,spanish,english,,spanish:60|English:40,100,spanish:65|English:35,100,spanish:50|English:50,100,15,3,Bachelor's,10,10,10,9,10,10,18,20,20,20,TOEFL,110,,,,,25,25,C2,intermediate|advanced,advanced|intermediate,cambridge_22_25_intermediate_advanced,4,20,random,,193.265625,861.578125,233.265625,881.59375,3,6,hover,33.5,33.5,0.22092115534738485,0.743359375,80,,,,,,2026-06-27T14:08:31.153Z,XZEXGKN2,2026-06-27,2026-06-27,07:08:31,2026-06-27 07:08:31,,,,,,,,69f01fe044b9a5a944ce98b3,69f01fe044b9a5a944ce98b3,,,,
8116,raw_position_sample,2,2,int,5,2,17,18,29, rights ,854,223,1839054.5000000002,69f01fe044b9a5a944ce98b3,69f01fe044b9a5a944ce98b3,intermediate,2,69f01fe044b9a5a944ce98b3,69f01fe044b9a5a944ce98b3,spotlight_PROLIFIC,,24,mexico,spanish,english,,spanish:60|English:40,100,spanish:65|English:35,100,spanish:50|English:50,100,15,3,Bachelor's,10,10,10,9,10,10,18,20,20,20,TOEFL,110,,,,,25,25,C2,intermediate|advanced,advanced|intermediate,cambridge_22_25_intermediate_advanced,4,20,random,,203.265625,812.546875,223.265625,861.578125,3,5,,,,,,,,,,,,2026-06-27T14:08:31.153Z,XZEXGKN2,2026-06-27,2026-06-27,07:08:31,2026-06-27 07:08:31,,,,,,,,69f01fe044b9a5a944ce98b3,69f01fe044b9a5a944ce98b3,,,,
8157,raw_position_sample,2,2,int,5,2,17,18,29, rights ,814,223,1839094.7,69f01fe044b9a5a944ce98b3,69f01fe044b9a5a944ce98b3,intermediate,2,69f01fe044b9a5a944ce98b3,69f01fe044b9a5a944ce98b3,spotlight_PROLIFIC,,24,mexico,spanish,english,,spanish:60|English:40,100,spanish:65|English:35,100,spanish:50|English:50,100,15,3,Bachelor's,10,10,10,9,10,10,18,20,20,20,TOEFL,110,,,,,25,25,C2,intermediate|advanced,advanced|intermediate,cambridge_22_25_intermediate_advanced,4,20,random,,203.265625,812.546875,223.265625,861.578125,3,5,,,,,,,,,,,,2026-06-27T14:08:31.153Z,XZEXGKN2,2026-06-27,2026-06-27,07:08:31,2026-06-27 07:08:31,,,,,,,,69f01fe044b9a5a944ce98b3,69f01fe044b9a5a944ce98b3,,,,
8167,hover_association,2,2,int,5,2,17,18,29, rights ,854,223,,69f01fe044b9a5a944ce98b3,69f01fe044b9a5a944ce98b3,intermediate,2,69f01fe044b9a5a944ce98b3,69f01fe044b9a5a944ce98b3,spotlight_PROLIFIC,,24,mexico,spanish,english,,spanish:60|English:40,100,spanish:65|English:35,100,spanish:50|English:50,100,15,3,Bachelor's,10,10,10,9,10,10,18,20,20,20,TOEFL,110,,,,,25,25,C2,intermediate|advanced,advanced|intermediate,cambridge_22_25_intermediate_advanced,4,20,random,,193.265625,812.546875,233.265625,861.578125,3,5,hover,66.79999999981374,66.79999999981374,0.029636711281070746,0.743359375,80,,,,,,2026-06-27T14:08:31.153Z,XZEXGKN2,2026-06-27,2026-06-27,07:08:31,2026-06-27 07:08:31,,,,,,,,69f01fe044b9a5a944ce98b3,69f01fe044b9a5a944ce98b3,,,,
8183,hover_association,2,2,int,5,2,17,18,28, the ,788,223,,69f01fe044b9a5a944ce98b3,69f01fe044b9a5a944ce98b3,intermediate,2,69f01fe044b9a5a944ce98b3,69f01fe044b9a5a944ce98b3,spotlight_PROLIFIC,,24,mexico,spanish,english,,spanish:60|English:40,100,spanish:65|English:35,100,spanish:50|English:50,100,15,3,Bachelor's,10,10,10,9,10,10,18,20,20,20,TOEFL,110,,,,,25,25,C2,intermediate|advanced,advanced|intermediate,cambridge_22_25_intermediate_advanced,4,20,random,,193.265625,782.515625,233.265625,812.546875,3,4,hover,16.600000000093132,16.600000000093132,0.18262226847034338,0.743359375,80,,,,,,2026-06-27T14:08:31.153Z,XZEXGKN2,2026-06-27,2026-06-27,07:08:31,2026-06-27 07:08:31,,,,,,,,69f01fe044b9a5a944ce98b3,69f01fe044b9a5a944ce98b3,,,,
8204,raw_position_sample,2,2,int,5,2,17,18,27, defending ,733,224,1839142.4000000001,69f01fe044b9a5a944ce98b3,69f01fe044b9a5a944ce98b3,intermediate,2,69f01fe044b9a5a944ce98b3,69f01fe044b9a5a944ce98b3,spotlight_PROLIFIC,,24,mexico,spanish,english,,spanish:60|English:40,100,spanish:65|English:35,100,spanish:50|English:50,100,15,3,Bachelor's,10,10,10,9,10,10,18,20,20,20,TOEFL,110,,,,,25,25,C2,intermediate|advanced,advanced|intermediate,cambridge_22_25_intermediate_advanced,4,20,random,,203.265625,698.4375,223.265625,782.515625,3,3,,,,,,,,,,,,2026-06-27T14:08:31.153Z,XZEXGKN2,2026-06-27,2026-06-27,07:08:31,2026-06-27 07:08:31,,,,,,,,69f01fe044b9a5a944ce98b3,69f01fe044b9a5a944ce98b3,,,,
8233,hover_association,2,2,int,5,2,17,18,27, defending ,757,223,,69f01fe044b9a5a944ce98b3,69f01fe044b9a5a944ce98b3,intermediate,2,69f01fe044b9a5a944ce98b3,69f01fe044b9a5a944ce98b3,spotlight_PROLIFIC,,24,mexico,spanish,english,,spanish:60|English:40,100,spanish:65|English:35,100,spanish:50|English:50,100,15,3,Bachelor's,10,10,10,9,10,10,18,20,20,20,TOEFL,110,,,,,25,25,C2,intermediate|advanced,advanced|intermediate,cambridge_22_25_intermediate_advanced,4,20,random,,193.265625,698.4375,233.265625,782.515625,3,3,hover,50.10000000009313,50.10000000009313,0.1732020070618844,0.768359375,80,,,,,,2026-06-27T14:08:31.153Z,XZEXGKN2,2026-06-27,2026-06-27,07:08:31,2026-06-27 07:08:31,,,,,,,,69f01fe044b9a5a944ce98b3,69f01fe044b9a5a944ce98b3,,,,
8266,raw_position_sample,2,2,int,5,2,17,18,26, that ,681,226,1839204.5000000002,69f01fe044b9a5a944ce98b3,69f01fe044b9a5a944ce98b3,intermediate,2,69f01fe044b9a5a944ce98b3,69f01fe044b9a5a944ce98b3,spotlight_PROLIFIC,,24,mexico,spanish,english,,spanish:60|English:40,100,spanish:65|English:35,100,spanish:50|English:50,100,15,3,Bachelor's,10,10,10,9,10,10,18,20,20,20,TOEFL,110,,,,,25,25,C2,intermediate|advanced,advanced|intermediate,cambridge_22_25_intermediate_advanced,4,20,random,,203.265625,663.40625,223.265625,698.4375,3,2,,,,,,,,,,,,2026-06-27T14:08:31.153Z,XZEXGKN2,2026-06-27,2026-06-27,07:08:31,2026-06-27 07:08:31,,,,,,,,69f01fe044b9a5a944ce98b3,69f01fe044b9a5a944ce98b3,,,,
8316,raw_position_sample,2,2,int,5,2,17,18,26, that ,668,231,1839254.0000000002,69f01fe044b9a5a944ce98b3,69f01fe044b9a5a944ce98b3,intermediate,2,69f01fe044b9a5a944ce98b3,69f01fe044b9a5a944ce98b3,spotlight_PROLIFIC,,24,mexico,spanish,english,,spanish:60|English:40,100,spanish:65|English:35,100,spanish:50|English:50,100,15,3,Bachelor's,10,10,10,9,10,10,18,20,20,20,TOEFL,110,,,,,25,25,C2,intermediate|advanced,advanced|intermediate,cambridge_22_25_intermediate_advanced,4,20,random,,203.265625,663.40625,223.265625,698.4375,3,2,,,,,,,,,,,,2026-06-27T14:08:31.153Z,XZEXGKN2,2026-06-27,2026-06-27,07:08:31,2026-06-27 07:08:31,,,,,,,,69f01fe044b9a5a944ce98b3,69f01fe044b9a5a944ce98b3,,,,
8333,hover_association,2,2,int,5,2,17,18,26, that ,694,225,,69f01fe044b9a5a944ce98b3,69f01fe044b9a5a944ce98b3,intermediate,2,69f01fe044b9a5a944ce98b3,69f01fe044b9a5a944ce98b3,spotlight_PROLIFIC,,24,mexico,spanish,english,,spanish:60|English:40,100,spanish:65|English:35,100,spanish:50|English:50,100,15,3,Bachelor's,10,10,10,9,10,10,18,20,20,20,TOEFL,110,,,,,25,25,C2,intermediate|advanced,advanced|intermediate,cambridge_22_25_intermediate_advanced,4,20,random,,193.265625,663.40625,233.265625,698.4375,3,2,hover,99.89999999990687,99.89999999990687,0.045495093666369314,0.968359375,80,,,,,,2026-06-27T14:08:31.153Z,XZEXGKN2,2026-06-27,2026-06-27,07:08:31,2026-06-27 07:08:31,,,,,,,,69f01fe044b9a5a944ce98b3,69f01fe044b9a5a944ce98b3,,,,
8357,raw_position_sample,2,2,int,5,2,17,18,40, Bolivian ,654,238,1839294.5999999999,69f01fe044b9a5a944ce98b3,69f01fe044b9a5a944ce98b3,intermediate,2,69f01fe044b9a5a944ce98b3,69f01fe044b9a5a944ce98b3,spotlight_PROLIFIC,,24,mexico,spanish,english,,spanish:60|English:40,100,spanish:65|English:35,100,spanish:50|English:50,100,15,3,Bachelor's,10,10,10,9,10,10,18,20,20,20,TOEFL,110,,,,,25,25,C2,intermediate|advanced,advanced|intermediate,cambridge_22_25_intermediate_advanced,4,20,random,,243.265625,625.375,263.265625,693.421875,4,1,,,,,,,,,,,,2026-06-27T14:08:31.153Z,XZEXGKN2,2026-06-27,2026-06-27,07:08:31,2026-06-27 07:08:31,,,,,,,,69f01fe044b9a5a944ce98b3,69f01fe044b9a5a944ce98b3,,,,
8404,raw_position_sample,2,2,int,5,2,17,18,40, Bolivian ,648,245,1839342.4000000001,69f01fe044b9a5a944ce98b3,69f01fe044b9a5a944ce98b3,intermediate,2,69f01fe044b9a5a944ce98b3,69f01fe044b9a5a944ce98b3,spotlight_PROLIFIC,,24,mexico,spanish,english,,spanish:60|English:40,100,spanish:65|English:35,100,spanish:50|English:50,100,15,3,Bachelor's,10,10,10,9,10,10,18,20,20,20,TOEFL,110,,,,,25,25,C2,intermediate|advanced,advanced|intermediate,cambridge_22_25_intermediate_advanced,4,20,random,,243.265625,625.375,263.265625,693.421875,4,1,,,,,,,,,,,,2026-06-27T14:08:31.153Z,XZEXGKN2,2026-06-27,2026-06-27,07:08:31,2026-06-27 07:08:31,,,,,,,,69f01fe044b9a5a944ce98b3,69f01fe044b9a5a944ce98b3,,,,
8461,raw_position_sample,2,2,int,5,2,17,18,40, Bolivian ,648,248,1839399.0999999999,69f01fe044b9a5a944ce98b3,69f01fe044b9a5a944ce98b3,intermediate,2,69f01fe044b9a5a944ce98b3,69f01fe044b9a5a944ce98b3,spotlight_PROLIFIC,,24,mexico,spanish,english,,spanish:60|English:40,100,spanish:65|English:35,100,spanish:50|English:50,100,15,3,Bachelor's,10,10,10,9,10,10,18,20,20,20,TOEFL,110,,,,,25,25,C2,intermediate|advanced,advanced|intermediate,cambridge_22_25_intermediate_advanced,4,20,random,,243.265625,625.375,263.265625,693.421875,4,1,,,,,,,,,,,,2026-06-27T14:08:31.153Z,XZEXGKN2,2026-06-27,2026-06-27,07:08:31,2026-06-27 07:08:31,,,,,,,,69f01fe044b9a5a944ce98b3,69f01fe044b9a5a944ce98b3,,,,
8508,raw_position_sample,2,2,int,5,2,17,18,40, Bolivian ,648,252,1839446.5000000002,69f01fe044b9a5a944ce98b3,69f01fe044b9a5a944ce98b3,intermediate,2,69f01fe044b9a5a944ce98b3,69f01fe044b9a5a944ce98b3,spotlight_PROLIFIC,,24,mexico,spanish,english,,spanish:60|English:40,100,spanish:65|English:35,100,spanish:50|English:50,100,15,3,Bachelor's,10,10,10,9,10,10,18,20,20,20,TOEFL,110,,,,,25,25,C2,intermediate|advanced,advanced|intermediate,cambridge_22_25_intermediate_advanced,4,20,random,,243.265625,625.375,263.265625,693.421875,4,1,,,,,,,,,,,,2026-06-27T14:08:31.153Z,XZEXGKN2,2026-06-27,2026-06-27,07:08:31,2026-06-27 07:08:31,,,,,,,,69f01fe044b9a5a944ce98b3,69f01fe044b9a5a944ce98b3,,,,
8565,raw_position_sample,2,2,int,5,2,17,18,40, Bolivian ,648,257,1839502.7,69f01fe044b9a5a944ce98b3,69f01fe044b9a5a944ce98b3,intermediate,2,69f01fe044b9a5a944ce98b3,69f01fe044b9a5a944ce98b3,spotlight_PROLIFIC,,24,mexico,spanish,english,,spanish:60|English:40,100,spanish:65|English:35,100,spanish:50|English:50,100,15,3,Bachelor's,10,10,10,9,10,10,18,20,20,20,TOEFL,110,,,,,25,25,C2,intermediate|advanced,advanced|intermediate,cambridge_22_25_intermediate_advanced,4,20,random,,243.265625,625.375,263.265625,693.421875,4,1,,,,,,,,,,,,2026-06-27T14:08:31.153Z,XZEXGKN2,2026-06-27,2026-06-27,07:08:31,2026-06-27 07:08:31,,,,,,,,69f01fe044b9a5a944ce98b3,69f01fe044b9a5a944ce98b3,,,,
8605,raw_position_sample,2,2,int,5,2,17,18,40, Bolivian ,654,259,1839542.8,69f01fe044b9a5a944ce98b3,69f01fe044b9a5a944ce98b3,intermediate,2,69f01fe044b9a5a944ce98b3,69f01fe044b9a5a944ce98b3,spotlight_PROLIFIC,,24,mexico,spanish,english,,spanish:60|English:40,100,spanish:65|English:35,100,spanish:50|English:50,100,15,3,Bachelor's,10,10,10,9,10,10,18,20,20,20,TOEFL,110,,,,,25,25,C2,intermediate|advanced,advanced|intermediate,cambridge_22_25_intermediate_advanced,4,20,random,,243.265625,625.375,263.265625,693.421875,4,1,,,,,,,,,,,,2026-06-27T14:08:31.153Z,XZEXGKN2,2026-06-27,2026-06-27,07:08:31,2026-06-27 07:08:31,,,,,,,,69f01fe044b9a5a944ce98b3,69f01fe044b9a5a944ce98b3,,,,
8667,raw_position_sample,2,2,int,5,2,17,18,40, Bolivian ,675,259,1839604.5999999999,69f01fe044b9a5a944ce98b3,69f01fe044b9a5a944ce98b3,intermediate,2,69f01fe044b9a5a944ce98b3,69f01fe044b9a5a944ce98b3,spotlight_PROLIFIC,,24,mexico,spanish,english,,spanish:60|English:40,100,spanish:65|English:35,100,spanish:50|English:50,100,15,3,Bachelor's,10,10,10,9,10,10,18,20,20,20,TOEFL,110,,,,,25,25,C2,intermediate|advanced,advanced|intermediate,cambridge_22_25_intermediate_advanced,4,20,random,,243.265625,625.375,263.265625,693.421875,4,1,,,,,,,,,,,,2026-06-27T14:08:31.153Z,XZEXGKN2,2026-06-27,2026-06-27,07:08:31,2026-06-27 07:08:31,,,,,,,,69f01fe044b9a5a944ce98b3,69f01fe044b9a5a944ce98b3,,,,
8700,hover_association,2,2,int,5,2,17,18,40, Bolivian ,657,236,,69f01fe044b9a5a944ce98b3,69f01fe044b9a5a944ce98b3,intermediate,2,69f01fe044b9a5a944ce98b3,69f01fe044b9a5a944ce98b3,spotlight_PROLIFIC,,24,mexico,spanish,english,,spanish:60|English:40,100,spanish:65|English:35,100,spanish:50|English:50,100,15,3,Bachelor's,10,10,10,9,10,10,18,20,20,20,TOEFL,110,,,,,25,25,C2,intermediate|advanced,advanced|intermediate,cambridge_22_25_intermediate_advanced,4,20,random,,233.265625,625.375,273.265625,693.421875,4,1,hover,366.70000000018626,366.70000000018626,0.9497129735935707,0.668359375,80,,,,,,2026-06-27T14:08:31.153Z,XZEXGKN2,2026-06-27,2026-06-27,07:08:31,2026-06-27 07:08:31,,,,,,,,69f01fe044b9a5a944ce98b3,69f01fe044b9a5a944ce98b3,,,,
8718,raw_position_sample,2,2,int,5,2,17,18,41, move ,727,261,1839655.7,69f01fe044b9a5a944ce98b3,69f01fe044b9a5a944ce98b3,intermediate,2,69f01fe044b9a5a944ce98b3,69f01fe044b9a5a944ce98b3,spotlight_PROLIFIC,,24,mexico,spanish,english,,spanish:60|English:40,100,spanish:65|English:35,100,spanish:50|English:50,100,15,3,Bachelor's,10,10,10,9,10,10,18,20,20,20,TOEFL,110,,,,,25,25,C2,intermediate|advanced,advanced|intermediate,cambridge_22_25_intermediate_advanced,4,20,random,,243.265625,693.421875,263.265625,742.453125,4,2,,,,,,,,,,,,2026-06-27T14:08:31.153Z,XZEXGKN2,2026-06-27,2026-06-27,07:08:31,2026-06-27 07:08:31,,,,,,,,69f01fe044b9a5a944ce98b3,69f01fe044b9a5a944ce98b3,,,,
8734,hover_association,2,2,int,5,2,17,18,41, move ,704,260,,69f01fe044b9a5a944ce98b3,69f01fe044b9a5a944ce98b3,intermediate,2,69f01fe044b9a5a944ce98b3,69f01fe044b9a5a944ce98b3,spotlight_PROLIFIC,,24,mexico,spanish,english,,spanish:60|English:40,100,spanish:65|English:35,100,spanish:50|English:50,100,15,3,Bachelor's,10,10,10,9,10,10,18,20,20,20,TOEFL,110,,,,,25,25,C2,intermediate|advanced,advanced|intermediate,cambridge_22_25_intermediate_advanced,4,20,random,,233.265625,693.421875,273.265625,742.453125,4,2,hover,33.299999999813735,33.299999999813735,0.6848311026131294,0.693359375,80,,,,,,2026-06-27T14:08:31.153Z,XZEXGKN2,2026-06-27,2026-06-27,07:08:31,2026-06-27 07:08:31,,,,,,,,69f01fe044b9a5a944ce98b3,69f01fe044b9a5a944ce98b3,,,,
8757,raw_position_sample,2,2,int,5,2,17,18,42, is ,759,261,1839694.7,69f01fe044b9a5a944ce98b3,69f01fe044b9a5a944ce98b3,intermediate,2,69f01fe044b9a5a944ce98b3,69f01fe044b9a5a944ce98b3,spotlight_PROLIFIC,,24,mexico,spanish,english,,spanish:60|English:40,100,spanish:65|English:35,100,spanish:50|English:50,100,15,3,Bachelor's,10,10,10,9,10,10,18,20,20,20,TOEFL,110,,,,,25,25,C2,intermediate|advanced,advanced|intermediate,cambridge_22_25_intermediate_advanced,4,20,random,,243.265625,742.453125,263.265625,760.453125,4,3,,,,,,,,,,,,2026-06-27T14:08:31.153Z,XZEXGKN2,2026-06-27,2026-06-27,07:08:31,2026-06-27 07:08:31,,,,,,,,69f01fe044b9a5a944ce98b3,69f01fe044b9a5a944ce98b3,,,,
8767,hover_association,2,2,int,5,2,17,18,42, is ,743,261,,69f01fe044b9a5a944ce98b3,69f01fe044b9a5a944ce98b3,intermediate,2,69f01fe044b9a5a944ce98b3,69f01fe044b9a5a944ce98b3,spotlight_PROLIFIC,,24,mexico,spanish,english,,spanish:60|English:40,100,spanish:65|English:35,100,spanish:50|English:50,100,15,3,Bachelor's,10,10,10,9,10,10,18,20,20,20,TOEFL,110,,,,,25,25,C2,intermediate|advanced,advanced|intermediate,cambridge_22_25_intermediate_advanced,4,20,random,,233.265625,742.453125,273.265625,760.453125,4,3,hover,33.39999999990687,33.39999999990687,0.9192708333333334,0.693359375,80,,,,,,2026-06-27T14:08:31.153Z,XZEXGKN2,2026-06-27,2026-06-27,07:08:31,2026-06-27 07:08:31,,,,,,,,69f01fe044b9a5a944ce98b3,69f01fe044b9a5a944ce98b3,,,,
8804,raw_position_sample,2,2,int,5,2,17,18,43, inspirational ,780,260,1839742.4000000001,69f01fe044b9a5a944ce98b3,69f01fe044b9a5a944ce98b3,intermediate,2,69f01fe044b9a5a944ce98b3,69f01fe044b9a5a944ce98b3,spotlight_PROLIFIC,,24,mexico,spanish,english,,spanish:60|English:40,100,spanish:65|English:35,100,spanish:50|English:50,100,15,3,Bachelor's,10,10,10,9,10,10,18,20,20,20,TOEFL,110,,,,,25,25,C2,intermediate|advanced,advanced|intermediate,cambridge_22_25_intermediate_advanced,4,20,random,,243.265625,760.453125,263.265625,861.515625,4,4,,,,,,,,,,,,2026-06-27T14:08:31.153Z,XZEXGKN2,2026-06-27,2026-06-27,07:08:31,2026-06-27 07:08:31,,,,,,,,69f01fe044b9a5a944ce98b3,69f01fe044b9a5a944ce98b3,,,,
8867,raw_position_sample,2,2,int,5,2,17,18,43, inspirational ,796,261,1839805.4000000001,69f01fe044b9a5a944ce98b3,69f01fe044b9a5a944ce98b3,intermediate,2,69f01fe044b9a5a944ce98b3,69f01fe044b9a5a944ce98b3,spotlight_PROLIFIC,,24,mexico,spanish,english,,spanish:60|English:40,100,spanish:65|English:35,100,spanish:50|English:50,100,15,3,Bachelor's,10,10,10,9,10,10,18,20,20,20,TOEFL,110,,,,,25,25,C2,intermediate|advanced,advanced|intermediate,cambridge_22_25_intermediate_advanced,4,20,random,,243.265625,760.453125,263.265625,861.515625,4,4,,,,,,,,,,,,2026-06-27T14:08:31.153Z,XZEXGKN2,2026-06-27,2026-06-27,07:08:31,2026-06-27 07:08:31,,,,,,,,69f01fe044b9a5a944ce98b3,69f01fe044b9a5a944ce98b3,,,,
8917,raw_position_sample,2,2,int,5,2,17,18,43, inspirational ,823,262,1839855.5000000002,69f01fe044b9a5a944ce98b3,69f01fe044b9a5a944ce98b3,intermediate,2,69f01fe044b9a5a944ce98b3,69f01fe044b9a5a944ce98b3,spotlight_PROLIFIC,,24,mexico,spanish,english,,spanish:60|English:40,100,spanish:65|English:35,100,spanish:50|English:50,100,15,3,Bachelor's,10,10,10,9,10,10,18,20,20,20,TOEFL,110,,,,,25,25,C2,intermediate|advanced,advanced|intermediate,cambridge_22_25_intermediate_advanced,4,20,random,,243.265625,760.453125,263.265625,861.515625,4,4,,,,,,,,,,,,2026-06-27T14:08:31.153Z,XZEXGKN2,2026-06-27,2026-06-27,07:08:31,2026-06-27 07:08:31,,,,,,,,69f01fe044b9a5a944ce98b3,69f01fe044b9a5a944ce98b3,,,,
8956,raw_position_sample,2,2,int,5,2,17,18,43, inspirational ,831,263,1839894.4000000001,69f01fe044b9a5a944ce98b3,69f01fe044b9a5a944ce98b3,intermediate,2,69f01fe044b9a5a944ce98b3,69f01fe044b9a5a944ce98b3,spotlight_PROLIFIC,,24,mexico,spanish,english,,spanish:60|English:40,100,spanish:65|English:35,100,spanish:50|English:50,100,15,3,Bachelor's,10,10,10,9,10,10,18,20,20,20,TOEFL,110,,,,,25,25,C2,intermediate|advanced,advanced|intermediate,cambridge_22_25_intermediate_advanced,4,20,random,,243.265625,760.453125,263.265625,861.515625,4,4,,,,,,,,,,,,2026-06-27T14:08:31.153Z,XZEXGKN2,2026-06-27,2026-06-27,07:08:31,2026-06-27 07:08:31,,,,,,,,69f01fe044b9a5a944ce98b3,69f01fe044b9a5a944ce98b3,,,,
9004,raw_position_sample,2,2,int,5,2,17,18,43, inspirational ,843,264,1839942.4000000001,69f01fe044b9a5a944ce98b3,69f01fe044b9a5a944ce98b3,intermediate,2,69f01fe044b9a5a944ce98b3,69f01fe044b9a5a944ce98b3,spotlight_PROLIFIC,,24,mexico,spanish,english,,spanish:60|English:40,100,spanish:65|English:35,100,spanish:50|English:50,100,15,3,Bachelor's,10,10,10,9,10,10,18,20,20,20,TOEFL,110,,,,,25,25,C2,intermediate|advanced,advanced|intermediate,cambridge_22_25_intermediate_advanced,4,20,random,,243.265625,760.453125,263.265625,861.515625,4,4,,,,,,,,,,,,2026-06-27T14:08:31.153Z,XZEXGKN2,2026-06-27,2026-06-27,07:08:31,2026-06-27 07:08:31,,,,,,,,69f01fe044b9a5a944ce98b3,69f01fe044b9a5a944ce98b3,,,,
9050,hover_association,2,2,int,5,2,17,18,43, inspirational ,771,260,,69f01fe044b9a5a944ce98b3,69f01fe044b9a5a944ce98b3,intermediate,2,69f01fe044b9a5a944ce98b3,69f01fe044b9a5a944ce98b3,spotlight_PROLIFIC,,24,mexico,spanish,english,,spanish:60|English:40,100,spanish:65|English:35,100,spanish:50|English:50,100,15,3,Bachelor's,10,10,10,9,10,10,18,20,20,20,TOEFL,110,,,,,25,25,C2,intermediate|advanced,advanced|intermediate,cambridge_22_25_intermediate_advanced,4,20,random,,233.265625,760.453125,273.265625,861.515625,4,4,hover,283.20000000018626,283.20000000018626,0.9355287569573284,0.768359375,80,,,,,,2026-06-27T14:08:31.153Z,XZEXGKN2,2026-06-27,2026-06-27,07:08:31,2026-06-27 07:08:31,,,,,,,,69f01fe044b9a5a944ce98b3,69f01fe044b9a5a944ce98b3,,,,
9053,raw_position_sample,2,2,int,5,2,17,18,44, and ,865,264,1839990.9000000001,69f01fe044b9a5a944ce98b3,69f01fe044b9a5a944ce98b3,intermediate,2,69f01fe044b9a5a944ce98b3,69f01fe044b9a5a944ce98b3,spotlight_PROLIFIC,,24,mexico,spanish,english,,spanish:60|English:40,100,spanish:65|English:35,100,spanish:50|English:50,100,15,3,Bachelor's,10,10,10,9,10,10,18,20,20,20,TOEFL,110,,,,,25,25,C2,intermediate|advanced,advanced|intermediate,cambridge_22_25_intermediate_advanced,4,20,random,,243.265625,861.515625,263.265625,896.5625,4,5,,,,,,,,,,,,2026-06-27T14:08:31.153Z,XZEXGKN2,2026-06-27,2026-06-27,07:08:31,2026-06-27 07:08:31,,,,,,,,69f01fe044b9a5a944ce98b3,69f01fe044b9a5a944ce98b3,,,,
9100,hover_association,2,2,int,5,2,17,18,44, and ,865,264,,69f01fe044b9a5a944ce98b3,69f01fe044b9a5a944ce98b3,intermediate,2,69f01fe044b9a5a944ce98b3,69f01fe044b9a5a944ce98b3,spotlight_PROLIFIC,,24,mexico,spanish,english,,spanish:60|English:40,100,spanish:65|English:35,100,spanish:50|English:50,100,15,3,Bachelor's,10,10,10,9,10,10,18,20,20,20,TOEFL,110,,,,,25,25,C2,intermediate|advanced,advanced|intermediate,cambridge_22_25_intermediate_advanced,4,20,random,,233.265625,861.515625,273.265625,896.5625,4,5,hover,50.10000000009313,50.10000000009313,0.6700847079803834,0.768359375,80,,,,,,2026-06-27T14:08:31.153Z,XZEXGKN2,2026-06-27,2026-06-27,07:08:31,2026-06-27 07:08:31,,,,,,,,69f01fe044b9a5a944ce98b3,69f01fe044b9a5a944ce98b3,,,,
9117,raw_position_sample,2,2,int,5,2,17,18,45," groundbreaking,” ",908,262,1840055.4000000001,69f01fe044b9a5a944ce98b3,69f01fe044b9a5a944ce98b3,intermediate,2,69f01fe044b9a5a944ce98b3,69f01fe044b9a5a944ce98b3,spotlight_PROLIFIC,,24,mexico,spanish,english,,spanish:60|English:40,100,spanish:65|English:35,100,spanish:50|English:50,100,15,3,Bachelor's,10,10,10,9,10,10,18,20,20,20,TOEFL,110,,,,,25,25,C2,intermediate|advanced,advanced|intermediate,cambridge_22_25_intermediate_advanced,4,20,random,,243.265625,896.5625,263.265625,1037.65625,4,6,,,,,,,,,,,,2026-06-27T14:08:31.153Z,XZEXGKN2,2026-06-27,2026-06-27,07:08:31,2026-06-27 07:08:31,,,,,,,,69f01fe044b9a5a944ce98b3,69f01fe044b9a5a944ce98b3,,,,
9156,raw_position_sample,2,2,int,5,2,17,18,45," groundbreaking,” ",921,261,1840094.5000000002,69f01fe044b9a5a944ce98b3,69f01fe044b9a5a944ce98b3,intermediate,2,69f01fe044b9a5a944ce98b3,69f01fe044b9a5a944ce98b3,spotlight_PROLIFIC,,24,mexico,spanish,english,,spanish:60|English:40,100,spanish:65|English:35,100,spanish:50|English:50,100,15,3,Bachelor's,10,10,10,9,10,10,18,20,20,20,TOEFL,110,,,,,25,25,C2,intermediate|advanced,advanced|intermediate,cambridge_22_25_intermediate_advanced,4,20,random,,243.265625,896.5625,263.265625,1037.65625,4,6,,,,,,,,,,,,2026-06-27T14:08:31.153Z,XZEXGKN2,2026-06-27,2026-06-27,07:08:31,2026-06-27 07:08:31,,,,,,,,69f01fe044b9a5a944ce98b3,69f01fe044b9a5a944ce98b3,,,,
9204,raw_position_sample,2,2,int,5,2,17,18,45," groundbreaking,” ",958,260,1840142.3,69f01fe044b9a5a944ce98b3,69f01fe044b9a5a944ce98b3,intermediate,2,69f01fe044b9a5a944ce98b3,69f01fe044b9a5a944ce98b3,spotlight_PROLIFIC,,24,mexico,spanish,english,,spanish:60|English:40,100,spanish:65|English:35,100,spanish:50|English:50,100,15,3,Bachelor's,10,10,10,9,10,10,18,20,20,20,TOEFL,110,,,,,25,25,C2,intermediate|advanced,advanced|intermediate,cambridge_22_25_intermediate_advanced,4,20,random,,243.265625,896.5625,263.265625,1037.65625,4,6,,,,,,,,,,,,2026-06-27T14:08:31.153Z,XZEXGKN2,2026-06-27,2026-06-27,07:08:31,2026-06-27 07:08:31,,,,,,,,69f01fe044b9a5a944ce98b3,69f01fe044b9a5a944ce98b3,,,,
9266,raw_position_sample,2,2,int,5,2,17,18,45," groundbreaking,” ",985,259,1840203.7,69f01fe044b9a5a944ce98b3,69f01fe044b9a5a944ce98b3,intermediate,2,69f01fe044b9a5a944ce98b3,69f01fe044b9a5a944ce98b3,spotlight_PROLIFIC,,24,mexico,spanish,english,,spanish:60|English:40,100,spanish:65|English:35,100,spanish:50|English:50,100,15,3,Bachelor's,10,10,10,9,10,10,18,20,20,20,TOEFL,110,,,,,25,25,C2,intermediate|advanced,advanced|intermediate,cambridge_22_25_intermediate_advanced,4,20,random,,243.265625,896.5625,263.265625,1037.65625,4,6,,,,,,,,,,,,2026-06-27T14:08:31.153Z,XZEXGKN2,2026-06-27,2026-06-27,07:08:31,2026-06-27 07:08:31,,,,,,,,69f01fe044b9a5a944ce98b3,69f01fe044b9a5a944ce98b3,,,,
9317,raw_position_sample,2,2,int,5,2,17,18,45," groundbreaking,” ",1012,262,1840255.4000000001,69f01fe044b9a5a944ce98b3,69f01fe044b9a5a944ce98b3,intermediate,2,69f01fe044b9a5a944ce98b3,69f01fe044b9a5a944ce98b3,spotlight_PROLIFIC,,24,mexico,spanish,english,,spanish:60|English:40,100,spanish:65|English:35,100,spanish:50|English:50,100,15,3,Bachelor's,10,10,10,9,10,10,18,20,20,20,TOEFL,110,,,,,25,25,C2,intermediate|advanced,advanced|intermediate,cambridge_22_25_intermediate_advanced,4,20,random,,243.265625,896.5625,263.265625,1037.65625,4,6,,,,,,,,,,,,2026-06-27T14:08:31.153Z,XZEXGKN2,2026-06-27,2026-06-27,07:08:31,2026-06-27 07:08:31,,,,,,,,69f01fe044b9a5a944ce98b3,69f01fe044b9a5a944ce98b3,,,,
9357,raw_position_sample,2,2,int,5,2,17,18,45," groundbreaking,” ",1034,262,1840294.5999999999,69f01fe044b9a5a944ce98b3,69f01fe044b9a5a944ce98b3,intermediate,2,69f01fe044b9a5a944ce98b3,69f01fe044b9a5a944ce98b3,spotlight_PROLIFIC,,24,mexico,spanish,english,,spanish:60|English:40,100,spanish:65|English:35,100,spanish:50|English:50,100,15,3,Bachelor's,10,10,10,9,10,10,18,20,20,20,TOEFL,110,,,,,25,25,C2,intermediate|advanced,advanced|intermediate,cambridge_22_25_intermediate_advanced,4,20,random,,243.265625,896.5625,263.265625,1037.65625,4,6,,,,,,,,,,,,2026-06-27T14:08:31.153Z,XZEXGKN2,2026-06-27,2026-06-27,07:08:31,2026-06-27 07:08:31,,,,,,,,69f01fe044b9a5a944ce98b3,69f01fe044b9a5a944ce98b3,,,,
9367,hover_association,2,2,int,5,2,17,18,45," groundbreaking,” ",897,263,,69f01fe044b9a5a944ce98b3,69f01fe044b9a5a944ce98b3,intermediate,2,69f01fe044b9a5a944ce98b3,69f01fe044b9a5a944ce98b3,spotlight_PROLIFIC,,24,mexico,spanish,english,,spanish:60|English:40,100,spanish:65|English:35,100,spanish:50|English:50,100,15,3,Bachelor's,10,10,10,9,10,10,18,20,20,20,TOEFL,110,,,,,25,25,C2,intermediate|advanced,advanced|intermediate,cambridge_22_25_intermediate_advanced,4,20,random,,233.265625,896.5625,273.265625,1037.65625,4,6,hover,266.5,266.5,0.9740863787375416,0.718359375,80,,,,,,2026-06-27T14:08:31.153Z,XZEXGKN2,2026-06-27,2026-06-27,07:08:31,2026-06-27 07:08:31,,,,,,,,69f01fe044b9a5a944ce98b3,69f01fe044b9a5a944ce98b3,,,,
9404,raw_position_sample,2,2,int,5,2,17,18,46, said ,1072,261,1840342.3,69f01fe044b9a5a944ce98b3,69f01fe044b9a5a944ce98b3,intermediate,2,69f01fe044b9a5a944ce98b3,69f01fe044b9a5a944ce98b3,spotlight_PROLIFIC,,24,mexico,spanish,english,,spanish:60|English:40,100,spanish:65|English:35,100,spanish:50|English:50,100,15,3,Bachelor's,10,10,10,9,10,10,18,20,20,20,TOEFL,110,,,,,25,25,C2,intermediate|advanced,advanced|intermediate,cambridge_22_25_intermediate_advanced,4,20,random,,243.265625,1037.65625,263.265625,1075.6875,4,7,,,,,,,,,,,,2026-06-27T14:08:31.153Z,XZEXGKN2,2026-06-27,2026-06-27,07:08:31,2026-06-27 07:08:31,,,,,,,,69f01fe044b9a5a944ce98b3,69f01fe044b9a5a944ce98b3,,,,
9417,hover_association,2,2,int,5,2,17,18,46, said ,1046,262,,69f01fe044b9a5a944ce98b3,69f01fe044b9a5a944ce98b3,intermediate,2,69f01fe044b9a5a944ce98b3,69f01fe044b9a5a944ce98b3,spotlight_PROLIFIC,,24,mexico,spanish,english,,spanish:60|English:40,100,spanish:65|English:35,100,spanish:50|English:50,100,15,3,Bachelor's,10,10,10,9,10,10,18,20,20,20,TOEFL,110,,,,,25,25,C2,intermediate|advanced,advanced|intermediate,cambridge_22_25_intermediate_advanced,4,20,random,,233.265625,1037.65625,273.265625,1075.6875,4,7,hover,50,50,0.9030402629416598,0.693359375,80,,,,,,2026-06-27T14:08:31.153Z,XZEXGKN2,2026-06-27,2026-06-27,07:08:31,2026-06-27 07:08:31,,,,,,,,69f01fe044b9a5a944ce98b3,69f01fe044b9a5a944ce98b3,,,,
9466,raw_position_sample,2,2,int,5,2,17,18,47, Danny ,1111,260,1840404.4000000001,69f01fe044b9a5a944ce98b3,69f01fe044b9a5a944ce98b3,intermediate,2,69f01fe044b9a5a944ce98b3,69f01fe044b9a5a944ce98b3,spotlight_PROLIFIC,,24,mexico,spanish,english,,spanish:60|English:40,100,spanish:65|English:35,100,spanish:50|English:50,100,15,3,Bachelor's,10,10,10,9,10,10,18,20,20,20,TOEFL,110,,,,,25,25,C2,intermediate|advanced,advanced|intermediate,cambridge_22_25_intermediate_advanced,4,20,random,,243.265625,1075.6875,263.265625,1132.734375,4,8,,,,,,,,,,,,2026-06-27T14:08:31.153Z,XZEXGKN2,2026-06-27,2026-06-27,07:08:31,2026-06-27 07:08:31,,,,,,,,69f01fe044b9a5a944ce98b3,69f01fe044b9a5a944ce98b3,,,,
9500,hover_association,2,2,int,5,2,17,18,47, Danny ,1085,261,,69f01fe044b9a5a944ce98b3,69f01fe044b9a5a944ce98b3,intermediate,2,69f01fe044b9a5a944ce98b3,69f01fe044b9a5a944ce98b3,spotlight_PROLIFIC,,24,mexico,spanish,english,,spanish:60|English:40,100,spanish:65|English:35,100,spanish:50|English:50,100,15,3,Bachelor's,10,10,10,9,10,10,18,20,20,20,TOEFL,110,,,,,25,25,C2,intermediate|advanced,advanced|intermediate,cambridge_22_25_intermediate_advanced,4,20,random,,233.265625,1075.6875,273.265625,1132.734375,4,8,hover,83.29999999981374,83.29999999981374,0.9695973705834018,0.668359375,80,,,,,,2026-06-27T14:08:31.153Z,XZEXGKN2,2026-06-27,2026-06-27,07:08:31,2026-06-27 07:08:31,,,,,,,,69f01fe044b9a5a944ce98b3,69f01fe044b9a5a944ce98b3,,,,
9517,raw_position_sample,2,2,int,5,2,17,18,48," Kushlick, ",1137,260,1840454.5999999999,69f01fe044b9a5a944ce98b3,69f01fe044b9a5a944ce98b3,intermediate,2,69f01fe044b9a5a944ce98b3,69f01fe044b9a5a944ce98b3,spotlight_PROLIFIC,,24,mexico,spanish,english,,spanish:60|English:40,100,spanish:65|English:35,100,spanish:50|English:50,100,15,3,Bachelor's,10,10,10,9,10,10,18,20,20,20,TOEFL,110,,,,,25,25,C2,intermediate|advanced,advanced|intermediate,cambridge_22_25_intermediate_advanced,4,20,random,,243.265625,1132.734375,263.265625,1209.765625,4,9,,,,,,,,,,,,2026-06-27T14:08:31.153Z,XZEXGKN2,2026-06-27,2026-06-27,07:08:31,2026-06-27 07:08:31,,,,,,,,69f01fe044b9a5a944ce98b3,69f01fe044b9a5a944ce98b3,,,,
9556,raw_position_sample,2,2,int,5,2,17,18,48," Kushlick, ",1153,261,1840494.4000000001,69f01fe044b9a5a944ce98b3,69f01fe044b9a5a944ce98b3,intermediate,2,69f01fe044b9a5a944ce98b3,69f01fe044b9a5a944ce98b3,spotlight_PROLIFIC,,24,mexico,spanish,english,,spanish:60|English:40,100,spanish:65|English:35,100,spanish:50|English:50,100,15,3,Bachelor's,10,10,10,9,10,10,18,20,20,20,TOEFL,110,,,,,25,25,C2,intermediate|advanced,advanced|intermediate,cambridge_22_25_intermediate_advanced,4,20,random,,243.265625,1132.734375,263.265625,1209.765625,4,9,,,,,,,,,,,,2026-06-27T14:08:31.153Z,XZEXGKN2,2026-06-27,2026-06-27,07:08:31,2026-06-27 07:08:31,,,,,,,,69f01fe044b9a5a944ce98b3,69f01fe044b9a5a944ce98b3,,,,
9609,raw_position_sample,2,2,int,5,2,17,18,48," Kushlick, ",1158,261,1840547.3,69f01fe044b9a5a944ce98b3,69f01fe044b9a5a944ce98b3,intermediate,2,69f01fe044b9a5a944ce98b3,69f01fe044b9a5a944ce98b3,spotlight_PROLIFIC,,24,mexico,spanish,english,,spanish:60|English:40,100,spanish:65|English:35,100,spanish:50|English:50,100,15,3,Bachelor's,10,10,10,9,10,10,18,20,20,20,TOEFL,110,,,,,25,25,C2,intermediate|advanced,advanced|intermediate,cambridge_22_25_intermediate_advanced,4,20,random,,243.265625,1132.734375,263.265625,1209.765625,4,9,,,,,,,,,,,,2026-06-27T14:08:31.153Z,XZEXGKN2,2026-06-27,2026-06-27,07:08:31,2026-06-27 07:08:31,,,,,,,,69f01fe044b9a5a944ce98b3,69f01fe044b9a5a944ce98b3,,,,
9666,raw_position_sample,2,2,int,5,2,17,18,48," Kushlick, ",1168,262,1840604.5999999999,69f01fe044b9a5a944ce98b3,69f01fe044b9a5a944ce98b3,intermediate,2,69f01fe044b9a5a944ce98b3,69f01fe044b9a5a944ce98b3,spotlight_PROLIFIC,,24,mexico,spanish,english,,spanish:60|English:40,100,spanish:65|English:35,100,spanish:50|English:50,100,15,3,Bachelor's,10,10,10,9,10,10,18,20,20,20,TOEFL,110,,,,,25,25,C2,intermediate|advanced,advanced|intermediate,cambridge_22_25_intermediate_advanced,4,20,random,,243.265625,1132.734375,263.265625,1209.765625,4,9,,,,,,,,,,,,2026-06-27T14:08:31.153Z,XZEXGKN2,2026-06-27,2026-06-27,07:08:31,2026-06-27 07:08:31,,,,,,,,69f01fe044b9a5a944ce98b3,69f01fe044b9a5a944ce98b3,,,,
9717,hover_association,2,2,int,5,2,17,18,48," Kushlick, ",1137,260,,69f01fe044b9a5a944ce98b3,69f01fe044b9a5a944ce98b3,intermediate,2,69f01fe044b9a5a944ce98b3,69f01fe044b9a5a944ce98b3,spotlight_PROLIFIC,,24,mexico,spanish,english,,spanish:60|English:40,100,spanish:65|English:35,100,spanish:50|English:50,100,15,3,Bachelor's,10,10,10,9,10,10,18,20,20,20,TOEFL,110,,,,,25,25,C2,intermediate|advanced,advanced|intermediate,cambridge_22_25_intermediate_advanced,4,20,random,,233.265625,1132.734375,273.265625,1209.765625,4,9,hover,216.79999999981374,216.79999999981374,0.7304259634888438,0.718359375,80,,,,,,2026-06-27T14:08:31.153Z,XZEXGKN2,2026-06-27,2026-06-27,07:08:31,2026-06-27 07:08:31,,,,,,,,69f01fe044b9a5a944ce98b3,69f01fe044b9a5a944ce98b3,,,,
9718,raw_position_sample,2,2,int,5,2,17,18,49, of ,1210,262,1840655.5999999999,69f01fe044b9a5a944ce98b3,69f01fe044b9a5a944ce98b3,intermediate,2,69f01fe044b9a5a944ce98b3,69f01fe044b9a5a944ce98b3,spotlight_PROLIFIC,,24,mexico,spanish,english,,spanish:60|English:40,100,spanish:65|English:35,100,spanish:50|English:50,100,15,3,Bachelor's,10,10,10,9,10,10,18,20,20,20,TOEFL,110,,,,,25,25,C2,intermediate|advanced,advanced|intermediate,cambridge_22_25_intermediate_advanced,4,20,random,,243.265625,1209.765625,263.265625,1229.78125,4,10,,,,,,,,,,,,2026-06-27T14:08:31.153Z,XZEXGKN2,2026-06-27,2026-06-27,07:08:31,2026-06-27 07:08:31,,,,,,,,69f01fe044b9a5a944ce98b3,69f01fe044b9a5a944ce98b3,,,,
9750,hover_association,2,2,int,5,2,17,18,49, of ,1210,262,,69f01fe044b9a5a944ce98b3,69f01fe044b9a5a944ce98b3,intermediate,2,69f01fe044b9a5a944ce98b3,69f01fe044b9a5a944ce98b3,spotlight_PROLIFIC,,24,mexico,spanish,english,,spanish:60|English:40,100,spanish:65|English:35,100,spanish:50|English:50,100,15,3,Bachelor's,10,10,10,9,10,10,18,20,20,20,TOEFL,110,,,,,25,25,C2,intermediate|advanced,advanced|intermediate,cambridge_22_25_intermediate_advanced,4,20,random,,233.265625,1209.765625,273.265625,1229.78125,4,10,hover,33.3000000002794,33.3000000002794,0.6112412177985949,0.718359375,80,,,,,,2026-06-27T14:08:31.153Z,XZEXGKN2,2026-06-27,2026-06-27,07:08:31,2026-06-27 07:08:31,,,,,,,,69f01fe044b9a5a944ce98b3,69f01fe044b9a5a944ce98b3,,,,
9756,raw_position_sample,2,2,int,5,2,17,18,50, the ,1230,262,1840694.3,69f01fe044b9a5a944ce98b3,69f01fe044b9a5a944ce98b3,intermediate,2,69f01fe044b9a5a944ce98b3,69f01fe044b9a5a944ce98b3,spotlight_PROLIFIC,,24,mexico,spanish,english,,spanish:60|English:40,100,spanish:65|English:35,100,spanish:50|English:50,100,15,3,Bachelor's,10,10,10,9,10,10,18,20,20,20,TOEFL,110,,,,,25,25,C2,intermediate|advanced,advanced|intermediate,cambridge_22_25_intermediate_advanced,4,20,random,,243.265625,1229.78125,263.265625,1254.8125,4,11,,,,,,,,,,,,2026-06-27T14:08:31.153Z,XZEXGKN2,2026-06-27,2026-06-27,07:08:31,2026-06-27 07:08:31,,,,,,,,69f01fe044b9a5a944ce98b3,69f01fe044b9a5a944ce98b3,,,,
9817,raw_position_sample,2,2,int,5,2,17,18,50, the ,1241,262,1840754.5999999999,69f01fe044b9a5a944ce98b3,69f01fe044b9a5a944ce98b3,intermediate,2,69f01fe044b9a5a944ce98b3,69f01fe044b9a5a944ce98b3,spotlight_PROLIFIC,,24,mexico,spanish,english,,spanish:60|English:40,100,spanish:65|English:35,100,spanish:50|English:50,100,15,3,Bachelor's,10,10,10,9,10,10,18,20,20,20,TOEFL,110,,,,,25,25,C2,intermediate|advanced,advanced|intermediate,cambridge_22_25_intermediate_advanced,4,20,random,,243.265625,1229.78125,263.265625,1254.8125,4,11,,,,,,,,,,,,2026-06-27T14:08:31.153Z,XZEXGKN2,2026-06-27,2026-06-27,07:08:31,2026-06-27 07:08:31,,,,,,,,69f01fe044b9a5a944ce98b3,69f01fe044b9a5a944ce98b3,,,,
9861,raw_position_sample,2,2,int,5,2,17,18,50, the ,1241,262,1840798.5999999999,69f01fe044b9a5a944ce98b3,69f01fe044b9a5a944ce98b3,intermediate,2,69f01fe044b9a5a944ce98b3,69f01fe044b9a5a944ce98b3,spotlight_PROLIFIC,,24,mexico,spanish,english,,spanish:60|English:40,100,spanish:65|English:35,100,spanish:50|English:50,100,15,3,Bachelor's,10,10,10,9,10,10,18,20,20,20,TOEFL,110,,,,,25,25,C2,intermediate|advanced,advanced|intermediate,cambridge_22_25_intermediate_advanced,4,20,random,,243.265625,1229.78125,263.265625,1254.8125,4,11,,,,,,,,,,,,2026-06-27T14:08:31.153Z,XZEXGKN2,2026-06-27,2026-06-27,07:08:31,2026-06-27 07:08:31,,,,,,,,69f01fe044b9a5a944ce98b3,69f01fe044b9a5a944ce98b3,,,,
9900,hover_association,2,2,int,5,2,17,18,50, the ,1230,262,,69f01fe044b9a5a944ce98b3,69f01fe044b9a5a944ce98b3,intermediate,2,69f01fe044b9a5a944ce98b3,69f01fe044b9a5a944ce98b3,spotlight_PROLIFIC,,24,mexico,spanish,english,,spanish:60|English:40,100,spanish:65|English:35,100,spanish:50|English:50,100,15,3,Bachelor's,10,10,10,9,10,10,18,20,20,20,TOEFL,110,,,,,25,25,C2,intermediate|advanced,advanced|intermediate,cambridge_22_25_intermediate_advanced,4,20,random,,233.265625,1229.78125,273.265625,1254.8125,4,11,hover,150.10000000009313,150.10000000009313,0.3682896379525593,0.868359375,80,,,,,,2026-06-27T14:08:31.153Z,XZEXGKN2,2026-06-27,2026-06-27,07:08:31,2026-06-27 07:08:31,,,,,,,,69f01fe044b9a5a944ce98b3,69f01fe044b9a5a944ce98b3,,,,
9908,raw_position_sample,2,2,int,5,2,17,18,60, shows ,1228,275,1840845.9000000001,69f01fe044b9a5a944ce98b3,69f01fe044b9a5a944ce98b3,intermediate,2,69f01fe044b9a5a944ce98b3,69f01fe044b9a5a944ce98b3,spotlight_PROLIFIC,,24,mexico,spanish,english,,spanish:60|English:40,100,spanish:65|English:35,100,spanish:50|English:50,100,15,3,Bachelor's,10,10,10,9,10,10,18,20,20,20,TOEFL,110,,,,,25,25,C2,intermediate|advanced,advanced|intermediate,cambridge_22_25_intermediate_advanced,4,20,random,,283.265625,1206,303.265625,1262.03125,5,10,,,,,,,,,,,,2026-06-27T14:08:31.153Z,XZEXGKN2,2026-06-27,2026-06-27,07:08:31,2026-06-27 07:08:31,,,,,,,,69f01fe044b9a5a944ce98b3,69f01fe044b9a5a944ce98b3,,,,
9917,hover_association,2,2,int,5,2,17,18,60, shows ,1228,275,,69f01fe044b9a5a944ce98b3,69f01fe044b9a5a944ce98b3,intermediate,2,69f01fe044b9a5a944ce98b3,69f01fe044b9a5a944ce98b3,spotlight_PROLIFIC,,24,mexico,spanish,english,,spanish:60|English:40,100,spanish:65|English:35,100,spanish:50|English:50,100,15,3,Bachelor's,10,10,10,9,10,10,18,20,20,20,TOEFL,110,,,,,25,25,C2,intermediate|advanced,advanced|intermediate,cambridge_22_25_intermediate_advanced,4,20,random,,273.265625,1206,313.265625,1262.03125,5,10,hover,16.5,16.5,0.39263803680981596,0.043359375,80,,,,,,2026-06-27T14:08:31.153Z,XZEXGKN2,2026-06-27,2026-06-27,07:08:31,2026-06-27 07:08:31,,,,,,,,69f01fe044b9a5a944ce98b3,69f01fe044b9a5a944ce98b3,,,,
9933,hover_association,2,2,int,5,2,17,18,59, “It ,1205,283,,69f01fe044b9a5a944ce98b3,69f01fe044b9a5a944ce98b3,intermediate,2,69f01fe044b9a5a944ce98b3,69f01fe044b9a5a944ce98b3,spotlight_PROLIFIC,,24,mexico,spanish,english,,spanish:60|English:40,100,spanish:65|English:35,100,spanish:50|English:50,100,15,3,Bachelor's,10,10,10,9,10,10,18,20,20,20,TOEFL,110,,,,,25,25,C2,intermediate|advanced,advanced|intermediate,cambridge_22_25_intermediate_advanced,4,20,random,,273.265625,1185,313.265625,1206,5,9,hover,16.699999999720603,16.699999999720603,0.9523809523809523,0.243359375,80,,,,,,2026-06-27T14:08:31.153Z,XZEXGKN2,2026-06-27,2026-06-27,07:08:31,2026-06-27 07:08:31,,,,,,,,69f01fe044b9a5a944ce98b3,69f01fe044b9a5a944ce98b3,,,,
9956,raw_position_sample,2,2,int,5,2,17,18,58, liberalization. ,1159,285,1840894.4000000001,69f01fe044b9a5a944ce98b3,69f01fe044b9a5a944ce98b3,intermediate,2,69f01fe044b9a5a944ce98b3,69f01fe044b9a5a944ce98b3,spotlight_PROLIFIC,,24,mexico,spanish,english,,spanish:60|English:40,100,spanish:65|English:35,100,spanish:50|English:50,100,15,3,Bachelor's,10,10,10,9,10,10,18,20,20,20,TOEFL,110,,,,,25,25,C2,intermediate|advanced,advanced|intermediate,cambridge_22_25_intermediate_advanced,4,20,random,,283.265625,1074.9375,303.265625,1185,5,8,,,,,,,,,,,,2026-06-27T14:08:31.153Z,XZEXGKN2,2026-06-27,2026-06-27,07:08:31,2026-06-27 07:08:31,,,,,,,,69f01fe044b9a5a944ce98b3,69f01fe044b9a5a944ce98b3,,,,
10004,raw_position_sample,2,2,int,5,2,17,18,58, liberalization. ,1076,276,1840942.5000000002,69f01fe044b9a5a944ce98b3,69f01fe044b9a5a944ce98b3,intermediate,2,69f01fe044b9a5a944ce98b3,69f01fe044b9a5a944ce98b3,spotlight_PROLIFIC,,24,mexico,spanish,english,,spanish:60|English:40,100,spanish:65|English:35,100,spanish:50|English:50,100,15,3,Bachelor's,10,10,10,9,10,10,18,20,20,20,TOEFL,110,,,,,25,25,C2,intermediate|advanced,advanced|intermediate,cambridge_22_25_intermediate_advanced,4,20,random,,283.265625,1074.9375,303.265625,1185,5,8,,,,,,,,,,,,2026-06-27T14:08:31.153Z,XZEXGKN2,2026-06-27,2026-06-27,07:08:31,2026-06-27 07:08:31,,,,,,,,69f01fe044b9a5a944ce98b3,69f01fe044b9a5a944ce98b3,,,,
10017,hover_association,2,2,int,5,2,17,18,58, liberalization. ,1183,285,,69f01fe044b9a5a944ce98b3,69f01fe044b9a5a944ce98b3,intermediate,2,69f01fe044b9a5a944ce98b3,69f01fe044b9a5a944ce98b3,spotlight_PROLIFIC,,24,mexico,spanish,english,,spanish:60|English:40,100,spanish:65|English:35,100,spanish:50|English:50,100,15,3,Bachelor's,10,10,10,9,10,10,18,20,20,20,TOEFL,110,,,,,25,25,C2,intermediate|advanced,advanced|intermediate,cambridge_22_25_intermediate_advanced,4,20,random,,273.265625,1074.9375,313.265625,1185,5,8,hover,83.3000000002794,83.3000000002794,0.009653605905735378,0.068359375,80,,,,,,2026-06-27T14:08:31.153Z,XZEXGKN2,2026-06-27,2026-06-27,07:08:31,2026-06-27 07:08:31,,,,,,,,69f01fe044b9a5a944ce98b3,69f01fe044b9a5a944ce98b3,,,,
10033,hover_association,2,2,int,5,2,17,18,46, said ,1043,272,,69f01fe044b9a5a944ce98b3,69f01fe044b9a5a944ce98b3,intermediate,2,69f01fe044b9a5a944ce98b3,69f01fe044b9a5a944ce98b3,spotlight_PROLIFIC,,24,mexico,spanish,english,,spanish:60|English:40,100,spanish:65|English:35,100,spanish:50|English:50,100,15,3,Bachelor's,10,10,10,9,10,10,18,20,20,20,TOEFL,110,,,,,25,25,C2,intermediate|advanced,advanced|intermediate,cambridge_22_25_intermediate_advanced,4,20,random,,233.265625,1037.65625,273.265625,1075.6875,4,7,hover,16.699999999720603,16.699999999720603,0.14050944946589974,0.968359375,80,,,,,,2026-06-27T14:08:31.153Z,XZEXGKN2,2026-06-27,2026-06-27,07:08:31,2026-06-27 07:08:31,,,,,,,,69f01fe044b9a5a944ce98b3,69f01fe044b9a5a944ce98b3,,,,
10067,raw_position_sample,2,2,int,5,2,17,18,45," groundbreaking,” ",996,265,1841004.5999999999,69f01fe044b9a5a944ce98b3,69f01fe044b9a5a944ce98b3,intermediate,2,69f01fe044b9a5a944ce98b3,69f01fe044b9a5a944ce98b3,spotlight_PROLIFIC,,24,mexico,spanish,english,,spanish:60|English:40,100,spanish:65|English:35,100,spanish:50|English:50,100,15,3,Bachelor's,10,10,10,9,10,10,18,20,20,20,TOEFL,110,,,,,25,25,C2,intermediate|advanced,advanced|intermediate,cambridge_22_25_intermediate_advanced,4,20,random,,243.265625,896.5625,263.265625,1037.65625,4,6,,,,,,,,,,,,2026-06-27T14:08:31.153Z,XZEXGKN2,2026-06-27,2026-06-27,07:08:31,2026-06-27 07:08:31,,,,,,,,69f01fe044b9a5a944ce98b3,69f01fe044b9a5a944ce98b3,,,,
10117,hover_association,2,2,int,5,2,17,18,45," groundbreaking,” ",1019,270,,69f01fe044b9a5a944ce98b3,69f01fe044b9a5a944ce98b3,intermediate,2,69f01fe044b9a5a944ce98b3,69f01fe044b9a5a944ce98b3,spotlight_PROLIFIC,,24,mexico,spanish,english,,spanish:60|English:40,100,spanish:65|English:35,100,spanish:50|English:50,100,15,3,Bachelor's,10,10,10,9,10,10,18,20,20,20,TOEFL,110,,,,,25,25,C2,intermediate|advanced,advanced|intermediate,cambridge_22_25_intermediate_advanced,4,20,random,,233.265625,896.5625,273.265625,1037.65625,4,6,hover,83.39999999990687,83.39999999990687,0.18737541528239202,0.443359375,80,,,,,,2026-06-27T14:08:31.153Z,XZEXGKN2,2026-06-27,2026-06-27,07:08:31,2026-06-27 07:08:31,,,,,,,,69f01fe044b9a5a944ce98b3,69f01fe044b9a5a944ce98b3,,,,
10118,raw_position_sample,2,2,int,5,2,17,18,44, and ,872,249,1841055.8,69f01fe044b9a5a944ce98b3,69f01fe044b9a5a944ce98b3,intermediate,2,69f01fe044b9a5a944ce98b3,69f01fe044b9a5a944ce98b3,spotlight_PROLIFIC,,24,mexico,spanish,english,,spanish:60|English:40,100,spanish:65|English:35,100,spanish:50|English:50,100,15,3,Bachelor's,10,10,10,9,10,10,18,20,20,20,TOEFL,110,,,,,25,25,C2,intermediate|advanced,advanced|intermediate,cambridge_22_25_intermediate_advanced,4,20,random,,243.265625,861.515625,263.265625,896.5625,4,5,,,,,,,,,,,,2026-06-27T14:08:31.153Z,XZEXGKN2,2026-06-27,2026-06-27,07:08:31,2026-06-27 07:08:31,,,,,,,,69f01fe044b9a5a944ce98b3,69f01fe044b9a5a944ce98b3,,,,
10134,hover_association,2,2,int,5,2,17,18,44, and ,872,249,,69f01fe044b9a5a944ce98b3,69f01fe044b9a5a944ce98b3,intermediate,2,69f01fe044b9a5a944ce98b3,69f01fe044b9a5a944ce98b3,spotlight_PROLIFIC,,24,mexico,spanish,english,,spanish:60|English:40,100,spanish:65|English:35,100,spanish:50|English:50,100,15,3,Bachelor's,10,10,10,9,10,10,18,20,20,20,TOEFL,110,,,,,25,25,C2,intermediate|advanced,advanced|intermediate,cambridge_22_25_intermediate_advanced,4,20,random,,233.265625,861.515625,273.265625,896.5625,4,5,hover,16.800000000279397,16.800000000279397,0.29915292019616585,0.393359375,80,,,,,,2026-06-27T14:08:31.153Z,XZEXGKN2,2026-06-27,2026-06-27,07:08:31,2026-06-27 07:08:31,,,,,,,,69f01fe044b9a5a944ce98b3,69f01fe044b9a5a944ce98b3,,,,
10156,raw_position_sample,2,2,int,5,2,17,18,43, inspirational ,824,249,1841094.4000000001,69f01fe044b9a5a944ce98b3,69f01fe044b9a5a944ce98b3,intermediate,2,69f01fe044b9a5a944ce98b3,69f01fe044b9a5a944ce98b3,spotlight_PROLIFIC,,24,mexico,spanish,english,,spanish:60|English:40,100,spanish:65|English:35,100,spanish:50|English:50,100,15,3,Bachelor's,10,10,10,9,10,10,18,20,20,20,TOEFL,110,,,,,25,25,C2,intermediate|advanced,advanced|intermediate,cambridge_22_25_intermediate_advanced,4,20,random,,243.265625,760.453125,263.265625,861.515625,4,4,,,,,,,,,,,,2026-06-27T14:08:31.153Z,XZEXGKN2,2026-06-27,2026-06-27,07:08:31,2026-06-27 07:08:31,,,,,,,,69f01fe044b9a5a944ce98b3,69f01fe044b9a5a944ce98b3,,,,
10200,hover_association,2,2,int,5,2,17,18,43, inspirational ,848,249,,69f01fe044b9a5a944ce98b3,69f01fe044b9a5a944ce98b3,intermediate,2,69f01fe044b9a5a944ce98b3,69f01fe044b9a5a944ce98b3,spotlight_PROLIFIC,,24,mexico,spanish,english,,spanish:60|English:40,100,spanish:65|English:35,100,spanish:50|English:50,100,15,3,Bachelor's,10,10,10,9,10,10,18,20,20,20,TOEFL,110,,,,,25,25,C2,intermediate|advanced,advanced|intermediate,cambridge_22_25_intermediate_advanced,4,20,random,,233.265625,760.453125,273.265625,861.515625,4,4,hover,66.5,66.5,0.044990723562152134,0.343359375,80,,,,,,2026-06-27T14:08:31.153Z,XZEXGKN2,2026-06-27,2026-06-27,07:08:31,2026-06-27 07:08:31,,,,,,,,69f01fe044b9a5a944ce98b3,69f01fe044b9a5a944ce98b3,,,,
10203,raw_position_sample,2,2,int,5,2,17,18,41, move ,739,247,1841141.3,69f01fe044b9a5a944ce98b3,69f01fe044b9a5a944ce98b3,intermediate,2,69f01fe044b9a5a944ce98b3,69f01fe044b9a5a944ce98b3,spotlight_PROLIFIC,,24,mexico,spanish,english,,spanish:60|English:40,100,spanish:65|English:35,100,spanish:50|English:50,100,15,3,Bachelor's,10,10,10,9,10,10,18,20,20,20,TOEFL,110,,,,,25,25,C2,intermediate|advanced,advanced|intermediate,cambridge_22_25_intermediate_advanced,4,20,random,,243.265625,693.421875,263.265625,742.453125,4,2,,,,,,,,,,,,2026-06-27T14:08:31.153Z,XZEXGKN2,2026-06-27,2026-06-27,07:08:31,2026-06-27 07:08:31,,,,,,,,69f01fe044b9a5a944ce98b3,69f01fe044b9a5a944ce98b3,,,,
10250,hover_association,2,2,int,5,2,17,18,41, move ,739,247,,69f01fe044b9a5a944ce98b3,69f01fe044b9a5a944ce98b3,intermediate,2,69f01fe044b9a5a944ce98b3,69f01fe044b9a5a944ce98b3,spotlight_PROLIFIC,,24,mexico,spanish,english,,spanish:60|English:40,100,spanish:65|English:35,100,spanish:50|English:50,100,15,3,Bachelor's,10,10,10,9,10,10,18,20,20,20,TOEFL,110,,,,,25,25,C2,intermediate|advanced,advanced|intermediate,cambridge_22_25_intermediate_advanced,4,20,random,,233.265625,693.421875,273.265625,742.453125,4,2,hover,50.10000000009313,50.10000000009313,0.11376673040152964,0.468359375,80,,,,,,2026-06-27T14:08:31.153Z,XZEXGKN2,2026-06-27,2026-06-27,07:08:31,2026-06-27 07:08:31,,,,,,,,69f01fe044b9a5a944ce98b3,69f01fe044b9a5a944ce98b3,,,,
10267,raw_position_sample,2,2,int,5,2,17,18,40, Bolivian ,680,255,1841204.5999999999,69f01fe044b9a5a944ce98b3,69f01fe044b9a5a944ce98b3,intermediate,2,69f01fe044b9a5a944ce98b3,69f01fe044b9a5a944ce98b3,spotlight_PROLIFIC,,24,mexico,spanish,english,,spanish:60|English:40,100,spanish:65|English:35,100,spanish:50|English:50,100,15,3,Bachelor's,10,10,10,9,10,10,18,20,20,20,TOEFL,110,,,,,25,25,C2,intermediate|advanced,advanced|intermediate,cambridge_22_25_intermediate_advanced,4,20,random,,243.265625,625.375,263.265625,693.421875,4,1,,,,,,,,,,,,2026-06-27T14:08:31.153Z,XZEXGKN2,2026-06-27,2026-06-27,07:08:31,2026-06-27 07:08:31,,,,,,,,69f01fe044b9a5a944ce98b3,69f01fe044b9a5a944ce98b3,,,,
10317,hover_association,2,2,int,5,2,17,18,40, Bolivian ,680,255,,69f01fe044b9a5a944ce98b3,69f01fe044b9a5a944ce98b3,intermediate,2,69f01fe044b9a5a944ce98b3,69f01fe044b9a5a944ce98b3,spotlight_PROLIFIC,,24,mexico,spanish,english,,spanish:60|English:40,100,spanish:65|English:35,100,spanish:50|English:50,100,15,3,Bachelor's,10,10,10,9,10,10,18,20,20,20,TOEFL,110,,,,,25,25,C2,intermediate|advanced,advanced|intermediate,cambridge_22_25_intermediate_advanced,4,20,random,,233.265625,625.375,273.265625,693.421875,4,1,hover,66.59999999962747,66.59999999962747,0.023880597014925373,0.768359375,80,,,,,,2026-06-27T14:08:31.153Z,XZEXGKN2,2026-06-27,2026-06-27,07:08:31,2026-06-27 07:08:31,,,,,,,,69f01fe044b9a5a944ce98b3,69f01fe044b9a5a944ce98b3,,,,
10317,raw_position_sample,2,2,int,5,2,17,18,-1,999,622,267,1841255.4000000001,69f01fe044b9a5a944ce98b3,69f01fe044b9a5a944ce98b3,intermediate,2,69f01fe044b9a5a944ce98b3,69f01fe044b9a5a944ce98b3,spotlight_PROLIFIC,,24,mexico,spanish,english,,spanish:60|English:40,100,spanish:65|English:35,100,spanish:50|English:50,100,15,3,Bachelor's,10,10,10,9,10,10,18,20,20,20,TOEFL,110,,,,,25,25,C2,intermediate|advanced,advanced|intermediate,cambridge_22_25_intermediate_advanced,4,20,random,,,,,,,,,,,,,,,,,,,2026-06-27T14:08:31.153Z,XZEXGKN2,2026-06-27,2026-06-27,07:08:31,2026-06-27 07:08:31,,,,,,,,69f01fe044b9a5a944ce98b3,69f01fe044b9a5a944ce98b3,,,,
10364,raw_position_sample,2,2,int,5,2,17,18,-1,999,621,271,1841302.5000000002,69f01fe044b9a5a944ce98b3,69f01fe044b9a5a944ce98b3,intermediate,2,69f01fe044b9a5a944ce98b3,69f01fe044b9a5a944ce98b3,spotlight_PROLIFIC,,24,mexico,spanish,english,,spanish:60|English:40,100,spanish:65|English:35,100,spanish:50|English:50,100,15,3,Bachelor's,10,10,10,9,10,10,18,20,20,20,TOEFL,110,,,,,25,25,C2,intermediate|advanced,advanced|intermediate,cambridge_22_25_intermediate_advanced,4,20,random,,,,,,,,,,,,,,,,,,,2026-06-27T14:08:31.153Z,XZEXGKN2,2026-06-27,2026-06-27,07:08:31,2026-06-27 07:08:31,,,,,,,,69f01fe044b9a5a944ce98b3,69f01fe044b9a5a944ce98b3,,,,
10404,raw_position_sample,2,2,int,5,2,17,18,-1,999,622,276,1841342.2,69f01fe044b9a5a944ce98b3,69f01fe044b9a5a944ce98b3,intermediate,2,69f01fe044b9a5a944ce98b3,69f01fe044b9a5a944ce98b3,spotlight_PROLIFIC,,24,mexico,spanish,english,,spanish:60|English:40,100,spanish:65|English:35,100,spanish:50|English:50,100,15,3,Bachelor's,10,10,10,9,10,10,18,20,20,20,TOEFL,110,,,,,25,25,C2,intermediate|advanced,advanced|intermediate,cambridge_22_25_intermediate_advanced,4,20,random,,,,,,,,,,,,,,,,,,,2026-06-27T14:08:31.153Z,XZEXGKN2,2026-06-27,2026-06-27,07:08:31,2026-06-27 07:08:31,,,,,,,,69f01fe044b9a5a944ce98b3,69f01fe044b9a5a944ce98b3,,,,
10466,raw_position_sample,2,2,int,5,2,17,18,-1,999,622,281,1841404.4000000001,69f01fe044b9a5a944ce98b3,69f01fe044b9a5a944ce98b3,intermediate,2,69f01fe044b9a5a944ce98b3,69f01fe044b9a5a944ce98b3,spotlight_PROLIFIC,,24,mexico,spanish,english,,spanish:60|English:40,100,spanish:65|English:35,100,spanish:50|English:50,100,15,3,Bachelor's,10,10,10,9,10,10,18,20,20,20,TOEFL,110,,,,,25,25,C2,intermediate|advanced,advanced|intermediate,cambridge_22_25_intermediate_advanced,4,20,random,,,,,,,,,,,,,,,,,,,2026-06-27T14:08:31.153Z,XZEXGKN2,2026-06-27,2026-06-27,07:08:31,2026-06-27 07:08:31,,,,,,,,69f01fe044b9a5a944ce98b3,69f01fe044b9a5a944ce98b3,,,,
10515,raw_position_sample,2,2,int,5,2,17,18,-1,999,624,286,1841453.4000000001,69f01fe044b9a5a944ce98b3,69f01fe044b9a5a944ce98b3,intermediate,2,69f01fe044b9a5a944ce98b3,69f01fe044b9a5a944ce98b3,spotlight_PROLIFIC,,24,mexico,spanish,english,,spanish:60|English:40,100,spanish:65|English:35,100,spanish:50|English:50,100,15,3,Bachelor's,10,10,10,9,10,10,18,20,20,20,TOEFL,110,,,,,25,25,C2,intermediate|advanced,advanced|intermediate,cambridge_22_25_intermediate_advanced,4,20,random,,,,,,,,,,,,,,,,,,,2026-06-27T14:08:31.153Z,XZEXGKN2,2026-06-27,2026-06-27,07:08:31,2026-06-27 07:08:31,,,,,,,,69f01fe044b9a5a944ce98b3,69f01fe044b9a5a944ce98b3,,,,
10556,raw_position_sample,2,2,int,5,2,17,18,51, Transform ,643,293,1841494.4000000001,69f01fe044b9a5a944ce98b3,69f01fe044b9a5a944ce98b3,intermediate,2,69f01fe044b9a5a944ce98b3,69f01fe044b9a5a944ce98b3,spotlight_PROLIFIC,,24,mexico,spanish,english,,spanish:60|English:40,100,spanish:65|English:35,100,spanish:50|English:50,100,15,3,Bachelor's,10,10,10,9,10,10,18,20,20,20,TOEFL,110,,,,,25,25,C2,intermediate|advanced,advanced|intermediate,cambridge_22_25_intermediate_advanced,4,20,random,,283.265625,625.375,303.265625,711.71875,5,1,,,,,,,,,,,,2026-06-27T14:08:31.153Z,XZEXGKN2,2026-06-27,2026-06-27,07:08:31,2026-06-27 07:08:31,,,,,,,,69f01fe044b9a5a944ce98b3,69f01fe044b9a5a944ce98b3,,,,
10604,raw_position_sample,2,2,int,5,2,17,18,51, Transform ,661,299,1841542.5000000002,69f01fe044b9a5a944ce98b3,69f01fe044b9a5a944ce98b3,intermediate,2,69f01fe044b9a5a944ce98b3,69f01fe044b9a5a944ce98b3,spotlight_PROLIFIC,,24,mexico,spanish,english,,spanish:60|English:40,100,spanish:65|English:35,100,spanish:50|English:50,100,15,3,Bachelor's,10,10,10,9,10,10,18,20,20,20,TOEFL,110,,,,,25,25,C2,intermediate|advanced,advanced|intermediate,cambridge_22_25_intermediate_advanced,4,20,random,,283.265625,625.375,303.265625,711.71875,5,1,,,,,,,,,,,,2026-06-27T14:08:31.153Z,XZEXGKN2,2026-06-27,2026-06-27,07:08:31,2026-06-27 07:08:31,,,,,,,,69f01fe044b9a5a944ce98b3,69f01fe044b9a5a944ce98b3,,,,
10666,raw_position_sample,2,2,int,5,2,17,18,51, Transform ,690,301,1841603.7,69f01fe044b9a5a944ce98b3,69f01fe044b9a5a944ce98b3,intermediate,2,69f01fe044b9a5a944ce98b3,69f01fe044b9a5a944ce98b3,spotlight_PROLIFIC,,24,mexico,spanish,english,,spanish:60|English:40,100,spanish:65|English:35,100,spanish:50|English:50,100,15,3,Bachelor's,10,10,10,9,10,10,18,20,20,20,TOEFL,110,,,,,25,25,C2,intermediate|advanced,advanced|intermediate,cambridge_22_25_intermediate_advanced,4,20,random,,283.265625,625.375,303.265625,711.71875,5,1,,,,,,,,,,,,2026-06-27T14:08:31.153Z,XZEXGKN2,2026-06-27,2026-06-27,07:08:31,2026-06-27 07:08:31,,,,,,,,69f01fe044b9a5a944ce98b3,69f01fe044b9a5a944ce98b3,,,,
10700,hover_association,2,2,int,5,2,17,18,51, Transform ,628,288,,69f01fe044b9a5a944ce98b3,69f01fe044b9a5a944ce98b3,intermediate,2,69f01fe044b9a5a944ce98b3,69f01fe044b9a5a944ce98b3,spotlight_PROLIFIC,,24,mexico,spanish,english,,spanish:60|English:40,100,spanish:65|English:35,100,spanish:50|English:50,100,15,3,Bachelor's,10,10,10,9,10,10,18,20,20,20,TOEFL,110,,,,,25,25,C2,intermediate|advanced,advanced|intermediate,cambridge_22_25_intermediate_advanced,4,20,random,,273.265625,625.375,313.265625,711.71875,5,1,hover,183.5,183.5,0.9221860296778863,0.693359375,80,,,,,,2026-06-27T14:08:31.153Z,XZEXGKN2,2026-06-27,2026-06-27,07:08:31,2026-06-27 07:08:31,,,,,,,,69f01fe044b9a5a944ce98b3,69f01fe044b9a5a944ce98b3,,,,
10718,raw_position_sample,2,2,int,5,2,17,18,52, Drug ,722,301,1841655.5999999999,69f01fe044b9a5a944ce98b3,69f01fe044b9a5a944ce98b3,intermediate,2,69f01fe044b9a5a944ce98b3,69f01fe044b9a5a944ce98b3,spotlight_PROLIFIC,,24,mexico,spanish,english,,spanish:60|English:40,100,spanish:65|English:35,100,spanish:50|English:50,100,15,3,Bachelor's,10,10,10,9,10,10,18,20,20,20,TOEFL,110,,,,,25,25,C2,intermediate|advanced,advanced|intermediate,cambridge_22_25_intermediate_advanced,4,20,random,,283.265625,711.71875,303.265625,755.734375,5,2,,,,,,,,,,,,2026-06-27T14:08:31.153Z,XZEXGKN2,2026-06-27,2026-06-27,07:08:31,2026-06-27 07:08:31,,,,,,,,69f01fe044b9a5a944ce98b3,69f01fe044b9a5a944ce98b3,,,,
10756,raw_position_sample,2,2,int,5,2,17,18,52, Drug ,738,301,1841694.4000000001,69f01fe044b9a5a944ce98b3,69f01fe044b9a5a944ce98b3,intermediate,2,69f01fe044b9a5a944ce98b3,69f01fe044b9a5a944ce98b3,spotlight_PROLIFIC,,24,mexico,spanish,english,,spanish:60|English:40,100,spanish:65|English:35,100,spanish:50|English:50,100,15,3,Bachelor's,10,10,10,9,10,10,18,20,20,20,TOEFL,110,,,,,25,25,C2,intermediate|advanced,advanced|intermediate,cambridge_22_25_intermediate_advanced,4,20,random,,283.265625,711.71875,303.265625,755.734375,5,2,,,,,,,,,,,,2026-06-27T14:08:31.153Z,XZEXGKN2,2026-06-27,2026-06-27,07:08:31,2026-06-27 07:08:31,,,,,,,,69f01fe044b9a5a944ce98b3,69f01fe044b9a5a944ce98b3,,,,
10805,raw_position_sample,2,2,int,5,2,17,18,52, Drug ,755,301,1841742.7,69f01fe044b9a5a944ce98b3,69f01fe044b9a5a944ce98b3,intermediate,2,69f01fe044b9a5a944ce98b3,69f01fe044b9a5a944ce98b3,spotlight_PROLIFIC,,24,mexico,spanish,english,,spanish:60|English:40,100,spanish:65|English:35,100,spanish:50|English:50,100,15,3,Bachelor's,10,10,10,9,10,10,18,20,20,20,TOEFL,110,,,,,25,25,C2,intermediate|advanced,advanced|intermediate,cambridge_22_25_intermediate_advanced,4,20,random,,283.265625,711.71875,303.265625,755.734375,5,2,,,,,,,,,,,,2026-06-27T14:08:31.153Z,XZEXGKN2,2026-06-27,2026-06-27,07:08:31,2026-06-27 07:08:31,,,,,,,,69f01fe044b9a5a944ce98b3,69f01fe044b9a5a944ce98b3,,,,
10817,hover_association,2,2,int,5,2,17,18,52, Drug ,712,301,,69f01fe044b9a5a944ce98b3,69f01fe044b9a5a944ce98b3,intermediate,2,69f01fe044b9a5a944ce98b3,69f01fe044b9a5a944ce98b3,spotlight_PROLIFIC,,24,mexico,spanish,english,,spanish:60|English:40,100,spanish:65|English:35,100,spanish:50|English:50,100,15,3,Bachelor's,10,10,10,9,10,10,18,20,20,20,TOEFL,110,,,,,25,25,C2,intermediate|advanced,advanced|intermediate,cambridge_22_25_intermediate_advanced,4,20,random,,273.265625,711.71875,313.265625,755.734375,5,2,hover,116.59999999962747,116.59999999962747,0.9833155839545616,0.693359375,80,,,,,,2026-06-27T14:08:31.153Z,XZEXGKN2,2026-06-27,2026-06-27,07:08:31,2026-06-27 07:08:31,,,,,,,,69f01fe044b9a5a944ce98b3,69f01fe044b9a5a944ce98b3,,,,
10867,raw_position_sample,2,2,int,5,2,17,18,53, Policy ,773,301,1841805.5000000002,69f01fe044b9a5a944ce98b3,69f01fe044b9a5a944ce98b3,intermediate,2,69f01fe044b9a5a944ce98b3,69f01fe044b9a5a944ce98b3,spotlight_PROLIFIC,,24,mexico,spanish,english,,spanish:60|English:40,100,spanish:65|English:35,100,spanish:50|English:50,100,15,3,Bachelor's,10,10,10,9,10,10,18,20,20,20,TOEFL,110,,,,,25,25,C2,intermediate|advanced,advanced|intermediate,cambridge_22_25_intermediate_advanced,4,20,random,,283.265625,755.734375,303.265625,808.75,5,3,,,,,,,,,,,,2026-06-27T14:08:31.153Z,XZEXGKN2,2026-06-27,2026-06-27,07:08:31,2026-06-27 07:08:31,,,,,,,,69f01fe044b9a5a944ce98b3,69f01fe044b9a5a944ce98b3,,,,
10916,raw_position_sample,2,2,int,5,2,17,18,53, Policy ,785,302,1841854.5000000002,69f01fe044b9a5a944ce98b3,69f01fe044b9a5a944ce98b3,intermediate,2,69f01fe044b9a5a944ce98b3,69f01fe044b9a5a944ce98b3,spotlight_PROLIFIC,,24,mexico,spanish,english,,spanish:60|English:40,100,spanish:65|English:35,100,spanish:50|English:50,100,15,3,Bachelor's,10,10,10,9,10,10,18,20,20,20,TOEFL,110,,,,,25,25,C2,intermediate|advanced,advanced|intermediate,cambridge_22_25_intermediate_advanced,4,20,random,,283.265625,755.734375,303.265625,808.75,5,3,,,,,,,,,,,,2026-06-27T14:08:31.153Z,XZEXGKN2,2026-06-27,2026-06-27,07:08:31,2026-06-27 07:08:31,,,,,,,,69f01fe044b9a5a944ce98b3,69f01fe044b9a5a944ce98b3,,,,
10956,raw_position_sample,2,2,int,5,2,17,18,53, Policy ,801,303,1841894.4000000001,69f01fe044b9a5a944ce98b3,69f01fe044b9a5a944ce98b3,intermediate,2,69f01fe044b9a5a944ce98b3,69f01fe044b9a5a944ce98b3,spotlight_PROLIFIC,,24,mexico,spanish,english,,spanish:60|English:40,100,spanish:65|English:35,100,spanish:50|English:50,100,15,3,Bachelor's,10,10,10,9,10,10,18,20,20,20,TOEFL,110,,,,,25,25,C2,intermediate|advanced,advanced|intermediate,cambridge_22_25_intermediate_advanced,4,20,random,,283.265625,755.734375,303.265625,808.75,5,3,,,,,,,,,,,,2026-06-27T14:08:31.153Z,XZEXGKN2,2026-06-27,2026-06-27,07:08:31,2026-06-27 07:08:31,,,,,,,,69f01fe044b9a5a944ce98b3,69f01fe044b9a5a944ce98b3,,,,
10983,hover_association,2,2,int,5,2,17,18,53, Policy ,760,301,,69f01fe044b9a5a944ce98b3,69f01fe044b9a5a944ce98b3,intermediate,2,69f01fe044b9a5a944ce98b3,69f01fe044b9a5a944ce98b3,spotlight_PROLIFIC,,24,mexico,spanish,english,,spanish:60|English:40,100,spanish:65|English:35,100,spanish:50|English:50,100,15,3,Bachelor's,10,10,10,9,10,10,18,20,20,20,TOEFL,110,,,,,25,25,C2,intermediate|advanced,advanced|intermediate,cambridge_22_25_intermediate_advanced,4,20,random,,273.265625,755.734375,313.265625,808.75,5,3,hover,166.70000000018626,166.70000000018626,0.9481284998526378,0.743359375,80,,,,,,2026-06-27T14:08:31.153Z,XZEXGKN2,2026-06-27,2026-06-27,07:08:31,2026-06-27 07:08:31,,,,,,,,69f01fe044b9a5a944ce98b3,69f01fe044b9a5a944ce98b3,,,,
11004,raw_position_sample,2,2,int,5,2,17,18,54," Foundation, ",819,303,1841942.5000000002,69f01fe044b9a5a944ce98b3,69f01fe044b9a5a944ce98b3,intermediate,2,69f01fe044b9a5a944ce98b3,69f01fe044b9a5a944ce98b3,spotlight_PROLIFIC,,24,mexico,spanish,english,,spanish:60|English:40,100,spanish:65|English:35,100,spanish:50|English:50,100,15,3,Bachelor's,10,10,10,9,10,10,18,20,20,20,TOEFL,110,,,,,25,25,C2,intermediate|advanced,advanced|intermediate,cambridge_22_25_intermediate_advanced,4,20,random,,283.265625,808.75,303.265625,908.828125,5,4,,,,,,,,,,,,2026-06-27T14:08:31.153Z,XZEXGKN2,2026-06-27,2026-06-27,07:08:31,2026-06-27 07:08:31,,,,,,,,69f01fe044b9a5a944ce98b3,69f01fe044b9a5a944ce98b3,,,,
11067,raw_position_sample,2,2,int,5,2,17,18,54," Foundation, ",839,304,1842004.5999999999,69f01fe044b9a5a944ce98b3,69f01fe044b9a5a944ce98b3,intermediate,2,69f01fe044b9a5a944ce98b3,69f01fe044b9a5a944ce98b3,spotlight_PROLIFIC,,24,mexico,spanish,english,,spanish:60|English:40,100,spanish:65|English:35,100,spanish:50|English:50,100,15,3,Bachelor's,10,10,10,9,10,10,18,20,20,20,TOEFL,110,,,,,25,25,C2,intermediate|advanced,advanced|intermediate,cambridge_22_25_intermediate_advanced,4,20,random,,283.265625,808.75,303.265625,908.828125,5,4,,,,,,,,,,,,2026-06-27T14:08:31.153Z,XZEXGKN2,2026-06-27,2026-06-27,07:08:31,2026-06-27 07:08:31,,,,,,,,69f01fe044b9a5a944ce98b3,69f01fe044b9a5a944ce98b3,,,,
11116,raw_position_sample,2,2,int,5,2,17,18,54," Foundation, ",871,304,1842054.5000000002,69f01fe044b9a5a944ce98b3,69f01fe044b9a5a944ce98b3,intermediate,2,69f01fe044b9a5a944ce98b3,69f01fe044b9a5a944ce98b3,spotlight_PROLIFIC,,24,mexico,spanish,english,,spanish:60|English:40,100,spanish:65|English:35,100,spanish:50|English:50,100,15,3,Bachelor's,10,10,10,9,10,10,18,20,20,20,TOEFL,110,,,,,25,25,C2,intermediate|advanced,advanced|intermediate,cambridge_22_25_intermediate_advanced,4,20,random,,283.265625,808.75,303.265625,908.828125,5,4,,,,,,,,,,,,2026-06-27T14:08:31.153Z,XZEXGKN2,2026-06-27,2026-06-27,07:08:31,2026-06-27 07:08:31,,,,,,,,69f01fe044b9a5a944ce98b3,69f01fe044b9a5a944ce98b3,,,,
11156,raw_position_sample,2,2,int,5,2,17,18,54," Foundation, ",907,305,1842094.4000000001,69f01fe044b9a5a944ce98b3,69f01fe044b9a5a944ce98b3,intermediate,2,69f01fe044b9a5a944ce98b3,69f01fe044b9a5a944ce98b3,spotlight_PROLIFIC,,24,mexico,spanish,english,,spanish:60|English:40,100,spanish:65|English:35,100,spanish:50|English:50,100,15,3,Bachelor's,10,10,10,9,10,10,18,20,20,20,TOEFL,110,,,,,25,25,C2,intermediate|advanced,advanced|intermediate,cambridge_22_25_intermediate_advanced,4,20,random,,283.265625,808.75,303.265625,908.828125,5,4,,,,,,,,,,,,2026-06-27T14:08:31.153Z,XZEXGKN2,2026-06-27,2026-06-27,07:08:31,2026-06-27 07:08:31,,,,,,,,69f01fe044b9a5a944ce98b3,69f01fe044b9a5a944ce98b3,,,,
11167,hover_association,2,2,int,5,2,17,18,54," Foundation, ",812,303,,69f01fe044b9a5a944ce98b3,69f01fe044b9a5a944ce98b3,intermediate,2,69f01fe044b9a5a944ce98b3,69f01fe044b9a5a944ce98b3,spotlight_PROLIFIC,,24,mexico,spanish,english,,spanish:60|English:40,100,spanish:65|English:35,100,spanish:50|English:50,100,15,3,Bachelor's,10,10,10,9,10,10,18,20,20,20,TOEFL,110,,,,,25,25,C2,intermediate|advanced,advanced|intermediate,cambridge_22_25_intermediate_advanced,4,20,random,,273.265625,808.75,313.265625,908.828125,5,4,hover,183.29999999981374,183.29999999981374,0.9817330210772833,0.793359375,80,,,,,,2026-06-27T14:08:31.153Z,XZEXGKN2,2026-06-27,2026-06-27,07:08:31,2026-06-27 07:08:31,,,,,,,,69f01fe044b9a5a944ce98b3,69f01fe044b9a5a944ce98b3,,,,
11204,raw_position_sample,2,2,int,5,2,17,18,55, which ,924,305,1842142.4000000001,69f01fe044b9a5a944ce98b3,69f01fe044b9a5a944ce98b3,intermediate,2,69f01fe044b9a5a944ce98b3,69f01fe044b9a5a944ce98b3,spotlight_PROLIFIC,,24,mexico,spanish,english,,spanish:60|English:40,100,spanish:65|English:35,100,spanish:50|English:50,100,15,3,Bachelor's,10,10,10,9,10,10,18,20,20,20,TOEFL,110,,,,,25,25,C2,intermediate|advanced,advanced|intermediate,cambridge_22_25_intermediate_advanced,4,20,random,,283.265625,908.828125,303.265625,959.859375,5,5,,,,,,,,,,,,2026-06-27T14:08:31.153Z,XZEXGKN2,2026-06-27,2026-06-27,07:08:31,2026-06-27 07:08:31,,,,,,,,69f01fe044b9a5a944ce98b3,69f01fe044b9a5a944ce98b3,,,,
11267,hover_association,2,2,int,5,2,17,18,55, which ,912,305,,69f01fe044b9a5a944ce98b3,69f01fe044b9a5a944ce98b3,intermediate,2,69f01fe044b9a5a944ce98b3,69f01fe044b9a5a944ce98b3,spotlight_PROLIFIC,,24,mexico,spanish,english,,spanish:60|English:40,100,spanish:65|English:35,100,spanish:50|English:50,100,15,3,Bachelor's,10,10,10,9,10,10,18,20,20,20,TOEFL,110,,,,,25,25,C2,intermediate|advanced,advanced|intermediate,cambridge_22_25_intermediate_advanced,4,20,random,,273.265625,908.828125,313.265625,959.859375,5,5,hover,99.90000000037253,99.90000000037253,0.9439681567666871,0.768359375,80,,,,,,2026-06-27T14:08:31.153Z,XZEXGKN2,2026-06-27,2026-06-27,07:08:31,2026-06-27 07:08:31,,,,,,,,69f01fe044b9a5a944ce98b3,69f01fe044b9a5a944ce98b3,,,,
11268,raw_position_sample,2,2,int,5,2,17,18,56, supports ,971,304,1842205.5999999999,69f01fe044b9a5a944ce98b3,69f01fe044b9a5a944ce98b3,intermediate,2,69f01fe044b9a5a944ce98b3,69f01fe044b9a5a944ce98b3,spotlight_PROLIFIC,,24,mexico,spanish,english,,spanish:60|English:40,100,spanish:65|English:35,100,spanish:50|English:50,100,15,3,Bachelor's,10,10,10,9,10,10,18,20,20,20,TOEFL,110,,,,,25,25,C2,intermediate|advanced,advanced|intermediate,cambridge_22_25_intermediate_advanced,4,20,random,,283.265625,959.859375,303.265625,1033.90625,5,6,,,,,,,,,,,,2026-06-27T14:08:31.153Z,XZEXGKN2,2026-06-27,2026-06-27,07:08:31,2026-06-27 07:08:31,,,,,,,,69f01fe044b9a5a944ce98b3,69f01fe044b9a5a944ce98b3,,,,
11317,raw_position_sample,2,2,int,5,2,17,18,56, supports ,996,302,1842255.4000000001,69f01fe044b9a5a944ce98b3,69f01fe044b9a5a944ce98b3,intermediate,2,69f01fe044b9a5a944ce98b3,69f01fe044b9a5a944ce98b3,spotlight_PROLIFIC,,24,mexico,spanish,english,,spanish:60|English:40,100,spanish:65|English:35,100,spanish:50|English:50,100,15,3,Bachelor's,10,10,10,9,10,10,18,20,20,20,TOEFL,110,,,,,25,25,C2,intermediate|advanced,advanced|intermediate,cambridge_22_25_intermediate_advanced,4,20,random,,283.265625,959.859375,303.265625,1033.90625,5,6,,,,,,,,,,,,2026-06-27T14:08:31.153Z,XZEXGKN2,2026-06-27,2026-06-27,07:08:31,2026-06-27 07:08:31,,,,,,,,69f01fe044b9a5a944ce98b3,69f01fe044b9a5a944ce98b3,,,,
11356,raw_position_sample,2,2,int,5,2,17,18,56, supports ,1014,302,1842294.4000000001,69f01fe044b9a5a944ce98b3,69f01fe044b9a5a944ce98b3,intermediate,2,69f01fe044b9a5a944ce98b3,69f01fe044b9a5a944ce98b3,spotlight_PROLIFIC,,24,mexico,spanish,english,,spanish:60|English:40,100,spanish:65|English:35,100,spanish:50|English:50,100,15,3,Bachelor's,10,10,10,9,10,10,18,20,20,20,TOEFL,110,,,,,25,25,C2,intermediate|advanced,advanced|intermediate,cambridge_22_25_intermediate_advanced,4,20,random,,283.265625,959.859375,303.265625,1033.90625,5,6,,,,,,,,,,,,2026-06-27T14:08:31.153Z,XZEXGKN2,2026-06-27,2026-06-27,07:08:31,2026-06-27 07:08:31,,,,,,,,69f01fe044b9a5a944ce98b3,69f01fe044b9a5a944ce98b3,,,,
11383,hover_association,2,2,int,5,2,17,18,56, supports ,971,304,,69f01fe044b9a5a944ce98b3,69f01fe044b9a5a944ce98b3,intermediate,2,69f01fe044b9a5a944ce98b3,69f01fe044b9a5a944ce98b3,spotlight_PROLIFIC,,24,mexico,spanish,english,,spanish:60|English:40,100,spanish:65|English:35,100,spanish:50|English:50,100,15,3,Bachelor's,10,10,10,9,10,10,18,20,20,20,TOEFL,110,,,,,25,25,C2,intermediate|advanced,advanced|intermediate,cambridge_22_25_intermediate_advanced,4,20,random,,273.265625,959.859375,313.265625,1033.90625,5,6,hover,116.59999999962747,116.59999999962747,0.8662165013715973,0.718359375,80,,,,,,2026-06-27T14:08:31.153Z,XZEXGKN2,2026-06-27,2026-06-27,07:08:31,2026-06-27 07:08:31,,,,,,,,69f01fe044b9a5a944ce98b3,69f01fe044b9a5a944ce98b3,,,,
11404,raw_position_sample,2,2,int,5,2,17,18,57, drug ,1042,301,1842342.4000000001,69f01fe044b9a5a944ce98b3,69f01fe044b9a5a944ce98b3,intermediate,2,69f01fe044b9a5a944ce98b3,69f01fe044b9a5a944ce98b3,spotlight_PROLIFIC,,24,mexico,spanish,english,,spanish:60|English:40,100,spanish:65|English:35,100,spanish:50|English:50,100,15,3,Bachelor's,10,10,10,9,10,10,18,20,20,20,TOEFL,110,,,,,25,25,C2,intermediate|advanced,advanced|intermediate,cambridge_22_25_intermediate_advanced,4,20,random,,283.265625,1033.90625,303.265625,1074.9375,5,7,,,,,,,,,,,,2026-06-27T14:08:31.153Z,XZEXGKN2,2026-06-27,2026-06-27,07:08:31,2026-06-27 07:08:31,,,,,,,,69f01fe044b9a5a944ce98b3,69f01fe044b9a5a944ce98b3,,,,
11468,raw_position_sample,2,2,int,5,2,17,18,57, drug ,1063,302,1842405.7,69f01fe044b9a5a944ce98b3,69f01fe044b9a5a944ce98b3,intermediate,2,69f01fe044b9a5a944ce98b3,69f01fe044b9a5a944ce98b3,spotlight_PROLIFIC,,24,mexico,spanish,english,,spanish:60|English:40,100,spanish:65|English:35,100,spanish:50|English:50,100,15,3,Bachelor's,10,10,10,9,10,10,18,20,20,20,TOEFL,110,,,,,25,25,C2,intermediate|advanced,advanced|intermediate,cambridge_22_25_intermediate_advanced,4,20,random,,283.265625,1033.90625,303.265625,1074.9375,5,7,,,,,,,,,,,,2026-06-27T14:08:31.153Z,XZEXGKN2,2026-06-27,2026-06-27,07:08:31,2026-06-27 07:08:31,,,,,,,,69f01fe044b9a5a944ce98b3,69f01fe044b9a5a944ce98b3,,,,
11500,hover_association,2,2,int,5,2,17,18,57, drug ,1034,301,,69f01fe044b9a5a944ce98b3,69f01fe044b9a5a944ce98b3,intermediate,2,69f01fe044b9a5a944ce98b3,69f01fe044b9a5a944ce98b3,spotlight_PROLIFIC,,24,mexico,spanish,english,,spanish:60|English:40,100,spanish:65|English:35,100,spanish:50|English:50,100,15,3,Bachelor's,10,10,10,9,10,10,18,20,20,20,TOEFL,110,,,,,25,25,C2,intermediate|advanced,advanced|intermediate,cambridge_22_25_intermediate_advanced,4,20,random,,273.265625,1033.90625,313.265625,1074.9375,5,7,hover,116.8000000002794,116.8000000002794,0.8552932216298553,0.718359375,80,,,,,,2026-06-27T14:08:31.153Z,XZEXGKN2,2026-06-27,2026-06-27,07:08:31,2026-06-27 07:08:31,,,,,,,,69f01fe044b9a5a944ce98b3,69f01fe044b9a5a944ce98b3,,,,
11516,raw_position_sample,2,2,int,5,2,17,18,58, liberalization. ,1077,302,1842454.5000000002,69f01fe044b9a5a944ce98b3,69f01fe044b9a5a944ce98b3,intermediate,2,69f01fe044b9a5a944ce98b3,69f01fe044b9a5a944ce98b3,spotlight_PROLIFIC,,24,mexico,spanish,english,,spanish:60|English:40,100,spanish:65|English:35,100,spanish:50|English:50,100,15,3,Bachelor's,10,10,10,9,10,10,18,20,20,20,TOEFL,110,,,,,25,25,C2,intermediate|advanced,advanced|intermediate,cambridge_22_25_intermediate_advanced,4,20,random,,283.265625,1074.9375,303.265625,1185,5,8,,,,,,,,,,,,2026-06-27T14:08:31.153Z,XZEXGKN2,2026-06-27,2026-06-27,07:08:31,2026-06-27 07:08:31,,,,,,,,69f01fe044b9a5a944ce98b3,69f01fe044b9a5a944ce98b3,,,,
11556,raw_position_sample,2,2,int,5,2,17,18,58, liberalization. ,1110,302,1842494.3,69f01fe044b9a5a944ce98b3,69f01fe044b9a5a944ce98b3,intermediate,2,69f01fe044b9a5a944ce98b3,69f01fe044b9a5a944ce98b3,spotlight_PROLIFIC,,24,mexico,spanish,english,,spanish:60|English:40,100,spanish:65|English:35,100,spanish:50|English:50,100,15,3,Bachelor's,10,10,10,9,10,10,18,20,20,20,TOEFL,110,,,,,25,25,C2,intermediate|advanced,advanced|intermediate,cambridge_22_25_intermediate_advanced,4,20,random,,283.265625,1074.9375,303.265625,1185,5,8,,,,,,,,,,,,2026-06-27T14:08:31.153Z,XZEXGKN2,2026-06-27,2026-06-27,07:08:31,2026-06-27 07:08:31,,,,,,,,69f01fe044b9a5a944ce98b3,69f01fe044b9a5a944ce98b3,,,,
11604,raw_position_sample,2,2,int,5,2,17,18,58, liberalization. ,1128,302,1842542.3,69f01fe044b9a5a944ce98b3,69f01fe044b9a5a944ce98b3,intermediate,2,69f01fe044b9a5a944ce98b3,69f01fe044b9a5a944ce98b3,spotlight_PROLIFIC,,24,mexico,spanish,english,,spanish:60|English:40,100,spanish:65|English:35,100,spanish:50|English:50,100,15,3,Bachelor's,10,10,10,9,10,10,18,20,20,20,TOEFL,110,,,,,25,25,C2,intermediate|advanced,advanced|intermediate,cambridge_22_25_intermediate_advanced,4,20,random,,283.265625,1074.9375,303.265625,1185,5,8,,,,,,,,,,,,2026-06-27T14:08:31.153Z,XZEXGKN2,2026-06-27,2026-06-27,07:08:31,2026-06-27 07:08:31,,,,,,,,69f01fe044b9a5a944ce98b3,69f01fe044b9a5a944ce98b3,,,,
11667,raw_position_sample,2,2,int,5,2,17,18,58, liberalization. ,1156,301,1842605.3,69f01fe044b9a5a944ce98b3,69f01fe044b9a5a944ce98b3,intermediate,2,69f01fe044b9a5a944ce98b3,69f01fe044b9a5a944ce98b3,spotlight_PROLIFIC,,24,mexico,spanish,english,,spanish:60|English:40,100,spanish:65|English:35,100,spanish:50|English:50,100,15,3,Bachelor's,10,10,10,9,10,10,18,20,20,20,TOEFL,110,,,,,25,25,C2,intermediate|advanced,advanced|intermediate,cambridge_22_25_intermediate_advanced,4,20,random,,283.265625,1074.9375,303.265625,1185,5,8,,,,,,,,,,,,2026-06-27T14:08:31.153Z,XZEXGKN2,2026-06-27,2026-06-27,07:08:31,2026-06-27 07:08:31,,,,,,,,69f01fe044b9a5a944ce98b3,69f01fe044b9a5a944ce98b3,,,,
11717,raw_position_sample,2,2,int,5,2,17,18,58, liberalization. ,1182,297,1842655.0000000002,69f01fe044b9a5a944ce98b3,69f01fe044b9a5a944ce98b3,intermediate,2,69f01fe044b9a5a944ce98b3,69f01fe044b9a5a944ce98b3,spotlight_PROLIFIC,,24,mexico,spanish,english,,spanish:60|English:40,100,spanish:65|English:35,100,spanish:50|English:50,100,15,3,Bachelor's,10,10,10,9,10,10,18,20,20,20,TOEFL,110,,,,,25,25,C2,intermediate|advanced,advanced|intermediate,cambridge_22_25_intermediate_advanced,4,20,random,,283.265625,1074.9375,303.265625,1185,5,8,,,,,,,,,,,,2026-06-27T14:08:31.153Z,XZEXGKN2,2026-06-27,2026-06-27,07:08:31,2026-06-27 07:08:31,,,,,,,,69f01fe044b9a5a944ce98b3,69f01fe044b9a5a944ce98b3,,,,
11733,hover_association,2,2,int,5,2,17,18,58, liberalization. ,1077,302,,69f01fe044b9a5a944ce98b3,69f01fe044b9a5a944ce98b3,intermediate,2,69f01fe044b9a5a944ce98b3,69f01fe044b9a5a944ce98b3,spotlight_PROLIFIC,,24,mexico,spanish,english,,spanish:60|English:40,100,spanish:65|English:35,100,spanish:50|English:50,100,15,3,Bachelor's,10,10,10,9,10,10,18,20,20,20,TOEFL,110,,,,,25,25,C2,intermediate|advanced,advanced|intermediate,cambridge_22_25_intermediate_advanced,4,20,random,,273.265625,1074.9375,313.265625,1185,5,8,hover,233.29999999981374,233.29999999981374,0.9727427597955707,0.593359375,80,,,,,,2026-06-27T14:08:31.153Z,XZEXGKN2,2026-06-27,2026-06-27,07:08:31,2026-06-27 07:08:31,,,,,,,,69f01fe044b9a5a944ce98b3,69f01fe044b9a5a944ce98b3,,,,
11756,raw_position_sample,2,2,int,5,2,17,18,59, “It ,1195,297,1842694.4000000001,69f01fe044b9a5a944ce98b3,69f01fe044b9a5a944ce98b3,intermediate,2,69f01fe044b9a5a944ce98b3,69f01fe044b9a5a944ce98b3,spotlight_PROLIFIC,,24,mexico,spanish,english,,spanish:60|English:40,100,spanish:65|English:35,100,spanish:50|English:50,100,15,3,Bachelor's,10,10,10,9,10,10,18,20,20,20,TOEFL,110,,,,,25,25,C2,intermediate|advanced,advanced|intermediate,cambridge_22_25_intermediate_advanced,4,20,random,,283.265625,1185,303.265625,1206,5,9,,,,,,,,,,,,2026-06-27T14:08:31.153Z,XZEXGKN2,2026-06-27,2026-06-27,07:08:31,2026-06-27 07:08:31,,,,,,,,69f01fe044b9a5a944ce98b3,69f01fe044b9a5a944ce98b3,,,,
11783,hover_association,2,2,int,5,2,17,18,59, “It ,1190,297,,69f01fe044b9a5a944ce98b3,69f01fe044b9a5a944ce98b3,intermediate,2,69f01fe044b9a5a944ce98b3,69f01fe044b9a5a944ce98b3,spotlight_PROLIFIC,,24,mexico,spanish,english,,spanish:60|English:40,100,spanish:65|English:35,100,spanish:50|English:50,100,15,3,Bachelor's,10,10,10,9,10,10,18,20,20,20,TOEFL,110,,,,,25,25,C2,intermediate|advanced,advanced|intermediate,cambridge_22_25_intermediate_advanced,4,20,random,,273.265625,1185,313.265625,1206,5,9,hover,50,50,0.8095238095238095,0.593359375,80,,,,,,2026-06-27T14:08:31.153Z,XZEXGKN2,2026-06-27,2026-06-27,07:08:31,2026-06-27 07:08:31,,,,,,,,69f01fe044b9a5a944ce98b3,69f01fe044b9a5a944ce98b3,,,,
11804,raw_position_sample,2,2,int,5,2,17,18,60, shows ,1216,297,1842742.5000000002,69f01fe044b9a5a944ce98b3,69f01fe044b9a5a944ce98b3,intermediate,2,69f01fe044b9a5a944ce98b3,69f01fe044b9a5a944ce98b3,spotlight_PROLIFIC,,24,mexico,spanish,english,,spanish:60|English:40,100,spanish:65|English:35,100,spanish:50|English:50,100,15,3,Bachelor's,10,10,10,9,10,10,18,20,20,20,TOEFL,110,,,,,25,25,C2,intermediate|advanced,advanced|intermediate,cambridge_22_25_intermediate_advanced,4,20,random,,283.265625,1206,303.265625,1262.03125,5,10,,,,,,,,,,,,2026-06-27T14:08:31.153Z,XZEXGKN2,2026-06-27,2026-06-27,07:08:31,2026-06-27 07:08:31,,,,,,,,69f01fe044b9a5a944ce98b3,69f01fe044b9a5a944ce98b3,,,,
11866,raw_position_sample,2,2,int,5,2,17,18,60, shows ,1234,296,1842803.9000000001,69f01fe044b9a5a944ce98b3,69f01fe044b9a5a944ce98b3,intermediate,2,69f01fe044b9a5a944ce98b3,69f01fe044b9a5a944ce98b3,spotlight_PROLIFIC,,24,mexico,spanish,english,,spanish:60|English:40,100,spanish:65|English:35,100,spanish:50|English:50,100,15,3,Bachelor's,10,10,10,9,10,10,18,20,20,20,TOEFL,110,,,,,25,25,C2,intermediate|advanced,advanced|intermediate,cambridge_22_25_intermediate_advanced,4,20,random,,283.265625,1206,303.265625,1262.03125,5,10,,,,,,,,,,,,2026-06-27T14:08:31.153Z,XZEXGKN2,2026-06-27,2026-06-27,07:08:31,2026-06-27 07:08:31,,,,,,,,69f01fe044b9a5a944ce98b3,69f01fe044b9a5a944ce98b3,,,,
11904,raw_position_sample,2,2,int,5,2,17,18,60, shows ,1236,295,1842841.9000000001,69f01fe044b9a5a944ce98b3,69f01fe044b9a5a944ce98b3,intermediate,2,69f01fe044b9a5a944ce98b3,69f01fe044b9a5a944ce98b3,spotlight_PROLIFIC,,24,mexico,spanish,english,,spanish:60|English:40,100,spanish:65|English:35,100,spanish:50|English:50,100,15,3,Bachelor's,10,10,10,9,10,10,18,20,20,20,TOEFL,110,,,,,25,25,C2,intermediate|advanced,advanced|intermediate,cambridge_22_25_intermediate_advanced,4,20,random,,283.265625,1206,303.265625,1262.03125,5,10,,,,,,,,,,,,2026-06-27T14:08:31.153Z,XZEXGKN2,2026-06-27,2026-06-27,07:08:31,2026-06-27 07:08:31,,,,,,,,69f01fe044b9a5a944ce98b3,69f01fe044b9a5a944ce98b3,,,,
11966,raw_position_sample,2,2,int,5,2,17,18,60, shows ,1236,295,1842903.7,69f01fe044b9a5a944ce98b3,69f01fe044b9a5a944ce98b3,intermediate,2,69f01fe044b9a5a944ce98b3,69f01fe044b9a5a944ce98b3,spotlight_PROLIFIC,,24,mexico,spanish,english,,spanish:60|English:40,100,spanish:65|English:35,100,spanish:50|English:50,100,15,3,Bachelor's,10,10,10,9,10,10,18,20,20,20,TOEFL,110,,,,,25,25,C2,intermediate|advanced,advanced|intermediate,cambridge_22_25_intermediate_advanced,4,20,random,,283.265625,1206,303.265625,1262.03125,5,10,,,,,,,,,,,,2026-06-27T14:08:31.153Z,XZEXGKN2,2026-06-27,2026-06-27,07:08:31,2026-06-27 07:08:31,,,,,,,,69f01fe044b9a5a944ce98b3,69f01fe044b9a5a944ce98b3,,,,
12004,raw_position_sample,2,2,int,5,2,17,18,60, shows ,1236,301,1842942.4000000001,69f01fe044b9a5a944ce98b3,69f01fe044b9a5a944ce98b3,intermediate,2,69f01fe044b9a5a944ce98b3,69f01fe044b9a5a944ce98b3,spotlight_PROLIFIC,,24,mexico,spanish,english,,spanish:60|English:40,100,spanish:65|English:35,100,spanish:50|English:50,100,15,3,Bachelor's,10,10,10,9,10,10,18,20,20,20,TOEFL,110,,,,,25,25,C2,intermediate|advanced,advanced|intermediate,cambridge_22_25_intermediate_advanced,4,20,random,,283.265625,1206,303.265625,1262.03125,5,10,,,,,,,,,,,,2026-06-27T14:08:31.153Z,XZEXGKN2,2026-06-27,2026-06-27,07:08:31,2026-06-27 07:08:31,,,,,,,,69f01fe044b9a5a944ce98b3,69f01fe044b9a5a944ce98b3,,,,
12067,raw_position_sample,2,2,int,5,2,17,18,60, shows ,1224,310,1843004.5999999999,69f01fe044b9a5a944ce98b3,69f01fe044b9a5a944ce98b3,intermediate,2,69f01fe044b9a5a944ce98b3,69f01fe044b9a5a944ce98b3,spotlight_PROLIFIC,,24,mexico,spanish,english,,spanish:60|English:40,100,spanish:65|English:35,100,spanish:50|English:50,100,15,3,Bachelor's,10,10,10,9,10,10,18,20,20,20,TOEFL,110,,,,,25,25,C2,intermediate|advanced,advanced|intermediate,cambridge_22_25_intermediate_advanced,4,20,random,,283.265625,1206,303.265625,1262.03125,5,10,,,,,,,,,,,,2026-06-27T14:08:31.153Z,XZEXGKN2,2026-06-27,2026-06-27,07:08:31,2026-06-27 07:08:31,,,,,,,,69f01fe044b9a5a944ce98b3,69f01fe044b9a5a944ce98b3,,,,
12100,hover_association,2,2,int,5,2,17,18,60, shows ,1208,297,,69f01fe044b9a5a944ce98b3,69f01fe044b9a5a944ce98b3,intermediate,2,69f01fe044b9a5a944ce98b3,69f01fe044b9a5a944ce98b3,spotlight_PROLIFIC,,24,mexico,spanish,english,,spanish:60|English:40,100,spanish:65|English:35,100,spanish:50|English:50,100,15,3,Bachelor's,10,10,10,9,10,10,18,20,20,20,TOEFL,110,,,,,25,25,C2,intermediate|advanced,advanced|intermediate,cambridge_22_25_intermediate_advanced,4,20,random,,273.265625,1206,313.265625,1262.03125,5,10,hover,316.70000000018626,316.70000000018626,0.10708310094813163,0.918359375,80,,,,,,2026-06-27T14:08:31.153Z,XZEXGKN2,2026-06-27,2026-06-27,07:08:31,2026-06-27 07:08:31,,,,,,,,69f01fe044b9a5a944ce98b3,69f01fe044b9a5a944ce98b3,,,,
12117,hover_association,2,2,int,5,2,17,18,59, “It ,1202,310,,69f01fe044b9a5a944ce98b3,69f01fe044b9a5a944ce98b3,intermediate,2,69f01fe044b9a5a944ce98b3,69f01fe044b9a5a944ce98b3,spotlight_PROLIFIC,,24,mexico,spanish,english,,spanish:60|English:40,100,spanish:65|English:35,100,spanish:50|English:50,100,15,3,Bachelor's,10,10,10,9,10,10,18,20,20,20,TOEFL,110,,,,,25,25,C2,intermediate|advanced,advanced|intermediate,cambridge_22_25_intermediate_advanced,4,20,random,,273.265625,1185,313.265625,1206,5,9,hover,16.699999999720603,16.699999999720603,0.8095238095238095,0.918359375,80,,,,,,2026-06-27T14:08:31.153Z,XZEXGKN2,2026-06-27,2026-06-27,07:08:31,2026-06-27 07:08:31,,,,,,,,69f01fe044b9a5a944ce98b3,69f01fe044b9a5a944ce98b3,,,,
12117,raw_position_sample,2,2,int,5,2,17,18,58, liberalization. ,1170,308,1843055.5000000002,69f01fe044b9a5a944ce98b3,69f01fe044b9a5a944ce98b3,intermediate,2,69f01fe044b9a5a944ce98b3,69f01fe044b9a5a944ce98b3,spotlight_PROLIFIC,,24,mexico,spanish,english,,spanish:60|English:40,100,spanish:65|English:35,100,spanish:50|English:50,100,15,3,Bachelor's,10,10,10,9,10,10,18,20,20,20,TOEFL,110,,,,,25,25,C2,intermediate|advanced,advanced|intermediate,cambridge_22_25_intermediate_advanced,4,20,random,,283.265625,1074.9375,303.265625,1185,5,8,,,,,,,,,,,,2026-06-27T14:08:31.153Z,XZEXGKN2,2026-06-27,2026-06-27,07:08:31,2026-06-27 07:08:31,,,,,,,,69f01fe044b9a5a944ce98b3,69f01fe044b9a5a944ce98b3,,,,
12156,raw_position_sample,2,2,int,5,2,17,18,58, liberalization. ,1121,307,1843094.5000000002,69f01fe044b9a5a944ce98b3,69f01fe044b9a5a944ce98b3,intermediate,2,69f01fe044b9a5a944ce98b3,69f01fe044b9a5a944ce98b3,spotlight_PROLIFIC,,24,mexico,spanish,english,,spanish:60|English:40,100,spanish:65|English:35,100,spanish:50|English:50,100,15,3,Bachelor's,10,10,10,9,10,10,18,20,20,20,TOEFL,110,,,,,25,25,C2,intermediate|advanced,advanced|intermediate,cambridge_22_25_intermediate_advanced,4,20,random,,283.265625,1074.9375,303.265625,1185,5,8,,,,,,,,,,,,2026-06-27T14:08:31.153Z,XZEXGKN2,2026-06-27,2026-06-27,07:08:31,2026-06-27 07:08:31,,,,,,,,69f01fe044b9a5a944ce98b3,69f01fe044b9a5a944ce98b3,,,,
12200,hover_association,2,2,int,5,2,17,18,58, liberalization. ,1170,308,,69f01fe044b9a5a944ce98b3,69f01fe044b9a5a944ce98b3,intermediate,2,69f01fe044b9a5a944ce98b3,69f01fe044b9a5a944ce98b3,spotlight_PROLIFIC,,24,mexico,spanish,english,,spanish:60|English:40,100,spanish:65|English:35,100,spanish:50|English:50,100,15,3,Bachelor's,10,10,10,9,10,10,18,20,20,20,TOEFL,110,,,,,25,25,C2,intermediate|advanced,advanced|intermediate,cambridge_22_25_intermediate_advanced,4,20,random,,273.265625,1074.9375,313.265625,1185,5,8,hover,83.5,83.5,0.08233957978421351,0.793359375,80,,,,,,2026-06-27T14:08:31.153Z,XZEXGKN2,2026-06-27,2026-06-27,07:08:31,2026-06-27 07:08:31,,,,,,,,69f01fe044b9a5a944ce98b3,69f01fe044b9a5a944ce98b3,,,,
12204,raw_position_sample,2,2,int,5,2,17,18,57, drug ,1061,303,1843142.5000000002,69f01fe044b9a5a944ce98b3,69f01fe044b9a5a944ce98b3,intermediate,2,69f01fe044b9a5a944ce98b3,69f01fe044b9a5a944ce98b3,spotlight_PROLIFIC,,24,mexico,spanish,english,,spanish:60|English:40,100,spanish:65|English:35,100,spanish:50|English:50,100,15,3,Bachelor's,10,10,10,9,10,10,18,20,20,20,TOEFL,110,,,,,25,25,C2,intermediate|advanced,advanced|intermediate,cambridge_22_25_intermediate_advanced,4,20,random,,283.265625,1033.90625,303.265625,1074.9375,5,7,,,,,,,,,,,,2026-06-27T14:08:31.153Z,XZEXGKN2,2026-06-27,2026-06-27,07:08:31,2026-06-27 07:08:31,,,,,,,,69f01fe044b9a5a944ce98b3,69f01fe044b9a5a944ce98b3,,,,
12233,hover_association,2,2,int,5,2,17,18,57, drug ,1061,303,,69f01fe044b9a5a944ce98b3,69f01fe044b9a5a944ce98b3,intermediate,2,69f01fe044b9a5a944ce98b3,69f01fe044b9a5a944ce98b3,spotlight_PROLIFIC,,24,mexico,spanish,english,,spanish:60|English:40,100,spanish:65|English:35,100,spanish:50|English:50,100,15,3,Bachelor's,10,10,10,9,10,10,18,20,20,20,TOEFL,110,,,,,25,25,C2,intermediate|advanced,advanced|intermediate,cambridge_22_25_intermediate_advanced,4,20,random,,273.265625,1033.90625,313.265625,1074.9375,5,7,hover,33.10000000009313,33.10000000009313,0.09977151561309977,0.718359375,80,,,,,,2026-06-27T14:08:31.153Z,XZEXGKN2,2026-06-27,2026-06-27,07:08:31,2026-06-27 07:08:31,,,,,,,,69f01fe044b9a5a944ce98b3,69f01fe044b9a5a944ce98b3,,,,
12266,raw_position_sample,2,2,int,5,2,17,18,56, supports ,988,301,1843204.0000000002,69f01fe044b9a5a944ce98b3,69f01fe044b9a5a944ce98b3,intermediate,2,69f01fe044b9a5a944ce98b3,69f01fe044b9a5a944ce98b3,spotlight_PROLIFIC,,24,mexico,spanish,english,,spanish:60|English:40,100,spanish:65|English:35,100,spanish:50|English:50,100,15,3,Bachelor's,10,10,10,9,10,10,18,20,20,20,TOEFL,110,,,,,25,25,C2,intermediate|advanced,advanced|intermediate,cambridge_22_25_intermediate_advanced,4,20,random,,283.265625,959.859375,303.265625,1033.90625,5,6,,,,,,,,,,,,2026-06-27T14:08:31.153Z,XZEXGKN2,2026-06-27,2026-06-27,07:08:31,2026-06-27 07:08:31,,,,,,,,69f01fe044b9a5a944ce98b3,69f01fe044b9a5a944ce98b3,,,,
12267,hover_association,2,2,int,5,2,17,18,56, supports ,1016,301,,69f01fe044b9a5a944ce98b3,69f01fe044b9a5a944ce98b3,intermediate,2,69f01fe044b9a5a944ce98b3,69f01fe044b9a5a944ce98b3,spotlight_PROLIFIC,,24,mexico,spanish,english,,spanish:60|English:40,100,spanish:65|English:35,100,spanish:50|English:50,100,15,3,Bachelor's,10,10,10,9,10,10,18,20,20,20,TOEFL,110,,,,,25,25,C2,intermediate|advanced,advanced|intermediate,cambridge_22_25_intermediate_advanced,4,20,random,,273.265625,959.859375,313.265625,1033.90625,5,6,hover,33.3000000002794,33.3000000002794,0.38003798269677147,0.693359375,80,,,,,,2026-06-27T14:08:31.153Z,XZEXGKN2,2026-06-27,2026-06-27,07:08:31,2026-06-27 07:08:31,,,,,,,,69f01fe044b9a5a944ce98b3,69f01fe044b9a5a944ce98b3,,,,
12300,hover_association,2,2,int,5,2,17,18,55, which ,959,301,,69f01fe044b9a5a944ce98b3,69f01fe044b9a5a944ce98b3,intermediate,2,69f01fe044b9a5a944ce98b3,69f01fe044b9a5a944ce98b3,spotlight_PROLIFIC,,24,mexico,spanish,english,,spanish:60|English:40,100,spanish:65|English:35,100,spanish:50|English:50,100,15,3,Bachelor's,10,10,10,9,10,10,18,20,20,20,TOEFL,110,,,,,25,25,C2,intermediate|advanced,advanced|intermediate,cambridge_22_25_intermediate_advanced,4,20,random,,273.265625,908.828125,313.265625,959.859375,5,5,hover,33.39999999990687,33.39999999990687,0.3364972443355787,0.693359375,80,,,,,,2026-06-27T14:08:31.153Z,XZEXGKN2,2026-06-27,2026-06-27,07:08:31,2026-06-27 07:08:31,,,,,,,,69f01fe044b9a5a944ce98b3,69f01fe044b9a5a944ce98b3,,,,
12316,raw_position_sample,2,2,int,5,2,17,18,54," Foundation, ",897,300,1843254.5999999999,69f01fe044b9a5a944ce98b3,69f01fe044b9a5a944ce98b3,intermediate,2,69f01fe044b9a5a944ce98b3,69f01fe044b9a5a944ce98b3,spotlight_PROLIFIC,,24,mexico,spanish,english,,spanish:60|English:40,100,spanish:65|English:35,100,spanish:50|English:50,100,15,3,Bachelor's,10,10,10,9,10,10,18,20,20,20,TOEFL,110,,,,,25,25,C2,intermediate|advanced,advanced|intermediate,cambridge_22_25_intermediate_advanced,4,20,random,,283.265625,808.75,303.265625,908.828125,5,4,,,,,,,,,,,,2026-06-27T14:08:31.153Z,XZEXGKN2,2026-06-27,2026-06-27,07:08:31,2026-06-27 07:08:31,,,,,,,,69f01fe044b9a5a944ce98b3,69f01fe044b9a5a944ce98b3,,,,
12356,raw_position_sample,2,2,int,5,2,17,18,54," Foundation, ",813,302,1843294.4000000001,69f01fe044b9a5a944ce98b3,69f01fe044b9a5a944ce98b3,intermediate,2,69f01fe044b9a5a944ce98b3,69f01fe044b9a5a944ce98b3,spotlight_PROLIFIC,,24,mexico,spanish,english,,spanish:60|English:40,100,spanish:65|English:35,100,spanish:50|English:50,100,15,3,Bachelor's,10,10,10,9,10,10,18,20,20,20,TOEFL,110,,,,,25,25,C2,intermediate|advanced,advanced|intermediate,cambridge_22_25_intermediate_advanced,4,20,random,,283.265625,808.75,303.265625,908.828125,5,4,,,,,,,,,,,,2026-06-27T14:08:31.153Z,XZEXGKN2,2026-06-27,2026-06-27,07:08:31,2026-06-27 07:08:31,,,,,,,,69f01fe044b9a5a944ce98b3,69f01fe044b9a5a944ce98b3,,,,
12367,hover_association,2,2,int,5,2,17,18,54," Foundation, ",897,300,,69f01fe044b9a5a944ce98b3,69f01fe044b9a5a944ce98b3,intermediate,2,69f01fe044b9a5a944ce98b3,69f01fe044b9a5a944ce98b3,spotlight_PROLIFIC,,24,mexico,spanish,english,,spanish:60|English:40,100,spanish:65|English:35,100,spanish:50|English:50,100,15,3,Bachelor's,10,10,10,9,10,10,18,20,20,20,TOEFL,110,,,,,25,25,C2,intermediate|advanced,advanced|intermediate,cambridge_22_25_intermediate_advanced,4,20,random,,273.265625,808.75,313.265625,908.828125,5,4,hover,66.6999999997206,66.6999999997206,0.04246682279469165,0.718359375,80,,,,,,2026-06-27T14:08:31.153Z,XZEXGKN2,2026-06-27,2026-06-27,07:08:31,2026-06-27 07:08:31,,,,,,,,69f01fe044b9a5a944ce98b3,69f01fe044b9a5a944ce98b3,,,,
12404,raw_position_sample,2,2,int,5,2,17,18,53, Policy ,764,309,1843342.4000000001,69f01fe044b9a5a944ce98b3,69f01fe044b9a5a944ce98b3,intermediate,2,69f01fe044b9a5a944ce98b3,69f01fe044b9a5a944ce98b3,spotlight_PROLIFIC,,24,mexico,spanish,english,,spanish:60|English:40,100,spanish:65|English:35,100,spanish:50|English:50,100,15,3,Bachelor's,10,10,10,9,10,10,18,20,20,20,TOEFL,110,,,,,25,25,C2,intermediate|advanced,advanced|intermediate,cambridge_22_25_intermediate_advanced,4,20,random,,283.265625,755.734375,303.265625,808.75,5,3,,,,,,,,,,,,2026-06-27T14:08:31.153Z,XZEXGKN2,2026-06-27,2026-06-27,07:08:31,2026-06-27 07:08:31,,,,,,,,69f01fe044b9a5a944ce98b3,69f01fe044b9a5a944ce98b3,,,,
12417,hover_association,2,2,int,5,2,17,18,53, Policy ,794,304,,69f01fe044b9a5a944ce98b3,69f01fe044b9a5a944ce98b3,intermediate,2,69f01fe044b9a5a944ce98b3,69f01fe044b9a5a944ce98b3,spotlight_PROLIFIC,,24,mexico,spanish,english,,spanish:60|English:40,100,spanish:65|English:35,100,spanish:50|English:50,100,15,3,Bachelor's,10,10,10,9,10,10,18,20,20,20,TOEFL,110,,,,,25,25,C2,intermediate|advanced,advanced|intermediate,cambridge_22_25_intermediate_advanced,4,20,random,,273.265625,755.734375,313.265625,808.75,5,3,hover,49.90000000037253,49.90000000037253,0.15590922487474212,0.893359375,80,,,,,,2026-06-27T14:08:31.153Z,XZEXGKN2,2026-06-27,2026-06-27,07:08:31,2026-06-27 07:08:31,,,,,,,,69f01fe044b9a5a944ce98b3,69f01fe044b9a5a944ce98b3,,,,
12450,hover_association,2,2,int,5,2,17,18,52, Drug ,755,311,,69f01fe044b9a5a944ce98b3,69f01fe044b9a5a944ce98b3,intermediate,2,69f01fe044b9a5a944ce98b3,69f01fe044b9a5a944ce98b3,spotlight_PROLIFIC,,24,mexico,spanish,english,,spanish:60|English:40,100,spanish:65|English:35,100,spanish:50|English:50,100,15,3,Bachelor's,10,10,10,9,10,10,18,20,20,20,TOEFL,110,,,,,25,25,C2,intermediate|advanced,advanced|intermediate,cambridge_22_25_intermediate_advanced,4,20,random,,273.265625,711.71875,313.265625,755.734375,5,2,hover,33.1999999997206,33.1999999997206,0.8697195598154065,0.993359375,80,,,,,,2026-06-27T14:08:31.153Z,XZEXGKN2,2026-06-27,2026-06-27,07:08:31,2026-06-27 07:08:31,,,,,,,,69f01fe044b9a5a944ce98b3,69f01fe044b9a5a944ce98b3,,,,
12464,raw_position_sample,2,2,int,5,2,17,18,64, that ,748,314,1843401.5999999999,69f01fe044b9a5a944ce98b3,69f01fe044b9a5a944ce98b3,intermediate,2,69f01fe044b9a5a944ce98b3,69f01fe044b9a5a944ce98b3,spotlight_PROLIFIC,,24,mexico,spanish,english,,spanish:60|English:40,100,spanish:65|English:35,100,spanish:50|English:50,100,15,3,Bachelor's,10,10,10,9,10,10,18,20,20,20,TOEFL,110,,,,,25,25,C2,intermediate|advanced,advanced|intermediate,cambridge_22_25_intermediate_advanced,4,20,random,,323.265625,723.4375,343.265625,758.46875,6,3,,,,,,,,,,,,2026-06-27T14:08:31.153Z,XZEXGKN2,2026-06-27,2026-06-27,07:08:31,2026-06-27 07:08:31,,,,,,,,69f01fe044b9a5a944ce98b3,69f01fe044b9a5a944ce98b3,,,,
12517,hover_association,2,2,int,5,2,17,18,64, that ,748,314,,69f01fe044b9a5a944ce98b3,69f01fe044b9a5a944ce98b3,intermediate,2,69f01fe044b9a5a944ce98b3,69f01fe044b9a5a944ce98b3,spotlight_PROLIFIC,,24,mexico,spanish,english,,spanish:60|English:40,100,spanish:65|English:35,100,spanish:50|English:50,100,15,3,Bachelor's,10,10,10,9,10,10,18,20,20,20,TOEFL,110,,,,,25,25,C2,intermediate|advanced,advanced|intermediate,cambridge_22_25_intermediate_advanced,4,20,random,,313.265625,723.4375,353.265625,758.46875,6,3,hover,66.70000000018626,66.70000000018626,0.1873327386262266,0.043359375,80,,,,,,2026-06-27T14:08:31.153Z,XZEXGKN2,2026-06-27,2026-06-27,07:08:31,2026-06-27 07:08:31,,,,,,,,69f01fe044b9a5a944ce98b3,69f01fe044b9a5a944ce98b3,,,,
12518,raw_position_sample,2,2,int,5,2,17,18,63, country ,711,316,1843455.5999999999,69f01fe044b9a5a944ce98b3,69f01fe044b9a5a944ce98b3,intermediate,2,69f01fe044b9a5a944ce98b3,69f01fe044b9a5a944ce98b3,spotlight_PROLIFIC,,24,mexico,spanish,english,,spanish:60|English:40,100,spanish:65|English:35,100,spanish:50|English:50,100,15,3,Bachelor's,10,10,10,9,10,10,18,20,20,20,TOEFL,110,,,,,25,25,C2,intermediate|advanced,advanced|intermediate,cambridge_22_25_intermediate_advanced,4,20,random,,323.265625,659.40625,343.265625,723.4375,6,2,,,,,,,,,,,,2026-06-27T14:08:31.153Z,XZEXGKN2,2026-06-27,2026-06-27,07:08:31,2026-06-27 07:08:31,,,,,,,,69f01fe044b9a5a944ce98b3,69f01fe044b9a5a944ce98b3,,,,
12556,raw_position_sample,2,2,int,5,2,17,18,63, country ,673,315,1843494.5999999999,69f01fe044b9a5a944ce98b3,69f01fe044b9a5a944ce98b3,intermediate,2,69f01fe044b9a5a944ce98b3,69f01fe044b9a5a944ce98b3,spotlight_PROLIFIC,,24,mexico,spanish,english,,spanish:60|English:40,100,spanish:65|English:35,100,spanish:50|English:50,100,15,3,Bachelor's,10,10,10,9,10,10,18,20,20,20,TOEFL,110,,,,,25,25,C2,intermediate|advanced,advanced|intermediate,cambridge_22_25_intermediate_advanced,4,20,random,,323.265625,659.40625,343.265625,723.4375,6,2,,,,,,,,,,,,2026-06-27T14:08:31.153Z,XZEXGKN2,2026-06-27,2026-06-27,07:08:31,2026-06-27 07:08:31,,,,,,,,69f01fe044b9a5a944ce98b3,69f01fe044b9a5a944ce98b3,,,,
12583,hover_association,2,2,int,5,2,17,18,63, country ,711,316,,69f01fe044b9a5a944ce98b3,69f01fe044b9a5a944ce98b3,intermediate,2,69f01fe044b9a5a944ce98b3,69f01fe044b9a5a944ce98b3,spotlight_PROLIFIC,,24,mexico,spanish,english,,spanish:60|English:40,100,spanish:65|English:35,100,spanish:50|English:50,100,15,3,Bachelor's,10,10,10,9,10,10,18,20,20,20,TOEFL,110,,,,,25,25,C2,intermediate|advanced,advanced|intermediate,cambridge_22_25_intermediate_advanced,4,20,random,,313.265625,659.40625,353.265625,723.4375,6,2,hover,66.6999999997206,66.6999999997206,0.024890190336749635,0.018359375,80,,,,,,2026-06-27T14:08:31.153Z,XZEXGKN2,2026-06-27,2026-06-27,07:08:31,2026-06-27 07:08:31,,,,,,,,69f01fe044b9a5a944ce98b3,69f01fe044b9a5a944ce98b3,,,,
12604,raw_position_sample,2,2,int,5,2,17,18,62, any ,648,314,1843542.4000000001,69f01fe044b9a5a944ce98b3,69f01fe044b9a5a944ce98b3,intermediate,2,69f01fe044b9a5a944ce98b3,69f01fe044b9a5a944ce98b3,spotlight_PROLIFIC,,24,mexico,spanish,english,,spanish:60|English:40,100,spanish:65|English:35,100,spanish:50|English:50,100,15,3,Bachelor's,10,10,10,9,10,10,18,20,20,20,TOEFL,110,,,,,25,25,C2,intermediate|advanced,advanced|intermediate,cambridge_22_25_intermediate_advanced,4,20,random,,323.265625,625.375,343.265625,659.40625,6,1,,,,,,,,,,,,2026-06-27T14:08:31.153Z,XZEXGKN2,2026-06-27,2026-06-27,07:08:31,2026-06-27 07:08:31,,,,,,,,69f01fe044b9a5a944ce98b3,69f01fe044b9a5a944ce98b3,,,,
12617,hover_association,2,2,int,5,2,17,18,62, any ,652,314,,69f01fe044b9a5a944ce98b3,69f01fe044b9a5a944ce98b3,intermediate,2,69f01fe044b9a5a944ce98b3,69f01fe044b9a5a944ce98b3,spotlight_PROLIFIC,,24,mexico,spanish,english,,spanish:60|English:40,100,spanish:65|English:35,100,spanish:50|English:50,100,15,3,Bachelor's,10,10,10,9,10,10,18,20,20,20,TOEFL,110,,,,,25,25,C2,intermediate|advanced,advanced|intermediate,cambridge_22_25_intermediate_advanced,4,20,random,,313.265625,625.375,353.265625,659.40625,6,1,hover,33.40000000037253,33.40000000037253,0.6648301193755739,0.018359375,80,,,,,,2026-06-27T14:08:31.153Z,XZEXGKN2,2026-06-27,2026-06-27,07:08:31,2026-06-27 07:08:31,,,,,,,,69f01fe044b9a5a944ce98b3,69f01fe044b9a5a944ce98b3,,,,
12650,hover_association,2,2,int,5,2,17,18,51, Transform ,645,313,,69f01fe044b9a5a944ce98b3,69f01fe044b9a5a944ce98b3,intermediate,2,69f01fe044b9a5a944ce98b3,69f01fe044b9a5a944ce98b3,spotlight_PROLIFIC,,24,mexico,spanish,english,,spanish:60|English:40,100,spanish:65|English:35,100,spanish:50|English:50,100,15,3,Bachelor's,10,10,10,9,10,10,18,20,20,20,TOEFL,110,,,,,25,25,C2,intermediate|advanced,advanced|intermediate,cambridge_22_25_intermediate_advanced,4,20,random,,273.265625,625.375,313.265625,711.71875,5,1,hover,33.39999999990687,33.39999999990687,0.20412595005428882,0.993359375,80,,,,,,2026-06-27T14:08:31.153Z,XZEXGKN2,2026-06-27,2026-06-27,07:08:31,2026-06-27 07:08:31,,,,,,,,69f01fe044b9a5a944ce98b3,69f01fe044b9a5a944ce98b3,,,,
12667,raw_position_sample,2,2,int,5,2,17,18,62, any ,629,316,1843605.5000000002,69f01fe044b9a5a944ce98b3,69f01fe044b9a5a944ce98b3,intermediate,2,69f01fe044b9a5a944ce98b3,69f01fe044b9a5a944ce98b3,spotlight_PROLIFIC,,24,mexico,spanish,english,,spanish:60|English:40,100,spanish:65|English:35,100,spanish:50|English:50,100,15,3,Bachelor's,10,10,10,9,10,10,18,20,20,20,TOEFL,110,,,,,25,25,C2,intermediate|advanced,advanced|intermediate,cambridge_22_25_intermediate_advanced,4,20,random,,323.265625,625.375,343.265625,659.40625,6,1,,,,,,,,,,,,2026-06-27T14:08:31.153Z,XZEXGKN2,2026-06-27,2026-06-27,07:08:31,2026-06-27 07:08:31,,,,,,,,69f01fe044b9a5a944ce98b3,69f01fe044b9a5a944ce98b3,,,,
12683,hover_association,2,2,int,5,2,17,18,62, any ,638,314,,69f01fe044b9a5a944ce98b3,69f01fe044b9a5a944ce98b3,intermediate,2,69f01fe044b9a5a944ce98b3,69f01fe044b9a5a944ce98b3,spotlight_PROLIFIC,,24,mexico,spanish,english,,spanish:60|English:40,100,spanish:65|English:35,100,spanish:50|English:50,100,15,3,Bachelor's,10,10,10,9,10,10,18,20,20,20,TOEFL,110,,,,,25,25,C2,intermediate|advanced,advanced|intermediate,cambridge_22_25_intermediate_advanced,4,20,random,,313.265625,625.375,353.265625,659.40625,6,1,hover,33.299999999813735,33.299999999813735,0.10651974288337925,0.068359375,80,,,,,,2026-06-27T14:08:31.153Z,XZEXGKN2,2026-06-27,2026-06-27,07:08:31,2026-06-27 07:08:31,,,,,,,,69f01fe044b9a5a944ce98b3,69f01fe044b9a5a944ce98b3,,,,
12716,raw_position_sample,2,2,int,5,2,17,18,-1,999,620,320,1843653.8,69f01fe044b9a5a944ce98b3,69f01fe044b9a5a944ce98b3,intermediate,2,69f01fe044b9a5a944ce98b3,69f01fe044b9a5a944ce98b3,spotlight_PROLIFIC,,24,mexico,spanish,english,,spanish:60|English:40,100,spanish:65|English:35,100,spanish:50|English:50,100,15,3,Bachelor's,10,10,10,9,10,10,18,20,20,20,TOEFL,110,,,,,25,25,C2,intermediate|advanced,advanced|intermediate,cambridge_22_25_intermediate_advanced,4,20,random,,,,,,,,,,,,,,,,,,,2026-06-27T14:08:31.153Z,XZEXGKN2,2026-06-27,2026-06-27,07:08:31,2026-06-27 07:08:31,,,,,,,,69f01fe044b9a5a944ce98b3,69f01fe044b9a5a944ce98b3,,,,
12756,raw_position_sample,2,2,int,5,2,17,18,-1,999,618,321,1843694.3,69f01fe044b9a5a944ce98b3,69f01fe044b9a5a944ce98b3,intermediate,2,69f01fe044b9a5a944ce98b3,69f01fe044b9a5a944ce98b3,spotlight_PROLIFIC,,24,mexico,spanish,english,,spanish:60|English:40,100,spanish:65|English:35,100,spanish:50|English:50,100,15,3,Bachelor's,10,10,10,9,10,10,18,20,20,20,TOEFL,110,,,,,25,25,C2,intermediate|advanced,advanced|intermediate,cambridge_22_25_intermediate_advanced,4,20,random,,,,,,,,,,,,,,,,,,,2026-06-27T14:08:31.153Z,XZEXGKN2,2026-06-27,2026-06-27,07:08:31,2026-06-27 07:08:31,,,,,,,,69f01fe044b9a5a944ce98b3,69f01fe044b9a5a944ce98b3,,,,
12812,raw_position_sample,2,2,int,5,2,17,18,-1,999,618,325,1843750.3,69f01fe044b9a5a944ce98b3,69f01fe044b9a5a944ce98b3,intermediate,2,69f01fe044b9a5a944ce98b3,69f01fe044b9a5a944ce98b3,spotlight_PROLIFIC,,24,mexico,spanish,english,,spanish:60|English:40,100,spanish:65|English:35,100,spanish:50|English:50,100,15,3,Bachelor's,10,10,10,9,10,10,18,20,20,20,TOEFL,110,,,,,25,25,C2,intermediate|advanced,advanced|intermediate,cambridge_22_25_intermediate_advanced,4,20,random,,,,,,,,,,,,,,,,,,,2026-06-27T14:08:31.153Z,XZEXGKN2,2026-06-27,2026-06-27,07:08:31,2026-06-27 07:08:31,,,,,,,,69f01fe044b9a5a944ce98b3,69f01fe044b9a5a944ce98b3,,,,
12866,raw_position_sample,2,2,int,5,2,17,18,-1,999,619,328,1843803.9000000001,69f01fe044b9a5a944ce98b3,69f01fe044b9a5a944ce98b3,intermediate,2,69f01fe044b9a5a944ce98b3,69f01fe044b9a5a944ce98b3,spotlight_PROLIFIC,,24,mexico,spanish,english,,spanish:60|English:40,100,spanish:65|English:35,100,spanish:50|English:50,100,15,3,Bachelor's,10,10,10,9,10,10,18,20,20,20,TOEFL,110,,,,,25,25,C2,intermediate|advanced,advanced|intermediate,cambridge_22_25_intermediate_advanced,4,20,random,,,,,,,,,,,,,,,,,,,2026-06-27T14:08:31.153Z,XZEXGKN2,2026-06-27,2026-06-27,07:08:31,2026-06-27 07:08:31,,,,,,,,69f01fe044b9a5a944ce98b3,69f01fe044b9a5a944ce98b3,,,,
12917,raw_position_sample,2,2,int,5,2,17,18,62, any ,641,333,1843854.5999999999,69f01fe044b9a5a944ce98b3,69f01fe044b9a5a944ce98b3,intermediate,2,69f01fe044b9a5a944ce98b3,69f01fe044b9a5a944ce98b3,spotlight_PROLIFIC,,24,mexico,spanish,english,,spanish:60|English:40,100,spanish:65|English:35,100,spanish:50|English:50,100,15,3,Bachelor's,10,10,10,9,10,10,18,20,20,20,TOEFL,110,,,,,25,25,C2,intermediate|advanced,advanced|intermediate,cambridge_22_25_intermediate_advanced,4,20,random,,323.265625,625.375,343.265625,659.40625,6,1,,,,,,,,,,,,2026-06-27T14:08:31.153Z,XZEXGKN2,2026-06-27,2026-06-27,07:08:31,2026-06-27 07:08:31,,,,,,,,69f01fe044b9a5a944ce98b3,69f01fe044b9a5a944ce98b3,,,,
12950,hover_association,2,2,int,5,2,17,18,62, any ,632,332,,69f01fe044b9a5a944ce98b3,69f01fe044b9a5a944ce98b3,intermediate,2,69f01fe044b9a5a944ce98b3,69f01fe044b9a5a944ce98b3,spotlight_PROLIFIC,,24,mexico,spanish,english,,spanish:60|English:40,100,spanish:65|English:35,100,spanish:50|English:50,100,15,3,Bachelor's,10,10,10,9,10,10,18,20,20,20,TOEFL,110,,,,,25,25,C2,intermediate|advanced,advanced|intermediate,cambridge_22_25_intermediate_advanced,4,20,random,,313.265625,625.375,353.265625,659.40625,6,1,hover,66.70000000018626,66.70000000018626,0.9292929292929293,0.518359375,80,,,,,,2026-06-27T14:08:31.153Z,XZEXGKN2,2026-06-27,2026-06-27,07:08:31,2026-06-27 07:08:31,,,,,,,,69f01fe044b9a5a944ce98b3,69f01fe044b9a5a944ce98b3,,,,
12956,raw_position_sample,2,2,int,5,2,17,18,63, country ,664,334,1843894.4000000001,69f01fe044b9a5a944ce98b3,69f01fe044b9a5a944ce98b3,intermediate,2,69f01fe044b9a5a944ce98b3,69f01fe044b9a5a944ce98b3,spotlight_PROLIFIC,,24,mexico,spanish,english,,spanish:60|English:40,100,spanish:65|English:35,100,spanish:50|English:50,100,15,3,Bachelor's,10,10,10,9,10,10,18,20,20,20,TOEFL,110,,,,,25,25,C2,intermediate|advanced,advanced|intermediate,cambridge_22_25_intermediate_advanced,4,20,random,,323.265625,659.40625,343.265625,723.4375,6,2,,,,,,,,,,,,2026-06-27T14:08:31.153Z,XZEXGKN2,2026-06-27,2026-06-27,07:08:31,2026-06-27 07:08:31,,,,,,,,69f01fe044b9a5a944ce98b3,69f01fe044b9a5a944ce98b3,,,,
13004,raw_position_sample,2,2,int,5,2,17,18,63, country ,694,334,1843942.3,69f01fe044b9a5a944ce98b3,69f01fe044b9a5a944ce98b3,intermediate,2,69f01fe044b9a5a944ce98b3,69f01fe044b9a5a944ce98b3,spotlight_PROLIFIC,,24,mexico,spanish,english,,spanish:60|English:40,100,spanish:65|English:35,100,spanish:50|English:50,100,15,3,Bachelor's,10,10,10,9,10,10,18,20,20,20,TOEFL,110,,,,,25,25,C2,intermediate|advanced,advanced|intermediate,cambridge_22_25_intermediate_advanced,4,20,random,,323.265625,659.40625,343.265625,723.4375,6,2,,,,,,,,,,,,2026-06-27T14:08:31.153Z,XZEXGKN2,2026-06-27,2026-06-27,07:08:31,2026-06-27 07:08:31,,,,,,,,69f01fe044b9a5a944ce98b3,69f01fe044b9a5a944ce98b3,,,,
13066,raw_position_sample,2,2,int,5,2,17,18,63, country ,715,334,1844004.5999999999,69f01fe044b9a5a944ce98b3,69f01fe044b9a5a944ce98b3,intermediate,2,69f01fe044b9a5a944ce98b3,69f01fe044b9a5a944ce98b3,spotlight_PROLIFIC,,24,mexico,spanish,english,,spanish:60|English:40,100,spanish:65|English:35,100,spanish:50|English:50,100,15,3,Bachelor's,10,10,10,9,10,10,18,20,20,20,TOEFL,110,,,,,25,25,C2,intermediate|advanced,advanced|intermediate,cambridge_22_25_intermediate_advanced,4,20,random,,323.265625,659.40625,343.265625,723.4375,6,2,,,,,,,,,,,,2026-06-27T14:08:31.153Z,XZEXGKN2,2026-06-27,2026-06-27,07:08:31,2026-06-27 07:08:31,,,,,,,,69f01fe044b9a5a944ce98b3,69f01fe044b9a5a944ce98b3,,,,
13083,hover_association,2,2,int,5,2,17,18,63, country ,664,334,,69f01fe044b9a5a944ce98b3,69f01fe044b9a5a944ce98b3,intermediate,2,69f01fe044b9a5a944ce98b3,69f01fe044b9a5a944ce98b3,spotlight_PROLIFIC,,24,mexico,spanish,english,,spanish:60|English:40,100,spanish:65|English:35,100,spanish:50|English:50,100,15,3,Bachelor's,10,10,10,9,10,10,18,20,20,20,TOEFL,110,,,,,25,25,C2,intermediate|advanced,advanced|intermediate,cambridge_22_25_intermediate_advanced,4,20,random,,313.265625,659.40625,353.265625,723.4375,6,2,hover,133.5,133.5,0.9463152757442655,0.518359375,80,,,,,,2026-06-27T14:08:31.153Z,XZEXGKN2,2026-06-27,2026-06-27,07:08:31,2026-06-27 07:08:31,,,,,,,,69f01fe044b9a5a944ce98b3,69f01fe044b9a5a944ce98b3,,,,
13116,raw_position_sample,2,2,int,5,2,17,18,64, that ,734,334,1844053.5999999999,69f01fe044b9a5a944ce98b3,69f01fe044b9a5a944ce98b3,intermediate,2,69f01fe044b9a5a944ce98b3,69f01fe044b9a5a944ce98b3,spotlight_PROLIFIC,,24,mexico,spanish,english,,spanish:60|English:40,100,spanish:65|English:35,100,spanish:50|English:50,100,15,3,Bachelor's,10,10,10,9,10,10,18,20,20,20,TOEFL,110,,,,,25,25,C2,intermediate|advanced,advanced|intermediate,cambridge_22_25_intermediate_advanced,4,20,random,,323.265625,723.4375,343.265625,758.46875,6,3,,,,,,,,,,,,2026-06-27T14:08:31.153Z,XZEXGKN2,2026-06-27,2026-06-27,07:08:31,2026-06-27 07:08:31,,,,,,,,69f01fe044b9a5a944ce98b3,69f01fe044b9a5a944ce98b3,,,,
13156,raw_position_sample,2,2,int,5,2,17,18,64, that ,756,332,1844094.4000000001,69f01fe044b9a5a944ce98b3,69f01fe044b9a5a944ce98b3,intermediate,2,69f01fe044b9a5a944ce98b3,69f01fe044b9a5a944ce98b3,spotlight_PROLIFIC,,24,mexico,spanish,english,,spanish:60|English:40,100,spanish:65|English:35,100,spanish:50|English:50,100,15,3,Bachelor's,10,10,10,9,10,10,18,20,20,20,TOEFL,110,,,,,25,25,C2,intermediate|advanced,advanced|intermediate,cambridge_22_25_intermediate_advanced,4,20,random,,323.265625,723.4375,343.265625,758.46875,6,3,,,,,,,,,,,,2026-06-27T14:08:31.153Z,XZEXGKN2,2026-06-27,2026-06-27,07:08:31,2026-06-27 07:08:31,,,,,,,,69f01fe044b9a5a944ce98b3,69f01fe044b9a5a944ce98b3,,,,
13183,hover_association,2,2,int,5,2,17,18,64, that ,726,334,,69f01fe044b9a5a944ce98b3,69f01fe044b9a5a944ce98b3,intermediate,2,69f01fe044b9a5a944ce98b3,69f01fe044b9a5a944ce98b3,spotlight_PROLIFIC,,24,mexico,spanish,english,,spanish:60|English:40,100,spanish:65|English:35,100,spanish:50|English:50,100,15,3,Bachelor's,10,10,10,9,10,10,18,20,20,20,TOEFL,110,,,,,25,25,C2,intermediate|advanced,advanced|intermediate,cambridge_22_25_intermediate_advanced,4,20,random,,313.265625,723.4375,353.265625,758.46875,6,3,hover,99.89999999990687,99.89999999990687,0.9866190900981266,0.468359375,80,,,,,,2026-06-27T14:08:31.153Z,XZEXGKN2,2026-06-27,2026-06-27,07:08:31,2026-06-27 07:08:31,,,,,,,,69f01fe044b9a5a944ce98b3,69f01fe044b9a5a944ce98b3,,,,
13204,raw_position_sample,2,2,int,5,2,17,18,65, is ,763,331,1844142.3,69f01fe044b9a5a944ce98b3,69f01fe044b9a5a944ce98b3,intermediate,2,69f01fe044b9a5a944ce98b3,69f01fe044b9a5a944ce98b3,spotlight_PROLIFIC,,24,mexico,spanish,english,,spanish:60|English:40,100,spanish:65|English:35,100,spanish:50|English:50,100,15,3,Bachelor's,10,10,10,9,10,10,18,20,20,20,TOEFL,110,,,,,25,25,C2,intermediate|advanced,advanced|intermediate,cambridge_22_25_intermediate_advanced,4,20,random,,323.265625,758.46875,343.265625,776.46875,6,4,,,,,,,,,,,,2026-06-27T14:08:31.153Z,XZEXGKN2,2026-06-27,2026-06-27,07:08:31,2026-06-27 07:08:31,,,,,,,,69f01fe044b9a5a944ce98b3,69f01fe044b9a5a944ce98b3,,,,
13266,raw_position_sample,2,2,int,5,2,17,18,65, is ,774,331,1844203.8,69f01fe044b9a5a944ce98b3,69f01fe044b9a5a944ce98b3,intermediate,2,69f01fe044b9a5a944ce98b3,69f01fe044b9a5a944ce98b3,spotlight_PROLIFIC,,24,mexico,spanish,english,,spanish:60|English:40,100,spanish:65|English:35,100,spanish:50|English:50,100,15,3,Bachelor's,10,10,10,9,10,10,18,20,20,20,TOEFL,110,,,,,25,25,C2,intermediate|advanced,advanced|intermediate,cambridge_22_25_intermediate_advanced,4,20,random,,323.265625,758.46875,343.265625,776.46875,6,4,,,,,,,,,,,,2026-06-27T14:08:31.153Z,XZEXGKN2,2026-06-27,2026-06-27,07:08:31,2026-06-27 07:08:31,,,,,,,,69f01fe044b9a5a944ce98b3,69f01fe044b9a5a944ce98b3,,,,
13283,hover_association,2,2,int,5,2,17,18,65, is ,760,332,,69f01fe044b9a5a944ce98b3,69f01fe044b9a5a944ce98b3,intermediate,2,69f01fe044b9a5a944ce98b3,69f01fe044b9a5a944ce98b3,spotlight_PROLIFIC,,24,mexico,spanish,english,,spanish:60|English:40,100,spanish:65|English:35,100,spanish:50|English:50,100,15,3,Bachelor's,10,10,10,9,10,10,18,20,20,20,TOEFL,110,,,,,25,25,C2,intermediate|advanced,advanced|intermediate,cambridge_22_25_intermediate_advanced,4,20,random,,313.265625,758.46875,353.265625,776.46875,6,4,hover,100,100,0.9739583333333334,0.443359375,80,,,,,,2026-06-27T14:08:31.153Z,XZEXGKN2,2026-06-27,2026-06-27,07:08:31,2026-06-27 07:08:31,,,,,,,,69f01fe044b9a5a944ce98b3,69f01fe044b9a5a944ce98b3,,,,
13316,raw_position_sample,2,2,int,5,2,17,18,66, fed ,780,331,1844253.7,69f01fe044b9a5a944ce98b3,69f01fe044b9a5a944ce98b3,intermediate,2,69f01fe044b9a5a944ce98b3,69f01fe044b9a5a944ce98b3,spotlight_PROLIFIC,,24,mexico,spanish,english,,spanish:60|English:40,100,spanish:65|English:35,100,spanish:50|English:50,100,15,3,Bachelor's,10,10,10,9,10,10,18,20,20,20,TOEFL,110,,,,,25,25,C2,intermediate|advanced,advanced|intermediate,cambridge_22_25_intermediate_advanced,4,20,random,,323.265625,776.46875,343.265625,806.5,6,5,,,,,,,,,,,,2026-06-27T14:08:31.153Z,XZEXGKN2,2026-06-27,2026-06-27,07:08:31,2026-06-27 07:08:31,,,,,,,,69f01fe044b9a5a944ce98b3,69f01fe044b9a5a944ce98b3,,,,
13356,raw_position_sample,2,2,int,5,2,17,18,66, fed ,796,331,1844294.3,69f01fe044b9a5a944ce98b3,69f01fe044b9a5a944ce98b3,intermediate,2,69f01fe044b9a5a944ce98b3,69f01fe044b9a5a944ce98b3,spotlight_PROLIFIC,,24,mexico,spanish,english,,spanish:60|English:40,100,spanish:65|English:35,100,spanish:50|English:50,100,15,3,Bachelor's,10,10,10,9,10,10,18,20,20,20,TOEFL,110,,,,,25,25,C2,intermediate|advanced,advanced|intermediate,cambridge_22_25_intermediate_advanced,4,20,random,,323.265625,776.46875,343.265625,806.5,6,5,,,,,,,,,,,,2026-06-27T14:08:31.153Z,XZEXGKN2,2026-06-27,2026-06-27,07:08:31,2026-06-27 07:08:31,,,,,,,,69f01fe044b9a5a944ce98b3,69f01fe044b9a5a944ce98b3,,,,
13400,hover_association,2,2,int,5,2,17,18,66, fed ,778,331,,69f01fe044b9a5a944ce98b3,69f01fe044b9a5a944ce98b3,intermediate,2,69f01fe044b9a5a944ce98b3,69f01fe044b9a5a944ce98b3,spotlight_PROLIFIC,,24,mexico,spanish,english,,spanish:60|English:40,100,spanish:65|English:35,100,spanish:50|English:50,100,15,3,Bachelor's,10,10,10,9,10,10,18,20,20,20,TOEFL,110,,,,,25,25,C2,intermediate|advanced,advanced|intermediate,cambridge_22_25_intermediate_advanced,4,20,random,,313.265625,776.46875,353.265625,806.5,6,5,hover,116.60000000009313,116.60000000009313,0.9167533818938606,0.443359375,80,,,,,,2026-06-27T14:08:31.153Z,XZEXGKN2,2026-06-27,2026-06-27,07:08:31,2026-06-27 07:08:31,,,,,,,,69f01fe044b9a5a944ce98b3,69f01fe044b9a5a944ce98b3,,,,
13404,raw_position_sample,2,2,int,5,2,17,18,67, up ,808,331,1844342.3,69f01fe044b9a5a944ce98b3,69f01fe044b9a5a944ce98b3,intermediate,2,69f01fe044b9a5a944ce98b3,69f01fe044b9a5a944ce98b3,spotlight_PROLIFIC,,24,mexico,spanish,english,,spanish:60|English:40,100,spanish:65|English:35,100,spanish:50|English:50,100,15,3,Bachelor's,10,10,10,9,10,10,18,20,20,20,TOEFL,110,,,,,25,25,C2,intermediate|advanced,advanced|intermediate,cambridge_22_25_intermediate_advanced,4,20,random,,323.265625,806.5,343.265625,831.53125,6,6,,,,,,,,,,,,2026-06-27T14:08:31.153Z,XZEXGKN2,2026-06-27,2026-06-27,07:08:31,2026-06-27 07:08:31,,,,,,,,69f01fe044b9a5a944ce98b3,69f01fe044b9a5a944ce98b3,,,,
13466,raw_position_sample,2,2,int,5,2,17,18,67, up ,820,331,1844404.5000000002,69f01fe044b9a5a944ce98b3,69f01fe044b9a5a944ce98b3,intermediate,2,69f01fe044b9a5a944ce98b3,69f01fe044b9a5a944ce98b3,spotlight_PROLIFIC,,24,mexico,spanish,english,,spanish:60|English:40,100,spanish:65|English:35,100,spanish:50|English:50,100,15,3,Bachelor's,10,10,10,9,10,10,18,20,20,20,TOEFL,110,,,,,25,25,C2,intermediate|advanced,advanced|intermediate,cambridge_22_25_intermediate_advanced,4,20,random,,323.265625,806.5,343.265625,831.53125,6,6,,,,,,,,,,,,2026-06-27T14:08:31.153Z,XZEXGKN2,2026-06-27,2026-06-27,07:08:31,2026-06-27 07:08:31,,,,,,,,69f01fe044b9a5a944ce98b3,69f01fe044b9a5a944ce98b3,,,,
13484,hover_association,2,2,int,5,2,17,18,67, up ,808,331,,69f01fe044b9a5a944ce98b3,69f01fe044b9a5a944ce98b3,intermediate,2,69f01fe044b9a5a944ce98b3,69f01fe044b9a5a944ce98b3,spotlight_PROLIFIC,,24,mexico,spanish,english,,spanish:60|English:40,100,spanish:65|English:35,100,spanish:50|English:50,100,15,3,Bachelor's,10,10,10,9,10,10,18,20,20,20,TOEFL,110,,,,,25,25,C2,intermediate|advanced,advanced|intermediate,cambridge_22_25_intermediate_advanced,4,20,random,,313.265625,806.5,353.265625,831.53125,6,6,hover,83.5,83.5,0.7390761548064919,0.443359375,80,,,,,,2026-06-27T14:08:31.153Z,XZEXGKN2,2026-06-27,2026-06-27,07:08:31,2026-06-27 07:08:31,,,,,,,,69f01fe044b9a5a944ce98b3,69f01fe044b9a5a944ce98b3,,,,
13516,raw_position_sample,2,2,int,5,2,17,18,68, with ,849,334,1844454.3,69f01fe044b9a5a944ce98b3,69f01fe044b9a5a944ce98b3,intermediate,2,69f01fe044b9a5a944ce98b3,69f01fe044b9a5a944ce98b3,spotlight_PROLIFIC,,24,mexico,spanish,english,,spanish:60|English:40,100,spanish:65|English:35,100,spanish:50|English:50,100,15,3,Bachelor's,10,10,10,9,10,10,18,20,20,20,TOEFL,110,,,,,25,25,C2,intermediate|advanced,advanced|intermediate,cambridge_22_25_intermediate_advanced,4,20,random,,323.265625,831.53125,343.265625,868.546875,6,7,,,,,,,,,,,,2026-06-27T14:08:31.153Z,XZEXGKN2,2026-06-27,2026-06-27,07:08:31,2026-06-27 07:08:31,,,,,,,,69f01fe044b9a5a944ce98b3,69f01fe044b9a5a944ce98b3,,,,
13533,hover_association,2,2,int,5,2,17,18,68, with ,834,332,,69f01fe044b9a5a944ce98b3,69f01fe044b9a5a944ce98b3,intermediate,2,69f01fe044b9a5a944ce98b3,69f01fe044b9a5a944ce98b3,spotlight_PROLIFIC,,24,mexico,spanish,english,,spanish:60|English:40,100,spanish:65|English:35,100,spanish:50|English:50,100,15,3,Bachelor's,10,10,10,9,10,10,18,20,20,20,TOEFL,110,,,,,25,25,C2,intermediate|advanced,advanced|intermediate,cambridge_22_25_intermediate_advanced,4,20,random,,313.265625,831.53125,353.265625,868.546875,6,7,hover,49.89999999990687,49.89999999990687,0.877163360067539,0.568359375,80,,,,,,2026-06-27T14:08:31.153Z,XZEXGKN2,2026-06-27,2026-06-27,07:08:31,2026-06-27 07:08:31,,,,,,,,69f01fe044b9a5a944ce98b3,69f01fe044b9a5a944ce98b3,,,,
13554,raw_position_sample,2,2,int,5,2,17,18,69, the ,888,338,1844491.5999999999,69f01fe044b9a5a944ce98b3,69f01fe044b9a5a944ce98b3,intermediate,2,69f01fe044b9a5a944ce98b3,69f01fe044b9a5a944ce98b3,spotlight_PROLIFIC,,24,mexico,spanish,english,,spanish:60|English:40,100,spanish:65|English:35,100,spanish:50|English:50,100,15,3,Bachelor's,10,10,10,9,10,10,18,20,20,20,TOEFL,110,,,,,25,25,C2,intermediate|advanced,advanced|intermediate,cambridge_22_25_intermediate_advanced,4,20,random,,323.265625,868.546875,343.265625,898.578125,6,8,,,,,,,,,,,,2026-06-27T14:08:31.153Z,XZEXGKN2,2026-06-27,2026-06-27,07:08:31,2026-06-27 07:08:31,,,,,,,,69f01fe044b9a5a944ce98b3,69f01fe044b9a5a944ce98b3,,,,
13604,raw_position_sample,2,2,int,5,2,17,18,69, the ,897,339,1844542.4000000001,69f01fe044b9a5a944ce98b3,69f01fe044b9a5a944ce98b3,intermediate,2,69f01fe044b9a5a944ce98b3,69f01fe044b9a5a944ce98b3,spotlight_PROLIFIC,,24,mexico,spanish,english,,spanish:60|English:40,100,spanish:65|English:35,100,spanish:50|English:50,100,15,3,Bachelor's,10,10,10,9,10,10,18,20,20,20,TOEFL,110,,,,,25,25,C2,intermediate|advanced,advanced|intermediate,cambridge_22_25_intermediate_advanced,4,20,random,,323.265625,868.546875,343.265625,898.578125,6,8,,,,,,,,,,,,2026-06-27T14:08:31.153Z,XZEXGKN2,2026-06-27,2026-06-27,07:08:31,2026-06-27 07:08:31,,,,,,,,69f01fe044b9a5a944ce98b3,69f01fe044b9a5a944ce98b3,,,,
13617,hover_association,2,2,int,5,2,17,18,69, the ,882,338,,69f01fe044b9a5a944ce98b3,69f01fe044b9a5a944ce98b3,intermediate,2,69f01fe044b9a5a944ce98b3,69f01fe044b9a5a944ce98b3,spotlight_PROLIFIC,,24,mexico,spanish,english,,spanish:60|English:40,100,spanish:65|English:35,100,spanish:50|English:50,100,15,3,Bachelor's,10,10,10,9,10,10,18,20,20,20,TOEFL,110,,,,,25,25,C2,intermediate|advanced,advanced|intermediate,cambridge_22_25_intermediate_advanced,4,20,random,,313.265625,868.546875,353.265625,898.578125,6,8,hover,83.3000000002794,83.3000000002794,0.9474505723204995,0.643359375,80,,,,,,2026-06-27T14:08:31.153Z,XZEXGKN2,2026-06-27,2026-06-27,07:08:31,2026-06-27 07:08:31,,,,,,,,69f01fe044b9a5a944ce98b3,69f01fe044b9a5a944ce98b3,,,,
13668,raw_position_sample,2,2,int,5,2,17,18,70, war ,932,339,1844605.5999999999,69f01fe044b9a5a944ce98b3,69f01fe044b9a5a944ce98b3,intermediate,2,69f01fe044b9a5a944ce98b3,69f01fe044b9a5a944ce98b3,spotlight_PROLIFIC,,24,mexico,spanish,english,,spanish:60|English:40,100,spanish:65|English:35,100,spanish:50|English:50,100,15,3,Bachelor's,10,10,10,9,10,10,18,20,20,20,TOEFL,110,,,,,25,25,C2,intermediate|advanced,advanced|intermediate,cambridge_22_25_intermediate_advanced,4,20,random,,323.265625,898.578125,343.265625,932.59375,6,9,,,,,,,,,,,,2026-06-27T14:08:31.153Z,XZEXGKN2,2026-06-27,2026-06-27,07:08:31,2026-06-27 07:08:31,,,,,,,,69f01fe044b9a5a944ce98b3,69f01fe044b9a5a944ce98b3,,,,
13683,hover_association,2,2,int,5,2,17,18,70, war ,904,339,,69f01fe044b9a5a944ce98b3,69f01fe044b9a5a944ce98b3,intermediate,2,69f01fe044b9a5a944ce98b3,69f01fe044b9a5a944ce98b3,spotlight_PROLIFIC,,24,mexico,spanish,english,,spanish:60|English:40,100,spanish:65|English:35,100,spanish:50|English:50,100,15,3,Bachelor's,10,10,10,9,10,10,18,20,20,20,TOEFL,110,,,,,25,25,C2,intermediate|advanced,advanced|intermediate,cambridge_22_25_intermediate_advanced,4,20,random,,313.265625,898.578125,353.265625,932.59375,6,9,hover,66.6999999997206,66.6999999997206,0.9825447864033073,0.643359375,80,,,,,,2026-06-27T14:08:31.153Z,XZEXGKN2,2026-06-27,2026-06-27,07:08:31,2026-06-27 07:08:31,,,,,,,,69f01fe044b9a5a944ce98b3,69f01fe044b9a5a944ce98b3,,,,
13716,raw_position_sample,2,2,int,5,2,17,18,71, on ,947,339,1844654.0000000002,69f01fe044b9a5a944ce98b3,69f01fe044b9a5a944ce98b3,intermediate,2,69f01fe044b9a5a944ce98b3,69f01fe044b9a5a944ce98b3,spotlight_PROLIFIC,,24,mexico,spanish,english,,spanish:60|English:40,100,spanish:65|English:35,100,spanish:50|English:50,100,15,3,Bachelor's,10,10,10,9,10,10,18,20,20,20,TOEFL,110,,,,,25,25,C2,intermediate|advanced,advanced|intermediate,cambridge_22_25_intermediate_advanced,4,20,random,,323.265625,932.59375,343.265625,957.625,6,10,,,,,,,,,,,,2026-06-27T14:08:31.153Z,XZEXGKN2,2026-06-27,2026-06-27,07:08:31,2026-06-27 07:08:31,,,,,,,,69f01fe044b9a5a944ce98b3,69f01fe044b9a5a944ce98b3,,,,
13717,hover_association,2,2,int,5,2,17,18,71, on ,940,339,,69f01fe044b9a5a944ce98b3,69f01fe044b9a5a944ce98b3,intermediate,2,69f01fe044b9a5a944ce98b3,69f01fe044b9a5a944ce98b3,spotlight_PROLIFIC,,24,mexico,spanish,english,,spanish:60|English:40,100,spanish:65|English:35,100,spanish:50|English:50,100,15,3,Bachelor's,10,10,10,9,10,10,18,20,20,20,TOEFL,110,,,,,25,25,C2,intermediate|advanced,advanced|intermediate,cambridge_22_25_intermediate_advanced,4,20,random,,313.265625,932.59375,353.265625,957.625,6,10,hover,33.200000000186265,33.200000000186265,0.5755305867665418,0.643359375,80,,,,,,2026-06-27T14:08:31.153Z,XZEXGKN2,2026-06-27,2026-06-27,07:08:31,2026-06-27 07:08:31,,,,,,,,69f01fe044b9a5a944ce98b3,69f01fe044b9a5a944ce98b3,,,,
13756,raw_position_sample,2,2,int,5,2,17,18,72, drugs ,982,341,1844694.4000000001,69f01fe044b9a5a944ce98b3,69f01fe044b9a5a944ce98b3,intermediate,2,69f01fe044b9a5a944ce98b3,69f01fe044b9a5a944ce98b3,spotlight_PROLIFIC,,24,mexico,spanish,english,,spanish:60|English:40,100,spanish:65|English:35,100,spanish:50|English:50,100,15,3,Bachelor's,10,10,10,9,10,10,18,20,20,20,TOEFL,110,,,,,25,25,C2,intermediate|advanced,advanced|intermediate,cambridge_22_25_intermediate_advanced,4,20,random,,323.265625,957.625,343.265625,1007.65625,6,11,,,,,,,,,,,,2026-06-27T14:08:31.153Z,XZEXGKN2,2026-06-27,2026-06-27,07:08:31,2026-06-27 07:08:31,,,,,,,,69f01fe044b9a5a944ce98b3,69f01fe044b9a5a944ce98b3,,,,
13783,hover_association,2,2,int,5,2,17,18,72, drugs ,958,341,,69f01fe044b9a5a944ce98b3,69f01fe044b9a5a944ce98b3,intermediate,2,69f01fe044b9a5a944ce98b3,69f01fe044b9a5a944ce98b3,spotlight_PROLIFIC,,24,mexico,spanish,english,,spanish:60|English:40,100,spanish:65|English:35,100,spanish:50|English:50,100,15,3,Bachelor's,10,10,10,9,10,10,18,20,20,20,TOEFL,110,,,,,25,25,C2,intermediate|advanced,advanced|intermediate,cambridge_22_25_intermediate_advanced,4,20,random,,313.265625,957.625,353.265625,1007.65625,6,11,hover,66.89999999990687,66.89999999990687,0.8069956277326671,0.693359375,80,,,,,,2026-06-27T14:08:31.153Z,XZEXGKN2,2026-06-27,2026-06-27,07:08:31,2026-06-27 07:08:31,,,,,,,,69f01fe044b9a5a944ce98b3,69f01fe044b9a5a944ce98b3,,,,
13804,raw_position_sample,2,2,int,5,2,17,18,73, can ,1033,341,1844742.3,69f01fe044b9a5a944ce98b3,69f01fe044b9a5a944ce98b3,intermediate,2,69f01fe044b9a5a944ce98b3,69f01fe044b9a5a944ce98b3,spotlight_PROLIFIC,,24,mexico,spanish,english,,spanish:60|English:40,100,spanish:65|English:35,100,spanish:50|English:50,100,15,3,Bachelor's,10,10,10,9,10,10,18,20,20,20,TOEFL,110,,,,,25,25,C2,intermediate|advanced,advanced|intermediate,cambridge_22_25_intermediate_advanced,4,20,random,,323.265625,1007.65625,343.265625,1041.6875,6,12,,,,,,,,,,,,2026-06-27T14:08:31.153Z,XZEXGKN2,2026-06-27,2026-06-27,07:08:31,2026-06-27 07:08:31,,,,,,,,69f01fe044b9a5a944ce98b3,69f01fe044b9a5a944ce98b3,,,,
13817,hover_association,2,2,int,5,2,17,18,73, can ,1014,341,,69f01fe044b9a5a944ce98b3,69f01fe044b9a5a944ce98b3,intermediate,2,69f01fe044b9a5a944ce98b3,69f01fe044b9a5a944ce98b3,spotlight_PROLIFIC,,24,mexico,spanish,english,,spanish:60|English:40,100,spanish:65|English:35,100,spanish:50|English:50,100,15,3,Bachelor's,10,10,10,9,10,10,18,20,20,20,TOEFL,110,,,,,25,25,C2,intermediate|advanced,advanced|intermediate,cambridge_22_25_intermediate_advanced,4,20,random,,313.265625,1007.65625,353.265625,1041.6875,6,12,hover,33.200000000186265,33.200000000186265,0.7447199265381084,0.693359375,80,,,,,,2026-06-27T14:08:31.153Z,XZEXGKN2,2026-06-27,2026-06-27,07:08:31,2026-06-27 07:08:31,,,,,,,,69f01fe044b9a5a944ce98b3,69f01fe044b9a5a944ce98b3,,,,
13866,raw_position_sample,2,2,int,5,2,17,18,74, change ,1072,341,1844803.5000000002,69f01fe044b9a5a944ce98b3,69f01fe044b9a5a944ce98b3,intermediate,2,69f01fe044b9a5a944ce98b3,69f01fe044b9a5a944ce98b3,spotlight_PROLIFIC,,24,mexico,spanish,english,,spanish:60|English:40,100,spanish:65|English:35,100,spanish:50|English:50,100,15,3,Bachelor's,10,10,10,9,10,10,18,20,20,20,TOEFL,110,,,,,25,25,C2,intermediate|advanced,advanced|intermediate,cambridge_22_25_intermediate_advanced,4,20,random,,323.265625,1041.6875,343.265625,1105.75,6,13,,,,,,,,,,,,2026-06-27T14:08:31.153Z,XZEXGKN2,2026-06-27,2026-06-27,07:08:31,2026-06-27 07:08:31,,,,,,,,69f01fe044b9a5a944ce98b3,69f01fe044b9a5a944ce98b3,,,,
13900,hover_association,2,2,int,5,2,17,18,74, change ,1047,341,,69f01fe044b9a5a944ce98b3,69f01fe044b9a5a944ce98b3,intermediate,2,69f01fe044b9a5a944ce98b3,69f01fe044b9a5a944ce98b3,spotlight_PROLIFIC,,24,mexico,spanish,english,,spanish:60|English:40,100,spanish:65|English:35,100,spanish:50|English:50,100,15,3,Bachelor's,10,10,10,9,10,10,18,20,20,20,TOEFL,110,,,,,25,25,C2,intermediate|advanced,advanced|intermediate,cambridge_22_25_intermediate_advanced,4,20,random,,313.265625,1041.6875,353.265625,1105.75,6,13,hover,83.29999999981374,83.29999999981374,0.8478048780487805,0.693359375,80,,,,,,2026-06-27T14:08:31.153Z,XZEXGKN2,2026-06-27,2026-06-27,07:08:31,2026-06-27 07:08:31,,,,,,,,69f01fe044b9a5a944ce98b3,69f01fe044b9a5a944ce98b3,,,,
13916,raw_position_sample,2,2,int,5,2,17,18,75, its ,1111,341,1844854.5000000002,69f01fe044b9a5a944ce98b3,69f01fe044b9a5a944ce98b3,intermediate,2,69f01fe044b9a5a944ce98b3,69f01fe044b9a5a944ce98b3,spotlight_PROLIFIC,,24,mexico,spanish,english,,spanish:60|English:40,100,spanish:65|English:35,100,spanish:50|English:50,100,15,3,Bachelor's,10,10,10,9,10,10,18,20,20,20,TOEFL,110,,,,,25,25,C2,intermediate|advanced,advanced|intermediate,cambridge_22_25_intermediate_advanced,4,20,random,,323.265625,1105.75,343.265625,1128.765625,6,14,,,,,,,,,,,,2026-06-27T14:08:31.153Z,XZEXGKN2,2026-06-27,2026-06-27,07:08:31,2026-06-27 07:08:31,,,,,,,,69f01fe044b9a5a944ce98b3,69f01fe044b9a5a944ce98b3,,,,
13917,hover_association,2,2,int,5,2,17,18,75, its ,1111,341,,69f01fe044b9a5a944ce98b3,69f01fe044b9a5a944ce98b3,intermediate,2,69f01fe044b9a5a944ce98b3,69f01fe044b9a5a944ce98b3,spotlight_PROLIFIC,,24,mexico,spanish,english,,spanish:60|English:40,100,spanish:65|English:35,100,spanish:50|English:50,100,15,3,Bachelor's,10,10,10,9,10,10,18,20,20,20,TOEFL,110,,,,,25,25,C2,intermediate|advanced,advanced|intermediate,cambridge_22_25_intermediate_advanced,4,20,random,,313.265625,1105.75,353.265625,1128.765625,6,14,hover,16.799999999813735,16.799999999813735,0.22810590631364563,0.693359375,80,,,,,,2026-06-27T14:08:31.153Z,XZEXGKN2,2026-06-27,2026-06-27,07:08:31,2026-06-27 07:08:31,,,,,,,,69f01fe044b9a5a944ce98b3,69f01fe044b9a5a944ce98b3,,,,
13956,raw_position_sample,2,2,int,5,2,17,18,76, relations ,1154,342,1844894.4000000001,69f01fe044b9a5a944ce98b3,69f01fe044b9a5a944ce98b3,intermediate,2,69f01fe044b9a5a944ce98b3,69f01fe044b9a5a944ce98b3,spotlight_PROLIFIC,,24,mexico,spanish,english,,spanish:60|English:40,100,spanish:65|English:35,100,spanish:50|English:50,100,15,3,Bachelor's,10,10,10,9,10,10,18,20,20,20,TOEFL,110,,,,,25,25,C2,intermediate|advanced,advanced|intermediate,cambridge_22_25_intermediate_advanced,4,20,random,,323.265625,1128.765625,343.265625,1201.8125,6,15,,,,,,,,,,,,2026-06-27T14:08:31.153Z,XZEXGKN2,2026-06-27,2026-06-27,07:08:31,2026-06-27 07:08:31,,,,,,,,69f01fe044b9a5a944ce98b3,69f01fe044b9a5a944ce98b3,,,,
14004,raw_position_sample,2,2,int,5,2,17,18,76, relations ,1170,343,1844942.4000000001,69f01fe044b9a5a944ce98b3,69f01fe044b9a5a944ce98b3,intermediate,2,69f01fe044b9a5a944ce98b3,69f01fe044b9a5a944ce98b3,spotlight_PROLIFIC,,24,mexico,spanish,english,,spanish:60|English:40,100,spanish:65|English:35,100,spanish:50|English:50,100,15,3,Bachelor's,10,10,10,9,10,10,18,20,20,20,TOEFL,110,,,,,25,25,C2,intermediate|advanced,advanced|intermediate,cambridge_22_25_intermediate_advanced,4,20,random,,323.265625,1128.765625,343.265625,1201.8125,6,15,,,,,,,,,,,,2026-06-27T14:08:31.153Z,XZEXGKN2,2026-06-27,2026-06-27,07:08:31,2026-06-27 07:08:31,,,,,,,,69f01fe044b9a5a944ce98b3,69f01fe044b9a5a944ce98b3,,,,
14067,raw_position_sample,2,2,int,5,2,17,18,76, relations ,1178,346,1845004.5999999999,69f01fe044b9a5a944ce98b3,69f01fe044b9a5a944ce98b3,intermediate,2,69f01fe044b9a5a944ce98b3,69f01fe044b9a5a944ce98b3,spotlight_PROLIFIC,,24,mexico,spanish,english,,spanish:60|English:40,100,spanish:65|English:35,100,spanish:50|English:50,100,15,3,Bachelor's,10,10,10,9,10,10,18,20,20,20,TOEFL,110,,,,,25,25,C2,intermediate|advanced,advanced|intermediate,cambridge_22_25_intermediate_advanced,4,20,random,,323.265625,1128.765625,343.265625,1201.8125,6,15,,,,,,,,,,,,2026-06-27T14:08:31.153Z,XZEXGKN2,2026-06-27,2026-06-27,07:08:31,2026-06-27 07:08:31,,,,,,,,69f01fe044b9a5a944ce98b3,69f01fe044b9a5a944ce98b3,,,,
14117,raw_position_sample,2,2,int,5,2,17,18,76, relations ,1178,346,1845054.5000000002,69f01fe044b9a5a944ce98b3,69f01fe044b9a5a944ce98b3,intermediate,2,69f01fe044b9a5a944ce98b3,69f01fe044b9a5a944ce98b3,spotlight_PROLIFIC,,24,mexico,spanish,english,,spanish:60|English:40,100,spanish:65|English:35,100,spanish:50|English:50,100,15,3,Bachelor's,10,10,10,9,10,10,18,20,20,20,TOEFL,110,,,,,25,25,C2,intermediate|advanced,advanced|intermediate,cambridge_22_25_intermediate_advanced,4,20,random,,323.265625,1128.765625,343.265625,1201.8125,6,15,,,,,,,,,,,,2026-06-27T14:08:31.153Z,XZEXGKN2,2026-06-27,2026-06-27,07:08:31,2026-06-27 07:08:31,,,,,,,,69f01fe044b9a5a944ce98b3,69f01fe044b9a5a944ce98b3,,,,
14165,raw_position_sample,2,2,int,5,2,17,18,76, relations ,1179,347,1845102.8,69f01fe044b9a5a944ce98b3,69f01fe044b9a5a944ce98b3,intermediate,2,69f01fe044b9a5a944ce98b3,69f01fe044b9a5a944ce98b3,spotlight_PROLIFIC,,24,mexico,spanish,english,,spanish:60|English:40,100,spanish:65|English:35,100,spanish:50|English:50,100,15,3,Bachelor's,10,10,10,9,10,10,18,20,20,20,TOEFL,110,,,,,25,25,C2,intermediate|advanced,advanced|intermediate,cambridge_22_25_intermediate_advanced,4,20,random,,323.265625,1128.765625,343.265625,1201.8125,6,15,,,,,,,,,,,,2026-06-27T14:08:31.153Z,XZEXGKN2,2026-06-27,2026-06-27,07:08:31,2026-06-27 07:08:31,,,,,,,,69f01fe044b9a5a944ce98b3,69f01fe044b9a5a944ce98b3,,,,
14204,raw_position_sample,2,2,int,5,2,17,18,76, relations ,1130,347,1845142.5000000002,69f01fe044b9a5a944ce98b3,69f01fe044b9a5a944ce98b3,intermediate,2,69f01fe044b9a5a944ce98b3,69f01fe044b9a5a944ce98b3,spotlight_PROLIFIC,,24,mexico,spanish,english,,spanish:60|English:40,100,spanish:65|English:35,100,spanish:50|English:50,100,15,3,Bachelor's,10,10,10,9,10,10,18,20,20,20,TOEFL,110,,,,,25,25,C2,intermediate|advanced,advanced|intermediate,cambridge_22_25_intermediate_advanced,4,20,random,,323.265625,1128.765625,343.265625,1201.8125,6,15,,,,,,,,,,,,2026-06-27T14:08:31.153Z,XZEXGKN2,2026-06-27,2026-06-27,07:08:31,2026-06-27 07:08:31,,,,,,,,69f01fe044b9a5a944ce98b3,69f01fe044b9a5a944ce98b3,,,,
14217,hover_association,2,2,int,5,2,17,18,76, relations ,1130,341,,69f01fe044b9a5a944ce98b3,69f01fe044b9a5a944ce98b3,intermediate,2,69f01fe044b9a5a944ce98b3,69f01fe044b9a5a944ce98b3,spotlight_PROLIFIC,,24,mexico,spanish,english,,spanish:60|English:40,100,spanish:65|English:35,100,spanish:50|English:50,100,15,3,Bachelor's,10,10,10,9,10,10,18,20,20,20,TOEFL,110,,,,,25,25,C2,intermediate|advanced,advanced|intermediate,cambridge_22_25_intermediate_advanced,4,20,random,,313.265625,1128.765625,353.265625,1201.8125,6,15,hover,299.90000000037253,299.90000000037253,0.016898395721925134,0.843359375,80,,,,,,2026-06-27T14:08:31.153Z,XZEXGKN2,2026-06-27,2026-06-27,07:08:31,2026-06-27 07:08:31,,,,,,,,69f01fe044b9a5a944ce98b3,69f01fe044b9a5a944ce98b3,,,,
14250,hover_association,2,2,int,5,2,17,18,74, change ,1099,346,,69f01fe044b9a5a944ce98b3,69f01fe044b9a5a944ce98b3,intermediate,2,69f01fe044b9a5a944ce98b3,69f01fe044b9a5a944ce98b3,spotlight_PROLIFIC,,24,mexico,spanish,english,,spanish:60|English:40,100,spanish:65|English:35,100,spanish:50|English:50,100,15,3,Bachelor's,10,10,10,9,10,10,18,20,20,20,TOEFL,110,,,,,25,25,C2,intermediate|advanced,advanced|intermediate,cambridge_22_25_intermediate_advanced,4,20,random,,313.265625,1041.6875,353.265625,1105.75,6,13,hover,33.299999999813735,33.299999999813735,0.4575609756097561,0.718359375,80,,,,,,2026-06-27T14:08:31.153Z,XZEXGKN2,2026-06-27,2026-06-27,07:08:31,2026-06-27 07:08:31,,,,,,,,69f01fe044b9a5a944ce98b3,69f01fe044b9a5a944ce98b3,,,,
14253,raw_position_sample,2,2,int,5,2,17,18,73, can ,1038,338,1845190.8,69f01fe044b9a5a944ce98b3,69f01fe044b9a5a944ce98b3,intermediate,2,69f01fe044b9a5a944ce98b3,69f01fe044b9a5a944ce98b3,spotlight_PROLIFIC,,24,mexico,spanish,english,,spanish:60|English:40,100,spanish:65|English:35,100,spanish:50|English:50,100,15,3,Bachelor's,10,10,10,9,10,10,18,20,20,20,TOEFL,110,,,,,25,25,C2,intermediate|advanced,advanced|intermediate,cambridge_22_25_intermediate_advanced,4,20,random,,323.265625,1007.65625,343.265625,1041.6875,6,12,,,,,,,,,,,,2026-06-27T14:08:31.153Z,XZEXGKN2,2026-06-27,2026-06-27,07:08:31,2026-06-27 07:08:31,,,,,,,,69f01fe044b9a5a944ce98b3,69f01fe044b9a5a944ce98b3,,,,
14267,hover_association,2,2,int,5,2,17,18,73, can ,1038,338,,69f01fe044b9a5a944ce98b3,69f01fe044b9a5a944ce98b3,intermediate,2,69f01fe044b9a5a944ce98b3,69f01fe044b9a5a944ce98b3,spotlight_PROLIFIC,,24,mexico,spanish,english,,spanish:60|English:40,100,spanish:65|English:35,100,spanish:50|English:50,100,15,3,Bachelor's,10,10,10,9,10,10,18,20,20,20,TOEFL,110,,,,,25,25,C2,intermediate|advanced,advanced|intermediate,cambridge_22_25_intermediate_advanced,4,20,random,,313.265625,1007.65625,353.265625,1041.6875,6,12,hover,16.799999999813735,16.799999999813735,0.891643709825528,0.618359375,80,,,,,,2026-06-27T14:08:31.153Z,XZEXGKN2,2026-06-27,2026-06-27,07:08:31,2026-06-27 07:08:31,,,,,,,,69f01fe044b9a5a944ce98b3,69f01fe044b9a5a944ce98b3,,,,
14283,hover_association,2,2,int,5,2,17,18,72, drugs ,999,331,,69f01fe044b9a5a944ce98b3,69f01fe044b9a5a944ce98b3,intermediate,2,69f01fe044b9a5a944ce98b3,69f01fe044b9a5a944ce98b3,spotlight_PROLIFIC,,24,mexico,spanish,english,,spanish:60|English:40,100,spanish:65|English:35,100,spanish:50|English:50,100,15,3,Bachelor's,10,10,10,9,10,10,18,20,20,20,TOEFL,110,,,,,25,25,C2,intermediate|advanced,advanced|intermediate,cambridge_22_25_intermediate_advanced,4,20,random,,313.265625,957.625,353.265625,1007.65625,6,11,hover,16.700000000186265,16.700000000186265,0.8269831355402874,0.443359375,80,,,,,,2026-06-27T14:08:31.153Z,XZEXGKN2,2026-06-27,2026-06-27,07:08:31,2026-06-27 07:08:31,,,,,,,,69f01fe044b9a5a944ce98b3,69f01fe044b9a5a944ce98b3,,,,
14300,hover_association,2,2,int,5,2,17,18,71, on ,951,328,,69f01fe044b9a5a944ce98b3,69f01fe044b9a5a944ce98b3,intermediate,2,69f01fe044b9a5a944ce98b3,69f01fe044b9a5a944ce98b3,spotlight_PROLIFIC,,24,mexico,spanish,english,,spanish:60|English:40,100,spanish:65|English:35,100,spanish:50|English:50,100,15,3,Bachelor's,10,10,10,9,10,10,18,20,20,20,TOEFL,110,,,,,25,25,C2,intermediate|advanced,advanced|intermediate,cambridge_22_25_intermediate_advanced,4,20,random,,313.265625,932.59375,353.265625,957.625,6,10,hover,16.600000000093132,16.600000000093132,0.735330836454432,0.368359375,80,,,,,,2026-06-27T14:08:31.153Z,XZEXGKN2,2026-06-27,2026-06-27,07:08:31,2026-06-27 07:08:31,,,,,,,,69f01fe044b9a5a944ce98b3,69f01fe044b9a5a944ce98b3,,,,
14316,raw_position_sample,2,2,int,5,2,17,18,69, the ,893,326,1845253.5999999999,69f01fe044b9a5a944ce98b3,69f01fe044b9a5a944ce98b3,intermediate,2,69f01fe044b9a5a944ce98b3,69f01fe044b9a5a944ce98b3,spotlight_PROLIFIC,,24,mexico,spanish,english,,spanish:60|English:40,100,spanish:65|English:35,100,spanish:50|English:50,100,15,3,Bachelor's,10,10,10,9,10,10,18,20,20,20,TOEFL,110,,,,,25,25,C2,intermediate|advanced,advanced|intermediate,cambridge_22_25_intermediate_advanced,4,20,random,,323.265625,868.546875,343.265625,898.578125,6,8,,,,,,,,,,,,2026-06-27T14:08:31.153Z,XZEXGKN2,2026-06-27,2026-06-27,07:08:31,2026-06-27 07:08:31,,,,,,,,69f01fe044b9a5a944ce98b3,69f01fe044b9a5a944ce98b3,,,,
14317,hover_association,2,2,int,5,2,17,18,69, the ,893,326,,69f01fe044b9a5a944ce98b3,69f01fe044b9a5a944ce98b3,intermediate,2,69f01fe044b9a5a944ce98b3,69f01fe044b9a5a944ce98b3,spotlight_PROLIFIC,,24,mexico,spanish,english,,spanish:60|English:40,100,spanish:65|English:35,100,spanish:50|English:50,100,15,3,Bachelor's,10,10,10,9,10,10,18,20,20,20,TOEFL,110,,,,,25,25,C2,intermediate|advanced,advanced|intermediate,cambridge_22_25_intermediate_advanced,4,20,random,,313.265625,868.546875,353.265625,898.578125,6,8,hover,16.5,16.5,0.8142559833506764,0.318359375,80,,,,,,2026-06-27T14:08:31.153Z,XZEXGKN2,2026-06-27,2026-06-27,07:08:31,2026-06-27 07:08:31,,,,,,,,69f01fe044b9a5a944ce98b3,69f01fe044b9a5a944ce98b3,,,,
14333,hover_association,2,2,int,5,2,17,18,67, up ,826,328,,69f01fe044b9a5a944ce98b3,69f01fe044b9a5a944ce98b3,intermediate,2,69f01fe044b9a5a944ce98b3,69f01fe044b9a5a944ce98b3,spotlight_PROLIFIC,,24,mexico,spanish,english,,spanish:60|English:40,100,spanish:65|English:35,100,spanish:50|English:50,100,15,3,Bachelor's,10,10,10,9,10,10,18,20,20,20,TOEFL,110,,,,,25,25,C2,intermediate|advanced,advanced|intermediate,cambridge_22_25_intermediate_advanced,4,20,random,,313.265625,806.5,353.265625,831.53125,6,6,hover,16.799999999813735,16.799999999813735,0.7790262172284644,0.368359375,80,,,,,,2026-06-27T14:08:31.153Z,XZEXGKN2,2026-06-27,2026-06-27,07:08:31,2026-06-27 07:08:31,,,,,,,,69f01fe044b9a5a944ce98b3,69f01fe044b9a5a944ce98b3,,,,
14350,hover_association,2,2,int,5,2,17,18,66, fed ,783,332,,69f01fe044b9a5a944ce98b3,69f01fe044b9a5a944ce98b3,intermediate,2,69f01fe044b9a5a944ce98b3,69f01fe044b9a5a944ce98b3,spotlight_PROLIFIC,,24,mexico,spanish,english,,spanish:60|English:40,100,spanish:65|English:35,100,spanish:50|English:50,100,15,3,Bachelor's,10,10,10,9,10,10,18,20,20,20,TOEFL,110,,,,,25,25,C2,intermediate|advanced,advanced|intermediate,cambridge_22_25_intermediate_advanced,4,20,random,,313.265625,776.46875,353.265625,806.5,6,5,hover,16.600000000093132,16.600000000093132,0.21748178980228927,0.468359375,80,,,,,,2026-06-27T14:08:31.153Z,XZEXGKN2,2026-06-27,2026-06-27,07:08:31,2026-06-27 07:08:31,,,,,,,,69f01fe044b9a5a944ce98b3,69f01fe044b9a5a944ce98b3,,,,
14356,raw_position_sample,2,2,int,5,2,17,18,64, that ,746,335,1845294.5000000002,69f01fe044b9a5a944ce98b3,69f01fe044b9a5a944ce98b3,intermediate,2,69f01fe044b9a5a944ce98b3,69f01fe044b9a5a944ce98b3,spotlight_PROLIFIC,,24,mexico,spanish,english,,spanish:60|English:40,100,spanish:65|English:35,100,spanish:50|English:50,100,15,3,Bachelor's,10,10,10,9,10,10,18,20,20,20,TOEFL,110,,,,,25,25,C2,intermediate|advanced,advanced|intermediate,cambridge_22_25_intermediate_advanced,4,20,random,,323.265625,723.4375,343.265625,758.46875,6,3,,,,,,,,,,,,2026-06-27T14:08:31.153Z,XZEXGKN2,2026-06-27,2026-06-27,07:08:31,2026-06-27 07:08:31,,,,,,,,69f01fe044b9a5a944ce98b3,69f01fe044b9a5a944ce98b3,,,,
14367,hover_association,2,2,int,5,2,17,18,64, that ,746,335,,69f01fe044b9a5a944ce98b3,69f01fe044b9a5a944ce98b3,intermediate,2,69f01fe044b9a5a944ce98b3,69f01fe044b9a5a944ce98b3,spotlight_PROLIFIC,,24,mexico,spanish,english,,spanish:60|English:40,100,spanish:65|English:35,100,spanish:50|English:50,100,15,3,Bachelor's,10,10,10,9,10,10,18,20,20,20,TOEFL,110,,,,,25,25,C2,intermediate|advanced,advanced|intermediate,cambridge_22_25_intermediate_advanced,4,20,random,,313.265625,723.4375,353.265625,758.46875,6,3,hover,16.799999999813735,16.799999999813735,0.6440677966101694,0.543359375,80,,,,,,2026-06-27T14:08:31.153Z,XZEXGKN2,2026-06-27,2026-06-27,07:08:31,2026-06-27 07:08:31,,,,,,,,69f01fe044b9a5a944ce98b3,69f01fe044b9a5a944ce98b3,,,,
14400,hover_association,2,2,int,5,2,17,18,63, country ,713,336,,69f01fe044b9a5a944ce98b3,69f01fe044b9a5a944ce98b3,intermediate,2,69f01fe044b9a5a944ce98b3,69f01fe044b9a5a944ce98b3,spotlight_PROLIFIC,,24,mexico,spanish,english,,spanish:60|English:40,100,spanish:65|English:35,100,spanish:50|English:50,100,15,3,Bachelor's,10,10,10,9,10,10,18,20,20,20,TOEFL,110,,,,,25,25,C2,intermediate|advanced,advanced|intermediate,cambridge_22_25_intermediate_advanced,4,20,random,,313.265625,659.40625,353.265625,723.4375,6,2,hover,33.3000000002794,33.3000000002794,0.1810639336261591,0.593359375,80,,,,,,2026-06-27T14:08:31.153Z,XZEXGKN2,2026-06-27,2026-06-27,07:08:31,2026-06-27 07:08:31,,,,,,,,69f01fe044b9a5a944ce98b3,69f01fe044b9a5a944ce98b3,,,,
14404,raw_position_sample,2,2,int,5,2,17,18,62, any ,634,339,1845342.4000000001,69f01fe044b9a5a944ce98b3,69f01fe044b9a5a944ce98b3,intermediate,2,69f01fe044b9a5a944ce98b3,69f01fe044b9a5a944ce98b3,spotlight_PROLIFIC,,24,mexico,spanish,english,,spanish:60|English:40,100,spanish:65|English:35,100,spanish:50|English:50,100,15,3,Bachelor's,10,10,10,9,10,10,18,20,20,20,TOEFL,110,,,,,25,25,C2,intermediate|advanced,advanced|intermediate,cambridge_22_25_intermediate_advanced,4,20,random,,323.265625,625.375,343.265625,659.40625,6,1,,,,,,,,,,,,2026-06-27T14:08:31.153Z,XZEXGKN2,2026-06-27,2026-06-27,07:08:31,2026-06-27 07:08:31,,,,,,,,69f01fe044b9a5a944ce98b3,69f01fe044b9a5a944ce98b3,,,,
14417,hover_association,2,2,int,5,2,17,18,62, any ,634,339,,69f01fe044b9a5a944ce98b3,69f01fe044b9a5a944ce98b3,intermediate,2,69f01fe044b9a5a944ce98b3,69f01fe044b9a5a944ce98b3,spotlight_PROLIFIC,,24,mexico,spanish,english,,spanish:60|English:40,100,spanish:65|English:35,100,spanish:50|English:50,100,15,3,Bachelor's,10,10,10,9,10,10,18,20,20,20,TOEFL,110,,,,,25,25,C2,intermediate|advanced,advanced|intermediate,cambridge_22_25_intermediate_advanced,4,20,random,,313.265625,625.375,353.265625,659.40625,6,1,hover,16.600000000093132,16.600000000093132,0.2534435261707989,0.643359375,80,,,,,,2026-06-27T14:08:31.153Z,XZEXGKN2,2026-06-27,2026-06-27,07:08:31,2026-06-27 07:08:31,,,,,,,,69f01fe044b9a5a944ce98b3,69f01fe044b9a5a944ce98b3,,,,
14453,raw_position_sample,2,2,int,5,2,17,18,-1,999,593,343,1845390.7,69f01fe044b9a5a944ce98b3,69f01fe044b9a5a944ce98b3,intermediate,2,69f01fe044b9a5a944ce98b3,69f01fe044b9a5a944ce98b3,spotlight_PROLIFIC,,24,mexico,spanish,english,,spanish:60|English:40,100,spanish:65|English:35,100,spanish:50|English:50,100,15,3,Bachelor's,10,10,10,9,10,10,18,20,20,20,TOEFL,110,,,,,25,25,C2,intermediate|advanced,advanced|intermediate,cambridge_22_25_intermediate_advanced,4,20,random,,,,,,,,,,,,,,,,,,,2026-06-27T14:08:31.153Z,XZEXGKN2,2026-06-27,2026-06-27,07:08:31,2026-06-27 07:08:31,,,,,,,,69f01fe044b9a5a944ce98b3,69f01fe044b9a5a944ce98b3,,,,
14516,raw_position_sample,2,2,int,5,2,17,18,-1,999,586,352,1845453.5999999999,69f01fe044b9a5a944ce98b3,69f01fe044b9a5a944ce98b3,intermediate,2,69f01fe044b9a5a944ce98b3,69f01fe044b9a5a944ce98b3,spotlight_PROLIFIC,,24,mexico,spanish,english,,spanish:60|English:40,100,spanish:65|English:35,100,spanish:50|English:50,100,15,3,Bachelor's,10,10,10,9,10,10,18,20,20,20,TOEFL,110,,,,,25,25,C2,intermediate|advanced,advanced|intermediate,cambridge_22_25_intermediate_advanced,4,20,random,,,,,,,,,,,,,,,,,,,2026-06-27T14:08:31.153Z,XZEXGKN2,2026-06-27,2026-06-27,07:08:31,2026-06-27 07:08:31,,,,,,,,69f01fe044b9a5a944ce98b3,69f01fe044b9a5a944ce98b3,,,,
14556,raw_position_sample,2,2,int,5,2,17,18,-1,999,585,358,1845494.2,69f01fe044b9a5a944ce98b3,69f01fe044b9a5a944ce98b3,intermediate,2,69f01fe044b9a5a944ce98b3,69f01fe044b9a5a944ce98b3,spotlight_PROLIFIC,,24,mexico,spanish,english,,spanish:60|English:40,100,spanish:65|English:35,100,spanish:50|English:50,100,15,3,Bachelor's,10,10,10,9,10,10,18,20,20,20,TOEFL,110,,,,,25,25,C2,intermediate|advanced,advanced|intermediate,cambridge_22_25_intermediate_advanced,4,20,random,,,,,,,,,,,,,,,,,,,2026-06-27T14:08:31.153Z,XZEXGKN2,2026-06-27,2026-06-27,07:08:31,2026-06-27 07:08:31,,,,,,,,69f01fe044b9a5a944ce98b3,69f01fe044b9a5a944ce98b3,,,,
14604,raw_position_sample,2,2,int,5,2,17,18,-1,999,587,364,1845542.3,69f01fe044b9a5a944ce98b3,69f01fe044b9a5a944ce98b3,intermediate,2,69f01fe044b9a5a944ce98b3,69f01fe044b9a5a944ce98b3,spotlight_PROLIFIC,,24,mexico,spanish,english,,spanish:60|English:40,100,spanish:65|English:35,100,spanish:50|English:50,100,15,3,Bachelor's,10,10,10,9,10,10,18,20,20,20,TOEFL,110,,,,,25,25,C2,intermediate|advanced,advanced|intermediate,cambridge_22_25_intermediate_advanced,4,20,random,,,,,,,,,,,,,,,,,,,2026-06-27T14:08:31.153Z,XZEXGKN2,2026-06-27,2026-06-27,07:08:31,2026-06-27 07:08:31,,,,,,,,69f01fe044b9a5a944ce98b3,69f01fe044b9a5a944ce98b3,,,,
14665,raw_position_sample,2,2,int,5,2,17,18,-1,999,596,371,1845603.5000000002,69f01fe044b9a5a944ce98b3,69f01fe044b9a5a944ce98b3,intermediate,2,69f01fe044b9a5a944ce98b3,69f01fe044b9a5a944ce98b3,spotlight_PROLIFIC,,24,mexico,spanish,english,,spanish:60|English:40,100,spanish:65|English:35,100,spanish:50|English:50,100,15,3,Bachelor's,10,10,10,9,10,10,18,20,20,20,TOEFL,110,,,,,25,25,C2,intermediate|advanced,advanced|intermediate,cambridge_22_25_intermediate_advanced,4,20,random,,,,,,,,,,,,,,,,,,,2026-06-27T14:08:31.153Z,XZEXGKN2,2026-06-27,2026-06-27,07:08:31,2026-06-27 07:08:31,,,,,,,,69f01fe044b9a5a944ce98b3,69f01fe044b9a5a944ce98b3,,,,
14715,raw_position_sample,2,2,int,5,2,17,18,-1,999,609,375,1845652.8,69f01fe044b9a5a944ce98b3,69f01fe044b9a5a944ce98b3,intermediate,2,69f01fe044b9a5a944ce98b3,69f01fe044b9a5a944ce98b3,spotlight_PROLIFIC,,24,mexico,spanish,english,,spanish:60|English:40,100,spanish:65|English:35,100,spanish:50|English:50,100,15,3,Bachelor's,10,10,10,9,10,10,18,20,20,20,TOEFL,110,,,,,25,25,C2,intermediate|advanced,advanced|intermediate,cambridge_22_25_intermediate_advanced,4,20,random,,,,,,,,,,,,,,,,,,,2026-06-27T14:08:31.153Z,XZEXGKN2,2026-06-27,2026-06-27,07:08:31,2026-06-27 07:08:31,,,,,,,,69f01fe044b9a5a944ce98b3,69f01fe044b9a5a944ce98b3,,,,
14756,raw_position_sample,2,2,int,5,2,17,18,79, UN ,627,377,1845694.4000000001,69f01fe044b9a5a944ce98b3,69f01fe044b9a5a944ce98b3,intermediate,2,69f01fe044b9a5a944ce98b3,69f01fe044b9a5a944ce98b3,spotlight_PROLIFIC,,24,mexico,spanish,english,,spanish:60|English:40,100,spanish:65|English:35,100,spanish:50|English:50,100,15,3,Bachelor's,10,10,10,9,10,10,18,20,20,20,TOEFL,110,,,,,25,25,C2,intermediate|advanced,advanced|intermediate,cambridge_22_25_intermediate_advanced,4,20,random,,363.265625,625.375,383.265625,656.375,7,1,,,,,,,,,,,,2026-06-27T14:08:31.153Z,XZEXGKN2,2026-06-27,2026-06-27,07:08:31,2026-06-27 07:08:31,,,,,,,,69f01fe044b9a5a944ce98b3,69f01fe044b9a5a944ce98b3,,,,
14804,raw_position_sample,2,2,int,5,2,17,18,79, UN ,653,377,1845742.3,69f01fe044b9a5a944ce98b3,69f01fe044b9a5a944ce98b3,intermediate,2,69f01fe044b9a5a944ce98b3,69f01fe044b9a5a944ce98b3,spotlight_PROLIFIC,,24,mexico,spanish,english,,spanish:60|English:40,100,spanish:65|English:35,100,spanish:50|English:50,100,15,3,Bachelor's,10,10,10,9,10,10,18,20,20,20,TOEFL,110,,,,,25,25,C2,intermediate|advanced,advanced|intermediate,cambridge_22_25_intermediate_advanced,4,20,random,,363.265625,625.375,383.265625,656.375,7,1,,,,,,,,,,,,2026-06-27T14:08:31.153Z,XZEXGKN2,2026-06-27,2026-06-27,07:08:31,2026-06-27 07:08:31,,,,,,,,69f01fe044b9a5a944ce98b3,69f01fe044b9a5a944ce98b3,,,,
14817,hover_association,2,2,int,5,2,17,18,79, UN ,627,377,,69f01fe044b9a5a944ce98b3,69f01fe044b9a5a944ce98b3,intermediate,2,69f01fe044b9a5a944ce98b3,69f01fe044b9a5a944ce98b3,spotlight_PROLIFIC,,24,mexico,spanish,english,,spanish:60|English:40,100,spanish:65|English:35,100,spanish:50|English:50,100,15,3,Bachelor's,10,10,10,9,10,10,18,20,20,20,TOEFL,110,,,,,25,25,C2,intermediate|advanced,advanced|intermediate,cambridge_22_25_intermediate_advanced,4,20,random,,353.265625,625.375,393.265625,656.375,7,1,hover,66.60000000009313,66.60000000009313,0.8911290322580645,0.593359375,80,,,,,,2026-06-27T14:08:31.153Z,XZEXGKN2,2026-06-27,2026-06-27,07:08:31,2026-06-27 07:08:31,,,,,,,,69f01fe044b9a5a944ce98b3,69f01fe044b9a5a944ce98b3,,,,
14865,raw_position_sample,2,2,int,5,2,17,18,80, conventions.” ,672,379,1845803.4000000001,69f01fe044b9a5a944ce98b3,69f01fe044b9a5a944ce98b3,intermediate,2,69f01fe044b9a5a944ce98b3,69f01fe044b9a5a944ce98b3,spotlight_PROLIFIC,,24,mexico,spanish,english,,spanish:60|English:40,100,spanish:65|English:35,100,spanish:50|English:50,100,15,3,Bachelor's,10,10,10,9,10,10,18,20,20,20,TOEFL,110,,,,,25,25,C2,intermediate|advanced,advanced|intermediate,cambridge_22_25_intermediate_advanced,4,20,random,,363.265625,656.375,383.265625,763.4375,7,2,,,,,,,,,,,,2026-06-27T14:08:31.153Z,XZEXGKN2,2026-06-27,2026-06-27,07:08:31,2026-06-27 07:08:31,,,,,,,,69f01fe044b9a5a944ce98b3,69f01fe044b9a5a944ce98b3,,,,
14917,raw_position_sample,2,2,int,5,2,17,18,80, conventions.” ,719,381,1845855.4000000001,69f01fe044b9a5a944ce98b3,69f01fe044b9a5a944ce98b3,intermediate,2,69f01fe044b9a5a944ce98b3,69f01fe044b9a5a944ce98b3,spotlight_PROLIFIC,,24,mexico,spanish,english,,spanish:60|English:40,100,spanish:65|English:35,100,spanish:50|English:50,100,15,3,Bachelor's,10,10,10,9,10,10,18,20,20,20,TOEFL,110,,,,,25,25,C2,intermediate|advanced,advanced|intermediate,cambridge_22_25_intermediate_advanced,4,20,random,,363.265625,656.375,383.265625,763.4375,7,2,,,,,,,,,,,,2026-06-27T14:08:31.153Z,XZEXGKN2,2026-06-27,2026-06-27,07:08:31,2026-06-27 07:08:31,,,,,,,,69f01fe044b9a5a944ce98b3,69f01fe044b9a5a944ce98b3,,,,
14956,raw_position_sample,2,2,int,5,2,17,18,80, conventions.” ,740,384,1845894.3,69f01fe044b9a5a944ce98b3,69f01fe044b9a5a944ce98b3,intermediate,2,69f01fe044b9a5a944ce98b3,69f01fe044b9a5a944ce98b3,spotlight_PROLIFIC,,24,mexico,spanish,english,,spanish:60|English:40,100,spanish:65|English:35,100,spanish:50|English:50,100,15,3,Bachelor's,10,10,10,9,10,10,18,20,20,20,TOEFL,110,,,,,25,25,C2,intermediate|advanced,advanced|intermediate,cambridge_22_25_intermediate_advanced,4,20,random,,363.265625,656.375,383.265625,763.4375,7,2,,,,,,,,,,,,2026-06-27T14:08:31.153Z,XZEXGKN2,2026-06-27,2026-06-27,07:08:31,2026-06-27 07:08:31,,,,,,,,69f01fe044b9a5a944ce98b3,69f01fe044b9a5a944ce98b3,,,,
15000,hover_association,2,2,int,5,2,17,18,80, conventions.” ,660,378,,69f01fe044b9a5a944ce98b3,69f01fe044b9a5a944ce98b3,intermediate,2,69f01fe044b9a5a944ce98b3,69f01fe044b9a5a944ce98b3,spotlight_PROLIFIC,,24,mexico,spanish,english,,spanish:60|English:40,100,spanish:65|English:35,100,spanish:50|English:50,100,15,3,Bachelor's,10,10,10,9,10,10,18,20,20,20,TOEFL,110,,,,,25,25,C2,intermediate|advanced,advanced|intermediate,cambridge_22_25_intermediate_advanced,4,20,random,,353.265625,656.375,393.265625,767.0837053571429,7,2,hover,183.29999999981374,183.29999999981374,0.9811784868188917,0.843359375,80,,,,,,2026-06-27T14:08:31.153Z,XZEXGKN2,2026-06-27,2026-06-27,07:08:31,2026-06-27 07:08:31,,,,,,,,69f01fe044b9a5a944ce98b3,69f01fe044b9a5a944ce98b3,,,,
15004,raw_position_sample,2,2,int,5,2,17,18,-1,999,775,387,1845942.3,69f01fe044b9a5a944ce98b3,69f01fe044b9a5a944ce98b3,intermediate,2,69f01fe044b9a5a944ce98b3,69f01fe044b9a5a944ce98b3,spotlight_PROLIFIC,,24,mexico,spanish,english,,spanish:60|English:40,100,spanish:65|English:35,100,spanish:50|English:50,100,15,3,Bachelor's,10,10,10,9,10,10,18,20,20,20,TOEFL,110,,,,,25,25,C2,intermediate|advanced,advanced|intermediate,cambridge_22_25_intermediate_advanced,4,20,random,,,,,,,,,,,,,,,,,,,2026-06-27T14:08:31.153Z,XZEXGKN2,2026-06-27,2026-06-27,07:08:31,2026-06-27 07:08:31,,,,,,,,69f01fe044b9a5a944ce98b3,69f01fe044b9a5a944ce98b3,,,,
15065,raw_position_sample,2,2,int,5,2,17,18,-1,999,800,387,1846003.4000000001,69f01fe044b9a5a944ce98b3,69f01fe044b9a5a944ce98b3,intermediate,2,69f01fe044b9a5a944ce98b3,69f01fe044b9a5a944ce98b3,spotlight_PROLIFIC,,24,mexico,spanish,english,,spanish:60|English:40,100,spanish:65|English:35,100,spanish:50|English:50,100,15,3,Bachelor's,10,10,10,9,10,10,18,20,20,20,TOEFL,110,,,,,25,25,C2,intermediate|advanced,advanced|intermediate,cambridge_22_25_intermediate_advanced,4,20,random,,,,,,,,,,,,,,,,,,,2026-06-27T14:08:31.153Z,XZEXGKN2,2026-06-27,2026-06-27,07:08:31,2026-06-27 07:08:31,,,,,,,,69f01fe044b9a5a944ce98b3,69f01fe044b9a5a944ce98b3,,,,
15116,raw_position_sample,2,2,int,5,2,17,18,-1,999,836,395,1846053.8,69f01fe044b9a5a944ce98b3,69f01fe044b9a5a944ce98b3,intermediate,2,69f01fe044b9a5a944ce98b3,69f01fe044b9a5a944ce98b3,spotlight_PROLIFIC,,24,mexico,spanish,english,,spanish:60|English:40,100,spanish:65|English:35,100,spanish:50|English:50,100,15,3,Bachelor's,10,10,10,9,10,10,18,20,20,20,TOEFL,110,,,,,25,25,C2,intermediate|advanced,advanced|intermediate,cambridge_22_25_intermediate_advanced,4,20,random,,,,,,,,,,,,,,,,,,,2026-06-27T14:08:31.153Z,XZEXGKN2,2026-06-27,2026-06-27,07:08:31,2026-06-27 07:08:31,,,,,,,,69f01fe044b9a5a944ce98b3,69f01fe044b9a5a944ce98b3,,,,
15156,raw_position_sample,2,2,int,5,2,17,18,-1,999,852,406,1846094.0000000002,69f01fe044b9a5a944ce98b3,69f01fe044b9a5a944ce98b3,intermediate,2,69f01fe044b9a5a944ce98b3,69f01fe044b9a5a944ce98b3,spotlight_PROLIFIC,,24,mexico,spanish,english,,spanish:60|English:40,100,spanish:65|English:35,100,spanish:50|English:50,100,15,3,Bachelor's,10,10,10,9,10,10,18,20,20,20,TOEFL,110,,,,,25,25,C2,intermediate|advanced,advanced|intermediate,cambridge_22_25_intermediate_advanced,4,20,random,,,,,,,,,,,,,,,,,,,2026-06-27T14:08:31.153Z,XZEXGKN2,2026-06-27,2026-06-27,07:08:31,2026-06-27 07:08:31,,,,,,,,69f01fe044b9a5a944ce98b3,69f01fe044b9a5a944ce98b3,,,,
15204,raw_position_sample,2,2,int,5,2,17,18,-1,999,859,410,1846142.0999999999,69f01fe044b9a5a944ce98b3,69f01fe044b9a5a944ce98b3,intermediate,2,69f01fe044b9a5a944ce98b3,69f01fe044b9a5a944ce98b3,spotlight_PROLIFIC,,24,mexico,spanish,english,,spanish:60|English:40,100,spanish:65|English:35,100,spanish:50|English:50,100,15,3,Bachelor's,10,10,10,9,10,10,18,20,20,20,TOEFL,110,,,,,25,25,C2,intermediate|advanced,advanced|intermediate,cambridge_22_25_intermediate_advanced,4,20,random,,,,,,,,,,,,,,,,,,,2026-06-27T14:08:31.153Z,XZEXGKN2,2026-06-27,2026-06-27,07:08:31,2026-06-27 07:08:31,,,,,,,,69f01fe044b9a5a944ce98b3,69f01fe044b9a5a944ce98b3,,,,
15260,raw_position_sample,2,2,int,5,2,17,18,-1,999,859,410,1846198.2,69f01fe044b9a5a944ce98b3,69f01fe044b9a5a944ce98b3,intermediate,2,69f01fe044b9a5a944ce98b3,69f01fe044b9a5a944ce98b3,spotlight_PROLIFIC,,24,mexico,spanish,english,,spanish:60|English:40,100,spanish:65|English:35,100,spanish:50|English:50,100,15,3,Bachelor's,10,10,10,9,10,10,18,20,20,20,TOEFL,110,,,,,25,25,C2,intermediate|advanced,advanced|intermediate,cambridge_22_25_intermediate_advanced,4,20,random,,,,,,,,,,,,,,,,,,,2026-06-27T14:08:31.153Z,XZEXGKN2,2026-06-27,2026-06-27,07:08:31,2026-06-27 07:08:31,,,,,,,,69f01fe044b9a5a944ce98b3,69f01fe044b9a5a944ce98b3,,,,
15316,raw_position_sample,2,2,int,5,2,17,18,-1,999,859,410,1846253.8,69f01fe044b9a5a944ce98b3,69f01fe044b9a5a944ce98b3,intermediate,2,69f01fe044b9a5a944ce98b3,69f01fe044b9a5a944ce98b3,spotlight_PROLIFIC,,24,mexico,spanish,english,,spanish:60|English:40,100,spanish:65|English:35,100,spanish:50|English:50,100,15,3,Bachelor's,10,10,10,9,10,10,18,20,20,20,TOEFL,110,,,,,25,25,C2,intermediate|advanced,advanced|intermediate,cambridge_22_25_intermediate_advanced,4,20,random,,,,,,,,,,,,,,,,,,,2026-06-27T14:08:31.153Z,XZEXGKN2,2026-06-27,2026-06-27,07:08:31,2026-06-27 07:08:31,,,,,,,,69f01fe044b9a5a944ce98b3,69f01fe044b9a5a944ce98b3,,,,
15364,raw_position_sample,2,2,int,5,2,17,18,-1,999,859,410,1846302.3,69f01fe044b9a5a944ce98b3,69f01fe044b9a5a944ce98b3,intermediate,2,69f01fe044b9a5a944ce98b3,69f01fe044b9a5a944ce98b3,spotlight_PROLIFIC,,24,mexico,spanish,english,,spanish:60|English:40,100,spanish:65|English:35,100,spanish:50|English:50,100,15,3,Bachelor's,10,10,10,9,10,10,18,20,20,20,TOEFL,110,,,,,25,25,C2,intermediate|advanced,advanced|intermediate,cambridge_22_25_intermediate_advanced,4,20,random,,,,,,,,,,,,,,,,,,,2026-06-27T14:08:31.153Z,XZEXGKN2,2026-06-27,2026-06-27,07:08:31,2026-06-27 07:08:31,,,,,,,,69f01fe044b9a5a944ce98b3,69f01fe044b9a5a944ce98b3,,,,
15404,raw_position_sample,2,2,int,5,2,17,18,-1,999,859,410,1846342.2,69f01fe044b9a5a944ce98b3,69f01fe044b9a5a944ce98b3,intermediate,2,69f01fe044b9a5a944ce98b3,69f01fe044b9a5a944ce98b3,spotlight_PROLIFIC,,24,mexico,spanish,english,,spanish:60|English:40,100,spanish:65|English:35,100,spanish:50|English:50,100,15,3,Bachelor's,10,10,10,9,10,10,18,20,20,20,TOEFL,110,,,,,25,25,C2,intermediate|advanced,advanced|intermediate,cambridge_22_25_intermediate_advanced,4,20,random,,,,,,,,,,,,,,,,,,,2026-06-27T14:08:31.153Z,XZEXGKN2,2026-06-27,2026-06-27,07:08:31,2026-06-27 07:08:31,,,,,,,,69f01fe044b9a5a944ce98b3,69f01fe044b9a5a944ce98b3,,,,
15460,raw_position_sample,2,2,int,5,2,17,18,-1,999,859,410,1846398.0999999999,69f01fe044b9a5a944ce98b3,69f01fe044b9a5a944ce98b3,intermediate,2,69f01fe044b9a5a944ce98b3,69f01fe044b9a5a944ce98b3,spotlight_PROLIFIC,,24,mexico,spanish,english,,spanish:60|English:40,100,spanish:65|English:35,100,spanish:50|English:50,100,15,3,Bachelor's,10,10,10,9,10,10,18,20,20,20,TOEFL,110,,,,,25,25,C2,intermediate|advanced,advanced|intermediate,cambridge_22_25_intermediate_advanced,4,20,random,,,,,,,,,,,,,,,,,,,2026-06-27T14:08:31.153Z,XZEXGKN2,2026-06-27,2026-06-27,07:08:31,2026-06-27 07:08:31,,,,,,,,69f01fe044b9a5a944ce98b3,69f01fe044b9a5a944ce98b3,,,,
15508,raw_position_sample,2,2,int,5,2,17,18,-1,999,859,410,1846446.0999999999,69f01fe044b9a5a944ce98b3,69f01fe044b9a5a944ce98b3,intermediate,2,69f01fe044b9a5a944ce98b3,69f01fe044b9a5a944ce98b3,spotlight_PROLIFIC,,24,mexico,spanish,english,,spanish:60|English:40,100,spanish:65|English:35,100,spanish:50|English:50,100,15,3,Bachelor's,10,10,10,9,10,10,18,20,20,20,TOEFL,110,,,,,25,25,C2,intermediate|advanced,advanced|intermediate,cambridge_22_25_intermediate_advanced,4,20,random,,,,,,,,,,,,,,,,,,,2026-06-27T14:08:31.153Z,XZEXGKN2,2026-06-27,2026-06-27,07:08:31,2026-06-27 07:08:31,,,,,,,,69f01fe044b9a5a944ce98b3,69f01fe044b9a5a944ce98b3,,,,
15565,raw_position_sample,2,2,int,5,2,17,18,-1,999,859,410,1846503.5999999999,69f01fe044b9a5a944ce98b3,69f01fe044b9a5a944ce98b3,intermediate,2,69f01fe044b9a5a944ce98b3,69f01fe044b9a5a944ce98b3,spotlight_PROLIFIC,,24,mexico,spanish,english,,spanish:60|English:40,100,spanish:65|English:35,100,spanish:50|English:50,100,15,3,Bachelor's,10,10,10,9,10,10,18,20,20,20,TOEFL,110,,,,,25,25,C2,intermediate|advanced,advanced|intermediate,cambridge_22_25_intermediate_advanced,4,20,random,,,,,,,,,,,,,,,,,,,2026-06-27T14:08:31.153Z,XZEXGKN2,2026-06-27,2026-06-27,07:08:31,2026-06-27 07:08:31,,,,,,,,69f01fe044b9a5a944ce98b3,69f01fe044b9a5a944ce98b3,,,,
15615,raw_position_sample,2,2,int,5,2,17,18,-1,999,859,410,1846553.0000000002,69f01fe044b9a5a944ce98b3,69f01fe044b9a5a944ce98b3,intermediate,2,69f01fe044b9a5a944ce98b3,69f01fe044b9a5a944ce98b3,spotlight_PROLIFIC,,24,mexico,spanish,english,,spanish:60|English:40,100,spanish:65|English:35,100,spanish:50|English:50,100,15,3,Bachelor's,10,10,10,9,10,10,18,20,20,20,TOEFL,110,,,,,25,25,C2,intermediate|advanced,advanced|intermediate,cambridge_22_25_intermediate_advanced,4,20,random,,,,,,,,,,,,,,,,,,,2026-06-27T14:08:31.153Z,XZEXGKN2,2026-06-27,2026-06-27,07:08:31,2026-06-27 07:08:31,,,,,,,,69f01fe044b9a5a944ce98b3,69f01fe044b9a5a944ce98b3,,,,
15665,raw_position_sample,2,2,int,5,2,17,18,-1,999,859,410,1846602.5999999999,69f01fe044b9a5a944ce98b3,69f01fe044b9a5a944ce98b3,intermediate,2,69f01fe044b9a5a944ce98b3,69f01fe044b9a5a944ce98b3,spotlight_PROLIFIC,,24,mexico,spanish,english,,spanish:60|English:40,100,spanish:65|English:35,100,spanish:50|English:50,100,15,3,Bachelor's,10,10,10,9,10,10,18,20,20,20,TOEFL,110,,,,,25,25,C2,intermediate|advanced,advanced|intermediate,cambridge_22_25_intermediate_advanced,4,20,random,,,,,,,,,,,,,,,,,,,2026-06-27T14:08:31.153Z,XZEXGKN2,2026-06-27,2026-06-27,07:08:31,2026-06-27 07:08:31,,,,,,,,69f01fe044b9a5a944ce98b3,69f01fe044b9a5a944ce98b3,,,,
15716,raw_position_sample,2,2,int,5,2,17,18,-1,999,859,410,1846654.0000000002,69f01fe044b9a5a944ce98b3,69f01fe044b9a5a944ce98b3,intermediate,2,69f01fe044b9a5a944ce98b3,69f01fe044b9a5a944ce98b3,spotlight_PROLIFIC,,24,mexico,spanish,english,,spanish:60|English:40,100,spanish:65|English:35,100,spanish:50|English:50,100,15,3,Bachelor's,10,10,10,9,10,10,18,20,20,20,TOEFL,110,,,,,25,25,C2,intermediate|advanced,advanced|intermediate,cambridge_22_25_intermediate_advanced,4,20,random,,,,,,,,,,,,,,,,,,,2026-06-27T14:08:31.153Z,XZEXGKN2,2026-06-27,2026-06-27,07:08:31,2026-06-27 07:08:31,,,,,,,,69f01fe044b9a5a944ce98b3,69f01fe044b9a5a944ce98b3,,,,
41765,,,,int,5,2,17,,,,,,,69f01fe044b9a5a944ce98b3,69f01fe044b9a5a944ce98b3,,,69f01fe044b9a5a944ce98b3,69f01fe044b9a5a944ce98b3,spotlight_PROLIFIC,,24,mexico,spanish,english,,spanish:60|English:40,100,spanish:65|English:35,100,spanish:50|English:50,100,15,3,Bachelor's,10,10,10,9,10,10,18,20,20,20,TOEFL,110,,,,,25,25,C2,intermediate|advanced,advanced|intermediate,cambridge_22_25_intermediate_advanced,4,20,random,,,,,,,,,,,,,,Because it protects the rights of the people native to the land,1,,,,2026-06-27T14:08:31.153Z,XZEXGKN2,2026-06-27,2026-06-27,07:08:31,2026-06-27 07:08:31,,,,,,,,69f01fe044b9a5a944ce98b3,69f01fe044b9a5a944ce98b3,,,,
