responseTime,recordType,Experiment,Condition,onestop_level,onestop_article_number,onestop_paragraph_number,ItemId,presentation_order,Index,Word,mousePositionX,mousePositionY,sampleTimeMs,SubjectId,SubjectID,onestop_block_level,onestop_paragraph_index,ProlificId,ProlificID,study_key,source,demo_age,demo_country,demo_native_language,demo_other_languages,demo_other_languages_parsed,demo_exposure_pcts,demo_exposure_total_pct,demo_read_pcts,demo_read_total_pct,demo_speak_pcts,demo_speak_total_pct,demo_formal_education_years,demo_years_current_institution,demo_highest_education,demo_native_speaking,demo_native_understanding,demo_native_reading,demo_english_speaking,demo_english_understanding,demo_english_reading,demo_english_acquire_start_age,demo_english_fluent_age,demo_english_read_start_age,demo_english_read_fluent_age,demo_other_english_test,demo_other_english_test_score,cambridge_item,cambridge_selected,cambridge_correct_answer,cambridge_item_correct,cambridge_score,cambridge_max,cambridge_cefr,onestop_level_pair,onestop_level_block_order,onestop_level_assignment_rule,onestop_reading_article_count,onestop_reading_trial_count,onestop_article_selection_mode,onestop_manual_article_numbers,revealMode,clickDurationMs,hoverDurationMs,relativeXInWord,relativeYInWord,totalWordsInItem,wordPositionTop,wordPositionLeft,wordPositionBottom,wordPositionRight,line_number,position_in_line,response,response_correct,prolific_pid,prolific_study_id,prolific_session_id,experiment_start_time,ParticipantId,experiment_start_date,experiment_date,experiment_start_clock_time,experiment_start_time_local,experiment_end_time,experiment_duration,glb_ProlificId,glb_ProlificID,glb_SubjectId,glb_SubjectID,glb_study_key,SONAId,SonaId,experiment_end_date,experiment_end_clock_time,experiment_end_time_local,experiment_duration_ms
37,raw_position_sample,2,3,adv,2,2,2,3,-1,999,295,98,478675.7000000477,6986a6c5d1f10ba22361229e,6986a6c5d1f10ba22361229e,advanced,2,6986a6c5d1f10ba22361229e,6986a6c5d1f10ba22361229e,spotlight_PROLIFIC,,39,Brazil,Portuguese,"English, Spanish",Spanish,Portuguese:50|English:50|Spanish:0,100,Portuguese:30|English:70|Spanish:0,100,Portuguese:50|English:50|Spanish:0,100,18,4,Bachelor's,10,10,10,10,10,10,6,11,0,10,CEFR,C2,,,,,23,25,C1,intermediate|advanced,advanced|intermediate,cambridge_22_25_intermediate_advanced,4,18,random,,,,,,,,,,,,,,,,,,,2026-08-09T14:42:39.026Z,8T7CGK8F,2026-08-09,2026-08-09,11:42:39,2026-08-09 11:42:39,,,,,,,,6986a6c5d1f10ba22361229e,6986a6c5d1f10ba22361229e,,,,
86,raw_position_sample,2,3,adv,2,2,2,3,-1,999,279,90,478725.59999990463,6986a6c5d1f10ba22361229e,6986a6c5d1f10ba22361229e,advanced,2,6986a6c5d1f10ba22361229e,6986a6c5d1f10ba22361229e,spotlight_PROLIFIC,,39,Brazil,Portuguese,"English, Spanish",Spanish,Portuguese:50|English:50|Spanish:0,100,Portuguese:30|English:70|Spanish:0,100,Portuguese:50|English:50|Spanish:0,100,18,4,Bachelor's,10,10,10,10,10,10,6,11,0,10,CEFR,C2,,,,,23,25,C1,intermediate|advanced,advanced|intermediate,cambridge_22_25_intermediate_advanced,4,18,random,,,,,,,,,,,,,,,,,,,2026-08-09T14:42:39.026Z,8T7CGK8F,2026-08-09,2026-08-09,11:42:39,2026-08-09 11:42:39,,,,,,,,6986a6c5d1f10ba22361229e,6986a6c5d1f10ba22361229e,,,,
137,raw_position_sample,2,3,adv,2,2,2,3,-1,999,265,84,478775.7999999523,6986a6c5d1f10ba22361229e,6986a6c5d1f10ba22361229e,advanced,2,6986a6c5d1f10ba22361229e,6986a6c5d1f10ba22361229e,spotlight_PROLIFIC,,39,Brazil,Portuguese,"English, Spanish",Spanish,Portuguese:50|English:50|Spanish:0,100,Portuguese:30|English:70|Spanish:0,100,Portuguese:50|English:50|Spanish:0,100,18,4,Bachelor's,10,10,10,10,10,10,6,11,0,10,CEFR,C2,,,,,23,25,C1,intermediate|advanced,advanced|intermediate,cambridge_22_25_intermediate_advanced,4,18,random,,,,,,,,,,,,,,,,,,,2026-08-09T14:42:39.026Z,8T7CGK8F,2026-08-09,2026-08-09,11:42:39,2026-08-09 11:42:39,,,,,,,,6986a6c5d1f10ba22361229e,6986a6c5d1f10ba22361229e,,,,
186,raw_position_sample,2,3,adv,2,2,2,3,-1,999,256,80,478825.59999990463,6986a6c5d1f10ba22361229e,6986a6c5d1f10ba22361229e,advanced,2,6986a6c5d1f10ba22361229e,6986a6c5d1f10ba22361229e,spotlight_PROLIFIC,,39,Brazil,Portuguese,"English, Spanish",Spanish,Portuguese:50|English:50|Spanish:0,100,Portuguese:30|English:70|Spanish:0,100,Portuguese:50|English:50|Spanish:0,100,18,4,Bachelor's,10,10,10,10,10,10,6,11,0,10,CEFR,C2,,,,,23,25,C1,intermediate|advanced,advanced|intermediate,cambridge_22_25_intermediate_advanced,4,18,random,,,,,,,,,,,,,,,,,,,2026-08-09T14:42:39.026Z,8T7CGK8F,2026-08-09,2026-08-09,11:42:39,2026-08-09 11:42:39,,,,,,,,6986a6c5d1f10ba22361229e,6986a6c5d1f10ba22361229e,,,,
237,raw_position_sample,2,3,adv,2,2,2,3,-1,999,256,79,478876.09999990463,6986a6c5d1f10ba22361229e,6986a6c5d1f10ba22361229e,advanced,2,6986a6c5d1f10ba22361229e,6986a6c5d1f10ba22361229e,spotlight_PROLIFIC,,39,Brazil,Portuguese,"English, Spanish",Spanish,Portuguese:50|English:50|Spanish:0,100,Portuguese:30|English:70|Spanish:0,100,Portuguese:50|English:50|Spanish:0,100,18,4,Bachelor's,10,10,10,10,10,10,6,11,0,10,CEFR,C2,,,,,23,25,C1,intermediate|advanced,advanced|intermediate,cambridge_22_25_intermediate_advanced,4,18,random,,,,,,,,,,,,,,,,,,,2026-08-09T14:42:39.026Z,8T7CGK8F,2026-08-09,2026-08-09,11:42:39,2026-08-09 11:42:39,,,,,,,,6986a6c5d1f10ba22361229e,6986a6c5d1f10ba22361229e,,,,
288,raw_position_sample,2,3,adv,2,2,2,3,-1,999,256,79,478926.7999999523,6986a6c5d1f10ba22361229e,6986a6c5d1f10ba22361229e,advanced,2,6986a6c5d1f10ba22361229e,6986a6c5d1f10ba22361229e,spotlight_PROLIFIC,,39,Brazil,Portuguese,"English, Spanish",Spanish,Portuguese:50|English:50|Spanish:0,100,Portuguese:30|English:70|Spanish:0,100,Portuguese:50|English:50|Spanish:0,100,18,4,Bachelor's,10,10,10,10,10,10,6,11,0,10,CEFR,C2,,,,,23,25,C1,intermediate|advanced,advanced|intermediate,cambridge_22_25_intermediate_advanced,4,18,random,,,,,,,,,,,,,,,,,,,2026-08-09T14:42:39.026Z,8T7CGK8F,2026-08-09,2026-08-09,11:42:39,2026-08-09 11:42:39,,,,,,,,6986a6c5d1f10ba22361229e,6986a6c5d1f10ba22361229e,,,,
337,raw_position_sample,2,3,adv,2,2,2,3,-1,999,256,79,478976.09999990463,6986a6c5d1f10ba22361229e,6986a6c5d1f10ba22361229e,advanced,2,6986a6c5d1f10ba22361229e,6986a6c5d1f10ba22361229e,spotlight_PROLIFIC,,39,Brazil,Portuguese,"English, Spanish",Spanish,Portuguese:50|English:50|Spanish:0,100,Portuguese:30|English:70|Spanish:0,100,Portuguese:50|English:50|Spanish:0,100,18,4,Bachelor's,10,10,10,10,10,10,6,11,0,10,CEFR,C2,,,,,23,25,C1,intermediate|advanced,advanced|intermediate,cambridge_22_25_intermediate_advanced,4,18,random,,,,,,,,,,,,,,,,,,,2026-08-09T14:42:39.026Z,8T7CGK8F,2026-08-09,2026-08-09,11:42:39,2026-08-09 11:42:39,,,,,,,,6986a6c5d1f10ba22361229e,6986a6c5d1f10ba22361229e,,,,
388,raw_position_sample,2,3,adv,2,2,2,3,-1,999,256,79,479026.7999999523,6986a6c5d1f10ba22361229e,6986a6c5d1f10ba22361229e,advanced,2,6986a6c5d1f10ba22361229e,6986a6c5d1f10ba22361229e,spotlight_PROLIFIC,,39,Brazil,Portuguese,"English, Spanish",Spanish,Portuguese:50|English:50|Spanish:0,100,Portuguese:30|English:70|Spanish:0,100,Portuguese:50|English:50|Spanish:0,100,18,4,Bachelor's,10,10,10,10,10,10,6,11,0,10,CEFR,C2,,,,,23,25,C1,intermediate|advanced,advanced|intermediate,cambridge_22_25_intermediate_advanced,4,18,random,,,,,,,,,,,,,,,,,,,2026-08-09T14:42:39.026Z,8T7CGK8F,2026-08-09,2026-08-09,11:42:39,2026-08-09 11:42:39,,,,,,,,6986a6c5d1f10ba22361229e,6986a6c5d1f10ba22361229e,,,,
437,raw_position_sample,2,3,adv,2,2,2,3,-1,999,256,79,479076.5,6986a6c5d1f10ba22361229e,6986a6c5d1f10ba22361229e,advanced,2,6986a6c5d1f10ba22361229e,6986a6c5d1f10ba22361229e,spotlight_PROLIFIC,,39,Brazil,Portuguese,"English, Spanish",Spanish,Portuguese:50|English:50|Spanish:0,100,Portuguese:30|English:70|Spanish:0,100,Portuguese:50|English:50|Spanish:0,100,18,4,Bachelor's,10,10,10,10,10,10,6,11,0,10,CEFR,C2,,,,,23,25,C1,intermediate|advanced,advanced|intermediate,cambridge_22_25_intermediate_advanced,4,18,random,,,,,,,,,,,,,,,,,,,2026-08-09T14:42:39.026Z,8T7CGK8F,2026-08-09,2026-08-09,11:42:39,2026-08-09 11:42:39,,,,,,,,6986a6c5d1f10ba22361229e,6986a6c5d1f10ba22361229e,,,,
488,raw_position_sample,2,3,adv,2,2,2,3,-1,999,256,79,479126.7000000477,6986a6c5d1f10ba22361229e,6986a6c5d1f10ba22361229e,advanced,2,6986a6c5d1f10ba22361229e,6986a6c5d1f10ba22361229e,spotlight_PROLIFIC,,39,Brazil,Portuguese,"English, Spanish",Spanish,Portuguese:50|English:50|Spanish:0,100,Portuguese:30|English:70|Spanish:0,100,Portuguese:50|English:50|Spanish:0,100,18,4,Bachelor's,10,10,10,10,10,10,6,11,0,10,CEFR,C2,,,,,23,25,C1,intermediate|advanced,advanced|intermediate,cambridge_22_25_intermediate_advanced,4,18,random,,,,,,,,,,,,,,,,,,,2026-08-09T14:42:39.026Z,8T7CGK8F,2026-08-09,2026-08-09,11:42:39,2026-08-09 11:42:39,,,,,,,,6986a6c5d1f10ba22361229e,6986a6c5d1f10ba22361229e,,,,
537,raw_position_sample,2,3,adv,2,2,2,3,-1,999,256,79,479176,6986a6c5d1f10ba22361229e,6986a6c5d1f10ba22361229e,advanced,2,6986a6c5d1f10ba22361229e,6986a6c5d1f10ba22361229e,spotlight_PROLIFIC,,39,Brazil,Portuguese,"English, Spanish",Spanish,Portuguese:50|English:50|Spanish:0,100,Portuguese:30|English:70|Spanish:0,100,Portuguese:50|English:50|Spanish:0,100,18,4,Bachelor's,10,10,10,10,10,10,6,11,0,10,CEFR,C2,,,,,23,25,C1,intermediate|advanced,advanced|intermediate,cambridge_22_25_intermediate_advanced,4,18,random,,,,,,,,,,,,,,,,,,,2026-08-09T14:42:39.026Z,8T7CGK8F,2026-08-09,2026-08-09,11:42:39,2026-08-09 11:42:39,,,,,,,,6986a6c5d1f10ba22361229e,6986a6c5d1f10ba22361229e,,,,
588,raw_position_sample,2,3,adv,2,2,2,3,-1,999,256,79,479226.89999985695,6986a6c5d1f10ba22361229e,6986a6c5d1f10ba22361229e,advanced,2,6986a6c5d1f10ba22361229e,6986a6c5d1f10ba22361229e,spotlight_PROLIFIC,,39,Brazil,Portuguese,"English, Spanish",Spanish,Portuguese:50|English:50|Spanish:0,100,Portuguese:30|English:70|Spanish:0,100,Portuguese:50|English:50|Spanish:0,100,18,4,Bachelor's,10,10,10,10,10,10,6,11,0,10,CEFR,C2,,,,,23,25,C1,intermediate|advanced,advanced|intermediate,cambridge_22_25_intermediate_advanced,4,18,random,,,,,,,,,,,,,,,,,,,2026-08-09T14:42:39.026Z,8T7CGK8F,2026-08-09,2026-08-09,11:42:39,2026-08-09 11:42:39,,,,,,,,6986a6c5d1f10ba22361229e,6986a6c5d1f10ba22361229e,,,,
636,raw_position_sample,2,3,adv,2,2,2,3,-1,999,269,84,479274.89999985695,6986a6c5d1f10ba22361229e,6986a6c5d1f10ba22361229e,advanced,2,6986a6c5d1f10ba22361229e,6986a6c5d1f10ba22361229e,spotlight_PROLIFIC,,39,Brazil,Portuguese,"English, Spanish",Spanish,Portuguese:50|English:50|Spanish:0,100,Portuguese:30|English:70|Spanish:0,100,Portuguese:50|English:50|Spanish:0,100,18,4,Bachelor's,10,10,10,10,10,10,6,11,0,10,CEFR,C2,,,,,23,25,C1,intermediate|advanced,advanced|intermediate,cambridge_22_25_intermediate_advanced,4,18,random,,,,,,,,,,,,,,,,,,,2026-08-09T14:42:39.026Z,8T7CGK8F,2026-08-09,2026-08-09,11:42:39,2026-08-09 11:42:39,,,,,,,,6986a6c5d1f10ba22361229e,6986a6c5d1f10ba22361229e,,,,
687,raw_position_sample,2,3,adv,2,2,2,3,-1,999,299,93,479325.7999999523,6986a6c5d1f10ba22361229e,6986a6c5d1f10ba22361229e,advanced,2,6986a6c5d1f10ba22361229e,6986a6c5d1f10ba22361229e,spotlight_PROLIFIC,,39,Brazil,Portuguese,"English, Spanish",Spanish,Portuguese:50|English:50|Spanish:0,100,Portuguese:30|English:70|Spanish:0,100,Portuguese:50|English:50|Spanish:0,100,18,4,Bachelor's,10,10,10,10,10,10,6,11,0,10,CEFR,C2,,,,,23,25,C1,intermediate|advanced,advanced|intermediate,cambridge_22_25_intermediate_advanced,4,18,random,,,,,,,,,,,,,,,,,,,2026-08-09T14:42:39.026Z,8T7CGK8F,2026-08-09,2026-08-09,11:42:39,2026-08-09 11:42:39,,,,,,,,6986a6c5d1f10ba22361229e,6986a6c5d1f10ba22361229e,,,,
737,raw_position_sample,2,3,adv,2,2,2,3,-1,999,327,98,479375.7999999523,6986a6c5d1f10ba22361229e,6986a6c5d1f10ba22361229e,advanced,2,6986a6c5d1f10ba22361229e,6986a6c5d1f10ba22361229e,spotlight_PROLIFIC,,39,Brazil,Portuguese,"English, Spanish",Spanish,Portuguese:50|English:50|Spanish:0,100,Portuguese:30|English:70|Spanish:0,100,Portuguese:50|English:50|Spanish:0,100,18,4,Bachelor's,10,10,10,10,10,10,6,11,0,10,CEFR,C2,,,,,23,25,C1,intermediate|advanced,advanced|intermediate,cambridge_22_25_intermediate_advanced,4,18,random,,,,,,,,,,,,,,,,,,,2026-08-09T14:42:39.026Z,8T7CGK8F,2026-08-09,2026-08-09,11:42:39,2026-08-09 11:42:39,,,,,,,,6986a6c5d1f10ba22361229e,6986a6c5d1f10ba22361229e,,,,
787,raw_position_sample,2,3,adv,2,2,2,3,-1,999,340,100,479425.7000000477,6986a6c5d1f10ba22361229e,6986a6c5d1f10ba22361229e,advanced,2,6986a6c5d1f10ba22361229e,6986a6c5d1f10ba22361229e,spotlight_PROLIFIC,,39,Brazil,Portuguese,"English, Spanish",Spanish,Portuguese:50|English:50|Spanish:0,100,Portuguese:30|English:70|Spanish:0,100,Portuguese:50|English:50|Spanish:0,100,18,4,Bachelor's,10,10,10,10,10,10,6,11,0,10,CEFR,C2,,,,,23,25,C1,intermediate|advanced,advanced|intermediate,cambridge_22_25_intermediate_advanced,4,18,random,,,,,,,,,,,,,,,,,,,2026-08-09T14:42:39.026Z,8T7CGK8F,2026-08-09,2026-08-09,11:42:39,2026-08-09 11:42:39,,,,,,,,6986a6c5d1f10ba22361229e,6986a6c5d1f10ba22361229e,,,,
837,raw_position_sample,2,3,adv,2,2,2,3,1, The ,344,102,479476,6986a6c5d1f10ba22361229e,6986a6c5d1f10ba22361229e,advanced,2,6986a6c5d1f10ba22361229e,6986a6c5d1f10ba22361229e,spotlight_PROLIFIC,,39,Brazil,Portuguese,"English, Spanish",Spanish,Portuguese:50|English:50|Spanish:0,100,Portuguese:30|English:70|Spanish:0,100,Portuguese:50|English:50|Spanish:0,100,18,4,Bachelor's,10,10,10,10,10,10,6,11,0,10,CEFR,C2,,,,,23,25,C1,intermediate|advanced,advanced|intermediate,cambridge_22_25_intermediate_advanced,4,18,random,,,,,,,,105.556640625,346.328125,126.806640625,379.86328125,1,1,,,,,,2026-08-09T14:42:39.026Z,8T7CGK8F,2026-08-09,2026-08-09,11:42:39,2026-08-09 11:42:39,,,,,,,,6986a6c5d1f10ba22361229e,6986a6c5d1f10ba22361229e,,,,
887,raw_position_sample,2,3,adv,2,2,2,3,1, The ,348,106,479525.7999999523,6986a6c5d1f10ba22361229e,6986a6c5d1f10ba22361229e,advanced,2,6986a6c5d1f10ba22361229e,6986a6c5d1f10ba22361229e,spotlight_PROLIFIC,,39,Brazil,Portuguese,"English, Spanish",Spanish,Portuguese:50|English:50|Spanish:0,100,Portuguese:30|English:70|Spanish:0,100,Portuguese:50|English:50|Spanish:0,100,18,4,Bachelor's,10,10,10,10,10,10,6,11,0,10,CEFR,C2,,,,,23,25,C1,intermediate|advanced,advanced|intermediate,cambridge_22_25_intermediate_advanced,4,18,random,,,,,,,,105.556640625,346.328125,126.806640625,379.86328125,1,1,,,,,,2026-08-09T14:42:39.026Z,8T7CGK8F,2026-08-09,2026-08-09,11:42:39,2026-08-09 11:42:39,,,,,,,,6986a6c5d1f10ba22361229e,6986a6c5d1f10ba22361229e,,,,
937,raw_position_sample,2,3,adv,2,2,2,3,1, The ,351,110,479576.09999990463,6986a6c5d1f10ba22361229e,6986a6c5d1f10ba22361229e,advanced,2,6986a6c5d1f10ba22361229e,6986a6c5d1f10ba22361229e,spotlight_PROLIFIC,,39,Brazil,Portuguese,"English, Spanish",Spanish,Portuguese:50|English:50|Spanish:0,100,Portuguese:30|English:70|Spanish:0,100,Portuguese:50|English:50|Spanish:0,100,18,4,Bachelor's,10,10,10,10,10,10,6,11,0,10,CEFR,C2,,,,,23,25,C1,intermediate|advanced,advanced|intermediate,cambridge_22_25_intermediate_advanced,4,18,random,,,,,,,,105.556640625,346.328125,126.806640625,379.86328125,1,1,,,,,,2026-08-09T14:42:39.026Z,8T7CGK8F,2026-08-09,2026-08-09,11:42:39,2026-08-09 11:42:39,,,,,,,,6986a6c5d1f10ba22361229e,6986a6c5d1f10ba22361229e,,,,
987,raw_position_sample,2,3,adv,2,2,2,3,1, The ,356,114,479625.7000000477,6986a6c5d1f10ba22361229e,6986a6c5d1f10ba22361229e,advanced,2,6986a6c5d1f10ba22361229e,6986a6c5d1f10ba22361229e,spotlight_PROLIFIC,,39,Brazil,Portuguese,"English, Spanish",Spanish,Portuguese:50|English:50|Spanish:0,100,Portuguese:30|English:70|Spanish:0,100,Portuguese:50|English:50|Spanish:0,100,18,4,Bachelor's,10,10,10,10,10,10,6,11,0,10,CEFR,C2,,,,,23,25,C1,intermediate|advanced,advanced|intermediate,cambridge_22_25_intermediate_advanced,4,18,random,,,,,,,,105.556640625,346.328125,126.806640625,379.86328125,1,1,,,,,,2026-08-09T14:42:39.026Z,8T7CGK8F,2026-08-09,2026-08-09,11:42:39,2026-08-09 11:42:39,,,,,,,,6986a6c5d1f10ba22361229e,6986a6c5d1f10ba22361229e,,,,
1037,raw_position_sample,2,3,adv,2,2,2,3,1, The ,363,117,479675.7999999523,6986a6c5d1f10ba22361229e,6986a6c5d1f10ba22361229e,advanced,2,6986a6c5d1f10ba22361229e,6986a6c5d1f10ba22361229e,spotlight_PROLIFIC,,39,Brazil,Portuguese,"English, Spanish",Spanish,Portuguese:50|English:50|Spanish:0,100,Portuguese:30|English:70|Spanish:0,100,Portuguese:50|English:50|Spanish:0,100,18,4,Bachelor's,10,10,10,10,10,10,6,11,0,10,CEFR,C2,,,,,23,25,C1,intermediate|advanced,advanced|intermediate,cambridge_22_25_intermediate_advanced,4,18,random,,,,,,,,105.556640625,346.328125,126.806640625,379.86328125,1,1,,,,,,2026-08-09T14:42:39.026Z,8T7CGK8F,2026-08-09,2026-08-09,11:42:39,2026-08-09 11:42:39,,,,,,,,6986a6c5d1f10ba22361229e,6986a6c5d1f10ba22361229e,,,,
1087,raw_position_sample,2,3,adv,2,2,2,3,1, The ,372,118,479725.89999985695,6986a6c5d1f10ba22361229e,6986a6c5d1f10ba22361229e,advanced,2,6986a6c5d1f10ba22361229e,6986a6c5d1f10ba22361229e,spotlight_PROLIFIC,,39,Brazil,Portuguese,"English, Spanish",Spanish,Portuguese:50|English:50|Spanish:0,100,Portuguese:30|English:70|Spanish:0,100,Portuguese:50|English:50|Spanish:0,100,18,4,Bachelor's,10,10,10,10,10,10,6,11,0,10,CEFR,C2,,,,,23,25,C1,intermediate|advanced,advanced|intermediate,cambridge_22_25_intermediate_advanced,4,18,random,,,,,,,,105.556640625,346.328125,126.806640625,379.86328125,1,1,,,,,,2026-08-09T14:42:39.026Z,8T7CGK8F,2026-08-09,2026-08-09,11:42:39,2026-08-09 11:42:39,,,,,,,,6986a6c5d1f10ba22361229e,6986a6c5d1f10ba22361229e,,,,
1117,hover_association,2,3,adv,2,2,2,3,1, The ,343,101,,6986a6c5d1f10ba22361229e,6986a6c5d1f10ba22361229e,advanced,2,6986a6c5d1f10ba22361229e,6986a6c5d1f10ba22361229e,spotlight_PROLIFIC,,39,Brazil,Portuguese,"English, Spanish",Spanish,Portuguese:50|English:50|Spanish:0,100,Portuguese:30|English:70|Spanish:0,100,Portuguese:50|English:50|Spanish:0,100,18,4,Bachelor's,10,10,10,10,10,10,6,11,0,10,CEFR,C2,,,,,23,25,C1,intermediate|advanced,advanced|intermediate,cambridge_22_25_intermediate_advanced,4,18,random,,hover,300,300,0.8952718801291893,0.570458984375,159,96.181640625,342.974609375,136.181640625,379.86328125,1,1,,,,,,2026-08-09T14:42:39.026Z,8T7CGK8F,2026-08-09,2026-08-09,11:42:39,2026-08-09 11:42:39,,,,,,,,6986a6c5d1f10ba22361229e,6986a6c5d1f10ba22361229e,,,,
1137,raw_position_sample,2,3,adv,2,2,2,3,2, polygraph ,387,121,479775.7999999523,6986a6c5d1f10ba22361229e,6986a6c5d1f10ba22361229e,advanced,2,6986a6c5d1f10ba22361229e,6986a6c5d1f10ba22361229e,spotlight_PROLIFIC,,39,Brazil,Portuguese,"English, Spanish",Spanish,Portuguese:50|English:50|Spanish:0,100,Portuguese:30|English:70|Spanish:0,100,Portuguese:50|English:50|Spanish:0,100,18,4,Bachelor's,10,10,10,10,10,10,6,11,0,10,CEFR,C2,,,,,23,25,C1,intermediate|advanced,advanced|intermediate,cambridge_22_25_intermediate_advanced,4,18,random,,,,,,,,105.556640625,379.86328125,126.806640625,462.294921875,1,2,,,,,,2026-08-09T14:42:39.026Z,8T7CGK8F,2026-08-09,2026-08-09,11:42:39,2026-08-09 11:42:39,,,,,,,,6986a6c5d1f10ba22361229e,6986a6c5d1f10ba22361229e,,,,
1186,raw_position_sample,2,3,adv,2,2,2,3,2, polygraph ,403,121,479825.2999999523,6986a6c5d1f10ba22361229e,6986a6c5d1f10ba22361229e,advanced,2,6986a6c5d1f10ba22361229e,6986a6c5d1f10ba22361229e,spotlight_PROLIFIC,,39,Brazil,Portuguese,"English, Spanish",Spanish,Portuguese:50|English:50|Spanish:0,100,Portuguese:30|English:70|Spanish:0,100,Portuguese:50|English:50|Spanish:0,100,18,4,Bachelor's,10,10,10,10,10,10,6,11,0,10,CEFR,C2,,,,,23,25,C1,intermediate|advanced,advanced|intermediate,cambridge_22_25_intermediate_advanced,4,18,random,,,,,,,,105.556640625,379.86328125,126.806640625,462.294921875,1,2,,,,,,2026-08-09T14:42:39.026Z,8T7CGK8F,2026-08-09,2026-08-09,11:42:39,2026-08-09 11:42:39,,,,,,,,6986a6c5d1f10ba22361229e,6986a6c5d1f10ba22361229e,,,,
1237,raw_position_sample,2,3,adv,2,2,2,3,2, polygraph ,421,122,479875.7000000477,6986a6c5d1f10ba22361229e,6986a6c5d1f10ba22361229e,advanced,2,6986a6c5d1f10ba22361229e,6986a6c5d1f10ba22361229e,spotlight_PROLIFIC,,39,Brazil,Portuguese,"English, Spanish",Spanish,Portuguese:50|English:50|Spanish:0,100,Portuguese:30|English:70|Spanish:0,100,Portuguese:50|English:50|Spanish:0,100,18,4,Bachelor's,10,10,10,10,10,10,6,11,0,10,CEFR,C2,,,,,23,25,C1,intermediate|advanced,advanced|intermediate,cambridge_22_25_intermediate_advanced,4,18,random,,,,,,,,105.556640625,379.86328125,126.806640625,462.294921875,1,2,,,,,,2026-08-09T14:42:39.026Z,8T7CGK8F,2026-08-09,2026-08-09,11:42:39,2026-08-09 11:42:39,,,,,,,,6986a6c5d1f10ba22361229e,6986a6c5d1f10ba22361229e,,,,
1287,raw_position_sample,2,3,adv,2,2,2,3,2, polygraph ,453,122,479926,6986a6c5d1f10ba22361229e,6986a6c5d1f10ba22361229e,advanced,2,6986a6c5d1f10ba22361229e,6986a6c5d1f10ba22361229e,spotlight_PROLIFIC,,39,Brazil,Portuguese,"English, Spanish",Spanish,Portuguese:50|English:50|Spanish:0,100,Portuguese:30|English:70|Spanish:0,100,Portuguese:50|English:50|Spanish:0,100,18,4,Bachelor's,10,10,10,10,10,10,6,11,0,10,CEFR,C2,,,,,23,25,C1,intermediate|advanced,advanced|intermediate,cambridge_22_25_intermediate_advanced,4,18,random,,,,,,,,105.556640625,379.86328125,126.806640625,462.294921875,1,2,,,,,,2026-08-09T14:42:39.026Z,8T7CGK8F,2026-08-09,2026-08-09,11:42:39,2026-08-09 11:42:39,,,,,,,,6986a6c5d1f10ba22361229e,6986a6c5d1f10ba22361229e,,,,
1300,hover_association,2,3,adv,2,2,2,3,2, polygraph ,380,120,,6986a6c5d1f10ba22361229e,6986a6c5d1f10ba22361229e,advanced,2,6986a6c5d1f10ba22361229e,6986a6c5d1f10ba22361229e,spotlight_PROLIFIC,,39,Brazil,Portuguese,"English, Spanish",Spanish,Portuguese:50|English:50|Spanish:0,100,Portuguese:30|English:70|Spanish:0,100,Portuguese:50|English:50|Spanish:0,100,18,4,Bachelor's,10,10,10,10,10,10,6,11,0,10,CEFR,C2,,,,,23,25,C1,intermediate|advanced,advanced|intermediate,cambridge_22_25_intermediate_advanced,4,18,random,,hover,183.29999995231628,183.29999995231628,0.8872408482407298,0.645458984375,159,96.181640625,379.86328125,136.181640625,462.294921875,1,2,,,,,,2026-08-09T14:42:39.026Z,8T7CGK8F,2026-08-09,2026-08-09,11:42:39,2026-08-09 11:42:39,,,,,,,,6986a6c5d1f10ba22361229e,6986a6c5d1f10ba22361229e,,,,
1317,hover_association,2,3,adv,2,2,2,3,3, is ,473,122,,6986a6c5d1f10ba22361229e,6986a6c5d1f10ba22361229e,advanced,2,6986a6c5d1f10ba22361229e,6986a6c5d1f10ba22361229e,spotlight_PROLIFIC,,39,Brazil,Portuguese,"English, Spanish",Spanish,Portuguese:50|English:50|Spanish:0,100,Portuguese:30|English:70|Spanish:0,100,Portuguese:50|English:50|Spanish:0,100,18,4,Bachelor's,10,10,10,10,10,10,6,11,0,10,CEFR,C2,,,,,23,25,C1,intermediate|advanced,advanced|intermediate,cambridge_22_25_intermediate_advanced,4,18,random,,hover,16.700000047683716,16.700000047683716,0.6733415233415233,0.645458984375,159,96.181640625,462.294921875,136.181640625,478.193359375,1,3,,,,,,2026-08-09T14:42:39.026Z,8T7CGK8F,2026-08-09,2026-08-09,11:42:39,2026-08-09 11:42:39,,,,,,,,6986a6c5d1f10ba22361229e,6986a6c5d1f10ba22361229e,,,,
1337,raw_position_sample,2,3,adv,2,2,2,3,4, widely ,513,123,479976.09999990463,6986a6c5d1f10ba22361229e,6986a6c5d1f10ba22361229e,advanced,2,6986a6c5d1f10ba22361229e,6986a6c5d1f10ba22361229e,spotlight_PROLIFIC,,39,Brazil,Portuguese,"English, Spanish",Spanish,Portuguese:50|English:50|Spanish:0,100,Portuguese:30|English:70|Spanish:0,100,Portuguese:50|English:50|Spanish:0,100,18,4,Bachelor's,10,10,10,10,10,10,6,11,0,10,CEFR,C2,,,,,23,25,C1,intermediate|advanced,advanced|intermediate,cambridge_22_25_intermediate_advanced,4,18,random,,,,,,,,105.556640625,478.193359375,126.806640625,533.388671875,1,4,,,,,,2026-08-09T14:42:39.026Z,8T7CGK8F,2026-08-09,2026-08-09,11:42:39,2026-08-09 11:42:39,,,,,,,,6986a6c5d1f10ba22361229e,6986a6c5d1f10ba22361229e,,,,
1350,hover_association,2,3,adv,2,2,2,3,4, widely ,490,122,,6986a6c5d1f10ba22361229e,6986a6c5d1f10ba22361229e,advanced,2,6986a6c5d1f10ba22361229e,6986a6c5d1f10ba22361229e,spotlight_PROLIFIC,,39,Brazil,Portuguese,"English, Spanish",Spanish,Portuguese:50|English:50|Spanish:0,100,Portuguese:30|English:70|Spanish:0,100,Portuguese:50|English:50|Spanish:0,100,18,4,Bachelor's,10,10,10,10,10,10,6,11,0,10,CEFR,C2,,,,,23,25,C1,intermediate|advanced,advanced|intermediate,cambridge_22_25_intermediate_advanced,4,18,random,,hover,33.299999952316284,33.299999952316284,0.6306086341118188,0.670458984375,159,96.181640625,478.193359375,136.181640625,533.388671875,1,4,,,,,,2026-08-09T14:42:39.026Z,8T7CGK8F,2026-08-09,2026-08-09,11:42:39,2026-08-09 11:42:39,,,,,,,,6986a6c5d1f10ba22361229e,6986a6c5d1f10ba22361229e,,,,
1387,raw_position_sample,2,3,adv,2,2,2,3,5, used ,570,126,480025.7999999523,6986a6c5d1f10ba22361229e,6986a6c5d1f10ba22361229e,advanced,2,6986a6c5d1f10ba22361229e,6986a6c5d1f10ba22361229e,spotlight_PROLIFIC,,39,Brazil,Portuguese,"English, Spanish",Spanish,Portuguese:50|English:50|Spanish:0,100,Portuguese:30|English:70|Spanish:0,100,Portuguese:50|English:50|Spanish:0,100,18,4,Bachelor's,10,10,10,10,10,10,6,11,0,10,CEFR,C2,,,,,23,25,C1,intermediate|advanced,advanced|intermediate,cambridge_22_25_intermediate_advanced,4,18,random,,,,,,,,105.556640625,533.388671875,126.806640625,574.1796875,1,5,,,,,,2026-08-09T14:42:39.026Z,8T7CGK8F,2026-08-09,2026-08-09,11:42:39,2026-08-09 11:42:39,,,,,,,,6986a6c5d1f10ba22361229e,6986a6c5d1f10ba22361229e,,,,
1400,hover_association,2,3,adv,2,2,2,3,5, used ,535,125,,6986a6c5d1f10ba22361229e,6986a6c5d1f10ba22361229e,advanced,2,6986a6c5d1f10ba22361229e,6986a6c5d1f10ba22361229e,spotlight_PROLIFIC,,39,Brazil,Portuguese,"English, Spanish",Spanish,Portuguese:50|English:50|Spanish:0,100,Portuguese:30|English:70|Spanish:0,100,Portuguese:50|English:50|Spanish:0,100,18,4,Bachelor's,10,10,10,10,10,10,6,11,0,10,CEFR,C2,,,,,23,25,C1,intermediate|advanced,advanced|intermediate,cambridge_22_25_intermediate_advanced,4,18,random,,hover,50,50,0.8975341153938233,0.745458984375,159,96.181640625,533.388671875,136.181640625,574.1796875,1,5,,,,,,2026-08-09T14:42:39.026Z,8T7CGK8F,2026-08-09,2026-08-09,11:42:39,2026-08-09 11:42:39,,,,,,,,6986a6c5d1f10ba22361229e,6986a6c5d1f10ba22361229e,,,,
1417,hover_association,2,3,adv,2,2,2,3,6, in ,585,126,,6986a6c5d1f10ba22361229e,6986a6c5d1f10ba22361229e,advanced,2,6986a6c5d1f10ba22361229e,6986a6c5d1f10ba22361229e,spotlight_PROLIFIC,,39,Brazil,Portuguese,"English, Spanish",Spanish,Portuguese:50|English:50|Spanish:0,100,Portuguese:30|English:70|Spanish:0,100,Portuguese:50|English:50|Spanish:0,100,18,4,Bachelor's,10,10,10,10,10,10,6,11,0,10,CEFR,C2,,,,,23,25,C1,intermediate|advanced,advanced|intermediate,cambridge_22_25_intermediate_advanced,4,18,random,,hover,16.59999990463257,16.59999990463257,0.5979492714517,0.745458984375,159,96.181640625,574.1796875,136.181640625,592.275390625,1,6,,,,,,2026-08-09T14:42:39.026Z,8T7CGK8F,2026-08-09,2026-08-09,11:42:39,2026-08-09 11:42:39,,,,,,,,6986a6c5d1f10ba22361229e,6986a6c5d1f10ba22361229e,,,,
1437,raw_position_sample,2,3,adv,2,2,2,3,7, the ,604,127,480075.7999999523,6986a6c5d1f10ba22361229e,6986a6c5d1f10ba22361229e,advanced,2,6986a6c5d1f10ba22361229e,6986a6c5d1f10ba22361229e,spotlight_PROLIFIC,,39,Brazil,Portuguese,"English, Spanish",Spanish,Portuguese:50|English:50|Spanish:0,100,Portuguese:30|English:70|Spanish:0,100,Portuguese:50|English:50|Spanish:0,100,18,4,Bachelor's,10,10,10,10,10,10,6,11,0,10,CEFR,C2,,,,,23,25,C1,intermediate|advanced,advanced|intermediate,cambridge_22_25_intermediate_advanced,4,18,random,,,,,,,,105.556640625,592.275390625,126.806640625,621.904296875,1,7,,,,,,2026-08-09T14:42:39.026Z,8T7CGK8F,2026-08-09,2026-08-09,11:42:39,2026-08-09 11:42:39,,,,,,,,6986a6c5d1f10ba22361229e,6986a6c5d1f10ba22361229e,,,,
1467,hover_association,2,3,adv,2,2,2,3,7, the ,596,127,,6986a6c5d1f10ba22361229e,6986a6c5d1f10ba22361229e,advanced,2,6986a6c5d1f10ba22361229e,6986a6c5d1f10ba22361229e,spotlight_PROLIFIC,,39,Brazil,Portuguese,"English, Spanish",Spanish,Portuguese:50|English:50|Spanish:0,100,Portuguese:30|English:70|Spanish:0,100,Portuguese:50|English:50|Spanish:0,100,18,4,Bachelor's,10,10,10,10,10,10,6,11,0,10,CEFR,C2,,,,,23,25,C1,intermediate|advanced,advanced|intermediate,cambridge_22_25_intermediate_advanced,4,18,random,,hover,50.10000014305115,50.10000014305115,0.6994726433750824,0.770458984375,159,96.181640625,592.275390625,136.181640625,621.904296875,1,7,,,,,,2026-08-09T14:42:39.026Z,8T7CGK8F,2026-08-09,2026-08-09,11:42:39,2026-08-09 11:42:39,,,,,,,,6986a6c5d1f10ba22361229e,6986a6c5d1f10ba22361229e,,,,
1487,raw_position_sample,2,3,adv,2,2,2,3,8, US ,635,129,480126.09999990463,6986a6c5d1f10ba22361229e,6986a6c5d1f10ba22361229e,advanced,2,6986a6c5d1f10ba22361229e,6986a6c5d1f10ba22361229e,spotlight_PROLIFIC,,39,Brazil,Portuguese,"English, Spanish",Spanish,Portuguese:50|English:50|Spanish:0,100,Portuguese:30|English:70|Spanish:0,100,Portuguese:50|English:50|Spanish:0,100,18,4,Bachelor's,10,10,10,10,10,10,6,11,0,10,CEFR,C2,,,,,23,25,C1,intermediate|advanced,advanced|intermediate,cambridge_22_25_intermediate_advanced,4,18,random,,,,,,,,105.556640625,621.904296875,126.806640625,648.06640625,1,8,,,,,,2026-08-09T14:42:39.026Z,8T7CGK8F,2026-08-09,2026-08-09,11:42:39,2026-08-09 11:42:39,,,,,,,,6986a6c5d1f10ba22361229e,6986a6c5d1f10ba22361229e,,,,
1517,hover_association,2,3,adv,2,2,2,3,8, US ,626,128,,6986a6c5d1f10ba22361229e,6986a6c5d1f10ba22361229e,advanced,2,6986a6c5d1f10ba22361229e,6986a6c5d1f10ba22361229e,spotlight_PROLIFIC,,39,Brazil,Portuguese,"English, Spanish",Spanish,Portuguese:50|English:50|Spanish:0,100,Portuguese:30|English:70|Spanish:0,100,Portuguese:50|English:50|Spanish:0,100,18,4,Bachelor's,10,10,10,10,10,10,6,11,0,10,CEFR,C2,,,,,23,25,C1,intermediate|advanced,advanced|intermediate,cambridge_22_25_intermediate_advanced,4,18,random,,hover,49.89999985694885,49.89999985694885,0.8063456513624486,0.845458984375,159,96.181640625,621.904296875,136.181640625,648.06640625,1,8,,,,,,2026-08-09T14:42:39.026Z,8T7CGK8F,2026-08-09,2026-08-09,11:42:39,2026-08-09 11:42:39,,,,,,,,6986a6c5d1f10ba22361229e,6986a6c5d1f10ba22361229e,,,,
1537,raw_position_sample,2,3,adv,2,2,2,3,9, in ,662,132,480175.89999985695,6986a6c5d1f10ba22361229e,6986a6c5d1f10ba22361229e,advanced,2,6986a6c5d1f10ba22361229e,6986a6c5d1f10ba22361229e,spotlight_PROLIFIC,,39,Brazil,Portuguese,"English, Spanish",Spanish,Portuguese:50|English:50|Spanish:0,100,Portuguese:30|English:70|Spanish:0,100,Portuguese:50|English:50|Spanish:0,100,18,4,Bachelor's,10,10,10,10,10,10,6,11,0,10,CEFR,C2,,,,,23,25,C1,intermediate|advanced,advanced|intermediate,cambridge_22_25_intermediate_advanced,4,18,random,,,,,,,,105.556640625,648.06640625,126.806640625,666.162109375,1,9,,,,,,2026-08-09T14:42:39.026Z,8T7CGK8F,2026-08-09,2026-08-09,11:42:39,2026-08-09 11:42:39,,,,,,,,6986a6c5d1f10ba22361229e,6986a6c5d1f10ba22361229e,,,,
1550,hover_association,2,3,adv,2,2,2,3,9, in ,653,131,,6986a6c5d1f10ba22361229e,6986a6c5d1f10ba22361229e,advanced,2,6986a6c5d1f10ba22361229e,6986a6c5d1f10ba22361229e,spotlight_PROLIFIC,,39,Brazil,Portuguese,"English, Spanish",Spanish,Portuguese:50|English:50|Spanish:0,100,Portuguese:30|English:70|Spanish:0,100,Portuguese:50|English:50|Spanish:0,100,18,4,Bachelor's,10,10,10,10,10,10,6,11,0,10,CEFR,C2,,,,,23,25,C1,intermediate|advanced,advanced|intermediate,cambridge_22_25_intermediate_advanced,4,18,random,,hover,33.40000009536743,33.40000009536743,0.7699946033459255,0.895458984375,159,96.181640625,648.06640625,136.181640625,666.162109375,1,9,,,,,,2026-08-09T14:42:39.026Z,8T7CGK8F,2026-08-09,2026-08-09,11:42:39,2026-08-09 11:42:39,,,,,,,,6986a6c5d1f10ba22361229e,6986a6c5d1f10ba22361229e,,,,
1587,raw_position_sample,2,3,adv,2,2,2,3,10, criminal ,698,135,480226,6986a6c5d1f10ba22361229e,6986a6c5d1f10ba22361229e,advanced,2,6986a6c5d1f10ba22361229e,6986a6c5d1f10ba22361229e,spotlight_PROLIFIC,,39,Brazil,Portuguese,"English, Spanish",Spanish,Portuguese:50|English:50|Spanish:0,100,Portuguese:30|English:70|Spanish:0,100,Portuguese:50|English:50|Spanish:0,100,18,4,Bachelor's,10,10,10,10,10,10,6,11,0,10,CEFR,C2,,,,,23,25,C1,intermediate|advanced,advanced|intermediate,cambridge_22_25_intermediate_advanced,4,18,random,,,,,,,,105.556640625,666.162109375,126.806640625,733.037109375,1,10,,,,,,2026-08-09T14:42:39.026Z,8T7CGK8F,2026-08-09,2026-08-09,11:42:39,2026-08-09 11:42:39,,,,,,,,6986a6c5d1f10ba22361229e,6986a6c5d1f10ba22361229e,,,,
1600,hover_association,2,3,adv,2,2,2,3,10, criminal ,675,133,,6986a6c5d1f10ba22361229e,6986a6c5d1f10ba22361229e,advanced,2,6986a6c5d1f10ba22361229e,6986a6c5d1f10ba22361229e,spotlight_PROLIFIC,,39,Brazil,Portuguese,"English, Spanish",Spanish,Portuguese:50|English:50|Spanish:0,100,Portuguese:30|English:70|Spanish:0,100,Portuguese:50|English:50|Spanish:0,100,18,4,Bachelor's,10,10,10,10,10,10,6,11,0,10,CEFR,C2,,,,,23,25,C1,intermediate|advanced,advanced|intermediate,cambridge_22_25_intermediate_advanced,4,18,random,,hover,50,50,0.4760806074766355,0.970458984375,159,96.181640625,666.162109375,136.181640625,733.037109375,1,10,,,,,,2026-08-09T14:42:39.026Z,8T7CGK8F,2026-08-09,2026-08-09,11:42:39,2026-08-09 11:42:39,,,,,,,,6986a6c5d1f10ba22361229e,6986a6c5d1f10ba22361229e,,,,
1637,raw_position_sample,2,3,adv,2,2,2,3,27, popular ,741,142,480275.7999999523,6986a6c5d1f10ba22361229e,6986a6c5d1f10ba22361229e,advanced,2,6986a6c5d1f10ba22361229e,6986a6c5d1f10ba22361229e,spotlight_PROLIFIC,,39,Brazil,Portuguese,"English, Spanish",Spanish,Portuguese:50|English:50|Spanish:0,100,Portuguese:30|English:70|Spanish:0,100,Portuguese:50|English:50|Spanish:0,100,18,4,Bachelor's,10,10,10,10,10,10,6,11,0,10,CEFR,C2,,,,,23,25,C1,intermediate|advanced,advanced|intermediate,cambridge_22_25_intermediate_advanced,4,18,random,,,,,,,,145.556640625,704.775390625,166.806640625,769.130859375,2,11,,,,,,2026-08-09T14:42:39.026Z,8T7CGK8F,2026-08-09,2026-08-09,11:42:39,2026-08-09 11:42:39,,,,,,,,6986a6c5d1f10ba22361229e,6986a6c5d1f10ba22361229e,,,,
1684,hover_association,2,3,adv,2,2,2,3,27, popular ,713,137,,6986a6c5d1f10ba22361229e,6986a6c5d1f10ba22361229e,advanced,2,6986a6c5d1f10ba22361229e,6986a6c5d1f10ba22361229e,spotlight_PROLIFIC,,39,Brazil,Portuguese,"English, Spanish",Spanish,Portuguese:50|English:50|Spanish:0,100,Portuguese:30|English:70|Spanish:0,100,Portuguese:50|English:50|Spanish:0,100,18,4,Bachelor's,10,10,10,10,10,10,6,11,0,10,CEFR,C2,,,,,23,25,C1,intermediate|advanced,advanced|intermediate,cambridge_22_25_intermediate_advanced,4,18,random,,hover,83.40000009536743,83.40000009536743,0.9824279210925645,0.245458984375,159,136.181640625,704.775390625,176.181640625,769.130859375,2,11,,,,,,2026-08-09T14:42:39.026Z,8T7CGK8F,2026-08-09,2026-08-09,11:42:39,2026-08-09 11:42:39,,,,,,,,6986a6c5d1f10ba22361229e,6986a6c5d1f10ba22361229e,,,,
1687,raw_position_sample,2,3,adv,2,2,2,3,28, in ,779,148,480325.89999985695,6986a6c5d1f10ba22361229e,6986a6c5d1f10ba22361229e,advanced,2,6986a6c5d1f10ba22361229e,6986a6c5d1f10ba22361229e,spotlight_PROLIFIC,,39,Brazil,Portuguese,"English, Spanish",Spanish,Portuguese:50|English:50|Spanish:0,100,Portuguese:30|English:70|Spanish:0,100,Portuguese:50|English:50|Spanish:0,100,18,4,Bachelor's,10,10,10,10,10,10,6,11,0,10,CEFR,C2,,,,,23,25,C1,intermediate|advanced,advanced|intermediate,cambridge_22_25_intermediate_advanced,4,18,random,,,,,,,,145.556640625,769.130859375,166.806640625,787.2265625,2,12,,,,,,2026-08-09T14:42:39.026Z,8T7CGK8F,2026-08-09,2026-08-09,11:42:39,2026-08-09 11:42:39,,,,,,,,6986a6c5d1f10ba22361229e,6986a6c5d1f10ba22361229e,,,,
1717,hover_association,2,3,adv,2,2,2,3,28, in ,779,148,,6986a6c5d1f10ba22361229e,6986a6c5d1f10ba22361229e,advanced,2,6986a6c5d1f10ba22361229e,6986a6c5d1f10ba22361229e,spotlight_PROLIFIC,,39,Brazil,Portuguese,"English, Spanish",Spanish,Portuguese:50|English:50|Spanish:0,100,Portuguese:30|English:70|Spanish:0,100,Portuguese:50|English:50|Spanish:0,100,18,4,Bachelor's,10,10,10,10,10,10,6,11,0,10,CEFR,C2,,,,,23,25,C1,intermediate|advanced,advanced|intermediate,cambridge_22_25_intermediate_advanced,4,18,random,,hover,33.299999952316284,33.299999952316284,0.8769562871019968,0.320458984375,159,136.181640625,769.130859375,176.181640625,787.2265625,2,12,,,,,,2026-08-09T14:42:39.026Z,8T7CGK8F,2026-08-09,2026-08-09,11:42:39,2026-08-09 11:42:39,,,,,,,,6986a6c5d1f10ba22361229e,6986a6c5d1f10ba22361229e,,,,
1737,raw_position_sample,2,3,adv,2,2,2,3,29, Europe. ,794,150,480375.89999985695,6986a6c5d1f10ba22361229e,6986a6c5d1f10ba22361229e,advanced,2,6986a6c5d1f10ba22361229e,6986a6c5d1f10ba22361229e,spotlight_PROLIFIC,,39,Brazil,Portuguese,"English, Spanish",Spanish,Portuguese:50|English:50|Spanish:0,100,Portuguese:30|English:70|Spanish:0,100,Portuguese:50|English:50|Spanish:0,100,18,4,Bachelor's,10,10,10,10,10,10,6,11,0,10,CEFR,C2,,,,,23,25,C1,intermediate|advanced,advanced|intermediate,cambridge_22_25_intermediate_advanced,4,18,random,,,,,,,,145.556640625,787.2265625,166.806640625,851.62109375,2,13,,,,,,2026-08-09T14:42:39.026Z,8T7CGK8F,2026-08-09,2026-08-09,11:42:39,2026-08-09 11:42:39,,,,,,,,6986a6c5d1f10ba22361229e,6986a6c5d1f10ba22361229e,,,,
1787,raw_position_sample,2,3,adv,2,2,2,3,29, Europe. ,797,150,480426,6986a6c5d1f10ba22361229e,6986a6c5d1f10ba22361229e,advanced,2,6986a6c5d1f10ba22361229e,6986a6c5d1f10ba22361229e,spotlight_PROLIFIC,,39,Brazil,Portuguese,"English, Spanish",Spanish,Portuguese:50|English:50|Spanish:0,100,Portuguese:30|English:70|Spanish:0,100,Portuguese:50|English:50|Spanish:0,100,18,4,Bachelor's,10,10,10,10,10,10,6,11,0,10,CEFR,C2,,,,,23,25,C1,intermediate|advanced,advanced|intermediate,cambridge_22_25_intermediate_advanced,4,18,random,,,,,,,,145.556640625,787.2265625,166.806640625,851.62109375,2,13,,,,,,2026-08-09T14:42:39.026Z,8T7CGK8F,2026-08-09,2026-08-09,11:42:39,2026-08-09 11:42:39,,,,,,,,6986a6c5d1f10ba22361229e,6986a6c5d1f10ba22361229e,,,,
1837,raw_position_sample,2,3,adv,2,2,2,3,29, Europe. ,797,150,480476.39999985695,6986a6c5d1f10ba22361229e,6986a6c5d1f10ba22361229e,advanced,2,6986a6c5d1f10ba22361229e,6986a6c5d1f10ba22361229e,spotlight_PROLIFIC,,39,Brazil,Portuguese,"English, Spanish",Spanish,Portuguese:50|English:50|Spanish:0,100,Portuguese:30|English:70|Spanish:0,100,Portuguese:50|English:50|Spanish:0,100,18,4,Bachelor's,10,10,10,10,10,10,6,11,0,10,CEFR,C2,,,,,23,25,C1,intermediate|advanced,advanced|intermediate,cambridge_22_25_intermediate_advanced,4,18,random,,,,,,,,145.556640625,787.2265625,166.806640625,851.62109375,2,13,,,,,,2026-08-09T14:42:39.026Z,8T7CGK8F,2026-08-09,2026-08-09,11:42:39,2026-08-09 11:42:39,,,,,,,,6986a6c5d1f10ba22361229e,6986a6c5d1f10ba22361229e,,,,
1887,raw_position_sample,2,3,adv,2,2,2,3,29, Europe. ,799,152,480525.7000000477,6986a6c5d1f10ba22361229e,6986a6c5d1f10ba22361229e,advanced,2,6986a6c5d1f10ba22361229e,6986a6c5d1f10ba22361229e,spotlight_PROLIFIC,,39,Brazil,Portuguese,"English, Spanish",Spanish,Portuguese:50|English:50|Spanish:0,100,Portuguese:30|English:70|Spanish:0,100,Portuguese:50|English:50|Spanish:0,100,18,4,Bachelor's,10,10,10,10,10,10,6,11,0,10,CEFR,C2,,,,,23,25,C1,intermediate|advanced,advanced|intermediate,cambridge_22_25_intermediate_advanced,4,18,random,,,,,,,,145.556640625,787.2265625,166.806640625,851.62109375,2,13,,,,,,2026-08-09T14:42:39.026Z,8T7CGK8F,2026-08-09,2026-08-09,11:42:39,2026-08-09 11:42:39,,,,,,,,6986a6c5d1f10ba22361229e,6986a6c5d1f10ba22361229e,,,,
1937,raw_position_sample,2,3,adv,2,2,2,3,29, Europe. ,804,156,480576,6986a6c5d1f10ba22361229e,6986a6c5d1f10ba22361229e,advanced,2,6986a6c5d1f10ba22361229e,6986a6c5d1f10ba22361229e,spotlight_PROLIFIC,,39,Brazil,Portuguese,"English, Spanish",Spanish,Portuguese:50|English:50|Spanish:0,100,Portuguese:30|English:70|Spanish:0,100,Portuguese:50|English:50|Spanish:0,100,18,4,Bachelor's,10,10,10,10,10,10,6,11,0,10,CEFR,C2,,,,,23,25,C1,intermediate|advanced,advanced|intermediate,cambridge_22_25_intermediate_advanced,4,18,random,,,,,,,,145.556640625,787.2265625,166.806640625,851.62109375,2,13,,,,,,2026-08-09T14:42:39.026Z,8T7CGK8F,2026-08-09,2026-08-09,11:42:39,2026-08-09 11:42:39,,,,,,,,6986a6c5d1f10ba22361229e,6986a6c5d1f10ba22361229e,,,,
1986,raw_position_sample,2,3,adv,2,2,2,3,29, Europe. ,807,158,480625.2999999523,6986a6c5d1f10ba22361229e,6986a6c5d1f10ba22361229e,advanced,2,6986a6c5d1f10ba22361229e,6986a6c5d1f10ba22361229e,spotlight_PROLIFIC,,39,Brazil,Portuguese,"English, Spanish",Spanish,Portuguese:50|English:50|Spanish:0,100,Portuguese:30|English:70|Spanish:0,100,Portuguese:50|English:50|Spanish:0,100,18,4,Bachelor's,10,10,10,10,10,10,6,11,0,10,CEFR,C2,,,,,23,25,C1,intermediate|advanced,advanced|intermediate,cambridge_22_25_intermediate_advanced,4,18,random,,,,,,,,145.556640625,787.2265625,166.806640625,851.62109375,2,13,,,,,,2026-08-09T14:42:39.026Z,8T7CGK8F,2026-08-09,2026-08-09,11:42:39,2026-08-09 11:42:39,,,,,,,,6986a6c5d1f10ba22361229e,6986a6c5d1f10ba22361229e,,,,
2037,raw_position_sample,2,3,adv,2,2,2,3,29, Europe. ,792,155,480676,6986a6c5d1f10ba22361229e,6986a6c5d1f10ba22361229e,advanced,2,6986a6c5d1f10ba22361229e,6986a6c5d1f10ba22361229e,spotlight_PROLIFIC,,39,Brazil,Portuguese,"English, Spanish",Spanish,Portuguese:50|English:50|Spanish:0,100,Portuguese:30|English:70|Spanish:0,100,Portuguese:50|English:50|Spanish:0,100,18,4,Bachelor's,10,10,10,10,10,10,6,11,0,10,CEFR,C2,,,,,23,25,C1,intermediate|advanced,advanced|intermediate,cambridge_22_25_intermediate_advanced,4,18,random,,,,,,,,145.556640625,787.2265625,166.806640625,851.62109375,2,13,,,,,,2026-08-09T14:42:39.026Z,8T7CGK8F,2026-08-09,2026-08-09,11:42:39,2026-08-09 11:42:39,,,,,,,,6986a6c5d1f10ba22361229e,6986a6c5d1f10ba22361229e,,,,
2049,hover_association,2,3,adv,2,2,2,3,29, Europe. ,791,149,,6986a6c5d1f10ba22361229e,6986a6c5d1f10ba22361229e,advanced,2,6986a6c5d1f10ba22361229e,6986a6c5d1f10ba22361229e,spotlight_PROLIFIC,,39,Brazil,Portuguese,"English, Spanish",Spanish,Portuguese:50|English:50|Spanish:0,100,Portuguese:30|English:70|Spanish:0,100,Portuguese:50|English:50|Spanish:0,100,18,4,Bachelor's,10,10,10,10,10,10,6,11,0,10,CEFR,C2,,,,,23,25,C1,intermediate|advanced,advanced|intermediate,cambridge_22_25_intermediate_advanced,4,18,random,,hover,332.2999999523163,332.2999999523163,0.07412799514710343,0.470458984375,159,136.181640625,787.2265625,176.181640625,851.62109375,2,13,,,,,,2026-08-09T14:42:39.026Z,8T7CGK8F,2026-08-09,2026-08-09,11:42:39,2026-08-09 11:42:39,,,,,,,,6986a6c5d1f10ba22361229e,6986a6c5d1f10ba22361229e,,,,
2067,hover_association,2,3,adv,2,2,2,3,27, popular ,765,146,,6986a6c5d1f10ba22361229e,6986a6c5d1f10ba22361229e,advanced,2,6986a6c5d1f10ba22361229e,6986a6c5d1f10ba22361229e,spotlight_PROLIFIC,,39,Brazil,Portuguese,"English, Spanish",Spanish,Portuguese:50|English:50|Spanish:0,100,Portuguese:30|English:70|Spanish:0,100,Portuguese:50|English:50|Spanish:0,100,18,4,Bachelor's,10,10,10,10,10,10,6,11,0,10,CEFR,C2,,,,,23,25,C1,intermediate|advanced,advanced|intermediate,cambridge_22_25_intermediate_advanced,4,18,random,,hover,17.59999990463257,17.59999990463257,0.9358118361153263,0.245458984375,159,136.181640625,704.775390625,176.181640625,769.130859375,2,11,,,,,,2026-08-09T14:42:39.026Z,8T7CGK8F,2026-08-09,2026-08-09,11:42:39,2026-08-09 11:42:39,,,,,,,,6986a6c5d1f10ba22361229e,6986a6c5d1f10ba22361229e,,,,
2087,raw_position_sample,2,3,adv,2,2,2,3,10, criminal ,713,128,480726,6986a6c5d1f10ba22361229e,6986a6c5d1f10ba22361229e,advanced,2,6986a6c5d1f10ba22361229e,6986a6c5d1f10ba22361229e,spotlight_PROLIFIC,,39,Brazil,Portuguese,"English, Spanish",Spanish,Portuguese:50|English:50|Spanish:0,100,Portuguese:30|English:70|Spanish:0,100,Portuguese:50|English:50|Spanish:0,100,18,4,Bachelor's,10,10,10,10,10,10,6,11,0,10,CEFR,C2,,,,,23,25,C1,intermediate|advanced,advanced|intermediate,cambridge_22_25_intermediate_advanced,4,18,random,,,,,,,,105.556640625,666.162109375,126.806640625,733.037109375,1,10,,,,,,2026-08-09T14:42:39.026Z,8T7CGK8F,2026-08-09,2026-08-09,11:42:39,2026-08-09 11:42:39,,,,,,,,6986a6c5d1f10ba22361229e,6986a6c5d1f10ba22361229e,,,,
2134,hover_association,2,3,adv,2,2,2,3,10, criminal ,732,135,,6986a6c5d1f10ba22361229e,6986a6c5d1f10ba22361229e,advanced,2,6986a6c5d1f10ba22361229e,6986a6c5d1f10ba22361229e,spotlight_PROLIFIC,,39,Brazil,Portuguese,"English, Spanish",Spanish,Portuguese:50|English:50|Spanish:0,100,Portuguese:30|English:70|Spanish:0,100,Portuguese:50|English:50|Spanish:0,100,18,4,Bachelor's,10,10,10,10,10,10,6,11,0,10,CEFR,C2,,,,,23,25,C1,intermediate|advanced,advanced|intermediate,cambridge_22_25_intermediate_advanced,4,18,random,,hover,66.70000004768372,66.70000004768372,0.07234228971962617,0.520458984375,159,96.181640625,666.162109375,136.181640625,733.037109375,1,10,,,,,,2026-08-09T14:42:39.026Z,8T7CGK8F,2026-08-09,2026-08-09,11:42:39,2026-08-09 11:42:39,,,,,,,,6986a6c5d1f10ba22361229e,6986a6c5d1f10ba22361229e,,,,
2137,raw_position_sample,2,3,adv,2,2,2,3,9, in ,651,116,480775.7999999523,6986a6c5d1f10ba22361229e,6986a6c5d1f10ba22361229e,advanced,2,6986a6c5d1f10ba22361229e,6986a6c5d1f10ba22361229e,spotlight_PROLIFIC,,39,Brazil,Portuguese,"English, Spanish",Spanish,Portuguese:50|English:50|Spanish:0,100,Portuguese:30|English:70|Spanish:0,100,Portuguese:50|English:50|Spanish:0,100,18,4,Bachelor's,10,10,10,10,10,10,6,11,0,10,CEFR,C2,,,,,23,25,C1,intermediate|advanced,advanced|intermediate,cambridge_22_25_intermediate_advanced,4,18,random,,,,,,,,105.556640625,648.06640625,126.806640625,666.162109375,1,9,,,,,,2026-08-09T14:42:39.026Z,8T7CGK8F,2026-08-09,2026-08-09,11:42:39,2026-08-09 11:42:39,,,,,,,,6986a6c5d1f10ba22361229e,6986a6c5d1f10ba22361229e,,,,
2151,hover_association,2,3,adv,2,2,2,3,9, in ,651,116,,6986a6c5d1f10ba22361229e,6986a6c5d1f10ba22361229e,advanced,2,6986a6c5d1f10ba22361229e,6986a6c5d1f10ba22361229e,spotlight_PROLIFIC,,39,Brazil,Portuguese,"English, Spanish",Spanish,Portuguese:50|English:50|Spanish:0,100,Portuguese:30|English:70|Spanish:0,100,Portuguese:50|English:50|Spanish:0,100,18,4,Bachelor's,10,10,10,10,10,10,6,11,0,10,CEFR,C2,,,,,23,25,C1,intermediate|advanced,advanced|intermediate,cambridge_22_25_intermediate_advanced,4,18,random,,hover,16.799999952316284,16.799999952316284,0.16211548839719375,0.495458984375,159,96.181640625,648.06640625,136.181640625,666.162109375,1,9,,,,,,2026-08-09T14:42:39.026Z,8T7CGK8F,2026-08-09,2026-08-09,11:42:39,2026-08-09 11:42:39,,,,,,,,6986a6c5d1f10ba22361229e,6986a6c5d1f10ba22361229e,,,,
2167,hover_association,2,3,adv,2,2,2,3,8, US ,635,116,,6986a6c5d1f10ba22361229e,6986a6c5d1f10ba22361229e,advanced,2,6986a6c5d1f10ba22361229e,6986a6c5d1f10ba22361229e,spotlight_PROLIFIC,,39,Brazil,Portuguese,"English, Spanish",Spanish,Portuguese:50|English:50|Spanish:0,100,Portuguese:30|English:70|Spanish:0,100,Portuguese:50|English:50|Spanish:0,100,18,4,Bachelor's,10,10,10,10,10,10,6,11,0,10,CEFR,C2,,,,,23,25,C1,intermediate|advanced,advanced|intermediate,cambridge_22_25_intermediate_advanced,4,18,random,,hover,16.5,16.5,0.5005599104143337,0.495458984375,159,96.181640625,621.904296875,136.181640625,648.06640625,1,8,,,,,,2026-08-09T14:42:39.026Z,8T7CGK8F,2026-08-09,2026-08-09,11:42:39,2026-08-09 11:42:39,,,,,,,,6986a6c5d1f10ba22361229e,6986a6c5d1f10ba22361229e,,,,
2187,raw_position_sample,2,3,adv,2,2,2,3,7, the ,606,118,480826,6986a6c5d1f10ba22361229e,6986a6c5d1f10ba22361229e,advanced,2,6986a6c5d1f10ba22361229e,6986a6c5d1f10ba22361229e,spotlight_PROLIFIC,,39,Brazil,Portuguese,"English, Spanish",Spanish,Portuguese:50|English:50|Spanish:0,100,Portuguese:30|English:70|Spanish:0,100,Portuguese:50|English:50|Spanish:0,100,18,4,Bachelor's,10,10,10,10,10,10,6,11,0,10,CEFR,C2,,,,,23,25,C1,intermediate|advanced,advanced|intermediate,cambridge_22_25_intermediate_advanced,4,18,random,,,,,,,,105.556640625,592.275390625,126.806640625,621.904296875,1,7,,,,,,2026-08-09T14:42:39.026Z,8T7CGK8F,2026-08-09,2026-08-09,11:42:39,2026-08-09 11:42:39,,,,,,,,6986a6c5d1f10ba22361229e,6986a6c5d1f10ba22361229e,,,,
2200,hover_association,2,3,adv,2,2,2,3,7, the ,620,116,,6986a6c5d1f10ba22361229e,6986a6c5d1f10ba22361229e,advanced,2,6986a6c5d1f10ba22361229e,6986a6c5d1f10ba22361229e,spotlight_PROLIFIC,,39,Brazil,Portuguese,"English, Spanish",Spanish,Portuguese:50|English:50|Spanish:0,100,Portuguese:30|English:70|Spanish:0,100,Portuguese:50|English:50|Spanish:0,100,18,4,Bachelor's,10,10,10,10,10,10,6,11,0,10,CEFR,C2,,,,,23,25,C1,intermediate|advanced,advanced|intermediate,cambridge_22_25_intermediate_advanced,4,18,random,,hover,33.40000009536743,33.40000009536743,0.46321687541199735,0.545458984375,159,96.181640625,592.275390625,136.181640625,621.904296875,1,7,,,,,,2026-08-09T14:42:39.026Z,8T7CGK8F,2026-08-09,2026-08-09,11:42:39,2026-08-09 11:42:39,,,,,,,,6986a6c5d1f10ba22361229e,6986a6c5d1f10ba22361229e,,,,
2234,hover_association,2,3,adv,2,2,2,3,6, in ,591,124,,6986a6c5d1f10ba22361229e,6986a6c5d1f10ba22361229e,advanced,2,6986a6c5d1f10ba22361229e,6986a6c5d1f10ba22361229e,spotlight_PROLIFIC,,39,Brazil,Portuguese,"English, Spanish",Spanish,Portuguese:50|English:50|Spanish:0,100,Portuguese:30|English:70|Spanish:0,100,Portuguese:50|English:50|Spanish:0,100,18,4,Bachelor's,10,10,10,10,10,10,6,11,0,10,CEFR,C2,,,,,23,25,C1,intermediate|advanced,advanced|intermediate,cambridge_22_25_intermediate_advanced,4,18,random,,hover,33.299999952316284,33.299999952316284,0.32164058283864005,0.795458984375,159,96.181640625,574.1796875,136.181640625,592.275390625,1,6,,,,,,2026-08-09T14:42:39.026Z,8T7CGK8F,2026-08-09,2026-08-09,11:42:39,2026-08-09 11:42:39,,,,,,,,6986a6c5d1f10ba22361229e,6986a6c5d1f10ba22361229e,,,,
2237,raw_position_sample,2,3,adv,2,2,2,3,5, used ,571,131,480876.09999990463,6986a6c5d1f10ba22361229e,6986a6c5d1f10ba22361229e,advanced,2,6986a6c5d1f10ba22361229e,6986a6c5d1f10ba22361229e,spotlight_PROLIFIC,,39,Brazil,Portuguese,"English, Spanish",Spanish,Portuguese:50|English:50|Spanish:0,100,Portuguese:30|English:70|Spanish:0,100,Portuguese:50|English:50|Spanish:0,100,18,4,Bachelor's,10,10,10,10,10,10,6,11,0,10,CEFR,C2,,,,,23,25,C1,intermediate|advanced,advanced|intermediate,cambridge_22_25_intermediate_advanced,4,18,random,,,,,,,,105.556640625,533.388671875,126.806640625,574.1796875,1,5,,,,,,2026-08-09T14:42:39.026Z,8T7CGK8F,2026-08-09,2026-08-09,11:42:39,2026-08-09 11:42:39,,,,,,,,6986a6c5d1f10ba22361229e,6986a6c5d1f10ba22361229e,,,,
2287,raw_position_sample,2,3,adv,2,2,2,3,5, used ,557,135,480926.09999990463,6986a6c5d1f10ba22361229e,6986a6c5d1f10ba22361229e,advanced,2,6986a6c5d1f10ba22361229e,6986a6c5d1f10ba22361229e,spotlight_PROLIFIC,,39,Brazil,Portuguese,"English, Spanish",Spanish,Portuguese:50|English:50|Spanish:0,100,Portuguese:30|English:70|Spanish:0,100,Portuguese:50|English:50|Spanish:0,100,18,4,Bachelor's,10,10,10,10,10,10,6,11,0,10,CEFR,C2,,,,,23,25,C1,intermediate|advanced,advanced|intermediate,cambridge_22_25_intermediate_advanced,4,18,random,,,,,,,,105.556640625,533.388671875,126.806640625,574.1796875,1,5,,,,,,2026-08-09T14:42:39.026Z,8T7CGK8F,2026-08-09,2026-08-09,11:42:39,2026-08-09 11:42:39,,,,,,,,6986a6c5d1f10ba22361229e,6986a6c5d1f10ba22361229e,,,,
2337,raw_position_sample,2,3,adv,2,2,2,3,5, used ,553,136,480975.89999985695,6986a6c5d1f10ba22361229e,6986a6c5d1f10ba22361229e,advanced,2,6986a6c5d1f10ba22361229e,6986a6c5d1f10ba22361229e,spotlight_PROLIFIC,,39,Brazil,Portuguese,"English, Spanish",Spanish,Portuguese:50|English:50|Spanish:0,100,Portuguese:30|English:70|Spanish:0,100,Portuguese:50|English:50|Spanish:0,100,18,4,Bachelor's,10,10,10,10,10,10,6,11,0,10,CEFR,C2,,,,,23,25,C1,intermediate|advanced,advanced|intermediate,cambridge_22_25_intermediate_advanced,4,18,random,,,,,,,,105.556640625,533.388671875,126.806640625,574.1796875,1,5,,,,,,2026-08-09T14:42:39.026Z,8T7CGK8F,2026-08-09,2026-08-09,11:42:39,2026-08-09 11:42:39,,,,,,,,6986a6c5d1f10ba22361229e,6986a6c5d1f10ba22361229e,,,,
2386,raw_position_sample,2,3,adv,2,2,2,3,5, used ,552,136,481025.39999985695,6986a6c5d1f10ba22361229e,6986a6c5d1f10ba22361229e,advanced,2,6986a6c5d1f10ba22361229e,6986a6c5d1f10ba22361229e,spotlight_PROLIFIC,,39,Brazil,Portuguese,"English, Spanish",Spanish,Portuguese:50|English:50|Spanish:0,100,Portuguese:30|English:70|Spanish:0,100,Portuguese:50|English:50|Spanish:0,100,18,4,Bachelor's,10,10,10,10,10,10,6,11,0,10,CEFR,C2,,,,,23,25,C1,intermediate|advanced,advanced|intermediate,cambridge_22_25_intermediate_advanced,4,18,random,,,,,,,,105.556640625,533.388671875,126.806640625,574.1796875,1,5,,,,,,2026-08-09T14:42:39.026Z,8T7CGK8F,2026-08-09,2026-08-09,11:42:39,2026-08-09 11:42:39,,,,,,,,6986a6c5d1f10ba22361229e,6986a6c5d1f10ba22361229e,,,,
2436,raw_position_sample,2,3,adv,2,2,2,3,5, used ,552,136,481075.39999985695,6986a6c5d1f10ba22361229e,6986a6c5d1f10ba22361229e,advanced,2,6986a6c5d1f10ba22361229e,6986a6c5d1f10ba22361229e,spotlight_PROLIFIC,,39,Brazil,Portuguese,"English, Spanish",Spanish,Portuguese:50|English:50|Spanish:0,100,Portuguese:30|English:70|Spanish:0,100,Portuguese:50|English:50|Spanish:0,100,18,4,Bachelor's,10,10,10,10,10,10,6,11,0,10,CEFR,C2,,,,,23,25,C1,intermediate|advanced,advanced|intermediate,cambridge_22_25_intermediate_advanced,4,18,random,,,,,,,,105.556640625,533.388671875,126.806640625,574.1796875,1,5,,,,,,2026-08-09T14:42:39.026Z,8T7CGK8F,2026-08-09,2026-08-09,11:42:39,2026-08-09 11:42:39,,,,,,,,6986a6c5d1f10ba22361229e,6986a6c5d1f10ba22361229e,,,,
2487,raw_position_sample,2,3,adv,2,2,2,3,5, used ,559,136,481125.7999999523,6986a6c5d1f10ba22361229e,6986a6c5d1f10ba22361229e,advanced,2,6986a6c5d1f10ba22361229e,6986a6c5d1f10ba22361229e,spotlight_PROLIFIC,,39,Brazil,Portuguese,"English, Spanish",Spanish,Portuguese:50|English:50|Spanish:0,100,Portuguese:30|English:70|Spanish:0,100,Portuguese:50|English:50|Spanish:0,100,18,4,Bachelor's,10,10,10,10,10,10,6,11,0,10,CEFR,C2,,,,,23,25,C1,intermediate|advanced,advanced|intermediate,cambridge_22_25_intermediate_advanced,4,18,random,,,,,,,,105.556640625,533.388671875,126.806640625,574.1796875,1,5,,,,,,2026-08-09T14:42:39.026Z,8T7CGK8F,2026-08-09,2026-08-09,11:42:39,2026-08-09 11:42:39,,,,,,,,6986a6c5d1f10ba22361229e,6986a6c5d1f10ba22361229e,,,,
2517,hover_association,2,3,adv,2,2,2,3,5, used ,571,131,,6986a6c5d1f10ba22361229e,6986a6c5d1f10ba22361229e,advanced,2,6986a6c5d1f10ba22361229e,6986a6c5d1f10ba22361229e,spotlight_PROLIFIC,,39,Brazil,Portuguese,"English, Spanish",Spanish,Portuguese:50|English:50|Spanish:0,100,Portuguese:30|English:70|Spanish:0,100,Portuguese:50|English:50|Spanish:0,100,18,4,Bachelor's,10,10,10,10,10,10,6,11,0,10,CEFR,C2,,,,,23,25,C1,intermediate|advanced,advanced|intermediate,cambridge_22_25_intermediate_advanced,4,18,random,,hover,283.40000009536743,283.40000009536743,0.8730189130955232,0.995458984375,159,96.181640625,533.388671875,136.181640625,574.1796875,1,5,,,,,,2026-08-09T14:42:39.026Z,8T7CGK8F,2026-08-09,2026-08-09,11:42:39,2026-08-09 11:42:39,,,,,,,,6986a6c5d1f10ba22361229e,6986a6c5d1f10ba22361229e,,,,
2534,hover_association,2,3,adv,2,2,2,3,6, in ,588,136,,6986a6c5d1f10ba22361229e,6986a6c5d1f10ba22361229e,advanced,2,6986a6c5d1f10ba22361229e,6986a6c5d1f10ba22361229e,spotlight_PROLIFIC,,39,Brazil,Portuguese,"English, Spanish",Spanish,Portuguese:50|English:50|Spanish:0,100,Portuguese:30|English:70|Spanish:0,100,Portuguese:50|English:50|Spanish:0,100,18,4,Bachelor's,10,10,10,10,10,10,6,11,0,10,CEFR,C2,,,,,23,25,C1,intermediate|advanced,advanced|intermediate,cambridge_22_25_intermediate_advanced,4,18,random,,hover,16.59999990463257,16.59999990463257,0.7637344846195359,0.995458984375,159,96.181640625,574.1796875,136.181640625,592.275390625,1,6,,,,,,2026-08-09T14:42:39.026Z,8T7CGK8F,2026-08-09,2026-08-09,11:42:39,2026-08-09 11:42:39,,,,,,,,6986a6c5d1f10ba22361229e,6986a6c5d1f10ba22361229e,,,,
2537,raw_position_sample,2,3,adv,2,2,2,3,8, US ,622,136,481176.2000000477,6986a6c5d1f10ba22361229e,6986a6c5d1f10ba22361229e,advanced,2,6986a6c5d1f10ba22361229e,6986a6c5d1f10ba22361229e,spotlight_PROLIFIC,,39,Brazil,Portuguese,"English, Spanish",Spanish,Portuguese:50|English:50|Spanish:0,100,Portuguese:30|English:70|Spanish:0,100,Portuguese:50|English:50|Spanish:0,100,18,4,Bachelor's,10,10,10,10,10,10,6,11,0,10,CEFR,C2,,,,,23,25,C1,intermediate|advanced,advanced|intermediate,cambridge_22_25_intermediate_advanced,4,18,random,,,,,,,,105.556640625,621.904296875,126.806640625,648.06640625,1,8,,,,,,2026-08-09T14:42:39.026Z,8T7CGK8F,2026-08-09,2026-08-09,11:42:39,2026-08-09 11:42:39,,,,,,,,6986a6c5d1f10ba22361229e,6986a6c5d1f10ba22361229e,,,,
2550,hover_association,2,3,adv,2,2,2,3,8, US ,622,136,,6986a6c5d1f10ba22361229e,6986a6c5d1f10ba22361229e,advanced,2,6986a6c5d1f10ba22361229e,6986a6c5d1f10ba22361229e,spotlight_PROLIFIC,,39,Brazil,Portuguese,"English, Spanish",Spanish,Portuguese:50|English:50|Spanish:0,100,Portuguese:30|English:70|Spanish:0,100,Portuguese:50|English:50|Spanish:0,100,18,4,Bachelor's,10,10,10,10,10,10,6,11,0,10,CEFR,C2,,,,,23,25,C1,intermediate|advanced,advanced|intermediate,cambridge_22_25_intermediate_advanced,4,18,random,,hover,16.700000047683716,16.700000047683716,0.003658081373646883,0.995458984375,159,96.181640625,621.904296875,136.181640625,648.06640625,1,8,,,,,,2026-08-09T14:42:39.026Z,8T7CGK8F,2026-08-09,2026-08-09,11:42:39,2026-08-09 11:42:39,,,,,,,,6986a6c5d1f10ba22361229e,6986a6c5d1f10ba22361229e,,,,
2587,raw_position_sample,2,3,adv,2,2,2,3,10, criminal ,731,136,481225.7999999523,6986a6c5d1f10ba22361229e,6986a6c5d1f10ba22361229e,advanced,2,6986a6c5d1f10ba22361229e,6986a6c5d1f10ba22361229e,spotlight_PROLIFIC,,39,Brazil,Portuguese,"English, Spanish",Spanish,Portuguese:50|English:50|Spanish:0,100,Portuguese:30|English:70|Spanish:0,100,Portuguese:50|English:50|Spanish:0,100,18,4,Bachelor's,10,10,10,10,10,10,6,11,0,10,CEFR,C2,,,,,23,25,C1,intermediate|advanced,advanced|intermediate,cambridge_22_25_intermediate_advanced,4,18,random,,,,,,,,105.556640625,666.162109375,126.806640625,733.037109375,1,10,,,,,,2026-08-09T14:42:39.026Z,8T7CGK8F,2026-08-09,2026-08-09,11:42:39,2026-08-09 11:42:39,,,,,,,,6986a6c5d1f10ba22361229e,6986a6c5d1f10ba22361229e,,,,
2600,hover_association,2,3,adv,2,2,2,3,10, criminal ,668,136,,6986a6c5d1f10ba22361229e,6986a6c5d1f10ba22361229e,advanced,2,6986a6c5d1f10ba22361229e,6986a6c5d1f10ba22361229e,spotlight_PROLIFIC,,39,Brazil,Portuguese,"English, Spanish",Spanish,Portuguese:50|English:50|Spanish:0,100,Portuguese:30|English:70|Spanish:0,100,Portuguese:50|English:50|Spanish:0,100,18,4,Bachelor's,10,10,10,10,10,10,6,11,0,10,CEFR,C2,,,,,23,25,C1,intermediate|advanced,advanced|intermediate,cambridge_22_25_intermediate_advanced,4,18,random,,hover,49.90000009536743,49.90000009536743,0.9695385514018692,0.995458984375,159,96.181640625,666.162109375,136.181640625,733.037109375,1,10,,,,,,2026-08-09T14:42:39.026Z,8T7CGK8F,2026-08-09,2026-08-09,11:42:39,2026-08-09 11:42:39,,,,,,,,6986a6c5d1f10ba22361229e,6986a6c5d1f10ba22361229e,,,,
2634,hover_association,2,3,adv,2,2,2,3,11, and ,751,136,,6986a6c5d1f10ba22361229e,6986a6c5d1f10ba22361229e,advanced,2,6986a6c5d1f10ba22361229e,6986a6c5d1f10ba22361229e,spotlight_PROLIFIC,,39,Brazil,Portuguese,"English, Spanish",Spanish,Portuguese:50|English:50|Spanish:0,100,Portuguese:30|English:70|Spanish:0,100,Portuguese:50|English:50|Spanish:0,100,18,4,Bachelor's,10,10,10,10,10,10,6,11,0,10,CEFR,C2,,,,,23,25,C1,intermediate|advanced,advanced|intermediate,cambridge_22_25_intermediate_advanced,4,18,random,,hover,33.39999985694885,33.39999985694885,0.8863717872086073,0.995458984375,159,96.181640625,733.037109375,136.181640625,765.712890625,1,11,,,,,,2026-08-09T14:42:39.026Z,8T7CGK8F,2026-08-09,2026-08-09,11:42:39,2026-08-09 11:42:39,,,,,,,,6986a6c5d1f10ba22361229e,6986a6c5d1f10ba22361229e,,,,
2637,raw_position_sample,2,3,adv,2,2,2,3,12, other ,766,136,481276.09999990463,6986a6c5d1f10ba22361229e,6986a6c5d1f10ba22361229e,advanced,2,6986a6c5d1f10ba22361229e,6986a6c5d1f10ba22361229e,spotlight_PROLIFIC,,39,Brazil,Portuguese,"English, Spanish",Spanish,Portuguese:50|English:50|Spanish:0,100,Portuguese:30|English:70|Spanish:0,100,Portuguese:50|English:50|Spanish:0,100,18,4,Bachelor's,10,10,10,10,10,10,6,11,0,10,CEFR,C2,,,,,23,25,C1,intermediate|advanced,advanced|intermediate,cambridge_22_25_intermediate_advanced,4,18,random,,,,,,,,105.556640625,765.712890625,126.806640625,812.607421875,1,12,,,,,,2026-08-09T14:42:39.026Z,8T7CGK8F,2026-08-09,2026-08-09,11:42:39,2026-08-09 11:42:39,,,,,,,,6986a6c5d1f10ba22361229e,6986a6c5d1f10ba22361229e,,,,
2687,raw_position_sample,2,3,adv,2,2,2,3,12, other ,771,136,481325.89999985695,6986a6c5d1f10ba22361229e,6986a6c5d1f10ba22361229e,advanced,2,6986a6c5d1f10ba22361229e,6986a6c5d1f10ba22361229e,spotlight_PROLIFIC,,39,Brazil,Portuguese,"English, Spanish",Spanish,Portuguese:50|English:50|Spanish:0,100,Portuguese:30|English:70|Spanish:0,100,Portuguese:50|English:50|Spanish:0,100,18,4,Bachelor's,10,10,10,10,10,10,6,11,0,10,CEFR,C2,,,,,23,25,C1,intermediate|advanced,advanced|intermediate,cambridge_22_25_intermediate_advanced,4,18,random,,,,,,,,105.556640625,765.712890625,126.806640625,812.607421875,1,12,,,,,,2026-08-09T14:42:39.026Z,8T7CGK8F,2026-08-09,2026-08-09,11:42:39,2026-08-09 11:42:39,,,,,,,,6986a6c5d1f10ba22361229e,6986a6c5d1f10ba22361229e,,,,
2717,hover_association,2,3,adv,2,2,2,3,12, other ,766,136,,6986a6c5d1f10ba22361229e,6986a6c5d1f10ba22361229e,advanced,2,6986a6c5d1f10ba22361229e,6986a6c5d1f10ba22361229e,spotlight_PROLIFIC,,39,Brazil,Portuguese,"English, Spanish",Spanish,Portuguese:50|English:50|Spanish:0,100,Portuguese:30|English:70|Spanish:0,100,Portuguese:50|English:50|Spanish:0,100,18,4,Bachelor's,10,10,10,10,10,10,6,11,0,10,CEFR,C2,,,,,23,25,C1,intermediate|advanced,advanced|intermediate,cambridge_22_25_intermediate_advanced,4,18,random,,hover,83.29999995231628,83.29999995231628,0.13406913785922533,0.995458984375,159,96.181640625,765.712890625,136.181640625,812.607421875,1,12,,,,,,2026-08-09T14:42:39.026Z,8T7CGK8F,2026-08-09,2026-08-09,11:42:39,2026-08-09 11:42:39,,,,,,,,6986a6c5d1f10ba22361229e,6986a6c5d1f10ba22361229e,,,,
2737,raw_position_sample,2,3,adv,2,2,2,3,28, in ,780,137,481375.89999985695,6986a6c5d1f10ba22361229e,6986a6c5d1f10ba22361229e,advanced,2,6986a6c5d1f10ba22361229e,6986a6c5d1f10ba22361229e,spotlight_PROLIFIC,,39,Brazil,Portuguese,"English, Spanish",Spanish,Portuguese:50|English:50|Spanish:0,100,Portuguese:30|English:70|Spanish:0,100,Portuguese:50|English:50|Spanish:0,100,18,4,Bachelor's,10,10,10,10,10,10,6,11,0,10,CEFR,C2,,,,,23,25,C1,intermediate|advanced,advanced|intermediate,cambridge_22_25_intermediate_advanced,4,18,random,,,,,,,,145.556640625,769.130859375,166.806640625,787.2265625,2,12,,,,,,2026-08-09T14:42:39.026Z,8T7CGK8F,2026-08-09,2026-08-09,11:42:39,2026-08-09 11:42:39,,,,,,,,6986a6c5d1f10ba22361229e,6986a6c5d1f10ba22361229e,,,,
2767,hover_association,2,3,adv,2,2,2,3,28, in ,776,137,,6986a6c5d1f10ba22361229e,6986a6c5d1f10ba22361229e,advanced,2,6986a6c5d1f10ba22361229e,6986a6c5d1f10ba22361229e,spotlight_PROLIFIC,,39,Brazil,Portuguese,"English, Spanish",Spanish,Portuguese:50|English:50|Spanish:0,100,Portuguese:30|English:70|Spanish:0,100,Portuguese:50|English:50|Spanish:0,100,18,4,Bachelor's,10,10,10,10,10,10,6,11,0,10,CEFR,C2,,,,,23,25,C1,intermediate|advanced,advanced|intermediate,cambridge_22_25_intermediate_advanced,4,18,random,,hover,50,50,0.9322180248246087,0.045458984375,159,136.181640625,769.130859375,176.181640625,787.2265625,2,12,,,,,,2026-08-09T14:42:39.026Z,8T7CGK8F,2026-08-09,2026-08-09,11:42:39,2026-08-09 11:42:39,,,,,,,,6986a6c5d1f10ba22361229e,6986a6c5d1f10ba22361229e,,,,
2787,raw_position_sample,2,3,adv,2,2,2,3,29, Europe. ,804,140,481425.7000000477,6986a6c5d1f10ba22361229e,6986a6c5d1f10ba22361229e,advanced,2,6986a6c5d1f10ba22361229e,6986a6c5d1f10ba22361229e,spotlight_PROLIFIC,,39,Brazil,Portuguese,"English, Spanish",Spanish,Portuguese:50|English:50|Spanish:0,100,Portuguese:30|English:70|Spanish:0,100,Portuguese:50|English:50|Spanish:0,100,18,4,Bachelor's,10,10,10,10,10,10,6,11,0,10,CEFR,C2,,,,,23,25,C1,intermediate|advanced,advanced|intermediate,cambridge_22_25_intermediate_advanced,4,18,random,,,,,,,,145.556640625,787.2265625,166.806640625,851.62109375,2,13,,,,,,2026-08-09T14:42:39.026Z,8T7CGK8F,2026-08-09,2026-08-09,11:42:39,2026-08-09 11:42:39,,,,,,,,6986a6c5d1f10ba22361229e,6986a6c5d1f10ba22361229e,,,,
2837,raw_position_sample,2,3,adv,2,2,2,3,29, Europe. ,831,144,481475.7999999523,6986a6c5d1f10ba22361229e,6986a6c5d1f10ba22361229e,advanced,2,6986a6c5d1f10ba22361229e,6986a6c5d1f10ba22361229e,spotlight_PROLIFIC,,39,Brazil,Portuguese,"English, Spanish",Spanish,Portuguese:50|English:50|Spanish:0,100,Portuguese:30|English:70|Spanish:0,100,Portuguese:50|English:50|Spanish:0,100,18,4,Bachelor's,10,10,10,10,10,10,6,11,0,10,CEFR,C2,,,,,23,25,C1,intermediate|advanced,advanced|intermediate,cambridge_22_25_intermediate_advanced,4,18,random,,,,,,,,145.556640625,787.2265625,166.806640625,851.62109375,2,13,,,,,,2026-08-09T14:42:39.026Z,8T7CGK8F,2026-08-09,2026-08-09,11:42:39,2026-08-09 11:42:39,,,,,,,,6986a6c5d1f10ba22361229e,6986a6c5d1f10ba22361229e,,,,
2887,raw_position_sample,2,3,adv,2,2,2,3,29, Europe. ,845,145,481525.89999985695,6986a6c5d1f10ba22361229e,6986a6c5d1f10ba22361229e,advanced,2,6986a6c5d1f10ba22361229e,6986a6c5d1f10ba22361229e,spotlight_PROLIFIC,,39,Brazil,Portuguese,"English, Spanish",Spanish,Portuguese:50|English:50|Spanish:0,100,Portuguese:30|English:70|Spanish:0,100,Portuguese:50|English:50|Spanish:0,100,18,4,Bachelor's,10,10,10,10,10,10,6,11,0,10,CEFR,C2,,,,,23,25,C1,intermediate|advanced,advanced|intermediate,cambridge_22_25_intermediate_advanced,4,18,random,,,,,,,,145.556640625,787.2265625,166.806640625,851.62109375,2,13,,,,,,2026-08-09T14:42:39.026Z,8T7CGK8F,2026-08-09,2026-08-09,11:42:39,2026-08-09 11:42:39,,,,,,,,6986a6c5d1f10ba22361229e,6986a6c5d1f10ba22361229e,,,,
2937,raw_position_sample,2,3,adv,2,2,2,3,29, Europe. ,849,146,481575.7999999523,6986a6c5d1f10ba22361229e,6986a6c5d1f10ba22361229e,advanced,2,6986a6c5d1f10ba22361229e,6986a6c5d1f10ba22361229e,spotlight_PROLIFIC,,39,Brazil,Portuguese,"English, Spanish",Spanish,Portuguese:50|English:50|Spanish:0,100,Portuguese:30|English:70|Spanish:0,100,Portuguese:50|English:50|Spanish:0,100,18,4,Bachelor's,10,10,10,10,10,10,6,11,0,10,CEFR,C2,,,,,23,25,C1,intermediate|advanced,advanced|intermediate,cambridge_22_25_intermediate_advanced,4,18,random,,,,,,,,145.556640625,787.2265625,166.806640625,851.62109375,2,13,,,,,,2026-08-09T14:42:39.026Z,8T7CGK8F,2026-08-09,2026-08-09,11:42:39,2026-08-09 11:42:39,,,,,,,,6986a6c5d1f10ba22361229e,6986a6c5d1f10ba22361229e,,,,
2988,raw_position_sample,2,3,adv,2,2,2,3,29, Europe. ,849,146,481626.7000000477,6986a6c5d1f10ba22361229e,6986a6c5d1f10ba22361229e,advanced,2,6986a6c5d1f10ba22361229e,6986a6c5d1f10ba22361229e,spotlight_PROLIFIC,,39,Brazil,Portuguese,"English, Spanish",Spanish,Portuguese:50|English:50|Spanish:0,100,Portuguese:30|English:70|Spanish:0,100,Portuguese:50|English:50|Spanish:0,100,18,4,Bachelor's,10,10,10,10,10,10,6,11,0,10,CEFR,C2,,,,,23,25,C1,intermediate|advanced,advanced|intermediate,cambridge_22_25_intermediate_advanced,4,18,random,,,,,,,,145.556640625,787.2265625,166.806640625,851.62109375,2,13,,,,,,2026-08-09T14:42:39.026Z,8T7CGK8F,2026-08-09,2026-08-09,11:42:39,2026-08-09 11:42:39,,,,,,,,6986a6c5d1f10ba22361229e,6986a6c5d1f10ba22361229e,,,,
3037,raw_position_sample,2,3,adv,2,2,2,3,29, Europe. ,848,149,481676,6986a6c5d1f10ba22361229e,6986a6c5d1f10ba22361229e,advanced,2,6986a6c5d1f10ba22361229e,6986a6c5d1f10ba22361229e,spotlight_PROLIFIC,,39,Brazil,Portuguese,"English, Spanish",Spanish,Portuguese:50|English:50|Spanish:0,100,Portuguese:30|English:70|Spanish:0,100,Portuguese:50|English:50|Spanish:0,100,18,4,Bachelor's,10,10,10,10,10,10,6,11,0,10,CEFR,C2,,,,,23,25,C1,intermediate|advanced,advanced|intermediate,cambridge_22_25_intermediate_advanced,4,18,random,,,,,,,,145.556640625,787.2265625,166.806640625,851.62109375,2,13,,,,,,2026-08-09T14:42:39.026Z,8T7CGK8F,2026-08-09,2026-08-09,11:42:39,2026-08-09 11:42:39,,,,,,,,6986a6c5d1f10ba22361229e,6986a6c5d1f10ba22361229e,,,,
3087,raw_position_sample,2,3,adv,2,2,2,3,29, Europe. ,846,156,481725.89999985695,6986a6c5d1f10ba22361229e,6986a6c5d1f10ba22361229e,advanced,2,6986a6c5d1f10ba22361229e,6986a6c5d1f10ba22361229e,spotlight_PROLIFIC,,39,Brazil,Portuguese,"English, Spanish",Spanish,Portuguese:50|English:50|Spanish:0,100,Portuguese:30|English:70|Spanish:0,100,Portuguese:50|English:50|Spanish:0,100,18,4,Bachelor's,10,10,10,10,10,10,6,11,0,10,CEFR,C2,,,,,23,25,C1,intermediate|advanced,advanced|intermediate,cambridge_22_25_intermediate_advanced,4,18,random,,,,,,,,145.556640625,787.2265625,166.806640625,851.62109375,2,13,,,,,,2026-08-09T14:42:39.026Z,8T7CGK8F,2026-08-09,2026-08-09,11:42:39,2026-08-09 11:42:39,,,,,,,,6986a6c5d1f10ba22361229e,6986a6c5d1f10ba22361229e,,,,
3137,raw_position_sample,2,3,adv,2,2,2,3,29, Europe. ,839,165,481775.7000000477,6986a6c5d1f10ba22361229e,6986a6c5d1f10ba22361229e,advanced,2,6986a6c5d1f10ba22361229e,6986a6c5d1f10ba22361229e,spotlight_PROLIFIC,,39,Brazil,Portuguese,"English, Spanish",Spanish,Portuguese:50|English:50|Spanish:0,100,Portuguese:30|English:70|Spanish:0,100,Portuguese:50|English:50|Spanish:0,100,18,4,Bachelor's,10,10,10,10,10,10,6,11,0,10,CEFR,C2,,,,,23,25,C1,intermediate|advanced,advanced|intermediate,cambridge_22_25_intermediate_advanced,4,18,random,,,,,,,,145.556640625,787.2265625,166.806640625,851.62109375,2,13,,,,,,2026-08-09T14:42:39.026Z,8T7CGK8F,2026-08-09,2026-08-09,11:42:39,2026-08-09 11:42:39,,,,,,,,6986a6c5d1f10ba22361229e,6986a6c5d1f10ba22361229e,,,,
3167,hover_association,2,3,adv,2,2,2,3,29, Europe. ,794,139,,6986a6c5d1f10ba22361229e,6986a6c5d1f10ba22361229e,advanced,2,6986a6c5d1f10ba22361229e,6986a6c5d1f10ba22361229e,spotlight_PROLIFIC,,39,Brazil,Portuguese,"English, Spanish",Spanish,Portuguese:50|English:50|Spanish:0,100,Portuguese:30|English:70|Spanish:0,100,Portuguese:50|English:50|Spanish:0,100,18,4,Bachelor's,10,10,10,10,10,10,6,11,0,10,CEFR,C2,,,,,23,25,C1,intermediate|advanced,advanced|intermediate,cambridge_22_25_intermediate_advanced,4,18,random,,hover,400,400,0.6176524112829845,0.920458984375,159,136.181640625,787.2265625,176.181640625,851.62109375,2,13,,,,,,2026-08-09T14:42:39.026Z,8T7CGK8F,2026-08-09,2026-08-09,11:42:39,2026-08-09 11:42:39,,,,,,,,6986a6c5d1f10ba22361229e,6986a6c5d1f10ba22361229e,,,,
3184,hover_association,2,3,adv,2,2,2,3,44, its ,810,184,,6986a6c5d1f10ba22361229e,6986a6c5d1f10ba22361229e,advanced,2,6986a6c5d1f10ba22361229e,6986a6c5d1f10ba22361229e,spotlight_PROLIFIC,,39,Brazil,Portuguese,"English, Spanish",Spanish,Portuguese:50|English:50|Spanish:0,100,Portuguese:30|English:70|Spanish:0,100,Portuguese:50|English:50|Spanish:0,100,18,4,Bachelor's,10,10,10,10,10,10,6,11,0,10,CEFR,C2,,,,,23,25,C1,intermediate|advanced,advanced|intermediate,cambridge_22_25_intermediate_advanced,4,18,random,,hover,16.700000047683716,16.700000047683716,0.39939550949913644,0.195458984375,159,176.181640625,800.966796875,216.181640625,823.583984375,3,10,,,,,,2026-08-09T14:42:39.026Z,8T7CGK8F,2026-08-09,2026-08-09,11:42:39,2026-08-09 11:42:39,,,,,,,,6986a6c5d1f10ba22361229e,6986a6c5d1f10ba22361229e,,,,
3187,raw_position_sample,2,3,adv,2,2,2,3,43, about ,786,197,481826.09999990463,6986a6c5d1f10ba22361229e,6986a6c5d1f10ba22361229e,advanced,2,6986a6c5d1f10ba22361229e,6986a6c5d1f10ba22361229e,spotlight_PROLIFIC,,39,Brazil,Portuguese,"English, Spanish",Spanish,Portuguese:50|English:50|Spanish:0,100,Portuguese:30|English:70|Spanish:0,100,Portuguese:50|English:50|Spanish:0,100,18,4,Bachelor's,10,10,10,10,10,10,6,11,0,10,CEFR,C2,,,,,23,25,C1,intermediate|advanced,advanced|intermediate,cambridge_22_25_intermediate_advanced,4,18,random,,,,,,,,185.556640625,751.572265625,206.806640625,800.966796875,3,9,,,,,,2026-08-09T14:42:39.026Z,8T7CGK8F,2026-08-09,2026-08-09,11:42:39,2026-08-09 11:42:39,,,,,,,,6986a6c5d1f10ba22361229e,6986a6c5d1f10ba22361229e,,,,
3217,hover_association,2,3,adv,2,2,2,3,43, about ,786,197,,6986a6c5d1f10ba22361229e,6986a6c5d1f10ba22361229e,advanced,2,6986a6c5d1f10ba22361229e,6986a6c5d1f10ba22361229e,spotlight_PROLIFIC,,39,Brazil,Portuguese,"English, Spanish",Spanish,Portuguese:50|English:50|Spanish:0,100,Portuguese:30|English:70|Spanish:0,100,Portuguese:50|English:50|Spanish:0,100,18,4,Bachelor's,10,10,10,10,10,10,6,11,0,10,CEFR,C2,,,,,23,25,C1,intermediate|advanced,advanced|intermediate,cambridge_22_25_intermediate_advanced,4,18,random,,hover,33.299999952316284,33.299999952316284,0.13013048635824437,0.870458984375,159,176.181640625,751.572265625,216.181640625,800.966796875,3,9,,,,,,2026-08-09T14:42:39.026Z,8T7CGK8F,2026-08-09,2026-08-09,11:42:39,2026-08-09 11:42:39,,,,,,,,6986a6c5d1f10ba22361229e,6986a6c5d1f10ba22361229e,,,,
3234,hover_association,2,3,adv,2,2,2,3,55, has ,729,226,,6986a6c5d1f10ba22361229e,6986a6c5d1f10ba22361229e,advanced,2,6986a6c5d1f10ba22361229e,6986a6c5d1f10ba22361229e,spotlight_PROLIFIC,,39,Brazil,Portuguese,"English, Spanish",Spanish,Portuguese:50|English:50|Spanish:0,100,Portuguese:30|English:70|Spanish:0,100,Portuguese:50|English:50|Spanish:0,100,18,4,Bachelor's,10,10,10,10,10,10,6,11,0,10,CEFR,C2,,,,,23,25,C1,intermediate|advanced,advanced|intermediate,cambridge_22_25_intermediate_advanced,4,18,random,,hover,16.700000047683716,16.700000047683716,0.5852374839537869,0.245458984375,159,216.181640625,711.19140625,256.181640625,741.62109375,4,8,,,,,,2026-08-09T14:42:39.026Z,8T7CGK8F,2026-08-09,2026-08-09,11:42:39,2026-08-09 11:42:39,,,,,,,,6986a6c5d1f10ba22361229e,6986a6c5d1f10ba22361229e,,,,
3237,raw_position_sample,2,3,adv,2,2,2,3,54, researchers ,701,240,481875.7999999523,6986a6c5d1f10ba22361229e,6986a6c5d1f10ba22361229e,advanced,2,6986a6c5d1f10ba22361229e,6986a6c5d1f10ba22361229e,spotlight_PROLIFIC,,39,Brazil,Portuguese,"English, Spanish",Spanish,Portuguese:50|English:50|Spanish:0,100,Portuguese:30|English:70|Spanish:0,100,Portuguese:50|English:50|Spanish:0,100,18,4,Bachelor's,10,10,10,10,10,10,6,11,0,10,CEFR,C2,,,,,23,25,C1,intermediate|advanced,advanced|intermediate,cambridge_22_25_intermediate_advanced,4,18,random,,,,,,,,225.556640625,614.4921875,246.806640625,711.19140625,4,7,,,,,,2026-08-09T14:42:39.026Z,8T7CGK8F,2026-08-09,2026-08-09,11:42:39,2026-08-09 11:42:39,,,,,,,,6986a6c5d1f10ba22361229e,6986a6c5d1f10ba22361229e,,,,
3267,hover_association,2,3,adv,2,2,2,3,54, researchers ,701,240,,6986a6c5d1f10ba22361229e,6986a6c5d1f10ba22361229e,advanced,2,6986a6c5d1f10ba22361229e,6986a6c5d1f10ba22361229e,spotlight_PROLIFIC,,39,Brazil,Portuguese,"English, Spanish",Spanish,Portuguese:50|English:50|Spanish:0,100,Portuguese:30|English:70|Spanish:0,100,Portuguese:50|English:50|Spanish:0,100,18,4,Bachelor's,10,10,10,10,10,10,6,11,0,10,CEFR,C2,,,,,23,25,C1,intermediate|advanced,advanced|intermediate,cambridge_22_25_intermediate_advanced,4,18,random,,hover,33.299999952316284,33.299999952316284,0.6464148656837002,0.870458984375,159,216.181640625,614.4921875,256.181640625,711.19140625,4,7,,,,,,2026-08-09T14:42:39.026Z,8T7CGK8F,2026-08-09,2026-08-09,11:42:39,2026-08-09 11:42:39,,,,,,,,6986a6c5d1f10ba22361229e,6986a6c5d1f10ba22361229e,,,,
3284,hover_association,2,3,adv,2,2,2,3,67, more ,652,263,,6986a6c5d1f10ba22361229e,6986a6c5d1f10ba22361229e,advanced,2,6986a6c5d1f10ba22361229e,6986a6c5d1f10ba22361229e,spotlight_PROLIFIC,,39,Brazil,Portuguese,"English, Spanish",Spanish,Portuguese:50|English:50|Spanish:0,100,Portuguese:30|English:70|Spanish:0,100,Portuguese:50|English:50|Spanish:0,100,18,4,Bachelor's,10,10,10,10,10,10,6,11,0,10,CEFR,C2,,,,,23,25,C1,intermediate|advanced,advanced|intermediate,cambridge_22_25_intermediate_advanced,4,18,random,,hover,16.700000047683716,16.700000047683716,0.5326526178579187,0.170458984375,159,256.181640625,628.056640625,296.181640625,673.0078125,5,8,,,,,,2026-08-09T14:42:39.026Z,8T7CGK8F,2026-08-09,2026-08-09,11:42:39,2026-08-09 11:42:39,,,,,,,,6986a6c5d1f10ba22361229e,6986a6c5d1f10ba22361229e,,,,
3287,raw_position_sample,2,3,adv,2,2,2,3,66, fidget ,625,273,481925.89999985695,6986a6c5d1f10ba22361229e,6986a6c5d1f10ba22361229e,advanced,2,6986a6c5d1f10ba22361229e,6986a6c5d1f10ba22361229e,spotlight_PROLIFIC,,39,Brazil,Portuguese,"English, Spanish",Spanish,Portuguese:50|English:50|Spanish:0,100,Portuguese:30|English:70|Spanish:0,100,Portuguese:50|English:50|Spanish:0,100,18,4,Bachelor's,10,10,10,10,10,10,6,11,0,10,CEFR,C2,,,,,23,25,C1,intermediate|advanced,advanced|intermediate,cambridge_22_25_intermediate_advanced,4,18,random,,,,,,,,265.556640625,578.916015625,286.806640625,628.056640625,5,7,,,,,,2026-08-09T14:42:39.026Z,8T7CGK8F,2026-08-09,2026-08-09,11:42:39,2026-08-09 11:42:39,,,,,,,,6986a6c5d1f10ba22361229e,6986a6c5d1f10ba22361229e,,,,
3317,hover_association,2,3,adv,2,2,2,3,66, fidget ,625,273,,6986a6c5d1f10ba22361229e,6986a6c5d1f10ba22361229e,advanced,2,6986a6c5d1f10ba22361229e,6986a6c5d1f10ba22361229e,spotlight_PROLIFIC,,39,Brazil,Portuguese,"English, Spanish",Spanish,Portuguese:50|English:50|Spanish:0,100,Portuguese:30|English:70|Spanish:0,100,Portuguese:50|English:50|Spanish:0,100,18,4,Bachelor's,10,10,10,10,10,10,6,11,0,10,CEFR,C2,,,,,23,25,C1,intermediate|advanced,advanced|intermediate,cambridge_22_25_intermediate_advanced,4,18,random,,hover,33.40000009536743,33.40000009536743,0.38835453100158984,0.745458984375,159,256.181640625,578.916015625,296.181640625,628.056640625,5,7,,,,,,2026-08-09T14:42:39.026Z,8T7CGK8F,2026-08-09,2026-08-09,11:42:39,2026-08-09 11:42:39,,,,,,,,6986a6c5d1f10ba22361229e,6986a6c5d1f10ba22361229e,,,,
3334,hover_association,2,3,adv,2,2,2,3,65, liars ,576,294,,6986a6c5d1f10ba22361229e,6986a6c5d1f10ba22361229e,advanced,2,6986a6c5d1f10ba22361229e,6986a6c5d1f10ba22361229e,spotlight_PROLIFIC,,39,Brazil,Portuguese,"English, Spanish",Spanish,Portuguese:50|English:50|Spanish:0,100,Portuguese:30|English:70|Spanish:0,100,Portuguese:50|English:50|Spanish:0,100,18,4,Bachelor's,10,10,10,10,10,10,6,11,0,10,CEFR,C2,,,,,23,25,C1,intermediate|advanced,advanced|intermediate,cambridge_22_25_intermediate_advanced,4,18,random,,hover,16.59999990463257,16.59999990463257,0.9209425469949696,0.945458984375,159,256.181640625,542.03125,296.181640625,578.916015625,5,6,,,,,,2026-08-09T14:42:39.026Z,8T7CGK8F,2026-08-09,2026-08-09,11:42:39,2026-08-09 11:42:39,,,,,,,,6986a6c5d1f10ba22361229e,6986a6c5d1f10ba22361229e,,,,
3337,raw_position_sample,2,3,adv,2,2,2,3,84, create ,551,304,481975.89999985695,6986a6c5d1f10ba22361229e,6986a6c5d1f10ba22361229e,advanced,2,6986a6c5d1f10ba22361229e,6986a6c5d1f10ba22361229e,spotlight_PROLIFIC,,39,Brazil,Portuguese,"English, Spanish",Spanish,Portuguese:50|English:50|Spanish:0,100,Portuguese:30|English:70|Spanish:0,100,Portuguese:50|English:50|Spanish:0,100,18,4,Bachelor's,10,10,10,10,10,10,6,11,0,10,CEFR,C2,,,,,23,25,C1,intermediate|advanced,advanced|intermediate,cambridge_22_25_intermediate_advanced,4,18,random,,,,,,,,305.556640625,533.57421875,326.806640625,587.421875,6,7,,,,,,2026-08-09T14:42:39.026Z,8T7CGK8F,2026-08-09,2026-08-09,11:42:39,2026-08-09 11:42:39,,,,,,,,6986a6c5d1f10ba22361229e,6986a6c5d1f10ba22361229e,,,,
3351,hover_association,2,3,adv,2,2,2,3,84, create ,551,304,,6986a6c5d1f10ba22361229e,6986a6c5d1f10ba22361229e,advanced,2,6986a6c5d1f10ba22361229e,6986a6c5d1f10ba22361229e,spotlight_PROLIFIC,,39,Brazil,Portuguese,"English, Spanish",Spanish,Portuguese:50|English:50|Spanish:0,100,Portuguese:30|English:70|Spanish:0,100,Portuguese:50|English:50|Spanish:0,100,18,4,Bachelor's,10,10,10,10,10,10,6,11,0,10,CEFR,C2,,,,,23,25,C1,intermediate|advanced,advanced|intermediate,cambridge_22_25_intermediate_advanced,4,18,random,,hover,16.700000047683716,16.700000047683716,0.3236126224156692,0.195458984375,159,296.181640625,533.57421875,336.181640625,587.421875,6,7,,,,,,2026-08-09T14:42:39.026Z,8T7CGK8F,2026-08-09,2026-08-09,11:42:39,2026-08-09 11:42:39,,,,,,,,6986a6c5d1f10ba22361229e,6986a6c5d1f10ba22361229e,,,,
3367,hover_association,2,3,adv,2,2,2,3,83, to ,527,315,,6986a6c5d1f10ba22361229e,6986a6c5d1f10ba22361229e,advanced,2,6986a6c5d1f10ba22361229e,6986a6c5d1f10ba22361229e,spotlight_PROLIFIC,,39,Brazil,Portuguese,"English, Spanish",Spanish,Portuguese:50|English:50|Spanish:0,100,Portuguese:30|English:70|Spanish:0,100,Portuguese:50|English:50|Spanish:0,100,18,4,Bachelor's,10,10,10,10,10,10,6,11,0,10,CEFR,C2,,,,,23,25,C1,intermediate|advanced,advanced|intermediate,cambridge_22_25_intermediate_advanced,4,18,random,,hover,16.700000047683716,16.700000047683716,0.6746254229096181,0.470458984375,159,296.181640625,513.369140625,336.181640625,533.57421875,6,6,,,,,,2026-08-09T14:42:39.026Z,8T7CGK8F,2026-08-09,2026-08-09,11:42:39,2026-08-09 11:42:39,,,,,,,,6986a6c5d1f10ba22361229e,6986a6c5d1f10ba22361229e,,,,
3384,hover_association,2,3,adv,2,2,2,3,82, films ,506,326,,6986a6c5d1f10ba22361229e,6986a6c5d1f10ba22361229e,advanced,2,6986a6c5d1f10ba22361229e,6986a6c5d1f10ba22361229e,spotlight_PROLIFIC,,39,Brazil,Portuguese,"English, Spanish",Spanish,Portuguese:50|English:50|Spanish:0,100,Portuguese:30|English:70|Spanish:0,100,Portuguese:50|English:50|Spanish:0,100,18,4,Bachelor's,10,10,10,10,10,10,6,11,0,10,CEFR,C2,,,,,23,25,C1,intermediate|advanced,advanced|intermediate,cambridge_22_25_intermediate_advanced,4,18,random,,hover,16.59999990463257,16.59999990463257,0.8199904580152672,0.745458984375,159,296.181640625,472.431640625,336.181640625,513.369140625,6,5,,,,,,2026-08-09T14:42:39.026Z,8T7CGK8F,2026-08-09,2026-08-09,11:42:39,2026-08-09 11:42:39,,,,,,,,6986a6c5d1f10ba22361229e,6986a6c5d1f10ba22361229e,,,,
3387,raw_position_sample,2,3,adv,2,2,2,3,96," team, ",485,341,482026.2999999523,6986a6c5d1f10ba22361229e,6986a6c5d1f10ba22361229e,advanced,2,6986a6c5d1f10ba22361229e,6986a6c5d1f10ba22361229e,spotlight_PROLIFIC,,39,Brazil,Portuguese,"English, Spanish",Spanish,Portuguese:50|English:50|Spanish:0,100,Portuguese:30|English:70|Spanish:0,100,Portuguese:50|English:50|Spanish:0,100,18,4,Bachelor's,10,10,10,10,10,10,6,11,0,10,CEFR,C2,,,,,23,25,C1,intermediate|advanced,advanced|intermediate,cambridge_22_25_intermediate_advanced,4,18,random,,,,,,,,345.556640625,467.71484375,366.806640625,515.05859375,7,4,,,,,,2026-08-09T14:42:39.026Z,8T7CGK8F,2026-08-09,2026-08-09,11:42:39,2026-08-09 11:42:39,,,,,,,,6986a6c5d1f10ba22361229e,6986a6c5d1f10ba22361229e,,,,
3417,hover_association,2,3,adv,2,2,2,3,96," team, ",485,341,,6986a6c5d1f10ba22361229e,6986a6c5d1f10ba22361229e,advanced,2,6986a6c5d1f10ba22361229e,6986a6c5d1f10ba22361229e,spotlight_PROLIFIC,,39,Brazil,Portuguese,"English, Spanish",Spanish,Portuguese:50|English:50|Spanish:0,100,Portuguese:30|English:70|Spanish:0,100,Portuguese:50|English:50|Spanish:0,100,18,4,Bachelor's,10,10,10,10,10,10,6,11,0,10,CEFR,C2,,,,,23,25,C1,intermediate|advanced,advanced|intermediate,cambridge_22_25_intermediate_advanced,4,18,random,,hover,33.40000009536743,33.40000009536743,0.15387788778877887,0.320458984375,159,336.181640625,467.71484375,376.181640625,515.05859375,7,4,,,,,,2026-08-09T14:42:39.026Z,8T7CGK8F,2026-08-09,2026-08-09,11:42:39,2026-08-09 11:42:39,,,,,,,,6986a6c5d1f10ba22361229e,6986a6c5d1f10ba22361229e,,,,
3437,raw_position_sample,2,3,adv,2,2,2,3,95, research ,457,368,482075.7999999523,6986a6c5d1f10ba22361229e,6986a6c5d1f10ba22361229e,advanced,2,6986a6c5d1f10ba22361229e,6986a6c5d1f10ba22361229e,spotlight_PROLIFIC,,39,Brazil,Portuguese,"English, Spanish",Spanish,Portuguese:50|English:50|Spanish:0,100,Portuguese:30|English:70|Spanish:0,100,Portuguese:50|English:50|Spanish:0,100,18,4,Bachelor's,10,10,10,10,10,10,6,11,0,10,CEFR,C2,,,,,23,25,C1,intermediate|advanced,advanced|intermediate,cambridge_22_25_intermediate_advanced,4,18,random,,,,,,,,345.556640625,395.5078125,366.806640625,467.71484375,7,3,,,,,,2026-08-09T14:42:39.026Z,8T7CGK8F,2026-08-09,2026-08-09,11:42:39,2026-08-09 11:42:39,,,,,,,,6986a6c5d1f10ba22361229e,6986a6c5d1f10ba22361229e,,,,
3467,hover_association,2,3,adv,2,2,2,3,95, research ,463,361,,6986a6c5d1f10ba22361229e,6986a6c5d1f10ba22361229e,advanced,2,6986a6c5d1f10ba22361229e,6986a6c5d1f10ba22361229e,spotlight_PROLIFIC,,39,Brazil,Portuguese,"English, Spanish",Spanish,Portuguese:50|English:50|Spanish:0,100,Portuguese:30|English:70|Spanish:0,100,Portuguese:50|English:50|Spanish:0,100,18,4,Bachelor's,10,10,10,10,10,10,6,11,0,10,CEFR,C2,,,,,23,25,C1,intermediate|advanced,advanced|intermediate,cambridge_22_25_intermediate_advanced,4,18,random,,hover,50,50,0.7962131457938869,0.920458984375,159,336.181640625,395.5078125,376.181640625,467.71484375,7,3,,,,,,2026-08-09T14:42:39.026Z,8T7CGK8F,2026-08-09,2026-08-09,11:42:39,2026-08-09 11:42:39,,,,,,,,6986a6c5d1f10ba22361229e,6986a6c5d1f10ba22361229e,,,,
3486,raw_position_sample,2,3,adv,2,2,2,3,107, interviewer ,452,380,482125.5,6986a6c5d1f10ba22361229e,6986a6c5d1f10ba22361229e,advanced,2,6986a6c5d1f10ba22361229e,6986a6c5d1f10ba22361229e,spotlight_PROLIFIC,,39,Brazil,Portuguese,"English, Spanish",Spanish,Portuguese:50|English:50|Spanish:0,100,Portuguese:30|English:70|Spanish:0,100,Portuguese:50|English:50|Spanish:0,100,18,4,Bachelor's,10,10,10,10,10,10,6,11,0,10,CEFR,C2,,,,,23,25,C1,intermediate|advanced,advanced|intermediate,cambridge_22_25_intermediate_advanced,4,18,random,,,,,,,,385.556640625,375.95703125,406.806640625,471.181640625,8,2,,,,,,2026-08-09T14:42:39.026Z,8T7CGK8F,2026-08-09,2026-08-09,11:42:39,2026-08-09 11:42:39,,,,,,,,6986a6c5d1f10ba22361229e,6986a6c5d1f10ba22361229e,,,,
3537,raw_position_sample,2,3,adv,2,2,2,3,107, interviewer ,455,391,482175.59999990463,6986a6c5d1f10ba22361229e,6986a6c5d1f10ba22361229e,advanced,2,6986a6c5d1f10ba22361229e,6986a6c5d1f10ba22361229e,spotlight_PROLIFIC,,39,Brazil,Portuguese,"English, Spanish",Spanish,Portuguese:50|English:50|Spanish:0,100,Portuguese:30|English:70|Spanish:0,100,Portuguese:50|English:50|Spanish:0,100,18,4,Bachelor's,10,10,10,10,10,10,6,11,0,10,CEFR,C2,,,,,23,25,C1,intermediate|advanced,advanced|intermediate,cambridge_22_25_intermediate_advanced,4,18,random,,,,,,,,385.556640625,375.95703125,406.806640625,471.181640625,8,2,,,,,,2026-08-09T14:42:39.026Z,8T7CGK8F,2026-08-09,2026-08-09,11:42:39,2026-08-09 11:42:39,,,,,,,,6986a6c5d1f10ba22361229e,6986a6c5d1f10ba22361229e,,,,
3584,hover_association,2,3,adv,2,2,2,3,107, interviewer ,452,377,,6986a6c5d1f10ba22361229e,6986a6c5d1f10ba22361229e,advanced,2,6986a6c5d1f10ba22361229e,6986a6c5d1f10ba22361229e,spotlight_PROLIFIC,,39,Brazil,Portuguese,"English, Spanish",Spanish,Portuguese:50|English:50|Spanish:0,100,Portuguese:30|English:70|Spanish:0,100,Portuguese:50|English:50|Spanish:0,100,18,4,Bachelor's,10,10,10,10,10,10,6,11,0,10,CEFR,C2,,,,,23,25,C1,intermediate|advanced,advanced|intermediate,cambridge_22_25_intermediate_advanced,4,18,random,,hover,116.70000004768372,116.70000004768372,0.9665880422520767,0.745458984375,159,376.181640625,375.95703125,416.181640625,471.181640625,8,2,,,,,,2026-08-09T14:42:39.026Z,8T7CGK8F,2026-08-09,2026-08-09,11:42:39,2026-08-09 11:42:39,,,,,,,,6986a6c5d1f10ba22361229e,6986a6c5d1f10ba22361229e,,,,
3587,raw_position_sample,2,3,adv,2,2,2,3,108, will ,475,414,482226.2000000477,6986a6c5d1f10ba22361229e,6986a6c5d1f10ba22361229e,advanced,2,6986a6c5d1f10ba22361229e,6986a6c5d1f10ba22361229e,spotlight_PROLIFIC,,39,Brazil,Portuguese,"English, Spanish",Spanish,Portuguese:50|English:50|Spanish:0,100,Portuguese:30|English:70|Spanish:0,100,Portuguese:50|English:50|Spanish:0,100,18,4,Bachelor's,10,10,10,10,10,10,6,11,0,10,CEFR,C2,,,,,23,25,C1,intermediate|advanced,advanced|intermediate,cambridge_22_25_intermediate_advanced,4,18,random,,,,,,,,385.556640625,471.181640625,406.806640625,502.275390625,8,3,,,,,,2026-08-09T14:42:39.026Z,8T7CGK8F,2026-08-09,2026-08-09,11:42:39,2026-08-09 11:42:39,,,,,,,,6986a6c5d1f10ba22361229e,6986a6c5d1f10ba22361229e,,,,
3600,hover_association,2,3,adv,2,2,2,3,108, will ,475,414,,6986a6c5d1f10ba22361229e,6986a6c5d1f10ba22361229e,advanced,2,6986a6c5d1f10ba22361229e,6986a6c5d1f10ba22361229e,spotlight_PROLIFIC,,39,Brazil,Portuguese,"English, Spanish",Spanish,Portuguese:50|English:50|Spanish:0,100,Portuguese:30|English:70|Spanish:0,100,Portuguese:50|English:50|Spanish:0,100,18,4,Bachelor's,10,10,10,10,10,10,6,11,0,10,CEFR,C2,,,,,23,25,C1,intermediate|advanced,advanced|intermediate,cambridge_22_25_intermediate_advanced,4,18,random,,hover,16.59999990463257,16.59999990463257,0.12280150753768844,0.945458984375,159,376.181640625,471.181640625,416.181640625,502.275390625,8,3,,,,,,2026-08-09T14:42:39.026Z,8T7CGK8F,2026-08-09,2026-08-09,11:42:39,2026-08-09 11:42:39,,,,,,,,6986a6c5d1f10ba22361229e,6986a6c5d1f10ba22361229e,,,,
3637,raw_position_sample,2,3,adv,2,2,2,3,124," contrast, ",520,437,482276.09999990463,6986a6c5d1f10ba22361229e,6986a6c5d1f10ba22361229e,advanced,2,6986a6c5d1f10ba22361229e,6986a6c5d1f10ba22361229e,spotlight_PROLIFIC,,39,Brazil,Portuguese,"English, Spanish",Spanish,Portuguese:50|English:50|Spanish:0,100,Portuguese:30|English:70|Spanish:0,100,Portuguese:50|English:50|Spanish:0,100,18,4,Bachelor's,10,10,10,10,10,10,6,11,0,10,CEFR,C2,,,,,23,25,C1,intermediate|advanced,advanced|intermediate,cambridge_22_25_intermediate_advanced,4,18,random,,,,,,,,425.556640625,473.857421875,446.806640625,546.85546875,9,4,,,,,,2026-08-09T14:42:39.026Z,8T7CGK8F,2026-08-09,2026-08-09,11:42:39,2026-08-09 11:42:39,,,,,,,,6986a6c5d1f10ba22361229e,6986a6c5d1f10ba22361229e,,,,
3667,hover_association,2,3,adv,2,2,2,3,124," contrast, ",488,424,,6986a6c5d1f10ba22361229e,6986a6c5d1f10ba22361229e,advanced,2,6986a6c5d1f10ba22361229e,6986a6c5d1f10ba22361229e,spotlight_PROLIFIC,,39,Brazil,Portuguese,"English, Spanish",Spanish,Portuguese:50|English:50|Spanish:0,100,Portuguese:30|English:70|Spanish:0,100,Portuguese:50|English:50|Spanish:0,100,18,4,Bachelor's,10,10,10,10,10,10,6,11,0,10,CEFR,C2,,,,,23,25,C1,intermediate|advanced,advanced|intermediate,cambridge_22_25_intermediate_advanced,4,18,random,,hover,66.70000004768372,66.70000004768372,0.933484949832776,0.620458984375,159,416.181640625,473.857421875,456.181640625,546.85546875,9,4,,,,,,2026-08-09T14:42:39.026Z,8T7CGK8F,2026-08-09,2026-08-09,11:42:39,2026-08-09 11:42:39,,,,,,,,6986a6c5d1f10ba22361229e,6986a6c5d1f10ba22361229e,,,,
3687,raw_position_sample,2,3,adv,2,2,2,3,125, achieved ,596,447,482325.89999985695,6986a6c5d1f10ba22361229e,6986a6c5d1f10ba22361229e,advanced,2,6986a6c5d1f10ba22361229e,6986a6c5d1f10ba22361229e,spotlight_PROLIFIC,,39,Brazil,Portuguese,"English, Spanish",Spanish,Portuguese:50|English:50|Spanish:0,100,Portuguese:30|English:70|Spanish:0,100,Portuguese:50|English:50|Spanish:0,100,18,4,Bachelor's,10,10,10,10,10,10,6,11,0,10,CEFR,C2,,,,,23,25,C1,intermediate|advanced,advanced|intermediate,cambridge_22_25_intermediate_advanced,4,18,random,,,,,,,,425.556640625,546.85546875,446.806640625,620.15625,9,5,,,,,,2026-08-09T14:42:39.026Z,8T7CGK8F,2026-08-09,2026-08-09,11:42:39,2026-08-09 11:42:39,,,,,,,,6986a6c5d1f10ba22361229e,6986a6c5d1f10ba22361229e,,,,
3717,hover_association,2,3,adv,2,2,2,3,125, achieved ,569,444,,6986a6c5d1f10ba22361229e,6986a6c5d1f10ba22361229e,advanced,2,6986a6c5d1f10ba22361229e,6986a6c5d1f10ba22361229e,spotlight_PROLIFIC,,39,Brazil,Portuguese,"English, Spanish",Spanish,Portuguese:50|English:50|Spanish:0,100,Portuguese:30|English:70|Spanish:0,100,Portuguese:50|English:50|Spanish:0,100,18,4,Bachelor's,10,10,10,10,10,10,6,11,0,10,CEFR,C2,,,,,23,25,C1,intermediate|advanced,advanced|intermediate,cambridge_22_25_intermediate_advanced,4,18,random,,hover,49.89999985694885,49.89999985694885,0.9023714361843859,0.770458984375,159,416.181640625,546.85546875,456.181640625,620.15625,9,5,,,,,,2026-08-09T14:42:39.026Z,8T7CGK8F,2026-08-09,2026-08-09,11:42:39,2026-08-09 11:42:39,,,,,,,,6986a6c5d1f10ba22361229e,6986a6c5d1f10ba22361229e,,,,
3734,hover_association,2,3,adv,2,2,2,3,126, a ,627,449,,6986a6c5d1f10ba22361229e,6986a6c5d1f10ba22361229e,advanced,2,6986a6c5d1f10ba22361229e,6986a6c5d1f10ba22361229e,spotlight_PROLIFIC,,39,Brazil,Portuguese,"English, Spanish",Spanish,Portuguese:50|English:50|Spanish:0,100,Portuguese:30|English:70|Spanish:0,100,Portuguese:50|English:50|Spanish:0,100,18,4,Bachelor's,10,10,10,10,10,10,6,11,0,10,CEFR,C2,,,,,23,25,C1,intermediate|advanced,advanced|intermediate,cambridge_22_25_intermediate_advanced,4,18,random,,hover,16.700000047683716,16.700000047683716,0.5428350116189001,0.820458984375,159,416.181640625,620.15625,456.181640625,632.763671875,9,6,,,,,,2026-08-09T14:42:39.026Z,8T7CGK8F,2026-08-09,2026-08-09,11:42:39,2026-08-09 11:42:39,,,,,,,,6986a6c5d1f10ba22361229e,6986a6c5d1f10ba22361229e,,,,
3737,raw_position_sample,2,3,adv,2,2,2,3,127, reliability ,634,449,482376.09999990463,6986a6c5d1f10ba22361229e,6986a6c5d1f10ba22361229e,advanced,2,6986a6c5d1f10ba22361229e,6986a6c5d1f10ba22361229e,spotlight_PROLIFIC,,39,Brazil,Portuguese,"English, Spanish",Spanish,Portuguese:50|English:50|Spanish:0,100,Portuguese:30|English:70|Spanish:0,100,Portuguese:50|English:50|Spanish:0,100,18,4,Bachelor's,10,10,10,10,10,10,6,11,0,10,CEFR,C2,,,,,23,25,C1,intermediate|advanced,advanced|intermediate,cambridge_22_25_intermediate_advanced,4,18,random,,,,,,,,425.556640625,632.763671875,446.806640625,711.083984375,9,7,,,,,,2026-08-09T14:42:39.026Z,8T7CGK8F,2026-08-09,2026-08-09,11:42:39,2026-08-09 11:42:39,,,,,,,,6986a6c5d1f10ba22361229e,6986a6c5d1f10ba22361229e,,,,
3788,raw_position_sample,2,3,adv,2,2,2,3,127, reliability ,637,450,482426.59999990463,6986a6c5d1f10ba22361229e,6986a6c5d1f10ba22361229e,advanced,2,6986a6c5d1f10ba22361229e,6986a6c5d1f10ba22361229e,spotlight_PROLIFIC,,39,Brazil,Portuguese,"English, Spanish",Spanish,Portuguese:50|English:50|Spanish:0,100,Portuguese:30|English:70|Spanish:0,100,Portuguese:50|English:50|Spanish:0,100,18,4,Bachelor's,10,10,10,10,10,10,6,11,0,10,CEFR,C2,,,,,23,25,C1,intermediate|advanced,advanced|intermediate,cambridge_22_25_intermediate_advanced,4,18,random,,,,,,,,425.556640625,632.763671875,446.806640625,711.083984375,9,7,,,,,,2026-08-09T14:42:39.026Z,8T7CGK8F,2026-08-09,2026-08-09,11:42:39,2026-08-09 11:42:39,,,,,,,,6986a6c5d1f10ba22361229e,6986a6c5d1f10ba22361229e,,,,
3813,hover_association,2,3,adv,2,2,2,3,127, reliability ,634,449,,6986a6c5d1f10ba22361229e,6986a6c5d1f10ba22361229e,advanced,2,6986a6c5d1f10ba22361229e,6986a6c5d1f10ba22361229e,spotlight_PROLIFIC,,39,Brazil,Portuguese,"English, Spanish",Spanish,Portuguese:50|English:50|Spanish:0,100,Portuguese:30|English:70|Spanish:0,100,Portuguese:50|English:50|Spanish:0,100,18,4,Bachelor's,10,10,10,10,10,10,6,11,0,10,CEFR,C2,,,,,23,25,C1,intermediate|advanced,advanced|intermediate,cambridge_22_25_intermediate_advanced,4,18,random,,hover,78.90000009536743,78.90000009536743,0.05408977556109726,0.845458984375,159,416.181640625,632.763671875,456.181640625,711.083984375,9,7,,,,,,2026-08-09T14:42:39.026Z,8T7CGK8F,2026-08-09,2026-08-09,11:42:39,2026-08-09 11:42:39,,,,,,,,6986a6c5d1f10ba22361229e,6986a6c5d1f10ba22361229e,,,,
3836,raw_position_sample,2,3,adv,2,2,2,3,126, a ,621,453,482475.5,6986a6c5d1f10ba22361229e,6986a6c5d1f10ba22361229e,advanced,2,6986a6c5d1f10ba22361229e,6986a6c5d1f10ba22361229e,spotlight_PROLIFIC,,39,Brazil,Portuguese,"English, Spanish",Spanish,Portuguese:50|English:50|Spanish:0,100,Portuguese:30|English:70|Spanish:0,100,Portuguese:50|English:50|Spanish:0,100,18,4,Bachelor's,10,10,10,10,10,10,6,11,0,10,CEFR,C2,,,,,23,25,C1,intermediate|advanced,advanced|intermediate,cambridge_22_25_intermediate_advanced,4,18,random,,,,,,,,425.556640625,620.15625,446.806640625,632.763671875,9,6,,,,,,2026-08-09T14:42:39.026Z,8T7CGK8F,2026-08-09,2026-08-09,11:42:39,2026-08-09 11:42:39,,,,,,,,6986a6c5d1f10ba22361229e,6986a6c5d1f10ba22361229e,,,,
3850,hover_association,2,3,adv,2,2,2,3,126, a ,632,451,,6986a6c5d1f10ba22361229e,6986a6c5d1f10ba22361229e,advanced,2,6986a6c5d1f10ba22361229e,6986a6c5d1f10ba22361229e,spotlight_PROLIFIC,,39,Brazil,Portuguese,"English, Spanish",Spanish,Portuguese:50|English:50|Spanish:0,100,Portuguese:30|English:70|Spanish:0,100,Portuguese:50|English:50|Spanish:0,100,18,4,Bachelor's,10,10,10,10,10,10,6,11,0,10,CEFR,C2,,,,,23,25,C1,intermediate|advanced,advanced|intermediate,cambridge_22_25_intermediate_advanced,4,18,random,,hover,37.700000047683716,37.700000047683716,0.06692486444616576,0.920458984375,159,416.181640625,620.15625,456.181640625,632.763671875,9,6,,,,,,2026-08-09T14:42:39.026Z,8T7CGK8F,2026-08-09,2026-08-09,11:42:39,2026-08-09 11:42:39,,,,,,,,6986a6c5d1f10ba22361229e,6986a6c5d1f10ba22361229e,,,,
3867,hover_association,2,3,adv,2,2,2,3,125, achieved ,605,456,,6986a6c5d1f10ba22361229e,6986a6c5d1f10ba22361229e,advanced,2,6986a6c5d1f10ba22361229e,6986a6c5d1f10ba22361229e,spotlight_PROLIFIC,,39,Brazil,Portuguese,"English, Spanish",Spanish,Portuguese:50|English:50|Spanish:0,100,Portuguese:30|English:70|Spanish:0,100,Portuguese:50|English:50|Spanish:0,100,18,4,Bachelor's,10,10,10,10,10,10,6,11,0,10,CEFR,C2,,,,,23,25,C1,intermediate|advanced,advanced|intermediate,cambridge_22_25_intermediate_advanced,4,18,random,,hover,16.699999809265137,16.699999809265137,0.7932320810018652,0.995458984375,159,416.181640625,546.85546875,456.181640625,620.15625,9,5,,,,,,2026-08-09T14:42:39.026Z,8T7CGK8F,2026-08-09,2026-08-09,11:42:39,2026-08-09 11:42:39,,,,,,,,6986a6c5d1f10ba22361229e,6986a6c5d1f10ba22361229e,,,,
3887,raw_position_sample,2,3,adv,2,2,2,3,140, more ,577,466,482525.89999985695,6986a6c5d1f10ba22361229e,6986a6c5d1f10ba22361229e,advanced,2,6986a6c5d1f10ba22361229e,6986a6c5d1f10ba22361229e,spotlight_PROLIFIC,,39,Brazil,Portuguese,"English, Spanish",Spanish,Portuguese:50|English:50|Spanish:0,100,Portuguese:30|English:70|Spanish:0,100,Portuguese:50|English:50|Spanish:0,100,18,4,Bachelor's,10,10,10,10,10,10,6,11,0,10,CEFR,C2,,,,,23,25,C1,intermediate|advanced,advanced|intermediate,cambridge_22_25_intermediate_advanced,4,18,random,,,,,,,,465.556640625,555.888671875,486.806640625,600.83984375,10,5,,,,,,2026-08-09T14:42:39.026Z,8T7CGK8F,2026-08-09,2026-08-09,11:42:39,2026-08-09 11:42:39,,,,,,,,6986a6c5d1f10ba22361229e,6986a6c5d1f10ba22361229e,,,,
3917,hover_association,2,3,adv,2,2,2,3,140, more ,592,460,,6986a6c5d1f10ba22361229e,6986a6c5d1f10ba22361229e,advanced,2,6986a6c5d1f10ba22361229e,6986a6c5d1f10ba22361229e,spotlight_PROLIFIC,,39,Brazil,Portuguese,"English, Spanish",Spanish,Portuguese:50|English:50|Spanish:0,100,Portuguese:30|English:70|Spanish:0,100,Portuguese:50|English:50|Spanish:0,100,18,4,Bachelor's,10,10,10,10,10,10,6,11,0,10,CEFR,C2,,,,,23,25,C1,intermediate|advanced,advanced|intermediate,cambridge_22_25_intermediate_advanced,4,18,random,,hover,50,50,0.13595481207907886,0.420458984375,159,456.181640625,555.888671875,496.181640625,600.83984375,10,5,,,,,,2026-08-09T14:42:39.026Z,8T7CGK8F,2026-08-09,2026-08-09,11:42:39,2026-08-09 11:42:39,,,,,,,,6986a6c5d1f10ba22361229e,6986a6c5d1f10ba22361229e,,,,
3937,raw_position_sample,2,3,adv,2,2,2,3,139, achieved ,535,488,482575.89999985695,6986a6c5d1f10ba22361229e,6986a6c5d1f10ba22361229e,advanced,2,6986a6c5d1f10ba22361229e,6986a6c5d1f10ba22361229e,spotlight_PROLIFIC,,39,Brazil,Portuguese,"English, Spanish",Spanish,Portuguese:50|English:50|Spanish:0,100,Portuguese:30|English:70|Spanish:0,100,Portuguese:50|English:50|Spanish:0,100,18,4,Bachelor's,10,10,10,10,10,10,6,11,0,10,CEFR,C2,,,,,23,25,C1,intermediate|advanced,advanced|intermediate,cambridge_22_25_intermediate_advanced,4,18,random,,,,,,,,465.556640625,482.587890625,486.806640625,555.888671875,10,4,,,,,,2026-08-09T14:42:39.026Z,8T7CGK8F,2026-08-09,2026-08-09,11:42:39,2026-08-09 11:42:39,,,,,,,,6986a6c5d1f10ba22361229e,6986a6c5d1f10ba22361229e,,,,
3950,hover_association,2,3,adv,2,2,2,3,139, achieved ,548,481,,6986a6c5d1f10ba22361229e,6986a6c5d1f10ba22361229e,advanced,2,6986a6c5d1f10ba22361229e,6986a6c5d1f10ba22361229e,spotlight_PROLIFIC,,39,Brazil,Portuguese,"English, Spanish",Spanish,Portuguese:50|English:50|Spanish:0,100,Portuguese:30|English:70|Spanish:0,100,Portuguese:50|English:50|Spanish:0,100,18,4,Bachelor's,10,10,10,10,10,10,6,11,0,10,CEFR,C2,,,,,23,25,C1,intermediate|advanced,advanced|intermediate,cambridge_22_25_intermediate_advanced,4,18,random,,hover,33.40000009536743,33.40000009536743,0.7150279776179057,0.795458984375,159,456.181640625,482.587890625,496.181640625,555.888671875,10,4,,,,,,2026-08-09T14:42:39.026Z,8T7CGK8F,2026-08-09,2026-08-09,11:42:39,2026-08-09 11:42:39,,,,,,,,6986a6c5d1f10ba22361229e,6986a6c5d1f10ba22361229e,,,,
3987,raw_position_sample,2,3,adv,2,2,2,3,152, fidget ,494,520,482625.7999999523,6986a6c5d1f10ba22361229e,6986a6c5d1f10ba22361229e,advanced,2,6986a6c5d1f10ba22361229e,6986a6c5d1f10ba22361229e,spotlight_PROLIFIC,,39,Brazil,Portuguese,"English, Spanish",Spanish,Portuguese:50|English:50|Spanish:0,100,Portuguese:30|English:70|Spanish:0,100,Portuguese:50|English:50|Spanish:0,100,18,4,Bachelor's,10,10,10,10,10,10,6,11,0,10,CEFR,C2,,,,,23,25,C1,intermediate|advanced,advanced|intermediate,cambridge_22_25_intermediate_advanced,4,18,random,,,,,,,,505.556640625,487.03125,526.806640625,536.171875,11,4,,,,,,2026-08-09T14:42:39.026Z,8T7CGK8F,2026-08-09,2026-08-09,11:42:39,2026-08-09 11:42:39,,,,,,,,6986a6c5d1f10ba22361229e,6986a6c5d1f10ba22361229e,,,,
4001,hover_association,2,3,adv,2,2,2,3,152, fidget ,514,503,,6986a6c5d1f10ba22361229e,6986a6c5d1f10ba22361229e,advanced,2,6986a6c5d1f10ba22361229e,6986a6c5d1f10ba22361229e,spotlight_PROLIFIC,,39,Brazil,Portuguese,"English, Spanish",Spanish,Portuguese:50|English:50|Spanish:0,100,Portuguese:30|English:70|Spanish:0,100,Portuguese:50|English:50|Spanish:0,100,18,4,Bachelor's,10,10,10,10,10,10,6,11,0,10,CEFR,C2,,,,,23,25,C1,intermediate|advanced,advanced|intermediate,cambridge_22_25_intermediate_advanced,4,18,random,,hover,50,50,0.14181240063593004,0.595458984375,159,496.181640625,487.03125,536.181640625,536.171875,11,4,,,,,,2026-08-09T14:42:39.026Z,8T7CGK8F,2026-08-09,2026-08-09,11:42:39,2026-08-09 11:42:39,,,,,,,,6986a6c5d1f10ba22361229e,6986a6c5d1f10ba22361229e,,,,
4037,raw_position_sample,2,3,adv,2,2,2,3,151, people ,478,535,482675.89999985695,6986a6c5d1f10ba22361229e,6986a6c5d1f10ba22361229e,advanced,2,6986a6c5d1f10ba22361229e,6986a6c5d1f10ba22361229e,spotlight_PROLIFIC,,39,Brazil,Portuguese,"English, Spanish",Spanish,Portuguese:50|English:50|Spanish:0,100,Portuguese:30|English:70|Spanish:0,100,Portuguese:50|English:50|Spanish:0,100,18,4,Bachelor's,10,10,10,10,10,10,6,11,0,10,CEFR,C2,,,,,23,25,C1,intermediate|advanced,advanced|intermediate,cambridge_22_25_intermediate_advanced,4,18,random,,,,,,,,505.556640625,430.205078125,526.806640625,487.03125,11,3,,,,,,2026-08-09T14:42:39.026Z,8T7CGK8F,2026-08-09,2026-08-09,11:42:39,2026-08-09 11:42:39,,,,,,,,6986a6c5d1f10ba22361229e,6986a6c5d1f10ba22361229e,,,,
4067,hover_association,2,3,adv,2,2,2,3,151, people ,486,527,,6986a6c5d1f10ba22361229e,6986a6c5d1f10ba22361229e,advanced,2,6986a6c5d1f10ba22361229e,6986a6c5d1f10ba22361229e,spotlight_PROLIFIC,,39,Brazil,Portuguese,"English, Spanish",Spanish,Portuguese:50|English:50|Spanish:0,100,Portuguese:30|English:70|Spanish:0,100,Portuguese:50|English:50|Spanish:0,100,18,4,Bachelor's,10,10,10,10,10,10,6,11,0,10,CEFR,C2,,,,,23,25,C1,intermediate|advanced,advanced|intermediate,cambridge_22_25_intermediate_advanced,4,18,random,,hover,66.70000004768372,66.70000004768372,0.8234748238528957,0.995458984375,159,496.181640625,430.205078125,536.181640625,487.03125,11,3,,,,,,2026-08-09T14:42:39.026Z,8T7CGK8F,2026-08-09,2026-08-09,11:42:39,2026-08-09 11:42:39,,,,,,,,6986a6c5d1f10ba22361229e,6986a6c5d1f10ba22361229e,,,,
4086,raw_position_sample,2,3,adv,2,2,2,3,-1,999,476,538,482725.2000000477,6986a6c5d1f10ba22361229e,6986a6c5d1f10ba22361229e,advanced,2,6986a6c5d1f10ba22361229e,6986a6c5d1f10ba22361229e,spotlight_PROLIFIC,,39,Brazil,Portuguese,"English, Spanish",Spanish,Portuguese:50|English:50|Spanish:0,100,Portuguese:30|English:70|Spanish:0,100,Portuguese:50|English:50|Spanish:0,100,18,4,Bachelor's,10,10,10,10,10,10,6,11,0,10,CEFR,C2,,,,,23,25,C1,intermediate|advanced,advanced|intermediate,cambridge_22_25_intermediate_advanced,4,18,random,,,,,,,,,,,,,,,,,,,2026-08-09T14:42:39.026Z,8T7CGK8F,2026-08-09,2026-08-09,11:42:39,2026-08-09 11:42:39,,,,,,,,6986a6c5d1f10ba22361229e,6986a6c5d1f10ba22361229e,,,,
4137,raw_position_sample,2,3,adv,2,2,2,3,-1,999,476,538,482776.5,6986a6c5d1f10ba22361229e,6986a6c5d1f10ba22361229e,advanced,2,6986a6c5d1f10ba22361229e,6986a6c5d1f10ba22361229e,spotlight_PROLIFIC,,39,Brazil,Portuguese,"English, Spanish",Spanish,Portuguese:50|English:50|Spanish:0,100,Portuguese:30|English:70|Spanish:0,100,Portuguese:50|English:50|Spanish:0,100,18,4,Bachelor's,10,10,10,10,10,10,6,11,0,10,CEFR,C2,,,,,23,25,C1,intermediate|advanced,advanced|intermediate,cambridge_22_25_intermediate_advanced,4,18,random,,,,,,,,,,,,,,,,,,,2026-08-09T14:42:39.026Z,8T7CGK8F,2026-08-09,2026-08-09,11:42:39,2026-08-09 11:42:39,,,,,,,,6986a6c5d1f10ba22361229e,6986a6c5d1f10ba22361229e,,,,
4187,raw_position_sample,2,3,adv,2,2,2,3,-1,999,476,539,482826.2999999523,6986a6c5d1f10ba22361229e,6986a6c5d1f10ba22361229e,advanced,2,6986a6c5d1f10ba22361229e,6986a6c5d1f10ba22361229e,spotlight_PROLIFIC,,39,Brazil,Portuguese,"English, Spanish",Spanish,Portuguese:50|English:50|Spanish:0,100,Portuguese:30|English:70|Spanish:0,100,Portuguese:50|English:50|Spanish:0,100,18,4,Bachelor's,10,10,10,10,10,10,6,11,0,10,CEFR,C2,,,,,23,25,C1,intermediate|advanced,advanced|intermediate,cambridge_22_25_intermediate_advanced,4,18,random,,,,,,,,,,,,,,,,,,,2026-08-09T14:42:39.026Z,8T7CGK8F,2026-08-09,2026-08-09,11:42:39,2026-08-09 11:42:39,,,,,,,,6986a6c5d1f10ba22361229e,6986a6c5d1f10ba22361229e,,,,
4237,raw_position_sample,2,3,adv,2,2,2,3,-1,999,476,539,482876.2000000477,6986a6c5d1f10ba22361229e,6986a6c5d1f10ba22361229e,advanced,2,6986a6c5d1f10ba22361229e,6986a6c5d1f10ba22361229e,spotlight_PROLIFIC,,39,Brazil,Portuguese,"English, Spanish",Spanish,Portuguese:50|English:50|Spanish:0,100,Portuguese:30|English:70|Spanish:0,100,Portuguese:50|English:50|Spanish:0,100,18,4,Bachelor's,10,10,10,10,10,10,6,11,0,10,CEFR,C2,,,,,23,25,C1,intermediate|advanced,advanced|intermediate,cambridge_22_25_intermediate_advanced,4,18,random,,,,,,,,,,,,,,,,,,,2026-08-09T14:42:39.026Z,8T7CGK8F,2026-08-09,2026-08-09,11:42:39,2026-08-09 11:42:39,,,,,,,,6986a6c5d1f10ba22361229e,6986a6c5d1f10ba22361229e,,,,
4286,raw_position_sample,2,3,adv,2,2,2,3,-1,999,475,539,482925.39999985695,6986a6c5d1f10ba22361229e,6986a6c5d1f10ba22361229e,advanced,2,6986a6c5d1f10ba22361229e,6986a6c5d1f10ba22361229e,spotlight_PROLIFIC,,39,Brazil,Portuguese,"English, Spanish",Spanish,Portuguese:50|English:50|Spanish:0,100,Portuguese:30|English:70|Spanish:0,100,Portuguese:50|English:50|Spanish:0,100,18,4,Bachelor's,10,10,10,10,10,10,6,11,0,10,CEFR,C2,,,,,23,25,C1,intermediate|advanced,advanced|intermediate,cambridge_22_25_intermediate_advanced,4,18,random,,,,,,,,,,,,,,,,,,,2026-08-09T14:42:39.026Z,8T7CGK8F,2026-08-09,2026-08-09,11:42:39,2026-08-09 11:42:39,,,,,,,,6986a6c5d1f10ba22361229e,6986a6c5d1f10ba22361229e,,,,
4337,raw_position_sample,2,3,adv,2,2,2,3,-1,999,467,537,482976,6986a6c5d1f10ba22361229e,6986a6c5d1f10ba22361229e,advanced,2,6986a6c5d1f10ba22361229e,6986a6c5d1f10ba22361229e,spotlight_PROLIFIC,,39,Brazil,Portuguese,"English, Spanish",Spanish,Portuguese:50|English:50|Spanish:0,100,Portuguese:30|English:70|Spanish:0,100,Portuguese:50|English:50|Spanish:0,100,18,4,Bachelor's,10,10,10,10,10,10,6,11,0,10,CEFR,C2,,,,,23,25,C1,intermediate|advanced,advanced|intermediate,cambridge_22_25_intermediate_advanced,4,18,random,,,,,,,,,,,,,,,,,,,2026-08-09T14:42:39.026Z,8T7CGK8F,2026-08-09,2026-08-09,11:42:39,2026-08-09 11:42:39,,,,,,,,6986a6c5d1f10ba22361229e,6986a6c5d1f10ba22361229e,,,,
4387,raw_position_sample,2,3,adv,2,2,2,3,151, people ,435,527,483026,6986a6c5d1f10ba22361229e,6986a6c5d1f10ba22361229e,advanced,2,6986a6c5d1f10ba22361229e,6986a6c5d1f10ba22361229e,spotlight_PROLIFIC,,39,Brazil,Portuguese,"English, Spanish",Spanish,Portuguese:50|English:50|Spanish:0,100,Portuguese:30|English:70|Spanish:0,100,Portuguese:50|English:50|Spanish:0,100,18,4,Bachelor's,10,10,10,10,10,10,6,11,0,10,CEFR,C2,,,,,23,25,C1,intermediate|advanced,advanced|intermediate,cambridge_22_25_intermediate_advanced,4,18,random,,,,,,,,505.556640625,430.205078125,526.806640625,487.03125,11,3,,,,,,2026-08-09T14:42:39.026Z,8T7CGK8F,2026-08-09,2026-08-09,11:42:39,2026-08-09 11:42:39,,,,,,,,6986a6c5d1f10ba22361229e,6986a6c5d1f10ba22361229e,,,,
4400,hover_association,2,3,adv,2,2,2,3,151, people ,457,533,,6986a6c5d1f10ba22361229e,6986a6c5d1f10ba22361229e,advanced,2,6986a6c5d1f10ba22361229e,6986a6c5d1f10ba22361229e,spotlight_PROLIFIC,,39,Brazil,Portuguese,"English, Spanish",Spanish,Portuguese:50|English:50|Spanish:0,100,Portuguese:30|English:70|Spanish:0,100,Portuguese:50|English:50|Spanish:0,100,18,4,Bachelor's,10,10,10,10,10,10,6,11,0,10,CEFR,C2,,,,,23,25,C1,intermediate|advanced,advanced|intermediate,cambridge_22_25_intermediate_advanced,4,18,random,,hover,49.90000009536743,49.90000009536743,0.08437875923698229,0.770458984375,159,496.181640625,430.205078125,536.181640625,487.03125,11,3,,,,,,2026-08-09T14:42:39.026Z,8T7CGK8F,2026-08-09,2026-08-09,11:42:39,2026-08-09 11:42:39,,,,,,,,6986a6c5d1f10ba22361229e,6986a6c5d1f10ba22361229e,,,,
4437,raw_position_sample,2,3,adv,2,2,2,3,150, guilty ,398,516,483075.7999999523,6986a6c5d1f10ba22361229e,6986a6c5d1f10ba22361229e,advanced,2,6986a6c5d1f10ba22361229e,6986a6c5d1f10ba22361229e,spotlight_PROLIFIC,,39,Brazil,Portuguese,"English, Spanish",Spanish,Portuguese:50|English:50|Spanish:0,100,Portuguese:30|English:70|Spanish:0,100,Portuguese:50|English:50|Spanish:0,100,18,4,Bachelor's,10,10,10,10,10,10,6,11,0,10,CEFR,C2,,,,,23,25,C1,intermediate|advanced,advanced|intermediate,cambridge_22_25_intermediate_advanced,4,18,random,,,,,,,,505.556640625,382.373046875,526.806640625,430.205078125,11,2,,,,,,2026-08-09T14:42:39.026Z,8T7CGK8F,2026-08-09,2026-08-09,11:42:39,2026-08-09 11:42:39,,,,,,,,6986a6c5d1f10ba22361229e,6986a6c5d1f10ba22361229e,,,,
4487,raw_position_sample,2,3,adv,2,2,2,3,150, guilty ,383,511,483126.09999990463,6986a6c5d1f10ba22361229e,6986a6c5d1f10ba22361229e,advanced,2,6986a6c5d1f10ba22361229e,6986a6c5d1f10ba22361229e,spotlight_PROLIFIC,,39,Brazil,Portuguese,"English, Spanish",Spanish,Portuguese:50|English:50|Spanish:0,100,Portuguese:30|English:70|Spanish:0,100,Portuguese:50|English:50|Spanish:0,100,18,4,Bachelor's,10,10,10,10,10,10,6,11,0,10,CEFR,C2,,,,,23,25,C1,intermediate|advanced,advanced|intermediate,cambridge_22_25_intermediate_advanced,4,18,random,,,,,,,,505.556640625,382.373046875,526.806640625,430.205078125,11,2,,,,,,2026-08-09T14:42:39.026Z,8T7CGK8F,2026-08-09,2026-08-09,11:42:39,2026-08-09 11:42:39,,,,,,,,6986a6c5d1f10ba22361229e,6986a6c5d1f10ba22361229e,,,,
4501,hover_association,2,3,adv,2,2,2,3,150, guilty ,423,524,,6986a6c5d1f10ba22361229e,6986a6c5d1f10ba22361229e,advanced,2,6986a6c5d1f10ba22361229e,6986a6c5d1f10ba22361229e,spotlight_PROLIFIC,,39,Brazil,Portuguese,"English, Spanish",Spanish,Portuguese:50|English:50|Spanish:0,100,Portuguese:30|English:70|Spanish:0,100,Portuguese:50|English:50|Spanish:0,100,18,4,Bachelor's,10,10,10,10,10,10,6,11,0,10,CEFR,C2,,,,,23,25,C1,intermediate|advanced,advanced|intermediate,cambridge_22_25_intermediate_advanced,4,18,random,,hover,100.09999990463257,100.09999990463257,0.013107390771743568,0.370458984375,159,496.181640625,382.373046875,536.181640625,430.205078125,11,2,,,,,,2026-08-09T14:42:39.026Z,8T7CGK8F,2026-08-09,2026-08-09,11:42:39,2026-08-09 11:42:39,,,,,,,,6986a6c5d1f10ba22361229e,6986a6c5d1f10ba22361229e,,,,
4536,raw_position_sample,2,3,adv,2,2,2,3,149, that ,382,511,483175.5,6986a6c5d1f10ba22361229e,6986a6c5d1f10ba22361229e,advanced,2,6986a6c5d1f10ba22361229e,6986a6c5d1f10ba22361229e,spotlight_PROLIFIC,,39,Brazil,Portuguese,"English, Spanish",Spanish,Portuguese:50|English:50|Spanish:0,100,Portuguese:30|English:70|Spanish:0,100,Portuguese:50|English:50|Spanish:0,100,18,4,Bachelor's,10,10,10,10,10,10,6,11,0,10,CEFR,C2,,,,,23,25,C1,intermediate|advanced,advanced|intermediate,cambridge_22_25_intermediate_advanced,4,18,random,,,,,,,,505.556640625,346.328125,526.806640625,382.373046875,11,1,,,,,,2026-08-09T14:42:39.026Z,8T7CGK8F,2026-08-09,2026-08-09,11:42:39,2026-08-09 11:42:39,,,,,,,,6986a6c5d1f10ba22361229e,6986a6c5d1f10ba22361229e,,,,
4588,raw_position_sample,2,3,adv,2,2,2,3,149, that ,382,511,483226.89999985695,6986a6c5d1f10ba22361229e,6986a6c5d1f10ba22361229e,advanced,2,6986a6c5d1f10ba22361229e,6986a6c5d1f10ba22361229e,spotlight_PROLIFIC,,39,Brazil,Portuguese,"English, Spanish",Spanish,Portuguese:50|English:50|Spanish:0,100,Portuguese:30|English:70|Spanish:0,100,Portuguese:50|English:50|Spanish:0,100,18,4,Bachelor's,10,10,10,10,10,10,6,11,0,10,CEFR,C2,,,,,23,25,C1,intermediate|advanced,advanced|intermediate,cambridge_22_25_intermediate_advanced,4,18,random,,,,,,,,505.556640625,346.328125,526.806640625,382.373046875,11,1,,,,,,2026-08-09T14:42:39.026Z,8T7CGK8F,2026-08-09,2026-08-09,11:42:39,2026-08-09 11:42:39,,,,,,,,6986a6c5d1f10ba22361229e,6986a6c5d1f10ba22361229e,,,,
4637,raw_position_sample,2,3,adv,2,2,2,3,149, that ,382,511,483276.2000000477,6986a6c5d1f10ba22361229e,6986a6c5d1f10ba22361229e,advanced,2,6986a6c5d1f10ba22361229e,6986a6c5d1f10ba22361229e,spotlight_PROLIFIC,,39,Brazil,Portuguese,"English, Spanish",Spanish,Portuguese:50|English:50|Spanish:0,100,Portuguese:30|English:70|Spanish:0,100,Portuguese:50|English:50|Spanish:0,100,18,4,Bachelor's,10,10,10,10,10,10,6,11,0,10,CEFR,C2,,,,,23,25,C1,intermediate|advanced,advanced|intermediate,cambridge_22_25_intermediate_advanced,4,18,random,,,,,,,,505.556640625,346.328125,526.806640625,382.373046875,11,1,,,,,,2026-08-09T14:42:39.026Z,8T7CGK8F,2026-08-09,2026-08-09,11:42:39,2026-08-09 11:42:39,,,,,,,,6986a6c5d1f10ba22361229e,6986a6c5d1f10ba22361229e,,,,
4687,raw_position_sample,2,3,adv,2,2,2,3,149, that ,382,511,483326,6986a6c5d1f10ba22361229e,6986a6c5d1f10ba22361229e,advanced,2,6986a6c5d1f10ba22361229e,6986a6c5d1f10ba22361229e,spotlight_PROLIFIC,,39,Brazil,Portuguese,"English, Spanish",Spanish,Portuguese:50|English:50|Spanish:0,100,Portuguese:30|English:70|Spanish:0,100,Portuguese:50|English:50|Spanish:0,100,18,4,Bachelor's,10,10,10,10,10,10,6,11,0,10,CEFR,C2,,,,,23,25,C1,intermediate|advanced,advanced|intermediate,cambridge_22_25_intermediate_advanced,4,18,random,,,,,,,,505.556640625,346.328125,526.806640625,382.373046875,11,1,,,,,,2026-08-09T14:42:39.026Z,8T7CGK8F,2026-08-09,2026-08-09,11:42:39,2026-08-09 11:42:39,,,,,,,,6986a6c5d1f10ba22361229e,6986a6c5d1f10ba22361229e,,,,
4738,raw_position_sample,2,3,adv,2,2,2,3,149, that ,382,513,483376.7000000477,6986a6c5d1f10ba22361229e,6986a6c5d1f10ba22361229e,advanced,2,6986a6c5d1f10ba22361229e,6986a6c5d1f10ba22361229e,spotlight_PROLIFIC,,39,Brazil,Portuguese,"English, Spanish",Spanish,Portuguese:50|English:50|Spanish:0,100,Portuguese:30|English:70|Spanish:0,100,Portuguese:50|English:50|Spanish:0,100,18,4,Bachelor's,10,10,10,10,10,10,6,11,0,10,CEFR,C2,,,,,23,25,C1,intermediate|advanced,advanced|intermediate,cambridge_22_25_intermediate_advanced,4,18,random,,,,,,,,505.556640625,346.328125,526.806640625,382.373046875,11,1,,,,,,2026-08-09T14:42:39.026Z,8T7CGK8F,2026-08-09,2026-08-09,11:42:39,2026-08-09 11:42:39,,,,,,,,6986a6c5d1f10ba22361229e,6986a6c5d1f10ba22361229e,,,,
4781,hover_association,2,3,adv,2,2,2,3,149, that ,382,511,,6986a6c5d1f10ba22361229e,6986a6c5d1f10ba22361229e,advanced,2,6986a6c5d1f10ba22361229e,6986a6c5d1f10ba22361229e,spotlight_PROLIFIC,,39,Brazil,Portuguese,"English, Spanish",Spanish,Portuguese:50|English:50|Spanish:0,100,Portuguese:30|English:70|Spanish:0,100,Portuguese:50|English:50|Spanish:0,100,18,4,Bachelor's,10,10,10,10,10,10,6,11,0,10,CEFR,C2,,,,,23,25,C1,intermediate|advanced,advanced|intermediate,cambridge_22_25_intermediate_advanced,4,18,random,,hover,280.2999999523163,280.2999999523163,0.990531429704541,0.470458984375,159,496.181640625,342.974609375,536.181640625,382.373046875,11,1,,,,,,2026-08-09T14:42:39.026Z,8T7CGK8F,2026-08-09,2026-08-09,11:42:39,2026-08-09 11:42:39,,,,,,,,6986a6c5d1f10ba22361229e,6986a6c5d1f10ba22361229e,,,,
4787,raw_position_sample,2,3,adv,2,2,2,3,150, guilty ,383,518,483425.89999985695,6986a6c5d1f10ba22361229e,6986a6c5d1f10ba22361229e,advanced,2,6986a6c5d1f10ba22361229e,6986a6c5d1f10ba22361229e,spotlight_PROLIFIC,,39,Brazil,Portuguese,"English, Spanish",Spanish,Portuguese:50|English:50|Spanish:0,100,Portuguese:30|English:70|Spanish:0,100,Portuguese:50|English:50|Spanish:0,100,18,4,Bachelor's,10,10,10,10,10,10,6,11,0,10,CEFR,C2,,,,,23,25,C1,intermediate|advanced,advanced|intermediate,cambridge_22_25_intermediate_advanced,4,18,random,,,,,,,,505.556640625,382.373046875,526.806640625,430.205078125,11,2,,,,,,2026-08-09T14:42:39.026Z,8T7CGK8F,2026-08-09,2026-08-09,11:42:39,2026-08-09 11:42:39,,,,,,,,6986a6c5d1f10ba22361229e,6986a6c5d1f10ba22361229e,,,,
4837,raw_position_sample,2,3,adv,2,2,2,3,150, guilty ,391,528,483476.2000000477,6986a6c5d1f10ba22361229e,6986a6c5d1f10ba22361229e,advanced,2,6986a6c5d1f10ba22361229e,6986a6c5d1f10ba22361229e,spotlight_PROLIFIC,,39,Brazil,Portuguese,"English, Spanish",Spanish,Portuguese:50|English:50|Spanish:0,100,Portuguese:30|English:70|Spanish:0,100,Portuguese:50|English:50|Spanish:0,100,18,4,Bachelor's,10,10,10,10,10,10,6,11,0,10,CEFR,C2,,,,,23,25,C1,intermediate|advanced,advanced|intermediate,cambridge_22_25_intermediate_advanced,4,18,random,,,,,,,,505.556640625,382.373046875,526.806640625,430.205078125,11,2,,,,,,2026-08-09T14:42:39.026Z,8T7CGK8F,2026-08-09,2026-08-09,11:42:39,2026-08-09 11:42:39,,,,,,,,6986a6c5d1f10ba22361229e,6986a6c5d1f10ba22361229e,,,,
4887,raw_position_sample,2,3,adv,2,2,2,3,150, guilty ,407,534,483526,6986a6c5d1f10ba22361229e,6986a6c5d1f10ba22361229e,advanced,2,6986a6c5d1f10ba22361229e,6986a6c5d1f10ba22361229e,spotlight_PROLIFIC,,39,Brazil,Portuguese,"English, Spanish",Spanish,Portuguese:50|English:50|Spanish:0,100,Portuguese:30|English:70|Spanish:0,100,Portuguese:50|English:50|Spanish:0,100,18,4,Bachelor's,10,10,10,10,10,10,6,11,0,10,CEFR,C2,,,,,23,25,C1,intermediate|advanced,advanced|intermediate,cambridge_22_25_intermediate_advanced,4,18,random,,,,,,,,505.556640625,382.373046875,526.806640625,430.205078125,11,2,,,,,,2026-08-09T14:42:39.026Z,8T7CGK8F,2026-08-09,2026-08-09,11:42:39,2026-08-09 11:42:39,,,,,,,,6986a6c5d1f10ba22361229e,6986a6c5d1f10ba22361229e,,,,
4937,raw_position_sample,2,3,adv,2,2,2,3,150, guilty ,427,534,483575.7999999523,6986a6c5d1f10ba22361229e,6986a6c5d1f10ba22361229e,advanced,2,6986a6c5d1f10ba22361229e,6986a6c5d1f10ba22361229e,spotlight_PROLIFIC,,39,Brazil,Portuguese,"English, Spanish",Spanish,Portuguese:50|English:50|Spanish:0,100,Portuguese:30|English:70|Spanish:0,100,Portuguese:50|English:50|Spanish:0,100,18,4,Bachelor's,10,10,10,10,10,10,6,11,0,10,CEFR,C2,,,,,23,25,C1,intermediate|advanced,advanced|intermediate,cambridge_22_25_intermediate_advanced,4,18,random,,,,,,,,505.556640625,382.373046875,526.806640625,430.205078125,11,2,,,,,,2026-08-09T14:42:39.026Z,8T7CGK8F,2026-08-09,2026-08-09,11:42:39,2026-08-09 11:42:39,,,,,,,,6986a6c5d1f10ba22361229e,6986a6c5d1f10ba22361229e,,,,
4967,hover_association,2,3,adv,2,2,2,3,150, guilty ,383,518,,6986a6c5d1f10ba22361229e,6986a6c5d1f10ba22361229e,advanced,2,6986a6c5d1f10ba22361229e,6986a6c5d1f10ba22361229e,spotlight_PROLIFIC,,39,Brazil,Portuguese,"English, Spanish",Spanish,Portuguese:50|English:50|Spanish:0,100,Portuguese:30|English:70|Spanish:0,100,Portuguese:50|English:50|Spanish:0,100,18,4,Bachelor's,10,10,10,10,10,10,6,11,0,10,CEFR,C2,,,,,23,25,C1,intermediate|advanced,advanced|intermediate,cambridge_22_25_intermediate_advanced,4,18,random,,hover,186.29999995231628,186.29999995231628,0.995712535728869,0.945458984375,159,496.181640625,382.373046875,536.181640625,430.205078125,11,2,,,,,,2026-08-09T14:42:39.026Z,8T7CGK8F,2026-08-09,2026-08-09,11:42:39,2026-08-09 11:42:39,,,,,,,,6986a6c5d1f10ba22361229e,6986a6c5d1f10ba22361229e,,,,
4987,raw_position_sample,2,3,adv,2,2,2,3,151, people ,434,532,483625.89999985695,6986a6c5d1f10ba22361229e,6986a6c5d1f10ba22361229e,advanced,2,6986a6c5d1f10ba22361229e,6986a6c5d1f10ba22361229e,spotlight_PROLIFIC,,39,Brazil,Portuguese,"English, Spanish",Spanish,Portuguese:50|English:50|Spanish:0,100,Portuguese:30|English:70|Spanish:0,100,Portuguese:50|English:50|Spanish:0,100,18,4,Bachelor's,10,10,10,10,10,10,6,11,0,10,CEFR,C2,,,,,23,25,C1,intermediate|advanced,advanced|intermediate,cambridge_22_25_intermediate_advanced,4,18,random,,,,,,,,505.556640625,430.205078125,526.806640625,487.03125,11,3,,,,,,2026-08-09T14:42:39.026Z,8T7CGK8F,2026-08-09,2026-08-09,11:42:39,2026-08-09 11:42:39,,,,,,,,6986a6c5d1f10ba22361229e,6986a6c5d1f10ba22361229e,,,,
5037,raw_position_sample,2,3,adv,2,2,2,3,151, people ,440,529,483675.89999985695,6986a6c5d1f10ba22361229e,6986a6c5d1f10ba22361229e,advanced,2,6986a6c5d1f10ba22361229e,6986a6c5d1f10ba22361229e,spotlight_PROLIFIC,,39,Brazil,Portuguese,"English, Spanish",Spanish,Portuguese:50|English:50|Spanish:0,100,Portuguese:30|English:70|Spanish:0,100,Portuguese:50|English:50|Spanish:0,100,18,4,Bachelor's,10,10,10,10,10,10,6,11,0,10,CEFR,C2,,,,,23,25,C1,intermediate|advanced,advanced|intermediate,cambridge_22_25_intermediate_advanced,4,18,random,,,,,,,,505.556640625,430.205078125,526.806640625,487.03125,11,3,,,,,,2026-08-09T14:42:39.026Z,8T7CGK8F,2026-08-09,2026-08-09,11:42:39,2026-08-09 11:42:39,,,,,,,,6986a6c5d1f10ba22361229e,6986a6c5d1f10ba22361229e,,,,
5087,raw_position_sample,2,3,adv,2,2,2,3,151, people ,450,524,483726.09999990463,6986a6c5d1f10ba22361229e,6986a6c5d1f10ba22361229e,advanced,2,6986a6c5d1f10ba22361229e,6986a6c5d1f10ba22361229e,spotlight_PROLIFIC,,39,Brazil,Portuguese,"English, Spanish",Spanish,Portuguese:50|English:50|Spanish:0,100,Portuguese:30|English:70|Spanish:0,100,Portuguese:50|English:50|Spanish:0,100,18,4,Bachelor's,10,10,10,10,10,10,6,11,0,10,CEFR,C2,,,,,23,25,C1,intermediate|advanced,advanced|intermediate,cambridge_22_25_intermediate_advanced,4,18,random,,,,,,,,505.556640625,430.205078125,526.806640625,487.03125,11,3,,,,,,2026-08-09T14:42:39.026Z,8T7CGK8F,2026-08-09,2026-08-09,11:42:39,2026-08-09 11:42:39,,,,,,,,6986a6c5d1f10ba22361229e,6986a6c5d1f10ba22361229e,,,,
5137,raw_position_sample,2,3,adv,2,2,2,3,151, people ,466,519,483775.7000000477,6986a6c5d1f10ba22361229e,6986a6c5d1f10ba22361229e,advanced,2,6986a6c5d1f10ba22361229e,6986a6c5d1f10ba22361229e,spotlight_PROLIFIC,,39,Brazil,Portuguese,"English, Spanish",Spanish,Portuguese:50|English:50|Spanish:0,100,Portuguese:30|English:70|Spanish:0,100,Portuguese:50|English:50|Spanish:0,100,18,4,Bachelor's,10,10,10,10,10,10,6,11,0,10,CEFR,C2,,,,,23,25,C1,intermediate|advanced,advanced|intermediate,cambridge_22_25_intermediate_advanced,4,18,random,,,,,,,,505.556640625,430.205078125,526.806640625,487.03125,11,3,,,,,,2026-08-09T14:42:39.026Z,8T7CGK8F,2026-08-09,2026-08-09,11:42:39,2026-08-09 11:42:39,,,,,,,,6986a6c5d1f10ba22361229e,6986a6c5d1f10ba22361229e,,,,
5187,raw_position_sample,2,3,adv,2,2,2,3,151, people ,476,515,483825.89999985695,6986a6c5d1f10ba22361229e,6986a6c5d1f10ba22361229e,advanced,2,6986a6c5d1f10ba22361229e,6986a6c5d1f10ba22361229e,spotlight_PROLIFIC,,39,Brazil,Portuguese,"English, Spanish",Spanish,Portuguese:50|English:50|Spanish:0,100,Portuguese:30|English:70|Spanish:0,100,Portuguese:50|English:50|Spanish:0,100,18,4,Bachelor's,10,10,10,10,10,10,6,11,0,10,CEFR,C2,,,,,23,25,C1,intermediate|advanced,advanced|intermediate,cambridge_22_25_intermediate_advanced,4,18,random,,,,,,,,505.556640625,430.205078125,526.806640625,487.03125,11,3,,,,,,2026-08-09T14:42:39.026Z,8T7CGK8F,2026-08-09,2026-08-09,11:42:39,2026-08-09 11:42:39,,,,,,,,6986a6c5d1f10ba22361229e,6986a6c5d1f10ba22361229e,,,,
5237,raw_position_sample,2,3,adv,2,2,2,3,151, people ,479,515,483875.7999999523,6986a6c5d1f10ba22361229e,6986a6c5d1f10ba22361229e,advanced,2,6986a6c5d1f10ba22361229e,6986a6c5d1f10ba22361229e,spotlight_PROLIFIC,,39,Brazil,Portuguese,"English, Spanish",Spanish,Portuguese:50|English:50|Spanish:0,100,Portuguese:30|English:70|Spanish:0,100,Portuguese:50|English:50|Spanish:0,100,18,4,Bachelor's,10,10,10,10,10,10,6,11,0,10,CEFR,C2,,,,,23,25,C1,intermediate|advanced,advanced|intermediate,cambridge_22_25_intermediate_advanced,4,18,random,,,,,,,,505.556640625,430.205078125,526.806640625,487.03125,11,3,,,,,,2026-08-09T14:42:39.026Z,8T7CGK8F,2026-08-09,2026-08-09,11:42:39,2026-08-09 11:42:39,,,,,,,,6986a6c5d1f10ba22361229e,6986a6c5d1f10ba22361229e,,,,
5286,raw_position_sample,2,3,adv,2,2,2,3,151, people ,481,515,483925.2000000477,6986a6c5d1f10ba22361229e,6986a6c5d1f10ba22361229e,advanced,2,6986a6c5d1f10ba22361229e,6986a6c5d1f10ba22361229e,spotlight_PROLIFIC,,39,Brazil,Portuguese,"English, Spanish",Spanish,Portuguese:50|English:50|Spanish:0,100,Portuguese:30|English:70|Spanish:0,100,Portuguese:50|English:50|Spanish:0,100,18,4,Bachelor's,10,10,10,10,10,10,6,11,0,10,CEFR,C2,,,,,23,25,C1,intermediate|advanced,advanced|intermediate,cambridge_22_25_intermediate_advanced,4,18,random,,,,,,,,505.556640625,430.205078125,526.806640625,487.03125,11,3,,,,,,2026-08-09T14:42:39.026Z,8T7CGK8F,2026-08-09,2026-08-09,11:42:39,2026-08-09 11:42:39,,,,,,,,6986a6c5d1f10ba22361229e,6986a6c5d1f10ba22361229e,,,,
5334,hover_association,2,3,adv,2,2,2,3,151, people ,433,533,,6986a6c5d1f10ba22361229e,6986a6c5d1f10ba22361229e,advanced,2,6986a6c5d1f10ba22361229e,6986a6c5d1f10ba22361229e,spotlight_PROLIFIC,,39,Brazil,Portuguese,"English, Spanish",Spanish,Portuguese:50|English:50|Spanish:0,100,Portuguese:30|English:70|Spanish:0,100,Portuguese:50|English:50|Spanish:0,100,18,4,Bachelor's,10,10,10,10,10,10,6,11,0,10,CEFR,C2,,,,,23,25,C1,intermediate|advanced,advanced|intermediate,cambridge_22_25_intermediate_advanced,4,18,random,,hover,366.7000000476837,366.7000000476837,0.9818525519848771,0.470458984375,159,496.181640625,430.205078125,536.181640625,487.03125,11,3,,,,,,2026-08-09T14:42:39.026Z,8T7CGK8F,2026-08-09,2026-08-09,11:42:39,2026-08-09 11:42:39,,,,,,,,6986a6c5d1f10ba22361229e,6986a6c5d1f10ba22361229e,,,,
5337,raw_position_sample,2,3,adv,2,2,2,3,152, fidget ,492,515,483976.2000000477,6986a6c5d1f10ba22361229e,6986a6c5d1f10ba22361229e,advanced,2,6986a6c5d1f10ba22361229e,6986a6c5d1f10ba22361229e,spotlight_PROLIFIC,,39,Brazil,Portuguese,"English, Spanish",Spanish,Portuguese:50|English:50|Spanish:0,100,Portuguese:30|English:70|Spanish:0,100,Portuguese:50|English:50|Spanish:0,100,18,4,Bachelor's,10,10,10,10,10,10,6,11,0,10,CEFR,C2,,,,,23,25,C1,intermediate|advanced,advanced|intermediate,cambridge_22_25_intermediate_advanced,4,18,random,,,,,,,,505.556640625,487.03125,526.806640625,536.171875,11,4,,,,,,2026-08-09T14:42:39.026Z,8T7CGK8F,2026-08-09,2026-08-09,11:42:39,2026-08-09 11:42:39,,,,,,,,6986a6c5d1f10ba22361229e,6986a6c5d1f10ba22361229e,,,,
5384,hover_association,2,3,adv,2,2,2,3,152, fidget ,492,515,,6986a6c5d1f10ba22361229e,6986a6c5d1f10ba22361229e,advanced,2,6986a6c5d1f10ba22361229e,6986a6c5d1f10ba22361229e,spotlight_PROLIFIC,,39,Brazil,Portuguese,"English, Spanish",Spanish,Portuguese:50|English:50|Spanish:0,100,Portuguese:30|English:70|Spanish:0,100,Portuguese:50|English:50|Spanish:0,100,18,4,Bachelor's,10,10,10,10,10,10,6,11,0,10,CEFR,C2,,,,,23,25,C1,intermediate|advanced,advanced|intermediate,cambridge_22_25_intermediate_advanced,4,18,random,,hover,50.10000014305115,50.10000014305115,0.7523052464228935,0.545458984375,159,496.181640625,487.03125,536.181640625,536.171875,11,4,,,,,,2026-08-09T14:42:39.026Z,8T7CGK8F,2026-08-09,2026-08-09,11:42:39,2026-08-09 11:42:39,,,,,,,,6986a6c5d1f10ba22361229e,6986a6c5d1f10ba22361229e,,,,
5387,raw_position_sample,2,3,adv,2,2,2,3,153, more ,543,521,484026,6986a6c5d1f10ba22361229e,6986a6c5d1f10ba22361229e,advanced,2,6986a6c5d1f10ba22361229e,6986a6c5d1f10ba22361229e,spotlight_PROLIFIC,,39,Brazil,Portuguese,"English, Spanish",Spanish,Portuguese:50|English:50|Spanish:0,100,Portuguese:30|English:70|Spanish:0,100,Portuguese:50|English:50|Spanish:0,100,18,4,Bachelor's,10,10,10,10,10,10,6,11,0,10,CEFR,C2,,,,,23,25,C1,intermediate|advanced,advanced|intermediate,cambridge_22_25_intermediate_advanced,4,18,random,,,,,,,,505.556640625,536.171875,526.806640625,581.123046875,11,5,,,,,,2026-08-09T14:42:39.026Z,8T7CGK8F,2026-08-09,2026-08-09,11:42:39,2026-08-09 11:42:39,,,,,,,,6986a6c5d1f10ba22361229e,6986a6c5d1f10ba22361229e,,,,
5434,hover_association,2,3,adv,2,2,2,3,153, more ,543,521,,6986a6c5d1f10ba22361229e,6986a6c5d1f10ba22361229e,advanced,2,6986a6c5d1f10ba22361229e,6986a6c5d1f10ba22361229e,spotlight_PROLIFIC,,39,Brazil,Portuguese,"English, Spanish",Spanish,Portuguese:50|English:50|Spanish:0,100,Portuguese:30|English:70|Spanish:0,100,Portuguese:50|English:50|Spanish:0,100,18,4,Bachelor's,10,10,10,10,10,10,6,11,0,10,CEFR,C2,,,,,23,25,C1,intermediate|advanced,advanced|intermediate,cambridge_22_25_intermediate_advanced,4,18,random,,hover,49.89999985694885,49.89999985694885,0.7747990441016728,0.670458984375,159,496.181640625,536.171875,536.181640625,581.123046875,11,5,,,,,,2026-08-09T14:42:39.026Z,8T7CGK8F,2026-08-09,2026-08-09,11:42:39,2026-08-09 11:42:39,,,,,,,,6986a6c5d1f10ba22361229e,6986a6c5d1f10ba22361229e,,,,
5437,raw_position_sample,2,3,adv,2,2,2,3,154, and ,583,524,484075.89999985695,6986a6c5d1f10ba22361229e,6986a6c5d1f10ba22361229e,advanced,2,6986a6c5d1f10ba22361229e,6986a6c5d1f10ba22361229e,spotlight_PROLIFIC,,39,Brazil,Portuguese,"English, Spanish",Spanish,Portuguese:50|English:50|Spanish:0,100,Portuguese:30|English:70|Spanish:0,100,Portuguese:50|English:50|Spanish:0,100,18,4,Bachelor's,10,10,10,10,10,10,6,11,0,10,CEFR,C2,,,,,23,25,C1,intermediate|advanced,advanced|intermediate,cambridge_22_25_intermediate_advanced,4,18,random,,,,,,,,505.556640625,581.123046875,526.806640625,613.798828125,11,6,,,,,,2026-08-09T14:42:39.026Z,8T7CGK8F,2026-08-09,2026-08-09,11:42:39,2026-08-09 11:42:39,,,,,,,,6986a6c5d1f10ba22361229e,6986a6c5d1f10ba22361229e,,,,
5487,raw_position_sample,2,3,adv,2,2,2,3,154, and ,597,524,484125.89999985695,6986a6c5d1f10ba22361229e,6986a6c5d1f10ba22361229e,advanced,2,6986a6c5d1f10ba22361229e,6986a6c5d1f10ba22361229e,spotlight_PROLIFIC,,39,Brazil,Portuguese,"English, Spanish",Spanish,Portuguese:50|English:50|Spanish:0,100,Portuguese:30|English:70|Spanish:0,100,Portuguese:50|English:50|Spanish:0,100,18,4,Bachelor's,10,10,10,10,10,10,6,11,0,10,CEFR,C2,,,,,23,25,C1,intermediate|advanced,advanced|intermediate,cambridge_22_25_intermediate_advanced,4,18,random,,,,,,,,505.556640625,581.123046875,526.806640625,613.798828125,11,6,,,,,,2026-08-09T14:42:39.026Z,8T7CGK8F,2026-08-09,2026-08-09,11:42:39,2026-08-09 11:42:39,,,,,,,,6986a6c5d1f10ba22361229e,6986a6c5d1f10ba22361229e,,,,
5537,raw_position_sample,2,3,adv,2,2,2,3,154, and ,600,524,484176,6986a6c5d1f10ba22361229e,6986a6c5d1f10ba22361229e,advanced,2,6986a6c5d1f10ba22361229e,6986a6c5d1f10ba22361229e,spotlight_PROLIFIC,,39,Brazil,Portuguese,"English, Spanish",Spanish,Portuguese:50|English:50|Spanish:0,100,Portuguese:30|English:70|Spanish:0,100,Portuguese:50|English:50|Spanish:0,100,18,4,Bachelor's,10,10,10,10,10,10,6,11,0,10,CEFR,C2,,,,,23,25,C1,intermediate|advanced,advanced|intermediate,cambridge_22_25_intermediate_advanced,4,18,random,,,,,,,,505.556640625,581.123046875,526.806640625,613.798828125,11,6,,,,,,2026-08-09T14:42:39.026Z,8T7CGK8F,2026-08-09,2026-08-09,11:42:39,2026-08-09 11:42:39,,,,,,,,6986a6c5d1f10ba22361229e,6986a6c5d1f10ba22361229e,,,,
5586,raw_position_sample,2,3,adv,2,2,2,3,154, and ,601,524,484225.39999985695,6986a6c5d1f10ba22361229e,6986a6c5d1f10ba22361229e,advanced,2,6986a6c5d1f10ba22361229e,6986a6c5d1f10ba22361229e,spotlight_PROLIFIC,,39,Brazil,Portuguese,"English, Spanish",Spanish,Portuguese:50|English:50|Spanish:0,100,Portuguese:30|English:70|Spanish:0,100,Portuguese:50|English:50|Spanish:0,100,18,4,Bachelor's,10,10,10,10,10,10,6,11,0,10,CEFR,C2,,,,,23,25,C1,intermediate|advanced,advanced|intermediate,cambridge_22_25_intermediate_advanced,4,18,random,,,,,,,,505.556640625,581.123046875,526.806640625,613.798828125,11,6,,,,,,2026-08-09T14:42:39.026Z,8T7CGK8F,2026-08-09,2026-08-09,11:42:39,2026-08-09 11:42:39,,,,,,,,6986a6c5d1f10ba22361229e,6986a6c5d1f10ba22361229e,,,,
5637,raw_position_sample,2,3,adv,2,2,2,3,154, and ,601,524,484275.7999999523,6986a6c5d1f10ba22361229e,6986a6c5d1f10ba22361229e,advanced,2,6986a6c5d1f10ba22361229e,6986a6c5d1f10ba22361229e,spotlight_PROLIFIC,,39,Brazil,Portuguese,"English, Spanish",Spanish,Portuguese:50|English:50|Spanish:0,100,Portuguese:30|English:70|Spanish:0,100,Portuguese:50|English:50|Spanish:0,100,18,4,Bachelor's,10,10,10,10,10,10,6,11,0,10,CEFR,C2,,,,,23,25,C1,intermediate|advanced,advanced|intermediate,cambridge_22_25_intermediate_advanced,4,18,random,,,,,,,,505.556640625,581.123046875,526.806640625,613.798828125,11,6,,,,,,2026-08-09T14:42:39.026Z,8T7CGK8F,2026-08-09,2026-08-09,11:42:39,2026-08-09 11:42:39,,,,,,,,6986a6c5d1f10ba22361229e,6986a6c5d1f10ba22361229e,,,,
5687,raw_position_sample,2,3,adv,2,2,2,3,154, and ,601,524,484326.09999990463,6986a6c5d1f10ba22361229e,6986a6c5d1f10ba22361229e,advanced,2,6986a6c5d1f10ba22361229e,6986a6c5d1f10ba22361229e,spotlight_PROLIFIC,,39,Brazil,Portuguese,"English, Spanish",Spanish,Portuguese:50|English:50|Spanish:0,100,Portuguese:30|English:70|Spanish:0,100,Portuguese:50|English:50|Spanish:0,100,18,4,Bachelor's,10,10,10,10,10,10,6,11,0,10,CEFR,C2,,,,,23,25,C1,intermediate|advanced,advanced|intermediate,cambridge_22_25_intermediate_advanced,4,18,random,,,,,,,,505.556640625,581.123046875,526.806640625,613.798828125,11,6,,,,,,2026-08-09T14:42:39.026Z,8T7CGK8F,2026-08-09,2026-08-09,11:42:39,2026-08-09 11:42:39,,,,,,,,6986a6c5d1f10ba22361229e,6986a6c5d1f10ba22361229e,,,,
5738,raw_position_sample,2,3,adv,2,2,2,3,154, and ,601,524,484376.7999999523,6986a6c5d1f10ba22361229e,6986a6c5d1f10ba22361229e,advanced,2,6986a6c5d1f10ba22361229e,6986a6c5d1f10ba22361229e,spotlight_PROLIFIC,,39,Brazil,Portuguese,"English, Spanish",Spanish,Portuguese:50|English:50|Spanish:0,100,Portuguese:30|English:70|Spanish:0,100,Portuguese:50|English:50|Spanish:0,100,18,4,Bachelor's,10,10,10,10,10,10,6,11,0,10,CEFR,C2,,,,,23,25,C1,intermediate|advanced,advanced|intermediate,cambridge_22_25_intermediate_advanced,4,18,random,,,,,,,,505.556640625,581.123046875,526.806640625,613.798828125,11,6,,,,,,2026-08-09T14:42:39.026Z,8T7CGK8F,2026-08-09,2026-08-09,11:42:39,2026-08-09 11:42:39,,,,,,,,6986a6c5d1f10ba22361229e,6986a6c5d1f10ba22361229e,,,,
5789,raw_position_sample,2,3,adv,2,2,2,3,154, and ,601,524,484427.89999985695,6986a6c5d1f10ba22361229e,6986a6c5d1f10ba22361229e,advanced,2,6986a6c5d1f10ba22361229e,6986a6c5d1f10ba22361229e,spotlight_PROLIFIC,,39,Brazil,Portuguese,"English, Spanish",Spanish,Portuguese:50|English:50|Spanish:0,100,Portuguese:30|English:70|Spanish:0,100,Portuguese:50|English:50|Spanish:0,100,18,4,Bachelor's,10,10,10,10,10,10,6,11,0,10,CEFR,C2,,,,,23,25,C1,intermediate|advanced,advanced|intermediate,cambridge_22_25_intermediate_advanced,4,18,random,,,,,,,,505.556640625,581.123046875,526.806640625,613.798828125,11,6,,,,,,2026-08-09T14:42:39.026Z,8T7CGK8F,2026-08-09,2026-08-09,11:42:39,2026-08-09 11:42:39,,,,,,,,6986a6c5d1f10ba22361229e,6986a6c5d1f10ba22361229e,,,,
5838,raw_position_sample,2,3,adv,2,2,2,3,154, and ,601,524,484476.7000000477,6986a6c5d1f10ba22361229e,6986a6c5d1f10ba22361229e,advanced,2,6986a6c5d1f10ba22361229e,6986a6c5d1f10ba22361229e,spotlight_PROLIFIC,,39,Brazil,Portuguese,"English, Spanish",Spanish,Portuguese:50|English:50|Spanish:0,100,Portuguese:30|English:70|Spanish:0,100,Portuguese:50|English:50|Spanish:0,100,18,4,Bachelor's,10,10,10,10,10,10,6,11,0,10,CEFR,C2,,,,,23,25,C1,intermediate|advanced,advanced|intermediate,cambridge_22_25_intermediate_advanced,4,18,random,,,,,,,,505.556640625,581.123046875,526.806640625,613.798828125,11,6,,,,,,2026-08-09T14:42:39.026Z,8T7CGK8F,2026-08-09,2026-08-09,11:42:39,2026-08-09 11:42:39,,,,,,,,6986a6c5d1f10ba22361229e,6986a6c5d1f10ba22361229e,,,,
5887,raw_position_sample,2,3,adv,2,2,2,3,154, and ,613,524,484525.89999985695,6986a6c5d1f10ba22361229e,6986a6c5d1f10ba22361229e,advanced,2,6986a6c5d1f10ba22361229e,6986a6c5d1f10ba22361229e,spotlight_PROLIFIC,,39,Brazil,Portuguese,"English, Spanish",Spanish,Portuguese:50|English:50|Spanish:0,100,Portuguese:30|English:70|Spanish:0,100,Portuguese:50|English:50|Spanish:0,100,18,4,Bachelor's,10,10,10,10,10,10,6,11,0,10,CEFR,C2,,,,,23,25,C1,intermediate|advanced,advanced|intermediate,cambridge_22_25_intermediate_advanced,4,18,random,,,,,,,,505.556640625,581.123046875,526.806640625,613.798828125,11,6,,,,,,2026-08-09T14:42:39.026Z,8T7CGK8F,2026-08-09,2026-08-09,11:42:39,2026-08-09 11:42:39,,,,,,,,6986a6c5d1f10ba22361229e,6986a6c5d1f10ba22361229e,,,,
5903,hover_association,2,3,adv,2,2,2,3,154, and ,583,524,,6986a6c5d1f10ba22361229e,6986a6c5d1f10ba22361229e,advanced,2,6986a6c5d1f10ba22361229e,6986a6c5d1f10ba22361229e,spotlight_PROLIFIC,,39,Brazil,Portuguese,"English, Spanish",Spanish,Portuguese:50|English:50|Spanish:0,100,Portuguese:30|English:70|Spanish:0,100,Portuguese:50|English:50|Spanish:0,100,18,4,Bachelor's,10,10,10,10,10,10,6,11,0,10,CEFR,C2,,,,,23,25,C1,intermediate|advanced,advanced|intermediate,cambridge_22_25_intermediate_advanced,4,18,random,,hover,469.5,469.5,0.9755528989838613,0.695458984375,159,496.181640625,581.123046875,536.181640625,613.798828125,11,6,,,,,,2026-08-09T14:42:39.026Z,8T7CGK8F,2026-08-09,2026-08-09,11:42:39,2026-08-09 11:42:39,,,,,,,,6986a6c5d1f10ba22361229e,6986a6c5d1f10ba22361229e,,,,
5934,hover_association,2,3,adv,2,2,2,3,155, we ,624,524,,6986a6c5d1f10ba22361229e,6986a6c5d1f10ba22361229e,advanced,2,6986a6c5d1f10ba22361229e,6986a6c5d1f10ba22361229e,spotlight_PROLIFIC,,39,Brazil,Portuguese,"English, Spanish",Spanish,Portuguese:50|English:50|Spanish:0,100,Portuguese:30|English:70|Spanish:0,100,Portuguese:50|English:50|Spanish:0,100,18,4,Bachelor's,10,10,10,10,10,10,6,11,0,10,CEFR,C2,,,,,23,25,C1,intermediate|advanced,advanced|intermediate,cambridge_22_25_intermediate_advanced,4,18,random,,hover,30.600000143051147,30.600000143051147,0.9813460131675201,0.695458984375,159,496.181640625,613.798828125,536.181640625,640.498046875,11,7,,,,,,2026-08-09T14:42:39.026Z,8T7CGK8F,2026-08-09,2026-08-09,11:42:39,2026-08-09 11:42:39,,,,,,,,6986a6c5d1f10ba22361229e,6986a6c5d1f10ba22361229e,,,,
5937,raw_position_sample,2,3,adv,2,2,2,3,156, can ,655,524,484576.2999999523,6986a6c5d1f10ba22361229e,6986a6c5d1f10ba22361229e,advanced,2,6986a6c5d1f10ba22361229e,6986a6c5d1f10ba22361229e,spotlight_PROLIFIC,,39,Brazil,Portuguese,"English, Spanish",Spanish,Portuguese:50|English:50|Spanish:0,100,Portuguese:30|English:70|Spanish:0,100,Portuguese:50|English:50|Spanish:0,100,18,4,Bachelor's,10,10,10,10,10,10,6,11,0,10,CEFR,C2,,,,,23,25,C1,intermediate|advanced,advanced|intermediate,cambridge_22_25_intermediate_advanced,4,18,random,,,,,,,,505.556640625,640.498046875,526.806640625,671.513671875,11,8,,,,,,2026-08-09T14:42:39.026Z,8T7CGK8F,2026-08-09,2026-08-09,11:42:39,2026-08-09 11:42:39,,,,,,,,6986a6c5d1f10ba22361229e,6986a6c5d1f10ba22361229e,,,,
5967,hover_association,2,3,adv,2,2,2,3,156, can ,655,524,,6986a6c5d1f10ba22361229e,6986a6c5d1f10ba22361229e,advanced,2,6986a6c5d1f10ba22361229e,6986a6c5d1f10ba22361229e,spotlight_PROLIFIC,,39,Brazil,Portuguese,"English, Spanish",Spanish,Portuguese:50|English:50|Spanish:0,100,Portuguese:30|English:70|Spanish:0,100,Portuguese:50|English:50|Spanish:0,100,18,4,Bachelor's,10,10,10,10,10,10,6,11,0,10,CEFR,C2,,,,,23,25,C1,intermediate|advanced,advanced|intermediate,cambridge_22_25_intermediate_advanced,4,18,random,,hover,33.299999952316284,33.299999952316284,0.886712846347607,0.695458984375,159,496.181640625,640.498046875,536.181640625,671.513671875,11,8,,,,,,2026-08-09T14:42:39.026Z,8T7CGK8F,2026-08-09,2026-08-09,11:42:39,2026-08-09 11:42:39,,,,,,,,6986a6c5d1f10ba22361229e,6986a6c5d1f10ba22361229e,,,,
5987,raw_position_sample,2,3,adv,2,2,2,3,157, measure ,695,524,484626.2000000477,6986a6c5d1f10ba22361229e,6986a6c5d1f10ba22361229e,advanced,2,6986a6c5d1f10ba22361229e,6986a6c5d1f10ba22361229e,spotlight_PROLIFIC,,39,Brazil,Portuguese,"English, Spanish",Spanish,Portuguese:50|English:50|Spanish:0,100,Portuguese:30|English:70|Spanish:0,100,Portuguese:50|English:50|Spanish:0,100,18,4,Bachelor's,10,10,10,10,10,10,6,11,0,10,CEFR,C2,,,,,23,25,C1,intermediate|advanced,advanced|intermediate,cambridge_22_25_intermediate_advanced,4,18,random,,,,,,,,505.556640625,671.513671875,526.806640625,742.83203125,11,9,,,,,,2026-08-09T14:42:39.026Z,8T7CGK8F,2026-08-09,2026-08-09,11:42:39,2026-08-09 11:42:39,,,,,,,,6986a6c5d1f10ba22361229e,6986a6c5d1f10ba22361229e,,,,
6037,raw_position_sample,2,3,adv,2,2,2,3,157, measure ,713,523,484675.89999985695,6986a6c5d1f10ba22361229e,6986a6c5d1f10ba22361229e,advanced,2,6986a6c5d1f10ba22361229e,6986a6c5d1f10ba22361229e,spotlight_PROLIFIC,,39,Brazil,Portuguese,"English, Spanish",Spanish,Portuguese:50|English:50|Spanish:0,100,Portuguese:30|English:70|Spanish:0,100,Portuguese:50|English:50|Spanish:0,100,18,4,Bachelor's,10,10,10,10,10,10,6,11,0,10,CEFR,C2,,,,,23,25,C1,intermediate|advanced,advanced|intermediate,cambridge_22_25_intermediate_advanced,4,18,random,,,,,,,,505.556640625,671.513671875,526.806640625,742.83203125,11,9,,,,,,2026-08-09T14:42:39.026Z,8T7CGK8F,2026-08-09,2026-08-09,11:42:39,2026-08-09 11:42:39,,,,,,,,6986a6c5d1f10ba22361229e,6986a6c5d1f10ba22361229e,,,,
6087,raw_position_sample,2,3,adv,2,2,2,3,157, measure ,720,522,484726.09999990463,6986a6c5d1f10ba22361229e,6986a6c5d1f10ba22361229e,advanced,2,6986a6c5d1f10ba22361229e,6986a6c5d1f10ba22361229e,spotlight_PROLIFIC,,39,Brazil,Portuguese,"English, Spanish",Spanish,Portuguese:50|English:50|Spanish:0,100,Portuguese:30|English:70|Spanish:0,100,Portuguese:50|English:50|Spanish:0,100,18,4,Bachelor's,10,10,10,10,10,10,6,11,0,10,CEFR,C2,,,,,23,25,C1,intermediate|advanced,advanced|intermediate,cambridge_22_25_intermediate_advanced,4,18,random,,,,,,,,505.556640625,671.513671875,526.806640625,742.83203125,11,9,,,,,,2026-08-09T14:42:39.026Z,8T7CGK8F,2026-08-09,2026-08-09,11:42:39,2026-08-09 11:42:39,,,,,,,,6986a6c5d1f10ba22361229e,6986a6c5d1f10ba22361229e,,,,
6137,raw_position_sample,2,3,adv,2,2,2,3,157, measure ,726,522,484775.7999999523,6986a6c5d1f10ba22361229e,6986a6c5d1f10ba22361229e,advanced,2,6986a6c5d1f10ba22361229e,6986a6c5d1f10ba22361229e,spotlight_PROLIFIC,,39,Brazil,Portuguese,"English, Spanish",Spanish,Portuguese:50|English:50|Spanish:0,100,Portuguese:30|English:70|Spanish:0,100,Portuguese:50|English:50|Spanish:0,100,18,4,Bachelor's,10,10,10,10,10,10,6,11,0,10,CEFR,C2,,,,,23,25,C1,intermediate|advanced,advanced|intermediate,cambridge_22_25_intermediate_advanced,4,18,random,,,,,,,,505.556640625,671.513671875,526.806640625,742.83203125,11,9,,,,,,2026-08-09T14:42:39.026Z,8T7CGK8F,2026-08-09,2026-08-09,11:42:39,2026-08-09 11:42:39,,,,,,,,6986a6c5d1f10ba22361229e,6986a6c5d1f10ba22361229e,,,,
6187,raw_position_sample,2,3,adv,2,2,2,3,157, measure ,733,522,484825.7999999523,6986a6c5d1f10ba22361229e,6986a6c5d1f10ba22361229e,advanced,2,6986a6c5d1f10ba22361229e,6986a6c5d1f10ba22361229e,spotlight_PROLIFIC,,39,Brazil,Portuguese,"English, Spanish",Spanish,Portuguese:50|English:50|Spanish:0,100,Portuguese:30|English:70|Spanish:0,100,Portuguese:50|English:50|Spanish:0,100,18,4,Bachelor's,10,10,10,10,10,10,6,11,0,10,CEFR,C2,,,,,23,25,C1,intermediate|advanced,advanced|intermediate,cambridge_22_25_intermediate_advanced,4,18,random,,,,,,,,505.556640625,671.513671875,526.806640625,742.83203125,11,9,,,,,,2026-08-09T14:42:39.026Z,8T7CGK8F,2026-08-09,2026-08-09,11:42:39,2026-08-09 11:42:39,,,,,,,,6986a6c5d1f10ba22361229e,6986a6c5d1f10ba22361229e,,,,
6234,hover_association,2,3,adv,2,2,2,3,157, measure ,683,524,,6986a6c5d1f10ba22361229e,6986a6c5d1f10ba22361229e,advanced,2,6986a6c5d1f10ba22361229e,6986a6c5d1f10ba22361229e,spotlight_PROLIFIC,,39,Brazil,Portuguese,"English, Spanish",Spanish,Portuguese:50|English:50|Spanish:0,100,Portuguese:30|English:70|Spanish:0,100,Portuguese:50|English:50|Spanish:0,100,18,4,Bachelor's,10,10,10,10,10,10,6,11,0,10,CEFR,C2,,,,,23,25,C1,intermediate|advanced,advanced|intermediate,cambridge_22_25_intermediate_advanced,4,18,random,,hover,266.7000000476837,266.7000000476837,0.9602902916609612,0.645458984375,159,496.181640625,671.513671875,536.181640625,742.83203125,11,9,,,,,,2026-08-09T14:42:39.026Z,8T7CGK8F,2026-08-09,2026-08-09,11:42:39,2026-08-09 11:42:39,,,,,,,,6986a6c5d1f10ba22361229e,6986a6c5d1f10ba22361229e,,,,
6236,raw_position_sample,2,3,adv,2,2,2,3,158, this ,743,522,484875.09999990463,6986a6c5d1f10ba22361229e,6986a6c5d1f10ba22361229e,advanced,2,6986a6c5d1f10ba22361229e,6986a6c5d1f10ba22361229e,spotlight_PROLIFIC,,39,Brazil,Portuguese,"English, Spanish",Spanish,Portuguese:50|English:50|Spanish:0,100,Portuguese:30|English:70|Spanish:0,100,Portuguese:50|English:50|Spanish:0,100,18,4,Bachelor's,10,10,10,10,10,10,6,11,0,10,CEFR,C2,,,,,23,25,C1,intermediate|advanced,advanced|intermediate,cambridge_22_25_intermediate_advanced,4,18,random,,,,,,,,505.556640625,742.83203125,526.806640625,775.44921875,11,10,,,,,,2026-08-09T14:42:39.026Z,8T7CGK8F,2026-08-09,2026-08-09,11:42:39,2026-08-09 11:42:39,,,,,,,,6986a6c5d1f10ba22361229e,6986a6c5d1f10ba22361229e,,,,
6287,raw_position_sample,2,3,adv,2,2,2,3,158, this ,755,522,484926,6986a6c5d1f10ba22361229e,6986a6c5d1f10ba22361229e,advanced,2,6986a6c5d1f10ba22361229e,6986a6c5d1f10ba22361229e,spotlight_PROLIFIC,,39,Brazil,Portuguese,"English, Spanish",Spanish,Portuguese:50|English:50|Spanish:0,100,Portuguese:30|English:70|Spanish:0,100,Portuguese:50|English:50|Spanish:0,100,18,4,Bachelor's,10,10,10,10,10,10,6,11,0,10,CEFR,C2,,,,,23,25,C1,intermediate|advanced,advanced|intermediate,cambridge_22_25_intermediate_advanced,4,18,random,,,,,,,,505.556640625,742.83203125,526.806640625,775.44921875,11,10,,,,,,2026-08-09T14:42:39.026Z,8T7CGK8F,2026-08-09,2026-08-09,11:42:39,2026-08-09 11:42:39,,,,,,,,6986a6c5d1f10ba22361229e,6986a6c5d1f10ba22361229e,,,,
6337,raw_position_sample,2,3,adv,2,2,2,3,158, this ,773,522,484976.09999990463,6986a6c5d1f10ba22361229e,6986a6c5d1f10ba22361229e,advanced,2,6986a6c5d1f10ba22361229e,6986a6c5d1f10ba22361229e,spotlight_PROLIFIC,,39,Brazil,Portuguese,"English, Spanish",Spanish,Portuguese:50|English:50|Spanish:0,100,Portuguese:30|English:70|Spanish:0,100,Portuguese:50|English:50|Spanish:0,100,18,4,Bachelor's,10,10,10,10,10,10,6,11,0,10,CEFR,C2,,,,,23,25,C1,intermediate|advanced,advanced|intermediate,cambridge_22_25_intermediate_advanced,4,18,random,,,,,,,,505.556640625,742.83203125,526.806640625,775.44921875,11,10,,,,,,2026-08-09T14:42:39.026Z,8T7CGK8F,2026-08-09,2026-08-09,11:42:39,2026-08-09 11:42:39,,,,,,,,6986a6c5d1f10ba22361229e,6986a6c5d1f10ba22361229e,,,,
6351,hover_association,2,3,adv,2,2,2,3,158, this ,743,522,,6986a6c5d1f10ba22361229e,6986a6c5d1f10ba22361229e,advanced,2,6986a6c5d1f10ba22361229e,6986a6c5d1f10ba22361229e,spotlight_PROLIFIC,,39,Brazil,Portuguese,"English, Spanish",Spanish,Portuguese:50|English:50|Spanish:0,100,Portuguese:30|English:70|Spanish:0,100,Portuguese:50|English:50|Spanish:0,100,18,4,Bachelor's,10,10,10,10,10,10,6,11,0,10,CEFR,C2,,,,,23,25,C1,intermediate|advanced,advanced|intermediate,cambridge_22_25_intermediate_advanced,4,18,random,,hover,116.59999990463257,116.59999990463257,0.9249101796407185,0.645458984375,159,496.181640625,742.83203125,536.181640625,775.44921875,11,10,,,,,,2026-08-09T14:42:39.026Z,8T7CGK8F,2026-08-09,2026-08-09,11:42:39,2026-08-09 11:42:39,,,,,,,,6986a6c5d1f10ba22361229e,6986a6c5d1f10ba22361229e,,,,
6387,raw_position_sample,2,3,adv,2,2,2,3,159, robustly.” ,797,522,485026,6986a6c5d1f10ba22361229e,6986a6c5d1f10ba22361229e,advanced,2,6986a6c5d1f10ba22361229e,6986a6c5d1f10ba22361229e,spotlight_PROLIFIC,,39,Brazil,Portuguese,"English, Spanish",Spanish,Portuguese:50|English:50|Spanish:0,100,Portuguese:30|English:70|Spanish:0,100,Portuguese:50|English:50|Spanish:0,100,18,4,Bachelor's,10,10,10,10,10,10,6,11,0,10,CEFR,C2,,,,,23,25,C1,intermediate|advanced,advanced|intermediate,cambridge_22_25_intermediate_advanced,4,18,random,,,,,,,,505.556640625,775.44921875,526.806640625,848.26171875,11,11,,,,,,2026-08-09T14:42:39.026Z,8T7CGK8F,2026-08-09,2026-08-09,11:42:39,2026-08-09 11:42:39,,,,,,,,6986a6c5d1f10ba22361229e,6986a6c5d1f10ba22361229e,,,,
6437,raw_position_sample,2,3,adv,2,2,2,3,159, robustly.” ,809,522,485075.59999990463,6986a6c5d1f10ba22361229e,6986a6c5d1f10ba22361229e,advanced,2,6986a6c5d1f10ba22361229e,6986a6c5d1f10ba22361229e,spotlight_PROLIFIC,,39,Brazil,Portuguese,"English, Spanish",Spanish,Portuguese:50|English:50|Spanish:0,100,Portuguese:30|English:70|Spanish:0,100,Portuguese:50|English:50|Spanish:0,100,18,4,Bachelor's,10,10,10,10,10,10,6,11,0,10,CEFR,C2,,,,,23,25,C1,intermediate|advanced,advanced|intermediate,cambridge_22_25_intermediate_advanced,4,18,random,,,,,,,,505.556640625,775.44921875,526.806640625,848.26171875,11,11,,,,,,2026-08-09T14:42:39.026Z,8T7CGK8F,2026-08-09,2026-08-09,11:42:39,2026-08-09 11:42:39,,,,,,,,6986a6c5d1f10ba22361229e,6986a6c5d1f10ba22361229e,,,,
6486,raw_position_sample,2,3,adv,2,2,2,3,159, robustly.” ,813,522,485125.39999985695,6986a6c5d1f10ba22361229e,6986a6c5d1f10ba22361229e,advanced,2,6986a6c5d1f10ba22361229e,6986a6c5d1f10ba22361229e,spotlight_PROLIFIC,,39,Brazil,Portuguese,"English, Spanish",Spanish,Portuguese:50|English:50|Spanish:0,100,Portuguese:30|English:70|Spanish:0,100,Portuguese:50|English:50|Spanish:0,100,18,4,Bachelor's,10,10,10,10,10,10,6,11,0,10,CEFR,C2,,,,,23,25,C1,intermediate|advanced,advanced|intermediate,cambridge_22_25_intermediate_advanced,4,18,random,,,,,,,,505.556640625,775.44921875,526.806640625,848.26171875,11,11,,,,,,2026-08-09T14:42:39.026Z,8T7CGK8F,2026-08-09,2026-08-09,11:42:39,2026-08-09 11:42:39,,,,,,,,6986a6c5d1f10ba22361229e,6986a6c5d1f10ba22361229e,,,,
6537,raw_position_sample,2,3,adv,2,2,2,3,159, robustly.” ,816,522,485176,6986a6c5d1f10ba22361229e,6986a6c5d1f10ba22361229e,advanced,2,6986a6c5d1f10ba22361229e,6986a6c5d1f10ba22361229e,spotlight_PROLIFIC,,39,Brazil,Portuguese,"English, Spanish",Spanish,Portuguese:50|English:50|Spanish:0,100,Portuguese:30|English:70|Spanish:0,100,Portuguese:50|English:50|Spanish:0,100,18,4,Bachelor's,10,10,10,10,10,10,6,11,0,10,CEFR,C2,,,,,23,25,C1,intermediate|advanced,advanced|intermediate,cambridge_22_25_intermediate_advanced,4,18,random,,,,,,,,505.556640625,775.44921875,526.806640625,848.26171875,11,11,,,,,,2026-08-09T14:42:39.026Z,8T7CGK8F,2026-08-09,2026-08-09,11:42:39,2026-08-09 11:42:39,,,,,,,,6986a6c5d1f10ba22361229e,6986a6c5d1f10ba22361229e,,,,
6587,raw_position_sample,2,3,adv,2,2,2,3,159, robustly.” ,818,519,485226,6986a6c5d1f10ba22361229e,6986a6c5d1f10ba22361229e,advanced,2,6986a6c5d1f10ba22361229e,6986a6c5d1f10ba22361229e,spotlight_PROLIFIC,,39,Brazil,Portuguese,"English, Spanish",Spanish,Portuguese:50|English:50|Spanish:0,100,Portuguese:30|English:70|Spanish:0,100,Portuguese:50|English:50|Spanish:0,100,18,4,Bachelor's,10,10,10,10,10,10,6,11,0,10,CEFR,C2,,,,,23,25,C1,intermediate|advanced,advanced|intermediate,cambridge_22_25_intermediate_advanced,4,18,random,,,,,,,,505.556640625,775.44921875,526.806640625,848.26171875,11,11,,,,,,2026-08-09T14:42:39.026Z,8T7CGK8F,2026-08-09,2026-08-09,11:42:39,2026-08-09 11:42:39,,,,,,,,6986a6c5d1f10ba22361229e,6986a6c5d1f10ba22361229e,,,,
6637,raw_position_sample,2,3,adv,2,2,2,3,159, robustly.” ,824,514,485276,6986a6c5d1f10ba22361229e,6986a6c5d1f10ba22361229e,advanced,2,6986a6c5d1f10ba22361229e,6986a6c5d1f10ba22361229e,spotlight_PROLIFIC,,39,Brazil,Portuguese,"English, Spanish",Spanish,Portuguese:50|English:50|Spanish:0,100,Portuguese:30|English:70|Spanish:0,100,Portuguese:50|English:50|Spanish:0,100,18,4,Bachelor's,10,10,10,10,10,10,6,11,0,10,CEFR,C2,,,,,23,25,C1,intermediate|advanced,advanced|intermediate,cambridge_22_25_intermediate_advanced,4,18,random,,,,,,,,505.556640625,775.44921875,526.806640625,848.26171875,11,11,,,,,,2026-08-09T14:42:39.026Z,8T7CGK8F,2026-08-09,2026-08-09,11:42:39,2026-08-09 11:42:39,,,,,,,,6986a6c5d1f10ba22361229e,6986a6c5d1f10ba22361229e,,,,
6687,raw_position_sample,2,3,adv,2,2,2,3,159, robustly.” ,829,507,485325.89999985695,6986a6c5d1f10ba22361229e,6986a6c5d1f10ba22361229e,advanced,2,6986a6c5d1f10ba22361229e,6986a6c5d1f10ba22361229e,spotlight_PROLIFIC,,39,Brazil,Portuguese,"English, Spanish",Spanish,Portuguese:50|English:50|Spanish:0,100,Portuguese:30|English:70|Spanish:0,100,Portuguese:50|English:50|Spanish:0,100,18,4,Bachelor's,10,10,10,10,10,10,6,11,0,10,CEFR,C2,,,,,23,25,C1,intermediate|advanced,advanced|intermediate,cambridge_22_25_intermediate_advanced,4,18,random,,,,,,,,505.556640625,775.44921875,526.806640625,848.26171875,11,11,,,,,,2026-08-09T14:42:39.026Z,8T7CGK8F,2026-08-09,2026-08-09,11:42:39,2026-08-09 11:42:39,,,,,,,,6986a6c5d1f10ba22361229e,6986a6c5d1f10ba22361229e,,,,
6737,raw_position_sample,2,3,adv,2,2,2,3,159, robustly.” ,835,503,485375.89999985695,6986a6c5d1f10ba22361229e,6986a6c5d1f10ba22361229e,advanced,2,6986a6c5d1f10ba22361229e,6986a6c5d1f10ba22361229e,spotlight_PROLIFIC,,39,Brazil,Portuguese,"English, Spanish",Spanish,Portuguese:50|English:50|Spanish:0,100,Portuguese:30|English:70|Spanish:0,100,Portuguese:50|English:50|Spanish:0,100,18,4,Bachelor's,10,10,10,10,10,10,6,11,0,10,CEFR,C2,,,,,23,25,C1,intermediate|advanced,advanced|intermediate,cambridge_22_25_intermediate_advanced,4,18,random,,,,,,,,505.556640625,775.44921875,526.806640625,848.26171875,11,11,,,,,,2026-08-09T14:42:39.026Z,8T7CGK8F,2026-08-09,2026-08-09,11:42:39,2026-08-09 11:42:39,,,,,,,,6986a6c5d1f10ba22361229e,6986a6c5d1f10ba22361229e,,,,
6787,raw_position_sample,2,3,adv,2,2,2,3,159, robustly.” ,840,501,485426.09999990463,6986a6c5d1f10ba22361229e,6986a6c5d1f10ba22361229e,advanced,2,6986a6c5d1f10ba22361229e,6986a6c5d1f10ba22361229e,spotlight_PROLIFIC,,39,Brazil,Portuguese,"English, Spanish",Spanish,Portuguese:50|English:50|Spanish:0,100,Portuguese:30|English:70|Spanish:0,100,Portuguese:50|English:50|Spanish:0,100,18,4,Bachelor's,10,10,10,10,10,10,6,11,0,10,CEFR,C2,,,,,23,25,C1,intermediate|advanced,advanced|intermediate,cambridge_22_25_intermediate_advanced,4,18,random,,,,,,,,505.556640625,775.44921875,526.806640625,848.26171875,11,11,,,,,,2026-08-09T14:42:39.026Z,8T7CGK8F,2026-08-09,2026-08-09,11:42:39,2026-08-09 11:42:39,,,,,,,,6986a6c5d1f10ba22361229e,6986a6c5d1f10ba22361229e,,,,
6834,hover_association,2,3,adv,2,2,2,3,159, robustly.” ,781,522,,6986a6c5d1f10ba22361229e,6986a6c5d1f10ba22361229e,advanced,2,6986a6c5d1f10ba22361229e,6986a6c5d1f10ba22361229e,spotlight_PROLIFIC,,39,Brazil,Portuguese,"English, Spanish",Spanish,Portuguese:50|English:50|Spanish:0,100,Portuguese:30|English:70|Spanish:0,100,Portuguese:50|English:50|Spanish:0,100,18,4,Bachelor's,10,10,10,10,10,10,6,11,0,10,CEFR,C2,,,,,23,25,C1,intermediate|advanced,advanced|intermediate,cambridge_22_25_intermediate_advanced,4,18,random,,hover,483.2999999523163,483.2999999523163,0.8868887350308998,0.045458984375,159,496.181640625,775.44921875,536.181640625,851.615234375,11,11,,,,,,2026-08-09T14:42:39.026Z,8T7CGK8F,2026-08-09,2026-08-09,11:42:39,2026-08-09 11:42:39,,,,,,,,6986a6c5d1f10ba22361229e,6986a6c5d1f10ba22361229e,,,,
6837,raw_position_sample,2,3,adv,2,2,2,3,146, takeaway ,846,495,485475.89999985695,6986a6c5d1f10ba22361229e,6986a6c5d1f10ba22361229e,advanced,2,6986a6c5d1f10ba22361229e,6986a6c5d1f10ba22361229e,spotlight_PROLIFIC,,39,Brazil,Portuguese,"English, Spanish",Spanish,Portuguese:50|English:50|Spanish:0,100,Portuguese:30|English:70|Spanish:0,100,Portuguese:50|English:50|Spanish:0,100,18,4,Bachelor's,10,10,10,10,10,10,6,11,0,10,CEFR,C2,,,,,23,25,C1,intermediate|advanced,advanced|intermediate,cambridge_22_25_intermediate_advanced,4,18,random,,,,,,,,465.556640625,842.509765625,486.806640625,920.9765625,10,11,,,,,,2026-08-09T14:42:39.026Z,8T7CGK8F,2026-08-09,2026-08-09,11:42:39,2026-08-09 11:42:39,,,,,,,,6986a6c5d1f10ba22361229e,6986a6c5d1f10ba22361229e,,,,
6887,raw_position_sample,2,3,adv,2,2,2,3,146, takeaway ,849,492,485525.7000000477,6986a6c5d1f10ba22361229e,6986a6c5d1f10ba22361229e,advanced,2,6986a6c5d1f10ba22361229e,6986a6c5d1f10ba22361229e,spotlight_PROLIFIC,,39,Brazil,Portuguese,"English, Spanish",Spanish,Portuguese:50|English:50|Spanish:0,100,Portuguese:30|English:70|Spanish:0,100,Portuguese:50|English:50|Spanish:0,100,18,4,Bachelor's,10,10,10,10,10,10,6,11,0,10,CEFR,C2,,,,,23,25,C1,intermediate|advanced,advanced|intermediate,cambridge_22_25_intermediate_advanced,4,18,random,,,,,,,,465.556640625,842.509765625,486.806640625,920.9765625,10,11,,,,,,2026-08-09T14:42:39.026Z,8T7CGK8F,2026-08-09,2026-08-09,11:42:39,2026-08-09 11:42:39,,,,,,,,6986a6c5d1f10ba22361229e,6986a6c5d1f10ba22361229e,,,,
6936,raw_position_sample,2,3,adv,2,2,2,3,146, takeaway ,851,486,485575.5,6986a6c5d1f10ba22361229e,6986a6c5d1f10ba22361229e,advanced,2,6986a6c5d1f10ba22361229e,6986a6c5d1f10ba22361229e,spotlight_PROLIFIC,,39,Brazil,Portuguese,"English, Spanish",Spanish,Portuguese:50|English:50|Spanish:0,100,Portuguese:30|English:70|Spanish:0,100,Portuguese:50|English:50|Spanish:0,100,18,4,Bachelor's,10,10,10,10,10,10,6,11,0,10,CEFR,C2,,,,,23,25,C1,intermediate|advanced,advanced|intermediate,cambridge_22_25_intermediate_advanced,4,18,random,,,,,,,,465.556640625,842.509765625,486.806640625,920.9765625,10,11,,,,,,2026-08-09T14:42:39.026Z,8T7CGK8F,2026-08-09,2026-08-09,11:42:39,2026-08-09 11:42:39,,,,,,,,6986a6c5d1f10ba22361229e,6986a6c5d1f10ba22361229e,,,,
6986,raw_position_sample,2,3,adv,2,2,2,3,146, takeaway ,851,482,485625.39999985695,6986a6c5d1f10ba22361229e,6986a6c5d1f10ba22361229e,advanced,2,6986a6c5d1f10ba22361229e,6986a6c5d1f10ba22361229e,spotlight_PROLIFIC,,39,Brazil,Portuguese,"English, Spanish",Spanish,Portuguese:50|English:50|Spanish:0,100,Portuguese:30|English:70|Spanish:0,100,Portuguese:50|English:50|Spanish:0,100,18,4,Bachelor's,10,10,10,10,10,10,6,11,0,10,CEFR,C2,,,,,23,25,C1,intermediate|advanced,advanced|intermediate,cambridge_22_25_intermediate_advanced,4,18,random,,,,,,,,465.556640625,842.509765625,486.806640625,920.9765625,10,11,,,,,,2026-08-09T14:42:39.026Z,8T7CGK8F,2026-08-09,2026-08-09,11:42:39,2026-08-09 11:42:39,,,,,,,,6986a6c5d1f10ba22361229e,6986a6c5d1f10ba22361229e,,,,
7037,raw_position_sample,2,3,adv,2,2,2,3,146, takeaway ,847,478,485676,6986a6c5d1f10ba22361229e,6986a6c5d1f10ba22361229e,advanced,2,6986a6c5d1f10ba22361229e,6986a6c5d1f10ba22361229e,spotlight_PROLIFIC,,39,Brazil,Portuguese,"English, Spanish",Spanish,Portuguese:50|English:50|Spanish:0,100,Portuguese:30|English:70|Spanish:0,100,Portuguese:50|English:50|Spanish:0,100,18,4,Bachelor's,10,10,10,10,10,10,6,11,0,10,CEFR,C2,,,,,23,25,C1,intermediate|advanced,advanced|intermediate,cambridge_22_25_intermediate_advanced,4,18,random,,,,,,,,465.556640625,842.509765625,486.806640625,920.9765625,10,11,,,,,,2026-08-09T14:42:39.026Z,8T7CGK8F,2026-08-09,2026-08-09,11:42:39,2026-08-09 11:42:39,,,,,,,,6986a6c5d1f10ba22361229e,6986a6c5d1f10ba22361229e,,,,
7067,hover_association,2,3,adv,2,2,2,3,146, takeaway ,846,495,,6986a6c5d1f10ba22361229e,6986a6c5d1f10ba22361229e,advanced,2,6986a6c5d1f10ba22361229e,6986a6c5d1f10ba22361229e,spotlight_PROLIFIC,,39,Brazil,Portuguese,"English, Spanish",Spanish,Portuguese:50|English:50|Spanish:0,100,Portuguese:30|English:70|Spanish:0,100,Portuguese:50|English:50|Spanish:0,100,18,4,Bachelor's,10,10,10,10,10,10,6,11,0,10,CEFR,C2,,,,,23,25,C1,intermediate|advanced,advanced|intermediate,cambridge_22_25_intermediate_advanced,4,18,random,,hover,233.40000009536743,233.40000009536743,0.018991910392034846,0.495458984375,159,456.181640625,842.509765625,496.181640625,920.9765625,10,11,,,,,,2026-08-09T14:42:39.026Z,8T7CGK8F,2026-08-09,2026-08-09,11:42:39,2026-08-09 11:42:39,,,,,,,,6986a6c5d1f10ba22361229e,6986a6c5d1f10ba22361229e,,,,
7087,raw_position_sample,2,3,adv,2,2,2,3,145, “The ,837,472,485726,6986a6c5d1f10ba22361229e,6986a6c5d1f10ba22361229e,advanced,2,6986a6c5d1f10ba22361229e,6986a6c5d1f10ba22361229e,spotlight_PROLIFIC,,39,Brazil,Portuguese,"English, Spanish",Spanish,Portuguese:50|English:50|Spanish:0,100,Portuguese:30|English:70|Spanish:0,100,Portuguese:50|English:50|Spanish:0,100,18,4,Bachelor's,10,10,10,10,10,10,6,11,0,10,CEFR,C2,,,,,23,25,C1,intermediate|advanced,advanced|intermediate,cambridge_22_25_intermediate_advanced,4,18,random,,,,,,,,465.556640625,802.421875,486.806640625,842.509765625,10,10,,,,,,2026-08-09T14:42:39.026Z,8T7CGK8F,2026-08-09,2026-08-09,11:42:39,2026-08-09 11:42:39,,,,,,,,6986a6c5d1f10ba22361229e,6986a6c5d1f10ba22361229e,,,,
7137,raw_position_sample,2,3,adv,2,2,2,3,145, “The ,831,471,485775.89999985695,6986a6c5d1f10ba22361229e,6986a6c5d1f10ba22361229e,advanced,2,6986a6c5d1f10ba22361229e,6986a6c5d1f10ba22361229e,spotlight_PROLIFIC,,39,Brazil,Portuguese,"English, Spanish",Spanish,Portuguese:50|English:50|Spanish:0,100,Portuguese:30|English:70|Spanish:0,100,Portuguese:50|English:50|Spanish:0,100,18,4,Bachelor's,10,10,10,10,10,10,6,11,0,10,CEFR,C2,,,,,23,25,C1,intermediate|advanced,advanced|intermediate,cambridge_22_25_intermediate_advanced,4,18,random,,,,,,,,465.556640625,802.421875,486.806640625,842.509765625,10,10,,,,,,2026-08-09T14:42:39.026Z,8T7CGK8F,2026-08-09,2026-08-09,11:42:39,2026-08-09 11:42:39,,,,,,,,6986a6c5d1f10ba22361229e,6986a6c5d1f10ba22361229e,,,,
7187,raw_position_sample,2,3,adv,2,2,2,3,145, “The ,826,471,485825.7999999523,6986a6c5d1f10ba22361229e,6986a6c5d1f10ba22361229e,advanced,2,6986a6c5d1f10ba22361229e,6986a6c5d1f10ba22361229e,spotlight_PROLIFIC,,39,Brazil,Portuguese,"English, Spanish",Spanish,Portuguese:50|English:50|Spanish:0,100,Portuguese:30|English:70|Spanish:0,100,Portuguese:50|English:50|Spanish:0,100,18,4,Bachelor's,10,10,10,10,10,10,6,11,0,10,CEFR,C2,,,,,23,25,C1,intermediate|advanced,advanced|intermediate,cambridge_22_25_intermediate_advanced,4,18,random,,,,,,,,465.556640625,802.421875,486.806640625,842.509765625,10,10,,,,,,2026-08-09T14:42:39.026Z,8T7CGK8F,2026-08-09,2026-08-09,11:42:39,2026-08-09 11:42:39,,,,,,,,6986a6c5d1f10ba22361229e,6986a6c5d1f10ba22361229e,,,,
7237,raw_position_sample,2,3,adv,2,2,2,3,145, “The ,818,471,485876,6986a6c5d1f10ba22361229e,6986a6c5d1f10ba22361229e,advanced,2,6986a6c5d1f10ba22361229e,6986a6c5d1f10ba22361229e,spotlight_PROLIFIC,,39,Brazil,Portuguese,"English, Spanish",Spanish,Portuguese:50|English:50|Spanish:0,100,Portuguese:30|English:70|Spanish:0,100,Portuguese:50|English:50|Spanish:0,100,18,4,Bachelor's,10,10,10,10,10,10,6,11,0,10,CEFR,C2,,,,,23,25,C1,intermediate|advanced,advanced|intermediate,cambridge_22_25_intermediate_advanced,4,18,random,,,,,,,,465.556640625,802.421875,486.806640625,842.509765625,10,10,,,,,,2026-08-09T14:42:39.026Z,8T7CGK8F,2026-08-09,2026-08-09,11:42:39,2026-08-09 11:42:39,,,,,,,,6986a6c5d1f10ba22361229e,6986a6c5d1f10ba22361229e,,,,
7286,raw_position_sample,2,3,adv,2,2,2,3,145, “The ,816,471,485925.39999985695,6986a6c5d1f10ba22361229e,6986a6c5d1f10ba22361229e,advanced,2,6986a6c5d1f10ba22361229e,6986a6c5d1f10ba22361229e,spotlight_PROLIFIC,,39,Brazil,Portuguese,"English, Spanish",Spanish,Portuguese:50|English:50|Spanish:0,100,Portuguese:30|English:70|Spanish:0,100,Portuguese:50|English:50|Spanish:0,100,18,4,Bachelor's,10,10,10,10,10,10,6,11,0,10,CEFR,C2,,,,,23,25,C1,intermediate|advanced,advanced|intermediate,cambridge_22_25_intermediate_advanced,4,18,random,,,,,,,,465.556640625,802.421875,486.806640625,842.509765625,10,10,,,,,,2026-08-09T14:42:39.026Z,8T7CGK8F,2026-08-09,2026-08-09,11:42:39,2026-08-09 11:42:39,,,,,,,,6986a6c5d1f10ba22361229e,6986a6c5d1f10ba22361229e,,,,
7338,raw_position_sample,2,3,adv,2,2,2,3,145, “The ,816,472,485977,6986a6c5d1f10ba22361229e,6986a6c5d1f10ba22361229e,advanced,2,6986a6c5d1f10ba22361229e,6986a6c5d1f10ba22361229e,spotlight_PROLIFIC,,39,Brazil,Portuguese,"English, Spanish",Spanish,Portuguese:50|English:50|Spanish:0,100,Portuguese:30|English:70|Spanish:0,100,Portuguese:50|English:50|Spanish:0,100,18,4,Bachelor's,10,10,10,10,10,10,6,11,0,10,CEFR,C2,,,,,23,25,C1,intermediate|advanced,advanced|intermediate,cambridge_22_25_intermediate_advanced,4,18,random,,,,,,,,465.556640625,802.421875,486.806640625,842.509765625,10,10,,,,,,2026-08-09T14:42:39.026Z,8T7CGK8F,2026-08-09,2026-08-09,11:42:39,2026-08-09 11:42:39,,,,,,,,6986a6c5d1f10ba22361229e,6986a6c5d1f10ba22361229e,,,,
7387,raw_position_sample,2,3,adv,2,2,2,3,145, “The ,824,472,486026,6986a6c5d1f10ba22361229e,6986a6c5d1f10ba22361229e,advanced,2,6986a6c5d1f10ba22361229e,6986a6c5d1f10ba22361229e,spotlight_PROLIFIC,,39,Brazil,Portuguese,"English, Spanish",Spanish,Portuguese:50|English:50|Spanish:0,100,Portuguese:30|English:70|Spanish:0,100,Portuguese:50|English:50|Spanish:0,100,18,4,Bachelor's,10,10,10,10,10,10,6,11,0,10,CEFR,C2,,,,,23,25,C1,intermediate|advanced,advanced|intermediate,cambridge_22_25_intermediate_advanced,4,18,random,,,,,,,,465.556640625,802.421875,486.806640625,842.509765625,10,10,,,,,,2026-08-09T14:42:39.026Z,8T7CGK8F,2026-08-09,2026-08-09,11:42:39,2026-08-09 11:42:39,,,,,,,,6986a6c5d1f10ba22361229e,6986a6c5d1f10ba22361229e,,,,
7434,hover_association,2,3,adv,2,2,2,3,145, “The ,840,474,,6986a6c5d1f10ba22361229e,6986a6c5d1f10ba22361229e,advanced,2,6986a6c5d1f10ba22361229e,6986a6c5d1f10ba22361229e,spotlight_PROLIFIC,,39,Brazil,Portuguese,"English, Spanish",Spanish,Portuguese:50|English:50|Spanish:0,100,Portuguese:30|English:70|Spanish:0,100,Portuguese:50|English:50|Spanish:0,100,18,4,Bachelor's,10,10,10,10,10,10,6,11,0,10,CEFR,C2,,,,,23,25,C1,intermediate|advanced,advanced|intermediate,cambridge_22_25_intermediate_advanced,4,18,random,,hover,366.7000000476837,366.7000000476837,0.9124482338611449,0.395458984375,159,456.181640625,802.421875,496.181640625,842.509765625,10,10,,,,,,2026-08-09T14:42:39.026Z,8T7CGK8F,2026-08-09,2026-08-09,11:42:39,2026-08-09 11:42:39,,,,,,,,6986a6c5d1f10ba22361229e,6986a6c5d1f10ba22361229e,,,,
7437,raw_position_sample,2,3,adv,2,2,2,3,146, takeaway ,850,472,486076.09999990463,6986a6c5d1f10ba22361229e,6986a6c5d1f10ba22361229e,advanced,2,6986a6c5d1f10ba22361229e,6986a6c5d1f10ba22361229e,spotlight_PROLIFIC,,39,Brazil,Portuguese,"English, Spanish",Spanish,Portuguese:50|English:50|Spanish:0,100,Portuguese:30|English:70|Spanish:0,100,Portuguese:50|English:50|Spanish:0,100,18,4,Bachelor's,10,10,10,10,10,10,6,11,0,10,CEFR,C2,,,,,23,25,C1,intermediate|advanced,advanced|intermediate,cambridge_22_25_intermediate_advanced,4,18,random,,,,,,,,465.556640625,842.509765625,486.806640625,920.9765625,10,11,,,,,,2026-08-09T14:42:39.026Z,8T7CGK8F,2026-08-09,2026-08-09,11:42:39,2026-08-09 11:42:39,,,,,,,,6986a6c5d1f10ba22361229e,6986a6c5d1f10ba22361229e,,,,
7487,raw_position_sample,2,3,adv,2,2,2,3,146, takeaway ,883,475,486125.7999999523,6986a6c5d1f10ba22361229e,6986a6c5d1f10ba22361229e,advanced,2,6986a6c5d1f10ba22361229e,6986a6c5d1f10ba22361229e,spotlight_PROLIFIC,,39,Brazil,Portuguese,"English, Spanish",Spanish,Portuguese:50|English:50|Spanish:0,100,Portuguese:30|English:70|Spanish:0,100,Portuguese:50|English:50|Spanish:0,100,18,4,Bachelor's,10,10,10,10,10,10,6,11,0,10,CEFR,C2,,,,,23,25,C1,intermediate|advanced,advanced|intermediate,cambridge_22_25_intermediate_advanced,4,18,random,,,,,,,,465.556640625,842.509765625,486.806640625,920.9765625,10,11,,,,,,2026-08-09T14:42:39.026Z,8T7CGK8F,2026-08-09,2026-08-09,11:42:39,2026-08-09 11:42:39,,,,,,,,6986a6c5d1f10ba22361229e,6986a6c5d1f10ba22361229e,,,,
7537,raw_position_sample,2,3,adv,2,2,2,3,146, takeaway ,899,478,486176,6986a6c5d1f10ba22361229e,6986a6c5d1f10ba22361229e,advanced,2,6986a6c5d1f10ba22361229e,6986a6c5d1f10ba22361229e,spotlight_PROLIFIC,,39,Brazil,Portuguese,"English, Spanish",Spanish,Portuguese:50|English:50|Spanish:0,100,Portuguese:30|English:70|Spanish:0,100,Portuguese:50|English:50|Spanish:0,100,18,4,Bachelor's,10,10,10,10,10,10,6,11,0,10,CEFR,C2,,,,,23,25,C1,intermediate|advanced,advanced|intermediate,cambridge_22_25_intermediate_advanced,4,18,random,,,,,,,,465.556640625,842.509765625,486.806640625,920.9765625,10,11,,,,,,2026-08-09T14:42:39.026Z,8T7CGK8F,2026-08-09,2026-08-09,11:42:39,2026-08-09 11:42:39,,,,,,,,6986a6c5d1f10ba22361229e,6986a6c5d1f10ba22361229e,,,,
7587,raw_position_sample,2,3,adv,2,2,2,3,146, takeaway ,907,480,486226,6986a6c5d1f10ba22361229e,6986a6c5d1f10ba22361229e,advanced,2,6986a6c5d1f10ba22361229e,6986a6c5d1f10ba22361229e,spotlight_PROLIFIC,,39,Brazil,Portuguese,"English, Spanish",Spanish,Portuguese:50|English:50|Spanish:0,100,Portuguese:30|English:70|Spanish:0,100,Portuguese:50|English:50|Spanish:0,100,18,4,Bachelor's,10,10,10,10,10,10,6,11,0,10,CEFR,C2,,,,,23,25,C1,intermediate|advanced,advanced|intermediate,cambridge_22_25_intermediate_advanced,4,18,random,,,,,,,,465.556640625,842.509765625,486.806640625,920.9765625,10,11,,,,,,2026-08-09T14:42:39.026Z,8T7CGK8F,2026-08-09,2026-08-09,11:42:39,2026-08-09 11:42:39,,,,,,,,6986a6c5d1f10ba22361229e,6986a6c5d1f10ba22361229e,,,,
7637,raw_position_sample,2,3,adv,2,2,2,3,146, takeaway ,918,481,486275.7999999523,6986a6c5d1f10ba22361229e,6986a6c5d1f10ba22361229e,advanced,2,6986a6c5d1f10ba22361229e,6986a6c5d1f10ba22361229e,spotlight_PROLIFIC,,39,Brazil,Portuguese,"English, Spanish",Spanish,Portuguese:50|English:50|Spanish:0,100,Portuguese:30|English:70|Spanish:0,100,Portuguese:50|English:50|Spanish:0,100,18,4,Bachelor's,10,10,10,10,10,10,6,11,0,10,CEFR,C2,,,,,23,25,C1,intermediate|advanced,advanced|intermediate,cambridge_22_25_intermediate_advanced,4,18,random,,,,,,,,465.556640625,842.509765625,486.806640625,920.9765625,10,11,,,,,,2026-08-09T14:42:39.026Z,8T7CGK8F,2026-08-09,2026-08-09,11:42:39,2026-08-09 11:42:39,,,,,,,,6986a6c5d1f10ba22361229e,6986a6c5d1f10ba22361229e,,,,
7651,hover_association,2,3,adv,2,2,2,3,146, takeaway ,850,472,,6986a6c5d1f10ba22361229e,6986a6c5d1f10ba22361229e,advanced,2,6986a6c5d1f10ba22361229e,6986a6c5d1f10ba22361229e,spotlight_PROLIFIC,,39,Brazil,Portuguese,"English, Spanish",Spanish,Portuguese:50|English:50|Spanish:0,100,Portuguese:30|English:70|Spanish:0,100,Portuguese:50|English:50|Spanish:0,100,18,4,Bachelor's,10,10,10,10,10,10,6,11,0,10,CEFR,C2,,,,,23,25,C1,intermediate|advanced,advanced|intermediate,cambridge_22_25_intermediate_advanced,4,18,random,,hover,216.59999990463257,216.59999990463257,0.9620659614187927,0.620458984375,159,456.181640625,842.509765625,496.181640625,920.9765625,10,11,,,,,,2026-08-09T14:42:39.026Z,8T7CGK8F,2026-08-09,2026-08-09,11:42:39,2026-08-09 11:42:39,,,,,,,,6986a6c5d1f10ba22361229e,6986a6c5d1f10ba22361229e,,,,
7687,raw_position_sample,2,3,adv,2,2,2,3,147, message ,937,484,486325.89999985695,6986a6c5d1f10ba22361229e,6986a6c5d1f10ba22361229e,advanced,2,6986a6c5d1f10ba22361229e,6986a6c5d1f10ba22361229e,spotlight_PROLIFIC,,39,Brazil,Portuguese,"English, Spanish",Spanish,Portuguese:50|English:50|Spanish:0,100,Portuguese:30|English:70|Spanish:0,100,Portuguese:50|English:50|Spanish:0,100,18,4,Bachelor's,10,10,10,10,10,10,6,11,0,10,CEFR,C2,,,,,23,25,C1,intermediate|advanced,advanced|intermediate,cambridge_22_25_intermediate_advanced,4,18,random,,,,,,,,465.556640625,920.9765625,486.806640625,992.041015625,10,12,,,,,,2026-08-09T14:42:39.026Z,8T7CGK8F,2026-08-09,2026-08-09,11:42:39,2026-08-09 11:42:39,,,,,,,,6986a6c5d1f10ba22361229e,6986a6c5d1f10ba22361229e,,,,
7737,raw_position_sample,2,3,adv,2,2,2,3,147, message ,952,485,486376,6986a6c5d1f10ba22361229e,6986a6c5d1f10ba22361229e,advanced,2,6986a6c5d1f10ba22361229e,6986a6c5d1f10ba22361229e,spotlight_PROLIFIC,,39,Brazil,Portuguese,"English, Spanish",Spanish,Portuguese:50|English:50|Spanish:0,100,Portuguese:30|English:70|Spanish:0,100,Portuguese:50|English:50|Spanish:0,100,18,4,Bachelor's,10,10,10,10,10,10,6,11,0,10,CEFR,C2,,,,,23,25,C1,intermediate|advanced,advanced|intermediate,cambridge_22_25_intermediate_advanced,4,18,random,,,,,,,,465.556640625,920.9765625,486.806640625,992.041015625,10,12,,,,,,2026-08-09T14:42:39.026Z,8T7CGK8F,2026-08-09,2026-08-09,11:42:39,2026-08-09 11:42:39,,,,,,,,6986a6c5d1f10ba22361229e,6986a6c5d1f10ba22361229e,,,,
7787,raw_position_sample,2,3,adv,2,2,2,3,147, message ,958,485,486426,6986a6c5d1f10ba22361229e,6986a6c5d1f10ba22361229e,advanced,2,6986a6c5d1f10ba22361229e,6986a6c5d1f10ba22361229e,spotlight_PROLIFIC,,39,Brazil,Portuguese,"English, Spanish",Spanish,Portuguese:50|English:50|Spanish:0,100,Portuguese:30|English:70|Spanish:0,100,Portuguese:50|English:50|Spanish:0,100,18,4,Bachelor's,10,10,10,10,10,10,6,11,0,10,CEFR,C2,,,,,23,25,C1,intermediate|advanced,advanced|intermediate,cambridge_22_25_intermediate_advanced,4,18,random,,,,,,,,465.556640625,920.9765625,486.806640625,992.041015625,10,12,,,,,,2026-08-09T14:42:39.026Z,8T7CGK8F,2026-08-09,2026-08-09,11:42:39,2026-08-09 11:42:39,,,,,,,,6986a6c5d1f10ba22361229e,6986a6c5d1f10ba22361229e,,,,
7837,raw_position_sample,2,3,adv,2,2,2,3,147, message ,961,485,486476,6986a6c5d1f10ba22361229e,6986a6c5d1f10ba22361229e,advanced,2,6986a6c5d1f10ba22361229e,6986a6c5d1f10ba22361229e,spotlight_PROLIFIC,,39,Brazil,Portuguese,"English, Spanish",Spanish,Portuguese:50|English:50|Spanish:0,100,Portuguese:30|English:70|Spanish:0,100,Portuguese:50|English:50|Spanish:0,100,18,4,Bachelor's,10,10,10,10,10,10,6,11,0,10,CEFR,C2,,,,,23,25,C1,intermediate|advanced,advanced|intermediate,cambridge_22_25_intermediate_advanced,4,18,random,,,,,,,,465.556640625,920.9765625,486.806640625,992.041015625,10,12,,,,,,2026-08-09T14:42:39.026Z,8T7CGK8F,2026-08-09,2026-08-09,11:42:39,2026-08-09 11:42:39,,,,,,,,6986a6c5d1f10ba22361229e,6986a6c5d1f10ba22361229e,,,,
7887,raw_position_sample,2,3,adv,2,2,2,3,147, message ,963,485,486526,6986a6c5d1f10ba22361229e,6986a6c5d1f10ba22361229e,advanced,2,6986a6c5d1f10ba22361229e,6986a6c5d1f10ba22361229e,spotlight_PROLIFIC,,39,Brazil,Portuguese,"English, Spanish",Spanish,Portuguese:50|English:50|Spanish:0,100,Portuguese:30|English:70|Spanish:0,100,Portuguese:50|English:50|Spanish:0,100,18,4,Bachelor's,10,10,10,10,10,10,6,11,0,10,CEFR,C2,,,,,23,25,C1,intermediate|advanced,advanced|intermediate,cambridge_22_25_intermediate_advanced,4,18,random,,,,,,,,465.556640625,920.9765625,486.806640625,992.041015625,10,12,,,,,,2026-08-09T14:42:39.026Z,8T7CGK8F,2026-08-09,2026-08-09,11:42:39,2026-08-09 11:42:39,,,,,,,,6986a6c5d1f10ba22361229e,6986a6c5d1f10ba22361229e,,,,
7937,raw_position_sample,2,3,adv,2,2,2,3,147, message ,967,483,486575.7999999523,6986a6c5d1f10ba22361229e,6986a6c5d1f10ba22361229e,advanced,2,6986a6c5d1f10ba22361229e,6986a6c5d1f10ba22361229e,spotlight_PROLIFIC,,39,Brazil,Portuguese,"English, Spanish",Spanish,Portuguese:50|English:50|Spanish:0,100,Portuguese:30|English:70|Spanish:0,100,Portuguese:50|English:50|Spanish:0,100,18,4,Bachelor's,10,10,10,10,10,10,6,11,0,10,CEFR,C2,,,,,23,25,C1,intermediate|advanced,advanced|intermediate,cambridge_22_25_intermediate_advanced,4,18,random,,,,,,,,465.556640625,920.9765625,486.806640625,992.041015625,10,12,,,,,,2026-08-09T14:42:39.026Z,8T7CGK8F,2026-08-09,2026-08-09,11:42:39,2026-08-09 11:42:39,,,,,,,,6986a6c5d1f10ba22361229e,6986a6c5d1f10ba22361229e,,,,
7987,raw_position_sample,2,3,adv,2,2,2,3,147, message ,969,481,486625.7999999523,6986a6c5d1f10ba22361229e,6986a6c5d1f10ba22361229e,advanced,2,6986a6c5d1f10ba22361229e,6986a6c5d1f10ba22361229e,spotlight_PROLIFIC,,39,Brazil,Portuguese,"English, Spanish",Spanish,Portuguese:50|English:50|Spanish:0,100,Portuguese:30|English:70|Spanish:0,100,Portuguese:50|English:50|Spanish:0,100,18,4,Bachelor's,10,10,10,10,10,10,6,11,0,10,CEFR,C2,,,,,23,25,C1,intermediate|advanced,advanced|intermediate,cambridge_22_25_intermediate_advanced,4,18,random,,,,,,,,465.556640625,920.9765625,486.806640625,992.041015625,10,12,,,,,,2026-08-09T14:42:39.026Z,8T7CGK8F,2026-08-09,2026-08-09,11:42:39,2026-08-09 11:42:39,,,,,,,,6986a6c5d1f10ba22361229e,6986a6c5d1f10ba22361229e,,,,
8037,raw_position_sample,2,3,adv,2,2,2,3,147, message ,958,476,486676,6986a6c5d1f10ba22361229e,6986a6c5d1f10ba22361229e,advanced,2,6986a6c5d1f10ba22361229e,6986a6c5d1f10ba22361229e,spotlight_PROLIFIC,,39,Brazil,Portuguese,"English, Spanish",Spanish,Portuguese:50|English:50|Spanish:0,100,Portuguese:30|English:70|Spanish:0,100,Portuguese:50|English:50|Spanish:0,100,18,4,Bachelor's,10,10,10,10,10,10,6,11,0,10,CEFR,C2,,,,,23,25,C1,intermediate|advanced,advanced|intermediate,cambridge_22_25_intermediate_advanced,4,18,random,,,,,,,,465.556640625,920.9765625,486.806640625,992.041015625,10,12,,,,,,2026-08-09T14:42:39.026Z,8T7CGK8F,2026-08-09,2026-08-09,11:42:39,2026-08-09 11:42:39,,,,,,,,6986a6c5d1f10ba22361229e,6986a6c5d1f10ba22361229e,,,,
8067,hover_association,2,3,adv,2,2,2,3,147, message ,923,482,,6986a6c5d1f10ba22361229e,6986a6c5d1f10ba22361229e,advanced,2,6986a6c5d1f10ba22361229e,6986a6c5d1f10ba22361229e,spotlight_PROLIFIC,,39,Brazil,Portuguese,"English, Spanish",Spanish,Portuguese:50|English:50|Spanish:0,100,Portuguese:30|English:70|Spanish:0,100,Portuguese:50|English:50|Spanish:0,100,18,4,Bachelor's,10,10,10,10,10,10,6,11,0,10,CEFR,C2,,,,,23,25,C1,intermediate|advanced,advanced|intermediate,cambridge_22_25_intermediate_advanced,4,18,random,,hover,416.59999990463257,416.59999990463257,0.26769273052081904,0.420458984375,159,456.181640625,920.9765625,496.181640625,992.041015625,10,12,,,,,,2026-08-09T14:42:39.026Z,8T7CGK8F,2026-08-09,2026-08-09,11:42:39,2026-08-09 11:42:39,,,,,,,,6986a6c5d1f10ba22361229e,6986a6c5d1f10ba22361229e,,,,
8087,raw_position_sample,2,3,adv,2,2,2,3,146, takeaway ,850,473,486725.89999985695,6986a6c5d1f10ba22361229e,6986a6c5d1f10ba22361229e,advanced,2,6986a6c5d1f10ba22361229e,6986a6c5d1f10ba22361229e,spotlight_PROLIFIC,,39,Brazil,Portuguese,"English, Spanish",Spanish,Portuguese:50|English:50|Spanish:0,100,Portuguese:30|English:70|Spanish:0,100,Portuguese:50|English:50|Spanish:0,100,18,4,Bachelor's,10,10,10,10,10,10,6,11,0,10,CEFR,C2,,,,,23,25,C1,intermediate|advanced,advanced|intermediate,cambridge_22_25_intermediate_advanced,4,18,random,,,,,,,,465.556640625,842.509765625,486.806640625,920.9765625,10,11,,,,,,2026-08-09T14:42:39.026Z,8T7CGK8F,2026-08-09,2026-08-09,11:42:39,2026-08-09 11:42:39,,,,,,,,6986a6c5d1f10ba22361229e,6986a6c5d1f10ba22361229e,,,,
8101,hover_association,2,3,adv,2,2,2,3,146, takeaway ,913,473,,6986a6c5d1f10ba22361229e,6986a6c5d1f10ba22361229e,advanced,2,6986a6c5d1f10ba22361229e,6986a6c5d1f10ba22361229e,spotlight_PROLIFIC,,39,Brazil,Portuguese,"English, Spanish",Spanish,Portuguese:50|English:50|Spanish:0,100,Portuguese:30|English:70|Spanish:0,100,Portuguese:50|English:50|Spanish:0,100,18,4,Bachelor's,10,10,10,10,10,10,6,11,0,10,CEFR,C2,,,,,23,25,C1,intermediate|advanced,advanced|intermediate,cambridge_22_25_intermediate_advanced,4,18,random,,hover,33.40000009536743,33.40000009536743,0.095457373988799,0.420458984375,159,456.181640625,842.509765625,496.181640625,920.9765625,10,11,,,,,,2026-08-09T14:42:39.026Z,8T7CGK8F,2026-08-09,2026-08-09,11:42:39,2026-08-09 11:42:39,,,,,,,,6986a6c5d1f10ba22361229e,6986a6c5d1f10ba22361229e,,,,
8117,hover_association,2,3,adv,2,2,2,3,145, “The ,804,482,,6986a6c5d1f10ba22361229e,6986a6c5d1f10ba22361229e,advanced,2,6986a6c5d1f10ba22361229e,6986a6c5d1f10ba22361229e,spotlight_PROLIFIC,,39,Brazil,Portuguese,"English, Spanish",Spanish,Portuguese:50|English:50|Spanish:0,100,Portuguese:30|English:70|Spanish:0,100,Portuguese:50|English:50|Spanish:0,100,18,4,Bachelor's,10,10,10,10,10,10,6,11,0,10,CEFR,C2,,,,,23,25,C1,intermediate|advanced,advanced|intermediate,cambridge_22_25_intermediate_advanced,4,18,random,,hover,16.700000047683716,16.700000047683716,0.039366626065773444,0.645458984375,159,456.181640625,802.421875,496.181640625,842.509765625,10,10,,,,,,2026-08-09T14:42:39.026Z,8T7CGK8F,2026-08-09,2026-08-09,11:42:39,2026-08-09 11:42:39,,,,,,,,6986a6c5d1f10ba22361229e,6986a6c5d1f10ba22361229e,,,,
8134,hover_association,2,3,adv,2,2,2,3,143, Anderson ,754,496,,6986a6c5d1f10ba22361229e,6986a6c5d1f10ba22361229e,advanced,2,6986a6c5d1f10ba22361229e,6986a6c5d1f10ba22361229e,spotlight_PROLIFIC,,39,Brazil,Portuguese,"English, Spanish",Spanish,Portuguese:50|English:50|Spanish:0,100,Portuguese:30|English:70|Spanish:0,100,Portuguese:50|English:50|Spanish:0,100,18,4,Bachelor's,10,10,10,10,10,10,6,11,0,10,CEFR,C2,,,,,23,25,C1,intermediate|advanced,advanced|intermediate,cambridge_22_25_intermediate_advanced,4,18,random,,hover,16.700000047683716,16.700000047683716,0.8903806396692204,0.995458984375,159,456.181640625,682.5,496.181640625,762.802734375,10,8,,,,,,2026-08-09T14:42:39.026Z,8T7CGK8F,2026-08-09,2026-08-09,11:42:39,2026-08-09 11:42:39,,,,,,,,6986a6c5d1f10ba22361229e,6986a6c5d1f10ba22361229e,,,,
8137,raw_position_sample,2,3,adv,2,2,2,3,157, measure ,704,508,486775.89999985695,6986a6c5d1f10ba22361229e,6986a6c5d1f10ba22361229e,advanced,2,6986a6c5d1f10ba22361229e,6986a6c5d1f10ba22361229e,spotlight_PROLIFIC,,39,Brazil,Portuguese,"English, Spanish",Spanish,Portuguese:50|English:50|Spanish:0,100,Portuguese:30|English:70|Spanish:0,100,Portuguese:50|English:50|Spanish:0,100,18,4,Bachelor's,10,10,10,10,10,10,6,11,0,10,CEFR,C2,,,,,23,25,C1,intermediate|advanced,advanced|intermediate,cambridge_22_25_intermediate_advanced,4,18,random,,,,,,,,505.556640625,671.513671875,526.806640625,742.83203125,11,9,,,,,,2026-08-09T14:42:39.026Z,8T7CGK8F,2026-08-09,2026-08-09,11:42:39,2026-08-09 11:42:39,,,,,,,,6986a6c5d1f10ba22361229e,6986a6c5d1f10ba22361229e,,,,
8151,hover_association,2,3,adv,2,2,2,3,157, measure ,704,508,,6986a6c5d1f10ba22361229e,6986a6c5d1f10ba22361229e,advanced,2,6986a6c5d1f10ba22361229e,6986a6c5d1f10ba22361229e,spotlight_PROLIFIC,,39,Brazil,Portuguese,"English, Spanish",Spanish,Portuguese:50|English:50|Spanish:0,100,Portuguese:30|English:70|Spanish:0,100,Portuguese:50|English:50|Spanish:0,100,18,4,Bachelor's,10,10,10,10,10,10,6,11,0,10,CEFR,C2,,,,,23,25,C1,intermediate|advanced,advanced|intermediate,cambridge_22_25_intermediate_advanced,4,18,random,,hover,16.59999990463257,16.59999990463257,0.45551143365740104,0.295458984375,159,496.181640625,671.513671875,536.181640625,742.83203125,11,9,,,,,,2026-08-09T14:42:39.026Z,8T7CGK8F,2026-08-09,2026-08-09,11:42:39,2026-08-09 11:42:39,,,,,,,,6986a6c5d1f10ba22361229e,6986a6c5d1f10ba22361229e,,,,
8167,hover_association,2,3,adv,2,2,2,3,156, can ,658,516,,6986a6c5d1f10ba22361229e,6986a6c5d1f10ba22361229e,advanced,2,6986a6c5d1f10ba22361229e,6986a6c5d1f10ba22361229e,spotlight_PROLIFIC,,39,Brazil,Portuguese,"English, Spanish",Spanish,Portuguese:50|English:50|Spanish:0,100,Portuguese:30|English:70|Spanish:0,100,Portuguese:50|English:50|Spanish:0,100,18,4,Bachelor's,10,10,10,10,10,10,6,11,0,10,CEFR,C2,,,,,23,25,C1,intermediate|advanced,advanced|intermediate,cambridge_22_25_intermediate_advanced,4,18,random,,hover,16.700000047683716,16.700000047683716,0.5642947103274559,0.495458984375,159,496.181640625,640.498046875,536.181640625,671.513671875,11,8,,,,,,2026-08-09T14:42:39.026Z,8T7CGK8F,2026-08-09,2026-08-09,11:42:39,2026-08-09 11:42:39,,,,,,,,6986a6c5d1f10ba22361229e,6986a6c5d1f10ba22361229e,,,,
8184,hover_association,2,3,adv,2,2,2,3,155, we ,615,520,,6986a6c5d1f10ba22361229e,6986a6c5d1f10ba22361229e,advanced,2,6986a6c5d1f10ba22361229e,6986a6c5d1f10ba22361229e,spotlight_PROLIFIC,,39,Brazil,Portuguese,"English, Spanish",Spanish,Portuguese:50|English:50|Spanish:0,100,Portuguese:30|English:70|Spanish:0,100,Portuguese:50|English:50|Spanish:0,100,18,4,Bachelor's,10,10,10,10,10,10,6,11,0,10,CEFR,C2,,,,,23,25,C1,intermediate|advanced,advanced|intermediate,cambridge_22_25_intermediate_advanced,4,18,random,,hover,16.59999990463257,16.59999990463257,0.044989027066569126,0.595458984375,159,496.181640625,613.798828125,536.181640625,640.498046875,11,7,,,,,,2026-08-09T14:42:39.026Z,8T7CGK8F,2026-08-09,2026-08-09,11:42:39,2026-08-09 11:42:39,,,,,,,,6986a6c5d1f10ba22361229e,6986a6c5d1f10ba22361229e,,,,
8187,raw_position_sample,2,3,adv,2,2,2,3,153, more ,579,520,486826,6986a6c5d1f10ba22361229e,6986a6c5d1f10ba22361229e,advanced,2,6986a6c5d1f10ba22361229e,6986a6c5d1f10ba22361229e,spotlight_PROLIFIC,,39,Brazil,Portuguese,"English, Spanish",Spanish,Portuguese:50|English:50|Spanish:0,100,Portuguese:30|English:70|Spanish:0,100,Portuguese:50|English:50|Spanish:0,100,18,4,Bachelor's,10,10,10,10,10,10,6,11,0,10,CEFR,C2,,,,,23,25,C1,intermediate|advanced,advanced|intermediate,cambridge_22_25_intermediate_advanced,4,18,random,,,,,,,,505.556640625,536.171875,526.806640625,581.123046875,11,5,,,,,,2026-08-09T14:42:39.026Z,8T7CGK8F,2026-08-09,2026-08-09,11:42:39,2026-08-09 11:42:39,,,,,,,,6986a6c5d1f10ba22361229e,6986a6c5d1f10ba22361229e,,,,
8217,hover_association,2,3,adv,2,2,2,3,153, more ,579,520,,6986a6c5d1f10ba22361229e,6986a6c5d1f10ba22361229e,advanced,2,6986a6c5d1f10ba22361229e,6986a6c5d1f10ba22361229e,spotlight_PROLIFIC,,39,Brazil,Portuguese,"English, Spanish",Spanish,Portuguese:50|English:50|Spanish:0,100,Portuguese:30|English:70|Spanish:0,100,Portuguese:50|English:50|Spanish:0,100,18,4,Bachelor's,10,10,10,10,10,10,6,11,0,10,CEFR,C2,,,,,23,25,C1,intermediate|advanced,advanced|intermediate,cambridge_22_25_intermediate_advanced,4,18,random,,hover,33.40000009536743,33.40000009536743,0.28537910058657395,0.595458984375,159,496.181640625,536.171875,536.181640625,581.123046875,11,5,,,,,,2026-08-09T14:42:39.026Z,8T7CGK8F,2026-08-09,2026-08-09,11:42:39,2026-08-09 11:42:39,,,,,,,,6986a6c5d1f10ba22361229e,6986a6c5d1f10ba22361229e,,,,
8237,raw_position_sample,2,3,adv,2,2,2,3,152, fidget ,495,520,486875.7999999523,6986a6c5d1f10ba22361229e,6986a6c5d1f10ba22361229e,advanced,2,6986a6c5d1f10ba22361229e,6986a6c5d1f10ba22361229e,spotlight_PROLIFIC,,39,Brazil,Portuguese,"English, Spanish",Spanish,Portuguese:50|English:50|Spanish:0,100,Portuguese:30|English:70|Spanish:0,100,Portuguese:50|English:50|Spanish:0,100,18,4,Bachelor's,10,10,10,10,10,10,6,11,0,10,CEFR,C2,,,,,23,25,C1,intermediate|advanced,advanced|intermediate,cambridge_22_25_intermediate_advanced,4,18,random,,,,,,,,505.556640625,487.03125,526.806640625,536.171875,11,4,,,,,,2026-08-09T14:42:39.026Z,8T7CGK8F,2026-08-09,2026-08-09,11:42:39,2026-08-09 11:42:39,,,,,,,,6986a6c5d1f10ba22361229e,6986a6c5d1f10ba22361229e,,,,
8251,hover_association,2,3,adv,2,2,2,3,152, fidget ,519,520,,6986a6c5d1f10ba22361229e,6986a6c5d1f10ba22361229e,advanced,2,6986a6c5d1f10ba22361229e,6986a6c5d1f10ba22361229e,spotlight_PROLIFIC,,39,Brazil,Portuguese,"English, Spanish",Spanish,Portuguese:50|English:50|Spanish:0,100,Portuguese:30|English:70|Spanish:0,100,Portuguese:50|English:50|Spanish:0,100,18,4,Bachelor's,10,10,10,10,10,10,6,11,0,10,CEFR,C2,,,,,23,25,C1,intermediate|advanced,advanced|intermediate,cambridge_22_25_intermediate_advanced,4,18,random,,hover,33.299999952316284,33.299999952316284,0.16216216216216217,0.595458984375,159,496.181640625,487.03125,536.181640625,536.171875,11,4,,,,,,2026-08-09T14:42:39.026Z,8T7CGK8F,2026-08-09,2026-08-09,11:42:39,2026-08-09 11:42:39,,,,,,,,6986a6c5d1f10ba22361229e,6986a6c5d1f10ba22361229e,,,,
8287,raw_position_sample,2,3,adv,2,2,2,3,151, people ,434,529,486925.7999999523,6986a6c5d1f10ba22361229e,6986a6c5d1f10ba22361229e,advanced,2,6986a6c5d1f10ba22361229e,6986a6c5d1f10ba22361229e,spotlight_PROLIFIC,,39,Brazil,Portuguese,"English, Spanish",Spanish,Portuguese:50|English:50|Spanish:0,100,Portuguese:30|English:70|Spanish:0,100,Portuguese:50|English:50|Spanish:0,100,18,4,Bachelor's,10,10,10,10,10,10,6,11,0,10,CEFR,C2,,,,,23,25,C1,intermediate|advanced,advanced|intermediate,cambridge_22_25_intermediate_advanced,4,18,random,,,,,,,,505.556640625,430.205078125,526.806640625,487.03125,11,3,,,,,,2026-08-09T14:42:39.026Z,8T7CGK8F,2026-08-09,2026-08-09,11:42:39,2026-08-09 11:42:39,,,,,,,,6986a6c5d1f10ba22361229e,6986a6c5d1f10ba22361229e,,,,
8301,hover_association,2,3,adv,2,2,2,3,151, people ,475,521,,6986a6c5d1f10ba22361229e,6986a6c5d1f10ba22361229e,advanced,2,6986a6c5d1f10ba22361229e,6986a6c5d1f10ba22361229e,spotlight_PROLIFIC,,39,Brazil,Portuguese,"English, Spanish",Spanish,Portuguese:50|English:50|Spanish:0,100,Portuguese:30|English:70|Spanish:0,100,Portuguese:50|English:50|Spanish:0,100,18,4,Bachelor's,10,10,10,10,10,10,6,11,0,10,CEFR,C2,,,,,23,25,C1,intermediate|advanced,advanced|intermediate,cambridge_22_25_intermediate_advanced,4,18,random,,hover,49.90000009536743,49.90000009536743,0.06678123388898437,0.820458984375,159,496.181640625,430.205078125,536.181640625,487.03125,11,3,,,,,,2026-08-09T14:42:39.026Z,8T7CGK8F,2026-08-09,2026-08-09,11:42:39,2026-08-09 11:42:39,,,,,,,,6986a6c5d1f10ba22361229e,6986a6c5d1f10ba22361229e,,,,
8337,raw_position_sample,2,3,adv,2,2,2,3,150, guilty ,405,536,486976.09999990463,6986a6c5d1f10ba22361229e,6986a6c5d1f10ba22361229e,advanced,2,6986a6c5d1f10ba22361229e,6986a6c5d1f10ba22361229e,spotlight_PROLIFIC,,39,Brazil,Portuguese,"English, Spanish",Spanish,Portuguese:50|English:50|Spanish:0,100,Portuguese:30|English:70|Spanish:0,100,Portuguese:50|English:50|Spanish:0,100,18,4,Bachelor's,10,10,10,10,10,10,6,11,0,10,CEFR,C2,,,,,23,25,C1,intermediate|advanced,advanced|intermediate,cambridge_22_25_intermediate_advanced,4,18,random,,,,,,,,505.556640625,382.373046875,526.806640625,430.205078125,11,2,,,,,,2026-08-09T14:42:39.026Z,8T7CGK8F,2026-08-09,2026-08-09,11:42:39,2026-08-09 11:42:39,,,,,,,,6986a6c5d1f10ba22361229e,6986a6c5d1f10ba22361229e,,,,
8351,hover_association,2,3,adv,2,2,2,3,150, guilty ,423,532,,6986a6c5d1f10ba22361229e,6986a6c5d1f10ba22361229e,advanced,2,6986a6c5d1f10ba22361229e,6986a6c5d1f10ba22361229e,spotlight_PROLIFIC,,39,Brazil,Portuguese,"English, Spanish",Spanish,Portuguese:50|English:50|Spanish:0,100,Portuguese:30|English:70|Spanish:0,100,Portuguese:50|English:50|Spanish:0,100,18,4,Bachelor's,10,10,10,10,10,10,6,11,0,10,CEFR,C2,,,,,23,25,C1,intermediate|advanced,advanced|intermediate,cambridge_22_25_intermediate_advanced,4,18,random,,hover,50.09999990463257,50.09999990463257,0.47305022458146184,0.995458984375,159,496.181640625,382.373046875,536.181640625,430.205078125,11,2,,,,,,2026-08-09T14:42:39.026Z,8T7CGK8F,2026-08-09,2026-08-09,11:42:39,2026-08-09 11:42:39,,,,,,,,6986a6c5d1f10ba22361229e,6986a6c5d1f10ba22361229e,,,,
8387,raw_position_sample,2,3,adv,2,2,2,3,-1,999,395,538,487025.7000000477,6986a6c5d1f10ba22361229e,6986a6c5d1f10ba22361229e,advanced,2,6986a6c5d1f10ba22361229e,6986a6c5d1f10ba22361229e,spotlight_PROLIFIC,,39,Brazil,Portuguese,"English, Spanish",Spanish,Portuguese:50|English:50|Spanish:0,100,Portuguese:30|English:70|Spanish:0,100,Portuguese:50|English:50|Spanish:0,100,18,4,Bachelor's,10,10,10,10,10,10,6,11,0,10,CEFR,C2,,,,,23,25,C1,intermediate|advanced,advanced|intermediate,cambridge_22_25_intermediate_advanced,4,18,random,,,,,,,,,,,,,,,,,,,2026-08-09T14:42:39.026Z,8T7CGK8F,2026-08-09,2026-08-09,11:42:39,2026-08-09 11:42:39,,,,,,,,6986a6c5d1f10ba22361229e,6986a6c5d1f10ba22361229e,,,,
8437,raw_position_sample,2,3,adv,2,2,2,3,-1,999,385,538,487075.7000000477,6986a6c5d1f10ba22361229e,6986a6c5d1f10ba22361229e,advanced,2,6986a6c5d1f10ba22361229e,6986a6c5d1f10ba22361229e,spotlight_PROLIFIC,,39,Brazil,Portuguese,"English, Spanish",Spanish,Portuguese:50|English:50|Spanish:0,100,Portuguese:30|English:70|Spanish:0,100,Portuguese:50|English:50|Spanish:0,100,18,4,Bachelor's,10,10,10,10,10,10,6,11,0,10,CEFR,C2,,,,,23,25,C1,intermediate|advanced,advanced|intermediate,cambridge_22_25_intermediate_advanced,4,18,random,,,,,,,,,,,,,,,,,,,2026-08-09T14:42:39.026Z,8T7CGK8F,2026-08-09,2026-08-09,11:42:39,2026-08-09 11:42:39,,,,,,,,6986a6c5d1f10ba22361229e,6986a6c5d1f10ba22361229e,,,,
8486,raw_position_sample,2,3,adv,2,2,2,3,-1,999,369,538,487125.5,6986a6c5d1f10ba22361229e,6986a6c5d1f10ba22361229e,advanced,2,6986a6c5d1f10ba22361229e,6986a6c5d1f10ba22361229e,spotlight_PROLIFIC,,39,Brazil,Portuguese,"English, Spanish",Spanish,Portuguese:50|English:50|Spanish:0,100,Portuguese:30|English:70|Spanish:0,100,Portuguese:50|English:50|Spanish:0,100,18,4,Bachelor's,10,10,10,10,10,10,6,11,0,10,CEFR,C2,,,,,23,25,C1,intermediate|advanced,advanced|intermediate,cambridge_22_25_intermediate_advanced,4,18,random,,,,,,,,,,,,,,,,,,,2026-08-09T14:42:39.026Z,8T7CGK8F,2026-08-09,2026-08-09,11:42:39,2026-08-09 11:42:39,,,,,,,,6986a6c5d1f10ba22361229e,6986a6c5d1f10ba22361229e,,,,
8537,raw_position_sample,2,3,adv,2,2,2,3,149, that ,360,534,487175.89999985695,6986a6c5d1f10ba22361229e,6986a6c5d1f10ba22361229e,advanced,2,6986a6c5d1f10ba22361229e,6986a6c5d1f10ba22361229e,spotlight_PROLIFIC,,39,Brazil,Portuguese,"English, Spanish",Spanish,Portuguese:50|English:50|Spanish:0,100,Portuguese:30|English:70|Spanish:0,100,Portuguese:50|English:50|Spanish:0,100,18,4,Bachelor's,10,10,10,10,10,10,6,11,0,10,CEFR,C2,,,,,23,25,C1,intermediate|advanced,advanced|intermediate,cambridge_22_25_intermediate_advanced,4,18,random,,,,,,,,505.556640625,346.328125,526.806640625,382.373046875,11,1,,,,,,2026-08-09T14:42:39.026Z,8T7CGK8F,2026-08-09,2026-08-09,11:42:39,2026-08-09 11:42:39,,,,,,,,6986a6c5d1f10ba22361229e,6986a6c5d1f10ba22361229e,,,,
8587,raw_position_sample,2,3,adv,2,2,2,3,149, that ,355,531,487226.09999990463,6986a6c5d1f10ba22361229e,6986a6c5d1f10ba22361229e,advanced,2,6986a6c5d1f10ba22361229e,6986a6c5d1f10ba22361229e,spotlight_PROLIFIC,,39,Brazil,Portuguese,"English, Spanish",Spanish,Portuguese:50|English:50|Spanish:0,100,Portuguese:30|English:70|Spanish:0,100,Portuguese:50|English:50|Spanish:0,100,18,4,Bachelor's,10,10,10,10,10,10,6,11,0,10,CEFR,C2,,,,,23,25,C1,intermediate|advanced,advanced|intermediate,cambridge_22_25_intermediate_advanced,4,18,random,,,,,,,,505.556640625,346.328125,526.806640625,382.373046875,11,1,,,,,,2026-08-09T14:42:39.026Z,8T7CGK8F,2026-08-09,2026-08-09,11:42:39,2026-08-09 11:42:39,,,,,,,,6986a6c5d1f10ba22361229e,6986a6c5d1f10ba22361229e,,,,
8636,raw_position_sample,2,3,adv,2,2,2,3,149, that ,354,527,487275.39999985695,6986a6c5d1f10ba22361229e,6986a6c5d1f10ba22361229e,advanced,2,6986a6c5d1f10ba22361229e,6986a6c5d1f10ba22361229e,spotlight_PROLIFIC,,39,Brazil,Portuguese,"English, Spanish",Spanish,Portuguese:50|English:50|Spanish:0,100,Portuguese:30|English:70|Spanish:0,100,Portuguese:50|English:50|Spanish:0,100,18,4,Bachelor's,10,10,10,10,10,10,6,11,0,10,CEFR,C2,,,,,23,25,C1,intermediate|advanced,advanced|intermediate,cambridge_22_25_intermediate_advanced,4,18,random,,,,,,,,505.556640625,346.328125,526.806640625,382.373046875,11,1,,,,,,2026-08-09T14:42:39.026Z,8T7CGK8F,2026-08-09,2026-08-09,11:42:39,2026-08-09 11:42:39,,,,,,,,6986a6c5d1f10ba22361229e,6986a6c5d1f10ba22361229e,,,,
8687,raw_position_sample,2,3,adv,2,2,2,3,149, that ,352,521,487325.89999985695,6986a6c5d1f10ba22361229e,6986a6c5d1f10ba22361229e,advanced,2,6986a6c5d1f10ba22361229e,6986a6c5d1f10ba22361229e,spotlight_PROLIFIC,,39,Brazil,Portuguese,"English, Spanish",Spanish,Portuguese:50|English:50|Spanish:0,100,Portuguese:30|English:70|Spanish:0,100,Portuguese:50|English:50|Spanish:0,100,18,4,Bachelor's,10,10,10,10,10,10,6,11,0,10,CEFR,C2,,,,,23,25,C1,intermediate|advanced,advanced|intermediate,cambridge_22_25_intermediate_advanced,4,18,random,,,,,,,,505.556640625,346.328125,526.806640625,382.373046875,11,1,,,,,,2026-08-09T14:42:39.026Z,8T7CGK8F,2026-08-09,2026-08-09,11:42:39,2026-08-09 11:42:39,,,,,,,,6986a6c5d1f10ba22361229e,6986a6c5d1f10ba22361229e,,,,
8737,raw_position_sample,2,3,adv,2,2,2,3,149, that ,350,516,487376.09999990463,6986a6c5d1f10ba22361229e,6986a6c5d1f10ba22361229e,advanced,2,6986a6c5d1f10ba22361229e,6986a6c5d1f10ba22361229e,spotlight_PROLIFIC,,39,Brazil,Portuguese,"English, Spanish",Spanish,Portuguese:50|English:50|Spanish:0,100,Portuguese:30|English:70|Spanish:0,100,Portuguese:50|English:50|Spanish:0,100,18,4,Bachelor's,10,10,10,10,10,10,6,11,0,10,CEFR,C2,,,,,23,25,C1,intermediate|advanced,advanced|intermediate,cambridge_22_25_intermediate_advanced,4,18,random,,,,,,,,505.556640625,346.328125,526.806640625,382.373046875,11,1,,,,,,2026-08-09T14:42:39.026Z,8T7CGK8F,2026-08-09,2026-08-09,11:42:39,2026-08-09 11:42:39,,,,,,,,6986a6c5d1f10ba22361229e,6986a6c5d1f10ba22361229e,,,,
8786,raw_position_sample,2,3,adv,2,2,2,3,149, that ,349,515,487425.39999985695,6986a6c5d1f10ba22361229e,6986a6c5d1f10ba22361229e,advanced,2,6986a6c5d1f10ba22361229e,6986a6c5d1f10ba22361229e,spotlight_PROLIFIC,,39,Brazil,Portuguese,"English, Spanish",Spanish,Portuguese:50|English:50|Spanish:0,100,Portuguese:30|English:70|Spanish:0,100,Portuguese:50|English:50|Spanish:0,100,18,4,Bachelor's,10,10,10,10,10,10,6,11,0,10,CEFR,C2,,,,,23,25,C1,intermediate|advanced,advanced|intermediate,cambridge_22_25_intermediate_advanced,4,18,random,,,,,,,,505.556640625,346.328125,526.806640625,382.373046875,11,1,,,,,,2026-08-09T14:42:39.026Z,8T7CGK8F,2026-08-09,2026-08-09,11:42:39,2026-08-09 11:42:39,,,,,,,,6986a6c5d1f10ba22361229e,6986a6c5d1f10ba22361229e,,,,
8837,raw_position_sample,2,3,adv,2,2,2,3,149, that ,349,515,487475.7000000477,6986a6c5d1f10ba22361229e,6986a6c5d1f10ba22361229e,advanced,2,6986a6c5d1f10ba22361229e,6986a6c5d1f10ba22361229e,spotlight_PROLIFIC,,39,Brazil,Portuguese,"English, Spanish",Spanish,Portuguese:50|English:50|Spanish:0,100,Portuguese:30|English:70|Spanish:0,100,Portuguese:50|English:50|Spanish:0,100,18,4,Bachelor's,10,10,10,10,10,10,6,11,0,10,CEFR,C2,,,,,23,25,C1,intermediate|advanced,advanced|intermediate,cambridge_22_25_intermediate_advanced,4,18,random,,,,,,,,505.556640625,346.328125,526.806640625,382.373046875,11,1,,,,,,2026-08-09T14:42:39.026Z,8T7CGK8F,2026-08-09,2026-08-09,11:42:39,2026-08-09 11:42:39,,,,,,,,6986a6c5d1f10ba22361229e,6986a6c5d1f10ba22361229e,,,,
8887,raw_position_sample,2,3,adv,2,2,2,3,149, that ,349,515,487525.89999985695,6986a6c5d1f10ba22361229e,6986a6c5d1f10ba22361229e,advanced,2,6986a6c5d1f10ba22361229e,6986a6c5d1f10ba22361229e,spotlight_PROLIFIC,,39,Brazil,Portuguese,"English, Spanish",Spanish,Portuguese:50|English:50|Spanish:0,100,Portuguese:30|English:70|Spanish:0,100,Portuguese:50|English:50|Spanish:0,100,18,4,Bachelor's,10,10,10,10,10,10,6,11,0,10,CEFR,C2,,,,,23,25,C1,intermediate|advanced,advanced|intermediate,cambridge_22_25_intermediate_advanced,4,18,random,,,,,,,,505.556640625,346.328125,526.806640625,382.373046875,11,1,,,,,,2026-08-09T14:42:39.026Z,8T7CGK8F,2026-08-09,2026-08-09,11:42:39,2026-08-09 11:42:39,,,,,,,,6986a6c5d1f10ba22361229e,6986a6c5d1f10ba22361229e,,,,
8936,raw_position_sample,2,3,adv,2,2,2,3,149, that ,355,511,487575.39999985695,6986a6c5d1f10ba22361229e,6986a6c5d1f10ba22361229e,advanced,2,6986a6c5d1f10ba22361229e,6986a6c5d1f10ba22361229e,spotlight_PROLIFIC,,39,Brazil,Portuguese,"English, Spanish",Spanish,Portuguese:50|English:50|Spanish:0,100,Portuguese:30|English:70|Spanish:0,100,Portuguese:50|English:50|Spanish:0,100,18,4,Bachelor's,10,10,10,10,10,10,6,11,0,10,CEFR,C2,,,,,23,25,C1,intermediate|advanced,advanced|intermediate,cambridge_22_25_intermediate_advanced,4,18,random,,,,,,,,505.556640625,346.328125,526.806640625,382.373046875,11,1,,,,,,2026-08-09T14:42:39.026Z,8T7CGK8F,2026-08-09,2026-08-09,11:42:39,2026-08-09 11:42:39,,,,,,,,6986a6c5d1f10ba22361229e,6986a6c5d1f10ba22361229e,,,,
8987,raw_position_sample,2,3,adv,2,2,2,3,149, that ,360,501,487626.09999990463,6986a6c5d1f10ba22361229e,6986a6c5d1f10ba22361229e,advanced,2,6986a6c5d1f10ba22361229e,6986a6c5d1f10ba22361229e,spotlight_PROLIFIC,,39,Brazil,Portuguese,"English, Spanish",Spanish,Portuguese:50|English:50|Spanish:0,100,Portuguese:30|English:70|Spanish:0,100,Portuguese:50|English:50|Spanish:0,100,18,4,Bachelor's,10,10,10,10,10,10,6,11,0,10,CEFR,C2,,,,,23,25,C1,intermediate|advanced,advanced|intermediate,cambridge_22_25_intermediate_advanced,4,18,random,,,,,,,,505.556640625,346.328125,526.806640625,382.373046875,11,1,,,,,,2026-08-09T14:42:39.026Z,8T7CGK8F,2026-08-09,2026-08-09,11:42:39,2026-08-09 11:42:39,,,,,,,,6986a6c5d1f10ba22361229e,6986a6c5d1f10ba22361229e,,,,
9017,hover_association,2,3,adv,2,2,2,3,149, that ,362,536,,6986a6c5d1f10ba22361229e,6986a6c5d1f10ba22361229e,advanced,2,6986a6c5d1f10ba22361229e,6986a6c5d1f10ba22361229e,spotlight_PROLIFIC,,39,Brazil,Portuguese,"English, Spanish",Spanish,Portuguese:50|English:50|Spanish:0,100,Portuguese:30|English:70|Spanish:0,100,Portuguese:50|English:50|Spanish:0,100,18,4,Bachelor's,10,10,10,10,10,10,6,11,0,10,CEFR,C2,,,,,23,25,C1,intermediate|advanced,advanced|intermediate,cambridge_22_25_intermediate_advanced,4,18,random,,hover,500,500,0.43213365060479875,0.020458984375,159,496.181640625,342.974609375,536.181640625,382.373046875,11,1,,,,,,2026-08-09T14:42:39.026Z,8T7CGK8F,2026-08-09,2026-08-09,11:42:39,2026-08-09 11:42:39,,,,,,,,6986a6c5d1f10ba22361229e,6986a6c5d1f10ba22361229e,,,,
9036,raw_position_sample,2,3,adv,2,2,2,3,136, team ,360,490,487675.39999985695,6986a6c5d1f10ba22361229e,6986a6c5d1f10ba22361229e,advanced,2,6986a6c5d1f10ba22361229e,6986a6c5d1f10ba22361229e,spotlight_PROLIFIC,,39,Brazil,Portuguese,"English, Spanish",Spanish,Portuguese:50|English:50|Spanish:0,100,Portuguese:30|English:70|Spanish:0,100,Portuguese:50|English:50|Spanish:0,100,18,4,Bachelor's,10,10,10,10,10,10,6,11,0,10,CEFR,C2,,,,,23,25,C1,intermediate|advanced,advanced|intermediate,cambridge_22_25_intermediate_advanced,4,18,random,,,,,,,,465.556640625,346.328125,486.806640625,389.853515625,10,1,,,,,,2026-08-09T14:42:39.026Z,8T7CGK8F,2026-08-09,2026-08-09,11:42:39,2026-08-09 11:42:39,,,,,,,,6986a6c5d1f10ba22361229e,6986a6c5d1f10ba22361229e,,,,
9086,raw_position_sample,2,3,adv,2,2,2,3,136, team ,359,484,487725.39999985695,6986a6c5d1f10ba22361229e,6986a6c5d1f10ba22361229e,advanced,2,6986a6c5d1f10ba22361229e,6986a6c5d1f10ba22361229e,spotlight_PROLIFIC,,39,Brazil,Portuguese,"English, Spanish",Spanish,Portuguese:50|English:50|Spanish:0,100,Portuguese:30|English:70|Spanish:0,100,Portuguese:50|English:50|Spanish:0,100,18,4,Bachelor's,10,10,10,10,10,10,6,11,0,10,CEFR,C2,,,,,23,25,C1,intermediate|advanced,advanced|intermediate,cambridge_22_25_intermediate_advanced,4,18,random,,,,,,,,465.556640625,346.328125,486.806640625,389.853515625,10,1,,,,,,2026-08-09T14:42:39.026Z,8T7CGK8F,2026-08-09,2026-08-09,11:42:39,2026-08-09 11:42:39,,,,,,,,6986a6c5d1f10ba22361229e,6986a6c5d1f10ba22361229e,,,,
9137,raw_position_sample,2,3,adv,2,2,2,3,136, team ,358,482,487776.09999990463,6986a6c5d1f10ba22361229e,6986a6c5d1f10ba22361229e,advanced,2,6986a6c5d1f10ba22361229e,6986a6c5d1f10ba22361229e,spotlight_PROLIFIC,,39,Brazil,Portuguese,"English, Spanish",Spanish,Portuguese:50|English:50|Spanish:0,100,Portuguese:30|English:70|Spanish:0,100,Portuguese:50|English:50|Spanish:0,100,18,4,Bachelor's,10,10,10,10,10,10,6,11,0,10,CEFR,C2,,,,,23,25,C1,intermediate|advanced,advanced|intermediate,cambridge_22_25_intermediate_advanced,4,18,random,,,,,,,,465.556640625,346.328125,486.806640625,389.853515625,10,1,,,,,,2026-08-09T14:42:39.026Z,8T7CGK8F,2026-08-09,2026-08-09,11:42:39,2026-08-09 11:42:39,,,,,,,,6986a6c5d1f10ba22361229e,6986a6c5d1f10ba22361229e,,,,
9186,raw_position_sample,2,3,adv,2,2,2,3,136, team ,357,481,487825.39999985695,6986a6c5d1f10ba22361229e,6986a6c5d1f10ba22361229e,advanced,2,6986a6c5d1f10ba22361229e,6986a6c5d1f10ba22361229e,spotlight_PROLIFIC,,39,Brazil,Portuguese,"English, Spanish",Spanish,Portuguese:50|English:50|Spanish:0,100,Portuguese:30|English:70|Spanish:0,100,Portuguese:50|English:50|Spanish:0,100,18,4,Bachelor's,10,10,10,10,10,10,6,11,0,10,CEFR,C2,,,,,23,25,C1,intermediate|advanced,advanced|intermediate,cambridge_22_25_intermediate_advanced,4,18,random,,,,,,,,465.556640625,346.328125,486.806640625,389.853515625,10,1,,,,,,2026-08-09T14:42:39.026Z,8T7CGK8F,2026-08-09,2026-08-09,11:42:39,2026-08-09 11:42:39,,,,,,,,6986a6c5d1f10ba22361229e,6986a6c5d1f10ba22361229e,,,,
9237,raw_position_sample,2,3,adv,2,2,2,3,136, team ,355,481,487875.89999985695,6986a6c5d1f10ba22361229e,6986a6c5d1f10ba22361229e,advanced,2,6986a6c5d1f10ba22361229e,6986a6c5d1f10ba22361229e,spotlight_PROLIFIC,,39,Brazil,Portuguese,"English, Spanish",Spanish,Portuguese:50|English:50|Spanish:0,100,Portuguese:30|English:70|Spanish:0,100,Portuguese:50|English:50|Spanish:0,100,18,4,Bachelor's,10,10,10,10,10,10,6,11,0,10,CEFR,C2,,,,,23,25,C1,intermediate|advanced,advanced|intermediate,cambridge_22_25_intermediate_advanced,4,18,random,,,,,,,,465.556640625,346.328125,486.806640625,389.853515625,10,1,,,,,,2026-08-09T14:42:39.026Z,8T7CGK8F,2026-08-09,2026-08-09,11:42:39,2026-08-09 11:42:39,,,,,,,,6986a6c5d1f10ba22361229e,6986a6c5d1f10ba22361229e,,,,
9286,raw_position_sample,2,3,adv,2,2,2,3,136, team ,354,481,487925.39999985695,6986a6c5d1f10ba22361229e,6986a6c5d1f10ba22361229e,advanced,2,6986a6c5d1f10ba22361229e,6986a6c5d1f10ba22361229e,spotlight_PROLIFIC,,39,Brazil,Portuguese,"English, Spanish",Spanish,Portuguese:50|English:50|Spanish:0,100,Portuguese:30|English:70|Spanish:0,100,Portuguese:50|English:50|Spanish:0,100,18,4,Bachelor's,10,10,10,10,10,10,6,11,0,10,CEFR,C2,,,,,23,25,C1,intermediate|advanced,advanced|intermediate,cambridge_22_25_intermediate_advanced,4,18,random,,,,,,,,465.556640625,346.328125,486.806640625,389.853515625,10,1,,,,,,2026-08-09T14:42:39.026Z,8T7CGK8F,2026-08-09,2026-08-09,11:42:39,2026-08-09 11:42:39,,,,,,,,6986a6c5d1f10ba22361229e,6986a6c5d1f10ba22361229e,,,,
9337,raw_position_sample,2,3,adv,2,2,2,3,136, team ,354,481,487976.2000000477,6986a6c5d1f10ba22361229e,6986a6c5d1f10ba22361229e,advanced,2,6986a6c5d1f10ba22361229e,6986a6c5d1f10ba22361229e,spotlight_PROLIFIC,,39,Brazil,Portuguese,"English, Spanish",Spanish,Portuguese:50|English:50|Spanish:0,100,Portuguese:30|English:70|Spanish:0,100,Portuguese:50|English:50|Spanish:0,100,18,4,Bachelor's,10,10,10,10,10,10,6,11,0,10,CEFR,C2,,,,,23,25,C1,intermediate|advanced,advanced|intermediate,cambridge_22_25_intermediate_advanced,4,18,random,,,,,,,,465.556640625,346.328125,486.806640625,389.853515625,10,1,,,,,,2026-08-09T14:42:39.026Z,8T7CGK8F,2026-08-09,2026-08-09,11:42:39,2026-08-09 11:42:39,,,,,,,,6986a6c5d1f10ba22361229e,6986a6c5d1f10ba22361229e,,,,
9387,raw_position_sample,2,3,adv,2,2,2,3,136, team ,357,481,488026.09999990463,6986a6c5d1f10ba22361229e,6986a6c5d1f10ba22361229e,advanced,2,6986a6c5d1f10ba22361229e,6986a6c5d1f10ba22361229e,spotlight_PROLIFIC,,39,Brazil,Portuguese,"English, Spanish",Spanish,Portuguese:50|English:50|Spanish:0,100,Portuguese:30|English:70|Spanish:0,100,Portuguese:50|English:50|Spanish:0,100,18,4,Bachelor's,10,10,10,10,10,10,6,11,0,10,CEFR,C2,,,,,23,25,C1,intermediate|advanced,advanced|intermediate,cambridge_22_25_intermediate_advanced,4,18,random,,,,,,,,465.556640625,346.328125,486.806640625,389.853515625,10,1,,,,,,2026-08-09T14:42:39.026Z,8T7CGK8F,2026-08-09,2026-08-09,11:42:39,2026-08-09 11:42:39,,,,,,,,6986a6c5d1f10ba22361229e,6986a6c5d1f10ba22361229e,,,,
9437,raw_position_sample,2,3,adv,2,2,2,3,136, team ,378,482,488076.09999990463,6986a6c5d1f10ba22361229e,6986a6c5d1f10ba22361229e,advanced,2,6986a6c5d1f10ba22361229e,6986a6c5d1f10ba22361229e,spotlight_PROLIFIC,,39,Brazil,Portuguese,"English, Spanish",Spanish,Portuguese:50|English:50|Spanish:0,100,Portuguese:30|English:70|Spanish:0,100,Portuguese:50|English:50|Spanish:0,100,18,4,Bachelor's,10,10,10,10,10,10,6,11,0,10,CEFR,C2,,,,,23,25,C1,intermediate|advanced,advanced|intermediate,cambridge_22_25_intermediate_advanced,4,18,random,,,,,,,,465.556640625,346.328125,486.806640625,389.853515625,10,1,,,,,,2026-08-09T14:42:39.026Z,8T7CGK8F,2026-08-09,2026-08-09,11:42:39,2026-08-09 11:42:39,,,,,,,,6986a6c5d1f10ba22361229e,6986a6c5d1f10ba22361229e,,,,
9465,hover_association,2,3,adv,2,2,2,3,136, team ,360,493,,6986a6c5d1f10ba22361229e,6986a6c5d1f10ba22361229e,advanced,2,6986a6c5d1f10ba22361229e,6986a6c5d1f10ba22361229e,spotlight_PROLIFIC,,39,Brazil,Portuguese,"English, Spanish",Spanish,Portuguese:50|English:50|Spanish:0,100,Portuguese:30|English:70|Spanish:0,100,Portuguese:50|English:50|Spanish:0,100,18,4,Bachelor's,10,10,10,10,10,10,6,11,0,10,CEFR,C2,,,,,23,25,C1,intermediate|advanced,advanced|intermediate,cambridge_22_25_intermediate_advanced,4,18,random,,hover,448.10000014305115,448.10000014305115,0.9817931839013415,0.645458984375,159,456.181640625,342.974609375,496.181640625,389.853515625,10,1,,,,,,2026-08-09T14:42:39.026Z,8T7CGK8F,2026-08-09,2026-08-09,11:42:39,2026-08-09 11:42:39,,,,,,,,6986a6c5d1f10ba22361229e,6986a6c5d1f10ba22361229e,,,,
9487,raw_position_sample,2,3,adv,2,2,2,3,137, has ,412,482,488126,6986a6c5d1f10ba22361229e,6986a6c5d1f10ba22361229e,advanced,2,6986a6c5d1f10ba22361229e,6986a6c5d1f10ba22361229e,spotlight_PROLIFIC,,39,Brazil,Portuguese,"English, Spanish",Spanish,Portuguese:50|English:50|Spanish:0,100,Portuguese:30|English:70|Spanish:0,100,Portuguese:50|English:50|Spanish:0,100,18,4,Bachelor's,10,10,10,10,10,10,6,11,0,10,CEFR,C2,,,,,23,25,C1,intermediate|advanced,advanced|intermediate,cambridge_22_25_intermediate_advanced,4,18,random,,,,,,,,465.556640625,389.853515625,486.806640625,420.283203125,10,2,,,,,,2026-08-09T14:42:39.026Z,8T7CGK8F,2026-08-09,2026-08-09,11:42:39,2026-08-09 11:42:39,,,,,,,,6986a6c5d1f10ba22361229e,6986a6c5d1f10ba22361229e,,,,
9515,hover_association,2,3,adv,2,2,2,3,137, has ,402,482,,6986a6c5d1f10ba22361229e,6986a6c5d1f10ba22361229e,advanced,2,6986a6c5d1f10ba22361229e,6986a6c5d1f10ba22361229e,spotlight_PROLIFIC,,39,Brazil,Portuguese,"English, Spanish",Spanish,Portuguese:50|English:50|Spanish:0,100,Portuguese:30|English:70|Spanish:0,100,Portuguese:50|English:50|Spanish:0,100,18,4,Bachelor's,10,10,10,10,10,10,6,11,0,10,CEFR,C2,,,,,23,25,C1,intermediate|advanced,advanced|intermediate,cambridge_22_25_intermediate_advanced,4,18,random,,hover,49.39999985694885,49.39999985694885,0.9249679075738125,0.645458984375,159,456.181640625,389.853515625,496.181640625,420.283203125,10,2,,,,,,2026-08-09T14:42:39.026Z,8T7CGK8F,2026-08-09,2026-08-09,11:42:39,2026-08-09 11:42:39,,,,,,,,6986a6c5d1f10ba22361229e,6986a6c5d1f10ba22361229e,,,,
9537,raw_position_sample,2,3,adv,2,2,2,3,138, already ,429,482,488176.09999990463,6986a6c5d1f10ba22361229e,6986a6c5d1f10ba22361229e,advanced,2,6986a6c5d1f10ba22361229e,6986a6c5d1f10ba22361229e,spotlight_PROLIFIC,,39,Brazil,Portuguese,"English, Spanish",Spanish,Portuguese:50|English:50|Spanish:0,100,Portuguese:30|English:70|Spanish:0,100,Portuguese:50|English:50|Spanish:0,100,18,4,Bachelor's,10,10,10,10,10,10,6,11,0,10,CEFR,C2,,,,,23,25,C1,intermediate|advanced,advanced|intermediate,cambridge_22_25_intermediate_advanced,4,18,random,,,,,,,,465.556640625,420.283203125,486.806640625,482.587890625,10,3,,,,,,2026-08-09T14:42:39.026Z,8T7CGK8F,2026-08-09,2026-08-09,11:42:39,2026-08-09 11:42:39,,,,,,,,6986a6c5d1f10ba22361229e,6986a6c5d1f10ba22361229e,,,,
9587,raw_position_sample,2,3,adv,2,2,2,3,138, already ,435,482,488225.5,6986a6c5d1f10ba22361229e,6986a6c5d1f10ba22361229e,advanced,2,6986a6c5d1f10ba22361229e,6986a6c5d1f10ba22361229e,spotlight_PROLIFIC,,39,Brazil,Portuguese,"English, Spanish",Spanish,Portuguese:50|English:50|Spanish:0,100,Portuguese:30|English:70|Spanish:0,100,Portuguese:50|English:50|Spanish:0,100,18,4,Bachelor's,10,10,10,10,10,10,6,11,0,10,CEFR,C2,,,,,23,25,C1,intermediate|advanced,advanced|intermediate,cambridge_22_25_intermediate_advanced,4,18,random,,,,,,,,465.556640625,420.283203125,486.806640625,482.587890625,10,3,,,,,,2026-08-09T14:42:39.026Z,8T7CGK8F,2026-08-09,2026-08-09,11:42:39,2026-08-09 11:42:39,,,,,,,,6986a6c5d1f10ba22361229e,6986a6c5d1f10ba22361229e,,,,
9637,raw_position_sample,2,3,adv,2,2,2,3,138, already ,441,481,488276.2000000477,6986a6c5d1f10ba22361229e,6986a6c5d1f10ba22361229e,advanced,2,6986a6c5d1f10ba22361229e,6986a6c5d1f10ba22361229e,spotlight_PROLIFIC,,39,Brazil,Portuguese,"English, Spanish",Spanish,Portuguese:50|English:50|Spanish:0,100,Portuguese:30|English:70|Spanish:0,100,Portuguese:50|English:50|Spanish:0,100,18,4,Bachelor's,10,10,10,10,10,10,6,11,0,10,CEFR,C2,,,,,23,25,C1,intermediate|advanced,advanced|intermediate,cambridge_22_25_intermediate_advanced,4,18,random,,,,,,,,465.556640625,420.283203125,486.806640625,482.587890625,10,3,,,,,,2026-08-09T14:42:39.026Z,8T7CGK8F,2026-08-09,2026-08-09,11:42:39,2026-08-09 11:42:39,,,,,,,,6986a6c5d1f10ba22361229e,6986a6c5d1f10ba22361229e,,,,
9687,raw_position_sample,2,3,adv,2,2,2,3,138, already ,448,480,488325.7999999523,6986a6c5d1f10ba22361229e,6986a6c5d1f10ba22361229e,advanced,2,6986a6c5d1f10ba22361229e,6986a6c5d1f10ba22361229e,spotlight_PROLIFIC,,39,Brazil,Portuguese,"English, Spanish",Spanish,Portuguese:50|English:50|Spanish:0,100,Portuguese:30|English:70|Spanish:0,100,Portuguese:50|English:50|Spanish:0,100,18,4,Bachelor's,10,10,10,10,10,10,6,11,0,10,CEFR,C2,,,,,23,25,C1,intermediate|advanced,advanced|intermediate,cambridge_22_25_intermediate_advanced,4,18,random,,,,,,,,465.556640625,420.283203125,486.806640625,482.587890625,10,3,,,,,,2026-08-09T14:42:39.026Z,8T7CGK8F,2026-08-09,2026-08-09,11:42:39,2026-08-09 11:42:39,,,,,,,,6986a6c5d1f10ba22361229e,6986a6c5d1f10ba22361229e,,,,
9737,raw_position_sample,2,3,adv,2,2,2,3,138, already ,457,476,488376.09999990463,6986a6c5d1f10ba22361229e,6986a6c5d1f10ba22361229e,advanced,2,6986a6c5d1f10ba22361229e,6986a6c5d1f10ba22361229e,spotlight_PROLIFIC,,39,Brazil,Portuguese,"English, Spanish",Spanish,Portuguese:50|English:50|Spanish:0,100,Portuguese:30|English:70|Spanish:0,100,Portuguese:50|English:50|Spanish:0,100,18,4,Bachelor's,10,10,10,10,10,10,6,11,0,10,CEFR,C2,,,,,23,25,C1,intermediate|advanced,advanced|intermediate,cambridge_22_25_intermediate_advanced,4,18,random,,,,,,,,465.556640625,420.283203125,486.806640625,482.587890625,10,3,,,,,,2026-08-09T14:42:39.026Z,8T7CGK8F,2026-08-09,2026-08-09,11:42:39,2026-08-09 11:42:39,,,,,,,,6986a6c5d1f10ba22361229e,6986a6c5d1f10ba22361229e,,,,
9787,raw_position_sample,2,3,adv,2,2,2,3,138, already ,462,474,488425.7999999523,6986a6c5d1f10ba22361229e,6986a6c5d1f10ba22361229e,advanced,2,6986a6c5d1f10ba22361229e,6986a6c5d1f10ba22361229e,spotlight_PROLIFIC,,39,Brazil,Portuguese,"English, Spanish",Spanish,Portuguese:50|English:50|Spanish:0,100,Portuguese:30|English:70|Spanish:0,100,Portuguese:50|English:50|Spanish:0,100,18,4,Bachelor's,10,10,10,10,10,10,6,11,0,10,CEFR,C2,,,,,23,25,C1,intermediate|advanced,advanced|intermediate,cambridge_22_25_intermediate_advanced,4,18,random,,,,,,,,465.556640625,420.283203125,486.806640625,482.587890625,10,3,,,,,,2026-08-09T14:42:39.026Z,8T7CGK8F,2026-08-09,2026-08-09,11:42:39,2026-08-09 11:42:39,,,,,,,,6986a6c5d1f10ba22361229e,6986a6c5d1f10ba22361229e,,,,
9837,raw_position_sample,2,3,adv,2,2,2,3,138, already ,466,473,488475.89999985695,6986a6c5d1f10ba22361229e,6986a6c5d1f10ba22361229e,advanced,2,6986a6c5d1f10ba22361229e,6986a6c5d1f10ba22361229e,spotlight_PROLIFIC,,39,Brazil,Portuguese,"English, Spanish",Spanish,Portuguese:50|English:50|Spanish:0,100,Portuguese:30|English:70|Spanish:0,100,Portuguese:50|English:50|Spanish:0,100,18,4,Bachelor's,10,10,10,10,10,10,6,11,0,10,CEFR,C2,,,,,23,25,C1,intermediate|advanced,advanced|intermediate,cambridge_22_25_intermediate_advanced,4,18,random,,,,,,,,465.556640625,420.283203125,486.806640625,482.587890625,10,3,,,,,,2026-08-09T14:42:39.026Z,8T7CGK8F,2026-08-09,2026-08-09,11:42:39,2026-08-09 11:42:39,,,,,,,,6986a6c5d1f10ba22361229e,6986a6c5d1f10ba22361229e,,,,
9887,raw_position_sample,2,3,adv,2,2,2,3,138, already ,472,473,488526.09999990463,6986a6c5d1f10ba22361229e,6986a6c5d1f10ba22361229e,advanced,2,6986a6c5d1f10ba22361229e,6986a6c5d1f10ba22361229e,spotlight_PROLIFIC,,39,Brazil,Portuguese,"English, Spanish",Spanish,Portuguese:50|English:50|Spanish:0,100,Portuguese:30|English:70|Spanish:0,100,Portuguese:50|English:50|Spanish:0,100,18,4,Bachelor's,10,10,10,10,10,10,6,11,0,10,CEFR,C2,,,,,23,25,C1,intermediate|advanced,advanced|intermediate,cambridge_22_25_intermediate_advanced,4,18,random,,,,,,,,465.556640625,420.283203125,486.806640625,482.587890625,10,3,,,,,,2026-08-09T14:42:39.026Z,8T7CGK8F,2026-08-09,2026-08-09,11:42:39,2026-08-09 11:42:39,,,,,,,,6986a6c5d1f10ba22361229e,6986a6c5d1f10ba22361229e,,,,
9937,raw_position_sample,2,3,adv,2,2,2,3,138, already ,480,473,488575.7999999523,6986a6c5d1f10ba22361229e,6986a6c5d1f10ba22361229e,advanced,2,6986a6c5d1f10ba22361229e,6986a6c5d1f10ba22361229e,spotlight_PROLIFIC,,39,Brazil,Portuguese,"English, Spanish",Spanish,Portuguese:50|English:50|Spanish:0,100,Portuguese:30|English:70|Spanish:0,100,Portuguese:50|English:50|Spanish:0,100,18,4,Bachelor's,10,10,10,10,10,10,6,11,0,10,CEFR,C2,,,,,23,25,C1,intermediate|advanced,advanced|intermediate,cambridge_22_25_intermediate_advanced,4,18,random,,,,,,,,465.556640625,420.283203125,486.806640625,482.587890625,10,3,,,,,,2026-08-09T14:42:39.026Z,8T7CGK8F,2026-08-09,2026-08-09,11:42:39,2026-08-09 11:42:39,,,,,,,,6986a6c5d1f10ba22361229e,6986a6c5d1f10ba22361229e,,,,
9951,hover_association,2,3,adv,2,2,2,3,138, already ,425,482,,6986a6c5d1f10ba22361229e,6986a6c5d1f10ba22361229e,advanced,2,6986a6c5d1f10ba22361229e,6986a6c5d1f10ba22361229e,spotlight_PROLIFIC,,39,Brazil,Portuguese,"English, Spanish",Spanish,Portuguese:50|English:50|Spanish:0,100,Portuguese:30|English:70|Spanish:0,100,Portuguese:50|English:50|Spanish:0,100,18,4,Bachelor's,10,10,10,10,10,10,6,11,0,10,CEFR,C2,,,,,23,25,C1,intermediate|advanced,advanced|intermediate,cambridge_22_25_intermediate_advanced,4,18,random,,hover,435.90000009536743,435.90000009536743,0.9584639498432602,0.420458984375,159,456.181640625,420.283203125,496.181640625,482.587890625,10,3,,,,,,2026-08-09T14:42:39.026Z,8T7CGK8F,2026-08-09,2026-08-09,11:42:39,2026-08-09 11:42:39,,,,,,,,6986a6c5d1f10ba22361229e,6986a6c5d1f10ba22361229e,,,,
9987,raw_position_sample,2,3,adv,2,2,2,3,139, achieved ,490,476,488625.89999985695,6986a6c5d1f10ba22361229e,6986a6c5d1f10ba22361229e,advanced,2,6986a6c5d1f10ba22361229e,6986a6c5d1f10ba22361229e,spotlight_PROLIFIC,,39,Brazil,Portuguese,"English, Spanish",Spanish,Portuguese:50|English:50|Spanish:0,100,Portuguese:30|English:70|Spanish:0,100,Portuguese:50|English:50|Spanish:0,100,18,4,Bachelor's,10,10,10,10,10,10,6,11,0,10,CEFR,C2,,,,,23,25,C1,intermediate|advanced,advanced|intermediate,cambridge_22_25_intermediate_advanced,4,18,random,,,,,,,,465.556640625,482.587890625,486.806640625,555.888671875,10,4,,,,,,2026-08-09T14:42:39.026Z,8T7CGK8F,2026-08-09,2026-08-09,11:42:39,2026-08-09 11:42:39,,,,,,,,6986a6c5d1f10ba22361229e,6986a6c5d1f10ba22361229e,,,,
10037,raw_position_sample,2,3,adv,2,2,2,3,139, achieved ,501,479,488675.59999990463,6986a6c5d1f10ba22361229e,6986a6c5d1f10ba22361229e,advanced,2,6986a6c5d1f10ba22361229e,6986a6c5d1f10ba22361229e,spotlight_PROLIFIC,,39,Brazil,Portuguese,"English, Spanish",Spanish,Portuguese:50|English:50|Spanish:0,100,Portuguese:30|English:70|Spanish:0,100,Portuguese:50|English:50|Spanish:0,100,18,4,Bachelor's,10,10,10,10,10,10,6,11,0,10,CEFR,C2,,,,,23,25,C1,intermediate|advanced,advanced|intermediate,cambridge_22_25_intermediate_advanced,4,18,random,,,,,,,,465.556640625,482.587890625,486.806640625,555.888671875,10,4,,,,,,2026-08-09T14:42:39.026Z,8T7CGK8F,2026-08-09,2026-08-09,11:42:39,2026-08-09 11:42:39,,,,,,,,6986a6c5d1f10ba22361229e,6986a6c5d1f10ba22361229e,,,,
10087,raw_position_sample,2,3,adv,2,2,2,3,139, achieved ,518,481,488725.7999999523,6986a6c5d1f10ba22361229e,6986a6c5d1f10ba22361229e,advanced,2,6986a6c5d1f10ba22361229e,6986a6c5d1f10ba22361229e,spotlight_PROLIFIC,,39,Brazil,Portuguese,"English, Spanish",Spanish,Portuguese:50|English:50|Spanish:0,100,Portuguese:30|English:70|Spanish:0,100,Portuguese:50|English:50|Spanish:0,100,18,4,Bachelor's,10,10,10,10,10,10,6,11,0,10,CEFR,C2,,,,,23,25,C1,intermediate|advanced,advanced|intermediate,cambridge_22_25_intermediate_advanced,4,18,random,,,,,,,,465.556640625,482.587890625,486.806640625,555.888671875,10,4,,,,,,2026-08-09T14:42:39.026Z,8T7CGK8F,2026-08-09,2026-08-09,11:42:39,2026-08-09 11:42:39,,,,,,,,6986a6c5d1f10ba22361229e,6986a6c5d1f10ba22361229e,,,,
10137,raw_position_sample,2,3,adv,2,2,2,3,139, achieved ,545,482,488775.7000000477,6986a6c5d1f10ba22361229e,6986a6c5d1f10ba22361229e,advanced,2,6986a6c5d1f10ba22361229e,6986a6c5d1f10ba22361229e,spotlight_PROLIFIC,,39,Brazil,Portuguese,"English, Spanish",Spanish,Portuguese:50|English:50|Spanish:0,100,Portuguese:30|English:70|Spanish:0,100,Portuguese:50|English:50|Spanish:0,100,18,4,Bachelor's,10,10,10,10,10,10,6,11,0,10,CEFR,C2,,,,,23,25,C1,intermediate|advanced,advanced|intermediate,cambridge_22_25_intermediate_advanced,4,18,random,,,,,,,,465.556640625,482.587890625,486.806640625,555.888671875,10,4,,,,,,2026-08-09T14:42:39.026Z,8T7CGK8F,2026-08-09,2026-08-09,11:42:39,2026-08-09 11:42:39,,,,,,,,6986a6c5d1f10ba22361229e,6986a6c5d1f10ba22361229e,,,,
10151,hover_association,2,3,adv,2,2,2,3,139, achieved ,484,474,,6986a6c5d1f10ba22361229e,6986a6c5d1f10ba22361229e,advanced,2,6986a6c5d1f10ba22361229e,6986a6c5d1f10ba22361229e,spotlight_PROLIFIC,,39,Brazil,Portuguese,"English, Spanish",Spanish,Portuguese:50|English:50|Spanish:0,100,Portuguese:30|English:70|Spanish:0,100,Portuguese:50|English:50|Spanish:0,100,18,4,Bachelor's,10,10,10,10,10,10,6,11,0,10,CEFR,C2,,,,,23,25,C1,intermediate|advanced,advanced|intermediate,cambridge_22_25_intermediate_advanced,4,18,random,,hover,200,200,0.8514521715960565,0.645458984375,159,456.181640625,482.587890625,496.181640625,555.888671875,10,4,,,,,,2026-08-09T14:42:39.026Z,8T7CGK8F,2026-08-09,2026-08-09,11:42:39,2026-08-09 11:42:39,,,,,,,,6986a6c5d1f10ba22361229e,6986a6c5d1f10ba22361229e,,,,
10187,raw_position_sample,2,3,adv,2,2,2,3,140, more ,570,482,488825.7999999523,6986a6c5d1f10ba22361229e,6986a6c5d1f10ba22361229e,advanced,2,6986a6c5d1f10ba22361229e,6986a6c5d1f10ba22361229e,spotlight_PROLIFIC,,39,Brazil,Portuguese,"English, Spanish",Spanish,Portuguese:50|English:50|Spanish:0,100,Portuguese:30|English:70|Spanish:0,100,Portuguese:50|English:50|Spanish:0,100,18,4,Bachelor's,10,10,10,10,10,10,6,11,0,10,CEFR,C2,,,,,23,25,C1,intermediate|advanced,advanced|intermediate,cambridge_22_25_intermediate_advanced,4,18,random,,,,,,,,465.556640625,555.888671875,486.806640625,600.83984375,10,5,,,,,,2026-08-09T14:42:39.026Z,8T7CGK8F,2026-08-09,2026-08-09,11:42:39,2026-08-09 11:42:39,,,,,,,,6986a6c5d1f10ba22361229e,6986a6c5d1f10ba22361229e,,,,
10237,raw_position_sample,2,3,adv,2,2,2,3,140, more ,580,481,488875.89999985695,6986a6c5d1f10ba22361229e,6986a6c5d1f10ba22361229e,advanced,2,6986a6c5d1f10ba22361229e,6986a6c5d1f10ba22361229e,spotlight_PROLIFIC,,39,Brazil,Portuguese,"English, Spanish",Spanish,Portuguese:50|English:50|Spanish:0,100,Portuguese:30|English:70|Spanish:0,100,Portuguese:50|English:50|Spanish:0,100,18,4,Bachelor's,10,10,10,10,10,10,6,11,0,10,CEFR,C2,,,,,23,25,C1,intermediate|advanced,advanced|intermediate,cambridge_22_25_intermediate_advanced,4,18,random,,,,,,,,465.556640625,555.888671875,486.806640625,600.83984375,10,5,,,,,,2026-08-09T14:42:39.026Z,8T7CGK8F,2026-08-09,2026-08-09,11:42:39,2026-08-09 11:42:39,,,,,,,,6986a6c5d1f10ba22361229e,6986a6c5d1f10ba22361229e,,,,
10287,raw_position_sample,2,3,adv,2,2,2,3,140, more ,585,480,488926.09999990463,6986a6c5d1f10ba22361229e,6986a6c5d1f10ba22361229e,advanced,2,6986a6c5d1f10ba22361229e,6986a6c5d1f10ba22361229e,spotlight_PROLIFIC,,39,Brazil,Portuguese,"English, Spanish",Spanish,Portuguese:50|English:50|Spanish:0,100,Portuguese:30|English:70|Spanish:0,100,Portuguese:50|English:50|Spanish:0,100,18,4,Bachelor's,10,10,10,10,10,10,6,11,0,10,CEFR,C2,,,,,23,25,C1,intermediate|advanced,advanced|intermediate,cambridge_22_25_intermediate_advanced,4,18,random,,,,,,,,465.556640625,555.888671875,486.806640625,600.83984375,10,5,,,,,,2026-08-09T14:42:39.026Z,8T7CGK8F,2026-08-09,2026-08-09,11:42:39,2026-08-09 11:42:39,,,,,,,,6986a6c5d1f10ba22361229e,6986a6c5d1f10ba22361229e,,,,
10337,raw_position_sample,2,3,adv,2,2,2,3,140, more ,587,480,488976,6986a6c5d1f10ba22361229e,6986a6c5d1f10ba22361229e,advanced,2,6986a6c5d1f10ba22361229e,6986a6c5d1f10ba22361229e,spotlight_PROLIFIC,,39,Brazil,Portuguese,"English, Spanish",Spanish,Portuguese:50|English:50|Spanish:0,100,Portuguese:30|English:70|Spanish:0,100,Portuguese:50|English:50|Spanish:0,100,18,4,Bachelor's,10,10,10,10,10,10,6,11,0,10,CEFR,C2,,,,,23,25,C1,intermediate|advanced,advanced|intermediate,cambridge_22_25_intermediate_advanced,4,18,random,,,,,,,,465.556640625,555.888671875,486.806640625,600.83984375,10,5,,,,,,2026-08-09T14:42:39.026Z,8T7CGK8F,2026-08-09,2026-08-09,11:42:39,2026-08-09 11:42:39,,,,,,,,6986a6c5d1f10ba22361229e,6986a6c5d1f10ba22361229e,,,,
10387,raw_position_sample,2,3,adv,2,2,2,3,140, more ,587,480,489025.59999990463,6986a6c5d1f10ba22361229e,6986a6c5d1f10ba22361229e,advanced,2,6986a6c5d1f10ba22361229e,6986a6c5d1f10ba22361229e,spotlight_PROLIFIC,,39,Brazil,Portuguese,"English, Spanish",Spanish,Portuguese:50|English:50|Spanish:0,100,Portuguese:30|English:70|Spanish:0,100,Portuguese:50|English:50|Spanish:0,100,18,4,Bachelor's,10,10,10,10,10,10,6,11,0,10,CEFR,C2,,,,,23,25,C1,intermediate|advanced,advanced|intermediate,cambridge_22_25_intermediate_advanced,4,18,random,,,,,,,,465.556640625,555.888671875,486.806640625,600.83984375,10,5,,,,,,2026-08-09T14:42:39.026Z,8T7CGK8F,2026-08-09,2026-08-09,11:42:39,2026-08-09 11:42:39,,,,,,,,6986a6c5d1f10ba22361229e,6986a6c5d1f10ba22361229e,,,,
10437,raw_position_sample,2,3,adv,2,2,2,3,140, more ,587,480,489075.89999985695,6986a6c5d1f10ba22361229e,6986a6c5d1f10ba22361229e,advanced,2,6986a6c5d1f10ba22361229e,6986a6c5d1f10ba22361229e,spotlight_PROLIFIC,,39,Brazil,Portuguese,"English, Spanish",Spanish,Portuguese:50|English:50|Spanish:0,100,Portuguese:30|English:70|Spanish:0,100,Portuguese:50|English:50|Spanish:0,100,18,4,Bachelor's,10,10,10,10,10,10,6,11,0,10,CEFR,C2,,,,,23,25,C1,intermediate|advanced,advanced|intermediate,cambridge_22_25_intermediate_advanced,4,18,random,,,,,,,,465.556640625,555.888671875,486.806640625,600.83984375,10,5,,,,,,2026-08-09T14:42:39.026Z,8T7CGK8F,2026-08-09,2026-08-09,11:42:39,2026-08-09 11:42:39,,,,,,,,6986a6c5d1f10ba22361229e,6986a6c5d1f10ba22361229e,,,,
10487,raw_position_sample,2,3,adv,2,2,2,3,140, more ,587,480,489126.39999985695,6986a6c5d1f10ba22361229e,6986a6c5d1f10ba22361229e,advanced,2,6986a6c5d1f10ba22361229e,6986a6c5d1f10ba22361229e,spotlight_PROLIFIC,,39,Brazil,Portuguese,"English, Spanish",Spanish,Portuguese:50|English:50|Spanish:0,100,Portuguese:30|English:70|Spanish:0,100,Portuguese:50|English:50|Spanish:0,100,18,4,Bachelor's,10,10,10,10,10,10,6,11,0,10,CEFR,C2,,,,,23,25,C1,intermediate|advanced,advanced|intermediate,cambridge_22_25_intermediate_advanced,4,18,random,,,,,,,,465.556640625,555.888671875,486.806640625,600.83984375,10,5,,,,,,2026-08-09T14:42:39.026Z,8T7CGK8F,2026-08-09,2026-08-09,11:42:39,2026-08-09 11:42:39,,,,,,,,6986a6c5d1f10ba22361229e,6986a6c5d1f10ba22361229e,,,,
10538,raw_position_sample,2,3,adv,2,2,2,3,140, more ,587,480,489177.5,6986a6c5d1f10ba22361229e,6986a6c5d1f10ba22361229e,advanced,2,6986a6c5d1f10ba22361229e,6986a6c5d1f10ba22361229e,spotlight_PROLIFIC,,39,Brazil,Portuguese,"English, Spanish",Spanish,Portuguese:50|English:50|Spanish:0,100,Portuguese:30|English:70|Spanish:0,100,Portuguese:50|English:50|Spanish:0,100,18,4,Bachelor's,10,10,10,10,10,10,6,11,0,10,CEFR,C2,,,,,23,25,C1,intermediate|advanced,advanced|intermediate,cambridge_22_25_intermediate_advanced,4,18,random,,,,,,,,465.556640625,555.888671875,486.806640625,600.83984375,10,5,,,,,,2026-08-09T14:42:39.026Z,8T7CGK8F,2026-08-09,2026-08-09,11:42:39,2026-08-09 11:42:39,,,,,,,,6986a6c5d1f10ba22361229e,6986a6c5d1f10ba22361229e,,,,
10588,raw_position_sample,2,3,adv,2,2,2,3,140, more ,587,480,489227.2999999523,6986a6c5d1f10ba22361229e,6986a6c5d1f10ba22361229e,advanced,2,6986a6c5d1f10ba22361229e,6986a6c5d1f10ba22361229e,spotlight_PROLIFIC,,39,Brazil,Portuguese,"English, Spanish",Spanish,Portuguese:50|English:50|Spanish:0,100,Portuguese:30|English:70|Spanish:0,100,Portuguese:50|English:50|Spanish:0,100,18,4,Bachelor's,10,10,10,10,10,10,6,11,0,10,CEFR,C2,,,,,23,25,C1,intermediate|advanced,advanced|intermediate,cambridge_22_25_intermediate_advanced,4,18,random,,,,,,,,465.556640625,555.888671875,486.806640625,600.83984375,10,5,,,,,,2026-08-09T14:42:39.026Z,8T7CGK8F,2026-08-09,2026-08-09,11:42:39,2026-08-09 11:42:39,,,,,,,,6986a6c5d1f10ba22361229e,6986a6c5d1f10ba22361229e,,,,
10638,raw_position_sample,2,3,adv,2,2,2,3,140, more ,587,480,489276.89999985695,6986a6c5d1f10ba22361229e,6986a6c5d1f10ba22361229e,advanced,2,6986a6c5d1f10ba22361229e,6986a6c5d1f10ba22361229e,spotlight_PROLIFIC,,39,Brazil,Portuguese,"English, Spanish",Spanish,Portuguese:50|English:50|Spanish:0,100,Portuguese:30|English:70|Spanish:0,100,Portuguese:50|English:50|Spanish:0,100,18,4,Bachelor's,10,10,10,10,10,10,6,11,0,10,CEFR,C2,,,,,23,25,C1,intermediate|advanced,advanced|intermediate,cambridge_22_25_intermediate_advanced,4,18,random,,,,,,,,465.556640625,555.888671875,486.806640625,600.83984375,10,5,,,,,,2026-08-09T14:42:39.026Z,8T7CGK8F,2026-08-09,2026-08-09,11:42:39,2026-08-09 11:42:39,,,,,,,,6986a6c5d1f10ba22361229e,6986a6c5d1f10ba22361229e,,,,
10669,hover_association,2,3,adv,2,2,2,3,140, more ,557,482,,6986a6c5d1f10ba22361229e,6986a6c5d1f10ba22361229e,advanced,2,6986a6c5d1f10ba22361229e,6986a6c5d1f10ba22361229e,spotlight_PROLIFIC,,39,Brazil,Portuguese,"English, Spanish",Spanish,Portuguese:50|English:50|Spanish:0,100,Portuguese:30|English:70|Spanish:0,100,Portuguese:50|English:50|Spanish:0,100,18,4,Bachelor's,10,10,10,10,10,10,6,11,0,10,CEFR,C2,,,,,23,25,C1,intermediate|advanced,advanced|intermediate,cambridge_22_25_intermediate_advanced,4,18,random,,hover,517.9000000953674,517.9000000953674,0.8255920052139909,0.595458984375,159,456.181640625,555.888671875,496.181640625,600.83984375,10,5,,,,,,2026-08-09T14:42:39.026Z,8T7CGK8F,2026-08-09,2026-08-09,11:42:39,2026-08-09 11:42:39,,,,,,,,6986a6c5d1f10ba22361229e,6986a6c5d1f10ba22361229e,,,,
10687,raw_position_sample,2,3,adv,2,2,2,3,141, than ,610,480,489325.59999990463,6986a6c5d1f10ba22361229e,6986a6c5d1f10ba22361229e,advanced,2,6986a6c5d1f10ba22361229e,6986a6c5d1f10ba22361229e,spotlight_PROLIFIC,,39,Brazil,Portuguese,"English, Spanish",Spanish,Portuguese:50|English:50|Spanish:0,100,Portuguese:30|English:70|Spanish:0,100,Portuguese:50|English:50|Spanish:0,100,18,4,Bachelor's,10,10,10,10,10,10,6,11,0,10,CEFR,C2,,,,,23,25,C1,intermediate|advanced,advanced|intermediate,cambridge_22_25_intermediate_advanced,4,18,random,,,,,,,,465.556640625,600.83984375,486.806640625,640.17578125,10,6,,,,,,2026-08-09T14:42:39.026Z,8T7CGK8F,2026-08-09,2026-08-09,11:42:39,2026-08-09 11:42:39,,,,,,,,6986a6c5d1f10ba22361229e,6986a6c5d1f10ba22361229e,,,,
10737,raw_position_sample,2,3,adv,2,2,2,3,141, than ,628,480,489376,6986a6c5d1f10ba22361229e,6986a6c5d1f10ba22361229e,advanced,2,6986a6c5d1f10ba22361229e,6986a6c5d1f10ba22361229e,spotlight_PROLIFIC,,39,Brazil,Portuguese,"English, Spanish",Spanish,Portuguese:50|English:50|Spanish:0,100,Portuguese:30|English:70|Spanish:0,100,Portuguese:50|English:50|Spanish:0,100,18,4,Bachelor's,10,10,10,10,10,10,6,11,0,10,CEFR,C2,,,,,23,25,C1,intermediate|advanced,advanced|intermediate,cambridge_22_25_intermediate_advanced,4,18,random,,,,,,,,465.556640625,600.83984375,486.806640625,640.17578125,10,6,,,,,,2026-08-09T14:42:39.026Z,8T7CGK8F,2026-08-09,2026-08-09,11:42:39,2026-08-09 11:42:39,,,,,,,,6986a6c5d1f10ba22361229e,6986a6c5d1f10ba22361229e,,,,
10787,raw_position_sample,2,3,adv,2,2,2,3,141, than ,638,480,489426,6986a6c5d1f10ba22361229e,6986a6c5d1f10ba22361229e,advanced,2,6986a6c5d1f10ba22361229e,6986a6c5d1f10ba22361229e,spotlight_PROLIFIC,,39,Brazil,Portuguese,"English, Spanish",Spanish,Portuguese:50|English:50|Spanish:0,100,Portuguese:30|English:70|Spanish:0,100,Portuguese:50|English:50|Spanish:0,100,18,4,Bachelor's,10,10,10,10,10,10,6,11,0,10,CEFR,C2,,,,,23,25,C1,intermediate|advanced,advanced|intermediate,cambridge_22_25_intermediate_advanced,4,18,random,,,,,,,,465.556640625,600.83984375,486.806640625,640.17578125,10,6,,,,,,2026-08-09T14:42:39.026Z,8T7CGK8F,2026-08-09,2026-08-09,11:42:39,2026-08-09 11:42:39,,,,,,,,6986a6c5d1f10ba22361229e,6986a6c5d1f10ba22361229e,,,,
10801,hover_association,2,3,adv,2,2,2,3,141, than ,601,480,,6986a6c5d1f10ba22361229e,6986a6c5d1f10ba22361229e,advanced,2,6986a6c5d1f10ba22361229e,6986a6c5d1f10ba22361229e,spotlight_PROLIFIC,,39,Brazil,Portuguese,"English, Spanish",Spanish,Portuguese:50|English:50|Spanish:0,100,Portuguese:30|English:70|Spanish:0,100,Portuguese:50|English:50|Spanish:0,100,18,4,Bachelor's,10,10,10,10,10,10,6,11,0,10,CEFR,C2,,,,,23,25,C1,intermediate|advanced,advanced|intermediate,cambridge_22_25_intermediate_advanced,4,18,random,,hover,132.19999980926514,132.19999980926514,0.9446871896722939,0.595458984375,159,456.181640625,600.83984375,496.181640625,640.17578125,10,6,,,,,,2026-08-09T14:42:39.026Z,8T7CGK8F,2026-08-09,2026-08-09,11:42:39,2026-08-09 11:42:39,,,,,,,,6986a6c5d1f10ba22361229e,6986a6c5d1f10ba22361229e,,,,
10836,raw_position_sample,2,3,adv,2,2,2,3,142, 80%. ,646,480,489475.2000000477,6986a6c5d1f10ba22361229e,6986a6c5d1f10ba22361229e,advanced,2,6986a6c5d1f10ba22361229e,6986a6c5d1f10ba22361229e,spotlight_PROLIFIC,,39,Brazil,Portuguese,"English, Spanish",Spanish,Portuguese:50|English:50|Spanish:0,100,Portuguese:30|English:70|Spanish:0,100,Portuguese:50|English:50|Spanish:0,100,18,4,Bachelor's,10,10,10,10,10,10,6,11,0,10,CEFR,C2,,,,,23,25,C1,intermediate|advanced,advanced|intermediate,cambridge_22_25_intermediate_advanced,4,18,random,,,,,,,,465.556640625,640.17578125,486.806640625,682.5,10,7,,,,,,2026-08-09T14:42:39.026Z,8T7CGK8F,2026-08-09,2026-08-09,11:42:39,2026-08-09 11:42:39,,,,,,,,6986a6c5d1f10ba22361229e,6986a6c5d1f10ba22361229e,,,,
10887,raw_position_sample,2,3,adv,2,2,2,3,142, 80%. ,658,477,489525.89999985695,6986a6c5d1f10ba22361229e,6986a6c5d1f10ba22361229e,advanced,2,6986a6c5d1f10ba22361229e,6986a6c5d1f10ba22361229e,spotlight_PROLIFIC,,39,Brazil,Portuguese,"English, Spanish",Spanish,Portuguese:50|English:50|Spanish:0,100,Portuguese:30|English:70|Spanish:0,100,Portuguese:50|English:50|Spanish:0,100,18,4,Bachelor's,10,10,10,10,10,10,6,11,0,10,CEFR,C2,,,,,23,25,C1,intermediate|advanced,advanced|intermediate,cambridge_22_25_intermediate_advanced,4,18,random,,,,,,,,465.556640625,640.17578125,486.806640625,682.5,10,7,,,,,,2026-08-09T14:42:39.026Z,8T7CGK8F,2026-08-09,2026-08-09,11:42:39,2026-08-09 11:42:39,,,,,,,,6986a6c5d1f10ba22361229e,6986a6c5d1f10ba22361229e,,,,
10937,raw_position_sample,2,3,adv,2,2,2,3,142, 80%. ,678,476,489576.09999990463,6986a6c5d1f10ba22361229e,6986a6c5d1f10ba22361229e,advanced,2,6986a6c5d1f10ba22361229e,6986a6c5d1f10ba22361229e,spotlight_PROLIFIC,,39,Brazil,Portuguese,"English, Spanish",Spanish,Portuguese:50|English:50|Spanish:0,100,Portuguese:30|English:70|Spanish:0,100,Portuguese:50|English:50|Spanish:0,100,18,4,Bachelor's,10,10,10,10,10,10,6,11,0,10,CEFR,C2,,,,,23,25,C1,intermediate|advanced,advanced|intermediate,cambridge_22_25_intermediate_advanced,4,18,random,,,,,,,,465.556640625,640.17578125,486.806640625,682.5,10,7,,,,,,2026-08-09T14:42:39.026Z,8T7CGK8F,2026-08-09,2026-08-09,11:42:39,2026-08-09 11:42:39,,,,,,,,6986a6c5d1f10ba22361229e,6986a6c5d1f10ba22361229e,,,,
10967,hover_association,2,3,adv,2,2,2,3,142, 80%. ,641,480,,6986a6c5d1f10ba22361229e,6986a6c5d1f10ba22361229e,advanced,2,6986a6c5d1f10ba22361229e,6986a6c5d1f10ba22361229e,spotlight_PROLIFIC,,39,Brazil,Portuguese,"English, Spanish",Spanish,Portuguese:50|English:50|Spanish:0,100,Portuguese:30|English:70|Spanish:0,100,Portuguese:50|English:50|Spanish:0,100,18,4,Bachelor's,10,10,10,10,10,10,6,11,0,10,CEFR,C2,,,,,23,25,C1,intermediate|advanced,advanced|intermediate,cambridge_22_25_intermediate_advanced,4,18,random,,hover,166.60000014305115,166.60000014305115,0.9881864328564837,0.495458984375,159,456.181640625,640.17578125,496.181640625,682.5,10,7,,,,,,2026-08-09T14:42:39.026Z,8T7CGK8F,2026-08-09,2026-08-09,11:42:39,2026-08-09 11:42:39,,,,,,,,6986a6c5d1f10ba22361229e,6986a6c5d1f10ba22361229e,,,,
10987,raw_position_sample,2,3,adv,2,2,2,3,143, Anderson ,686,476,489626,6986a6c5d1f10ba22361229e,6986a6c5d1f10ba22361229e,advanced,2,6986a6c5d1f10ba22361229e,6986a6c5d1f10ba22361229e,spotlight_PROLIFIC,,39,Brazil,Portuguese,"English, Spanish",Spanish,Portuguese:50|English:50|Spanish:0,100,Portuguese:30|English:70|Spanish:0,100,Portuguese:50|English:50|Spanish:0,100,18,4,Bachelor's,10,10,10,10,10,10,6,11,0,10,CEFR,C2,,,,,23,25,C1,intermediate|advanced,advanced|intermediate,cambridge_22_25_intermediate_advanced,4,18,random,,,,,,,,465.556640625,682.5,486.806640625,762.802734375,10,8,,,,,,2026-08-09T14:42:39.026Z,8T7CGK8F,2026-08-09,2026-08-09,11:42:39,2026-08-09 11:42:39,,,,,,,,6986a6c5d1f10ba22361229e,6986a6c5d1f10ba22361229e,,,,
11037,raw_position_sample,2,3,adv,2,2,2,3,143, Anderson ,693,477,489676,6986a6c5d1f10ba22361229e,6986a6c5d1f10ba22361229e,advanced,2,6986a6c5d1f10ba22361229e,6986a6c5d1f10ba22361229e,spotlight_PROLIFIC,,39,Brazil,Portuguese,"English, Spanish",Spanish,Portuguese:50|English:50|Spanish:0,100,Portuguese:30|English:70|Spanish:0,100,Portuguese:50|English:50|Spanish:0,100,18,4,Bachelor's,10,10,10,10,10,10,6,11,0,10,CEFR,C2,,,,,23,25,C1,intermediate|advanced,advanced|intermediate,cambridge_22_25_intermediate_advanced,4,18,random,,,,,,,,465.556640625,682.5,486.806640625,762.802734375,10,8,,,,,,2026-08-09T14:42:39.026Z,8T7CGK8F,2026-08-09,2026-08-09,11:42:39,2026-08-09 11:42:39,,,,,,,,6986a6c5d1f10ba22361229e,6986a6c5d1f10ba22361229e,,,,
11087,raw_position_sample,2,3,adv,2,2,2,3,143, Anderson ,700,478,489726,6986a6c5d1f10ba22361229e,6986a6c5d1f10ba22361229e,advanced,2,6986a6c5d1f10ba22361229e,6986a6c5d1f10ba22361229e,spotlight_PROLIFIC,,39,Brazil,Portuguese,"English, Spanish",Spanish,Portuguese:50|English:50|Spanish:0,100,Portuguese:30|English:70|Spanish:0,100,Portuguese:50|English:50|Spanish:0,100,18,4,Bachelor's,10,10,10,10,10,10,6,11,0,10,CEFR,C2,,,,,23,25,C1,intermediate|advanced,advanced|intermediate,cambridge_22_25_intermediate_advanced,4,18,random,,,,,,,,465.556640625,682.5,486.806640625,762.802734375,10,8,,,,,,2026-08-09T14:42:39.026Z,8T7CGK8F,2026-08-09,2026-08-09,11:42:39,2026-08-09 11:42:39,,,,,,,,6986a6c5d1f10ba22361229e,6986a6c5d1f10ba22361229e,,,,
11137,raw_position_sample,2,3,adv,2,2,2,3,143, Anderson ,706,478,489775.59999990463,6986a6c5d1f10ba22361229e,6986a6c5d1f10ba22361229e,advanced,2,6986a6c5d1f10ba22361229e,6986a6c5d1f10ba22361229e,spotlight_PROLIFIC,,39,Brazil,Portuguese,"English, Spanish",Spanish,Portuguese:50|English:50|Spanish:0,100,Portuguese:30|English:70|Spanish:0,100,Portuguese:50|English:50|Spanish:0,100,18,4,Bachelor's,10,10,10,10,10,10,6,11,0,10,CEFR,C2,,,,,23,25,C1,intermediate|advanced,advanced|intermediate,cambridge_22_25_intermediate_advanced,4,18,random,,,,,,,,465.556640625,682.5,486.806640625,762.802734375,10,8,,,,,,2026-08-09T14:42:39.026Z,8T7CGK8F,2026-08-09,2026-08-09,11:42:39,2026-08-09 11:42:39,,,,,,,,6986a6c5d1f10ba22361229e,6986a6c5d1f10ba22361229e,,,,
11187,raw_position_sample,2,3,adv,2,2,2,3,143, Anderson ,710,478,489826.09999990463,6986a6c5d1f10ba22361229e,6986a6c5d1f10ba22361229e,advanced,2,6986a6c5d1f10ba22361229e,6986a6c5d1f10ba22361229e,spotlight_PROLIFIC,,39,Brazil,Portuguese,"English, Spanish",Spanish,Portuguese:50|English:50|Spanish:0,100,Portuguese:30|English:70|Spanish:0,100,Portuguese:50|English:50|Spanish:0,100,18,4,Bachelor's,10,10,10,10,10,10,6,11,0,10,CEFR,C2,,,,,23,25,C1,intermediate|advanced,advanced|intermediate,cambridge_22_25_intermediate_advanced,4,18,random,,,,,,,,465.556640625,682.5,486.806640625,762.802734375,10,8,,,,,,2026-08-09T14:42:39.026Z,8T7CGK8F,2026-08-09,2026-08-09,11:42:39,2026-08-09 11:42:39,,,,,,,,6986a6c5d1f10ba22361229e,6986a6c5d1f10ba22361229e,,,,
11237,raw_position_sample,2,3,adv,2,2,2,3,143, Anderson ,713,477,489876,6986a6c5d1f10ba22361229e,6986a6c5d1f10ba22361229e,advanced,2,6986a6c5d1f10ba22361229e,6986a6c5d1f10ba22361229e,spotlight_PROLIFIC,,39,Brazil,Portuguese,"English, Spanish",Spanish,Portuguese:50|English:50|Spanish:0,100,Portuguese:30|English:70|Spanish:0,100,Portuguese:50|English:50|Spanish:0,100,18,4,Bachelor's,10,10,10,10,10,10,6,11,0,10,CEFR,C2,,,,,23,25,C1,intermediate|advanced,advanced|intermediate,cambridge_22_25_intermediate_advanced,4,18,random,,,,,,,,465.556640625,682.5,486.806640625,762.802734375,10,8,,,,,,2026-08-09T14:42:39.026Z,8T7CGK8F,2026-08-09,2026-08-09,11:42:39,2026-08-09 11:42:39,,,,,,,,6986a6c5d1f10ba22361229e,6986a6c5d1f10ba22361229e,,,,
11287,raw_position_sample,2,3,adv,2,2,2,3,143, Anderson ,718,474,489926,6986a6c5d1f10ba22361229e,6986a6c5d1f10ba22361229e,advanced,2,6986a6c5d1f10ba22361229e,6986a6c5d1f10ba22361229e,spotlight_PROLIFIC,,39,Brazil,Portuguese,"English, Spanish",Spanish,Portuguese:50|English:50|Spanish:0,100,Portuguese:30|English:70|Spanish:0,100,Portuguese:50|English:50|Spanish:0,100,18,4,Bachelor's,10,10,10,10,10,10,6,11,0,10,CEFR,C2,,,,,23,25,C1,intermediate|advanced,advanced|intermediate,cambridge_22_25_intermediate_advanced,4,18,random,,,,,,,,465.556640625,682.5,486.806640625,762.802734375,10,8,,,,,,2026-08-09T14:42:39.026Z,8T7CGK8F,2026-08-09,2026-08-09,11:42:39,2026-08-09 11:42:39,,,,,,,,6986a6c5d1f10ba22361229e,6986a6c5d1f10ba22361229e,,,,
11337,raw_position_sample,2,3,adv,2,2,2,3,143, Anderson ,731,469,489975.59999990463,6986a6c5d1f10ba22361229e,6986a6c5d1f10ba22361229e,advanced,2,6986a6c5d1f10ba22361229e,6986a6c5d1f10ba22361229e,spotlight_PROLIFIC,,39,Brazil,Portuguese,"English, Spanish",Spanish,Portuguese:50|English:50|Spanish:0,100,Portuguese:30|English:70|Spanish:0,100,Portuguese:50|English:50|Spanish:0,100,18,4,Bachelor's,10,10,10,10,10,10,6,11,0,10,CEFR,C2,,,,,23,25,C1,intermediate|advanced,advanced|intermediate,cambridge_22_25_intermediate_advanced,4,18,random,,,,,,,,465.556640625,682.5,486.806640625,762.802734375,10,8,,,,,,2026-08-09T14:42:39.026Z,8T7CGK8F,2026-08-09,2026-08-09,11:42:39,2026-08-09 11:42:39,,,,,,,,6986a6c5d1f10ba22361229e,6986a6c5d1f10ba22361229e,,,,
11387,raw_position_sample,2,3,adv,2,2,2,3,143, Anderson ,748,462,490025.7999999523,6986a6c5d1f10ba22361229e,6986a6c5d1f10ba22361229e,advanced,2,6986a6c5d1f10ba22361229e,6986a6c5d1f10ba22361229e,spotlight_PROLIFIC,,39,Brazil,Portuguese,"English, Spanish",Spanish,Portuguese:50|English:50|Spanish:0,100,Portuguese:30|English:70|Spanish:0,100,Portuguese:50|English:50|Spanish:0,100,18,4,Bachelor's,10,10,10,10,10,10,6,11,0,10,CEFR,C2,,,,,23,25,C1,intermediate|advanced,advanced|intermediate,cambridge_22_25_intermediate_advanced,4,18,random,,,,,,,,465.556640625,682.5,486.806640625,762.802734375,10,8,,,,,,2026-08-09T14:42:39.026Z,8T7CGK8F,2026-08-09,2026-08-09,11:42:39,2026-08-09 11:42:39,,,,,,,,6986a6c5d1f10ba22361229e,6986a6c5d1f10ba22361229e,,,,
11417,hover_association,2,3,adv,2,2,2,3,143, Anderson ,685,476,,6986a6c5d1f10ba22361229e,6986a6c5d1f10ba22361229e,advanced,2,6986a6c5d1f10ba22361229e,6986a6c5d1f10ba22361229e,spotlight_PROLIFIC,,39,Brazil,Portuguese,"English, Spanish",Spanish,Portuguese:50|English:50|Spanish:0,100,Portuguese:30|English:70|Spanish:0,100,Portuguese:50|English:50|Spanish:0,100,18,4,Bachelor's,10,10,10,10,10,10,6,11,0,10,CEFR,C2,,,,,23,25,C1,intermediate|advanced,advanced|intermediate,cambridge_22_25_intermediate_advanced,4,18,random,,hover,450,450,0.9028335157485102,0.070458984375,159,456.181640625,682.5,496.181640625,762.802734375,10,8,,,,,,2026-08-09T14:42:39.026Z,8T7CGK8F,2026-08-09,2026-08-09,11:42:39,2026-08-09 11:42:39,,,,,,,,6986a6c5d1f10ba22361229e,6986a6c5d1f10ba22361229e,,,,
11434,hover_association,2,3,adv,2,2,2,3,128, rating ,760,456,,6986a6c5d1f10ba22361229e,6986a6c5d1f10ba22361229e,advanced,2,6986a6c5d1f10ba22361229e,6986a6c5d1f10ba22361229e,spotlight_PROLIFIC,,39,Brazil,Portuguese,"English, Spanish",Spanish,Portuguese:50|English:50|Spanish:0,100,Portuguese:30|English:70|Spanish:0,100,Portuguese:50|English:50|Spanish:0,100,18,4,Bachelor's,10,10,10,10,10,10,6,11,0,10,CEFR,C2,,,,,23,25,C1,intermediate|advanced,advanced|intermediate,cambridge_22_25_intermediate_advanced,4,18,random,,hover,16.59999990463257,16.59999990463257,0.9773658536585366,0.995458984375,159,416.181640625,711.083984375,456.181640625,761.1328125,9,8,,,,,,2026-08-09T14:42:39.026Z,8T7CGK8F,2026-08-09,2026-08-09,11:42:39,2026-08-09 11:42:39,,,,,,,,6986a6c5d1f10ba22361229e,6986a6c5d1f10ba22361229e,,,,
11437,raw_position_sample,2,3,adv,2,2,2,3,129, of ,764,452,490075.89999985695,6986a6c5d1f10ba22361229e,6986a6c5d1f10ba22361229e,advanced,2,6986a6c5d1f10ba22361229e,6986a6c5d1f10ba22361229e,spotlight_PROLIFIC,,39,Brazil,Portuguese,"English, Spanish",Spanish,Portuguese:50|English:50|Spanish:0,100,Portuguese:30|English:70|Spanish:0,100,Portuguese:50|English:50|Spanish:0,100,18,4,Bachelor's,10,10,10,10,10,10,6,11,0,10,CEFR,C2,,,,,23,25,C1,intermediate|advanced,advanced|intermediate,cambridge_22_25_intermediate_advanced,4,18,random,,,,,,,,425.556640625,761.1328125,446.806640625,780.68359375,9,9,,,,,,2026-08-09T14:42:39.026Z,8T7CGK8F,2026-08-09,2026-08-09,11:42:39,2026-08-09 11:42:39,,,,,,,,6986a6c5d1f10ba22361229e,6986a6c5d1f10ba22361229e,,,,
11487,raw_position_sample,2,3,adv,2,2,2,3,129, of ,774,445,490125.89999985695,6986a6c5d1f10ba22361229e,6986a6c5d1f10ba22361229e,advanced,2,6986a6c5d1f10ba22361229e,6986a6c5d1f10ba22361229e,spotlight_PROLIFIC,,39,Brazil,Portuguese,"English, Spanish",Spanish,Portuguese:50|English:50|Spanish:0,100,Portuguese:30|English:70|Spanish:0,100,Portuguese:50|English:50|Spanish:0,100,18,4,Bachelor's,10,10,10,10,10,10,6,11,0,10,CEFR,C2,,,,,23,25,C1,intermediate|advanced,advanced|intermediate,cambridge_22_25_intermediate_advanced,4,18,random,,,,,,,,425.556640625,761.1328125,446.806640625,780.68359375,9,9,,,,,,2026-08-09T14:42:39.026Z,8T7CGK8F,2026-08-09,2026-08-09,11:42:39,2026-08-09 11:42:39,,,,,,,,6986a6c5d1f10ba22361229e,6986a6c5d1f10ba22361229e,,,,
11537,raw_position_sample,2,3,adv,2,2,2,3,129, of ,777,442,490176.09999990463,6986a6c5d1f10ba22361229e,6986a6c5d1f10ba22361229e,advanced,2,6986a6c5d1f10ba22361229e,6986a6c5d1f10ba22361229e,spotlight_PROLIFIC,,39,Brazil,Portuguese,"English, Spanish",Spanish,Portuguese:50|English:50|Spanish:0,100,Portuguese:30|English:70|Spanish:0,100,Portuguese:50|English:50|Spanish:0,100,18,4,Bachelor's,10,10,10,10,10,10,6,11,0,10,CEFR,C2,,,,,23,25,C1,intermediate|advanced,advanced|intermediate,cambridge_22_25_intermediate_advanced,4,18,random,,,,,,,,425.556640625,761.1328125,446.806640625,780.68359375,9,9,,,,,,2026-08-09T14:42:39.026Z,8T7CGK8F,2026-08-09,2026-08-09,11:42:39,2026-08-09 11:42:39,,,,,,,,6986a6c5d1f10ba22361229e,6986a6c5d1f10ba22361229e,,,,
11586,raw_position_sample,2,3,adv,2,2,2,3,129, of ,778,440,490225.39999985695,6986a6c5d1f10ba22361229e,6986a6c5d1f10ba22361229e,advanced,2,6986a6c5d1f10ba22361229e,6986a6c5d1f10ba22361229e,spotlight_PROLIFIC,,39,Brazil,Portuguese,"English, Spanish",Spanish,Portuguese:50|English:50|Spanish:0,100,Portuguese:30|English:70|Spanish:0,100,Portuguese:50|English:50|Spanish:0,100,18,4,Bachelor's,10,10,10,10,10,10,6,11,0,10,CEFR,C2,,,,,23,25,C1,intermediate|advanced,advanced|intermediate,cambridge_22_25_intermediate_advanced,4,18,random,,,,,,,,425.556640625,761.1328125,446.806640625,780.68359375,9,9,,,,,,2026-08-09T14:42:39.026Z,8T7CGK8F,2026-08-09,2026-08-09,11:42:39,2026-08-09 11:42:39,,,,,,,,6986a6c5d1f10ba22361229e,6986a6c5d1f10ba22361229e,,,,
11636,raw_position_sample,2,3,adv,2,2,2,3,129, of ,779,438,490275.39999985695,6986a6c5d1f10ba22361229e,6986a6c5d1f10ba22361229e,advanced,2,6986a6c5d1f10ba22361229e,6986a6c5d1f10ba22361229e,spotlight_PROLIFIC,,39,Brazil,Portuguese,"English, Spanish",Spanish,Portuguese:50|English:50|Spanish:0,100,Portuguese:30|English:70|Spanish:0,100,Portuguese:50|English:50|Spanish:0,100,18,4,Bachelor's,10,10,10,10,10,10,6,11,0,10,CEFR,C2,,,,,23,25,C1,intermediate|advanced,advanced|intermediate,cambridge_22_25_intermediate_advanced,4,18,random,,,,,,,,425.556640625,761.1328125,446.806640625,780.68359375,9,9,,,,,,2026-08-09T14:42:39.026Z,8T7CGK8F,2026-08-09,2026-08-09,11:42:39,2026-08-09 11:42:39,,,,,,,,6986a6c5d1f10ba22361229e,6986a6c5d1f10ba22361229e,,,,
11687,raw_position_sample,2,3,adv,2,2,2,3,129, of ,780,437,490325.89999985695,6986a6c5d1f10ba22361229e,6986a6c5d1f10ba22361229e,advanced,2,6986a6c5d1f10ba22361229e,6986a6c5d1f10ba22361229e,spotlight_PROLIFIC,,39,Brazil,Portuguese,"English, Spanish",Spanish,Portuguese:50|English:50|Spanish:0,100,Portuguese:30|English:70|Spanish:0,100,Portuguese:50|English:50|Spanish:0,100,18,4,Bachelor's,10,10,10,10,10,10,6,11,0,10,CEFR,C2,,,,,23,25,C1,intermediate|advanced,advanced|intermediate,cambridge_22_25_intermediate_advanced,4,18,random,,,,,,,,425.556640625,761.1328125,446.806640625,780.68359375,9,9,,,,,,2026-08-09T14:42:39.026Z,8T7CGK8F,2026-08-09,2026-08-09,11:42:39,2026-08-09 11:42:39,,,,,,,,6986a6c5d1f10ba22361229e,6986a6c5d1f10ba22361229e,,,,
11717,hover_association,2,3,adv,2,2,2,3,129, of ,764,452,,6986a6c5d1f10ba22361229e,6986a6c5d1f10ba22361229e,advanced,2,6986a6c5d1f10ba22361229e,6986a6c5d1f10ba22361229e,spotlight_PROLIFIC,,39,Brazil,Portuguese,"English, Spanish",Spanish,Portuguese:50|English:50|Spanish:0,100,Portuguese:30|English:70|Spanish:0,100,Portuguese:50|English:50|Spanish:0,100,18,4,Bachelor's,10,10,10,10,10,10,6,11,0,10,CEFR,C2,,,,,23,25,C1,intermediate|advanced,advanced|intermediate,cambridge_22_25_intermediate_advanced,4,18,random,,hover,283.40000009536743,283.40000009536743,0.965034965034965,0.495458984375,159,416.181640625,761.1328125,456.181640625,780.68359375,9,9,,,,,,2026-08-09T14:42:39.026Z,8T7CGK8F,2026-08-09,2026-08-09,11:42:39,2026-08-09 11:42:39,,,,,,,,6986a6c5d1f10ba22361229e,6986a6c5d1f10ba22361229e,,,,
11737,raw_position_sample,2,3,adv,2,2,2,3,130, over ,782,436,490375.5,6986a6c5d1f10ba22361229e,6986a6c5d1f10ba22361229e,advanced,2,6986a6c5d1f10ba22361229e,6986a6c5d1f10ba22361229e,spotlight_PROLIFIC,,39,Brazil,Portuguese,"English, Spanish",Spanish,Portuguese:50|English:50|Spanish:0,100,Portuguese:30|English:70|Spanish:0,100,Portuguese:50|English:50|Spanish:0,100,18,4,Bachelor's,10,10,10,10,10,10,6,11,0,10,CEFR,C2,,,,,23,25,C1,intermediate|advanced,advanced|intermediate,cambridge_22_25_intermediate_advanced,4,18,random,,,,,,,,425.556640625,780.68359375,446.806640625,819.599609375,9,10,,,,,,2026-08-09T14:42:39.026Z,8T7CGK8F,2026-08-09,2026-08-09,11:42:39,2026-08-09 11:42:39,,,,,,,,6986a6c5d1f10ba22361229e,6986a6c5d1f10ba22361229e,,,,
11787,raw_position_sample,2,3,adv,2,2,2,3,130, over ,792,433,490425.89999985695,6986a6c5d1f10ba22361229e,6986a6c5d1f10ba22361229e,advanced,2,6986a6c5d1f10ba22361229e,6986a6c5d1f10ba22361229e,spotlight_PROLIFIC,,39,Brazil,Portuguese,"English, Spanish",Spanish,Portuguese:50|English:50|Spanish:0,100,Portuguese:30|English:70|Spanish:0,100,Portuguese:50|English:50|Spanish:0,100,18,4,Bachelor's,10,10,10,10,10,10,6,11,0,10,CEFR,C2,,,,,23,25,C1,intermediate|advanced,advanced|intermediate,cambridge_22_25_intermediate_advanced,4,18,random,,,,,,,,425.556640625,780.68359375,446.806640625,819.599609375,9,10,,,,,,2026-08-09T14:42:39.026Z,8T7CGK8F,2026-08-09,2026-08-09,11:42:39,2026-08-09 11:42:39,,,,,,,,6986a6c5d1f10ba22361229e,6986a6c5d1f10ba22361229e,,,,
11837,raw_position_sample,2,3,adv,2,2,2,3,130, over ,816,430,490476.09999990463,6986a6c5d1f10ba22361229e,6986a6c5d1f10ba22361229e,advanced,2,6986a6c5d1f10ba22361229e,6986a6c5d1f10ba22361229e,spotlight_PROLIFIC,,39,Brazil,Portuguese,"English, Spanish",Spanish,Portuguese:50|English:50|Spanish:0,100,Portuguese:30|English:70|Spanish:0,100,Portuguese:50|English:50|Spanish:0,100,18,4,Bachelor's,10,10,10,10,10,10,6,11,0,10,CEFR,C2,,,,,23,25,C1,intermediate|advanced,advanced|intermediate,cambridge_22_25_intermediate_advanced,4,18,random,,,,,,,,425.556640625,780.68359375,446.806640625,819.599609375,9,10,,,,,,2026-08-09T14:42:39.026Z,8T7CGK8F,2026-08-09,2026-08-09,11:42:39,2026-08-09 11:42:39,,,,,,,,6986a6c5d1f10ba22361229e,6986a6c5d1f10ba22361229e,,,,
11851,hover_association,2,3,adv,2,2,2,3,130, over ,781,436,,6986a6c5d1f10ba22361229e,6986a6c5d1f10ba22361229e,advanced,2,6986a6c5d1f10ba22361229e,6986a6c5d1f10ba22361229e,spotlight_PROLIFIC,,39,Brazil,Portuguese,"English, Spanish",Spanish,Portuguese:50|English:50|Spanish:0,100,Portuguese:30|English:70|Spanish:0,100,Portuguese:50|English:50|Spanish:0,100,18,4,Bachelor's,10,10,10,10,10,10,6,11,0,10,CEFR,C2,,,,,23,25,C1,intermediate|advanced,advanced|intermediate,cambridge_22_25_intermediate_advanced,4,18,random,,hover,133.29999995231628,133.29999995231628,0.9075031367628608,0.345458984375,159,416.181640625,780.68359375,456.181640625,819.599609375,9,10,,,,,,2026-08-09T14:42:39.026Z,8T7CGK8F,2026-08-09,2026-08-09,11:42:39,2026-08-09 11:42:39,,,,,,,,6986a6c5d1f10ba22361229e,6986a6c5d1f10ba22361229e,,,,
11887,raw_position_sample,2,3,adv,2,2,2,3,131, 70%. ,843,423,490526.2000000477,6986a6c5d1f10ba22361229e,6986a6c5d1f10ba22361229e,advanced,2,6986a6c5d1f10ba22361229e,6986a6c5d1f10ba22361229e,spotlight_PROLIFIC,,39,Brazil,Portuguese,"English, Spanish",Spanish,Portuguese:50|English:50|Spanish:0,100,Portuguese:30|English:70|Spanish:0,100,Portuguese:50|English:50|Spanish:0,100,18,4,Bachelor's,10,10,10,10,10,10,6,11,0,10,CEFR,C2,,,,,23,25,C1,intermediate|advanced,advanced|intermediate,cambridge_22_25_intermediate_advanced,4,18,random,,,,,,,,425.556640625,819.599609375,446.806640625,861.923828125,9,11,,,,,,2026-08-09T14:42:39.026Z,8T7CGK8F,2026-08-09,2026-08-09,11:42:39,2026-08-09 11:42:39,,,,,,,,6986a6c5d1f10ba22361229e,6986a6c5d1f10ba22361229e,,,,
11937,raw_position_sample,2,3,adv,2,2,2,3,131, 70%. ,861,420,490575.89999985695,6986a6c5d1f10ba22361229e,6986a6c5d1f10ba22361229e,advanced,2,6986a6c5d1f10ba22361229e,6986a6c5d1f10ba22361229e,spotlight_PROLIFIC,,39,Brazil,Portuguese,"English, Spanish",Spanish,Portuguese:50|English:50|Spanish:0,100,Portuguese:30|English:70|Spanish:0,100,Portuguese:50|English:50|Spanish:0,100,18,4,Bachelor's,10,10,10,10,10,10,6,11,0,10,CEFR,C2,,,,,23,25,C1,intermediate|advanced,advanced|intermediate,cambridge_22_25_intermediate_advanced,4,18,random,,,,,,,,425.556640625,819.599609375,446.806640625,861.923828125,9,11,,,,,,2026-08-09T14:42:39.026Z,8T7CGK8F,2026-08-09,2026-08-09,11:42:39,2026-08-09 11:42:39,,,,,,,,6986a6c5d1f10ba22361229e,6986a6c5d1f10ba22361229e,,,,
11951,hover_association,2,3,adv,2,2,2,3,131, 70%. ,826,427,,6986a6c5d1f10ba22361229e,6986a6c5d1f10ba22361229e,advanced,2,6986a6c5d1f10ba22361229e,6986a6c5d1f10ba22361229e,spotlight_PROLIFIC,,39,Brazil,Portuguese,"English, Spanish",Spanish,Portuguese:50|English:50|Spanish:0,100,Portuguese:30|English:70|Spanish:0,100,Portuguese:50|English:50|Spanish:0,100,18,4,Bachelor's,10,10,10,10,10,10,6,11,0,10,CEFR,C2,,,,,23,25,C1,intermediate|advanced,advanced|intermediate,cambridge_22_25_intermediate_advanced,4,18,random,,hover,100,100,0.9781725888324873,0.095458984375,159,416.181640625,819.599609375,456.181640625,861.923828125,9,11,,,,,,2026-08-09T14:42:39.026Z,8T7CGK8F,2026-08-09,2026-08-09,11:42:39,2026-08-09 11:42:39,,,,,,,,6986a6c5d1f10ba22361229e,6986a6c5d1f10ba22361229e,,,,
11987,raw_position_sample,2,3,adv,2,2,2,3,132, In ,873,419,490625.89999985695,6986a6c5d1f10ba22361229e,6986a6c5d1f10ba22361229e,advanced,2,6986a6c5d1f10ba22361229e,6986a6c5d1f10ba22361229e,spotlight_PROLIFIC,,39,Brazil,Portuguese,"English, Spanish",Spanish,Portuguese:50|English:50|Spanish:0,100,Portuguese:30|English:70|Spanish:0,100,Portuguese:50|English:50|Spanish:0,100,18,4,Bachelor's,10,10,10,10,10,10,6,11,0,10,CEFR,C2,,,,,23,25,C1,intermediate|advanced,advanced|intermediate,cambridge_22_25_intermediate_advanced,4,18,random,,,,,,,,425.556640625,861.923828125,446.806640625,880.9375,9,12,,,,,,2026-08-09T14:42:39.026Z,8T7CGK8F,2026-08-09,2026-08-09,11:42:39,2026-08-09 11:42:39,,,,,,,,6986a6c5d1f10ba22361229e,6986a6c5d1f10ba22361229e,,,,
12017,hover_association,2,3,adv,2,2,2,3,132, In ,865,419,,6986a6c5d1f10ba22361229e,6986a6c5d1f10ba22361229e,advanced,2,6986a6c5d1f10ba22361229e,6986a6c5d1f10ba22361229e,spotlight_PROLIFIC,,39,Brazil,Portuguese,"English, Spanish",Spanish,Portuguese:50|English:50|Spanish:0,100,Portuguese:30|English:70|Spanish:0,100,Portuguese:50|English:50|Spanish:0,100,18,4,Bachelor's,10,10,10,10,10,10,6,11,0,10,CEFR,C2,,,,,23,25,C1,intermediate|advanced,advanced|intermediate,cambridge_22_25_intermediate_advanced,4,18,random,,hover,66.59999990463257,66.59999990463257,0.7929121725731896,0.070458984375,159,416.181640625,861.923828125,456.181640625,880.9375,9,12,,,,,,2026-08-09T14:42:39.026Z,8T7CGK8F,2026-08-09,2026-08-09,11:42:39,2026-08-09 11:42:39,,,,,,,,6986a6c5d1f10ba22361229e,6986a6c5d1f10ba22361229e,,,,
12037,raw_position_sample,2,3,adv,2,2,2,3,133, some ,885,419,490676.09999990463,6986a6c5d1f10ba22361229e,6986a6c5d1f10ba22361229e,advanced,2,6986a6c5d1f10ba22361229e,6986a6c5d1f10ba22361229e,spotlight_PROLIFIC,,39,Brazil,Portuguese,"English, Spanish",Spanish,Portuguese:50|English:50|Spanish:0,100,Portuguese:30|English:70|Spanish:0,100,Portuguese:50|English:50|Spanish:0,100,18,4,Bachelor's,10,10,10,10,10,10,6,11,0,10,CEFR,C2,,,,,23,25,C1,intermediate|advanced,advanced|intermediate,cambridge_22_25_intermediate_advanced,4,18,random,,,,,,,,425.556640625,880.9375,446.806640625,926.4453125,9,13,,,,,,2026-08-09T14:42:39.026Z,8T7CGK8F,2026-08-09,2026-08-09,11:42:39,2026-08-09 11:42:39,,,,,,,,6986a6c5d1f10ba22361229e,6986a6c5d1f10ba22361229e,,,,
12087,raw_position_sample,2,3,adv,2,2,2,3,133, some ,897,421,490726.09999990463,6986a6c5d1f10ba22361229e,6986a6c5d1f10ba22361229e,advanced,2,6986a6c5d1f10ba22361229e,6986a6c5d1f10ba22361229e,spotlight_PROLIFIC,,39,Brazil,Portuguese,"English, Spanish",Spanish,Portuguese:50|English:50|Spanish:0,100,Portuguese:30|English:70|Spanish:0,100,Portuguese:50|English:50|Spanish:0,100,18,4,Bachelor's,10,10,10,10,10,10,6,11,0,10,CEFR,C2,,,,,23,25,C1,intermediate|advanced,advanced|intermediate,cambridge_22_25_intermediate_advanced,4,18,random,,,,,,,,425.556640625,880.9375,446.806640625,926.4453125,9,13,,,,,,2026-08-09T14:42:39.026Z,8T7CGK8F,2026-08-09,2026-08-09,11:42:39,2026-08-09 11:42:39,,,,,,,,6986a6c5d1f10ba22361229e,6986a6c5d1f10ba22361229e,,,,
12137,raw_position_sample,2,3,adv,2,2,2,3,133, some ,907,424,490776.09999990463,6986a6c5d1f10ba22361229e,6986a6c5d1f10ba22361229e,advanced,2,6986a6c5d1f10ba22361229e,6986a6c5d1f10ba22361229e,spotlight_PROLIFIC,,39,Brazil,Portuguese,"English, Spanish",Spanish,Portuguese:50|English:50|Spanish:0,100,Portuguese:30|English:70|Spanish:0,100,Portuguese:50|English:50|Spanish:0,100,18,4,Bachelor's,10,10,10,10,10,10,6,11,0,10,CEFR,C2,,,,,23,25,C1,intermediate|advanced,advanced|intermediate,cambridge_22_25_intermediate_advanced,4,18,random,,,,,,,,425.556640625,880.9375,446.806640625,926.4453125,9,13,,,,,,2026-08-09T14:42:39.026Z,8T7CGK8F,2026-08-09,2026-08-09,11:42:39,2026-08-09 11:42:39,,,,,,,,6986a6c5d1f10ba22361229e,6986a6c5d1f10ba22361229e,,,,
12187,raw_position_sample,2,3,adv,2,2,2,3,133, some ,916,425,490825.89999985695,6986a6c5d1f10ba22361229e,6986a6c5d1f10ba22361229e,advanced,2,6986a6c5d1f10ba22361229e,6986a6c5d1f10ba22361229e,spotlight_PROLIFIC,,39,Brazil,Portuguese,"English, Spanish",Spanish,Portuguese:50|English:50|Spanish:0,100,Portuguese:30|English:70|Spanish:0,100,Portuguese:50|English:50|Spanish:0,100,18,4,Bachelor's,10,10,10,10,10,10,6,11,0,10,CEFR,C2,,,,,23,25,C1,intermediate|advanced,advanced|intermediate,cambridge_22_25_intermediate_advanced,4,18,random,,,,,,,,425.556640625,880.9375,446.806640625,926.4453125,9,13,,,,,,2026-08-09T14:42:39.026Z,8T7CGK8F,2026-08-09,2026-08-09,11:42:39,2026-08-09 11:42:39,,,,,,,,6986a6c5d1f10ba22361229e,6986a6c5d1f10ba22361229e,,,,
12237,raw_position_sample,2,3,adv,2,2,2,3,133, some ,925,426,490875.89999985695,6986a6c5d1f10ba22361229e,6986a6c5d1f10ba22361229e,advanced,2,6986a6c5d1f10ba22361229e,6986a6c5d1f10ba22361229e,spotlight_PROLIFIC,,39,Brazil,Portuguese,"English, Spanish",Spanish,Portuguese:50|English:50|Spanish:0,100,Portuguese:30|English:70|Spanish:0,100,Portuguese:50|English:50|Spanish:0,100,18,4,Bachelor's,10,10,10,10,10,10,6,11,0,10,CEFR,C2,,,,,23,25,C1,intermediate|advanced,advanced|intermediate,cambridge_22_25_intermediate_advanced,4,18,random,,,,,,,,425.556640625,880.9375,446.806640625,926.4453125,9,13,,,,,,2026-08-09T14:42:39.026Z,8T7CGK8F,2026-08-09,2026-08-09,11:42:39,2026-08-09 11:42:39,,,,,,,,6986a6c5d1f10ba22361229e,6986a6c5d1f10ba22361229e,,,,
12251,hover_association,2,3,adv,2,2,2,3,133, some ,881,419,,6986a6c5d1f10ba22361229e,6986a6c5d1f10ba22361229e,advanced,2,6986a6c5d1f10ba22361229e,6986a6c5d1f10ba22361229e,spotlight_PROLIFIC,,39,Brazil,Portuguese,"English, Spanish",Spanish,Portuguese:50|English:50|Spanish:0,100,Portuguese:30|English:70|Spanish:0,100,Portuguese:50|English:50|Spanish:0,100,18,4,Bachelor's,10,10,10,10,10,10,6,11,0,10,CEFR,C2,,,,,23,25,C1,intermediate|advanced,advanced|intermediate,cambridge_22_25_intermediate_advanced,4,18,random,,hover,233.40000009536743,233.40000009536743,0.9682403433476395,0.245458984375,159,416.181640625,880.9375,456.181640625,926.4453125,9,13,,,,,,2026-08-09T14:42:39.026Z,8T7CGK8F,2026-08-09,2026-08-09,11:42:39,2026-08-09 11:42:39,,,,,,,,6986a6c5d1f10ba22361229e,6986a6c5d1f10ba22361229e,,,,
12287,raw_position_sample,2,3,adv,2,2,2,3,134," tests, ",936,427,490925.7999999523,6986a6c5d1f10ba22361229e,6986a6c5d1f10ba22361229e,advanced,2,6986a6c5d1f10ba22361229e,6986a6c5d1f10ba22361229e,spotlight_PROLIFIC,,39,Brazil,Portuguese,"English, Spanish",Spanish,Portuguese:50|English:50|Spanish:0,100,Portuguese:30|English:70|Spanish:0,100,Portuguese:50|English:50|Spanish:0,100,18,4,Bachelor's,10,10,10,10,10,10,6,11,0,10,CEFR,C2,,,,,23,25,C1,intermediate|advanced,advanced|intermediate,cambridge_22_25_intermediate_advanced,4,18,random,,,,,,,,425.556640625,926.4453125,446.806640625,972.2265625,9,14,,,,,,2026-08-09T14:42:39.026Z,8T7CGK8F,2026-08-09,2026-08-09,11:42:39,2026-08-09 11:42:39,,,,,,,,6986a6c5d1f10ba22361229e,6986a6c5d1f10ba22361229e,,,,
12337,raw_position_sample,2,3,adv,2,2,2,3,134," tests, ",947,427,490976.09999990463,6986a6c5d1f10ba22361229e,6986a6c5d1f10ba22361229e,advanced,2,6986a6c5d1f10ba22361229e,6986a6c5d1f10ba22361229e,spotlight_PROLIFIC,,39,Brazil,Portuguese,"English, Spanish",Spanish,Portuguese:50|English:50|Spanish:0,100,Portuguese:30|English:70|Spanish:0,100,Portuguese:50|English:50|Spanish:0,100,18,4,Bachelor's,10,10,10,10,10,10,6,11,0,10,CEFR,C2,,,,,23,25,C1,intermediate|advanced,advanced|intermediate,cambridge_22_25_intermediate_advanced,4,18,random,,,,,,,,425.556640625,926.4453125,446.806640625,972.2265625,9,14,,,,,,2026-08-09T14:42:39.026Z,8T7CGK8F,2026-08-09,2026-08-09,11:42:39,2026-08-09 11:42:39,,,,,,,,6986a6c5d1f10ba22361229e,6986a6c5d1f10ba22361229e,,,,
12387,raw_position_sample,2,3,adv,2,2,2,3,134," tests, ",961,428,491025.7999999523,6986a6c5d1f10ba22361229e,6986a6c5d1f10ba22361229e,advanced,2,6986a6c5d1f10ba22361229e,6986a6c5d1f10ba22361229e,spotlight_PROLIFIC,,39,Brazil,Portuguese,"English, Spanish",Spanish,Portuguese:50|English:50|Spanish:0,100,Portuguese:30|English:70|Spanish:0,100,Portuguese:50|English:50|Spanish:0,100,18,4,Bachelor's,10,10,10,10,10,10,6,11,0,10,CEFR,C2,,,,,23,25,C1,intermediate|advanced,advanced|intermediate,cambridge_22_25_intermediate_advanced,4,18,random,,,,,,,,425.556640625,926.4453125,446.806640625,972.2265625,9,14,,,,,,2026-08-09T14:42:39.026Z,8T7CGK8F,2026-08-09,2026-08-09,11:42:39,2026-08-09 11:42:39,,,,,,,,6986a6c5d1f10ba22361229e,6986a6c5d1f10ba22361229e,,,,
12434,hover_association,2,3,adv,2,2,2,3,134," tests, ",931,427,,6986a6c5d1f10ba22361229e,6986a6c5d1f10ba22361229e,advanced,2,6986a6c5d1f10ba22361229e,6986a6c5d1f10ba22361229e,spotlight_PROLIFIC,,39,Brazil,Portuguese,"English, Spanish",Spanish,Portuguese:50|English:50|Spanish:0,100,Portuguese:30|English:70|Spanish:0,100,Portuguese:50|English:50|Spanish:0,100,18,4,Bachelor's,10,10,10,10,10,10,6,11,0,10,CEFR,C2,,,,,23,25,C1,intermediate|advanced,advanced|intermediate,cambridge_22_25_intermediate_advanced,4,18,random,,hover,183.40000009536743,183.40000009536743,0.9513651877133106,0.295458984375,159,416.181640625,926.4453125,456.181640625,972.2265625,9,14,,,,,,2026-08-09T14:42:39.026Z,8T7CGK8F,2026-08-09,2026-08-09,11:42:39,2026-08-09 11:42:39,,,,,,,,6986a6c5d1f10ba22361229e,6986a6c5d1f10ba22361229e,,,,
12437,raw_position_sample,2,3,adv,2,2,2,3,135, the ,973,428,491076.09999990463,6986a6c5d1f10ba22361229e,6986a6c5d1f10ba22361229e,advanced,2,6986a6c5d1f10ba22361229e,6986a6c5d1f10ba22361229e,spotlight_PROLIFIC,,39,Brazil,Portuguese,"English, Spanish",Spanish,Portuguese:50|English:50|Spanish:0,100,Portuguese:30|English:70|Spanish:0,100,Portuguese:50|English:50|Spanish:0,100,18,4,Bachelor's,10,10,10,10,10,10,6,11,0,10,CEFR,C2,,,,,23,25,C1,intermediate|advanced,advanced|intermediate,cambridge_22_25_intermediate_advanced,4,18,random,,,,,,,,425.556640625,972.2265625,446.806640625,998.388671875,9,15,,,,,,2026-08-09T14:42:39.026Z,8T7CGK8F,2026-08-09,2026-08-09,11:42:39,2026-08-09 11:42:39,,,,,,,,6986a6c5d1f10ba22361229e,6986a6c5d1f10ba22361229e,,,,
12487,raw_position_sample,2,3,adv,2,2,2,3,135, the ,978,428,491126.09999990463,6986a6c5d1f10ba22361229e,6986a6c5d1f10ba22361229e,advanced,2,6986a6c5d1f10ba22361229e,6986a6c5d1f10ba22361229e,spotlight_PROLIFIC,,39,Brazil,Portuguese,"English, Spanish",Spanish,Portuguese:50|English:50|Spanish:0,100,Portuguese:30|English:70|Spanish:0,100,Portuguese:50|English:50|Spanish:0,100,18,4,Bachelor's,10,10,10,10,10,10,6,11,0,10,CEFR,C2,,,,,23,25,C1,intermediate|advanced,advanced|intermediate,cambridge_22_25_intermediate_advanced,4,18,random,,,,,,,,425.556640625,972.2265625,446.806640625,998.388671875,9,15,,,,,,2026-08-09T14:42:39.026Z,8T7CGK8F,2026-08-09,2026-08-09,11:42:39,2026-08-09 11:42:39,,,,,,,,6986a6c5d1f10ba22361229e,6986a6c5d1f10ba22361229e,,,,
12538,raw_position_sample,2,3,adv,2,2,2,3,135, the ,978,428,491176.89999985695,6986a6c5d1f10ba22361229e,6986a6c5d1f10ba22361229e,advanced,2,6986a6c5d1f10ba22361229e,6986a6c5d1f10ba22361229e,spotlight_PROLIFIC,,39,Brazil,Portuguese,"English, Spanish",Spanish,Portuguese:50|English:50|Spanish:0,100,Portuguese:30|English:70|Spanish:0,100,Portuguese:50|English:50|Spanish:0,100,18,4,Bachelor's,10,10,10,10,10,10,6,11,0,10,CEFR,C2,,,,,23,25,C1,intermediate|advanced,advanced|intermediate,cambridge_22_25_intermediate_advanced,4,18,random,,,,,,,,425.556640625,972.2265625,446.806640625,998.388671875,9,15,,,,,,2026-08-09T14:42:39.026Z,8T7CGK8F,2026-08-09,2026-08-09,11:42:39,2026-08-09 11:42:39,,,,,,,,6986a6c5d1f10ba22361229e,6986a6c5d1f10ba22361229e,,,,
12588,raw_position_sample,2,3,adv,2,2,2,3,135, the ,978,427,491226.59999990463,6986a6c5d1f10ba22361229e,6986a6c5d1f10ba22361229e,advanced,2,6986a6c5d1f10ba22361229e,6986a6c5d1f10ba22361229e,spotlight_PROLIFIC,,39,Brazil,Portuguese,"English, Spanish",Spanish,Portuguese:50|English:50|Spanish:0,100,Portuguese:30|English:70|Spanish:0,100,Portuguese:50|English:50|Spanish:0,100,18,4,Bachelor's,10,10,10,10,10,10,6,11,0,10,CEFR,C2,,,,,23,25,C1,intermediate|advanced,advanced|intermediate,cambridge_22_25_intermediate_advanced,4,18,random,,,,,,,,425.556640625,972.2265625,446.806640625,998.388671875,9,15,,,,,,2026-08-09T14:42:39.026Z,8T7CGK8F,2026-08-09,2026-08-09,11:42:39,2026-08-09 11:42:39,,,,,,,,6986a6c5d1f10ba22361229e,6986a6c5d1f10ba22361229e,,,,
12631,hover_association,2,3,adv,2,2,2,3,135, the ,973,428,,6986a6c5d1f10ba22361229e,6986a6c5d1f10ba22361229e,advanced,2,6986a6c5d1f10ba22361229e,6986a6c5d1f10ba22361229e,spotlight_PROLIFIC,,39,Brazil,Portuguese,"English, Spanish",Spanish,Portuguese:50|English:50|Spanish:0,100,Portuguese:30|English:70|Spanish:0,100,Portuguese:50|English:50|Spanish:0,100,18,4,Bachelor's,10,10,10,10,10,10,6,11,0,10,CEFR,C2,,,,,23,25,C1,intermediate|advanced,advanced|intermediate,cambridge_22_25_intermediate_advanced,4,18,random,,hover,197.39999985694885,197.39999985694885,0.12784542085759662,0.245458984375,159,416.181640625,972.2265625,456.181640625,1001.7421875,9,15,,,,,,2026-08-09T14:42:39.026Z,8T7CGK8F,2026-08-09,2026-08-09,11:42:39,2026-08-09 11:42:39,,,,,,,,6986a6c5d1f10ba22361229e,6986a6c5d1f10ba22361229e,,,,
12637,raw_position_sample,2,3,adv,2,2,2,3,134," tests, ",972,425,491275.7000000477,6986a6c5d1f10ba22361229e,6986a6c5d1f10ba22361229e,advanced,2,6986a6c5d1f10ba22361229e,6986a6c5d1f10ba22361229e,spotlight_PROLIFIC,,39,Brazil,Portuguese,"English, Spanish",Spanish,Portuguese:50|English:50|Spanish:0,100,Portuguese:30|English:70|Spanish:0,100,Portuguese:50|English:50|Spanish:0,100,18,4,Bachelor's,10,10,10,10,10,10,6,11,0,10,CEFR,C2,,,,,23,25,C1,intermediate|advanced,advanced|intermediate,cambridge_22_25_intermediate_advanced,4,18,random,,,,,,,,425.556640625,926.4453125,446.806640625,972.2265625,9,14,,,,,,2026-08-09T14:42:39.026Z,8T7CGK8F,2026-08-09,2026-08-09,11:42:39,2026-08-09 11:42:39,,,,,,,,6986a6c5d1f10ba22361229e,6986a6c5d1f10ba22361229e,,,,
12687,raw_position_sample,2,3,adv,2,2,2,3,134," tests, ",937,425,491325.7999999523,6986a6c5d1f10ba22361229e,6986a6c5d1f10ba22361229e,advanced,2,6986a6c5d1f10ba22361229e,6986a6c5d1f10ba22361229e,spotlight_PROLIFIC,,39,Brazil,Portuguese,"English, Spanish",Spanish,Portuguese:50|English:50|Spanish:0,100,Portuguese:30|English:70|Spanish:0,100,Portuguese:50|English:50|Spanish:0,100,18,4,Bachelor's,10,10,10,10,10,10,6,11,0,10,CEFR,C2,,,,,23,25,C1,intermediate|advanced,advanced|intermediate,cambridge_22_25_intermediate_advanced,4,18,random,,,,,,,,425.556640625,926.4453125,446.806640625,972.2265625,9,14,,,,,,2026-08-09T14:42:39.026Z,8T7CGK8F,2026-08-09,2026-08-09,11:42:39,2026-08-09 11:42:39,,,,,,,,6986a6c5d1f10ba22361229e,6986a6c5d1f10ba22361229e,,,,
12714,hover_association,2,3,adv,2,2,2,3,134," tests, ",972,425,,6986a6c5d1f10ba22361229e,6986a6c5d1f10ba22361229e,advanced,2,6986a6c5d1f10ba22361229e,6986a6c5d1f10ba22361229e,spotlight_PROLIFIC,,39,Brazil,Portuguese,"English, Spanish",Spanish,Portuguese:50|English:50|Spanish:0,100,Portuguese:30|English:70|Spanish:0,100,Portuguese:50|English:50|Spanish:0,100,18,4,Bachelor's,10,10,10,10,10,10,6,11,0,10,CEFR,C2,,,,,23,25,C1,intermediate|advanced,advanced|intermediate,cambridge_22_25_intermediate_advanced,4,18,random,,hover,82.79999995231628,82.79999995231628,0.012116040955631398,0.220458984375,159,416.181640625,926.4453125,456.181640625,972.2265625,9,14,,,,,,2026-08-09T14:42:39.026Z,8T7CGK8F,2026-08-09,2026-08-09,11:42:39,2026-08-09 11:42:39,,,,,,,,6986a6c5d1f10ba22361229e,6986a6c5d1f10ba22361229e,,,,
12737,raw_position_sample,2,3,adv,2,2,2,3,133, some ,904,425,491376.09999990463,6986a6c5d1f10ba22361229e,6986a6c5d1f10ba22361229e,advanced,2,6986a6c5d1f10ba22361229e,6986a6c5d1f10ba22361229e,spotlight_PROLIFIC,,39,Brazil,Portuguese,"English, Spanish",Spanish,Portuguese:50|English:50|Spanish:0,100,Portuguese:30|English:70|Spanish:0,100,Portuguese:50|English:50|Spanish:0,100,18,4,Bachelor's,10,10,10,10,10,10,6,11,0,10,CEFR,C2,,,,,23,25,C1,intermediate|advanced,advanced|intermediate,cambridge_22_25_intermediate_advanced,4,18,random,,,,,,,,425.556640625,880.9375,446.806640625,926.4453125,9,13,,,,,,2026-08-09T14:42:39.026Z,8T7CGK8F,2026-08-09,2026-08-09,11:42:39,2026-08-09 11:42:39,,,,,,,,6986a6c5d1f10ba22361229e,6986a6c5d1f10ba22361229e,,,,
12765,hover_association,2,3,adv,2,2,2,3,133, some ,919,425,,6986a6c5d1f10ba22361229e,6986a6c5d1f10ba22361229e,advanced,2,6986a6c5d1f10ba22361229e,6986a6c5d1f10ba22361229e,spotlight_PROLIFIC,,39,Brazil,Portuguese,"English, Spanish",Spanish,Portuguese:50|English:50|Spanish:0,100,Portuguese:30|English:70|Spanish:0,100,Portuguese:50|English:50|Spanish:0,100,18,4,Bachelor's,10,10,10,10,10,10,6,11,0,10,CEFR,C2,,,,,23,25,C1,intermediate|advanced,advanced|intermediate,cambridge_22_25_intermediate_advanced,4,18,random,,hover,50.5,50.5,0.22111587982832617,0.195458984375,159,416.181640625,880.9375,456.181640625,926.4453125,9,13,,,,,,2026-08-09T14:42:39.026Z,8T7CGK8F,2026-08-09,2026-08-09,11:42:39,2026-08-09 11:42:39,,,,,,,,6986a6c5d1f10ba22361229e,6986a6c5d1f10ba22361229e,,,,
12787,raw_position_sample,2,3,adv,2,2,2,3,132, In ,867,418,491426.09999990463,6986a6c5d1f10ba22361229e,6986a6c5d1f10ba22361229e,advanced,2,6986a6c5d1f10ba22361229e,6986a6c5d1f10ba22361229e,spotlight_PROLIFIC,,39,Brazil,Portuguese,"English, Spanish",Spanish,Portuguese:50|English:50|Spanish:0,100,Portuguese:30|English:70|Spanish:0,100,Portuguese:50|English:50|Spanish:0,100,18,4,Bachelor's,10,10,10,10,10,10,6,11,0,10,CEFR,C2,,,,,23,25,C1,intermediate|advanced,advanced|intermediate,cambridge_22_25_intermediate_advanced,4,18,random,,,,,,,,425.556640625,861.923828125,446.806640625,880.9375,9,12,,,,,,2026-08-09T14:42:39.026Z,8T7CGK8F,2026-08-09,2026-08-09,11:42:39,2026-08-09 11:42:39,,,,,,,,6986a6c5d1f10ba22361229e,6986a6c5d1f10ba22361229e,,,,
12798,hover_association,2,3,adv,2,2,2,3,132, In ,880,420,,6986a6c5d1f10ba22361229e,6986a6c5d1f10ba22361229e,advanced,2,6986a6c5d1f10ba22361229e,6986a6c5d1f10ba22361229e,spotlight_PROLIFIC,,39,Brazil,Portuguese,"English, Spanish",Spanish,Portuguese:50|English:50|Spanish:0,100,Portuguese:30|English:70|Spanish:0,100,Portuguese:50|English:50|Spanish:0,100,18,4,Bachelor's,10,10,10,10,10,10,6,11,0,10,CEFR,C2,,,,,23,25,C1,intermediate|advanced,advanced|intermediate,cambridge_22_25_intermediate_advanced,4,18,random,,hover,33,33,0.266974833076528,0.045458984375,159,416.181640625,861.923828125,456.181640625,880.9375,9,12,,,,,,2026-08-09T14:42:39.026Z,8T7CGK8F,2026-08-09,2026-08-09,11:42:39,2026-08-09 11:42:39,,,,,,,,6986a6c5d1f10ba22361229e,6986a6c5d1f10ba22361229e,,,,
12837,raw_position_sample,2,3,adv,2,2,2,3,117, random.” ,842,414,491476,6986a6c5d1f10ba22361229e,6986a6c5d1f10ba22361229e,advanced,2,6986a6c5d1f10ba22361229e,6986a6c5d1f10ba22361229e,spotlight_PROLIFIC,,39,Brazil,Portuguese,"English, Spanish",Spanish,Portuguese:50|English:50|Spanish:0,100,Portuguese:30|English:70|Spanish:0,100,Portuguese:50|English:50|Spanish:0,100,18,4,Bachelor's,10,10,10,10,10,10,6,11,0,10,CEFR,C2,,,,,23,25,C1,intermediate|advanced,advanced|intermediate,cambridge_22_25_intermediate_advanced,4,18,random,,,,,,,,385.556640625,836.806640625,406.806640625,909.4921875,8,12,,,,,,2026-08-09T14:42:39.026Z,8T7CGK8F,2026-08-09,2026-08-09,11:42:39,2026-08-09 11:42:39,,,,,,,,6986a6c5d1f10ba22361229e,6986a6c5d1f10ba22361229e,,,,
12849,hover_association,2,3,adv,2,2,2,3,117, random.” ,858,416,,6986a6c5d1f10ba22361229e,6986a6c5d1f10ba22361229e,advanced,2,6986a6c5d1f10ba22361229e,6986a6c5d1f10ba22361229e,spotlight_PROLIFIC,,39,Brazil,Portuguese,"English, Spanish",Spanish,Portuguese:50|English:50|Spanish:0,100,Portuguese:30|English:70|Spanish:0,100,Portuguese:50|English:50|Spanish:0,100,18,4,Bachelor's,10,10,10,10,10,10,6,11,0,10,CEFR,C2,,,,,23,25,C1,intermediate|advanced,advanced|intermediate,cambridge_22_25_intermediate_advanced,4,18,random,,hover,51.40000009536743,51.40000009536743,0.0714496842670966,0.945458984375,159,376.181640625,836.806640625,416.181640625,909.4921875,8,12,,,,,,2026-08-09T14:42:39.026Z,8T7CGK8F,2026-08-09,2026-08-09,11:42:39,2026-08-09 11:42:39,,,,,,,,6986a6c5d1f10ba22361229e,6986a6c5d1f10ba22361229e,,,,
12887,raw_position_sample,2,3,adv,2,2,2,3,116, than ,806,410,491526.09999990463,6986a6c5d1f10ba22361229e,6986a6c5d1f10ba22361229e,advanced,2,6986a6c5d1f10ba22361229e,6986a6c5d1f10ba22361229e,spotlight_PROLIFIC,,39,Brazil,Portuguese,"English, Spanish",Spanish,Portuguese:50|English:50|Spanish:0,100,Portuguese:30|English:70|Spanish:0,100,Portuguese:50|English:50|Spanish:0,100,18,4,Bachelor's,10,10,10,10,10,10,6,11,0,10,CEFR,C2,,,,,23,25,C1,intermediate|advanced,advanced|intermediate,cambridge_22_25_intermediate_advanced,4,18,random,,,,,,,,385.556640625,797.470703125,406.806640625,836.806640625,8,11,,,,,,2026-08-09T14:42:39.026Z,8T7CGK8F,2026-08-09,2026-08-09,11:42:39,2026-08-09 11:42:39,,,,,,,,6986a6c5d1f10ba22361229e,6986a6c5d1f10ba22361229e,,,,
12898,hover_association,2,3,adv,2,2,2,3,116, than ,834,412,,6986a6c5d1f10ba22361229e,6986a6c5d1f10ba22361229e,advanced,2,6986a6c5d1f10ba22361229e,6986a6c5d1f10ba22361229e,spotlight_PROLIFIC,,39,Brazil,Portuguese,"English, Spanish",Spanish,Portuguese:50|English:50|Spanish:0,100,Portuguese:30|English:70|Spanish:0,100,Portuguese:50|English:50|Spanish:0,100,18,4,Bachelor's,10,10,10,10,10,10,6,11,0,10,CEFR,C2,,,,,23,25,C1,intermediate|advanced,advanced|intermediate,cambridge_22_25_intermediate_advanced,4,18,random,,hover,48.799999952316284,48.799999952316284,0.21683217477656405,0.845458984375,159,376.181640625,797.470703125,416.181640625,836.806640625,8,11,,,,,,2026-08-09T14:42:39.026Z,8T7CGK8F,2026-08-09,2026-08-09,11:42:39,2026-08-09 11:42:39,,,,,,,,6986a6c5d1f10ba22361229e,6986a6c5d1f10ba22361229e,,,,
12937,raw_position_sample,2,3,adv,2,2,2,3,115, better ,762,410,491575.89999985695,6986a6c5d1f10ba22361229e,6986a6c5d1f10ba22361229e,advanced,2,6986a6c5d1f10ba22361229e,6986a6c5d1f10ba22361229e,spotlight_PROLIFIC,,39,Brazil,Portuguese,"English, Spanish",Spanish,Portuguese:50|English:50|Spanish:0,100,Portuguese:30|English:70|Spanish:0,100,Portuguese:50|English:50|Spanish:0,100,18,4,Bachelor's,10,10,10,10,10,10,6,11,0,10,CEFR,C2,,,,,23,25,C1,intermediate|advanced,advanced|intermediate,cambridge_22_25_intermediate_advanced,4,18,random,,,,,,,,385.556640625,744.384765625,406.806640625,797.470703125,8,10,,,,,,2026-08-09T14:42:39.026Z,8T7CGK8F,2026-08-09,2026-08-09,11:42:39,2026-08-09 11:42:39,,,,,,,,6986a6c5d1f10ba22361229e,6986a6c5d1f10ba22361229e,,,,
12951,hover_association,2,3,adv,2,2,2,3,115, better ,794,410,,6986a6c5d1f10ba22361229e,6986a6c5d1f10ba22361229e,advanced,2,6986a6c5d1f10ba22361229e,6986a6c5d1f10ba22361229e,spotlight_PROLIFIC,,39,Brazil,Portuguese,"English, Spanish",Spanish,Portuguese:50|English:50|Spanish:0,100,Portuguese:30|English:70|Spanish:0,100,Portuguese:50|English:50|Spanish:0,100,18,4,Bachelor's,10,10,10,10,10,10,6,11,0,10,CEFR,C2,,,,,23,25,C1,intermediate|advanced,advanced|intermediate,cambridge_22_25_intermediate_advanced,4,18,random,,hover,52.799999952316284,52.799999952316284,0.33182487122884474,0.845458984375,159,376.181640625,744.384765625,416.181640625,797.470703125,8,10,,,,,,2026-08-09T14:42:39.026Z,8T7CGK8F,2026-08-09,2026-08-09,11:42:39,2026-08-09 11:42:39,,,,,,,,6986a6c5d1f10ba22361229e,6986a6c5d1f10ba22361229e,,,,
12987,raw_position_sample,2,3,adv,2,2,2,3,114, slightly ,705,410,491626,6986a6c5d1f10ba22361229e,6986a6c5d1f10ba22361229e,advanced,2,6986a6c5d1f10ba22361229e,6986a6c5d1f10ba22361229e,spotlight_PROLIFIC,,39,Brazil,Portuguese,"English, Spanish",Spanish,Portuguese:50|English:50|Spanish:0,100,Portuguese:30|English:70|Spanish:0,100,Portuguese:50|English:50|Spanish:0,100,18,4,Bachelor's,10,10,10,10,10,10,6,11,0,10,CEFR,C2,,,,,23,25,C1,intermediate|advanced,advanced|intermediate,cambridge_22_25_intermediate_advanced,4,18,random,,,,,,,,385.556640625,684.130859375,406.806640625,744.384765625,8,9,,,,,,2026-08-09T14:42:39.026Z,8T7CGK8F,2026-08-09,2026-08-09,11:42:39,2026-08-09 11:42:39,,,,,,,,6986a6c5d1f10ba22361229e,6986a6c5d1f10ba22361229e,,,,
13017,hover_association,2,3,adv,2,2,2,3,114, slightly ,740,410,,6986a6c5d1f10ba22361229e,6986a6c5d1f10ba22361229e,advanced,2,6986a6c5d1f10ba22361229e,6986a6c5d1f10ba22361229e,spotlight_PROLIFIC,,39,Brazil,Portuguese,"English, Spanish",Spanish,Portuguese:50|English:50|Spanish:0,100,Portuguese:30|English:70|Spanish:0,100,Portuguese:50|English:50|Spanish:0,100,18,4,Bachelor's,10,10,10,10,10,10,6,11,0,10,CEFR,C2,,,,,23,25,C1,intermediate|advanced,advanced|intermediate,cambridge_22_25_intermediate_advanced,4,18,random,,hover,66.60000014305115,66.60000014305115,0.1140032414910859,0.845458984375,159,376.181640625,684.130859375,416.181640625,744.384765625,8,9,,,,,,2026-08-09T14:42:39.026Z,8T7CGK8F,2026-08-09,2026-08-09,11:42:39,2026-08-09 11:42:39,,,,,,,,6986a6c5d1f10ba22361229e,6986a6c5d1f10ba22361229e,,,,
13037,raw_position_sample,2,3,adv,2,2,2,3,113, only ,661,413,491676,6986a6c5d1f10ba22361229e,6986a6c5d1f10ba22361229e,advanced,2,6986a6c5d1f10ba22361229e,6986a6c5d1f10ba22361229e,spotlight_PROLIFIC,,39,Brazil,Portuguese,"English, Spanish",Spanish,Portuguese:50|English:50|Spanish:0,100,Portuguese:30|English:70|Spanish:0,100,Portuguese:50|English:50|Spanish:0,100,18,4,Bachelor's,10,10,10,10,10,10,6,11,0,10,CEFR,C2,,,,,23,25,C1,intermediate|advanced,advanced|intermediate,cambridge_22_25_intermediate_advanced,4,18,random,,,,,,,,385.556640625,646.81640625,406.806640625,684.130859375,8,8,,,,,,2026-08-09T14:42:39.026Z,8T7CGK8F,2026-08-09,2026-08-09,11:42:39,2026-08-09 11:42:39,,,,,,,,6986a6c5d1f10ba22361229e,6986a6c5d1f10ba22361229e,,,,
13051,hover_association,2,3,adv,2,2,2,3,113, only ,670,412,,6986a6c5d1f10ba22361229e,6986a6c5d1f10ba22361229e,advanced,2,6986a6c5d1f10ba22361229e,6986a6c5d1f10ba22361229e,spotlight_PROLIFIC,,39,Brazil,Portuguese,"English, Spanish",Spanish,Portuguese:50|English:50|Spanish:0,100,Portuguese:30|English:70|Spanish:0,100,Portuguese:50|English:50|Spanish:0,100,18,4,Bachelor's,10,10,10,10,10,10,6,11,0,10,CEFR,C2,,,,,23,25,C1,intermediate|advanced,advanced|intermediate,cambridge_22_25_intermediate_advanced,4,18,random,,hover,33.299999952316284,33.299999952316284,0.3801099188694059,0.920458984375,159,376.181640625,646.81640625,416.181640625,684.130859375,8,8,,,,,,2026-08-09T14:42:39.026Z,8T7CGK8F,2026-08-09,2026-08-09,11:42:39,2026-08-09 11:42:39,,,,,,,,6986a6c5d1f10ba22361229e,6986a6c5d1f10ba22361229e,,,,
13067,hover_association,2,3,adv,2,2,2,3,112, lies ,642,416,,6986a6c5d1f10ba22361229e,6986a6c5d1f10ba22361229e,advanced,2,6986a6c5d1f10ba22361229e,6986a6c5d1f10ba22361229e,spotlight_PROLIFIC,,39,Brazil,Portuguese,"English, Spanish",Spanish,Portuguese:50|English:50|Spanish:0,100,Portuguese:30|English:70|Spanish:0,100,Portuguese:50|English:50|Spanish:0,100,18,4,Bachelor's,10,10,10,10,10,10,6,11,0,10,CEFR,C2,,,,,23,25,C1,intermediate|advanced,advanced|intermediate,cambridge_22_25_intermediate_advanced,4,18,random,,hover,16.700000047683716,16.700000047683716,0.8391389432485323,0.995458984375,159,376.181640625,616.875,416.181640625,646.81640625,8,7,,,,,,2026-08-09T14:42:39.026Z,8T7CGK8F,2026-08-09,2026-08-09,11:42:39,2026-08-09 11:42:39,,,,,,,,6986a6c5d1f10ba22361229e,6986a6c5d1f10ba22361229e,,,,
13087,raw_position_sample,2,3,adv,2,2,2,3,126, a ,621,420,491726,6986a6c5d1f10ba22361229e,6986a6c5d1f10ba22361229e,advanced,2,6986a6c5d1f10ba22361229e,6986a6c5d1f10ba22361229e,spotlight_PROLIFIC,,39,Brazil,Portuguese,"English, Spanish",Spanish,Portuguese:50|English:50|Spanish:0,100,Portuguese:30|English:70|Spanish:0,100,Portuguese:50|English:50|Spanish:0,100,18,4,Bachelor's,10,10,10,10,10,10,6,11,0,10,CEFR,C2,,,,,23,25,C1,intermediate|advanced,advanced|intermediate,cambridge_22_25_intermediate_advanced,4,18,random,,,,,,,,425.556640625,620.15625,446.806640625,632.763671875,9,6,,,,,,2026-08-09T14:42:39.026Z,8T7CGK8F,2026-08-09,2026-08-09,11:42:39,2026-08-09 11:42:39,,,,,,,,6986a6c5d1f10ba22361229e,6986a6c5d1f10ba22361229e,,,,
13101,hover_association,2,3,adv,2,2,2,3,126, a ,630,418,,6986a6c5d1f10ba22361229e,6986a6c5d1f10ba22361229e,advanced,2,6986a6c5d1f10ba22361229e,6986a6c5d1f10ba22361229e,spotlight_PROLIFIC,,39,Brazil,Portuguese,"English, Spanish",Spanish,Portuguese:50|English:50|Spanish:0,100,Portuguese:30|English:70|Spanish:0,100,Portuguese:50|English:50|Spanish:0,100,18,4,Bachelor's,10,10,10,10,10,10,6,11,0,10,CEFR,C2,,,,,23,25,C1,intermediate|advanced,advanced|intermediate,cambridge_22_25_intermediate_advanced,4,18,random,,hover,33.299999952316284,33.299999952316284,0.06692486444616576,0.095458984375,159,416.181640625,620.15625,456.181640625,632.763671875,9,6,,,,,,2026-08-09T14:42:39.026Z,8T7CGK8F,2026-08-09,2026-08-09,11:42:39,2026-08-09 11:42:39,,,,,,,,6986a6c5d1f10ba22361229e,6986a6c5d1f10ba22361229e,,,,
13137,raw_position_sample,2,3,adv,2,2,2,3,125, achieved ,606,427,491775.89999985695,6986a6c5d1f10ba22361229e,6986a6c5d1f10ba22361229e,advanced,2,6986a6c5d1f10ba22361229e,6986a6c5d1f10ba22361229e,spotlight_PROLIFIC,,39,Brazil,Portuguese,"English, Spanish",Spanish,Portuguese:50|English:50|Spanish:0,100,Portuguese:30|English:70|Spanish:0,100,Portuguese:50|English:50|Spanish:0,100,18,4,Bachelor's,10,10,10,10,10,10,6,11,0,10,CEFR,C2,,,,,23,25,C1,intermediate|advanced,advanced|intermediate,cambridge_22_25_intermediate_advanced,4,18,random,,,,,,,,425.556640625,546.85546875,446.806640625,620.15625,9,5,,,,,,2026-08-09T14:42:39.026Z,8T7CGK8F,2026-08-09,2026-08-09,11:42:39,2026-08-09 11:42:39,,,,,,,,6986a6c5d1f10ba22361229e,6986a6c5d1f10ba22361229e,,,,
13186,raw_position_sample,2,3,adv,2,2,2,3,125, achieved ,604,429,491825.39999985695,6986a6c5d1f10ba22361229e,6986a6c5d1f10ba22361229e,advanced,2,6986a6c5d1f10ba22361229e,6986a6c5d1f10ba22361229e,spotlight_PROLIFIC,,39,Brazil,Portuguese,"English, Spanish",Spanish,Portuguese:50|English:50|Spanish:0,100,Portuguese:30|English:70|Spanish:0,100,Portuguese:50|English:50|Spanish:0,100,18,4,Bachelor's,10,10,10,10,10,10,6,11,0,10,CEFR,C2,,,,,23,25,C1,intermediate|advanced,advanced|intermediate,cambridge_22_25_intermediate_advanced,4,18,random,,,,,,,,425.556640625,546.85546875,446.806640625,620.15625,9,5,,,,,,2026-08-09T14:42:39.026Z,8T7CGK8F,2026-08-09,2026-08-09,11:42:39,2026-08-09 11:42:39,,,,,,,,6986a6c5d1f10ba22361229e,6986a6c5d1f10ba22361229e,,,,
13236,raw_position_sample,2,3,adv,2,2,2,3,125, achieved ,604,430,491875.2999999523,6986a6c5d1f10ba22361229e,6986a6c5d1f10ba22361229e,advanced,2,6986a6c5d1f10ba22361229e,6986a6c5d1f10ba22361229e,spotlight_PROLIFIC,,39,Brazil,Portuguese,"English, Spanish",Spanish,Portuguese:50|English:50|Spanish:0,100,Portuguese:30|English:70|Spanish:0,100,Portuguese:50|English:50|Spanish:0,100,18,4,Bachelor's,10,10,10,10,10,10,6,11,0,10,CEFR,C2,,,,,23,25,C1,intermediate|advanced,advanced|intermediate,cambridge_22_25_intermediate_advanced,4,18,random,,,,,,,,425.556640625,546.85546875,446.806640625,620.15625,9,5,,,,,,2026-08-09T14:42:39.026Z,8T7CGK8F,2026-08-09,2026-08-09,11:42:39,2026-08-09 11:42:39,,,,,,,,6986a6c5d1f10ba22361229e,6986a6c5d1f10ba22361229e,,,,
13287,raw_position_sample,2,3,adv,2,2,2,3,125, achieved ,619,431,491925.89999985695,6986a6c5d1f10ba22361229e,6986a6c5d1f10ba22361229e,advanced,2,6986a6c5d1f10ba22361229e,6986a6c5d1f10ba22361229e,spotlight_PROLIFIC,,39,Brazil,Portuguese,"English, Spanish",Spanish,Portuguese:50|English:50|Spanish:0,100,Portuguese:30|English:70|Spanish:0,100,Portuguese:50|English:50|Spanish:0,100,18,4,Bachelor's,10,10,10,10,10,10,6,11,0,10,CEFR,C2,,,,,23,25,C1,intermediate|advanced,advanced|intermediate,cambridge_22_25_intermediate_advanced,4,18,random,,,,,,,,425.556640625,546.85546875,446.806640625,620.15625,9,5,,,,,,2026-08-09T14:42:39.026Z,8T7CGK8F,2026-08-09,2026-08-09,11:42:39,2026-08-09 11:42:39,,,,,,,,6986a6c5d1f10ba22361229e,6986a6c5d1f10ba22361229e,,,,
13301,hover_association,2,3,adv,2,2,2,3,125, achieved ,613,424,,6986a6c5d1f10ba22361229e,6986a6c5d1f10ba22361229e,advanced,2,6986a6c5d1f10ba22361229e,6986a6c5d1f10ba22361229e,spotlight_PROLIFIC,,39,Brazil,Portuguese,"English, Spanish",Spanish,Portuguese:50|English:50|Spanish:0,100,Portuguese:30|English:70|Spanish:0,100,Portuguese:50|English:50|Spanish:0,100,18,4,Bachelor's,10,10,10,10,10,10,6,11,0,10,CEFR,C2,,,,,23,25,C1,intermediate|advanced,advanced|intermediate,cambridge_22_25_intermediate_advanced,4,18,random,,hover,200.09999990463257,200.09999990463257,0.9842259525712763,0.370458984375,159,416.181640625,546.85546875,456.181640625,620.15625,9,5,,,,,,2026-08-09T14:42:39.026Z,8T7CGK8F,2026-08-09,2026-08-09,11:42:39,2026-08-09 11:42:39,,,,,,,,6986a6c5d1f10ba22361229e,6986a6c5d1f10ba22361229e,,,,
13337,raw_position_sample,2,3,adv,2,2,2,3,127, reliability ,670,435,491976.09999990463,6986a6c5d1f10ba22361229e,6986a6c5d1f10ba22361229e,advanced,2,6986a6c5d1f10ba22361229e,6986a6c5d1f10ba22361229e,spotlight_PROLIFIC,,39,Brazil,Portuguese,"English, Spanish",Spanish,Portuguese:50|English:50|Spanish:0,100,Portuguese:30|English:70|Spanish:0,100,Portuguese:50|English:50|Spanish:0,100,18,4,Bachelor's,10,10,10,10,10,10,6,11,0,10,CEFR,C2,,,,,23,25,C1,intermediate|advanced,advanced|intermediate,cambridge_22_25_intermediate_advanced,4,18,random,,,,,,,,425.556640625,632.763671875,446.806640625,711.083984375,9,7,,,,,,2026-08-09T14:42:39.026Z,8T7CGK8F,2026-08-09,2026-08-09,11:42:39,2026-08-09 11:42:39,,,,,,,,6986a6c5d1f10ba22361229e,6986a6c5d1f10ba22361229e,,,,
13387,raw_position_sample,2,3,adv,2,2,2,3,127, reliability ,711,440,492026.2000000477,6986a6c5d1f10ba22361229e,6986a6c5d1f10ba22361229e,advanced,2,6986a6c5d1f10ba22361229e,6986a6c5d1f10ba22361229e,spotlight_PROLIFIC,,39,Brazil,Portuguese,"English, Spanish",Spanish,Portuguese:50|English:50|Spanish:0,100,Portuguese:30|English:70|Spanish:0,100,Portuguese:50|English:50|Spanish:0,100,18,4,Bachelor's,10,10,10,10,10,10,6,11,0,10,CEFR,C2,,,,,23,25,C1,intermediate|advanced,advanced|intermediate,cambridge_22_25_intermediate_advanced,4,18,random,,,,,,,,425.556640625,632.763671875,446.806640625,711.083984375,9,7,,,,,,2026-08-09T14:42:39.026Z,8T7CGK8F,2026-08-09,2026-08-09,11:42:39,2026-08-09 11:42:39,,,,,,,,6986a6c5d1f10ba22361229e,6986a6c5d1f10ba22361229e,,,,
13401,hover_association,2,3,adv,2,2,2,3,127, reliability ,634,432,,6986a6c5d1f10ba22361229e,6986a6c5d1f10ba22361229e,advanced,2,6986a6c5d1f10ba22361229e,6986a6c5d1f10ba22361229e,spotlight_PROLIFIC,,39,Brazil,Portuguese,"English, Spanish",Spanish,Portuguese:50|English:50|Spanish:0,100,Portuguese:30|English:70|Spanish:0,100,Portuguese:50|English:50|Spanish:0,100,18,4,Bachelor's,10,10,10,10,10,10,6,11,0,10,CEFR,C2,,,,,23,25,C1,intermediate|advanced,advanced|intermediate,cambridge_22_25_intermediate_advanced,4,18,random,,hover,99.90000009536743,99.90000009536743,0.998927680798005,0.595458984375,159,416.181640625,632.763671875,456.181640625,711.083984375,9,7,,,,,,2026-08-09T14:42:39.026Z,8T7CGK8F,2026-08-09,2026-08-09,11:42:39,2026-08-09 11:42:39,,,,,,,,6986a6c5d1f10ba22361229e,6986a6c5d1f10ba22361229e,,,,
13437,raw_position_sample,2,3,adv,2,2,2,3,128, rating ,735,441,492076,6986a6c5d1f10ba22361229e,6986a6c5d1f10ba22361229e,advanced,2,6986a6c5d1f10ba22361229e,6986a6c5d1f10ba22361229e,spotlight_PROLIFIC,,39,Brazil,Portuguese,"English, Spanish",Spanish,Portuguese:50|English:50|Spanish:0,100,Portuguese:30|English:70|Spanish:0,100,Portuguese:50|English:50|Spanish:0,100,18,4,Bachelor's,10,10,10,10,10,10,6,11,0,10,CEFR,C2,,,,,23,25,C1,intermediate|advanced,advanced|intermediate,cambridge_22_25_intermediate_advanced,4,18,random,,,,,,,,425.556640625,711.083984375,446.806640625,761.1328125,9,8,,,,,,2026-08-09T14:42:39.026Z,8T7CGK8F,2026-08-09,2026-08-09,11:42:39,2026-08-09 11:42:39,,,,,,,,6986a6c5d1f10ba22361229e,6986a6c5d1f10ba22361229e,,,,
13487,raw_position_sample,2,3,adv,2,2,2,3,128, rating ,756,442,492125.7999999523,6986a6c5d1f10ba22361229e,6986a6c5d1f10ba22361229e,advanced,2,6986a6c5d1f10ba22361229e,6986a6c5d1f10ba22361229e,spotlight_PROLIFIC,,39,Brazil,Portuguese,"English, Spanish",Spanish,Portuguese:50|English:50|Spanish:0,100,Portuguese:30|English:70|Spanish:0,100,Portuguese:50|English:50|Spanish:0,100,18,4,Bachelor's,10,10,10,10,10,10,6,11,0,10,CEFR,C2,,,,,23,25,C1,intermediate|advanced,advanced|intermediate,cambridge_22_25_intermediate_advanced,4,18,random,,,,,,,,425.556640625,711.083984375,446.806640625,761.1328125,9,8,,,,,,2026-08-09T14:42:39.026Z,8T7CGK8F,2026-08-09,2026-08-09,11:42:39,2026-08-09 11:42:39,,,,,,,,6986a6c5d1f10ba22361229e,6986a6c5d1f10ba22361229e,,,,
13517,hover_association,2,3,adv,2,2,2,3,128, rating ,719,441,,6986a6c5d1f10ba22361229e,6986a6c5d1f10ba22361229e,advanced,2,6986a6c5d1f10ba22361229e,6986a6c5d1f10ba22361229e,spotlight_PROLIFIC,,39,Brazil,Portuguese,"English, Spanish",Spanish,Portuguese:50|English:50|Spanish:0,100,Portuguese:30|English:70|Spanish:0,100,Portuguese:50|English:50|Spanish:0,100,18,4,Bachelor's,10,10,10,10,10,10,6,11,0,10,CEFR,C2,,,,,23,25,C1,intermediate|advanced,advanced|intermediate,cambridge_22_25_intermediate_advanced,4,18,random,,hover,116.70000004768372,116.70000004768372,0.9773658536585366,0.645458984375,159,416.181640625,711.083984375,456.181640625,761.1328125,9,8,,,,,,2026-08-09T14:42:39.026Z,8T7CGK8F,2026-08-09,2026-08-09,11:42:39,2026-08-09 11:42:39,,,,,,,,6986a6c5d1f10ba22361229e,6986a6c5d1f10ba22361229e,,,,
13537,raw_position_sample,2,3,adv,2,2,2,3,129, of ,769,442,492176,6986a6c5d1f10ba22361229e,6986a6c5d1f10ba22361229e,advanced,2,6986a6c5d1f10ba22361229e,6986a6c5d1f10ba22361229e,spotlight_PROLIFIC,,39,Brazil,Portuguese,"English, Spanish",Spanish,Portuguese:50|English:50|Spanish:0,100,Portuguese:30|English:70|Spanish:0,100,Portuguese:50|English:50|Spanish:0,100,18,4,Bachelor's,10,10,10,10,10,10,6,11,0,10,CEFR,C2,,,,,23,25,C1,intermediate|advanced,advanced|intermediate,cambridge_22_25_intermediate_advanced,4,18,random,,,,,,,,425.556640625,761.1328125,446.806640625,780.68359375,9,9,,,,,,2026-08-09T14:42:39.026Z,8T7CGK8F,2026-08-09,2026-08-09,11:42:39,2026-08-09 11:42:39,,,,,,,,6986a6c5d1f10ba22361229e,6986a6c5d1f10ba22361229e,,,,
13587,raw_position_sample,2,3,adv,2,2,2,3,129, of ,773,442,492226,6986a6c5d1f10ba22361229e,6986a6c5d1f10ba22361229e,advanced,2,6986a6c5d1f10ba22361229e,6986a6c5d1f10ba22361229e,spotlight_PROLIFIC,,39,Brazil,Portuguese,"English, Spanish",Spanish,Portuguese:50|English:50|Spanish:0,100,Portuguese:30|English:70|Spanish:0,100,Portuguese:50|English:50|Spanish:0,100,18,4,Bachelor's,10,10,10,10,10,10,6,11,0,10,CEFR,C2,,,,,23,25,C1,intermediate|advanced,advanced|intermediate,cambridge_22_25_intermediate_advanced,4,18,random,,,,,,,,425.556640625,761.1328125,446.806640625,780.68359375,9,9,,,,,,2026-08-09T14:42:39.026Z,8T7CGK8F,2026-08-09,2026-08-09,11:42:39,2026-08-09 11:42:39,,,,,,,,6986a6c5d1f10ba22361229e,6986a6c5d1f10ba22361229e,,,,
13637,raw_position_sample,2,3,adv,2,2,2,3,129, of ,771,442,492275.89999985695,6986a6c5d1f10ba22361229e,6986a6c5d1f10ba22361229e,advanced,2,6986a6c5d1f10ba22361229e,6986a6c5d1f10ba22361229e,spotlight_PROLIFIC,,39,Brazil,Portuguese,"English, Spanish",Spanish,Portuguese:50|English:50|Spanish:0,100,Portuguese:30|English:70|Spanish:0,100,Portuguese:50|English:50|Spanish:0,100,18,4,Bachelor's,10,10,10,10,10,10,6,11,0,10,CEFR,C2,,,,,23,25,C1,intermediate|advanced,advanced|intermediate,cambridge_22_25_intermediate_advanced,4,18,random,,,,,,,,425.556640625,761.1328125,446.806640625,780.68359375,9,9,,,,,,2026-08-09T14:42:39.026Z,8T7CGK8F,2026-08-09,2026-08-09,11:42:39,2026-08-09 11:42:39,,,,,,,,6986a6c5d1f10ba22361229e,6986a6c5d1f10ba22361229e,,,,
13684,hover_association,2,3,adv,2,2,2,3,129, of ,765,442,,6986a6c5d1f10ba22361229e,6986a6c5d1f10ba22361229e,advanced,2,6986a6c5d1f10ba22361229e,6986a6c5d1f10ba22361229e,spotlight_PROLIFIC,,39,Brazil,Portuguese,"English, Spanish",Spanish,Portuguese:50|English:50|Spanish:0,100,Portuguese:30|English:70|Spanish:0,100,Portuguese:50|English:50|Spanish:0,100,18,4,Bachelor's,10,10,10,10,10,10,6,11,0,10,CEFR,C2,,,,,23,25,C1,intermediate|advanced,advanced|intermediate,cambridge_22_25_intermediate_advanced,4,18,random,,hover,166.70000004768372,166.70000004768372,0.044355644355644354,0.645458984375,159,416.181640625,761.1328125,456.181640625,780.68359375,9,9,,,,,,2026-08-09T14:42:39.026Z,8T7CGK8F,2026-08-09,2026-08-09,11:42:39,2026-08-09 11:42:39,,,,,,,,6986a6c5d1f10ba22361229e,6986a6c5d1f10ba22361229e,,,,
13687,raw_position_sample,2,3,adv,2,2,2,3,128, rating ,755,442,492326,6986a6c5d1f10ba22361229e,6986a6c5d1f10ba22361229e,advanced,2,6986a6c5d1f10ba22361229e,6986a6c5d1f10ba22361229e,spotlight_PROLIFIC,,39,Brazil,Portuguese,"English, Spanish",Spanish,Portuguese:50|English:50|Spanish:0,100,Portuguese:30|English:70|Spanish:0,100,Portuguese:50|English:50|Spanish:0,100,18,4,Bachelor's,10,10,10,10,10,10,6,11,0,10,CEFR,C2,,,,,23,25,C1,intermediate|advanced,advanced|intermediate,cambridge_22_25_intermediate_advanced,4,18,random,,,,,,,,425.556640625,711.083984375,446.806640625,761.1328125,9,8,,,,,,2026-08-09T14:42:39.026Z,8T7CGK8F,2026-08-09,2026-08-09,11:42:39,2026-08-09 11:42:39,,,,,,,,6986a6c5d1f10ba22361229e,6986a6c5d1f10ba22361229e,,,,
13734,hover_association,2,3,adv,2,2,2,3,128, rating ,755,442,,6986a6c5d1f10ba22361229e,6986a6c5d1f10ba22361229e,advanced,2,6986a6c5d1f10ba22361229e,6986a6c5d1f10ba22361229e,spotlight_PROLIFIC,,39,Brazil,Portuguese,"English, Spanish",Spanish,Portuguese:50|English:50|Spanish:0,100,Portuguese:30|English:70|Spanish:0,100,Portuguese:50|English:50|Spanish:0,100,18,4,Bachelor's,10,10,10,10,10,10,6,11,0,10,CEFR,C2,,,,,23,25,C1,intermediate|advanced,advanced|intermediate,cambridge_22_25_intermediate_advanced,4,18,random,,hover,49.89999985694885,49.89999985694885,0.19812682926829267,0.645458984375,159,416.181640625,711.083984375,456.181640625,761.1328125,9,8,,,,,,2026-08-09T14:42:39.026Z,8T7CGK8F,2026-08-09,2026-08-09,11:42:39,2026-08-09 11:42:39,,,,,,,,6986a6c5d1f10ba22361229e,6986a6c5d1f10ba22361229e,,,,
13737,raw_position_sample,2,3,adv,2,2,2,3,127, reliability ,699,442,492375.89999985695,6986a6c5d1f10ba22361229e,6986a6c5d1f10ba22361229e,advanced,2,6986a6c5d1f10ba22361229e,6986a6c5d1f10ba22361229e,spotlight_PROLIFIC,,39,Brazil,Portuguese,"English, Spanish",Spanish,Portuguese:50|English:50|Spanish:0,100,Portuguese:30|English:70|Spanish:0,100,Portuguese:50|English:50|Spanish:0,100,18,4,Bachelor's,10,10,10,10,10,10,6,11,0,10,CEFR,C2,,,,,23,25,C1,intermediate|advanced,advanced|intermediate,cambridge_22_25_intermediate_advanced,4,18,random,,,,,,,,425.556640625,632.763671875,446.806640625,711.083984375,9,7,,,,,,2026-08-09T14:42:39.026Z,8T7CGK8F,2026-08-09,2026-08-09,11:42:39,2026-08-09 11:42:39,,,,,,,,6986a6c5d1f10ba22361229e,6986a6c5d1f10ba22361229e,,,,
13787,raw_position_sample,2,3,adv,2,2,2,3,127, reliability ,647,441,492426.09999990463,6986a6c5d1f10ba22361229e,6986a6c5d1f10ba22361229e,advanced,2,6986a6c5d1f10ba22361229e,6986a6c5d1f10ba22361229e,spotlight_PROLIFIC,,39,Brazil,Portuguese,"English, Spanish",Spanish,Portuguese:50|English:50|Spanish:0,100,Portuguese:30|English:70|Spanish:0,100,Portuguese:50|English:50|Spanish:0,100,18,4,Bachelor's,10,10,10,10,10,10,6,11,0,10,CEFR,C2,,,,,23,25,C1,intermediate|advanced,advanced|intermediate,cambridge_22_25_intermediate_advanced,4,18,random,,,,,,,,425.556640625,632.763671875,446.806640625,711.083984375,9,7,,,,,,2026-08-09T14:42:39.026Z,8T7CGK8F,2026-08-09,2026-08-09,11:42:39,2026-08-09 11:42:39,,,,,,,,6986a6c5d1f10ba22361229e,6986a6c5d1f10ba22361229e,,,,
13801,hover_association,2,3,adv,2,2,2,3,127, reliability ,699,442,,6986a6c5d1f10ba22361229e,6986a6c5d1f10ba22361229e,advanced,2,6986a6c5d1f10ba22361229e,6986a6c5d1f10ba22361229e,spotlight_PROLIFIC,,39,Brazil,Portuguese,"English, Spanish",Spanish,Portuguese:50|English:50|Spanish:0,100,Portuguese:30|English:70|Spanish:0,100,Portuguese:50|English:50|Spanish:0,100,18,4,Bachelor's,10,10,10,10,10,10,6,11,0,10,CEFR,C2,,,,,23,25,C1,intermediate|advanced,advanced|intermediate,cambridge_22_25_intermediate_advanced,4,18,random,,hover,66.70000004768372,66.70000004768372,0.18177057356608478,0.620458984375,159,416.181640625,632.763671875,456.181640625,711.083984375,9,7,,,,,,2026-08-09T14:42:39.026Z,8T7CGK8F,2026-08-09,2026-08-09,11:42:39,2026-08-09 11:42:39,,,,,,,,6986a6c5d1f10ba22361229e,6986a6c5d1f10ba22361229e,,,,
13834,hover_association,2,3,adv,2,2,2,3,126, a ,632,441,,6986a6c5d1f10ba22361229e,6986a6c5d1f10ba22361229e,advanced,2,6986a6c5d1f10ba22361229e,6986a6c5d1f10ba22361229e,spotlight_PROLIFIC,,39,Brazil,Portuguese,"English, Spanish",Spanish,Portuguese:50|English:50|Spanish:0,100,Portuguese:30|English:70|Spanish:0,100,Portuguese:50|English:50|Spanish:0,100,18,4,Bachelor's,10,10,10,10,10,10,6,11,0,10,CEFR,C2,,,,,23,25,C1,intermediate|advanced,advanced|intermediate,cambridge_22_25_intermediate_advanced,4,18,random,,hover,33.40000009536743,33.40000009536743,0.06692486444616576,0.620458984375,159,416.181640625,620.15625,456.181640625,632.763671875,9,6,,,,,,2026-08-09T14:42:39.026Z,8T7CGK8F,2026-08-09,2026-08-09,11:42:39,2026-08-09 11:42:39,,,,,,,,6986a6c5d1f10ba22361229e,6986a6c5d1f10ba22361229e,,,,
13837,raw_position_sample,2,3,adv,2,2,2,3,125, achieved ,607,441,492476.2999999523,6986a6c5d1f10ba22361229e,6986a6c5d1f10ba22361229e,advanced,2,6986a6c5d1f10ba22361229e,6986a6c5d1f10ba22361229e,spotlight_PROLIFIC,,39,Brazil,Portuguese,"English, Spanish",Spanish,Portuguese:50|English:50|Spanish:0,100,Portuguese:30|English:70|Spanish:0,100,Portuguese:50|English:50|Spanish:0,100,18,4,Bachelor's,10,10,10,10,10,10,6,11,0,10,CEFR,C2,,,,,23,25,C1,intermediate|advanced,advanced|intermediate,cambridge_22_25_intermediate_advanced,4,18,random,,,,,,,,425.556640625,546.85546875,446.806640625,620.15625,9,5,,,,,,2026-08-09T14:42:39.026Z,8T7CGK8F,2026-08-09,2026-08-09,11:42:39,2026-08-09 11:42:39,,,,,,,,6986a6c5d1f10ba22361229e,6986a6c5d1f10ba22361229e,,,,
13887,raw_position_sample,2,3,adv,2,2,2,3,125, achieved ,563,443,492525.89999985695,6986a6c5d1f10ba22361229e,6986a6c5d1f10ba22361229e,advanced,2,6986a6c5d1f10ba22361229e,6986a6c5d1f10ba22361229e,spotlight_PROLIFIC,,39,Brazil,Portuguese,"English, Spanish",Spanish,Portuguese:50|English:50|Spanish:0,100,Portuguese:30|English:70|Spanish:0,100,Portuguese:50|English:50|Spanish:0,100,18,4,Bachelor's,10,10,10,10,10,10,6,11,0,10,CEFR,C2,,,,,23,25,C1,intermediate|advanced,advanced|intermediate,cambridge_22_25_intermediate_advanced,4,18,random,,,,,,,,425.556640625,546.85546875,446.806640625,620.15625,9,5,,,,,,2026-08-09T14:42:39.026Z,8T7CGK8F,2026-08-09,2026-08-09,11:42:39,2026-08-09 11:42:39,,,,,,,,6986a6c5d1f10ba22361229e,6986a6c5d1f10ba22361229e,,,,
13917,hover_association,2,3,adv,2,2,2,3,125, achieved ,607,441,,6986a6c5d1f10ba22361229e,6986a6c5d1f10ba22361229e,advanced,2,6986a6c5d1f10ba22361229e,6986a6c5d1f10ba22361229e,spotlight_PROLIFIC,,39,Brazil,Portuguese,"English, Spanish",Spanish,Portuguese:50|English:50|Spanish:0,100,Portuguese:30|English:70|Spanish:0,100,Portuguese:50|English:50|Spanish:0,100,18,4,Bachelor's,10,10,10,10,10,10,6,11,0,10,CEFR,C2,,,,,23,25,C1,intermediate|advanced,advanced|intermediate,cambridge_22_25_intermediate_advanced,4,18,random,,hover,83.39999985694885,83.39999985694885,0.09746869171329603,0.695458984375,159,416.181640625,546.85546875,456.181640625,620.15625,9,5,,,,,,2026-08-09T14:42:39.026Z,8T7CGK8F,2026-08-09,2026-08-09,11:42:39,2026-08-09 11:42:39,,,,,,,,6986a6c5d1f10ba22361229e,6986a6c5d1f10ba22361229e,,,,
13937,raw_position_sample,2,3,adv,2,2,2,3,124," contrast, ",538,445,492575.89999985695,6986a6c5d1f10ba22361229e,6986a6c5d1f10ba22361229e,advanced,2,6986a6c5d1f10ba22361229e,6986a6c5d1f10ba22361229e,spotlight_PROLIFIC,,39,Brazil,Portuguese,"English, Spanish",Spanish,Portuguese:50|English:50|Spanish:0,100,Portuguese:30|English:70|Spanish:0,100,Portuguese:50|English:50|Spanish:0,100,18,4,Bachelor's,10,10,10,10,10,10,6,11,0,10,CEFR,C2,,,,,23,25,C1,intermediate|advanced,advanced|intermediate,cambridge_22_25_intermediate_advanced,4,18,random,,,,,,,,425.556640625,473.857421875,446.806640625,546.85546875,9,4,,,,,,2026-08-09T14:42:39.026Z,8T7CGK8F,2026-08-09,2026-08-09,11:42:39,2026-08-09 11:42:39,,,,,,,,6986a6c5d1f10ba22361229e,6986a6c5d1f10ba22361229e,,,,
13987,raw_position_sample,2,3,adv,2,2,2,3,124," contrast, ",522,445,492626.09999990463,6986a6c5d1f10ba22361229e,6986a6c5d1f10ba22361229e,advanced,2,6986a6c5d1f10ba22361229e,6986a6c5d1f10ba22361229e,spotlight_PROLIFIC,,39,Brazil,Portuguese,"English, Spanish",Spanish,Portuguese:50|English:50|Spanish:0,100,Portuguese:30|English:70|Spanish:0,100,Portuguese:50|English:50|Spanish:0,100,18,4,Bachelor's,10,10,10,10,10,10,6,11,0,10,CEFR,C2,,,,,23,25,C1,intermediate|advanced,advanced|intermediate,cambridge_22_25_intermediate_advanced,4,18,random,,,,,,,,425.556640625,473.857421875,446.806640625,546.85546875,9,4,,,,,,2026-08-09T14:42:39.026Z,8T7CGK8F,2026-08-09,2026-08-09,11:42:39,2026-08-09 11:42:39,,,,,,,,6986a6c5d1f10ba22361229e,6986a6c5d1f10ba22361229e,,,,
14037,raw_position_sample,2,3,adv,2,2,2,3,124," contrast, ",515,445,492675.89999985695,6986a6c5d1f10ba22361229e,6986a6c5d1f10ba22361229e,advanced,2,6986a6c5d1f10ba22361229e,6986a6c5d1f10ba22361229e,spotlight_PROLIFIC,,39,Brazil,Portuguese,"English, Spanish",Spanish,Portuguese:50|English:50|Spanish:0,100,Portuguese:30|English:70|Spanish:0,100,Portuguese:50|English:50|Spanish:0,100,18,4,Bachelor's,10,10,10,10,10,10,6,11,0,10,CEFR,C2,,,,,23,25,C1,intermediate|advanced,advanced|intermediate,cambridge_22_25_intermediate_advanced,4,18,random,,,,,,,,425.556640625,473.857421875,446.806640625,546.85546875,9,4,,,,,,2026-08-09T14:42:39.026Z,8T7CGK8F,2026-08-09,2026-08-09,11:42:39,2026-08-09 11:42:39,,,,,,,,6986a6c5d1f10ba22361229e,6986a6c5d1f10ba22361229e,,,,
14087,raw_position_sample,2,3,adv,2,2,2,3,124," contrast, ",513,444,492725.7000000477,6986a6c5d1f10ba22361229e,6986a6c5d1f10ba22361229e,advanced,2,6986a6c5d1f10ba22361229e,6986a6c5d1f10ba22361229e,spotlight_PROLIFIC,,39,Brazil,Portuguese,"English, Spanish",Spanish,Portuguese:50|English:50|Spanish:0,100,Portuguese:30|English:70|Spanish:0,100,Portuguese:50|English:50|Spanish:0,100,18,4,Bachelor's,10,10,10,10,10,10,6,11,0,10,CEFR,C2,,,,,23,25,C1,intermediate|advanced,advanced|intermediate,cambridge_22_25_intermediate_advanced,4,18,random,,,,,,,,425.556640625,473.857421875,446.806640625,546.85546875,9,4,,,,,,2026-08-09T14:42:39.026Z,8T7CGK8F,2026-08-09,2026-08-09,11:42:39,2026-08-09 11:42:39,,,,,,,,6986a6c5d1f10ba22361229e,6986a6c5d1f10ba22361229e,,,,
14137,raw_position_sample,2,3,adv,2,2,2,3,124," contrast, ",510,444,492776.09999990463,6986a6c5d1f10ba22361229e,6986a6c5d1f10ba22361229e,advanced,2,6986a6c5d1f10ba22361229e,6986a6c5d1f10ba22361229e,spotlight_PROLIFIC,,39,Brazil,Portuguese,"English, Spanish",Spanish,Portuguese:50|English:50|Spanish:0,100,Portuguese:30|English:70|Spanish:0,100,Portuguese:50|English:50|Spanish:0,100,18,4,Bachelor's,10,10,10,10,10,10,6,11,0,10,CEFR,C2,,,,,23,25,C1,intermediate|advanced,advanced|intermediate,cambridge_22_25_intermediate_advanced,4,18,random,,,,,,,,425.556640625,473.857421875,446.806640625,546.85546875,9,4,,,,,,2026-08-09T14:42:39.026Z,8T7CGK8F,2026-08-09,2026-08-09,11:42:39,2026-08-09 11:42:39,,,,,,,,6986a6c5d1f10ba22361229e,6986a6c5d1f10ba22361229e,,,,
14187,raw_position_sample,2,3,adv,2,2,2,3,124," contrast, ",498,444,492825.89999985695,6986a6c5d1f10ba22361229e,6986a6c5d1f10ba22361229e,advanced,2,6986a6c5d1f10ba22361229e,6986a6c5d1f10ba22361229e,spotlight_PROLIFIC,,39,Brazil,Portuguese,"English, Spanish",Spanish,Portuguese:50|English:50|Spanish:0,100,Portuguese:30|English:70|Spanish:0,100,Portuguese:50|English:50|Spanish:0,100,18,4,Bachelor's,10,10,10,10,10,10,6,11,0,10,CEFR,C2,,,,,23,25,C1,intermediate|advanced,advanced|intermediate,cambridge_22_25_intermediate_advanced,4,18,random,,,,,,,,425.556640625,473.857421875,446.806640625,546.85546875,9,4,,,,,,2026-08-09T14:42:39.026Z,8T7CGK8F,2026-08-09,2026-08-09,11:42:39,2026-08-09 11:42:39,,,,,,,,6986a6c5d1f10ba22361229e,6986a6c5d1f10ba22361229e,,,,
14234,hover_association,2,3,adv,2,2,2,3,124," contrast, ",544,445,,6986a6c5d1f10ba22361229e,6986a6c5d1f10ba22361229e,advanced,2,6986a6c5d1f10ba22361229e,6986a6c5d1f10ba22361229e,spotlight_PROLIFIC,,39,Brazil,Portuguese,"English, Spanish",Spanish,Portuguese:50|English:50|Spanish:0,100,Portuguese:30|English:70|Spanish:0,100,Portuguese:50|English:50|Spanish:0,100,18,4,Bachelor's,10,10,10,10,10,10,6,11,0,10,CEFR,C2,,,,,23,25,C1,intermediate|advanced,advanced|intermediate,cambridge_22_25_intermediate_advanced,4,18,random,,hover,316.5,316.5,0.11154515050167224,0.695458984375,159,416.181640625,473.857421875,456.181640625,546.85546875,9,4,,,,,,2026-08-09T14:42:39.026Z,8T7CGK8F,2026-08-09,2026-08-09,11:42:39,2026-08-09 11:42:39,,,,,,,,6986a6c5d1f10ba22361229e,6986a6c5d1f10ba22361229e,,,,
14237,raw_position_sample,2,3,adv,2,2,2,3,123, by ,473,444,492876.09999990463,6986a6c5d1f10ba22361229e,6986a6c5d1f10ba22361229e,advanced,2,6986a6c5d1f10ba22361229e,6986a6c5d1f10ba22361229e,spotlight_PROLIFIC,,39,Brazil,Portuguese,"English, Spanish",Spanish,Portuguese:50|English:50|Spanish:0,100,Portuguese:30|English:70|Spanish:0,100,Portuguese:50|English:50|Spanish:0,100,18,4,Bachelor's,10,10,10,10,10,10,6,11,0,10,CEFR,C2,,,,,23,25,C1,intermediate|advanced,advanced|intermediate,cambridge_22_25_intermediate_advanced,4,18,random,,,,,,,,425.556640625,451.337890625,446.806640625,473.857421875,9,3,,,,,,2026-08-09T14:42:39.026Z,8T7CGK8F,2026-08-09,2026-08-09,11:42:39,2026-08-09 11:42:39,,,,,,,,6986a6c5d1f10ba22361229e,6986a6c5d1f10ba22361229e,,,,
14267,hover_association,2,3,adv,2,2,2,3,123, by ,473,444,,6986a6c5d1f10ba22361229e,6986a6c5d1f10ba22361229e,advanced,2,6986a6c5d1f10ba22361229e,6986a6c5d1f10ba22361229e,spotlight_PROLIFIC,,39,Brazil,Portuguese,"English, Spanish",Spanish,Portuguese:50|English:50|Spanish:0,100,Portuguese:30|English:70|Spanish:0,100,Portuguese:50|English:50|Spanish:0,100,18,4,Bachelor's,10,10,10,10,10,10,6,11,0,10,CEFR,C2,,,,,23,25,C1,intermediate|advanced,advanced|intermediate,cambridge_22_25_intermediate_advanced,4,18,random,,hover,33.5,33.5,0.16261925411968778,0.745458984375,159,416.181640625,451.337890625,456.181640625,473.857421875,9,3,,,,,,2026-08-09T14:42:39.026Z,8T7CGK8F,2026-08-09,2026-08-09,11:42:39,2026-08-09 11:42:39,,,,,,,,6986a6c5d1f10ba22361229e,6986a6c5d1f10ba22361229e,,,,
14287,raw_position_sample,2,3,adv,2,2,2,3,122," method, ",428,448,492925.89999985695,6986a6c5d1f10ba22361229e,6986a6c5d1f10ba22361229e,advanced,2,6986a6c5d1f10ba22361229e,6986a6c5d1f10ba22361229e,spotlight_PROLIFIC,,39,Brazil,Portuguese,"English, Spanish",Spanish,Portuguese:50|English:50|Spanish:0,100,Portuguese:30|English:70|Spanish:0,100,Portuguese:50|English:50|Spanish:0,100,18,4,Bachelor's,10,10,10,10,10,10,6,11,0,10,CEFR,C2,,,,,23,25,C1,intermediate|advanced,advanced|intermediate,cambridge_22_25_intermediate_advanced,4,18,random,,,,,,,,425.556640625,383.037109375,446.806640625,451.337890625,9,2,,,,,,2026-08-09T14:42:39.026Z,8T7CGK8F,2026-08-09,2026-08-09,11:42:39,2026-08-09 11:42:39,,,,,,,,6986a6c5d1f10ba22361229e,6986a6c5d1f10ba22361229e,,,,
14337,raw_position_sample,2,3,adv,2,2,2,3,122," method, ",402,450,492975.89999985695,6986a6c5d1f10ba22361229e,6986a6c5d1f10ba22361229e,advanced,2,6986a6c5d1f10ba22361229e,6986a6c5d1f10ba22361229e,spotlight_PROLIFIC,,39,Brazil,Portuguese,"English, Spanish",Spanish,Portuguese:50|English:50|Spanish:0,100,Portuguese:30|English:70|Spanish:0,100,Portuguese:50|English:50|Spanish:0,100,18,4,Bachelor's,10,10,10,10,10,10,6,11,0,10,CEFR,C2,,,,,23,25,C1,intermediate|advanced,advanced|intermediate,cambridge_22_25_intermediate_advanced,4,18,random,,,,,,,,425.556640625,383.037109375,446.806640625,451.337890625,9,2,,,,,,2026-08-09T14:42:39.026Z,8T7CGK8F,2026-08-09,2026-08-09,11:42:39,2026-08-09 11:42:39,,,,,,,,6986a6c5d1f10ba22361229e,6986a6c5d1f10ba22361229e,,,,
14387,raw_position_sample,2,3,adv,2,2,2,3,122," method, ",395,450,493026,6986a6c5d1f10ba22361229e,6986a6c5d1f10ba22361229e,advanced,2,6986a6c5d1f10ba22361229e,6986a6c5d1f10ba22361229e,spotlight_PROLIFIC,,39,Brazil,Portuguese,"English, Spanish",Spanish,Portuguese:50|English:50|Spanish:0,100,Portuguese:30|English:70|Spanish:0,100,Portuguese:50|English:50|Spanish:0,100,18,4,Bachelor's,10,10,10,10,10,10,6,11,0,10,CEFR,C2,,,,,23,25,C1,intermediate|advanced,advanced|intermediate,cambridge_22_25_intermediate_advanced,4,18,random,,,,,,,,425.556640625,383.037109375,446.806640625,451.337890625,9,2,,,,,,2026-08-09T14:42:39.026Z,8T7CGK8F,2026-08-09,2026-08-09,11:42:39,2026-08-09 11:42:39,,,,,,,,6986a6c5d1f10ba22361229e,6986a6c5d1f10ba22361229e,,,,
14437,raw_position_sample,2,3,adv,2,2,2,3,122," method, ",392,450,493076,6986a6c5d1f10ba22361229e,6986a6c5d1f10ba22361229e,advanced,2,6986a6c5d1f10ba22361229e,6986a6c5d1f10ba22361229e,spotlight_PROLIFIC,,39,Brazil,Portuguese,"English, Spanish",Spanish,Portuguese:50|English:50|Spanish:0,100,Portuguese:30|English:70|Spanish:0,100,Portuguese:50|English:50|Spanish:0,100,18,4,Bachelor's,10,10,10,10,10,10,6,11,0,10,CEFR,C2,,,,,23,25,C1,intermediate|advanced,advanced|intermediate,cambridge_22_25_intermediate_advanced,4,18,random,,,,,,,,425.556640625,383.037109375,446.806640625,451.337890625,9,2,,,,,,2026-08-09T14:42:39.026Z,8T7CGK8F,2026-08-09,2026-08-09,11:42:39,2026-08-09 11:42:39,,,,,,,,6986a6c5d1f10ba22361229e,6986a6c5d1f10ba22361229e,,,,
14487,raw_position_sample,2,3,adv,2,2,2,3,122," method, ",389,450,493125.7999999523,6986a6c5d1f10ba22361229e,6986a6c5d1f10ba22361229e,advanced,2,6986a6c5d1f10ba22361229e,6986a6c5d1f10ba22361229e,spotlight_PROLIFIC,,39,Brazil,Portuguese,"English, Spanish",Spanish,Portuguese:50|English:50|Spanish:0,100,Portuguese:30|English:70|Spanish:0,100,Portuguese:50|English:50|Spanish:0,100,18,4,Bachelor's,10,10,10,10,10,10,6,11,0,10,CEFR,C2,,,,,23,25,C1,intermediate|advanced,advanced|intermediate,cambridge_22_25_intermediate_advanced,4,18,random,,,,,,,,425.556640625,383.037109375,446.806640625,451.337890625,9,2,,,,,,2026-08-09T14:42:39.026Z,8T7CGK8F,2026-08-09,2026-08-09,11:42:39,2026-08-09 11:42:39,,,,,,,,6986a6c5d1f10ba22361229e,6986a6c5d1f10ba22361229e,,,,
14537,raw_position_sample,2,3,adv,2,2,2,3,122," method, ",385,448,493176.09999990463,6986a6c5d1f10ba22361229e,6986a6c5d1f10ba22361229e,advanced,2,6986a6c5d1f10ba22361229e,6986a6c5d1f10ba22361229e,spotlight_PROLIFIC,,39,Brazil,Portuguese,"English, Spanish",Spanish,Portuguese:50|English:50|Spanish:0,100,Portuguese:30|English:70|Spanish:0,100,Portuguese:50|English:50|Spanish:0,100,18,4,Bachelor's,10,10,10,10,10,10,6,11,0,10,CEFR,C2,,,,,23,25,C1,intermediate|advanced,advanced|intermediate,cambridge_22_25_intermediate_advanced,4,18,random,,,,,,,,425.556640625,383.037109375,446.806640625,451.337890625,9,2,,,,,,2026-08-09T14:42:39.026Z,8T7CGK8F,2026-08-09,2026-08-09,11:42:39,2026-08-09 11:42:39,,,,,,,,6986a6c5d1f10ba22361229e,6986a6c5d1f10ba22361229e,,,,
14588,raw_position_sample,2,3,adv,2,2,2,3,122," method, ",384,448,493226.89999985695,6986a6c5d1f10ba22361229e,6986a6c5d1f10ba22361229e,advanced,2,6986a6c5d1f10ba22361229e,6986a6c5d1f10ba22361229e,spotlight_PROLIFIC,,39,Brazil,Portuguese,"English, Spanish",Spanish,Portuguese:50|English:50|Spanish:0,100,Portuguese:30|English:70|Spanish:0,100,Portuguese:50|English:50|Spanish:0,100,18,4,Bachelor's,10,10,10,10,10,10,6,11,0,10,CEFR,C2,,,,,23,25,C1,intermediate|advanced,advanced|intermediate,cambridge_22_25_intermediate_advanced,4,18,random,,,,,,,,425.556640625,383.037109375,446.806640625,451.337890625,9,2,,,,,,2026-08-09T14:42:39.026Z,8T7CGK8F,2026-08-09,2026-08-09,11:42:39,2026-08-09 11:42:39,,,,,,,,6986a6c5d1f10ba22361229e,6986a6c5d1f10ba22361229e,,,,
14637,raw_position_sample,2,3,adv,2,2,2,3,122," method, ",384,448,493276.09999990463,6986a6c5d1f10ba22361229e,6986a6c5d1f10ba22361229e,advanced,2,6986a6c5d1f10ba22361229e,6986a6c5d1f10ba22361229e,spotlight_PROLIFIC,,39,Brazil,Portuguese,"English, Spanish",Spanish,Portuguese:50|English:50|Spanish:0,100,Portuguese:30|English:70|Spanish:0,100,Portuguese:50|English:50|Spanish:0,100,18,4,Bachelor's,10,10,10,10,10,10,6,11,0,10,CEFR,C2,,,,,23,25,C1,intermediate|advanced,advanced|intermediate,cambridge_22_25_intermediate_advanced,4,18,random,,,,,,,,425.556640625,383.037109375,446.806640625,451.337890625,9,2,,,,,,2026-08-09T14:42:39.026Z,8T7CGK8F,2026-08-09,2026-08-09,11:42:39,2026-08-09 11:42:39,,,,,,,,6986a6c5d1f10ba22361229e,6986a6c5d1f10ba22361229e,,,,
14688,raw_position_sample,2,3,adv,2,2,2,3,122," method, ",384,448,493326.59999990463,6986a6c5d1f10ba22361229e,6986a6c5d1f10ba22361229e,advanced,2,6986a6c5d1f10ba22361229e,6986a6c5d1f10ba22361229e,spotlight_PROLIFIC,,39,Brazil,Portuguese,"English, Spanish",Spanish,Portuguese:50|English:50|Spanish:0,100,Portuguese:30|English:70|Spanish:0,100,Portuguese:50|English:50|Spanish:0,100,18,4,Bachelor's,10,10,10,10,10,10,6,11,0,10,CEFR,C2,,,,,23,25,C1,intermediate|advanced,advanced|intermediate,cambridge_22_25_intermediate_advanced,4,18,random,,,,,,,,425.556640625,383.037109375,446.806640625,451.337890625,9,2,,,,,,2026-08-09T14:42:39.026Z,8T7CGK8F,2026-08-09,2026-08-09,11:42:39,2026-08-09 11:42:39,,,,,,,,6986a6c5d1f10ba22361229e,6986a6c5d1f10ba22361229e,,,,
14717,hover_association,2,3,adv,2,2,2,3,122," method, ",441,447,,6986a6c5d1f10ba22361229e,6986a6c5d1f10ba22361229e,advanced,2,6986a6c5d1f10ba22361229e,6986a6c5d1f10ba22361229e,spotlight_PROLIFIC,,39,Brazil,Portuguese,"English, Spanish",Spanish,Portuguese:50|English:50|Spanish:0,100,Portuguese:30|English:70|Spanish:0,100,Portuguese:50|English:50|Spanish:0,100,18,4,Bachelor's,10,10,10,10,10,10,6,11,0,10,CEFR,C2,,,,,23,25,C1,intermediate|advanced,advanced|intermediate,cambridge_22_25_intermediate_advanced,4,18,random,,hover,449.40000009536743,449.40000009536743,0.014097798112668002,0.795458984375,159,416.181640625,383.037109375,456.181640625,451.337890625,9,2,,,,,,2026-08-09T14:42:39.026Z,8T7CGK8F,2026-08-09,2026-08-09,11:42:39,2026-08-09 11:42:39,,,,,,,,6986a6c5d1f10ba22361229e,6986a6c5d1f10ba22361229e,,,,
14737,raw_position_sample,2,3,adv,2,2,2,3,121, new ,383,448,493375.7000000477,6986a6c5d1f10ba22361229e,6986a6c5d1f10ba22361229e,advanced,2,6986a6c5d1f10ba22361229e,6986a6c5d1f10ba22361229e,spotlight_PROLIFIC,,39,Brazil,Portuguese,"English, Spanish",Spanish,Portuguese:50|English:50|Spanish:0,100,Portuguese:30|English:70|Spanish:0,100,Portuguese:50|English:50|Spanish:0,100,18,4,Bachelor's,10,10,10,10,10,10,6,11,0,10,CEFR,C2,,,,,23,25,C1,intermediate|advanced,advanced|intermediate,cambridge_22_25_intermediate_advanced,4,18,random,,,,,,,,425.556640625,346.328125,446.806640625,383.037109375,9,1,,,,,,2026-08-09T14:42:39.026Z,8T7CGK8F,2026-08-09,2026-08-09,11:42:39,2026-08-09 11:42:39,,,,,,,,6986a6c5d1f10ba22361229e,6986a6c5d1f10ba22361229e,,,,
14787,raw_position_sample,2,3,adv,2,2,2,3,121, new ,364,446,493426.2999999523,6986a6c5d1f10ba22361229e,6986a6c5d1f10ba22361229e,advanced,2,6986a6c5d1f10ba22361229e,6986a6c5d1f10ba22361229e,spotlight_PROLIFIC,,39,Brazil,Portuguese,"English, Spanish",Spanish,Portuguese:50|English:50|Spanish:0,100,Portuguese:30|English:70|Spanish:0,100,Portuguese:50|English:50|Spanish:0,100,18,4,Bachelor's,10,10,10,10,10,10,6,11,0,10,CEFR,C2,,,,,23,25,C1,intermediate|advanced,advanced|intermediate,cambridge_22_25_intermediate_advanced,4,18,random,,,,,,,,425.556640625,346.328125,446.806640625,383.037109375,9,1,,,,,,2026-08-09T14:42:39.026Z,8T7CGK8F,2026-08-09,2026-08-09,11:42:39,2026-08-09 11:42:39,,,,,,,,6986a6c5d1f10ba22361229e,6986a6c5d1f10ba22361229e,,,,
14837,raw_position_sample,2,3,adv,2,2,2,3,121, new ,346,440,493476.09999990463,6986a6c5d1f10ba22361229e,6986a6c5d1f10ba22361229e,advanced,2,6986a6c5d1f10ba22361229e,6986a6c5d1f10ba22361229e,spotlight_PROLIFIC,,39,Brazil,Portuguese,"English, Spanish",Spanish,Portuguese:50|English:50|Spanish:0,100,Portuguese:30|English:70|Spanish:0,100,Portuguese:50|English:50|Spanish:0,100,18,4,Bachelor's,10,10,10,10,10,10,6,11,0,10,CEFR,C2,,,,,23,25,C1,intermediate|advanced,advanced|intermediate,cambridge_22_25_intermediate_advanced,4,18,random,,,,,,,,425.556640625,346.328125,446.806640625,383.037109375,9,1,,,,,,2026-08-09T14:42:39.026Z,8T7CGK8F,2026-08-09,2026-08-09,11:42:39,2026-08-09 11:42:39,,,,,,,,6986a6c5d1f10ba22361229e,6986a6c5d1f10ba22361229e,,,,
14867,hover_association,2,3,adv,2,2,2,3,121, new ,383,448,,6986a6c5d1f10ba22361229e,6986a6c5d1f10ba22361229e,advanced,2,6986a6c5d1f10ba22361229e,6986a6c5d1f10ba22361229e,spotlight_PROLIFIC,,39,Brazil,Portuguese,"English, Spanish",Spanish,Portuguese:50|English:50|Spanish:0,100,Portuguese:30|English:70|Spanish:0,100,Portuguese:50|English:50|Spanish:0,100,18,4,Bachelor's,10,10,10,10,10,10,6,11,0,10,CEFR,C2,,,,,23,25,C1,intermediate|advanced,advanced|intermediate,cambridge_22_25_intermediate_advanced,4,18,random,,hover,150.5,150.5,0.0006337753510140406,0.570458984375,159,416.181640625,342.974609375,456.181640625,383.037109375,9,1,,,,,,2026-08-09T14:42:39.026Z,8T7CGK8F,2026-08-09,2026-08-09,11:42:39,2026-08-09 11:42:39,,,,,,,,6986a6c5d1f10ba22361229e,6986a6c5d1f10ba22361229e,,,,
14886,raw_position_sample,2,3,adv,2,2,2,3,-1,999,341,437,493525.2000000477,6986a6c5d1f10ba22361229e,6986a6c5d1f10ba22361229e,advanced,2,6986a6c5d1f10ba22361229e,6986a6c5d1f10ba22361229e,spotlight_PROLIFIC,,39,Brazil,Portuguese,"English, Spanish",Spanish,Portuguese:50|English:50|Spanish:0,100,Portuguese:30|English:70|Spanish:0,100,Portuguese:50|English:50|Spanish:0,100,18,4,Bachelor's,10,10,10,10,10,10,6,11,0,10,CEFR,C2,,,,,23,25,C1,intermediate|advanced,advanced|intermediate,cambridge_22_25_intermediate_advanced,4,18,random,,,,,,,,,,,,,,,,,,,2026-08-09T14:42:39.026Z,8T7CGK8F,2026-08-09,2026-08-09,11:42:39,2026-08-09 11:42:39,,,,,,,,6986a6c5d1f10ba22361229e,6986a6c5d1f10ba22361229e,,,,
14937,raw_position_sample,2,3,adv,2,2,2,3,-1,999,338,434,493575.59999990463,6986a6c5d1f10ba22361229e,6986a6c5d1f10ba22361229e,advanced,2,6986a6c5d1f10ba22361229e,6986a6c5d1f10ba22361229e,spotlight_PROLIFIC,,39,Brazil,Portuguese,"English, Spanish",Spanish,Portuguese:50|English:50|Spanish:0,100,Portuguese:30|English:70|Spanish:0,100,Portuguese:50|English:50|Spanish:0,100,18,4,Bachelor's,10,10,10,10,10,10,6,11,0,10,CEFR,C2,,,,,23,25,C1,intermediate|advanced,advanced|intermediate,cambridge_22_25_intermediate_advanced,4,18,random,,,,,,,,,,,,,,,,,,,2026-08-09T14:42:39.026Z,8T7CGK8F,2026-08-09,2026-08-09,11:42:39,2026-08-09 11:42:39,,,,,,,,6986a6c5d1f10ba22361229e,6986a6c5d1f10ba22361229e,,,,
14986,raw_position_sample,2,3,adv,2,2,2,3,-1,999,336,430,493625.2000000477,6986a6c5d1f10ba22361229e,6986a6c5d1f10ba22361229e,advanced,2,6986a6c5d1f10ba22361229e,6986a6c5d1f10ba22361229e,spotlight_PROLIFIC,,39,Brazil,Portuguese,"English, Spanish",Spanish,Portuguese:50|English:50|Spanish:0,100,Portuguese:30|English:70|Spanish:0,100,Portuguese:50|English:50|Spanish:0,100,18,4,Bachelor's,10,10,10,10,10,10,6,11,0,10,CEFR,C2,,,,,23,25,C1,intermediate|advanced,advanced|intermediate,cambridge_22_25_intermediate_advanced,4,18,random,,,,,,,,,,,,,,,,,,,2026-08-09T14:42:39.026Z,8T7CGK8F,2026-08-09,2026-08-09,11:42:39,2026-08-09 11:42:39,,,,,,,,6986a6c5d1f10ba22361229e,6986a6c5d1f10ba22361229e,,,,
15037,raw_position_sample,2,3,adv,2,2,2,3,-1,999,335,425,493676.2000000477,6986a6c5d1f10ba22361229e,6986a6c5d1f10ba22361229e,advanced,2,6986a6c5d1f10ba22361229e,6986a6c5d1f10ba22361229e,spotlight_PROLIFIC,,39,Brazil,Portuguese,"English, Spanish",Spanish,Portuguese:50|English:50|Spanish:0,100,Portuguese:30|English:70|Spanish:0,100,Portuguese:50|English:50|Spanish:0,100,18,4,Bachelor's,10,10,10,10,10,10,6,11,0,10,CEFR,C2,,,,,23,25,C1,intermediate|advanced,advanced|intermediate,cambridge_22_25_intermediate_advanced,4,18,random,,,,,,,,,,,,,,,,,,,2026-08-09T14:42:39.026Z,8T7CGK8F,2026-08-09,2026-08-09,11:42:39,2026-08-09 11:42:39,,,,,,,,6986a6c5d1f10ba22361229e,6986a6c5d1f10ba22361229e,,,,
15086,raw_position_sample,2,3,adv,2,2,2,3,-1,999,335,416,493725.39999985695,6986a6c5d1f10ba22361229e,6986a6c5d1f10ba22361229e,advanced,2,6986a6c5d1f10ba22361229e,6986a6c5d1f10ba22361229e,spotlight_PROLIFIC,,39,Brazil,Portuguese,"English, Spanish",Spanish,Portuguese:50|English:50|Spanish:0,100,Portuguese:30|English:70|Spanish:0,100,Portuguese:50|English:50|Spanish:0,100,18,4,Bachelor's,10,10,10,10,10,10,6,11,0,10,CEFR,C2,,,,,23,25,C1,intermediate|advanced,advanced|intermediate,cambridge_22_25_intermediate_advanced,4,18,random,,,,,,,,,,,,,,,,,,,2026-08-09T14:42:39.026Z,8T7CGK8F,2026-08-09,2026-08-09,11:42:39,2026-08-09 11:42:39,,,,,,,,6986a6c5d1f10ba22361229e,6986a6c5d1f10ba22361229e,,,,
15137,raw_position_sample,2,3,adv,2,2,2,3,-1,999,340,407,493775.7000000477,6986a6c5d1f10ba22361229e,6986a6c5d1f10ba22361229e,advanced,2,6986a6c5d1f10ba22361229e,6986a6c5d1f10ba22361229e,spotlight_PROLIFIC,,39,Brazil,Portuguese,"English, Spanish",Spanish,Portuguese:50|English:50|Spanish:0,100,Portuguese:30|English:70|Spanish:0,100,Portuguese:50|English:50|Spanish:0,100,18,4,Bachelor's,10,10,10,10,10,10,6,11,0,10,CEFR,C2,,,,,23,25,C1,intermediate|advanced,advanced|intermediate,cambridge_22_25_intermediate_advanced,4,18,random,,,,,,,,,,,,,,,,,,,2026-08-09T14:42:39.026Z,8T7CGK8F,2026-08-09,2026-08-09,11:42:39,2026-08-09 11:42:39,,,,,,,,6986a6c5d1f10ba22361229e,6986a6c5d1f10ba22361229e,,,,
15187,raw_position_sample,2,3,adv,2,2,2,3,106, the ,346,401,493825.7999999523,6986a6c5d1f10ba22361229e,6986a6c5d1f10ba22361229e,advanced,2,6986a6c5d1f10ba22361229e,6986a6c5d1f10ba22361229e,spotlight_PROLIFIC,,39,Brazil,Portuguese,"English, Spanish",Spanish,Portuguese:50|English:50|Spanish:0,100,Portuguese:30|English:70|Spanish:0,100,Portuguese:50|English:50|Spanish:0,100,18,4,Bachelor's,10,10,10,10,10,10,6,11,0,10,CEFR,C2,,,,,23,25,C1,intermediate|advanced,advanced|intermediate,cambridge_22_25_intermediate_advanced,4,18,random,,,,,,,,385.556640625,346.328125,406.806640625,375.95703125,8,1,,,,,,2026-08-09T14:42:39.026Z,8T7CGK8F,2026-08-09,2026-08-09,11:42:39,2026-08-09 11:42:39,,,,,,,,6986a6c5d1f10ba22361229e,6986a6c5d1f10ba22361229e,,,,
15237,raw_position_sample,2,3,adv,2,2,2,3,106, the ,350,397,493876,6986a6c5d1f10ba22361229e,6986a6c5d1f10ba22361229e,advanced,2,6986a6c5d1f10ba22361229e,6986a6c5d1f10ba22361229e,spotlight_PROLIFIC,,39,Brazil,Portuguese,"English, Spanish",Spanish,Portuguese:50|English:50|Spanish:0,100,Portuguese:30|English:70|Spanish:0,100,Portuguese:50|English:50|Spanish:0,100,18,4,Bachelor's,10,10,10,10,10,10,6,11,0,10,CEFR,C2,,,,,23,25,C1,intermediate|advanced,advanced|intermediate,cambridge_22_25_intermediate_advanced,4,18,random,,,,,,,,385.556640625,346.328125,406.806640625,375.95703125,8,1,,,,,,2026-08-09T14:42:39.026Z,8T7CGK8F,2026-08-09,2026-08-09,11:42:39,2026-08-09 11:42:39,,,,,,,,6986a6c5d1f10ba22361229e,6986a6c5d1f10ba22361229e,,,,
15287,raw_position_sample,2,3,adv,2,2,2,3,106, the ,354,393,493925.89999985695,6986a6c5d1f10ba22361229e,6986a6c5d1f10ba22361229e,advanced,2,6986a6c5d1f10ba22361229e,6986a6c5d1f10ba22361229e,spotlight_PROLIFIC,,39,Brazil,Portuguese,"English, Spanish",Spanish,Portuguese:50|English:50|Spanish:0,100,Portuguese:30|English:70|Spanish:0,100,Portuguese:50|English:50|Spanish:0,100,18,4,Bachelor's,10,10,10,10,10,10,6,11,0,10,CEFR,C2,,,,,23,25,C1,intermediate|advanced,advanced|intermediate,cambridge_22_25_intermediate_advanced,4,18,random,,,,,,,,385.556640625,346.328125,406.806640625,375.95703125,8,1,,,,,,2026-08-09T14:42:39.026Z,8T7CGK8F,2026-08-09,2026-08-09,11:42:39,2026-08-09 11:42:39,,,,,,,,6986a6c5d1f10ba22361229e,6986a6c5d1f10ba22361229e,,,,
15337,raw_position_sample,2,3,adv,2,2,2,3,106, the ,357,392,493976,6986a6c5d1f10ba22361229e,6986a6c5d1f10ba22361229e,advanced,2,6986a6c5d1f10ba22361229e,6986a6c5d1f10ba22361229e,spotlight_PROLIFIC,,39,Brazil,Portuguese,"English, Spanish",Spanish,Portuguese:50|English:50|Spanish:0,100,Portuguese:30|English:70|Spanish:0,100,Portuguese:50|English:50|Spanish:0,100,18,4,Bachelor's,10,10,10,10,10,10,6,11,0,10,CEFR,C2,,,,,23,25,C1,intermediate|advanced,advanced|intermediate,cambridge_22_25_intermediate_advanced,4,18,random,,,,,,,,385.556640625,346.328125,406.806640625,375.95703125,8,1,,,,,,2026-08-09T14:42:39.026Z,8T7CGK8F,2026-08-09,2026-08-09,11:42:39,2026-08-09 11:42:39,,,,,,,,6986a6c5d1f10ba22361229e,6986a6c5d1f10ba22361229e,,,,
15386,raw_position_sample,2,3,adv,2,2,2,3,106, the ,358,392,494025.5,6986a6c5d1f10ba22361229e,6986a6c5d1f10ba22361229e,advanced,2,6986a6c5d1f10ba22361229e,6986a6c5d1f10ba22361229e,spotlight_PROLIFIC,,39,Brazil,Portuguese,"English, Spanish",Spanish,Portuguese:50|English:50|Spanish:0,100,Portuguese:30|English:70|Spanish:0,100,Portuguese:50|English:50|Spanish:0,100,18,4,Bachelor's,10,10,10,10,10,10,6,11,0,10,CEFR,C2,,,,,23,25,C1,intermediate|advanced,advanced|intermediate,cambridge_22_25_intermediate_advanced,4,18,random,,,,,,,,385.556640625,346.328125,406.806640625,375.95703125,8,1,,,,,,2026-08-09T14:42:39.026Z,8T7CGK8F,2026-08-09,2026-08-09,11:42:39,2026-08-09 11:42:39,,,,,,,,6986a6c5d1f10ba22361229e,6986a6c5d1f10ba22361229e,,,,
15437,raw_position_sample,2,3,adv,2,2,2,3,106, the ,360,392,494075.89999985695,6986a6c5d1f10ba22361229e,6986a6c5d1f10ba22361229e,advanced,2,6986a6c5d1f10ba22361229e,6986a6c5d1f10ba22361229e,spotlight_PROLIFIC,,39,Brazil,Portuguese,"English, Spanish",Spanish,Portuguese:50|English:50|Spanish:0,100,Portuguese:30|English:70|Spanish:0,100,Portuguese:50|English:50|Spanish:0,100,18,4,Bachelor's,10,10,10,10,10,10,6,11,0,10,CEFR,C2,,,,,23,25,C1,intermediate|advanced,advanced|intermediate,cambridge_22_25_intermediate_advanced,4,18,random,,,,,,,,385.556640625,346.328125,406.806640625,375.95703125,8,1,,,,,,2026-08-09T14:42:39.026Z,8T7CGK8F,2026-08-09,2026-08-09,11:42:39,2026-08-09 11:42:39,,,,,,,,6986a6c5d1f10ba22361229e,6986a6c5d1f10ba22361229e,,,,
15487,raw_position_sample,2,3,adv,2,2,2,3,106, the ,365,392,494126,6986a6c5d1f10ba22361229e,6986a6c5d1f10ba22361229e,advanced,2,6986a6c5d1f10ba22361229e,6986a6c5d1f10ba22361229e,spotlight_PROLIFIC,,39,Brazil,Portuguese,"English, Spanish",Spanish,Portuguese:50|English:50|Spanish:0,100,Portuguese:30|English:70|Spanish:0,100,Portuguese:50|English:50|Spanish:0,100,18,4,Bachelor's,10,10,10,10,10,10,6,11,0,10,CEFR,C2,,,,,23,25,C1,intermediate|advanced,advanced|intermediate,cambridge_22_25_intermediate_advanced,4,18,random,,,,,,,,385.556640625,346.328125,406.806640625,375.95703125,8,1,,,,,,2026-08-09T14:42:39.026Z,8T7CGK8F,2026-08-09,2026-08-09,11:42:39,2026-08-09 11:42:39,,,,,,,,6986a6c5d1f10ba22361229e,6986a6c5d1f10ba22361229e,,,,
15517,hover_association,2,3,adv,2,2,2,3,106, the ,344,403,,6986a6c5d1f10ba22361229e,6986a6c5d1f10ba22361229e,advanced,2,6986a6c5d1f10ba22361229e,6986a6c5d1f10ba22361229e,spotlight_PROLIFIC,,39,Brazil,Portuguese,"English, Spanish",Spanish,Portuguese:50|English:50|Spanish:0,100,Portuguese:30|English:70|Spanish:0,100,Portuguese:50|English:50|Spanish:0,100,18,4,Bachelor's,10,10,10,10,10,10,6,11,0,10,CEFR,C2,,,,,23,25,C1,intermediate|advanced,advanced|intermediate,cambridge_22_25_intermediate_advanced,4,18,random,,hover,350.10000014305115,350.10000014305115,0.8193876946763783,0.395458984375,159,376.181640625,342.974609375,416.181640625,375.95703125,8,1,,,,,,2026-08-09T14:42:39.026Z,8T7CGK8F,2026-08-09,2026-08-09,11:42:39,2026-08-09 11:42:39,,,,,,,,6986a6c5d1f10ba22361229e,6986a6c5d1f10ba22361229e,,,,
15537,raw_position_sample,2,3,adv,2,2,2,3,107, interviewer ,398,394,494176,6986a6c5d1f10ba22361229e,6986a6c5d1f10ba22361229e,advanced,2,6986a6c5d1f10ba22361229e,6986a6c5d1f10ba22361229e,spotlight_PROLIFIC,,39,Brazil,Portuguese,"English, Spanish",Spanish,Portuguese:50|English:50|Spanish:0,100,Portuguese:30|English:70|Spanish:0,100,Portuguese:50|English:50|Spanish:0,100,18,4,Bachelor's,10,10,10,10,10,10,6,11,0,10,CEFR,C2,,,,,23,25,C1,intermediate|advanced,advanced|intermediate,cambridge_22_25_intermediate_advanced,4,18,random,,,,,,,,385.556640625,375.95703125,406.806640625,471.181640625,8,2,,,,,,2026-08-09T14:42:39.026Z,8T7CGK8F,2026-08-09,2026-08-09,11:42:39,2026-08-09 11:42:39,,,,,,,,6986a6c5d1f10ba22361229e,6986a6c5d1f10ba22361229e,,,,
15587,raw_position_sample,2,3,adv,2,2,2,3,107, interviewer ,435,394,494226,6986a6c5d1f10ba22361229e,6986a6c5d1f10ba22361229e,advanced,2,6986a6c5d1f10ba22361229e,6986a6c5d1f10ba22361229e,spotlight_PROLIFIC,,39,Brazil,Portuguese,"English, Spanish",Spanish,Portuguese:50|English:50|Spanish:0,100,Portuguese:30|English:70|Spanish:0,100,Portuguese:50|English:50|Spanish:0,100,18,4,Bachelor's,10,10,10,10,10,10,6,11,0,10,CEFR,C2,,,,,23,25,C1,intermediate|advanced,advanced|intermediate,cambridge_22_25_intermediate_advanced,4,18,random,,,,,,,,385.556640625,375.95703125,406.806640625,471.181640625,8,2,,,,,,2026-08-09T14:42:39.026Z,8T7CGK8F,2026-08-09,2026-08-09,11:42:39,2026-08-09 11:42:39,,,,,,,,6986a6c5d1f10ba22361229e,6986a6c5d1f10ba22361229e,,,,
15637,raw_position_sample,2,3,adv,2,2,2,3,107, interviewer ,457,394,494276,6986a6c5d1f10ba22361229e,6986a6c5d1f10ba22361229e,advanced,2,6986a6c5d1f10ba22361229e,6986a6c5d1f10ba22361229e,spotlight_PROLIFIC,,39,Brazil,Portuguese,"English, Spanish",Spanish,Portuguese:50|English:50|Spanish:0,100,Portuguese:30|English:70|Spanish:0,100,Portuguese:50|English:50|Spanish:0,100,18,4,Bachelor's,10,10,10,10,10,10,6,11,0,10,CEFR,C2,,,,,23,25,C1,intermediate|advanced,advanced|intermediate,cambridge_22_25_intermediate_advanced,4,18,random,,,,,,,,385.556640625,375.95703125,406.806640625,471.181640625,8,2,,,,,,2026-08-09T14:42:39.026Z,8T7CGK8F,2026-08-09,2026-08-09,11:42:39,2026-08-09 11:42:39,,,,,,,,6986a6c5d1f10ba22361229e,6986a6c5d1f10ba22361229e,,,,
15684,hover_association,2,3,adv,2,2,2,3,107, interviewer ,387,394,,6986a6c5d1f10ba22361229e,6986a6c5d1f10ba22361229e,advanced,2,6986a6c5d1f10ba22361229e,6986a6c5d1f10ba22361229e,spotlight_PROLIFIC,,39,Brazil,Portuguese,"English, Spanish",Spanish,Portuguese:50|English:50|Spanish:0,100,Portuguese:30|English:70|Spanish:0,100,Portuguese:50|English:50|Spanish:0,100,18,4,Bachelor's,10,10,10,10,10,10,6,11,0,10,CEFR,C2,,,,,23,25,C1,intermediate|advanced,advanced|intermediate,cambridge_22_25_intermediate_advanced,4,18,random,,hover,166.70000004768372,166.70000004768372,0.9665880422520767,0.445458984375,159,376.181640625,375.95703125,416.181640625,471.181640625,8,2,,,,,,2026-08-09T14:42:39.026Z,8T7CGK8F,2026-08-09,2026-08-09,11:42:39,2026-08-09 11:42:39,,,,,,,,6986a6c5d1f10ba22361229e,6986a6c5d1f10ba22361229e,,,,
15687,raw_position_sample,2,3,adv,2,2,2,3,108, will ,475,394,494326.2000000477,6986a6c5d1f10ba22361229e,6986a6c5d1f10ba22361229e,advanced,2,6986a6c5d1f10ba22361229e,6986a6c5d1f10ba22361229e,spotlight_PROLIFIC,,39,Brazil,Portuguese,"English, Spanish",Spanish,Portuguese:50|English:50|Spanish:0,100,Portuguese:30|English:70|Spanish:0,100,Portuguese:50|English:50|Spanish:0,100,18,4,Bachelor's,10,10,10,10,10,10,6,11,0,10,CEFR,C2,,,,,23,25,C1,intermediate|advanced,advanced|intermediate,cambridge_22_25_intermediate_advanced,4,18,random,,,,,,,,385.556640625,471.181640625,406.806640625,502.275390625,8,3,,,,,,2026-08-09T14:42:39.026Z,8T7CGK8F,2026-08-09,2026-08-09,11:42:39,2026-08-09 11:42:39,,,,,,,,6986a6c5d1f10ba22361229e,6986a6c5d1f10ba22361229e,,,,
15737,raw_position_sample,2,3,adv,2,2,2,3,108, will ,494,394,494375.7999999523,6986a6c5d1f10ba22361229e,6986a6c5d1f10ba22361229e,advanced,2,6986a6c5d1f10ba22361229e,6986a6c5d1f10ba22361229e,spotlight_PROLIFIC,,39,Brazil,Portuguese,"English, Spanish",Spanish,Portuguese:50|English:50|Spanish:0,100,Portuguese:30|English:70|Spanish:0,100,Portuguese:50|English:50|Spanish:0,100,18,4,Bachelor's,10,10,10,10,10,10,6,11,0,10,CEFR,C2,,,,,23,25,C1,intermediate|advanced,advanced|intermediate,cambridge_22_25_intermediate_advanced,4,18,random,,,,,,,,385.556640625,471.181640625,406.806640625,502.275390625,8,3,,,,,,2026-08-09T14:42:39.026Z,8T7CGK8F,2026-08-09,2026-08-09,11:42:39,2026-08-09 11:42:39,,,,,,,,6986a6c5d1f10ba22361229e,6986a6c5d1f10ba22361229e,,,,
15767,hover_association,2,3,adv,2,2,2,3,108, will ,475,394,,6986a6c5d1f10ba22361229e,6986a6c5d1f10ba22361229e,advanced,2,6986a6c5d1f10ba22361229e,6986a6c5d1f10ba22361229e,spotlight_PROLIFIC,,39,Brazil,Portuguese,"English, Spanish",Spanish,Portuguese:50|English:50|Spanish:0,100,Portuguese:30|English:70|Spanish:0,100,Portuguese:50|English:50|Spanish:0,100,18,4,Bachelor's,10,10,10,10,10,10,6,11,0,10,CEFR,C2,,,,,23,25,C1,intermediate|advanced,advanced|intermediate,cambridge_22_25_intermediate_advanced,4,18,random,,hover,83.29999995231628,83.29999995231628,0.8946608040201005,0.445458984375,159,376.181640625,471.181640625,416.181640625,502.275390625,8,3,,,,,,2026-08-09T14:42:39.026Z,8T7CGK8F,2026-08-09,2026-08-09,11:42:39,2026-08-09 11:42:39,,,,,,,,6986a6c5d1f10ba22361229e,6986a6c5d1f10ba22361229e,,,,
15787,raw_position_sample,2,3,adv,2,2,2,3,109, tell ,509,394,494426.09999990463,6986a6c5d1f10ba22361229e,6986a6c5d1f10ba22361229e,advanced,2,6986a6c5d1f10ba22361229e,6986a6c5d1f10ba22361229e,spotlight_PROLIFIC,,39,Brazil,Portuguese,"English, Spanish",Spanish,Portuguese:50|English:50|Spanish:0,100,Portuguese:30|English:70|Spanish:0,100,Portuguese:50|English:50|Spanish:0,100,18,4,Bachelor's,10,10,10,10,10,10,6,11,0,10,CEFR,C2,,,,,23,25,C1,intermediate|advanced,advanced|intermediate,cambridge_22_25_intermediate_advanced,4,18,random,,,,,,,,385.556640625,502.275390625,406.806640625,531.11328125,8,4,,,,,,2026-08-09T14:42:39.026Z,8T7CGK8F,2026-08-09,2026-08-09,11:42:39,2026-08-09 11:42:39,,,,,,,,6986a6c5d1f10ba22361229e,6986a6c5d1f10ba22361229e,,,,
15837,raw_position_sample,2,3,adv,2,2,2,3,109, tell ,517,394,494476.09999990463,6986a6c5d1f10ba22361229e,6986a6c5d1f10ba22361229e,advanced,2,6986a6c5d1f10ba22361229e,6986a6c5d1f10ba22361229e,spotlight_PROLIFIC,,39,Brazil,Portuguese,"English, Spanish",Spanish,Portuguese:50|English:50|Spanish:0,100,Portuguese:30|English:70|Spanish:0,100,Portuguese:50|English:50|Spanish:0,100,18,4,Bachelor's,10,10,10,10,10,10,6,11,0,10,CEFR,C2,,,,,23,25,C1,intermediate|advanced,advanced|intermediate,cambridge_22_25_intermediate_advanced,4,18,random,,,,,,,,385.556640625,502.275390625,406.806640625,531.11328125,8,4,,,,,,2026-08-09T14:42:39.026Z,8T7CGK8F,2026-08-09,2026-08-09,11:42:39,2026-08-09 11:42:39,,,,,,,,6986a6c5d1f10ba22361229e,6986a6c5d1f10ba22361229e,,,,
15887,raw_position_sample,2,3,adv,2,2,2,3,109, tell ,521,394,494526,6986a6c5d1f10ba22361229e,6986a6c5d1f10ba22361229e,advanced,2,6986a6c5d1f10ba22361229e,6986a6c5d1f10ba22361229e,spotlight_PROLIFIC,,39,Brazil,Portuguese,"English, Spanish",Spanish,Portuguese:50|English:50|Spanish:0,100,Portuguese:30|English:70|Spanish:0,100,Portuguese:50|English:50|Spanish:0,100,18,4,Bachelor's,10,10,10,10,10,10,6,11,0,10,CEFR,C2,,,,,23,25,C1,intermediate|advanced,advanced|intermediate,cambridge_22_25_intermediate_advanced,4,18,random,,,,,,,,385.556640625,502.275390625,406.806640625,531.11328125,8,4,,,,,,2026-08-09T14:42:39.026Z,8T7CGK8F,2026-08-09,2026-08-09,11:42:39,2026-08-09 11:42:39,,,,,,,,6986a6c5d1f10ba22361229e,6986a6c5d1f10ba22361229e,,,,
15937,raw_position_sample,2,3,adv,2,2,2,3,109, tell ,525,395,494576,6986a6c5d1f10ba22361229e,6986a6c5d1f10ba22361229e,advanced,2,6986a6c5d1f10ba22361229e,6986a6c5d1f10ba22361229e,spotlight_PROLIFIC,,39,Brazil,Portuguese,"English, Spanish",Spanish,Portuguese:50|English:50|Spanish:0,100,Portuguese:30|English:70|Spanish:0,100,Portuguese:50|English:50|Spanish:0,100,18,4,Bachelor's,10,10,10,10,10,10,6,11,0,10,CEFR,C2,,,,,23,25,C1,intermediate|advanced,advanced|intermediate,cambridge_22_25_intermediate_advanced,4,18,random,,,,,,,,385.556640625,502.275390625,406.806640625,531.11328125,8,4,,,,,,2026-08-09T14:42:39.026Z,8T7CGK8F,2026-08-09,2026-08-09,11:42:39,2026-08-09 11:42:39,,,,,,,,6986a6c5d1f10ba22361229e,6986a6c5d1f10ba22361229e,,,,
15984,hover_association,2,3,adv,2,2,2,3,109, tell ,505,394,,6986a6c5d1f10ba22361229e,6986a6c5d1f10ba22361229e,advanced,2,6986a6c5d1f10ba22361229e,6986a6c5d1f10ba22361229e,spotlight_PROLIFIC,,39,Brazil,Portuguese,"English, Spanish",Spanish,Portuguese:50|English:50|Spanish:0,100,Portuguese:30|English:70|Spanish:0,100,Portuguese:50|English:50|Spanish:0,100,18,4,Bachelor's,10,10,10,10,10,10,6,11,0,10,CEFR,C2,,,,,23,25,C1,intermediate|advanced,advanced|intermediate,cambridge_22_25_intermediate_advanced,4,18,random,,hover,216.59999990463257,216.59999990463257,0.9613951913308499,0.470458984375,159,376.181640625,502.275390625,416.181640625,531.11328125,8,4,,,,,,2026-08-09T14:42:39.026Z,8T7CGK8F,2026-08-09,2026-08-09,11:42:39,2026-08-09 11:42:39,,,,,,,,6986a6c5d1f10ba22361229e,6986a6c5d1f10ba22361229e,,,,
15987,raw_position_sample,2,3,adv,2,2,2,3,110, truth ,534,396,494626.09999990463,6986a6c5d1f10ba22361229e,6986a6c5d1f10ba22361229e,advanced,2,6986a6c5d1f10ba22361229e,6986a6c5d1f10ba22361229e,spotlight_PROLIFIC,,39,Brazil,Portuguese,"English, Spanish",Spanish,Portuguese:50|English:50|Spanish:0,100,Portuguese:30|English:70|Spanish:0,100,Portuguese:50|English:50|Spanish:0,100,18,4,Bachelor's,10,10,10,10,10,10,6,11,0,10,CEFR,C2,,,,,23,25,C1,intermediate|advanced,advanced|intermediate,cambridge_22_25_intermediate_advanced,4,18,random,,,,,,,,385.556640625,531.11328125,406.806640625,575.29296875,8,5,,,,,,2026-08-09T14:42:39.026Z,8T7CGK8F,2026-08-09,2026-08-09,11:42:39,2026-08-09 11:42:39,,,,,,,,6986a6c5d1f10ba22361229e,6986a6c5d1f10ba22361229e,,,,
16037,raw_position_sample,2,3,adv,2,2,2,3,110, truth ,557,399,494676,6986a6c5d1f10ba22361229e,6986a6c5d1f10ba22361229e,advanced,2,6986a6c5d1f10ba22361229e,6986a6c5d1f10ba22361229e,spotlight_PROLIFIC,,39,Brazil,Portuguese,"English, Spanish",Spanish,Portuguese:50|English:50|Spanish:0,100,Portuguese:30|English:70|Spanish:0,100,Portuguese:50|English:50|Spanish:0,100,18,4,Bachelor's,10,10,10,10,10,10,6,11,0,10,CEFR,C2,,,,,23,25,C1,intermediate|advanced,advanced|intermediate,cambridge_22_25_intermediate_advanced,4,18,random,,,,,,,,385.556640625,531.11328125,406.806640625,575.29296875,8,5,,,,,,2026-08-09T14:42:39.026Z,8T7CGK8F,2026-08-09,2026-08-09,11:42:39,2026-08-09 11:42:39,,,,,,,,6986a6c5d1f10ba22361229e,6986a6c5d1f10ba22361229e,,,,
16084,hover_association,2,3,adv,2,2,2,3,110, truth ,534,396,,6986a6c5d1f10ba22361229e,6986a6c5d1f10ba22361229e,advanced,2,6986a6c5d1f10ba22361229e,6986a6c5d1f10ba22361229e,spotlight_PROLIFIC,,39,Brazil,Portuguese,"English, Spanish",Spanish,Portuguese:50|English:50|Spanish:0,100,Portuguese:30|English:70|Spanish:0,100,Portuguese:50|English:50|Spanish:0,100,18,4,Bachelor's,10,10,10,10,10,10,6,11,0,10,CEFR,C2,,,,,23,25,C1,intermediate|advanced,advanced|intermediate,cambridge_22_25_intermediate_advanced,4,18,random,,hover,100.10000014305115,100.10000014305115,0.9480990274093722,0.570458984375,159,376.181640625,531.11328125,416.181640625,575.29296875,8,5,,,,,,2026-08-09T14:42:39.026Z,8T7CGK8F,2026-08-09,2026-08-09,11:42:39,2026-08-09 11:42:39,,,,,,,,6986a6c5d1f10ba22361229e,6986a6c5d1f10ba22361229e,,,,
16087,raw_position_sample,2,3,adv,2,2,2,3,111, from ,581,399,494726,6986a6c5d1f10ba22361229e,6986a6c5d1f10ba22361229e,advanced,2,6986a6c5d1f10ba22361229e,6986a6c5d1f10ba22361229e,spotlight_PROLIFIC,,39,Brazil,Portuguese,"English, Spanish",Spanish,Portuguese:50|English:50|Spanish:0,100,Portuguese:30|English:70|Spanish:0,100,Portuguese:50|English:50|Spanish:0,100,18,4,Bachelor's,10,10,10,10,10,10,6,11,0,10,CEFR,C2,,,,,23,25,C1,intermediate|advanced,advanced|intermediate,cambridge_22_25_intermediate_advanced,4,18,random,,,,,,,,385.556640625,575.29296875,406.806640625,616.875,8,6,,,,,,2026-08-09T14:42:39.026Z,8T7CGK8F,2026-08-09,2026-08-09,11:42:39,2026-08-09 11:42:39,,,,,,,,6986a6c5d1f10ba22361229e,6986a6c5d1f10ba22361229e,,,,
16137,raw_position_sample,2,3,adv,2,2,2,3,111, from ,600,399,494776.09999990463,6986a6c5d1f10ba22361229e,6986a6c5d1f10ba22361229e,advanced,2,6986a6c5d1f10ba22361229e,6986a6c5d1f10ba22361229e,spotlight_PROLIFIC,,39,Brazil,Portuguese,"English, Spanish",Spanish,Portuguese:50|English:50|Spanish:0,100,Portuguese:30|English:70|Spanish:0,100,Portuguese:50|English:50|Spanish:0,100,18,4,Bachelor's,10,10,10,10,10,10,6,11,0,10,CEFR,C2,,,,,23,25,C1,intermediate|advanced,advanced|intermediate,cambridge_22_25_intermediate_advanced,4,18,random,,,,,,,,385.556640625,575.29296875,406.806640625,616.875,8,6,,,,,,2026-08-09T14:42:39.026Z,8T7CGK8F,2026-08-09,2026-08-09,11:42:39,2026-08-09 11:42:39,,,,,,,,6986a6c5d1f10ba22361229e,6986a6c5d1f10ba22361229e,,,,
16187,raw_position_sample,2,3,adv,2,2,2,3,111, from ,614,399,494826.2000000477,6986a6c5d1f10ba22361229e,6986a6c5d1f10ba22361229e,advanced,2,6986a6c5d1f10ba22361229e,6986a6c5d1f10ba22361229e,spotlight_PROLIFIC,,39,Brazil,Portuguese,"English, Spanish",Spanish,Portuguese:50|English:50|Spanish:0,100,Portuguese:30|English:70|Spanish:0,100,Portuguese:50|English:50|Spanish:0,100,18,4,Bachelor's,10,10,10,10,10,10,6,11,0,10,CEFR,C2,,,,,23,25,C1,intermediate|advanced,advanced|intermediate,cambridge_22_25_intermediate_advanced,4,18,random,,,,,,,,385.556640625,575.29296875,406.806640625,616.875,8,6,,,,,,2026-08-09T14:42:39.026Z,8T7CGK8F,2026-08-09,2026-08-09,11:42:39,2026-08-09 11:42:39,,,,,,,,6986a6c5d1f10ba22361229e,6986a6c5d1f10ba22361229e,,,,
16201,hover_association,2,3,adv,2,2,2,3,111, from ,581,399,,6986a6c5d1f10ba22361229e,6986a6c5d1f10ba22361229e,advanced,2,6986a6c5d1f10ba22361229e,6986a6c5d1f10ba22361229e,spotlight_PROLIFIC,,39,Brazil,Portuguese,"English, Spanish",Spanish,Portuguese:50|English:50|Spanish:0,100,Portuguese:30|English:70|Spanish:0,100,Portuguese:50|English:50|Spanish:0,100,18,4,Bachelor's,10,10,10,10,10,10,6,11,0,10,CEFR,C2,,,,,23,25,C1,intermediate|advanced,advanced|intermediate,cambridge_22_25_intermediate_advanced,4,18,random,,hover,116.69999980926514,116.69999980926514,0.9308595584781587,0.570458984375,159,376.181640625,575.29296875,416.181640625,616.875,8,6,,,,,,2026-08-09T14:42:39.026Z,8T7CGK8F,2026-08-09,2026-08-09,11:42:39,2026-08-09 11:42:39,,,,,,,,6986a6c5d1f10ba22361229e,6986a6c5d1f10ba22361229e,,,,
16237,raw_position_sample,2,3,adv,2,2,2,3,112, lies ,626,399,494876.09999990463,6986a6c5d1f10ba22361229e,6986a6c5d1f10ba22361229e,advanced,2,6986a6c5d1f10ba22361229e,6986a6c5d1f10ba22361229e,spotlight_PROLIFIC,,39,Brazil,Portuguese,"English, Spanish",Spanish,Portuguese:50|English:50|Spanish:0,100,Portuguese:30|English:70|Spanish:0,100,Portuguese:50|English:50|Spanish:0,100,18,4,Bachelor's,10,10,10,10,10,10,6,11,0,10,CEFR,C2,,,,,23,25,C1,intermediate|advanced,advanced|intermediate,cambridge_22_25_intermediate_advanced,4,18,random,,,,,,,,385.556640625,616.875,406.806640625,646.81640625,8,7,,,,,,2026-08-09T14:42:39.026Z,8T7CGK8F,2026-08-09,2026-08-09,11:42:39,2026-08-09 11:42:39,,,,,,,,6986a6c5d1f10ba22361229e,6986a6c5d1f10ba22361229e,,,,
16287,raw_position_sample,2,3,adv,2,2,2,3,112, lies ,634,399,494926.09999990463,6986a6c5d1f10ba22361229e,6986a6c5d1f10ba22361229e,advanced,2,6986a6c5d1f10ba22361229e,6986a6c5d1f10ba22361229e,spotlight_PROLIFIC,,39,Brazil,Portuguese,"English, Spanish",Spanish,Portuguese:50|English:50|Spanish:0,100,Portuguese:30|English:70|Spanish:0,100,Portuguese:50|English:50|Spanish:0,100,18,4,Bachelor's,10,10,10,10,10,10,6,11,0,10,CEFR,C2,,,,,23,25,C1,intermediate|advanced,advanced|intermediate,cambridge_22_25_intermediate_advanced,4,18,random,,,,,,,,385.556640625,616.875,406.806640625,646.81640625,8,7,,,,,,2026-08-09T14:42:39.026Z,8T7CGK8F,2026-08-09,2026-08-09,11:42:39,2026-08-09 11:42:39,,,,,,,,6986a6c5d1f10ba22361229e,6986a6c5d1f10ba22361229e,,,,
16337,raw_position_sample,2,3,adv,2,2,2,3,112, lies ,642,399,494976,6986a6c5d1f10ba22361229e,6986a6c5d1f10ba22361229e,advanced,2,6986a6c5d1f10ba22361229e,6986a6c5d1f10ba22361229e,spotlight_PROLIFIC,,39,Brazil,Portuguese,"English, Spanish",Spanish,Portuguese:50|English:50|Spanish:0,100,Portuguese:30|English:70|Spanish:0,100,Portuguese:50|English:50|Spanish:0,100,18,4,Bachelor's,10,10,10,10,10,10,6,11,0,10,CEFR,C2,,,,,23,25,C1,intermediate|advanced,advanced|intermediate,cambridge_22_25_intermediate_advanced,4,18,random,,,,,,,,385.556640625,616.875,406.806640625,646.81640625,8,7,,,,,,2026-08-09T14:42:39.026Z,8T7CGK8F,2026-08-09,2026-08-09,11:42:39,2026-08-09 11:42:39,,,,,,,,6986a6c5d1f10ba22361229e,6986a6c5d1f10ba22361229e,,,,
16367,hover_association,2,3,adv,2,2,2,3,112, lies ,618,399,,6986a6c5d1f10ba22361229e,6986a6c5d1f10ba22361229e,advanced,2,6986a6c5d1f10ba22361229e,6986a6c5d1f10ba22361229e,spotlight_PROLIFIC,,39,Brazil,Portuguese,"English, Spanish",Spanish,Portuguese:50|English:50|Spanish:0,100,Portuguese:30|English:70|Spanish:0,100,Portuguese:50|English:50|Spanish:0,100,18,4,Bachelor's,10,10,10,10,10,10,6,11,0,10,CEFR,C2,,,,,23,25,C1,intermediate|advanced,advanced|intermediate,cambridge_22_25_intermediate_advanced,4,18,random,,hover,166.60000014305115,166.60000014305115,0.9059360730593607,0.570458984375,159,376.181640625,616.875,416.181640625,646.81640625,8,7,,,,,,2026-08-09T14:42:39.026Z,8T7CGK8F,2026-08-09,2026-08-09,11:42:39,2026-08-09 11:42:39,,,,,,,,6986a6c5d1f10ba22361229e,6986a6c5d1f10ba22361229e,,,,
16387,raw_position_sample,2,3,adv,2,2,2,3,113, only ,651,399,495026,6986a6c5d1f10ba22361229e,6986a6c5d1f10ba22361229e,advanced,2,6986a6c5d1f10ba22361229e,6986a6c5d1f10ba22361229e,spotlight_PROLIFIC,,39,Brazil,Portuguese,"English, Spanish",Spanish,Portuguese:50|English:50|Spanish:0,100,Portuguese:30|English:70|Spanish:0,100,Portuguese:50|English:50|Spanish:0,100,18,4,Bachelor's,10,10,10,10,10,10,6,11,0,10,CEFR,C2,,,,,23,25,C1,intermediate|advanced,advanced|intermediate,cambridge_22_25_intermediate_advanced,4,18,random,,,,,,,,385.556640625,646.81640625,406.806640625,684.130859375,8,8,,,,,,2026-08-09T14:42:39.026Z,8T7CGK8F,2026-08-09,2026-08-09,11:42:39,2026-08-09 11:42:39,,,,,,,,6986a6c5d1f10ba22361229e,6986a6c5d1f10ba22361229e,,,,
16437,raw_position_sample,2,3,adv,2,2,2,3,113, only ,667,398,495075.89999985695,6986a6c5d1f10ba22361229e,6986a6c5d1f10ba22361229e,advanced,2,6986a6c5d1f10ba22361229e,6986a6c5d1f10ba22361229e,spotlight_PROLIFIC,,39,Brazil,Portuguese,"English, Spanish",Spanish,Portuguese:50|English:50|Spanish:0,100,Portuguese:30|English:70|Spanish:0,100,Portuguese:50|English:50|Spanish:0,100,18,4,Bachelor's,10,10,10,10,10,10,6,11,0,10,CEFR,C2,,,,,23,25,C1,intermediate|advanced,advanced|intermediate,cambridge_22_25_intermediate_advanced,4,18,random,,,,,,,,385.556640625,646.81640625,406.806640625,684.130859375,8,8,,,,,,2026-08-09T14:42:39.026Z,8T7CGK8F,2026-08-09,2026-08-09,11:42:39,2026-08-09 11:42:39,,,,,,,,6986a6c5d1f10ba22361229e,6986a6c5d1f10ba22361229e,,,,
16484,hover_association,2,3,adv,2,2,2,3,113, only ,647,399,,6986a6c5d1f10ba22361229e,6986a6c5d1f10ba22361229e,advanced,2,6986a6c5d1f10ba22361229e,6986a6c5d1f10ba22361229e,spotlight_PROLIFIC,,39,Brazil,Portuguese,"English, Spanish",Spanish,Portuguese:50|English:50|Spanish:0,100,Portuguese:30|English:70|Spanish:0,100,Portuguese:50|English:50|Spanish:0,100,18,4,Bachelor's,10,10,10,10,10,10,6,11,0,10,CEFR,C2,,,,,23,25,C1,intermediate|advanced,advanced|intermediate,cambridge_22_25_intermediate_advanced,4,18,random,,hover,116.70000004768372,116.70000004768372,0.9428945302276891,0.545458984375,159,376.181640625,646.81640625,416.181640625,684.130859375,8,8,,,,,,2026-08-09T14:42:39.026Z,8T7CGK8F,2026-08-09,2026-08-09,11:42:39,2026-08-09 11:42:39,,,,,,,,6986a6c5d1f10ba22361229e,6986a6c5d1f10ba22361229e,,,,
16487,raw_position_sample,2,3,adv,2,2,2,3,114, slightly ,690,398,495126,6986a6c5d1f10ba22361229e,6986a6c5d1f10ba22361229e,advanced,2,6986a6c5d1f10ba22361229e,6986a6c5d1f10ba22361229e,spotlight_PROLIFIC,,39,Brazil,Portuguese,"English, Spanish",Spanish,Portuguese:50|English:50|Spanish:0,100,Portuguese:30|English:70|Spanish:0,100,Portuguese:50|English:50|Spanish:0,100,18,4,Bachelor's,10,10,10,10,10,10,6,11,0,10,CEFR,C2,,,,,23,25,C1,intermediate|advanced,advanced|intermediate,cambridge_22_25_intermediate_advanced,4,18,random,,,,,,,,385.556640625,684.130859375,406.806640625,744.384765625,8,9,,,,,,2026-08-09T14:42:39.026Z,8T7CGK8F,2026-08-09,2026-08-09,11:42:39,2026-08-09 11:42:39,,,,,,,,6986a6c5d1f10ba22361229e,6986a6c5d1f10ba22361229e,,,,
16537,raw_position_sample,2,3,adv,2,2,2,3,114, slightly ,704,398,495175.7999999523,6986a6c5d1f10ba22361229e,6986a6c5d1f10ba22361229e,advanced,2,6986a6c5d1f10ba22361229e,6986a6c5d1f10ba22361229e,spotlight_PROLIFIC,,39,Brazil,Portuguese,"English, Spanish",Spanish,Portuguese:50|English:50|Spanish:0,100,Portuguese:30|English:70|Spanish:0,100,Portuguese:50|English:50|Spanish:0,100,18,4,Bachelor's,10,10,10,10,10,10,6,11,0,10,CEFR,C2,,,,,23,25,C1,intermediate|advanced,advanced|intermediate,cambridge_22_25_intermediate_advanced,4,18,random,,,,,,,,385.556640625,684.130859375,406.806640625,744.384765625,8,9,,,,,,2026-08-09T14:42:39.026Z,8T7CGK8F,2026-08-09,2026-08-09,11:42:39,2026-08-09 11:42:39,,,,,,,,6986a6c5d1f10ba22361229e,6986a6c5d1f10ba22361229e,,,,
16587,raw_position_sample,2,3,adv,2,2,2,3,114, slightly ,708,398,495226.09999990463,6986a6c5d1f10ba22361229e,6986a6c5d1f10ba22361229e,advanced,2,6986a6c5d1f10ba22361229e,6986a6c5d1f10ba22361229e,spotlight_PROLIFIC,,39,Brazil,Portuguese,"English, Spanish",Spanish,Portuguese:50|English:50|Spanish:0,100,Portuguese:30|English:70|Spanish:0,100,Portuguese:50|English:50|Spanish:0,100,18,4,Bachelor's,10,10,10,10,10,10,6,11,0,10,CEFR,C2,,,,,23,25,C1,intermediate|advanced,advanced|intermediate,cambridge_22_25_intermediate_advanced,4,18,random,,,,,,,,385.556640625,684.130859375,406.806640625,744.384765625,8,9,,,,,,2026-08-09T14:42:39.026Z,8T7CGK8F,2026-08-09,2026-08-09,11:42:39,2026-08-09 11:42:39,,,,,,,,6986a6c5d1f10ba22361229e,6986a6c5d1f10ba22361229e,,,,
16637,raw_position_sample,2,3,adv,2,2,2,3,114, slightly ,708,398,495276.39999985695,6986a6c5d1f10ba22361229e,6986a6c5d1f10ba22361229e,advanced,2,6986a6c5d1f10ba22361229e,6986a6c5d1f10ba22361229e,spotlight_PROLIFIC,,39,Brazil,Portuguese,"English, Spanish",Spanish,Portuguese:50|English:50|Spanish:0,100,Portuguese:30|English:70|Spanish:0,100,Portuguese:50|English:50|Spanish:0,100,18,4,Bachelor's,10,10,10,10,10,10,6,11,0,10,CEFR,C2,,,,,23,25,C1,intermediate|advanced,advanced|intermediate,cambridge_22_25_intermediate_advanced,4,18,random,,,,,,,,385.556640625,684.130859375,406.806640625,744.384765625,8,9,,,,,,2026-08-09T14:42:39.026Z,8T7CGK8F,2026-08-09,2026-08-09,11:42:39,2026-08-09 11:42:39,,,,,,,,6986a6c5d1f10ba22361229e,6986a6c5d1f10ba22361229e,,,,
16688,raw_position_sample,2,3,adv,2,2,2,3,114, slightly ,708,398,495326.7999999523,6986a6c5d1f10ba22361229e,6986a6c5d1f10ba22361229e,advanced,2,6986a6c5d1f10ba22361229e,6986a6c5d1f10ba22361229e,spotlight_PROLIFIC,,39,Brazil,Portuguese,"English, Spanish",Spanish,Portuguese:50|English:50|Spanish:0,100,Portuguese:30|English:70|Spanish:0,100,Portuguese:50|English:50|Spanish:0,100,18,4,Bachelor's,10,10,10,10,10,10,6,11,0,10,CEFR,C2,,,,,23,25,C1,intermediate|advanced,advanced|intermediate,cambridge_22_25_intermediate_advanced,4,18,random,,,,,,,,385.556640625,684.130859375,406.806640625,744.384765625,8,9,,,,,,2026-08-09T14:42:39.026Z,8T7CGK8F,2026-08-09,2026-08-09,11:42:39,2026-08-09 11:42:39,,,,,,,,6986a6c5d1f10ba22361229e,6986a6c5d1f10ba22361229e,,,,
16739,raw_position_sample,2,3,adv,2,2,2,3,114, slightly ,708,398,495377.5,6986a6c5d1f10ba22361229e,6986a6c5d1f10ba22361229e,advanced,2,6986a6c5d1f10ba22361229e,6986a6c5d1f10ba22361229e,spotlight_PROLIFIC,,39,Brazil,Portuguese,"English, Spanish",Spanish,Portuguese:50|English:50|Spanish:0,100,Portuguese:30|English:70|Spanish:0,100,Portuguese:50|English:50|Spanish:0,100,18,4,Bachelor's,10,10,10,10,10,10,6,11,0,10,CEFR,C2,,,,,23,25,C1,intermediate|advanced,advanced|intermediate,cambridge_22_25_intermediate_advanced,4,18,random,,,,,,,,385.556640625,684.130859375,406.806640625,744.384765625,8,9,,,,,,2026-08-09T14:42:39.026Z,8T7CGK8F,2026-08-09,2026-08-09,11:42:39,2026-08-09 11:42:39,,,,,,,,6986a6c5d1f10ba22361229e,6986a6c5d1f10ba22361229e,,,,
16789,raw_position_sample,2,3,adv,2,2,2,3,114, slightly ,708,398,495427.7999999523,6986a6c5d1f10ba22361229e,6986a6c5d1f10ba22361229e,advanced,2,6986a6c5d1f10ba22361229e,6986a6c5d1f10ba22361229e,spotlight_PROLIFIC,,39,Brazil,Portuguese,"English, Spanish",Spanish,Portuguese:50|English:50|Spanish:0,100,Portuguese:30|English:70|Spanish:0,100,Portuguese:50|English:50|Spanish:0,100,18,4,Bachelor's,10,10,10,10,10,10,6,11,0,10,CEFR,C2,,,,,23,25,C1,intermediate|advanced,advanced|intermediate,cambridge_22_25_intermediate_advanced,4,18,random,,,,,,,,385.556640625,684.130859375,406.806640625,744.384765625,8,9,,,,,,2026-08-09T14:42:39.026Z,8T7CGK8F,2026-08-09,2026-08-09,11:42:39,2026-08-09 11:42:39,,,,,,,,6986a6c5d1f10ba22361229e,6986a6c5d1f10ba22361229e,,,,
16838,raw_position_sample,2,3,adv,2,2,2,3,114, slightly ,708,398,495477.09999990463,6986a6c5d1f10ba22361229e,6986a6c5d1f10ba22361229e,advanced,2,6986a6c5d1f10ba22361229e,6986a6c5d1f10ba22361229e,spotlight_PROLIFIC,,39,Brazil,Portuguese,"English, Spanish",Spanish,Portuguese:50|English:50|Spanish:0,100,Portuguese:30|English:70|Spanish:0,100,Portuguese:50|English:50|Spanish:0,100,18,4,Bachelor's,10,10,10,10,10,10,6,11,0,10,CEFR,C2,,,,,23,25,C1,intermediate|advanced,advanced|intermediate,cambridge_22_25_intermediate_advanced,4,18,random,,,,,,,,385.556640625,684.130859375,406.806640625,744.384765625,8,9,,,,,,2026-08-09T14:42:39.026Z,8T7CGK8F,2026-08-09,2026-08-09,11:42:39,2026-08-09 11:42:39,,,,,,,,6986a6c5d1f10ba22361229e,6986a6c5d1f10ba22361229e,,,,
16888,raw_position_sample,2,3,adv,2,2,2,3,114, slightly ,708,398,495527,6986a6c5d1f10ba22361229e,6986a6c5d1f10ba22361229e,advanced,2,6986a6c5d1f10ba22361229e,6986a6c5d1f10ba22361229e,spotlight_PROLIFIC,,39,Brazil,Portuguese,"English, Spanish",Spanish,Portuguese:50|English:50|Spanish:0,100,Portuguese:30|English:70|Spanish:0,100,Portuguese:50|English:50|Spanish:0,100,18,4,Bachelor's,10,10,10,10,10,10,6,11,0,10,CEFR,C2,,,,,23,25,C1,intermediate|advanced,advanced|intermediate,cambridge_22_25_intermediate_advanced,4,18,random,,,,,,,,385.556640625,684.130859375,406.806640625,744.384765625,8,9,,,,,,2026-08-09T14:42:39.026Z,8T7CGK8F,2026-08-09,2026-08-09,11:42:39,2026-08-09 11:42:39,,,,,,,,6986a6c5d1f10ba22361229e,6986a6c5d1f10ba22361229e,,,,
16938,raw_position_sample,2,3,adv,2,2,2,3,114, slightly ,708,398,495577,6986a6c5d1f10ba22361229e,6986a6c5d1f10ba22361229e,advanced,2,6986a6c5d1f10ba22361229e,6986a6c5d1f10ba22361229e,spotlight_PROLIFIC,,39,Brazil,Portuguese,"English, Spanish",Spanish,Portuguese:50|English:50|Spanish:0,100,Portuguese:30|English:70|Spanish:0,100,Portuguese:50|English:50|Spanish:0,100,18,4,Bachelor's,10,10,10,10,10,10,6,11,0,10,CEFR,C2,,,,,23,25,C1,intermediate|advanced,advanced|intermediate,cambridge_22_25_intermediate_advanced,4,18,random,,,,,,,,385.556640625,684.130859375,406.806640625,744.384765625,8,9,,,,,,2026-08-09T14:42:39.026Z,8T7CGK8F,2026-08-09,2026-08-09,11:42:39,2026-08-09 11:42:39,,,,,,,,6986a6c5d1f10ba22361229e,6986a6c5d1f10ba22361229e,,,,
16986,raw_position_sample,2,3,adv,2,2,2,3,114, slightly ,729,398,495625.39999985695,6986a6c5d1f10ba22361229e,6986a6c5d1f10ba22361229e,advanced,2,6986a6c5d1f10ba22361229e,6986a6c5d1f10ba22361229e,spotlight_PROLIFIC,,39,Brazil,Portuguese,"English, Spanish",Spanish,Portuguese:50|English:50|Spanish:0,100,Portuguese:30|English:70|Spanish:0,100,Portuguese:50|English:50|Spanish:0,100,18,4,Bachelor's,10,10,10,10,10,10,6,11,0,10,CEFR,C2,,,,,23,25,C1,intermediate|advanced,advanced|intermediate,cambridge_22_25_intermediate_advanced,4,18,random,,,,,,,,385.556640625,684.130859375,406.806640625,744.384765625,8,9,,,,,,2026-08-09T14:42:39.026Z,8T7CGK8F,2026-08-09,2026-08-09,11:42:39,2026-08-09 11:42:39,,,,,,,,6986a6c5d1f10ba22361229e,6986a6c5d1f10ba22361229e,,,,
17017,hover_association,2,3,adv,2,2,2,3,114, slightly ,690,398,,6986a6c5d1f10ba22361229e,6986a6c5d1f10ba22361229e,advanced,2,6986a6c5d1f10ba22361229e,6986a6c5d1f10ba22361229e,spotlight_PROLIFIC,,39,Brazil,Portuguese,"English, Spanish",Spanish,Portuguese:50|English:50|Spanish:0,100,Portuguese:30|English:70|Spanish:0,100,Portuguese:50|English:50|Spanish:0,100,18,4,Bachelor's,10,10,10,10,10,10,6,11,0,10,CEFR,C2,,,,,23,25,C1,intermediate|advanced,advanced|intermediate,cambridge_22_25_intermediate_advanced,4,18,random,,hover,533.2999999523163,533.2999999523163,0.927228525121556,0.545458984375,159,376.181640625,684.130859375,416.181640625,744.384765625,8,9,,,,,,2026-08-09T14:42:39.026Z,8T7CGK8F,2026-08-09,2026-08-09,11:42:39,2026-08-09 11:42:39,,,,,,,,6986a6c5d1f10ba22361229e,6986a6c5d1f10ba22361229e,,,,
17037,raw_position_sample,2,3,adv,2,2,2,3,115, better ,763,398,495676.2000000477,6986a6c5d1f10ba22361229e,6986a6c5d1f10ba22361229e,advanced,2,6986a6c5d1f10ba22361229e,6986a6c5d1f10ba22361229e,spotlight_PROLIFIC,,39,Brazil,Portuguese,"English, Spanish",Spanish,Portuguese:50|English:50|Spanish:0,100,Portuguese:30|English:70|Spanish:0,100,Portuguese:50|English:50|Spanish:0,100,18,4,Bachelor's,10,10,10,10,10,10,6,11,0,10,CEFR,C2,,,,,23,25,C1,intermediate|advanced,advanced|intermediate,cambridge_22_25_intermediate_advanced,4,18,random,,,,,,,,385.556640625,744.384765625,406.806640625,797.470703125,8,10,,,,,,2026-08-09T14:42:39.026Z,8T7CGK8F,2026-08-09,2026-08-09,11:42:39,2026-08-09 11:42:39,,,,,,,,6986a6c5d1f10ba22361229e,6986a6c5d1f10ba22361229e,,,,
17086,raw_position_sample,2,3,adv,2,2,2,3,115, better ,785,398,495725.2000000477,6986a6c5d1f10ba22361229e,6986a6c5d1f10ba22361229e,advanced,2,6986a6c5d1f10ba22361229e,6986a6c5d1f10ba22361229e,spotlight_PROLIFIC,,39,Brazil,Portuguese,"English, Spanish",Spanish,Portuguese:50|English:50|Spanish:0,100,Portuguese:30|English:70|Spanish:0,100,Portuguese:50|English:50|Spanish:0,100,18,4,Bachelor's,10,10,10,10,10,10,6,11,0,10,CEFR,C2,,,,,23,25,C1,intermediate|advanced,advanced|intermediate,cambridge_22_25_intermediate_advanced,4,18,random,,,,,,,,385.556640625,744.384765625,406.806640625,797.470703125,8,10,,,,,,2026-08-09T14:42:39.026Z,8T7CGK8F,2026-08-09,2026-08-09,11:42:39,2026-08-09 11:42:39,,,,,,,,6986a6c5d1f10ba22361229e,6986a6c5d1f10ba22361229e,,,,
17137,raw_position_sample,2,3,adv,2,2,2,3,115, better ,797,398,495776.09999990463,6986a6c5d1f10ba22361229e,6986a6c5d1f10ba22361229e,advanced,2,6986a6c5d1f10ba22361229e,6986a6c5d1f10ba22361229e,spotlight_PROLIFIC,,39,Brazil,Portuguese,"English, Spanish",Spanish,Portuguese:50|English:50|Spanish:0,100,Portuguese:30|English:70|Spanish:0,100,Portuguese:50|English:50|Spanish:0,100,18,4,Bachelor's,10,10,10,10,10,10,6,11,0,10,CEFR,C2,,,,,23,25,C1,intermediate|advanced,advanced|intermediate,cambridge_22_25_intermediate_advanced,4,18,random,,,,,,,,385.556640625,744.384765625,406.806640625,797.470703125,8,10,,,,,,2026-08-09T14:42:39.026Z,8T7CGK8F,2026-08-09,2026-08-09,11:42:39,2026-08-09 11:42:39,,,,,,,,6986a6c5d1f10ba22361229e,6986a6c5d1f10ba22361229e,,,,
17151,hover_association,2,3,adv,2,2,2,3,115, better ,751,398,,6986a6c5d1f10ba22361229e,6986a6c5d1f10ba22361229e,advanced,2,6986a6c5d1f10ba22361229e,6986a6c5d1f10ba22361229e,spotlight_PROLIFIC,,39,Brazil,Portuguese,"English, Spanish",Spanish,Portuguese:50|English:50|Spanish:0,100,Portuguese:30|English:70|Spanish:0,100,Portuguese:50|English:50|Spanish:0,100,18,4,Bachelor's,10,10,10,10,10,10,6,11,0,10,CEFR,C2,,,,,23,25,C1,intermediate|advanced,advanced|intermediate,cambridge_22_25_intermediate_advanced,4,18,random,,hover,133.29999995231628,133.29999995231628,0.9911331861662988,0.545458984375,159,376.181640625,744.384765625,416.181640625,797.470703125,8,10,,,,,,2026-08-09T14:42:39.026Z,8T7CGK8F,2026-08-09,2026-08-09,11:42:39,2026-08-09 11:42:39,,,,,,,,6986a6c5d1f10ba22361229e,6986a6c5d1f10ba22361229e,,,,
17187,raw_position_sample,2,3,adv,2,2,2,3,116, than ,804,398,495825.7999999523,6986a6c5d1f10ba22361229e,6986a6c5d1f10ba22361229e,advanced,2,6986a6c5d1f10ba22361229e,6986a6c5d1f10ba22361229e,spotlight_PROLIFIC,,39,Brazil,Portuguese,"English, Spanish",Spanish,Portuguese:50|English:50|Spanish:0,100,Portuguese:30|English:70|Spanish:0,100,Portuguese:50|English:50|Spanish:0,100,18,4,Bachelor's,10,10,10,10,10,10,6,11,0,10,CEFR,C2,,,,,23,25,C1,intermediate|advanced,advanced|intermediate,cambridge_22_25_intermediate_advanced,4,18,random,,,,,,,,385.556640625,797.470703125,406.806640625,836.806640625,8,11,,,,,,2026-08-09T14:42:39.026Z,8T7CGK8F,2026-08-09,2026-08-09,11:42:39,2026-08-09 11:42:39,,,,,,,,6986a6c5d1f10ba22361229e,6986a6c5d1f10ba22361229e,,,,
17237,raw_position_sample,2,3,adv,2,2,2,3,116, than ,808,398,495876.09999990463,6986a6c5d1f10ba22361229e,6986a6c5d1f10ba22361229e,advanced,2,6986a6c5d1f10ba22361229e,6986a6c5d1f10ba22361229e,spotlight_PROLIFIC,,39,Brazil,Portuguese,"English, Spanish",Spanish,Portuguese:50|English:50|Spanish:0,100,Portuguese:30|English:70|Spanish:0,100,Portuguese:50|English:50|Spanish:0,100,18,4,Bachelor's,10,10,10,10,10,10,6,11,0,10,CEFR,C2,,,,,23,25,C1,intermediate|advanced,advanced|intermediate,cambridge_22_25_intermediate_advanced,4,18,random,,,,,,,,385.556640625,797.470703125,406.806640625,836.806640625,8,11,,,,,,2026-08-09T14:42:39.026Z,8T7CGK8F,2026-08-09,2026-08-09,11:42:39,2026-08-09 11:42:39,,,,,,,,6986a6c5d1f10ba22361229e,6986a6c5d1f10ba22361229e,,,,
17287,raw_position_sample,2,3,adv,2,2,2,3,116, than ,813,398,495925.89999985695,6986a6c5d1f10ba22361229e,6986a6c5d1f10ba22361229e,advanced,2,6986a6c5d1f10ba22361229e,6986a6c5d1f10ba22361229e,spotlight_PROLIFIC,,39,Brazil,Portuguese,"English, Spanish",Spanish,Portuguese:50|English:50|Spanish:0,100,Portuguese:30|English:70|Spanish:0,100,Portuguese:50|English:50|Spanish:0,100,18,4,Bachelor's,10,10,10,10,10,10,6,11,0,10,CEFR,C2,,,,,23,25,C1,intermediate|advanced,advanced|intermediate,cambridge_22_25_intermediate_advanced,4,18,random,,,,,,,,385.556640625,797.470703125,406.806640625,836.806640625,8,11,,,,,,2026-08-09T14:42:39.026Z,8T7CGK8F,2026-08-09,2026-08-09,11:42:39,2026-08-09 11:42:39,,,,,,,,6986a6c5d1f10ba22361229e,6986a6c5d1f10ba22361229e,,,,
17337,raw_position_sample,2,3,adv,2,2,2,3,116, than ,819,398,495975.89999985695,6986a6c5d1f10ba22361229e,6986a6c5d1f10ba22361229e,advanced,2,6986a6c5d1f10ba22361229e,6986a6c5d1f10ba22361229e,spotlight_PROLIFIC,,39,Brazil,Portuguese,"English, Spanish",Spanish,Portuguese:50|English:50|Spanish:0,100,Portuguese:30|English:70|Spanish:0,100,Portuguese:50|English:50|Spanish:0,100,18,4,Bachelor's,10,10,10,10,10,10,6,11,0,10,CEFR,C2,,,,,23,25,C1,intermediate|advanced,advanced|intermediate,cambridge_22_25_intermediate_advanced,4,18,random,,,,,,,,385.556640625,797.470703125,406.806640625,836.806640625,8,11,,,,,,2026-08-09T14:42:39.026Z,8T7CGK8F,2026-08-09,2026-08-09,11:42:39,2026-08-09 11:42:39,,,,,,,,6986a6c5d1f10ba22361229e,6986a6c5d1f10ba22361229e,,,,
17384,hover_association,2,3,adv,2,2,2,3,116, than ,801,398,,6986a6c5d1f10ba22361229e,6986a6c5d1f10ba22361229e,advanced,2,6986a6c5d1f10ba22361229e,6986a6c5d1f10ba22361229e,spotlight_PROLIFIC,,39,Brazil,Portuguese,"English, Spanish",Spanish,Portuguese:50|English:50|Spanish:0,100,Portuguese:30|English:70|Spanish:0,100,Portuguese:50|English:50|Spanish:0,100,18,4,Bachelor's,10,10,10,10,10,10,6,11,0,10,CEFR,C2,,,,,23,25,C1,intermediate|advanced,advanced|intermediate,cambridge_22_25_intermediate_advanced,4,18,random,,hover,233.40000009536743,233.40000009536743,0.8015392254220457,0.545458984375,159,376.181640625,797.470703125,416.181640625,836.806640625,8,11,,,,,,2026-08-09T14:42:39.026Z,8T7CGK8F,2026-08-09,2026-08-09,11:42:39,2026-08-09 11:42:39,,,,,,,,6986a6c5d1f10ba22361229e,6986a6c5d1f10ba22361229e,,,,
17387,raw_position_sample,2,3,adv,2,2,2,3,117, random.” ,837,397,496026.2000000477,6986a6c5d1f10ba22361229e,6986a6c5d1f10ba22361229e,advanced,2,6986a6c5d1f10ba22361229e,6986a6c5d1f10ba22361229e,spotlight_PROLIFIC,,39,Brazil,Portuguese,"English, Spanish",Spanish,Portuguese:50|English:50|Spanish:0,100,Portuguese:30|English:70|Spanish:0,100,Portuguese:50|English:50|Spanish:0,100,18,4,Bachelor's,10,10,10,10,10,10,6,11,0,10,CEFR,C2,,,,,23,25,C1,intermediate|advanced,advanced|intermediate,cambridge_22_25_intermediate_advanced,4,18,random,,,,,,,,385.556640625,836.806640625,406.806640625,909.4921875,8,12,,,,,,2026-08-09T14:42:39.026Z,8T7CGK8F,2026-08-09,2026-08-09,11:42:39,2026-08-09 11:42:39,,,,,,,,6986a6c5d1f10ba22361229e,6986a6c5d1f10ba22361229e,,,,
17437,raw_position_sample,2,3,adv,2,2,2,3,117, random.” ,859,393,496075.89999985695,6986a6c5d1f10ba22361229e,6986a6c5d1f10ba22361229e,advanced,2,6986a6c5d1f10ba22361229e,6986a6c5d1f10ba22361229e,spotlight_PROLIFIC,,39,Brazil,Portuguese,"English, Spanish",Spanish,Portuguese:50|English:50|Spanish:0,100,Portuguese:30|English:70|Spanish:0,100,Portuguese:50|English:50|Spanish:0,100,18,4,Bachelor's,10,10,10,10,10,10,6,11,0,10,CEFR,C2,,,,,23,25,C1,intermediate|advanced,advanced|intermediate,cambridge_22_25_intermediate_advanced,4,18,random,,,,,,,,385.556640625,836.806640625,406.806640625,909.4921875,8,12,,,,,,2026-08-09T14:42:39.026Z,8T7CGK8F,2026-08-09,2026-08-09,11:42:39,2026-08-09 11:42:39,,,,,,,,6986a6c5d1f10ba22361229e,6986a6c5d1f10ba22361229e,,,,
17487,raw_position_sample,2,3,adv,2,2,2,3,117, random.” ,879,390,496125.89999985695,6986a6c5d1f10ba22361229e,6986a6c5d1f10ba22361229e,advanced,2,6986a6c5d1f10ba22361229e,6986a6c5d1f10ba22361229e,spotlight_PROLIFIC,,39,Brazil,Portuguese,"English, Spanish",Spanish,Portuguese:50|English:50|Spanish:0,100,Portuguese:30|English:70|Spanish:0,100,Portuguese:50|English:50|Spanish:0,100,18,4,Bachelor's,10,10,10,10,10,10,6,11,0,10,CEFR,C2,,,,,23,25,C1,intermediate|advanced,advanced|intermediate,cambridge_22_25_intermediate_advanced,4,18,random,,,,,,,,385.556640625,836.806640625,406.806640625,909.4921875,8,12,,,,,,2026-08-09T14:42:39.026Z,8T7CGK8F,2026-08-09,2026-08-09,11:42:39,2026-08-09 11:42:39,,,,,,,,6986a6c5d1f10ba22361229e,6986a6c5d1f10ba22361229e,,,,
17537,raw_position_sample,2,3,adv,2,2,2,3,117, random.” ,893,390,496175.7999999523,6986a6c5d1f10ba22361229e,6986a6c5d1f10ba22361229e,advanced,2,6986a6c5d1f10ba22361229e,6986a6c5d1f10ba22361229e,spotlight_PROLIFIC,,39,Brazil,Portuguese,"English, Spanish",Spanish,Portuguese:50|English:50|Spanish:0,100,Portuguese:30|English:70|Spanish:0,100,Portuguese:50|English:50|Spanish:0,100,18,4,Bachelor's,10,10,10,10,10,10,6,11,0,10,CEFR,C2,,,,,23,25,C1,intermediate|advanced,advanced|intermediate,cambridge_22_25_intermediate_advanced,4,18,random,,,,,,,,385.556640625,836.806640625,406.806640625,909.4921875,8,12,,,,,,2026-08-09T14:42:39.026Z,8T7CGK8F,2026-08-09,2026-08-09,11:42:39,2026-08-09 11:42:39,,,,,,,,6986a6c5d1f10ba22361229e,6986a6c5d1f10ba22361229e,,,,
17587,raw_position_sample,2,3,adv,2,2,2,3,117, random.” ,905,390,496226,6986a6c5d1f10ba22361229e,6986a6c5d1f10ba22361229e,advanced,2,6986a6c5d1f10ba22361229e,6986a6c5d1f10ba22361229e,spotlight_PROLIFIC,,39,Brazil,Portuguese,"English, Spanish",Spanish,Portuguese:50|English:50|Spanish:0,100,Portuguese:30|English:70|Spanish:0,100,Portuguese:50|English:50|Spanish:0,100,18,4,Bachelor's,10,10,10,10,10,10,6,11,0,10,CEFR,C2,,,,,23,25,C1,intermediate|advanced,advanced|intermediate,cambridge_22_25_intermediate_advanced,4,18,random,,,,,,,,385.556640625,836.806640625,406.806640625,909.4921875,8,12,,,,,,2026-08-09T14:42:39.026Z,8T7CGK8F,2026-08-09,2026-08-09,11:42:39,2026-08-09 11:42:39,,,,,,,,6986a6c5d1f10ba22361229e,6986a6c5d1f10ba22361229e,,,,
17617,hover_association,2,3,adv,2,2,2,3,117, random.” ,837,397,,6986a6c5d1f10ba22361229e,6986a6c5d1f10ba22361229e,advanced,2,6986a6c5d1f10ba22361229e,6986a6c5d1f10ba22361229e,spotlight_PROLIFIC,,39,Brazil,Portuguese,"English, Spanish",Spanish,Portuguese:50|English:50|Spanish:0,100,Portuguese:30|English:70|Spanish:0,100,Portuguese:50|English:50|Spanish:0,100,18,4,Bachelor's,10,10,10,10,10,10,6,11,0,10,CEFR,C2,,,,,23,25,C1,intermediate|advanced,advanced|intermediate,cambridge_22_25_intermediate_advanced,4,18,random,,hover,232.69999980926514,232.69999980926514,0.9794706435577052,0.345458984375,159,376.181640625,836.806640625,416.181640625,909.4921875,8,12,,,,,,2026-08-09T14:42:39.026Z,8T7CGK8F,2026-08-09,2026-08-09,11:42:39,2026-08-09 11:42:39,,,,,,,,6986a6c5d1f10ba22361229e,6986a6c5d1f10ba22361229e,,,,
17637,raw_position_sample,2,3,adv,2,2,2,3,118, He ,914,390,496275.7999999523,6986a6c5d1f10ba22361229e,6986a6c5d1f10ba22361229e,advanced,2,6986a6c5d1f10ba22361229e,6986a6c5d1f10ba22361229e,spotlight_PROLIFIC,,39,Brazil,Portuguese,"English, Spanish",Spanish,Portuguese:50|English:50|Spanish:0,100,Portuguese:30|English:70|Spanish:0,100,Portuguese:50|English:50|Spanish:0,100,18,4,Bachelor's,10,10,10,10,10,10,6,11,0,10,CEFR,C2,,,,,23,25,C1,intermediate|advanced,advanced|intermediate,cambridge_22_25_intermediate_advanced,4,18,random,,,,,,,,385.556640625,909.4921875,406.806640625,936.015625,8,13,,,,,,2026-08-09T14:42:39.026Z,8T7CGK8F,2026-08-09,2026-08-09,11:42:39,2026-08-09 11:42:39,,,,,,,,6986a6c5d1f10ba22361229e,6986a6c5d1f10ba22361229e,,,,
17687,raw_position_sample,2,3,adv,2,2,2,3,118, He ,925,390,496325.89999985695,6986a6c5d1f10ba22361229e,6986a6c5d1f10ba22361229e,advanced,2,6986a6c5d1f10ba22361229e,6986a6c5d1f10ba22361229e,spotlight_PROLIFIC,,39,Brazil,Portuguese,"English, Spanish",Spanish,Portuguese:50|English:50|Spanish:0,100,Portuguese:30|English:70|Spanish:0,100,Portuguese:50|English:50|Spanish:0,100,18,4,Bachelor's,10,10,10,10,10,10,6,11,0,10,CEFR,C2,,,,,23,25,C1,intermediate|advanced,advanced|intermediate,cambridge_22_25_intermediate_advanced,4,18,random,,,,,,,,385.556640625,909.4921875,406.806640625,936.015625,8,13,,,,,,2026-08-09T14:42:39.026Z,8T7CGK8F,2026-08-09,2026-08-09,11:42:39,2026-08-09 11:42:39,,,,,,,,6986a6c5d1f10ba22361229e,6986a6c5d1f10ba22361229e,,,,
17734,hover_association,2,3,adv,2,2,2,3,118, He ,911,390,,6986a6c5d1f10ba22361229e,6986a6c5d1f10ba22361229e,advanced,2,6986a6c5d1f10ba22361229e,6986a6c5d1f10ba22361229e,spotlight_PROLIFIC,,39,Brazil,Portuguese,"English, Spanish",Spanish,Portuguese:50|English:50|Spanish:0,100,Portuguese:30|English:70|Spanish:0,100,Portuguese:50|English:50|Spanish:0,100,18,4,Bachelor's,10,10,10,10,10,10,6,11,0,10,CEFR,C2,,,,,23,25,C1,intermediate|advanced,advanced|intermediate,cambridge_22_25_intermediate_advanced,4,18,random,,hover,117.30000019073486,117.30000019073486,0.9617083946980854,0.320458984375,159,376.181640625,909.4921875,416.181640625,936.015625,8,13,,,,,,2026-08-09T14:42:39.026Z,8T7CGK8F,2026-08-09,2026-08-09,11:42:39,2026-08-09 11:42:39,,,,,,,,6986a6c5d1f10ba22361229e,6986a6c5d1f10ba22361229e,,,,
17737,raw_position_sample,2,3,adv,2,2,2,3,119, said ,939,389,496376.09999990463,6986a6c5d1f10ba22361229e,6986a6c5d1f10ba22361229e,advanced,2,6986a6c5d1f10ba22361229e,6986a6c5d1f10ba22361229e,spotlight_PROLIFIC,,39,Brazil,Portuguese,"English, Spanish",Spanish,Portuguese:50|English:50|Spanish:0,100,Portuguese:30|English:70|Spanish:0,100,Portuguese:50|English:50|Spanish:0,100,18,4,Bachelor's,10,10,10,10,10,10,6,11,0,10,CEFR,C2,,,,,23,25,C1,intermediate|advanced,advanced|intermediate,cambridge_22_25_intermediate_advanced,4,18,random,,,,,,,,385.556640625,936.015625,406.806640625,971.103515625,8,14,,,,,,2026-08-09T14:42:39.026Z,8T7CGK8F,2026-08-09,2026-08-09,11:42:39,2026-08-09 11:42:39,,,,,,,,6986a6c5d1f10ba22361229e,6986a6c5d1f10ba22361229e,,,,
17787,raw_position_sample,2,3,adv,2,2,2,3,119, said ,951,389,496426.2000000477,6986a6c5d1f10ba22361229e,6986a6c5d1f10ba22361229e,advanced,2,6986a6c5d1f10ba22361229e,6986a6c5d1f10ba22361229e,spotlight_PROLIFIC,,39,Brazil,Portuguese,"English, Spanish",Spanish,Portuguese:50|English:50|Spanish:0,100,Portuguese:30|English:70|Spanish:0,100,Portuguese:50|English:50|Spanish:0,100,18,4,Bachelor's,10,10,10,10,10,10,6,11,0,10,CEFR,C2,,,,,23,25,C1,intermediate|advanced,advanced|intermediate,cambridge_22_25_intermediate_advanced,4,18,random,,,,,,,,385.556640625,936.015625,406.806640625,971.103515625,8,14,,,,,,2026-08-09T14:42:39.026Z,8T7CGK8F,2026-08-09,2026-08-09,11:42:39,2026-08-09 11:42:39,,,,,,,,6986a6c5d1f10ba22361229e,6986a6c5d1f10ba22361229e,,,,
17837,raw_position_sample,2,3,adv,2,2,2,3,119, said ,962,389,496476.09999990463,6986a6c5d1f10ba22361229e,6986a6c5d1f10ba22361229e,advanced,2,6986a6c5d1f10ba22361229e,6986a6c5d1f10ba22361229e,spotlight_PROLIFIC,,39,Brazil,Portuguese,"English, Spanish",Spanish,Portuguese:50|English:50|Spanish:0,100,Portuguese:30|English:70|Spanish:0,100,Portuguese:50|English:50|Spanish:0,100,18,4,Bachelor's,10,10,10,10,10,10,6,11,0,10,CEFR,C2,,,,,23,25,C1,intermediate|advanced,advanced|intermediate,cambridge_22_25_intermediate_advanced,4,18,random,,,,,,,,385.556640625,936.015625,406.806640625,971.103515625,8,14,,,,,,2026-08-09T14:42:39.026Z,8T7CGK8F,2026-08-09,2026-08-09,11:42:39,2026-08-09 11:42:39,,,,,,,,6986a6c5d1f10ba22361229e,6986a6c5d1f10ba22361229e,,,,
17884,hover_association,2,3,adv,2,2,2,3,119, said ,939,389,,6986a6c5d1f10ba22361229e,6986a6c5d1f10ba22361229e,advanced,2,6986a6c5d1f10ba22361229e,6986a6c5d1f10ba22361229e,spotlight_PROLIFIC,,39,Brazil,Portuguese,"English, Spanish",Spanish,Portuguese:50|English:50|Spanish:0,100,Portuguese:30|English:70|Spanish:0,100,Portuguese:50|English:50|Spanish:0,100,18,4,Bachelor's,10,10,10,10,10,10,6,11,0,10,CEFR,C2,,,,,23,25,C1,intermediate|advanced,advanced|intermediate,cambridge_22_25_intermediate_advanced,4,18,random,,hover,150,150,0.9115502365711105,0.320458984375,159,376.181640625,936.015625,416.181640625,971.103515625,8,14,,,,,,2026-08-09T14:42:39.026Z,8T7CGK8F,2026-08-09,2026-08-09,11:42:39,2026-08-09 11:42:39,,,,,,,,6986a6c5d1f10ba22361229e,6986a6c5d1f10ba22361229e,,,,
17887,raw_position_sample,2,3,adv,2,2,2,3,120, the ,972,389,496526.09999990463,6986a6c5d1f10ba22361229e,6986a6c5d1f10ba22361229e,advanced,2,6986a6c5d1f10ba22361229e,6986a6c5d1f10ba22361229e,spotlight_PROLIFIC,,39,Brazil,Portuguese,"English, Spanish",Spanish,Portuguese:50|English:50|Spanish:0,100,Portuguese:30|English:70|Spanish:0,100,Portuguese:50|English:50|Spanish:0,100,18,4,Bachelor's,10,10,10,10,10,10,6,11,0,10,CEFR,C2,,,,,23,25,C1,intermediate|advanced,advanced|intermediate,cambridge_22_25_intermediate_advanced,4,18,random,,,,,,,,385.556640625,971.103515625,406.806640625,997.265625,8,15,,,,,,2026-08-09T14:42:39.026Z,8T7CGK8F,2026-08-09,2026-08-09,11:42:39,2026-08-09 11:42:39,,,,,,,,6986a6c5d1f10ba22361229e,6986a6c5d1f10ba22361229e,,,,
17937,raw_position_sample,2,3,adv,2,2,2,3,120, the ,982,388,496576.09999990463,6986a6c5d1f10ba22361229e,6986a6c5d1f10ba22361229e,advanced,2,6986a6c5d1f10ba22361229e,6986a6c5d1f10ba22361229e,spotlight_PROLIFIC,,39,Brazil,Portuguese,"English, Spanish",Spanish,Portuguese:50|English:50|Spanish:0,100,Portuguese:30|English:70|Spanish:0,100,Portuguese:50|English:50|Spanish:0,100,18,4,Bachelor's,10,10,10,10,10,10,6,11,0,10,CEFR,C2,,,,,23,25,C1,intermediate|advanced,advanced|intermediate,cambridge_22_25_intermediate_advanced,4,18,random,,,,,,,,385.556640625,971.103515625,406.806640625,997.265625,8,15,,,,,,2026-08-09T14:42:39.026Z,8T7CGK8F,2026-08-09,2026-08-09,11:42:39,2026-08-09 11:42:39,,,,,,,,6986a6c5d1f10ba22361229e,6986a6c5d1f10ba22361229e,,,,
17987,raw_position_sample,2,3,adv,2,2,2,3,120, the ,989,385,496626.09999990463,6986a6c5d1f10ba22361229e,6986a6c5d1f10ba22361229e,advanced,2,6986a6c5d1f10ba22361229e,6986a6c5d1f10ba22361229e,spotlight_PROLIFIC,,39,Brazil,Portuguese,"English, Spanish",Spanish,Portuguese:50|English:50|Spanish:0,100,Portuguese:30|English:70|Spanish:0,100,Portuguese:50|English:50|Spanish:0,100,18,4,Bachelor's,10,10,10,10,10,10,6,11,0,10,CEFR,C2,,,,,23,25,C1,intermediate|advanced,advanced|intermediate,cambridge_22_25_intermediate_advanced,4,18,random,,,,,,,,385.556640625,971.103515625,406.806640625,997.265625,8,15,,,,,,2026-08-09T14:42:39.026Z,8T7CGK8F,2026-08-09,2026-08-09,11:42:39,2026-08-09 11:42:39,,,,,,,,6986a6c5d1f10ba22361229e,6986a6c5d1f10ba22361229e,,,,
18037,raw_position_sample,2,3,adv,2,2,2,3,120, the ,993,382,496676,6986a6c5d1f10ba22361229e,6986a6c5d1f10ba22361229e,advanced,2,6986a6c5d1f10ba22361229e,6986a6c5d1f10ba22361229e,spotlight_PROLIFIC,,39,Brazil,Portuguese,"English, Spanish",Spanish,Portuguese:50|English:50|Spanish:0,100,Portuguese:30|English:70|Spanish:0,100,Portuguese:50|English:50|Spanish:0,100,18,4,Bachelor's,10,10,10,10,10,10,6,11,0,10,CEFR,C2,,,,,23,25,C1,intermediate|advanced,advanced|intermediate,cambridge_22_25_intermediate_advanced,4,18,random,,,,,,,,385.556640625,971.103515625,406.806640625,997.265625,8,15,,,,,,2026-08-09T14:42:39.026Z,8T7CGK8F,2026-08-09,2026-08-09,11:42:39,2026-08-09 11:42:39,,,,,,,,6986a6c5d1f10ba22361229e,6986a6c5d1f10ba22361229e,,,,
18086,raw_position_sample,2,3,adv,2,2,2,3,120, the ,993,378,496725.2999999523,6986a6c5d1f10ba22361229e,6986a6c5d1f10ba22361229e,advanced,2,6986a6c5d1f10ba22361229e,6986a6c5d1f10ba22361229e,spotlight_PROLIFIC,,39,Brazil,Portuguese,"English, Spanish",Spanish,Portuguese:50|English:50|Spanish:0,100,Portuguese:30|English:70|Spanish:0,100,Portuguese:50|English:50|Spanish:0,100,18,4,Bachelor's,10,10,10,10,10,10,6,11,0,10,CEFR,C2,,,,,23,25,C1,intermediate|advanced,advanced|intermediate,cambridge_22_25_intermediate_advanced,4,18,random,,,,,,,,385.556640625,971.103515625,406.806640625,997.265625,8,15,,,,,,2026-08-09T14:42:39.026Z,8T7CGK8F,2026-08-09,2026-08-09,11:42:39,2026-08-09 11:42:39,,,,,,,,6986a6c5d1f10ba22361229e,6986a6c5d1f10ba22361229e,,,,
18117,hover_association,2,3,adv,2,2,2,3,120, the ,972,389,,6986a6c5d1f10ba22361229e,6986a6c5d1f10ba22361229e,advanced,2,6986a6c5d1f10ba22361229e,6986a6c5d1f10ba22361229e,spotlight_PROLIFIC,,39,Brazil,Portuguese,"English, Spanish",Spanish,Portuguese:50|English:50|Spanish:0,100,Portuguese:30|English:70|Spanish:0,100,Portuguese:50|English:50|Spanish:0,100,18,4,Bachelor's,10,10,10,10,10,10,6,11,0,10,CEFR,C2,,,,,23,25,C1,intermediate|advanced,advanced|intermediate,cambridge_22_25_intermediate_advanced,4,18,random,,hover,233.19999980926514,233.19999980926514,0.7418607728957121,0.020458984375,159,376.181640625,971.103515625,416.181640625,1000.619140625,8,15,,,,,,2026-08-09T14:42:39.026Z,8T7CGK8F,2026-08-09,2026-08-09,11:42:39,2026-08-09 11:42:39,,,,,,,,6986a6c5d1f10ba22361229e,6986a6c5d1f10ba22361229e,,,,
18136,raw_position_sample,2,3,adv,2,2,2,3,105, that ,993,374,496775.39999985695,6986a6c5d1f10ba22361229e,6986a6c5d1f10ba22361229e,advanced,2,6986a6c5d1f10ba22361229e,6986a6c5d1f10ba22361229e,spotlight_PROLIFIC,,39,Brazil,Portuguese,"English, Spanish",Spanish,Portuguese:50|English:50|Spanish:0,100,Portuguese:30|English:70|Spanish:0,100,Portuguese:50|English:50|Spanish:0,100,18,4,Bachelor's,10,10,10,10,10,10,6,11,0,10,CEFR,C2,,,,,23,25,C1,intermediate|advanced,advanced|intermediate,cambridge_22_25_intermediate_advanced,4,18,random,,,,,,,,345.556640625,976.2890625,366.806640625,1008.857421875,7,13,,,,,,2026-08-09T14:42:39.026Z,8T7CGK8F,2026-08-09,2026-08-09,11:42:39,2026-08-09 11:42:39,,,,,,,,6986a6c5d1f10ba22361229e,6986a6c5d1f10ba22361229e,,,,
18187,raw_position_sample,2,3,adv,2,2,2,3,105, that ,987,370,496826,6986a6c5d1f10ba22361229e,6986a6c5d1f10ba22361229e,advanced,2,6986a6c5d1f10ba22361229e,6986a6c5d1f10ba22361229e,spotlight_PROLIFIC,,39,Brazil,Portuguese,"English, Spanish",Spanish,Portuguese:50|English:50|Spanish:0,100,Portuguese:30|English:70|Spanish:0,100,Portuguese:50|English:50|Spanish:0,100,18,4,Bachelor's,10,10,10,10,10,10,6,11,0,10,CEFR,C2,,,,,23,25,C1,intermediate|advanced,advanced|intermediate,cambridge_22_25_intermediate_advanced,4,18,random,,,,,,,,345.556640625,976.2890625,366.806640625,1008.857421875,7,13,,,,,,2026-08-09T14:42:39.026Z,8T7CGK8F,2026-08-09,2026-08-09,11:42:39,2026-08-09 11:42:39,,,,,,,,6986a6c5d1f10ba22361229e,6986a6c5d1f10ba22361229e,,,,
18237,raw_position_sample,2,3,adv,2,2,2,3,105, that ,980,366,496876.09999990463,6986a6c5d1f10ba22361229e,6986a6c5d1f10ba22361229e,advanced,2,6986a6c5d1f10ba22361229e,6986a6c5d1f10ba22361229e,spotlight_PROLIFIC,,39,Brazil,Portuguese,"English, Spanish",Spanish,Portuguese:50|English:50|Spanish:0,100,Portuguese:30|English:70|Spanish:0,100,Portuguese:50|English:50|Spanish:0,100,18,4,Bachelor's,10,10,10,10,10,10,6,11,0,10,CEFR,C2,,,,,23,25,C1,intermediate|advanced,advanced|intermediate,cambridge_22_25_intermediate_advanced,4,18,random,,,,,,,,345.556640625,976.2890625,366.806640625,1008.857421875,7,13,,,,,,2026-08-09T14:42:39.026Z,8T7CGK8F,2026-08-09,2026-08-09,11:42:39,2026-08-09 11:42:39,,,,,,,,6986a6c5d1f10ba22361229e,6986a6c5d1f10ba22361229e,,,,
18267,hover_association,2,3,adv,2,2,2,3,105, that ,993,375,,6986a6c5d1f10ba22361229e,6986a6c5d1f10ba22361229e,advanced,2,6986a6c5d1f10ba22361229e,6986a6c5d1f10ba22361229e,spotlight_PROLIFIC,,39,Brazil,Portuguese,"English, Spanish",Spanish,Portuguese:50|English:50|Spanish:0,100,Portuguese:30|English:70|Spanish:0,100,Portuguese:50|English:50|Spanish:0,100,18,4,Bachelor's,10,10,10,10,10,10,6,11,0,10,CEFR,C2,,,,,23,25,C1,intermediate|advanced,advanced|intermediate,cambridge_22_25_intermediate_advanced,4,18,random,,hover,150.10000014305115,150.10000014305115,0.019791213571117877,0.720458984375,159,336.181640625,976.2890625,376.181640625,1012.2109375,7,13,,,,,,2026-08-09T14:42:39.026Z,8T7CGK8F,2026-08-09,2026-08-09,11:42:39,2026-08-09 11:42:39,,,,,,,,6986a6c5d1f10ba22361229e,6986a6c5d1f10ba22361229e,,,,
18287,raw_position_sample,2,3,adv,2,2,2,3,104, show ,971,362,496925.89999985695,6986a6c5d1f10ba22361229e,6986a6c5d1f10ba22361229e,advanced,2,6986a6c5d1f10ba22361229e,6986a6c5d1f10ba22361229e,spotlight_PROLIFIC,,39,Brazil,Portuguese,"English, Spanish",Spanish,Portuguese:50|English:50|Spanish:0,100,Portuguese:30|English:70|Spanish:0,100,Portuguese:50|English:50|Spanish:0,100,18,4,Bachelor's,10,10,10,10,10,10,6,11,0,10,CEFR,C2,,,,,23,25,C1,intermediate|advanced,advanced|intermediate,cambridge_22_25_intermediate_advanced,4,18,random,,,,,,,,345.556640625,931.19140625,366.806640625,976.2890625,7,12,,,,,,2026-08-09T14:42:39.026Z,8T7CGK8F,2026-08-09,2026-08-09,11:42:39,2026-08-09 11:42:39,,,,,,,,6986a6c5d1f10ba22361229e,6986a6c5d1f10ba22361229e,,,,
18337,raw_position_sample,2,3,adv,2,2,2,3,104, show ,961,360,496975.7999999523,6986a6c5d1f10ba22361229e,6986a6c5d1f10ba22361229e,advanced,2,6986a6c5d1f10ba22361229e,6986a6c5d1f10ba22361229e,spotlight_PROLIFIC,,39,Brazil,Portuguese,"English, Spanish",Spanish,Portuguese:50|English:50|Spanish:0,100,Portuguese:30|English:70|Spanish:0,100,Portuguese:50|English:50|Spanish:0,100,18,4,Bachelor's,10,10,10,10,10,10,6,11,0,10,CEFR,C2,,,,,23,25,C1,intermediate|advanced,advanced|intermediate,cambridge_22_25_intermediate_advanced,4,18,random,,,,,,,,345.556640625,931.19140625,366.806640625,976.2890625,7,12,,,,,,2026-08-09T14:42:39.026Z,8T7CGK8F,2026-08-09,2026-08-09,11:42:39,2026-08-09 11:42:39,,,,,,,,6986a6c5d1f10ba22361229e,6986a6c5d1f10ba22361229e,,,,
18387,raw_position_sample,2,3,adv,2,2,2,3,104, show ,949,360,497025.7999999523,6986a6c5d1f10ba22361229e,6986a6c5d1f10ba22361229e,advanced,2,6986a6c5d1f10ba22361229e,6986a6c5d1f10ba22361229e,spotlight_PROLIFIC,,39,Brazil,Portuguese,"English, Spanish",Spanish,Portuguese:50|English:50|Spanish:0,100,Portuguese:30|English:70|Spanish:0,100,Portuguese:50|English:50|Spanish:0,100,18,4,Bachelor's,10,10,10,10,10,10,6,11,0,10,CEFR,C2,,,,,23,25,C1,intermediate|advanced,advanced|intermediate,cambridge_22_25_intermediate_advanced,4,18,random,,,,,,,,345.556640625,931.19140625,366.806640625,976.2890625,7,12,,,,,,2026-08-09T14:42:39.026Z,8T7CGK8F,2026-08-09,2026-08-09,11:42:39,2026-08-09 11:42:39,,,,,,,,6986a6c5d1f10ba22361229e,6986a6c5d1f10ba22361229e,,,,
18437,raw_position_sample,2,3,adv,2,2,2,3,104, show ,940,360,497076,6986a6c5d1f10ba22361229e,6986a6c5d1f10ba22361229e,advanced,2,6986a6c5d1f10ba22361229e,6986a6c5d1f10ba22361229e,spotlight_PROLIFIC,,39,Brazil,Portuguese,"English, Spanish",Spanish,Portuguese:50|English:50|Spanish:0,100,Portuguese:30|English:70|Spanish:0,100,Portuguese:50|English:50|Spanish:0,100,18,4,Bachelor's,10,10,10,10,10,10,6,11,0,10,CEFR,C2,,,,,23,25,C1,intermediate|advanced,advanced|intermediate,cambridge_22_25_intermediate_advanced,4,18,random,,,,,,,,345.556640625,931.19140625,366.806640625,976.2890625,7,12,,,,,,2026-08-09T14:42:39.026Z,8T7CGK8F,2026-08-09,2026-08-09,11:42:39,2026-08-09 11:42:39,,,,,,,,6986a6c5d1f10ba22361229e,6986a6c5d1f10ba22361229e,,,,
18484,hover_association,2,3,adv,2,2,2,3,104, show ,974,363,,6986a6c5d1f10ba22361229e,6986a6c5d1f10ba22361229e,advanced,2,6986a6c5d1f10ba22361229e,6986a6c5d1f10ba22361229e,spotlight_PROLIFIC,,39,Brazil,Portuguese,"English, Spanish",Spanish,Portuguese:50|English:50|Spanish:0,100,Portuguese:30|English:70|Spanish:0,100,Portuguese:50|English:50|Spanish:0,100,18,4,Bachelor's,10,10,10,10,10,10,6,11,0,10,CEFR,C2,,,,,23,25,C1,intermediate|advanced,advanced|intermediate,cambridge_22_25_intermediate_advanced,4,18,random,,hover,216.70000004768372,216.70000004768372,0.06227804244261585,0.595458984375,159,336.181640625,931.19140625,376.181640625,976.2890625,7,12,,,,,,2026-08-09T14:42:39.026Z,8T7CGK8F,2026-08-09,2026-08-09,11:42:39,2026-08-09 11:42:39,,,,,,,,6986a6c5d1f10ba22361229e,6986a6c5d1f10ba22361229e,,,,
18487,raw_position_sample,2,3,adv,2,2,2,3,103, research ,931,360,497126,6986a6c5d1f10ba22361229e,6986a6c5d1f10ba22361229e,advanced,2,6986a6c5d1f10ba22361229e,6986a6c5d1f10ba22361229e,spotlight_PROLIFIC,,39,Brazil,Portuguese,"English, Spanish",Spanish,Portuguese:50|English:50|Spanish:0,100,Portuguese:30|English:70|Spanish:0,100,Portuguese:50|English:50|Spanish:0,100,18,4,Bachelor's,10,10,10,10,10,10,6,11,0,10,CEFR,C2,,,,,23,25,C1,intermediate|advanced,advanced|intermediate,cambridge_22_25_intermediate_advanced,4,18,random,,,,,,,,345.556640625,858.984375,366.806640625,931.19140625,7,11,,,,,,2026-08-09T14:42:39.026Z,8T7CGK8F,2026-08-09,2026-08-09,11:42:39,2026-08-09 11:42:39,,,,,,,,6986a6c5d1f10ba22361229e,6986a6c5d1f10ba22361229e,,,,
18537,raw_position_sample,2,3,adv,2,2,2,3,103, research ,922,360,497175.7999999523,6986a6c5d1f10ba22361229e,6986a6c5d1f10ba22361229e,advanced,2,6986a6c5d1f10ba22361229e,6986a6c5d1f10ba22361229e,spotlight_PROLIFIC,,39,Brazil,Portuguese,"English, Spanish",Spanish,Portuguese:50|English:50|Spanish:0,100,Portuguese:30|English:70|Spanish:0,100,Portuguese:50|English:50|Spanish:0,100,18,4,Bachelor's,10,10,10,10,10,10,6,11,0,10,CEFR,C2,,,,,23,25,C1,intermediate|advanced,advanced|intermediate,cambridge_22_25_intermediate_advanced,4,18,random,,,,,,,,345.556640625,858.984375,366.806640625,931.19140625,7,11,,,,,,2026-08-09T14:42:39.026Z,8T7CGK8F,2026-08-09,2026-08-09,11:42:39,2026-08-09 11:42:39,,,,,,,,6986a6c5d1f10ba22361229e,6986a6c5d1f10ba22361229e,,,,
18587,raw_position_sample,2,3,adv,2,2,2,3,103, research ,912,360,497226.2000000477,6986a6c5d1f10ba22361229e,6986a6c5d1f10ba22361229e,advanced,2,6986a6c5d1f10ba22361229e,6986a6c5d1f10ba22361229e,spotlight_PROLIFIC,,39,Brazil,Portuguese,"English, Spanish",Spanish,Portuguese:50|English:50|Spanish:0,100,Portuguese:30|English:70|Spanish:0,100,Portuguese:50|English:50|Spanish:0,100,18,4,Bachelor's,10,10,10,10,10,10,6,11,0,10,CEFR,C2,,,,,23,25,C1,intermediate|advanced,advanced|intermediate,cambridge_22_25_intermediate_advanced,4,18,random,,,,,,,,345.556640625,858.984375,366.806640625,931.19140625,7,11,,,,,,2026-08-09T14:42:39.026Z,8T7CGK8F,2026-08-09,2026-08-09,11:42:39,2026-08-09 11:42:39,,,,,,,,6986a6c5d1f10ba22361229e,6986a6c5d1f10ba22361229e,,,,
18637,raw_position_sample,2,3,adv,2,2,2,3,103, research ,904,362,497275.89999985695,6986a6c5d1f10ba22361229e,6986a6c5d1f10ba22361229e,advanced,2,6986a6c5d1f10ba22361229e,6986a6c5d1f10ba22361229e,spotlight_PROLIFIC,,39,Brazil,Portuguese,"English, Spanish",Spanish,Portuguese:50|English:50|Spanish:0,100,Portuguese:30|English:70|Spanish:0,100,Portuguese:50|English:50|Spanish:0,100,18,4,Bachelor's,10,10,10,10,10,10,6,11,0,10,CEFR,C2,,,,,23,25,C1,intermediate|advanced,advanced|intermediate,cambridge_22_25_intermediate_advanced,4,18,random,,,,,,,,345.556640625,858.984375,366.806640625,931.19140625,7,11,,,,,,2026-08-09T14:42:39.026Z,8T7CGK8F,2026-08-09,2026-08-09,11:42:39,2026-08-09 11:42:39,,,,,,,,6986a6c5d1f10ba22361229e,6986a6c5d1f10ba22361229e,,,,
18687,raw_position_sample,2,3,adv,2,2,2,3,103, research ,899,362,497326,6986a6c5d1f10ba22361229e,6986a6c5d1f10ba22361229e,advanced,2,6986a6c5d1f10ba22361229e,6986a6c5d1f10ba22361229e,spotlight_PROLIFIC,,39,Brazil,Portuguese,"English, Spanish",Spanish,Portuguese:50|English:50|Spanish:0,100,Portuguese:30|English:70|Spanish:0,100,Portuguese:50|English:50|Spanish:0,100,18,4,Bachelor's,10,10,10,10,10,10,6,11,0,10,CEFR,C2,,,,,23,25,C1,intermediate|advanced,advanced|intermediate,cambridge_22_25_intermediate_advanced,4,18,random,,,,,,,,345.556640625,858.984375,366.806640625,931.19140625,7,11,,,,,,2026-08-09T14:42:39.026Z,8T7CGK8F,2026-08-09,2026-08-09,11:42:39,2026-08-09 11:42:39,,,,,,,,6986a6c5d1f10ba22361229e,6986a6c5d1f10ba22361229e,,,,
18737,raw_position_sample,2,3,adv,2,2,2,3,103, research ,893,362,497376,6986a6c5d1f10ba22361229e,6986a6c5d1f10ba22361229e,advanced,2,6986a6c5d1f10ba22361229e,6986a6c5d1f10ba22361229e,spotlight_PROLIFIC,,39,Brazil,Portuguese,"English, Spanish",Spanish,Portuguese:50|English:50|Spanish:0,100,Portuguese:30|English:70|Spanish:0,100,Portuguese:50|English:50|Spanish:0,100,18,4,Bachelor's,10,10,10,10,10,10,6,11,0,10,CEFR,C2,,,,,23,25,C1,intermediate|advanced,advanced|intermediate,cambridge_22_25_intermediate_advanced,4,18,random,,,,,,,,345.556640625,858.984375,366.806640625,931.19140625,7,11,,,,,,2026-08-09T14:42:39.026Z,8T7CGK8F,2026-08-09,2026-08-09,11:42:39,2026-08-09 11:42:39,,,,,,,,6986a6c5d1f10ba22361229e,6986a6c5d1f10ba22361229e,,,,
18787,raw_position_sample,2,3,adv,2,2,2,3,103, research ,881,363,497426,6986a6c5d1f10ba22361229e,6986a6c5d1f10ba22361229e,advanced,2,6986a6c5d1f10ba22361229e,6986a6c5d1f10ba22361229e,spotlight_PROLIFIC,,39,Brazil,Portuguese,"English, Spanish",Spanish,Portuguese:50|English:50|Spanish:0,100,Portuguese:30|English:70|Spanish:0,100,Portuguese:50|English:50|Spanish:0,100,18,4,Bachelor's,10,10,10,10,10,10,6,11,0,10,CEFR,C2,,,,,23,25,C1,intermediate|advanced,advanced|intermediate,cambridge_22_25_intermediate_advanced,4,18,random,,,,,,,,345.556640625,858.984375,366.806640625,931.19140625,7,11,,,,,,2026-08-09T14:42:39.026Z,8T7CGK8F,2026-08-09,2026-08-09,11:42:39,2026-08-09 11:42:39,,,,,,,,6986a6c5d1f10ba22361229e,6986a6c5d1f10ba22361229e,,,,
18837,raw_position_sample,2,3,adv,2,2,2,3,103, research ,864,365,497475.7999999523,6986a6c5d1f10ba22361229e,6986a6c5d1f10ba22361229e,advanced,2,6986a6c5d1f10ba22361229e,6986a6c5d1f10ba22361229e,spotlight_PROLIFIC,,39,Brazil,Portuguese,"English, Spanish",Spanish,Portuguese:50|English:50|Spanish:0,100,Portuguese:30|English:70|Spanish:0,100,Portuguese:50|English:50|Spanish:0,100,18,4,Bachelor's,10,10,10,10,10,10,6,11,0,10,CEFR,C2,,,,,23,25,C1,intermediate|advanced,advanced|intermediate,cambridge_22_25_intermediate_advanced,4,18,random,,,,,,,,345.556640625,858.984375,366.806640625,931.19140625,7,11,,,,,,2026-08-09T14:42:39.026Z,8T7CGK8F,2026-08-09,2026-08-09,11:42:39,2026-08-09 11:42:39,,,,,,,,6986a6c5d1f10ba22361229e,6986a6c5d1f10ba22361229e,,,,
18851,hover_association,2,3,adv,2,2,2,3,103, research ,931,360,,6986a6c5d1f10ba22361229e,6986a6c5d1f10ba22361229e,advanced,2,6986a6c5d1f10ba22361229e,6986a6c5d1f10ba22361229e,spotlight_PROLIFIC,,39,Brazil,Portuguese,"English, Spanish",Spanish,Portuguese:50|English:50|Spanish:0,100,Portuguese:30|English:70|Spanish:0,100,Portuguese:50|English:50|Spanish:0,100,18,4,Bachelor's,10,10,10,10,10,10,6,11,0,10,CEFR,C2,,,,,23,25,C1,intermediate|advanced,advanced|intermediate,cambridge_22_25_intermediate_advanced,4,18,random,,hover,366.69999980926514,366.69999980926514,0.06946172572355964,0.720458984375,159,336.181640625,858.984375,376.181640625,931.19140625,7,11,,,,,,2026-08-09T14:42:39.026Z,8T7CGK8F,2026-08-09,2026-08-09,11:42:39,2026-08-09 11:42:39,,,,,,,,6986a6c5d1f10ba22361229e,6986a6c5d1f10ba22361229e,,,,
18887,raw_position_sample,2,3,adv,2,2,2,3,102, deception ,843,367,497525.7999999523,6986a6c5d1f10ba22361229e,6986a6c5d1f10ba22361229e,advanced,2,6986a6c5d1f10ba22361229e,6986a6c5d1f10ba22361229e,spotlight_PROLIFIC,,39,Brazil,Portuguese,"English, Spanish",Spanish,Portuguese:50|English:50|Spanish:0,100,Portuguese:30|English:70|Spanish:0,100,Portuguese:50|English:50|Spanish:0,100,18,4,Bachelor's,10,10,10,10,10,10,6,11,0,10,CEFR,C2,,,,,23,25,C1,intermediate|advanced,advanced|intermediate,cambridge_22_25_intermediate_advanced,4,18,random,,,,,,,,345.556640625,776.904296875,366.806640625,858.984375,7,10,,,,,,2026-08-09T14:42:39.026Z,8T7CGK8F,2026-08-09,2026-08-09,11:42:39,2026-08-09 11:42:39,,,,,,,,6986a6c5d1f10ba22361229e,6986a6c5d1f10ba22361229e,,,,
18937,raw_position_sample,2,3,adv,2,2,2,3,102, deception ,830,369,497576.09999990463,6986a6c5d1f10ba22361229e,6986a6c5d1f10ba22361229e,advanced,2,6986a6c5d1f10ba22361229e,6986a6c5d1f10ba22361229e,spotlight_PROLIFIC,,39,Brazil,Portuguese,"English, Spanish",Spanish,Portuguese:50|English:50|Spanish:0,100,Portuguese:30|English:70|Spanish:0,100,Portuguese:50|English:50|Spanish:0,100,18,4,Bachelor's,10,10,10,10,10,10,6,11,0,10,CEFR,C2,,,,,23,25,C1,intermediate|advanced,advanced|intermediate,cambridge_22_25_intermediate_advanced,4,18,random,,,,,,,,345.556640625,776.904296875,366.806640625,858.984375,7,10,,,,,,2026-08-09T14:42:39.026Z,8T7CGK8F,2026-08-09,2026-08-09,11:42:39,2026-08-09 11:42:39,,,,,,,,6986a6c5d1f10ba22361229e,6986a6c5d1f10ba22361229e,,,,
18986,raw_position_sample,2,3,adv,2,2,2,3,102, deception ,816,369,497625.09999990463,6986a6c5d1f10ba22361229e,6986a6c5d1f10ba22361229e,advanced,2,6986a6c5d1f10ba22361229e,6986a6c5d1f10ba22361229e,spotlight_PROLIFIC,,39,Brazil,Portuguese,"English, Spanish",Spanish,Portuguese:50|English:50|Spanish:0,100,Portuguese:30|English:70|Spanish:0,100,Portuguese:50|English:50|Spanish:0,100,18,4,Bachelor's,10,10,10,10,10,10,6,11,0,10,CEFR,C2,,,,,23,25,C1,intermediate|advanced,advanced|intermediate,cambridge_22_25_intermediate_advanced,4,18,random,,,,,,,,345.556640625,776.904296875,366.806640625,858.984375,7,10,,,,,,2026-08-09T14:42:39.026Z,8T7CGK8F,2026-08-09,2026-08-09,11:42:39,2026-08-09 11:42:39,,,,,,,,6986a6c5d1f10ba22361229e,6986a6c5d1f10ba22361229e,,,,
19037,raw_position_sample,2,3,adv,2,2,2,3,102, deception ,791,369,497675.89999985695,6986a6c5d1f10ba22361229e,6986a6c5d1f10ba22361229e,advanced,2,6986a6c5d1f10ba22361229e,6986a6c5d1f10ba22361229e,spotlight_PROLIFIC,,39,Brazil,Portuguese,"English, Spanish",Spanish,Portuguese:50|English:50|Spanish:0,100,Portuguese:30|English:70|Spanish:0,100,Portuguese:50|English:50|Spanish:0,100,18,4,Bachelor's,10,10,10,10,10,10,6,11,0,10,CEFR,C2,,,,,23,25,C1,intermediate|advanced,advanced|intermediate,cambridge_22_25_intermediate_advanced,4,18,random,,,,,,,,345.556640625,776.904296875,366.806640625,858.984375,7,10,,,,,,2026-08-09T14:42:39.026Z,8T7CGK8F,2026-08-09,2026-08-09,11:42:39,2026-08-09 11:42:39,,,,,,,,6986a6c5d1f10ba22361229e,6986a6c5d1f10ba22361229e,,,,
19067,hover_association,2,3,adv,2,2,2,3,102, deception ,857,366,,6986a6c5d1f10ba22361229e,6986a6c5d1f10ba22361229e,advanced,2,6986a6c5d1f10ba22361229e,6986a6c5d1f10ba22361229e,spotlight_PROLIFIC,,39,Brazil,Portuguese,"English, Spanish",Spanish,Portuguese:50|English:50|Spanish:0,100,Portuguese:30|English:70|Spanish:0,100,Portuguese:50|English:50|Spanish:0,100,18,4,Bachelor's,10,10,10,10,10,10,6,11,0,10,CEFR,C2,,,,,23,25,C1,intermediate|advanced,advanced|intermediate,cambridge_22_25_intermediate_advanced,4,18,random,,hover,216.60000014305115,216.60000014305115,0.03771564544913742,0.820458984375,159,336.181640625,776.904296875,376.181640625,858.984375,7,10,,,,,,2026-08-09T14:42:39.026Z,8T7CGK8F,2026-08-09,2026-08-09,11:42:39,2026-08-09 11:42:39,,,,,,,,6986a6c5d1f10ba22361229e,6986a6c5d1f10ba22361229e,,,,
19087,raw_position_sample,2,3,adv,2,2,2,3,101, of ,761,369,497726,6986a6c5d1f10ba22361229e,6986a6c5d1f10ba22361229e,advanced,2,6986a6c5d1f10ba22361229e,6986a6c5d1f10ba22361229e,spotlight_PROLIFIC,,39,Brazil,Portuguese,"English, Spanish",Spanish,Portuguese:50|English:50|Spanish:0,100,Portuguese:30|English:70|Spanish:0,100,Portuguese:50|English:50|Spanish:0,100,18,4,Bachelor's,10,10,10,10,10,10,6,11,0,10,CEFR,C2,,,,,23,25,C1,intermediate|advanced,advanced|intermediate,cambridge_22_25_intermediate_advanced,4,18,random,,,,,,,,345.556640625,757.353515625,366.806640625,776.904296875,7,9,,,,,,2026-08-09T14:42:39.026Z,8T7CGK8F,2026-08-09,2026-08-09,11:42:39,2026-08-09 11:42:39,,,,,,,,6986a6c5d1f10ba22361229e,6986a6c5d1f10ba22361229e,,,,
19101,hover_association,2,3,adv,2,2,2,3,101, of ,770,369,,6986a6c5d1f10ba22361229e,6986a6c5d1f10ba22361229e,advanced,2,6986a6c5d1f10ba22361229e,6986a6c5d1f10ba22361229e,spotlight_PROLIFIC,,39,Brazil,Portuguese,"English, Spanish",Spanish,Portuguese:50|English:50|Spanish:0,100,Portuguese:30|English:70|Spanish:0,100,Portuguese:50|English:50|Spanish:0,100,18,4,Bachelor's,10,10,10,10,10,10,6,11,0,10,CEFR,C2,,,,,23,25,C1,intermediate|advanced,advanced|intermediate,cambridge_22_25_intermediate_advanced,4,18,random,,hover,33.299999952316284,33.299999952316284,0.1865134865134865,0.820458984375,159,336.181640625,757.353515625,376.181640625,776.904296875,7,9,,,,,,2026-08-09T14:42:39.026Z,8T7CGK8F,2026-08-09,2026-08-09,11:42:39,2026-08-09 11:42:39,,,,,,,,6986a6c5d1f10ba22361229e,6986a6c5d1f10ba22361229e,,,,
19137,raw_position_sample,2,3,adv,2,2,2,3,100, “Decades ,747,369,497775.7999999523,6986a6c5d1f10ba22361229e,6986a6c5d1f10ba22361229e,advanced,2,6986a6c5d1f10ba22361229e,6986a6c5d1f10ba22361229e,spotlight_PROLIFIC,,39,Brazil,Portuguese,"English, Spanish",Spanish,Portuguese:50|English:50|Spanish:0,100,Portuguese:30|English:70|Spanish:0,100,Portuguese:50|English:50|Spanish:0,100,18,4,Bachelor's,10,10,10,10,10,10,6,11,0,10,CEFR,C2,,,,,23,25,C1,intermediate|advanced,advanced|intermediate,cambridge_22_25_intermediate_advanced,4,18,random,,,,,,,,345.556640625,679.501953125,366.806640625,757.353515625,7,8,,,,,,2026-08-09T14:42:39.026Z,8T7CGK8F,2026-08-09,2026-08-09,11:42:39,2026-08-09 11:42:39,,,,,,,,6986a6c5d1f10ba22361229e,6986a6c5d1f10ba22361229e,,,,
19187,raw_position_sample,2,3,adv,2,2,2,3,100, “Decades ,743,369,497826.09999990463,6986a6c5d1f10ba22361229e,6986a6c5d1f10ba22361229e,advanced,2,6986a6c5d1f10ba22361229e,6986a6c5d1f10ba22361229e,spotlight_PROLIFIC,,39,Brazil,Portuguese,"English, Spanish",Spanish,Portuguese:50|English:50|Spanish:0,100,Portuguese:30|English:70|Spanish:0,100,Portuguese:50|English:50|Spanish:0,100,18,4,Bachelor's,10,10,10,10,10,10,6,11,0,10,CEFR,C2,,,,,23,25,C1,intermediate|advanced,advanced|intermediate,cambridge_22_25_intermediate_advanced,4,18,random,,,,,,,,345.556640625,679.501953125,366.806640625,757.353515625,7,8,,,,,,2026-08-09T14:42:39.026Z,8T7CGK8F,2026-08-09,2026-08-09,11:42:39,2026-08-09 11:42:39,,,,,,,,6986a6c5d1f10ba22361229e,6986a6c5d1f10ba22361229e,,,,
19237,raw_position_sample,2,3,adv,2,2,2,3,100, “Decades ,737,369,497875.89999985695,6986a6c5d1f10ba22361229e,6986a6c5d1f10ba22361229e,advanced,2,6986a6c5d1f10ba22361229e,6986a6c5d1f10ba22361229e,spotlight_PROLIFIC,,39,Brazil,Portuguese,"English, Spanish",Spanish,Portuguese:50|English:50|Spanish:0,100,Portuguese:30|English:70|Spanish:0,100,Portuguese:50|English:50|Spanish:0,100,18,4,Bachelor's,10,10,10,10,10,10,6,11,0,10,CEFR,C2,,,,,23,25,C1,intermediate|advanced,advanced|intermediate,cambridge_22_25_intermediate_advanced,4,18,random,,,,,,,,345.556640625,679.501953125,366.806640625,757.353515625,7,8,,,,,,2026-08-09T14:42:39.026Z,8T7CGK8F,2026-08-09,2026-08-09,11:42:39,2026-08-09 11:42:39,,,,,,,,6986a6c5d1f10ba22361229e,6986a6c5d1f10ba22361229e,,,,
19287,raw_position_sample,2,3,adv,2,2,2,3,100, “Decades ,727,369,497926,6986a6c5d1f10ba22361229e,6986a6c5d1f10ba22361229e,advanced,2,6986a6c5d1f10ba22361229e,6986a6c5d1f10ba22361229e,spotlight_PROLIFIC,,39,Brazil,Portuguese,"English, Spanish",Spanish,Portuguese:50|English:50|Spanish:0,100,Portuguese:30|English:70|Spanish:0,100,Portuguese:50|English:50|Spanish:0,100,18,4,Bachelor's,10,10,10,10,10,10,6,11,0,10,CEFR,C2,,,,,23,25,C1,intermediate|advanced,advanced|intermediate,cambridge_22_25_intermediate_advanced,4,18,random,,,,,,,,345.556640625,679.501953125,366.806640625,757.353515625,7,8,,,,,,2026-08-09T14:42:39.026Z,8T7CGK8F,2026-08-09,2026-08-09,11:42:39,2026-08-09 11:42:39,,,,,,,,6986a6c5d1f10ba22361229e,6986a6c5d1f10ba22361229e,,,,
19337,raw_position_sample,2,3,adv,2,2,2,3,100, “Decades ,715,369,497976.09999990463,6986a6c5d1f10ba22361229e,6986a6c5d1f10ba22361229e,advanced,2,6986a6c5d1f10ba22361229e,6986a6c5d1f10ba22361229e,spotlight_PROLIFIC,,39,Brazil,Portuguese,"English, Spanish",Spanish,Portuguese:50|English:50|Spanish:0,100,Portuguese:30|English:70|Spanish:0,100,Portuguese:50|English:50|Spanish:0,100,18,4,Bachelor's,10,10,10,10,10,10,6,11,0,10,CEFR,C2,,,,,23,25,C1,intermediate|advanced,advanced|intermediate,cambridge_22_25_intermediate_advanced,4,18,random,,,,,,,,345.556640625,679.501953125,366.806640625,757.353515625,7,8,,,,,,2026-08-09T14:42:39.026Z,8T7CGK8F,2026-08-09,2026-08-09,11:42:39,2026-08-09 11:42:39,,,,,,,,6986a6c5d1f10ba22361229e,6986a6c5d1f10ba22361229e,,,,
19386,raw_position_sample,2,3,adv,2,2,2,3,100, “Decades ,702,369,498025.2999999523,6986a6c5d1f10ba22361229e,6986a6c5d1f10ba22361229e,advanced,2,6986a6c5d1f10ba22361229e,6986a6c5d1f10ba22361229e,spotlight_PROLIFIC,,39,Brazil,Portuguese,"English, Spanish",Spanish,Portuguese:50|English:50|Spanish:0,100,Portuguese:30|English:70|Spanish:0,100,Portuguese:50|English:50|Spanish:0,100,18,4,Bachelor's,10,10,10,10,10,10,6,11,0,10,CEFR,C2,,,,,23,25,C1,intermediate|advanced,advanced|intermediate,cambridge_22_25_intermediate_advanced,4,18,random,,,,,,,,345.556640625,679.501953125,366.806640625,757.353515625,7,8,,,,,,2026-08-09T14:42:39.026Z,8T7CGK8F,2026-08-09,2026-08-09,11:42:39,2026-08-09 11:42:39,,,,,,,,6986a6c5d1f10ba22361229e,6986a6c5d1f10ba22361229e,,,,
19437,raw_position_sample,2,3,adv,2,2,2,3,100, “Decades ,690,369,498076.09999990463,6986a6c5d1f10ba22361229e,6986a6c5d1f10ba22361229e,advanced,2,6986a6c5d1f10ba22361229e,6986a6c5d1f10ba22361229e,spotlight_PROLIFIC,,39,Brazil,Portuguese,"English, Spanish",Spanish,Portuguese:50|English:50|Spanish:0,100,Portuguese:30|English:70|Spanish:0,100,Portuguese:50|English:50|Spanish:0,100,18,4,Bachelor's,10,10,10,10,10,10,6,11,0,10,CEFR,C2,,,,,23,25,C1,intermediate|advanced,advanced|intermediate,cambridge_22_25_intermediate_advanced,4,18,random,,,,,,,,345.556640625,679.501953125,366.806640625,757.353515625,7,8,,,,,,2026-08-09T14:42:39.026Z,8T7CGK8F,2026-08-09,2026-08-09,11:42:39,2026-08-09 11:42:39,,,,,,,,6986a6c5d1f10ba22361229e,6986a6c5d1f10ba22361229e,,,,
19467,hover_association,2,3,adv,2,2,2,3,100, “Decades ,754,369,,6986a6c5d1f10ba22361229e,6986a6c5d1f10ba22361229e,advanced,2,6986a6c5d1f10ba22361229e,6986a6c5d1f10ba22361229e,spotlight_PROLIFIC,,39,Brazil,Portuguese,"English, Spanish",Spanish,Portuguese:50|English:50|Spanish:0,100,Portuguese:30|English:70|Spanish:0,100,Portuguese:50|English:50|Spanish:0,100,18,4,Bachelor's,10,10,10,10,10,10,6,11,0,10,CEFR,C2,,,,,23,25,C1,intermediate|advanced,advanced|intermediate,cambridge_22_25_intermediate_advanced,4,18,random,,hover,366.7000000476837,366.7000000476837,0.057777220270948317,0.820458984375,159,336.181640625,679.501953125,376.181640625,757.353515625,7,8,,,,,,2026-08-09T14:42:39.026Z,8T7CGK8F,2026-08-09,2026-08-09,11:42:39,2026-08-09 11:42:39,,,,,,,,6986a6c5d1f10ba22361229e,6986a6c5d1f10ba22361229e,,,,
19487,raw_position_sample,2,3,adv,2,2,2,3,99, said: ,667,366,498125.59999990463,6986a6c5d1f10ba22361229e,6986a6c5d1f10ba22361229e,advanced,2,6986a6c5d1f10ba22361229e,6986a6c5d1f10ba22361229e,spotlight_PROLIFIC,,39,Brazil,Portuguese,"English, Spanish",Spanish,Portuguese:50|English:50|Spanish:0,100,Portuguese:30|English:70|Spanish:0,100,Portuguese:50|English:50|Spanish:0,100,18,4,Bachelor's,10,10,10,10,10,10,6,11,0,10,CEFR,C2,,,,,23,25,C1,intermediate|advanced,advanced|intermediate,cambridge_22_25_intermediate_advanced,4,18,random,,,,,,,,345.556640625,639.8828125,366.806640625,679.501953125,7,7,,,,,,2026-08-09T14:42:39.026Z,8T7CGK8F,2026-08-09,2026-08-09,11:42:39,2026-08-09 11:42:39,,,,,,,,6986a6c5d1f10ba22361229e,6986a6c5d1f10ba22361229e,,,,
19537,raw_position_sample,2,3,adv,2,2,2,3,99, said: ,644,362,498176,6986a6c5d1f10ba22361229e,6986a6c5d1f10ba22361229e,advanced,2,6986a6c5d1f10ba22361229e,6986a6c5d1f10ba22361229e,spotlight_PROLIFIC,,39,Brazil,Portuguese,"English, Spanish",Spanish,Portuguese:50|English:50|Spanish:0,100,Portuguese:30|English:70|Spanish:0,100,Portuguese:50|English:50|Spanish:0,100,18,4,Bachelor's,10,10,10,10,10,10,6,11,0,10,CEFR,C2,,,,,23,25,C1,intermediate|advanced,advanced|intermediate,cambridge_22_25_intermediate_advanced,4,18,random,,,,,,,,345.556640625,639.8828125,366.806640625,679.501953125,7,7,,,,,,2026-08-09T14:42:39.026Z,8T7CGK8F,2026-08-09,2026-08-09,11:42:39,2026-08-09 11:42:39,,,,,,,,6986a6c5d1f10ba22361229e,6986a6c5d1f10ba22361229e,,,,
19584,hover_association,2,3,adv,2,2,2,3,99, said: ,676,368,,6986a6c5d1f10ba22361229e,6986a6c5d1f10ba22361229e,advanced,2,6986a6c5d1f10ba22361229e,6986a6c5d1f10ba22361229e,spotlight_PROLIFIC,,39,Brazil,Portuguese,"English, Spanish",Spanish,Portuguese:50|English:50|Spanish:0,100,Portuguese:30|English:70|Spanish:0,100,Portuguese:50|English:50|Spanish:0,100,18,4,Bachelor's,10,10,10,10,10,10,6,11,0,10,CEFR,C2,,,,,23,25,C1,intermediate|advanced,advanced|intermediate,cambridge_22_25_intermediate_advanced,4,18,random,,hover,116.70000004768372,116.70000004768372,0.0029578506285432584,0.620458984375,159,336.181640625,639.8828125,376.181640625,679.501953125,7,7,,,,,,2026-08-09T14:42:39.026Z,8T7CGK8F,2026-08-09,2026-08-09,11:42:39,2026-08-09 11:42:39,,,,,,,,6986a6c5d1f10ba22361229e,6986a6c5d1f10ba22361229e,,,,
19587,raw_position_sample,2,3,adv,2,2,2,3,98," Anderson, ",639,361,498226.2000000477,6986a6c5d1f10ba22361229e,6986a6c5d1f10ba22361229e,advanced,2,6986a6c5d1f10ba22361229e,6986a6c5d1f10ba22361229e,spotlight_PROLIFIC,,39,Brazil,Portuguese,"English, Spanish",Spanish,Portuguese:50|English:50|Spanish:0,100,Portuguese:30|English:70|Spanish:0,100,Portuguese:50|English:50|Spanish:0,100,18,4,Bachelor's,10,10,10,10,10,10,6,11,0,10,CEFR,C2,,,,,23,25,C1,intermediate|advanced,advanced|intermediate,cambridge_22_25_intermediate_advanced,4,18,random,,,,,,,,345.556640625,555.76171875,366.806640625,639.8828125,7,6,,,,,,2026-08-09T14:42:39.026Z,8T7CGK8F,2026-08-09,2026-08-09,11:42:39,2026-08-09 11:42:39,,,,,,,,6986a6c5d1f10ba22361229e,6986a6c5d1f10ba22361229e,,,,
19636,raw_position_sample,2,3,adv,2,2,2,3,98," Anderson, ",638,360,498275.2999999523,6986a6c5d1f10ba22361229e,6986a6c5d1f10ba22361229e,advanced,2,6986a6c5d1f10ba22361229e,6986a6c5d1f10ba22361229e,spotlight_PROLIFIC,,39,Brazil,Portuguese,"English, Spanish",Spanish,Portuguese:50|English:50|Spanish:0,100,Portuguese:30|English:70|Spanish:0,100,Portuguese:50|English:50|Spanish:0,100,18,4,Bachelor's,10,10,10,10,10,10,6,11,0,10,CEFR,C2,,,,,23,25,C1,intermediate|advanced,advanced|intermediate,cambridge_22_25_intermediate_advanced,4,18,random,,,,,,,,345.556640625,555.76171875,366.806640625,639.8828125,7,6,,,,,,2026-08-09T14:42:39.026Z,8T7CGK8F,2026-08-09,2026-08-09,11:42:39,2026-08-09 11:42:39,,,,,,,,6986a6c5d1f10ba22361229e,6986a6c5d1f10ba22361229e,,,,
19686,raw_position_sample,2,3,adv,2,2,2,3,98," Anderson, ",637,360,498325.39999985695,6986a6c5d1f10ba22361229e,6986a6c5d1f10ba22361229e,advanced,2,6986a6c5d1f10ba22361229e,6986a6c5d1f10ba22361229e,spotlight_PROLIFIC,,39,Brazil,Portuguese,"English, Spanish",Spanish,Portuguese:50|English:50|Spanish:0,100,Portuguese:30|English:70|Spanish:0,100,Portuguese:50|English:50|Spanish:0,100,18,4,Bachelor's,10,10,10,10,10,10,6,11,0,10,CEFR,C2,,,,,23,25,C1,intermediate|advanced,advanced|intermediate,cambridge_22_25_intermediate_advanced,4,18,random,,,,,,,,345.556640625,555.76171875,366.806640625,639.8828125,7,6,,,,,,2026-08-09T14:42:39.026Z,8T7CGK8F,2026-08-09,2026-08-09,11:42:39,2026-08-09 11:42:39,,,,,,,,6986a6c5d1f10ba22361229e,6986a6c5d1f10ba22361229e,,,,
19737,raw_position_sample,2,3,adv,2,2,2,3,98," Anderson, ",636,360,498376.09999990463,6986a6c5d1f10ba22361229e,6986a6c5d1f10ba22361229e,advanced,2,6986a6c5d1f10ba22361229e,6986a6c5d1f10ba22361229e,spotlight_PROLIFIC,,39,Brazil,Portuguese,"English, Spanish",Spanish,Portuguese:50|English:50|Spanish:0,100,Portuguese:30|English:70|Spanish:0,100,Portuguese:50|English:50|Spanish:0,100,18,4,Bachelor's,10,10,10,10,10,10,6,11,0,10,CEFR,C2,,,,,23,25,C1,intermediate|advanced,advanced|intermediate,cambridge_22_25_intermediate_advanced,4,18,random,,,,,,,,345.556640625,555.76171875,366.806640625,639.8828125,7,6,,,,,,2026-08-09T14:42:39.026Z,8T7CGK8F,2026-08-09,2026-08-09,11:42:39,2026-08-09 11:42:39,,,,,,,,6986a6c5d1f10ba22361229e,6986a6c5d1f10ba22361229e,,,,
19787,raw_position_sample,2,3,adv,2,2,2,3,98," Anderson, ",637,360,498426.09999990463,6986a6c5d1f10ba22361229e,6986a6c5d1f10ba22361229e,advanced,2,6986a6c5d1f10ba22361229e,6986a6c5d1f10ba22361229e,spotlight_PROLIFIC,,39,Brazil,Portuguese,"English, Spanish",Spanish,Portuguese:50|English:50|Spanish:0,100,Portuguese:30|English:70|Spanish:0,100,Portuguese:50|English:50|Spanish:0,100,18,4,Bachelor's,10,10,10,10,10,10,6,11,0,10,CEFR,C2,,,,,23,25,C1,intermediate|advanced,advanced|intermediate,cambridge_22_25_intermediate_advanced,4,18,random,,,,,,,,345.556640625,555.76171875,366.806640625,639.8828125,7,6,,,,,,2026-08-09T14:42:39.026Z,8T7CGK8F,2026-08-09,2026-08-09,11:42:39,2026-08-09 11:42:39,,,,,,,,6986a6c5d1f10ba22361229e,6986a6c5d1f10ba22361229e,,,,
19817,hover_association,2,3,adv,2,2,2,3,98," Anderson, ",639,361,,6986a6c5d1f10ba22361229e,6986a6c5d1f10ba22361229e,advanced,2,6986a6c5d1f10ba22361229e,6986a6c5d1f10ba22361229e,spotlight_PROLIFIC,,39,Brazil,Portuguese,"English, Spanish",Spanish,Portuguese:50|English:50|Spanish:0,100,Portuguese:30|English:70|Spanish:0,100,Portuguese:50|English:50|Spanish:0,100,18,4,Bachelor's,10,10,10,10,10,10,6,11,0,10,CEFR,C2,,,,,23,25,C1,intermediate|advanced,advanced|intermediate,cambridge_22_25_intermediate_advanced,4,18,random,,hover,233.29999995231628,233.29999995231628,0.9657302066403529,0.595458984375,159,336.181640625,555.76171875,376.181640625,639.8828125,7,6,,,,,,2026-08-09T14:42:39.026Z,8T7CGK8F,2026-08-09,2026-08-09,11:42:39,2026-08-09 11:42:39,,,,,,,,6986a6c5d1f10ba22361229e,6986a6c5d1f10ba22361229e,,,,
19837,raw_position_sample,2,3,adv,2,2,2,3,99, said: ,650,360,498475.89999985695,6986a6c5d1f10ba22361229e,6986a6c5d1f10ba22361229e,advanced,2,6986a6c5d1f10ba22361229e,6986a6c5d1f10ba22361229e,spotlight_PROLIFIC,,39,Brazil,Portuguese,"English, Spanish",Spanish,Portuguese:50|English:50|Spanish:0,100,Portuguese:30|English:70|Spanish:0,100,Portuguese:50|English:50|Spanish:0,100,18,4,Bachelor's,10,10,10,10,10,10,6,11,0,10,CEFR,C2,,,,,23,25,C1,intermediate|advanced,advanced|intermediate,cambridge_22_25_intermediate_advanced,4,18,random,,,,,,,,345.556640625,639.8828125,366.806640625,679.501953125,7,7,,,,,,2026-08-09T14:42:39.026Z,8T7CGK8F,2026-08-09,2026-08-09,11:42:39,2026-08-09 11:42:39,,,,,,,,6986a6c5d1f10ba22361229e,6986a6c5d1f10ba22361229e,,,,
19887,raw_position_sample,2,3,adv,2,2,2,3,99, said: ,664,360,498526.2000000477,6986a6c5d1f10ba22361229e,6986a6c5d1f10ba22361229e,advanced,2,6986a6c5d1f10ba22361229e,6986a6c5d1f10ba22361229e,spotlight_PROLIFIC,,39,Brazil,Portuguese,"English, Spanish",Spanish,Portuguese:50|English:50|Spanish:0,100,Portuguese:30|English:70|Spanish:0,100,Portuguese:50|English:50|Spanish:0,100,18,4,Bachelor's,10,10,10,10,10,10,6,11,0,10,CEFR,C2,,,,,23,25,C1,intermediate|advanced,advanced|intermediate,cambridge_22_25_intermediate_advanced,4,18,random,,,,,,,,345.556640625,639.8828125,366.806640625,679.501953125,7,7,,,,,,2026-08-09T14:42:39.026Z,8T7CGK8F,2026-08-09,2026-08-09,11:42:39,2026-08-09 11:42:39,,,,,,,,6986a6c5d1f10ba22361229e,6986a6c5d1f10ba22361229e,,,,
19937,raw_position_sample,2,3,adv,2,2,2,3,99, said: ,678,360,498575.7999999523,6986a6c5d1f10ba22361229e,6986a6c5d1f10ba22361229e,advanced,2,6986a6c5d1f10ba22361229e,6986a6c5d1f10ba22361229e,spotlight_PROLIFIC,,39,Brazil,Portuguese,"English, Spanish",Spanish,Portuguese:50|English:50|Spanish:0,100,Portuguese:30|English:70|Spanish:0,100,Portuguese:50|English:50|Spanish:0,100,18,4,Bachelor's,10,10,10,10,10,10,6,11,0,10,CEFR,C2,,,,,23,25,C1,intermediate|advanced,advanced|intermediate,cambridge_22_25_intermediate_advanced,4,18,random,,,,,,,,345.556640625,639.8828125,366.806640625,679.501953125,7,7,,,,,,2026-08-09T14:42:39.026Z,8T7CGK8F,2026-08-09,2026-08-09,11:42:39,2026-08-09 11:42:39,,,,,,,,6986a6c5d1f10ba22361229e,6986a6c5d1f10ba22361229e,,,,
19951,hover_association,2,3,adv,2,2,2,3,99, said: ,645,360,,6986a6c5d1f10ba22361229e,6986a6c5d1f10ba22361229e,advanced,2,6986a6c5d1f10ba22361229e,6986a6c5d1f10ba22361229e,spotlight_PROLIFIC,,39,Brazil,Portuguese,"English, Spanish",Spanish,Portuguese:50|English:50|Spanish:0,100,Portuguese:30|English:70|Spanish:0,100,Portuguese:50|English:50|Spanish:0,100,18,4,Bachelor's,10,10,10,10,10,10,6,11,0,10,CEFR,C2,,,,,23,25,C1,intermediate|advanced,advanced|intermediate,cambridge_22_25_intermediate_advanced,4,18,random,,hover,133.39999985694885,133.39999985694885,0.9620902144441705,0.595458984375,159,336.181640625,639.8828125,376.181640625,679.501953125,7,7,,,,,,2026-08-09T14:42:39.026Z,8T7CGK8F,2026-08-09,2026-08-09,11:42:39,2026-08-09 11:42:39,,,,,,,,6986a6c5d1f10ba22361229e,6986a6c5d1f10ba22361229e,,,,
19987,raw_position_sample,2,3,adv,2,2,2,3,100, “Decades ,695,361,498626,6986a6c5d1f10ba22361229e,6986a6c5d1f10ba22361229e,advanced,2,6986a6c5d1f10ba22361229e,6986a6c5d1f10ba22361229e,spotlight_PROLIFIC,,39,Brazil,Portuguese,"English, Spanish",Spanish,Portuguese:50|English:50|Spanish:0,100,Portuguese:30|English:70|Spanish:0,100,Portuguese:50|English:50|Spanish:0,100,18,4,Bachelor's,10,10,10,10,10,10,6,11,0,10,CEFR,C2,,,,,23,25,C1,intermediate|advanced,advanced|intermediate,cambridge_22_25_intermediate_advanced,4,18,random,,,,,,,,345.556640625,679.501953125,366.806640625,757.353515625,7,8,,,,,,2026-08-09T14:42:39.026Z,8T7CGK8F,2026-08-09,2026-08-09,11:42:39,2026-08-09 11:42:39,,,,,,,,6986a6c5d1f10ba22361229e,6986a6c5d1f10ba22361229e,,,,
20037,raw_position_sample,2,3,adv,2,2,2,3,100, “Decades ,722,361,498675.7999999523,6986a6c5d1f10ba22361229e,6986a6c5d1f10ba22361229e,advanced,2,6986a6c5d1f10ba22361229e,6986a6c5d1f10ba22361229e,spotlight_PROLIFIC,,39,Brazil,Portuguese,"English, Spanish",Spanish,Portuguese:50|English:50|Spanish:0,100,Portuguese:30|English:70|Spanish:0,100,Portuguese:50|English:50|Spanish:0,100,18,4,Bachelor's,10,10,10,10,10,10,6,11,0,10,CEFR,C2,,,,,23,25,C1,intermediate|advanced,advanced|intermediate,cambridge_22_25_intermediate_advanced,4,18,random,,,,,,,,345.556640625,679.501953125,366.806640625,757.353515625,7,8,,,,,,2026-08-09T14:42:39.026Z,8T7CGK8F,2026-08-09,2026-08-09,11:42:39,2026-08-09 11:42:39,,,,,,,,6986a6c5d1f10ba22361229e,6986a6c5d1f10ba22361229e,,,,
20087,raw_position_sample,2,3,adv,2,2,2,3,100, “Decades ,729,360,498725.7999999523,6986a6c5d1f10ba22361229e,6986a6c5d1f10ba22361229e,advanced,2,6986a6c5d1f10ba22361229e,6986a6c5d1f10ba22361229e,spotlight_PROLIFIC,,39,Brazil,Portuguese,"English, Spanish",Spanish,Portuguese:50|English:50|Spanish:0,100,Portuguese:30|English:70|Spanish:0,100,Portuguese:50|English:50|Spanish:0,100,18,4,Bachelor's,10,10,10,10,10,10,6,11,0,10,CEFR,C2,,,,,23,25,C1,intermediate|advanced,advanced|intermediate,cambridge_22_25_intermediate_advanced,4,18,random,,,,,,,,345.556640625,679.501953125,366.806640625,757.353515625,7,8,,,,,,2026-08-09T14:42:39.026Z,8T7CGK8F,2026-08-09,2026-08-09,11:42:39,2026-08-09 11:42:39,,,,,,,,6986a6c5d1f10ba22361229e,6986a6c5d1f10ba22361229e,,,,
20137,raw_position_sample,2,3,adv,2,2,2,3,100, “Decades ,732,360,498776,6986a6c5d1f10ba22361229e,6986a6c5d1f10ba22361229e,advanced,2,6986a6c5d1f10ba22361229e,6986a6c5d1f10ba22361229e,spotlight_PROLIFIC,,39,Brazil,Portuguese,"English, Spanish",Spanish,Portuguese:50|English:50|Spanish:0,100,Portuguese:30|English:70|Spanish:0,100,Portuguese:50|English:50|Spanish:0,100,18,4,Bachelor's,10,10,10,10,10,10,6,11,0,10,CEFR,C2,,,,,23,25,C1,intermediate|advanced,advanced|intermediate,cambridge_22_25_intermediate_advanced,4,18,random,,,,,,,,345.556640625,679.501953125,366.806640625,757.353515625,7,8,,,,,,2026-08-09T14:42:39.026Z,8T7CGK8F,2026-08-09,2026-08-09,11:42:39,2026-08-09 11:42:39,,,,,,,,6986a6c5d1f10ba22361229e,6986a6c5d1f10ba22361229e,,,,
20187,raw_position_sample,2,3,adv,2,2,2,3,100, “Decades ,735,360,498826.09999990463,6986a6c5d1f10ba22361229e,6986a6c5d1f10ba22361229e,advanced,2,6986a6c5d1f10ba22361229e,6986a6c5d1f10ba22361229e,spotlight_PROLIFIC,,39,Brazil,Portuguese,"English, Spanish",Spanish,Portuguese:50|English:50|Spanish:0,100,Portuguese:30|English:70|Spanish:0,100,Portuguese:50|English:50|Spanish:0,100,18,4,Bachelor's,10,10,10,10,10,10,6,11,0,10,CEFR,C2,,,,,23,25,C1,intermediate|advanced,advanced|intermediate,cambridge_22_25_intermediate_advanced,4,18,random,,,,,,,,345.556640625,679.501953125,366.806640625,757.353515625,7,8,,,,,,2026-08-09T14:42:39.026Z,8T7CGK8F,2026-08-09,2026-08-09,11:42:39,2026-08-09 11:42:39,,,,,,,,6986a6c5d1f10ba22361229e,6986a6c5d1f10ba22361229e,,,,
20237,raw_position_sample,2,3,adv,2,2,2,3,100, “Decades ,743,360,498876,6986a6c5d1f10ba22361229e,6986a6c5d1f10ba22361229e,advanced,2,6986a6c5d1f10ba22361229e,6986a6c5d1f10ba22361229e,spotlight_PROLIFIC,,39,Brazil,Portuguese,"English, Spanish",Spanish,Portuguese:50|English:50|Spanish:0,100,Portuguese:30|English:70|Spanish:0,100,Portuguese:50|English:50|Spanish:0,100,18,4,Bachelor's,10,10,10,10,10,10,6,11,0,10,CEFR,C2,,,,,23,25,C1,intermediate|advanced,advanced|intermediate,cambridge_22_25_intermediate_advanced,4,18,random,,,,,,,,345.556640625,679.501953125,366.806640625,757.353515625,7,8,,,,,,2026-08-09T14:42:39.026Z,8T7CGK8F,2026-08-09,2026-08-09,11:42:39,2026-08-09 11:42:39,,,,,,,,6986a6c5d1f10ba22361229e,6986a6c5d1f10ba22361229e,,,,
20287,raw_position_sample,2,3,adv,2,2,2,3,100, “Decades ,753,362,498925.89999985695,6986a6c5d1f10ba22361229e,6986a6c5d1f10ba22361229e,advanced,2,6986a6c5d1f10ba22361229e,6986a6c5d1f10ba22361229e,spotlight_PROLIFIC,,39,Brazil,Portuguese,"English, Spanish",Spanish,Portuguese:50|English:50|Spanish:0,100,Portuguese:30|English:70|Spanish:0,100,Portuguese:50|English:50|Spanish:0,100,18,4,Bachelor's,10,10,10,10,10,10,6,11,0,10,CEFR,C2,,,,,23,25,C1,intermediate|advanced,advanced|intermediate,cambridge_22_25_intermediate_advanced,4,18,random,,,,,,,,345.556640625,679.501953125,366.806640625,757.353515625,7,8,,,,,,2026-08-09T14:42:39.026Z,8T7CGK8F,2026-08-09,2026-08-09,11:42:39,2026-08-09 11:42:39,,,,,,,,6986a6c5d1f10ba22361229e,6986a6c5d1f10ba22361229e,,,,
20317,hover_association,2,3,adv,2,2,2,3,100, “Decades ,683,360,,6986a6c5d1f10ba22361229e,6986a6c5d1f10ba22361229e,advanced,2,6986a6c5d1f10ba22361229e,6986a6c5d1f10ba22361229e,spotlight_PROLIFIC,,39,Brazil,Portuguese,"English, Spanish",Spanish,Portuguese:50|English:50|Spanish:0,100,Portuguese:30|English:70|Spanish:0,100,Portuguese:50|English:50|Spanish:0,100,18,4,Bachelor's,10,10,10,10,10,10,6,11,0,10,CEFR,C2,,,,,23,25,C1,intermediate|advanced,advanced|intermediate,cambridge_22_25_intermediate_advanced,4,18,random,,hover,366.7000000476837,366.7000000476837,0.9954591068740593,0.670458984375,159,336.181640625,679.501953125,376.181640625,757.353515625,7,8,,,,,,2026-08-09T14:42:39.026Z,8T7CGK8F,2026-08-09,2026-08-09,11:42:39,2026-08-09 11:42:39,,,,,,,,6986a6c5d1f10ba22361229e,6986a6c5d1f10ba22361229e,,,,
20337,raw_position_sample,2,3,adv,2,2,2,3,101, of ,764,365,498975.89999985695,6986a6c5d1f10ba22361229e,6986a6c5d1f10ba22361229e,advanced,2,6986a6c5d1f10ba22361229e,6986a6c5d1f10ba22361229e,spotlight_PROLIFIC,,39,Brazil,Portuguese,"English, Spanish",Spanish,Portuguese:50|English:50|Spanish:0,100,Portuguese:30|English:70|Spanish:0,100,Portuguese:50|English:50|Spanish:0,100,18,4,Bachelor's,10,10,10,10,10,10,6,11,0,10,CEFR,C2,,,,,23,25,C1,intermediate|advanced,advanced|intermediate,cambridge_22_25_intermediate_advanced,4,18,random,,,,,,,,345.556640625,757.353515625,366.806640625,776.904296875,7,9,,,,,,2026-08-09T14:42:39.026Z,8T7CGK8F,2026-08-09,2026-08-09,11:42:39,2026-08-09 11:42:39,,,,,,,,6986a6c5d1f10ba22361229e,6986a6c5d1f10ba22361229e,,,,
20387,raw_position_sample,2,3,adv,2,2,2,3,101, of ,769,367,499025.7999999523,6986a6c5d1f10ba22361229e,6986a6c5d1f10ba22361229e,advanced,2,6986a6c5d1f10ba22361229e,6986a6c5d1f10ba22361229e,spotlight_PROLIFIC,,39,Brazil,Portuguese,"English, Spanish",Spanish,Portuguese:50|English:50|Spanish:0,100,Portuguese:30|English:70|Spanish:0,100,Portuguese:50|English:50|Spanish:0,100,18,4,Bachelor's,10,10,10,10,10,10,6,11,0,10,CEFR,C2,,,,,23,25,C1,intermediate|advanced,advanced|intermediate,cambridge_22_25_intermediate_advanced,4,18,random,,,,,,,,345.556640625,757.353515625,366.806640625,776.904296875,7,9,,,,,,2026-08-09T14:42:39.026Z,8T7CGK8F,2026-08-09,2026-08-09,11:42:39,2026-08-09 11:42:39,,,,,,,,6986a6c5d1f10ba22361229e,6986a6c5d1f10ba22361229e,,,,
20437,raw_position_sample,2,3,adv,2,2,2,3,101, of ,773,370,499075.89999985695,6986a6c5d1f10ba22361229e,6986a6c5d1f10ba22361229e,advanced,2,6986a6c5d1f10ba22361229e,6986a6c5d1f10ba22361229e,spotlight_PROLIFIC,,39,Brazil,Portuguese,"English, Spanish",Spanish,Portuguese:50|English:50|Spanish:0,100,Portuguese:30|English:70|Spanish:0,100,Portuguese:50|English:50|Spanish:0,100,18,4,Bachelor's,10,10,10,10,10,10,6,11,0,10,CEFR,C2,,,,,23,25,C1,intermediate|advanced,advanced|intermediate,cambridge_22_25_intermediate_advanced,4,18,random,,,,,,,,345.556640625,757.353515625,366.806640625,776.904296875,7,9,,,,,,2026-08-09T14:42:39.026Z,8T7CGK8F,2026-08-09,2026-08-09,11:42:39,2026-08-09 11:42:39,,,,,,,,6986a6c5d1f10ba22361229e,6986a6c5d1f10ba22361229e,,,,
20467,hover_association,2,3,adv,2,2,2,3,101, of ,761,364,,6986a6c5d1f10ba22361229e,6986a6c5d1f10ba22361229e,advanced,2,6986a6c5d1f10ba22361229e,6986a6c5d1f10ba22361229e,spotlight_PROLIFIC,,39,Brazil,Portuguese,"English, Spanish",Spanish,Portuguese:50|English:50|Spanish:0,100,Portuguese:30|English:70|Spanish:0,100,Portuguese:50|English:50|Spanish:0,100,18,4,Bachelor's,10,10,10,10,10,10,6,11,0,10,CEFR,C2,,,,,23,25,C1,intermediate|advanced,advanced|intermediate,cambridge_22_25_intermediate_advanced,4,18,random,,hover,149.90000009536743,149.90000009536743,0.9025974025974026,0.895458984375,159,336.181640625,757.353515625,376.181640625,776.904296875,7,9,,,,,,2026-08-09T14:42:39.026Z,8T7CGK8F,2026-08-09,2026-08-09,11:42:39,2026-08-09 11:42:39,,,,,,,,6986a6c5d1f10ba22361229e,6986a6c5d1f10ba22361229e,,,,
20487,raw_position_sample,2,3,adv,2,2,2,3,102, deception ,781,375,499125.89999985695,6986a6c5d1f10ba22361229e,6986a6c5d1f10ba22361229e,advanced,2,6986a6c5d1f10ba22361229e,6986a6c5d1f10ba22361229e,spotlight_PROLIFIC,,39,Brazil,Portuguese,"English, Spanish",Spanish,Portuguese:50|English:50|Spanish:0,100,Portuguese:30|English:70|Spanish:0,100,Portuguese:50|English:50|Spanish:0,100,18,4,Bachelor's,10,10,10,10,10,10,6,11,0,10,CEFR,C2,,,,,23,25,C1,intermediate|advanced,advanced|intermediate,cambridge_22_25_intermediate_advanced,4,18,random,,,,,,,,345.556640625,776.904296875,366.806640625,858.984375,7,10,,,,,,2026-08-09T14:42:39.026Z,8T7CGK8F,2026-08-09,2026-08-09,11:42:39,2026-08-09 11:42:39,,,,,,,,6986a6c5d1f10ba22361229e,6986a6c5d1f10ba22361229e,,,,
20537,raw_position_sample,2,3,adv,2,2,2,3,102, deception ,801,376,499175.89999985695,6986a6c5d1f10ba22361229e,6986a6c5d1f10ba22361229e,advanced,2,6986a6c5d1f10ba22361229e,6986a6c5d1f10ba22361229e,spotlight_PROLIFIC,,39,Brazil,Portuguese,"English, Spanish",Spanish,Portuguese:50|English:50|Spanish:0,100,Portuguese:30|English:70|Spanish:0,100,Portuguese:50|English:50|Spanish:0,100,18,4,Bachelor's,10,10,10,10,10,10,6,11,0,10,CEFR,C2,,,,,23,25,C1,intermediate|advanced,advanced|intermediate,cambridge_22_25_intermediate_advanced,4,18,random,,,,,,,,345.556640625,776.904296875,366.806640625,858.984375,7,10,,,,,,2026-08-09T14:42:39.026Z,8T7CGK8F,2026-08-09,2026-08-09,11:42:39,2026-08-09 11:42:39,,,,,,,,6986a6c5d1f10ba22361229e,6986a6c5d1f10ba22361229e,,,,
20587,raw_position_sample,2,3,adv,2,2,2,3,102, deception ,838,368,499226.09999990463,6986a6c5d1f10ba22361229e,6986a6c5d1f10ba22361229e,advanced,2,6986a6c5d1f10ba22361229e,6986a6c5d1f10ba22361229e,spotlight_PROLIFIC,,39,Brazil,Portuguese,"English, Spanish",Spanish,Portuguese:50|English:50|Spanish:0,100,Portuguese:30|English:70|Spanish:0,100,Portuguese:50|English:50|Spanish:0,100,18,4,Bachelor's,10,10,10,10,10,10,6,11,0,10,CEFR,C2,,,,,23,25,C1,intermediate|advanced,advanced|intermediate,cambridge_22_25_intermediate_advanced,4,18,random,,,,,,,,345.556640625,776.904296875,366.806640625,858.984375,7,10,,,,,,2026-08-09T14:42:39.026Z,8T7CGK8F,2026-08-09,2026-08-09,11:42:39,2026-08-09 11:42:39,,,,,,,,6986a6c5d1f10ba22361229e,6986a6c5d1f10ba22361229e,,,,
20637,raw_position_sample,2,3,adv,2,2,2,3,102, deception ,857,361,499276.09999990463,6986a6c5d1f10ba22361229e,6986a6c5d1f10ba22361229e,advanced,2,6986a6c5d1f10ba22361229e,6986a6c5d1f10ba22361229e,spotlight_PROLIFIC,,39,Brazil,Portuguese,"English, Spanish",Spanish,Portuguese:50|English:50|Spanish:0,100,Portuguese:30|English:70|Spanish:0,100,Portuguese:50|English:50|Spanish:0,100,18,4,Bachelor's,10,10,10,10,10,10,6,11,0,10,CEFR,C2,,,,,23,25,C1,intermediate|advanced,advanced|intermediate,cambridge_22_25_intermediate_advanced,4,18,random,,,,,,,,345.556640625,776.904296875,366.806640625,858.984375,7,10,,,,,,2026-08-09T14:42:39.026Z,8T7CGK8F,2026-08-09,2026-08-09,11:42:39,2026-08-09 11:42:39,,,,,,,,6986a6c5d1f10ba22361229e,6986a6c5d1f10ba22361229e,,,,
20651,hover_association,2,3,adv,2,2,2,3,102, deception ,778,374,,6986a6c5d1f10ba22361229e,6986a6c5d1f10ba22361229e,advanced,2,6986a6c5d1f10ba22361229e,6986a6c5d1f10ba22361229e,spotlight_PROLIFIC,,39,Brazil,Portuguese,"English, Spanish",Spanish,Portuguese:50|English:50|Spanish:0,100,Portuguese:30|English:70|Spanish:0,100,Portuguese:50|English:50|Spanish:0,100,18,4,Bachelor's,10,10,10,10,10,10,6,11,0,10,CEFR,C2,,,,,23,25,C1,intermediate|advanced,advanced|intermediate,cambridge_22_25_intermediate_advanced,4,18,random,,hover,183.29999995231628,183.29999995231628,0.9758239143367043,0.620458984375,159,336.181640625,776.904296875,376.181640625,858.984375,7,10,,,,,,2026-08-09T14:42:39.026Z,8T7CGK8F,2026-08-09,2026-08-09,11:42:39,2026-08-09 11:42:39,,,,,,,,6986a6c5d1f10ba22361229e,6986a6c5d1f10ba22361229e,,,,
20687,raw_position_sample,2,3,adv,2,2,2,3,103, research ,864,360,499326,6986a6c5d1f10ba22361229e,6986a6c5d1f10ba22361229e,advanced,2,6986a6c5d1f10ba22361229e,6986a6c5d1f10ba22361229e,spotlight_PROLIFIC,,39,Brazil,Portuguese,"English, Spanish",Spanish,Portuguese:50|English:50|Spanish:0,100,Portuguese:30|English:70|Spanish:0,100,Portuguese:50|English:50|Spanish:0,100,18,4,Bachelor's,10,10,10,10,10,10,6,11,0,10,CEFR,C2,,,,,23,25,C1,intermediate|advanced,advanced|intermediate,cambridge_22_25_intermediate_advanced,4,18,random,,,,,,,,345.556640625,858.984375,366.806640625,931.19140625,7,11,,,,,,2026-08-09T14:42:39.026Z,8T7CGK8F,2026-08-09,2026-08-09,11:42:39,2026-08-09 11:42:39,,,,,,,,6986a6c5d1f10ba22361229e,6986a6c5d1f10ba22361229e,,,,
20737,raw_position_sample,2,3,adv,2,2,2,3,103, research ,872,360,499376.09999990463,6986a6c5d1f10ba22361229e,6986a6c5d1f10ba22361229e,advanced,2,6986a6c5d1f10ba22361229e,6986a6c5d1f10ba22361229e,spotlight_PROLIFIC,,39,Brazil,Portuguese,"English, Spanish",Spanish,Portuguese:50|English:50|Spanish:0,100,Portuguese:30|English:70|Spanish:0,100,Portuguese:50|English:50|Spanish:0,100,18,4,Bachelor's,10,10,10,10,10,10,6,11,0,10,CEFR,C2,,,,,23,25,C1,intermediate|advanced,advanced|intermediate,cambridge_22_25_intermediate_advanced,4,18,random,,,,,,,,345.556640625,858.984375,366.806640625,931.19140625,7,11,,,,,,2026-08-09T14:42:39.026Z,8T7CGK8F,2026-08-09,2026-08-09,11:42:39,2026-08-09 11:42:39,,,,,,,,6986a6c5d1f10ba22361229e,6986a6c5d1f10ba22361229e,,,,
20787,raw_position_sample,2,3,adv,2,2,2,3,103, research ,895,363,499426,6986a6c5d1f10ba22361229e,6986a6c5d1f10ba22361229e,advanced,2,6986a6c5d1f10ba22361229e,6986a6c5d1f10ba22361229e,spotlight_PROLIFIC,,39,Brazil,Portuguese,"English, Spanish",Spanish,Portuguese:50|English:50|Spanish:0,100,Portuguese:30|English:70|Spanish:0,100,Portuguese:50|English:50|Spanish:0,100,18,4,Bachelor's,10,10,10,10,10,10,6,11,0,10,CEFR,C2,,,,,23,25,C1,intermediate|advanced,advanced|intermediate,cambridge_22_25_intermediate_advanced,4,18,random,,,,,,,,345.556640625,858.984375,366.806640625,931.19140625,7,11,,,,,,2026-08-09T14:42:39.026Z,8T7CGK8F,2026-08-09,2026-08-09,11:42:39,2026-08-09 11:42:39,,,,,,,,6986a6c5d1f10ba22361229e,6986a6c5d1f10ba22361229e,,,,
20837,raw_position_sample,2,3,adv,2,2,2,3,103, research ,913,365,499476.09999990463,6986a6c5d1f10ba22361229e,6986a6c5d1f10ba22361229e,advanced,2,6986a6c5d1f10ba22361229e,6986a6c5d1f10ba22361229e,spotlight_PROLIFIC,,39,Brazil,Portuguese,"English, Spanish",Spanish,Portuguese:50|English:50|Spanish:0,100,Portuguese:30|English:70|Spanish:0,100,Portuguese:50|English:50|Spanish:0,100,18,4,Bachelor's,10,10,10,10,10,10,6,11,0,10,CEFR,C2,,,,,23,25,C1,intermediate|advanced,advanced|intermediate,cambridge_22_25_intermediate_advanced,4,18,random,,,,,,,,345.556640625,858.984375,366.806640625,931.19140625,7,11,,,,,,2026-08-09T14:42:39.026Z,8T7CGK8F,2026-08-09,2026-08-09,11:42:39,2026-08-09 11:42:39,,,,,,,,6986a6c5d1f10ba22361229e,6986a6c5d1f10ba22361229e,,,,
20887,raw_position_sample,2,3,adv,2,2,2,3,103, research ,916,365,499525.5,6986a6c5d1f10ba22361229e,6986a6c5d1f10ba22361229e,advanced,2,6986a6c5d1f10ba22361229e,6986a6c5d1f10ba22361229e,spotlight_PROLIFIC,,39,Brazil,Portuguese,"English, Spanish",Spanish,Portuguese:50|English:50|Spanish:0,100,Portuguese:30|English:70|Spanish:0,100,Portuguese:50|English:50|Spanish:0,100,18,4,Bachelor's,10,10,10,10,10,10,6,11,0,10,CEFR,C2,,,,,23,25,C1,intermediate|advanced,advanced|intermediate,cambridge_22_25_intermediate_advanced,4,18,random,,,,,,,,345.556640625,858.984375,366.806640625,931.19140625,7,11,,,,,,2026-08-09T14:42:39.026Z,8T7CGK8F,2026-08-09,2026-08-09,11:42:39,2026-08-09 11:42:39,,,,,,,,6986a6c5d1f10ba22361229e,6986a6c5d1f10ba22361229e,,,,
20937,raw_position_sample,2,3,adv,2,2,2,3,103, research ,916,365,499575.39999985695,6986a6c5d1f10ba22361229e,6986a6c5d1f10ba22361229e,advanced,2,6986a6c5d1f10ba22361229e,6986a6c5d1f10ba22361229e,spotlight_PROLIFIC,,39,Brazil,Portuguese,"English, Spanish",Spanish,Portuguese:50|English:50|Spanish:0,100,Portuguese:30|English:70|Spanish:0,100,Portuguese:50|English:50|Spanish:0,100,18,4,Bachelor's,10,10,10,10,10,10,6,11,0,10,CEFR,C2,,,,,23,25,C1,intermediate|advanced,advanced|intermediate,cambridge_22_25_intermediate_advanced,4,18,random,,,,,,,,345.556640625,858.984375,366.806640625,931.19140625,7,11,,,,,,2026-08-09T14:42:39.026Z,8T7CGK8F,2026-08-09,2026-08-09,11:42:39,2026-08-09 11:42:39,,,,,,,,6986a6c5d1f10ba22361229e,6986a6c5d1f10ba22361229e,,,,
20987,raw_position_sample,2,3,adv,2,2,2,3,103, research ,908,364,499626,6986a6c5d1f10ba22361229e,6986a6c5d1f10ba22361229e,advanced,2,6986a6c5d1f10ba22361229e,6986a6c5d1f10ba22361229e,spotlight_PROLIFIC,,39,Brazil,Portuguese,"English, Spanish",Spanish,Portuguese:50|English:50|Spanish:0,100,Portuguese:30|English:70|Spanish:0,100,Portuguese:50|English:50|Spanish:0,100,18,4,Bachelor's,10,10,10,10,10,10,6,11,0,10,CEFR,C2,,,,,23,25,C1,intermediate|advanced,advanced|intermediate,cambridge_22_25_intermediate_advanced,4,18,random,,,,,,,,345.556640625,858.984375,366.806640625,931.19140625,7,11,,,,,,2026-08-09T14:42:39.026Z,8T7CGK8F,2026-08-09,2026-08-09,11:42:39,2026-08-09 11:42:39,,,,,,,,6986a6c5d1f10ba22361229e,6986a6c5d1f10ba22361229e,,,,
21037,raw_position_sample,2,3,adv,2,2,2,3,103, research ,890,361,499675.89999985695,6986a6c5d1f10ba22361229e,6986a6c5d1f10ba22361229e,advanced,2,6986a6c5d1f10ba22361229e,6986a6c5d1f10ba22361229e,spotlight_PROLIFIC,,39,Brazil,Portuguese,"English, Spanish",Spanish,Portuguese:50|English:50|Spanish:0,100,Portuguese:30|English:70|Spanish:0,100,Portuguese:50|English:50|Spanish:0,100,18,4,Bachelor's,10,10,10,10,10,10,6,11,0,10,CEFR,C2,,,,,23,25,C1,intermediate|advanced,advanced|intermediate,cambridge_22_25_intermediate_advanced,4,18,random,,,,,,,,345.556640625,858.984375,366.806640625,931.19140625,7,11,,,,,,2026-08-09T14:42:39.026Z,8T7CGK8F,2026-08-09,2026-08-09,11:42:39,2026-08-09 11:42:39,,,,,,,,6986a6c5d1f10ba22361229e,6986a6c5d1f10ba22361229e,,,,
21087,raw_position_sample,2,3,adv,2,2,2,3,103, research ,871,358,499726.09999990463,6986a6c5d1f10ba22361229e,6986a6c5d1f10ba22361229e,advanced,2,6986a6c5d1f10ba22361229e,6986a6c5d1f10ba22361229e,spotlight_PROLIFIC,,39,Brazil,Portuguese,"English, Spanish",Spanish,Portuguese:50|English:50|Spanish:0,100,Portuguese:30|English:70|Spanish:0,100,Portuguese:50|English:50|Spanish:0,100,18,4,Bachelor's,10,10,10,10,10,10,6,11,0,10,CEFR,C2,,,,,23,25,C1,intermediate|advanced,advanced|intermediate,cambridge_22_25_intermediate_advanced,4,18,random,,,,,,,,345.556640625,858.984375,366.806640625,931.19140625,7,11,,,,,,2026-08-09T14:42:39.026Z,8T7CGK8F,2026-08-09,2026-08-09,11:42:39,2026-08-09 11:42:39,,,,,,,,6986a6c5d1f10ba22361229e,6986a6c5d1f10ba22361229e,,,,
21134,hover_association,2,3,adv,2,2,2,3,103, research ,861,360,,6986a6c5d1f10ba22361229e,6986a6c5d1f10ba22361229e,advanced,2,6986a6c5d1f10ba22361229e,6986a6c5d1f10ba22361229e,spotlight_PROLIFIC,,39,Brazil,Portuguese,"English, Spanish",Spanish,Portuguese:50|English:50|Spanish:0,100,Portuguese:30|English:70|Spanish:0,100,Portuguese:50|English:50|Spanish:0,100,18,4,Bachelor's,10,10,10,10,10,10,6,11,0,10,CEFR,C2,,,,,23,25,C1,intermediate|advanced,advanced|intermediate,cambridge_22_25_intermediate_advanced,4,18,random,,hover,483.40000009536743,483.40000009536743,0.014065458479848527,0.520458984375,159,336.181640625,858.984375,376.181640625,931.19140625,7,11,,,,,,2026-08-09T14:42:39.026Z,8T7CGK8F,2026-08-09,2026-08-09,11:42:39,2026-08-09 11:42:39,,,,,,,,6986a6c5d1f10ba22361229e,6986a6c5d1f10ba22361229e,,,,
21136,raw_position_sample,2,3,adv,2,2,2,3,102, deception ,853,357,499775.2000000477,6986a6c5d1f10ba22361229e,6986a6c5d1f10ba22361229e,advanced,2,6986a6c5d1f10ba22361229e,6986a6c5d1f10ba22361229e,spotlight_PROLIFIC,,39,Brazil,Portuguese,"English, Spanish",Spanish,Portuguese:50|English:50|Spanish:0,100,Portuguese:30|English:70|Spanish:0,100,Portuguese:50|English:50|Spanish:0,100,18,4,Bachelor's,10,10,10,10,10,10,6,11,0,10,CEFR,C2,,,,,23,25,C1,intermediate|advanced,advanced|intermediate,cambridge_22_25_intermediate_advanced,4,18,random,,,,,,,,345.556640625,776.904296875,366.806640625,858.984375,7,10,,,,,,2026-08-09T14:42:39.026Z,8T7CGK8F,2026-08-09,2026-08-09,11:42:39,2026-08-09 11:42:39,,,,,,,,6986a6c5d1f10ba22361229e,6986a6c5d1f10ba22361229e,,,,
21187,raw_position_sample,2,3,adv,2,2,2,3,102, deception ,836,357,499826.09999990463,6986a6c5d1f10ba22361229e,6986a6c5d1f10ba22361229e,advanced,2,6986a6c5d1f10ba22361229e,6986a6c5d1f10ba22361229e,spotlight_PROLIFIC,,39,Brazil,Portuguese,"English, Spanish",Spanish,Portuguese:50|English:50|Spanish:0,100,Portuguese:30|English:70|Spanish:0,100,Portuguese:50|English:50|Spanish:0,100,18,4,Bachelor's,10,10,10,10,10,10,6,11,0,10,CEFR,C2,,,,,23,25,C1,intermediate|advanced,advanced|intermediate,cambridge_22_25_intermediate_advanced,4,18,random,,,,,,,,345.556640625,776.904296875,366.806640625,858.984375,7,10,,,,,,2026-08-09T14:42:39.026Z,8T7CGK8F,2026-08-09,2026-08-09,11:42:39,2026-08-09 11:42:39,,,,,,,,6986a6c5d1f10ba22361229e,6986a6c5d1f10ba22361229e,,,,
21237,raw_position_sample,2,3,adv,2,2,2,3,102, deception ,831,357,499875.39999985695,6986a6c5d1f10ba22361229e,6986a6c5d1f10ba22361229e,advanced,2,6986a6c5d1f10ba22361229e,6986a6c5d1f10ba22361229e,spotlight_PROLIFIC,,39,Brazil,Portuguese,"English, Spanish",Spanish,Portuguese:50|English:50|Spanish:0,100,Portuguese:30|English:70|Spanish:0,100,Portuguese:50|English:50|Spanish:0,100,18,4,Bachelor's,10,10,10,10,10,10,6,11,0,10,CEFR,C2,,,,,23,25,C1,intermediate|advanced,advanced|intermediate,cambridge_22_25_intermediate_advanced,4,18,random,,,,,,,,345.556640625,776.904296875,366.806640625,858.984375,7,10,,,,,,2026-08-09T14:42:39.026Z,8T7CGK8F,2026-08-09,2026-08-09,11:42:39,2026-08-09 11:42:39,,,,,,,,6986a6c5d1f10ba22361229e,6986a6c5d1f10ba22361229e,,,,
21287,raw_position_sample,2,3,adv,2,2,2,3,102, deception ,832,357,499926.09999990463,6986a6c5d1f10ba22361229e,6986a6c5d1f10ba22361229e,advanced,2,6986a6c5d1f10ba22361229e,6986a6c5d1f10ba22361229e,spotlight_PROLIFIC,,39,Brazil,Portuguese,"English, Spanish",Spanish,Portuguese:50|English:50|Spanish:0,100,Portuguese:30|English:70|Spanish:0,100,Portuguese:50|English:50|Spanish:0,100,18,4,Bachelor's,10,10,10,10,10,10,6,11,0,10,CEFR,C2,,,,,23,25,C1,intermediate|advanced,advanced|intermediate,cambridge_22_25_intermediate_advanced,4,18,random,,,,,,,,345.556640625,776.904296875,366.806640625,858.984375,7,10,,,,,,2026-08-09T14:42:39.026Z,8T7CGK8F,2026-08-09,2026-08-09,11:42:39,2026-08-09 11:42:39,,,,,,,,6986a6c5d1f10ba22361229e,6986a6c5d1f10ba22361229e,,,,
21331,hover_association,2,3,adv,2,2,2,3,102, deception ,853,357,,6986a6c5d1f10ba22361229e,6986a6c5d1f10ba22361229e,advanced,2,6986a6c5d1f10ba22361229e,6986a6c5d1f10ba22361229e,spotlight_PROLIFIC,,39,Brazil,Portuguese,"English, Spanish",Spanish,Portuguese:50|English:50|Spanish:0,100,Portuguese:30|English:70|Spanish:0,100,Portuguese:50|English:50|Spanish:0,100,18,4,Bachelor's,10,10,10,10,10,10,6,11,0,10,CEFR,C2,,,,,23,25,C1,intermediate|advanced,advanced|intermediate,cambridge_22_25_intermediate_advanced,4,18,random,,hover,196.59999990463257,196.59999990463257,0.8905413444378346,0.520458984375,159,336.181640625,776.904296875,376.181640625,858.984375,7,10,,,,,,2026-08-09T14:42:39.026Z,8T7CGK8F,2026-08-09,2026-08-09,11:42:39,2026-08-09 11:42:39,,,,,,,,6986a6c5d1f10ba22361229e,6986a6c5d1f10ba22361229e,,,,
21337,raw_position_sample,2,3,adv,2,2,2,3,103, research ,870,357,499976.09999990463,6986a6c5d1f10ba22361229e,6986a6c5d1f10ba22361229e,advanced,2,6986a6c5d1f10ba22361229e,6986a6c5d1f10ba22361229e,spotlight_PROLIFIC,,39,Brazil,Portuguese,"English, Spanish",Spanish,Portuguese:50|English:50|Spanish:0,100,Portuguese:30|English:70|Spanish:0,100,Portuguese:50|English:50|Spanish:0,100,18,4,Bachelor's,10,10,10,10,10,10,6,11,0,10,CEFR,C2,,,,,23,25,C1,intermediate|advanced,advanced|intermediate,cambridge_22_25_intermediate_advanced,4,18,random,,,,,,,,345.556640625,858.984375,366.806640625,931.19140625,7,11,,,,,,2026-08-09T14:42:39.026Z,8T7CGK8F,2026-08-09,2026-08-09,11:42:39,2026-08-09 11:42:39,,,,,,,,6986a6c5d1f10ba22361229e,6986a6c5d1f10ba22361229e,,,,
21381,hover_association,2,3,adv,2,2,2,3,103, research ,870,357,,6986a6c5d1f10ba22361229e,6986a6c5d1f10ba22361229e,advanced,2,6986a6c5d1f10ba22361229e,6986a6c5d1f10ba22361229e,spotlight_PROLIFIC,,39,Brazil,Portuguese,"English, Spanish",Spanish,Portuguese:50|English:50|Spanish:0,100,Portuguese:30|English:70|Spanish:0,100,Portuguese:50|English:50|Spanish:0,100,18,4,Bachelor's,10,10,10,10,10,10,6,11,0,10,CEFR,C2,,,,,23,25,C1,intermediate|advanced,advanced|intermediate,cambridge_22_25_intermediate_advanced,4,18,random,,hover,50.799999952316284,50.799999952316284,0.9281038680010819,0.520458984375,159,336.181640625,858.984375,376.181640625,931.19140625,7,11,,,,,,2026-08-09T14:42:39.026Z,8T7CGK8F,2026-08-09,2026-08-09,11:42:39,2026-08-09 11:42:39,,,,,,,,6986a6c5d1f10ba22361229e,6986a6c5d1f10ba22361229e,,,,
21387,raw_position_sample,2,3,adv,2,2,2,3,104, show ,950,357,500025.89999985695,6986a6c5d1f10ba22361229e,6986a6c5d1f10ba22361229e,advanced,2,6986a6c5d1f10ba22361229e,6986a6c5d1f10ba22361229e,spotlight_PROLIFIC,,39,Brazil,Portuguese,"English, Spanish",Spanish,Portuguese:50|English:50|Spanish:0,100,Portuguese:30|English:70|Spanish:0,100,Portuguese:50|English:50|Spanish:0,100,18,4,Bachelor's,10,10,10,10,10,10,6,11,0,10,CEFR,C2,,,,,23,25,C1,intermediate|advanced,advanced|intermediate,cambridge_22_25_intermediate_advanced,4,18,random,,,,,,,,345.556640625,931.19140625,366.806640625,976.2890625,7,12,,,,,,2026-08-09T14:42:39.026Z,8T7CGK8F,2026-08-09,2026-08-09,11:42:39,2026-08-09 11:42:39,,,,,,,,6986a6c5d1f10ba22361229e,6986a6c5d1f10ba22361229e,,,,
21431,hover_association,2,3,adv,2,2,2,3,104, show ,950,357,,6986a6c5d1f10ba22361229e,6986a6c5d1f10ba22361229e,advanced,2,6986a6c5d1f10ba22361229e,6986a6c5d1f10ba22361229e,spotlight_PROLIFIC,,39,Brazil,Portuguese,"English, Spanish",Spanish,Portuguese:50|English:50|Spanish:0,100,Portuguese:30|English:70|Spanish:0,100,Portuguese:50|English:50|Spanish:0,100,18,4,Bachelor's,10,10,10,10,10,10,6,11,0,10,CEFR,C2,,,,,23,25,C1,intermediate|advanced,advanced|intermediate,cambridge_22_25_intermediate_advanced,4,18,random,,hover,49.40000009536743,49.40000009536743,0.927067994802945,0.520458984375,159,336.181640625,931.19140625,376.181640625,976.2890625,7,12,,,,,,2026-08-09T14:42:39.026Z,8T7CGK8F,2026-08-09,2026-08-09,11:42:39,2026-08-09 11:42:39,,,,,,,,6986a6c5d1f10ba22361229e,6986a6c5d1f10ba22361229e,,,,
21437,raw_position_sample,2,3,adv,2,2,2,3,105, that ,977,357,500076.09999990463,6986a6c5d1f10ba22361229e,6986a6c5d1f10ba22361229e,advanced,2,6986a6c5d1f10ba22361229e,6986a6c5d1f10ba22361229e,spotlight_PROLIFIC,,39,Brazil,Portuguese,"English, Spanish",Spanish,Portuguese:50|English:50|Spanish:0,100,Portuguese:30|English:70|Spanish:0,100,Portuguese:50|English:50|Spanish:0,100,18,4,Bachelor's,10,10,10,10,10,10,6,11,0,10,CEFR,C2,,,,,23,25,C1,intermediate|advanced,advanced|intermediate,cambridge_22_25_intermediate_advanced,4,18,random,,,,,,,,345.556640625,976.2890625,366.806640625,1008.857421875,7,13,,,,,,2026-08-09T14:42:39.026Z,8T7CGK8F,2026-08-09,2026-08-09,11:42:39,2026-08-09 11:42:39,,,,,,,,6986a6c5d1f10ba22361229e,6986a6c5d1f10ba22361229e,,,,
21487,raw_position_sample,2,3,adv,2,2,2,3,105, that ,978,357,500126.09999990463,6986a6c5d1f10ba22361229e,6986a6c5d1f10ba22361229e,advanced,2,6986a6c5d1f10ba22361229e,6986a6c5d1f10ba22361229e,spotlight_PROLIFIC,,39,Brazil,Portuguese,"English, Spanish",Spanish,Portuguese:50|English:50|Spanish:0,100,Portuguese:30|English:70|Spanish:0,100,Portuguese:50|English:50|Spanish:0,100,18,4,Bachelor's,10,10,10,10,10,10,6,11,0,10,CEFR,C2,,,,,23,25,C1,intermediate|advanced,advanced|intermediate,cambridge_22_25_intermediate_advanced,4,18,random,,,,,,,,345.556640625,976.2890625,366.806640625,1008.857421875,7,13,,,,,,2026-08-09T14:42:39.026Z,8T7CGK8F,2026-08-09,2026-08-09,11:42:39,2026-08-09 11:42:39,,,,,,,,6986a6c5d1f10ba22361229e,6986a6c5d1f10ba22361229e,,,,
21537,raw_position_sample,2,3,adv,2,2,2,3,105, that ,978,357,500175.7999999523,6986a6c5d1f10ba22361229e,6986a6c5d1f10ba22361229e,advanced,2,6986a6c5d1f10ba22361229e,6986a6c5d1f10ba22361229e,spotlight_PROLIFIC,,39,Brazil,Portuguese,"English, Spanish",Spanish,Portuguese:50|English:50|Spanish:0,100,Portuguese:30|English:70|Spanish:0,100,Portuguese:50|English:50|Spanish:0,100,18,4,Bachelor's,10,10,10,10,10,10,6,11,0,10,CEFR,C2,,,,,23,25,C1,intermediate|advanced,advanced|intermediate,cambridge_22_25_intermediate_advanced,4,18,random,,,,,,,,345.556640625,976.2890625,366.806640625,1008.857421875,7,13,,,,,,2026-08-09T14:42:39.026Z,8T7CGK8F,2026-08-09,2026-08-09,11:42:39,2026-08-09 11:42:39,,,,,,,,6986a6c5d1f10ba22361229e,6986a6c5d1f10ba22361229e,,,,
21588,raw_position_sample,2,3,adv,2,2,2,3,105, that ,978,358,500226.59999990463,6986a6c5d1f10ba22361229e,6986a6c5d1f10ba22361229e,advanced,2,6986a6c5d1f10ba22361229e,6986a6c5d1f10ba22361229e,spotlight_PROLIFIC,,39,Brazil,Portuguese,"English, Spanish",Spanish,Portuguese:50|English:50|Spanish:0,100,Portuguese:30|English:70|Spanish:0,100,Portuguese:50|English:50|Spanish:0,100,18,4,Bachelor's,10,10,10,10,10,10,6,11,0,10,CEFR,C2,,,,,23,25,C1,intermediate|advanced,advanced|intermediate,cambridge_22_25_intermediate_advanced,4,18,random,,,,,,,,345.556640625,976.2890625,366.806640625,1008.857421875,7,13,,,,,,2026-08-09T14:42:39.026Z,8T7CGK8F,2026-08-09,2026-08-09,11:42:39,2026-08-09 11:42:39,,,,,,,,6986a6c5d1f10ba22361229e,6986a6c5d1f10ba22361229e,,,,
21634,hover_association,2,3,adv,2,2,2,3,105, that ,977,357,,6986a6c5d1f10ba22361229e,6986a6c5d1f10ba22361229e,advanced,2,6986a6c5d1f10ba22361229e,6986a6c5d1f10ba22361229e,spotlight_PROLIFIC,,39,Brazil,Portuguese,"English, Spanish",Spanish,Portuguese:50|English:50|Spanish:0,100,Portuguese:30|English:70|Spanish:0,100,Portuguese:50|English:50|Spanish:0,100,18,4,Bachelor's,10,10,10,10,10,10,6,11,0,10,CEFR,C2,,,,,23,25,C1,intermediate|advanced,advanced|intermediate,cambridge_22_25_intermediate_advanced,4,18,random,,hover,202.89999985694885,202.89999985694885,0.019791213571117877,0.545458984375,159,336.181640625,976.2890625,376.181640625,1012.2109375,7,13,,,,,,2026-08-09T14:42:39.026Z,8T7CGK8F,2026-08-09,2026-08-09,11:42:39,2026-08-09 11:42:39,,,,,,,,6986a6c5d1f10ba22361229e,6986a6c5d1f10ba22361229e,,,,
21637,raw_position_sample,2,3,adv,2,2,2,3,104, show ,976,359,500275.89999985695,6986a6c5d1f10ba22361229e,6986a6c5d1f10ba22361229e,advanced,2,6986a6c5d1f10ba22361229e,6986a6c5d1f10ba22361229e,spotlight_PROLIFIC,,39,Brazil,Portuguese,"English, Spanish",Spanish,Portuguese:50|English:50|Spanish:0,100,Portuguese:30|English:70|Spanish:0,100,Portuguese:50|English:50|Spanish:0,100,18,4,Bachelor's,10,10,10,10,10,10,6,11,0,10,CEFR,C2,,,,,23,25,C1,intermediate|advanced,advanced|intermediate,cambridge_22_25_intermediate_advanced,4,18,random,,,,,,,,345.556640625,931.19140625,366.806640625,976.2890625,7,12,,,,,,2026-08-09T14:42:39.026Z,8T7CGK8F,2026-08-09,2026-08-09,11:42:39,2026-08-09 11:42:39,,,,,,,,6986a6c5d1f10ba22361229e,6986a6c5d1f10ba22361229e,,,,
21687,raw_position_sample,2,3,adv,2,2,2,3,104, show ,966,360,500325.7999999523,6986a6c5d1f10ba22361229e,6986a6c5d1f10ba22361229e,advanced,2,6986a6c5d1f10ba22361229e,6986a6c5d1f10ba22361229e,spotlight_PROLIFIC,,39,Brazil,Portuguese,"English, Spanish",Spanish,Portuguese:50|English:50|Spanish:0,100,Portuguese:30|English:70|Spanish:0,100,Portuguese:50|English:50|Spanish:0,100,18,4,Bachelor's,10,10,10,10,10,10,6,11,0,10,CEFR,C2,,,,,23,25,C1,intermediate|advanced,advanced|intermediate,cambridge_22_25_intermediate_advanced,4,18,random,,,,,,,,345.556640625,931.19140625,366.806640625,976.2890625,7,12,,,,,,2026-08-09T14:42:39.026Z,8T7CGK8F,2026-08-09,2026-08-09,11:42:39,2026-08-09 11:42:39,,,,,,,,6986a6c5d1f10ba22361229e,6986a6c5d1f10ba22361229e,,,,
21734,hover_association,2,3,adv,2,2,2,3,104, show ,976,359,,6986a6c5d1f10ba22361229e,6986a6c5d1f10ba22361229e,advanced,2,6986a6c5d1f10ba22361229e,6986a6c5d1f10ba22361229e,spotlight_PROLIFIC,,39,Brazil,Portuguese,"English, Spanish",Spanish,Portuguese:50|English:50|Spanish:0,100,Portuguese:30|English:70|Spanish:0,100,Portuguese:50|English:50|Spanish:0,100,18,4,Bachelor's,10,10,10,10,10,10,6,11,0,10,CEFR,C2,,,,,23,25,C1,intermediate|advanced,advanced|intermediate,cambridge_22_25_intermediate_advanced,4,18,random,,hover,100.30000019073486,100.30000019073486,0.32836725855348636,0.595458984375,159,336.181640625,931.19140625,376.181640625,976.2890625,7,12,,,,,,2026-08-09T14:42:39.026Z,8T7CGK8F,2026-08-09,2026-08-09,11:42:39,2026-08-09 11:42:39,,,,,,,,6986a6c5d1f10ba22361229e,6986a6c5d1f10ba22361229e,,,,
21737,raw_position_sample,2,3,adv,2,2,2,3,103, research ,929,360,500376,6986a6c5d1f10ba22361229e,6986a6c5d1f10ba22361229e,advanced,2,6986a6c5d1f10ba22361229e,6986a6c5d1f10ba22361229e,spotlight_PROLIFIC,,39,Brazil,Portuguese,"English, Spanish",Spanish,Portuguese:50|English:50|Spanish:0,100,Portuguese:30|English:70|Spanish:0,100,Portuguese:50|English:50|Spanish:0,100,18,4,Bachelor's,10,10,10,10,10,10,6,11,0,10,CEFR,C2,,,,,23,25,C1,intermediate|advanced,advanced|intermediate,cambridge_22_25_intermediate_advanced,4,18,random,,,,,,,,345.556640625,858.984375,366.806640625,931.19140625,7,11,,,,,,2026-08-09T14:42:39.026Z,8T7CGK8F,2026-08-09,2026-08-09,11:42:39,2026-08-09 11:42:39,,,,,,,,6986a6c5d1f10ba22361229e,6986a6c5d1f10ba22361229e,,,,
21784,hover_association,2,3,adv,2,2,2,3,103, research ,929,360,,6986a6c5d1f10ba22361229e,6986a6c5d1f10ba22361229e,advanced,2,6986a6c5d1f10ba22361229e,6986a6c5d1f10ba22361229e,spotlight_PROLIFIC,,39,Brazil,Portuguese,"English, Spanish",Spanish,Portuguese:50|English:50|Spanish:0,100,Portuguese:30|English:70|Spanish:0,100,Portuguese:50|English:50|Spanish:0,100,18,4,Bachelor's,10,10,10,10,10,10,6,11,0,10,CEFR,C2,,,,,23,25,C1,intermediate|advanced,advanced|intermediate,cambridge_22_25_intermediate_advanced,4,18,random,,hover,50,50,0.3187449283202597,0.595458984375,159,336.181640625,858.984375,376.181640625,931.19140625,7,11,,,,,,2026-08-09T14:42:39.026Z,8T7CGK8F,2026-08-09,2026-08-09,11:42:39,2026-08-09 11:42:39,,,,,,,,6986a6c5d1f10ba22361229e,6986a6c5d1f10ba22361229e,,,,
21787,raw_position_sample,2,3,adv,2,2,2,3,102, deception ,849,355,500426.09999990463,6986a6c5d1f10ba22361229e,6986a6c5d1f10ba22361229e,advanced,2,6986a6c5d1f10ba22361229e,6986a6c5d1f10ba22361229e,spotlight_PROLIFIC,,39,Brazil,Portuguese,"English, Spanish",Spanish,Portuguese:50|English:50|Spanish:0,100,Portuguese:30|English:70|Spanish:0,100,Portuguese:50|English:50|Spanish:0,100,18,4,Bachelor's,10,10,10,10,10,10,6,11,0,10,CEFR,C2,,,,,23,25,C1,intermediate|advanced,advanced|intermediate,cambridge_22_25_intermediate_advanced,4,18,random,,,,,,,,345.556640625,776.904296875,366.806640625,858.984375,7,10,,,,,,2026-08-09T14:42:39.026Z,8T7CGK8F,2026-08-09,2026-08-09,11:42:39,2026-08-09 11:42:39,,,,,,,,6986a6c5d1f10ba22361229e,6986a6c5d1f10ba22361229e,,,,
21834,hover_association,2,3,adv,2,2,2,3,102, deception ,849,355,,6986a6c5d1f10ba22361229e,6986a6c5d1f10ba22361229e,advanced,2,6986a6c5d1f10ba22361229e,6986a6c5d1f10ba22361229e,spotlight_PROLIFIC,,39,Brazil,Portuguese,"English, Spanish",Spanish,Portuguese:50|English:50|Spanish:0,100,Portuguese:30|English:70|Spanish:0,100,Portuguese:50|English:50|Spanish:0,100,18,4,Bachelor's,10,10,10,10,10,10,6,11,0,10,CEFR,C2,,,,,23,25,C1,intermediate|advanced,advanced|intermediate,cambridge_22_25_intermediate_advanced,4,18,random,,hover,50,50,0.11081499107674003,0.070458984375,159,336.181640625,776.904296875,376.181640625,858.984375,7,10,,,,,,2026-08-09T14:42:39.026Z,8T7CGK8F,2026-08-09,2026-08-09,11:42:39,2026-08-09 11:42:39,,,,,,,,6986a6c5d1f10ba22361229e,6986a6c5d1f10ba22361229e,,,,
21837,raw_position_sample,2,3,adv,2,2,2,3,85, computer-generated ,753,333,500476,6986a6c5d1f10ba22361229e,6986a6c5d1f10ba22361229e,advanced,2,6986a6c5d1f10ba22361229e,6986a6c5d1f10ba22361229e,spotlight_PROLIFIC,,39,Brazil,Portuguese,"English, Spanish",Spanish,Portuguese:50|English:50|Spanish:0,100,Portuguese:30|English:70|Spanish:0,100,Portuguese:50|English:50|Spanish:0,100,18,4,Bachelor's,10,10,10,10,10,10,6,11,0,10,CEFR,C2,,,,,23,25,C1,intermediate|advanced,advanced|intermediate,cambridge_22_25_intermediate_advanced,4,18,random,,,,,,,,305.556640625,587.421875,326.806640625,753.994140625,6,8,,,,,,2026-08-09T14:42:39.026Z,8T7CGK8F,2026-08-09,2026-08-09,11:42:39,2026-08-09 11:42:39,,,,,,,,6986a6c5d1f10ba22361229e,6986a6c5d1f10ba22361229e,,,,
21887,raw_position_sample,2,3,adv,2,2,2,3,85, computer-generated ,677,330,500526,6986a6c5d1f10ba22361229e,6986a6c5d1f10ba22361229e,advanced,2,6986a6c5d1f10ba22361229e,6986a6c5d1f10ba22361229e,spotlight_PROLIFIC,,39,Brazil,Portuguese,"English, Spanish",Spanish,Portuguese:50|English:50|Spanish:0,100,Portuguese:30|English:70|Spanish:0,100,Portuguese:50|English:50|Spanish:0,100,18,4,Bachelor's,10,10,10,10,10,10,6,11,0,10,CEFR,C2,,,,,23,25,C1,intermediate|advanced,advanced|intermediate,cambridge_22_25_intermediate_advanced,4,18,random,,,,,,,,305.556640625,587.421875,326.806640625,753.994140625,6,8,,,,,,2026-08-09T14:42:39.026Z,8T7CGK8F,2026-08-09,2026-08-09,11:42:39,2026-08-09 11:42:39,,,,,,,,6986a6c5d1f10ba22361229e,6986a6c5d1f10ba22361229e,,,,
21934,hover_association,2,3,adv,2,2,2,3,85, computer-generated ,753,333,,6986a6c5d1f10ba22361229e,6986a6c5d1f10ba22361229e,advanced,2,6986a6c5d1f10ba22361229e,6986a6c5d1f10ba22361229e,spotlight_PROLIFIC,,39,Brazil,Portuguese,"English, Spanish",Spanish,Portuguese:50|English:50|Spanish:0,100,Portuguese:30|English:70|Spanish:0,100,Portuguese:50|English:50|Spanish:0,100,18,4,Bachelor's,10,10,10,10,10,10,6,11,0,10,CEFR,C2,,,,,23,25,C1,intermediate|advanced,advanced|intermediate,cambridge_22_25_intermediate_advanced,4,18,random,,hover,100,100,0.27362373219206193,0.970458984375,159,296.181640625,587.421875,336.181640625,753.994140625,6,8,,,,,,2026-08-09T14:42:39.026Z,8T7CGK8F,2026-08-09,2026-08-09,11:42:39,2026-08-09 11:42:39,,,,,,,,6986a6c5d1f10ba22361229e,6986a6c5d1f10ba22361229e,,,,
21937,raw_position_sample,2,3,adv,2,2,2,3,98," Anderson, ",614,343,500576,6986a6c5d1f10ba22361229e,6986a6c5d1f10ba22361229e,advanced,2,6986a6c5d1f10ba22361229e,6986a6c5d1f10ba22361229e,spotlight_PROLIFIC,,39,Brazil,Portuguese,"English, Spanish",Spanish,Portuguese:50|English:50|Spanish:0,100,Portuguese:30|English:70|Spanish:0,100,Portuguese:50|English:50|Spanish:0,100,18,4,Bachelor's,10,10,10,10,10,10,6,11,0,10,CEFR,C2,,,,,23,25,C1,intermediate|advanced,advanced|intermediate,cambridge_22_25_intermediate_advanced,4,18,random,,,,,,,,345.556640625,555.76171875,366.806640625,639.8828125,7,6,,,,,,2026-08-09T14:42:39.026Z,8T7CGK8F,2026-08-09,2026-08-09,11:42:39,2026-08-09 11:42:39,,,,,,,,6986a6c5d1f10ba22361229e,6986a6c5d1f10ba22361229e,,,,
21987,raw_position_sample,2,3,adv,2,2,2,3,98," Anderson, ",575,368,500626.2000000477,6986a6c5d1f10ba22361229e,6986a6c5d1f10ba22361229e,advanced,2,6986a6c5d1f10ba22361229e,6986a6c5d1f10ba22361229e,spotlight_PROLIFIC,,39,Brazil,Portuguese,"English, Spanish",Spanish,Portuguese:50|English:50|Spanish:0,100,Portuguese:30|English:70|Spanish:0,100,Portuguese:50|English:50|Spanish:0,100,18,4,Bachelor's,10,10,10,10,10,10,6,11,0,10,CEFR,C2,,,,,23,25,C1,intermediate|advanced,advanced|intermediate,cambridge_22_25_intermediate_advanced,4,18,random,,,,,,,,345.556640625,555.76171875,366.806640625,639.8828125,7,6,,,,,,2026-08-09T14:42:39.026Z,8T7CGK8F,2026-08-09,2026-08-09,11:42:39,2026-08-09 11:42:39,,,,,,,,6986a6c5d1f10ba22361229e,6986a6c5d1f10ba22361229e,,,,
22001,hover_association,2,3,adv,2,2,2,3,98," Anderson, ",614,343,,6986a6c5d1f10ba22361229e,6986a6c5d1f10ba22361229e,advanced,2,6986a6c5d1f10ba22361229e,6986a6c5d1f10ba22361229e,spotlight_PROLIFIC,,39,Brazil,Portuguese,"English, Spanish",Spanish,Portuguese:50|English:50|Spanish:0,100,Portuguese:30|English:70|Spanish:0,100,Portuguese:50|English:50|Spanish:0,100,18,4,Bachelor's,10,10,10,10,10,10,6,11,0,10,CEFR,C2,,,,,23,25,C1,intermediate|advanced,advanced|intermediate,cambridge_22_25_intermediate_advanced,4,18,random,,hover,66.69999980926514,66.69999980926514,0.22869746923612724,0.795458984375,159,336.181640625,555.76171875,376.181640625,639.8828125,7,6,,,,,,2026-08-09T14:42:39.026Z,8T7CGK8F,2026-08-09,2026-08-09,11:42:39,2026-08-09 11:42:39,,,,,,,,6986a6c5d1f10ba22361229e,6986a6c5d1f10ba22361229e,,,,
22037,raw_position_sample,2,3,adv,2,2,2,3,110, truth ,548,389,500676.09999990463,6986a6c5d1f10ba22361229e,6986a6c5d1f10ba22361229e,advanced,2,6986a6c5d1f10ba22361229e,6986a6c5d1f10ba22361229e,spotlight_PROLIFIC,,39,Brazil,Portuguese,"English, Spanish",Spanish,Portuguese:50|English:50|Spanish:0,100,Portuguese:30|English:70|Spanish:0,100,Portuguese:50|English:50|Spanish:0,100,18,4,Bachelor's,10,10,10,10,10,10,6,11,0,10,CEFR,C2,,,,,23,25,C1,intermediate|advanced,advanced|intermediate,cambridge_22_25_intermediate_advanced,4,18,random,,,,,,,,385.556640625,531.11328125,406.806640625,575.29296875,8,5,,,,,,2026-08-09T14:42:39.026Z,8T7CGK8F,2026-08-09,2026-08-09,11:42:39,2026-08-09 11:42:39,,,,,,,,6986a6c5d1f10ba22361229e,6986a6c5d1f10ba22361229e,,,,
22087,raw_position_sample,2,3,adv,2,2,2,3,110, truth ,537,393,500726.09999990463,6986a6c5d1f10ba22361229e,6986a6c5d1f10ba22361229e,advanced,2,6986a6c5d1f10ba22361229e,6986a6c5d1f10ba22361229e,spotlight_PROLIFIC,,39,Brazil,Portuguese,"English, Spanish",Spanish,Portuguese:50|English:50|Spanish:0,100,Portuguese:30|English:70|Spanish:0,100,Portuguese:50|English:50|Spanish:0,100,18,4,Bachelor's,10,10,10,10,10,10,6,11,0,10,CEFR,C2,,,,,23,25,C1,intermediate|advanced,advanced|intermediate,cambridge_22_25_intermediate_advanced,4,18,random,,,,,,,,385.556640625,531.11328125,406.806640625,575.29296875,8,5,,,,,,2026-08-09T14:42:39.026Z,8T7CGK8F,2026-08-09,2026-08-09,11:42:39,2026-08-09 11:42:39,,,,,,,,6986a6c5d1f10ba22361229e,6986a6c5d1f10ba22361229e,,,,
22137,raw_position_sample,2,3,adv,2,2,2,3,110, truth ,534,393,500776,6986a6c5d1f10ba22361229e,6986a6c5d1f10ba22361229e,advanced,2,6986a6c5d1f10ba22361229e,6986a6c5d1f10ba22361229e,spotlight_PROLIFIC,,39,Brazil,Portuguese,"English, Spanish",Spanish,Portuguese:50|English:50|Spanish:0,100,Portuguese:30|English:70|Spanish:0,100,Portuguese:50|English:50|Spanish:0,100,18,4,Bachelor's,10,10,10,10,10,10,6,11,0,10,CEFR,C2,,,,,23,25,C1,intermediate|advanced,advanced|intermediate,cambridge_22_25_intermediate_advanced,4,18,random,,,,,,,,385.556640625,531.11328125,406.806640625,575.29296875,8,5,,,,,,2026-08-09T14:42:39.026Z,8T7CGK8F,2026-08-09,2026-08-09,11:42:39,2026-08-09 11:42:39,,,,,,,,6986a6c5d1f10ba22361229e,6986a6c5d1f10ba22361229e,,,,
22188,raw_position_sample,2,3,adv,2,2,2,3,110, truth ,534,393,500826.7000000477,6986a6c5d1f10ba22361229e,6986a6c5d1f10ba22361229e,advanced,2,6986a6c5d1f10ba22361229e,6986a6c5d1f10ba22361229e,spotlight_PROLIFIC,,39,Brazil,Portuguese,"English, Spanish",Spanish,Portuguese:50|English:50|Spanish:0,100,Portuguese:30|English:70|Spanish:0,100,Portuguese:50|English:50|Spanish:0,100,18,4,Bachelor's,10,10,10,10,10,10,6,11,0,10,CEFR,C2,,,,,23,25,C1,intermediate|advanced,advanced|intermediate,cambridge_22_25_intermediate_advanced,4,18,random,,,,,,,,385.556640625,531.11328125,406.806640625,575.29296875,8,5,,,,,,2026-08-09T14:42:39.026Z,8T7CGK8F,2026-08-09,2026-08-09,11:42:39,2026-08-09 11:42:39,,,,,,,,6986a6c5d1f10ba22361229e,6986a6c5d1f10ba22361229e,,,,
22236,raw_position_sample,2,3,adv,2,2,2,3,110, truth ,544,387,500875.39999985695,6986a6c5d1f10ba22361229e,6986a6c5d1f10ba22361229e,advanced,2,6986a6c5d1f10ba22361229e,6986a6c5d1f10ba22361229e,spotlight_PROLIFIC,,39,Brazil,Portuguese,"English, Spanish",Spanish,Portuguese:50|English:50|Spanish:0,100,Portuguese:30|English:70|Spanish:0,100,Portuguese:50|English:50|Spanish:0,100,18,4,Bachelor's,10,10,10,10,10,10,6,11,0,10,CEFR,C2,,,,,23,25,C1,intermediate|advanced,advanced|intermediate,cambridge_22_25_intermediate_advanced,4,18,random,,,,,,,,385.556640625,531.11328125,406.806640625,575.29296875,8,5,,,,,,2026-08-09T14:42:39.026Z,8T7CGK8F,2026-08-09,2026-08-09,11:42:39,2026-08-09 11:42:39,,,,,,,,6986a6c5d1f10ba22361229e,6986a6c5d1f10ba22361229e,,,,
22267,hover_association,2,3,adv,2,2,2,3,110, truth ,564,377,,6986a6c5d1f10ba22361229e,6986a6c5d1f10ba22361229e,advanced,2,6986a6c5d1f10ba22361229e,6986a6c5d1f10ba22361229e,spotlight_PROLIFIC,,39,Brazil,Portuguese,"English, Spanish",Spanish,Portuguese:50|English:50|Spanish:0,100,Portuguese:30|English:70|Spanish:0,100,Portuguese:50|English:50|Spanish:0,100,18,4,Bachelor's,10,10,10,10,10,10,6,11,0,10,CEFR,C2,,,,,23,25,C1,intermediate|advanced,advanced|intermediate,cambridge_22_25_intermediate_advanced,4,18,random,,hover,266.60000014305115,266.60000014305115,0.5859416445623342,0.120458984375,159,376.181640625,531.11328125,416.181640625,575.29296875,8,5,,,,,,2026-08-09T14:42:39.026Z,8T7CGK8F,2026-08-09,2026-08-09,11:42:39,2026-08-09 11:42:39,,,,,,,,6986a6c5d1f10ba22361229e,6986a6c5d1f10ba22361229e,,,,
22287,raw_position_sample,2,3,adv,2,2,2,3,98," Anderson, ",594,365,500926,6986a6c5d1f10ba22361229e,6986a6c5d1f10ba22361229e,advanced,2,6986a6c5d1f10ba22361229e,6986a6c5d1f10ba22361229e,spotlight_PROLIFIC,,39,Brazil,Portuguese,"English, Spanish",Spanish,Portuguese:50|English:50|Spanish:0,100,Portuguese:30|English:70|Spanish:0,100,Portuguese:50|English:50|Spanish:0,100,18,4,Bachelor's,10,10,10,10,10,10,6,11,0,10,CEFR,C2,,,,,23,25,C1,intermediate|advanced,advanced|intermediate,cambridge_22_25_intermediate_advanced,4,18,random,,,,,,,,345.556640625,555.76171875,366.806640625,639.8828125,7,6,,,,,,2026-08-09T14:42:39.026Z,8T7CGK8F,2026-08-09,2026-08-09,11:42:39,2026-08-09 11:42:39,,,,,,,,6986a6c5d1f10ba22361229e,6986a6c5d1f10ba22361229e,,,,
22337,raw_position_sample,2,3,adv,2,2,2,3,98," Anderson, ",622,350,500976.09999990463,6986a6c5d1f10ba22361229e,6986a6c5d1f10ba22361229e,advanced,2,6986a6c5d1f10ba22361229e,6986a6c5d1f10ba22361229e,spotlight_PROLIFIC,,39,Brazil,Portuguese,"English, Spanish",Spanish,Portuguese:50|English:50|Spanish:0,100,Portuguese:30|English:70|Spanish:0,100,Portuguese:50|English:50|Spanish:0,100,18,4,Bachelor's,10,10,10,10,10,10,6,11,0,10,CEFR,C2,,,,,23,25,C1,intermediate|advanced,advanced|intermediate,cambridge_22_25_intermediate_advanced,4,18,random,,,,,,,,345.556640625,555.76171875,366.806640625,639.8828125,7,6,,,,,,2026-08-09T14:42:39.026Z,8T7CGK8F,2026-08-09,2026-08-09,11:42:39,2026-08-09 11:42:39,,,,,,,,6986a6c5d1f10ba22361229e,6986a6c5d1f10ba22361229e,,,,
22387,raw_position_sample,2,3,adv,2,2,2,3,98," Anderson, ",624,347,501025.5,6986a6c5d1f10ba22361229e,6986a6c5d1f10ba22361229e,advanced,2,6986a6c5d1f10ba22361229e,6986a6c5d1f10ba22361229e,spotlight_PROLIFIC,,39,Brazil,Portuguese,"English, Spanish",Spanish,Portuguese:50|English:50|Spanish:0,100,Portuguese:30|English:70|Spanish:0,100,Portuguese:50|English:50|Spanish:0,100,18,4,Bachelor's,10,10,10,10,10,10,6,11,0,10,CEFR,C2,,,,,23,25,C1,intermediate|advanced,advanced|intermediate,cambridge_22_25_intermediate_advanced,4,18,random,,,,,,,,345.556640625,555.76171875,366.806640625,639.8828125,7,6,,,,,,2026-08-09T14:42:39.026Z,8T7CGK8F,2026-08-09,2026-08-09,11:42:39,2026-08-09 11:42:39,,,,,,,,6986a6c5d1f10ba22361229e,6986a6c5d1f10ba22361229e,,,,
22438,raw_position_sample,2,3,adv,2,2,2,3,98," Anderson, ",624,346,501076.5,6986a6c5d1f10ba22361229e,6986a6c5d1f10ba22361229e,advanced,2,6986a6c5d1f10ba22361229e,6986a6c5d1f10ba22361229e,spotlight_PROLIFIC,,39,Brazil,Portuguese,"English, Spanish",Spanish,Portuguese:50|English:50|Spanish:0,100,Portuguese:30|English:70|Spanish:0,100,Portuguese:50|English:50|Spanish:0,100,18,4,Bachelor's,10,10,10,10,10,10,6,11,0,10,CEFR,C2,,,,,23,25,C1,intermediate|advanced,advanced|intermediate,cambridge_22_25_intermediate_advanced,4,18,random,,,,,,,,345.556640625,555.76171875,366.806640625,639.8828125,7,6,,,,,,2026-08-09T14:42:39.026Z,8T7CGK8F,2026-08-09,2026-08-09,11:42:39,2026-08-09 11:42:39,,,,,,,,6986a6c5d1f10ba22361229e,6986a6c5d1f10ba22361229e,,,,
22486,raw_position_sample,2,3,adv,2,2,2,3,98," Anderson, ",624,345,501125.39999985695,6986a6c5d1f10ba22361229e,6986a6c5d1f10ba22361229e,advanced,2,6986a6c5d1f10ba22361229e,6986a6c5d1f10ba22361229e,spotlight_PROLIFIC,,39,Brazil,Portuguese,"English, Spanish",Spanish,Portuguese:50|English:50|Spanish:0,100,Portuguese:30|English:70|Spanish:0,100,Portuguese:50|English:50|Spanish:0,100,18,4,Bachelor's,10,10,10,10,10,10,6,11,0,10,CEFR,C2,,,,,23,25,C1,intermediate|advanced,advanced|intermediate,cambridge_22_25_intermediate_advanced,4,18,random,,,,,,,,345.556640625,555.76171875,366.806640625,639.8828125,7,6,,,,,,2026-08-09T14:42:39.026Z,8T7CGK8F,2026-08-09,2026-08-09,11:42:39,2026-08-09 11:42:39,,,,,,,,6986a6c5d1f10ba22361229e,6986a6c5d1f10ba22361229e,,,,
22537,raw_position_sample,2,3,adv,2,2,2,3,98," Anderson, ",614,345,501176,6986a6c5d1f10ba22361229e,6986a6c5d1f10ba22361229e,advanced,2,6986a6c5d1f10ba22361229e,6986a6c5d1f10ba22361229e,spotlight_PROLIFIC,,39,Brazil,Portuguese,"English, Spanish",Spanish,Portuguese:50|English:50|Spanish:0,100,Portuguese:30|English:70|Spanish:0,100,Portuguese:50|English:50|Spanish:0,100,18,4,Bachelor's,10,10,10,10,10,10,6,11,0,10,CEFR,C2,,,,,23,25,C1,intermediate|advanced,advanced|intermediate,cambridge_22_25_intermediate_advanced,4,18,random,,,,,,,,345.556640625,555.76171875,366.806640625,639.8828125,7,6,,,,,,2026-08-09T14:42:39.026Z,8T7CGK8F,2026-08-09,2026-08-09,11:42:39,2026-08-09 11:42:39,,,,,,,,6986a6c5d1f10ba22361229e,6986a6c5d1f10ba22361229e,,,,
22587,raw_position_sample,2,3,adv,2,2,2,3,98," Anderson, ",582,345,501226.09999990463,6986a6c5d1f10ba22361229e,6986a6c5d1f10ba22361229e,advanced,2,6986a6c5d1f10ba22361229e,6986a6c5d1f10ba22361229e,spotlight_PROLIFIC,,39,Brazil,Portuguese,"English, Spanish",Spanish,Portuguese:50|English:50|Spanish:0,100,Portuguese:30|English:70|Spanish:0,100,Portuguese:50|English:50|Spanish:0,100,18,4,Bachelor's,10,10,10,10,10,10,6,11,0,10,CEFR,C2,,,,,23,25,C1,intermediate|advanced,advanced|intermediate,cambridge_22_25_intermediate_advanced,4,18,random,,,,,,,,345.556640625,555.76171875,366.806640625,639.8828125,7,6,,,,,,2026-08-09T14:42:39.026Z,8T7CGK8F,2026-08-09,2026-08-09,11:42:39,2026-08-09 11:42:39,,,,,,,,6986a6c5d1f10ba22361229e,6986a6c5d1f10ba22361229e,,,,
22617,hover_association,2,3,adv,2,2,2,3,98," Anderson, ",576,374,,6986a6c5d1f10ba22361229e,6986a6c5d1f10ba22361229e,advanced,2,6986a6c5d1f10ba22361229e,6986a6c5d1f10ba22361229e,spotlight_PROLIFIC,,39,Brazil,Portuguese,"English, Spanish",Spanish,Portuguese:50|English:50|Spanish:0,100,Portuguese:30|English:70|Spanish:0,100,Portuguese:50|English:50|Spanish:0,100,18,4,Bachelor's,10,10,10,10,10,10,6,11,0,10,CEFR,C2,,,,,23,25,C1,intermediate|advanced,advanced|intermediate,cambridge_22_25_intermediate_advanced,4,18,random,,hover,350.09999990463257,350.09999990463257,0.13359647086138843,0.220458984375,159,336.181640625,555.76171875,376.181640625,639.8828125,7,6,,,,,,2026-08-09T14:42:39.026Z,8T7CGK8F,2026-08-09,2026-08-09,11:42:39,2026-08-09 11:42:39,,,,,,,,6986a6c5d1f10ba22361229e,6986a6c5d1f10ba22361229e,,,,
22637,raw_position_sample,2,3,adv,2,2,2,3,97, Ross ,537,349,501276,6986a6c5d1f10ba22361229e,6986a6c5d1f10ba22361229e,advanced,2,6986a6c5d1f10ba22361229e,6986a6c5d1f10ba22361229e,spotlight_PROLIFIC,,39,Brazil,Portuguese,"English, Spanish",Spanish,Portuguese:50|English:50|Spanish:0,100,Portuguese:30|English:70|Spanish:0,100,Portuguese:50|English:50|Spanish:0,100,18,4,Bachelor's,10,10,10,10,10,10,6,11,0,10,CEFR,C2,,,,,23,25,C1,intermediate|advanced,advanced|intermediate,cambridge_22_25_intermediate_advanced,4,18,random,,,,,,,,345.556640625,515.05859375,366.806640625,555.76171875,7,5,,,,,,2026-08-09T14:42:39.026Z,8T7CGK8F,2026-08-09,2026-08-09,11:42:39,2026-08-09 11:42:39,,,,,,,,6986a6c5d1f10ba22361229e,6986a6c5d1f10ba22361229e,,,,
22667,hover_association,2,3,adv,2,2,2,3,97, Ross ,554,346,,6986a6c5d1f10ba22361229e,6986a6c5d1f10ba22361229e,advanced,2,6986a6c5d1f10ba22361229e,6986a6c5d1f10ba22361229e,spotlight_PROLIFIC,,39,Brazil,Portuguese,"English, Spanish",Spanish,Portuguese:50|English:50|Spanish:0,100,Portuguese:30|English:70|Spanish:0,100,Portuguese:50|English:50|Spanish:0,100,18,4,Bachelor's,10,10,10,10,10,10,6,11,0,10,CEFR,C2,,,,,23,25,C1,intermediate|advanced,advanced|intermediate,cambridge_22_25_intermediate_advanced,4,18,random,,hover,50,50,0.21967370441458733,0.395458984375,159,336.181640625,515.05859375,376.181640625,555.76171875,7,5,,,,,,2026-08-09T14:42:39.026Z,8T7CGK8F,2026-08-09,2026-08-09,11:42:39,2026-08-09 11:42:39,,,,,,,,6986a6c5d1f10ba22361229e,6986a6c5d1f10ba22361229e,,,,
22687,raw_position_sample,2,3,adv,2,2,2,3,96," team, ",501,357,501326.09999990463,6986a6c5d1f10ba22361229e,6986a6c5d1f10ba22361229e,advanced,2,6986a6c5d1f10ba22361229e,6986a6c5d1f10ba22361229e,spotlight_PROLIFIC,,39,Brazil,Portuguese,"English, Spanish",Spanish,Portuguese:50|English:50|Spanish:0,100,Portuguese:30|English:70|Spanish:0,100,Portuguese:50|English:50|Spanish:0,100,18,4,Bachelor's,10,10,10,10,10,10,6,11,0,10,CEFR,C2,,,,,23,25,C1,intermediate|advanced,advanced|intermediate,cambridge_22_25_intermediate_advanced,4,18,random,,,,,,,,345.556640625,467.71484375,366.806640625,515.05859375,7,4,,,,,,2026-08-09T14:42:39.026Z,8T7CGK8F,2026-08-09,2026-08-09,11:42:39,2026-08-09 11:42:39,,,,,,,,6986a6c5d1f10ba22361229e,6986a6c5d1f10ba22361229e,,,,
22737,raw_position_sample,2,3,adv,2,2,2,3,96," team, ",476,363,501375.7999999523,6986a6c5d1f10ba22361229e,6986a6c5d1f10ba22361229e,advanced,2,6986a6c5d1f10ba22361229e,6986a6c5d1f10ba22361229e,spotlight_PROLIFIC,,39,Brazil,Portuguese,"English, Spanish",Spanish,Portuguese:50|English:50|Spanish:0,100,Portuguese:30|English:70|Spanish:0,100,Portuguese:50|English:50|Spanish:0,100,18,4,Bachelor's,10,10,10,10,10,10,6,11,0,10,CEFR,C2,,,,,23,25,C1,intermediate|advanced,advanced|intermediate,cambridge_22_25_intermediate_advanced,4,18,random,,,,,,,,345.556640625,467.71484375,366.806640625,515.05859375,7,4,,,,,,2026-08-09T14:42:39.026Z,8T7CGK8F,2026-08-09,2026-08-09,11:42:39,2026-08-09 11:42:39,,,,,,,,6986a6c5d1f10ba22361229e,6986a6c5d1f10ba22361229e,,,,
22767,hover_association,2,3,adv,2,2,2,3,96," team, ",512,354,,6986a6c5d1f10ba22361229e,6986a6c5d1f10ba22361229e,advanced,2,6986a6c5d1f10ba22361229e,6986a6c5d1f10ba22361229e,spotlight_PROLIFIC,,39,Brazil,Portuguese,"English, Spanish",Spanish,Portuguese:50|English:50|Spanish:0,100,Portuguese:30|English:70|Spanish:0,100,Portuguese:50|English:50|Spanish:0,100,18,4,Bachelor's,10,10,10,10,10,10,6,11,0,10,CEFR,C2,,,,,23,25,C1,intermediate|advanced,advanced|intermediate,cambridge_22_25_intermediate_advanced,4,18,random,,hover,100,100,0.006023102310231023,0.720458984375,159,336.181640625,467.71484375,376.181640625,515.05859375,7,4,,,,,,2026-08-09T14:42:39.026Z,8T7CGK8F,2026-08-09,2026-08-09,11:42:39,2026-08-09 11:42:39,,,,,,,,6986a6c5d1f10ba22361229e,6986a6c5d1f10ba22361229e,,,,
22787,raw_position_sample,2,3,adv,2,2,2,3,95, research ,460,368,501426.2000000477,6986a6c5d1f10ba22361229e,6986a6c5d1f10ba22361229e,advanced,2,6986a6c5d1f10ba22361229e,6986a6c5d1f10ba22361229e,spotlight_PROLIFIC,,39,Brazil,Portuguese,"English, Spanish",Spanish,Portuguese:50|English:50|Spanish:0,100,Portuguese:30|English:70|Spanish:0,100,Portuguese:50|English:50|Spanish:0,100,18,4,Bachelor's,10,10,10,10,10,10,6,11,0,10,CEFR,C2,,,,,23,25,C1,intermediate|advanced,advanced|intermediate,cambridge_22_25_intermediate_advanced,4,18,random,,,,,,,,345.556640625,395.5078125,366.806640625,467.71484375,7,3,,,,,,2026-08-09T14:42:39.026Z,8T7CGK8F,2026-08-09,2026-08-09,11:42:39,2026-08-09 11:42:39,,,,,,,,6986a6c5d1f10ba22361229e,6986a6c5d1f10ba22361229e,,,,
22837,raw_position_sample,2,3,adv,2,2,2,3,95, research ,451,369,501475.7999999523,6986a6c5d1f10ba22361229e,6986a6c5d1f10ba22361229e,advanced,2,6986a6c5d1f10ba22361229e,6986a6c5d1f10ba22361229e,spotlight_PROLIFIC,,39,Brazil,Portuguese,"English, Spanish",Spanish,Portuguese:50|English:50|Spanish:0,100,Portuguese:30|English:70|Spanish:0,100,Portuguese:50|English:50|Spanish:0,100,18,4,Bachelor's,10,10,10,10,10,10,6,11,0,10,CEFR,C2,,,,,23,25,C1,intermediate|advanced,advanced|intermediate,cambridge_22_25_intermediate_advanced,4,18,random,,,,,,,,345.556640625,395.5078125,366.806640625,467.71484375,7,3,,,,,,2026-08-09T14:42:39.026Z,8T7CGK8F,2026-08-09,2026-08-09,11:42:39,2026-08-09 11:42:39,,,,,,,,6986a6c5d1f10ba22361229e,6986a6c5d1f10ba22361229e,,,,
22887,raw_position_sample,2,3,adv,2,2,2,3,95, research ,446,369,501525.7999999523,6986a6c5d1f10ba22361229e,6986a6c5d1f10ba22361229e,advanced,2,6986a6c5d1f10ba22361229e,6986a6c5d1f10ba22361229e,spotlight_PROLIFIC,,39,Brazil,Portuguese,"English, Spanish",Spanish,Portuguese:50|English:50|Spanish:0,100,Portuguese:30|English:70|Spanish:0,100,Portuguese:50|English:50|Spanish:0,100,18,4,Bachelor's,10,10,10,10,10,10,6,11,0,10,CEFR,C2,,,,,23,25,C1,intermediate|advanced,advanced|intermediate,cambridge_22_25_intermediate_advanced,4,18,random,,,,,,,,345.556640625,395.5078125,366.806640625,467.71484375,7,3,,,,,,2026-08-09T14:42:39.026Z,8T7CGK8F,2026-08-09,2026-08-09,11:42:39,2026-08-09 11:42:39,,,,,,,,6986a6c5d1f10ba22361229e,6986a6c5d1f10ba22361229e,,,,
22937,raw_position_sample,2,3,adv,2,2,2,3,95, research ,436,369,501576,6986a6c5d1f10ba22361229e,6986a6c5d1f10ba22361229e,advanced,2,6986a6c5d1f10ba22361229e,6986a6c5d1f10ba22361229e,spotlight_PROLIFIC,,39,Brazil,Portuguese,"English, Spanish",Spanish,Portuguese:50|English:50|Spanish:0,100,Portuguese:30|English:70|Spanish:0,100,Portuguese:50|English:50|Spanish:0,100,18,4,Bachelor's,10,10,10,10,10,10,6,11,0,10,CEFR,C2,,,,,23,25,C1,intermediate|advanced,advanced|intermediate,cambridge_22_25_intermediate_advanced,4,18,random,,,,,,,,345.556640625,395.5078125,366.806640625,467.71484375,7,3,,,,,,2026-08-09T14:42:39.026Z,8T7CGK8F,2026-08-09,2026-08-09,11:42:39,2026-08-09 11:42:39,,,,,,,,6986a6c5d1f10ba22361229e,6986a6c5d1f10ba22361229e,,,,
22987,raw_position_sample,2,3,adv,2,2,2,3,95, research ,414,365,501625.89999985695,6986a6c5d1f10ba22361229e,6986a6c5d1f10ba22361229e,advanced,2,6986a6c5d1f10ba22361229e,6986a6c5d1f10ba22361229e,spotlight_PROLIFIC,,39,Brazil,Portuguese,"English, Spanish",Spanish,Portuguese:50|English:50|Spanish:0,100,Portuguese:30|English:70|Spanish:0,100,Portuguese:50|English:50|Spanish:0,100,18,4,Bachelor's,10,10,10,10,10,10,6,11,0,10,CEFR,C2,,,,,23,25,C1,intermediate|advanced,advanced|intermediate,cambridge_22_25_intermediate_advanced,4,18,random,,,,,,,,345.556640625,395.5078125,366.806640625,467.71484375,7,3,,,,,,2026-08-09T14:42:39.026Z,8T7CGK8F,2026-08-09,2026-08-09,11:42:39,2026-08-09 11:42:39,,,,,,,,6986a6c5d1f10ba22361229e,6986a6c5d1f10ba22361229e,,,,
23034,hover_association,2,3,adv,2,2,2,3,95, research ,463,366,,6986a6c5d1f10ba22361229e,6986a6c5d1f10ba22361229e,advanced,2,6986a6c5d1f10ba22361229e,6986a6c5d1f10ba22361229e,spotlight_PROLIFIC,,39,Brazil,Portuguese,"English, Spanish",Spanish,Portuguese:50|English:50|Spanish:0,100,Portuguese:30|English:70|Spanish:0,100,Portuguese:50|English:50|Spanish:0,100,18,4,Bachelor's,10,10,10,10,10,10,6,11,0,10,CEFR,C2,,,,,23,25,C1,intermediate|advanced,advanced|intermediate,cambridge_22_25_intermediate_advanced,4,18,random,,hover,266.7000000476837,266.7000000476837,0.04836353800378686,0.595458984375,159,336.181640625,395.5078125,376.181640625,467.71484375,7,3,,,,,,2026-08-09T14:42:39.026Z,8T7CGK8F,2026-08-09,2026-08-09,11:42:39,2026-08-09 11:42:39,,,,,,,,6986a6c5d1f10ba22361229e,6986a6c5d1f10ba22361229e,,,,
23037,raw_position_sample,2,3,adv,2,2,2,3,94, the ,392,358,501676.2000000477,6986a6c5d1f10ba22361229e,6986a6c5d1f10ba22361229e,advanced,2,6986a6c5d1f10ba22361229e,6986a6c5d1f10ba22361229e,spotlight_PROLIFIC,,39,Brazil,Portuguese,"English, Spanish",Spanish,Portuguese:50|English:50|Spanish:0,100,Portuguese:30|English:70|Spanish:0,100,Portuguese:50|English:50|Spanish:0,100,18,4,Bachelor's,10,10,10,10,10,10,6,11,0,10,CEFR,C2,,,,,23,25,C1,intermediate|advanced,advanced|intermediate,cambridge_22_25_intermediate_advanced,4,18,random,,,,,,,,345.556640625,365.87890625,366.806640625,395.5078125,7,2,,,,,,2026-08-09T14:42:39.026Z,8T7CGK8F,2026-08-09,2026-08-09,11:42:39,2026-08-09 11:42:39,,,,,,,,6986a6c5d1f10ba22361229e,6986a6c5d1f10ba22361229e,,,,
23087,raw_position_sample,2,3,adv,2,2,2,3,94, the ,379,355,501726.09999990463,6986a6c5d1f10ba22361229e,6986a6c5d1f10ba22361229e,advanced,2,6986a6c5d1f10ba22361229e,6986a6c5d1f10ba22361229e,spotlight_PROLIFIC,,39,Brazil,Portuguese,"English, Spanish",Spanish,Portuguese:50|English:50|Spanish:0,100,Portuguese:30|English:70|Spanish:0,100,Portuguese:50|English:50|Spanish:0,100,18,4,Bachelor's,10,10,10,10,10,10,6,11,0,10,CEFR,C2,,,,,23,25,C1,intermediate|advanced,advanced|intermediate,cambridge_22_25_intermediate_advanced,4,18,random,,,,,,,,345.556640625,365.87890625,366.806640625,395.5078125,7,2,,,,,,2026-08-09T14:42:39.026Z,8T7CGK8F,2026-08-09,2026-08-09,11:42:39,2026-08-09 11:42:39,,,,,,,,6986a6c5d1f10ba22361229e,6986a6c5d1f10ba22361229e,,,,
23137,raw_position_sample,2,3,adv,2,2,2,3,94, the ,371,353,501775.89999985695,6986a6c5d1f10ba22361229e,6986a6c5d1f10ba22361229e,advanced,2,6986a6c5d1f10ba22361229e,6986a6c5d1f10ba22361229e,spotlight_PROLIFIC,,39,Brazil,Portuguese,"English, Spanish",Spanish,Portuguese:50|English:50|Spanish:0,100,Portuguese:30|English:70|Spanish:0,100,Portuguese:50|English:50|Spanish:0,100,18,4,Bachelor's,10,10,10,10,10,10,6,11,0,10,CEFR,C2,,,,,23,25,C1,intermediate|advanced,advanced|intermediate,cambridge_22_25_intermediate_advanced,4,18,random,,,,,,,,345.556640625,365.87890625,366.806640625,395.5078125,7,2,,,,,,2026-08-09T14:42:39.026Z,8T7CGK8F,2026-08-09,2026-08-09,11:42:39,2026-08-09 11:42:39,,,,,,,,6986a6c5d1f10ba22361229e,6986a6c5d1f10ba22361229e,,,,
23187,raw_position_sample,2,3,adv,2,2,2,3,94, the ,368,352,501826.09999990463,6986a6c5d1f10ba22361229e,6986a6c5d1f10ba22361229e,advanced,2,6986a6c5d1f10ba22361229e,6986a6c5d1f10ba22361229e,spotlight_PROLIFIC,,39,Brazil,Portuguese,"English, Spanish",Spanish,Portuguese:50|English:50|Spanish:0,100,Portuguese:30|English:70|Spanish:0,100,Portuguese:50|English:50|Spanish:0,100,18,4,Bachelor's,10,10,10,10,10,10,6,11,0,10,CEFR,C2,,,,,23,25,C1,intermediate|advanced,advanced|intermediate,cambridge_22_25_intermediate_advanced,4,18,random,,,,,,,,345.556640625,365.87890625,366.806640625,395.5078125,7,2,,,,,,2026-08-09T14:42:39.026Z,8T7CGK8F,2026-08-09,2026-08-09,11:42:39,2026-08-09 11:42:39,,,,,,,,6986a6c5d1f10ba22361229e,6986a6c5d1f10ba22361229e,,,,
23234,hover_association,2,3,adv,2,2,2,3,94, the ,392,358,,6986a6c5d1f10ba22361229e,6986a6c5d1f10ba22361229e,advanced,2,6986a6c5d1f10ba22361229e,6986a6c5d1f10ba22361229e,spotlight_PROLIFIC,,39,Brazil,Portuguese,"English, Spanish",Spanish,Portuguese:50|English:50|Spanish:0,100,Portuguese:30|English:70|Spanish:0,100,Portuguese:50|English:50|Spanish:0,100,18,4,Bachelor's,10,10,10,10,10,10,6,11,0,10,CEFR,C2,,,,,23,25,C1,intermediate|advanced,advanced|intermediate,cambridge_22_25_intermediate_advanced,4,18,random,,hover,199.79999995231628,199.79999995231628,0.004087013843111404,0.370458984375,159,336.181640625,365.87890625,376.181640625,395.5078125,7,2,,,,,,2026-08-09T14:42:39.026Z,8T7CGK8F,2026-08-09,2026-08-09,11:42:39,2026-08-09 11:42:39,,,,,,,,6986a6c5d1f10ba22361229e,6986a6c5d1f10ba22361229e,,,,
23237,raw_position_sample,2,3,adv,2,2,2,3,93, of ,365,350,501876.09999990463,6986a6c5d1f10ba22361229e,6986a6c5d1f10ba22361229e,advanced,2,6986a6c5d1f10ba22361229e,6986a6c5d1f10ba22361229e,spotlight_PROLIFIC,,39,Brazil,Portuguese,"English, Spanish",Spanish,Portuguese:50|English:50|Spanish:0,100,Portuguese:30|English:70|Spanish:0,100,Portuguese:50|English:50|Spanish:0,100,18,4,Bachelor's,10,10,10,10,10,10,6,11,0,10,CEFR,C2,,,,,23,25,C1,intermediate|advanced,advanced|intermediate,cambridge_22_25_intermediate_advanced,4,18,random,,,,,,,,345.556640625,346.328125,366.806640625,365.87890625,7,1,,,,,,2026-08-09T14:42:39.026Z,8T7CGK8F,2026-08-09,2026-08-09,11:42:39,2026-08-09 11:42:39,,,,,,,,6986a6c5d1f10ba22361229e,6986a6c5d1f10ba22361229e,,,,
23287,raw_position_sample,2,3,adv,2,2,2,3,93, of ,359,348,501925.89999985695,6986a6c5d1f10ba22361229e,6986a6c5d1f10ba22361229e,advanced,2,6986a6c5d1f10ba22361229e,6986a6c5d1f10ba22361229e,spotlight_PROLIFIC,,39,Brazil,Portuguese,"English, Spanish",Spanish,Portuguese:50|English:50|Spanish:0,100,Portuguese:30|English:70|Spanish:0,100,Portuguese:50|English:50|Spanish:0,100,18,4,Bachelor's,10,10,10,10,10,10,6,11,0,10,CEFR,C2,,,,,23,25,C1,intermediate|advanced,advanced|intermediate,cambridge_22_25_intermediate_advanced,4,18,random,,,,,,,,345.556640625,346.328125,366.806640625,365.87890625,7,1,,,,,,2026-08-09T14:42:39.026Z,8T7CGK8F,2026-08-09,2026-08-09,11:42:39,2026-08-09 11:42:39,,,,,,,,6986a6c5d1f10ba22361229e,6986a6c5d1f10ba22361229e,,,,
23337,raw_position_sample,2,3,adv,2,2,2,3,93, of ,348,345,501976.09999990463,6986a6c5d1f10ba22361229e,6986a6c5d1f10ba22361229e,advanced,2,6986a6c5d1f10ba22361229e,6986a6c5d1f10ba22361229e,spotlight_PROLIFIC,,39,Brazil,Portuguese,"English, Spanish",Spanish,Portuguese:50|English:50|Spanish:0,100,Portuguese:30|English:70|Spanish:0,100,Portuguese:50|English:50|Spanish:0,100,18,4,Bachelor's,10,10,10,10,10,10,6,11,0,10,CEFR,C2,,,,,23,25,C1,intermediate|advanced,advanced|intermediate,cambridge_22_25_intermediate_advanced,4,18,random,,,,,,,,345.556640625,346.328125,366.806640625,365.87890625,7,1,,,,,,2026-08-09T14:42:39.026Z,8T7CGK8F,2026-08-09,2026-08-09,11:42:39,2026-08-09 11:42:39,,,,,,,,6986a6c5d1f10ba22361229e,6986a6c5d1f10ba22361229e,,,,
23367,hover_association,2,3,adv,2,2,2,3,93, of ,365,350,,6986a6c5d1f10ba22361229e,6986a6c5d1f10ba22361229e,advanced,2,6986a6c5d1f10ba22361229e,6986a6c5d1f10ba22361229e,spotlight_PROLIFIC,,39,Brazil,Portuguese,"English, Spanish",Spanish,Portuguese:50|English:50|Spanish:0,100,Portuguese:30|English:70|Spanish:0,100,Portuguese:50|English:50|Spanish:0,100,18,4,Bachelor's,10,10,10,10,10,10,6,11,0,10,CEFR,C2,,,,,23,25,C1,intermediate|advanced,advanced|intermediate,cambridge_22_25_intermediate_advanced,4,18,random,,hover,133.40000009536743,133.40000009536743,0.0884284130638697,0.220458984375,159,336.181640625,342.974609375,376.181640625,365.87890625,7,1,,,,,,2026-08-09T14:42:39.026Z,8T7CGK8F,2026-08-09,2026-08-09,11:42:39,2026-08-09 11:42:39,,,,,,,,6986a6c5d1f10ba22361229e,6986a6c5d1f10ba22361229e,,,,
23387,raw_position_sample,2,3,adv,2,2,2,3,-1,999,338,343,502025.7000000477,6986a6c5d1f10ba22361229e,6986a6c5d1f10ba22361229e,advanced,2,6986a6c5d1f10ba22361229e,6986a6c5d1f10ba22361229e,spotlight_PROLIFIC,,39,Brazil,Portuguese,"English, Spanish",Spanish,Portuguese:50|English:50|Spanish:0,100,Portuguese:30|English:70|Spanish:0,100,Portuguese:50|English:50|Spanish:0,100,18,4,Bachelor's,10,10,10,10,10,10,6,11,0,10,CEFR,C2,,,,,23,25,C1,intermediate|advanced,advanced|intermediate,cambridge_22_25_intermediate_advanced,4,18,random,,,,,,,,,,,,,,,,,,,2026-08-09T14:42:39.026Z,8T7CGK8F,2026-08-09,2026-08-09,11:42:39,2026-08-09 11:42:39,,,,,,,,6986a6c5d1f10ba22361229e,6986a6c5d1f10ba22361229e,,,,
23437,raw_position_sample,2,3,adv,2,2,2,3,-1,999,330,336,502075.7999999523,6986a6c5d1f10ba22361229e,6986a6c5d1f10ba22361229e,advanced,2,6986a6c5d1f10ba22361229e,6986a6c5d1f10ba22361229e,spotlight_PROLIFIC,,39,Brazil,Portuguese,"English, Spanish",Spanish,Portuguese:50|English:50|Spanish:0,100,Portuguese:30|English:70|Spanish:0,100,Portuguese:50|English:50|Spanish:0,100,18,4,Bachelor's,10,10,10,10,10,10,6,11,0,10,CEFR,C2,,,,,23,25,C1,intermediate|advanced,advanced|intermediate,cambridge_22_25_intermediate_advanced,4,18,random,,,,,,,,,,,,,,,,,,,2026-08-09T14:42:39.026Z,8T7CGK8F,2026-08-09,2026-08-09,11:42:39,2026-08-09 11:42:39,,,,,,,,6986a6c5d1f10ba22361229e,6986a6c5d1f10ba22361229e,,,,
23486,raw_position_sample,2,3,adv,2,2,2,3,-1,999,328,316,502125.2000000477,6986a6c5d1f10ba22361229e,6986a6c5d1f10ba22361229e,advanced,2,6986a6c5d1f10ba22361229e,6986a6c5d1f10ba22361229e,spotlight_PROLIFIC,,39,Brazil,Portuguese,"English, Spanish",Spanish,Portuguese:50|English:50|Spanish:0,100,Portuguese:30|English:70|Spanish:0,100,Portuguese:50|English:50|Spanish:0,100,18,4,Bachelor's,10,10,10,10,10,10,6,11,0,10,CEFR,C2,,,,,23,25,C1,intermediate|advanced,advanced|intermediate,cambridge_22_25_intermediate_advanced,4,18,random,,,,,,,,,,,,,,,,,,,2026-08-09T14:42:39.026Z,8T7CGK8F,2026-08-09,2026-08-09,11:42:39,2026-08-09 11:42:39,,,,,,,,6986a6c5d1f10ba22361229e,6986a6c5d1f10ba22361229e,,,,
23536,raw_position_sample,2,3,adv,2,2,2,3,-1,999,328,309,502175.09999990463,6986a6c5d1f10ba22361229e,6986a6c5d1f10ba22361229e,advanced,2,6986a6c5d1f10ba22361229e,6986a6c5d1f10ba22361229e,spotlight_PROLIFIC,,39,Brazil,Portuguese,"English, Spanish",Spanish,Portuguese:50|English:50|Spanish:0,100,Portuguese:30|English:70|Spanish:0,100,Portuguese:50|English:50|Spanish:0,100,18,4,Bachelor's,10,10,10,10,10,10,6,11,0,10,CEFR,C2,,,,,23,25,C1,intermediate|advanced,advanced|intermediate,cambridge_22_25_intermediate_advanced,4,18,random,,,,,,,,,,,,,,,,,,,2026-08-09T14:42:39.026Z,8T7CGK8F,2026-08-09,2026-08-09,11:42:39,2026-08-09 11:42:39,,,,,,,,6986a6c5d1f10ba22361229e,6986a6c5d1f10ba22361229e,,,,
23587,raw_position_sample,2,3,adv,2,2,2,3,-1,999,329,309,502225.39999985695,6986a6c5d1f10ba22361229e,6986a6c5d1f10ba22361229e,advanced,2,6986a6c5d1f10ba22361229e,6986a6c5d1f10ba22361229e,spotlight_PROLIFIC,,39,Brazil,Portuguese,"English, Spanish",Spanish,Portuguese:50|English:50|Spanish:0,100,Portuguese:30|English:70|Spanish:0,100,Portuguese:50|English:50|Spanish:0,100,18,4,Bachelor's,10,10,10,10,10,10,6,11,0,10,CEFR,C2,,,,,23,25,C1,intermediate|advanced,advanced|intermediate,cambridge_22_25_intermediate_advanced,4,18,random,,,,,,,,,,,,,,,,,,,2026-08-09T14:42:39.026Z,8T7CGK8F,2026-08-09,2026-08-09,11:42:39,2026-08-09 11:42:39,,,,,,,,6986a6c5d1f10ba22361229e,6986a6c5d1f10ba22361229e,,,,
23637,raw_position_sample,2,3,adv,2,2,2,3,-1,999,334,309,502275.59999990463,6986a6c5d1f10ba22361229e,6986a6c5d1f10ba22361229e,advanced,2,6986a6c5d1f10ba22361229e,6986a6c5d1f10ba22361229e,spotlight_PROLIFIC,,39,Brazil,Portuguese,"English, Spanish",Spanish,Portuguese:50|English:50|Spanish:0,100,Portuguese:30|English:70|Spanish:0,100,Portuguese:50|English:50|Spanish:0,100,18,4,Bachelor's,10,10,10,10,10,10,6,11,0,10,CEFR,C2,,,,,23,25,C1,intermediate|advanced,advanced|intermediate,cambridge_22_25_intermediate_advanced,4,18,random,,,,,,,,,,,,,,,,,,,2026-08-09T14:42:39.026Z,8T7CGK8F,2026-08-09,2026-08-09,11:42:39,2026-08-09 11:42:39,,,,,,,,6986a6c5d1f10ba22361229e,6986a6c5d1f10ba22361229e,,,,
23687,raw_position_sample,2,3,adv,2,2,2,3,78, the ,353,308,502326,6986a6c5d1f10ba22361229e,6986a6c5d1f10ba22361229e,advanced,2,6986a6c5d1f10ba22361229e,6986a6c5d1f10ba22361229e,spotlight_PROLIFIC,,39,Brazil,Portuguese,"English, Spanish",Spanish,Portuguese:50|English:50|Spanish:0,100,Portuguese:30|English:70|Spanish:0,100,Portuguese:50|English:50|Spanish:0,100,18,4,Bachelor's,10,10,10,10,10,10,6,11,0,10,CEFR,C2,,,,,23,25,C1,intermediate|advanced,advanced|intermediate,cambridge_22_25_intermediate_advanced,4,18,random,,,,,,,,305.556640625,346.328125,326.806640625,375.95703125,6,1,,,,,,2026-08-09T14:42:39.026Z,8T7CGK8F,2026-08-09,2026-08-09,11:42:39,2026-08-09 11:42:39,,,,,,,,6986a6c5d1f10ba22361229e,6986a6c5d1f10ba22361229e,,,,
23734,hover_association,2,3,adv,2,2,2,3,78, the ,345,309,,6986a6c5d1f10ba22361229e,6986a6c5d1f10ba22361229e,advanced,2,6986a6c5d1f10ba22361229e,6986a6c5d1f10ba22361229e,spotlight_PROLIFIC,,39,Brazil,Portuguese,"English, Spanish",Spanish,Portuguese:50|English:50|Spanish:0,100,Portuguese:30|English:70|Spanish:0,100,Portuguese:50|English:50|Spanish:0,100,18,4,Bachelor's,10,10,10,10,10,10,6,11,0,10,CEFR,C2,,,,,23,25,C1,intermediate|advanced,advanced|intermediate,cambridge_22_25_intermediate_advanced,4,18,random,,hover,66.70000004768372,66.70000004768372,0.8497068751110322,0.245458984375,159,296.181640625,342.974609375,336.181640625,375.95703125,6,1,,,,,,2026-08-09T14:42:39.026Z,8T7CGK8F,2026-08-09,2026-08-09,11:42:39,2026-08-09 11:42:39,,,,,,,,6986a6c5d1f10ba22361229e,6986a6c5d1f10ba22361229e,,,,
23737,raw_position_sample,2,3,adv,2,2,2,3,79, kind ,380,305,502376.2000000477,6986a6c5d1f10ba22361229e,6986a6c5d1f10ba22361229e,advanced,2,6986a6c5d1f10ba22361229e,6986a6c5d1f10ba22361229e,spotlight_PROLIFIC,,39,Brazil,Portuguese,"English, Spanish",Spanish,Portuguese:50|English:50|Spanish:0,100,Portuguese:30|English:70|Spanish:0,100,Portuguese:50|English:50|Spanish:0,100,18,4,Bachelor's,10,10,10,10,10,10,6,11,0,10,CEFR,C2,,,,,23,25,C1,intermediate|advanced,advanced|intermediate,cambridge_22_25_intermediate_advanced,4,18,random,,,,,,,,305.556640625,375.95703125,326.806640625,413.544921875,6,2,,,,,,2026-08-09T14:42:39.026Z,8T7CGK8F,2026-08-09,2026-08-09,11:42:39,2026-08-09 11:42:39,,,,,,,,6986a6c5d1f10ba22361229e,6986a6c5d1f10ba22361229e,,,,
23787,raw_position_sample,2,3,adv,2,2,2,3,79, kind ,386,305,502426,6986a6c5d1f10ba22361229e,6986a6c5d1f10ba22361229e,advanced,2,6986a6c5d1f10ba22361229e,6986a6c5d1f10ba22361229e,spotlight_PROLIFIC,,39,Brazil,Portuguese,"English, Spanish",Spanish,Portuguese:50|English:50|Spanish:0,100,Portuguese:30|English:70|Spanish:0,100,Portuguese:50|English:50|Spanish:0,100,18,4,Bachelor's,10,10,10,10,10,10,6,11,0,10,CEFR,C2,,,,,23,25,C1,intermediate|advanced,advanced|intermediate,cambridge_22_25_intermediate_advanced,4,18,random,,,,,,,,305.556640625,375.95703125,326.806640625,413.544921875,6,2,,,,,,2026-08-09T14:42:39.026Z,8T7CGK8F,2026-08-09,2026-08-09,11:42:39,2026-08-09 11:42:39,,,,,,,,6986a6c5d1f10ba22361229e,6986a6c5d1f10ba22361229e,,,,
23837,raw_position_sample,2,3,adv,2,2,2,3,79, kind ,388,305,502476.09999990463,6986a6c5d1f10ba22361229e,6986a6c5d1f10ba22361229e,advanced,2,6986a6c5d1f10ba22361229e,6986a6c5d1f10ba22361229e,spotlight_PROLIFIC,,39,Brazil,Portuguese,"English, Spanish",Spanish,Portuguese:50|English:50|Spanish:0,100,Portuguese:30|English:70|Spanish:0,100,Portuguese:50|English:50|Spanish:0,100,18,4,Bachelor's,10,10,10,10,10,10,6,11,0,10,CEFR,C2,,,,,23,25,C1,intermediate|advanced,advanced|intermediate,cambridge_22_25_intermediate_advanced,4,18,random,,,,,,,,305.556640625,375.95703125,326.806640625,413.544921875,6,2,,,,,,2026-08-09T14:42:39.026Z,8T7CGK8F,2026-08-09,2026-08-09,11:42:39,2026-08-09 11:42:39,,,,,,,,6986a6c5d1f10ba22361229e,6986a6c5d1f10ba22361229e,,,,
23887,raw_position_sample,2,3,adv,2,2,2,3,79, kind ,400,307,502526,6986a6c5d1f10ba22361229e,6986a6c5d1f10ba22361229e,advanced,2,6986a6c5d1f10ba22361229e,6986a6c5d1f10ba22361229e,spotlight_PROLIFIC,,39,Brazil,Portuguese,"English, Spanish",Spanish,Portuguese:50|English:50|Spanish:0,100,Portuguese:30|English:70|Spanish:0,100,Portuguese:50|English:50|Spanish:0,100,18,4,Bachelor's,10,10,10,10,10,10,6,11,0,10,CEFR,C2,,,,,23,25,C1,intermediate|advanced,advanced|intermediate,cambridge_22_25_intermediate_advanced,4,18,random,,,,,,,,305.556640625,375.95703125,326.806640625,413.544921875,6,2,,,,,,2026-08-09T14:42:39.026Z,8T7CGK8F,2026-08-09,2026-08-09,11:42:39,2026-08-09 11:42:39,,,,,,,,6986a6c5d1f10ba22361229e,6986a6c5d1f10ba22361229e,,,,
23917,hover_association,2,3,adv,2,2,2,3,79, kind ,380,305,,6986a6c5d1f10ba22361229e,6986a6c5d1f10ba22361229e,advanced,2,6986a6c5d1f10ba22361229e,6986a6c5d1f10ba22361229e,spotlight_PROLIFIC,,39,Brazil,Portuguese,"English, Spanish",Spanish,Portuguese:50|English:50|Spanish:0,100,Portuguese:30|English:70|Spanish:0,100,Portuguese:50|English:50|Spanish:0,100,18,4,Bachelor's,10,10,10,10,10,10,6,11,0,10,CEFR,C2,,,,,23,25,C1,intermediate|advanced,advanced|intermediate,cambridge_22_25_intermediate_advanced,4,18,random,,hover,183.29999995231628,183.29999995231628,0.9322941023642505,0.320458984375,159,296.181640625,375.95703125,336.181640625,413.544921875,6,2,,,,,,2026-08-09T14:42:39.026Z,8T7CGK8F,2026-08-09,2026-08-09,11:42:39,2026-08-09 11:42:39,,,,,,,,6986a6c5d1f10ba22361229e,6986a6c5d1f10ba22361229e,,,,
23937,raw_position_sample,2,3,adv,2,2,2,3,80, used ,447,311,502576.09999990463,6986a6c5d1f10ba22361229e,6986a6c5d1f10ba22361229e,advanced,2,6986a6c5d1f10ba22361229e,6986a6c5d1f10ba22361229e,spotlight_PROLIFIC,,39,Brazil,Portuguese,"English, Spanish",Spanish,Portuguese:50|English:50|Spanish:0,100,Portuguese:30|English:70|Spanish:0,100,Portuguese:50|English:50|Spanish:0,100,18,4,Bachelor's,10,10,10,10,10,10,6,11,0,10,CEFR,C2,,,,,23,25,C1,intermediate|advanced,advanced|intermediate,cambridge_22_25_intermediate_advanced,4,18,random,,,,,,,,305.556640625,413.544921875,326.806640625,454.3359375,6,3,,,,,,2026-08-09T14:42:39.026Z,8T7CGK8F,2026-08-09,2026-08-09,11:42:39,2026-08-09 11:42:39,,,,,,,,6986a6c5d1f10ba22361229e,6986a6c5d1f10ba22361229e,,,,
23951,hover_association,2,3,adv,2,2,2,3,80, used ,428,310,,6986a6c5d1f10ba22361229e,6986a6c5d1f10ba22361229e,advanced,2,6986a6c5d1f10ba22361229e,6986a6c5d1f10ba22361229e,spotlight_PROLIFIC,,39,Brazil,Portuguese,"English, Spanish",Spanish,Portuguese:50|English:50|Spanish:0,100,Portuguese:30|English:70|Spanish:0,100,Portuguese:50|English:50|Spanish:0,100,18,4,Bachelor's,10,10,10,10,10,10,6,11,0,10,CEFR,C2,,,,,23,25,C1,intermediate|advanced,advanced|intermediate,cambridge_22_25_intermediate_advanced,4,18,random,,hover,33.299999952316284,33.299999952316284,0.8201580081398132,0.370458984375,159,296.181640625,413.544921875,336.181640625,454.3359375,6,3,,,,,,2026-08-09T14:42:39.026Z,8T7CGK8F,2026-08-09,2026-08-09,11:42:39,2026-08-09 11:42:39,,,,,,,,6986a6c5d1f10ba22361229e,6986a6c5d1f10ba22361229e,,,,
23967,hover_association,2,3,adv,2,2,2,3,81, in ,461,311,,6986a6c5d1f10ba22361229e,6986a6c5d1f10ba22361229e,advanced,2,6986a6c5d1f10ba22361229e,6986a6c5d1f10ba22361229e,spotlight_PROLIFIC,,39,Brazil,Portuguese,"English, Spanish",Spanish,Portuguese:50|English:50|Spanish:0,100,Portuguese:30|English:70|Spanish:0,100,Portuguese:50|English:50|Spanish:0,100,18,4,Bachelor's,10,10,10,10,10,10,6,11,0,10,CEFR,C2,,,,,23,25,C1,intermediate|advanced,advanced|intermediate,cambridge_22_25_intermediate_advanced,4,18,random,,hover,16.700000047683716,16.700000047683716,0.36826767404209393,0.370458984375,159,296.181640625,454.3359375,336.181640625,472.431640625,6,4,,,,,,2026-08-09T14:42:39.026Z,8T7CGK8F,2026-08-09,2026-08-09,11:42:39,2026-08-09 11:42:39,,,,,,,,6986a6c5d1f10ba22361229e,6986a6c5d1f10ba22361229e,,,,
23987,raw_position_sample,2,3,adv,2,2,2,3,82, films ,499,311,502626.09999990463,6986a6c5d1f10ba22361229e,6986a6c5d1f10ba22361229e,advanced,2,6986a6c5d1f10ba22361229e,6986a6c5d1f10ba22361229e,spotlight_PROLIFIC,,39,Brazil,Portuguese,"English, Spanish",Spanish,Portuguese:50|English:50|Spanish:0,100,Portuguese:30|English:70|Spanish:0,100,Portuguese:50|English:50|Spanish:0,100,18,4,Bachelor's,10,10,10,10,10,10,6,11,0,10,CEFR,C2,,,,,23,25,C1,intermediate|advanced,advanced|intermediate,cambridge_22_25_intermediate_advanced,4,18,random,,,,,,,,305.556640625,472.431640625,326.806640625,513.369140625,6,5,,,,,,2026-08-09T14:42:39.026Z,8T7CGK8F,2026-08-09,2026-08-09,11:42:39,2026-08-09 11:42:39,,,,,,,,6986a6c5d1f10ba22361229e,6986a6c5d1f10ba22361229e,,,,
24017,hover_association,2,3,adv,2,2,2,3,82, films ,482,311,,6986a6c5d1f10ba22361229e,6986a6c5d1f10ba22361229e,advanced,2,6986a6c5d1f10ba22361229e,6986a6c5d1f10ba22361229e,spotlight_PROLIFIC,,39,Brazil,Portuguese,"English, Spanish",Spanish,Portuguese:50|English:50|Spanish:0,100,Portuguese:30|English:70|Spanish:0,100,Portuguese:50|English:50|Spanish:0,100,18,4,Bachelor's,10,10,10,10,10,10,6,11,0,10,CEFR,C2,,,,,23,25,C1,intermediate|advanced,advanced|intermediate,cambridge_22_25_intermediate_advanced,4,18,random,,hover,50.09999990463257,50.09999990463257,0.9665553435114503,0.370458984375,159,296.181640625,472.431640625,336.181640625,513.369140625,6,5,,,,,,2026-08-09T14:42:39.026Z,8T7CGK8F,2026-08-09,2026-08-09,11:42:39,2026-08-09 11:42:39,,,,,,,,6986a6c5d1f10ba22361229e,6986a6c5d1f10ba22361229e,,,,
24037,raw_position_sample,2,3,adv,2,2,2,3,83, to ,530,311,502676.2000000477,6986a6c5d1f10ba22361229e,6986a6c5d1f10ba22361229e,advanced,2,6986a6c5d1f10ba22361229e,6986a6c5d1f10ba22361229e,spotlight_PROLIFIC,,39,Brazil,Portuguese,"English, Spanish",Spanish,Portuguese:50|English:50|Spanish:0,100,Portuguese:30|English:70|Spanish:0,100,Portuguese:50|English:50|Spanish:0,100,18,4,Bachelor's,10,10,10,10,10,10,6,11,0,10,CEFR,C2,,,,,23,25,C1,intermediate|advanced,advanced|intermediate,cambridge_22_25_intermediate_advanced,4,18,random,,,,,,,,305.556640625,513.369140625,326.806640625,533.57421875,6,6,,,,,,2026-08-09T14:42:39.026Z,8T7CGK8F,2026-08-09,2026-08-09,11:42:39,2026-08-09 11:42:39,,,,,,,,6986a6c5d1f10ba22361229e,6986a6c5d1f10ba22361229e,,,,
24067,hover_association,2,3,adv,2,2,2,3,83, to ,524,311,,6986a6c5d1f10ba22361229e,6986a6c5d1f10ba22361229e,advanced,2,6986a6c5d1f10ba22361229e,6986a6c5d1f10ba22361229e,spotlight_PROLIFIC,,39,Brazil,Portuguese,"English, Spanish",Spanish,Portuguese:50|English:50|Spanish:0,100,Portuguese:30|English:70|Spanish:0,100,Portuguese:50|English:50|Spanish:0,100,18,4,Bachelor's,10,10,10,10,10,10,6,11,0,10,CEFR,C2,,,,,23,25,C1,intermediate|advanced,advanced|intermediate,cambridge_22_25_intermediate_advanced,4,18,random,,hover,49.90000009536743,49.90000009536743,0.9715804736587723,0.370458984375,159,296.181640625,513.369140625,336.181640625,533.57421875,6,6,,,,,,2026-08-09T14:42:39.026Z,8T7CGK8F,2026-08-09,2026-08-09,11:42:39,2026-08-09 11:42:39,,,,,,,,6986a6c5d1f10ba22361229e,6986a6c5d1f10ba22361229e,,,,
24087,raw_position_sample,2,3,adv,2,2,2,3,84, create ,538,311,502725.89999985695,6986a6c5d1f10ba22361229e,6986a6c5d1f10ba22361229e,advanced,2,6986a6c5d1f10ba22361229e,6986a6c5d1f10ba22361229e,spotlight_PROLIFIC,,39,Brazil,Portuguese,"English, Spanish",Spanish,Portuguese:50|English:50|Spanish:0,100,Portuguese:30|English:70|Spanish:0,100,Portuguese:50|English:50|Spanish:0,100,18,4,Bachelor's,10,10,10,10,10,10,6,11,0,10,CEFR,C2,,,,,23,25,C1,intermediate|advanced,advanced|intermediate,cambridge_22_25_intermediate_advanced,4,18,random,,,,,,,,305.556640625,533.57421875,326.806640625,587.421875,6,7,,,,,,2026-08-09T14:42:39.026Z,8T7CGK8F,2026-08-09,2026-08-09,11:42:39,2026-08-09 11:42:39,,,,,,,,6986a6c5d1f10ba22361229e,6986a6c5d1f10ba22361229e,,,,
24137,raw_position_sample,2,3,adv,2,2,2,3,84, create ,540,311,502776.09999990463,6986a6c5d1f10ba22361229e,6986a6c5d1f10ba22361229e,advanced,2,6986a6c5d1f10ba22361229e,6986a6c5d1f10ba22361229e,spotlight_PROLIFIC,,39,Brazil,Portuguese,"English, Spanish",Spanish,Portuguese:50|English:50|Spanish:0,100,Portuguese:30|English:70|Spanish:0,100,Portuguese:50|English:50|Spanish:0,100,18,4,Bachelor's,10,10,10,10,10,10,6,11,0,10,CEFR,C2,,,,,23,25,C1,intermediate|advanced,advanced|intermediate,cambridge_22_25_intermediate_advanced,4,18,random,,,,,,,,305.556640625,533.57421875,326.806640625,587.421875,6,7,,,,,,2026-08-09T14:42:39.026Z,8T7CGK8F,2026-08-09,2026-08-09,11:42:39,2026-08-09 11:42:39,,,,,,,,6986a6c5d1f10ba22361229e,6986a6c5d1f10ba22361229e,,,,
24187,raw_position_sample,2,3,adv,2,2,2,3,84, create ,543,311,502826.09999990463,6986a6c5d1f10ba22361229e,6986a6c5d1f10ba22361229e,advanced,2,6986a6c5d1f10ba22361229e,6986a6c5d1f10ba22361229e,spotlight_PROLIFIC,,39,Brazil,Portuguese,"English, Spanish",Spanish,Portuguese:50|English:50|Spanish:0,100,Portuguese:30|English:70|Spanish:0,100,Portuguese:50|English:50|Spanish:0,100,18,4,Bachelor's,10,10,10,10,10,10,6,11,0,10,CEFR,C2,,,,,23,25,C1,intermediate|advanced,advanced|intermediate,cambridge_22_25_intermediate_advanced,4,18,random,,,,,,,,305.556640625,533.57421875,326.806640625,587.421875,6,7,,,,,,2026-08-09T14:42:39.026Z,8T7CGK8F,2026-08-09,2026-08-09,11:42:39,2026-08-09 11:42:39,,,,,,,,6986a6c5d1f10ba22361229e,6986a6c5d1f10ba22361229e,,,,
24237,raw_position_sample,2,3,adv,2,2,2,3,84, create ,551,311,502876.09999990463,6986a6c5d1f10ba22361229e,6986a6c5d1f10ba22361229e,advanced,2,6986a6c5d1f10ba22361229e,6986a6c5d1f10ba22361229e,spotlight_PROLIFIC,,39,Brazil,Portuguese,"English, Spanish",Spanish,Portuguese:50|English:50|Spanish:0,100,Portuguese:30|English:70|Spanish:0,100,Portuguese:50|English:50|Spanish:0,100,18,4,Bachelor's,10,10,10,10,10,10,6,11,0,10,CEFR,C2,,,,,23,25,C1,intermediate|advanced,advanced|intermediate,cambridge_22_25_intermediate_advanced,4,18,random,,,,,,,,305.556640625,533.57421875,326.806640625,587.421875,6,7,,,,,,2026-08-09T14:42:39.026Z,8T7CGK8F,2026-08-09,2026-08-09,11:42:39,2026-08-09 11:42:39,,,,,,,,6986a6c5d1f10ba22361229e,6986a6c5d1f10ba22361229e,,,,
24287,raw_position_sample,2,3,adv,2,2,2,3,84, create ,562,311,502926.09999990463,6986a6c5d1f10ba22361229e,6986a6c5d1f10ba22361229e,advanced,2,6986a6c5d1f10ba22361229e,6986a6c5d1f10ba22361229e,spotlight_PROLIFIC,,39,Brazil,Portuguese,"English, Spanish",Spanish,Portuguese:50|English:50|Spanish:0,100,Portuguese:30|English:70|Spanish:0,100,Portuguese:50|English:50|Spanish:0,100,18,4,Bachelor's,10,10,10,10,10,10,6,11,0,10,CEFR,C2,,,,,23,25,C1,intermediate|advanced,advanced|intermediate,cambridge_22_25_intermediate_advanced,4,18,random,,,,,,,,305.556640625,533.57421875,326.806640625,587.421875,6,7,,,,,,2026-08-09T14:42:39.026Z,8T7CGK8F,2026-08-09,2026-08-09,11:42:39,2026-08-09 11:42:39,,,,,,,,6986a6c5d1f10ba22361229e,6986a6c5d1f10ba22361229e,,,,
24337,raw_position_sample,2,3,adv,2,2,2,3,84, create ,565,311,502975.5,6986a6c5d1f10ba22361229e,6986a6c5d1f10ba22361229e,advanced,2,6986a6c5d1f10ba22361229e,6986a6c5d1f10ba22361229e,spotlight_PROLIFIC,,39,Brazil,Portuguese,"English, Spanish",Spanish,Portuguese:50|English:50|Spanish:0,100,Portuguese:30|English:70|Spanish:0,100,Portuguese:50|English:50|Spanish:0,100,18,4,Bachelor's,10,10,10,10,10,10,6,11,0,10,CEFR,C2,,,,,23,25,C1,intermediate|advanced,advanced|intermediate,cambridge_22_25_intermediate_advanced,4,18,random,,,,,,,,305.556640625,533.57421875,326.806640625,587.421875,6,7,,,,,,2026-08-09T14:42:39.026Z,8T7CGK8F,2026-08-09,2026-08-09,11:42:39,2026-08-09 11:42:39,,,,,,,,6986a6c5d1f10ba22361229e,6986a6c5d1f10ba22361229e,,,,
24387,raw_position_sample,2,3,adv,2,2,2,3,84, create ,565,311,503025.89999985695,6986a6c5d1f10ba22361229e,6986a6c5d1f10ba22361229e,advanced,2,6986a6c5d1f10ba22361229e,6986a6c5d1f10ba22361229e,spotlight_PROLIFIC,,39,Brazil,Portuguese,"English, Spanish",Spanish,Portuguese:50|English:50|Spanish:0,100,Portuguese:30|English:70|Spanish:0,100,Portuguese:50|English:50|Spanish:0,100,18,4,Bachelor's,10,10,10,10,10,10,6,11,0,10,CEFR,C2,,,,,23,25,C1,intermediate|advanced,advanced|intermediate,cambridge_22_25_intermediate_advanced,4,18,random,,,,,,,,305.556640625,533.57421875,326.806640625,587.421875,6,7,,,,,,2026-08-09T14:42:39.026Z,8T7CGK8F,2026-08-09,2026-08-09,11:42:39,2026-08-09 11:42:39,,,,,,,,6986a6c5d1f10ba22361229e,6986a6c5d1f10ba22361229e,,,,
24437,raw_position_sample,2,3,adv,2,2,2,3,84, create ,557,311,503076.2000000477,6986a6c5d1f10ba22361229e,6986a6c5d1f10ba22361229e,advanced,2,6986a6c5d1f10ba22361229e,6986a6c5d1f10ba22361229e,spotlight_PROLIFIC,,39,Brazil,Portuguese,"English, Spanish",Spanish,Portuguese:50|English:50|Spanish:0,100,Portuguese:30|English:70|Spanish:0,100,Portuguese:50|English:50|Spanish:0,100,18,4,Bachelor's,10,10,10,10,10,10,6,11,0,10,CEFR,C2,,,,,23,25,C1,intermediate|advanced,advanced|intermediate,cambridge_22_25_intermediate_advanced,4,18,random,,,,,,,,305.556640625,533.57421875,326.806640625,587.421875,6,7,,,,,,2026-08-09T14:42:39.026Z,8T7CGK8F,2026-08-09,2026-08-09,11:42:39,2026-08-09 11:42:39,,,,,,,,6986a6c5d1f10ba22361229e,6986a6c5d1f10ba22361229e,,,,
24484,hover_association,2,3,adv,2,2,2,3,84, create ,536,311,,6986a6c5d1f10ba22361229e,6986a6c5d1f10ba22361229e,advanced,2,6986a6c5d1f10ba22361229e,6986a6c5d1f10ba22361229e,spotlight_PROLIFIC,,39,Brazil,Portuguese,"English, Spanish",Spanish,Portuguese:50|English:50|Spanish:0,100,Portuguese:30|English:70|Spanish:0,100,Portuguese:50|English:50|Spanish:0,100,18,4,Bachelor's,10,10,10,10,10,10,6,11,0,10,CEFR,C2,,,,,23,25,C1,intermediate|advanced,advanced|intermediate,cambridge_22_25_intermediate_advanced,4,18,random,,hover,416.7000000476837,416.7000000476837,0.00790714544795067,0.370458984375,159,296.181640625,533.57421875,336.181640625,587.421875,6,7,,,,,,2026-08-09T14:42:39.026Z,8T7CGK8F,2026-08-09,2026-08-09,11:42:39,2026-08-09 11:42:39,,,,,,,,6986a6c5d1f10ba22361229e,6986a6c5d1f10ba22361229e,,,,
24487,raw_position_sample,2,3,adv,2,2,2,3,83, to ,522,311,503126.2000000477,6986a6c5d1f10ba22361229e,6986a6c5d1f10ba22361229e,advanced,2,6986a6c5d1f10ba22361229e,6986a6c5d1f10ba22361229e,spotlight_PROLIFIC,,39,Brazil,Portuguese,"English, Spanish",Spanish,Portuguese:50|English:50|Spanish:0,100,Portuguese:30|English:70|Spanish:0,100,Portuguese:50|English:50|Spanish:0,100,18,4,Bachelor's,10,10,10,10,10,10,6,11,0,10,CEFR,C2,,,,,23,25,C1,intermediate|advanced,advanced|intermediate,cambridge_22_25_intermediate_advanced,4,18,random,,,,,,,,305.556640625,513.369140625,326.806640625,533.57421875,6,6,,,,,,2026-08-09T14:42:39.026Z,8T7CGK8F,2026-08-09,2026-08-09,11:42:39,2026-08-09 11:42:39,,,,,,,,6986a6c5d1f10ba22361229e,6986a6c5d1f10ba22361229e,,,,
24501,hover_association,2,3,adv,2,2,2,3,83, to ,522,311,,6986a6c5d1f10ba22361229e,6986a6c5d1f10ba22361229e,advanced,2,6986a6c5d1f10ba22361229e,6986a6c5d1f10ba22361229e,spotlight_PROLIFIC,,39,Brazil,Portuguese,"English, Spanish",Spanish,Portuguese:50|English:50|Spanish:0,100,Portuguese:30|English:70|Spanish:0,100,Portuguese:50|English:50|Spanish:0,100,18,4,Bachelor's,10,10,10,10,10,10,6,11,0,10,CEFR,C2,,,,,23,25,C1,intermediate|advanced,advanced|intermediate,cambridge_22_25_intermediate_advanced,4,18,random,,hover,16.699999809265137,16.699999809265137,0.42716288061865637,0.370458984375,159,296.181640625,513.369140625,336.181640625,533.57421875,6,6,,,,,,2026-08-09T14:42:39.026Z,8T7CGK8F,2026-08-09,2026-08-09,11:42:39,2026-08-09 11:42:39,,,,,,,,6986a6c5d1f10ba22361229e,6986a6c5d1f10ba22361229e,,,,
24537,raw_position_sample,2,3,adv,2,2,2,3,82, films ,488,312,503175.89999985695,6986a6c5d1f10ba22361229e,6986a6c5d1f10ba22361229e,advanced,2,6986a6c5d1f10ba22361229e,6986a6c5d1f10ba22361229e,spotlight_PROLIFIC,,39,Brazil,Portuguese,"English, Spanish",Spanish,Portuguese:50|English:50|Spanish:0,100,Portuguese:30|English:70|Spanish:0,100,Portuguese:50|English:50|Spanish:0,100,18,4,Bachelor's,10,10,10,10,10,10,6,11,0,10,CEFR,C2,,,,,23,25,C1,intermediate|advanced,advanced|intermediate,cambridge_22_25_intermediate_advanced,4,18,random,,,,,,,,305.556640625,472.431640625,326.806640625,513.369140625,6,5,,,,,,2026-08-09T14:42:39.026Z,8T7CGK8F,2026-08-09,2026-08-09,11:42:39,2026-08-09 11:42:39,,,,,,,,6986a6c5d1f10ba22361229e,6986a6c5d1f10ba22361229e,,,,
24587,raw_position_sample,2,3,adv,2,2,2,3,82, films ,478,312,503226.09999990463,6986a6c5d1f10ba22361229e,6986a6c5d1f10ba22361229e,advanced,2,6986a6c5d1f10ba22361229e,6986a6c5d1f10ba22361229e,spotlight_PROLIFIC,,39,Brazil,Portuguese,"English, Spanish",Spanish,Portuguese:50|English:50|Spanish:0,100,Portuguese:30|English:70|Spanish:0,100,Portuguese:50|English:50|Spanish:0,100,18,4,Bachelor's,10,10,10,10,10,10,6,11,0,10,CEFR,C2,,,,,23,25,C1,intermediate|advanced,advanced|intermediate,cambridge_22_25_intermediate_advanced,4,18,random,,,,,,,,305.556640625,472.431640625,326.806640625,513.369140625,6,5,,,,,,2026-08-09T14:42:39.026Z,8T7CGK8F,2026-08-09,2026-08-09,11:42:39,2026-08-09 11:42:39,,,,,,,,6986a6c5d1f10ba22361229e,6986a6c5d1f10ba22361229e,,,,
24637,raw_position_sample,2,3,adv,2,2,2,3,82, films ,478,312,503276.09999990463,6986a6c5d1f10ba22361229e,6986a6c5d1f10ba22361229e,advanced,2,6986a6c5d1f10ba22361229e,6986a6c5d1f10ba22361229e,spotlight_PROLIFIC,,39,Brazil,Portuguese,"English, Spanish",Spanish,Portuguese:50|English:50|Spanish:0,100,Portuguese:30|English:70|Spanish:0,100,Portuguese:50|English:50|Spanish:0,100,18,4,Bachelor's,10,10,10,10,10,10,6,11,0,10,CEFR,C2,,,,,23,25,C1,intermediate|advanced,advanced|intermediate,cambridge_22_25_intermediate_advanced,4,18,random,,,,,,,,305.556640625,472.431640625,326.806640625,513.369140625,6,5,,,,,,2026-08-09T14:42:39.026Z,8T7CGK8F,2026-08-09,2026-08-09,11:42:39,2026-08-09 11:42:39,,,,,,,,6986a6c5d1f10ba22361229e,6986a6c5d1f10ba22361229e,,,,
24688,raw_position_sample,2,3,adv,2,2,2,3,82, films ,478,312,503326.5,6986a6c5d1f10ba22361229e,6986a6c5d1f10ba22361229e,advanced,2,6986a6c5d1f10ba22361229e,6986a6c5d1f10ba22361229e,spotlight_PROLIFIC,,39,Brazil,Portuguese,"English, Spanish",Spanish,Portuguese:50|English:50|Spanish:0,100,Portuguese:30|English:70|Spanish:0,100,Portuguese:50|English:50|Spanish:0,100,18,4,Bachelor's,10,10,10,10,10,10,6,11,0,10,CEFR,C2,,,,,23,25,C1,intermediate|advanced,advanced|intermediate,cambridge_22_25_intermediate_advanced,4,18,random,,,,,,,,305.556640625,472.431640625,326.806640625,513.369140625,6,5,,,,,,2026-08-09T14:42:39.026Z,8T7CGK8F,2026-08-09,2026-08-09,11:42:39,2026-08-09 11:42:39,,,,,,,,6986a6c5d1f10ba22361229e,6986a6c5d1f10ba22361229e,,,,
24737,raw_position_sample,2,3,adv,2,2,2,3,82, films ,499,312,503376,6986a6c5d1f10ba22361229e,6986a6c5d1f10ba22361229e,advanced,2,6986a6c5d1f10ba22361229e,6986a6c5d1f10ba22361229e,spotlight_PROLIFIC,,39,Brazil,Portuguese,"English, Spanish",Spanish,Portuguese:50|English:50|Spanish:0,100,Portuguese:30|English:70|Spanish:0,100,Portuguese:50|English:50|Spanish:0,100,18,4,Bachelor's,10,10,10,10,10,10,6,11,0,10,CEFR,C2,,,,,23,25,C1,intermediate|advanced,advanced|intermediate,cambridge_22_25_intermediate_advanced,4,18,random,,,,,,,,305.556640625,472.431640625,326.806640625,513.369140625,6,5,,,,,,2026-08-09T14:42:39.026Z,8T7CGK8F,2026-08-09,2026-08-09,11:42:39,2026-08-09 11:42:39,,,,,,,,6986a6c5d1f10ba22361229e,6986a6c5d1f10ba22361229e,,,,
24749,hover_association,2,3,adv,2,2,2,3,82, films ,507,311,,6986a6c5d1f10ba22361229e,6986a6c5d1f10ba22361229e,advanced,2,6986a6c5d1f10ba22361229e,6986a6c5d1f10ba22361229e,spotlight_PROLIFIC,,39,Brazil,Portuguese,"English, Spanish",Spanish,Portuguese:50|English:50|Spanish:0,100,Portuguese:30|English:70|Spanish:0,100,Portuguese:50|English:50|Spanish:0,100,18,4,Bachelor's,10,10,10,10,10,10,6,11,0,10,CEFR,C2,,,,,23,25,C1,intermediate|advanced,advanced|intermediate,cambridge_22_25_intermediate_advanced,4,18,random,,hover,247.90000009536743,247.90000009536743,0.6489980916030534,0.395458984375,159,296.181640625,472.431640625,336.181640625,513.369140625,6,5,,,,,,2026-08-09T14:42:39.026Z,8T7CGK8F,2026-08-09,2026-08-09,11:42:39,2026-08-09 11:42:39,,,,,,,,6986a6c5d1f10ba22361229e,6986a6c5d1f10ba22361229e,,,,
24782,hover_association,2,3,adv,2,2,2,3,83, to ,514,312,,6986a6c5d1f10ba22361229e,6986a6c5d1f10ba22361229e,advanced,2,6986a6c5d1f10ba22361229e,6986a6c5d1f10ba22361229e,spotlight_PROLIFIC,,39,Brazil,Portuguese,"English, Spanish",Spanish,Portuguese:50|English:50|Spanish:0,100,Portuguese:30|English:70|Spanish:0,100,Portuguese:50|English:50|Spanish:0,100,18,4,Bachelor's,10,10,10,10,10,10,6,11,0,10,CEFR,C2,,,,,23,25,C1,intermediate|advanced,advanced|intermediate,cambridge_22_25_intermediate_advanced,4,18,random,,hover,33.09999990463257,33.09999990463257,0.8231029482841953,0.395458984375,159,296.181640625,513.369140625,336.181640625,533.57421875,6,6,,,,,,2026-08-09T14:42:39.026Z,8T7CGK8F,2026-08-09,2026-08-09,11:42:39,2026-08-09 11:42:39,,,,,,,,6986a6c5d1f10ba22361229e,6986a6c5d1f10ba22361229e,,,,
24787,raw_position_sample,2,3,adv,2,2,2,3,84, create ,544,312,503426.2000000477,6986a6c5d1f10ba22361229e,6986a6c5d1f10ba22361229e,advanced,2,6986a6c5d1f10ba22361229e,6986a6c5d1f10ba22361229e,spotlight_PROLIFIC,,39,Brazil,Portuguese,"English, Spanish",Spanish,Portuguese:50|English:50|Spanish:0,100,Portuguese:30|English:70|Spanish:0,100,Portuguese:50|English:50|Spanish:0,100,18,4,Bachelor's,10,10,10,10,10,10,6,11,0,10,CEFR,C2,,,,,23,25,C1,intermediate|advanced,advanced|intermediate,cambridge_22_25_intermediate_advanced,4,18,random,,,,,,,,305.556640625,533.57421875,326.806640625,587.421875,6,7,,,,,,2026-08-09T14:42:39.026Z,8T7CGK8F,2026-08-09,2026-08-09,11:42:39,2026-08-09 11:42:39,,,,,,,,6986a6c5d1f10ba22361229e,6986a6c5d1f10ba22361229e,,,,
24837,raw_position_sample,2,3,adv,2,2,2,3,84, create ,584,312,503475.5,6986a6c5d1f10ba22361229e,6986a6c5d1f10ba22361229e,advanced,2,6986a6c5d1f10ba22361229e,6986a6c5d1f10ba22361229e,spotlight_PROLIFIC,,39,Brazil,Portuguese,"English, Spanish",Spanish,Portuguese:50|English:50|Spanish:0,100,Portuguese:30|English:70|Spanish:0,100,Portuguese:50|English:50|Spanish:0,100,18,4,Bachelor's,10,10,10,10,10,10,6,11,0,10,CEFR,C2,,,,,23,25,C1,intermediate|advanced,advanced|intermediate,cambridge_22_25_intermediate_advanced,4,18,random,,,,,,,,305.556640625,533.57421875,326.806640625,587.421875,6,7,,,,,,2026-08-09T14:42:39.026Z,8T7CGK8F,2026-08-09,2026-08-09,11:42:39,2026-08-09 11:42:39,,,,,,,,6986a6c5d1f10ba22361229e,6986a6c5d1f10ba22361229e,,,,
24848,hover_association,2,3,adv,2,2,2,3,84, create ,544,312,,6986a6c5d1f10ba22361229e,6986a6c5d1f10ba22361229e,advanced,2,6986a6c5d1f10ba22361229e,6986a6c5d1f10ba22361229e,spotlight_PROLIFIC,,39,Brazil,Portuguese,"English, Spanish",Spanish,Portuguese:50|English:50|Spanish:0,100,Portuguese:30|English:70|Spanish:0,100,Portuguese:50|English:50|Spanish:0,100,18,4,Bachelor's,10,10,10,10,10,10,6,11,0,10,CEFR,C2,,,,,23,25,C1,intermediate|advanced,advanced|intermediate,cambridge_22_25_intermediate_advanced,4,18,random,,hover,66.70000004768372,66.70000004768372,0.9364526659412404,0.395458984375,159,296.181640625,533.57421875,336.181640625,587.421875,6,7,,,,,,2026-08-09T14:42:39.026Z,8T7CGK8F,2026-08-09,2026-08-09,11:42:39,2026-08-09 11:42:39,,,,,,,,6986a6c5d1f10ba22361229e,6986a6c5d1f10ba22361229e,,,,
24887,raw_position_sample,2,3,adv,2,2,2,3,85, computer-generated ,608,313,503525.7000000477,6986a6c5d1f10ba22361229e,6986a6c5d1f10ba22361229e,advanced,2,6986a6c5d1f10ba22361229e,6986a6c5d1f10ba22361229e,spotlight_PROLIFIC,,39,Brazil,Portuguese,"English, Spanish",Spanish,Portuguese:50|English:50|Spanish:0,100,Portuguese:30|English:70|Spanish:0,100,Portuguese:50|English:50|Spanish:0,100,18,4,Bachelor's,10,10,10,10,10,10,6,11,0,10,CEFR,C2,,,,,23,25,C1,intermediate|advanced,advanced|intermediate,cambridge_22_25_intermediate_advanced,4,18,random,,,,,,,,305.556640625,587.421875,326.806640625,753.994140625,6,8,,,,,,2026-08-09T14:42:39.026Z,8T7CGK8F,2026-08-09,2026-08-09,11:42:39,2026-08-09 11:42:39,,,,,,,,6986a6c5d1f10ba22361229e,6986a6c5d1f10ba22361229e,,,,
24937,raw_position_sample,2,3,adv,2,2,2,3,85, computer-generated ,637,315,503576,6986a6c5d1f10ba22361229e,6986a6c5d1f10ba22361229e,advanced,2,6986a6c5d1f10ba22361229e,6986a6c5d1f10ba22361229e,spotlight_PROLIFIC,,39,Brazil,Portuguese,"English, Spanish",Spanish,Portuguese:50|English:50|Spanish:0,100,Portuguese:30|English:70|Spanish:0,100,Portuguese:50|English:50|Spanish:0,100,18,4,Bachelor's,10,10,10,10,10,10,6,11,0,10,CEFR,C2,,,,,23,25,C1,intermediate|advanced,advanced|intermediate,cambridge_22_25_intermediate_advanced,4,18,random,,,,,,,,305.556640625,587.421875,326.806640625,753.994140625,6,8,,,,,,2026-08-09T14:42:39.026Z,8T7CGK8F,2026-08-09,2026-08-09,11:42:39,2026-08-09 11:42:39,,,,,,,,6986a6c5d1f10ba22361229e,6986a6c5d1f10ba22361229e,,,,
24987,raw_position_sample,2,3,adv,2,2,2,3,85, computer-generated ,671,315,503626.09999990463,6986a6c5d1f10ba22361229e,6986a6c5d1f10ba22361229e,advanced,2,6986a6c5d1f10ba22361229e,6986a6c5d1f10ba22361229e,spotlight_PROLIFIC,,39,Brazil,Portuguese,"English, Spanish",Spanish,Portuguese:50|English:50|Spanish:0,100,Portuguese:30|English:70|Spanish:0,100,Portuguese:50|English:50|Spanish:0,100,18,4,Bachelor's,10,10,10,10,10,10,6,11,0,10,CEFR,C2,,,,,23,25,C1,intermediate|advanced,advanced|intermediate,cambridge_22_25_intermediate_advanced,4,18,random,,,,,,,,305.556640625,587.421875,326.806640625,753.994140625,6,8,,,,,,2026-08-09T14:42:39.026Z,8T7CGK8F,2026-08-09,2026-08-09,11:42:39,2026-08-09 11:42:39,,,,,,,,6986a6c5d1f10ba22361229e,6986a6c5d1f10ba22361229e,,,,
25037,raw_position_sample,2,3,adv,2,2,2,3,85, computer-generated ,685,315,503676.09999990463,6986a6c5d1f10ba22361229e,6986a6c5d1f10ba22361229e,advanced,2,6986a6c5d1f10ba22361229e,6986a6c5d1f10ba22361229e,spotlight_PROLIFIC,,39,Brazil,Portuguese,"English, Spanish",Spanish,Portuguese:50|English:50|Spanish:0,100,Portuguese:30|English:70|Spanish:0,100,Portuguese:50|English:50|Spanish:0,100,18,4,Bachelor's,10,10,10,10,10,10,6,11,0,10,CEFR,C2,,,,,23,25,C1,intermediate|advanced,advanced|intermediate,cambridge_22_25_intermediate_advanced,4,18,random,,,,,,,,305.556640625,587.421875,326.806640625,753.994140625,6,8,,,,,,2026-08-09T14:42:39.026Z,8T7CGK8F,2026-08-09,2026-08-09,11:42:39,2026-08-09 11:42:39,,,,,,,,6986a6c5d1f10ba22361229e,6986a6c5d1f10ba22361229e,,,,
25087,raw_position_sample,2,3,adv,2,2,2,3,85, computer-generated ,693,315,503726.09999990463,6986a6c5d1f10ba22361229e,6986a6c5d1f10ba22361229e,advanced,2,6986a6c5d1f10ba22361229e,6986a6c5d1f10ba22361229e,spotlight_PROLIFIC,,39,Brazil,Portuguese,"English, Spanish",Spanish,Portuguese:50|English:50|Spanish:0,100,Portuguese:30|English:70|Spanish:0,100,Portuguese:50|English:50|Spanish:0,100,18,4,Bachelor's,10,10,10,10,10,10,6,11,0,10,CEFR,C2,,,,,23,25,C1,intermediate|advanced,advanced|intermediate,cambridge_22_25_intermediate_advanced,4,18,random,,,,,,,,305.556640625,587.421875,326.806640625,753.994140625,6,8,,,,,,2026-08-09T14:42:39.026Z,8T7CGK8F,2026-08-09,2026-08-09,11:42:39,2026-08-09 11:42:39,,,,,,,,6986a6c5d1f10ba22361229e,6986a6c5d1f10ba22361229e,,,,
25137,raw_position_sample,2,3,adv,2,2,2,3,85, computer-generated ,698,315,503776.09999990463,6986a6c5d1f10ba22361229e,6986a6c5d1f10ba22361229e,advanced,2,6986a6c5d1f10ba22361229e,6986a6c5d1f10ba22361229e,spotlight_PROLIFIC,,39,Brazil,Portuguese,"English, Spanish",Spanish,Portuguese:50|English:50|Spanish:0,100,Portuguese:30|English:70|Spanish:0,100,Portuguese:50|English:50|Spanish:0,100,18,4,Bachelor's,10,10,10,10,10,10,6,11,0,10,CEFR,C2,,,,,23,25,C1,intermediate|advanced,advanced|intermediate,cambridge_22_25_intermediate_advanced,4,18,random,,,,,,,,305.556640625,587.421875,326.806640625,753.994140625,6,8,,,,,,2026-08-09T14:42:39.026Z,8T7CGK8F,2026-08-09,2026-08-09,11:42:39,2026-08-09 11:42:39,,,,,,,,6986a6c5d1f10ba22361229e,6986a6c5d1f10ba22361229e,,,,
25187,raw_position_sample,2,3,adv,2,2,2,3,85, computer-generated ,707,315,503826.2000000477,6986a6c5d1f10ba22361229e,6986a6c5d1f10ba22361229e,advanced,2,6986a6c5d1f10ba22361229e,6986a6c5d1f10ba22361229e,spotlight_PROLIFIC,,39,Brazil,Portuguese,"English, Spanish",Spanish,Portuguese:50|English:50|Spanish:0,100,Portuguese:30|English:70|Spanish:0,100,Portuguese:50|English:50|Spanish:0,100,18,4,Bachelor's,10,10,10,10,10,10,6,11,0,10,CEFR,C2,,,,,23,25,C1,intermediate|advanced,advanced|intermediate,cambridge_22_25_intermediate_advanced,4,18,random,,,,,,,,305.556640625,587.421875,326.806640625,753.994140625,6,8,,,,,,2026-08-09T14:42:39.026Z,8T7CGK8F,2026-08-09,2026-08-09,11:42:39,2026-08-09 11:42:39,,,,,,,,6986a6c5d1f10ba22361229e,6986a6c5d1f10ba22361229e,,,,
25237,raw_position_sample,2,3,adv,2,2,2,3,85, computer-generated ,725,315,503876.09999990463,6986a6c5d1f10ba22361229e,6986a6c5d1f10ba22361229e,advanced,2,6986a6c5d1f10ba22361229e,6986a6c5d1f10ba22361229e,spotlight_PROLIFIC,,39,Brazil,Portuguese,"English, Spanish",Spanish,Portuguese:50|English:50|Spanish:0,100,Portuguese:30|English:70|Spanish:0,100,Portuguese:50|English:50|Spanish:0,100,18,4,Bachelor's,10,10,10,10,10,10,6,11,0,10,CEFR,C2,,,,,23,25,C1,intermediate|advanced,advanced|intermediate,cambridge_22_25_intermediate_advanced,4,18,random,,,,,,,,305.556640625,587.421875,326.806640625,753.994140625,6,8,,,,,,2026-08-09T14:42:39.026Z,8T7CGK8F,2026-08-09,2026-08-09,11:42:39,2026-08-09 11:42:39,,,,,,,,6986a6c5d1f10ba22361229e,6986a6c5d1f10ba22361229e,,,,
25287,raw_position_sample,2,3,adv,2,2,2,3,85, computer-generated ,738,316,503925.59999990463,6986a6c5d1f10ba22361229e,6986a6c5d1f10ba22361229e,advanced,2,6986a6c5d1f10ba22361229e,6986a6c5d1f10ba22361229e,spotlight_PROLIFIC,,39,Brazil,Portuguese,"English, Spanish",Spanish,Portuguese:50|English:50|Spanish:0,100,Portuguese:30|English:70|Spanish:0,100,Portuguese:50|English:50|Spanish:0,100,18,4,Bachelor's,10,10,10,10,10,10,6,11,0,10,CEFR,C2,,,,,23,25,C1,intermediate|advanced,advanced|intermediate,cambridge_22_25_intermediate_advanced,4,18,random,,,,,,,,305.556640625,587.421875,326.806640625,753.994140625,6,8,,,,,,2026-08-09T14:42:39.026Z,8T7CGK8F,2026-08-09,2026-08-09,11:42:39,2026-08-09 11:42:39,,,,,,,,6986a6c5d1f10ba22361229e,6986a6c5d1f10ba22361229e,,,,
25337,raw_position_sample,2,3,adv,2,2,2,3,85, computer-generated ,749,317,503976.2000000477,6986a6c5d1f10ba22361229e,6986a6c5d1f10ba22361229e,advanced,2,6986a6c5d1f10ba22361229e,6986a6c5d1f10ba22361229e,spotlight_PROLIFIC,,39,Brazil,Portuguese,"English, Spanish",Spanish,Portuguese:50|English:50|Spanish:0,100,Portuguese:30|English:70|Spanish:0,100,Portuguese:50|English:50|Spanish:0,100,18,4,Bachelor's,10,10,10,10,10,10,6,11,0,10,CEFR,C2,,,,,23,25,C1,intermediate|advanced,advanced|intermediate,cambridge_22_25_intermediate_advanced,4,18,random,,,,,,,,305.556640625,587.421875,326.806640625,753.994140625,6,8,,,,,,2026-08-09T14:42:39.026Z,8T7CGK8F,2026-08-09,2026-08-09,11:42:39,2026-08-09 11:42:39,,,,,,,,6986a6c5d1f10ba22361229e,6986a6c5d1f10ba22361229e,,,,
25365,hover_association,2,3,adv,2,2,2,3,85, computer-generated ,593,313,,6986a6c5d1f10ba22361229e,6986a6c5d1f10ba22361229e,advanced,2,6986a6c5d1f10ba22361229e,6986a6c5d1f10ba22361229e,spotlight_PROLIFIC,,39,Brazil,Portuguese,"English, Spanish",Spanish,Portuguese:50|English:50|Spanish:0,100,Portuguese:30|English:70|Spanish:0,100,Portuguese:50|English:50|Spanish:0,100,18,4,Bachelor's,10,10,10,10,10,10,6,11,0,10,CEFR,C2,,,,,23,25,C1,intermediate|advanced,advanced|intermediate,cambridge_22_25_intermediate_advanced,4,18,random,,hover,516.6000001430511,516.6000001430511,0.9940317758105177,0.520458984375,159,296.181640625,587.421875,336.181640625,753.994140625,6,8,,,,,,2026-08-09T14:42:39.026Z,8T7CGK8F,2026-08-09,2026-08-09,11:42:39,2026-08-09 11:42:39,,,,,,,,6986a6c5d1f10ba22361229e,6986a6c5d1f10ba22361229e,,,,
25387,raw_position_sample,2,3,adv,2,2,2,3,86, characters ,769,317,504026.09999990463,6986a6c5d1f10ba22361229e,6986a6c5d1f10ba22361229e,advanced,2,6986a6c5d1f10ba22361229e,6986a6c5d1f10ba22361229e,spotlight_PROLIFIC,,39,Brazil,Portuguese,"English, Spanish",Spanish,Portuguese:50|English:50|Spanish:0,100,Portuguese:30|English:70|Spanish:0,100,Portuguese:50|English:50|Spanish:0,100,18,4,Bachelor's,10,10,10,10,10,10,6,11,0,10,CEFR,C2,,,,,23,25,C1,intermediate|advanced,advanced|intermediate,cambridge_22_25_intermediate_advanced,4,18,random,,,,,,,,305.556640625,753.994140625,326.806640625,840.673828125,6,9,,,,,,2026-08-09T14:42:39.026Z,8T7CGK8F,2026-08-09,2026-08-09,11:42:39,2026-08-09 11:42:39,,,,,,,,6986a6c5d1f10ba22361229e,6986a6c5d1f10ba22361229e,,,,
25437,raw_position_sample,2,3,adv,2,2,2,3,86, characters ,797,317,504076.09999990463,6986a6c5d1f10ba22361229e,6986a6c5d1f10ba22361229e,advanced,2,6986a6c5d1f10ba22361229e,6986a6c5d1f10ba22361229e,spotlight_PROLIFIC,,39,Brazil,Portuguese,"English, Spanish",Spanish,Portuguese:50|English:50|Spanish:0,100,Portuguese:30|English:70|Spanish:0,100,Portuguese:50|English:50|Spanish:0,100,18,4,Bachelor's,10,10,10,10,10,10,6,11,0,10,CEFR,C2,,,,,23,25,C1,intermediate|advanced,advanced|intermediate,cambridge_22_25_intermediate_advanced,4,18,random,,,,,,,,305.556640625,753.994140625,326.806640625,840.673828125,6,9,,,,,,2026-08-09T14:42:39.026Z,8T7CGK8F,2026-08-09,2026-08-09,11:42:39,2026-08-09 11:42:39,,,,,,,,6986a6c5d1f10ba22361229e,6986a6c5d1f10ba22361229e,,,,
25487,raw_position_sample,2,3,adv,2,2,2,3,86, characters ,814,317,504126.09999990463,6986a6c5d1f10ba22361229e,6986a6c5d1f10ba22361229e,advanced,2,6986a6c5d1f10ba22361229e,6986a6c5d1f10ba22361229e,spotlight_PROLIFIC,,39,Brazil,Portuguese,"English, Spanish",Spanish,Portuguese:50|English:50|Spanish:0,100,Portuguese:30|English:70|Spanish:0,100,Portuguese:50|English:50|Spanish:0,100,18,4,Bachelor's,10,10,10,10,10,10,6,11,0,10,CEFR,C2,,,,,23,25,C1,intermediate|advanced,advanced|intermediate,cambridge_22_25_intermediate_advanced,4,18,random,,,,,,,,305.556640625,753.994140625,326.806640625,840.673828125,6,9,,,,,,2026-08-09T14:42:39.026Z,8T7CGK8F,2026-08-09,2026-08-09,11:42:39,2026-08-09 11:42:39,,,,,,,,6986a6c5d1f10ba22361229e,6986a6c5d1f10ba22361229e,,,,
25537,raw_position_sample,2,3,adv,2,2,2,3,86, characters ,825,318,504176.09999990463,6986a6c5d1f10ba22361229e,6986a6c5d1f10ba22361229e,advanced,2,6986a6c5d1f10ba22361229e,6986a6c5d1f10ba22361229e,spotlight_PROLIFIC,,39,Brazil,Portuguese,"English, Spanish",Spanish,Portuguese:50|English:50|Spanish:0,100,Portuguese:30|English:70|Spanish:0,100,Portuguese:50|English:50|Spanish:0,100,18,4,Bachelor's,10,10,10,10,10,10,6,11,0,10,CEFR,C2,,,,,23,25,C1,intermediate|advanced,advanced|intermediate,cambridge_22_25_intermediate_advanced,4,18,random,,,,,,,,305.556640625,753.994140625,326.806640625,840.673828125,6,9,,,,,,2026-08-09T14:42:39.026Z,8T7CGK8F,2026-08-09,2026-08-09,11:42:39,2026-08-09 11:42:39,,,,,,,,6986a6c5d1f10ba22361229e,6986a6c5d1f10ba22361229e,,,,
25587,raw_position_sample,2,3,adv,2,2,2,3,86, characters ,835,318,504226.09999990463,6986a6c5d1f10ba22361229e,6986a6c5d1f10ba22361229e,advanced,2,6986a6c5d1f10ba22361229e,6986a6c5d1f10ba22361229e,spotlight_PROLIFIC,,39,Brazil,Portuguese,"English, Spanish",Spanish,Portuguese:50|English:50|Spanish:0,100,Portuguese:30|English:70|Spanish:0,100,Portuguese:50|English:50|Spanish:0,100,18,4,Bachelor's,10,10,10,10,10,10,6,11,0,10,CEFR,C2,,,,,23,25,C1,intermediate|advanced,advanced|intermediate,cambridge_22_25_intermediate_advanced,4,18,random,,,,,,,,305.556640625,753.994140625,326.806640625,840.673828125,6,9,,,,,,2026-08-09T14:42:39.026Z,8T7CGK8F,2026-08-09,2026-08-09,11:42:39,2026-08-09 11:42:39,,,,,,,,6986a6c5d1f10ba22361229e,6986a6c5d1f10ba22361229e,,,,
25632,hover_association,2,3,adv,2,2,2,3,86, characters ,759,317,,6986a6c5d1f10ba22361229e,6986a6c5d1f10ba22361229e,advanced,2,6986a6c5d1f10ba22361229e,6986a6c5d1f10ba22361229e,spotlight_PROLIFIC,,39,Brazil,Portuguese,"English, Spanish",Spanish,Portuguese:50|English:50|Spanish:0,100,Portuguese:30|English:70|Spanish:0,100,Portuguese:50|English:50|Spanish:0,100,18,4,Bachelor's,10,10,10,10,10,10,6,11,0,10,CEFR,C2,,,,,23,25,C1,intermediate|advanced,advanced|intermediate,cambridge_22_25_intermediate_advanced,4,18,random,,hover,267,267,0.9922262280306444,0.545458984375,159,296.181640625,753.994140625,336.181640625,840.673828125,6,9,,,,,,2026-08-09T14:42:39.026Z,8T7CGK8F,2026-08-09,2026-08-09,11:42:39,2026-08-09 11:42:39,,,,,,,,6986a6c5d1f10ba22361229e,6986a6c5d1f10ba22361229e,,,,
25637,raw_position_sample,2,3,adv,2,2,2,3,87, – ,842,318,504276.09999990463,6986a6c5d1f10ba22361229e,6986a6c5d1f10ba22361229e,advanced,2,6986a6c5d1f10ba22361229e,6986a6c5d1f10ba22361229e,spotlight_PROLIFIC,,39,Brazil,Portuguese,"English, Spanish",Spanish,Portuguese:50|English:50|Spanish:0,100,Portuguese:30|English:70|Spanish:0,100,Portuguese:50|English:50|Spanish:0,100,18,4,Bachelor's,10,10,10,10,10,10,6,11,0,10,CEFR,C2,,,,,23,25,C1,intermediate|advanced,advanced|intermediate,cambridge_22_25_intermediate_advanced,4,18,random,,,,,,,,305.556640625,840.673828125,326.806640625,854.16015625,6,10,,,,,,2026-08-09T14:42:39.026Z,8T7CGK8F,2026-08-09,2026-08-09,11:42:39,2026-08-09 11:42:39,,,,,,,,6986a6c5d1f10ba22361229e,6986a6c5d1f10ba22361229e,,,,
25687,raw_position_sample,2,3,adv,2,2,2,3,87, – ,847,317,504326.2000000477,6986a6c5d1f10ba22361229e,6986a6c5d1f10ba22361229e,advanced,2,6986a6c5d1f10ba22361229e,6986a6c5d1f10ba22361229e,spotlight_PROLIFIC,,39,Brazil,Portuguese,"English, Spanish",Spanish,Portuguese:50|English:50|Spanish:0,100,Portuguese:30|English:70|Spanish:0,100,Portuguese:50|English:50|Spanish:0,100,18,4,Bachelor's,10,10,10,10,10,10,6,11,0,10,CEFR,C2,,,,,23,25,C1,intermediate|advanced,advanced|intermediate,cambridge_22_25_intermediate_advanced,4,18,random,,,,,,,,305.556640625,840.673828125,326.806640625,854.16015625,6,10,,,,,,2026-08-09T14:42:39.026Z,8T7CGK8F,2026-08-09,2026-08-09,11:42:39,2026-08-09 11:42:39,,,,,,,,6986a6c5d1f10ba22361229e,6986a6c5d1f10ba22361229e,,,,
25737,raw_position_sample,2,3,adv,2,2,2,3,87, – ,852,317,504376.2000000477,6986a6c5d1f10ba22361229e,6986a6c5d1f10ba22361229e,advanced,2,6986a6c5d1f10ba22361229e,6986a6c5d1f10ba22361229e,spotlight_PROLIFIC,,39,Brazil,Portuguese,"English, Spanish",Spanish,Portuguese:50|English:50|Spanish:0,100,Portuguese:30|English:70|Spanish:0,100,Portuguese:50|English:50|Spanish:0,100,18,4,Bachelor's,10,10,10,10,10,10,6,11,0,10,CEFR,C2,,,,,23,25,C1,intermediate|advanced,advanced|intermediate,cambridge_22_25_intermediate_advanced,4,18,random,,,,,,,,305.556640625,840.673828125,326.806640625,854.16015625,6,10,,,,,,2026-08-09T14:42:39.026Z,8T7CGK8F,2026-08-09,2026-08-09,11:42:39,2026-08-09 11:42:39,,,,,,,,6986a6c5d1f10ba22361229e,6986a6c5d1f10ba22361229e,,,,
25751,hover_association,2,3,adv,2,2,2,3,87, – ,842,318,,6986a6c5d1f10ba22361229e,6986a6c5d1f10ba22361229e,advanced,2,6986a6c5d1f10ba22361229e,6986a6c5d1f10ba22361229e,spotlight_PROLIFIC,,39,Brazil,Portuguese,"English, Spanish",Spanish,Portuguese:50|English:50|Spanish:0,100,Portuguese:30|English:70|Spanish:0,100,Portuguese:50|English:50|Spanish:0,100,18,4,Bachelor's,10,10,10,10,10,10,6,11,0,10,CEFR,C2,,,,,23,25,C1,intermediate|advanced,advanced|intermediate,cambridge_22_25_intermediate_advanced,4,18,random,,hover,118.69999980926514,118.69999980926514,0.8398262128892107,0.520458984375,159,296.181640625,840.673828125,336.181640625,854.16015625,6,10,,,,,,2026-08-09T14:42:39.026Z,8T7CGK8F,2026-08-09,2026-08-09,11:42:39,2026-08-09 11:42:39,,,,,,,,6986a6c5d1f10ba22361229e,6986a6c5d1f10ba22361229e,,,,
25787,raw_position_sample,2,3,adv,2,2,2,3,88, will ,862,316,504426,6986a6c5d1f10ba22361229e,6986a6c5d1f10ba22361229e,advanced,2,6986a6c5d1f10ba22361229e,6986a6c5d1f10ba22361229e,spotlight_PROLIFIC,,39,Brazil,Portuguese,"English, Spanish",Spanish,Portuguese:50|English:50|Spanish:0,100,Portuguese:30|English:70|Spanish:0,100,Portuguese:50|English:50|Spanish:0,100,18,4,Bachelor's,10,10,10,10,10,10,6,11,0,10,CEFR,C2,,,,,23,25,C1,intermediate|advanced,advanced|intermediate,cambridge_22_25_intermediate_advanced,4,18,random,,,,,,,,305.556640625,854.16015625,326.806640625,885.25390625,6,11,,,,,,2026-08-09T14:42:39.026Z,8T7CGK8F,2026-08-09,2026-08-09,11:42:39,2026-08-09 11:42:39,,,,,,,,6986a6c5d1f10ba22361229e,6986a6c5d1f10ba22361229e,,,,
25837,raw_position_sample,2,3,adv,2,2,2,3,88, will ,878,316,504475.89999985695,6986a6c5d1f10ba22361229e,6986a6c5d1f10ba22361229e,advanced,2,6986a6c5d1f10ba22361229e,6986a6c5d1f10ba22361229e,spotlight_PROLIFIC,,39,Brazil,Portuguese,"English, Spanish",Spanish,Portuguese:50|English:50|Spanish:0,100,Portuguese:30|English:70|Spanish:0,100,Portuguese:50|English:50|Spanish:0,100,18,4,Bachelor's,10,10,10,10,10,10,6,11,0,10,CEFR,C2,,,,,23,25,C1,intermediate|advanced,advanced|intermediate,cambridge_22_25_intermediate_advanced,4,18,random,,,,,,,,305.556640625,854.16015625,326.806640625,885.25390625,6,11,,,,,,2026-08-09T14:42:39.026Z,8T7CGK8F,2026-08-09,2026-08-09,11:42:39,2026-08-09 11:42:39,,,,,,,,6986a6c5d1f10ba22361229e,6986a6c5d1f10ba22361229e,,,,
25867,hover_association,2,3,adv,2,2,2,3,88, will ,855,316,,6986a6c5d1f10ba22361229e,6986a6c5d1f10ba22361229e,advanced,2,6986a6c5d1f10ba22361229e,6986a6c5d1f10ba22361229e,spotlight_PROLIFIC,,39,Brazil,Portuguese,"English, Spanish",Spanish,Portuguese:50|English:50|Spanish:0,100,Portuguese:30|English:70|Spanish:0,100,Portuguese:50|English:50|Spanish:0,100,18,4,Bachelor's,10,10,10,10,10,10,6,11,0,10,CEFR,C2,,,,,23,25,C1,intermediate|advanced,advanced|intermediate,cambridge_22_25_intermediate_advanced,4,18,random,,hover,116.70000004768372,116.70000004768372,0.8953517587939699,0.495458984375,159,296.181640625,854.16015625,336.181640625,885.25390625,6,11,,,,,,2026-08-09T14:42:39.026Z,8T7CGK8F,2026-08-09,2026-08-09,11:42:39,2026-08-09 11:42:39,,,,,,,,6986a6c5d1f10ba22361229e,6986a6c5d1f10ba22361229e,,,,
25887,raw_position_sample,2,3,adv,2,2,2,3,89, pick ,892,316,504526.09999990463,6986a6c5d1f10ba22361229e,6986a6c5d1f10ba22361229e,advanced,2,6986a6c5d1f10ba22361229e,6986a6c5d1f10ba22361229e,spotlight_PROLIFIC,,39,Brazil,Portuguese,"English, Spanish",Spanish,Portuguese:50|English:50|Spanish:0,100,Portuguese:30|English:70|Spanish:0,100,Portuguese:50|English:50|Spanish:0,100,18,4,Bachelor's,10,10,10,10,10,10,6,11,0,10,CEFR,C2,,,,,23,25,C1,intermediate|advanced,advanced|intermediate,cambridge_22_25_intermediate_advanced,4,18,random,,,,,,,,305.556640625,885.25390625,326.806640625,921.11328125,6,12,,,,,,2026-08-09T14:42:39.026Z,8T7CGK8F,2026-08-09,2026-08-09,11:42:39,2026-08-09 11:42:39,,,,,,,,6986a6c5d1f10ba22361229e,6986a6c5d1f10ba22361229e,,,,
25937,raw_position_sample,2,3,adv,2,2,2,3,89, pick ,901,316,504575.89999985695,6986a6c5d1f10ba22361229e,6986a6c5d1f10ba22361229e,advanced,2,6986a6c5d1f10ba22361229e,6986a6c5d1f10ba22361229e,spotlight_PROLIFIC,,39,Brazil,Portuguese,"English, Spanish",Spanish,Portuguese:50|English:50|Spanish:0,100,Portuguese:30|English:70|Spanish:0,100,Portuguese:50|English:50|Spanish:0,100,18,4,Bachelor's,10,10,10,10,10,10,6,11,0,10,CEFR,C2,,,,,23,25,C1,intermediate|advanced,advanced|intermediate,cambridge_22_25_intermediate_advanced,4,18,random,,,,,,,,305.556640625,885.25390625,326.806640625,921.11328125,6,12,,,,,,2026-08-09T14:42:39.026Z,8T7CGK8F,2026-08-09,2026-08-09,11:42:39,2026-08-09 11:42:39,,,,,,,,6986a6c5d1f10ba22361229e,6986a6c5d1f10ba22361229e,,,,
25987,raw_position_sample,2,3,adv,2,2,2,3,89, pick ,910,316,504626,6986a6c5d1f10ba22361229e,6986a6c5d1f10ba22361229e,advanced,2,6986a6c5d1f10ba22361229e,6986a6c5d1f10ba22361229e,spotlight_PROLIFIC,,39,Brazil,Portuguese,"English, Spanish",Spanish,Portuguese:50|English:50|Spanish:0,100,Portuguese:30|English:70|Spanish:0,100,Portuguese:50|English:50|Spanish:0,100,18,4,Bachelor's,10,10,10,10,10,10,6,11,0,10,CEFR,C2,,,,,23,25,C1,intermediate|advanced,advanced|intermediate,cambridge_22_25_intermediate_advanced,4,18,random,,,,,,,,305.556640625,885.25390625,326.806640625,921.11328125,6,12,,,,,,2026-08-09T14:42:39.026Z,8T7CGK8F,2026-08-09,2026-08-09,11:42:39,2026-08-09 11:42:39,,,,,,,,6986a6c5d1f10ba22361229e,6986a6c5d1f10ba22361229e,,,,
26033,hover_association,2,3,adv,2,2,2,3,89, pick ,888,316,,6986a6c5d1f10ba22361229e,6986a6c5d1f10ba22361229e,advanced,2,6986a6c5d1f10ba22361229e,6986a6c5d1f10ba22361229e,spotlight_PROLIFIC,,39,Brazil,Portuguese,"English, Spanish",Spanish,Portuguese:50|English:50|Spanish:0,100,Portuguese:30|English:70|Spanish:0,100,Portuguese:50|English:50|Spanish:0,100,18,4,Bachelor's,10,10,10,10,10,10,6,11,0,10,CEFR,C2,,,,,23,25,C1,intermediate|advanced,advanced|intermediate,cambridge_22_25_intermediate_advanced,4,18,random,,hover,165.90000009536743,165.90000009536743,0.9410675381263617,0.495458984375,159,296.181640625,885.25390625,336.181640625,921.11328125,6,12,,,,,,2026-08-09T14:42:39.026Z,8T7CGK8F,2026-08-09,2026-08-09,11:42:39,2026-08-09 11:42:39,,,,,,,,6986a6c5d1f10ba22361229e,6986a6c5d1f10ba22361229e,,,,
26038,raw_position_sample,2,3,adv,2,2,2,3,90, this ,926,316,504676.39999985695,6986a6c5d1f10ba22361229e,6986a6c5d1f10ba22361229e,advanced,2,6986a6c5d1f10ba22361229e,6986a6c5d1f10ba22361229e,spotlight_PROLIFIC,,39,Brazil,Portuguese,"English, Spanish",Spanish,Portuguese:50|English:50|Spanish:0,100,Portuguese:30|English:70|Spanish:0,100,Portuguese:50|English:50|Spanish:0,100,18,4,Bachelor's,10,10,10,10,10,10,6,11,0,10,CEFR,C2,,,,,23,25,C1,intermediate|advanced,advanced|intermediate,cambridge_22_25_intermediate_advanced,4,18,random,,,,,,,,305.556640625,921.11328125,326.806640625,953.73046875,6,13,,,,,,2026-08-09T14:42:39.026Z,8T7CGK8F,2026-08-09,2026-08-09,11:42:39,2026-08-09 11:42:39,,,,,,,,6986a6c5d1f10ba22361229e,6986a6c5d1f10ba22361229e,,,,
26087,raw_position_sample,2,3,adv,2,2,2,3,90, this ,952,312,504726.09999990463,6986a6c5d1f10ba22361229e,6986a6c5d1f10ba22361229e,advanced,2,6986a6c5d1f10ba22361229e,6986a6c5d1f10ba22361229e,spotlight_PROLIFIC,,39,Brazil,Portuguese,"English, Spanish",Spanish,Portuguese:50|English:50|Spanish:0,100,Portuguese:30|English:70|Spanish:0,100,Portuguese:50|English:50|Spanish:0,100,18,4,Bachelor's,10,10,10,10,10,10,6,11,0,10,CEFR,C2,,,,,23,25,C1,intermediate|advanced,advanced|intermediate,cambridge_22_25_intermediate_advanced,4,18,random,,,,,,,,305.556640625,921.11328125,326.806640625,953.73046875,6,13,,,,,,2026-08-09T14:42:39.026Z,8T7CGK8F,2026-08-09,2026-08-09,11:42:39,2026-08-09 11:42:39,,,,,,,,6986a6c5d1f10ba22361229e,6986a6c5d1f10ba22361229e,,,,
26101,hover_association,2,3,adv,2,2,2,3,90, this ,926,316,,6986a6c5d1f10ba22361229e,6986a6c5d1f10ba22361229e,advanced,2,6986a6c5d1f10ba22361229e,6986a6c5d1f10ba22361229e,spotlight_PROLIFIC,,39,Brazil,Portuguese,"English, Spanish",Spanish,Portuguese:50|English:50|Spanish:0,100,Portuguese:30|English:70|Spanish:0,100,Portuguese:50|English:50|Spanish:0,100,18,4,Bachelor's,10,10,10,10,10,10,6,11,0,10,CEFR,C2,,,,,23,25,C1,intermediate|advanced,advanced|intermediate,cambridge_22_25_intermediate_advanced,4,18,random,,hover,67.29999995231628,67.29999995231628,0.9469461077844311,0.395458984375,159,296.181640625,921.11328125,336.181640625,953.73046875,6,13,,,,,,2026-08-09T14:42:39.026Z,8T7CGK8F,2026-08-09,2026-08-09,11:42:39,2026-08-09 11:42:39,,,,,,,,6986a6c5d1f10ba22361229e,6986a6c5d1f10ba22361229e,,,,
26137,raw_position_sample,2,3,adv,2,2,2,3,91, up. ,980,310,504775.89999985695,6986a6c5d1f10ba22361229e,6986a6c5d1f10ba22361229e,advanced,2,6986a6c5d1f10ba22361229e,6986a6c5d1f10ba22361229e,spotlight_PROLIFIC,,39,Brazil,Portuguese,"English, Spanish",Spanish,Portuguese:50|English:50|Spanish:0,100,Portuguese:30|English:70|Spanish:0,100,Portuguese:50|English:50|Spanish:0,100,18,4,Bachelor's,10,10,10,10,10,10,6,11,0,10,CEFR,C2,,,,,23,25,C1,intermediate|advanced,advanced|intermediate,cambridge_22_25_intermediate_advanced,4,18,random,,,,,,,,305.556640625,953.73046875,326.806640625,980.966796875,6,14,,,,,,2026-08-09T14:42:39.026Z,8T7CGK8F,2026-08-09,2026-08-09,11:42:39,2026-08-09 11:42:39,,,,,,,,6986a6c5d1f10ba22361229e,6986a6c5d1f10ba22361229e,,,,
26151,hover_association,2,3,adv,2,2,2,3,91, up. ,964,311,,6986a6c5d1f10ba22361229e,6986a6c5d1f10ba22361229e,advanced,2,6986a6c5d1f10ba22361229e,6986a6c5d1f10ba22361229e,spotlight_PROLIFIC,,39,Brazil,Portuguese,"English, Spanish",Spanish,Portuguese:50|English:50|Spanish:0,100,Portuguese:30|English:70|Spanish:0,100,Portuguese:50|English:50|Spanish:0,100,18,4,Bachelor's,10,10,10,10,10,10,6,11,0,10,CEFR,C2,,,,,23,25,C1,intermediate|advanced,advanced|intermediate,cambridge_22_25_intermediate_advanced,4,18,random,,hover,50.09999990463257,50.09999990463257,0.9645034062387953,0.345458984375,159,296.181640625,953.73046875,336.181640625,980.966796875,6,14,,,,,,2026-08-09T14:42:39.026Z,8T7CGK8F,2026-08-09,2026-08-09,11:42:39,2026-08-09 11:42:39,,,,,,,,6986a6c5d1f10ba22361229e,6986a6c5d1f10ba22361229e,,,,
26187,raw_position_sample,2,3,adv,2,2,2,3,92, One ,991,309,504826,6986a6c5d1f10ba22361229e,6986a6c5d1f10ba22361229e,advanced,2,6986a6c5d1f10ba22361229e,6986a6c5d1f10ba22361229e,spotlight_PROLIFIC,,39,Brazil,Portuguese,"English, Spanish",Spanish,Portuguese:50|English:50|Spanish:0,100,Portuguese:30|English:70|Spanish:0,100,Portuguese:50|English:50|Spanish:0,100,18,4,Bachelor's,10,10,10,10,10,10,6,11,0,10,CEFR,C2,,,,,23,25,C1,intermediate|advanced,advanced|intermediate,cambridge_22_25_intermediate_advanced,4,18,random,,,,,,,,305.556640625,980.966796875,326.806640625,1014.775390625,6,15,,,,,,2026-08-09T14:42:39.026Z,8T7CGK8F,2026-08-09,2026-08-09,11:42:39,2026-08-09 11:42:39,,,,,,,,6986a6c5d1f10ba22361229e,6986a6c5d1f10ba22361229e,,,,
26237,raw_position_sample,2,3,adv,2,2,2,3,92, One ,994,309,504875.7999999523,6986a6c5d1f10ba22361229e,6986a6c5d1f10ba22361229e,advanced,2,6986a6c5d1f10ba22361229e,6986a6c5d1f10ba22361229e,spotlight_PROLIFIC,,39,Brazil,Portuguese,"English, Spanish",Spanish,Portuguese:50|English:50|Spanish:0,100,Portuguese:30|English:70|Spanish:0,100,Portuguese:50|English:50|Spanish:0,100,18,4,Bachelor's,10,10,10,10,10,10,6,11,0,10,CEFR,C2,,,,,23,25,C1,intermediate|advanced,advanced|intermediate,cambridge_22_25_intermediate_advanced,4,18,random,,,,,,,,305.556640625,980.966796875,326.806640625,1014.775390625,6,15,,,,,,2026-08-09T14:42:39.026Z,8T7CGK8F,2026-08-09,2026-08-09,11:42:39,2026-08-09 11:42:39,,,,,,,,6986a6c5d1f10ba22361229e,6986a6c5d1f10ba22361229e,,,,
26288,raw_position_sample,2,3,adv,2,2,2,3,92, One ,994,309,504926.59999990463,6986a6c5d1f10ba22361229e,6986a6c5d1f10ba22361229e,advanced,2,6986a6c5d1f10ba22361229e,6986a6c5d1f10ba22361229e,spotlight_PROLIFIC,,39,Brazil,Portuguese,"English, Spanish",Spanish,Portuguese:50|English:50|Spanish:0,100,Portuguese:30|English:70|Spanish:0,100,Portuguese:50|English:50|Spanish:0,100,18,4,Bachelor's,10,10,10,10,10,10,6,11,0,10,CEFR,C2,,,,,23,25,C1,intermediate|advanced,advanced|intermediate,cambridge_22_25_intermediate_advanced,4,18,random,,,,,,,,305.556640625,980.966796875,326.806640625,1014.775390625,6,15,,,,,,2026-08-09T14:42:39.026Z,8T7CGK8F,2026-08-09,2026-08-09,11:42:39,2026-08-09 11:42:39,,,,,,,,6986a6c5d1f10ba22361229e,6986a6c5d1f10ba22361229e,,,,
26337,raw_position_sample,2,3,adv,2,2,2,3,92, One ,995,308,504976.2000000477,6986a6c5d1f10ba22361229e,6986a6c5d1f10ba22361229e,advanced,2,6986a6c5d1f10ba22361229e,6986a6c5d1f10ba22361229e,spotlight_PROLIFIC,,39,Brazil,Portuguese,"English, Spanish",Spanish,Portuguese:50|English:50|Spanish:0,100,Portuguese:30|English:70|Spanish:0,100,Portuguese:50|English:50|Spanish:0,100,18,4,Bachelor's,10,10,10,10,10,10,6,11,0,10,CEFR,C2,,,,,23,25,C1,intermediate|advanced,advanced|intermediate,cambridge_22_25_intermediate_advanced,4,18,random,,,,,,,,305.556640625,980.966796875,326.806640625,1014.775390625,6,15,,,,,,2026-08-09T14:42:39.026Z,8T7CGK8F,2026-08-09,2026-08-09,11:42:39,2026-08-09 11:42:39,,,,,,,,6986a6c5d1f10ba22361229e,6986a6c5d1f10ba22361229e,,,,
26388,raw_position_sample,2,3,adv,2,2,2,3,92, One ,997,304,505026.5,6986a6c5d1f10ba22361229e,6986a6c5d1f10ba22361229e,advanced,2,6986a6c5d1f10ba22361229e,6986a6c5d1f10ba22361229e,spotlight_PROLIFIC,,39,Brazil,Portuguese,"English, Spanish",Spanish,Portuguese:50|English:50|Spanish:0,100,Portuguese:30|English:70|Spanish:0,100,Portuguese:50|English:50|Spanish:0,100,18,4,Bachelor's,10,10,10,10,10,10,6,11,0,10,CEFR,C2,,,,,23,25,C1,intermediate|advanced,advanced|intermediate,cambridge_22_25_intermediate_advanced,4,18,random,,,,,,,,305.556640625,980.966796875,326.806640625,1014.775390625,6,15,,,,,,2026-08-09T14:42:39.026Z,8T7CGK8F,2026-08-09,2026-08-09,11:42:39,2026-08-09 11:42:39,,,,,,,,6986a6c5d1f10ba22361229e,6986a6c5d1f10ba22361229e,,,,
26437,raw_position_sample,2,3,adv,2,2,2,3,92, One ,999,298,505075.7999999523,6986a6c5d1f10ba22361229e,6986a6c5d1f10ba22361229e,advanced,2,6986a6c5d1f10ba22361229e,6986a6c5d1f10ba22361229e,spotlight_PROLIFIC,,39,Brazil,Portuguese,"English, Spanish",Spanish,Portuguese:50|English:50|Spanish:0,100,Portuguese:30|English:70|Spanish:0,100,Portuguese:50|English:50|Spanish:0,100,18,4,Bachelor's,10,10,10,10,10,10,6,11,0,10,CEFR,C2,,,,,23,25,C1,intermediate|advanced,advanced|intermediate,cambridge_22_25_intermediate_advanced,4,18,random,,,,,,,,305.556640625,980.966796875,326.806640625,1014.775390625,6,15,,,,,,2026-08-09T14:42:39.026Z,8T7CGK8F,2026-08-09,2026-08-09,11:42:39,2026-08-09 11:42:39,,,,,,,,6986a6c5d1f10ba22361229e,6986a6c5d1f10ba22361229e,,,,
26463,hover_association,2,3,adv,2,2,2,3,92, One ,985,310,,6986a6c5d1f10ba22361229e,6986a6c5d1f10ba22361229e,advanced,2,6986a6c5d1f10ba22361229e,6986a6c5d1f10ba22361229e,spotlight_PROLIFIC,,39,Brazil,Portuguese,"English, Spanish",Spanish,Portuguese:50|English:50|Spanish:0,100,Portuguese:30|English:70|Spanish:0,100,Portuguese:50|English:50|Spanish:0,100,18,4,Bachelor's,10,10,10,10,10,10,6,11,0,10,CEFR,C2,,,,,23,25,C1,intermediate|advanced,advanced|intermediate,cambridge_22_25_intermediate_advanced,4,18,random,,hover,312.30000019073486,312.30000019073486,0.485257791559363,0.020458984375,159,296.181640625,980.966796875,336.181640625,1018.12890625,6,15,,,,,,2026-08-09T14:42:39.026Z,8T7CGK8F,2026-08-09,2026-08-09,11:42:39,2026-08-09 11:42:39,,,,,,,,6986a6c5d1f10ba22361229e,6986a6c5d1f10ba22361229e,,,,
26487,raw_position_sample,2,3,adv,2,2,2,3,77, – ,999,296,505125.7999999523,6986a6c5d1f10ba22361229e,6986a6c5d1f10ba22361229e,advanced,2,6986a6c5d1f10ba22361229e,6986a6c5d1f10ba22361229e,spotlight_PROLIFIC,,39,Brazil,Portuguese,"English, Spanish",Spanish,Portuguese:50|English:50|Spanish:0,100,Portuguese:30|English:70|Spanish:0,100,Portuguese:50|English:50|Spanish:0,100,18,4,Bachelor's,10,10,10,10,10,10,6,11,0,10,CEFR,C2,,,,,23,25,C1,intermediate|advanced,advanced|intermediate,cambridge_22_25_intermediate_advanced,4,18,random,,,,,,,,265.556640625,989.140625,286.806640625,999.150390625,5,18,,,,,,2026-08-09T14:42:39.026Z,8T7CGK8F,2026-08-09,2026-08-09,11:42:39,2026-08-09 11:42:39,,,,,,,,6986a6c5d1f10ba22361229e,6986a6c5d1f10ba22361229e,,,,
26537,raw_position_sample,2,3,adv,2,2,2,3,77, – ,998,296,505175.7999999523,6986a6c5d1f10ba22361229e,6986a6c5d1f10ba22361229e,advanced,2,6986a6c5d1f10ba22361229e,6986a6c5d1f10ba22361229e,spotlight_PROLIFIC,,39,Brazil,Portuguese,"English, Spanish",Spanish,Portuguese:50|English:50|Spanish:0,100,Portuguese:30|English:70|Spanish:0,100,Portuguese:50|English:50|Spanish:0,100,18,4,Bachelor's,10,10,10,10,10,10,6,11,0,10,CEFR,C2,,,,,23,25,C1,intermediate|advanced,advanced|intermediate,cambridge_22_25_intermediate_advanced,4,18,random,,,,,,,,265.556640625,989.140625,286.806640625,999.150390625,5,18,,,,,,2026-08-09T14:42:39.026Z,8T7CGK8F,2026-08-09,2026-08-09,11:42:39,2026-08-09 11:42:39,,,,,,,,6986a6c5d1f10ba22361229e,6986a6c5d1f10ba22361229e,,,,
26587,raw_position_sample,2,3,adv,2,2,2,3,77, – ,995,294,505226,6986a6c5d1f10ba22361229e,6986a6c5d1f10ba22361229e,advanced,2,6986a6c5d1f10ba22361229e,6986a6c5d1f10ba22361229e,spotlight_PROLIFIC,,39,Brazil,Portuguese,"English, Spanish",Spanish,Portuguese:50|English:50|Spanish:0,100,Portuguese:30|English:70|Spanish:0,100,Portuguese:50|English:50|Spanish:0,100,18,4,Bachelor's,10,10,10,10,10,10,6,11,0,10,CEFR,C2,,,,,23,25,C1,intermediate|advanced,advanced|intermediate,cambridge_22_25_intermediate_advanced,4,18,random,,,,,,,,265.556640625,989.140625,286.806640625,999.150390625,5,18,,,,,,2026-08-09T14:42:39.026Z,8T7CGK8F,2026-08-09,2026-08-09,11:42:39,2026-08-09 11:42:39,,,,,,,,6986a6c5d1f10ba22361229e,6986a6c5d1f10ba22361229e,,,,
26634,hover_association,2,3,adv,2,2,2,3,77, – ,999,296,,6986a6c5d1f10ba22361229e,6986a6c5d1f10ba22361229e,advanced,2,6986a6c5d1f10ba22361229e,6986a6c5d1f10ba22361229e,spotlight_PROLIFIC,,39,Brazil,Portuguese,"English, Spanish",Spanish,Portuguese:50|English:50|Spanish:0,100,Portuguese:30|English:70|Spanish:0,100,Portuguese:50|English:50|Spanish:0,100,18,4,Bachelor's,10,10,10,10,10,10,6,11,0,10,CEFR,C2,,,,,23,25,C1,intermediate|advanced,advanced|intermediate,cambridge_22_25_intermediate_advanced,4,18,random,,hover,171,171,0.21397252265419467,0.920458984375,159,256.181640625,989.140625,296.181640625,1002.50390625,5,18,,,,,,2026-08-09T14:42:39.026Z,8T7CGK8F,2026-08-09,2026-08-09,11:42:39,2026-08-09 11:42:39,,,,,,,,6986a6c5d1f10ba22361229e,6986a6c5d1f10ba22361229e,,,,
26637,raw_position_sample,2,3,adv,2,2,2,3,76, suit ,989,291,505276.2000000477,6986a6c5d1f10ba22361229e,6986a6c5d1f10ba22361229e,advanced,2,6986a6c5d1f10ba22361229e,6986a6c5d1f10ba22361229e,spotlight_PROLIFIC,,39,Brazil,Portuguese,"English, Spanish",Spanish,Portuguese:50|English:50|Spanish:0,100,Portuguese:30|English:70|Spanish:0,100,Portuguese:50|English:50|Spanish:0,100,18,4,Bachelor's,10,10,10,10,10,10,6,11,0,10,CEFR,C2,,,,,23,25,C1,intermediate|advanced,advanced|intermediate,cambridge_22_25_intermediate_advanced,4,18,random,,,,,,,,265.556640625,956.5234375,286.806640625,989.140625,5,17,,,,,,2026-08-09T14:42:39.026Z,8T7CGK8F,2026-08-09,2026-08-09,11:42:39,2026-08-09 11:42:39,,,,,,,,6986a6c5d1f10ba22361229e,6986a6c5d1f10ba22361229e,,,,
26687,raw_position_sample,2,3,adv,2,2,2,3,76, suit ,980,289,505326,6986a6c5d1f10ba22361229e,6986a6c5d1f10ba22361229e,advanced,2,6986a6c5d1f10ba22361229e,6986a6c5d1f10ba22361229e,spotlight_PROLIFIC,,39,Brazil,Portuguese,"English, Spanish",Spanish,Portuguese:50|English:50|Spanish:0,100,Portuguese:30|English:70|Spanish:0,100,Portuguese:50|English:50|Spanish:0,100,18,4,Bachelor's,10,10,10,10,10,10,6,11,0,10,CEFR,C2,,,,,23,25,C1,intermediate|advanced,advanced|intermediate,cambridge_22_25_intermediate_advanced,4,18,random,,,,,,,,265.556640625,956.5234375,286.806640625,989.140625,5,17,,,,,,2026-08-09T14:42:39.026Z,8T7CGK8F,2026-08-09,2026-08-09,11:42:39,2026-08-09 11:42:39,,,,,,,,6986a6c5d1f10ba22361229e,6986a6c5d1f10ba22361229e,,,,
26737,raw_position_sample,2,3,adv,2,2,2,3,76, suit ,970,287,505376.2000000477,6986a6c5d1f10ba22361229e,6986a6c5d1f10ba22361229e,advanced,2,6986a6c5d1f10ba22361229e,6986a6c5d1f10ba22361229e,spotlight_PROLIFIC,,39,Brazil,Portuguese,"English, Spanish",Spanish,Portuguese:50|English:50|Spanish:0,100,Portuguese:30|English:70|Spanish:0,100,Portuguese:50|English:50|Spanish:0,100,18,4,Bachelor's,10,10,10,10,10,10,6,11,0,10,CEFR,C2,,,,,23,25,C1,intermediate|advanced,advanced|intermediate,cambridge_22_25_intermediate_advanced,4,18,random,,,,,,,,265.556640625,956.5234375,286.806640625,989.140625,5,17,,,,,,2026-08-09T14:42:39.026Z,8T7CGK8F,2026-08-09,2026-08-09,11:42:39,2026-08-09 11:42:39,,,,,,,,6986a6c5d1f10ba22361229e,6986a6c5d1f10ba22361229e,,,,
26787,raw_position_sample,2,3,adv,2,2,2,3,76, suit ,957,285,505425.89999985695,6986a6c5d1f10ba22361229e,6986a6c5d1f10ba22361229e,advanced,2,6986a6c5d1f10ba22361229e,6986a6c5d1f10ba22361229e,spotlight_PROLIFIC,,39,Brazil,Portuguese,"English, Spanish",Spanish,Portuguese:50|English:50|Spanish:0,100,Portuguese:30|English:70|Spanish:0,100,Portuguese:50|English:50|Spanish:0,100,18,4,Bachelor's,10,10,10,10,10,10,6,11,0,10,CEFR,C2,,,,,23,25,C1,intermediate|advanced,advanced|intermediate,cambridge_22_25_intermediate_advanced,4,18,random,,,,,,,,265.556640625,956.5234375,286.806640625,989.140625,5,17,,,,,,2026-08-09T14:42:39.026Z,8T7CGK8F,2026-08-09,2026-08-09,11:42:39,2026-08-09 11:42:39,,,,,,,,6986a6c5d1f10ba22361229e,6986a6c5d1f10ba22361229e,,,,
26801,hover_association,2,3,adv,2,2,2,3,76, suit ,989,291,,6986a6c5d1f10ba22361229e,6986a6c5d1f10ba22361229e,advanced,2,6986a6c5d1f10ba22361229e,6986a6c5d1f10ba22361229e,spotlight_PROLIFIC,,39,Brazil,Portuguese,"English, Spanish",Spanish,Portuguese:50|English:50|Spanish:0,100,Portuguese:30|English:70|Spanish:0,100,Portuguese:50|English:50|Spanish:0,100,18,4,Bachelor's,10,10,10,10,10,10,6,11,0,10,CEFR,C2,,,,,23,25,C1,intermediate|advanced,advanced|intermediate,cambridge_22_25_intermediate_advanced,4,18,random,,hover,166.69999980926514,166.69999980926514,0.014610778443113773,0.720458984375,159,256.181640625,956.5234375,296.181640625,989.140625,5,17,,,,,,2026-08-09T14:42:39.026Z,8T7CGK8F,2026-08-09,2026-08-09,11:42:39,2026-08-09 11:42:39,,,,,,,,6986a6c5d1f10ba22361229e,6986a6c5d1f10ba22361229e,,,,
26837,raw_position_sample,2,3,adv,2,2,2,3,75, motion ,944,284,505475.89999985695,6986a6c5d1f10ba22361229e,6986a6c5d1f10ba22361229e,advanced,2,6986a6c5d1f10ba22361229e,6986a6c5d1f10ba22361229e,spotlight_PROLIFIC,,39,Brazil,Portuguese,"English, Spanish",Spanish,Portuguese:50|English:50|Spanish:0,100,Portuguese:30|English:70|Spanish:0,100,Portuguese:50|English:50|Spanish:0,100,18,4,Bachelor's,10,10,10,10,10,10,6,11,0,10,CEFR,C2,,,,,23,25,C1,intermediate|advanced,advanced|intermediate,cambridge_22_25_intermediate_advanced,4,18,random,,,,,,,,265.556640625,896.923828125,286.806640625,956.5234375,5,16,,,,,,2026-08-09T14:42:39.026Z,8T7CGK8F,2026-08-09,2026-08-09,11:42:39,2026-08-09 11:42:39,,,,,,,,6986a6c5d1f10ba22361229e,6986a6c5d1f10ba22361229e,,,,
26887,raw_position_sample,2,3,adv,2,2,2,3,75, motion ,930,282,505526.09999990463,6986a6c5d1f10ba22361229e,6986a6c5d1f10ba22361229e,advanced,2,6986a6c5d1f10ba22361229e,6986a6c5d1f10ba22361229e,spotlight_PROLIFIC,,39,Brazil,Portuguese,"English, Spanish",Spanish,Portuguese:50|English:50|Spanish:0,100,Portuguese:30|English:70|Spanish:0,100,Portuguese:50|English:50|Spanish:0,100,18,4,Bachelor's,10,10,10,10,10,10,6,11,0,10,CEFR,C2,,,,,23,25,C1,intermediate|advanced,advanced|intermediate,cambridge_22_25_intermediate_advanced,4,18,random,,,,,,,,265.556640625,896.923828125,286.806640625,956.5234375,5,16,,,,,,2026-08-09T14:42:39.026Z,8T7CGK8F,2026-08-09,2026-08-09,11:42:39,2026-08-09 11:42:39,,,,,,,,6986a6c5d1f10ba22361229e,6986a6c5d1f10ba22361229e,,,,
26937,raw_position_sample,2,3,adv,2,2,2,3,75, motion ,913,278,505575.7999999523,6986a6c5d1f10ba22361229e,6986a6c5d1f10ba22361229e,advanced,2,6986a6c5d1f10ba22361229e,6986a6c5d1f10ba22361229e,spotlight_PROLIFIC,,39,Brazil,Portuguese,"English, Spanish",Spanish,Portuguese:50|English:50|Spanish:0,100,Portuguese:30|English:70|Spanish:0,100,Portuguese:50|English:50|Spanish:0,100,18,4,Bachelor's,10,10,10,10,10,10,6,11,0,10,CEFR,C2,,,,,23,25,C1,intermediate|advanced,advanced|intermediate,cambridge_22_25_intermediate_advanced,4,18,random,,,,,,,,265.556640625,896.923828125,286.806640625,956.5234375,5,16,,,,,,2026-08-09T14:42:39.026Z,8T7CGK8F,2026-08-09,2026-08-09,11:42:39,2026-08-09 11:42:39,,,,,,,,6986a6c5d1f10ba22361229e,6986a6c5d1f10ba22361229e,,,,
26987,raw_position_sample,2,3,adv,2,2,2,3,75, motion ,898,277,505625.7999999523,6986a6c5d1f10ba22361229e,6986a6c5d1f10ba22361229e,advanced,2,6986a6c5d1f10ba22361229e,6986a6c5d1f10ba22361229e,spotlight_PROLIFIC,,39,Brazil,Portuguese,"English, Spanish",Spanish,Portuguese:50|English:50|Spanish:0,100,Portuguese:30|English:70|Spanish:0,100,Portuguese:50|English:50|Spanish:0,100,18,4,Bachelor's,10,10,10,10,10,10,6,11,0,10,CEFR,C2,,,,,23,25,C1,intermediate|advanced,advanced|intermediate,cambridge_22_25_intermediate_advanced,4,18,random,,,,,,,,265.556640625,896.923828125,286.806640625,956.5234375,5,16,,,,,,2026-08-09T14:42:39.026Z,8T7CGK8F,2026-08-09,2026-08-09,11:42:39,2026-08-09 11:42:39,,,,,,,,6986a6c5d1f10ba22361229e,6986a6c5d1f10ba22361229e,,,,
27001,hover_association,2,3,adv,2,2,2,3,75, motion ,952,285,,6986a6c5d1f10ba22361229e,6986a6c5d1f10ba22361229e,advanced,2,6986a6c5d1f10ba22361229e,6986a6c5d1f10ba22361229e,spotlight_PROLIFIC,,39,Brazil,Portuguese,"English, Spanish",Spanish,Portuguese:50|English:50|Spanish:0,100,Portuguese:30|English:70|Spanish:0,100,Portuguese:50|English:50|Spanish:0,100,18,4,Bachelor's,10,10,10,10,10,10,6,11,0,10,CEFR,C2,,,,,23,25,C1,intermediate|advanced,advanced|intermediate,cambridge_22_25_intermediate_advanced,4,18,random,,hover,200,200,0.01805669342946092,0.520458984375,159,256.181640625,896.923828125,296.181640625,956.5234375,5,16,,,,,,2026-08-09T14:42:39.026Z,8T7CGK8F,2026-08-09,2026-08-09,11:42:39,2026-08-09 11:42:39,,,,,,,,6986a6c5d1f10ba22361229e,6986a6c5d1f10ba22361229e,,,,
27037,raw_position_sample,2,3,adv,2,2,2,3,74, all-body ,880,277,505675.89999985695,6986a6c5d1f10ba22361229e,6986a6c5d1f10ba22361229e,advanced,2,6986a6c5d1f10ba22361229e,6986a6c5d1f10ba22361229e,spotlight_PROLIFIC,,39,Brazil,Portuguese,"English, Spanish",Spanish,Portuguese:50|English:50|Spanish:0,100,Portuguese:30|English:70|Spanish:0,100,Portuguese:50|English:50|Spanish:0,100,18,4,Bachelor's,10,10,10,10,10,10,6,11,0,10,CEFR,C2,,,,,23,25,C1,intermediate|advanced,advanced|intermediate,cambridge_22_25_intermediate_advanced,4,18,random,,,,,,,,265.556640625,829.51171875,286.806640625,896.923828125,5,15,,,,,,2026-08-09T14:42:39.026Z,8T7CGK8F,2026-08-09,2026-08-09,11:42:39,2026-08-09 11:42:39,,,,,,,,6986a6c5d1f10ba22361229e,6986a6c5d1f10ba22361229e,,,,
27087,raw_position_sample,2,3,adv,2,2,2,3,74, all-body ,861,277,505726.09999990463,6986a6c5d1f10ba22361229e,6986a6c5d1f10ba22361229e,advanced,2,6986a6c5d1f10ba22361229e,6986a6c5d1f10ba22361229e,spotlight_PROLIFIC,,39,Brazil,Portuguese,"English, Spanish",Spanish,Portuguese:50|English:50|Spanish:0,100,Portuguese:30|English:70|Spanish:0,100,Portuguese:50|English:50|Spanish:0,100,18,4,Bachelor's,10,10,10,10,10,10,6,11,0,10,CEFR,C2,,,,,23,25,C1,intermediate|advanced,advanced|intermediate,cambridge_22_25_intermediate_advanced,4,18,random,,,,,,,,265.556640625,829.51171875,286.806640625,896.923828125,5,15,,,,,,2026-08-09T14:42:39.026Z,8T7CGK8F,2026-08-09,2026-08-09,11:42:39,2026-08-09 11:42:39,,,,,,,,6986a6c5d1f10ba22361229e,6986a6c5d1f10ba22361229e,,,,
27137,raw_position_sample,2,3,adv,2,2,2,3,74, all-body ,849,279,505776.09999990463,6986a6c5d1f10ba22361229e,6986a6c5d1f10ba22361229e,advanced,2,6986a6c5d1f10ba22361229e,6986a6c5d1f10ba22361229e,spotlight_PROLIFIC,,39,Brazil,Portuguese,"English, Spanish",Spanish,Portuguese:50|English:50|Spanish:0,100,Portuguese:30|English:70|Spanish:0,100,Portuguese:50|English:50|Spanish:0,100,18,4,Bachelor's,10,10,10,10,10,10,6,11,0,10,CEFR,C2,,,,,23,25,C1,intermediate|advanced,advanced|intermediate,cambridge_22_25_intermediate_advanced,4,18,random,,,,,,,,265.556640625,829.51171875,286.806640625,896.923828125,5,15,,,,,,2026-08-09T14:42:39.026Z,8T7CGK8F,2026-08-09,2026-08-09,11:42:39,2026-08-09 11:42:39,,,,,,,,6986a6c5d1f10ba22361229e,6986a6c5d1f10ba22361229e,,,,
27187,raw_position_sample,2,3,adv,2,2,2,3,74, all-body ,844,280,505826.09999990463,6986a6c5d1f10ba22361229e,6986a6c5d1f10ba22361229e,advanced,2,6986a6c5d1f10ba22361229e,6986a6c5d1f10ba22361229e,spotlight_PROLIFIC,,39,Brazil,Portuguese,"English, Spanish",Spanish,Portuguese:50|English:50|Spanish:0,100,Portuguese:30|English:70|Spanish:0,100,Portuguese:50|English:50|Spanish:0,100,18,4,Bachelor's,10,10,10,10,10,10,6,11,0,10,CEFR,C2,,,,,23,25,C1,intermediate|advanced,advanced|intermediate,cambridge_22_25_intermediate_advanced,4,18,random,,,,,,,,265.556640625,829.51171875,286.806640625,896.923828125,5,15,,,,,,2026-08-09T14:42:39.026Z,8T7CGK8F,2026-08-09,2026-08-09,11:42:39,2026-08-09 11:42:39,,,,,,,,6986a6c5d1f10ba22361229e,6986a6c5d1f10ba22361229e,,,,
27237,raw_position_sample,2,3,adv,2,2,2,3,74, all-body ,843,281,505875.5,6986a6c5d1f10ba22361229e,6986a6c5d1f10ba22361229e,advanced,2,6986a6c5d1f10ba22361229e,6986a6c5d1f10ba22361229e,spotlight_PROLIFIC,,39,Brazil,Portuguese,"English, Spanish",Spanish,Portuguese:50|English:50|Spanish:0,100,Portuguese:30|English:70|Spanish:0,100,Portuguese:50|English:50|Spanish:0,100,18,4,Bachelor's,10,10,10,10,10,10,6,11,0,10,CEFR,C2,,,,,23,25,C1,intermediate|advanced,advanced|intermediate,cambridge_22_25_intermediate_advanced,4,18,random,,,,,,,,265.556640625,829.51171875,286.806640625,896.923828125,5,15,,,,,,2026-08-09T14:42:39.026Z,8T7CGK8F,2026-08-09,2026-08-09,11:42:39,2026-08-09 11:42:39,,,,,,,,6986a6c5d1f10ba22361229e,6986a6c5d1f10ba22361229e,,,,
27288,raw_position_sample,2,3,adv,2,2,2,3,74, all-body ,843,282,505926.39999985695,6986a6c5d1f10ba22361229e,6986a6c5d1f10ba22361229e,advanced,2,6986a6c5d1f10ba22361229e,6986a6c5d1f10ba22361229e,spotlight_PROLIFIC,,39,Brazil,Portuguese,"English, Spanish",Spanish,Portuguese:50|English:50|Spanish:0,100,Portuguese:30|English:70|Spanish:0,100,Portuguese:50|English:50|Spanish:0,100,18,4,Bachelor's,10,10,10,10,10,10,6,11,0,10,CEFR,C2,,,,,23,25,C1,intermediate|advanced,advanced|intermediate,cambridge_22_25_intermediate_advanced,4,18,random,,,,,,,,265.556640625,829.51171875,286.806640625,896.923828125,5,15,,,,,,2026-08-09T14:42:39.026Z,8T7CGK8F,2026-08-09,2026-08-09,11:42:39,2026-08-09 11:42:39,,,,,,,,6986a6c5d1f10ba22361229e,6986a6c5d1f10ba22361229e,,,,
27338,raw_position_sample,2,3,adv,2,2,2,3,74, all-body ,843,282,505976.89999985695,6986a6c5d1f10ba22361229e,6986a6c5d1f10ba22361229e,advanced,2,6986a6c5d1f10ba22361229e,6986a6c5d1f10ba22361229e,spotlight_PROLIFIC,,39,Brazil,Portuguese,"English, Spanish",Spanish,Portuguese:50|English:50|Spanish:0,100,Portuguese:30|English:70|Spanish:0,100,Portuguese:50|English:50|Spanish:0,100,18,4,Bachelor's,10,10,10,10,10,10,6,11,0,10,CEFR,C2,,,,,23,25,C1,intermediate|advanced,advanced|intermediate,cambridge_22_25_intermediate_advanced,4,18,random,,,,,,,,265.556640625,829.51171875,286.806640625,896.923828125,5,15,,,,,,2026-08-09T14:42:39.026Z,8T7CGK8F,2026-08-09,2026-08-09,11:42:39,2026-08-09 11:42:39,,,,,,,,6986a6c5d1f10ba22361229e,6986a6c5d1f10ba22361229e,,,,
27387,raw_position_sample,2,3,adv,2,2,2,3,74, all-body ,840,283,506025.89999985695,6986a6c5d1f10ba22361229e,6986a6c5d1f10ba22361229e,advanced,2,6986a6c5d1f10ba22361229e,6986a6c5d1f10ba22361229e,spotlight_PROLIFIC,,39,Brazil,Portuguese,"English, Spanish",Spanish,Portuguese:50|English:50|Spanish:0,100,Portuguese:30|English:70|Spanish:0,100,Portuguese:50|English:50|Spanish:0,100,18,4,Bachelor's,10,10,10,10,10,10,6,11,0,10,CEFR,C2,,,,,23,25,C1,intermediate|advanced,advanced|intermediate,cambridge_22_25_intermediate_advanced,4,18,random,,,,,,,,265.556640625,829.51171875,286.806640625,896.923828125,5,15,,,,,,2026-08-09T14:42:39.026Z,8T7CGK8F,2026-08-09,2026-08-09,11:42:39,2026-08-09 11:42:39,,,,,,,,6986a6c5d1f10ba22361229e,6986a6c5d1f10ba22361229e,,,,
27434,hover_association,2,3,adv,2,2,2,3,74, all-body ,893,277,,6986a6c5d1f10ba22361229e,6986a6c5d1f10ba22361229e,advanced,2,6986a6c5d1f10ba22361229e,6986a6c5d1f10ba22361229e,spotlight_PROLIFIC,,39,Brazil,Portuguese,"English, Spanish",Spanish,Portuguese:50|English:50|Spanish:0,100,Portuguese:30|English:70|Spanish:0,100,Portuguese:50|English:50|Spanish:0,100,18,4,Bachelor's,10,10,10,10,10,10,6,11,0,10,CEFR,C2,,,,,23,25,C1,intermediate|advanced,advanced|intermediate,cambridge_22_25_intermediate_advanced,4,18,random,,hover,433.40000009536743,433.40000009536743,0.06657974793568014,0.670458984375,159,256.181640625,829.51171875,296.181640625,896.923828125,5,15,,,,,,2026-08-09T14:42:39.026Z,8T7CGK8F,2026-08-09,2026-08-09,11:42:39,2026-08-09 11:42:39,,,,,,,,6986a6c5d1f10ba22361229e,6986a6c5d1f10ba22361229e,,,,
27437,raw_position_sample,2,3,adv,2,2,2,3,73, an ,827,284,506076.2999999523,6986a6c5d1f10ba22361229e,6986a6c5d1f10ba22361229e,advanced,2,6986a6c5d1f10ba22361229e,6986a6c5d1f10ba22361229e,spotlight_PROLIFIC,,39,Brazil,Portuguese,"English, Spanish",Spanish,Portuguese:50|English:50|Spanish:0,100,Portuguese:30|English:70|Spanish:0,100,Portuguese:50|English:50|Spanish:0,100,18,4,Bachelor's,10,10,10,10,10,10,6,11,0,10,CEFR,C2,,,,,23,25,C1,intermediate|advanced,advanced|intermediate,cambridge_22_25_intermediate_advanced,4,18,random,,,,,,,,265.556640625,806.89453125,286.806640625,829.51171875,5,14,,,,,,2026-08-09T14:42:39.026Z,8T7CGK8F,2026-08-09,2026-08-09,11:42:39,2026-08-09 11:42:39,,,,,,,,6986a6c5d1f10ba22361229e,6986a6c5d1f10ba22361229e,,,,
27487,raw_position_sample,2,3,adv,2,2,2,3,73, an ,808,284,506126,6986a6c5d1f10ba22361229e,6986a6c5d1f10ba22361229e,advanced,2,6986a6c5d1f10ba22361229e,6986a6c5d1f10ba22361229e,spotlight_PROLIFIC,,39,Brazil,Portuguese,"English, Spanish",Spanish,Portuguese:50|English:50|Spanish:0,100,Portuguese:30|English:70|Spanish:0,100,Portuguese:50|English:50|Spanish:0,100,18,4,Bachelor's,10,10,10,10,10,10,6,11,0,10,CEFR,C2,,,,,23,25,C1,intermediate|advanced,advanced|intermediate,cambridge_22_25_intermediate_advanced,4,18,random,,,,,,,,265.556640625,806.89453125,286.806640625,829.51171875,5,14,,,,,,2026-08-09T14:42:39.026Z,8T7CGK8F,2026-08-09,2026-08-09,11:42:39,2026-08-09 11:42:39,,,,,,,,6986a6c5d1f10ba22361229e,6986a6c5d1f10ba22361229e,,,,
27501,hover_association,2,3,adv,2,2,2,3,73, an ,827,284,,6986a6c5d1f10ba22361229e,6986a6c5d1f10ba22361229e,advanced,2,6986a6c5d1f10ba22361229e,6986a6c5d1f10ba22361229e,spotlight_PROLIFIC,,39,Brazil,Portuguese,"English, Spanish",Spanish,Portuguese:50|English:50|Spanish:0,100,Portuguese:30|English:70|Spanish:0,100,Portuguese:50|English:50|Spanish:0,100,18,4,Bachelor's,10,10,10,10,10,10,6,11,0,10,CEFR,C2,,,,,23,25,C1,intermediate|advanced,advanced|intermediate,cambridge_22_25_intermediate_advanced,4,18,random,,hover,66.59999990463257,66.59999990463257,0.048877374784110535,0.695458984375,159,256.181640625,806.89453125,296.181640625,829.51171875,5,14,,,,,,2026-08-09T14:42:39.026Z,8T7CGK8F,2026-08-09,2026-08-09,11:42:39,2026-08-09 11:42:39,,,,,,,,6986a6c5d1f10ba22361229e,6986a6c5d1f10ba22361229e,,,,
27534,hover_association,2,3,adv,2,2,2,3,72, of ,802,284,,6986a6c5d1f10ba22361229e,6986a6c5d1f10ba22361229e,advanced,2,6986a6c5d1f10ba22361229e,6986a6c5d1f10ba22361229e,spotlight_PROLIFIC,,39,Brazil,Portuguese,"English, Spanish",Spanish,Portuguese:50|English:50|Spanish:0,100,Portuguese:30|English:70|Spanish:0,100,Portuguese:50|English:50|Spanish:0,100,18,4,Bachelor's,10,10,10,10,10,10,6,11,0,10,CEFR,C2,,,,,23,25,C1,intermediate|advanced,advanced|intermediate,cambridge_22_25_intermediate_advanced,4,18,random,,hover,33.30000019073486,33.30000019073486,0.34045954045954047,0.695458984375,159,256.181640625,787.34375,296.181640625,806.89453125,5,13,,,,,,2026-08-09T14:42:39.026Z,8T7CGK8F,2026-08-09,2026-08-09,11:42:39,2026-08-09 11:42:39,,,,,,,,6986a6c5d1f10ba22361229e,6986a6c5d1f10ba22361229e,,,,
27537,raw_position_sample,2,3,adv,2,2,2,3,71, use ,786,284,506176,6986a6c5d1f10ba22361229e,6986a6c5d1f10ba22361229e,advanced,2,6986a6c5d1f10ba22361229e,6986a6c5d1f10ba22361229e,spotlight_PROLIFIC,,39,Brazil,Portuguese,"English, Spanish",Spanish,Portuguese:50|English:50|Spanish:0,100,Portuguese:30|English:70|Spanish:0,100,Portuguese:50|English:50|Spanish:0,100,18,4,Bachelor's,10,10,10,10,10,10,6,11,0,10,CEFR,C2,,,,,23,25,C1,intermediate|advanced,advanced|intermediate,cambridge_22_25_intermediate_advanced,4,18,random,,,,,,,,265.556640625,756.611328125,286.806640625,787.34375,5,12,,,,,,2026-08-09T14:42:39.026Z,8T7CGK8F,2026-08-09,2026-08-09,11:42:39,2026-08-09 11:42:39,,,,,,,,6986a6c5d1f10ba22361229e,6986a6c5d1f10ba22361229e,,,,
27587,raw_position_sample,2,3,adv,2,2,2,3,71, use ,764,284,506226.09999990463,6986a6c5d1f10ba22361229e,6986a6c5d1f10ba22361229e,advanced,2,6986a6c5d1f10ba22361229e,6986a6c5d1f10ba22361229e,spotlight_PROLIFIC,,39,Brazil,Portuguese,"English, Spanish",Spanish,Portuguese:50|English:50|Spanish:0,100,Portuguese:30|English:70|Spanish:0,100,Portuguese:50|English:50|Spanish:0,100,18,4,Bachelor's,10,10,10,10,10,10,6,11,0,10,CEFR,C2,,,,,23,25,C1,intermediate|advanced,advanced|intermediate,cambridge_22_25_intermediate_advanced,4,18,random,,,,,,,,265.556640625,756.611328125,286.806640625,787.34375,5,12,,,,,,2026-08-09T14:42:39.026Z,8T7CGK8F,2026-08-09,2026-08-09,11:42:39,2026-08-09 11:42:39,,,,,,,,6986a6c5d1f10ba22361229e,6986a6c5d1f10ba22361229e,,,,
27617,hover_association,2,3,adv,2,2,2,3,71, use ,786,284,,6986a6c5d1f10ba22361229e,6986a6c5d1f10ba22361229e,advanced,2,6986a6c5d1f10ba22361229e,6986a6c5d1f10ba22361229e,spotlight_PROLIFIC,,39,Brazil,Portuguese,"English, Spanish",Spanish,Portuguese:50|English:50|Spanish:0,100,Portuguese:30|English:70|Spanish:0,100,Portuguese:50|English:50|Spanish:0,100,18,4,Bachelor's,10,10,10,10,10,10,6,11,0,10,CEFR,C2,,,,,23,25,C1,intermediate|advanced,advanced|intermediate,cambridge_22_25_intermediate_advanced,4,18,random,,hover,83.39999985694885,83.39999985694885,0.012646965363838577,0.695458984375,159,256.181640625,756.611328125,296.181640625,787.34375,5,12,,,,,,2026-08-09T14:42:39.026Z,8T7CGK8F,2026-08-09,2026-08-09,11:42:39,2026-08-09 11:42:39,,,,,,,,6986a6c5d1f10ba22361229e,6986a6c5d1f10ba22361229e,,,,
27637,raw_position_sample,2,3,adv,2,2,2,3,70, the ,746,284,506275.7999999523,6986a6c5d1f10ba22361229e,6986a6c5d1f10ba22361229e,advanced,2,6986a6c5d1f10ba22361229e,6986a6c5d1f10ba22361229e,spotlight_PROLIFIC,,39,Brazil,Portuguese,"English, Spanish",Spanish,Portuguese:50|English:50|Spanish:0,100,Portuguese:30|English:70|Spanish:0,100,Portuguese:50|English:50|Spanish:0,100,18,4,Bachelor's,10,10,10,10,10,10,6,11,0,10,CEFR,C2,,,,,23,25,C1,intermediate|advanced,advanced|intermediate,cambridge_22_25_intermediate_advanced,4,18,random,,,,,,,,265.556640625,726.982421875,286.806640625,756.611328125,5,11,,,,,,2026-08-09T14:42:39.026Z,8T7CGK8F,2026-08-09,2026-08-09,11:42:39,2026-08-09 11:42:39,,,,,,,,6986a6c5d1f10ba22361229e,6986a6c5d1f10ba22361229e,,,,
27687,raw_position_sample,2,3,adv,2,2,2,3,70, the ,730,284,506325.89999985695,6986a6c5d1f10ba22361229e,6986a6c5d1f10ba22361229e,advanced,2,6986a6c5d1f10ba22361229e,6986a6c5d1f10ba22361229e,spotlight_PROLIFIC,,39,Brazil,Portuguese,"English, Spanish",Spanish,Portuguese:50|English:50|Spanish:0,100,Portuguese:30|English:70|Spanish:0,100,Portuguese:50|English:50|Spanish:0,100,18,4,Bachelor's,10,10,10,10,10,10,6,11,0,10,CEFR,C2,,,,,23,25,C1,intermediate|advanced,advanced|intermediate,cambridge_22_25_intermediate_advanced,4,18,random,,,,,,,,265.556640625,726.982421875,286.806640625,756.611328125,5,11,,,,,,2026-08-09T14:42:39.026Z,8T7CGK8F,2026-08-09,2026-08-09,11:42:39,2026-08-09 11:42:39,,,,,,,,6986a6c5d1f10ba22361229e,6986a6c5d1f10ba22361229e,,,,
27701,hover_association,2,3,adv,2,2,2,3,70, the ,751,284,,6986a6c5d1f10ba22361229e,6986a6c5d1f10ba22361229e,advanced,2,6986a6c5d1f10ba22361229e,6986a6c5d1f10ba22361229e,spotlight_PROLIFIC,,39,Brazil,Portuguese,"English, Spanish",Spanish,Portuguese:50|English:50|Spanish:0,100,Portuguese:30|English:70|Spanish:0,100,Portuguese:50|English:50|Spanish:0,100,18,4,Bachelor's,10,10,10,10,10,10,6,11,0,10,CEFR,C2,,,,,23,25,C1,intermediate|advanced,advanced|intermediate,cambridge_22_25_intermediate_advanced,4,18,random,,hover,83.29999995231628,83.29999995231628,0.10184574818721161,0.695458984375,159,256.181640625,726.982421875,296.181640625,756.611328125,5,11,,,,,,2026-08-09T14:42:39.026Z,8T7CGK8F,2026-08-09,2026-08-09,11:42:39,2026-08-09 11:42:39,,,,,,,,6986a6c5d1f10ba22361229e,6986a6c5d1f10ba22361229e,,,,
27737,raw_position_sample,2,3,adv,2,2,2,3,69, so ,713,284,506375.89999985695,6986a6c5d1f10ba22361229e,6986a6c5d1f10ba22361229e,advanced,2,6986a6c5d1f10ba22361229e,6986a6c5d1f10ba22361229e,spotlight_PROLIFIC,,39,Brazil,Portuguese,"English, Spanish",Spanish,Portuguese:50|English:50|Spanish:0,100,Portuguese:30|English:70|Spanish:0,100,Portuguese:50|English:50|Spanish:0,100,18,4,Bachelor's,10,10,10,10,10,10,6,11,0,10,CEFR,C2,,,,,23,25,C1,intermediate|advanced,advanced|intermediate,cambridge_22_25_intermediate_advanced,4,18,random,,,,,,,,265.556640625,705.68359375,286.806640625,726.982421875,5,10,,,,,,2026-08-09T14:42:39.026Z,8T7CGK8F,2026-08-09,2026-08-09,11:42:39,2026-08-09 11:42:39,,,,,,,,6986a6c5d1f10ba22361229e,6986a6c5d1f10ba22361229e,,,,
27767,hover_association,2,3,adv,2,2,2,3,69, so ,725,284,,6986a6c5d1f10ba22361229e,6986a6c5d1f10ba22361229e,advanced,2,6986a6c5d1f10ba22361229e,6986a6c5d1f10ba22361229e,spotlight_PROLIFIC,,39,Brazil,Portuguese,"English, Spanish",Spanish,Portuguese:50|English:50|Spanish:0,100,Portuguese:30|English:70|Spanish:0,100,Portuguese:50|English:50|Spanish:0,100,18,4,Bachelor's,10,10,10,10,10,10,6,11,0,10,CEFR,C2,,,,,23,25,C1,intermediate|advanced,advanced|intermediate,cambridge_22_25_intermediate_advanced,4,18,random,,hover,66.60000014305115,66.60000014305115,0.06180651077487391,0.695458984375,159,256.181640625,705.68359375,296.181640625,726.982421875,5,10,,,,,,2026-08-09T14:42:39.026Z,8T7CGK8F,2026-08-09,2026-08-09,11:42:39,2026-08-09 11:42:39,,,,,,,,6986a6c5d1f10ba22361229e,6986a6c5d1f10ba22361229e,,,,
27787,raw_position_sample,2,3,adv,2,2,2,3,68, and ,695,284,506425.7999999523,6986a6c5d1f10ba22361229e,6986a6c5d1f10ba22361229e,advanced,2,6986a6c5d1f10ba22361229e,6986a6c5d1f10ba22361229e,spotlight_PROLIFIC,,39,Brazil,Portuguese,"English, Spanish",Spanish,Portuguese:50|English:50|Spanish:0,100,Portuguese:30|English:70|Spanish:0,100,Portuguese:50|English:50|Spanish:0,100,18,4,Bachelor's,10,10,10,10,10,10,6,11,0,10,CEFR,C2,,,,,23,25,C1,intermediate|advanced,advanced|intermediate,cambridge_22_25_intermediate_advanced,4,18,random,,,,,,,,265.556640625,673.0078125,286.806640625,705.68359375,5,9,,,,,,2026-08-09T14:42:39.026Z,8T7CGK8F,2026-08-09,2026-08-09,11:42:39,2026-08-09 11:42:39,,,,,,,,6986a6c5d1f10ba22361229e,6986a6c5d1f10ba22361229e,,,,
27837,raw_position_sample,2,3,adv,2,2,2,3,68, and ,674,284,506476,6986a6c5d1f10ba22361229e,6986a6c5d1f10ba22361229e,advanced,2,6986a6c5d1f10ba22361229e,6986a6c5d1f10ba22361229e,spotlight_PROLIFIC,,39,Brazil,Portuguese,"English, Spanish",Spanish,Portuguese:50|English:50|Spanish:0,100,Portuguese:30|English:70|Spanish:0,100,Portuguese:50|English:50|Spanish:0,100,18,4,Bachelor's,10,10,10,10,10,10,6,11,0,10,CEFR,C2,,,,,23,25,C1,intermediate|advanced,advanced|intermediate,cambridge_22_25_intermediate_advanced,4,18,random,,,,,,,,265.556640625,673.0078125,286.806640625,705.68359375,5,9,,,,,,2026-08-09T14:42:39.026Z,8T7CGK8F,2026-08-09,2026-08-09,11:42:39,2026-08-09 11:42:39,,,,,,,,6986a6c5d1f10ba22361229e,6986a6c5d1f10ba22361229e,,,,
27851,hover_association,2,3,adv,2,2,2,3,68, and ,700,284,,6986a6c5d1f10ba22361229e,6986a6c5d1f10ba22361229e,advanced,2,6986a6c5d1f10ba22361229e,6986a6c5d1f10ba22361229e,spotlight_PROLIFIC,,39,Brazil,Portuguese,"English, Spanish",Spanish,Portuguese:50|English:50|Spanish:0,100,Portuguese:30|English:70|Spanish:0,100,Portuguese:50|English:50|Spanish:0,100,18,4,Bachelor's,10,10,10,10,10,10,6,11,0,10,CEFR,C2,,,,,23,25,C1,intermediate|advanced,advanced|intermediate,cambridge_22_25_intermediate_advanced,4,18,random,,hover,83.39999985694885,83.39999985694885,0.030364614465032875,0.695458984375,159,256.181640625,673.0078125,296.181640625,705.68359375,5,9,,,,,,2026-08-09T14:42:39.026Z,8T7CGK8F,2026-08-09,2026-08-09,11:42:39,2026-08-09 11:42:39,,,,,,,,6986a6c5d1f10ba22361229e,6986a6c5d1f10ba22361229e,,,,
27887,raw_position_sample,2,3,adv,2,2,2,3,67, more ,657,284,506526.09999990463,6986a6c5d1f10ba22361229e,6986a6c5d1f10ba22361229e,advanced,2,6986a6c5d1f10ba22361229e,6986a6c5d1f10ba22361229e,spotlight_PROLIFIC,,39,Brazil,Portuguese,"English, Spanish",Spanish,Portuguese:50|English:50|Spanish:0,100,Portuguese:30|English:70|Spanish:0,100,Portuguese:50|English:50|Spanish:0,100,18,4,Bachelor's,10,10,10,10,10,10,6,11,0,10,CEFR,C2,,,,,23,25,C1,intermediate|advanced,advanced|intermediate,cambridge_22_25_intermediate_advanced,4,18,random,,,,,,,,265.556640625,628.056640625,286.806640625,673.0078125,5,8,,,,,,2026-08-09T14:42:39.026Z,8T7CGK8F,2026-08-09,2026-08-09,11:42:39,2026-08-09 11:42:39,,,,,,,,6986a6c5d1f10ba22361229e,6986a6c5d1f10ba22361229e,,,,
27937,raw_position_sample,2,3,adv,2,2,2,3,67, more ,648,284,506576.09999990463,6986a6c5d1f10ba22361229e,6986a6c5d1f10ba22361229e,advanced,2,6986a6c5d1f10ba22361229e,6986a6c5d1f10ba22361229e,spotlight_PROLIFIC,,39,Brazil,Portuguese,"English, Spanish",Spanish,Portuguese:50|English:50|Spanish:0,100,Portuguese:30|English:70|Spanish:0,100,Portuguese:50|English:50|Spanish:0,100,18,4,Bachelor's,10,10,10,10,10,10,6,11,0,10,CEFR,C2,,,,,23,25,C1,intermediate|advanced,advanced|intermediate,cambridge_22_25_intermediate_advanced,4,18,random,,,,,,,,265.556640625,628.056640625,286.806640625,673.0078125,5,8,,,,,,2026-08-09T14:42:39.026Z,8T7CGK8F,2026-08-09,2026-08-09,11:42:39,2026-08-09 11:42:39,,,,,,,,6986a6c5d1f10ba22361229e,6986a6c5d1f10ba22361229e,,,,
27987,raw_position_sample,2,3,adv,2,2,2,3,67, more ,640,284,506626.09999990463,6986a6c5d1f10ba22361229e,6986a6c5d1f10ba22361229e,advanced,2,6986a6c5d1f10ba22361229e,6986a6c5d1f10ba22361229e,spotlight_PROLIFIC,,39,Brazil,Portuguese,"English, Spanish",Spanish,Portuguese:50|English:50|Spanish:0,100,Portuguese:30|English:70|Spanish:0,100,Portuguese:50|English:50|Spanish:0,100,18,4,Bachelor's,10,10,10,10,10,10,6,11,0,10,CEFR,C2,,,,,23,25,C1,intermediate|advanced,advanced|intermediate,cambridge_22_25_intermediate_advanced,4,18,random,,,,,,,,265.556640625,628.056640625,286.806640625,673.0078125,5,8,,,,,,2026-08-09T14:42:39.026Z,8T7CGK8F,2026-08-09,2026-08-09,11:42:39,2026-08-09 11:42:39,,,,,,,,6986a6c5d1f10ba22361229e,6986a6c5d1f10ba22361229e,,,,
28037,raw_position_sample,2,3,adv,2,2,2,3,67, more ,631,285,506675.7999999523,6986a6c5d1f10ba22361229e,6986a6c5d1f10ba22361229e,advanced,2,6986a6c5d1f10ba22361229e,6986a6c5d1f10ba22361229e,spotlight_PROLIFIC,,39,Brazil,Portuguese,"English, Spanish",Spanish,Portuguese:50|English:50|Spanish:0,100,Portuguese:30|English:70|Spanish:0,100,Portuguese:50|English:50|Spanish:0,100,18,4,Bachelor's,10,10,10,10,10,10,6,11,0,10,CEFR,C2,,,,,23,25,C1,intermediate|advanced,advanced|intermediate,cambridge_22_25_intermediate_advanced,4,18,random,,,,,,,,265.556640625,628.056640625,286.806640625,673.0078125,5,8,,,,,,2026-08-09T14:42:39.026Z,8T7CGK8F,2026-08-09,2026-08-09,11:42:39,2026-08-09 11:42:39,,,,,,,,6986a6c5d1f10ba22361229e,6986a6c5d1f10ba22361229e,,,,
28051,hover_association,2,3,adv,2,2,2,3,67, more ,666,284,,6986a6c5d1f10ba22361229e,6986a6c5d1f10ba22361229e,advanced,2,6986a6c5d1f10ba22361229e,6986a6c5d1f10ba22361229e,spotlight_PROLIFIC,,39,Brazil,Portuguese,"English, Spanish",Spanish,Portuguese:50|English:50|Spanish:0,100,Portuguese:30|English:70|Spanish:0,100,Portuguese:50|English:50|Spanish:0,100,18,4,Bachelor's,10,10,10,10,10,10,6,11,0,10,CEFR,C2,,,,,23,25,C1,intermediate|advanced,advanced|intermediate,cambridge_22_25_intermediate_advanced,4,18,random,,hover,199.90000009536743,199.90000009536743,0.06547903541168804,0.720458984375,159,256.181640625,628.056640625,296.181640625,673.0078125,5,8,,,,,,2026-08-09T14:42:39.026Z,8T7CGK8F,2026-08-09,2026-08-09,11:42:39,2026-08-09 11:42:39,,,,,,,,6986a6c5d1f10ba22361229e,6986a6c5d1f10ba22361229e,,,,
28087,raw_position_sample,2,3,adv,2,2,2,3,66, fidget ,614,287,506726,6986a6c5d1f10ba22361229e,6986a6c5d1f10ba22361229e,advanced,2,6986a6c5d1f10ba22361229e,6986a6c5d1f10ba22361229e,spotlight_PROLIFIC,,39,Brazil,Portuguese,"English, Spanish",Spanish,Portuguese:50|English:50|Spanish:0,100,Portuguese:30|English:70|Spanish:0,100,Portuguese:50|English:50|Spanish:0,100,18,4,Bachelor's,10,10,10,10,10,10,6,11,0,10,CEFR,C2,,,,,23,25,C1,intermediate|advanced,advanced|intermediate,cambridge_22_25_intermediate_advanced,4,18,random,,,,,,,,265.556640625,578.916015625,286.806640625,628.056640625,5,7,,,,,,2026-08-09T14:42:39.026Z,8T7CGK8F,2026-08-09,2026-08-09,11:42:39,2026-08-09 11:42:39,,,,,,,,6986a6c5d1f10ba22361229e,6986a6c5d1f10ba22361229e,,,,
28137,raw_position_sample,2,3,adv,2,2,2,3,66, fidget ,592,288,506775.89999985695,6986a6c5d1f10ba22361229e,6986a6c5d1f10ba22361229e,advanced,2,6986a6c5d1f10ba22361229e,6986a6c5d1f10ba22361229e,spotlight_PROLIFIC,,39,Brazil,Portuguese,"English, Spanish",Spanish,Portuguese:50|English:50|Spanish:0,100,Portuguese:30|English:70|Spanish:0,100,Portuguese:50|English:50|Spanish:0,100,18,4,Bachelor's,10,10,10,10,10,10,6,11,0,10,CEFR,C2,,,,,23,25,C1,intermediate|advanced,advanced|intermediate,cambridge_22_25_intermediate_advanced,4,18,random,,,,,,,,265.556640625,578.916015625,286.806640625,628.056640625,5,7,,,,,,2026-08-09T14:42:39.026Z,8T7CGK8F,2026-08-09,2026-08-09,11:42:39,2026-08-09 11:42:39,,,,,,,,6986a6c5d1f10ba22361229e,6986a6c5d1f10ba22361229e,,,,
28184,hover_association,2,3,adv,2,2,2,3,66, fidget ,626,285,,6986a6c5d1f10ba22361229e,6986a6c5d1f10ba22361229e,advanced,2,6986a6c5d1f10ba22361229e,6986a6c5d1f10ba22361229e,spotlight_PROLIFIC,,39,Brazil,Portuguese,"English, Spanish",Spanish,Portuguese:50|English:50|Spanish:0,100,Portuguese:30|English:70|Spanish:0,100,Portuguese:50|English:50|Spanish:0,100,18,4,Bachelor's,10,10,10,10,10,10,6,11,0,10,CEFR,C2,,,,,23,25,C1,intermediate|advanced,advanced|intermediate,cambridge_22_25_intermediate_advanced,4,18,random,,hover,133.40000009536743,133.40000009536743,0.0017090620031796502,0.795458984375,159,256.181640625,578.916015625,296.181640625,628.056640625,5,7,,,,,,2026-08-09T14:42:39.026Z,8T7CGK8F,2026-08-09,2026-08-09,11:42:39,2026-08-09 11:42:39,,,,,,,,6986a6c5d1f10ba22361229e,6986a6c5d1f10ba22361229e,,,,
28187,raw_position_sample,2,3,adv,2,2,2,3,65, liars ,573,288,506826,6986a6c5d1f10ba22361229e,6986a6c5d1f10ba22361229e,advanced,2,6986a6c5d1f10ba22361229e,6986a6c5d1f10ba22361229e,spotlight_PROLIFIC,,39,Brazil,Portuguese,"English, Spanish",Spanish,Portuguese:50|English:50|Spanish:0,100,Portuguese:30|English:70|Spanish:0,100,Portuguese:50|English:50|Spanish:0,100,18,4,Bachelor's,10,10,10,10,10,10,6,11,0,10,CEFR,C2,,,,,23,25,C1,intermediate|advanced,advanced|intermediate,cambridge_22_25_intermediate_advanced,4,18,random,,,,,,,,265.556640625,542.03125,286.806640625,578.916015625,5,6,,,,,,2026-08-09T14:42:39.026Z,8T7CGK8F,2026-08-09,2026-08-09,11:42:39,2026-08-09 11:42:39,,,,,,,,6986a6c5d1f10ba22361229e,6986a6c5d1f10ba22361229e,,,,
28237,raw_position_sample,2,3,adv,2,2,2,3,65, liars ,564,288,506875.7999999523,6986a6c5d1f10ba22361229e,6986a6c5d1f10ba22361229e,advanced,2,6986a6c5d1f10ba22361229e,6986a6c5d1f10ba22361229e,spotlight_PROLIFIC,,39,Brazil,Portuguese,"English, Spanish",Spanish,Portuguese:50|English:50|Spanish:0,100,Portuguese:30|English:70|Spanish:0,100,Portuguese:50|English:50|Spanish:0,100,18,4,Bachelor's,10,10,10,10,10,10,6,11,0,10,CEFR,C2,,,,,23,25,C1,intermediate|advanced,advanced|intermediate,cambridge_22_25_intermediate_advanced,4,18,random,,,,,,,,265.556640625,542.03125,286.806640625,578.916015625,5,6,,,,,,2026-08-09T14:42:39.026Z,8T7CGK8F,2026-08-09,2026-08-09,11:42:39,2026-08-09 11:42:39,,,,,,,,6986a6c5d1f10ba22361229e,6986a6c5d1f10ba22361229e,,,,
28287,raw_position_sample,2,3,adv,2,2,2,3,65, liars ,559,288,506925.7999999523,6986a6c5d1f10ba22361229e,6986a6c5d1f10ba22361229e,advanced,2,6986a6c5d1f10ba22361229e,6986a6c5d1f10ba22361229e,spotlight_PROLIFIC,,39,Brazil,Portuguese,"English, Spanish",Spanish,Portuguese:50|English:50|Spanish:0,100,Portuguese:30|English:70|Spanish:0,100,Portuguese:50|English:50|Spanish:0,100,18,4,Bachelor's,10,10,10,10,10,10,6,11,0,10,CEFR,C2,,,,,23,25,C1,intermediate|advanced,advanced|intermediate,cambridge_22_25_intermediate_advanced,4,18,random,,,,,,,,265.556640625,542.03125,286.806640625,578.916015625,5,6,,,,,,2026-08-09T14:42:39.026Z,8T7CGK8F,2026-08-09,2026-08-09,11:42:39,2026-08-09 11:42:39,,,,,,,,6986a6c5d1f10ba22361229e,6986a6c5d1f10ba22361229e,,,,
28337,raw_position_sample,2,3,adv,2,2,2,3,65, liars ,553,287,506976.09999990463,6986a6c5d1f10ba22361229e,6986a6c5d1f10ba22361229e,advanced,2,6986a6c5d1f10ba22361229e,6986a6c5d1f10ba22361229e,spotlight_PROLIFIC,,39,Brazil,Portuguese,"English, Spanish",Spanish,Portuguese:50|English:50|Spanish:0,100,Portuguese:30|English:70|Spanish:0,100,Portuguese:50|English:50|Spanish:0,100,18,4,Bachelor's,10,10,10,10,10,10,6,11,0,10,CEFR,C2,,,,,23,25,C1,intermediate|advanced,advanced|intermediate,cambridge_22_25_intermediate_advanced,4,18,random,,,,,,,,265.556640625,542.03125,286.806640625,578.916015625,5,6,,,,,,2026-08-09T14:42:39.026Z,8T7CGK8F,2026-08-09,2026-08-09,11:42:39,2026-08-09 11:42:39,,,,,,,,6986a6c5d1f10ba22361229e,6986a6c5d1f10ba22361229e,,,,
28387,raw_position_sample,2,3,adv,2,2,2,3,65, liars ,543,285,507025.89999985695,6986a6c5d1f10ba22361229e,6986a6c5d1f10ba22361229e,advanced,2,6986a6c5d1f10ba22361229e,6986a6c5d1f10ba22361229e,spotlight_PROLIFIC,,39,Brazil,Portuguese,"English, Spanish",Spanish,Portuguese:50|English:50|Spanish:0,100,Portuguese:30|English:70|Spanish:0,100,Portuguese:50|English:50|Spanish:0,100,18,4,Bachelor's,10,10,10,10,10,10,6,11,0,10,CEFR,C2,,,,,23,25,C1,intermediate|advanced,advanced|intermediate,cambridge_22_25_intermediate_advanced,4,18,random,,,,,,,,265.556640625,542.03125,286.806640625,578.916015625,5,6,,,,,,2026-08-09T14:42:39.026Z,8T7CGK8F,2026-08-09,2026-08-09,11:42:39,2026-08-09 11:42:39,,,,,,,,6986a6c5d1f10ba22361229e,6986a6c5d1f10ba22361229e,,,,
28401,hover_association,2,3,adv,2,2,2,3,65, liars ,573,288,,6986a6c5d1f10ba22361229e,6986a6c5d1f10ba22361229e,advanced,2,6986a6c5d1f10ba22361229e,6986a6c5d1f10ba22361229e,spotlight_PROLIFIC,,39,Brazil,Portuguese,"English, Spanish",Spanish,Portuguese:50|English:50|Spanish:0,100,Portuguese:30|English:70|Spanish:0,100,Portuguese:50|English:50|Spanish:0,100,18,4,Bachelor's,10,10,10,10,10,10,6,11,0,10,CEFR,C2,,,,,23,25,C1,intermediate|advanced,advanced|intermediate,cambridge_22_25_intermediate_advanced,4,18,random,,hover,216.69999980926514,216.69999980926514,0.026264230871061688,0.720458984375,159,256.181640625,542.03125,296.181640625,578.916015625,5,6,,,,,,2026-08-09T14:42:39.026Z,8T7CGK8F,2026-08-09,2026-08-09,11:42:39,2026-08-09 11:42:39,,,,,,,,6986a6c5d1f10ba22361229e,6986a6c5d1f10ba22361229e,,,,
28437,raw_position_sample,2,3,adv,2,2,2,3,64, that ,534,283,507075.7999999523,6986a6c5d1f10ba22361229e,6986a6c5d1f10ba22361229e,advanced,2,6986a6c5d1f10ba22361229e,6986a6c5d1f10ba22361229e,spotlight_PROLIFIC,,39,Brazil,Portuguese,"English, Spanish",Spanish,Portuguese:50|English:50|Spanish:0,100,Portuguese:30|English:70|Spanish:0,100,Portuguese:50|English:50|Spanish:0,100,18,4,Bachelor's,10,10,10,10,10,10,6,11,0,10,CEFR,C2,,,,,23,25,C1,intermediate|advanced,advanced|intermediate,cambridge_22_25_intermediate_advanced,4,18,random,,,,,,,,265.556640625,505.986328125,286.806640625,542.03125,5,5,,,,,,2026-08-09T14:42:39.026Z,8T7CGK8F,2026-08-09,2026-08-09,11:42:39,2026-08-09 11:42:39,,,,,,,,6986a6c5d1f10ba22361229e,6986a6c5d1f10ba22361229e,,,,
28487,raw_position_sample,2,3,adv,2,2,2,3,64, that ,528,282,507126.09999990463,6986a6c5d1f10ba22361229e,6986a6c5d1f10ba22361229e,advanced,2,6986a6c5d1f10ba22361229e,6986a6c5d1f10ba22361229e,spotlight_PROLIFIC,,39,Brazil,Portuguese,"English, Spanish",Spanish,Portuguese:50|English:50|Spanish:0,100,Portuguese:30|English:70|Spanish:0,100,Portuguese:50|English:50|Spanish:0,100,18,4,Bachelor's,10,10,10,10,10,10,6,11,0,10,CEFR,C2,,,,,23,25,C1,intermediate|advanced,advanced|intermediate,cambridge_22_25_intermediate_advanced,4,18,random,,,,,,,,265.556640625,505.986328125,286.806640625,542.03125,5,5,,,,,,2026-08-09T14:42:39.026Z,8T7CGK8F,2026-08-09,2026-08-09,11:42:39,2026-08-09 11:42:39,,,,,,,,6986a6c5d1f10ba22361229e,6986a6c5d1f10ba22361229e,,,,
28537,raw_position_sample,2,3,adv,2,2,2,3,64, that ,523,282,507176.09999990463,6986a6c5d1f10ba22361229e,6986a6c5d1f10ba22361229e,advanced,2,6986a6c5d1f10ba22361229e,6986a6c5d1f10ba22361229e,spotlight_PROLIFIC,,39,Brazil,Portuguese,"English, Spanish",Spanish,Portuguese:50|English:50|Spanish:0,100,Portuguese:30|English:70|Spanish:0,100,Portuguese:50|English:50|Spanish:0,100,18,4,Bachelor's,10,10,10,10,10,10,6,11,0,10,CEFR,C2,,,,,23,25,C1,intermediate|advanced,advanced|intermediate,cambridge_22_25_intermediate_advanced,4,18,random,,,,,,,,265.556640625,505.986328125,286.806640625,542.03125,5,5,,,,,,2026-08-09T14:42:39.026Z,8T7CGK8F,2026-08-09,2026-08-09,11:42:39,2026-08-09 11:42:39,,,,,,,,6986a6c5d1f10ba22361229e,6986a6c5d1f10ba22361229e,,,,
28587,raw_position_sample,2,3,adv,2,2,2,3,64, that ,516,282,507226,6986a6c5d1f10ba22361229e,6986a6c5d1f10ba22361229e,advanced,2,6986a6c5d1f10ba22361229e,6986a6c5d1f10ba22361229e,spotlight_PROLIFIC,,39,Brazil,Portuguese,"English, Spanish",Spanish,Portuguese:50|English:50|Spanish:0,100,Portuguese:30|English:70|Spanish:0,100,Portuguese:50|English:50|Spanish:0,100,18,4,Bachelor's,10,10,10,10,10,10,6,11,0,10,CEFR,C2,,,,,23,25,C1,intermediate|advanced,advanced|intermediate,cambridge_22_25_intermediate_advanced,4,18,random,,,,,,,,265.556640625,505.986328125,286.806640625,542.03125,5,5,,,,,,2026-08-09T14:42:39.026Z,8T7CGK8F,2026-08-09,2026-08-09,11:42:39,2026-08-09 11:42:39,,,,,,,,6986a6c5d1f10ba22361229e,6986a6c5d1f10ba22361229e,,,,
28634,hover_association,2,3,adv,2,2,2,3,64, that ,539,284,,6986a6c5d1f10ba22361229e,6986a6c5d1f10ba22361229e,advanced,2,6986a6c5d1f10ba22361229e,6986a6c5d1f10ba22361229e,spotlight_PROLIFIC,,39,Brazil,Portuguese,"English, Spanish",Spanish,Portuguese:50|English:50|Spanish:0,100,Portuguese:30|English:70|Spanish:0,100,Portuguese:50|English:50|Spanish:0,100,18,4,Bachelor's,10,10,10,10,10,10,6,11,0,10,CEFR,C2,,,,,23,25,C1,intermediate|advanced,advanced|intermediate,cambridge_22_25_intermediate_advanced,4,18,random,,hover,233.40000009536743,233.40000009536743,0.028122460037930102,0.645458984375,159,256.181640625,505.986328125,296.181640625,542.03125,5,5,,,,,,2026-08-09T14:42:39.026Z,8T7CGK8F,2026-08-09,2026-08-09,11:42:39,2026-08-09 11:42:39,,,,,,,,6986a6c5d1f10ba22361229e,6986a6c5d1f10ba22361229e,,,,
28637,raw_position_sample,2,3,adv,2,2,2,3,63, is ,500,282,507276,6986a6c5d1f10ba22361229e,6986a6c5d1f10ba22361229e,advanced,2,6986a6c5d1f10ba22361229e,6986a6c5d1f10ba22361229e,spotlight_PROLIFIC,,39,Brazil,Portuguese,"English, Spanish",Spanish,Portuguese:50|English:50|Spanish:0,100,Portuguese:30|English:70|Spanish:0,100,Portuguese:50|English:50|Spanish:0,100,18,4,Bachelor's,10,10,10,10,10,10,6,11,0,10,CEFR,C2,,,,,23,25,C1,intermediate|advanced,advanced|intermediate,cambridge_22_25_intermediate_advanced,4,18,random,,,,,,,,265.556640625,490.087890625,286.806640625,505.986328125,5,4,,,,,,2026-08-09T14:42:39.026Z,8T7CGK8F,2026-08-09,2026-08-09,11:42:39,2026-08-09 11:42:39,,,,,,,,6986a6c5d1f10ba22361229e,6986a6c5d1f10ba22361229e,,,,
28651,hover_association,2,3,adv,2,2,2,3,63, is ,500,282,,6986a6c5d1f10ba22361229e,6986a6c5d1f10ba22361229e,advanced,2,6986a6c5d1f10ba22361229e,6986a6c5d1f10ba22361229e,spotlight_PROLIFIC,,39,Brazil,Portuguese,"English, Spanish",Spanish,Portuguese:50|English:50|Spanish:0,100,Portuguese:30|English:70|Spanish:0,100,Portuguese:50|English:50|Spanish:0,100,18,4,Bachelor's,10,10,10,10,10,10,6,11,0,10,CEFR,C2,,,,,23,25,C1,intermediate|advanced,advanced|intermediate,cambridge_22_25_intermediate_advanced,4,18,random,,hover,16.59999990463257,16.59999990463257,0.6234643734643734,0.645458984375,159,256.181640625,490.087890625,296.181640625,505.986328125,5,4,,,,,,2026-08-09T14:42:39.026Z,8T7CGK8F,2026-08-09,2026-08-09,11:42:39,2026-08-09 11:42:39,,,,,,,,6986a6c5d1f10ba22361229e,6986a6c5d1f10ba22361229e,,,,
28687,raw_position_sample,2,3,adv,2,2,2,3,62, premise ,479,282,507326.2000000477,6986a6c5d1f10ba22361229e,6986a6c5d1f10ba22361229e,advanced,2,6986a6c5d1f10ba22361229e,6986a6c5d1f10ba22361229e,spotlight_PROLIFIC,,39,Brazil,Portuguese,"English, Spanish",Spanish,Portuguese:50|English:50|Spanish:0,100,Portuguese:30|English:70|Spanish:0,100,Portuguese:50|English:50|Spanish:0,100,18,4,Bachelor's,10,10,10,10,10,10,6,11,0,10,CEFR,C2,,,,,23,25,C1,intermediate|advanced,advanced|intermediate,cambridge_22_25_intermediate_advanced,4,18,random,,,,,,,,265.556640625,423.359375,286.806640625,490.087890625,5,3,,,,,,2026-08-09T14:42:39.026Z,8T7CGK8F,2026-08-09,2026-08-09,11:42:39,2026-08-09 11:42:39,,,,,,,,6986a6c5d1f10ba22361229e,6986a6c5d1f10ba22361229e,,,,
28737,raw_position_sample,2,3,adv,2,2,2,3,62, premise ,464,282,507375.7999999523,6986a6c5d1f10ba22361229e,6986a6c5d1f10ba22361229e,advanced,2,6986a6c5d1f10ba22361229e,6986a6c5d1f10ba22361229e,spotlight_PROLIFIC,,39,Brazil,Portuguese,"English, Spanish",Spanish,Portuguese:50|English:50|Spanish:0,100,Portuguese:30|English:70|Spanish:0,100,Portuguese:50|English:50|Spanish:0,100,18,4,Bachelor's,10,10,10,10,10,10,6,11,0,10,CEFR,C2,,,,,23,25,C1,intermediate|advanced,advanced|intermediate,cambridge_22_25_intermediate_advanced,4,18,random,,,,,,,,265.556640625,423.359375,286.806640625,490.087890625,5,3,,,,,,2026-08-09T14:42:39.026Z,8T7CGK8F,2026-08-09,2026-08-09,11:42:39,2026-08-09 11:42:39,,,,,,,,6986a6c5d1f10ba22361229e,6986a6c5d1f10ba22361229e,,,,
28787,raw_position_sample,2,3,adv,2,2,2,3,62, premise ,449,282,507426.09999990463,6986a6c5d1f10ba22361229e,6986a6c5d1f10ba22361229e,advanced,2,6986a6c5d1f10ba22361229e,6986a6c5d1f10ba22361229e,spotlight_PROLIFIC,,39,Brazil,Portuguese,"English, Spanish",Spanish,Portuguese:50|English:50|Spanish:0,100,Portuguese:30|English:70|Spanish:0,100,Portuguese:50|English:50|Spanish:0,100,18,4,Bachelor's,10,10,10,10,10,10,6,11,0,10,CEFR,C2,,,,,23,25,C1,intermediate|advanced,advanced|intermediate,cambridge_22_25_intermediate_advanced,4,18,random,,,,,,,,265.556640625,423.359375,286.806640625,490.087890625,5,3,,,,,,2026-08-09T14:42:39.026Z,8T7CGK8F,2026-08-09,2026-08-09,11:42:39,2026-08-09 11:42:39,,,,,,,,6986a6c5d1f10ba22361229e,6986a6c5d1f10ba22361229e,,,,
28837,raw_position_sample,2,3,adv,2,2,2,3,62, premise ,433,282,507475.39999985695,6986a6c5d1f10ba22361229e,6986a6c5d1f10ba22361229e,advanced,2,6986a6c5d1f10ba22361229e,6986a6c5d1f10ba22361229e,spotlight_PROLIFIC,,39,Brazil,Portuguese,"English, Spanish",Spanish,Portuguese:50|English:50|Spanish:0,100,Portuguese:30|English:70|Spanish:0,100,Portuguese:50|English:50|Spanish:0,100,18,4,Bachelor's,10,10,10,10,10,10,6,11,0,10,CEFR,C2,,,,,23,25,C1,intermediate|advanced,advanced|intermediate,cambridge_22_25_intermediate_advanced,4,18,random,,,,,,,,265.556640625,423.359375,286.806640625,490.087890625,5,3,,,,,,2026-08-09T14:42:39.026Z,8T7CGK8F,2026-08-09,2026-08-09,11:42:39,2026-08-09 11:42:39,,,,,,,,6986a6c5d1f10ba22361229e,6986a6c5d1f10ba22361229e,,,,
28884,hover_association,2,3,adv,2,2,2,3,62, premise ,490,282,,6986a6c5d1f10ba22361229e,6986a6c5d1f10ba22361229e,advanced,2,6986a6c5d1f10ba22361229e,6986a6c5d1f10ba22361229e,spotlight_PROLIFIC,,39,Brazil,Portuguese,"English, Spanish",Spanish,Portuguese:50|English:50|Spanish:0,100,Portuguese:30|English:70|Spanish:0,100,Portuguese:50|English:50|Spanish:0,100,18,4,Bachelor's,10,10,10,10,10,10,6,11,0,10,CEFR,C2,,,,,23,25,C1,intermediate|advanced,advanced|intermediate,cambridge_22_25_intermediate_advanced,4,18,random,,hover,233.40000009536743,233.40000009536743,0.024586565198302355,0.645458984375,159,256.181640625,423.359375,296.181640625,490.087890625,5,3,,,,,,2026-08-09T14:42:39.026Z,8T7CGK8F,2026-08-09,2026-08-09,11:42:39,2026-08-09 11:42:39,,,,,,,,6986a6c5d1f10ba22361229e,6986a6c5d1f10ba22361229e,,,,
28887,raw_position_sample,2,3,adv,2,2,2,3,61, basic ,421,282,507526.2000000477,6986a6c5d1f10ba22361229e,6986a6c5d1f10ba22361229e,advanced,2,6986a6c5d1f10ba22361229e,6986a6c5d1f10ba22361229e,spotlight_PROLIFIC,,39,Brazil,Portuguese,"English, Spanish",Spanish,Portuguese:50|English:50|Spanish:0,100,Portuguese:30|English:70|Spanish:0,100,Portuguese:50|English:50|Spanish:0,100,18,4,Bachelor's,10,10,10,10,10,10,6,11,0,10,CEFR,C2,,,,,23,25,C1,intermediate|advanced,advanced|intermediate,cambridge_22_25_intermediate_advanced,4,18,random,,,,,,,,265.556640625,379.86328125,286.806640625,423.359375,5,2,,,,,,2026-08-09T14:42:39.026Z,8T7CGK8F,2026-08-09,2026-08-09,11:42:39,2026-08-09 11:42:39,,,,,,,,6986a6c5d1f10ba22361229e,6986a6c5d1f10ba22361229e,,,,
28937,raw_position_sample,2,3,adv,2,2,2,3,61, basic ,413,282,507575.7999999523,6986a6c5d1f10ba22361229e,6986a6c5d1f10ba22361229e,advanced,2,6986a6c5d1f10ba22361229e,6986a6c5d1f10ba22361229e,spotlight_PROLIFIC,,39,Brazil,Portuguese,"English, Spanish",Spanish,Portuguese:50|English:50|Spanish:0,100,Portuguese:30|English:70|Spanish:0,100,Portuguese:50|English:50|Spanish:0,100,18,4,Bachelor's,10,10,10,10,10,10,6,11,0,10,CEFR,C2,,,,,23,25,C1,intermediate|advanced,advanced|intermediate,cambridge_22_25_intermediate_advanced,4,18,random,,,,,,,,265.556640625,379.86328125,286.806640625,423.359375,5,2,,,,,,2026-08-09T14:42:39.026Z,8T7CGK8F,2026-08-09,2026-08-09,11:42:39,2026-08-09 11:42:39,,,,,,,,6986a6c5d1f10ba22361229e,6986a6c5d1f10ba22361229e,,,,
28987,raw_position_sample,2,3,adv,2,2,2,3,61, basic ,406,282,507625.7999999523,6986a6c5d1f10ba22361229e,6986a6c5d1f10ba22361229e,advanced,2,6986a6c5d1f10ba22361229e,6986a6c5d1f10ba22361229e,spotlight_PROLIFIC,,39,Brazil,Portuguese,"English, Spanish",Spanish,Portuguese:50|English:50|Spanish:0,100,Portuguese:30|English:70|Spanish:0,100,Portuguese:50|English:50|Spanish:0,100,18,4,Bachelor's,10,10,10,10,10,10,6,11,0,10,CEFR,C2,,,,,23,25,C1,intermediate|advanced,advanced|intermediate,cambridge_22_25_intermediate_advanced,4,18,random,,,,,,,,265.556640625,379.86328125,286.806640625,423.359375,5,2,,,,,,2026-08-09T14:42:39.026Z,8T7CGK8F,2026-08-09,2026-08-09,11:42:39,2026-08-09 11:42:39,,,,,,,,6986a6c5d1f10ba22361229e,6986a6c5d1f10ba22361229e,,,,
29037,raw_position_sample,2,3,adv,2,2,2,3,61, basic ,401,283,507675.7999999523,6986a6c5d1f10ba22361229e,6986a6c5d1f10ba22361229e,advanced,2,6986a6c5d1f10ba22361229e,6986a6c5d1f10ba22361229e,spotlight_PROLIFIC,,39,Brazil,Portuguese,"English, Spanish",Spanish,Portuguese:50|English:50|Spanish:0,100,Portuguese:30|English:70|Spanish:0,100,Portuguese:50|English:50|Spanish:0,100,18,4,Bachelor's,10,10,10,10,10,10,6,11,0,10,CEFR,C2,,,,,23,25,C1,intermediate|advanced,advanced|intermediate,cambridge_22_25_intermediate_advanced,4,18,random,,,,,,,,265.556640625,379.86328125,286.806640625,423.359375,5,2,,,,,,2026-08-09T14:42:39.026Z,8T7CGK8F,2026-08-09,2026-08-09,11:42:39,2026-08-09 11:42:39,,,,,,,,6986a6c5d1f10ba22361229e,6986a6c5d1f10ba22361229e,,,,
29087,raw_position_sample,2,3,adv,2,2,2,3,61, basic ,397,284,507726,6986a6c5d1f10ba22361229e,6986a6c5d1f10ba22361229e,advanced,2,6986a6c5d1f10ba22361229e,6986a6c5d1f10ba22361229e,spotlight_PROLIFIC,,39,Brazil,Portuguese,"English, Spanish",Spanish,Portuguese:50|English:50|Spanish:0,100,Portuguese:30|English:70|Spanish:0,100,Portuguese:50|English:50|Spanish:0,100,18,4,Bachelor's,10,10,10,10,10,10,6,11,0,10,CEFR,C2,,,,,23,25,C1,intermediate|advanced,advanced|intermediate,cambridge_22_25_intermediate_advanced,4,18,random,,,,,,,,265.556640625,379.86328125,286.806640625,423.359375,5,2,,,,,,2026-08-09T14:42:39.026Z,8T7CGK8F,2026-08-09,2026-08-09,11:42:39,2026-08-09 11:42:39,,,,,,,,6986a6c5d1f10ba22361229e,6986a6c5d1f10ba22361229e,,,,
29137,raw_position_sample,2,3,adv,2,2,2,3,61, basic ,390,284,507775.7999999523,6986a6c5d1f10ba22361229e,6986a6c5d1f10ba22361229e,advanced,2,6986a6c5d1f10ba22361229e,6986a6c5d1f10ba22361229e,spotlight_PROLIFIC,,39,Brazil,Portuguese,"English, Spanish",Spanish,Portuguese:50|English:50|Spanish:0,100,Portuguese:30|English:70|Spanish:0,100,Portuguese:50|English:50|Spanish:0,100,18,4,Bachelor's,10,10,10,10,10,10,6,11,0,10,CEFR,C2,,,,,23,25,C1,intermediate|advanced,advanced|intermediate,cambridge_22_25_intermediate_advanced,4,18,random,,,,,,,,265.556640625,379.86328125,286.806640625,423.359375,5,2,,,,,,2026-08-09T14:42:39.026Z,8T7CGK8F,2026-08-09,2026-08-09,11:42:39,2026-08-09 11:42:39,,,,,,,,6986a6c5d1f10ba22361229e,6986a6c5d1f10ba22361229e,,,,
29187,raw_position_sample,2,3,adv,2,2,2,3,61, basic ,380,284,507826.09999990463,6986a6c5d1f10ba22361229e,6986a6c5d1f10ba22361229e,advanced,2,6986a6c5d1f10ba22361229e,6986a6c5d1f10ba22361229e,spotlight_PROLIFIC,,39,Brazil,Portuguese,"English, Spanish",Spanish,Portuguese:50|English:50|Spanish:0,100,Portuguese:30|English:70|Spanish:0,100,Portuguese:50|English:50|Spanish:0,100,18,4,Bachelor's,10,10,10,10,10,10,6,11,0,10,CEFR,C2,,,,,23,25,C1,intermediate|advanced,advanced|intermediate,cambridge_22_25_intermediate_advanced,4,18,random,,,,,,,,265.556640625,379.86328125,286.806640625,423.359375,5,2,,,,,,2026-08-09T14:42:39.026Z,8T7CGK8F,2026-08-09,2026-08-09,11:42:39,2026-08-09 11:42:39,,,,,,,,6986a6c5d1f10ba22361229e,6986a6c5d1f10ba22361229e,,,,
29201,hover_association,2,3,adv,2,2,2,3,61, basic ,421,282,,6986a6c5d1f10ba22361229e,6986a6c5d1f10ba22361229e,advanced,2,6986a6c5d1f10ba22361229e,6986a6c5d1f10ba22361229e,spotlight_PROLIFIC,,39,Brazil,Portuguese,"English, Spanish",Spanish,Portuguese:50|English:50|Spanish:0,100,Portuguese:30|English:70|Spanish:0,100,Portuguese:50|English:50|Spanish:0,100,18,4,Bachelor's,10,10,10,10,10,10,6,11,0,10,CEFR,C2,,,,,23,25,C1,intermediate|advanced,advanced|intermediate,cambridge_22_25_intermediate_advanced,4,18,random,,hover,316.59999990463257,316.59999990463257,0.003143242029636282,0.695458984375,159,256.181640625,379.86328125,296.181640625,423.359375,5,2,,,,,,2026-08-09T14:42:39.026Z,8T7CGK8F,2026-08-09,2026-08-09,11:42:39,2026-08-09 11:42:39,,,,,,,,6986a6c5d1f10ba22361229e,6986a6c5d1f10ba22361229e,,,,
29237,raw_position_sample,2,3,adv,2,2,2,3,60, The ,364,286,507875.89999985695,6986a6c5d1f10ba22361229e,6986a6c5d1f10ba22361229e,advanced,2,6986a6c5d1f10ba22361229e,6986a6c5d1f10ba22361229e,spotlight_PROLIFIC,,39,Brazil,Portuguese,"English, Spanish",Spanish,Portuguese:50|English:50|Spanish:0,100,Portuguese:30|English:70|Spanish:0,100,Portuguese:50|English:50|Spanish:0,100,18,4,Bachelor's,10,10,10,10,10,10,6,11,0,10,CEFR,C2,,,,,23,25,C1,intermediate|advanced,advanced|intermediate,cambridge_22_25_intermediate_advanced,4,18,random,,,,,,,,265.556640625,346.328125,286.806640625,379.86328125,5,1,,,,,,2026-08-09T14:42:39.026Z,8T7CGK8F,2026-08-09,2026-08-09,11:42:39,2026-08-09 11:42:39,,,,,,,,6986a6c5d1f10ba22361229e,6986a6c5d1f10ba22361229e,,,,
29284,hover_association,2,3,adv,2,2,2,3,60, The ,376,285,,6986a6c5d1f10ba22361229e,6986a6c5d1f10ba22361229e,advanced,2,6986a6c5d1f10ba22361229e,6986a6c5d1f10ba22361229e,spotlight_PROLIFIC,,39,Brazil,Portuguese,"English, Spanish",Spanish,Portuguese:50|English:50|Spanish:0,100,Portuguese:30|English:70|Spanish:0,100,Portuguese:50|English:50|Spanish:0,100,18,4,Bachelor's,10,10,10,10,10,10,6,11,0,10,CEFR,C2,,,,,23,25,C1,intermediate|advanced,advanced|intermediate,cambridge_22_25_intermediate_advanced,4,18,random,,hover,83.30000019073486,83.30000019073486,0.1362312701858421,0.770458984375,159,256.181640625,342.974609375,296.181640625,379.86328125,5,1,,,,,,2026-08-09T14:42:39.026Z,8T7CGK8F,2026-08-09,2026-08-09,11:42:39,2026-08-09 11:42:39,,,,,,,,6986a6c5d1f10ba22361229e,6986a6c5d1f10ba22361229e,,,,
29286,raw_position_sample,2,3,adv,2,2,2,3,-1,999,342,287,507924.89999985695,6986a6c5d1f10ba22361229e,6986a6c5d1f10ba22361229e,advanced,2,6986a6c5d1f10ba22361229e,6986a6c5d1f10ba22361229e,spotlight_PROLIFIC,,39,Brazil,Portuguese,"English, Spanish",Spanish,Portuguese:50|English:50|Spanish:0,100,Portuguese:30|English:70|Spanish:0,100,Portuguese:50|English:50|Spanish:0,100,18,4,Bachelor's,10,10,10,10,10,10,6,11,0,10,CEFR,C2,,,,,23,25,C1,intermediate|advanced,advanced|intermediate,cambridge_22_25_intermediate_advanced,4,18,random,,,,,,,,,,,,,,,,,,,2026-08-09T14:42:39.026Z,8T7CGK8F,2026-08-09,2026-08-09,11:42:39,2026-08-09 11:42:39,,,,,,,,6986a6c5d1f10ba22361229e,6986a6c5d1f10ba22361229e,,,,
29336,raw_position_sample,2,3,adv,2,2,2,3,-1,999,327,287,507975.09999990463,6986a6c5d1f10ba22361229e,6986a6c5d1f10ba22361229e,advanced,2,6986a6c5d1f10ba22361229e,6986a6c5d1f10ba22361229e,spotlight_PROLIFIC,,39,Brazil,Portuguese,"English, Spanish",Spanish,Portuguese:50|English:50|Spanish:0,100,Portuguese:30|English:70|Spanish:0,100,Portuguese:50|English:50|Spanish:0,100,18,4,Bachelor's,10,10,10,10,10,10,6,11,0,10,CEFR,C2,,,,,23,25,C1,intermediate|advanced,advanced|intermediate,cambridge_22_25_intermediate_advanced,4,18,random,,,,,,,,,,,,,,,,,,,2026-08-09T14:42:39.026Z,8T7CGK8F,2026-08-09,2026-08-09,11:42:39,2026-08-09 11:42:39,,,,,,,,6986a6c5d1f10ba22361229e,6986a6c5d1f10ba22361229e,,,,
29387,raw_position_sample,2,3,adv,2,2,2,3,-1,999,323,287,508025.7000000477,6986a6c5d1f10ba22361229e,6986a6c5d1f10ba22361229e,advanced,2,6986a6c5d1f10ba22361229e,6986a6c5d1f10ba22361229e,spotlight_PROLIFIC,,39,Brazil,Portuguese,"English, Spanish",Spanish,Portuguese:50|English:50|Spanish:0,100,Portuguese:30|English:70|Spanish:0,100,Portuguese:50|English:50|Spanish:0,100,18,4,Bachelor's,10,10,10,10,10,10,6,11,0,10,CEFR,C2,,,,,23,25,C1,intermediate|advanced,advanced|intermediate,cambridge_22_25_intermediate_advanced,4,18,random,,,,,,,,,,,,,,,,,,,2026-08-09T14:42:39.026Z,8T7CGK8F,2026-08-09,2026-08-09,11:42:39,2026-08-09 11:42:39,,,,,,,,6986a6c5d1f10ba22361229e,6986a6c5d1f10ba22361229e,,,,
29437,raw_position_sample,2,3,adv,2,2,2,3,-1,999,322,287,508075.5,6986a6c5d1f10ba22361229e,6986a6c5d1f10ba22361229e,advanced,2,6986a6c5d1f10ba22361229e,6986a6c5d1f10ba22361229e,spotlight_PROLIFIC,,39,Brazil,Portuguese,"English, Spanish",Spanish,Portuguese:50|English:50|Spanish:0,100,Portuguese:30|English:70|Spanish:0,100,Portuguese:50|English:50|Spanish:0,100,18,4,Bachelor's,10,10,10,10,10,10,6,11,0,10,CEFR,C2,,,,,23,25,C1,intermediate|advanced,advanced|intermediate,cambridge_22_25_intermediate_advanced,4,18,random,,,,,,,,,,,,,,,,,,,2026-08-09T14:42:39.026Z,8T7CGK8F,2026-08-09,2026-08-09,11:42:39,2026-08-09 11:42:39,,,,,,,,6986a6c5d1f10ba22361229e,6986a6c5d1f10ba22361229e,,,,
29487,raw_position_sample,2,3,adv,2,2,2,3,-1,999,322,284,508126.2000000477,6986a6c5d1f10ba22361229e,6986a6c5d1f10ba22361229e,advanced,2,6986a6c5d1f10ba22361229e,6986a6c5d1f10ba22361229e,spotlight_PROLIFIC,,39,Brazil,Portuguese,"English, Spanish",Spanish,Portuguese:50|English:50|Spanish:0,100,Portuguese:30|English:70|Spanish:0,100,Portuguese:50|English:50|Spanish:0,100,18,4,Bachelor's,10,10,10,10,10,10,6,11,0,10,CEFR,C2,,,,,23,25,C1,intermediate|advanced,advanced|intermediate,cambridge_22_25_intermediate_advanced,4,18,random,,,,,,,,,,,,,,,,,,,2026-08-09T14:42:39.026Z,8T7CGK8F,2026-08-09,2026-08-09,11:42:39,2026-08-09 11:42:39,,,,,,,,6986a6c5d1f10ba22361229e,6986a6c5d1f10ba22361229e,,,,
29537,raw_position_sample,2,3,adv,2,2,2,3,-1,999,322,274,508176.2000000477,6986a6c5d1f10ba22361229e,6986a6c5d1f10ba22361229e,advanced,2,6986a6c5d1f10ba22361229e,6986a6c5d1f10ba22361229e,spotlight_PROLIFIC,,39,Brazil,Portuguese,"English, Spanish",Spanish,Portuguese:50|English:50|Spanish:0,100,Portuguese:30|English:70|Spanish:0,100,Portuguese:50|English:50|Spanish:0,100,18,4,Bachelor's,10,10,10,10,10,10,6,11,0,10,CEFR,C2,,,,,23,25,C1,intermediate|advanced,advanced|intermediate,cambridge_22_25_intermediate_advanced,4,18,random,,,,,,,,,,,,,,,,,,,2026-08-09T14:42:39.026Z,8T7CGK8F,2026-08-09,2026-08-09,11:42:39,2026-08-09 11:42:39,,,,,,,,6986a6c5d1f10ba22361229e,6986a6c5d1f10ba22361229e,,,,
29587,raw_position_sample,2,3,adv,2,2,2,3,-1,999,324,260,508225.7000000477,6986a6c5d1f10ba22361229e,6986a6c5d1f10ba22361229e,advanced,2,6986a6c5d1f10ba22361229e,6986a6c5d1f10ba22361229e,spotlight_PROLIFIC,,39,Brazil,Portuguese,"English, Spanish",Spanish,Portuguese:50|English:50|Spanish:0,100,Portuguese:30|English:70|Spanish:0,100,Portuguese:50|English:50|Spanish:0,100,18,4,Bachelor's,10,10,10,10,10,10,6,11,0,10,CEFR,C2,,,,,23,25,C1,intermediate|advanced,advanced|intermediate,cambridge_22_25_intermediate_advanced,4,18,random,,,,,,,,,,,,,,,,,,,2026-08-09T14:42:39.026Z,8T7CGK8F,2026-08-09,2026-08-09,11:42:39,2026-08-09 11:42:39,,,,,,,,6986a6c5d1f10ba22361229e,6986a6c5d1f10ba22361229e,,,,
29637,raw_position_sample,2,3,adv,2,2,2,3,-1,999,327,252,508275.7999999523,6986a6c5d1f10ba22361229e,6986a6c5d1f10ba22361229e,advanced,2,6986a6c5d1f10ba22361229e,6986a6c5d1f10ba22361229e,spotlight_PROLIFIC,,39,Brazil,Portuguese,"English, Spanish",Spanish,Portuguese:50|English:50|Spanish:0,100,Portuguese:30|English:70|Spanish:0,100,Portuguese:50|English:50|Spanish:0,100,18,4,Bachelor's,10,10,10,10,10,10,6,11,0,10,CEFR,C2,,,,,23,25,C1,intermediate|advanced,advanced|intermediate,cambridge_22_25_intermediate_advanced,4,18,random,,,,,,,,,,,,,,,,,,,2026-08-09T14:42:39.026Z,8T7CGK8F,2026-08-09,2026-08-09,11:42:39,2026-08-09 11:42:39,,,,,,,,6986a6c5d1f10ba22361229e,6986a6c5d1f10ba22361229e,,,,
29687,raw_position_sample,2,3,adv,2,2,2,3,-1,999,329,250,508325.59999990463,6986a6c5d1f10ba22361229e,6986a6c5d1f10ba22361229e,advanced,2,6986a6c5d1f10ba22361229e,6986a6c5d1f10ba22361229e,spotlight_PROLIFIC,,39,Brazil,Portuguese,"English, Spanish",Spanish,Portuguese:50|English:50|Spanish:0,100,Portuguese:30|English:70|Spanish:0,100,Portuguese:50|English:50|Spanish:0,100,18,4,Bachelor's,10,10,10,10,10,10,6,11,0,10,CEFR,C2,,,,,23,25,C1,intermediate|advanced,advanced|intermediate,cambridge_22_25_intermediate_advanced,4,18,random,,,,,,,,,,,,,,,,,,,2026-08-09T14:42:39.026Z,8T7CGK8F,2026-08-09,2026-08-09,11:42:39,2026-08-09 11:42:39,,,,,,,,6986a6c5d1f10ba22361229e,6986a6c5d1f10ba22361229e,,,,
29737,raw_position_sample,2,3,adv,2,2,2,3,-1,999,331,250,508375.59999990463,6986a6c5d1f10ba22361229e,6986a6c5d1f10ba22361229e,advanced,2,6986a6c5d1f10ba22361229e,6986a6c5d1f10ba22361229e,spotlight_PROLIFIC,,39,Brazil,Portuguese,"English, Spanish",Spanish,Portuguese:50|English:50|Spanish:0,100,Portuguese:30|English:70|Spanish:0,100,Portuguese:50|English:50|Spanish:0,100,18,4,Bachelor's,10,10,10,10,10,10,6,11,0,10,CEFR,C2,,,,,23,25,C1,intermediate|advanced,advanced|intermediate,cambridge_22_25_intermediate_advanced,4,18,random,,,,,,,,,,,,,,,,,,,2026-08-09T14:42:39.026Z,8T7CGK8F,2026-08-09,2026-08-09,11:42:39,2026-08-09 11:42:39,,,,,,,,6986a6c5d1f10ba22361229e,6986a6c5d1f10ba22361229e,,,,
29787,raw_position_sample,2,3,adv,2,2,2,3,-1,999,337,247,508425.89999985695,6986a6c5d1f10ba22361229e,6986a6c5d1f10ba22361229e,advanced,2,6986a6c5d1f10ba22361229e,6986a6c5d1f10ba22361229e,spotlight_PROLIFIC,,39,Brazil,Portuguese,"English, Spanish",Spanish,Portuguese:50|English:50|Spanish:0,100,Portuguese:30|English:70|Spanish:0,100,Portuguese:50|English:50|Spanish:0,100,18,4,Bachelor's,10,10,10,10,10,10,6,11,0,10,CEFR,C2,,,,,23,25,C1,intermediate|advanced,advanced|intermediate,cambridge_22_25_intermediate_advanced,4,18,random,,,,,,,,,,,,,,,,,,,2026-08-09T14:42:39.026Z,8T7CGK8F,2026-08-09,2026-08-09,11:42:39,2026-08-09 11:42:39,,,,,,,,6986a6c5d1f10ba22361229e,6986a6c5d1f10ba22361229e,,,,
29837,raw_position_sample,2,3,adv,2,2,2,3,48, the ,344,242,508475.89999985695,6986a6c5d1f10ba22361229e,6986a6c5d1f10ba22361229e,advanced,2,6986a6c5d1f10ba22361229e,6986a6c5d1f10ba22361229e,spotlight_PROLIFIC,,39,Brazil,Portuguese,"English, Spanish",Spanish,Portuguese:50|English:50|Spanish:0,100,Portuguese:30|English:70|Spanish:0,100,Portuguese:50|English:50|Spanish:0,100,18,4,Bachelor's,10,10,10,10,10,10,6,11,0,10,CEFR,C2,,,,,23,25,C1,intermediate|advanced,advanced|intermediate,cambridge_22_25_intermediate_advanced,4,18,random,,,,,,,,225.556640625,346.328125,246.806640625,375.95703125,4,1,,,,,,2026-08-09T14:42:39.026Z,8T7CGK8F,2026-08-09,2026-08-09,11:42:39,2026-08-09 11:42:39,,,,,,,,6986a6c5d1f10ba22361229e,6986a6c5d1f10ba22361229e,,,,
29887,raw_position_sample,2,3,adv,2,2,2,3,48, the ,346,240,508525.5,6986a6c5d1f10ba22361229e,6986a6c5d1f10ba22361229e,advanced,2,6986a6c5d1f10ba22361229e,6986a6c5d1f10ba22361229e,spotlight_PROLIFIC,,39,Brazil,Portuguese,"English, Spanish",Spanish,Portuguese:50|English:50|Spanish:0,100,Portuguese:30|English:70|Spanish:0,100,Portuguese:50|English:50|Spanish:0,100,18,4,Bachelor's,10,10,10,10,10,10,6,11,0,10,CEFR,C2,,,,,23,25,C1,intermediate|advanced,advanced|intermediate,cambridge_22_25_intermediate_advanced,4,18,random,,,,,,,,225.556640625,346.328125,246.806640625,375.95703125,4,1,,,,,,2026-08-09T14:42:39.026Z,8T7CGK8F,2026-08-09,2026-08-09,11:42:39,2026-08-09 11:42:39,,,,,,,,6986a6c5d1f10ba22361229e,6986a6c5d1f10ba22361229e,,,,
29937,raw_position_sample,2,3,adv,2,2,2,3,48, the ,347,240,508575.39999985695,6986a6c5d1f10ba22361229e,6986a6c5d1f10ba22361229e,advanced,2,6986a6c5d1f10ba22361229e,6986a6c5d1f10ba22361229e,spotlight_PROLIFIC,,39,Brazil,Portuguese,"English, Spanish",Spanish,Portuguese:50|English:50|Spanish:0,100,Portuguese:30|English:70|Spanish:0,100,Portuguese:50|English:50|Spanish:0,100,18,4,Bachelor's,10,10,10,10,10,10,6,11,0,10,CEFR,C2,,,,,23,25,C1,intermediate|advanced,advanced|intermediate,cambridge_22_25_intermediate_advanced,4,18,random,,,,,,,,225.556640625,346.328125,246.806640625,375.95703125,4,1,,,,,,2026-08-09T14:42:39.026Z,8T7CGK8F,2026-08-09,2026-08-09,11:42:39,2026-08-09 11:42:39,,,,,,,,6986a6c5d1f10ba22361229e,6986a6c5d1f10ba22361229e,,,,
29987,raw_position_sample,2,3,adv,2,2,2,3,48, the ,349,240,508625.7999999523,6986a6c5d1f10ba22361229e,6986a6c5d1f10ba22361229e,advanced,2,6986a6c5d1f10ba22361229e,6986a6c5d1f10ba22361229e,spotlight_PROLIFIC,,39,Brazil,Portuguese,"English, Spanish",Spanish,Portuguese:50|English:50|Spanish:0,100,Portuguese:30|English:70|Spanish:0,100,Portuguese:50|English:50|Spanish:0,100,18,4,Bachelor's,10,10,10,10,10,10,6,11,0,10,CEFR,C2,,,,,23,25,C1,intermediate|advanced,advanced|intermediate,cambridge_22_25_intermediate_advanced,4,18,random,,,,,,,,225.556640625,346.328125,246.806640625,375.95703125,4,1,,,,,,2026-08-09T14:42:39.026Z,8T7CGK8F,2026-08-09,2026-08-09,11:42:39,2026-08-09 11:42:39,,,,,,,,6986a6c5d1f10ba22361229e,6986a6c5d1f10ba22361229e,,,,
30037,raw_position_sample,2,3,adv,2,2,2,3,48, the ,359,240,508675.89999985695,6986a6c5d1f10ba22361229e,6986a6c5d1f10ba22361229e,advanced,2,6986a6c5d1f10ba22361229e,6986a6c5d1f10ba22361229e,spotlight_PROLIFIC,,39,Brazil,Portuguese,"English, Spanish",Spanish,Portuguese:50|English:50|Spanish:0,100,Portuguese:30|English:70|Spanish:0,100,Portuguese:50|English:50|Spanish:0,100,18,4,Bachelor's,10,10,10,10,10,10,6,11,0,10,CEFR,C2,,,,,23,25,C1,intermediate|advanced,advanced|intermediate,cambridge_22_25_intermediate_advanced,4,18,random,,,,,,,,225.556640625,346.328125,246.806640625,375.95703125,4,1,,,,,,2026-08-09T14:42:39.026Z,8T7CGK8F,2026-08-09,2026-08-09,11:42:39,2026-08-09 11:42:39,,,,,,,,6986a6c5d1f10ba22361229e,6986a6c5d1f10ba22361229e,,,,
30084,hover_association,2,3,adv,2,2,2,3,48, the ,343,243,,6986a6c5d1f10ba22361229e,6986a6c5d1f10ba22361229e,advanced,2,6986a6c5d1f10ba22361229e,6986a6c5d1f10ba22361229e,spotlight_PROLIFIC,,39,Brazil,Portuguese,"English, Spanish",Spanish,Portuguese:50|English:50|Spanish:0,100,Portuguese:30|English:70|Spanish:0,100,Portuguese:50|English:50|Spanish:0,100,18,4,Bachelor's,10,10,10,10,10,10,6,11,0,10,CEFR,C2,,,,,23,25,C1,intermediate|advanced,advanced|intermediate,cambridge_22_25_intermediate_advanced,4,18,random,,hover,266.60000014305115,266.60000014305115,0.9406644164149938,0.595458984375,159,216.181640625,342.974609375,256.181640625,375.95703125,4,1,,,,,,2026-08-09T14:42:39.026Z,8T7CGK8F,2026-08-09,2026-08-09,11:42:39,2026-08-09 11:42:39,,,,,,,,6986a6c5d1f10ba22361229e,6986a6c5d1f10ba22361229e,,,,
30087,raw_position_sample,2,3,adv,2,2,2,3,49, new ,382,240,508726.2000000477,6986a6c5d1f10ba22361229e,6986a6c5d1f10ba22361229e,advanced,2,6986a6c5d1f10ba22361229e,6986a6c5d1f10ba22361229e,spotlight_PROLIFIC,,39,Brazil,Portuguese,"English, Spanish",Spanish,Portuguese:50|English:50|Spanish:0,100,Portuguese:30|English:70|Spanish:0,100,Portuguese:50|English:50|Spanish:0,100,18,4,Bachelor's,10,10,10,10,10,10,6,11,0,10,CEFR,C2,,,,,23,25,C1,intermediate|advanced,advanced|intermediate,cambridge_22_25_intermediate_advanced,4,18,random,,,,,,,,225.556640625,375.95703125,246.806640625,412.666015625,4,2,,,,,,2026-08-09T14:42:39.026Z,8T7CGK8F,2026-08-09,2026-08-09,11:42:39,2026-08-09 11:42:39,,,,,,,,6986a6c5d1f10ba22361229e,6986a6c5d1f10ba22361229e,,,,
30137,raw_position_sample,2,3,adv,2,2,2,3,49, new ,401,240,508775.89999985695,6986a6c5d1f10ba22361229e,6986a6c5d1f10ba22361229e,advanced,2,6986a6c5d1f10ba22361229e,6986a6c5d1f10ba22361229e,spotlight_PROLIFIC,,39,Brazil,Portuguese,"English, Spanish",Spanish,Portuguese:50|English:50|Spanish:0,100,Portuguese:30|English:70|Spanish:0,100,Portuguese:50|English:50|Spanish:0,100,18,4,Bachelor's,10,10,10,10,10,10,6,11,0,10,CEFR,C2,,,,,23,25,C1,intermediate|advanced,advanced|intermediate,cambridge_22_25_intermediate_advanced,4,18,random,,,,,,,,225.556640625,375.95703125,246.806640625,412.666015625,4,2,,,,,,2026-08-09T14:42:39.026Z,8T7CGK8F,2026-08-09,2026-08-09,11:42:39,2026-08-09 11:42:39,,,,,,,,6986a6c5d1f10ba22361229e,6986a6c5d1f10ba22361229e,,,,
30187,raw_position_sample,2,3,adv,2,2,2,3,49, new ,412,238,508826.2000000477,6986a6c5d1f10ba22361229e,6986a6c5d1f10ba22361229e,advanced,2,6986a6c5d1f10ba22361229e,6986a6c5d1f10ba22361229e,spotlight_PROLIFIC,,39,Brazil,Portuguese,"English, Spanish",Spanish,Portuguese:50|English:50|Spanish:0,100,Portuguese:30|English:70|Spanish:0,100,Portuguese:50|English:50|Spanish:0,100,18,4,Bachelor's,10,10,10,10,10,10,6,11,0,10,CEFR,C2,,,,,23,25,C1,intermediate|advanced,advanced|intermediate,cambridge_22_25_intermediate_advanced,4,18,random,,,,,,,,225.556640625,375.95703125,246.806640625,412.666015625,4,2,,,,,,2026-08-09T14:42:39.026Z,8T7CGK8F,2026-08-09,2026-08-09,11:42:39,2026-08-09 11:42:39,,,,,,,,6986a6c5d1f10ba22361229e,6986a6c5d1f10ba22361229e,,,,
30201,hover_association,2,3,adv,2,2,2,3,49, new ,382,240,,6986a6c5d1f10ba22361229e,6986a6c5d1f10ba22361229e,advanced,2,6986a6c5d1f10ba22361229e,6986a6c5d1f10ba22361229e,spotlight_PROLIFIC,,39,Brazil,Portuguese,"English, Spanish",Spanish,Portuguese:50|English:50|Spanish:0,100,Portuguese:30|English:70|Spanish:0,100,Portuguese:50|English:50|Spanish:0,100,18,4,Bachelor's,10,10,10,10,10,10,6,11,0,10,CEFR,C2,,,,,23,25,C1,intermediate|advanced,advanced|intermediate,cambridge_22_25_intermediate_advanced,4,18,random,,hover,116.59999990463257,116.59999990463257,0.9818568768289438,0.545458984375,159,216.181640625,375.95703125,256.181640625,412.666015625,4,2,,,,,,2026-08-09T14:42:39.026Z,8T7CGK8F,2026-08-09,2026-08-09,11:42:39,2026-08-09 11:42:39,,,,,,,,6986a6c5d1f10ba22361229e,6986a6c5d1f10ba22361229e,,,,
30237,raw_position_sample,2,3,adv,2,2,2,3,50, method ,420,235,508875.89999985695,6986a6c5d1f10ba22361229e,6986a6c5d1f10ba22361229e,advanced,2,6986a6c5d1f10ba22361229e,6986a6c5d1f10ba22361229e,spotlight_PROLIFIC,,39,Brazil,Portuguese,"English, Spanish",Spanish,Portuguese:50|English:50|Spanish:0,100,Portuguese:30|English:70|Spanish:0,100,Portuguese:50|English:50|Spanish:0,100,18,4,Bachelor's,10,10,10,10,10,10,6,11,0,10,CEFR,C2,,,,,23,25,C1,intermediate|advanced,advanced|intermediate,cambridge_22_25_intermediate_advanced,4,18,random,,,,,,,,225.556640625,412.666015625,246.806640625,477.1484375,4,3,,,,,,2026-08-09T14:42:39.026Z,8T7CGK8F,2026-08-09,2026-08-09,11:42:39,2026-08-09 11:42:39,,,,,,,,6986a6c5d1f10ba22361229e,6986a6c5d1f10ba22361229e,,,,
30287,raw_position_sample,2,3,adv,2,2,2,3,50, method ,428,234,508926.09999990463,6986a6c5d1f10ba22361229e,6986a6c5d1f10ba22361229e,advanced,2,6986a6c5d1f10ba22361229e,6986a6c5d1f10ba22361229e,spotlight_PROLIFIC,,39,Brazil,Portuguese,"English, Spanish",Spanish,Portuguese:50|English:50|Spanish:0,100,Portuguese:30|English:70|Spanish:0,100,Portuguese:50|English:50|Spanish:0,100,18,4,Bachelor's,10,10,10,10,10,10,6,11,0,10,CEFR,C2,,,,,23,25,C1,intermediate|advanced,advanced|intermediate,cambridge_22_25_intermediate_advanced,4,18,random,,,,,,,,225.556640625,412.666015625,246.806640625,477.1484375,4,3,,,,,,2026-08-09T14:42:39.026Z,8T7CGK8F,2026-08-09,2026-08-09,11:42:39,2026-08-09 11:42:39,,,,,,,,6986a6c5d1f10ba22361229e,6986a6c5d1f10ba22361229e,,,,
30337,raw_position_sample,2,3,adv,2,2,2,3,50, method ,447,232,508976,6986a6c5d1f10ba22361229e,6986a6c5d1f10ba22361229e,advanced,2,6986a6c5d1f10ba22361229e,6986a6c5d1f10ba22361229e,spotlight_PROLIFIC,,39,Brazil,Portuguese,"English, Spanish",Spanish,Portuguese:50|English:50|Spanish:0,100,Portuguese:30|English:70|Spanish:0,100,Portuguese:50|English:50|Spanish:0,100,18,4,Bachelor's,10,10,10,10,10,10,6,11,0,10,CEFR,C2,,,,,23,25,C1,intermediate|advanced,advanced|intermediate,cambridge_22_25_intermediate_advanced,4,18,random,,,,,,,,225.556640625,412.666015625,246.806640625,477.1484375,4,3,,,,,,2026-08-09T14:42:39.026Z,8T7CGK8F,2026-08-09,2026-08-09,11:42:39,2026-08-09 11:42:39,,,,,,,,6986a6c5d1f10ba22361229e,6986a6c5d1f10ba22361229e,,,,
30387,raw_position_sample,2,3,adv,2,2,2,3,50, method ,458,231,509025.89999985695,6986a6c5d1f10ba22361229e,6986a6c5d1f10ba22361229e,advanced,2,6986a6c5d1f10ba22361229e,6986a6c5d1f10ba22361229e,spotlight_PROLIFIC,,39,Brazil,Portuguese,"English, Spanish",Spanish,Portuguese:50|English:50|Spanish:0,100,Portuguese:30|English:70|Spanish:0,100,Portuguese:50|English:50|Spanish:0,100,18,4,Bachelor's,10,10,10,10,10,10,6,11,0,10,CEFR,C2,,,,,23,25,C1,intermediate|advanced,advanced|intermediate,cambridge_22_25_intermediate_advanced,4,18,random,,,,,,,,225.556640625,412.666015625,246.806640625,477.1484375,4,3,,,,,,2026-08-09T14:42:39.026Z,8T7CGK8F,2026-08-09,2026-08-09,11:42:39,2026-08-09 11:42:39,,,,,,,,6986a6c5d1f10ba22361229e,6986a6c5d1f10ba22361229e,,,,
30437,raw_position_sample,2,3,adv,2,2,2,3,50, method ,463,231,509075.7000000477,6986a6c5d1f10ba22361229e,6986a6c5d1f10ba22361229e,advanced,2,6986a6c5d1f10ba22361229e,6986a6c5d1f10ba22361229e,spotlight_PROLIFIC,,39,Brazil,Portuguese,"English, Spanish",Spanish,Portuguese:50|English:50|Spanish:0,100,Portuguese:30|English:70|Spanish:0,100,Portuguese:50|English:50|Spanish:0,100,18,4,Bachelor's,10,10,10,10,10,10,6,11,0,10,CEFR,C2,,,,,23,25,C1,intermediate|advanced,advanced|intermediate,cambridge_22_25_intermediate_advanced,4,18,random,,,,,,,,225.556640625,412.666015625,246.806640625,477.1484375,4,3,,,,,,2026-08-09T14:42:39.026Z,8T7CGK8F,2026-08-09,2026-08-09,11:42:39,2026-08-09 11:42:39,,,,,,,,6986a6c5d1f10ba22361229e,6986a6c5d1f10ba22361229e,,,,
30487,raw_position_sample,2,3,adv,2,2,2,3,50, method ,468,231,509125.89999985695,6986a6c5d1f10ba22361229e,6986a6c5d1f10ba22361229e,advanced,2,6986a6c5d1f10ba22361229e,6986a6c5d1f10ba22361229e,spotlight_PROLIFIC,,39,Brazil,Portuguese,"English, Spanish",Spanish,Portuguese:50|English:50|Spanish:0,100,Portuguese:30|English:70|Spanish:0,100,Portuguese:50|English:50|Spanish:0,100,18,4,Bachelor's,10,10,10,10,10,10,6,11,0,10,CEFR,C2,,,,,23,25,C1,intermediate|advanced,advanced|intermediate,cambridge_22_25_intermediate_advanced,4,18,random,,,,,,,,225.556640625,412.666015625,246.806640625,477.1484375,4,3,,,,,,2026-08-09T14:42:39.026Z,8T7CGK8F,2026-08-09,2026-08-09,11:42:39,2026-08-09 11:42:39,,,,,,,,6986a6c5d1f10ba22361229e,6986a6c5d1f10ba22361229e,,,,
30534,hover_association,2,3,adv,2,2,2,3,50, method ,415,236,,6986a6c5d1f10ba22361229e,6986a6c5d1f10ba22361229e,advanced,2,6986a6c5d1f10ba22361229e,6986a6c5d1f10ba22361229e,spotlight_PROLIFIC,,39,Brazil,Portuguese,"English, Spanish",Spanish,Portuguese:50|English:50|Spanish:0,100,Portuguese:30|English:70|Spanish:0,100,Portuguese:50|English:50|Spanish:0,100,18,4,Bachelor's,10,10,10,10,10,10,6,11,0,10,CEFR,C2,,,,,23,25,C1,intermediate|advanced,advanced|intermediate,cambridge_22_25_intermediate_advanced,4,18,random,,hover,333.5,333.5,0.9666818112978949,0.370458984375,159,216.181640625,412.666015625,256.181640625,477.1484375,4,3,,,,,,2026-08-09T14:42:39.026Z,8T7CGK8F,2026-08-09,2026-08-09,11:42:39,2026-08-09 11:42:39,,,,,,,,6986a6c5d1f10ba22361229e,6986a6c5d1f10ba22361229e,,,,
30537,raw_position_sample,2,3,adv,2,2,2,3,51, developed ,479,231,509176.09999990463,6986a6c5d1f10ba22361229e,6986a6c5d1f10ba22361229e,advanced,2,6986a6c5d1f10ba22361229e,6986a6c5d1f10ba22361229e,spotlight_PROLIFIC,,39,Brazil,Portuguese,"English, Spanish",Spanish,Portuguese:50|English:50|Spanish:0,100,Portuguese:30|English:70|Spanish:0,100,Portuguese:50|English:50|Spanish:0,100,18,4,Bachelor's,10,10,10,10,10,10,6,11,0,10,CEFR,C2,,,,,23,25,C1,intermediate|advanced,advanced|intermediate,cambridge_22_25_intermediate_advanced,4,18,random,,,,,,,,225.556640625,477.1484375,246.806640625,562.34375,4,4,,,,,,2026-08-09T14:42:39.026Z,8T7CGK8F,2026-08-09,2026-08-09,11:42:39,2026-08-09 11:42:39,,,,,,,,6986a6c5d1f10ba22361229e,6986a6c5d1f10ba22361229e,,,,
30587,raw_position_sample,2,3,adv,2,2,2,3,51, developed ,497,231,509226,6986a6c5d1f10ba22361229e,6986a6c5d1f10ba22361229e,advanced,2,6986a6c5d1f10ba22361229e,6986a6c5d1f10ba22361229e,spotlight_PROLIFIC,,39,Brazil,Portuguese,"English, Spanish",Spanish,Portuguese:50|English:50|Spanish:0,100,Portuguese:30|English:70|Spanish:0,100,Portuguese:50|English:50|Spanish:0,100,18,4,Bachelor's,10,10,10,10,10,10,6,11,0,10,CEFR,C2,,,,,23,25,C1,intermediate|advanced,advanced|intermediate,cambridge_22_25_intermediate_advanced,4,18,random,,,,,,,,225.556640625,477.1484375,246.806640625,562.34375,4,4,,,,,,2026-08-09T14:42:39.026Z,8T7CGK8F,2026-08-09,2026-08-09,11:42:39,2026-08-09 11:42:39,,,,,,,,6986a6c5d1f10ba22361229e,6986a6c5d1f10ba22361229e,,,,
30637,raw_position_sample,2,3,adv,2,2,2,3,51, developed ,513,231,509275.7999999523,6986a6c5d1f10ba22361229e,6986a6c5d1f10ba22361229e,advanced,2,6986a6c5d1f10ba22361229e,6986a6c5d1f10ba22361229e,spotlight_PROLIFIC,,39,Brazil,Portuguese,"English, Spanish",Spanish,Portuguese:50|English:50|Spanish:0,100,Portuguese:30|English:70|Spanish:0,100,Portuguese:50|English:50|Spanish:0,100,18,4,Bachelor's,10,10,10,10,10,10,6,11,0,10,CEFR,C2,,,,,23,25,C1,intermediate|advanced,advanced|intermediate,cambridge_22_25_intermediate_advanced,4,18,random,,,,,,,,225.556640625,477.1484375,246.806640625,562.34375,4,4,,,,,,2026-08-09T14:42:39.026Z,8T7CGK8F,2026-08-09,2026-08-09,11:42:39,2026-08-09 11:42:39,,,,,,,,6986a6c5d1f10ba22361229e,6986a6c5d1f10ba22361229e,,,,
30687,raw_position_sample,2,3,adv,2,2,2,3,51, developed ,524,231,509326.09999990463,6986a6c5d1f10ba22361229e,6986a6c5d1f10ba22361229e,advanced,2,6986a6c5d1f10ba22361229e,6986a6c5d1f10ba22361229e,spotlight_PROLIFIC,,39,Brazil,Portuguese,"English, Spanish",Spanish,Portuguese:50|English:50|Spanish:0,100,Portuguese:30|English:70|Spanish:0,100,Portuguese:50|English:50|Spanish:0,100,18,4,Bachelor's,10,10,10,10,10,10,6,11,0,10,CEFR,C2,,,,,23,25,C1,intermediate|advanced,advanced|intermediate,cambridge_22_25_intermediate_advanced,4,18,random,,,,,,,,225.556640625,477.1484375,246.806640625,562.34375,4,4,,,,,,2026-08-09T14:42:39.026Z,8T7CGK8F,2026-08-09,2026-08-09,11:42:39,2026-08-09 11:42:39,,,,,,,,6986a6c5d1f10ba22361229e,6986a6c5d1f10ba22361229e,,,,
30737,raw_position_sample,2,3,adv,2,2,2,3,51, developed ,535,231,509376,6986a6c5d1f10ba22361229e,6986a6c5d1f10ba22361229e,advanced,2,6986a6c5d1f10ba22361229e,6986a6c5d1f10ba22361229e,spotlight_PROLIFIC,,39,Brazil,Portuguese,"English, Spanish",Spanish,Portuguese:50|English:50|Spanish:0,100,Portuguese:30|English:70|Spanish:0,100,Portuguese:50|English:50|Spanish:0,100,18,4,Bachelor's,10,10,10,10,10,10,6,11,0,10,CEFR,C2,,,,,23,25,C1,intermediate|advanced,advanced|intermediate,cambridge_22_25_intermediate_advanced,4,18,random,,,,,,,,225.556640625,477.1484375,246.806640625,562.34375,4,4,,,,,,2026-08-09T14:42:39.026Z,8T7CGK8F,2026-08-09,2026-08-09,11:42:39,2026-08-09 11:42:39,,,,,,,,6986a6c5d1f10ba22361229e,6986a6c5d1f10ba22361229e,,,,
30787,raw_position_sample,2,3,adv,2,2,2,3,51, developed ,551,231,509425.7999999523,6986a6c5d1f10ba22361229e,6986a6c5d1f10ba22361229e,advanced,2,6986a6c5d1f10ba22361229e,6986a6c5d1f10ba22361229e,spotlight_PROLIFIC,,39,Brazil,Portuguese,"English, Spanish",Spanish,Portuguese:50|English:50|Spanish:0,100,Portuguese:30|English:70|Spanish:0,100,Portuguese:50|English:50|Spanish:0,100,18,4,Bachelor's,10,10,10,10,10,10,6,11,0,10,CEFR,C2,,,,,23,25,C1,intermediate|advanced,advanced|intermediate,cambridge_22_25_intermediate_advanced,4,18,random,,,,,,,,225.556640625,477.1484375,246.806640625,562.34375,4,4,,,,,,2026-08-09T14:42:39.026Z,8T7CGK8F,2026-08-09,2026-08-09,11:42:39,2026-08-09 11:42:39,,,,,,,,6986a6c5d1f10ba22361229e,6986a6c5d1f10ba22361229e,,,,
30834,hover_association,2,3,adv,2,2,2,3,51, developed ,479,231,,6986a6c5d1f10ba22361229e,6986a6c5d1f10ba22361229e,advanced,2,6986a6c5d1f10ba22361229e,6986a6c5d1f10ba22361229e,spotlight_PROLIFIC,,39,Brazil,Portuguese,"English, Spanish",Spanish,Portuguese:50|English:50|Spanish:0,100,Portuguese:30|English:70|Spanish:0,100,Portuguese:50|English:50|Spanish:0,100,18,4,Bachelor's,10,10,10,10,10,10,6,11,0,10,CEFR,C2,,,,,23,25,C1,intermediate|advanced,advanced|intermediate,cambridge_22_25_intermediate_advanced,4,18,random,,hover,299.90000009536743,299.90000009536743,0.984227418615314,0.370458984375,159,216.181640625,477.1484375,256.181640625,562.34375,4,4,,,,,,2026-08-09T14:42:39.026Z,8T7CGK8F,2026-08-09,2026-08-09,11:42:39,2026-08-09 11:42:39,,,,,,,,6986a6c5d1f10ba22361229e,6986a6c5d1f10ba22361229e,,,,
30837,raw_position_sample,2,3,adv,2,2,2,3,52, by ,567,231,509476.2000000477,6986a6c5d1f10ba22361229e,6986a6c5d1f10ba22361229e,advanced,2,6986a6c5d1f10ba22361229e,6986a6c5d1f10ba22361229e,spotlight_PROLIFIC,,39,Brazil,Portuguese,"English, Spanish",Spanish,Portuguese:50|English:50|Spanish:0,100,Portuguese:30|English:70|Spanish:0,100,Portuguese:50|English:50|Spanish:0,100,18,4,Bachelor's,10,10,10,10,10,10,6,11,0,10,CEFR,C2,,,,,23,25,C1,intermediate|advanced,advanced|intermediate,cambridge_22_25_intermediate_advanced,4,18,random,,,,,,,,225.556640625,562.34375,246.806640625,584.86328125,4,5,,,,,,2026-08-09T14:42:39.026Z,8T7CGK8F,2026-08-09,2026-08-09,11:42:39,2026-08-09 11:42:39,,,,,,,,6986a6c5d1f10ba22361229e,6986a6c5d1f10ba22361229e,,,,
30887,raw_position_sample,2,3,adv,2,2,2,3,52, by ,578,231,509526,6986a6c5d1f10ba22361229e,6986a6c5d1f10ba22361229e,advanced,2,6986a6c5d1f10ba22361229e,6986a6c5d1f10ba22361229e,spotlight_PROLIFIC,,39,Brazil,Portuguese,"English, Spanish",Spanish,Portuguese:50|English:50|Spanish:0,100,Portuguese:30|English:70|Spanish:0,100,Portuguese:50|English:50|Spanish:0,100,18,4,Bachelor's,10,10,10,10,10,10,6,11,0,10,CEFR,C2,,,,,23,25,C1,intermediate|advanced,advanced|intermediate,cambridge_22_25_intermediate_advanced,4,18,random,,,,,,,,225.556640625,562.34375,246.806640625,584.86328125,4,5,,,,,,2026-08-09T14:42:39.026Z,8T7CGK8F,2026-08-09,2026-08-09,11:42:39,2026-08-09 11:42:39,,,,,,,,6986a6c5d1f10ba22361229e,6986a6c5d1f10ba22361229e,,,,
30918,hover_association,2,3,adv,2,2,2,3,52, by ,567,231,,6986a6c5d1f10ba22361229e,6986a6c5d1f10ba22361229e,advanced,2,6986a6c5d1f10ba22361229e,6986a6c5d1f10ba22361229e,spotlight_PROLIFIC,,39,Brazil,Portuguese,"English, Spanish",Spanish,Portuguese:50|English:50|Spanish:0,100,Portuguese:30|English:70|Spanish:0,100,Portuguese:50|English:50|Spanish:0,100,18,4,Bachelor's,10,10,10,10,10,10,6,11,0,10,CEFR,C2,,,,,23,25,C1,intermediate|advanced,advanced|intermediate,cambridge_22_25_intermediate_advanced,4,18,random,,hover,83.39999985694885,83.39999985694885,0.8728534258456201,0.370458984375,159,216.181640625,562.34375,256.181640625,584.86328125,4,5,,,,,,2026-08-09T14:42:39.026Z,8T7CGK8F,2026-08-09,2026-08-09,11:42:39,2026-08-09 11:42:39,,,,,,,,6986a6c5d1f10ba22361229e,6986a6c5d1f10ba22361229e,,,,
30937,raw_position_sample,2,3,adv,2,2,2,3,53, the ,592,231,509576,6986a6c5d1f10ba22361229e,6986a6c5d1f10ba22361229e,advanced,2,6986a6c5d1f10ba22361229e,6986a6c5d1f10ba22361229e,spotlight_PROLIFIC,,39,Brazil,Portuguese,"English, Spanish",Spanish,Portuguese:50|English:50|Spanish:0,100,Portuguese:30|English:70|Spanish:0,100,Portuguese:50|English:50|Spanish:0,100,18,4,Bachelor's,10,10,10,10,10,10,6,11,0,10,CEFR,C2,,,,,23,25,C1,intermediate|advanced,advanced|intermediate,cambridge_22_25_intermediate_advanced,4,18,random,,,,,,,,225.556640625,584.86328125,246.806640625,614.4921875,4,6,,,,,,2026-08-09T14:42:39.026Z,8T7CGK8F,2026-08-09,2026-08-09,11:42:39,2026-08-09 11:42:39,,,,,,,,6986a6c5d1f10ba22361229e,6986a6c5d1f10ba22361229e,,,,
30987,raw_position_sample,2,3,adv,2,2,2,3,53, the ,611,231,509626.09999990463,6986a6c5d1f10ba22361229e,6986a6c5d1f10ba22361229e,advanced,2,6986a6c5d1f10ba22361229e,6986a6c5d1f10ba22361229e,spotlight_PROLIFIC,,39,Brazil,Portuguese,"English, Spanish",Spanish,Portuguese:50|English:50|Spanish:0,100,Portuguese:30|English:70|Spanish:0,100,Portuguese:50|English:50|Spanish:0,100,18,4,Bachelor's,10,10,10,10,10,10,6,11,0,10,CEFR,C2,,,,,23,25,C1,intermediate|advanced,advanced|intermediate,cambridge_22_25_intermediate_advanced,4,18,random,,,,,,,,225.556640625,584.86328125,246.806640625,614.4921875,4,6,,,,,,2026-08-09T14:42:39.026Z,8T7CGK8F,2026-08-09,2026-08-09,11:42:39,2026-08-09 11:42:39,,,,,,,,6986a6c5d1f10ba22361229e,6986a6c5d1f10ba22361229e,,,,
31001,hover_association,2,3,adv,2,2,2,3,53, the ,586,231,,6986a6c5d1f10ba22361229e,6986a6c5d1f10ba22361229e,advanced,2,6986a6c5d1f10ba22361229e,6986a6c5d1f10ba22361229e,spotlight_PROLIFIC,,39,Brazil,Portuguese,"English, Spanish",Spanish,Portuguese:50|English:50|Spanish:0,100,Portuguese:30|English:70|Spanish:0,100,Portuguese:50|English:50|Spanish:0,100,18,4,Bachelor's,10,10,10,10,10,10,6,11,0,10,CEFR,C2,,,,,23,25,C1,intermediate|advanced,advanced|intermediate,cambridge_22_25_intermediate_advanced,4,18,random,,hover,83.29999995231628,83.29999995231628,0.8821357943309163,0.370458984375,159,216.181640625,584.86328125,256.181640625,614.4921875,4,6,,,,,,2026-08-09T14:42:39.026Z,8T7CGK8F,2026-08-09,2026-08-09,11:42:39,2026-08-09 11:42:39,,,,,,,,6986a6c5d1f10ba22361229e,6986a6c5d1f10ba22361229e,,,,
31037,raw_position_sample,2,3,adv,2,2,2,3,54, researchers ,632,231,509676,6986a6c5d1f10ba22361229e,6986a6c5d1f10ba22361229e,advanced,2,6986a6c5d1f10ba22361229e,6986a6c5d1f10ba22361229e,spotlight_PROLIFIC,,39,Brazil,Portuguese,"English, Spanish",Spanish,Portuguese:50|English:50|Spanish:0,100,Portuguese:30|English:70|Spanish:0,100,Portuguese:50|English:50|Spanish:0,100,18,4,Bachelor's,10,10,10,10,10,10,6,11,0,10,CEFR,C2,,,,,23,25,C1,intermediate|advanced,advanced|intermediate,cambridge_22_25_intermediate_advanced,4,18,random,,,,,,,,225.556640625,614.4921875,246.806640625,711.19140625,4,7,,,,,,2026-08-09T14:42:39.026Z,8T7CGK8F,2026-08-09,2026-08-09,11:42:39,2026-08-09 11:42:39,,,,,,,,6986a6c5d1f10ba22361229e,6986a6c5d1f10ba22361229e,,,,
31087,raw_position_sample,2,3,adv,2,2,2,3,54, researchers ,649,231,509725.7999999523,6986a6c5d1f10ba22361229e,6986a6c5d1f10ba22361229e,advanced,2,6986a6c5d1f10ba22361229e,6986a6c5d1f10ba22361229e,spotlight_PROLIFIC,,39,Brazil,Portuguese,"English, Spanish",Spanish,Portuguese:50|English:50|Spanish:0,100,Portuguese:30|English:70|Spanish:0,100,Portuguese:50|English:50|Spanish:0,100,18,4,Bachelor's,10,10,10,10,10,10,6,11,0,10,CEFR,C2,,,,,23,25,C1,intermediate|advanced,advanced|intermediate,cambridge_22_25_intermediate_advanced,4,18,random,,,,,,,,225.556640625,614.4921875,246.806640625,711.19140625,4,7,,,,,,2026-08-09T14:42:39.026Z,8T7CGK8F,2026-08-09,2026-08-09,11:42:39,2026-08-09 11:42:39,,,,,,,,6986a6c5d1f10ba22361229e,6986a6c5d1f10ba22361229e,,,,
31137,raw_position_sample,2,3,adv,2,2,2,3,54, researchers ,662,231,509776.09999990463,6986a6c5d1f10ba22361229e,6986a6c5d1f10ba22361229e,advanced,2,6986a6c5d1f10ba22361229e,6986a6c5d1f10ba22361229e,spotlight_PROLIFIC,,39,Brazil,Portuguese,"English, Spanish",Spanish,Portuguese:50|English:50|Spanish:0,100,Portuguese:30|English:70|Spanish:0,100,Portuguese:50|English:50|Spanish:0,100,18,4,Bachelor's,10,10,10,10,10,10,6,11,0,10,CEFR,C2,,,,,23,25,C1,intermediate|advanced,advanced|intermediate,cambridge_22_25_intermediate_advanced,4,18,random,,,,,,,,225.556640625,614.4921875,246.806640625,711.19140625,4,7,,,,,,2026-08-09T14:42:39.026Z,8T7CGK8F,2026-08-09,2026-08-09,11:42:39,2026-08-09 11:42:39,,,,,,,,6986a6c5d1f10ba22361229e,6986a6c5d1f10ba22361229e,,,,
31187,raw_position_sample,2,3,adv,2,2,2,3,54, researchers ,673,231,509826.09999990463,6986a6c5d1f10ba22361229e,6986a6c5d1f10ba22361229e,advanced,2,6986a6c5d1f10ba22361229e,6986a6c5d1f10ba22361229e,spotlight_PROLIFIC,,39,Brazil,Portuguese,"English, Spanish",Spanish,Portuguese:50|English:50|Spanish:0,100,Portuguese:30|English:70|Spanish:0,100,Portuguese:50|English:50|Spanish:0,100,18,4,Bachelor's,10,10,10,10,10,10,6,11,0,10,CEFR,C2,,,,,23,25,C1,intermediate|advanced,advanced|intermediate,cambridge_22_25_intermediate_advanced,4,18,random,,,,,,,,225.556640625,614.4921875,246.806640625,711.19140625,4,7,,,,,,2026-08-09T14:42:39.026Z,8T7CGK8F,2026-08-09,2026-08-09,11:42:39,2026-08-09 11:42:39,,,,,,,,6986a6c5d1f10ba22361229e,6986a6c5d1f10ba22361229e,,,,
31237,raw_position_sample,2,3,adv,2,2,2,3,54, researchers ,680,232,509876.09999990463,6986a6c5d1f10ba22361229e,6986a6c5d1f10ba22361229e,advanced,2,6986a6c5d1f10ba22361229e,6986a6c5d1f10ba22361229e,spotlight_PROLIFIC,,39,Brazil,Portuguese,"English, Spanish",Spanish,Portuguese:50|English:50|Spanish:0,100,Portuguese:30|English:70|Spanish:0,100,Portuguese:50|English:50|Spanish:0,100,18,4,Bachelor's,10,10,10,10,10,10,6,11,0,10,CEFR,C2,,,,,23,25,C1,intermediate|advanced,advanced|intermediate,cambridge_22_25_intermediate_advanced,4,18,random,,,,,,,,225.556640625,614.4921875,246.806640625,711.19140625,4,7,,,,,,2026-08-09T14:42:39.026Z,8T7CGK8F,2026-08-09,2026-08-09,11:42:39,2026-08-09 11:42:39,,,,,,,,6986a6c5d1f10ba22361229e,6986a6c5d1f10ba22361229e,,,,
31287,raw_position_sample,2,3,adv,2,2,2,3,54, researchers ,685,233,509926,6986a6c5d1f10ba22361229e,6986a6c5d1f10ba22361229e,advanced,2,6986a6c5d1f10ba22361229e,6986a6c5d1f10ba22361229e,spotlight_PROLIFIC,,39,Brazil,Portuguese,"English, Spanish",Spanish,Portuguese:50|English:50|Spanish:0,100,Portuguese:30|English:70|Spanish:0,100,Portuguese:50|English:50|Spanish:0,100,18,4,Bachelor's,10,10,10,10,10,10,6,11,0,10,CEFR,C2,,,,,23,25,C1,intermediate|advanced,advanced|intermediate,cambridge_22_25_intermediate_advanced,4,18,random,,,,,,,,225.556640625,614.4921875,246.806640625,711.19140625,4,7,,,,,,2026-08-09T14:42:39.026Z,8T7CGK8F,2026-08-09,2026-08-09,11:42:39,2026-08-09 11:42:39,,,,,,,,6986a6c5d1f10ba22361229e,6986a6c5d1f10ba22361229e,,,,
31337,raw_position_sample,2,3,adv,2,2,2,3,54, researchers ,693,235,509976.09999990463,6986a6c5d1f10ba22361229e,6986a6c5d1f10ba22361229e,advanced,2,6986a6c5d1f10ba22361229e,6986a6c5d1f10ba22361229e,spotlight_PROLIFIC,,39,Brazil,Portuguese,"English, Spanish",Spanish,Portuguese:50|English:50|Spanish:0,100,Portuguese:30|English:70|Spanish:0,100,Portuguese:50|English:50|Spanish:0,100,18,4,Bachelor's,10,10,10,10,10,10,6,11,0,10,CEFR,C2,,,,,23,25,C1,intermediate|advanced,advanced|intermediate,cambridge_22_25_intermediate_advanced,4,18,random,,,,,,,,225.556640625,614.4921875,246.806640625,711.19140625,4,7,,,,,,2026-08-09T14:42:39.026Z,8T7CGK8F,2026-08-09,2026-08-09,11:42:39,2026-08-09 11:42:39,,,,,,,,6986a6c5d1f10ba22361229e,6986a6c5d1f10ba22361229e,,,,
31387,raw_position_sample,2,3,adv,2,2,2,3,54, researchers ,707,238,510025.89999985695,6986a6c5d1f10ba22361229e,6986a6c5d1f10ba22361229e,advanced,2,6986a6c5d1f10ba22361229e,6986a6c5d1f10ba22361229e,spotlight_PROLIFIC,,39,Brazil,Portuguese,"English, Spanish",Spanish,Portuguese:50|English:50|Spanish:0,100,Portuguese:30|English:70|Spanish:0,100,Portuguese:50|English:50|Spanish:0,100,18,4,Bachelor's,10,10,10,10,10,10,6,11,0,10,CEFR,C2,,,,,23,25,C1,intermediate|advanced,advanced|intermediate,cambridge_22_25_intermediate_advanced,4,18,random,,,,,,,,225.556640625,614.4921875,246.806640625,711.19140625,4,7,,,,,,2026-08-09T14:42:39.026Z,8T7CGK8F,2026-08-09,2026-08-09,11:42:39,2026-08-09 11:42:39,,,,,,,,6986a6c5d1f10ba22361229e,6986a6c5d1f10ba22361229e,,,,
31401,hover_association,2,3,adv,2,2,2,3,54, researchers ,619,231,,6986a6c5d1f10ba22361229e,6986a6c5d1f10ba22361229e,advanced,2,6986a6c5d1f10ba22361229e,6986a6c5d1f10ba22361229e,spotlight_PROLIFIC,,39,Brazil,Portuguese,"English, Spanish",Spanish,Portuguese:50|English:50|Spanish:0,100,Portuguese:30|English:70|Spanish:0,100,Portuguese:50|English:50|Spanish:0,100,18,4,Bachelor's,10,10,10,10,10,10,6,11,0,10,CEFR,C2,,,,,23,25,C1,intermediate|advanced,advanced|intermediate,cambridge_22_25_intermediate_advanced,4,18,random,,hover,400,400,0.956655221167441,0.545458984375,159,216.181640625,614.4921875,256.181640625,711.19140625,4,7,,,,,,2026-08-09T14:42:39.026Z,8T7CGK8F,2026-08-09,2026-08-09,11:42:39,2026-08-09 11:42:39,,,,,,,,6986a6c5d1f10ba22361229e,6986a6c5d1f10ba22361229e,,,,
31437,raw_position_sample,2,3,adv,2,2,2,3,55, has ,722,240,510076.09999990463,6986a6c5d1f10ba22361229e,6986a6c5d1f10ba22361229e,advanced,2,6986a6c5d1f10ba22361229e,6986a6c5d1f10ba22361229e,spotlight_PROLIFIC,,39,Brazil,Portuguese,"English, Spanish",Spanish,Portuguese:50|English:50|Spanish:0,100,Portuguese:30|English:70|Spanish:0,100,Portuguese:50|English:50|Spanish:0,100,18,4,Bachelor's,10,10,10,10,10,10,6,11,0,10,CEFR,C2,,,,,23,25,C1,intermediate|advanced,advanced|intermediate,cambridge_22_25_intermediate_advanced,4,18,random,,,,,,,,225.556640625,711.19140625,246.806640625,741.62109375,4,8,,,,,,2026-08-09T14:42:39.026Z,8T7CGK8F,2026-08-09,2026-08-09,11:42:39,2026-08-09 11:42:39,,,,,,,,6986a6c5d1f10ba22361229e,6986a6c5d1f10ba22361229e,,,,
31487,raw_position_sample,2,3,adv,2,2,2,3,55, has ,733,241,510125.89999985695,6986a6c5d1f10ba22361229e,6986a6c5d1f10ba22361229e,advanced,2,6986a6c5d1f10ba22361229e,6986a6c5d1f10ba22361229e,spotlight_PROLIFIC,,39,Brazil,Portuguese,"English, Spanish",Spanish,Portuguese:50|English:50|Spanish:0,100,Portuguese:30|English:70|Spanish:0,100,Portuguese:50|English:50|Spanish:0,100,18,4,Bachelor's,10,10,10,10,10,10,6,11,0,10,CEFR,C2,,,,,23,25,C1,intermediate|advanced,advanced|intermediate,cambridge_22_25_intermediate_advanced,4,18,random,,,,,,,,225.556640625,711.19140625,246.806640625,741.62109375,4,8,,,,,,2026-08-09T14:42:39.026Z,8T7CGK8F,2026-08-09,2026-08-09,11:42:39,2026-08-09 11:42:39,,,,,,,,6986a6c5d1f10ba22361229e,6986a6c5d1f10ba22361229e,,,,
31534,hover_association,2,3,adv,2,2,2,3,55, has ,712,239,,6986a6c5d1f10ba22361229e,6986a6c5d1f10ba22361229e,advanced,2,6986a6c5d1f10ba22361229e,6986a6c5d1f10ba22361229e,spotlight_PROLIFIC,,39,Brazil,Portuguese,"English, Spanish",Spanish,Portuguese:50|English:50|Spanish:0,100,Portuguese:30|English:70|Spanish:0,100,Portuguese:50|English:50|Spanish:0,100,18,4,Bachelor's,10,10,10,10,10,10,6,11,0,10,CEFR,C2,,,,,23,25,C1,intermediate|advanced,advanced|intermediate,cambridge_22_25_intermediate_advanced,4,18,random,,hover,133.30000019073486,133.30000019073486,0.9138639281129654,0.620458984375,159,216.181640625,711.19140625,256.181640625,741.62109375,4,8,,,,,,2026-08-09T14:42:39.026Z,8T7CGK8F,2026-08-09,2026-08-09,11:42:39,2026-08-09 11:42:39,,,,,,,,6986a6c5d1f10ba22361229e,6986a6c5d1f10ba22361229e,,,,
31537,raw_position_sample,2,3,adv,2,2,2,3,56, performed ,742,241,510176.09999990463,6986a6c5d1f10ba22361229e,6986a6c5d1f10ba22361229e,advanced,2,6986a6c5d1f10ba22361229e,6986a6c5d1f10ba22361229e,spotlight_PROLIFIC,,39,Brazil,Portuguese,"English, Spanish",Spanish,Portuguese:50|English:50|Spanish:0,100,Portuguese:30|English:70|Spanish:0,100,Portuguese:50|English:50|Spanish:0,100,18,4,Bachelor's,10,10,10,10,10,10,6,11,0,10,CEFR,C2,,,,,23,25,C1,intermediate|advanced,advanced|intermediate,cambridge_22_25_intermediate_advanced,4,18,random,,,,,,,,225.556640625,741.62109375,246.806640625,829.326171875,4,9,,,,,,2026-08-09T14:42:39.026Z,8T7CGK8F,2026-08-09,2026-08-09,11:42:39,2026-08-09 11:42:39,,,,,,,,6986a6c5d1f10ba22361229e,6986a6c5d1f10ba22361229e,,,,
31587,raw_position_sample,2,3,adv,2,2,2,3,56, performed ,755,241,510225.7999999523,6986a6c5d1f10ba22361229e,6986a6c5d1f10ba22361229e,advanced,2,6986a6c5d1f10ba22361229e,6986a6c5d1f10ba22361229e,spotlight_PROLIFIC,,39,Brazil,Portuguese,"English, Spanish",Spanish,Portuguese:50|English:50|Spanish:0,100,Portuguese:30|English:70|Spanish:0,100,Portuguese:50|English:50|Spanish:0,100,18,4,Bachelor's,10,10,10,10,10,10,6,11,0,10,CEFR,C2,,,,,23,25,C1,intermediate|advanced,advanced|intermediate,cambridge_22_25_intermediate_advanced,4,18,random,,,,,,,,225.556640625,741.62109375,246.806640625,829.326171875,4,9,,,,,,2026-08-09T14:42:39.026Z,8T7CGK8F,2026-08-09,2026-08-09,11:42:39,2026-08-09 11:42:39,,,,,,,,6986a6c5d1f10ba22361229e,6986a6c5d1f10ba22361229e,,,,
31637,raw_position_sample,2,3,adv,2,2,2,3,56, performed ,777,241,510276.09999990463,6986a6c5d1f10ba22361229e,6986a6c5d1f10ba22361229e,advanced,2,6986a6c5d1f10ba22361229e,6986a6c5d1f10ba22361229e,spotlight_PROLIFIC,,39,Brazil,Portuguese,"English, Spanish",Spanish,Portuguese:50|English:50|Spanish:0,100,Portuguese:30|English:70|Spanish:0,100,Portuguese:50|English:50|Spanish:0,100,18,4,Bachelor's,10,10,10,10,10,10,6,11,0,10,CEFR,C2,,,,,23,25,C1,intermediate|advanced,advanced|intermediate,cambridge_22_25_intermediate_advanced,4,18,random,,,,,,,,225.556640625,741.62109375,246.806640625,829.326171875,4,9,,,,,,2026-08-09T14:42:39.026Z,8T7CGK8F,2026-08-09,2026-08-09,11:42:39,2026-08-09 11:42:39,,,,,,,,6986a6c5d1f10ba22361229e,6986a6c5d1f10ba22361229e,,,,
31687,raw_position_sample,2,3,adv,2,2,2,3,56, performed ,798,241,510326.09999990463,6986a6c5d1f10ba22361229e,6986a6c5d1f10ba22361229e,advanced,2,6986a6c5d1f10ba22361229e,6986a6c5d1f10ba22361229e,spotlight_PROLIFIC,,39,Brazil,Portuguese,"English, Spanish",Spanish,Portuguese:50|English:50|Spanish:0,100,Portuguese:30|English:70|Spanish:0,100,Portuguese:50|English:50|Spanish:0,100,18,4,Bachelor's,10,10,10,10,10,10,6,11,0,10,CEFR,C2,,,,,23,25,C1,intermediate|advanced,advanced|intermediate,cambridge_22_25_intermediate_advanced,4,18,random,,,,,,,,225.556640625,741.62109375,246.806640625,829.326171875,4,9,,,,,,2026-08-09T14:42:39.026Z,8T7CGK8F,2026-08-09,2026-08-09,11:42:39,2026-08-09 11:42:39,,,,,,,,6986a6c5d1f10ba22361229e,6986a6c5d1f10ba22361229e,,,,
31737,raw_position_sample,2,3,adv,2,2,2,3,56, performed ,811,241,510376,6986a6c5d1f10ba22361229e,6986a6c5d1f10ba22361229e,advanced,2,6986a6c5d1f10ba22361229e,6986a6c5d1f10ba22361229e,spotlight_PROLIFIC,,39,Brazil,Portuguese,"English, Spanish",Spanish,Portuguese:50|English:50|Spanish:0,100,Portuguese:30|English:70|Spanish:0,100,Portuguese:50|English:50|Spanish:0,100,18,4,Bachelor's,10,10,10,10,10,10,6,11,0,10,CEFR,C2,,,,,23,25,C1,intermediate|advanced,advanced|intermediate,cambridge_22_25_intermediate_advanced,4,18,random,,,,,,,,225.556640625,741.62109375,246.806640625,829.326171875,4,9,,,,,,2026-08-09T14:42:39.026Z,8T7CGK8F,2026-08-09,2026-08-09,11:42:39,2026-08-09 11:42:39,,,,,,,,6986a6c5d1f10ba22361229e,6986a6c5d1f10ba22361229e,,,,
31787,raw_position_sample,2,3,adv,2,2,2,3,56, performed ,819,241,510425.89999985695,6986a6c5d1f10ba22361229e,6986a6c5d1f10ba22361229e,advanced,2,6986a6c5d1f10ba22361229e,6986a6c5d1f10ba22361229e,spotlight_PROLIFIC,,39,Brazil,Portuguese,"English, Spanish",Spanish,Portuguese:50|English:50|Spanish:0,100,Portuguese:30|English:70|Spanish:0,100,Portuguese:50|English:50|Spanish:0,100,18,4,Bachelor's,10,10,10,10,10,10,6,11,0,10,CEFR,C2,,,,,23,25,C1,intermediate|advanced,advanced|intermediate,cambridge_22_25_intermediate_advanced,4,18,random,,,,,,,,225.556640625,741.62109375,246.806640625,829.326171875,4,9,,,,,,2026-08-09T14:42:39.026Z,8T7CGK8F,2026-08-09,2026-08-09,11:42:39,2026-08-09 11:42:39,,,,,,,,6986a6c5d1f10ba22361229e,6986a6c5d1f10ba22361229e,,,,
31837,raw_position_sample,2,3,adv,2,2,2,3,56, performed ,825,241,510476.09999990463,6986a6c5d1f10ba22361229e,6986a6c5d1f10ba22361229e,advanced,2,6986a6c5d1f10ba22361229e,6986a6c5d1f10ba22361229e,spotlight_PROLIFIC,,39,Brazil,Portuguese,"English, Spanish",Spanish,Portuguese:50|English:50|Spanish:0,100,Portuguese:30|English:70|Spanish:0,100,Portuguese:50|English:50|Spanish:0,100,18,4,Bachelor's,10,10,10,10,10,10,6,11,0,10,CEFR,C2,,,,,23,25,C1,intermediate|advanced,advanced|intermediate,cambridge_22_25_intermediate_advanced,4,18,random,,,,,,,,225.556640625,741.62109375,246.806640625,829.326171875,4,9,,,,,,2026-08-09T14:42:39.026Z,8T7CGK8F,2026-08-09,2026-08-09,11:42:39,2026-08-09 11:42:39,,,,,,,,6986a6c5d1f10ba22361229e,6986a6c5d1f10ba22361229e,,,,
31884,hover_association,2,3,adv,2,2,2,3,56, performed ,742,241,,6986a6c5d1f10ba22361229e,6986a6c5d1f10ba22361229e,advanced,2,6986a6c5d1f10ba22361229e,6986a6c5d1f10ba22361229e,spotlight_PROLIFIC,,39,Brazil,Portuguese,"English, Spanish",Spanish,Portuguese:50|English:50|Spanish:0,100,Portuguese:30|English:70|Spanish:0,100,Portuguese:50|English:50|Spanish:0,100,18,4,Bachelor's,10,10,10,10,10,10,6,11,0,10,CEFR,C2,,,,,23,25,C1,intermediate|advanced,advanced|intermediate,cambridge_22_25_intermediate_advanced,4,18,random,,hover,350,350,0.9962810377463535,0.620458984375,159,216.181640625,741.62109375,256.181640625,829.326171875,4,9,,,,,,2026-08-09T14:42:39.026Z,8T7CGK8F,2026-08-09,2026-08-09,11:42:39,2026-08-09 11:42:39,,,,,,,,6986a6c5d1f10ba22361229e,6986a6c5d1f10ba22361229e,,,,
31887,raw_position_sample,2,3,adv,2,2,2,3,57, well ,831,241,510525.89999985695,6986a6c5d1f10ba22361229e,6986a6c5d1f10ba22361229e,advanced,2,6986a6c5d1f10ba22361229e,6986a6c5d1f10ba22361229e,spotlight_PROLIFIC,,39,Brazil,Portuguese,"English, Spanish",Spanish,Portuguese:50|English:50|Spanish:0,100,Portuguese:30|English:70|Spanish:0,100,Portuguese:50|English:50|Spanish:0,100,18,4,Bachelor's,10,10,10,10,10,10,6,11,0,10,CEFR,C2,,,,,23,25,C1,intermediate|advanced,advanced|intermediate,cambridge_22_25_intermediate_advanced,4,18,random,,,,,,,,225.556640625,829.326171875,246.806640625,865.244140625,4,10,,,,,,2026-08-09T14:42:39.026Z,8T7CGK8F,2026-08-09,2026-08-09,11:42:39,2026-08-09 11:42:39,,,,,,,,6986a6c5d1f10ba22361229e,6986a6c5d1f10ba22361229e,,,,
31937,raw_position_sample,2,3,adv,2,2,2,3,57, well ,839,241,510575.7999999523,6986a6c5d1f10ba22361229e,6986a6c5d1f10ba22361229e,advanced,2,6986a6c5d1f10ba22361229e,6986a6c5d1f10ba22361229e,spotlight_PROLIFIC,,39,Brazil,Portuguese,"English, Spanish",Spanish,Portuguese:50|English:50|Spanish:0,100,Portuguese:30|English:70|Spanish:0,100,Portuguese:50|English:50|Spanish:0,100,18,4,Bachelor's,10,10,10,10,10,10,6,11,0,10,CEFR,C2,,,,,23,25,C1,intermediate|advanced,advanced|intermediate,cambridge_22_25_intermediate_advanced,4,18,random,,,,,,,,225.556640625,829.326171875,246.806640625,865.244140625,4,10,,,,,,2026-08-09T14:42:39.026Z,8T7CGK8F,2026-08-09,2026-08-09,11:42:39,2026-08-09 11:42:39,,,,,,,,6986a6c5d1f10ba22361229e,6986a6c5d1f10ba22361229e,,,,
31987,raw_position_sample,2,3,adv,2,2,2,3,57, well ,852,241,510625.89999985695,6986a6c5d1f10ba22361229e,6986a6c5d1f10ba22361229e,advanced,2,6986a6c5d1f10ba22361229e,6986a6c5d1f10ba22361229e,spotlight_PROLIFIC,,39,Brazil,Portuguese,"English, Spanish",Spanish,Portuguese:50|English:50|Spanish:0,100,Portuguese:30|English:70|Spanish:0,100,Portuguese:50|English:50|Spanish:0,100,18,4,Bachelor's,10,10,10,10,10,10,6,11,0,10,CEFR,C2,,,,,23,25,C1,intermediate|advanced,advanced|intermediate,cambridge_22_25_intermediate_advanced,4,18,random,,,,,,,,225.556640625,829.326171875,246.806640625,865.244140625,4,10,,,,,,2026-08-09T14:42:39.026Z,8T7CGK8F,2026-08-09,2026-08-09,11:42:39,2026-08-09 11:42:39,,,,,,,,6986a6c5d1f10ba22361229e,6986a6c5d1f10ba22361229e,,,,
32037,raw_position_sample,2,3,adv,2,2,2,3,57, well ,865,241,510675.89999985695,6986a6c5d1f10ba22361229e,6986a6c5d1f10ba22361229e,advanced,2,6986a6c5d1f10ba22361229e,6986a6c5d1f10ba22361229e,spotlight_PROLIFIC,,39,Brazil,Portuguese,"English, Spanish",Spanish,Portuguese:50|English:50|Spanish:0,100,Portuguese:30|English:70|Spanish:0,100,Portuguese:50|English:50|Spanish:0,100,18,4,Bachelor's,10,10,10,10,10,10,6,11,0,10,CEFR,C2,,,,,23,25,C1,intermediate|advanced,advanced|intermediate,cambridge_22_25_intermediate_advanced,4,18,random,,,,,,,,225.556640625,829.326171875,246.806640625,865.244140625,4,10,,,,,,2026-08-09T14:42:39.026Z,8T7CGK8F,2026-08-09,2026-08-09,11:42:39,2026-08-09 11:42:39,,,,,,,,6986a6c5d1f10ba22361229e,6986a6c5d1f10ba22361229e,,,,
32051,hover_association,2,3,adv,2,2,2,3,57, well ,831,241,,6986a6c5d1f10ba22361229e,6986a6c5d1f10ba22361229e,advanced,2,6986a6c5d1f10ba22361229e,6986a6c5d1f10ba22361229e,spotlight_PROLIFIC,,39,Brazil,Portuguese,"English, Spanish",Spanish,Portuguese:50|English:50|Spanish:0,100,Portuguese:30|English:70|Spanish:0,100,Portuguese:50|English:50|Spanish:0,100,18,4,Bachelor's,10,10,10,10,10,10,6,11,0,10,CEFR,C2,,,,,23,25,C1,intermediate|advanced,advanced|intermediate,cambridge_22_25_intermediate_advanced,4,18,random,,hover,166.59999990463257,166.59999990463257,0.9932028276237085,0.620458984375,159,216.181640625,829.326171875,256.181640625,865.244140625,4,10,,,,,,2026-08-09T14:42:39.026Z,8T7CGK8F,2026-08-09,2026-08-09,11:42:39,2026-08-09 11:42:39,,,,,,,,6986a6c5d1f10ba22361229e,6986a6c5d1f10ba22361229e,,,,
32087,raw_position_sample,2,3,adv,2,2,2,3,58, in ,877,242,510726.09999990463,6986a6c5d1f10ba22361229e,6986a6c5d1f10ba22361229e,advanced,2,6986a6c5d1f10ba22361229e,6986a6c5d1f10ba22361229e,spotlight_PROLIFIC,,39,Brazil,Portuguese,"English, Spanish",Spanish,Portuguese:50|English:50|Spanish:0,100,Portuguese:30|English:70|Spanish:0,100,Portuguese:50|English:50|Spanish:0,100,18,4,Bachelor's,10,10,10,10,10,10,6,11,0,10,CEFR,C2,,,,,23,25,C1,intermediate|advanced,advanced|intermediate,cambridge_22_25_intermediate_advanced,4,18,random,,,,,,,,225.556640625,865.244140625,246.806640625,883.33984375,4,11,,,,,,2026-08-09T14:42:39.026Z,8T7CGK8F,2026-08-09,2026-08-09,11:42:39,2026-08-09 11:42:39,,,,,,,,6986a6c5d1f10ba22361229e,6986a6c5d1f10ba22361229e,,,,
32117,hover_association,2,3,adv,2,2,2,3,58, in ,869,241,,6986a6c5d1f10ba22361229e,6986a6c5d1f10ba22361229e,advanced,2,6986a6c5d1f10ba22361229e,6986a6c5d1f10ba22361229e,spotlight_PROLIFIC,,39,Brazil,Portuguese,"English, Spanish",Spanish,Portuguese:50|English:50|Spanish:0,100,Portuguese:30|English:70|Spanish:0,100,Portuguese:50|English:50|Spanish:0,100,18,4,Bachelor's,10,10,10,10,10,10,6,11,0,10,CEFR,C2,,,,,23,25,C1,intermediate|advanced,advanced|intermediate,cambridge_22_25_intermediate_advanced,4,18,random,,hover,66.70000004768372,66.70000004768372,0.8154344306529951,0.645458984375,159,216.181640625,865.244140625,256.181640625,883.33984375,4,11,,,,,,2026-08-09T14:42:39.026Z,8T7CGK8F,2026-08-09,2026-08-09,11:42:39,2026-08-09 11:42:39,,,,,,,,6986a6c5d1f10ba22361229e,6986a6c5d1f10ba22361229e,,,,
32137,raw_position_sample,2,3,adv,2,2,2,3,59, experiments. ,887,243,510776,6986a6c5d1f10ba22361229e,6986a6c5d1f10ba22361229e,advanced,2,6986a6c5d1f10ba22361229e,6986a6c5d1f10ba22361229e,spotlight_PROLIFIC,,39,Brazil,Portuguese,"English, Spanish",Spanish,Portuguese:50|English:50|Spanish:0,100,Portuguese:30|English:70|Spanish:0,100,Portuguese:50|English:50|Spanish:0,100,18,4,Bachelor's,10,10,10,10,10,10,6,11,0,10,CEFR,C2,,,,,23,25,C1,intermediate|advanced,advanced|intermediate,cambridge_22_25_intermediate_advanced,4,18,random,,,,,,,,225.556640625,883.33984375,246.806640625,985.09765625,4,12,,,,,,2026-08-09T14:42:39.026Z,8T7CGK8F,2026-08-09,2026-08-09,11:42:39,2026-08-09 11:42:39,,,,,,,,6986a6c5d1f10ba22361229e,6986a6c5d1f10ba22361229e,,,,
32187,raw_position_sample,2,3,adv,2,2,2,3,59, experiments. ,897,243,510826.2000000477,6986a6c5d1f10ba22361229e,6986a6c5d1f10ba22361229e,advanced,2,6986a6c5d1f10ba22361229e,6986a6c5d1f10ba22361229e,spotlight_PROLIFIC,,39,Brazil,Portuguese,"English, Spanish",Spanish,Portuguese:50|English:50|Spanish:0,100,Portuguese:30|English:70|Spanish:0,100,Portuguese:50|English:50|Spanish:0,100,18,4,Bachelor's,10,10,10,10,10,10,6,11,0,10,CEFR,C2,,,,,23,25,C1,intermediate|advanced,advanced|intermediate,cambridge_22_25_intermediate_advanced,4,18,random,,,,,,,,225.556640625,883.33984375,246.806640625,985.09765625,4,12,,,,,,2026-08-09T14:42:39.026Z,8T7CGK8F,2026-08-09,2026-08-09,11:42:39,2026-08-09 11:42:39,,,,,,,,6986a6c5d1f10ba22361229e,6986a6c5d1f10ba22361229e,,,,
32237,raw_position_sample,2,3,adv,2,2,2,3,59, experiments. ,912,244,510876,6986a6c5d1f10ba22361229e,6986a6c5d1f10ba22361229e,advanced,2,6986a6c5d1f10ba22361229e,6986a6c5d1f10ba22361229e,spotlight_PROLIFIC,,39,Brazil,Portuguese,"English, Spanish",Spanish,Portuguese:50|English:50|Spanish:0,100,Portuguese:30|English:70|Spanish:0,100,Portuguese:50|English:50|Spanish:0,100,18,4,Bachelor's,10,10,10,10,10,10,6,11,0,10,CEFR,C2,,,,,23,25,C1,intermediate|advanced,advanced|intermediate,cambridge_22_25_intermediate_advanced,4,18,random,,,,,,,,225.556640625,883.33984375,246.806640625,985.09765625,4,12,,,,,,2026-08-09T14:42:39.026Z,8T7CGK8F,2026-08-09,2026-08-09,11:42:39,2026-08-09 11:42:39,,,,,,,,6986a6c5d1f10ba22361229e,6986a6c5d1f10ba22361229e,,,,
32287,raw_position_sample,2,3,adv,2,2,2,3,59, experiments. ,928,244,510925.7999999523,6986a6c5d1f10ba22361229e,6986a6c5d1f10ba22361229e,advanced,2,6986a6c5d1f10ba22361229e,6986a6c5d1f10ba22361229e,spotlight_PROLIFIC,,39,Brazil,Portuguese,"English, Spanish",Spanish,Portuguese:50|English:50|Spanish:0,100,Portuguese:30|English:70|Spanish:0,100,Portuguese:50|English:50|Spanish:0,100,18,4,Bachelor's,10,10,10,10,10,10,6,11,0,10,CEFR,C2,,,,,23,25,C1,intermediate|advanced,advanced|intermediate,cambridge_22_25_intermediate_advanced,4,18,random,,,,,,,,225.556640625,883.33984375,246.806640625,985.09765625,4,12,,,,,,2026-08-09T14:42:39.026Z,8T7CGK8F,2026-08-09,2026-08-09,11:42:39,2026-08-09 11:42:39,,,,,,,,6986a6c5d1f10ba22361229e,6986a6c5d1f10ba22361229e,,,,
32337,raw_position_sample,2,3,adv,2,2,2,3,59, experiments. ,943,241,510975.89999985695,6986a6c5d1f10ba22361229e,6986a6c5d1f10ba22361229e,advanced,2,6986a6c5d1f10ba22361229e,6986a6c5d1f10ba22361229e,spotlight_PROLIFIC,,39,Brazil,Portuguese,"English, Spanish",Spanish,Portuguese:50|English:50|Spanish:0,100,Portuguese:30|English:70|Spanish:0,100,Portuguese:50|English:50|Spanish:0,100,18,4,Bachelor's,10,10,10,10,10,10,6,11,0,10,CEFR,C2,,,,,23,25,C1,intermediate|advanced,advanced|intermediate,cambridge_22_25_intermediate_advanced,4,18,random,,,,,,,,225.556640625,883.33984375,246.806640625,985.09765625,4,12,,,,,,2026-08-09T14:42:39.026Z,8T7CGK8F,2026-08-09,2026-08-09,11:42:39,2026-08-09 11:42:39,,,,,,,,6986a6c5d1f10ba22361229e,6986a6c5d1f10ba22361229e,,,,
32387,raw_position_sample,2,3,adv,2,2,2,3,59, experiments. ,955,237,511026,6986a6c5d1f10ba22361229e,6986a6c5d1f10ba22361229e,advanced,2,6986a6c5d1f10ba22361229e,6986a6c5d1f10ba22361229e,spotlight_PROLIFIC,,39,Brazil,Portuguese,"English, Spanish",Spanish,Portuguese:50|English:50|Spanish:0,100,Portuguese:30|English:70|Spanish:0,100,Portuguese:50|English:50|Spanish:0,100,18,4,Bachelor's,10,10,10,10,10,10,6,11,0,10,CEFR,C2,,,,,23,25,C1,intermediate|advanced,advanced|intermediate,cambridge_22_25_intermediate_advanced,4,18,random,,,,,,,,225.556640625,883.33984375,246.806640625,985.09765625,4,12,,,,,,2026-08-09T14:42:39.026Z,8T7CGK8F,2026-08-09,2026-08-09,11:42:39,2026-08-09 11:42:39,,,,,,,,6986a6c5d1f10ba22361229e,6986a6c5d1f10ba22361229e,,,,
32437,raw_position_sample,2,3,adv,2,2,2,3,59, experiments. ,964,234,511075.89999985695,6986a6c5d1f10ba22361229e,6986a6c5d1f10ba22361229e,advanced,2,6986a6c5d1f10ba22361229e,6986a6c5d1f10ba22361229e,spotlight_PROLIFIC,,39,Brazil,Portuguese,"English, Spanish",Spanish,Portuguese:50|English:50|Spanish:0,100,Portuguese:30|English:70|Spanish:0,100,Portuguese:50|English:50|Spanish:0,100,18,4,Bachelor's,10,10,10,10,10,10,6,11,0,10,CEFR,C2,,,,,23,25,C1,intermediate|advanced,advanced|intermediate,cambridge_22_25_intermediate_advanced,4,18,random,,,,,,,,225.556640625,883.33984375,246.806640625,985.09765625,4,12,,,,,,2026-08-09T14:42:39.026Z,8T7CGK8F,2026-08-09,2026-08-09,11:42:39,2026-08-09 11:42:39,,,,,,,,6986a6c5d1f10ba22361229e,6986a6c5d1f10ba22361229e,,,,
32487,raw_position_sample,2,3,adv,2,2,2,3,59, experiments. ,975,231,511126.09999990463,6986a6c5d1f10ba22361229e,6986a6c5d1f10ba22361229e,advanced,2,6986a6c5d1f10ba22361229e,6986a6c5d1f10ba22361229e,spotlight_PROLIFIC,,39,Brazil,Portuguese,"English, Spanish",Spanish,Portuguese:50|English:50|Spanish:0,100,Portuguese:30|English:70|Spanish:0,100,Portuguese:50|English:50|Spanish:0,100,18,4,Bachelor's,10,10,10,10,10,10,6,11,0,10,CEFR,C2,,,,,23,25,C1,intermediate|advanced,advanced|intermediate,cambridge_22_25_intermediate_advanced,4,18,random,,,,,,,,225.556640625,883.33984375,246.806640625,985.09765625,4,12,,,,,,2026-08-09T14:42:39.026Z,8T7CGK8F,2026-08-09,2026-08-09,11:42:39,2026-08-09 11:42:39,,,,,,,,6986a6c5d1f10ba22361229e,6986a6c5d1f10ba22361229e,,,,
32537,raw_position_sample,2,3,adv,2,2,2,3,59, experiments. ,985,226,511175.89999985695,6986a6c5d1f10ba22361229e,6986a6c5d1f10ba22361229e,advanced,2,6986a6c5d1f10ba22361229e,6986a6c5d1f10ba22361229e,spotlight_PROLIFIC,,39,Brazil,Portuguese,"English, Spanish",Spanish,Portuguese:50|English:50|Spanish:0,100,Portuguese:30|English:70|Spanish:0,100,Portuguese:50|English:50|Spanish:0,100,18,4,Bachelor's,10,10,10,10,10,10,6,11,0,10,CEFR,C2,,,,,23,25,C1,intermediate|advanced,advanced|intermediate,cambridge_22_25_intermediate_advanced,4,18,random,,,,,,,,225.556640625,883.33984375,246.806640625,985.09765625,4,12,,,,,,2026-08-09T14:42:39.026Z,8T7CGK8F,2026-08-09,2026-08-09,11:42:39,2026-08-09 11:42:39,,,,,,,,6986a6c5d1f10ba22361229e,6986a6c5d1f10ba22361229e,,,,
32587,raw_position_sample,2,3,adv,2,2,2,3,59, experiments. ,988,222,511226.09999990463,6986a6c5d1f10ba22361229e,6986a6c5d1f10ba22361229e,advanced,2,6986a6c5d1f10ba22361229e,6986a6c5d1f10ba22361229e,spotlight_PROLIFIC,,39,Brazil,Portuguese,"English, Spanish",Spanish,Portuguese:50|English:50|Spanish:0,100,Portuguese:30|English:70|Spanish:0,100,Portuguese:50|English:50|Spanish:0,100,18,4,Bachelor's,10,10,10,10,10,10,6,11,0,10,CEFR,C2,,,,,23,25,C1,intermediate|advanced,advanced|intermediate,cambridge_22_25_intermediate_advanced,4,18,random,,,,,,,,225.556640625,883.33984375,246.806640625,985.09765625,4,12,,,,,,2026-08-09T14:42:39.026Z,8T7CGK8F,2026-08-09,2026-08-09,11:42:39,2026-08-09 11:42:39,,,,,,,,6986a6c5d1f10ba22361229e,6986a6c5d1f10ba22361229e,,,,
32601,hover_association,2,3,adv,2,2,2,3,59, experiments. ,884,242,,6986a6c5d1f10ba22361229e,6986a6c5d1f10ba22361229e,advanced,2,6986a6c5d1f10ba22361229e,6986a6c5d1f10ba22361229e,spotlight_PROLIFIC,,39,Brazil,Portuguese,"English, Spanish",Spanish,Portuguese:50|English:50|Spanish:0,100,Portuguese:30|English:70|Spanish:0,100,Portuguese:50|English:50|Spanish:0,100,18,4,Bachelor's,10,10,10,10,10,10,6,11,0,10,CEFR,C2,,,,,23,25,C1,intermediate|advanced,advanced|intermediate,cambridge_22_25_intermediate_advanced,4,18,random,,hover,483.2999999523163,483.2999999523163,0.9957076760131557,0.145458984375,159,216.181640625,883.33984375,256.181640625,988.451171875,4,12,,,,,,2026-08-09T14:42:39.026Z,8T7CGK8F,2026-08-09,2026-08-09,11:42:39,2026-08-09 11:42:39,,,,,,,,6986a6c5d1f10ba22361229e,6986a6c5d1f10ba22361229e,,,,
32636,raw_position_sample,2,3,adv,2,2,2,3,-1,999,989,218,511275.2000000477,6986a6c5d1f10ba22361229e,6986a6c5d1f10ba22361229e,advanced,2,6986a6c5d1f10ba22361229e,6986a6c5d1f10ba22361229e,spotlight_PROLIFIC,,39,Brazil,Portuguese,"English, Spanish",Spanish,Portuguese:50|English:50|Spanish:0,100,Portuguese:30|English:70|Spanish:0,100,Portuguese:50|English:50|Spanish:0,100,18,4,Bachelor's,10,10,10,10,10,10,6,11,0,10,CEFR,C2,,,,,23,25,C1,intermediate|advanced,advanced|intermediate,cambridge_22_25_intermediate_advanced,4,18,random,,,,,,,,,,,,,,,,,,,2026-08-09T14:42:39.026Z,8T7CGK8F,2026-08-09,2026-08-09,11:42:39,2026-08-09 11:42:39,,,,,,,,6986a6c5d1f10ba22361229e,6986a6c5d1f10ba22361229e,,,,
32687,raw_position_sample,2,3,adv,2,2,2,3,47," contrast, ",989,212,511325.39999985695,6986a6c5d1f10ba22361229e,6986a6c5d1f10ba22361229e,advanced,2,6986a6c5d1f10ba22361229e,6986a6c5d1f10ba22361229e,spotlight_PROLIFIC,,39,Brazil,Portuguese,"English, Spanish",Spanish,Portuguese:50|English:50|Spanish:0,100,Portuguese:30|English:70|Spanish:0,100,Portuguese:50|English:50|Spanish:0,100,18,4,Bachelor's,10,10,10,10,10,10,6,11,0,10,CEFR,C2,,,,,23,25,C1,intermediate|advanced,advanced|intermediate,cambridge_22_25_intermediate_advanced,4,18,random,,,,,,,,185.556640625,928.876953125,206.806640625,998.3984375,3,13,,,,,,2026-08-09T14:42:39.026Z,8T7CGK8F,2026-08-09,2026-08-09,11:42:39,2026-08-09 11:42:39,,,,,,,,6986a6c5d1f10ba22361229e,6986a6c5d1f10ba22361229e,,,,
32737,raw_position_sample,2,3,adv,2,2,2,3,47," contrast, ",985,207,511376.09999990463,6986a6c5d1f10ba22361229e,6986a6c5d1f10ba22361229e,advanced,2,6986a6c5d1f10ba22361229e,6986a6c5d1f10ba22361229e,spotlight_PROLIFIC,,39,Brazil,Portuguese,"English, Spanish",Spanish,Portuguese:50|English:50|Spanish:0,100,Portuguese:30|English:70|Spanish:0,100,Portuguese:50|English:50|Spanish:0,100,18,4,Bachelor's,10,10,10,10,10,10,6,11,0,10,CEFR,C2,,,,,23,25,C1,intermediate|advanced,advanced|intermediate,cambridge_22_25_intermediate_advanced,4,18,random,,,,,,,,185.556640625,928.876953125,206.806640625,998.3984375,3,13,,,,,,2026-08-09T14:42:39.026Z,8T7CGK8F,2026-08-09,2026-08-09,11:42:39,2026-08-09 11:42:39,,,,,,,,6986a6c5d1f10ba22361229e,6986a6c5d1f10ba22361229e,,,,
32787,raw_position_sample,2,3,adv,2,2,2,3,47," contrast, ",980,205,511426,6986a6c5d1f10ba22361229e,6986a6c5d1f10ba22361229e,advanced,2,6986a6c5d1f10ba22361229e,6986a6c5d1f10ba22361229e,spotlight_PROLIFIC,,39,Brazil,Portuguese,"English, Spanish",Spanish,Portuguese:50|English:50|Spanish:0,100,Portuguese:30|English:70|Spanish:0,100,Portuguese:50|English:50|Spanish:0,100,18,4,Bachelor's,10,10,10,10,10,10,6,11,0,10,CEFR,C2,,,,,23,25,C1,intermediate|advanced,advanced|intermediate,cambridge_22_25_intermediate_advanced,4,18,random,,,,,,,,185.556640625,928.876953125,206.806640625,998.3984375,3,13,,,,,,2026-08-09T14:42:39.026Z,8T7CGK8F,2026-08-09,2026-08-09,11:42:39,2026-08-09 11:42:39,,,,,,,,6986a6c5d1f10ba22361229e,6986a6c5d1f10ba22361229e,,,,
32837,raw_position_sample,2,3,adv,2,2,2,3,47," contrast, ",968,203,511476,6986a6c5d1f10ba22361229e,6986a6c5d1f10ba22361229e,advanced,2,6986a6c5d1f10ba22361229e,6986a6c5d1f10ba22361229e,spotlight_PROLIFIC,,39,Brazil,Portuguese,"English, Spanish",Spanish,Portuguese:50|English:50|Spanish:0,100,Portuguese:30|English:70|Spanish:0,100,Portuguese:50|English:50|Spanish:0,100,18,4,Bachelor's,10,10,10,10,10,10,6,11,0,10,CEFR,C2,,,,,23,25,C1,intermediate|advanced,advanced|intermediate,cambridge_22_25_intermediate_advanced,4,18,random,,,,,,,,185.556640625,928.876953125,206.806640625,998.3984375,3,13,,,,,,2026-08-09T14:42:39.026Z,8T7CGK8F,2026-08-09,2026-08-09,11:42:39,2026-08-09 11:42:39,,,,,,,,6986a6c5d1f10ba22361229e,6986a6c5d1f10ba22361229e,,,,
32886,raw_position_sample,2,3,adv,2,2,2,3,47," contrast, ",950,202,511525.2999999523,6986a6c5d1f10ba22361229e,6986a6c5d1f10ba22361229e,advanced,2,6986a6c5d1f10ba22361229e,6986a6c5d1f10ba22361229e,spotlight_PROLIFIC,,39,Brazil,Portuguese,"English, Spanish",Spanish,Portuguese:50|English:50|Spanish:0,100,Portuguese:30|English:70|Spanish:0,100,Portuguese:50|English:50|Spanish:0,100,18,4,Bachelor's,10,10,10,10,10,10,6,11,0,10,CEFR,C2,,,,,23,25,C1,intermediate|advanced,advanced|intermediate,cambridge_22_25_intermediate_advanced,4,18,random,,,,,,,,185.556640625,928.876953125,206.806640625,998.3984375,3,13,,,,,,2026-08-09T14:42:39.026Z,8T7CGK8F,2026-08-09,2026-08-09,11:42:39,2026-08-09 11:42:39,,,,,,,,6986a6c5d1f10ba22361229e,6986a6c5d1f10ba22361229e,,,,
32937,raw_position_sample,2,3,adv,2,2,2,3,47," contrast, ",934,201,511575.89999985695,6986a6c5d1f10ba22361229e,6986a6c5d1f10ba22361229e,advanced,2,6986a6c5d1f10ba22361229e,6986a6c5d1f10ba22361229e,spotlight_PROLIFIC,,39,Brazil,Portuguese,"English, Spanish",Spanish,Portuguese:50|English:50|Spanish:0,100,Portuguese:30|English:70|Spanish:0,100,Portuguese:50|English:50|Spanish:0,100,18,4,Bachelor's,10,10,10,10,10,10,6,11,0,10,CEFR,C2,,,,,23,25,C1,intermediate|advanced,advanced|intermediate,cambridge_22_25_intermediate_advanced,4,18,random,,,,,,,,185.556640625,928.876953125,206.806640625,998.3984375,3,13,,,,,,2026-08-09T14:42:39.026Z,8T7CGK8F,2026-08-09,2026-08-09,11:42:39,2026-08-09 11:42:39,,,,,,,,6986a6c5d1f10ba22361229e,6986a6c5d1f10ba22361229e,,,,
32968,hover_association,2,3,adv,2,2,2,3,47," contrast, ",989,216,,6986a6c5d1f10ba22361229e,6986a6c5d1f10ba22361229e,advanced,2,6986a6c5d1f10ba22361229e,6986a6c5d1f10ba22361229e,spotlight_PROLIFIC,,39,Brazil,Portuguese,"English, Spanish",Spanish,Portuguese:50|English:50|Spanish:0,100,Portuguese:30|English:70|Spanish:0,100,Portuguese:50|English:50|Spanish:0,100,18,4,Bachelor's,10,10,10,10,10,10,6,11,0,10,CEFR,C2,,,,,23,25,C1,intermediate|advanced,advanced|intermediate,cambridge_22_25_intermediate_advanced,4,18,random,,hover,316.7999999523163,316.7999999523163,0.0016884648370497427,0.620458984375,159,176.181640625,928.876953125,216.181640625,1001.751953125,3,13,,,,,,2026-08-09T14:42:39.026Z,8T7CGK8F,2026-08-09,2026-08-09,11:42:39,2026-08-09 11:42:39,,,,,,,,6986a6c5d1f10ba22361229e,6986a6c5d1f10ba22361229e,,,,
32986,raw_position_sample,2,3,adv,2,2,2,3,46, By ,916,201,511625.2999999523,6986a6c5d1f10ba22361229e,6986a6c5d1f10ba22361229e,advanced,2,6986a6c5d1f10ba22361229e,6986a6c5d1f10ba22361229e,spotlight_PROLIFIC,,39,Brazil,Portuguese,"English, Spanish",Spanish,Portuguese:50|English:50|Spanish:0,100,Portuguese:30|English:70|Spanish:0,100,Portuguese:50|English:50|Spanish:0,100,18,4,Bachelor's,10,10,10,10,10,10,6,11,0,10,CEFR,C2,,,,,23,25,C1,intermediate|advanced,advanced|intermediate,cambridge_22_25_intermediate_advanced,4,18,random,,,,,,,,185.556640625,904.53125,206.806640625,928.876953125,3,12,,,,,,2026-08-09T14:42:39.026Z,8T7CGK8F,2026-08-09,2026-08-09,11:42:39,2026-08-09 11:42:39,,,,,,,,6986a6c5d1f10ba22361229e,6986a6c5d1f10ba22361229e,,,,
33034,hover_association,2,3,adv,2,2,2,3,46, By ,923,201,,6986a6c5d1f10ba22361229e,6986a6c5d1f10ba22361229e,advanced,2,6986a6c5d1f10ba22361229e,6986a6c5d1f10ba22361229e,spotlight_PROLIFIC,,39,Brazil,Portuguese,"English, Spanish",Spanish,Portuguese:50|English:50|Spanish:0,100,Portuguese:30|English:70|Spanish:0,100,Portuguese:50|English:50|Spanish:0,100,18,4,Bachelor's,10,10,10,10,10,10,6,11,0,10,CEFR,C2,,,,,23,25,C1,intermediate|advanced,advanced|intermediate,cambridge_22_25_intermediate_advanced,4,18,random,,hover,66.70000004768372,66.70000004768372,0.06032892097874047,0.620458984375,159,176.181640625,904.53125,216.181640625,928.876953125,3,12,,,,,,2026-08-09T14:42:39.026Z,8T7CGK8F,2026-08-09,2026-08-09,11:42:39,2026-08-09 11:42:39,,,,,,,,6986a6c5d1f10ba22361229e,6986a6c5d1f10ba22361229e,,,,
33037,raw_position_sample,2,3,adv,2,2,2,3,45, reliability. ,900,201,511676.2000000477,6986a6c5d1f10ba22361229e,6986a6c5d1f10ba22361229e,advanced,2,6986a6c5d1f10ba22361229e,6986a6c5d1f10ba22361229e,spotlight_PROLIFIC,,39,Brazil,Portuguese,"English, Spanish",Spanish,Portuguese:50|English:50|Spanish:0,100,Portuguese:30|English:70|Spanish:0,100,Portuguese:50|English:50|Spanish:0,100,18,4,Bachelor's,10,10,10,10,10,10,6,11,0,10,CEFR,C2,,,,,23,25,C1,intermediate|advanced,advanced|intermediate,cambridge_22_25_intermediate_advanced,4,18,random,,,,,,,,185.556640625,823.583984375,206.806640625,904.53125,3,11,,,,,,2026-08-09T14:42:39.026Z,8T7CGK8F,2026-08-09,2026-08-09,11:42:39,2026-08-09 11:42:39,,,,,,,,6986a6c5d1f10ba22361229e,6986a6c5d1f10ba22361229e,,,,
33087,raw_position_sample,2,3,adv,2,2,2,3,45, reliability. ,881,201,511725.7999999523,6986a6c5d1f10ba22361229e,6986a6c5d1f10ba22361229e,advanced,2,6986a6c5d1f10ba22361229e,6986a6c5d1f10ba22361229e,spotlight_PROLIFIC,,39,Brazil,Portuguese,"English, Spanish",Spanish,Portuguese:50|English:50|Spanish:0,100,Portuguese:30|English:70|Spanish:0,100,Portuguese:50|English:50|Spanish:0,100,18,4,Bachelor's,10,10,10,10,10,10,6,11,0,10,CEFR,C2,,,,,23,25,C1,intermediate|advanced,advanced|intermediate,cambridge_22_25_intermediate_advanced,4,18,random,,,,,,,,185.556640625,823.583984375,206.806640625,904.53125,3,11,,,,,,2026-08-09T14:42:39.026Z,8T7CGK8F,2026-08-09,2026-08-09,11:42:39,2026-08-09 11:42:39,,,,,,,,6986a6c5d1f10ba22361229e,6986a6c5d1f10ba22361229e,,,,
33137,raw_position_sample,2,3,adv,2,2,2,3,45, reliability. ,855,203,511775.89999985695,6986a6c5d1f10ba22361229e,6986a6c5d1f10ba22361229e,advanced,2,6986a6c5d1f10ba22361229e,6986a6c5d1f10ba22361229e,spotlight_PROLIFIC,,39,Brazil,Portuguese,"English, Spanish",Spanish,Portuguese:50|English:50|Spanish:0,100,Portuguese:30|English:70|Spanish:0,100,Portuguese:50|English:50|Spanish:0,100,18,4,Bachelor's,10,10,10,10,10,10,6,11,0,10,CEFR,C2,,,,,23,25,C1,intermediate|advanced,advanced|intermediate,cambridge_22_25_intermediate_advanced,4,18,random,,,,,,,,185.556640625,823.583984375,206.806640625,904.53125,3,11,,,,,,2026-08-09T14:42:39.026Z,8T7CGK8F,2026-08-09,2026-08-09,11:42:39,2026-08-09 11:42:39,,,,,,,,6986a6c5d1f10ba22361229e,6986a6c5d1f10ba22361229e,,,,
33187,raw_position_sample,2,3,adv,2,2,2,3,45, reliability. ,830,207,511826,6986a6c5d1f10ba22361229e,6986a6c5d1f10ba22361229e,advanced,2,6986a6c5d1f10ba22361229e,6986a6c5d1f10ba22361229e,spotlight_PROLIFIC,,39,Brazil,Portuguese,"English, Spanish",Spanish,Portuguese:50|English:50|Spanish:0,100,Portuguese:30|English:70|Spanish:0,100,Portuguese:50|English:50|Spanish:0,100,18,4,Bachelor's,10,10,10,10,10,10,6,11,0,10,CEFR,C2,,,,,23,25,C1,intermediate|advanced,advanced|intermediate,cambridge_22_25_intermediate_advanced,4,18,random,,,,,,,,185.556640625,823.583984375,206.806640625,904.53125,3,11,,,,,,2026-08-09T14:42:39.026Z,8T7CGK8F,2026-08-09,2026-08-09,11:42:39,2026-08-09 11:42:39,,,,,,,,6986a6c5d1f10ba22361229e,6986a6c5d1f10ba22361229e,,,,
33201,hover_association,2,3,adv,2,2,2,3,45, reliability. ,900,201,,6986a6c5d1f10ba22361229e,6986a6c5d1f10ba22361229e,advanced,2,6986a6c5d1f10ba22361229e,6986a6c5d1f10ba22361229e,spotlight_PROLIFIC,,39,Brazil,Portuguese,"English, Spanish",Spanish,Portuguese:50|English:50|Spanish:0,100,Portuguese:30|English:70|Spanish:0,100,Portuguese:50|English:50|Spanish:0,100,18,4,Bachelor's,10,10,10,10,10,10,6,11,0,10,CEFR,C2,,,,,23,25,C1,intermediate|advanced,advanced|intermediate,cambridge_22_25_intermediate_advanced,4,18,random,,hover,166.59999990463257,166.59999990463257,0.07926167209554831,0.770458984375,159,176.181640625,823.583984375,216.181640625,904.53125,3,11,,,,,,2026-08-09T14:42:39.026Z,8T7CGK8F,2026-08-09,2026-08-09,11:42:39,2026-08-09 11:42:39,,,,,,,,6986a6c5d1f10ba22361229e,6986a6c5d1f10ba22361229e,,,,
33234,hover_association,2,3,adv,2,2,2,3,44, its ,822,208,,6986a6c5d1f10ba22361229e,6986a6c5d1f10ba22361229e,advanced,2,6986a6c5d1f10ba22361229e,6986a6c5d1f10ba22361229e,spotlight_PROLIFIC,,39,Brazil,Portuguese,"English, Spanish",Spanish,Portuguese:50|English:50|Spanish:0,100,Portuguese:30|English:70|Spanish:0,100,Portuguese:50|English:50|Spanish:0,100,18,4,Bachelor's,10,10,10,10,10,10,6,11,0,10,CEFR,C2,,,,,23,25,C1,intermediate|advanced,advanced|intermediate,cambridge_22_25_intermediate_advanced,4,18,random,,hover,33.30000019073486,33.30000019073486,0.1341105354058722,0.845458984375,159,176.181640625,800.966796875,216.181640625,823.583984375,3,10,,,,,,2026-08-09T14:42:39.026Z,8T7CGK8F,2026-08-09,2026-08-09,11:42:39,2026-08-09 11:42:39,,,,,,,,6986a6c5d1f10ba22361229e,6986a6c5d1f10ba22361229e,,,,
33237,raw_position_sample,2,3,adv,2,2,2,3,43, about ,791,211,511876,6986a6c5d1f10ba22361229e,6986a6c5d1f10ba22361229e,advanced,2,6986a6c5d1f10ba22361229e,6986a6c5d1f10ba22361229e,spotlight_PROLIFIC,,39,Brazil,Portuguese,"English, Spanish",Spanish,Portuguese:50|English:50|Spanish:0,100,Portuguese:30|English:70|Spanish:0,100,Portuguese:50|English:50|Spanish:0,100,18,4,Bachelor's,10,10,10,10,10,10,6,11,0,10,CEFR,C2,,,,,23,25,C1,intermediate|advanced,advanced|intermediate,cambridge_22_25_intermediate_advanced,4,18,random,,,,,,,,185.556640625,751.572265625,206.806640625,800.966796875,3,9,,,,,,2026-08-09T14:42:39.026Z,8T7CGK8F,2026-08-09,2026-08-09,11:42:39,2026-08-09 11:42:39,,,,,,,,6986a6c5d1f10ba22361229e,6986a6c5d1f10ba22361229e,,,,
33284,hover_association,2,3,adv,2,2,2,3,43, about ,791,211,,6986a6c5d1f10ba22361229e,6986a6c5d1f10ba22361229e,advanced,2,6986a6c5d1f10ba22361229e,6986a6c5d1f10ba22361229e,spotlight_PROLIFIC,,39,Brazil,Portuguese,"English, Spanish",Spanish,Portuguese:50|English:50|Spanish:0,100,Portuguese:30|English:70|Spanish:0,100,Portuguese:50|English:50|Spanish:0,100,18,4,Bachelor's,10,10,10,10,10,10,6,11,0,10,CEFR,C2,,,,,23,25,C1,intermediate|advanced,advanced|intermediate,cambridge_22_25_intermediate_advanced,4,18,random,,hover,50,50,0.008659549228944246,0.970458984375,159,176.181640625,751.572265625,216.181640625,800.966796875,3,9,,,,,,2026-08-09T14:42:39.026Z,8T7CGK8F,2026-08-09,2026-08-09,11:42:39,2026-08-09 11:42:39,,,,,,,,6986a6c5d1f10ba22361229e,6986a6c5d1f10ba22361229e,,,,
33287,raw_position_sample,2,3,adv,2,2,2,3,42, communities ,733,215,511926,6986a6c5d1f10ba22361229e,6986a6c5d1f10ba22361229e,advanced,2,6986a6c5d1f10ba22361229e,6986a6c5d1f10ba22361229e,spotlight_PROLIFIC,,39,Brazil,Portuguese,"English, Spanish",Spanish,Portuguese:50|English:50|Spanish:0,100,Portuguese:30|English:70|Spanish:0,100,Portuguese:50|English:50|Spanish:0,100,18,4,Bachelor's,10,10,10,10,10,10,6,11,0,10,CEFR,C2,,,,,23,25,C1,intermediate|advanced,advanced|intermediate,cambridge_22_25_intermediate_advanced,4,18,random,,,,,,,,185.556640625,646.93359375,206.806640625,751.572265625,3,8,,,,,,2026-08-09T14:42:39.026Z,8T7CGK8F,2026-08-09,2026-08-09,11:42:39,2026-08-09 11:42:39,,,,,,,,6986a6c5d1f10ba22361229e,6986a6c5d1f10ba22361229e,,,,
33337,raw_position_sample,2,3,adv,2,2,2,3,42, communities ,659,216,511976,6986a6c5d1f10ba22361229e,6986a6c5d1f10ba22361229e,advanced,2,6986a6c5d1f10ba22361229e,6986a6c5d1f10ba22361229e,spotlight_PROLIFIC,,39,Brazil,Portuguese,"English, Spanish",Spanish,Portuguese:50|English:50|Spanish:0,100,Portuguese:30|English:70|Spanish:0,100,Portuguese:50|English:50|Spanish:0,100,18,4,Bachelor's,10,10,10,10,10,10,6,11,0,10,CEFR,C2,,,,,23,25,C1,intermediate|advanced,advanced|intermediate,cambridge_22_25_intermediate_advanced,4,18,random,,,,,,,,185.556640625,646.93359375,206.806640625,751.572265625,3,8,,,,,,2026-08-09T14:42:39.026Z,8T7CGK8F,2026-08-09,2026-08-09,11:42:39,2026-08-09 11:42:39,,,,,,,,6986a6c5d1f10ba22361229e,6986a6c5d1f10ba22361229e,,,,
33351,hover_association,2,3,adv,2,2,2,3,42, communities ,733,215,,6986a6c5d1f10ba22361229e,6986a6c5d1f10ba22361229e,advanced,2,6986a6c5d1f10ba22361229e,6986a6c5d1f10ba22361229e,spotlight_PROLIFIC,,39,Brazil,Portuguese,"English, Spanish",Spanish,Portuguese:50|English:50|Spanish:0,100,Portuguese:30|English:70|Spanish:0,100,Portuguese:50|English:50|Spanish:0,100,18,4,Bachelor's,10,10,10,10,10,10,6,11,0,10,CEFR,C2,,,,,23,25,C1,intermediate|advanced,advanced|intermediate,cambridge_22_25_intermediate_advanced,4,18,random,,hover,66.59999990463257,66.59999990463257,0.1153149790013999,0.995458984375,159,176.181640625,646.93359375,216.181640625,751.572265625,3,8,,,,,,2026-08-09T14:42:39.026Z,8T7CGK8F,2026-08-09,2026-08-09,11:42:39,2026-08-09 11:42:39,,,,,,,,6986a6c5d1f10ba22361229e,6986a6c5d1f10ba22361229e,,,,
33367,hover_association,2,3,adv,2,2,2,3,54, researchers ,632,218,,6986a6c5d1f10ba22361229e,6986a6c5d1f10ba22361229e,advanced,2,6986a6c5d1f10ba22361229e,6986a6c5d1f10ba22361229e,spotlight_PROLIFIC,,39,Brazil,Portuguese,"English, Spanish",Spanish,Portuguese:50|English:50|Spanish:0,100,Portuguese:30|English:70|Spanish:0,100,Portuguese:50|English:50|Spanish:0,100,18,4,Bachelor's,10,10,10,10,10,10,6,11,0,10,CEFR,C2,,,,,23,25,C1,intermediate|advanced,advanced|intermediate,cambridge_22_25_intermediate_advanced,4,18,random,,hover,16.799999952316284,16.799999952316284,0.18105433245808927,0.045458984375,159,216.181640625,614.4921875,256.181640625,711.19140625,4,7,,,,,,2026-08-09T14:42:39.026Z,8T7CGK8F,2026-08-09,2026-08-09,11:42:39,2026-08-09 11:42:39,,,,,,,,6986a6c5d1f10ba22361229e,6986a6c5d1f10ba22361229e,,,,
33387,raw_position_sample,2,3,adv,2,2,2,3,53, the ,586,218,512025.89999985695,6986a6c5d1f10ba22361229e,6986a6c5d1f10ba22361229e,advanced,2,6986a6c5d1f10ba22361229e,6986a6c5d1f10ba22361229e,spotlight_PROLIFIC,,39,Brazil,Portuguese,"English, Spanish",Spanish,Portuguese:50|English:50|Spanish:0,100,Portuguese:30|English:70|Spanish:0,100,Portuguese:50|English:50|Spanish:0,100,18,4,Bachelor's,10,10,10,10,10,10,6,11,0,10,CEFR,C2,,,,,23,25,C1,intermediate|advanced,advanced|intermediate,cambridge_22_25_intermediate_advanced,4,18,random,,,,,,,,225.556640625,584.86328125,246.806640625,614.4921875,4,6,,,,,,2026-08-09T14:42:39.026Z,8T7CGK8F,2026-08-09,2026-08-09,11:42:39,2026-08-09 11:42:39,,,,,,,,6986a6c5d1f10ba22361229e,6986a6c5d1f10ba22361229e,,,,
33401,hover_association,2,3,adv,2,2,2,3,53, the ,608,218,,6986a6c5d1f10ba22361229e,6986a6c5d1f10ba22361229e,advanced,2,6986a6c5d1f10ba22361229e,6986a6c5d1f10ba22361229e,spotlight_PROLIFIC,,39,Brazil,Portuguese,"English, Spanish",Spanish,Portuguese:50|English:50|Spanish:0,100,Portuguese:30|English:70|Spanish:0,100,Portuguese:50|English:50|Spanish:0,100,18,4,Bachelor's,10,10,10,10,10,10,6,11,0,10,CEFR,C2,,,,,23,25,C1,intermediate|advanced,advanced|intermediate,cambridge_22_25_intermediate_advanced,4,18,random,,hover,33.299999952316284,33.299999952316284,0.038365194462755436,0.045458984375,159,216.181640625,584.86328125,256.181640625,614.4921875,4,6,,,,,,2026-08-09T14:42:39.026Z,8T7CGK8F,2026-08-09,2026-08-09,11:42:39,2026-08-09 11:42:39,,,,,,,,6986a6c5d1f10ba22361229e,6986a6c5d1f10ba22361229e,,,,
33417,hover_association,2,3,adv,2,2,2,3,52, by ,573,219,,6986a6c5d1f10ba22361229e,6986a6c5d1f10ba22361229e,advanced,2,6986a6c5d1f10ba22361229e,6986a6c5d1f10ba22361229e,spotlight_PROLIFIC,,39,Brazil,Portuguese,"English, Spanish",Spanish,Portuguese:50|English:50|Spanish:0,100,Portuguese:30|English:70|Spanish:0,100,Portuguese:50|English:50|Spanish:0,100,18,4,Bachelor's,10,10,10,10,10,10,6,11,0,10,CEFR,C2,,,,,23,25,C1,intermediate|advanced,advanced|intermediate,cambridge_22_25_intermediate_advanced,4,18,random,,hover,16.600000143051147,16.600000143051147,0.47320034692107543,0.070458984375,159,216.181640625,562.34375,256.181640625,584.86328125,4,5,,,,,,2026-08-09T14:42:39.026Z,8T7CGK8F,2026-08-09,2026-08-09,11:42:39,2026-08-09 11:42:39,,,,,,,,6986a6c5d1f10ba22361229e,6986a6c5d1f10ba22361229e,,,,
33437,raw_position_sample,2,3,adv,2,2,2,3,51, developed ,540,223,512075.7999999523,6986a6c5d1f10ba22361229e,6986a6c5d1f10ba22361229e,advanced,2,6986a6c5d1f10ba22361229e,6986a6c5d1f10ba22361229e,spotlight_PROLIFIC,,39,Brazil,Portuguese,"English, Spanish",Spanish,Portuguese:50|English:50|Spanish:0,100,Portuguese:30|English:70|Spanish:0,100,Portuguese:50|English:50|Spanish:0,100,18,4,Bachelor's,10,10,10,10,10,10,6,11,0,10,CEFR,C2,,,,,23,25,C1,intermediate|advanced,advanced|intermediate,cambridge_22_25_intermediate_advanced,4,18,random,,,,,,,,225.556640625,477.1484375,246.806640625,562.34375,4,4,,,,,,2026-08-09T14:42:39.026Z,8T7CGK8F,2026-08-09,2026-08-09,11:42:39,2026-08-09 11:42:39,,,,,,,,6986a6c5d1f10ba22361229e,6986a6c5d1f10ba22361229e,,,,
33487,raw_position_sample,2,3,adv,2,2,2,3,51, developed ,484,236,512126.09999990463,6986a6c5d1f10ba22361229e,6986a6c5d1f10ba22361229e,advanced,2,6986a6c5d1f10ba22361229e,6986a6c5d1f10ba22361229e,spotlight_PROLIFIC,,39,Brazil,Portuguese,"English, Spanish",Spanish,Portuguese:50|English:50|Spanish:0,100,Portuguese:30|English:70|Spanish:0,100,Portuguese:50|English:50|Spanish:0,100,18,4,Bachelor's,10,10,10,10,10,10,6,11,0,10,CEFR,C2,,,,,23,25,C1,intermediate|advanced,advanced|intermediate,cambridge_22_25_intermediate_advanced,4,18,random,,,,,,,,225.556640625,477.1484375,246.806640625,562.34375,4,4,,,,,,2026-08-09T14:42:39.026Z,8T7CGK8F,2026-08-09,2026-08-09,11:42:39,2026-08-09 11:42:39,,,,,,,,6986a6c5d1f10ba22361229e,6986a6c5d1f10ba22361229e,,,,
33501,hover_association,2,3,adv,2,2,2,3,51, developed ,555,220,,6986a6c5d1f10ba22361229e,6986a6c5d1f10ba22361229e,advanced,2,6986a6c5d1f10ba22361229e,6986a6c5d1f10ba22361229e,spotlight_PROLIFIC,,39,Brazil,Portuguese,"English, Spanish",Spanish,Portuguese:50|English:50|Spanish:0,100,Portuguese:30|English:70|Spanish:0,100,Portuguese:50|English:50|Spanish:0,100,18,4,Bachelor's,10,10,10,10,10,10,6,11,0,10,CEFR,C2,,,,,23,25,C1,intermediate|advanced,advanced|intermediate,cambridge_22_25_intermediate_advanced,4,18,random,,hover,83.39999985694885,83.39999985694885,0.08042182485098578,0.495458984375,159,216.181640625,477.1484375,256.181640625,562.34375,4,4,,,,,,2026-08-09T14:42:39.026Z,8T7CGK8F,2026-08-09,2026-08-09,11:42:39,2026-08-09 11:42:39,,,,,,,,6986a6c5d1f10ba22361229e,6986a6c5d1f10ba22361229e,,,,
33537,raw_position_sample,2,3,adv,2,2,2,3,50, method ,428,246,512175.7999999523,6986a6c5d1f10ba22361229e,6986a6c5d1f10ba22361229e,advanced,2,6986a6c5d1f10ba22361229e,6986a6c5d1f10ba22361229e,spotlight_PROLIFIC,,39,Brazil,Portuguese,"English, Spanish",Spanish,Portuguese:50|English:50|Spanish:0,100,Portuguese:30|English:70|Spanish:0,100,Portuguese:50|English:50|Spanish:0,100,18,4,Bachelor's,10,10,10,10,10,10,6,11,0,10,CEFR,C2,,,,,23,25,C1,intermediate|advanced,advanced|intermediate,cambridge_22_25_intermediate_advanced,4,18,random,,,,,,,,225.556640625,412.666015625,246.806640625,477.1484375,4,3,,,,,,2026-08-09T14:42:39.026Z,8T7CGK8F,2026-08-09,2026-08-09,11:42:39,2026-08-09 11:42:39,,,,,,,,6986a6c5d1f10ba22361229e,6986a6c5d1f10ba22361229e,,,,
33567,hover_association,2,3,adv,2,2,2,3,50, method ,463,240,,6986a6c5d1f10ba22361229e,6986a6c5d1f10ba22361229e,advanced,2,6986a6c5d1f10ba22361229e,6986a6c5d1f10ba22361229e,spotlight_PROLIFIC,,39,Brazil,Portuguese,"English, Spanish",Spanish,Portuguese:50|English:50|Spanish:0,100,Portuguese:30|English:70|Spanish:0,100,Portuguese:50|English:50|Spanish:0,100,18,4,Bachelor's,10,10,10,10,10,10,6,11,0,10,CEFR,C2,,,,,23,25,C1,intermediate|advanced,advanced|intermediate,cambridge_22_25_intermediate_advanced,4,18,random,,hover,66.60000014305115,66.60000014305115,0.005179463880054521,0.770458984375,159,216.181640625,412.666015625,256.181640625,477.1484375,4,3,,,,,,2026-08-09T14:42:39.026Z,8T7CGK8F,2026-08-09,2026-08-09,11:42:39,2026-08-09 11:42:39,,,,,,,,6986a6c5d1f10ba22361229e,6986a6c5d1f10ba22361229e,,,,
33587,raw_position_sample,2,3,adv,2,2,2,3,49, new ,385,247,512226,6986a6c5d1f10ba22361229e,6986a6c5d1f10ba22361229e,advanced,2,6986a6c5d1f10ba22361229e,6986a6c5d1f10ba22361229e,spotlight_PROLIFIC,,39,Brazil,Portuguese,"English, Spanish",Spanish,Portuguese:50|English:50|Spanish:0,100,Portuguese:30|English:70|Spanish:0,100,Portuguese:50|English:50|Spanish:0,100,18,4,Bachelor's,10,10,10,10,10,10,6,11,0,10,CEFR,C2,,,,,23,25,C1,intermediate|advanced,advanced|intermediate,cambridge_22_25_intermediate_advanced,4,18,random,,,,,,,,225.556640625,375.95703125,246.806640625,412.666015625,4,2,,,,,,2026-08-09T14:42:39.026Z,8T7CGK8F,2026-08-09,2026-08-09,11:42:39,2026-08-09 11:42:39,,,,,,,,6986a6c5d1f10ba22361229e,6986a6c5d1f10ba22361229e,,,,
33601,hover_association,2,3,adv,2,2,2,3,49, new ,398,247,,6986a6c5d1f10ba22361229e,6986a6c5d1f10ba22361229e,advanced,2,6986a6c5d1f10ba22361229e,6986a6c5d1f10ba22361229e,spotlight_PROLIFIC,,39,Brazil,Portuguese,"English, Spanish",Spanish,Portuguese:50|English:50|Spanish:0,100,Portuguese:30|English:70|Spanish:0,100,Portuguese:50|English:50|Spanish:0,100,18,4,Bachelor's,10,10,10,10,10,10,6,11,0,10,CEFR,C2,,,,,23,25,C1,intermediate|advanced,advanced|intermediate,cambridge_22_25_intermediate_advanced,4,18,random,,hover,33.39999985694885,33.39999985694885,0.2463421122639,0.770458984375,159,216.181640625,375.95703125,256.181640625,412.666015625,4,2,,,,,,2026-08-09T14:42:39.026Z,8T7CGK8F,2026-08-09,2026-08-09,11:42:39,2026-08-09 11:42:39,,,,,,,,6986a6c5d1f10ba22361229e,6986a6c5d1f10ba22361229e,,,,
33637,raw_position_sample,2,3,adv,2,2,2,3,48, the ,348,246,512275.7999999523,6986a6c5d1f10ba22361229e,6986a6c5d1f10ba22361229e,advanced,2,6986a6c5d1f10ba22361229e,6986a6c5d1f10ba22361229e,spotlight_PROLIFIC,,39,Brazil,Portuguese,"English, Spanish",Spanish,Portuguese:50|English:50|Spanish:0,100,Portuguese:30|English:70|Spanish:0,100,Portuguese:50|English:50|Spanish:0,100,18,4,Bachelor's,10,10,10,10,10,10,6,11,0,10,CEFR,C2,,,,,23,25,C1,intermediate|advanced,advanced|intermediate,cambridge_22_25_intermediate_advanced,4,18,random,,,,,,,,225.556640625,346.328125,246.806640625,375.95703125,4,1,,,,,,2026-08-09T14:42:39.026Z,8T7CGK8F,2026-08-09,2026-08-09,11:42:39,2026-08-09 11:42:39,,,,,,,,6986a6c5d1f10ba22361229e,6986a6c5d1f10ba22361229e,,,,
33651,hover_association,2,3,adv,2,2,2,3,48, the ,372,247,,6986a6c5d1f10ba22361229e,6986a6c5d1f10ba22361229e,advanced,2,6986a6c5d1f10ba22361229e,6986a6c5d1f10ba22361229e,spotlight_PROLIFIC,,39,Brazil,Portuguese,"English, Spanish",Spanish,Portuguese:50|English:50|Spanish:0,100,Portuguese:30|English:70|Spanish:0,100,Portuguese:50|English:50|Spanish:0,100,18,4,Bachelor's,10,10,10,10,10,10,6,11,0,10,CEFR,C2,,,,,23,25,C1,intermediate|advanced,advanced|intermediate,cambridge_22_25_intermediate_advanced,4,18,random,,hover,50,50,0.15236572511399302,0.745458984375,159,216.181640625,342.974609375,256.181640625,375.95703125,4,1,,,,,,2026-08-09T14:42:39.026Z,8T7CGK8F,2026-08-09,2026-08-09,11:42:39,2026-08-09 11:42:39,,,,,,,,6986a6c5d1f10ba22361229e,6986a6c5d1f10ba22361229e,,,,
33687,raw_position_sample,2,3,adv,2,2,2,3,-1,999,333,242,512325.7000000477,6986a6c5d1f10ba22361229e,6986a6c5d1f10ba22361229e,advanced,2,6986a6c5d1f10ba22361229e,6986a6c5d1f10ba22361229e,spotlight_PROLIFIC,,39,Brazil,Portuguese,"English, Spanish",Spanish,Portuguese:50|English:50|Spanish:0,100,Portuguese:30|English:70|Spanish:0,100,Portuguese:50|English:50|Spanish:0,100,18,4,Bachelor's,10,10,10,10,10,10,6,11,0,10,CEFR,C2,,,,,23,25,C1,intermediate|advanced,advanced|intermediate,cambridge_22_25_intermediate_advanced,4,18,random,,,,,,,,,,,,,,,,,,,2026-08-09T14:42:39.026Z,8T7CGK8F,2026-08-09,2026-08-09,11:42:39,2026-08-09 11:42:39,,,,,,,,6986a6c5d1f10ba22361229e,6986a6c5d1f10ba22361229e,,,,
33737,raw_position_sample,2,3,adv,2,2,2,3,-1,999,328,238,512375.7000000477,6986a6c5d1f10ba22361229e,6986a6c5d1f10ba22361229e,advanced,2,6986a6c5d1f10ba22361229e,6986a6c5d1f10ba22361229e,spotlight_PROLIFIC,,39,Brazil,Portuguese,"English, Spanish",Spanish,Portuguese:50|English:50|Spanish:0,100,Portuguese:30|English:70|Spanish:0,100,Portuguese:50|English:50|Spanish:0,100,18,4,Bachelor's,10,10,10,10,10,10,6,11,0,10,CEFR,C2,,,,,23,25,C1,intermediate|advanced,advanced|intermediate,cambridge_22_25_intermediate_advanced,4,18,random,,,,,,,,,,,,,,,,,,,2026-08-09T14:42:39.026Z,8T7CGK8F,2026-08-09,2026-08-09,11:42:39,2026-08-09 11:42:39,,,,,,,,6986a6c5d1f10ba22361229e,6986a6c5d1f10ba22361229e,,,,
33787,raw_position_sample,2,3,adv,2,2,2,3,-1,999,328,232,512426.2999999523,6986a6c5d1f10ba22361229e,6986a6c5d1f10ba22361229e,advanced,2,6986a6c5d1f10ba22361229e,6986a6c5d1f10ba22361229e,spotlight_PROLIFIC,,39,Brazil,Portuguese,"English, Spanish",Spanish,Portuguese:50|English:50|Spanish:0,100,Portuguese:30|English:70|Spanish:0,100,Portuguese:50|English:50|Spanish:0,100,18,4,Bachelor's,10,10,10,10,10,10,6,11,0,10,CEFR,C2,,,,,23,25,C1,intermediate|advanced,advanced|intermediate,cambridge_22_25_intermediate_advanced,4,18,random,,,,,,,,,,,,,,,,,,,2026-08-09T14:42:39.026Z,8T7CGK8F,2026-08-09,2026-08-09,11:42:39,2026-08-09 11:42:39,,,,,,,,6986a6c5d1f10ba22361229e,6986a6c5d1f10ba22361229e,,,,
33836,raw_position_sample,2,3,adv,2,2,2,3,-1,999,328,224,512475.2000000477,6986a6c5d1f10ba22361229e,6986a6c5d1f10ba22361229e,advanced,2,6986a6c5d1f10ba22361229e,6986a6c5d1f10ba22361229e,spotlight_PROLIFIC,,39,Brazil,Portuguese,"English, Spanish",Spanish,Portuguese:50|English:50|Spanish:0,100,Portuguese:30|English:70|Spanish:0,100,Portuguese:50|English:50|Spanish:0,100,18,4,Bachelor's,10,10,10,10,10,10,6,11,0,10,CEFR,C2,,,,,23,25,C1,intermediate|advanced,advanced|intermediate,cambridge_22_25_intermediate_advanced,4,18,random,,,,,,,,,,,,,,,,,,,2026-08-09T14:42:39.026Z,8T7CGK8F,2026-08-09,2026-08-09,11:42:39,2026-08-09 11:42:39,,,,,,,,6986a6c5d1f10ba22361229e,6986a6c5d1f10ba22361229e,,,,
33887,raw_position_sample,2,3,adv,2,2,2,3,-1,999,333,206,512525.59999990463,6986a6c5d1f10ba22361229e,6986a6c5d1f10ba22361229e,advanced,2,6986a6c5d1f10ba22361229e,6986a6c5d1f10ba22361229e,spotlight_PROLIFIC,,39,Brazil,Portuguese,"English, Spanish",Spanish,Portuguese:50|English:50|Spanish:0,100,Portuguese:30|English:70|Spanish:0,100,Portuguese:50|English:50|Spanish:0,100,18,4,Bachelor's,10,10,10,10,10,10,6,11,0,10,CEFR,C2,,,,,23,25,C1,intermediate|advanced,advanced|intermediate,cambridge_22_25_intermediate_advanced,4,18,random,,,,,,,,,,,,,,,,,,,2026-08-09T14:42:39.026Z,8T7CGK8F,2026-08-09,2026-08-09,11:42:39,2026-08-09 11:42:39,,,,,,,,6986a6c5d1f10ba22361229e,6986a6c5d1f10ba22361229e,,,,
33937,raw_position_sample,2,3,adv,2,2,2,3,-1,999,342,187,512575.7999999523,6986a6c5d1f10ba22361229e,6986a6c5d1f10ba22361229e,advanced,2,6986a6c5d1f10ba22361229e,6986a6c5d1f10ba22361229e,spotlight_PROLIFIC,,39,Brazil,Portuguese,"English, Spanish",Spanish,Portuguese:50|English:50|Spanish:0,100,Portuguese:30|English:70|Spanish:0,100,Portuguese:50|English:50|Spanish:0,100,18,4,Bachelor's,10,10,10,10,10,10,6,11,0,10,CEFR,C2,,,,,23,25,C1,intermediate|advanced,advanced|intermediate,cambridge_22_25_intermediate_advanced,4,18,random,,,,,,,,,,,,,,,,,,,2026-08-09T14:42:39.026Z,8T7CGK8F,2026-08-09,2026-08-09,11:42:39,2026-08-09 11:42:39,,,,,,,,6986a6c5d1f10ba22361229e,6986a6c5d1f10ba22361229e,,,,
33987,raw_position_sample,2,3,adv,2,2,2,3,35, of ,345,186,512625.59999990463,6986a6c5d1f10ba22361229e,6986a6c5d1f10ba22361229e,advanced,2,6986a6c5d1f10ba22361229e,6986a6c5d1f10ba22361229e,spotlight_PROLIFIC,,39,Brazil,Portuguese,"English, Spanish",Spanish,Portuguese:50|English:50|Spanish:0,100,Portuguese:30|English:70|Spanish:0,100,Portuguese:50|English:50|Spanish:0,100,18,4,Bachelor's,10,10,10,10,10,10,6,11,0,10,CEFR,C2,,,,,23,25,C1,intermediate|advanced,advanced|intermediate,cambridge_22_25_intermediate_advanced,4,18,random,,,,,,,,185.556640625,346.328125,206.806640625,365.87890625,3,1,,,,,,2026-08-09T14:42:39.026Z,8T7CGK8F,2026-08-09,2026-08-09,11:42:39,2026-08-09 11:42:39,,,,,,,,6986a6c5d1f10ba22361229e,6986a6c5d1f10ba22361229e,,,,
34034,hover_association,2,3,adv,2,2,2,3,35, of ,344,186,,6986a6c5d1f10ba22361229e,6986a6c5d1f10ba22361229e,advanced,2,6986a6c5d1f10ba22361229e,6986a6c5d1f10ba22361229e,spotlight_PROLIFIC,,39,Brazil,Portuguese,"English, Spanish",Spanish,Portuguese:50|English:50|Spanish:0,100,Portuguese:30|English:70|Spanish:0,100,Portuguese:50|English:50|Spanish:0,100,18,4,Bachelor's,10,10,10,10,10,10,6,11,0,10,CEFR,C2,,,,,23,25,C1,intermediate|advanced,advanced|intermediate,cambridge_22_25_intermediate_advanced,4,18,random,,hover,83.40000009536743,83.40000009536743,0.9616270145817345,0.445458984375,159,176.181640625,342.974609375,216.181640625,365.87890625,3,1,,,,,,2026-08-09T14:42:39.026Z,8T7CGK8F,2026-08-09,2026-08-09,11:42:39,2026-08-09 11:42:39,,,,,,,,6986a6c5d1f10ba22361229e,6986a6c5d1f10ba22361229e,,,,
34037,raw_position_sample,2,3,adv,2,2,2,3,36, skepticism ,377,205,512676,6986a6c5d1f10ba22361229e,6986a6c5d1f10ba22361229e,advanced,2,6986a6c5d1f10ba22361229e,6986a6c5d1f10ba22361229e,spotlight_PROLIFIC,,39,Brazil,Portuguese,"English, Spanish",Spanish,Portuguese:50|English:50|Spanish:0,100,Portuguese:30|English:70|Spanish:0,100,Portuguese:50|English:50|Spanish:0,100,18,4,Bachelor's,10,10,10,10,10,10,6,11,0,10,CEFR,C2,,,,,23,25,C1,intermediate|advanced,advanced|intermediate,cambridge_22_25_intermediate_advanced,4,18,random,,,,,,,,185.556640625,365.87890625,206.806640625,452.353515625,3,2,,,,,,2026-08-09T14:42:39.026Z,8T7CGK8F,2026-08-09,2026-08-09,11:42:39,2026-08-09 11:42:39,,,,,,,,6986a6c5d1f10ba22361229e,6986a6c5d1f10ba22361229e,,,,
34067,hover_association,2,3,adv,2,2,2,3,36, skepticism ,377,205,,6986a6c5d1f10ba22361229e,6986a6c5d1f10ba22361229e,advanced,2,6986a6c5d1f10ba22361229e,6986a6c5d1f10ba22361229e,spotlight_PROLIFIC,,39,Brazil,Portuguese,"English, Spanish",Spanish,Portuguese:50|English:50|Spanish:0,100,Portuguese:30|English:70|Spanish:0,100,Portuguese:50|English:50|Spanish:0,100,18,4,Bachelor's,10,10,10,10,10,10,6,11,0,10,CEFR,C2,,,,,23,25,C1,intermediate|advanced,advanced|intermediate,cambridge_22_25_intermediate_advanced,4,18,random,,hover,33.39999985694885,33.39999985694885,0.3020666290231508,0.995458984375,159,176.181640625,365.87890625,216.181640625,452.353515625,3,2,,,,,,2026-08-09T14:42:39.026Z,8T7CGK8F,2026-08-09,2026-08-09,11:42:39,2026-08-09 11:42:39,,,,,,,,6986a6c5d1f10ba22361229e,6986a6c5d1f10ba22361229e,,,,
34084,hover_association,2,3,adv,2,2,2,3,49, new ,411,227,,6986a6c5d1f10ba22361229e,6986a6c5d1f10ba22361229e,advanced,2,6986a6c5d1f10ba22361229e,6986a6c5d1f10ba22361229e,spotlight_PROLIFIC,,39,Brazil,Portuguese,"English, Spanish",Spanish,Portuguese:50|English:50|Spanish:0,100,Portuguese:30|English:70|Spanish:0,100,Portuguese:50|English:50|Spanish:0,100,18,4,Bachelor's,10,10,10,10,10,10,6,11,0,10,CEFR,C2,,,,,23,25,C1,intermediate|advanced,advanced|intermediate,cambridge_22_25_intermediate_advanced,4,18,random,,hover,16.700000047683716,16.700000047683716,0.9546155892524607,0.270458984375,159,216.181640625,375.95703125,256.181640625,412.666015625,4,2,,,,,,2026-08-09T14:42:39.026Z,8T7CGK8F,2026-08-09,2026-08-09,11:42:39,2026-08-09 11:42:39,,,,,,,,6986a6c5d1f10ba22361229e,6986a6c5d1f10ba22361229e,,,,
34087,raw_position_sample,2,3,adv,2,2,2,3,50, method ,437,241,512726.09999990463,6986a6c5d1f10ba22361229e,6986a6c5d1f10ba22361229e,advanced,2,6986a6c5d1f10ba22361229e,6986a6c5d1f10ba22361229e,spotlight_PROLIFIC,,39,Brazil,Portuguese,"English, Spanish",Spanish,Portuguese:50|English:50|Spanish:0,100,Portuguese:30|English:70|Spanish:0,100,Portuguese:50|English:50|Spanish:0,100,18,4,Bachelor's,10,10,10,10,10,10,6,11,0,10,CEFR,C2,,,,,23,25,C1,intermediate|advanced,advanced|intermediate,cambridge_22_25_intermediate_advanced,4,18,random,,,,,,,,225.556640625,412.666015625,246.806640625,477.1484375,4,3,,,,,,2026-08-09T14:42:39.026Z,8T7CGK8F,2026-08-09,2026-08-09,11:42:39,2026-08-09 11:42:39,,,,,,,,6986a6c5d1f10ba22361229e,6986a6c5d1f10ba22361229e,,,,
34117,hover_association,2,3,adv,2,2,2,3,50, method ,437,241,,6986a6c5d1f10ba22361229e,6986a6c5d1f10ba22361229e,advanced,2,6986a6c5d1f10ba22361229e,6986a6c5d1f10ba22361229e,spotlight_PROLIFIC,,39,Brazil,Portuguese,"English, Spanish",Spanish,Portuguese:50|English:50|Spanish:0,100,Portuguese:30|English:70|Spanish:0,100,Portuguese:50|English:50|Spanish:0,100,18,4,Bachelor's,10,10,10,10,10,10,6,11,0,10,CEFR,C2,,,,,23,25,C1,intermediate|advanced,advanced|intermediate,cambridge_22_25_intermediate_advanced,4,18,random,,hover,33.299999952316284,33.299999952316284,0.8271088898985309,0.970458984375,159,216.181640625,412.666015625,256.181640625,477.1484375,4,3,,,,,,2026-08-09T14:42:39.026Z,8T7CGK8F,2026-08-09,2026-08-09,11:42:39,2026-08-09 11:42:39,,,,,,,,6986a6c5d1f10ba22361229e,6986a6c5d1f10ba22361229e,,,,
34134,hover_association,2,3,adv,2,2,2,3,63, is ,498,276,,6986a6c5d1f10ba22361229e,6986a6c5d1f10ba22361229e,advanced,2,6986a6c5d1f10ba22361229e,6986a6c5d1f10ba22361229e,spotlight_PROLIFIC,,39,Brazil,Portuguese,"English, Spanish",Spanish,Portuguese:50|English:50|Spanish:0,100,Portuguese:30|English:70|Spanish:0,100,Portuguese:50|English:50|Spanish:0,100,18,4,Bachelor's,10,10,10,10,10,10,6,11,0,10,CEFR,C2,,,,,23,25,C1,intermediate|advanced,advanced|intermediate,cambridge_22_25_intermediate_advanced,4,18,random,,hover,16.600000143051147,16.600000143051147,0.49766584766584765,0.495458984375,159,256.181640625,490.087890625,296.181640625,505.986328125,5,4,,,,,,2026-08-09T14:42:39.026Z,8T7CGK8F,2026-08-09,2026-08-09,11:42:39,2026-08-09 11:42:39,,,,,,,,6986a6c5d1f10ba22361229e,6986a6c5d1f10ba22361229e,,,,
34137,raw_position_sample,2,3,adv,2,2,2,3,83, to ,528,300,512775.89999985695,6986a6c5d1f10ba22361229e,6986a6c5d1f10ba22361229e,advanced,2,6986a6c5d1f10ba22361229e,6986a6c5d1f10ba22361229e,spotlight_PROLIFIC,,39,Brazil,Portuguese,"English, Spanish",Spanish,Portuguese:50|English:50|Spanish:0,100,Portuguese:30|English:70|Spanish:0,100,Portuguese:50|English:50|Spanish:0,100,18,4,Bachelor's,10,10,10,10,10,10,6,11,0,10,CEFR,C2,,,,,23,25,C1,intermediate|advanced,advanced|intermediate,cambridge_22_25_intermediate_advanced,4,18,random,,,,,,,,305.556640625,513.369140625,326.806640625,533.57421875,6,6,,,,,,2026-08-09T14:42:39.026Z,8T7CGK8F,2026-08-09,2026-08-09,11:42:39,2026-08-09 11:42:39,,,,,,,,6986a6c5d1f10ba22361229e,6986a6c5d1f10ba22361229e,,,,
34151,hover_association,2,3,adv,2,2,2,3,83, to ,528,300,,6986a6c5d1f10ba22361229e,6986a6c5d1f10ba22361229e,advanced,2,6986a6c5d1f10ba22361229e,6986a6c5d1f10ba22361229e,spotlight_PROLIFIC,,39,Brazil,Portuguese,"English, Spanish",Spanish,Portuguese:50|English:50|Spanish:0,100,Portuguese:30|English:70|Spanish:0,100,Portuguese:50|English:50|Spanish:0,100,18,4,Bachelor's,10,10,10,10,10,10,6,11,0,10,CEFR,C2,,,,,23,25,C1,intermediate|advanced,advanced|intermediate,cambridge_22_25_intermediate_advanced,4,18,random,,hover,16.59999990463257,16.59999990463257,0.7241179313678106,0.095458984375,159,296.181640625,513.369140625,336.181640625,533.57421875,6,6,,,,,,2026-08-09T14:42:39.026Z,8T7CGK8F,2026-08-09,2026-08-09,11:42:39,2026-08-09 11:42:39,,,,,,,,6986a6c5d1f10ba22361229e,6986a6c5d1f10ba22361229e,,,,
34167,hover_association,2,3,adv,2,2,2,3,84, create ,555,333,,6986a6c5d1f10ba22361229e,6986a6c5d1f10ba22361229e,advanced,2,6986a6c5d1f10ba22361229e,6986a6c5d1f10ba22361229e,spotlight_PROLIFIC,,39,Brazil,Portuguese,"English, Spanish",Spanish,Portuguese:50|English:50|Spanish:0,100,Portuguese:30|English:70|Spanish:0,100,Portuguese:50|English:50|Spanish:0,100,18,4,Bachelor's,10,10,10,10,10,10,6,11,0,10,CEFR,C2,,,,,23,25,C1,intermediate|advanced,advanced|intermediate,cambridge_22_25_intermediate_advanced,4,18,random,,hover,16.799999952316284,16.799999952316284,0.3978962640551324,0.920458984375,159,296.181640625,533.57421875,336.181640625,587.421875,6,7,,,,,,2026-08-09T14:42:39.026Z,8T7CGK8F,2026-08-09,2026-08-09,11:42:39,2026-08-09 11:42:39,,,,,,,,6986a6c5d1f10ba22361229e,6986a6c5d1f10ba22361229e,,,,
34184,hover_association,2,3,adv,2,2,2,3,98," Anderson, ",578,372,,6986a6c5d1f10ba22361229e,6986a6c5d1f10ba22361229e,advanced,2,6986a6c5d1f10ba22361229e,6986a6c5d1f10ba22361229e,spotlight_PROLIFIC,,39,Brazil,Portuguese,"English, Spanish",Spanish,Portuguese:50|English:50|Spanish:0,100,Portuguese:30|English:70|Spanish:0,100,Portuguese:50|English:50|Spanish:0,100,18,4,Bachelor's,10,10,10,10,10,10,6,11,0,10,CEFR,C2,,,,,23,25,C1,intermediate|advanced,advanced|intermediate,cambridge_22_25_intermediate_advanced,4,18,random,,hover,16.600000143051147,16.600000143051147,0.2643603436266543,0.895458984375,159,336.181640625,555.76171875,376.181640625,639.8828125,7,6,,,,,,2026-08-09T14:42:39.026Z,8T7CGK8F,2026-08-09,2026-08-09,11:42:39,2026-08-09 11:42:39,,,,,,,,6986a6c5d1f10ba22361229e,6986a6c5d1f10ba22361229e,,,,
34187,raw_position_sample,2,3,adv,2,2,2,3,125, achieved ,598,421,512825.89999985695,6986a6c5d1f10ba22361229e,6986a6c5d1f10ba22361229e,advanced,2,6986a6c5d1f10ba22361229e,6986a6c5d1f10ba22361229e,spotlight_PROLIFIC,,39,Brazil,Portuguese,"English, Spanish",Spanish,Portuguese:50|English:50|Spanish:0,100,Portuguese:30|English:70|Spanish:0,100,Portuguese:50|English:50|Spanish:0,100,18,4,Bachelor's,10,10,10,10,10,10,6,11,0,10,CEFR,C2,,,,,23,25,C1,intermediate|advanced,advanced|intermediate,cambridge_22_25_intermediate_advanced,4,18,random,,,,,,,,425.556640625,546.85546875,446.806640625,620.15625,9,5,,,,,,2026-08-09T14:42:39.026Z,8T7CGK8F,2026-08-09,2026-08-09,11:42:39,2026-08-09 11:42:39,,,,,,,,6986a6c5d1f10ba22361229e,6986a6c5d1f10ba22361229e,,,,
34201,hover_association,2,3,adv,2,2,2,3,125, achieved ,598,421,,6986a6c5d1f10ba22361229e,6986a6c5d1f10ba22361229e,advanced,2,6986a6c5d1f10ba22361229e,6986a6c5d1f10ba22361229e,spotlight_PROLIFIC,,39,Brazil,Portuguese,"English, Spanish",Spanish,Portuguese:50|English:50|Spanish:0,100,Portuguese:30|English:70|Spanish:0,100,Portuguese:50|English:50|Spanish:0,100,18,4,Bachelor's,10,10,10,10,10,10,6,11,0,10,CEFR,C2,,,,,23,25,C1,intermediate|advanced,advanced|intermediate,cambridge_22_25_intermediate_advanced,4,18,random,,hover,16.699999809265137,16.699999809265137,0.6977351452171596,0.120458984375,159,416.181640625,546.85546875,456.181640625,620.15625,9,5,,,,,,2026-08-09T14:42:39.026Z,8T7CGK8F,2026-08-09,2026-08-09,11:42:39,2026-08-09 11:42:39,,,,,,,,6986a6c5d1f10ba22361229e,6986a6c5d1f10ba22361229e,,,,
34217,hover_association,2,3,adv,2,2,2,3,141, than ,615,474,,6986a6c5d1f10ba22361229e,6986a6c5d1f10ba22361229e,advanced,2,6986a6c5d1f10ba22361229e,6986a6c5d1f10ba22361229e,spotlight_PROLIFIC,,39,Brazil,Portuguese,"English, Spanish",Spanish,Portuguese:50|English:50|Spanish:0,100,Portuguese:30|English:70|Spanish:0,100,Portuguese:50|English:50|Spanish:0,100,18,4,Bachelor's,10,10,10,10,10,10,6,11,0,10,CEFR,C2,,,,,23,25,C1,intermediate|advanced,advanced|intermediate,cambridge_22_25_intermediate_advanced,4,18,random,,hover,16.600000143051147,16.600000143051147,0.3599801390268123,0.445458984375,159,456.181640625,600.83984375,496.181640625,640.17578125,10,6,,,,,,2026-08-09T14:42:39.026Z,8T7CGK8F,2026-08-09,2026-08-09,11:42:39,2026-08-09 11:42:39,,,,,,,,6986a6c5d1f10ba22361229e,6986a6c5d1f10ba22361229e,,,,
34234,hover_association,2,3,adv,2,2,2,3,155, we ,626,520,,6986a6c5d1f10ba22361229e,6986a6c5d1f10ba22361229e,advanced,2,6986a6c5d1f10ba22361229e,6986a6c5d1f10ba22361229e,spotlight_PROLIFIC,,39,Brazil,Portuguese,"English, Spanish",Spanish,Portuguese:50|English:50|Spanish:0,100,Portuguese:30|English:70|Spanish:0,100,Portuguese:50|English:50|Spanish:0,100,18,4,Bachelor's,10,10,10,10,10,10,6,11,0,10,CEFR,C2,,,,,23,25,C1,intermediate|advanced,advanced|intermediate,cambridge_22_25_intermediate_advanced,4,18,random,,hover,16.700000047683716,16.700000047683716,0.4569861009509876,0.595458984375,159,496.181640625,613.798828125,536.181640625,640.498046875,11,7,,,,,,2026-08-09T14:42:39.026Z,8T7CGK8F,2026-08-09,2026-08-09,11:42:39,2026-08-09 11:42:39,,,,,,,,6986a6c5d1f10ba22361229e,6986a6c5d1f10ba22361229e,,,,
34237,raw_position_sample,2,3,adv,2,2,2,3,-1,999,632,544,512875.89999985695,6986a6c5d1f10ba22361229e,6986a6c5d1f10ba22361229e,advanced,2,6986a6c5d1f10ba22361229e,6986a6c5d1f10ba22361229e,spotlight_PROLIFIC,,39,Brazil,Portuguese,"English, Spanish",Spanish,Portuguese:50|English:50|Spanish:0,100,Portuguese:30|English:70|Spanish:0,100,Portuguese:50|English:50|Spanish:0,100,18,4,Bachelor's,10,10,10,10,10,10,6,11,0,10,CEFR,C2,,,,,23,25,C1,intermediate|advanced,advanced|intermediate,cambridge_22_25_intermediate_advanced,4,18,random,,,,,,,,,,,,,,,,,,,2026-08-09T14:42:39.026Z,8T7CGK8F,2026-08-09,2026-08-09,11:42:39,2026-08-09 11:42:39,,,,,,,,6986a6c5d1f10ba22361229e,6986a6c5d1f10ba22361229e,,,,
34287,raw_position_sample,2,3,adv,2,2,2,3,-1,999,632,544,512926.2000000477,6986a6c5d1f10ba22361229e,6986a6c5d1f10ba22361229e,advanced,2,6986a6c5d1f10ba22361229e,6986a6c5d1f10ba22361229e,spotlight_PROLIFIC,,39,Brazil,Portuguese,"English, Spanish",Spanish,Portuguese:50|English:50|Spanish:0,100,Portuguese:30|English:70|Spanish:0,100,Portuguese:50|English:50|Spanish:0,100,18,4,Bachelor's,10,10,10,10,10,10,6,11,0,10,CEFR,C2,,,,,23,25,C1,intermediate|advanced,advanced|intermediate,cambridge_22_25_intermediate_advanced,4,18,random,,,,,,,,,,,,,,,,,,,2026-08-09T14:42:39.026Z,8T7CGK8F,2026-08-09,2026-08-09,11:42:39,2026-08-09 11:42:39,,,,,,,,6986a6c5d1f10ba22361229e,6986a6c5d1f10ba22361229e,,,,
34337,raw_position_sample,2,3,adv,2,2,2,3,-1,999,632,544,512976.09999990463,6986a6c5d1f10ba22361229e,6986a6c5d1f10ba22361229e,advanced,2,6986a6c5d1f10ba22361229e,6986a6c5d1f10ba22361229e,spotlight_PROLIFIC,,39,Brazil,Portuguese,"English, Spanish",Spanish,Portuguese:50|English:50|Spanish:0,100,Portuguese:30|English:70|Spanish:0,100,Portuguese:50|English:50|Spanish:0,100,18,4,Bachelor's,10,10,10,10,10,10,6,11,0,10,CEFR,C2,,,,,23,25,C1,intermediate|advanced,advanced|intermediate,cambridge_22_25_intermediate_advanced,4,18,random,,,,,,,,,,,,,,,,,,,2026-08-09T14:42:39.026Z,8T7CGK8F,2026-08-09,2026-08-09,11:42:39,2026-08-09 11:42:39,,,,,,,,6986a6c5d1f10ba22361229e,6986a6c5d1f10ba22361229e,,,,
34387,raw_position_sample,2,3,adv,2,2,2,3,-1,999,632,544,513026.09999990463,6986a6c5d1f10ba22361229e,6986a6c5d1f10ba22361229e,advanced,2,6986a6c5d1f10ba22361229e,6986a6c5d1f10ba22361229e,spotlight_PROLIFIC,,39,Brazil,Portuguese,"English, Spanish",Spanish,Portuguese:50|English:50|Spanish:0,100,Portuguese:30|English:70|Spanish:0,100,Portuguese:50|English:50|Spanish:0,100,18,4,Bachelor's,10,10,10,10,10,10,6,11,0,10,CEFR,C2,,,,,23,25,C1,intermediate|advanced,advanced|intermediate,cambridge_22_25_intermediate_advanced,4,18,random,,,,,,,,,,,,,,,,,,,2026-08-09T14:42:39.026Z,8T7CGK8F,2026-08-09,2026-08-09,11:42:39,2026-08-09 11:42:39,,,,,,,,6986a6c5d1f10ba22361229e,6986a6c5d1f10ba22361229e,,,,
34437,raw_position_sample,2,3,adv,2,2,2,3,-1,999,632,544,513076,6986a6c5d1f10ba22361229e,6986a6c5d1f10ba22361229e,advanced,2,6986a6c5d1f10ba22361229e,6986a6c5d1f10ba22361229e,spotlight_PROLIFIC,,39,Brazil,Portuguese,"English, Spanish",Spanish,Portuguese:50|English:50|Spanish:0,100,Portuguese:30|English:70|Spanish:0,100,Portuguese:50|English:50|Spanish:0,100,18,4,Bachelor's,10,10,10,10,10,10,6,11,0,10,CEFR,C2,,,,,23,25,C1,intermediate|advanced,advanced|intermediate,cambridge_22_25_intermediate_advanced,4,18,random,,,,,,,,,,,,,,,,,,,2026-08-09T14:42:39.026Z,8T7CGK8F,2026-08-09,2026-08-09,11:42:39,2026-08-09 11:42:39,,,,,,,,6986a6c5d1f10ba22361229e,6986a6c5d1f10ba22361229e,,,,
34487,raw_position_sample,2,3,adv,2,2,2,3,-1,999,632,544,513126.09999990463,6986a6c5d1f10ba22361229e,6986a6c5d1f10ba22361229e,advanced,2,6986a6c5d1f10ba22361229e,6986a6c5d1f10ba22361229e,spotlight_PROLIFIC,,39,Brazil,Portuguese,"English, Spanish",Spanish,Portuguese:50|English:50|Spanish:0,100,Portuguese:30|English:70|Spanish:0,100,Portuguese:50|English:50|Spanish:0,100,18,4,Bachelor's,10,10,10,10,10,10,6,11,0,10,CEFR,C2,,,,,23,25,C1,intermediate|advanced,advanced|intermediate,cambridge_22_25_intermediate_advanced,4,18,random,,,,,,,,,,,,,,,,,,,2026-08-09T14:42:39.026Z,8T7CGK8F,2026-08-09,2026-08-09,11:42:39,2026-08-09 11:42:39,,,,,,,,6986a6c5d1f10ba22361229e,6986a6c5d1f10ba22361229e,,,,
34537,raw_position_sample,2,3,adv,2,2,2,3,-1,999,632,544,513176.2000000477,6986a6c5d1f10ba22361229e,6986a6c5d1f10ba22361229e,advanced,2,6986a6c5d1f10ba22361229e,6986a6c5d1f10ba22361229e,spotlight_PROLIFIC,,39,Brazil,Portuguese,"English, Spanish",Spanish,Portuguese:50|English:50|Spanish:0,100,Portuguese:30|English:70|Spanish:0,100,Portuguese:50|English:50|Spanish:0,100,18,4,Bachelor's,10,10,10,10,10,10,6,11,0,10,CEFR,C2,,,,,23,25,C1,intermediate|advanced,advanced|intermediate,cambridge_22_25_intermediate_advanced,4,18,random,,,,,,,,,,,,,,,,,,,2026-08-09T14:42:39.026Z,8T7CGK8F,2026-08-09,2026-08-09,11:42:39,2026-08-09 11:42:39,,,,,,,,6986a6c5d1f10ba22361229e,6986a6c5d1f10ba22361229e,,,,
34587,raw_position_sample,2,3,adv,2,2,2,3,-1,999,632,544,513226.09999990463,6986a6c5d1f10ba22361229e,6986a6c5d1f10ba22361229e,advanced,2,6986a6c5d1f10ba22361229e,6986a6c5d1f10ba22361229e,spotlight_PROLIFIC,,39,Brazil,Portuguese,"English, Spanish",Spanish,Portuguese:50|English:50|Spanish:0,100,Portuguese:30|English:70|Spanish:0,100,Portuguese:50|English:50|Spanish:0,100,18,4,Bachelor's,10,10,10,10,10,10,6,11,0,10,CEFR,C2,,,,,23,25,C1,intermediate|advanced,advanced|intermediate,cambridge_22_25_intermediate_advanced,4,18,random,,,,,,,,,,,,,,,,,,,2026-08-09T14:42:39.026Z,8T7CGK8F,2026-08-09,2026-08-09,11:42:39,2026-08-09 11:42:39,,,,,,,,6986a6c5d1f10ba22361229e,6986a6c5d1f10ba22361229e,,,,
34637,raw_position_sample,2,3,adv,2,2,2,3,-1,999,632,544,513276.09999990463,6986a6c5d1f10ba22361229e,6986a6c5d1f10ba22361229e,advanced,2,6986a6c5d1f10ba22361229e,6986a6c5d1f10ba22361229e,spotlight_PROLIFIC,,39,Brazil,Portuguese,"English, Spanish",Spanish,Portuguese:50|English:50|Spanish:0,100,Portuguese:30|English:70|Spanish:0,100,Portuguese:50|English:50|Spanish:0,100,18,4,Bachelor's,10,10,10,10,10,10,6,11,0,10,CEFR,C2,,,,,23,25,C1,intermediate|advanced,advanced|intermediate,cambridge_22_25_intermediate_advanced,4,18,random,,,,,,,,,,,,,,,,,,,2026-08-09T14:42:39.026Z,8T7CGK8F,2026-08-09,2026-08-09,11:42:39,2026-08-09 11:42:39,,,,,,,,6986a6c5d1f10ba22361229e,6986a6c5d1f10ba22361229e,,,,
34687,raw_position_sample,2,3,adv,2,2,2,3,-1,999,632,544,513326.09999990463,6986a6c5d1f10ba22361229e,6986a6c5d1f10ba22361229e,advanced,2,6986a6c5d1f10ba22361229e,6986a6c5d1f10ba22361229e,spotlight_PROLIFIC,,39,Brazil,Portuguese,"English, Spanish",Spanish,Portuguese:50|English:50|Spanish:0,100,Portuguese:30|English:70|Spanish:0,100,Portuguese:50|English:50|Spanish:0,100,18,4,Bachelor's,10,10,10,10,10,10,6,11,0,10,CEFR,C2,,,,,23,25,C1,intermediate|advanced,advanced|intermediate,cambridge_22_25_intermediate_advanced,4,18,random,,,,,,,,,,,,,,,,,,,2026-08-09T14:42:39.026Z,8T7CGK8F,2026-08-09,2026-08-09,11:42:39,2026-08-09 11:42:39,,,,,,,,6986a6c5d1f10ba22361229e,6986a6c5d1f10ba22361229e,,,,
34737,raw_position_sample,2,3,adv,2,2,2,3,-1,999,632,544,513376.09999990463,6986a6c5d1f10ba22361229e,6986a6c5d1f10ba22361229e,advanced,2,6986a6c5d1f10ba22361229e,6986a6c5d1f10ba22361229e,spotlight_PROLIFIC,,39,Brazil,Portuguese,"English, Spanish",Spanish,Portuguese:50|English:50|Spanish:0,100,Portuguese:30|English:70|Spanish:0,100,Portuguese:50|English:50|Spanish:0,100,18,4,Bachelor's,10,10,10,10,10,10,6,11,0,10,CEFR,C2,,,,,23,25,C1,intermediate|advanced,advanced|intermediate,cambridge_22_25_intermediate_advanced,4,18,random,,,,,,,,,,,,,,,,,,,2026-08-09T14:42:39.026Z,8T7CGK8F,2026-08-09,2026-08-09,11:42:39,2026-08-09 11:42:39,,,,,,,,6986a6c5d1f10ba22361229e,6986a6c5d1f10ba22361229e,,,,
34787,raw_position_sample,2,3,adv,2,2,2,3,-1,999,632,544,513426.09999990463,6986a6c5d1f10ba22361229e,6986a6c5d1f10ba22361229e,advanced,2,6986a6c5d1f10ba22361229e,6986a6c5d1f10ba22361229e,spotlight_PROLIFIC,,39,Brazil,Portuguese,"English, Spanish",Spanish,Portuguese:50|English:50|Spanish:0,100,Portuguese:30|English:70|Spanish:0,100,Portuguese:50|English:50|Spanish:0,100,18,4,Bachelor's,10,10,10,10,10,10,6,11,0,10,CEFR,C2,,,,,23,25,C1,intermediate|advanced,advanced|intermediate,cambridge_22_25_intermediate_advanced,4,18,random,,,,,,,,,,,,,,,,,,,2026-08-09T14:42:39.026Z,8T7CGK8F,2026-08-09,2026-08-09,11:42:39,2026-08-09 11:42:39,,,,,,,,6986a6c5d1f10ba22361229e,6986a6c5d1f10ba22361229e,,,,
34837,raw_position_sample,2,3,adv,2,2,2,3,-1,999,632,544,513476,6986a6c5d1f10ba22361229e,6986a6c5d1f10ba22361229e,advanced,2,6986a6c5d1f10ba22361229e,6986a6c5d1f10ba22361229e,spotlight_PROLIFIC,,39,Brazil,Portuguese,"English, Spanish",Spanish,Portuguese:50|English:50|Spanish:0,100,Portuguese:30|English:70|Spanish:0,100,Portuguese:50|English:50|Spanish:0,100,18,4,Bachelor's,10,10,10,10,10,10,6,11,0,10,CEFR,C2,,,,,23,25,C1,intermediate|advanced,advanced|intermediate,cambridge_22_25_intermediate_advanced,4,18,random,,,,,,,,,,,,,,,,,,,2026-08-09T14:42:39.026Z,8T7CGK8F,2026-08-09,2026-08-09,11:42:39,2026-08-09 11:42:39,,,,,,,,6986a6c5d1f10ba22361229e,6986a6c5d1f10ba22361229e,,,,
34887,raw_position_sample,2,3,adv,2,2,2,3,-1,999,632,544,513526.09999990463,6986a6c5d1f10ba22361229e,6986a6c5d1f10ba22361229e,advanced,2,6986a6c5d1f10ba22361229e,6986a6c5d1f10ba22361229e,spotlight_PROLIFIC,,39,Brazil,Portuguese,"English, Spanish",Spanish,Portuguese:50|English:50|Spanish:0,100,Portuguese:30|English:70|Spanish:0,100,Portuguese:50|English:50|Spanish:0,100,18,4,Bachelor's,10,10,10,10,10,10,6,11,0,10,CEFR,C2,,,,,23,25,C1,intermediate|advanced,advanced|intermediate,cambridge_22_25_intermediate_advanced,4,18,random,,,,,,,,,,,,,,,,,,,2026-08-09T14:42:39.026Z,8T7CGK8F,2026-08-09,2026-08-09,11:42:39,2026-08-09 11:42:39,,,,,,,,6986a6c5d1f10ba22361229e,6986a6c5d1f10ba22361229e,,,,
34937,raw_position_sample,2,3,adv,2,2,2,3,-1,999,632,544,513576.2000000477,6986a6c5d1f10ba22361229e,6986a6c5d1f10ba22361229e,advanced,2,6986a6c5d1f10ba22361229e,6986a6c5d1f10ba22361229e,spotlight_PROLIFIC,,39,Brazil,Portuguese,"English, Spanish",Spanish,Portuguese:50|English:50|Spanish:0,100,Portuguese:30|English:70|Spanish:0,100,Portuguese:50|English:50|Spanish:0,100,18,4,Bachelor's,10,10,10,10,10,10,6,11,0,10,CEFR,C2,,,,,23,25,C1,intermediate|advanced,advanced|intermediate,cambridge_22_25_intermediate_advanced,4,18,random,,,,,,,,,,,,,,,,,,,2026-08-09T14:42:39.026Z,8T7CGK8F,2026-08-09,2026-08-09,11:42:39,2026-08-09 11:42:39,,,,,,,,6986a6c5d1f10ba22361229e,6986a6c5d1f10ba22361229e,,,,
43992,,,,adv,2,2,2,,,,,,,6986a6c5d1f10ba22361229e,6986a6c5d1f10ba22361229e,,,6986a6c5d1f10ba22361229e,6986a6c5d1f10ba22361229e,spotlight_PROLIFIC,,39,Brazil,Portuguese,"English, Spanish",Spanish,Portuguese:50|English:50|Spanish:0,100,Portuguese:30|English:70|Spanish:0,100,Portuguese:50|English:50|Spanish:0,100,18,4,Bachelor's,10,10,10,10,10,10,6,11,0,10,CEFR,C2,,,,,23,25,C1,intermediate|advanced,advanced|intermediate,cambridge_22_25_intermediate_advanced,4,18,random,,,,,,,,,,,,,,Body motions that show whether someone is guilty,1,,,,2026-08-09T14:42:39.026Z,8T7CGK8F,2026-08-09,2026-08-09,11:42:39,2026-08-09 11:42:39,,,,,,,,6986a6c5d1f10ba22361229e,6986a6c5d1f10ba22361229e,,,,
