participant_id,SONAId,Condition,onestop_level,onestop_article_number,onestop_paragraph_number,ItemId,text_presentation_order,WordIndex,Word,responseTime,sampleTimeMs,mousePositionX,mousePositionY,wordPositionTop,wordPositionLeft,wordPositionBottom,wordPositionRight,line_number,position_in_line,response,response_correct,device,hand,experiment_date,experiment_start_date,experiment_start_time,experiment_start_clock_time,experiment_start_time_local,experiment_end_date,experiment_end_time,experiment_end_clock_time,experiment_end_time_local,experiment_duration,experiment_duration_ms,experiment
Z5MP3C6H,6983aee35d6a46461cfad3c6,2,int,7,4,4,5,-1,999,66,1436755,444,93,,,,,,,A quality e-bike,1,,,2026-07-02,2026-07-02,2026-07-02T16:26:46.838Z,10:26:46,2026-07-02 10:26:46,,,,,,,spotlight-prolific
Z5MP3C6H,6983aee35d6a46461cfad3c6,2,int,7,4,4,5,-1,999,116,1436806,444,93,,,,,,,A quality e-bike,1,,,2026-07-02,2026-07-02,2026-07-02T16:26:46.838Z,10:26:46,2026-07-02 10:26:46,,,,,,,spotlight-prolific
Z5MP3C6H,6983aee35d6a46461cfad3c6,2,int,7,4,4,5,-1,999,167,1436857,444,93,,,,,,,A quality e-bike,1,,,2026-07-02,2026-07-02,2026-07-02T16:26:46.838Z,10:26:46,2026-07-02 10:26:46,,,,,,,spotlight-prolific
Z5MP3C6H,6983aee35d6a46461cfad3c6,2,int,7,4,4,5,-1,999,216,1436905,444,93,,,,,,,A quality e-bike,1,,,2026-07-02,2026-07-02,2026-07-02T16:26:46.838Z,10:26:46,2026-07-02 10:26:46,,,,,,,spotlight-prolific
Z5MP3C6H,6983aee35d6a46461cfad3c6,2,int,7,4,4,5,1, To ,268,1436958,528,130,116.52777862548828,518.625,136.0833339691162,542.6388893127441,1,1,A quality e-bike,1,,,2026-07-02,2026-07-02,2026-07-02T16:26:46.838Z,10:26:46,2026-07-02 10:26:46,,,,,,,spotlight-prolific
Z5MP3C6H,6983aee35d6a46461cfad3c6,2,int,7,4,4,5,15, financial ,317,1437006,580,174,156.5277862548828,518.625,176.08334159851074,589.6805572509766,2,1,A quality e-bike,1,,,2026-07-02,2026-07-02,2026-07-02T16:26:46.838Z,10:26:46,2026-07-02 10:26:46,,,,,,,spotlight-prolific
Z5MP3C6H,6983aee35d6a46461cfad3c6,2,int,7,4,4,5,15, financial ,368,1437057,581,175,156.5277862548828,518.625,176.08334159851074,589.6805572509766,2,1,A quality e-bike,1,,,2026-07-02,2026-07-02,2026-07-02T16:26:46.838Z,10:26:46,2026-07-02 10:26:46,,,,,,,spotlight-prolific
Z5MP3C6H,6983aee35d6a46461cfad3c6,2,int,7,4,4,5,15, financial ,417,1437107,581,175,156.5277862548828,518.625,176.08334159851074,589.6805572509766,2,1,A quality e-bike,1,,,2026-07-02,2026-07-02,2026-07-02T16:26:46.838Z,10:26:46,2026-07-02 10:26:46,,,,,,,spotlight-prolific
Z5MP3C6H,6983aee35d6a46461cfad3c6,2,int,7,4,4,5,15, financial ,466,1437156,581,175,156.5277862548828,518.625,176.08334159851074,589.6805572509766,2,1,A quality e-bike,1,,,2026-07-02,2026-07-02,2026-07-02T16:26:46.838Z,10:26:46,2026-07-02 10:26:46,,,,,,,spotlight-prolific
Z5MP3C6H,6983aee35d6a46461cfad3c6,2,int,7,4,4,5,16, obstacles. ,516,1437205,590,165,156.5277862548828,589.6805419921875,176.08334159851074,675.7360992431641,2,2,A quality e-bike,1,,,2026-07-02,2026-07-02,2026-07-02T16:26:46.838Z,10:26:46,2026-07-02 10:26:46,,,,,,,spotlight-prolific
Z5MP3C6H,6983aee35d6a46461cfad3c6,2,int,7,4,4,5,2," succeed, ",567,1437256,574,134,116.52777862548828,542.638916015625,136.0833339691162,619.6944732666016,1,2,A quality e-bike,1,,,2026-07-02,2026-07-02,2026-07-02T16:26:46.838Z,10:26:46,2026-07-02 10:26:46,,,,,,,spotlight-prolific
Z5MP3C6H,6983aee35d6a46461cfad3c6,2,int,7,4,4,5,1, To ,616,1437306,531,116,116.52777862548828,518.625,136.0833339691162,542.6388893127441,1,1,A quality e-bike,1,,,2026-07-02,2026-07-02,2026-07-02T16:26:46.838Z,10:26:46,2026-07-02 10:26:46,,,,,,,spotlight-prolific
Z5MP3C6H,6983aee35d6a46461cfad3c6,2,int,7,4,4,5,1, To ,667,1437356,529,115,116.52777862548828,518.625,136.0833339691162,542.6388893127441,1,1,A quality e-bike,1,,,2026-07-02,2026-07-02,2026-07-02T16:26:46.838Z,10:26:46,2026-07-02 10:26:46,,,,,,,spotlight-prolific
Z5MP3C6H,6983aee35d6a46461cfad3c6,2,int,7,4,4,5,1, To ,716,1437405,529,115,116.52777862548828,518.625,136.0833339691162,542.6388893127441,1,1,A quality e-bike,1,,,2026-07-02,2026-07-02,2026-07-02T16:26:46.838Z,10:26:46,2026-07-02 10:26:46,,,,,,,spotlight-prolific
Z5MP3C6H,6983aee35d6a46461cfad3c6,2,int,7,4,4,5,1, To ,765,1437455,532,115,116.52777862548828,518.625,136.0833339691162,542.6388893127441,1,1,A quality e-bike,1,,,2026-07-02,2026-07-02,2026-07-02T16:26:46.838Z,10:26:46,2026-07-02 10:26:46,,,,,,,spotlight-prolific
Z5MP3C6H,6983aee35d6a46461cfad3c6,2,int,7,4,4,5,2," succeed, ",817,1437506,546,117,116.52777862548828,542.638916015625,136.0833339691162,619.6944732666016,1,2,A quality e-bike,1,,,2026-07-02,2026-07-02,2026-07-02T16:26:46.838Z,10:26:46,2026-07-02 10:26:46,,,,,,,spotlight-prolific
Z5MP3C6H,6983aee35d6a46461cfad3c6,2,int,7,4,4,5,2," succeed, ",866,1437555,573,118,116.52777862548828,542.638916015625,136.0833339691162,619.6944732666016,1,2,A quality e-bike,1,,,2026-07-02,2026-07-02,2026-07-02T16:26:46.838Z,10:26:46,2026-07-02 10:26:46,,,,,,,spotlight-prolific
Z5MP3C6H,6983aee35d6a46461cfad3c6,2,int,7,4,4,5,2," succeed, ",916,1437605,611,121,116.52777862548828,542.638916015625,136.0833339691162,619.6944732666016,1,2,A quality e-bike,1,,,2026-07-02,2026-07-02,2026-07-02T16:26:46.838Z,10:26:46,2026-07-02 10:26:46,,,,,,,spotlight-prolific
Z5MP3C6H,6983aee35d6a46461cfad3c6,2,int,7,4,4,5,2," succeed, ",967,1437656,611,121,116.52777862548828,542.638916015625,136.0833339691162,619.6944732666016,1,2,A quality e-bike,1,,,2026-07-02,2026-07-02,2026-07-02T16:26:46.838Z,10:26:46,2026-07-02 10:26:46,,,,,,,spotlight-prolific
Z5MP3C6H,6983aee35d6a46461cfad3c6,2,int,7,4,4,5,2," succeed, ",1016,1437706,611,121,116.52777862548828,542.638916015625,136.0833339691162,619.6944732666016,1,2,A quality e-bike,1,,,2026-07-02,2026-07-02,2026-07-02T16:26:46.838Z,10:26:46,2026-07-02 10:26:46,,,,,,,spotlight-prolific
Z5MP3C6H,6983aee35d6a46461cfad3c6,2,int,7,4,4,5,2," succeed, ",1066,1437755,617,123,116.52777862548828,542.638916015625,136.0833339691162,619.6944732666016,1,2,A quality e-bike,1,,,2026-07-02,2026-07-02,2026-07-02T16:26:46.838Z,10:26:46,2026-07-02 10:26:46,,,,,,,spotlight-prolific
Z5MP3C6H,6983aee35d6a46461cfad3c6,2,int,7,4,4,5,3, the ,1117,1437806,643,126,116.52777862548828,619.6944580078125,136.0833339691162,649.7222366333008,1,3,A quality e-bike,1,,,2026-07-02,2026-07-02,2026-07-02T16:26:46.838Z,10:26:46,2026-07-02 10:26:46,,,,,,,spotlight-prolific
Z5MP3C6H,6983aee35d6a46461cfad3c6,2,int,7,4,4,5,4, electric ,1167,1437856,662,126,116.52777862548828,649.7222290039062,136.0833339691162,711.7500076293945,1,4,A quality e-bike,1,,,2026-07-02,2026-07-02,2026-07-02T16:26:46.838Z,10:26:46,2026-07-02 10:26:46,,,,,,,spotlight-prolific
Z5MP3C6H,6983aee35d6a46461cfad3c6,2,int,7,4,4,5,4, electric ,1216,1437905,662,126,116.52777862548828,649.7222290039062,136.0833339691162,711.7500076293945,1,4,A quality e-bike,1,,,2026-07-02,2026-07-02,2026-07-02T16:26:46.838Z,10:26:46,2026-07-02 10:26:46,,,,,,,spotlight-prolific
Z5MP3C6H,6983aee35d6a46461cfad3c6,2,int,7,4,4,5,4, electric ,1266,1437956,662,126,116.52777862548828,649.7222290039062,136.0833339691162,711.7500076293945,1,4,A quality e-bike,1,,,2026-07-02,2026-07-02,2026-07-02T16:26:46.838Z,10:26:46,2026-07-02 10:26:46,,,,,,,spotlight-prolific
Z5MP3C6H,6983aee35d6a46461cfad3c6,2,int,7,4,4,5,4, electric ,1315,1438005,665,127,116.52777862548828,649.7222290039062,136.0833339691162,711.7500076293945,1,4,A quality e-bike,1,,,2026-07-02,2026-07-02,2026-07-02T16:26:46.838Z,10:26:46,2026-07-02 10:26:46,,,,,,,spotlight-prolific
Z5MP3C6H,6983aee35d6a46461cfad3c6,2,int,7,4,4,5,4, electric ,1367,1438056,696,130,116.52777862548828,649.7222290039062,136.0833339691162,711.7500076293945,1,4,A quality e-bike,1,,,2026-07-02,2026-07-02,2026-07-02T16:26:46.838Z,10:26:46,2026-07-02 10:26:46,,,,,,,spotlight-prolific
Z5MP3C6H,6983aee35d6a46461cfad3c6,2,int,7,4,4,5,5, bike ,1417,1438106,720,130,116.52777862548828,711.75,136.0833339691162,749.7777786254883,1,5,A quality e-bike,1,,,2026-07-02,2026-07-02,2026-07-02T16:26:46.838Z,10:26:46,2026-07-02 10:26:46,,,,,,,spotlight-prolific
Z5MP3C6H,6983aee35d6a46461cfad3c6,2,int,7,4,4,5,5, bike ,1466,1438156,731,130,116.52777862548828,711.75,136.0833339691162,749.7777786254883,1,5,A quality e-bike,1,,,2026-07-02,2026-07-02,2026-07-02T16:26:46.838Z,10:26:46,2026-07-02 10:26:46,,,,,,,spotlight-prolific
Z5MP3C6H,6983aee35d6a46461cfad3c6,2,int,7,4,4,5,5, bike ,1516,1438206,740,130,116.52777862548828,711.75,136.0833339691162,749.7777786254883,1,5,A quality e-bike,1,,,2026-07-02,2026-07-02,2026-07-02T16:26:46.838Z,10:26:46,2026-07-02 10:26:46,,,,,,,spotlight-prolific
Z5MP3C6H,6983aee35d6a46461cfad3c6,2,int,7,4,4,5,5, bike ,1567,1438256,741,130,116.52777862548828,711.75,136.0833339691162,749.7777786254883,1,5,A quality e-bike,1,,,2026-07-02,2026-07-02,2026-07-02T16:26:46.838Z,10:26:46,2026-07-02 10:26:46,,,,,,,spotlight-prolific
Z5MP3C6H,6983aee35d6a46461cfad3c6,2,int,7,4,4,5,5, bike ,1617,1438307,746,130,116.52777862548828,711.75,136.0833339691162,749.7777786254883,1,5,A quality e-bike,1,,,2026-07-02,2026-07-02,2026-07-02T16:26:46.838Z,10:26:46,2026-07-02 10:26:46,,,,,,,spotlight-prolific
Z5MP3C6H,6983aee35d6a46461cfad3c6,2,int,7,4,4,5,6, business ,1666,1438355,755,131,116.52777862548828,749.7777709960938,136.0833339691162,825.8333282470703,1,6,A quality e-bike,1,,,2026-07-02,2026-07-02,2026-07-02T16:26:46.838Z,10:26:46,2026-07-02 10:26:46,,,,,,,spotlight-prolific
Z5MP3C6H,6983aee35d6a46461cfad3c6,2,int,7,4,4,5,6, business ,1716,1438405,768,132,116.52777862548828,749.7777709960938,136.0833339691162,825.8333282470703,1,6,A quality e-bike,1,,,2026-07-02,2026-07-02,2026-07-02T16:26:46.838Z,10:26:46,2026-07-02 10:26:46,,,,,,,spotlight-prolific
Z5MP3C6H,6983aee35d6a46461cfad3c6,2,int,7,4,4,5,6, business ,1767,1438456,768,132,116.52777862548828,749.7777709960938,136.0833339691162,825.8333282470703,1,6,A quality e-bike,1,,,2026-07-02,2026-07-02,2026-07-02T16:26:46.838Z,10:26:46,2026-07-02 10:26:46,,,,,,,spotlight-prolific
Z5MP3C6H,6983aee35d6a46461cfad3c6,2,int,7,4,4,5,6, business ,1816,1438506,776,132,116.52777862548828,749.7777709960938,136.0833339691162,825.8333282470703,1,6,A quality e-bike,1,,,2026-07-02,2026-07-02,2026-07-02T16:26:46.838Z,10:26:46,2026-07-02 10:26:46,,,,,,,spotlight-prolific
Z5MP3C6H,6983aee35d6a46461cfad3c6,2,int,7,4,4,5,6, business ,1866,1438555,798,133,116.52777862548828,749.7777709960938,136.0833339691162,825.8333282470703,1,6,A quality e-bike,1,,,2026-07-02,2026-07-02,2026-07-02T16:26:46.838Z,10:26:46,2026-07-02 10:26:46,,,,,,,spotlight-prolific
Z5MP3C6H,6983aee35d6a46461cfad3c6,2,int,7,4,4,5,6, business ,1918,1438607,804,134,116.52777862548828,749.7777709960938,136.0833339691162,825.8333282470703,1,6,A quality e-bike,1,,,2026-07-02,2026-07-02,2026-07-02T16:26:46.838Z,10:26:46,2026-07-02 10:26:46,,,,,,,spotlight-prolific
Z5MP3C6H,6983aee35d6a46461cfad3c6,2,int,7,4,4,5,6, business ,1966,1438656,811,134,116.52777862548828,749.7777709960938,136.0833339691162,825.8333282470703,1,6,A quality e-bike,1,,,2026-07-02,2026-07-02,2026-07-02T16:26:46.838Z,10:26:46,2026-07-02 10:26:46,,,,,,,spotlight-prolific
Z5MP3C6H,6983aee35d6a46461cfad3c6,2,int,7,4,4,5,6, business ,2017,1438706,817,134,116.52777862548828,749.7777709960938,136.0833339691162,825.8333282470703,1,6,A quality e-bike,1,,,2026-07-02,2026-07-02,2026-07-02T16:26:46.838Z,10:26:46,2026-07-02 10:26:46,,,,,,,spotlight-prolific
Z5MP3C6H,6983aee35d6a46461cfad3c6,2,int,7,4,4,5,6, business ,2068,1438757,817,134,116.52777862548828,749.7777709960938,136.0833339691162,825.8333282470703,1,6,A quality e-bike,1,,,2026-07-02,2026-07-02,2026-07-02T16:26:46.838Z,10:26:46,2026-07-02 10:26:46,,,,,,,spotlight-prolific
Z5MP3C6H,6983aee35d6a46461cfad3c6,2,int,7,4,4,5,6, business ,2117,1438806,820,134,116.52777862548828,749.7777709960938,136.0833339691162,825.8333282470703,1,6,A quality e-bike,1,,,2026-07-02,2026-07-02,2026-07-02T16:26:46.838Z,10:26:46,2026-07-02 10:26:46,,,,,,,spotlight-prolific
Z5MP3C6H,6983aee35d6a46461cfad3c6,2,int,7,4,4,5,9, US ,2166,1438855,885,139,116.52777862548828,874.875,136.0833339691162,904.8888893127441,1,9,A quality e-bike,1,,,2026-07-02,2026-07-02,2026-07-02T16:26:46.838Z,10:26:46,2026-07-02 10:26:46,,,,,,,spotlight-prolific
Z5MP3C6H,6983aee35d6a46461cfad3c6,2,int,7,4,4,5,24, New ,2216,1438906,1048,158,156.5277862548828,1038.986083984375,176.08334159851074,1079.6805305480957,2,10,A quality e-bike,1,,,2026-07-02,2026-07-02,2026-07-02T16:26:46.838Z,10:26:46,2026-07-02 10:26:46,,,,,,,spotlight-prolific
Z5MP3C6H,6983aee35d6a46461cfad3c6,2,int,7,4,4,5,-1,999,2267,1438956,1248,208,,,,,,,A quality e-bike,1,,,2026-07-02,2026-07-02,2026-07-02T16:26:46.838Z,10:26:46,2026-07-02 10:26:46,,,,,,,spotlight-prolific
Z5MP3C6H,6983aee35d6a46461cfad3c6,2,int,7,4,4,5,-1,999,2315,1439005,1248,208,,,,,,,A quality e-bike,1,,,2026-07-02,2026-07-02,2026-07-02T16:26:46.838Z,10:26:46,2026-07-02 10:26:46,,,,,,,spotlight-prolific
Z5MP3C6H,6983aee35d6a46461cfad3c6,2,int,7,4,4,5,-1,999,2367,1439056,1248,208,,,,,,,A quality e-bike,1,,,2026-07-02,2026-07-02,2026-07-02T16:26:46.838Z,10:26:46,2026-07-02 10:26:46,,,,,,,spotlight-prolific
Z5MP3C6H,6983aee35d6a46461cfad3c6,2,int,7,4,4,5,-1,999,2416,1439105,1248,208,,,,,,,A quality e-bike,1,,,2026-07-02,2026-07-02,2026-07-02T16:26:46.838Z,10:26:46,2026-07-02 10:26:46,,,,,,,spotlight-prolific
Z5MP3C6H,6983aee35d6a46461cfad3c6,2,int,7,4,4,5,-1,999,2466,1439155,1248,208,,,,,,,A quality e-bike,1,,,2026-07-02,2026-07-02,2026-07-02T16:26:46.838Z,10:26:46,2026-07-02 10:26:46,,,,,,,spotlight-prolific
Z5MP3C6H,6983aee35d6a46461cfad3c6,2,int,7,4,4,5,-1,999,2517,1439207,1248,208,,,,,,,A quality e-bike,1,,,2026-07-02,2026-07-02,2026-07-02T16:26:46.838Z,10:26:46,2026-07-02 10:26:46,,,,,,,spotlight-prolific
Z5MP3C6H,6983aee35d6a46461cfad3c6,2,int,7,4,4,5,-1,999,2567,1439256,1248,208,,,,,,,A quality e-bike,1,,,2026-07-02,2026-07-02,2026-07-02T16:26:46.838Z,10:26:46,2026-07-02 10:26:46,,,,,,,spotlight-prolific
Z5MP3C6H,6983aee35d6a46461cfad3c6,2,int,7,4,4,5,-1,999,2616,1439305,1248,208,,,,,,,A quality e-bike,1,,,2026-07-02,2026-07-02,2026-07-02T16:26:46.838Z,10:26:46,2026-07-02 10:26:46,,,,,,,spotlight-prolific
Z5MP3C6H,6983aee35d6a46461cfad3c6,2,int,7,4,4,5,-1,999,2666,1439355,1248,208,,,,,,,A quality e-bike,1,,,2026-07-02,2026-07-02,2026-07-02T16:26:46.838Z,10:26:46,2026-07-02 10:26:46,,,,,,,spotlight-prolific
Z5MP3C6H,6983aee35d6a46461cfad3c6,2,int,7,4,4,5,-1,999,2717,1439406,1248,208,,,,,,,A quality e-bike,1,,,2026-07-02,2026-07-02,2026-07-02T16:26:46.838Z,10:26:46,2026-07-02 10:26:46,,,,,,,spotlight-prolific
Z5MP3C6H,6983aee35d6a46461cfad3c6,2,int,7,4,4,5,-1,999,2766,1439455,1248,208,,,,,,,A quality e-bike,1,,,2026-07-02,2026-07-02,2026-07-02T16:26:46.838Z,10:26:46,2026-07-02 10:26:46,,,,,,,spotlight-prolific
Z5MP3C6H,6983aee35d6a46461cfad3c6,2,int,7,4,4,5,-1,999,2817,1439507,1248,208,,,,,,,A quality e-bike,1,,,2026-07-02,2026-07-02,2026-07-02T16:26:46.838Z,10:26:46,2026-07-02 10:26:46,,,,,,,spotlight-prolific
Z5MP3C6H,6983aee35d6a46461cfad3c6,2,int,7,4,4,5,-1,999,2867,1439556,1248,208,,,,,,,A quality e-bike,1,,,2026-07-02,2026-07-02,2026-07-02T16:26:46.838Z,10:26:46,2026-07-02 10:26:46,,,,,,,spotlight-prolific
Z5MP3C6H,6983aee35d6a46461cfad3c6,2,int,7,4,4,5,-1,999,2916,1439605,1248,208,,,,,,,A quality e-bike,1,,,2026-07-02,2026-07-02,2026-07-02T16:26:46.838Z,10:26:46,2026-07-02 10:26:46,,,,,,,spotlight-prolific
Z5MP3C6H,6983aee35d6a46461cfad3c6,2,int,7,4,4,5,-1,999,2966,1439656,1248,208,,,,,,,A quality e-bike,1,,,2026-07-02,2026-07-02,2026-07-02T16:26:46.838Z,10:26:46,2026-07-02 10:26:46,,,,,,,spotlight-prolific
Z5MP3C6H,6983aee35d6a46461cfad3c6,2,int,7,4,4,5,-1,999,3016,1439705,1248,208,,,,,,,A quality e-bike,1,,,2026-07-02,2026-07-02,2026-07-02T16:26:46.838Z,10:26:46,2026-07-02 10:26:46,,,,,,,spotlight-prolific
Z5MP3C6H,6983aee35d6a46461cfad3c6,2,int,7,4,4,5,-1,999,3066,1439756,1248,208,,,,,,,A quality e-bike,1,,,2026-07-02,2026-07-02,2026-07-02T16:26:46.838Z,10:26:46,2026-07-02 10:26:46,,,,,,,spotlight-prolific
Z5MP3C6H,6983aee35d6a46461cfad3c6,2,int,7,4,4,5,-1,999,3115,1439805,1248,208,,,,,,,A quality e-bike,1,,,2026-07-02,2026-07-02,2026-07-02T16:26:46.838Z,10:26:46,2026-07-02 10:26:46,,,,,,,spotlight-prolific
Z5MP3C6H,6983aee35d6a46461cfad3c6,2,int,7,4,4,5,-1,999,3166,1439855,1248,208,,,,,,,A quality e-bike,1,,,2026-07-02,2026-07-02,2026-07-02T16:26:46.838Z,10:26:46,2026-07-02 10:26:46,,,,,,,spotlight-prolific
Z5MP3C6H,6983aee35d6a46461cfad3c6,2,int,7,4,4,5,-1,999,3216,1439905,1248,208,,,,,,,A quality e-bike,1,,,2026-07-02,2026-07-02,2026-07-02T16:26:46.838Z,10:26:46,2026-07-02 10:26:46,,,,,,,spotlight-prolific
Z5MP3C6H,6983aee35d6a46461cfad3c6,2,int,7,4,4,5,-1,999,3266,1439956,1248,208,,,,,,,A quality e-bike,1,,,2026-07-02,2026-07-02,2026-07-02T16:26:46.838Z,10:26:46,2026-07-02 10:26:46,,,,,,,spotlight-prolific
Z5MP3C6H,6983aee35d6a46461cfad3c6,2,int,7,4,4,5,-1,999,3316,1440005,1248,208,,,,,,,A quality e-bike,1,,,2026-07-02,2026-07-02,2026-07-02T16:26:46.838Z,10:26:46,2026-07-02 10:26:46,,,,,,,spotlight-prolific
Z5MP3C6H,6983aee35d6a46461cfad3c6,2,int,7,4,4,5,-1,999,3366,1440055,1248,208,,,,,,,A quality e-bike,1,,,2026-07-02,2026-07-02,2026-07-02T16:26:46.838Z,10:26:46,2026-07-02 10:26:46,,,,,,,spotlight-prolific
Z5MP3C6H,6983aee35d6a46461cfad3c6,2,int,7,4,4,5,-1,999,3416,1440106,1248,208,,,,,,,A quality e-bike,1,,,2026-07-02,2026-07-02,2026-07-02T16:26:46.838Z,10:26:46,2026-07-02 10:26:46,,,,,,,spotlight-prolific
Z5MP3C6H,6983aee35d6a46461cfad3c6,2,int,7,4,4,5,-1,999,3466,1440155,1248,208,,,,,,,A quality e-bike,1,,,2026-07-02,2026-07-02,2026-07-02T16:26:46.838Z,10:26:46,2026-07-02 10:26:46,,,,,,,spotlight-prolific
Z5MP3C6H,6983aee35d6a46461cfad3c6,2,int,7,4,4,5,-1,999,3516,1440206,1248,208,,,,,,,A quality e-bike,1,,,2026-07-02,2026-07-02,2026-07-02T16:26:46.838Z,10:26:46,2026-07-02 10:26:46,,,,,,,spotlight-prolific
Z5MP3C6H,6983aee35d6a46461cfad3c6,2,int,7,4,4,5,-1,999,3566,1440255,1248,208,,,,,,,A quality e-bike,1,,,2026-07-02,2026-07-02,2026-07-02T16:26:46.838Z,10:26:46,2026-07-02 10:26:46,,,,,,,spotlight-prolific
Z5MP3C6H,6983aee35d6a46461cfad3c6,2,int,7,4,4,5,-1,999,3616,1440305,1248,208,,,,,,,A quality e-bike,1,,,2026-07-02,2026-07-02,2026-07-02T16:26:46.838Z,10:26:46,2026-07-02 10:26:46,,,,,,,spotlight-prolific
Z5MP3C6H,6983aee35d6a46461cfad3c6,2,int,7,4,4,5,-1,999,3666,1440356,1248,208,,,,,,,A quality e-bike,1,,,2026-07-02,2026-07-02,2026-07-02T16:26:46.838Z,10:26:46,2026-07-02 10:26:46,,,,,,,spotlight-prolific
Z5MP3C6H,6983aee35d6a46461cfad3c6,2,int,7,4,4,5,-1,999,3716,1440406,1248,208,,,,,,,A quality e-bike,1,,,2026-07-02,2026-07-02,2026-07-02T16:26:46.838Z,10:26:46,2026-07-02 10:26:46,,,,,,,spotlight-prolific
Z5MP3C6H,6983aee35d6a46461cfad3c6,2,int,7,4,4,5,-1,999,3766,1440455,1248,208,,,,,,,A quality e-bike,1,,,2026-07-02,2026-07-02,2026-07-02T16:26:46.838Z,10:26:46,2026-07-02 10:26:46,,,,,,,spotlight-prolific
Z5MP3C6H,6983aee35d6a46461cfad3c6,2,int,7,4,4,5,-1,999,3816,1440506,1248,208,,,,,,,A quality e-bike,1,,,2026-07-02,2026-07-02,2026-07-02T16:26:46.838Z,10:26:46,2026-07-02 10:26:46,,,,,,,spotlight-prolific
Z5MP3C6H,6983aee35d6a46461cfad3c6,2,int,7,4,4,5,-1,999,3866,1440555,1248,208,,,,,,,A quality e-bike,1,,,2026-07-02,2026-07-02,2026-07-02T16:26:46.838Z,10:26:46,2026-07-02 10:26:46,,,,,,,spotlight-prolific
Z5MP3C6H,6983aee35d6a46461cfad3c6,2,int,7,4,4,5,-1,999,3917,1440606,1248,208,,,,,,,A quality e-bike,1,,,2026-07-02,2026-07-02,2026-07-02T16:26:46.838Z,10:26:46,2026-07-02 10:26:46,,,,,,,spotlight-prolific
Z5MP3C6H,6983aee35d6a46461cfad3c6,2,int,7,4,4,5,-1,999,3966,1440656,1248,208,,,,,,,A quality e-bike,1,,,2026-07-02,2026-07-02,2026-07-02T16:26:46.838Z,10:26:46,2026-07-02 10:26:46,,,,,,,spotlight-prolific
Z5MP3C6H,6983aee35d6a46461cfad3c6,2,int,7,4,4,5,-1,999,4016,1440705,1248,208,,,,,,,A quality e-bike,1,,,2026-07-02,2026-07-02,2026-07-02T16:26:46.838Z,10:26:46,2026-07-02 10:26:46,,,,,,,spotlight-prolific
Z5MP3C6H,6983aee35d6a46461cfad3c6,2,int,7,4,4,5,-1,999,4067,1440756,1248,208,,,,,,,A quality e-bike,1,,,2026-07-02,2026-07-02,2026-07-02T16:26:46.838Z,10:26:46,2026-07-02 10:26:46,,,,,,,spotlight-prolific
Z5MP3C6H,6983aee35d6a46461cfad3c6,2,int,7,4,4,5,-1,999,4117,1440806,1248,208,,,,,,,A quality e-bike,1,,,2026-07-02,2026-07-02,2026-07-02T16:26:46.838Z,10:26:46,2026-07-02 10:26:46,,,,,,,spotlight-prolific
Z5MP3C6H,6983aee35d6a46461cfad3c6,2,int,7,4,4,5,-1,999,4166,1440855,1248,208,,,,,,,A quality e-bike,1,,,2026-07-02,2026-07-02,2026-07-02T16:26:46.838Z,10:26:46,2026-07-02 10:26:46,,,,,,,spotlight-prolific
Z5MP3C6H,6983aee35d6a46461cfad3c6,2,int,7,4,4,5,-1,999,4216,1440905,1248,208,,,,,,,A quality e-bike,1,,,2026-07-02,2026-07-02,2026-07-02T16:26:46.838Z,10:26:46,2026-07-02 10:26:46,,,,,,,spotlight-prolific
Z5MP3C6H,6983aee35d6a46461cfad3c6,2,int,7,4,4,5,-1,999,4266,1440956,1248,208,,,,,,,A quality e-bike,1,,,2026-07-02,2026-07-02,2026-07-02T16:26:46.838Z,10:26:46,2026-07-02 10:26:46,,,,,,,spotlight-prolific
Z5MP3C6H,6983aee35d6a46461cfad3c6,2,int,7,4,4,5,-1,999,4316,1441005,1248,208,,,,,,,A quality e-bike,1,,,2026-07-02,2026-07-02,2026-07-02T16:26:46.838Z,10:26:46,2026-07-02 10:26:46,,,,,,,spotlight-prolific
Z5MP3C6H,6983aee35d6a46461cfad3c6,2,int,7,4,4,5,-1,999,4367,1441056,1248,208,,,,,,,A quality e-bike,1,,,2026-07-02,2026-07-02,2026-07-02T16:26:46.838Z,10:26:46,2026-07-02 10:26:46,,,,,,,spotlight-prolific
Z5MP3C6H,6983aee35d6a46461cfad3c6,2,int,7,4,4,5,-1,999,4417,1441106,1248,208,,,,,,,A quality e-bike,1,,,2026-07-02,2026-07-02,2026-07-02T16:26:46.838Z,10:26:46,2026-07-02 10:26:46,,,,,,,spotlight-prolific
Z5MP3C6H,6983aee35d6a46461cfad3c6,2,int,7,4,4,5,-1,999,4467,1441156,1248,208,,,,,,,A quality e-bike,1,,,2026-07-02,2026-07-02,2026-07-02T16:26:46.838Z,10:26:46,2026-07-02 10:26:46,,,,,,,spotlight-prolific
Z5MP3C6H,6983aee35d6a46461cfad3c6,2,int,7,4,4,5,-1,999,4516,1441205,1248,208,,,,,,,A quality e-bike,1,,,2026-07-02,2026-07-02,2026-07-02T16:26:46.838Z,10:26:46,2026-07-02 10:26:46,,,,,,,spotlight-prolific
Z5MP3C6H,6983aee35d6a46461cfad3c6,2,int,7,4,4,5,-1,999,4566,1441256,1248,208,,,,,,,A quality e-bike,1,,,2026-07-02,2026-07-02,2026-07-02T16:26:46.838Z,10:26:46,2026-07-02 10:26:46,,,,,,,spotlight-prolific
Z5MP3C6H,6983aee35d6a46461cfad3c6,2,int,7,4,4,5,-1,999,4616,1441306,1248,208,,,,,,,A quality e-bike,1,,,2026-07-02,2026-07-02,2026-07-02T16:26:46.838Z,10:26:46,2026-07-02 10:26:46,,,,,,,spotlight-prolific
Z5MP3C6H,6983aee35d6a46461cfad3c6,2,int,7,4,4,5,-1,999,4666,1441355,1248,208,,,,,,,A quality e-bike,1,,,2026-07-02,2026-07-02,2026-07-02T16:26:46.838Z,10:26:46,2026-07-02 10:26:46,,,,,,,spotlight-prolific
Z5MP3C6H,6983aee35d6a46461cfad3c6,2,int,7,4,4,5,-1,999,4716,1441406,1248,208,,,,,,,A quality e-bike,1,,,2026-07-02,2026-07-02,2026-07-02T16:26:46.838Z,10:26:46,2026-07-02 10:26:46,,,,,,,spotlight-prolific
Z5MP3C6H,6983aee35d6a46461cfad3c6,2,int,7,4,4,5,-1,999,4767,1441457,1248,208,,,,,,,A quality e-bike,1,,,2026-07-02,2026-07-02,2026-07-02T16:26:46.838Z,10:26:46,2026-07-02 10:26:46,,,,,,,spotlight-prolific
Z5MP3C6H,6983aee35d6a46461cfad3c6,2,int,7,4,4,5,-1,999,4816,1441505,1248,208,,,,,,,A quality e-bike,1,,,2026-07-02,2026-07-02,2026-07-02T16:26:46.838Z,10:26:46,2026-07-02 10:26:46,,,,,,,spotlight-prolific
Z5MP3C6H,6983aee35d6a46461cfad3c6,2,int,7,4,4,5,-1,999,4866,1441555,1248,208,,,,,,,A quality e-bike,1,,,2026-07-02,2026-07-02,2026-07-02T16:26:46.838Z,10:26:46,2026-07-02 10:26:46,,,,,,,spotlight-prolific
Z5MP3C6H,6983aee35d6a46461cfad3c6,2,int,7,4,4,5,-1,999,4916,1441606,1248,208,,,,,,,A quality e-bike,1,,,2026-07-02,2026-07-02,2026-07-02T16:26:46.838Z,10:26:46,2026-07-02 10:26:46,,,,,,,spotlight-prolific
Z5MP3C6H,6983aee35d6a46461cfad3c6,2,int,7,4,4,5,-1,999,4966,1441655,1248,208,,,,,,,A quality e-bike,1,,,2026-07-02,2026-07-02,2026-07-02T16:26:46.838Z,10:26:46,2026-07-02 10:26:46,,,,,,,spotlight-prolific
Z5MP3C6H,6983aee35d6a46461cfad3c6,2,int,7,4,4,5,-1,999,5018,1441707,1248,208,,,,,,,A quality e-bike,1,,,2026-07-02,2026-07-02,2026-07-02T16:26:46.838Z,10:26:46,2026-07-02 10:26:46,,,,,,,spotlight-prolific
Z5MP3C6H,6983aee35d6a46461cfad3c6,2,int,7,4,4,5,-1,999,5066,1441755,1248,208,,,,,,,A quality e-bike,1,,,2026-07-02,2026-07-02,2026-07-02T16:26:46.838Z,10:26:46,2026-07-02 10:26:46,,,,,,,spotlight-prolific
Z5MP3C6H,6983aee35d6a46461cfad3c6,2,int,7,4,4,5,-1,999,5116,1441805,1248,208,,,,,,,A quality e-bike,1,,,2026-07-02,2026-07-02,2026-07-02T16:26:46.838Z,10:26:46,2026-07-02 10:26:46,,,,,,,spotlight-prolific
Z5MP3C6H,6983aee35d6a46461cfad3c6,2,int,7,4,4,5,-1,999,5166,1441855,1248,208,,,,,,,A quality e-bike,1,,,2026-07-02,2026-07-02,2026-07-02T16:26:46.838Z,10:26:46,2026-07-02 10:26:46,,,,,,,spotlight-prolific
Z5MP3C6H,6983aee35d6a46461cfad3c6,2,int,7,4,4,5,-1,999,5216,1441905,1248,208,,,,,,,A quality e-bike,1,,,2026-07-02,2026-07-02,2026-07-02T16:26:46.838Z,10:26:46,2026-07-02 10:26:46,,,,,,,spotlight-prolific
Z5MP3C6H,6983aee35d6a46461cfad3c6,2,int,7,4,4,5,-1,999,5266,1441955,1248,208,,,,,,,A quality e-bike,1,,,2026-07-02,2026-07-02,2026-07-02T16:26:46.838Z,10:26:46,2026-07-02 10:26:46,,,,,,,spotlight-prolific
Z5MP3C6H,6983aee35d6a46461cfad3c6,2,int,7,4,4,5,-1,999,5316,1442006,1248,208,,,,,,,A quality e-bike,1,,,2026-07-02,2026-07-02,2026-07-02T16:26:46.838Z,10:26:46,2026-07-02 10:26:46,,,,,,,spotlight-prolific
Z5MP3C6H,6983aee35d6a46461cfad3c6,2,int,7,4,4,5,-1,999,5367,1442056,1248,208,,,,,,,A quality e-bike,1,,,2026-07-02,2026-07-02,2026-07-02T16:26:46.838Z,10:26:46,2026-07-02 10:26:46,,,,,,,spotlight-prolific
Z5MP3C6H,6983aee35d6a46461cfad3c6,2,int,7,4,4,5,-1,999,5417,1442106,1248,208,,,,,,,A quality e-bike,1,,,2026-07-02,2026-07-02,2026-07-02T16:26:46.838Z,10:26:46,2026-07-02 10:26:46,,,,,,,spotlight-prolific
Z5MP3C6H,6983aee35d6a46461cfad3c6,2,int,7,4,4,5,-1,999,5467,1442157,1248,208,,,,,,,A quality e-bike,1,,,2026-07-02,2026-07-02,2026-07-02T16:26:46.838Z,10:26:46,2026-07-02 10:26:46,,,,,,,spotlight-prolific
Z5MP3C6H,6983aee35d6a46461cfad3c6,2,int,7,4,4,5,-1,999,5517,1442206,1248,208,,,,,,,A quality e-bike,1,,,2026-07-02,2026-07-02,2026-07-02T16:26:46.838Z,10:26:46,2026-07-02 10:26:46,,,,,,,spotlight-prolific
Z5MP3C6H,6983aee35d6a46461cfad3c6,2,int,7,4,4,5,-1,999,5566,1442255,1248,208,,,,,,,A quality e-bike,1,,,2026-07-02,2026-07-02,2026-07-02T16:26:46.838Z,10:26:46,2026-07-02 10:26:46,,,,,,,spotlight-prolific
Z5MP3C6H,6983aee35d6a46461cfad3c6,2,int,7,4,4,5,-1,999,5616,1442306,1248,208,,,,,,,A quality e-bike,1,,,2026-07-02,2026-07-02,2026-07-02T16:26:46.838Z,10:26:46,2026-07-02 10:26:46,,,,,,,spotlight-prolific
Z5MP3C6H,6983aee35d6a46461cfad3c6,2,int,7,4,4,5,-1,999,5666,1442355,1248,208,,,,,,,A quality e-bike,1,,,2026-07-02,2026-07-02,2026-07-02T16:26:46.838Z,10:26:46,2026-07-02 10:26:46,,,,,,,spotlight-prolific
Z5MP3C6H,6983aee35d6a46461cfad3c6,2,int,7,4,4,5,-1,999,5717,1442406,1248,208,,,,,,,A quality e-bike,1,,,2026-07-02,2026-07-02,2026-07-02T16:26:46.838Z,10:26:46,2026-07-02 10:26:46,,,,,,,spotlight-prolific
Z5MP3C6H,6983aee35d6a46461cfad3c6,2,int,7,4,4,5,-1,999,5766,1442456,1248,208,,,,,,,A quality e-bike,1,,,2026-07-02,2026-07-02,2026-07-02T16:26:46.838Z,10:26:46,2026-07-02 10:26:46,,,,,,,spotlight-prolific
Z5MP3C6H,6983aee35d6a46461cfad3c6,2,int,7,4,4,5,-1,999,5817,1442506,1248,208,,,,,,,A quality e-bike,1,,,2026-07-02,2026-07-02,2026-07-02T16:26:46.838Z,10:26:46,2026-07-02 10:26:46,,,,,,,spotlight-prolific
Z5MP3C6H,6983aee35d6a46461cfad3c6,2,int,7,4,4,5,-1,999,5867,1442556,1248,208,,,,,,,A quality e-bike,1,,,2026-07-02,2026-07-02,2026-07-02T16:26:46.838Z,10:26:46,2026-07-02 10:26:46,,,,,,,spotlight-prolific
Z5MP3C6H,6983aee35d6a46461cfad3c6,2,int,7,4,4,5,-1,999,5916,1442605,1248,208,,,,,,,A quality e-bike,1,,,2026-07-02,2026-07-02,2026-07-02T16:26:46.838Z,10:26:46,2026-07-02 10:26:46,,,,,,,spotlight-prolific
Z5MP3C6H,6983aee35d6a46461cfad3c6,2,int,7,4,4,5,-1,999,5968,1442657,1248,208,,,,,,,A quality e-bike,1,,,2026-07-02,2026-07-02,2026-07-02T16:26:46.838Z,10:26:46,2026-07-02 10:26:46,,,,,,,spotlight-prolific
Z5MP3C6H,6983aee35d6a46461cfad3c6,2,int,7,4,4,5,-1,999,6016,1442705,1248,208,,,,,,,A quality e-bike,1,,,2026-07-02,2026-07-02,2026-07-02T16:26:46.838Z,10:26:46,2026-07-02 10:26:46,,,,,,,spotlight-prolific
Z5MP3C6H,6983aee35d6a46461cfad3c6,2,int,7,4,4,5,-1,999,6067,1442756,1248,208,,,,,,,A quality e-bike,1,,,2026-07-02,2026-07-02,2026-07-02T16:26:46.838Z,10:26:46,2026-07-02 10:26:46,,,,,,,spotlight-prolific
Z5MP3C6H,6983aee35d6a46461cfad3c6,2,int,7,4,4,5,-1,999,6117,1442806,1248,208,,,,,,,A quality e-bike,1,,,2026-07-02,2026-07-02,2026-07-02T16:26:46.838Z,10:26:46,2026-07-02 10:26:46,,,,,,,spotlight-prolific
Z5MP3C6H,6983aee35d6a46461cfad3c6,2,int,7,4,4,5,-1,999,6167,1442857,1248,208,,,,,,,A quality e-bike,1,,,2026-07-02,2026-07-02,2026-07-02T16:26:46.838Z,10:26:46,2026-07-02 10:26:46,,,,,,,spotlight-prolific
Z5MP3C6H,6983aee35d6a46461cfad3c6,2,int,7,4,4,5,-1,999,6217,1442907,1248,208,,,,,,,A quality e-bike,1,,,2026-07-02,2026-07-02,2026-07-02T16:26:46.838Z,10:26:46,2026-07-02 10:26:46,,,,,,,spotlight-prolific
Z5MP3C6H,6983aee35d6a46461cfad3c6,2,int,7,4,4,5,-1,999,6266,1442955,1248,208,,,,,,,A quality e-bike,1,,,2026-07-02,2026-07-02,2026-07-02T16:26:46.838Z,10:26:46,2026-07-02 10:26:46,,,,,,,spotlight-prolific
Z5MP3C6H,6983aee35d6a46461cfad3c6,2,int,7,4,4,5,-1,999,6317,1443006,1248,208,,,,,,,A quality e-bike,1,,,2026-07-02,2026-07-02,2026-07-02T16:26:46.838Z,10:26:46,2026-07-02 10:26:46,,,,,,,spotlight-prolific
Z5MP3C6H,6983aee35d6a46461cfad3c6,2,int,7,4,4,5,-1,999,6367,1443056,1248,208,,,,,,,A quality e-bike,1,,,2026-07-02,2026-07-02,2026-07-02T16:26:46.838Z,10:26:46,2026-07-02 10:26:46,,,,,,,spotlight-prolific
Z5MP3C6H,6983aee35d6a46461cfad3c6,2,int,7,4,4,5,-1,999,6416,1443105,1248,208,,,,,,,A quality e-bike,1,,,2026-07-02,2026-07-02,2026-07-02T16:26:46.838Z,10:26:46,2026-07-02 10:26:46,,,,,,,spotlight-prolific
Z5MP3C6H,6983aee35d6a46461cfad3c6,2,int,7,4,4,5,-1,999,6467,1443156,1248,208,,,,,,,A quality e-bike,1,,,2026-07-02,2026-07-02,2026-07-02T16:26:46.838Z,10:26:46,2026-07-02 10:26:46,,,,,,,spotlight-prolific
Z5MP3C6H,6983aee35d6a46461cfad3c6,2,int,7,4,4,5,-1,999,6517,1443206,1248,208,,,,,,,A quality e-bike,1,,,2026-07-02,2026-07-02,2026-07-02T16:26:46.838Z,10:26:46,2026-07-02 10:26:46,,,,,,,spotlight-prolific
Z5MP3C6H,6983aee35d6a46461cfad3c6,2,int,7,4,4,5,-1,999,6566,1443256,1248,208,,,,,,,A quality e-bike,1,,,2026-07-02,2026-07-02,2026-07-02T16:26:46.838Z,10:26:46,2026-07-02 10:26:46,,,,,,,spotlight-prolific
Z5MP3C6H,6983aee35d6a46461cfad3c6,2,int,7,4,4,5,-1,999,6617,1443306,1248,208,,,,,,,A quality e-bike,1,,,2026-07-02,2026-07-02,2026-07-02T16:26:46.838Z,10:26:46,2026-07-02 10:26:46,,,,,,,spotlight-prolific
Z5MP3C6H,6983aee35d6a46461cfad3c6,2,int,7,4,4,5,-1,999,6667,1443356,1248,208,,,,,,,A quality e-bike,1,,,2026-07-02,2026-07-02,2026-07-02T16:26:46.838Z,10:26:46,2026-07-02 10:26:46,,,,,,,spotlight-prolific
Z5MP3C6H,6983aee35d6a46461cfad3c6,2,int,7,4,4,5,-1,999,6716,1443406,1248,208,,,,,,,A quality e-bike,1,,,2026-07-02,2026-07-02,2026-07-02T16:26:46.838Z,10:26:46,2026-07-02 10:26:46,,,,,,,spotlight-prolific
Z5MP3C6H,6983aee35d6a46461cfad3c6,2,int,7,4,4,5,-1,999,6765,1443455,1248,208,,,,,,,A quality e-bike,1,,,2026-07-02,2026-07-02,2026-07-02T16:26:46.838Z,10:26:46,2026-07-02 10:26:46,,,,,,,spotlight-prolific
Z5MP3C6H,6983aee35d6a46461cfad3c6,2,int,7,4,4,5,-1,999,6816,1443505,1248,208,,,,,,,A quality e-bike,1,,,2026-07-02,2026-07-02,2026-07-02T16:26:46.838Z,10:26:46,2026-07-02 10:26:46,,,,,,,spotlight-prolific
Z5MP3C6H,6983aee35d6a46461cfad3c6,2,int,7,4,4,5,-1,999,6866,1443555,1248,208,,,,,,,A quality e-bike,1,,,2026-07-02,2026-07-02,2026-07-02T16:26:46.838Z,10:26:46,2026-07-02 10:26:46,,,,,,,spotlight-prolific
Z5MP3C6H,6983aee35d6a46461cfad3c6,2,int,7,4,4,5,-1,999,6917,1443606,1248,208,,,,,,,A quality e-bike,1,,,2026-07-02,2026-07-02,2026-07-02T16:26:46.838Z,10:26:46,2026-07-02 10:26:46,,,,,,,spotlight-prolific
Z5MP3C6H,6983aee35d6a46461cfad3c6,2,int,7,4,4,5,-1,999,6966,1443655,1248,208,,,,,,,A quality e-bike,1,,,2026-07-02,2026-07-02,2026-07-02T16:26:46.838Z,10:26:46,2026-07-02 10:26:46,,,,,,,spotlight-prolific
Z5MP3C6H,6983aee35d6a46461cfad3c6,2,int,7,4,4,5,-1,999,7016,1443706,1248,208,,,,,,,A quality e-bike,1,,,2026-07-02,2026-07-02,2026-07-02T16:26:46.838Z,10:26:46,2026-07-02 10:26:46,,,,,,,spotlight-prolific
Z5MP3C6H,6983aee35d6a46461cfad3c6,2,int,7,4,4,5,-1,999,7066,1443756,1248,208,,,,,,,A quality e-bike,1,,,2026-07-02,2026-07-02,2026-07-02T16:26:46.838Z,10:26:46,2026-07-02 10:26:46,,,,,,,spotlight-prolific
Z5MP3C6H,6983aee35d6a46461cfad3c6,2,int,7,4,4,5,-1,999,7117,1443806,1248,208,,,,,,,A quality e-bike,1,,,2026-07-02,2026-07-02,2026-07-02T16:26:46.838Z,10:26:46,2026-07-02 10:26:46,,,,,,,spotlight-prolific
Z5MP3C6H,6983aee35d6a46461cfad3c6,2,int,7,4,4,5,-1,999,7167,1443856,1248,208,,,,,,,A quality e-bike,1,,,2026-07-02,2026-07-02,2026-07-02T16:26:46.838Z,10:26:46,2026-07-02 10:26:46,,,,,,,spotlight-prolific
Z5MP3C6H,6983aee35d6a46461cfad3c6,2,int,7,4,4,5,-1,999,7216,1443906,1248,208,,,,,,,A quality e-bike,1,,,2026-07-02,2026-07-02,2026-07-02T16:26:46.838Z,10:26:46,2026-07-02 10:26:46,,,,,,,spotlight-prolific
Z5MP3C6H,6983aee35d6a46461cfad3c6,2,int,7,4,4,5,-1,999,7266,1443955,1248,208,,,,,,,A quality e-bike,1,,,2026-07-02,2026-07-02,2026-07-02T16:26:46.838Z,10:26:46,2026-07-02 10:26:46,,,,,,,spotlight-prolific
Z5MP3C6H,6983aee35d6a46461cfad3c6,2,int,7,4,4,5,-1,999,7342,1444031,1248,208,,,,,,,A quality e-bike,1,,,2026-07-02,2026-07-02,2026-07-02T16:26:46.838Z,10:26:46,2026-07-02 10:26:46,,,,,,,spotlight-prolific
Z5MP3C6H,6983aee35d6a46461cfad3c6,2,int,7,4,4,5,-1,999,7366,1444056,1248,208,,,,,,,A quality e-bike,1,,,2026-07-02,2026-07-02,2026-07-02T16:26:46.838Z,10:26:46,2026-07-02 10:26:46,,,,,,,spotlight-prolific
Z5MP3C6H,6983aee35d6a46461cfad3c6,2,int,7,4,4,5,-1,999,7416,1444105,1248,208,,,,,,,A quality e-bike,1,,,2026-07-02,2026-07-02,2026-07-02T16:26:46.838Z,10:26:46,2026-07-02 10:26:46,,,,,,,spotlight-prolific
Z5MP3C6H,6983aee35d6a46461cfad3c6,2,int,7,4,4,5,-1,999,7466,1444155,1248,208,,,,,,,A quality e-bike,1,,,2026-07-02,2026-07-02,2026-07-02T16:26:46.838Z,10:26:46,2026-07-02 10:26:46,,,,,,,spotlight-prolific
Z5MP3C6H,6983aee35d6a46461cfad3c6,2,int,7,4,4,5,-1,999,7516,1444206,1248,208,,,,,,,A quality e-bike,1,,,2026-07-02,2026-07-02,2026-07-02T16:26:46.838Z,10:26:46,2026-07-02 10:26:46,,,,,,,spotlight-prolific
Z5MP3C6H,6983aee35d6a46461cfad3c6,2,int,7,4,4,5,-1,999,7567,1444257,1248,208,,,,,,,A quality e-bike,1,,,2026-07-02,2026-07-02,2026-07-02T16:26:46.838Z,10:26:46,2026-07-02 10:26:46,,,,,,,spotlight-prolific
Z5MP3C6H,6983aee35d6a46461cfad3c6,2,int,7,4,4,5,-1,999,7617,1444306,1248,208,,,,,,,A quality e-bike,1,,,2026-07-02,2026-07-02,2026-07-02T16:26:46.838Z,10:26:46,2026-07-02 10:26:46,,,,,,,spotlight-prolific
Z5MP3C6H,6983aee35d6a46461cfad3c6,2,int,7,4,4,5,-1,999,7667,1444356,1248,208,,,,,,,A quality e-bike,1,,,2026-07-02,2026-07-02,2026-07-02T16:26:46.838Z,10:26:46,2026-07-02 10:26:46,,,,,,,spotlight-prolific
Z5MP3C6H,6983aee35d6a46461cfad3c6,2,int,7,4,4,5,-1,999,7716,1444406,1248,208,,,,,,,A quality e-bike,1,,,2026-07-02,2026-07-02,2026-07-02T16:26:46.838Z,10:26:46,2026-07-02 10:26:46,,,,,,,spotlight-prolific
Z5MP3C6H,6983aee35d6a46461cfad3c6,2,int,7,4,4,5,-1,999,7767,1444456,1248,208,,,,,,,A quality e-bike,1,,,2026-07-02,2026-07-02,2026-07-02T16:26:46.838Z,10:26:46,2026-07-02 10:26:46,,,,,,,spotlight-prolific
Z5MP3C6H,6983aee35d6a46461cfad3c6,2,int,7,4,4,5,-1,999,7817,1444506,1248,208,,,,,,,A quality e-bike,1,,,2026-07-02,2026-07-02,2026-07-02T16:26:46.838Z,10:26:46,2026-07-02 10:26:46,,,,,,,spotlight-prolific
Z5MP3C6H,6983aee35d6a46461cfad3c6,2,int,7,4,4,5,-1,999,7866,1444555,1248,208,,,,,,,A quality e-bike,1,,,2026-07-02,2026-07-02,2026-07-02T16:26:46.838Z,10:26:46,2026-07-02 10:26:46,,,,,,,spotlight-prolific
Z5MP3C6H,6983aee35d6a46461cfad3c6,2,int,7,4,4,5,-1,999,7917,1444606,1248,208,,,,,,,A quality e-bike,1,,,2026-07-02,2026-07-02,2026-07-02T16:26:46.838Z,10:26:46,2026-07-02 10:26:46,,,,,,,spotlight-prolific
Z5MP3C6H,6983aee35d6a46461cfad3c6,2,int,7,4,4,5,-1,999,7966,1444656,1248,208,,,,,,,A quality e-bike,1,,,2026-07-02,2026-07-02,2026-07-02T16:26:46.838Z,10:26:46,2026-07-02 10:26:46,,,,,,,spotlight-prolific
Z5MP3C6H,6983aee35d6a46461cfad3c6,2,int,7,4,4,5,-1,999,8016,1444706,1248,208,,,,,,,A quality e-bike,1,,,2026-07-02,2026-07-02,2026-07-02T16:26:46.838Z,10:26:46,2026-07-02 10:26:46,,,,,,,spotlight-prolific
Z5MP3C6H,6983aee35d6a46461cfad3c6,2,int,7,4,4,5,-1,999,8066,1444755,1248,208,,,,,,,A quality e-bike,1,,,2026-07-02,2026-07-02,2026-07-02T16:26:46.838Z,10:26:46,2026-07-02 10:26:46,,,,,,,spotlight-prolific
Z5MP3C6H,6983aee35d6a46461cfad3c6,2,int,7,4,4,5,-1,999,8117,1444806,1248,208,,,,,,,A quality e-bike,1,,,2026-07-02,2026-07-02,2026-07-02T16:26:46.838Z,10:26:46,2026-07-02 10:26:46,,,,,,,spotlight-prolific
Z5MP3C6H,6983aee35d6a46461cfad3c6,2,int,7,4,4,5,-1,999,8166,1444856,1248,208,,,,,,,A quality e-bike,1,,,2026-07-02,2026-07-02,2026-07-02T16:26:46.838Z,10:26:46,2026-07-02 10:26:46,,,,,,,spotlight-prolific
Z5MP3C6H,6983aee35d6a46461cfad3c6,2,int,7,4,4,5,-1,999,8217,1444907,1248,208,,,,,,,A quality e-bike,1,,,2026-07-02,2026-07-02,2026-07-02T16:26:46.838Z,10:26:46,2026-07-02 10:26:46,,,,,,,spotlight-prolific
Z5MP3C6H,6983aee35d6a46461cfad3c6,2,int,7,4,4,5,-1,999,8265,1444955,1248,208,,,,,,,A quality e-bike,1,,,2026-07-02,2026-07-02,2026-07-02T16:26:46.838Z,10:26:46,2026-07-02 10:26:46,,,,,,,spotlight-prolific
Z5MP3C6H,6983aee35d6a46461cfad3c6,2,int,7,4,4,5,-1,999,8316,1445006,1248,208,,,,,,,A quality e-bike,1,,,2026-07-02,2026-07-02,2026-07-02T16:26:46.838Z,10:26:46,2026-07-02 10:26:46,,,,,,,spotlight-prolific
Z5MP3C6H,6983aee35d6a46461cfad3c6,2,int,7,4,4,5,-1,999,8366,1445056,1248,208,,,,,,,A quality e-bike,1,,,2026-07-02,2026-07-02,2026-07-02T16:26:46.838Z,10:26:46,2026-07-02 10:26:46,,,,,,,spotlight-prolific
Z5MP3C6H,6983aee35d6a46461cfad3c6,2,int,7,4,4,5,-1,999,8416,1445105,1248,208,,,,,,,A quality e-bike,1,,,2026-07-02,2026-07-02,2026-07-02T16:26:46.838Z,10:26:46,2026-07-02 10:26:46,,,,,,,spotlight-prolific
Z5MP3C6H,6983aee35d6a46461cfad3c6,2,int,7,4,4,5,-1,999,8466,1445156,1248,208,,,,,,,A quality e-bike,1,,,2026-07-02,2026-07-02,2026-07-02T16:26:46.838Z,10:26:46,2026-07-02 10:26:46,,,,,,,spotlight-prolific
Z5MP3C6H,6983aee35d6a46461cfad3c6,2,int,7,4,4,5,-1,999,8517,1445206,1248,208,,,,,,,A quality e-bike,1,,,2026-07-02,2026-07-02,2026-07-02T16:26:46.838Z,10:26:46,2026-07-02 10:26:46,,,,,,,spotlight-prolific
Z5MP3C6H,6983aee35d6a46461cfad3c6,2,int,7,4,4,5,-1,999,8566,1445255,1248,208,,,,,,,A quality e-bike,1,,,2026-07-02,2026-07-02,2026-07-02T16:26:46.838Z,10:26:46,2026-07-02 10:26:46,,,,,,,spotlight-prolific
Z5MP3C6H,6983aee35d6a46461cfad3c6,2,int,7,4,4,5,-1,999,8617,1445306,1248,208,,,,,,,A quality e-bike,1,,,2026-07-02,2026-07-02,2026-07-02T16:26:46.838Z,10:26:46,2026-07-02 10:26:46,,,,,,,spotlight-prolific
Z5MP3C6H,6983aee35d6a46461cfad3c6,2,int,7,4,4,5,-1,999,8666,1445356,1248,208,,,,,,,A quality e-bike,1,,,2026-07-02,2026-07-02,2026-07-02T16:26:46.838Z,10:26:46,2026-07-02 10:26:46,,,,,,,spotlight-prolific
Z5MP3C6H,6983aee35d6a46461cfad3c6,2,int,7,4,4,5,-1,999,8715,1445405,1248,208,,,,,,,A quality e-bike,1,,,2026-07-02,2026-07-02,2026-07-02T16:26:46.838Z,10:26:46,2026-07-02 10:26:46,,,,,,,spotlight-prolific
Z5MP3C6H,6983aee35d6a46461cfad3c6,2,int,7,4,4,5,-1,999,8766,1445455,1248,208,,,,,,,A quality e-bike,1,,,2026-07-02,2026-07-02,2026-07-02T16:26:46.838Z,10:26:46,2026-07-02 10:26:46,,,,,,,spotlight-prolific
Z5MP3C6H,6983aee35d6a46461cfad3c6,2,int,7,4,4,5,-1,999,8816,1445506,1248,208,,,,,,,A quality e-bike,1,,,2026-07-02,2026-07-02,2026-07-02T16:26:46.838Z,10:26:46,2026-07-02 10:26:46,,,,,,,spotlight-prolific
Z5MP3C6H,6983aee35d6a46461cfad3c6,2,int,7,4,4,5,-1,999,8866,1445555,1248,208,,,,,,,A quality e-bike,1,,,2026-07-02,2026-07-02,2026-07-02T16:26:46.838Z,10:26:46,2026-07-02 10:26:46,,,,,,,spotlight-prolific
Z5MP3C6H,6983aee35d6a46461cfad3c6,2,int,7,4,4,5,-1,999,8916,1445605,1248,208,,,,,,,A quality e-bike,1,,,2026-07-02,2026-07-02,2026-07-02T16:26:46.838Z,10:26:46,2026-07-02 10:26:46,,,,,,,spotlight-prolific
Z5MP3C6H,6983aee35d6a46461cfad3c6,2,int,7,4,4,5,-1,999,8966,1445656,1248,208,,,,,,,A quality e-bike,1,,,2026-07-02,2026-07-02,2026-07-02T16:26:46.838Z,10:26:46,2026-07-02 10:26:46,,,,,,,spotlight-prolific
Z5MP3C6H,6983aee35d6a46461cfad3c6,2,int,7,4,4,5,-1,999,9016,1445706,1248,208,,,,,,,A quality e-bike,1,,,2026-07-02,2026-07-02,2026-07-02T16:26:46.838Z,10:26:46,2026-07-02 10:26:46,,,,,,,spotlight-prolific
Z5MP3C6H,6983aee35d6a46461cfad3c6,2,int,7,4,4,5,-1,999,9065,1445755,1248,208,,,,,,,A quality e-bike,1,,,2026-07-02,2026-07-02,2026-07-02T16:26:46.838Z,10:26:46,2026-07-02 10:26:46,,,,,,,spotlight-prolific
Z5MP3C6H,6983aee35d6a46461cfad3c6,2,int,7,4,4,5,-1,999,9116,1445805,1248,208,,,,,,,A quality e-bike,1,,,2026-07-02,2026-07-02,2026-07-02T16:26:46.838Z,10:26:46,2026-07-02 10:26:46,,,,,,,spotlight-prolific
Z5MP3C6H,6983aee35d6a46461cfad3c6,2,int,7,4,4,5,-1,999,9166,1445856,1248,208,,,,,,,A quality e-bike,1,,,2026-07-02,2026-07-02,2026-07-02T16:26:46.838Z,10:26:46,2026-07-02 10:26:46,,,,,,,spotlight-prolific
Z5MP3C6H,6983aee35d6a46461cfad3c6,2,int,7,4,4,5,-1,999,9216,1445906,1248,208,,,,,,,A quality e-bike,1,,,2026-07-02,2026-07-02,2026-07-02T16:26:46.838Z,10:26:46,2026-07-02 10:26:46,,,,,,,spotlight-prolific
Z5MP3C6H,6983aee35d6a46461cfad3c6,2,int,7,4,4,5,-1,999,9266,1445955,1248,208,,,,,,,A quality e-bike,1,,,2026-07-02,2026-07-02,2026-07-02T16:26:46.838Z,10:26:46,2026-07-02 10:26:46,,,,,,,spotlight-prolific
Z5MP3C6H,6983aee35d6a46461cfad3c6,2,int,7,4,4,5,-1,999,9316,1446005,1248,208,,,,,,,A quality e-bike,1,,,2026-07-02,2026-07-02,2026-07-02T16:26:46.838Z,10:26:46,2026-07-02 10:26:46,,,,,,,spotlight-prolific
Z5MP3C6H,6983aee35d6a46461cfad3c6,2,int,7,4,4,5,-1,999,9367,1446056,1248,208,,,,,,,A quality e-bike,1,,,2026-07-02,2026-07-02,2026-07-02T16:26:46.838Z,10:26:46,2026-07-02 10:26:46,,,,,,,spotlight-prolific
Z5MP3C6H,6983aee35d6a46461cfad3c6,2,int,7,4,4,5,-1,999,9416,1446105,1248,208,,,,,,,A quality e-bike,1,,,2026-07-02,2026-07-02,2026-07-02T16:26:46.838Z,10:26:46,2026-07-02 10:26:46,,,,,,,spotlight-prolific
Z5MP3C6H,6983aee35d6a46461cfad3c6,2,int,7,4,4,5,-1,999,9467,1446156,1248,208,,,,,,,A quality e-bike,1,,,2026-07-02,2026-07-02,2026-07-02T16:26:46.838Z,10:26:46,2026-07-02 10:26:46,,,,,,,spotlight-prolific
Z5MP3C6H,6983aee35d6a46461cfad3c6,2,int,7,4,4,5,-1,999,9517,1446206,1248,208,,,,,,,A quality e-bike,1,,,2026-07-02,2026-07-02,2026-07-02T16:26:46.838Z,10:26:46,2026-07-02 10:26:46,,,,,,,spotlight-prolific
Z5MP3C6H,6983aee35d6a46461cfad3c6,2,int,7,4,4,5,-1,999,9566,1446256,1248,208,,,,,,,A quality e-bike,1,,,2026-07-02,2026-07-02,2026-07-02T16:26:46.838Z,10:26:46,2026-07-02 10:26:46,,,,,,,spotlight-prolific
Z5MP3C6H,6983aee35d6a46461cfad3c6,2,int,7,4,4,5,-1,999,9616,1446305,1248,208,,,,,,,A quality e-bike,1,,,2026-07-02,2026-07-02,2026-07-02T16:26:46.838Z,10:26:46,2026-07-02 10:26:46,,,,,,,spotlight-prolific
Z5MP3C6H,6983aee35d6a46461cfad3c6,2,int,7,4,4,5,-1,999,9666,1446355,1248,208,,,,,,,A quality e-bike,1,,,2026-07-02,2026-07-02,2026-07-02T16:26:46.838Z,10:26:46,2026-07-02 10:26:46,,,,,,,spotlight-prolific
Z5MP3C6H,6983aee35d6a46461cfad3c6,2,int,7,4,4,5,-1,999,9717,1446406,1248,208,,,,,,,A quality e-bike,1,,,2026-07-02,2026-07-02,2026-07-02T16:26:46.838Z,10:26:46,2026-07-02 10:26:46,,,,,,,spotlight-prolific
Z5MP3C6H,6983aee35d6a46461cfad3c6,2,int,7,4,4,5,-1,999,9766,1446455,1248,208,,,,,,,A quality e-bike,1,,,2026-07-02,2026-07-02,2026-07-02T16:26:46.838Z,10:26:46,2026-07-02 10:26:46,,,,,,,spotlight-prolific
Z5MP3C6H,6983aee35d6a46461cfad3c6,2,int,7,4,4,5,-1,999,9816,1446505,1248,208,,,,,,,A quality e-bike,1,,,2026-07-02,2026-07-02,2026-07-02T16:26:46.838Z,10:26:46,2026-07-02 10:26:46,,,,,,,spotlight-prolific
Z5MP3C6H,6983aee35d6a46461cfad3c6,2,int,7,4,4,5,-1,999,9866,1446556,1248,208,,,,,,,A quality e-bike,1,,,2026-07-02,2026-07-02,2026-07-02T16:26:46.838Z,10:26:46,2026-07-02 10:26:46,,,,,,,spotlight-prolific
Z5MP3C6H,6983aee35d6a46461cfad3c6,2,int,7,4,4,5,-1,999,9916,1446605,1248,208,,,,,,,A quality e-bike,1,,,2026-07-02,2026-07-02,2026-07-02T16:26:46.838Z,10:26:46,2026-07-02 10:26:46,,,,,,,spotlight-prolific
Z5MP3C6H,6983aee35d6a46461cfad3c6,2,int,7,4,4,5,-1,999,9966,1446656,1248,208,,,,,,,A quality e-bike,1,,,2026-07-02,2026-07-02,2026-07-02T16:26:46.838Z,10:26:46,2026-07-02 10:26:46,,,,,,,spotlight-prolific
Z5MP3C6H,6983aee35d6a46461cfad3c6,2,int,7,4,4,5,-1,999,10015,1446705,1248,208,,,,,,,A quality e-bike,1,,,2026-07-02,2026-07-02,2026-07-02T16:26:46.838Z,10:26:46,2026-07-02 10:26:46,,,,,,,spotlight-prolific
Z5MP3C6H,6983aee35d6a46461cfad3c6,2,int,7,4,4,5,-1,999,10066,1446755,1248,208,,,,,,,A quality e-bike,1,,,2026-07-02,2026-07-02,2026-07-02T16:26:46.838Z,10:26:46,2026-07-02 10:26:46,,,,,,,spotlight-prolific
Z5MP3C6H,6983aee35d6a46461cfad3c6,2,int,7,4,4,5,-1,999,10117,1446806,1248,208,,,,,,,A quality e-bike,1,,,2026-07-02,2026-07-02,2026-07-02T16:26:46.838Z,10:26:46,2026-07-02 10:26:46,,,,,,,spotlight-prolific
Z5MP3C6H,6983aee35d6a46461cfad3c6,2,int,7,4,4,5,-1,999,10166,1446855,1248,208,,,,,,,A quality e-bike,1,,,2026-07-02,2026-07-02,2026-07-02T16:26:46.838Z,10:26:46,2026-07-02 10:26:46,,,,,,,spotlight-prolific
Z5MP3C6H,6983aee35d6a46461cfad3c6,2,int,7,4,4,5,-1,999,10216,1446905,1248,208,,,,,,,A quality e-bike,1,,,2026-07-02,2026-07-02,2026-07-02T16:26:46.838Z,10:26:46,2026-07-02 10:26:46,,,,,,,spotlight-prolific
Z5MP3C6H,6983aee35d6a46461cfad3c6,2,int,7,4,4,5,-1,999,10266,1446956,1248,208,,,,,,,A quality e-bike,1,,,2026-07-02,2026-07-02,2026-07-02T16:26:46.838Z,10:26:46,2026-07-02 10:26:46,,,,,,,spotlight-prolific
Z5MP3C6H,6983aee35d6a46461cfad3c6,2,int,7,4,4,5,-1,999,10316,1447005,1248,208,,,,,,,A quality e-bike,1,,,2026-07-02,2026-07-02,2026-07-02T16:26:46.838Z,10:26:46,2026-07-02 10:26:46,,,,,,,spotlight-prolific
Z5MP3C6H,6983aee35d6a46461cfad3c6,2,int,7,4,4,5,-1,999,10366,1447055,1248,208,,,,,,,A quality e-bike,1,,,2026-07-02,2026-07-02,2026-07-02T16:26:46.838Z,10:26:46,2026-07-02 10:26:46,,,,,,,spotlight-prolific
Z5MP3C6H,6983aee35d6a46461cfad3c6,2,int,7,4,4,5,-1,999,10417,1447107,1248,208,,,,,,,A quality e-bike,1,,,2026-07-02,2026-07-02,2026-07-02T16:26:46.838Z,10:26:46,2026-07-02 10:26:46,,,,,,,spotlight-prolific
Z5MP3C6H,6983aee35d6a46461cfad3c6,2,int,7,4,4,5,-1,999,10467,1447156,1248,208,,,,,,,A quality e-bike,1,,,2026-07-02,2026-07-02,2026-07-02T16:26:46.838Z,10:26:46,2026-07-02 10:26:46,,,,,,,spotlight-prolific
Z5MP3C6H,6983aee35d6a46461cfad3c6,2,int,7,4,4,5,-1,999,10516,1447205,1248,208,,,,,,,A quality e-bike,1,,,2026-07-02,2026-07-02,2026-07-02T16:26:46.838Z,10:26:46,2026-07-02 10:26:46,,,,,,,spotlight-prolific
Z5MP3C6H,6983aee35d6a46461cfad3c6,2,int,7,4,4,5,-1,999,10566,1447255,1248,208,,,,,,,A quality e-bike,1,,,2026-07-02,2026-07-02,2026-07-02T16:26:46.838Z,10:26:46,2026-07-02 10:26:46,,,,,,,spotlight-prolific
Z5MP3C6H,6983aee35d6a46461cfad3c6,2,int,7,4,4,5,-1,999,10617,1447306,1248,208,,,,,,,A quality e-bike,1,,,2026-07-02,2026-07-02,2026-07-02T16:26:46.838Z,10:26:46,2026-07-02 10:26:46,,,,,,,spotlight-prolific
Z5MP3C6H,6983aee35d6a46461cfad3c6,2,int,7,4,4,5,-1,999,10667,1447356,1248,208,,,,,,,A quality e-bike,1,,,2026-07-02,2026-07-02,2026-07-02T16:26:46.838Z,10:26:46,2026-07-02 10:26:46,,,,,,,spotlight-prolific
Z5MP3C6H,6983aee35d6a46461cfad3c6,2,int,7,4,4,5,-1,999,10716,1447406,1248,208,,,,,,,A quality e-bike,1,,,2026-07-02,2026-07-02,2026-07-02T16:26:46.838Z,10:26:46,2026-07-02 10:26:46,,,,,,,spotlight-prolific
Z5MP3C6H,6983aee35d6a46461cfad3c6,2,int,7,4,4,5,-1,999,10766,1447455,1248,208,,,,,,,A quality e-bike,1,,,2026-07-02,2026-07-02,2026-07-02T16:26:46.838Z,10:26:46,2026-07-02 10:26:46,,,,,,,spotlight-prolific
Z5MP3C6H,6983aee35d6a46461cfad3c6,2,int,7,4,4,5,-1,999,10816,1447506,1248,208,,,,,,,A quality e-bike,1,,,2026-07-02,2026-07-02,2026-07-02T16:26:46.838Z,10:26:46,2026-07-02 10:26:46,,,,,,,spotlight-prolific
Z5MP3C6H,6983aee35d6a46461cfad3c6,2,int,7,4,4,5,-1,999,10866,1447556,1248,208,,,,,,,A quality e-bike,1,,,2026-07-02,2026-07-02,2026-07-02T16:26:46.838Z,10:26:46,2026-07-02 10:26:46,,,,,,,spotlight-prolific
Z5MP3C6H,6983aee35d6a46461cfad3c6,2,int,7,4,4,5,-1,999,10916,1447605,1248,208,,,,,,,A quality e-bike,1,,,2026-07-02,2026-07-02,2026-07-02T16:26:46.838Z,10:26:46,2026-07-02 10:26:46,,,,,,,spotlight-prolific
Z5MP3C6H,6983aee35d6a46461cfad3c6,2,int,7,4,4,5,-1,999,10966,1447655,1248,208,,,,,,,A quality e-bike,1,,,2026-07-02,2026-07-02,2026-07-02T16:26:46.838Z,10:26:46,2026-07-02 10:26:46,,,,,,,spotlight-prolific
Z5MP3C6H,6983aee35d6a46461cfad3c6,2,int,7,4,4,5,-1,999,11016,1447705,1248,208,,,,,,,A quality e-bike,1,,,2026-07-02,2026-07-02,2026-07-02T16:26:46.838Z,10:26:46,2026-07-02 10:26:46,,,,,,,spotlight-prolific
Z5MP3C6H,6983aee35d6a46461cfad3c6,2,int,7,4,4,5,-1,999,11067,1447756,1248,208,,,,,,,A quality e-bike,1,,,2026-07-02,2026-07-02,2026-07-02T16:26:46.838Z,10:26:46,2026-07-02 10:26:46,,,,,,,spotlight-prolific
Z5MP3C6H,6983aee35d6a46461cfad3c6,2,int,7,4,4,5,-1,999,11116,1447805,1248,208,,,,,,,A quality e-bike,1,,,2026-07-02,2026-07-02,2026-07-02T16:26:46.838Z,10:26:46,2026-07-02 10:26:46,,,,,,,spotlight-prolific
Z5MP3C6H,6983aee35d6a46461cfad3c6,2,int,7,4,4,5,-1,999,11167,1447857,1248,208,,,,,,,A quality e-bike,1,,,2026-07-02,2026-07-02,2026-07-02T16:26:46.838Z,10:26:46,2026-07-02 10:26:46,,,,,,,spotlight-prolific
Z5MP3C6H,6983aee35d6a46461cfad3c6,2,int,7,4,4,5,-1,999,11216,1447905,1248,208,,,,,,,A quality e-bike,1,,,2026-07-02,2026-07-02,2026-07-02T16:26:46.838Z,10:26:46,2026-07-02 10:26:46,,,,,,,spotlight-prolific
Z5MP3C6H,6983aee35d6a46461cfad3c6,2,int,7,4,4,5,-1,999,11266,1447956,1248,208,,,,,,,A quality e-bike,1,,,2026-07-02,2026-07-02,2026-07-02T16:26:46.838Z,10:26:46,2026-07-02 10:26:46,,,,,,,spotlight-prolific
Z5MP3C6H,6983aee35d6a46461cfad3c6,2,int,7,4,4,5,-1,999,11315,1448005,1248,208,,,,,,,A quality e-bike,1,,,2026-07-02,2026-07-02,2026-07-02T16:26:46.838Z,10:26:46,2026-07-02 10:26:46,,,,,,,spotlight-prolific
Z5MP3C6H,6983aee35d6a46461cfad3c6,2,int,7,4,4,5,-1,999,11366,1448055,1248,208,,,,,,,A quality e-bike,1,,,2026-07-02,2026-07-02,2026-07-02T16:26:46.838Z,10:26:46,2026-07-02 10:26:46,,,,,,,spotlight-prolific
Z5MP3C6H,6983aee35d6a46461cfad3c6,2,int,7,4,4,5,-1,999,11417,1448107,1248,208,,,,,,,A quality e-bike,1,,,2026-07-02,2026-07-02,2026-07-02T16:26:46.838Z,10:26:46,2026-07-02 10:26:46,,,,,,,spotlight-prolific
Z5MP3C6H,6983aee35d6a46461cfad3c6,2,int,7,4,4,5,-1,999,11467,1448156,1248,208,,,,,,,A quality e-bike,1,,,2026-07-02,2026-07-02,2026-07-02T16:26:46.838Z,10:26:46,2026-07-02 10:26:46,,,,,,,spotlight-prolific
Z5MP3C6H,6983aee35d6a46461cfad3c6,2,int,7,4,4,5,-1,999,11516,1448206,1248,208,,,,,,,A quality e-bike,1,,,2026-07-02,2026-07-02,2026-07-02T16:26:46.838Z,10:26:46,2026-07-02 10:26:46,,,,,,,spotlight-prolific
Z5MP3C6H,6983aee35d6a46461cfad3c6,2,int,7,4,4,5,-1,999,11566,1448255,1248,208,,,,,,,A quality e-bike,1,,,2026-07-02,2026-07-02,2026-07-02T16:26:46.838Z,10:26:46,2026-07-02 10:26:46,,,,,,,spotlight-prolific
Z5MP3C6H,6983aee35d6a46461cfad3c6,2,int,7,4,4,5,-1,999,11617,1448306,1248,208,,,,,,,A quality e-bike,1,,,2026-07-02,2026-07-02,2026-07-02T16:26:46.838Z,10:26:46,2026-07-02 10:26:46,,,,,,,spotlight-prolific
Z5MP3C6H,6983aee35d6a46461cfad3c6,2,int,7,4,4,5,-1,999,11666,1448355,1248,208,,,,,,,A quality e-bike,1,,,2026-07-02,2026-07-02,2026-07-02T16:26:46.838Z,10:26:46,2026-07-02 10:26:46,,,,,,,spotlight-prolific
Z5MP3C6H,6983aee35d6a46461cfad3c6,2,int,7,4,4,5,-1,999,11717,1448407,1248,208,,,,,,,A quality e-bike,1,,,2026-07-02,2026-07-02,2026-07-02T16:26:46.838Z,10:26:46,2026-07-02 10:26:46,,,,,,,spotlight-prolific
Z5MP3C6H,6983aee35d6a46461cfad3c6,2,int,7,4,4,5,-1,999,11766,1448455,1248,208,,,,,,,A quality e-bike,1,,,2026-07-02,2026-07-02,2026-07-02T16:26:46.838Z,10:26:46,2026-07-02 10:26:46,,,,,,,spotlight-prolific
Z5MP3C6H,6983aee35d6a46461cfad3c6,2,int,7,4,4,5,-1,999,11816,1448505,1248,208,,,,,,,A quality e-bike,1,,,2026-07-02,2026-07-02,2026-07-02T16:26:46.838Z,10:26:46,2026-07-02 10:26:46,,,,,,,spotlight-prolific
Z5MP3C6H,6983aee35d6a46461cfad3c6,2,int,7,4,4,5,-1,999,11866,1448555,1248,208,,,,,,,A quality e-bike,1,,,2026-07-02,2026-07-02,2026-07-02T16:26:46.838Z,10:26:46,2026-07-02 10:26:46,,,,,,,spotlight-prolific
Z5MP3C6H,6983aee35d6a46461cfad3c6,2,int,7,4,4,5,-1,999,11917,1448606,1248,208,,,,,,,A quality e-bike,1,,,2026-07-02,2026-07-02,2026-07-02T16:26:46.838Z,10:26:46,2026-07-02 10:26:46,,,,,,,spotlight-prolific
Z5MP3C6H,6983aee35d6a46461cfad3c6,2,int,7,4,4,5,-1,999,11966,1448656,1248,208,,,,,,,A quality e-bike,1,,,2026-07-02,2026-07-02,2026-07-02T16:26:46.838Z,10:26:46,2026-07-02 10:26:46,,,,,,,spotlight-prolific
Z5MP3C6H,6983aee35d6a46461cfad3c6,2,int,7,4,4,5,-1,999,12015,1448705,1248,208,,,,,,,A quality e-bike,1,,,2026-07-02,2026-07-02,2026-07-02T16:26:46.838Z,10:26:46,2026-07-02 10:26:46,,,,,,,spotlight-prolific
Z5MP3C6H,6983aee35d6a46461cfad3c6,2,int,7,4,4,5,-1,999,12065,1448755,1248,208,,,,,,,A quality e-bike,1,,,2026-07-02,2026-07-02,2026-07-02T16:26:46.838Z,10:26:46,2026-07-02 10:26:46,,,,,,,spotlight-prolific
Z5MP3C6H,6983aee35d6a46461cfad3c6,2,int,7,4,4,5,-1,999,12116,1448806,1248,208,,,,,,,A quality e-bike,1,,,2026-07-02,2026-07-02,2026-07-02T16:26:46.838Z,10:26:46,2026-07-02 10:26:46,,,,,,,spotlight-prolific
Z5MP3C6H,6983aee35d6a46461cfad3c6,2,int,7,4,4,5,-1,999,12166,1448856,1248,208,,,,,,,A quality e-bike,1,,,2026-07-02,2026-07-02,2026-07-02T16:26:46.838Z,10:26:46,2026-07-02 10:26:46,,,,,,,spotlight-prolific
Z5MP3C6H,6983aee35d6a46461cfad3c6,2,int,7,4,4,5,-1,999,12216,1448905,1248,208,,,,,,,A quality e-bike,1,,,2026-07-02,2026-07-02,2026-07-02T16:26:46.838Z,10:26:46,2026-07-02 10:26:46,,,,,,,spotlight-prolific
Z5MP3C6H,6983aee35d6a46461cfad3c6,2,int,7,4,4,5,-1,999,12267,1448956,1248,208,,,,,,,A quality e-bike,1,,,2026-07-02,2026-07-02,2026-07-02T16:26:46.838Z,10:26:46,2026-07-02 10:26:46,,,,,,,spotlight-prolific
Z5MP3C6H,6983aee35d6a46461cfad3c6,2,int,7,4,4,5,-1,999,12316,1449006,1248,208,,,,,,,A quality e-bike,1,,,2026-07-02,2026-07-02,2026-07-02T16:26:46.838Z,10:26:46,2026-07-02 10:26:46,,,,,,,spotlight-prolific
Z5MP3C6H,6983aee35d6a46461cfad3c6,2,int,7,4,4,5,-1,999,12366,1449056,1248,208,,,,,,,A quality e-bike,1,,,2026-07-02,2026-07-02,2026-07-02T16:26:46.838Z,10:26:46,2026-07-02 10:26:46,,,,,,,spotlight-prolific
Z5MP3C6H,6983aee35d6a46461cfad3c6,2,int,7,4,4,5,-1,999,12416,1449106,1248,208,,,,,,,A quality e-bike,1,,,2026-07-02,2026-07-02,2026-07-02T16:26:46.838Z,10:26:46,2026-07-02 10:26:46,,,,,,,spotlight-prolific
Z5MP3C6H,6983aee35d6a46461cfad3c6,2,int,7,4,4,5,-1,999,12466,1449156,1248,208,,,,,,,A quality e-bike,1,,,2026-07-02,2026-07-02,2026-07-02T16:26:46.838Z,10:26:46,2026-07-02 10:26:46,,,,,,,spotlight-prolific
Z5MP3C6H,6983aee35d6a46461cfad3c6,2,int,7,4,4,5,-1,999,12517,1449206,1248,208,,,,,,,A quality e-bike,1,,,2026-07-02,2026-07-02,2026-07-02T16:26:46.838Z,10:26:46,2026-07-02 10:26:46,,,,,,,spotlight-prolific
Z5MP3C6H,6983aee35d6a46461cfad3c6,2,int,7,4,4,5,-1,999,12566,1449256,1248,208,,,,,,,A quality e-bike,1,,,2026-07-02,2026-07-02,2026-07-02T16:26:46.838Z,10:26:46,2026-07-02 10:26:46,,,,,,,spotlight-prolific
Z5MP3C6H,6983aee35d6a46461cfad3c6,2,int,7,4,4,5,-1,999,12616,1449306,1248,208,,,,,,,A quality e-bike,1,,,2026-07-02,2026-07-02,2026-07-02T16:26:46.838Z,10:26:46,2026-07-02 10:26:46,,,,,,,spotlight-prolific
Z5MP3C6H,6983aee35d6a46461cfad3c6,2,int,7,4,4,5,-1,999,12666,1449355,1248,208,,,,,,,A quality e-bike,1,,,2026-07-02,2026-07-02,2026-07-02T16:26:46.838Z,10:26:46,2026-07-02 10:26:46,,,,,,,spotlight-prolific
Z5MP3C6H,6983aee35d6a46461cfad3c6,2,int,7,4,4,5,-1,999,12716,1449406,1248,208,,,,,,,A quality e-bike,1,,,2026-07-02,2026-07-02,2026-07-02T16:26:46.838Z,10:26:46,2026-07-02 10:26:46,,,,,,,spotlight-prolific
Z5MP3C6H,6983aee35d6a46461cfad3c6,2,int,7,4,4,5,-1,999,12767,1449456,1248,208,,,,,,,A quality e-bike,1,,,2026-07-02,2026-07-02,2026-07-02T16:26:46.838Z,10:26:46,2026-07-02 10:26:46,,,,,,,spotlight-prolific
Z5MP3C6H,6983aee35d6a46461cfad3c6,2,int,7,4,4,5,-1,999,12817,1449506,1248,208,,,,,,,A quality e-bike,1,,,2026-07-02,2026-07-02,2026-07-02T16:26:46.838Z,10:26:46,2026-07-02 10:26:46,,,,,,,spotlight-prolific
Z5MP3C6H,6983aee35d6a46461cfad3c6,2,int,7,4,4,5,-1,999,12866,1449556,1248,208,,,,,,,A quality e-bike,1,,,2026-07-02,2026-07-02,2026-07-02T16:26:46.838Z,10:26:46,2026-07-02 10:26:46,,,,,,,spotlight-prolific
Z5MP3C6H,6983aee35d6a46461cfad3c6,2,int,7,4,4,5,-1,999,12915,1449605,1248,208,,,,,,,A quality e-bike,1,,,2026-07-02,2026-07-02,2026-07-02T16:26:46.838Z,10:26:46,2026-07-02 10:26:46,,,,,,,spotlight-prolific
Z5MP3C6H,6983aee35d6a46461cfad3c6,2,int,7,4,4,5,-1,999,12966,1449655,1248,208,,,,,,,A quality e-bike,1,,,2026-07-02,2026-07-02,2026-07-02T16:26:46.838Z,10:26:46,2026-07-02 10:26:46,,,,,,,spotlight-prolific
Z5MP3C6H,6983aee35d6a46461cfad3c6,2,int,7,4,4,5,-1,999,13017,1449706,1248,208,,,,,,,A quality e-bike,1,,,2026-07-02,2026-07-02,2026-07-02T16:26:46.838Z,10:26:46,2026-07-02 10:26:46,,,,,,,spotlight-prolific
Z5MP3C6H,6983aee35d6a46461cfad3c6,2,int,7,4,4,5,-1,999,13066,1449755,1248,208,,,,,,,A quality e-bike,1,,,2026-07-02,2026-07-02,2026-07-02T16:26:46.838Z,10:26:46,2026-07-02 10:26:46,,,,,,,spotlight-prolific
Z5MP3C6H,6983aee35d6a46461cfad3c6,2,int,7,4,4,5,-1,999,13117,1449807,1248,208,,,,,,,A quality e-bike,1,,,2026-07-02,2026-07-02,2026-07-02T16:26:46.838Z,10:26:46,2026-07-02 10:26:46,,,,,,,spotlight-prolific
Z5MP3C6H,6983aee35d6a46461cfad3c6,2,int,7,4,4,5,-1,999,13167,1449856,1248,208,,,,,,,A quality e-bike,1,,,2026-07-02,2026-07-02,2026-07-02T16:26:46.838Z,10:26:46,2026-07-02 10:26:46,,,,,,,spotlight-prolific
Z5MP3C6H,6983aee35d6a46461cfad3c6,2,int,7,4,4,5,-1,999,13217,1449906,1248,208,,,,,,,A quality e-bike,1,,,2026-07-02,2026-07-02,2026-07-02T16:26:46.838Z,10:26:46,2026-07-02 10:26:46,,,,,,,spotlight-prolific
Z5MP3C6H,6983aee35d6a46461cfad3c6,2,int,7,4,4,5,-1,999,13266,1449955,1248,208,,,,,,,A quality e-bike,1,,,2026-07-02,2026-07-02,2026-07-02T16:26:46.838Z,10:26:46,2026-07-02 10:26:46,,,,,,,spotlight-prolific
Z5MP3C6H,6983aee35d6a46461cfad3c6,2,int,7,4,4,5,-1,999,13316,1450006,1248,208,,,,,,,A quality e-bike,1,,,2026-07-02,2026-07-02,2026-07-02T16:26:46.838Z,10:26:46,2026-07-02 10:26:46,,,,,,,spotlight-prolific
Z5MP3C6H,6983aee35d6a46461cfad3c6,2,int,7,4,4,5,-1,999,13366,1450055,1248,208,,,,,,,A quality e-bike,1,,,2026-07-02,2026-07-02,2026-07-02T16:26:46.838Z,10:26:46,2026-07-02 10:26:46,,,,,,,spotlight-prolific
Z5MP3C6H,6983aee35d6a46461cfad3c6,2,int,7,4,4,5,-1,999,13416,1450105,1248,208,,,,,,,A quality e-bike,1,,,2026-07-02,2026-07-02,2026-07-02T16:26:46.838Z,10:26:46,2026-07-02 10:26:46,,,,,,,spotlight-prolific
Z5MP3C6H,6983aee35d6a46461cfad3c6,2,int,7,4,4,5,-1,999,13466,1450156,1248,208,,,,,,,A quality e-bike,1,,,2026-07-02,2026-07-02,2026-07-02T16:26:46.838Z,10:26:46,2026-07-02 10:26:46,,,,,,,spotlight-prolific
Z5MP3C6H,6983aee35d6a46461cfad3c6,2,int,7,4,4,5,-1,999,13517,1450206,1248,208,,,,,,,A quality e-bike,1,,,2026-07-02,2026-07-02,2026-07-02T16:26:46.838Z,10:26:46,2026-07-02 10:26:46,,,,,,,spotlight-prolific
Z5MP3C6H,6983aee35d6a46461cfad3c6,2,int,7,4,4,5,-1,999,13567,1450256,1248,208,,,,,,,A quality e-bike,1,,,2026-07-02,2026-07-02,2026-07-02T16:26:46.838Z,10:26:46,2026-07-02 10:26:46,,,,,,,spotlight-prolific
Z5MP3C6H,6983aee35d6a46461cfad3c6,2,int,7,4,4,5,-1,999,13617,1450306,1248,208,,,,,,,A quality e-bike,1,,,2026-07-02,2026-07-02,2026-07-02T16:26:46.838Z,10:26:46,2026-07-02 10:26:46,,,,,,,spotlight-prolific
Z5MP3C6H,6983aee35d6a46461cfad3c6,2,int,7,4,4,5,-1,999,13667,1450356,1248,208,,,,,,,A quality e-bike,1,,,2026-07-02,2026-07-02,2026-07-02T16:26:46.838Z,10:26:46,2026-07-02 10:26:46,,,,,,,spotlight-prolific
Z5MP3C6H,6983aee35d6a46461cfad3c6,2,int,7,4,4,5,-1,999,13717,1450406,1248,208,,,,,,,A quality e-bike,1,,,2026-07-02,2026-07-02,2026-07-02T16:26:46.838Z,10:26:46,2026-07-02 10:26:46,,,,,,,spotlight-prolific
Z5MP3C6H,6983aee35d6a46461cfad3c6,2,int,7,4,4,5,-1,999,13766,1450456,1248,208,,,,,,,A quality e-bike,1,,,2026-07-02,2026-07-02,2026-07-02T16:26:46.838Z,10:26:46,2026-07-02 10:26:46,,,,,,,spotlight-prolific
Z5MP3C6H,6983aee35d6a46461cfad3c6,2,int,7,4,4,5,-1,999,13817,1450506,1248,208,,,,,,,A quality e-bike,1,,,2026-07-02,2026-07-02,2026-07-02T16:26:46.838Z,10:26:46,2026-07-02 10:26:46,,,,,,,spotlight-prolific
Z5MP3C6H,6983aee35d6a46461cfad3c6,2,int,7,4,4,5,-1,999,13866,1450555,1248,208,,,,,,,A quality e-bike,1,,,2026-07-02,2026-07-02,2026-07-02T16:26:46.838Z,10:26:46,2026-07-02 10:26:46,,,,,,,spotlight-prolific
Z5MP3C6H,6983aee35d6a46461cfad3c6,2,int,7,4,4,5,-1,999,13916,1450606,1248,208,,,,,,,A quality e-bike,1,,,2026-07-02,2026-07-02,2026-07-02T16:26:46.838Z,10:26:46,2026-07-02 10:26:46,,,,,,,spotlight-prolific
Z5MP3C6H,6983aee35d6a46461cfad3c6,2,int,7,4,4,5,-1,999,13966,1450655,1248,208,,,,,,,A quality e-bike,1,,,2026-07-02,2026-07-02,2026-07-02T16:26:46.838Z,10:26:46,2026-07-02 10:26:46,,,,,,,spotlight-prolific
Z5MP3C6H,6983aee35d6a46461cfad3c6,2,int,7,4,4,5,-1,999,14017,1450706,1248,208,,,,,,,A quality e-bike,1,,,2026-07-02,2026-07-02,2026-07-02T16:26:46.838Z,10:26:46,2026-07-02 10:26:46,,,,,,,spotlight-prolific
Z5MP3C6H,6983aee35d6a46461cfad3c6,2,int,7,4,4,5,-1,999,14066,1450756,1248,208,,,,,,,A quality e-bike,1,,,2026-07-02,2026-07-02,2026-07-02T16:26:46.838Z,10:26:46,2026-07-02 10:26:46,,,,,,,spotlight-prolific
Z5MP3C6H,6983aee35d6a46461cfad3c6,2,int,7,4,4,5,-1,999,14116,1450805,1248,208,,,,,,,A quality e-bike,1,,,2026-07-02,2026-07-02,2026-07-02T16:26:46.838Z,10:26:46,2026-07-02 10:26:46,,,,,,,spotlight-prolific
Z5MP3C6H,6983aee35d6a46461cfad3c6,2,int,7,4,4,5,-1,999,14166,1450856,1248,208,,,,,,,A quality e-bike,1,,,2026-07-02,2026-07-02,2026-07-02T16:26:46.838Z,10:26:46,2026-07-02 10:26:46,,,,,,,spotlight-prolific
Z5MP3C6H,6983aee35d6a46461cfad3c6,2,int,7,4,4,5,-1,999,14216,1450906,1248,208,,,,,,,A quality e-bike,1,,,2026-07-02,2026-07-02,2026-07-02T16:26:46.838Z,10:26:46,2026-07-02 10:26:46,,,,,,,spotlight-prolific
Z5MP3C6H,6983aee35d6a46461cfad3c6,2,int,7,4,4,5,-1,999,14266,1450955,1248,208,,,,,,,A quality e-bike,1,,,2026-07-02,2026-07-02,2026-07-02T16:26:46.838Z,10:26:46,2026-07-02 10:26:46,,,,,,,spotlight-prolific
Z5MP3C6H,6983aee35d6a46461cfad3c6,2,int,7,4,4,5,-1,999,14317,1451006,1248,208,,,,,,,A quality e-bike,1,,,2026-07-02,2026-07-02,2026-07-02T16:26:46.838Z,10:26:46,2026-07-02 10:26:46,,,,,,,spotlight-prolific
Z5MP3C6H,6983aee35d6a46461cfad3c6,2,int,7,4,4,5,-1,999,14366,1451056,1248,208,,,,,,,A quality e-bike,1,,,2026-07-02,2026-07-02,2026-07-02T16:26:46.838Z,10:26:46,2026-07-02 10:26:46,,,,,,,spotlight-prolific
Z5MP3C6H,6983aee35d6a46461cfad3c6,2,int,7,4,4,5,-1,999,14417,1451107,1248,208,,,,,,,A quality e-bike,1,,,2026-07-02,2026-07-02,2026-07-02T16:26:46.838Z,10:26:46,2026-07-02 10:26:46,,,,,,,spotlight-prolific
Z5MP3C6H,6983aee35d6a46461cfad3c6,2,int,7,4,4,5,-1,999,14466,1451156,1248,208,,,,,,,A quality e-bike,1,,,2026-07-02,2026-07-02,2026-07-02T16:26:46.838Z,10:26:46,2026-07-02 10:26:46,,,,,,,spotlight-prolific
Z5MP3C6H,6983aee35d6a46461cfad3c6,2,int,7,4,4,5,-1,999,14516,1451205,1248,208,,,,,,,A quality e-bike,1,,,2026-07-02,2026-07-02,2026-07-02T16:26:46.838Z,10:26:46,2026-07-02 10:26:46,,,,,,,spotlight-prolific
Z5MP3C6H,6983aee35d6a46461cfad3c6,2,int,7,4,4,5,-1,999,14567,1451257,1248,208,,,,,,,A quality e-bike,1,,,2026-07-02,2026-07-02,2026-07-02T16:26:46.838Z,10:26:46,2026-07-02 10:26:46,,,,,,,spotlight-prolific
Z5MP3C6H,6983aee35d6a46461cfad3c6,2,int,7,4,4,5,-1,999,14616,1451305,1248,208,,,,,,,A quality e-bike,1,,,2026-07-02,2026-07-02,2026-07-02T16:26:46.838Z,10:26:46,2026-07-02 10:26:46,,,,,,,spotlight-prolific
Z5MP3C6H,6983aee35d6a46461cfad3c6,2,int,7,4,4,5,-1,999,14667,1451356,1248,208,,,,,,,A quality e-bike,1,,,2026-07-02,2026-07-02,2026-07-02T16:26:46.838Z,10:26:46,2026-07-02 10:26:46,,,,,,,spotlight-prolific
Z5MP3C6H,6983aee35d6a46461cfad3c6,2,int,7,4,4,5,-1,999,14717,1451406,1248,208,,,,,,,A quality e-bike,1,,,2026-07-02,2026-07-02,2026-07-02T16:26:46.838Z,10:26:46,2026-07-02 10:26:46,,,,,,,spotlight-prolific
Z5MP3C6H,6983aee35d6a46461cfad3c6,2,int,7,4,4,5,-1,999,14767,1451456,1248,208,,,,,,,A quality e-bike,1,,,2026-07-02,2026-07-02,2026-07-02T16:26:46.838Z,10:26:46,2026-07-02 10:26:46,,,,,,,spotlight-prolific
Z5MP3C6H,6983aee35d6a46461cfad3c6,2,int,7,4,4,5,-1,999,14817,1451506,1248,208,,,,,,,A quality e-bike,1,,,2026-07-02,2026-07-02,2026-07-02T16:26:46.838Z,10:26:46,2026-07-02 10:26:46,,,,,,,spotlight-prolific
Z5MP3C6H,6983aee35d6a46461cfad3c6,2,int,7,4,4,5,-1,999,14866,1451556,1248,208,,,,,,,A quality e-bike,1,,,2026-07-02,2026-07-02,2026-07-02T16:26:46.838Z,10:26:46,2026-07-02 10:26:46,,,,,,,spotlight-prolific
Z5MP3C6H,6983aee35d6a46461cfad3c6,2,int,7,4,4,5,-1,999,14916,1451605,1248,208,,,,,,,A quality e-bike,1,,,2026-07-02,2026-07-02,2026-07-02T16:26:46.838Z,10:26:46,2026-07-02 10:26:46,,,,,,,spotlight-prolific
Z5MP3C6H,6983aee35d6a46461cfad3c6,2,int,7,4,4,5,-1,999,14967,1451656,1248,208,,,,,,,A quality e-bike,1,,,2026-07-02,2026-07-02,2026-07-02T16:26:46.838Z,10:26:46,2026-07-02 10:26:46,,,,,,,spotlight-prolific
Z5MP3C6H,6983aee35d6a46461cfad3c6,2,int,7,4,4,5,-1,999,15016,1451706,1248,208,,,,,,,A quality e-bike,1,,,2026-07-02,2026-07-02,2026-07-02T16:26:46.838Z,10:26:46,2026-07-02 10:26:46,,,,,,,spotlight-prolific
Z5MP3C6H,6983aee35d6a46461cfad3c6,2,int,7,4,4,5,-1,999,15067,1451756,1248,208,,,,,,,A quality e-bike,1,,,2026-07-02,2026-07-02,2026-07-02T16:26:46.838Z,10:26:46,2026-07-02 10:26:46,,,,,,,spotlight-prolific
Z5MP3C6H,6983aee35d6a46461cfad3c6,2,int,7,4,4,5,-1,999,15117,1451807,1248,208,,,,,,,A quality e-bike,1,,,2026-07-02,2026-07-02,2026-07-02T16:26:46.838Z,10:26:46,2026-07-02 10:26:46,,,,,,,spotlight-prolific
Z5MP3C6H,6983aee35d6a46461cfad3c6,2,int,7,4,4,5,-1,999,15166,1451856,1248,208,,,,,,,A quality e-bike,1,,,2026-07-02,2026-07-02,2026-07-02T16:26:46.838Z,10:26:46,2026-07-02 10:26:46,,,,,,,spotlight-prolific
Z5MP3C6H,6983aee35d6a46461cfad3c6,2,int,7,4,4,5,-1,999,15216,1451906,1248,208,,,,,,,A quality e-bike,1,,,2026-07-02,2026-07-02,2026-07-02T16:26:46.838Z,10:26:46,2026-07-02 10:26:46,,,,,,,spotlight-prolific
Z5MP3C6H,6983aee35d6a46461cfad3c6,2,int,7,4,4,5,-1,999,15266,1451955,1248,208,,,,,,,A quality e-bike,1,,,2026-07-02,2026-07-02,2026-07-02T16:26:46.838Z,10:26:46,2026-07-02 10:26:46,,,,,,,spotlight-prolific
Z5MP3C6H,6983aee35d6a46461cfad3c6,2,int,7,4,4,5,-1,999,15316,1452006,1248,208,,,,,,,A quality e-bike,1,,,2026-07-02,2026-07-02,2026-07-02T16:26:46.838Z,10:26:46,2026-07-02 10:26:46,,,,,,,spotlight-prolific
Z5MP3C6H,6983aee35d6a46461cfad3c6,2,int,7,4,4,5,-1,999,15366,1452055,1248,208,,,,,,,A quality e-bike,1,,,2026-07-02,2026-07-02,2026-07-02T16:26:46.838Z,10:26:46,2026-07-02 10:26:46,,,,,,,spotlight-prolific
Z5MP3C6H,6983aee35d6a46461cfad3c6,2,int,7,4,4,5,-1,999,15417,1452106,1248,208,,,,,,,A quality e-bike,1,,,2026-07-02,2026-07-02,2026-07-02T16:26:46.838Z,10:26:46,2026-07-02 10:26:46,,,,,,,spotlight-prolific
Z5MP3C6H,6983aee35d6a46461cfad3c6,2,int,7,4,4,5,-1,999,15466,1452156,1248,208,,,,,,,A quality e-bike,1,,,2026-07-02,2026-07-02,2026-07-02T16:26:46.838Z,10:26:46,2026-07-02 10:26:46,,,,,,,spotlight-prolific
Z5MP3C6H,6983aee35d6a46461cfad3c6,2,int,7,4,4,5,-1,999,15515,1452205,1248,208,,,,,,,A quality e-bike,1,,,2026-07-02,2026-07-02,2026-07-02T16:26:46.838Z,10:26:46,2026-07-02 10:26:46,,,,,,,spotlight-prolific
Z5MP3C6H,6983aee35d6a46461cfad3c6,2,int,7,4,4,5,-1,999,15567,1452257,1248,208,,,,,,,A quality e-bike,1,,,2026-07-02,2026-07-02,2026-07-02T16:26:46.838Z,10:26:46,2026-07-02 10:26:46,,,,,,,spotlight-prolific
Z5MP3C6H,6983aee35d6a46461cfad3c6,2,int,7,4,4,5,-1,999,15616,1452306,1248,208,,,,,,,A quality e-bike,1,,,2026-07-02,2026-07-02,2026-07-02T16:26:46.838Z,10:26:46,2026-07-02 10:26:46,,,,,,,spotlight-prolific
Z5MP3C6H,6983aee35d6a46461cfad3c6,2,int,7,4,4,5,-1,999,15666,1452356,1248,208,,,,,,,A quality e-bike,1,,,2026-07-02,2026-07-02,2026-07-02T16:26:46.838Z,10:26:46,2026-07-02 10:26:46,,,,,,,spotlight-prolific
Z5MP3C6H,6983aee35d6a46461cfad3c6,2,int,7,4,4,5,-1,999,15716,1452405,1248,208,,,,,,,A quality e-bike,1,,,2026-07-02,2026-07-02,2026-07-02T16:26:46.838Z,10:26:46,2026-07-02 10:26:46,,,,,,,spotlight-prolific
Z5MP3C6H,6983aee35d6a46461cfad3c6,2,int,7,4,4,5,-1,999,15766,1452455,1248,208,,,,,,,A quality e-bike,1,,,2026-07-02,2026-07-02,2026-07-02T16:26:46.838Z,10:26:46,2026-07-02 10:26:46,,,,,,,spotlight-prolific
Z5MP3C6H,6983aee35d6a46461cfad3c6,2,int,7,4,4,5,-1,999,15817,1452507,1248,208,,,,,,,A quality e-bike,1,,,2026-07-02,2026-07-02,2026-07-02T16:26:46.838Z,10:26:46,2026-07-02 10:26:46,,,,,,,spotlight-prolific
Z5MP3C6H,6983aee35d6a46461cfad3c6,2,int,7,4,4,5,-1,999,15867,1452556,1248,208,,,,,,,A quality e-bike,1,,,2026-07-02,2026-07-02,2026-07-02T16:26:46.838Z,10:26:46,2026-07-02 10:26:46,,,,,,,spotlight-prolific
Z5MP3C6H,6983aee35d6a46461cfad3c6,2,int,7,4,4,5,-1,999,15916,1452605,1248,208,,,,,,,A quality e-bike,1,,,2026-07-02,2026-07-02,2026-07-02T16:26:46.838Z,10:26:46,2026-07-02 10:26:46,,,,,,,spotlight-prolific
Z5MP3C6H,6983aee35d6a46461cfad3c6,2,int,7,4,4,5,-1,999,15966,1452655,1248,208,,,,,,,A quality e-bike,1,,,2026-07-02,2026-07-02,2026-07-02T16:26:46.838Z,10:26:46,2026-07-02 10:26:46,,,,,,,spotlight-prolific
Z5MP3C6H,6983aee35d6a46461cfad3c6,2,int,7,4,4,5,-1,999,16016,1452706,1248,208,,,,,,,A quality e-bike,1,,,2026-07-02,2026-07-02,2026-07-02T16:26:46.838Z,10:26:46,2026-07-02 10:26:46,,,,,,,spotlight-prolific
Z5MP3C6H,6983aee35d6a46461cfad3c6,2,int,7,4,4,5,-1,999,16066,1452756,1248,208,,,,,,,A quality e-bike,1,,,2026-07-02,2026-07-02,2026-07-02T16:26:46.838Z,10:26:46,2026-07-02 10:26:46,,,,,,,spotlight-prolific
Z5MP3C6H,6983aee35d6a46461cfad3c6,2,int,7,4,4,5,-1,999,16117,1452807,1248,208,,,,,,,A quality e-bike,1,,,2026-07-02,2026-07-02,2026-07-02T16:26:46.838Z,10:26:46,2026-07-02 10:26:46,,,,,,,spotlight-prolific
Z5MP3C6H,6983aee35d6a46461cfad3c6,2,int,7,4,4,5,-1,999,16166,1452855,1248,208,,,,,,,A quality e-bike,1,,,2026-07-02,2026-07-02,2026-07-02T16:26:46.838Z,10:26:46,2026-07-02 10:26:46,,,,,,,spotlight-prolific
Z5MP3C6H,6983aee35d6a46461cfad3c6,2,int,7,4,4,5,-1,999,16216,1452905,1248,208,,,,,,,A quality e-bike,1,,,2026-07-02,2026-07-02,2026-07-02T16:26:46.838Z,10:26:46,2026-07-02 10:26:46,,,,,,,spotlight-prolific
Z5MP3C6H,6983aee35d6a46461cfad3c6,2,int,7,4,4,5,-1,999,16267,1452956,1248,208,,,,,,,A quality e-bike,1,,,2026-07-02,2026-07-02,2026-07-02T16:26:46.838Z,10:26:46,2026-07-02 10:26:46,,,,,,,spotlight-prolific
Z5MP3C6H,6983aee35d6a46461cfad3c6,2,int,7,4,4,5,-1,999,16316,1453005,1248,208,,,,,,,A quality e-bike,1,,,2026-07-02,2026-07-02,2026-07-02T16:26:46.838Z,10:26:46,2026-07-02 10:26:46,,,,,,,spotlight-prolific
Z5MP3C6H,6983aee35d6a46461cfad3c6,2,int,7,4,4,5,-1,999,16366,1453055,1248,208,,,,,,,A quality e-bike,1,,,2026-07-02,2026-07-02,2026-07-02T16:26:46.838Z,10:26:46,2026-07-02 10:26:46,,,,,,,spotlight-prolific
Z5MP3C6H,6983aee35d6a46461cfad3c6,2,int,7,4,4,5,-1,999,16417,1453106,1248,208,,,,,,,A quality e-bike,1,,,2026-07-02,2026-07-02,2026-07-02T16:26:46.838Z,10:26:46,2026-07-02 10:26:46,,,,,,,spotlight-prolific
Z5MP3C6H,6983aee35d6a46461cfad3c6,2,int,7,4,4,5,-1,999,16466,1453155,1248,208,,,,,,,A quality e-bike,1,,,2026-07-02,2026-07-02,2026-07-02T16:26:46.838Z,10:26:46,2026-07-02 10:26:46,,,,,,,spotlight-prolific
Z5MP3C6H,6983aee35d6a46461cfad3c6,2,int,7,4,4,5,-1,999,16517,1453206,1248,208,,,,,,,A quality e-bike,1,,,2026-07-02,2026-07-02,2026-07-02T16:26:46.838Z,10:26:46,2026-07-02 10:26:46,,,,,,,spotlight-prolific
Z5MP3C6H,6983aee35d6a46461cfad3c6,2,int,7,4,4,5,-1,999,16567,1453256,1248,208,,,,,,,A quality e-bike,1,,,2026-07-02,2026-07-02,2026-07-02T16:26:46.838Z,10:26:46,2026-07-02 10:26:46,,,,,,,spotlight-prolific
Z5MP3C6H,6983aee35d6a46461cfad3c6,2,int,7,4,4,5,-1,999,16617,1453306,1248,208,,,,,,,A quality e-bike,1,,,2026-07-02,2026-07-02,2026-07-02T16:26:46.838Z,10:26:46,2026-07-02 10:26:46,,,,,,,spotlight-prolific
Z5MP3C6H,6983aee35d6a46461cfad3c6,2,int,7,4,4,5,-1,999,16666,1453355,1248,208,,,,,,,A quality e-bike,1,,,2026-07-02,2026-07-02,2026-07-02T16:26:46.838Z,10:26:46,2026-07-02 10:26:46,,,,,,,spotlight-prolific
Z5MP3C6H,6983aee35d6a46461cfad3c6,2,int,7,4,4,5,-1,999,16716,1453405,1248,208,,,,,,,A quality e-bike,1,,,2026-07-02,2026-07-02,2026-07-02T16:26:46.838Z,10:26:46,2026-07-02 10:26:46,,,,,,,spotlight-prolific
Z5MP3C6H,6983aee35d6a46461cfad3c6,2,int,7,4,4,5,-1,999,16766,1453455,1248,208,,,,,,,A quality e-bike,1,,,2026-07-02,2026-07-02,2026-07-02T16:26:46.838Z,10:26:46,2026-07-02 10:26:46,,,,,,,spotlight-prolific
Z5MP3C6H,6983aee35d6a46461cfad3c6,2,int,7,4,4,5,-1,999,16817,1453506,1248,208,,,,,,,A quality e-bike,1,,,2026-07-02,2026-07-02,2026-07-02T16:26:46.838Z,10:26:46,2026-07-02 10:26:46,,,,,,,spotlight-prolific
Z5MP3C6H,6983aee35d6a46461cfad3c6,2,int,7,4,4,5,-1,999,16866,1453556,1248,208,,,,,,,A quality e-bike,1,,,2026-07-02,2026-07-02,2026-07-02T16:26:46.838Z,10:26:46,2026-07-02 10:26:46,,,,,,,spotlight-prolific
Z5MP3C6H,6983aee35d6a46461cfad3c6,2,int,7,4,4,5,-1,999,16916,1453605,1248,208,,,,,,,A quality e-bike,1,,,2026-07-02,2026-07-02,2026-07-02T16:26:46.838Z,10:26:46,2026-07-02 10:26:46,,,,,,,spotlight-prolific
Z5MP3C6H,6983aee35d6a46461cfad3c6,2,int,7,4,4,5,-1,999,16966,1453656,1248,208,,,,,,,A quality e-bike,1,,,2026-07-02,2026-07-02,2026-07-02T16:26:46.838Z,10:26:46,2026-07-02 10:26:46,,,,,,,spotlight-prolific
Z5MP3C6H,6983aee35d6a46461cfad3c6,2,int,7,4,4,5,-1,999,17016,1453705,1248,208,,,,,,,A quality e-bike,1,,,2026-07-02,2026-07-02,2026-07-02T16:26:46.838Z,10:26:46,2026-07-02 10:26:46,,,,,,,spotlight-prolific
Z5MP3C6H,6983aee35d6a46461cfad3c6,2,int,7,4,4,5,-1,999,17066,1453756,1248,208,,,,,,,A quality e-bike,1,,,2026-07-02,2026-07-02,2026-07-02T16:26:46.838Z,10:26:46,2026-07-02 10:26:46,,,,,,,spotlight-prolific
Z5MP3C6H,6983aee35d6a46461cfad3c6,2,int,7,4,4,5,-1,999,17116,1453805,1248,208,,,,,,,A quality e-bike,1,,,2026-07-02,2026-07-02,2026-07-02T16:26:46.838Z,10:26:46,2026-07-02 10:26:46,,,,,,,spotlight-prolific
Z5MP3C6H,6983aee35d6a46461cfad3c6,2,int,7,4,4,5,-1,999,17166,1453855,1248,208,,,,,,,A quality e-bike,1,,,2026-07-02,2026-07-02,2026-07-02T16:26:46.838Z,10:26:46,2026-07-02 10:26:46,,,,,,,spotlight-prolific
Z5MP3C6H,6983aee35d6a46461cfad3c6,2,int,7,4,4,5,-1,999,17216,1453905,1248,208,,,,,,,A quality e-bike,1,,,2026-07-02,2026-07-02,2026-07-02T16:26:46.838Z,10:26:46,2026-07-02 10:26:46,,,,,,,spotlight-prolific
Z5MP3C6H,6983aee35d6a46461cfad3c6,2,int,7,4,4,5,-1,999,17266,1453955,1248,208,,,,,,,A quality e-bike,1,,,2026-07-02,2026-07-02,2026-07-02T16:26:46.838Z,10:26:46,2026-07-02 10:26:46,,,,,,,spotlight-prolific
Z5MP3C6H,6983aee35d6a46461cfad3c6,2,int,7,4,4,5,-1,999,17316,1454005,1248,208,,,,,,,A quality e-bike,1,,,2026-07-02,2026-07-02,2026-07-02T16:26:46.838Z,10:26:46,2026-07-02 10:26:46,,,,,,,spotlight-prolific
Z5MP3C6H,6983aee35d6a46461cfad3c6,2,int,7,4,4,5,-1,999,17366,1454055,1248,208,,,,,,,A quality e-bike,1,,,2026-07-02,2026-07-02,2026-07-02T16:26:46.838Z,10:26:46,2026-07-02 10:26:46,,,,,,,spotlight-prolific
Z5MP3C6H,6983aee35d6a46461cfad3c6,2,int,7,4,4,5,-1,999,17416,1454106,1248,208,,,,,,,A quality e-bike,1,,,2026-07-02,2026-07-02,2026-07-02T16:26:46.838Z,10:26:46,2026-07-02 10:26:46,,,,,,,spotlight-prolific
Z5MP3C6H,6983aee35d6a46461cfad3c6,2,int,7,4,4,5,-1,999,17467,1454156,1248,208,,,,,,,A quality e-bike,1,,,2026-07-02,2026-07-02,2026-07-02T16:26:46.838Z,10:26:46,2026-07-02 10:26:46,,,,,,,spotlight-prolific
Z5MP3C6H,6983aee35d6a46461cfad3c6,2,int,7,4,4,5,-1,999,17516,1454206,1248,208,,,,,,,A quality e-bike,1,,,2026-07-02,2026-07-02,2026-07-02T16:26:46.838Z,10:26:46,2026-07-02 10:26:46,,,,,,,spotlight-prolific
Z5MP3C6H,6983aee35d6a46461cfad3c6,2,int,7,4,4,5,-1,999,17566,1454255,1248,208,,,,,,,A quality e-bike,1,,,2026-07-02,2026-07-02,2026-07-02T16:26:46.838Z,10:26:46,2026-07-02 10:26:46,,,,,,,spotlight-prolific
Z5MP3C6H,6983aee35d6a46461cfad3c6,2,int,7,4,4,5,-1,999,17616,1454305,1248,208,,,,,,,A quality e-bike,1,,,2026-07-02,2026-07-02,2026-07-02T16:26:46.838Z,10:26:46,2026-07-02 10:26:46,,,,,,,spotlight-prolific
Z5MP3C6H,6983aee35d6a46461cfad3c6,2,int,7,4,4,5,-1,999,17666,1454356,1248,208,,,,,,,A quality e-bike,1,,,2026-07-02,2026-07-02,2026-07-02T16:26:46.838Z,10:26:46,2026-07-02 10:26:46,,,,,,,spotlight-prolific
Z5MP3C6H,6983aee35d6a46461cfad3c6,2,int,7,4,4,5,-1,999,17715,1454405,1248,208,,,,,,,A quality e-bike,1,,,2026-07-02,2026-07-02,2026-07-02T16:26:46.838Z,10:26:46,2026-07-02 10:26:46,,,,,,,spotlight-prolific
Z5MP3C6H,6983aee35d6a46461cfad3c6,2,int,7,4,4,5,-1,999,17766,1454456,1248,208,,,,,,,A quality e-bike,1,,,2026-07-02,2026-07-02,2026-07-02T16:26:46.838Z,10:26:46,2026-07-02 10:26:46,,,,,,,spotlight-prolific
Z5MP3C6H,6983aee35d6a46461cfad3c6,2,int,7,4,4,5,-1,999,17816,1454506,1248,208,,,,,,,A quality e-bike,1,,,2026-07-02,2026-07-02,2026-07-02T16:26:46.838Z,10:26:46,2026-07-02 10:26:46,,,,,,,spotlight-prolific
Z5MP3C6H,6983aee35d6a46461cfad3c6,2,int,7,4,4,5,-1,999,17865,1454555,1248,208,,,,,,,A quality e-bike,1,,,2026-07-02,2026-07-02,2026-07-02T16:26:46.838Z,10:26:46,2026-07-02 10:26:46,,,,,,,spotlight-prolific
Z5MP3C6H,6983aee35d6a46461cfad3c6,2,int,7,4,4,5,-1,999,17915,1454605,1248,208,,,,,,,A quality e-bike,1,,,2026-07-02,2026-07-02,2026-07-02T16:26:46.838Z,10:26:46,2026-07-02 10:26:46,,,,,,,spotlight-prolific
Z5MP3C6H,6983aee35d6a46461cfad3c6,2,int,7,4,4,5,-1,999,17966,1454656,1248,208,,,,,,,A quality e-bike,1,,,2026-07-02,2026-07-02,2026-07-02T16:26:46.838Z,10:26:46,2026-07-02 10:26:46,,,,,,,spotlight-prolific
Z5MP3C6H,6983aee35d6a46461cfad3c6,2,int,7,4,4,5,-1,999,18017,1454706,1248,208,,,,,,,A quality e-bike,1,,,2026-07-02,2026-07-02,2026-07-02T16:26:46.838Z,10:26:46,2026-07-02 10:26:46,,,,,,,spotlight-prolific
Z5MP3C6H,6983aee35d6a46461cfad3c6,2,int,7,4,4,5,-1,999,18066,1454755,1248,208,,,,,,,A quality e-bike,1,,,2026-07-02,2026-07-02,2026-07-02T16:26:46.838Z,10:26:46,2026-07-02 10:26:46,,,,,,,spotlight-prolific
Z5MP3C6H,6983aee35d6a46461cfad3c6,2,int,7,4,4,5,-1,999,18116,1454805,1248,208,,,,,,,A quality e-bike,1,,,2026-07-02,2026-07-02,2026-07-02T16:26:46.838Z,10:26:46,2026-07-02 10:26:46,,,,,,,spotlight-prolific
Z5MP3C6H,6983aee35d6a46461cfad3c6,2,int,7,4,4,5,-1,999,18167,1454856,1248,208,,,,,,,A quality e-bike,1,,,2026-07-02,2026-07-02,2026-07-02T16:26:46.838Z,10:26:46,2026-07-02 10:26:46,,,,,,,spotlight-prolific
Z5MP3C6H,6983aee35d6a46461cfad3c6,2,int,7,4,4,5,-1,999,18216,1454906,1248,208,,,,,,,A quality e-bike,1,,,2026-07-02,2026-07-02,2026-07-02T16:26:46.838Z,10:26:46,2026-07-02 10:26:46,,,,,,,spotlight-prolific
Z5MP3C6H,6983aee35d6a46461cfad3c6,2,int,7,4,4,5,-1,999,18267,1454957,1248,208,,,,,,,A quality e-bike,1,,,2026-07-02,2026-07-02,2026-07-02T16:26:46.838Z,10:26:46,2026-07-02 10:26:46,,,,,,,spotlight-prolific
Z5MP3C6H,6983aee35d6a46461cfad3c6,2,int,7,4,4,5,-1,999,18317,1455006,1248,208,,,,,,,A quality e-bike,1,,,2026-07-02,2026-07-02,2026-07-02T16:26:46.838Z,10:26:46,2026-07-02 10:26:46,,,,,,,spotlight-prolific
Z5MP3C6H,6983aee35d6a46461cfad3c6,2,int,7,4,4,5,-1,999,18366,1455055,1248,208,,,,,,,A quality e-bike,1,,,2026-07-02,2026-07-02,2026-07-02T16:26:46.838Z,10:26:46,2026-07-02 10:26:46,,,,,,,spotlight-prolific
Z5MP3C6H,6983aee35d6a46461cfad3c6,2,int,7,4,4,5,-1,999,18417,1455107,1248,208,,,,,,,A quality e-bike,1,,,2026-07-02,2026-07-02,2026-07-02T16:26:46.838Z,10:26:46,2026-07-02 10:26:46,,,,,,,spotlight-prolific
Z5MP3C6H,6983aee35d6a46461cfad3c6,2,int,7,4,4,5,-1,999,18467,1455156,1248,208,,,,,,,A quality e-bike,1,,,2026-07-02,2026-07-02,2026-07-02T16:26:46.838Z,10:26:46,2026-07-02 10:26:46,,,,,,,spotlight-prolific
Z5MP3C6H,6983aee35d6a46461cfad3c6,2,int,7,4,4,5,-1,999,18517,1455206,1248,208,,,,,,,A quality e-bike,1,,,2026-07-02,2026-07-02,2026-07-02T16:26:46.838Z,10:26:46,2026-07-02 10:26:46,,,,,,,spotlight-prolific
Z5MP3C6H,6983aee35d6a46461cfad3c6,2,int,7,4,4,5,-1,999,18566,1455256,1248,208,,,,,,,A quality e-bike,1,,,2026-07-02,2026-07-02,2026-07-02T16:26:46.838Z,10:26:46,2026-07-02 10:26:46,,,,,,,spotlight-prolific
Z5MP3C6H,6983aee35d6a46461cfad3c6,2,int,7,4,4,5,-1,999,18616,1455305,1248,208,,,,,,,A quality e-bike,1,,,2026-07-02,2026-07-02,2026-07-02T16:26:46.838Z,10:26:46,2026-07-02 10:26:46,,,,,,,spotlight-prolific
Z5MP3C6H,6983aee35d6a46461cfad3c6,2,int,7,4,4,5,-1,999,18667,1455356,1248,208,,,,,,,A quality e-bike,1,,,2026-07-02,2026-07-02,2026-07-02T16:26:46.838Z,10:26:46,2026-07-02 10:26:46,,,,,,,spotlight-prolific
Z5MP3C6H,6983aee35d6a46461cfad3c6,2,int,7,4,4,5,-1,999,18717,1455407,1248,208,,,,,,,A quality e-bike,1,,,2026-07-02,2026-07-02,2026-07-02T16:26:46.838Z,10:26:46,2026-07-02 10:26:46,,,,,,,spotlight-prolific
Z5MP3C6H,6983aee35d6a46461cfad3c6,2,int,7,4,4,5,-1,999,18767,1455456,1248,208,,,,,,,A quality e-bike,1,,,2026-07-02,2026-07-02,2026-07-02T16:26:46.838Z,10:26:46,2026-07-02 10:26:46,,,,,,,spotlight-prolific
Z5MP3C6H,6983aee35d6a46461cfad3c6,2,int,7,4,4,5,-1,999,18816,1455506,1248,208,,,,,,,A quality e-bike,1,,,2026-07-02,2026-07-02,2026-07-02T16:26:46.838Z,10:26:46,2026-07-02 10:26:46,,,,,,,spotlight-prolific
Z5MP3C6H,6983aee35d6a46461cfad3c6,2,int,7,4,4,5,-1,999,18866,1455556,1248,208,,,,,,,A quality e-bike,1,,,2026-07-02,2026-07-02,2026-07-02T16:26:46.838Z,10:26:46,2026-07-02 10:26:46,,,,,,,spotlight-prolific
Z5MP3C6H,6983aee35d6a46461cfad3c6,2,int,7,4,4,5,-1,999,18917,1455607,1248,208,,,,,,,A quality e-bike,1,,,2026-07-02,2026-07-02,2026-07-02T16:26:46.838Z,10:26:46,2026-07-02 10:26:46,,,,,,,spotlight-prolific
Z5MP3C6H,6983aee35d6a46461cfad3c6,2,int,7,4,4,5,-1,999,18966,1455656,1248,208,,,,,,,A quality e-bike,1,,,2026-07-02,2026-07-02,2026-07-02T16:26:46.838Z,10:26:46,2026-07-02 10:26:46,,,,,,,spotlight-prolific
Z5MP3C6H,6983aee35d6a46461cfad3c6,2,int,7,4,4,5,-1,999,19017,1455706,1248,208,,,,,,,A quality e-bike,1,,,2026-07-02,2026-07-02,2026-07-02T16:26:46.838Z,10:26:46,2026-07-02 10:26:46,,,,,,,spotlight-prolific
Z5MP3C6H,6983aee35d6a46461cfad3c6,2,int,7,4,4,5,-1,999,19066,1455755,1248,208,,,,,,,A quality e-bike,1,,,2026-07-02,2026-07-02,2026-07-02T16:26:46.838Z,10:26:46,2026-07-02 10:26:46,,,,,,,spotlight-prolific
Z5MP3C6H,6983aee35d6a46461cfad3c6,2,int,7,4,4,5,-1,999,19116,1455806,1248,208,,,,,,,A quality e-bike,1,,,2026-07-02,2026-07-02,2026-07-02T16:26:46.838Z,10:26:46,2026-07-02 10:26:46,,,,,,,spotlight-prolific
Z5MP3C6H,6983aee35d6a46461cfad3c6,2,int,7,4,4,5,-1,999,19166,1455855,1248,208,,,,,,,A quality e-bike,1,,,2026-07-02,2026-07-02,2026-07-02T16:26:46.838Z,10:26:46,2026-07-02 10:26:46,,,,,,,spotlight-prolific
Z5MP3C6H,6983aee35d6a46461cfad3c6,2,int,7,4,4,5,-1,999,19216,1455905,1248,208,,,,,,,A quality e-bike,1,,,2026-07-02,2026-07-02,2026-07-02T16:26:46.838Z,10:26:46,2026-07-02 10:26:46,,,,,,,spotlight-prolific
Z5MP3C6H,6983aee35d6a46461cfad3c6,2,int,7,4,4,5,-1,999,19266,1455956,1248,208,,,,,,,A quality e-bike,1,,,2026-07-02,2026-07-02,2026-07-02T16:26:46.838Z,10:26:46,2026-07-02 10:26:46,,,,,,,spotlight-prolific
Z5MP3C6H,6983aee35d6a46461cfad3c6,2,int,7,4,4,5,-1,999,19317,1456007,1248,208,,,,,,,A quality e-bike,1,,,2026-07-02,2026-07-02,2026-07-02T16:26:46.838Z,10:26:46,2026-07-02 10:26:46,,,,,,,spotlight-prolific
Z5MP3C6H,6983aee35d6a46461cfad3c6,2,int,7,4,4,5,-1,999,19366,1456055,1248,208,,,,,,,A quality e-bike,1,,,2026-07-02,2026-07-02,2026-07-02T16:26:46.838Z,10:26:46,2026-07-02 10:26:46,,,,,,,spotlight-prolific
Z5MP3C6H,6983aee35d6a46461cfad3c6,2,int,7,4,4,5,-1,999,19417,1456106,1248,208,,,,,,,A quality e-bike,1,,,2026-07-02,2026-07-02,2026-07-02T16:26:46.838Z,10:26:46,2026-07-02 10:26:46,,,,,,,spotlight-prolific
Z5MP3C6H,6983aee35d6a46461cfad3c6,2,int,7,4,4,5,-1,999,19467,1456156,1248,208,,,,,,,A quality e-bike,1,,,2026-07-02,2026-07-02,2026-07-02T16:26:46.838Z,10:26:46,2026-07-02 10:26:46,,,,,,,spotlight-prolific
Z5MP3C6H,6983aee35d6a46461cfad3c6,2,int,7,4,4,5,-1,999,19518,1456207,1248,208,,,,,,,A quality e-bike,1,,,2026-07-02,2026-07-02,2026-07-02T16:26:46.838Z,10:26:46,2026-07-02 10:26:46,,,,,,,spotlight-prolific
Z5MP3C6H,6983aee35d6a46461cfad3c6,2,int,7,4,4,5,-1,999,19566,1456255,1248,208,,,,,,,A quality e-bike,1,,,2026-07-02,2026-07-02,2026-07-02T16:26:46.838Z,10:26:46,2026-07-02 10:26:46,,,,,,,spotlight-prolific
Z5MP3C6H,6983aee35d6a46461cfad3c6,2,int,7,4,4,5,-1,999,19617,1456306,1248,208,,,,,,,A quality e-bike,1,,,2026-07-02,2026-07-02,2026-07-02T16:26:46.838Z,10:26:46,2026-07-02 10:26:46,,,,,,,spotlight-prolific
Z5MP3C6H,6983aee35d6a46461cfad3c6,2,int,7,4,4,5,-1,999,19666,1456356,1248,208,,,,,,,A quality e-bike,1,,,2026-07-02,2026-07-02,2026-07-02T16:26:46.838Z,10:26:46,2026-07-02 10:26:46,,,,,,,spotlight-prolific
Z5MP3C6H,6983aee35d6a46461cfad3c6,2,int,7,4,4,5,-1,999,19717,1456406,1248,208,,,,,,,A quality e-bike,1,,,2026-07-02,2026-07-02,2026-07-02T16:26:46.838Z,10:26:46,2026-07-02 10:26:46,,,,,,,spotlight-prolific
Z5MP3C6H,6983aee35d6a46461cfad3c6,2,int,7,4,4,5,-1,999,19767,1456456,1248,208,,,,,,,A quality e-bike,1,,,2026-07-02,2026-07-02,2026-07-02T16:26:46.838Z,10:26:46,2026-07-02 10:26:46,,,,,,,spotlight-prolific
Z5MP3C6H,6983aee35d6a46461cfad3c6,2,int,7,4,4,5,-1,999,19816,1456506,1248,208,,,,,,,A quality e-bike,1,,,2026-07-02,2026-07-02,2026-07-02T16:26:46.838Z,10:26:46,2026-07-02 10:26:46,,,,,,,spotlight-prolific
Z5MP3C6H,6983aee35d6a46461cfad3c6,2,int,7,4,4,5,-1,999,19866,1456555,1248,208,,,,,,,A quality e-bike,1,,,2026-07-02,2026-07-02,2026-07-02T16:26:46.838Z,10:26:46,2026-07-02 10:26:46,,,,,,,spotlight-prolific
Z5MP3C6H,6983aee35d6a46461cfad3c6,2,int,7,4,4,5,-1,999,19917,1456606,1248,208,,,,,,,A quality e-bike,1,,,2026-07-02,2026-07-02,2026-07-02T16:26:46.838Z,10:26:46,2026-07-02 10:26:46,,,,,,,spotlight-prolific
Z5MP3C6H,6983aee35d6a46461cfad3c6,2,int,7,4,4,5,-1,999,19966,1456655,1248,208,,,,,,,A quality e-bike,1,,,2026-07-02,2026-07-02,2026-07-02T16:26:46.838Z,10:26:46,2026-07-02 10:26:46,,,,,,,spotlight-prolific
Z5MP3C6H,6983aee35d6a46461cfad3c6,2,int,7,4,4,5,-1,999,20016,1456706,1248,208,,,,,,,A quality e-bike,1,,,2026-07-02,2026-07-02,2026-07-02T16:26:46.838Z,10:26:46,2026-07-02 10:26:46,,,,,,,spotlight-prolific
Z5MP3C6H,6983aee35d6a46461cfad3c6,2,int,7,4,4,5,-1,999,20066,1456755,1248,208,,,,,,,A quality e-bike,1,,,2026-07-02,2026-07-02,2026-07-02T16:26:46.838Z,10:26:46,2026-07-02 10:26:46,,,,,,,spotlight-prolific
Z5MP3C6H,6983aee35d6a46461cfad3c6,2,int,7,4,4,5,-1,999,20117,1456806,1248,208,,,,,,,A quality e-bike,1,,,2026-07-02,2026-07-02,2026-07-02T16:26:46.838Z,10:26:46,2026-07-02 10:26:46,,,,,,,spotlight-prolific
Z5MP3C6H,6983aee35d6a46461cfad3c6,2,int,7,4,4,5,-1,999,20166,1456856,1248,208,,,,,,,A quality e-bike,1,,,2026-07-02,2026-07-02,2026-07-02T16:26:46.838Z,10:26:46,2026-07-02 10:26:46,,,,,,,spotlight-prolific
Z5MP3C6H,6983aee35d6a46461cfad3c6,2,int,7,4,4,5,-1,999,20216,1456905,1248,208,,,,,,,A quality e-bike,1,,,2026-07-02,2026-07-02,2026-07-02T16:26:46.838Z,10:26:46,2026-07-02 10:26:46,,,,,,,spotlight-prolific
Z5MP3C6H,6983aee35d6a46461cfad3c6,2,int,7,4,4,5,-1,999,20266,1456956,1248,208,,,,,,,A quality e-bike,1,,,2026-07-02,2026-07-02,2026-07-02T16:26:46.838Z,10:26:46,2026-07-02 10:26:46,,,,,,,spotlight-prolific
Z5MP3C6H,6983aee35d6a46461cfad3c6,2,int,7,4,4,5,-1,999,20316,1457006,1248,208,,,,,,,A quality e-bike,1,,,2026-07-02,2026-07-02,2026-07-02T16:26:46.838Z,10:26:46,2026-07-02 10:26:46,,,,,,,spotlight-prolific
Z5MP3C6H,6983aee35d6a46461cfad3c6,2,int,7,4,4,5,-1,999,20365,1457055,1248,208,,,,,,,A quality e-bike,1,,,2026-07-02,2026-07-02,2026-07-02T16:26:46.838Z,10:26:46,2026-07-02 10:26:46,,,,,,,spotlight-prolific
Z5MP3C6H,6983aee35d6a46461cfad3c6,2,int,7,4,4,5,-1,999,20416,1457105,1248,208,,,,,,,A quality e-bike,1,,,2026-07-02,2026-07-02,2026-07-02T16:26:46.838Z,10:26:46,2026-07-02 10:26:46,,,,,,,spotlight-prolific
Z5MP3C6H,6983aee35d6a46461cfad3c6,2,int,7,4,4,5,-1,999,20467,1457157,1248,208,,,,,,,A quality e-bike,1,,,2026-07-02,2026-07-02,2026-07-02T16:26:46.838Z,10:26:46,2026-07-02 10:26:46,,,,,,,spotlight-prolific
Z5MP3C6H,6983aee35d6a46461cfad3c6,2,int,7,4,4,5,-1,999,20516,1457205,1248,208,,,,,,,A quality e-bike,1,,,2026-07-02,2026-07-02,2026-07-02T16:26:46.838Z,10:26:46,2026-07-02 10:26:46,,,,,,,spotlight-prolific
Z5MP3C6H,6983aee35d6a46461cfad3c6,2,int,7,4,4,5,-1,999,20566,1457256,1248,208,,,,,,,A quality e-bike,1,,,2026-07-02,2026-07-02,2026-07-02T16:26:46.838Z,10:26:46,2026-07-02 10:26:46,,,,,,,spotlight-prolific
Z5MP3C6H,6983aee35d6a46461cfad3c6,2,int,7,4,4,5,-1,999,20615,1457305,1248,208,,,,,,,A quality e-bike,1,,,2026-07-02,2026-07-02,2026-07-02T16:26:46.838Z,10:26:46,2026-07-02 10:26:46,,,,,,,spotlight-prolific
Z5MP3C6H,6983aee35d6a46461cfad3c6,2,int,7,4,4,5,-1,999,20666,1457355,1248,208,,,,,,,A quality e-bike,1,,,2026-07-02,2026-07-02,2026-07-02T16:26:46.838Z,10:26:46,2026-07-02 10:26:46,,,,,,,spotlight-prolific
Z5MP3C6H,6983aee35d6a46461cfad3c6,2,int,7,4,4,5,-1,999,20717,1457406,1248,208,,,,,,,A quality e-bike,1,,,2026-07-02,2026-07-02,2026-07-02T16:26:46.838Z,10:26:46,2026-07-02 10:26:46,,,,,,,spotlight-prolific
Z5MP3C6H,6983aee35d6a46461cfad3c6,2,int,7,4,4,5,-1,999,20767,1457456,1248,208,,,,,,,A quality e-bike,1,,,2026-07-02,2026-07-02,2026-07-02T16:26:46.838Z,10:26:46,2026-07-02 10:26:46,,,,,,,spotlight-prolific
Z5MP3C6H,6983aee35d6a46461cfad3c6,2,int,7,4,4,5,-1,999,20817,1457506,1248,208,,,,,,,A quality e-bike,1,,,2026-07-02,2026-07-02,2026-07-02T16:26:46.838Z,10:26:46,2026-07-02 10:26:46,,,,,,,spotlight-prolific
Z5MP3C6H,6983aee35d6a46461cfad3c6,2,int,7,4,4,5,-1,999,20867,1457556,1248,208,,,,,,,A quality e-bike,1,,,2026-07-02,2026-07-02,2026-07-02T16:26:46.838Z,10:26:46,2026-07-02 10:26:46,,,,,,,spotlight-prolific
Z5MP3C6H,6983aee35d6a46461cfad3c6,2,int,7,4,4,5,-1,999,20917,1457606,1248,208,,,,,,,A quality e-bike,1,,,2026-07-02,2026-07-02,2026-07-02T16:26:46.838Z,10:26:46,2026-07-02 10:26:46,,,,,,,spotlight-prolific
Z5MP3C6H,6983aee35d6a46461cfad3c6,2,int,7,4,4,5,-1,999,20966,1457655,1248,208,,,,,,,A quality e-bike,1,,,2026-07-02,2026-07-02,2026-07-02T16:26:46.838Z,10:26:46,2026-07-02 10:26:46,,,,,,,spotlight-prolific
Z5MP3C6H,6983aee35d6a46461cfad3c6,2,int,7,4,4,5,-1,999,21016,1457706,1248,208,,,,,,,A quality e-bike,1,,,2026-07-02,2026-07-02,2026-07-02T16:26:46.838Z,10:26:46,2026-07-02 10:26:46,,,,,,,spotlight-prolific
Z5MP3C6H,6983aee35d6a46461cfad3c6,2,int,7,4,4,5,-1,999,21066,1457755,1248,208,,,,,,,A quality e-bike,1,,,2026-07-02,2026-07-02,2026-07-02T16:26:46.838Z,10:26:46,2026-07-02 10:26:46,,,,,,,spotlight-prolific
Z5MP3C6H,6983aee35d6a46461cfad3c6,2,int,7,4,4,5,-1,999,21117,1457806,1248,208,,,,,,,A quality e-bike,1,,,2026-07-02,2026-07-02,2026-07-02T16:26:46.838Z,10:26:46,2026-07-02 10:26:46,,,,,,,spotlight-prolific
Z5MP3C6H,6983aee35d6a46461cfad3c6,2,int,7,4,4,5,-1,999,21166,1457855,1248,208,,,,,,,A quality e-bike,1,,,2026-07-02,2026-07-02,2026-07-02T16:26:46.838Z,10:26:46,2026-07-02 10:26:46,,,,,,,spotlight-prolific
Z5MP3C6H,6983aee35d6a46461cfad3c6,2,int,7,4,4,5,-1,999,21217,1457906,1248,208,,,,,,,A quality e-bike,1,,,2026-07-02,2026-07-02,2026-07-02T16:26:46.838Z,10:26:46,2026-07-02 10:26:46,,,,,,,spotlight-prolific
Z5MP3C6H,6983aee35d6a46461cfad3c6,2,int,7,4,4,5,-1,999,21266,1457956,1248,208,,,,,,,A quality e-bike,1,,,2026-07-02,2026-07-02,2026-07-02T16:26:46.838Z,10:26:46,2026-07-02 10:26:46,,,,,,,spotlight-prolific
Z5MP3C6H,6983aee35d6a46461cfad3c6,2,int,7,4,4,5,-1,999,21316,1458006,1216,401,,,,,,,A quality e-bike,1,,,2026-07-02,2026-07-02,2026-07-02T16:26:46.838Z,10:26:46,2026-07-02 10:26:46,,,,,,,spotlight-prolific
Z5MP3C6H,6983aee35d6a46461cfad3c6,2,int,7,4,4,5,102, twice ,21367,1458057,712,387,396.52777099609375,705.7222290039062,416.0833263397217,751.7361183166504,8,5,A quality e-bike,1,,,2026-07-02,2026-07-02,2026-07-02T16:26:46.838Z,10:26:46,2026-07-02 10:26:46,,,,,,,spotlight-prolific
Z5MP3C6H,6983aee35d6a46461cfad3c6,2,int,7,4,4,5,82, expect ,21417,1458107,546,370,356.52777099609375,518.625,376.0833263397217,576.6666679382324,7,1,A quality e-bike,1,,,2026-07-02,2026-07-02,2026-07-02T16:26:46.838Z,10:26:46,2026-07-02 10:26:46,,,,,,,spotlight-prolific
Z5MP3C6H,6983aee35d6a46461cfad3c6,2,int,7,4,4,5,-1,999,21466,1458155,481,348,,,,,,,A quality e-bike,1,,,2026-07-02,2026-07-02,2026-07-02T16:26:46.838Z,10:26:46,2026-07-02 10:26:46,,,,,,,spotlight-prolific
Z5MP3C6H,6983aee35d6a46461cfad3c6,2,int,7,4,4,5,-1,999,21516,1458206,428,326,,,,,,,A quality e-bike,1,,,2026-07-02,2026-07-02,2026-07-02T16:26:46.838Z,10:26:46,2026-07-02 10:26:46,,,,,,,spotlight-prolific
Z5MP3C6H,6983aee35d6a46461cfad3c6,2,int,7,4,4,5,-1,999,21567,1458256,428,326,,,,,,,A quality e-bike,1,,,2026-07-02,2026-07-02,2026-07-02T16:26:46.838Z,10:26:46,2026-07-02 10:26:46,,,,,,,spotlight-prolific
Z5MP3C6H,6983aee35d6a46461cfad3c6,2,int,7,4,4,5,-1,999,21617,1458307,428,326,,,,,,,A quality e-bike,1,,,2026-07-02,2026-07-02,2026-07-02T16:26:46.838Z,10:26:46,2026-07-02 10:26:46,,,,,,,spotlight-prolific
Z5MP3C6H,6983aee35d6a46461cfad3c6,2,int,7,4,4,5,-1,999,21666,1458355,428,326,,,,,,,A quality e-bike,1,,,2026-07-02,2026-07-02,2026-07-02T16:26:46.838Z,10:26:46,2026-07-02 10:26:46,,,,,,,spotlight-prolific
Z5MP3C6H,6983aee35d6a46461cfad3c6,2,int,7,4,4,5,-1,999,21716,1458406,464,259,,,,,,,A quality e-bike,1,,,2026-07-02,2026-07-02,2026-07-02T16:26:46.838Z,10:26:46,2026-07-02 10:26:46,,,,,,,spotlight-prolific
Z5MP3C6H,6983aee35d6a46461cfad3c6,2,int,7,4,4,5,15, financial ,21766,1458455,582,156,156.5277862548828,518.625,176.08334159851074,589.6805572509766,2,1,A quality e-bike,1,,,2026-07-02,2026-07-02,2026-07-02T16:26:46.838Z,10:26:46,2026-07-02 10:26:46,,,,,,,spotlight-prolific
Z5MP3C6H,6983aee35d6a46461cfad3c6,2,int,7,4,4,5,-1,999,21816,1458505,579,93,,,,,,,A quality e-bike,1,,,2026-07-02,2026-07-02,2026-07-02T16:26:46.838Z,10:26:46,2026-07-02 10:26:46,,,,,,,spotlight-prolific
Z5MP3C6H,6983aee35d6a46461cfad3c6,2,int,7,4,4,5,-1,999,21866,1458556,579,93,,,,,,,A quality e-bike,1,,,2026-07-02,2026-07-02,2026-07-02T16:26:46.838Z,10:26:46,2026-07-02 10:26:46,,,,,,,spotlight-prolific
Z5MP3C6H,6983aee35d6a46461cfad3c6,2,int,7,4,4,5,-1,999,21916,1458605,579,93,,,,,,,A quality e-bike,1,,,2026-07-02,2026-07-02,2026-07-02T16:26:46.838Z,10:26:46,2026-07-02 10:26:46,,,,,,,spotlight-prolific
Z5MP3C6H,6983aee35d6a46461cfad3c6,2,int,7,4,4,5,-1,999,21966,1458655,579,93,,,,,,,A quality e-bike,1,,,2026-07-02,2026-07-02,2026-07-02T16:26:46.838Z,10:26:46,2026-07-02 10:26:46,,,,,,,spotlight-prolific
Z5MP3C6H,6983aee35d6a46461cfad3c6,2,int,7,4,4,5,-1,999,22017,1458706,557,102,,,,,,,A quality e-bike,1,,,2026-07-02,2026-07-02,2026-07-02T16:26:46.838Z,10:26:46,2026-07-02 10:26:46,,,,,,,spotlight-prolific
Z5MP3C6H,6983aee35d6a46461cfad3c6,2,int,7,4,4,5,2," succeed, ",22066,1458755,544,116,116.52777862548828,542.638916015625,136.0833339691162,619.6944732666016,1,2,A quality e-bike,1,,,2026-07-02,2026-07-02,2026-07-02T16:26:46.838Z,10:26:46,2026-07-02 10:26:46,,,,,,,spotlight-prolific
Z5MP3C6H,6983aee35d6a46461cfad3c6,2,int,7,4,4,5,1, To ,22116,1458806,533,122,116.52777862548828,518.625,136.0833339691162,542.6388893127441,1,1,A quality e-bike,1,,,2026-07-02,2026-07-02,2026-07-02T16:26:46.838Z,10:26:46,2026-07-02 10:26:46,,,,,,,spotlight-prolific
Z5MP3C6H,6983aee35d6a46461cfad3c6,2,int,7,4,4,5,1, To ,22166,1458855,528,132,116.52777862548828,518.625,136.0833339691162,542.6388893127441,1,1,A quality e-bike,1,,,2026-07-02,2026-07-02,2026-07-02T16:26:46.838Z,10:26:46,2026-07-02 10:26:46,,,,,,,spotlight-prolific
Z5MP3C6H,6983aee35d6a46461cfad3c6,2,int,7,4,4,5,1, To ,22217,1458906,528,132,116.52777862548828,518.625,136.0833339691162,542.6388893127441,1,1,A quality e-bike,1,,,2026-07-02,2026-07-02,2026-07-02T16:26:46.838Z,10:26:46,2026-07-02 10:26:46,,,,,,,spotlight-prolific
Z5MP3C6H,6983aee35d6a46461cfad3c6,2,int,7,4,4,5,1, To ,22266,1458955,528,132,116.52777862548828,518.625,136.0833339691162,542.6388893127441,1,1,A quality e-bike,1,,,2026-07-02,2026-07-02,2026-07-02T16:26:46.838Z,10:26:46,2026-07-02 10:26:46,,,,,,,spotlight-prolific
Z5MP3C6H,6983aee35d6a46461cfad3c6,2,int,7,4,4,5,1, To ,22316,1459006,530,122,116.52777862548828,518.625,136.0833339691162,542.6388893127441,1,1,A quality e-bike,1,,,2026-07-02,2026-07-02,2026-07-02T16:26:46.838Z,10:26:46,2026-07-02 10:26:46,,,,,,,spotlight-prolific
Z5MP3C6H,6983aee35d6a46461cfad3c6,2,int,7,4,4,5,1, To ,22366,1459055,535,116,116.52777862548828,518.625,136.0833339691162,542.6388893127441,1,1,A quality e-bike,1,,,2026-07-02,2026-07-02,2026-07-02T16:26:46.838Z,10:26:46,2026-07-02 10:26:46,,,,,,,spotlight-prolific
Z5MP3C6H,6983aee35d6a46461cfad3c6,2,int,7,4,4,5,1, To ,22417,1459106,536,115,116.52777862548828,518.625,136.0833339691162,542.6388893127441,1,1,A quality e-bike,1,,,2026-07-02,2026-07-02,2026-07-02T16:26:46.838Z,10:26:46,2026-07-02 10:26:46,,,,,,,spotlight-prolific
Z5MP3C6H,6983aee35d6a46461cfad3c6,2,int,7,4,4,5,1, To ,22466,1459155,537,115,116.52777862548828,518.625,136.0833339691162,542.6388893127441,1,1,A quality e-bike,1,,,2026-07-02,2026-07-02,2026-07-02T16:26:46.838Z,10:26:46,2026-07-02 10:26:46,,,,,,,spotlight-prolific
Z5MP3C6H,6983aee35d6a46461cfad3c6,2,int,7,4,4,5,2," succeed, ",22516,1459205,566,131,116.52777862548828,542.638916015625,136.0833339691162,619.6944732666016,1,2,A quality e-bike,1,,,2026-07-02,2026-07-02,2026-07-02T16:26:46.838Z,10:26:46,2026-07-02 10:26:46,,,,,,,spotlight-prolific
Z5MP3C6H,6983aee35d6a46461cfad3c6,2,int,7,4,4,5,2," succeed, ",22567,1459256,567,131,116.52777862548828,542.638916015625,136.0833339691162,619.6944732666016,1,2,A quality e-bike,1,,,2026-07-02,2026-07-02,2026-07-02T16:26:46.838Z,10:26:46,2026-07-02 10:26:46,,,,,,,spotlight-prolific
Z5MP3C6H,6983aee35d6a46461cfad3c6,2,int,7,4,4,5,2," succeed, ",22618,1459307,582,131,116.52777862548828,542.638916015625,136.0833339691162,619.6944732666016,1,2,A quality e-bike,1,,,2026-07-02,2026-07-02,2026-07-02T16:26:46.838Z,10:26:46,2026-07-02 10:26:46,,,,,,,spotlight-prolific
Z5MP3C6H,6983aee35d6a46461cfad3c6,2,int,7,4,4,5,2," succeed, ",22667,1459356,588,131,116.52777862548828,542.638916015625,136.0833339691162,619.6944732666016,1,2,A quality e-bike,1,,,2026-07-02,2026-07-02,2026-07-02T16:26:46.838Z,10:26:46,2026-07-02 10:26:46,,,,,,,spotlight-prolific
Z5MP3C6H,6983aee35d6a46461cfad3c6,2,int,7,4,4,5,2," succeed, ",22716,1459405,602,131,116.52777862548828,542.638916015625,136.0833339691162,619.6944732666016,1,2,A quality e-bike,1,,,2026-07-02,2026-07-02,2026-07-02T16:26:46.838Z,10:26:46,2026-07-02 10:26:46,,,,,,,spotlight-prolific
Z5MP3C6H,6983aee35d6a46461cfad3c6,2,int,7,4,4,5,2," succeed, ",22766,1459455,617,126,116.52777862548828,542.638916015625,136.0833339691162,619.6944732666016,1,2,A quality e-bike,1,,,2026-07-02,2026-07-02,2026-07-02T16:26:46.838Z,10:26:46,2026-07-02 10:26:46,,,,,,,spotlight-prolific
Z5MP3C6H,6983aee35d6a46461cfad3c6,2,int,7,4,4,5,3, the ,22817,1459506,622,125,116.52777862548828,619.6944580078125,136.0833339691162,649.7222366333008,1,3,A quality e-bike,1,,,2026-07-02,2026-07-02,2026-07-02T16:26:46.838Z,10:26:46,2026-07-02 10:26:46,,,,,,,spotlight-prolific
Z5MP3C6H,6983aee35d6a46461cfad3c6,2,int,7,4,4,5,3, the ,22866,1459555,624,125,116.52777862548828,619.6944580078125,136.0833339691162,649.7222366333008,1,3,A quality e-bike,1,,,2026-07-02,2026-07-02,2026-07-02T16:26:46.838Z,10:26:46,2026-07-02 10:26:46,,,,,,,spotlight-prolific
Z5MP3C6H,6983aee35d6a46461cfad3c6,2,int,7,4,4,5,3, the ,22917,1459607,640,127,116.52777862548828,619.6944580078125,136.0833339691162,649.7222366333008,1,3,A quality e-bike,1,,,2026-07-02,2026-07-02,2026-07-02T16:26:46.838Z,10:26:46,2026-07-02 10:26:46,,,,,,,spotlight-prolific
Z5MP3C6H,6983aee35d6a46461cfad3c6,2,int,7,4,4,5,3, the ,22966,1459656,647,127,116.52777862548828,619.6944580078125,136.0833339691162,649.7222366333008,1,3,A quality e-bike,1,,,2026-07-02,2026-07-02,2026-07-02T16:26:46.838Z,10:26:46,2026-07-02 10:26:46,,,,,,,spotlight-prolific
Z5MP3C6H,6983aee35d6a46461cfad3c6,2,int,7,4,4,5,4, electric ,23016,1459705,666,124,116.52777862548828,649.7222290039062,136.0833339691162,711.7500076293945,1,4,A quality e-bike,1,,,2026-07-02,2026-07-02,2026-07-02T16:26:46.838Z,10:26:46,2026-07-02 10:26:46,,,,,,,spotlight-prolific
Z5MP3C6H,6983aee35d6a46461cfad3c6,2,int,7,4,4,5,4, electric ,23066,1459755,672,120,116.52777862548828,649.7222290039062,136.0833339691162,711.7500076293945,1,4,A quality e-bike,1,,,2026-07-02,2026-07-02,2026-07-02T16:26:46.838Z,10:26:46,2026-07-02 10:26:46,,,,,,,spotlight-prolific
Z5MP3C6H,6983aee35d6a46461cfad3c6,2,int,7,4,4,5,4, electric ,23116,1459806,686,120,116.52777862548828,649.7222290039062,136.0833339691162,711.7500076293945,1,4,A quality e-bike,1,,,2026-07-02,2026-07-02,2026-07-02T16:26:46.838Z,10:26:46,2026-07-02 10:26:46,,,,,,,spotlight-prolific
Z5MP3C6H,6983aee35d6a46461cfad3c6,2,int,7,4,4,5,4, electric ,23169,1459858,696,123,116.52777862548828,649.7222290039062,136.0833339691162,711.7500076293945,1,4,A quality e-bike,1,,,2026-07-02,2026-07-02,2026-07-02T16:26:46.838Z,10:26:46,2026-07-02 10:26:46,,,,,,,spotlight-prolific
Z5MP3C6H,6983aee35d6a46461cfad3c6,2,int,7,4,4,5,6, business ,23217,1459906,771,137,116.52777862548828,749.7777709960938,136.0833339691162,825.8333282470703,1,6,A quality e-bike,1,,,2026-07-02,2026-07-02,2026-07-02T16:26:46.838Z,10:26:46,2026-07-02 10:26:46,,,,,,,spotlight-prolific
Z5MP3C6H,6983aee35d6a46461cfad3c6,2,int,7,4,4,5,6, business ,23266,1459955,822,142,116.52777862548828,749.7777709960938,136.0833339691162,825.8333282470703,1,6,A quality e-bike,1,,,2026-07-02,2026-07-02,2026-07-02T16:26:46.838Z,10:26:46,2026-07-02 10:26:46,,,,,,,spotlight-prolific
Z5MP3C6H,6983aee35d6a46461cfad3c6,2,int,7,4,4,5,6, business ,23317,1460006,822,142,116.52777862548828,749.7777709960938,136.0833339691162,825.8333282470703,1,6,A quality e-bike,1,,,2026-07-02,2026-07-02,2026-07-02T16:26:46.838Z,10:26:46,2026-07-02 10:26:46,,,,,,,spotlight-prolific
Z5MP3C6H,6983aee35d6a46461cfad3c6,2,int,7,4,4,5,6, business ,23367,1460057,822,142,116.52777862548828,749.7777709960938,136.0833339691162,825.8333282470703,1,6,A quality e-bike,1,,,2026-07-02,2026-07-02,2026-07-02T16:26:46.838Z,10:26:46,2026-07-02 10:26:46,,,,,,,spotlight-prolific
Z5MP3C6H,6983aee35d6a46461cfad3c6,2,int,7,4,4,5,7, in ,23418,1460107,826,142,116.52777862548828,825.8333129882812,136.0833339691162,844.8472023010254,1,7,A quality e-bike,1,,,2026-07-02,2026-07-02,2026-07-02T16:26:46.838Z,10:26:46,2026-07-02 10:26:46,,,,,,,spotlight-prolific
Z5MP3C6H,6983aee35d6a46461cfad3c6,2,int,7,4,4,5,7, in ,23467,1460156,831,142,116.52777862548828,825.8333129882812,136.0833339691162,844.8472023010254,1,7,A quality e-bike,1,,,2026-07-02,2026-07-02,2026-07-02T16:26:46.838Z,10:26:46,2026-07-02 10:26:46,,,,,,,spotlight-prolific
Z5MP3C6H,6983aee35d6a46461cfad3c6,2,int,7,4,4,5,7, in ,23516,1460206,831,142,116.52777862548828,825.8333129882812,136.0833339691162,844.8472023010254,1,7,A quality e-bike,1,,,2026-07-02,2026-07-02,2026-07-02T16:26:46.838Z,10:26:46,2026-07-02 10:26:46,,,,,,,spotlight-prolific
Z5MP3C6H,6983aee35d6a46461cfad3c6,2,int,7,4,4,5,7, in ,23567,1460256,830,142,116.52777862548828,825.8333129882812,136.0833339691162,844.8472023010254,1,7,A quality e-bike,1,,,2026-07-02,2026-07-02,2026-07-02T16:26:46.838Z,10:26:46,2026-07-02 10:26:46,,,,,,,spotlight-prolific
Z5MP3C6H,6983aee35d6a46461cfad3c6,2,int,7,4,4,5,6, business ,23616,1460306,824,142,116.52777862548828,749.7777709960938,136.0833339691162,825.8333282470703,1,6,A quality e-bike,1,,,2026-07-02,2026-07-02,2026-07-02T16:26:46.838Z,10:26:46,2026-07-02 10:26:46,,,,,,,spotlight-prolific
Z5MP3C6H,6983aee35d6a46461cfad3c6,2,int,7,4,4,5,7, in ,23668,1460357,841,138,116.52777862548828,825.8333129882812,136.0833339691162,844.8472023010254,1,7,A quality e-bike,1,,,2026-07-02,2026-07-02,2026-07-02T16:26:46.838Z,10:26:46,2026-07-02 10:26:46,,,,,,,spotlight-prolific
Z5MP3C6H,6983aee35d6a46461cfad3c6,2,int,7,4,4,5,8, the ,23717,1460406,866,131,116.52777862548828,844.8472290039062,136.0833339691162,874.8750076293945,1,8,A quality e-bike,1,,,2026-07-02,2026-07-02,2026-07-02T16:26:46.838Z,10:26:46,2026-07-02 10:26:46,,,,,,,spotlight-prolific
Z5MP3C6H,6983aee35d6a46461cfad3c6,2,int,7,4,4,5,9, US ,23766,1460456,880,130,116.52777862548828,874.875,136.0833339691162,904.8888893127441,1,9,A quality e-bike,1,,,2026-07-02,2026-07-02,2026-07-02T16:26:46.838Z,10:26:46,2026-07-02 10:26:46,,,,,,,spotlight-prolific
Z5MP3C6H,6983aee35d6a46461cfad3c6,2,int,7,4,4,5,10, must ,23816,1460506,913,128,116.52777862548828,904.888916015625,136.0833339691162,948.9028053283691,1,10,A quality e-bike,1,,,2026-07-02,2026-07-02,2026-07-02T16:26:46.838Z,10:26:46,2026-07-02 10:26:46,,,,,,,spotlight-prolific
Z5MP3C6H,6983aee35d6a46461cfad3c6,2,int,7,4,4,5,10, must ,23868,1460557,948,136,116.52777862548828,904.888916015625,136.0833339691162,948.9028053283691,1,10,A quality e-bike,1,,,2026-07-02,2026-07-02,2026-07-02T16:26:46.838Z,10:26:46,2026-07-02 10:26:46,,,,,,,spotlight-prolific
Z5MP3C6H,6983aee35d6a46461cfad3c6,2,int,7,4,4,5,23, including ,23917,1460606,982,150,156.5277862548828,962.9305419921875,176.08334159851074,1038.986099243164,2,9,A quality e-bike,1,,,2026-07-02,2026-07-02,2026-07-02T16:26:46.838Z,10:26:46,2026-07-02 10:26:46,,,,,,,spotlight-prolific
Z5MP3C6H,6983aee35d6a46461cfad3c6,2,int,7,4,4,5,23, including ,23967,1460656,995,153,156.5277862548828,962.9305419921875,176.08334159851074,1038.986099243164,2,9,A quality e-bike,1,,,2026-07-02,2026-07-02,2026-07-02T16:26:46.838Z,10:26:46,2026-07-02 10:26:46,,,,,,,spotlight-prolific
Z5MP3C6H,6983aee35d6a46461cfad3c6,2,int,7,4,4,5,23, including ,24016,1460706,1004,153,156.5277862548828,962.9305419921875,176.08334159851074,1038.986099243164,2,9,A quality e-bike,1,,,2026-07-02,2026-07-02,2026-07-02T16:26:46.838Z,10:26:46,2026-07-02 10:26:46,,,,,,,spotlight-prolific
Z5MP3C6H,6983aee35d6a46461cfad3c6,2,int,7,4,4,5,23, including ,24066,1460756,1026,154,156.5277862548828,962.9305419921875,176.08334159851074,1038.986099243164,2,9,A quality e-bike,1,,,2026-07-02,2026-07-02,2026-07-02T16:26:46.838Z,10:26:46,2026-07-02 10:26:46,,,,,,,spotlight-prolific
Z5MP3C6H,6983aee35d6a46461cfad3c6,2,int,7,4,4,5,24, New ,24116,1460805,1057,148,156.5277862548828,1038.986083984375,176.08334159851074,1079.6805305480957,2,10,A quality e-bike,1,,,2026-07-02,2026-07-02,2026-07-02T16:26:46.838Z,10:26:46,2026-07-02 10:26:46,,,,,,,spotlight-prolific
Z5MP3C6H,6983aee35d6a46461cfad3c6,2,int,7,4,4,5,12," legal, ",24166,1460856,1069,143,116.52777862548828,1032.9444580078125,136.0833339691162,1080.986125946045,1,12,A quality e-bike,1,,,2026-07-02,2026-07-02,2026-07-02T16:26:46.838Z,10:26:46,2026-07-02 10:26:46,,,,,,,spotlight-prolific
Z5MP3C6H,6983aee35d6a46461cfad3c6,2,int,7,4,4,5,12," legal, ",24217,1460906,1056,137,116.52777862548828,1032.9444580078125,136.0833339691162,1080.986125946045,1,12,A quality e-bike,1,,,2026-07-02,2026-07-02,2026-07-02T16:26:46.838Z,10:26:46,2026-07-02 10:26:46,,,,,,,spotlight-prolific
Z5MP3C6H,6983aee35d6a46461cfad3c6,2,int,7,4,4,5,12," legal, ",24266,1460955,1037,128,116.52777862548828,1032.9444580078125,136.0833339691162,1080.986125946045,1,12,A quality e-bike,1,,,2026-07-02,2026-07-02,2026-07-02T16:26:46.838Z,10:26:46,2026-07-02 10:26:46,,,,,,,spotlight-prolific
Z5MP3C6H,6983aee35d6a46461cfad3c6,2,int,7,4,4,5,11, overcome ,24317,1461006,1031,125,116.52777862548828,948.9027709960938,136.0833339691162,1032.944435119629,1,11,A quality e-bike,1,,,2026-07-02,2026-07-02,2026-07-02T16:26:46.838Z,10:26:46,2026-07-02 10:26:46,,,,,,,spotlight-prolific
Z5MP3C6H,6983aee35d6a46461cfad3c6,2,int,7,4,4,5,11, overcome ,24367,1461057,1032,125,116.52777862548828,948.9027709960938,136.0833339691162,1032.944435119629,1,11,A quality e-bike,1,,,2026-07-02,2026-07-02,2026-07-02T16:26:46.838Z,10:26:46,2026-07-02 10:26:46,,,,,,,spotlight-prolific
Z5MP3C6H,6983aee35d6a46461cfad3c6,2,int,7,4,4,5,12," legal, ",24417,1461107,1062,131,116.52777862548828,1032.9444580078125,136.0833339691162,1080.986125946045,1,12,A quality e-bike,1,,,2026-07-02,2026-07-02,2026-07-02T16:26:46.838Z,10:26:46,2026-07-02 10:26:46,,,,,,,spotlight-prolific
Z5MP3C6H,6983aee35d6a46461cfad3c6,2,int,7,4,4,5,13, cultural ,24466,1461155,1093,132,116.52777862548828,1080.986083984375,136.0833339691162,1144.0138626098633,1,13,A quality e-bike,1,,,2026-07-02,2026-07-02,2026-07-02T16:26:46.838Z,10:26:46,2026-07-02 10:26:46,,,,,,,spotlight-prolific
Z5MP3C6H,6983aee35d6a46461cfad3c6,2,int,7,4,4,5,13, cultural ,24516,1461206,1109,132,116.52777862548828,1080.986083984375,136.0833339691162,1144.0138626098633,1,13,A quality e-bike,1,,,2026-07-02,2026-07-02,2026-07-02T16:26:46.838Z,10:26:46,2026-07-02 10:26:46,,,,,,,spotlight-prolific
Z5MP3C6H,6983aee35d6a46461cfad3c6,2,int,7,4,4,5,13, cultural ,24566,1461255,1120,132,116.52777862548828,1080.986083984375,136.0833339691162,1144.0138626098633,1,13,A quality e-bike,1,,,2026-07-02,2026-07-02,2026-07-02T16:26:46.838Z,10:26:46,2026-07-02 10:26:46,,,,,,,spotlight-prolific
Z5MP3C6H,6983aee35d6a46461cfad3c6,2,int,7,4,4,5,14, and ,24616,1461306,1162,130,116.52777862548828,1144.013916015625,136.0833339691162,1174.0555820465088,1,14,A quality e-bike,1,,,2026-07-02,2026-07-02,2026-07-02T16:26:46.838Z,10:26:46,2026-07-02 10:26:46,,,,,,,spotlight-prolific
Z5MP3C6H,6983aee35d6a46461cfad3c6,2,int,7,4,4,5,-1,999,24666,1461355,1188,128,,,,,,,A quality e-bike,1,,,2026-07-02,2026-07-02,2026-07-02T16:26:46.838Z,10:26:46,2026-07-02 10:26:46,,,,,,,spotlight-prolific
Z5MP3C6H,6983aee35d6a46461cfad3c6,2,int,7,4,4,5,-1,999,24717,1461406,1189,126,,,,,,,A quality e-bike,1,,,2026-07-02,2026-07-02,2026-07-02T16:26:46.838Z,10:26:46,2026-07-02 10:26:46,,,,,,,spotlight-prolific
Z5MP3C6H,6983aee35d6a46461cfad3c6,2,int,7,4,4,5,-1,999,24767,1461456,1189,126,,,,,,,A quality e-bike,1,,,2026-07-02,2026-07-02,2026-07-02T16:26:46.838Z,10:26:46,2026-07-02 10:26:46,,,,,,,spotlight-prolific
Z5MP3C6H,6983aee35d6a46461cfad3c6,2,int,7,4,4,5,14, and ,24817,1461506,1175,129,116.52777862548828,1144.013916015625,136.0833339691162,1174.0555820465088,1,14,A quality e-bike,1,,,2026-07-02,2026-07-02,2026-07-02T16:26:46.838Z,10:26:46,2026-07-02 10:26:46,,,,,,,spotlight-prolific
Z5MP3C6H,6983aee35d6a46461cfad3c6,2,int,7,4,4,5,12," legal, ",24867,1461556,1057,142,116.52777862548828,1032.9444580078125,136.0833339691162,1080.986125946045,1,12,A quality e-bike,1,,,2026-07-02,2026-07-02,2026-07-02T16:26:46.838Z,10:26:46,2026-07-02 10:26:46,,,,,,,spotlight-prolific
Z5MP3C6H,6983aee35d6a46461cfad3c6,2,int,7,4,4,5,9, US ,24916,1461605,893,144,116.52777862548828,874.875,136.0833339691162,904.8888893127441,1,9,A quality e-bike,1,,,2026-07-02,2026-07-02,2026-07-02T16:26:46.838Z,10:26:46,2026-07-02 10:26:46,,,,,,,spotlight-prolific
Z5MP3C6H,6983aee35d6a46461cfad3c6,2,int,7,4,4,5,5, bike ,24967,1461656,726,137,116.52777862548828,711.75,136.0833339691162,749.7777786254883,1,5,A quality e-bike,1,,,2026-07-02,2026-07-02,2026-07-02T16:26:46.838Z,10:26:46,2026-07-02 10:26:46,,,,,,,spotlight-prolific
Z5MP3C6H,6983aee35d6a46461cfad3c6,2,int,7,4,4,5,2," succeed, ",25018,1461708,608,136,116.52777862548828,542.638916015625,136.0833339691162,619.6944732666016,1,2,A quality e-bike,1,,,2026-07-02,2026-07-02,2026-07-02T16:26:46.838Z,10:26:46,2026-07-02 10:26:46,,,,,,,spotlight-prolific
Z5MP3C6H,6983aee35d6a46461cfad3c6,2,int,7,4,4,5,15, financial ,25066,1461755,527,164,156.5277862548828,518.625,176.08334159851074,589.6805572509766,2,1,A quality e-bike,1,,,2026-07-02,2026-07-02,2026-07-02T16:26:46.838Z,10:26:46,2026-07-02 10:26:46,,,,,,,spotlight-prolific
Z5MP3C6H,6983aee35d6a46461cfad3c6,2,int,7,4,4,5,-1,999,25116,1461805,462,174,,,,,,,A quality e-bike,1,,,2026-07-02,2026-07-02,2026-07-02T16:26:46.838Z,10:26:46,2026-07-02 10:26:46,,,,,,,spotlight-prolific
Z5MP3C6H,6983aee35d6a46461cfad3c6,2,int,7,4,4,5,-1,999,25167,1461856,464,174,,,,,,,A quality e-bike,1,,,2026-07-02,2026-07-02,2026-07-02T16:26:46.838Z,10:26:46,2026-07-02 10:26:46,,,,,,,spotlight-prolific
Z5MP3C6H,6983aee35d6a46461cfad3c6,2,int,7,4,4,5,-1,999,25216,1461905,475,177,,,,,,,A quality e-bike,1,,,2026-07-02,2026-07-02,2026-07-02T16:26:46.838Z,10:26:46,2026-07-02 10:26:46,,,,,,,spotlight-prolific
Z5MP3C6H,6983aee35d6a46461cfad3c6,2,int,7,4,4,5,-1,999,25265,1461955,499,177,,,,,,,A quality e-bike,1,,,2026-07-02,2026-07-02,2026-07-02T16:26:46.838Z,10:26:46,2026-07-02 10:26:46,,,,,,,spotlight-prolific
Z5MP3C6H,6983aee35d6a46461cfad3c6,2,int,7,4,4,5,15, financial ,25316,1462006,546,170,156.5277862548828,518.625,176.08334159851074,589.6805572509766,2,1,A quality e-bike,1,,,2026-07-02,2026-07-02,2026-07-02T16:26:46.838Z,10:26:46,2026-07-02 10:26:46,,,,,,,spotlight-prolific
Z5MP3C6H,6983aee35d6a46461cfad3c6,2,int,7,4,4,5,15, financial ,25366,1462056,553,166,156.5277862548828,518.625,176.08334159851074,589.6805572509766,2,1,A quality e-bike,1,,,2026-07-02,2026-07-02,2026-07-02T16:26:46.838Z,10:26:46,2026-07-02 10:26:46,,,,,,,spotlight-prolific
Z5MP3C6H,6983aee35d6a46461cfad3c6,2,int,7,4,4,5,15, financial ,25417,1462106,551,166,156.5277862548828,518.625,176.08334159851074,589.6805572509766,2,1,A quality e-bike,1,,,2026-07-02,2026-07-02,2026-07-02T16:26:46.838Z,10:26:46,2026-07-02 10:26:46,,,,,,,spotlight-prolific
Z5MP3C6H,6983aee35d6a46461cfad3c6,2,int,7,4,4,5,15, financial ,25466,1462156,550,166,156.5277862548828,518.625,176.08334159851074,589.6805572509766,2,1,A quality e-bike,1,,,2026-07-02,2026-07-02,2026-07-02T16:26:46.838Z,10:26:46,2026-07-02 10:26:46,,,,,,,spotlight-prolific
Z5MP3C6H,6983aee35d6a46461cfad3c6,2,int,7,4,4,5,15, financial ,25516,1462205,564,166,156.5277862548828,518.625,176.08334159851074,589.6805572509766,2,1,A quality e-bike,1,,,2026-07-02,2026-07-02,2026-07-02T16:26:46.838Z,10:26:46,2026-07-02 10:26:46,,,,,,,spotlight-prolific
Z5MP3C6H,6983aee35d6a46461cfad3c6,2,int,7,4,4,5,16, obstacles. ,25566,1462255,595,165,156.5277862548828,589.6805419921875,176.08334159851074,675.7360992431641,2,2,A quality e-bike,1,,,2026-07-02,2026-07-02,2026-07-02T16:26:46.838Z,10:26:46,2026-07-02 10:26:46,,,,,,,spotlight-prolific
Z5MP3C6H,6983aee35d6a46461cfad3c6,2,int,7,4,4,5,16, obstacles. ,25616,1462306,607,167,156.5277862548828,589.6805419921875,176.08334159851074,675.7360992431641,2,2,A quality e-bike,1,,,2026-07-02,2026-07-02,2026-07-02T16:26:46.838Z,10:26:46,2026-07-02 10:26:46,,,,,,,spotlight-prolific
Z5MP3C6H,6983aee35d6a46461cfad3c6,2,int,7,4,4,5,16, obstacles. ,25666,1462355,610,167,156.5277862548828,589.6805419921875,176.08334159851074,675.7360992431641,2,2,A quality e-bike,1,,,2026-07-02,2026-07-02,2026-07-02T16:26:46.838Z,10:26:46,2026-07-02 10:26:46,,,,,,,spotlight-prolific
Z5MP3C6H,6983aee35d6a46461cfad3c6,2,int,7,4,4,5,16, obstacles. ,25716,1462405,616,167,156.5277862548828,589.6805419921875,176.08334159851074,675.7360992431641,2,2,A quality e-bike,1,,,2026-07-02,2026-07-02,2026-07-02T16:26:46.838Z,10:26:46,2026-07-02 10:26:46,,,,,,,spotlight-prolific
Z5MP3C6H,6983aee35d6a46461cfad3c6,2,int,7,4,4,5,16, obstacles. ,25766,1462456,620,167,156.5277862548828,589.6805419921875,176.08334159851074,675.7360992431641,2,2,A quality e-bike,1,,,2026-07-02,2026-07-02,2026-07-02T16:26:46.838Z,10:26:46,2026-07-02 10:26:46,,,,,,,spotlight-prolific
Z5MP3C6H,6983aee35d6a46461cfad3c6,2,int,7,4,4,5,16, obstacles. ,25817,1462506,624,167,156.5277862548828,589.6805419921875,176.08334159851074,675.7360992431641,2,2,A quality e-bike,1,,,2026-07-02,2026-07-02,2026-07-02T16:26:46.838Z,10:26:46,2026-07-02 10:26:46,,,,,,,spotlight-prolific
Z5MP3C6H,6983aee35d6a46461cfad3c6,2,int,7,4,4,5,16, obstacles. ,25866,1462555,626,167,156.5277862548828,589.6805419921875,176.08334159851074,675.7360992431641,2,2,A quality e-bike,1,,,2026-07-02,2026-07-02,2026-07-02T16:26:46.838Z,10:26:46,2026-07-02 10:26:46,,,,,,,spotlight-prolific
Z5MP3C6H,6983aee35d6a46461cfad3c6,2,int,7,4,4,5,16, obstacles. ,25916,1462605,653,166,156.5277862548828,589.6805419921875,176.08334159851074,675.7360992431641,2,2,A quality e-bike,1,,,2026-07-02,2026-07-02,2026-07-02T16:26:46.838Z,10:26:46,2026-07-02 10:26:46,,,,,,,spotlight-prolific
Z5MP3C6H,6983aee35d6a46461cfad3c6,2,int,7,4,4,5,16, obstacles. ,25967,1462656,671,165,156.5277862548828,589.6805419921875,176.08334159851074,675.7360992431641,2,2,A quality e-bike,1,,,2026-07-02,2026-07-02,2026-07-02T16:26:46.838Z,10:26:46,2026-07-02 10:26:46,,,,,,,spotlight-prolific
Z5MP3C6H,6983aee35d6a46461cfad3c6,2,int,7,4,4,5,17, E-bikes ,26016,1462706,686,158,156.5277862548828,675.7361450195312,176.08334159851074,740.7639236450195,2,3,A quality e-bike,1,,,2026-07-02,2026-07-02,2026-07-02T16:26:46.838Z,10:26:46,2026-07-02 10:26:46,,,,,,,spotlight-prolific
Z5MP3C6H,6983aee35d6a46461cfad3c6,2,int,7,4,4,5,17, E-bikes ,26066,1462755,691,157,156.5277862548828,675.7361450195312,176.08334159851074,740.7639236450195,2,3,A quality e-bike,1,,,2026-07-02,2026-07-02,2026-07-02T16:26:46.838Z,10:26:46,2026-07-02 10:26:46,,,,,,,spotlight-prolific
Z5MP3C6H,6983aee35d6a46461cfad3c6,2,int,7,4,4,5,17, E-bikes ,26117,1462806,700,156,156.5277862548828,675.7361450195312,176.08334159851074,740.7639236450195,2,3,A quality e-bike,1,,,2026-07-02,2026-07-02,2026-07-02T16:26:46.838Z,10:26:46,2026-07-02 10:26:46,,,,,,,spotlight-prolific
Z5MP3C6H,6983aee35d6a46461cfad3c6,2,int,7,4,4,5,17, E-bikes ,26166,1462856,704,156,156.5277862548828,675.7361450195312,176.08334159851074,740.7639236450195,2,3,A quality e-bike,1,,,2026-07-02,2026-07-02,2026-07-02T16:26:46.838Z,10:26:46,2026-07-02 10:26:46,,,,,,,spotlight-prolific
Z5MP3C6H,6983aee35d6a46461cfad3c6,2,int,7,4,4,5,17, E-bikes ,26216,1462906,704,156,156.5277862548828,675.7361450195312,176.08334159851074,740.7639236450195,2,3,A quality e-bike,1,,,2026-07-02,2026-07-02,2026-07-02T16:26:46.838Z,10:26:46,2026-07-02 10:26:46,,,,,,,spotlight-prolific
Z5MP3C6H,6983aee35d6a46461cfad3c6,2,int,7,4,4,5,17, E-bikes ,26266,1462955,706,156,156.5277862548828,675.7361450195312,176.08334159851074,740.7639236450195,2,3,A quality e-bike,1,,,2026-07-02,2026-07-02,2026-07-02T16:26:46.838Z,10:26:46,2026-07-02 10:26:46,,,,,,,spotlight-prolific
Z5MP3C6H,6983aee35d6a46461cfad3c6,2,int,7,4,4,5,17, E-bikes ,26317,1463007,711,159,156.5277862548828,675.7361450195312,176.08334159851074,740.7639236450195,2,3,A quality e-bike,1,,,2026-07-02,2026-07-02,2026-07-02T16:26:46.838Z,10:26:46,2026-07-02 10:26:46,,,,,,,spotlight-prolific
Z5MP3C6H,6983aee35d6a46461cfad3c6,2,int,7,4,4,5,17, E-bikes ,26366,1463056,733,169,156.5277862548828,675.7361450195312,176.08334159851074,740.7639236450195,2,3,A quality e-bike,1,,,2026-07-02,2026-07-02,2026-07-02T16:26:46.838Z,10:26:46,2026-07-02 10:26:46,,,,,,,spotlight-prolific
Z5MP3C6H,6983aee35d6a46461cfad3c6,2,int,7,4,4,5,18, are ,26417,1463106,746,172,156.5277862548828,740.763916015625,176.08334159851074,771.7916946411133,2,4,A quality e-bike,1,,,2026-07-02,2026-07-02,2026-07-02T16:26:46.838Z,10:26:46,2026-07-02 10:26:46,,,,,,,spotlight-prolific
Z5MP3C6H,6983aee35d6a46461cfad3c6,2,int,7,4,4,5,18, are ,26466,1463156,751,172,156.5277862548828,740.763916015625,176.08334159851074,771.7916946411133,2,4,A quality e-bike,1,,,2026-07-02,2026-07-02,2026-07-02T16:26:46.838Z,10:26:46,2026-07-02 10:26:46,,,,,,,spotlight-prolific
Z5MP3C6H,6983aee35d6a46461cfad3c6,2,int,7,4,4,5,18, are ,26516,1463206,760,172,156.5277862548828,740.763916015625,176.08334159851074,771.7916946411133,2,4,A quality e-bike,1,,,2026-07-02,2026-07-02,2026-07-02T16:26:46.838Z,10:26:46,2026-07-02 10:26:46,,,,,,,spotlight-prolific
Z5MP3C6H,6983aee35d6a46461cfad3c6,2,int,7,4,4,5,19, banned ,26568,1463258,773,172,156.5277862548828,771.7916870117188,176.08334159851074,836.8611297607422,2,5,A quality e-bike,1,,,2026-07-02,2026-07-02,2026-07-02T16:26:46.838Z,10:26:46,2026-07-02 10:26:46,,,,,,,spotlight-prolific
Z5MP3C6H,6983aee35d6a46461cfad3c6,2,int,7,4,4,5,19, banned ,26616,1463306,786,171,156.5277862548828,771.7916870117188,176.08334159851074,836.8611297607422,2,5,A quality e-bike,1,,,2026-07-02,2026-07-02,2026-07-02T16:26:46.838Z,10:26:46,2026-07-02 10:26:46,,,,,,,spotlight-prolific
Z5MP3C6H,6983aee35d6a46461cfad3c6,2,int,7,4,4,5,19, banned ,26666,1463356,788,171,156.5277862548828,771.7916870117188,176.08334159851074,836.8611297607422,2,5,A quality e-bike,1,,,2026-07-02,2026-07-02,2026-07-02T16:26:46.838Z,10:26:46,2026-07-02 10:26:46,,,,,,,spotlight-prolific
Z5MP3C6H,6983aee35d6a46461cfad3c6,2,int,7,4,4,5,19, banned ,26716,1463405,795,172,156.5277862548828,771.7916870117188,176.08334159851074,836.8611297607422,2,5,A quality e-bike,1,,,2026-07-02,2026-07-02,2026-07-02T16:26:46.838Z,10:26:46,2026-07-02 10:26:46,,,,,,,spotlight-prolific
Z5MP3C6H,6983aee35d6a46461cfad3c6,2,int,7,4,4,5,19, banned ,26766,1463456,817,174,156.5277862548828,771.7916870117188,176.08334159851074,836.8611297607422,2,5,A quality e-bike,1,,,2026-07-02,2026-07-02,2026-07-02T16:26:46.838Z,10:26:46,2026-07-02 10:26:46,,,,,,,spotlight-prolific
Z5MP3C6H,6983aee35d6a46461cfad3c6,2,int,7,4,4,5,21, some ,26816,1463506,872,180,156.5277862548828,855.875,176.08334159851074,904.9027786254883,2,7,A quality e-bike,1,,,2026-07-02,2026-07-02,2026-07-02T16:26:46.838Z,10:26:46,2026-07-02 10:26:46,,,,,,,spotlight-prolific
Z5MP3C6H,6983aee35d6a46461cfad3c6,2,int,7,4,4,5,21, some ,26867,1463556,888,182,156.5277862548828,855.875,176.08334159851074,904.9027786254883,2,7,A quality e-bike,1,,,2026-07-02,2026-07-02,2026-07-02T16:26:46.838Z,10:26:46,2026-07-02 10:26:46,,,,,,,spotlight-prolific
Z5MP3C6H,6983aee35d6a46461cfad3c6,2,int,7,4,4,5,21, some ,26916,1463606,888,182,156.5277862548828,855.875,176.08334159851074,904.9027786254883,2,7,A quality e-bike,1,,,2026-07-02,2026-07-02,2026-07-02T16:26:46.838Z,10:26:46,2026-07-02 10:26:46,,,,,,,spotlight-prolific
Z5MP3C6H,6983aee35d6a46461cfad3c6,2,int,7,4,4,5,21, some ,26966,1463655,888,182,156.5277862548828,855.875,176.08334159851074,904.9027786254883,2,7,A quality e-bike,1,,,2026-07-02,2026-07-02,2026-07-02T16:26:46.838Z,10:26:46,2026-07-02 10:26:46,,,,,,,spotlight-prolific
Z5MP3C6H,6983aee35d6a46461cfad3c6,2,int,7,4,4,5,21, some ,27017,1463706,898,180,156.5277862548828,855.875,176.08334159851074,904.9027786254883,2,7,A quality e-bike,1,,,2026-07-02,2026-07-02,2026-07-02T16:26:46.838Z,10:26:46,2026-07-02 10:26:46,,,,,,,spotlight-prolific
Z5MP3C6H,6983aee35d6a46461cfad3c6,2,int,7,4,4,5,21, some ,27066,1463756,904,179,156.5277862548828,855.875,176.08334159851074,904.9027786254883,2,7,A quality e-bike,1,,,2026-07-02,2026-07-02,2026-07-02T16:26:46.838Z,10:26:46,2026-07-02 10:26:46,,,,,,,spotlight-prolific
Z5MP3C6H,6983aee35d6a46461cfad3c6,2,int,7,4,4,5,22," states, ",27116,1463805,911,179,156.5277862548828,904.9027709960938,176.08334159851074,962.930549621582,2,8,A quality e-bike,1,,,2026-07-02,2026-07-02,2026-07-02T16:26:46.838Z,10:26:46,2026-07-02 10:26:46,,,,,,,spotlight-prolific
Z5MP3C6H,6983aee35d6a46461cfad3c6,2,int,7,4,4,5,22," states, ",27168,1463858,922,175,156.5277862548828,904.9027709960938,176.08334159851074,962.930549621582,2,8,A quality e-bike,1,,,2026-07-02,2026-07-02,2026-07-02T16:26:46.838Z,10:26:46,2026-07-02 10:26:46,,,,,,,spotlight-prolific
Z5MP3C6H,6983aee35d6a46461cfad3c6,2,int,7,4,4,5,22," states, ",27216,1463905,928,175,156.5277862548828,904.9027709960938,176.08334159851074,962.930549621582,2,8,A quality e-bike,1,,,2026-07-02,2026-07-02,2026-07-02T16:26:46.838Z,10:26:46,2026-07-02 10:26:46,,,,,,,spotlight-prolific
Z5MP3C6H,6983aee35d6a46461cfad3c6,2,int,7,4,4,5,22," states, ",27266,1463955,951,177,156.5277862548828,904.9027709960938,176.08334159851074,962.930549621582,2,8,A quality e-bike,1,,,2026-07-02,2026-07-02,2026-07-02T16:26:46.838Z,10:26:46,2026-07-02 10:26:46,,,,,,,spotlight-prolific
Z5MP3C6H,6983aee35d6a46461cfad3c6,2,int,7,4,4,5,22," states, ",27316,1464005,961,177,156.5277862548828,904.9027709960938,176.08334159851074,962.930549621582,2,8,A quality e-bike,1,,,2026-07-02,2026-07-02,2026-07-02T16:26:46.838Z,10:26:46,2026-07-02 10:26:46,,,,,,,spotlight-prolific
Z5MP3C6H,6983aee35d6a46461cfad3c6,2,int,7,4,4,5,23, including ,27367,1464057,980,174,156.5277862548828,962.9305419921875,176.08334159851074,1038.986099243164,2,9,A quality e-bike,1,,,2026-07-02,2026-07-02,2026-07-02T16:26:46.838Z,10:26:46,2026-07-02 10:26:46,,,,,,,spotlight-prolific
Z5MP3C6H,6983aee35d6a46461cfad3c6,2,int,7,4,4,5,23, including ,27416,1464105,991,171,156.5277862548828,962.9305419921875,176.08334159851074,1038.986099243164,2,9,A quality e-bike,1,,,2026-07-02,2026-07-02,2026-07-02T16:26:46.838Z,10:26:46,2026-07-02 10:26:46,,,,,,,spotlight-prolific
Z5MP3C6H,6983aee35d6a46461cfad3c6,2,int,7,4,4,5,23, including ,27466,1464155,1015,166,156.5277862548828,962.9305419921875,176.08334159851074,1038.986099243164,2,9,A quality e-bike,1,,,2026-07-02,2026-07-02,2026-07-02T16:26:46.838Z,10:26:46,2026-07-02 10:26:46,,,,,,,spotlight-prolific
Z5MP3C6H,6983aee35d6a46461cfad3c6,2,int,7,4,4,5,23, including ,27516,1464205,1029,164,156.5277862548828,962.9305419921875,176.08334159851074,1038.986099243164,2,9,A quality e-bike,1,,,2026-07-02,2026-07-02,2026-07-02T16:26:46.838Z,10:26:46,2026-07-02 10:26:46,,,,,,,spotlight-prolific
Z5MP3C6H,6983aee35d6a46461cfad3c6,2,int,7,4,4,5,23, including ,27566,1464255,1031,164,156.5277862548828,962.9305419921875,176.08334159851074,1038.986099243164,2,9,A quality e-bike,1,,,2026-07-02,2026-07-02,2026-07-02T16:26:46.838Z,10:26:46,2026-07-02 10:26:46,,,,,,,spotlight-prolific
Z5MP3C6H,6983aee35d6a46461cfad3c6,2,int,7,4,4,5,24, New ,27621,1464311,1048,164,156.5277862548828,1038.986083984375,176.08334159851074,1079.6805305480957,2,10,A quality e-bike,1,,,2026-07-02,2026-07-02,2026-07-02T16:26:46.838Z,10:26:46,2026-07-02 10:26:46,,,,,,,spotlight-prolific
Z5MP3C6H,6983aee35d6a46461cfad3c6,2,int,7,4,4,5,25, York. ,27666,1464356,1112,171,156.5277862548828,1079.6805419921875,176.08334159851074,1125.0416526794434,2,11,A quality e-bike,1,,,2026-07-02,2026-07-02,2026-07-02T16:26:46.838Z,10:26:46,2026-07-02 10:26:46,,,,,,,spotlight-prolific
Z5MP3C6H,6983aee35d6a46461cfad3c6,2,int,7,4,4,5,26, Some ,27717,1464406,1173,174,156.5277862548828,1125.0416259765625,176.08334159851074,1172.0694046020508,2,12,A quality e-bike,1,,,2026-07-02,2026-07-02,2026-07-02T16:26:46.838Z,10:26:46,2026-07-02 10:26:46,,,,,,,spotlight-prolific
Z5MP3C6H,6983aee35d6a46461cfad3c6,2,int,7,4,4,5,26, Some ,27766,1464456,1173,174,156.5277862548828,1125.0416259765625,176.08334159851074,1172.0694046020508,2,12,A quality e-bike,1,,,2026-07-02,2026-07-02,2026-07-02T16:26:46.838Z,10:26:46,2026-07-02 10:26:46,,,,,,,spotlight-prolific
Z5MP3C6H,6983aee35d6a46461cfad3c6,2,int,7,4,4,5,26, Some ,27817,1464506,1173,174,156.5277862548828,1125.0416259765625,176.08334159851074,1172.0694046020508,2,12,A quality e-bike,1,,,2026-07-02,2026-07-02,2026-07-02T16:26:46.838Z,10:26:46,2026-07-02 10:26:46,,,,,,,spotlight-prolific
Z5MP3C6H,6983aee35d6a46461cfad3c6,2,int,7,4,4,5,26, Some ,27866,1464556,1173,174,156.5277862548828,1125.0416259765625,176.08334159851074,1172.0694046020508,2,12,A quality e-bike,1,,,2026-07-02,2026-07-02,2026-07-02T16:26:46.838Z,10:26:46,2026-07-02 10:26:46,,,,,,,spotlight-prolific
Z5MP3C6H,6983aee35d6a46461cfad3c6,2,int,7,4,4,5,26, Some ,27916,1464605,1173,174,156.5277862548828,1125.0416259765625,176.08334159851074,1172.0694046020508,2,12,A quality e-bike,1,,,2026-07-02,2026-07-02,2026-07-02T16:26:46.838Z,10:26:46,2026-07-02 10:26:46,,,,,,,spotlight-prolific
Z5MP3C6H,6983aee35d6a46461cfad3c6,2,int,7,4,4,5,26, Some ,27966,1464655,1173,174,156.5277862548828,1125.0416259765625,176.08334159851074,1172.0694046020508,2,12,A quality e-bike,1,,,2026-07-02,2026-07-02,2026-07-02T16:26:46.838Z,10:26:46,2026-07-02 10:26:46,,,,,,,spotlight-prolific
Z5MP3C6H,6983aee35d6a46461cfad3c6,2,int,7,4,4,5,26, Some ,28017,1464706,1168,176,156.5277862548828,1125.0416259765625,176.08334159851074,1172.0694046020508,2,12,A quality e-bike,1,,,2026-07-02,2026-07-02,2026-07-02T16:26:46.838Z,10:26:46,2026-07-02 10:26:46,,,,,,,spotlight-prolific
Z5MP3C6H,6983aee35d6a46461cfad3c6,2,int,7,4,4,5,26, Some ,28066,1464755,1166,176,156.5277862548828,1125.0416259765625,176.08334159851074,1172.0694046020508,2,12,A quality e-bike,1,,,2026-07-02,2026-07-02,2026-07-02T16:26:46.838Z,10:26:46,2026-07-02 10:26:46,,,,,,,spotlight-prolific
Z5MP3C6H,6983aee35d6a46461cfad3c6,2,int,7,4,4,5,26, Some ,28117,1464806,1166,176,156.5277862548828,1125.0416259765625,176.08334159851074,1172.0694046020508,2,12,A quality e-bike,1,,,2026-07-02,2026-07-02,2026-07-02T16:26:46.838Z,10:26:46,2026-07-02 10:26:46,,,,,,,spotlight-prolific
Z5MP3C6H,6983aee35d6a46461cfad3c6,2,int,7,4,4,5,42, one ,28166,1464856,1157,193,196.5277862548828,1146.0694580078125,216.08334159851074,1176.1111240386963,3,16,A quality e-bike,1,,,2026-07-02,2026-07-02,2026-07-02T16:26:46.838Z,10:26:46,2026-07-02 10:26:46,,,,,,,spotlight-prolific
Z5MP3C6H,6983aee35d6a46461cfad3c6,2,int,7,4,4,5,54, 30kg. ,28217,1464906,1047,243,236.5277862548828,1013.9305419921875,256.08334159851074,1062.97220993042,4,12,A quality e-bike,1,,,2026-07-02,2026-07-02,2026-07-02T16:26:46.838Z,10:26:46,2026-07-02 10:26:46,,,,,,,spotlight-prolific
Z5MP3C6H,6983aee35d6a46461cfad3c6,2,int,7,4,4,5,50, Some ,28266,1464955,832,260,236.5277862548828,792.8055419921875,256.08334159851074,844.8333206176758,4,8,A quality e-bike,1,,,2026-07-02,2026-07-02,2026-07-02T16:26:46.838Z,10:26:46,2026-07-02 10:26:46,,,,,,,spotlight-prolific
Z5MP3C6H,6983aee35d6a46461cfad3c6,2,int,7,4,4,5,45, reasons ,28316,1465006,625,264,236.5277862548828,568.6666870117188,256.08334159851074,637.7083511352539,4,3,A quality e-bike,1,,,2026-07-02,2026-07-02,2026-07-02T16:26:46.838Z,10:26:46,2026-07-02 10:26:46,,,,,,,spotlight-prolific
Z5MP3C6H,6983aee35d6a46461cfad3c6,2,int,7,4,4,5,43, of ,28366,1465055,523,254,236.5277862548828,518.625,256.08334159851074,538.6388893127441,4,1,A quality e-bike,1,,,2026-07-02,2026-07-02,2026-07-02T16:26:46.838Z,10:26:46,2026-07-02 10:26:46,,,,,,,spotlight-prolific
Z5MP3C6H,6983aee35d6a46461cfad3c6,2,int,7,4,4,5,-1,999,28415,1465105,510,254,,,,,,,A quality e-bike,1,,,2026-07-02,2026-07-02,2026-07-02T16:26:46.838Z,10:26:46,2026-07-02 10:26:46,,,,,,,spotlight-prolific
Z5MP3C6H,6983aee35d6a46461cfad3c6,2,int,7,4,4,5,-1,999,28466,1465155,504,253,,,,,,,A quality e-bike,1,,,2026-07-02,2026-07-02,2026-07-02T16:26:46.838Z,10:26:46,2026-07-02 10:26:46,,,,,,,spotlight-prolific
Z5MP3C6H,6983aee35d6a46461cfad3c6,2,int,7,4,4,5,-1,999,28516,1465205,496,241,,,,,,,A quality e-bike,1,,,2026-07-02,2026-07-02,2026-07-02T16:26:46.838Z,10:26:46,2026-07-02 10:26:46,,,,,,,spotlight-prolific
Z5MP3C6H,6983aee35d6a46461cfad3c6,2,int,7,4,4,5,-1,999,28567,1465256,506,224,,,,,,,A quality e-bike,1,,,2026-07-02,2026-07-02,2026-07-02T16:26:46.838Z,10:26:46,2026-07-02 10:26:46,,,,,,,spotlight-prolific
Z5MP3C6H,6983aee35d6a46461cfad3c6,2,int,7,4,4,5,27, people ,28616,1465306,527,206,196.5277862548828,518.625,216.08334159851074,577.6805572509766,3,1,A quality e-bike,1,,,2026-07-02,2026-07-02,2026-07-02T16:26:46.838Z,10:26:46,2026-07-02 10:26:46,,,,,,,spotlight-prolific
Z5MP3C6H,6983aee35d6a46461cfad3c6,2,int,7,4,4,5,27, people ,28666,1465356,530,206,196.5277862548828,518.625,216.08334159851074,577.6805572509766,3,1,A quality e-bike,1,,,2026-07-02,2026-07-02,2026-07-02T16:26:46.838Z,10:26:46,2026-07-02 10:26:46,,,,,,,spotlight-prolific
Z5MP3C6H,6983aee35d6a46461cfad3c6,2,int,7,4,4,5,27, people ,28717,1465406,530,206,196.5277862548828,518.625,216.08334159851074,577.6805572509766,3,1,A quality e-bike,1,,,2026-07-02,2026-07-02,2026-07-02T16:26:46.838Z,10:26:46,2026-07-02 10:26:46,,,,,,,spotlight-prolific
Z5MP3C6H,6983aee35d6a46461cfad3c6,2,int,7,4,4,5,27, people ,28767,1465457,535,206,196.5277862548828,518.625,216.08334159851074,577.6805572509766,3,1,A quality e-bike,1,,,2026-07-02,2026-07-02,2026-07-02T16:26:46.838Z,10:26:46,2026-07-02 10:26:46,,,,,,,spotlight-prolific
Z5MP3C6H,6983aee35d6a46461cfad3c6,2,int,7,4,4,5,27, people ,28816,1465506,539,207,196.5277862548828,518.625,216.08334159851074,577.6805572509766,3,1,A quality e-bike,1,,,2026-07-02,2026-07-02,2026-07-02T16:26:46.838Z,10:26:46,2026-07-02 10:26:46,,,,,,,spotlight-prolific
Z5MP3C6H,6983aee35d6a46461cfad3c6,2,int,7,4,4,5,27, people ,28866,1465556,542,208,196.5277862548828,518.625,216.08334159851074,577.6805572509766,3,1,A quality e-bike,1,,,2026-07-02,2026-07-02,2026-07-02T16:26:46.838Z,10:26:46,2026-07-02 10:26:46,,,,,,,spotlight-prolific
Z5MP3C6H,6983aee35d6a46461cfad3c6,2,int,7,4,4,5,27, people ,28916,1465606,567,208,196.5277862548828,518.625,216.08334159851074,577.6805572509766,3,1,A quality e-bike,1,,,2026-07-02,2026-07-02,2026-07-02T16:26:46.838Z,10:26:46,2026-07-02 10:26:46,,,,,,,spotlight-prolific
Z5MP3C6H,6983aee35d6a46461cfad3c6,2,int,7,4,4,5,28, who ,28967,1465657,611,209,196.5277862548828,577.6805419921875,216.08334159851074,615.7083206176758,3,2,A quality e-bike,1,,,2026-07-02,2026-07-02,2026-07-02T16:26:46.838Z,10:26:46,2026-07-02 10:26:46,,,,,,,spotlight-prolific
Z5MP3C6H,6983aee35d6a46461cfad3c6,2,int,7,4,4,5,28, who ,29016,1465706,611,209,196.5277862548828,577.6805419921875,216.08334159851074,615.7083206176758,3,2,A quality e-bike,1,,,2026-07-02,2026-07-02,2026-07-02T16:26:46.838Z,10:26:46,2026-07-02 10:26:46,,,,,,,spotlight-prolific
Z5MP3C6H,6983aee35d6a46461cfad3c6,2,int,7,4,4,5,28, who ,29067,1465756,613,209,196.5277862548828,577.6805419921875,216.08334159851074,615.7083206176758,3,2,A quality e-bike,1,,,2026-07-02,2026-07-02,2026-07-02T16:26:46.838Z,10:26:46,2026-07-02 10:26:46,,,,,,,spotlight-prolific
Z5MP3C6H,6983aee35d6a46461cfad3c6,2,int,7,4,4,5,28, who ,29117,1465806,613,209,196.5277862548828,577.6805419921875,216.08334159851074,615.7083206176758,3,2,A quality e-bike,1,,,2026-07-02,2026-07-02,2026-07-02T16:26:46.838Z,10:26:46,2026-07-02 10:26:46,,,,,,,spotlight-prolific
Z5MP3C6H,6983aee35d6a46461cfad3c6,2,int,7,4,4,5,28, who ,29166,1465855,615,209,196.5277862548828,577.6805419921875,216.08334159851074,615.7083206176758,3,2,A quality e-bike,1,,,2026-07-02,2026-07-02,2026-07-02T16:26:46.838Z,10:26:46,2026-07-02 10:26:46,,,,,,,spotlight-prolific
Z5MP3C6H,6983aee35d6a46461cfad3c6,2,int,7,4,4,5,29, own ,29216,1465906,628,209,196.5277862548828,615.7083129882812,216.08334159851074,653.7360916137695,3,3,A quality e-bike,1,,,2026-07-02,2026-07-02,2026-07-02T16:26:46.838Z,10:26:46,2026-07-02 10:26:46,,,,,,,spotlight-prolific
Z5MP3C6H,6983aee35d6a46461cfad3c6,2,int,7,4,4,5,29, own ,29266,1465956,640,209,196.5277862548828,615.7083129882812,216.08334159851074,653.7360916137695,3,3,A quality e-bike,1,,,2026-07-02,2026-07-02,2026-07-02T16:26:46.838Z,10:26:46,2026-07-02 10:26:46,,,,,,,spotlight-prolific
Z5MP3C6H,6983aee35d6a46461cfad3c6,2,int,7,4,4,5,29, own ,29316,1466006,651,208,196.5277862548828,615.7083129882812,216.08334159851074,653.7360916137695,3,3,A quality e-bike,1,,,2026-07-02,2026-07-02,2026-07-02T16:26:46.838Z,10:26:46,2026-07-02 10:26:46,,,,,,,spotlight-prolific
Z5MP3C6H,6983aee35d6a46461cfad3c6,2,int,7,4,4,5,30, and ,29366,1466055,678,202,196.5277862548828,653.7361450195312,216.08334159851074,688.7778129577637,3,4,A quality e-bike,1,,,2026-07-02,2026-07-02,2026-07-02T16:26:46.838Z,10:26:46,2026-07-02 10:26:46,,,,,,,spotlight-prolific
Z5MP3C6H,6983aee35d6a46461cfad3c6,2,int,7,4,4,5,31, work ,29416,1466106,702,198,196.5277862548828,688.7777709960938,216.08334159851074,731.7916603088379,3,5,A quality e-bike,1,,,2026-07-02,2026-07-02,2026-07-02T16:26:46.838Z,10:26:46,2026-07-02 10:26:46,,,,,,,spotlight-prolific
Z5MP3C6H,6983aee35d6a46461cfad3c6,2,int,7,4,4,5,31, work ,29468,1466157,704,198,196.5277862548828,688.7777709960938,216.08334159851074,731.7916603088379,3,5,A quality e-bike,1,,,2026-07-02,2026-07-02,2026-07-02T16:26:46.838Z,10:26:46,2026-07-02 10:26:46,,,,,,,spotlight-prolific
Z5MP3C6H,6983aee35d6a46461cfad3c6,2,int,7,4,4,5,31, work ,29516,1466206,704,198,196.5277862548828,688.7777709960938,216.08334159851074,731.7916603088379,3,5,A quality e-bike,1,,,2026-07-02,2026-07-02,2026-07-02T16:26:46.838Z,10:26:46,2026-07-02 10:26:46,,,,,,,spotlight-prolific
Z5MP3C6H,6983aee35d6a46461cfad3c6,2,int,7,4,4,5,31, work ,29567,1466257,724,198,196.5277862548828,688.7777709960938,216.08334159851074,731.7916603088379,3,5,A quality e-bike,1,,,2026-07-02,2026-07-02,2026-07-02T16:26:46.838Z,10:26:46,2026-07-02 10:26:46,,,,,,,spotlight-prolific
Z5MP3C6H,6983aee35d6a46461cfad3c6,2,int,7,4,4,5,33, bike ,29617,1466306,753,199,196.5277862548828,750.8055419921875,216.08334159851074,788.8333206176758,3,7,A quality e-bike,1,,,2026-07-02,2026-07-02,2026-07-02T16:26:46.838Z,10:26:46,2026-07-02 10:26:46,,,,,,,spotlight-prolific
Z5MP3C6H,6983aee35d6a46461cfad3c6,2,int,7,4,4,5,33, bike ,29666,1466355,775,199,196.5277862548828,750.8055419921875,216.08334159851074,788.8333206176758,3,7,A quality e-bike,1,,,2026-07-02,2026-07-02,2026-07-02T16:26:46.838Z,10:26:46,2026-07-02 10:26:46,,,,,,,spotlight-prolific
Z5MP3C6H,6983aee35d6a46461cfad3c6,2,int,7,4,4,5,33, bike ,29716,1466406,779,199,196.5277862548828,750.8055419921875,216.08334159851074,788.8333206176758,3,7,A quality e-bike,1,,,2026-07-02,2026-07-02,2026-07-02T16:26:46.838Z,10:26:46,2026-07-02 10:26:46,,,,,,,spotlight-prolific
Z5MP3C6H,6983aee35d6a46461cfad3c6,2,int,7,4,4,5,33, bike ,29766,1466455,779,199,196.5277862548828,750.8055419921875,216.08334159851074,788.8333206176758,3,7,A quality e-bike,1,,,2026-07-02,2026-07-02,2026-07-02T16:26:46.838Z,10:26:46,2026-07-02 10:26:46,,,,,,,spotlight-prolific
Z5MP3C6H,6983aee35d6a46461cfad3c6,2,int,7,4,4,5,33, bike ,29816,1466506,782,199,196.5277862548828,750.8055419921875,216.08334159851074,788.8333206176758,3,7,A quality e-bike,1,,,2026-07-02,2026-07-02,2026-07-02T16:26:46.838Z,10:26:46,2026-07-02 10:26:46,,,,,,,spotlight-prolific
Z5MP3C6H,6983aee35d6a46461cfad3c6,2,int,7,4,4,5,34, shops ,29867,1466556,792,200,196.5277862548828,788.8333129882812,216.08334159851074,841.8749809265137,3,8,A quality e-bike,1,,,2026-07-02,2026-07-02,2026-07-02T16:26:46.838Z,10:26:46,2026-07-02 10:26:46,,,,,,,spotlight-prolific
Z5MP3C6H,6983aee35d6a46461cfad3c6,2,int,7,4,4,5,34, shops ,29917,1466607,802,203,196.5277862548828,788.8333129882812,216.08334159851074,841.8749809265137,3,8,A quality e-bike,1,,,2026-07-02,2026-07-02,2026-07-02T16:26:46.838Z,10:26:46,2026-07-02 10:26:46,,,,,,,spotlight-prolific
Z5MP3C6H,6983aee35d6a46461cfad3c6,2,int,7,4,4,5,34, shops ,29966,1466656,810,204,196.5277862548828,788.8333129882812,216.08334159851074,841.8749809265137,3,8,A quality e-bike,1,,,2026-07-02,2026-07-02,2026-07-02T16:26:46.838Z,10:26:46,2026-07-02 10:26:46,,,,,,,spotlight-prolific
Z5MP3C6H,6983aee35d6a46461cfad3c6,2,int,7,4,4,5,34, shops ,30018,1466707,831,207,196.5277862548828,788.8333129882812,216.08334159851074,841.8749809265137,3,8,A quality e-bike,1,,,2026-07-02,2026-07-02,2026-07-02T16:26:46.838Z,10:26:46,2026-07-02 10:26:46,,,,,,,spotlight-prolific
Z5MP3C6H,6983aee35d6a46461cfad3c6,2,int,7,4,4,5,35, don’t ,30066,1466755,850,209,196.5277862548828,841.875,216.08334159851074,885.9166679382324,3,9,A quality e-bike,1,,,2026-07-02,2026-07-02,2026-07-02T16:26:46.838Z,10:26:46,2026-07-02 10:26:46,,,,,,,spotlight-prolific
Z5MP3C6H,6983aee35d6a46461cfad3c6,2,int,7,4,4,5,35, don’t ,30116,1466806,864,209,196.5277862548828,841.875,216.08334159851074,885.9166679382324,3,9,A quality e-bike,1,,,2026-07-02,2026-07-02,2026-07-02T16:26:46.838Z,10:26:46,2026-07-02 10:26:46,,,,,,,spotlight-prolific
Z5MP3C6H,6983aee35d6a46461cfad3c6,2,int,7,4,4,5,36, like ,30169,1466858,899,209,196.5277862548828,885.9166870117188,216.08334159851074,917.9305763244629,3,10,A quality e-bike,1,,,2026-07-02,2026-07-02,2026-07-02T16:26:46.838Z,10:26:46,2026-07-02 10:26:46,,,,,,,spotlight-prolific
Z5MP3C6H,6983aee35d6a46461cfad3c6,2,int,7,4,4,5,37, putting ,30216,1466905,920,209,196.5277862548828,917.9305419921875,216.08334159851074,976.9860992431641,3,11,A quality e-bike,1,,,2026-07-02,2026-07-02,2026-07-02T16:26:46.838Z,10:26:46,2026-07-02 10:26:46,,,,,,,spotlight-prolific
Z5MP3C6H,6983aee35d6a46461cfad3c6,2,int,7,4,4,5,37, putting ,30266,1466956,937,208,196.5277862548828,917.9305419921875,216.08334159851074,976.9860992431641,3,11,A quality e-bike,1,,,2026-07-02,2026-07-02,2026-07-02T16:26:46.838Z,10:26:46,2026-07-02 10:26:46,,,,,,,spotlight-prolific
Z5MP3C6H,6983aee35d6a46461cfad3c6,2,int,7,4,4,5,37, putting ,30317,1467007,944,208,196.5277862548828,917.9305419921875,216.08334159851074,976.9860992431641,3,11,A quality e-bike,1,,,2026-07-02,2026-07-02,2026-07-02T16:26:46.838Z,10:26:46,2026-07-02 10:26:46,,,,,,,spotlight-prolific
Z5MP3C6H,6983aee35d6a46461cfad3c6,2,int,7,4,4,5,37, putting ,30366,1467056,949,208,196.5277862548828,917.9305419921875,216.08334159851074,976.9860992431641,3,11,A quality e-bike,1,,,2026-07-02,2026-07-02,2026-07-02T16:26:46.838Z,10:26:46,2026-07-02 10:26:46,,,,,,,spotlight-prolific
Z5MP3C6H,6983aee35d6a46461cfad3c6,2,int,7,4,4,5,37, putting ,30416,1467105,955,208,196.5277862548828,917.9305419921875,216.08334159851074,976.9860992431641,3,11,A quality e-bike,1,,,2026-07-02,2026-07-02,2026-07-02T16:26:46.838Z,10:26:46,2026-07-02 10:26:46,,,,,,,spotlight-prolific
Z5MP3C6H,6983aee35d6a46461cfad3c6,2,int,7,4,4,5,37, putting ,30466,1467155,967,206,196.5277862548828,917.9305419921875,216.08334159851074,976.9860992431641,3,11,A quality e-bike,1,,,2026-07-02,2026-07-02,2026-07-02T16:26:46.838Z,10:26:46,2026-07-02 10:26:46,,,,,,,spotlight-prolific
Z5MP3C6H,6983aee35d6a46461cfad3c6,2,int,7,4,4,5,38, motors ,30516,1467205,979,206,196.5277862548828,976.9861450195312,216.08334159851074,1037.0000343322754,3,12,A quality e-bike,1,,,2026-07-02,2026-07-02,2026-07-02T16:26:46.838Z,10:26:46,2026-07-02 10:26:46,,,,,,,spotlight-prolific
Z5MP3C6H,6983aee35d6a46461cfad3c6,2,int,7,4,4,5,38, motors ,30568,1467257,1007,204,196.5277862548828,976.9861450195312,216.08334159851074,1037.0000343322754,3,12,A quality e-bike,1,,,2026-07-02,2026-07-02,2026-07-02T16:26:46.838Z,10:26:46,2026-07-02 10:26:46,,,,,,,spotlight-prolific
Z5MP3C6H,6983aee35d6a46461cfad3c6,2,int,7,4,4,5,38, motors ,30616,1467306,1031,202,196.5277862548828,976.9861450195312,216.08334159851074,1037.0000343322754,3,12,A quality e-bike,1,,,2026-07-02,2026-07-02,2026-07-02T16:26:46.838Z,10:26:46,2026-07-02 10:26:46,,,,,,,spotlight-prolific
Z5MP3C6H,6983aee35d6a46461cfad3c6,2,int,7,4,4,5,39, on ,30666,1467355,1051,201,196.5277862548828,1037,216.08334159851074,1062.0277786254883,3,13,A quality e-bike,1,,,2026-07-02,2026-07-02,2026-07-02T16:26:46.838Z,10:26:46,2026-07-02 10:26:46,,,,,,,spotlight-prolific
Z5MP3C6H,6983aee35d6a46461cfad3c6,2,int,7,4,4,5,40, bicycles ,30716,1467405,1066,201,196.5277862548828,1062.02783203125,216.08334159851074,1131.0556106567383,3,14,A quality e-bike,1,,,2026-07-02,2026-07-02,2026-07-02T16:26:46.838Z,10:26:46,2026-07-02 10:26:46,,,,,,,spotlight-prolific
Z5MP3C6H,6983aee35d6a46461cfad3c6,2,int,7,4,4,5,40, bicycles ,30766,1467456,1073,201,196.5277862548828,1062.02783203125,216.08334159851074,1131.0556106567383,3,14,A quality e-bike,1,,,2026-07-02,2026-07-02,2026-07-02T16:26:46.838Z,10:26:46,2026-07-02 10:26:46,,,,,,,spotlight-prolific
Z5MP3C6H,6983aee35d6a46461cfad3c6,2,int,7,4,4,5,40, bicycles ,30816,1467505,1082,202,196.5277862548828,1062.02783203125,216.08334159851074,1131.0556106567383,3,14,A quality e-bike,1,,,2026-07-02,2026-07-02,2026-07-02T16:26:46.838Z,10:26:46,2026-07-02 10:26:46,,,,,,,spotlight-prolific
Z5MP3C6H,6983aee35d6a46461cfad3c6,2,int,7,4,4,5,40, bicycles ,30866,1467556,1091,202,196.5277862548828,1062.02783203125,216.08334159851074,1131.0556106567383,3,14,A quality e-bike,1,,,2026-07-02,2026-07-02,2026-07-02T16:26:46.838Z,10:26:46,2026-07-02 10:26:46,,,,,,,spotlight-prolific
Z5MP3C6H,6983aee35d6a46461cfad3c6,2,int,7,4,4,5,40, bicycles ,30916,1467605,1109,203,196.5277862548828,1062.02783203125,216.08334159851074,1131.0556106567383,3,14,A quality e-bike,1,,,2026-07-02,2026-07-02,2026-07-02T16:26:46.838Z,10:26:46,2026-07-02 10:26:46,,,,,,,spotlight-prolific
Z5MP3C6H,6983aee35d6a46461cfad3c6,2,int,7,4,4,5,40, bicycles ,30966,1467656,1126,203,196.5277862548828,1062.02783203125,216.08334159851074,1131.0556106567383,3,14,A quality e-bike,1,,,2026-07-02,2026-07-02,2026-07-02T16:26:46.838Z,10:26:46,2026-07-02 10:26:46,,,,,,,spotlight-prolific
Z5MP3C6H,6983aee35d6a46461cfad3c6,2,int,7,4,4,5,42, one ,31016,1467705,1157,203,196.5277862548828,1146.0694580078125,216.08334159851074,1176.1111240386963,3,16,A quality e-bike,1,,,2026-07-02,2026-07-02,2026-07-02T16:26:46.838Z,10:26:46,2026-07-02 10:26:46,,,,,,,spotlight-prolific
Z5MP3C6H,6983aee35d6a46461cfad3c6,2,int,7,4,4,5,42, one ,31067,1467756,1176,204,196.5277862548828,1146.0694580078125,216.08334159851074,1176.1111240386963,3,16,A quality e-bike,1,,,2026-07-02,2026-07-02,2026-07-02T16:26:46.838Z,10:26:46,2026-07-02 10:26:46,,,,,,,spotlight-prolific
Z5MP3C6H,6983aee35d6a46461cfad3c6,2,int,7,4,4,5,42, one ,31116,1467806,1177,204,196.5277862548828,1146.0694580078125,216.08334159851074,1176.1111240386963,3,16,A quality e-bike,1,,,2026-07-02,2026-07-02,2026-07-02T16:26:46.838Z,10:26:46,2026-07-02 10:26:46,,,,,,,spotlight-prolific
Z5MP3C6H,6983aee35d6a46461cfad3c6,2,int,7,4,4,5,42, one ,31166,1467856,1177,204,196.5277862548828,1146.0694580078125,216.08334159851074,1176.1111240386963,3,16,A quality e-bike,1,,,2026-07-02,2026-07-02,2026-07-02T16:26:46.838Z,10:26:46,2026-07-02 10:26:46,,,,,,,spotlight-prolific
Z5MP3C6H,6983aee35d6a46461cfad3c6,2,int,7,4,4,5,42, one ,31218,1467907,1177,204,196.5277862548828,1146.0694580078125,216.08334159851074,1176.1111240386963,3,16,A quality e-bike,1,,,2026-07-02,2026-07-02,2026-07-02T16:26:46.838Z,10:26:46,2026-07-02 10:26:46,,,,,,,spotlight-prolific
Z5MP3C6H,6983aee35d6a46461cfad3c6,2,int,7,4,4,5,42, one ,31267,1467957,1158,216,196.5277862548828,1146.0694580078125,216.08334159851074,1176.1111240386963,3,16,A quality e-bike,1,,,2026-07-02,2026-07-02,2026-07-02T16:26:46.838Z,10:26:46,2026-07-02 10:26:46,,,,,,,spotlight-prolific
Z5MP3C6H,6983aee35d6a46461cfad3c6,2,int,7,4,4,5,53, nearly ,31316,1468006,1010,247,236.5277862548828,959.9027709960938,256.08334159851074,1013.930549621582,4,11,A quality e-bike,1,,,2026-07-02,2026-07-02,2026-07-02T16:26:46.838Z,10:26:46,2026-07-02 10:26:46,,,,,,,spotlight-prolific
Z5MP3C6H,6983aee35d6a46461cfad3c6,2,int,7,4,4,5,49, weight. ,31367,1468056,766,266,236.5277862548828,730.763916015625,256.08334159851074,792.8055839538574,4,7,A quality e-bike,1,,,2026-07-02,2026-07-02,2026-07-02T16:26:46.838Z,10:26:46,2026-07-02 10:26:46,,,,,,,spotlight-prolific
Z5MP3C6H,6983aee35d6a46461cfad3c6,2,int,7,4,4,5,58, expensive. ,31416,1468105,640,271,276.52777099609375,556.6527709960938,296.0833263397217,647.7083282470703,5,2,A quality e-bike,1,,,2026-07-02,2026-07-02,2026-07-02T16:26:46.838Z,10:26:46,2026-07-02 10:26:46,,,,,,,spotlight-prolific
Z5MP3C6H,6983aee35d6a46461cfad3c6,2,int,7,4,4,5,57, also ,31466,1468156,548,274,276.52777099609375,518.625,296.0833263397217,556.6527786254883,5,1,A quality e-bike,1,,,2026-07-02,2026-07-02,2026-07-02T16:26:46.838Z,10:26:46,2026-07-02 10:26:46,,,,,,,spotlight-prolific
Z5MP3C6H,6983aee35d6a46461cfad3c6,2,int,7,4,4,5,-1,999,31516,1468205,506,273,,,,,,,A quality e-bike,1,,,2026-07-02,2026-07-02,2026-07-02T16:26:46.838Z,10:26:46,2026-07-02 10:26:46,,,,,,,spotlight-prolific
Z5MP3C6H,6983aee35d6a46461cfad3c6,2,int,7,4,4,5,-1,999,31567,1468256,490,282,,,,,,,A quality e-bike,1,,,2026-07-02,2026-07-02,2026-07-02T16:26:46.838Z,10:26:46,2026-07-02 10:26:46,,,,,,,spotlight-prolific
Z5MP3C6H,6983aee35d6a46461cfad3c6,2,int,7,4,4,5,-1,999,31616,1468305,490,270,,,,,,,A quality e-bike,1,,,2026-07-02,2026-07-02,2026-07-02T16:26:46.838Z,10:26:46,2026-07-02 10:26:46,,,,,,,spotlight-prolific
Z5MP3C6H,6983aee35d6a46461cfad3c6,2,int,7,4,4,5,-1,999,31666,1468356,497,248,,,,,,,A quality e-bike,1,,,2026-07-02,2026-07-02,2026-07-02T16:26:46.838Z,10:26:46,2026-07-02 10:26:46,,,,,,,spotlight-prolific
Z5MP3C6H,6983aee35d6a46461cfad3c6,2,int,7,4,4,5,27, people ,31716,1468405,528,226,196.5277862548828,518.625,216.08334159851074,577.6805572509766,3,1,A quality e-bike,1,,,2026-07-02,2026-07-02,2026-07-02T16:26:46.838Z,10:26:46,2026-07-02 10:26:46,,,,,,,spotlight-prolific
Z5MP3C6H,6983aee35d6a46461cfad3c6,2,int,7,4,4,5,27, people ,31766,1468456,536,222,196.5277862548828,518.625,216.08334159851074,577.6805572509766,3,1,A quality e-bike,1,,,2026-07-02,2026-07-02,2026-07-02T16:26:46.838Z,10:26:46,2026-07-02 10:26:46,,,,,,,spotlight-prolific
Z5MP3C6H,6983aee35d6a46461cfad3c6,2,int,7,4,4,5,27, people ,31818,1468507,536,222,196.5277862548828,518.625,216.08334159851074,577.6805572509766,3,1,A quality e-bike,1,,,2026-07-02,2026-07-02,2026-07-02T16:26:46.838Z,10:26:46,2026-07-02 10:26:46,,,,,,,spotlight-prolific
Z5MP3C6H,6983aee35d6a46461cfad3c6,2,int,7,4,4,5,43, of ,31866,1468556,536,238,236.5277862548828,518.625,256.08334159851074,538.6388893127441,4,1,A quality e-bike,1,,,2026-07-02,2026-07-02,2026-07-02T16:26:46.838Z,10:26:46,2026-07-02 10:26:46,,,,,,,spotlight-prolific
Z5MP3C6H,6983aee35d6a46461cfad3c6,2,int,7,4,4,5,43, of ,31916,1468605,535,258,236.5277862548828,518.625,256.08334159851074,538.6388893127441,4,1,A quality e-bike,1,,,2026-07-02,2026-07-02,2026-07-02T16:26:46.838Z,10:26:46,2026-07-02 10:26:46,,,,,,,spotlight-prolific
Z5MP3C6H,6983aee35d6a46461cfad3c6,2,int,7,4,4,5,43, of ,31966,1468655,535,261,236.5277862548828,518.625,256.08334159851074,538.6388893127441,4,1,A quality e-bike,1,,,2026-07-02,2026-07-02,2026-07-02T16:26:46.838Z,10:26:46,2026-07-02 10:26:46,,,,,,,spotlight-prolific
Z5MP3C6H,6983aee35d6a46461cfad3c6,2,int,7,4,4,5,43, of ,32016,1468706,535,261,236.5277862548828,518.625,256.08334159851074,538.6388893127441,4,1,A quality e-bike,1,,,2026-07-02,2026-07-02,2026-07-02T16:26:46.838Z,10:26:46,2026-07-02 10:26:46,,,,,,,spotlight-prolific
Z5MP3C6H,6983aee35d6a46461cfad3c6,2,int,7,4,4,5,44, the ,32066,1468756,543,254,236.5277862548828,538.638916015625,256.08334159851074,568.6666946411133,4,2,A quality e-bike,1,,,2026-07-02,2026-07-02,2026-07-02T16:26:46.838Z,10:26:46,2026-07-02 10:26:46,,,,,,,spotlight-prolific
Z5MP3C6H,6983aee35d6a46461cfad3c6,2,int,7,4,4,5,44, the ,32116,1468806,562,248,236.5277862548828,538.638916015625,256.08334159851074,568.6666946411133,4,2,A quality e-bike,1,,,2026-07-02,2026-07-02,2026-07-02T16:26:46.838Z,10:26:46,2026-07-02 10:26:46,,,,,,,spotlight-prolific
Z5MP3C6H,6983aee35d6a46461cfad3c6,2,int,7,4,4,5,45, reasons ,32167,1468857,577,246,236.5277862548828,568.6666870117188,256.08334159851074,637.7083511352539,4,3,A quality e-bike,1,,,2026-07-02,2026-07-02,2026-07-02T16:26:46.838Z,10:26:46,2026-07-02 10:26:46,,,,,,,spotlight-prolific
Z5MP3C6H,6983aee35d6a46461cfad3c6,2,int,7,4,4,5,45, reasons ,32216,1468906,613,247,236.5277862548828,568.6666870117188,256.08334159851074,637.7083511352539,4,3,A quality e-bike,1,,,2026-07-02,2026-07-02,2026-07-02T16:26:46.838Z,10:26:46,2026-07-02 10:26:46,,,,,,,spotlight-prolific
Z5MP3C6H,6983aee35d6a46461cfad3c6,2,int,7,4,4,5,45, reasons ,32266,1468955,637,247,236.5277862548828,568.6666870117188,256.08334159851074,637.7083511352539,4,3,A quality e-bike,1,,,2026-07-02,2026-07-02,2026-07-02T16:26:46.838Z,10:26:46,2026-07-02 10:26:46,,,,,,,spotlight-prolific
Z5MP3C6H,6983aee35d6a46461cfad3c6,2,int,7,4,4,5,46, is ,32316,1469006,642,246,236.5277862548828,637.7083129882812,256.08334159851074,655.7083129882812,4,4,A quality e-bike,1,,,2026-07-02,2026-07-02,2026-07-02T16:26:46.838Z,10:26:46,2026-07-02 10:26:46,,,,,,,spotlight-prolific
Z5MP3C6H,6983aee35d6a46461cfad3c6,2,int,7,4,4,5,46, is ,32366,1469056,647,246,236.5277862548828,637.7083129882812,256.08334159851074,655.7083129882812,4,4,A quality e-bike,1,,,2026-07-02,2026-07-02,2026-07-02T16:26:46.838Z,10:26:46,2026-07-02 10:26:46,,,,,,,spotlight-prolific
Z5MP3C6H,6983aee35d6a46461cfad3c6,2,int,7,4,4,5,46, is ,32416,1469105,653,245,236.5277862548828,637.7083129882812,256.08334159851074,655.7083129882812,4,4,A quality e-bike,1,,,2026-07-02,2026-07-02,2026-07-02T16:26:46.838Z,10:26:46,2026-07-02 10:26:46,,,,,,,spotlight-prolific
Z5MP3C6H,6983aee35d6a46461cfad3c6,2,int,7,4,4,5,47, the ,32467,1469156,675,245,236.5277862548828,655.7083129882812,256.08334159851074,685.7360916137695,4,5,A quality e-bike,1,,,2026-07-02,2026-07-02,2026-07-02T16:26:46.838Z,10:26:46,2026-07-02 10:26:46,,,,,,,spotlight-prolific
Z5MP3C6H,6983aee35d6a46461cfad3c6,2,int,7,4,4,5,48, extra ,32516,1469206,697,245,236.5277862548828,685.7361450195312,256.08334159851074,730.7639236450195,4,6,A quality e-bike,1,,,2026-07-02,2026-07-02,2026-07-02T16:26:46.838Z,10:26:46,2026-07-02 10:26:46,,,,,,,spotlight-prolific
Z5MP3C6H,6983aee35d6a46461cfad3c6,2,int,7,4,4,5,48, extra ,32566,1469255,711,245,236.5277862548828,685.7361450195312,256.08334159851074,730.7639236450195,4,6,A quality e-bike,1,,,2026-07-02,2026-07-02,2026-07-02T16:26:46.838Z,10:26:46,2026-07-02 10:26:46,,,,,,,spotlight-prolific
Z5MP3C6H,6983aee35d6a46461cfad3c6,2,int,7,4,4,5,49, weight. ,32616,1469305,731,245,236.5277862548828,730.763916015625,256.08334159851074,792.8055839538574,4,7,A quality e-bike,1,,,2026-07-02,2026-07-02,2026-07-02T16:26:46.838Z,10:26:46,2026-07-02 10:26:46,,,,,,,spotlight-prolific
Z5MP3C6H,6983aee35d6a46461cfad3c6,2,int,7,4,4,5,49, weight. ,32666,1469355,742,245,236.5277862548828,730.763916015625,256.08334159851074,792.8055839538574,4,7,A quality e-bike,1,,,2026-07-02,2026-07-02,2026-07-02T16:26:46.838Z,10:26:46,2026-07-02 10:26:46,,,,,,,spotlight-prolific
Z5MP3C6H,6983aee35d6a46461cfad3c6,2,int,7,4,4,5,49, weight. ,32717,1469406,764,247,236.5277862548828,730.763916015625,256.08334159851074,792.8055839538574,4,7,A quality e-bike,1,,,2026-07-02,2026-07-02,2026-07-02T16:26:46.838Z,10:26:46,2026-07-02 10:26:46,,,,,,,spotlight-prolific
Z5MP3C6H,6983aee35d6a46461cfad3c6,2,int,7,4,4,5,49, weight. ,32768,1469457,791,247,236.5277862548828,730.763916015625,256.08334159851074,792.8055839538574,4,7,A quality e-bike,1,,,2026-07-02,2026-07-02,2026-07-02T16:26:46.838Z,10:26:46,2026-07-02 10:26:46,,,,,,,spotlight-prolific
Z5MP3C6H,6983aee35d6a46461cfad3c6,2,int,7,4,4,5,50, Some ,32818,1469507,801,247,236.5277862548828,792.8055419921875,256.08334159851074,844.8333206176758,4,8,A quality e-bike,1,,,2026-07-02,2026-07-02,2026-07-02T16:26:46.838Z,10:26:46,2026-07-02 10:26:46,,,,,,,spotlight-prolific
Z5MP3C6H,6983aee35d6a46461cfad3c6,2,int,7,4,4,5,50, Some ,32866,1469555,816,246,236.5277862548828,792.8055419921875,256.08334159851074,844.8333206176758,4,8,A quality e-bike,1,,,2026-07-02,2026-07-02,2026-07-02T16:26:46.838Z,10:26:46,2026-07-02 10:26:46,,,,,,,spotlight-prolific
Z5MP3C6H,6983aee35d6a46461cfad3c6,2,int,7,4,4,5,50, Some ,32916,1469606,822,246,236.5277862548828,792.8055419921875,256.08334159851074,844.8333206176758,4,8,A quality e-bike,1,,,2026-07-02,2026-07-02,2026-07-02T16:26:46.838Z,10:26:46,2026-07-02 10:26:46,,,,,,,spotlight-prolific
Z5MP3C6H,6983aee35d6a46461cfad3c6,2,int,7,4,4,5,50, Some ,32966,1469655,831,246,236.5277862548828,792.8055419921875,256.08334159851074,844.8333206176758,4,8,A quality e-bike,1,,,2026-07-02,2026-07-02,2026-07-02T16:26:46.838Z,10:26:46,2026-07-02 10:26:46,,,,,,,spotlight-prolific
Z5MP3C6H,6983aee35d6a46461cfad3c6,2,int,7,4,4,5,50, Some ,33017,1469706,837,246,236.5277862548828,792.8055419921875,256.08334159851074,844.8333206176758,4,8,A quality e-bike,1,,,2026-07-02,2026-07-02,2026-07-02T16:26:46.838Z,10:26:46,2026-07-02 10:26:46,,,,,,,spotlight-prolific
Z5MP3C6H,6983aee35d6a46461cfad3c6,2,int,7,4,4,5,50, Some ,33066,1469756,840,246,236.5277862548828,792.8055419921875,256.08334159851074,844.8333206176758,4,8,A quality e-bike,1,,,2026-07-02,2026-07-02,2026-07-02T16:26:46.838Z,10:26:46,2026-07-02 10:26:46,,,,,,,spotlight-prolific
Z5MP3C6H,6983aee35d6a46461cfad3c6,2,int,7,4,4,5,50, Some ,33116,1469806,844,246,236.5277862548828,792.8055419921875,256.08334159851074,844.8333206176758,4,8,A quality e-bike,1,,,2026-07-02,2026-07-02,2026-07-02T16:26:46.838Z,10:26:46,2026-07-02 10:26:46,,,,,,,spotlight-prolific
Z5MP3C6H,6983aee35d6a46461cfad3c6,2,int,7,4,4,5,51, e-bikes ,33169,1469858,857,246,236.5277862548828,844.8333129882812,256.08334159851074,907.8610916137695,4,9,A quality e-bike,1,,,2026-07-02,2026-07-02,2026-07-02T16:26:46.838Z,10:26:46,2026-07-02 10:26:46,,,,,,,spotlight-prolific
Z5MP3C6H,6983aee35d6a46461cfad3c6,2,int,7,4,4,5,51, e-bikes ,33217,1469906,878,246,236.5277862548828,844.8333129882812,256.08334159851074,907.8610916137695,4,9,A quality e-bike,1,,,2026-07-02,2026-07-02,2026-07-02T16:26:46.838Z,10:26:46,2026-07-02 10:26:46,,,,,,,spotlight-prolific
Z5MP3C6H,6983aee35d6a46461cfad3c6,2,int,7,4,4,5,51, e-bikes ,33267,1469956,888,246,236.5277862548828,844.8333129882812,256.08334159851074,907.8610916137695,4,9,A quality e-bike,1,,,2026-07-02,2026-07-02,2026-07-02T16:26:46.838Z,10:26:46,2026-07-02 10:26:46,,,,,,,spotlight-prolific
Z5MP3C6H,6983aee35d6a46461cfad3c6,2,int,7,4,4,5,51, e-bikes ,33316,1470006,891,246,236.5277862548828,844.8333129882812,256.08334159851074,907.8610916137695,4,9,A quality e-bike,1,,,2026-07-02,2026-07-02,2026-07-02T16:26:46.838Z,10:26:46,2026-07-02 10:26:46,,,,,,,spotlight-prolific
Z5MP3C6H,6983aee35d6a46461cfad3c6,2,int,7,4,4,5,52, weigh ,33368,1470057,913,247,236.5277862548828,907.8611450195312,256.08334159851074,959.9028129577637,4,10,A quality e-bike,1,,,2026-07-02,2026-07-02,2026-07-02T16:26:46.838Z,10:26:46,2026-07-02 10:26:46,,,,,,,spotlight-prolific
Z5MP3C6H,6983aee35d6a46461cfad3c6,2,int,7,4,4,5,52, weigh ,33416,1470105,926,249,236.5277862548828,907.8611450195312,256.08334159851074,959.9028129577637,4,10,A quality e-bike,1,,,2026-07-02,2026-07-02,2026-07-02T16:26:46.838Z,10:26:46,2026-07-02 10:26:46,,,,,,,spotlight-prolific
Z5MP3C6H,6983aee35d6a46461cfad3c6,2,int,7,4,4,5,52, weigh ,33466,1470155,933,249,236.5277862548828,907.8611450195312,256.08334159851074,959.9028129577637,4,10,A quality e-bike,1,,,2026-07-02,2026-07-02,2026-07-02T16:26:46.838Z,10:26:46,2026-07-02 10:26:46,,,,,,,spotlight-prolific
Z5MP3C6H,6983aee35d6a46461cfad3c6,2,int,7,4,4,5,52, weigh ,33516,1470206,937,249,236.5277862548828,907.8611450195312,256.08334159851074,959.9028129577637,4,10,A quality e-bike,1,,,2026-07-02,2026-07-02,2026-07-02T16:26:46.838Z,10:26:46,2026-07-02 10:26:46,,,,,,,spotlight-prolific
Z5MP3C6H,6983aee35d6a46461cfad3c6,2,int,7,4,4,5,52, weigh ,33567,1470257,944,249,236.5277862548828,907.8611450195312,256.08334159851074,959.9028129577637,4,10,A quality e-bike,1,,,2026-07-02,2026-07-02,2026-07-02T16:26:46.838Z,10:26:46,2026-07-02 10:26:46,,,,,,,spotlight-prolific
Z5MP3C6H,6983aee35d6a46461cfad3c6,2,int,7,4,4,5,52, weigh ,33616,1470306,957,249,236.5277862548828,907.8611450195312,256.08334159851074,959.9028129577637,4,10,A quality e-bike,1,,,2026-07-02,2026-07-02,2026-07-02T16:26:46.838Z,10:26:46,2026-07-02 10:26:46,,,,,,,spotlight-prolific
Z5MP3C6H,6983aee35d6a46461cfad3c6,2,int,7,4,4,5,53, nearly ,33667,1470357,961,249,236.5277862548828,959.9027709960938,256.08334159851074,1013.930549621582,4,11,A quality e-bike,1,,,2026-07-02,2026-07-02,2026-07-02T16:26:46.838Z,10:26:46,2026-07-02 10:26:46,,,,,,,spotlight-prolific
Z5MP3C6H,6983aee35d6a46461cfad3c6,2,int,7,4,4,5,53, nearly ,33716,1470406,967,249,236.5277862548828,959.9027709960938,256.08334159851074,1013.930549621582,4,11,A quality e-bike,1,,,2026-07-02,2026-07-02,2026-07-02T16:26:46.838Z,10:26:46,2026-07-02 10:26:46,,,,,,,spotlight-prolific
Z5MP3C6H,6983aee35d6a46461cfad3c6,2,int,7,4,4,5,53, nearly ,33767,1470456,973,249,236.5277862548828,959.9027709960938,256.08334159851074,1013.930549621582,4,11,A quality e-bike,1,,,2026-07-02,2026-07-02,2026-07-02T16:26:46.838Z,10:26:46,2026-07-02 10:26:46,,,,,,,spotlight-prolific
Z5MP3C6H,6983aee35d6a46461cfad3c6,2,int,7,4,4,5,53, nearly ,33817,1470506,977,249,236.5277862548828,959.9027709960938,256.08334159851074,1013.930549621582,4,11,A quality e-bike,1,,,2026-07-02,2026-07-02,2026-07-02T16:26:46.838Z,10:26:46,2026-07-02 10:26:46,,,,,,,spotlight-prolific
Z5MP3C6H,6983aee35d6a46461cfad3c6,2,int,7,4,4,5,53, nearly ,33866,1470556,991,249,236.5277862548828,959.9027709960938,256.08334159851074,1013.930549621582,4,11,A quality e-bike,1,,,2026-07-02,2026-07-02,2026-07-02T16:26:46.838Z,10:26:46,2026-07-02 10:26:46,,,,,,,spotlight-prolific
Z5MP3C6H,6983aee35d6a46461cfad3c6,2,int,7,4,4,5,53, nearly ,33917,1470607,993,249,236.5277862548828,959.9027709960938,256.08334159851074,1013.930549621582,4,11,A quality e-bike,1,,,2026-07-02,2026-07-02,2026-07-02T16:26:46.838Z,10:26:46,2026-07-02 10:26:46,,,,,,,spotlight-prolific
Z5MP3C6H,6983aee35d6a46461cfad3c6,2,int,7,4,4,5,53, nearly ,33968,1470657,1006,249,236.5277862548828,959.9027709960938,256.08334159851074,1013.930549621582,4,11,A quality e-bike,1,,,2026-07-02,2026-07-02,2026-07-02T16:26:46.838Z,10:26:46,2026-07-02 10:26:46,,,,,,,spotlight-prolific
Z5MP3C6H,6983aee35d6a46461cfad3c6,2,int,7,4,4,5,53, nearly ,34017,1470707,1013,249,236.5277862548828,959.9027709960938,256.08334159851074,1013.930549621582,4,11,A quality e-bike,1,,,2026-07-02,2026-07-02,2026-07-02T16:26:46.838Z,10:26:46,2026-07-02 10:26:46,,,,,,,spotlight-prolific
Z5MP3C6H,6983aee35d6a46461cfad3c6,2,int,7,4,4,5,54, 30kg. ,34066,1470755,1022,249,236.5277862548828,1013.9305419921875,256.08334159851074,1062.97220993042,4,12,A quality e-bike,1,,,2026-07-02,2026-07-02,2026-07-02T16:26:46.838Z,10:26:46,2026-07-02 10:26:46,,,,,,,spotlight-prolific
Z5MP3C6H,6983aee35d6a46461cfad3c6,2,int,7,4,4,5,54, 30kg. ,34117,1470806,1026,249,236.5277862548828,1013.9305419921875,256.08334159851074,1062.97220993042,4,12,A quality e-bike,1,,,2026-07-02,2026-07-02,2026-07-02T16:26:46.838Z,10:26:46,2026-07-02 10:26:46,,,,,,,spotlight-prolific
Z5MP3C6H,6983aee35d6a46461cfad3c6,2,int,7,4,4,5,54, 30kg. ,34168,1470858,1037,249,236.5277862548828,1013.9305419921875,256.08334159851074,1062.97220993042,4,12,A quality e-bike,1,,,2026-07-02,2026-07-02,2026-07-02T16:26:46.838Z,10:26:46,2026-07-02 10:26:46,,,,,,,spotlight-prolific
Z5MP3C6H,6983aee35d6a46461cfad3c6,2,int,7,4,4,5,54, 30kg. ,34216,1470906,1051,251,236.5277862548828,1013.9305419921875,256.08334159851074,1062.97220993042,4,12,A quality e-bike,1,,,2026-07-02,2026-07-02,2026-07-02T16:26:46.838Z,10:26:46,2026-07-02 10:26:46,,,,,,,spotlight-prolific
Z5MP3C6H,6983aee35d6a46461cfad3c6,2,int,7,4,4,5,55, E-bikes ,34266,1470956,1066,252,236.5277862548828,1062.9722900390625,256.08334159851074,1128.0000686645508,4,13,A quality e-bike,1,,,2026-07-02,2026-07-02,2026-07-02T16:26:46.838Z,10:26:46,2026-07-02 10:26:46,,,,,,,spotlight-prolific
Z5MP3C6H,6983aee35d6a46461cfad3c6,2,int,7,4,4,5,55, E-bikes ,34316,1471005,1087,253,236.5277862548828,1062.9722900390625,256.08334159851074,1128.0000686645508,4,13,A quality e-bike,1,,,2026-07-02,2026-07-02,2026-07-02T16:26:46.838Z,10:26:46,2026-07-02 10:26:46,,,,,,,spotlight-prolific
Z5MP3C6H,6983aee35d6a46461cfad3c6,2,int,7,4,4,5,55, E-bikes ,34366,1471055,1108,253,236.5277862548828,1062.9722900390625,256.08334159851074,1128.0000686645508,4,13,A quality e-bike,1,,,2026-07-02,2026-07-02,2026-07-02T16:26:46.838Z,10:26:46,2026-07-02 10:26:46,,,,,,,spotlight-prolific
Z5MP3C6H,6983aee35d6a46461cfad3c6,2,int,7,4,4,5,56, are ,34416,1471106,1137,253,236.5277862548828,1128,256.08334159851074,1154.0277786254883,4,14,A quality e-bike,1,,,2026-07-02,2026-07-02,2026-07-02T16:26:46.838Z,10:26:46,2026-07-02 10:26:46,,,,,,,spotlight-prolific
Z5MP3C6H,6983aee35d6a46461cfad3c6,2,int,7,4,4,5,56, are ,34466,1471156,1151,253,236.5277862548828,1128,256.08334159851074,1154.0277786254883,4,14,A quality e-bike,1,,,2026-07-02,2026-07-02,2026-07-02T16:26:46.838Z,10:26:46,2026-07-02 10:26:46,,,,,,,spotlight-prolific
Z5MP3C6H,6983aee35d6a46461cfad3c6,2,int,7,4,4,5,-1,999,34516,1471205,1162,253,,,,,,,A quality e-bike,1,,,2026-07-02,2026-07-02,2026-07-02T16:26:46.838Z,10:26:46,2026-07-02 10:26:46,,,,,,,spotlight-prolific
Z5MP3C6H,6983aee35d6a46461cfad3c6,2,int,7,4,4,5,-1,999,34566,1471256,1173,254,,,,,,,A quality e-bike,1,,,2026-07-02,2026-07-02,2026-07-02T16:26:46.838Z,10:26:46,2026-07-02 10:26:46,,,,,,,spotlight-prolific
Z5MP3C6H,6983aee35d6a46461cfad3c6,2,int,7,4,4,5,-1,999,34615,1471305,1174,255,,,,,,,A quality e-bike,1,,,2026-07-02,2026-07-02,2026-07-02T16:26:46.838Z,10:26:46,2026-07-02 10:26:46,,,,,,,spotlight-prolific
Z5MP3C6H,6983aee35d6a46461cfad3c6,2,int,7,4,4,5,70, the ,34666,1471356,1128,270,276.52777099609375,1114.9722900390625,296.0833263397217,1140.0000686645508,5,14,A quality e-bike,1,,,2026-07-02,2026-07-02,2026-07-02T16:26:46.838Z,10:26:46,2026-07-02 10:26:46,,,,,,,spotlight-prolific
Z5MP3C6H,6983aee35d6a46461cfad3c6,2,int,7,4,4,5,68, Court ,34716,1471405,1029,270,276.52777099609375,1023.9305419921875,296.0833263397217,1072.9583206176758,5,12,A quality e-bike,1,,,2026-07-02,2026-07-02,2026-07-02T16:26:46.838Z,10:26:46,2026-07-02 10:26:46,,,,,,,spotlight-prolific
Z5MP3C6H,6983aee35d6a46461cfad3c6,2,int,7,4,4,5,65, little ,34769,1471458,935,275,276.52777099609375,912.8472290039062,296.0833263397217,949.8611183166504,5,9,A quality e-bike,1,,,2026-07-02,2026-07-02,2026-07-02T16:26:46.838Z,10:26:46,2026-07-02 10:26:46,,,,,,,spotlight-prolific
Z5MP3C6H,6983aee35d6a46461cfad3c6,2,int,7,4,4,5,62, sell ,34816,1471505,847,284,276.52777099609375,830.8055419921875,296.0833263397217,862.8194313049316,5,6,A quality e-bike,1,,,2026-07-02,2026-07-02,2026-07-02T16:26:46.838Z,10:26:46,2026-07-02 10:26:46,,,,,,,spotlight-prolific
Z5MP3C6H,6983aee35d6a46461cfad3c6,2,int,7,4,4,5,61, models ,34867,1471556,784,291,276.52777099609375,767.7777709960938,296.0833263397217,830.805549621582,5,5,A quality e-bike,1,,,2026-07-02,2026-07-02,2026-07-02T16:26:46.838Z,10:26:46,2026-07-02 10:26:46,,,,,,,spotlight-prolific
Z5MP3C6H,6983aee35d6a46461cfad3c6,2,int,7,4,4,5,59, While ,34917,1471607,696,298,276.52777099609375,647.7083129882812,296.0833263397217,697.7222023010254,5,3,A quality e-bike,1,,,2026-07-02,2026-07-02,2026-07-02T16:26:46.838Z,10:26:46,2026-07-02 10:26:46,,,,,,,spotlight-prolific
Z5MP3C6H,6983aee35d6a46461cfad3c6,2,int,7,4,4,5,58, expensive. ,34967,1471656,606,304,276.52777099609375,556.6527709960938,296.0833263397217,647.7083282470703,5,2,A quality e-bike,1,,,2026-07-02,2026-07-02,2026-07-02T16:26:46.838Z,10:26:46,2026-07-02 10:26:46,,,,,,,spotlight-prolific
Z5MP3C6H,6983aee35d6a46461cfad3c6,2,int,7,4,4,5,57, also ,35016,1471706,531,305,276.52777099609375,518.625,296.0833263397217,556.6527786254883,5,1,A quality e-bike,1,,,2026-07-02,2026-07-02,2026-07-02T16:26:46.838Z,10:26:46,2026-07-02 10:26:46,,,,,,,spotlight-prolific
Z5MP3C6H,6983aee35d6a46461cfad3c6,2,int,7,4,4,5,57, also ,35067,1471756,519,305,276.52777099609375,518.625,296.0833263397217,556.6527786254883,5,1,A quality e-bike,1,,,2026-07-02,2026-07-02,2026-07-02T16:26:46.838Z,10:26:46,2026-07-02 10:26:46,,,,,,,spotlight-prolific
Z5MP3C6H,6983aee35d6a46461cfad3c6,2,int,7,4,4,5,57, also ,35116,1471805,518,304,276.52777099609375,518.625,296.0833263397217,556.6527786254883,5,1,A quality e-bike,1,,,2026-07-02,2026-07-02,2026-07-02T16:26:46.838Z,10:26:46,2026-07-02 10:26:46,,,,,,,spotlight-prolific
Z5MP3C6H,6983aee35d6a46461cfad3c6,2,int,7,4,4,5,57, also ,35166,1471855,520,304,276.52777099609375,518.625,296.0833263397217,556.6527786254883,5,1,A quality e-bike,1,,,2026-07-02,2026-07-02,2026-07-02T16:26:46.838Z,10:26:46,2026-07-02 10:26:46,,,,,,,spotlight-prolific
Z5MP3C6H,6983aee35d6a46461cfad3c6,2,int,7,4,4,5,57, also ,35217,1471907,526,304,276.52777099609375,518.625,296.0833263397217,556.6527786254883,5,1,A quality e-bike,1,,,2026-07-02,2026-07-02,2026-07-02T16:26:46.838Z,10:26:46,2026-07-02 10:26:46,,,,,,,spotlight-prolific
Z5MP3C6H,6983aee35d6a46461cfad3c6,2,int,7,4,4,5,58, expensive. ,35266,1471956,564,304,276.52777099609375,556.6527709960938,296.0833263397217,647.7083282470703,5,2,A quality e-bike,1,,,2026-07-02,2026-07-02,2026-07-02T16:26:46.838Z,10:26:46,2026-07-02 10:26:46,,,,,,,spotlight-prolific
Z5MP3C6H,6983aee35d6a46461cfad3c6,2,int,7,4,4,5,58, expensive. ,35316,1472005,595,302,276.52777099609375,556.6527709960938,296.0833263397217,647.7083282470703,5,2,A quality e-bike,1,,,2026-07-02,2026-07-02,2026-07-02T16:26:46.838Z,10:26:46,2026-07-02 10:26:46,,,,,,,spotlight-prolific
Z5MP3C6H,6983aee35d6a46461cfad3c6,2,int,7,4,4,5,58, expensive. ,35368,1472057,602,302,276.52777099609375,556.6527709960938,296.0833263397217,647.7083282470703,5,2,A quality e-bike,1,,,2026-07-02,2026-07-02,2026-07-02T16:26:46.838Z,10:26:46,2026-07-02 10:26:46,,,,,,,spotlight-prolific
Z5MP3C6H,6983aee35d6a46461cfad3c6,2,int,7,4,4,5,58, expensive. ,35416,1472106,617,300,276.52777099609375,556.6527709960938,296.0833263397217,647.7083282470703,5,2,A quality e-bike,1,,,2026-07-02,2026-07-02,2026-07-02T16:26:46.838Z,10:26:46,2026-07-02 10:26:46,,,,,,,spotlight-prolific
Z5MP3C6H,6983aee35d6a46461cfad3c6,2,int,7,4,4,5,58, expensive. ,35465,1472155,631,300,276.52777099609375,556.6527709960938,296.0833263397217,647.7083282470703,5,2,A quality e-bike,1,,,2026-07-02,2026-07-02,2026-07-02T16:26:46.838Z,10:26:46,2026-07-02 10:26:46,,,,,,,spotlight-prolific
Z5MP3C6H,6983aee35d6a46461cfad3c6,2,int,7,4,4,5,59, While ,35519,1472208,680,298,276.52777099609375,647.7083129882812,296.0833263397217,697.7222023010254,5,3,A quality e-bike,1,,,2026-07-02,2026-07-02,2026-07-02T16:26:46.838Z,10:26:46,2026-07-02 10:26:46,,,,,,,spotlight-prolific
Z5MP3C6H,6983aee35d6a46461cfad3c6,2,int,7,4,4,5,59, While ,35566,1472255,696,298,276.52777099609375,647.7083129882812,296.0833263397217,697.7222023010254,5,3,A quality e-bike,1,,,2026-07-02,2026-07-02,2026-07-02T16:26:46.838Z,10:26:46,2026-07-02 10:26:46,,,,,,,spotlight-prolific
Z5MP3C6H,6983aee35d6a46461cfad3c6,2,int,7,4,4,5,60, cheaper ,35617,1472307,704,294,276.52777099609375,697.7222290039062,296.0833263397217,767.7777862548828,5,4,A quality e-bike,1,,,2026-07-02,2026-07-02,2026-07-02T16:26:46.838Z,10:26:46,2026-07-02 10:26:46,,,,,,,spotlight-prolific
Z5MP3C6H,6983aee35d6a46461cfad3c6,2,int,7,4,4,5,60, cheaper ,35666,1472356,708,294,276.52777099609375,697.7222290039062,296.0833263397217,767.7777862548828,5,4,A quality e-bike,1,,,2026-07-02,2026-07-02,2026-07-02T16:26:46.838Z,10:26:46,2026-07-02 10:26:46,,,,,,,spotlight-prolific
Z5MP3C6H,6983aee35d6a46461cfad3c6,2,int,7,4,4,5,60, cheaper ,35716,1472405,715,294,276.52777099609375,697.7222290039062,296.0833263397217,767.7777862548828,5,4,A quality e-bike,1,,,2026-07-02,2026-07-02,2026-07-02T16:26:46.838Z,10:26:46,2026-07-02 10:26:46,,,,,,,spotlight-prolific
Z5MP3C6H,6983aee35d6a46461cfad3c6,2,int,7,4,4,5,60, cheaper ,35766,1472455,733,293,276.52777099609375,697.7222290039062,296.0833263397217,767.7777862548828,5,4,A quality e-bike,1,,,2026-07-02,2026-07-02,2026-07-02T16:26:46.838Z,10:26:46,2026-07-02 10:26:46,,,,,,,spotlight-prolific
Z5MP3C6H,6983aee35d6a46461cfad3c6,2,int,7,4,4,5,60, cheaper ,35816,1472505,740,293,276.52777099609375,697.7222290039062,296.0833263397217,767.7777862548828,5,4,A quality e-bike,1,,,2026-07-02,2026-07-02,2026-07-02T16:26:46.838Z,10:26:46,2026-07-02 10:26:46,,,,,,,spotlight-prolific
Z5MP3C6H,6983aee35d6a46461cfad3c6,2,int,7,4,4,5,60, cheaper ,35866,1472555,757,291,276.52777099609375,697.7222290039062,296.0833263397217,767.7777862548828,5,4,A quality e-bike,1,,,2026-07-02,2026-07-02,2026-07-02T16:26:46.838Z,10:26:46,2026-07-02 10:26:46,,,,,,,spotlight-prolific
Z5MP3C6H,6983aee35d6a46461cfad3c6,2,int,7,4,4,5,61, models ,35916,1472605,770,291,276.52777099609375,767.7777709960938,296.0833263397217,830.805549621582,5,5,A quality e-bike,1,,,2026-07-02,2026-07-02,2026-07-02T16:26:46.838Z,10:26:46,2026-07-02 10:26:46,,,,,,,spotlight-prolific
Z5MP3C6H,6983aee35d6a46461cfad3c6,2,int,7,4,4,5,61, models ,35967,1472656,791,291,276.52777099609375,767.7777709960938,296.0833263397217,830.805549621582,5,5,A quality e-bike,1,,,2026-07-02,2026-07-02,2026-07-02T16:26:46.838Z,10:26:46,2026-07-02 10:26:46,,,,,,,spotlight-prolific
Z5MP3C6H,6983aee35d6a46461cfad3c6,2,int,7,4,4,5,61, models ,36016,1472705,800,291,276.52777099609375,767.7777709960938,296.0833263397217,830.805549621582,5,5,A quality e-bike,1,,,2026-07-02,2026-07-02,2026-07-02T16:26:46.838Z,10:26:46,2026-07-02 10:26:46,,,,,,,spotlight-prolific
Z5MP3C6H,6983aee35d6a46461cfad3c6,2,int,7,4,4,5,61, models ,36067,1472756,808,291,276.52777099609375,767.7777709960938,296.0833263397217,830.805549621582,5,5,A quality e-bike,1,,,2026-07-02,2026-07-02,2026-07-02T16:26:46.838Z,10:26:46,2026-07-02 10:26:46,,,,,,,spotlight-prolific
Z5MP3C6H,6983aee35d6a46461cfad3c6,2,int,7,4,4,5,61, models ,36116,1472806,815,291,276.52777099609375,767.7777709960938,296.0833263397217,830.805549621582,5,5,A quality e-bike,1,,,2026-07-02,2026-07-02,2026-07-02T16:26:46.838Z,10:26:46,2026-07-02 10:26:46,,,,,,,spotlight-prolific
Z5MP3C6H,6983aee35d6a46461cfad3c6,2,int,7,4,4,5,61, models ,36166,1472855,815,291,276.52777099609375,767.7777709960938,296.0833263397217,830.805549621582,5,5,A quality e-bike,1,,,2026-07-02,2026-07-02,2026-07-02T16:26:46.838Z,10:26:46,2026-07-02 10:26:46,,,,,,,spotlight-prolific
Z5MP3C6H,6983aee35d6a46461cfad3c6,2,int,7,4,4,5,61, models ,36216,1472905,828,289,276.52777099609375,767.7777709960938,296.0833263397217,830.805549621582,5,5,A quality e-bike,1,,,2026-07-02,2026-07-02,2026-07-02T16:26:46.838Z,10:26:46,2026-07-02 10:26:46,,,,,,,spotlight-prolific
Z5MP3C6H,6983aee35d6a46461cfad3c6,2,int,7,4,4,5,62, sell ,36266,1472955,838,288,276.52777099609375,830.8055419921875,296.0833263397217,862.8194313049316,5,6,A quality e-bike,1,,,2026-07-02,2026-07-02,2026-07-02T16:26:46.838Z,10:26:46,2026-07-02 10:26:46,,,,,,,spotlight-prolific
Z5MP3C6H,6983aee35d6a46461cfad3c6,2,int,7,4,4,5,62, sell ,36316,1473006,859,288,276.52777099609375,830.8055419921875,296.0833263397217,862.8194313049316,5,6,A quality e-bike,1,,,2026-07-02,2026-07-02,2026-07-02T16:26:46.838Z,10:26:46,2026-07-02 10:26:46,,,,,,,spotlight-prolific
Z5MP3C6H,6983aee35d6a46461cfad3c6,2,int,7,4,4,5,63, for ,36367,1473056,880,288,276.52777099609375,862.8194580078125,296.0833263397217,888.8333473205566,5,7,A quality e-bike,1,,,2026-07-02,2026-07-02,2026-07-02T16:26:46.838Z,10:26:46,2026-07-02 10:26:46,,,,,,,spotlight-prolific
Z5MP3C6H,6983aee35d6a46461cfad3c6,2,int,7,4,4,5,64, as ,36417,1473106,897,288,276.52777099609375,888.8333129882812,296.0833263397217,912.8472023010254,5,8,A quality e-bike,1,,,2026-07-02,2026-07-02,2026-07-02T16:26:46.838Z,10:26:46,2026-07-02 10:26:46,,,,,,,spotlight-prolific
Z5MP3C6H,6983aee35d6a46461cfad3c6,2,int,7,4,4,5,64, as ,36466,1473156,912,288,276.52777099609375,888.8333129882812,296.0833263397217,912.8472023010254,5,8,A quality e-bike,1,,,2026-07-02,2026-07-02,2026-07-02T16:26:46.838Z,10:26:46,2026-07-02 10:26:46,,,,,,,spotlight-prolific
Z5MP3C6H,6983aee35d6a46461cfad3c6,2,int,7,4,4,5,65, little ,36516,1473205,922,288,276.52777099609375,912.8472290039062,296.0833263397217,949.8611183166504,5,9,A quality e-bike,1,,,2026-07-02,2026-07-02,2026-07-02T16:26:46.838Z,10:26:46,2026-07-02 10:26:46,,,,,,,spotlight-prolific
Z5MP3C6H,6983aee35d6a46461cfad3c6,2,int,7,4,4,5,65, little ,36567,1473257,937,288,276.52777099609375,912.8472290039062,296.0833263397217,949.8611183166504,5,9,A quality e-bike,1,,,2026-07-02,2026-07-02,2026-07-02T16:26:46.838Z,10:26:46,2026-07-02 10:26:46,,,,,,,spotlight-prolific
Z5MP3C6H,6983aee35d6a46461cfad3c6,2,int,7,4,4,5,65, little ,36616,1473306,946,288,276.52777099609375,912.8472290039062,296.0833263397217,949.8611183166504,5,9,A quality e-bike,1,,,2026-07-02,2026-07-02,2026-07-02T16:26:46.838Z,10:26:46,2026-07-02 10:26:46,,,,,,,spotlight-prolific
Z5MP3C6H,6983aee35d6a46461cfad3c6,2,int,7,4,4,5,66, as ,36666,1473355,971,288,276.52777099609375,949.8611450195312,296.0833263397217,973.8750343322754,5,10,A quality e-bike,1,,,2026-07-02,2026-07-02,2026-07-02T16:26:46.838Z,10:26:46,2026-07-02 10:26:46,,,,,,,spotlight-prolific
Z5MP3C6H,6983aee35d6a46461cfad3c6,2,int,7,4,4,5,67," $700, ",36718,1473407,991,288,276.52777099609375,973.875,296.0833263397217,1023.9305572509766,5,11,A quality e-bike,1,,,2026-07-02,2026-07-02,2026-07-02T16:26:46.838Z,10:26:46,2026-07-02 10:26:46,,,,,,,spotlight-prolific
Z5MP3C6H,6983aee35d6a46461cfad3c6,2,int,7,4,4,5,67," $700, ",36766,1473455,1017,288,276.52777099609375,973.875,296.0833263397217,1023.9305572509766,5,11,A quality e-bike,1,,,2026-07-02,2026-07-02,2026-07-02T16:26:46.838Z,10:26:46,2026-07-02 10:26:46,,,,,,,spotlight-prolific
Z5MP3C6H,6983aee35d6a46461cfad3c6,2,int,7,4,4,5,68, Court ,36816,1473505,1031,288,276.52777099609375,1023.9305419921875,296.0833263397217,1072.9583206176758,5,12,A quality e-bike,1,,,2026-07-02,2026-07-02,2026-07-02T16:26:46.838Z,10:26:46,2026-07-02 10:26:46,,,,,,,spotlight-prolific
Z5MP3C6H,6983aee35d6a46461cfad3c6,2,int,7,4,4,5,68, Court ,36866,1473556,1040,288,276.52777099609375,1023.9305419921875,296.0833263397217,1072.9583206176758,5,12,A quality e-bike,1,,,2026-07-02,2026-07-02,2026-07-02T16:26:46.838Z,10:26:46,2026-07-02 10:26:46,,,,,,,spotlight-prolific
Z5MP3C6H,6983aee35d6a46461cfad3c6,2,int,7,4,4,5,68, Court ,36917,1473606,1040,288,276.52777099609375,1023.9305419921875,296.0833263397217,1072.9583206176758,5,12,A quality e-bike,1,,,2026-07-02,2026-07-02,2026-07-02T16:26:46.838Z,10:26:46,2026-07-02 10:26:46,,,,,,,spotlight-prolific
Z5MP3C6H,6983aee35d6a46461cfad3c6,2,int,7,4,4,5,68, Court ,36966,1473655,1040,288,276.52777099609375,1023.9305419921875,296.0833263397217,1072.9583206176758,5,12,A quality e-bike,1,,,2026-07-02,2026-07-02,2026-07-02T16:26:46.838Z,10:26:46,2026-07-02 10:26:46,,,,,,,spotlight-prolific
Z5MP3C6H,6983aee35d6a46461cfad3c6,2,int,7,4,4,5,68, Court ,37016,1473706,1055,288,276.52777099609375,1023.9305419921875,296.0833263397217,1072.9583206176758,5,12,A quality e-bike,1,,,2026-07-02,2026-07-02,2026-07-02T16:26:46.838Z,10:26:46,2026-07-02 10:26:46,,,,,,,spotlight-prolific
Z5MP3C6H,6983aee35d6a46461cfad3c6,2,int,7,4,4,5,68, Court ,37066,1473755,1071,289,276.52777099609375,1023.9305419921875,296.0833263397217,1072.9583206176758,5,12,A quality e-bike,1,,,2026-07-02,2026-07-02,2026-07-02T16:26:46.838Z,10:26:46,2026-07-02 10:26:46,,,,,,,spotlight-prolific
Z5MP3C6H,6983aee35d6a46461cfad3c6,2,int,7,4,4,5,69," Rye, ",37116,1473805,1086,292,276.52777099609375,1072.9583740234375,296.0833263397217,1114.9722633361816,5,13,A quality e-bike,1,,,2026-07-02,2026-07-02,2026-07-02T16:26:46.838Z,10:26:46,2026-07-02 10:26:46,,,,,,,spotlight-prolific
Z5MP3C6H,6983aee35d6a46461cfad3c6,2,int,7,4,4,5,69," Rye, ",37166,1473855,1102,294,276.52777099609375,1072.9583740234375,296.0833263397217,1114.9722633361816,5,13,A quality e-bike,1,,,2026-07-02,2026-07-02,2026-07-02T16:26:46.838Z,10:26:46,2026-07-02 10:26:46,,,,,,,spotlight-prolific
Z5MP3C6H,6983aee35d6a46461cfad3c6,2,int,7,4,4,5,70, the ,37216,1473905,1117,295,276.52777099609375,1114.9722900390625,296.0833263397217,1140.0000686645508,5,14,A quality e-bike,1,,,2026-07-02,2026-07-02,2026-07-02T16:26:46.838Z,10:26:46,2026-07-02 10:26:46,,,,,,,spotlight-prolific
Z5MP3C6H,6983aee35d6a46461cfad3c6,2,int,7,4,4,5,70, the ,37266,1473956,1133,296,276.52777099609375,1114.9722900390625,296.0833263397217,1140.0000686645508,5,14,A quality e-bike,1,,,2026-07-02,2026-07-02,2026-07-02T16:26:46.838Z,10:26:46,2026-07-02 10:26:46,,,,,,,spotlight-prolific
Z5MP3C6H,6983aee35d6a46461cfad3c6,2,int,7,4,4,5,-1,999,37316,1474005,1161,302,,,,,,,A quality e-bike,1,,,2026-07-02,2026-07-02,2026-07-02T16:26:46.838Z,10:26:46,2026-07-02 10:26:46,,,,,,,spotlight-prolific
Z5MP3C6H,6983aee35d6a46461cfad3c6,2,int,7,4,4,5,-1,999,37366,1474056,1163,302,,,,,,,A quality e-bike,1,,,2026-07-02,2026-07-02,2026-07-02T16:26:46.838Z,10:26:46,2026-07-02 10:26:46,,,,,,,spotlight-prolific
Z5MP3C6H,6983aee35d6a46461cfad3c6,2,int,7,4,4,5,79, says ,37416,1474106,1048,333,316.52777099609375,1041.9444580078125,336.0833263397217,1083.9583473205566,6,9,A quality e-bike,1,,,2026-07-02,2026-07-02,2026-07-02T16:26:46.838Z,10:26:46,2026-07-02 10:26:46,,,,,,,spotlight-prolific
Z5MP3C6H,6983aee35d6a46461cfad3c6,2,int,7,4,4,5,91, e-bike ,37466,1474155,852,347,356.52777099609375,851.888916015625,376.0833263397217,905.9166946411133,7,10,A quality e-bike,1,,,2026-07-02,2026-07-02,2026-07-02T16:26:46.838Z,10:26:46,2026-07-02 10:26:46,,,,,,,spotlight-prolific
Z5MP3C6H,6983aee35d6a46461cfad3c6,2,int,7,4,4,5,86, least ,37516,1474206,690,350,356.52777099609375,650.7222290039062,376.0833263397217,693.7500076293945,7,5,A quality e-bike,1,,,2026-07-02,2026-07-02,2026-07-02T16:26:46.838Z,10:26:46,2026-07-02 10:26:46,,,,,,,spotlight-prolific
Z5MP3C6H,6983aee35d6a46461cfad3c6,2,int,7,4,4,5,84, pay ,37567,1474256,616,351,356.52777099609375,596.6805419921875,376.0833263397217,630.7083206176758,7,3,A quality e-bike,1,,,2026-07-02,2026-07-02,2026-07-02T16:26:46.838Z,10:26:46,2026-07-02 10:26:46,,,,,,,spotlight-prolific
Z5MP3C6H,6983aee35d6a46461cfad3c6,2,int,7,4,4,5,82, expect ,37616,1474306,561,348,356.52777099609375,518.625,376.0833263397217,576.6666679382324,7,1,A quality e-bike,1,,,2026-07-02,2026-07-02,2026-07-02T16:26:46.838Z,10:26:46,2026-07-02 10:26:46,,,,,,,spotlight-prolific
Z5MP3C6H,6983aee35d6a46461cfad3c6,2,int,7,4,4,5,-1,999,37666,1474355,509,343,,,,,,,A quality e-bike,1,,,2026-07-02,2026-07-02,2026-07-02T16:26:46.838Z,10:26:46,2026-07-02 10:26:46,,,,,,,spotlight-prolific
Z5MP3C6H,6983aee35d6a46461cfad3c6,2,int,7,4,4,5,-1,999,37716,1474406,496,342,,,,,,,A quality e-bike,1,,,2026-07-02,2026-07-02,2026-07-02T16:26:46.838Z,10:26:46,2026-07-02 10:26:46,,,,,,,spotlight-prolific
Z5MP3C6H,6983aee35d6a46461cfad3c6,2,int,7,4,4,5,-1,999,37766,1474455,497,340,,,,,,,A quality e-bike,1,,,2026-07-02,2026-07-02,2026-07-02T16:26:46.838Z,10:26:46,2026-07-02 10:26:46,,,,,,,spotlight-prolific
Z5MP3C6H,6983aee35d6a46461cfad3c6,2,int,7,4,4,5,-1,999,37816,1474505,512,334,,,,,,,A quality e-bike,1,,,2026-07-02,2026-07-02,2026-07-02T16:26:46.838Z,10:26:46,2026-07-02 10:26:46,,,,,,,spotlight-prolific
Z5MP3C6H,6983aee35d6a46461cfad3c6,2,int,7,4,4,5,71, founder ,37867,1474556,539,329,316.52777099609375,518.625,336.0833263397217,584.6805572509766,6,1,A quality e-bike,1,,,2026-07-02,2026-07-02,2026-07-02T16:26:46.838Z,10:26:46,2026-07-02 10:26:46,,,,,,,spotlight-prolific
Z5MP3C6H,6983aee35d6a46461cfad3c6,2,int,7,4,4,5,71, founder ,37917,1474606,552,326,316.52777099609375,518.625,336.0833263397217,584.6805572509766,6,1,A quality e-bike,1,,,2026-07-02,2026-07-02,2026-07-02T16:26:46.838Z,10:26:46,2026-07-02 10:26:46,,,,,,,spotlight-prolific
Z5MP3C6H,6983aee35d6a46461cfad3c6,2,int,7,4,4,5,71, founder ,37967,1474657,560,325,316.52777099609375,518.625,336.0833263397217,584.6805572509766,6,1,A quality e-bike,1,,,2026-07-02,2026-07-02,2026-07-02T16:26:46.838Z,10:26:46,2026-07-02 10:26:46,,,,,,,spotlight-prolific
Z5MP3C6H,6983aee35d6a46461cfad3c6,2,int,7,4,4,5,71, founder ,38016,1474706,576,325,316.52777099609375,518.625,336.0833263397217,584.6805572509766,6,1,A quality e-bike,1,,,2026-07-02,2026-07-02,2026-07-02T16:26:46.838Z,10:26:46,2026-07-02 10:26:46,,,,,,,spotlight-prolific
Z5MP3C6H,6983aee35d6a46461cfad3c6,2,int,7,4,4,5,72, and ,38066,1474756,592,325,316.52777099609375,584.6805419921875,336.0833263397217,619.7222099304199,6,2,A quality e-bike,1,,,2026-07-02,2026-07-02,2026-07-02T16:26:46.838Z,10:26:46,2026-07-02 10:26:46,,,,,,,spotlight-prolific
Z5MP3C6H,6983aee35d6a46461cfad3c6,2,int,7,4,4,5,73, editor ,38118,1474807,620,325,316.52777099609375,619.7222290039062,336.0833263397217,669.7500076293945,6,3,A quality e-bike,1,,,2026-07-02,2026-07-02,2026-07-02T16:26:46.838Z,10:26:46,2026-07-02 10:26:46,,,,,,,spotlight-prolific
Z5MP3C6H,6983aee35d6a46461cfad3c6,2,int,7,4,4,5,73, editor ,38166,1474855,637,325,316.52777099609375,619.7222290039062,336.0833263397217,669.7500076293945,6,3,A quality e-bike,1,,,2026-07-02,2026-07-02,2026-07-02T16:26:46.838Z,10:26:46,2026-07-02 10:26:46,,,,,,,spotlight-prolific
Z5MP3C6H,6983aee35d6a46461cfad3c6,2,int,7,4,4,5,73, editor ,38215,1474905,653,325,316.52777099609375,619.7222290039062,336.0833263397217,669.7500076293945,6,3,A quality e-bike,1,,,2026-07-02,2026-07-02,2026-07-02T16:26:46.838Z,10:26:46,2026-07-02 10:26:46,,,,,,,spotlight-prolific
Z5MP3C6H,6983aee35d6a46461cfad3c6,2,int,7,4,4,5,73, editor ,38266,1474956,668,324,316.52777099609375,619.7222290039062,336.0833263397217,669.7500076293945,6,3,A quality e-bike,1,,,2026-07-02,2026-07-02,2026-07-02T16:26:46.838Z,10:26:46,2026-07-02 10:26:46,,,,,,,spotlight-prolific
Z5MP3C6H,6983aee35d6a46461cfad3c6,2,int,7,4,4,5,74, of ,38316,1475005,672,324,316.52777099609375,669.75,336.0833263397217,689.7638893127441,6,4,A quality e-bike,1,,,2026-07-02,2026-07-02,2026-07-02T16:26:46.838Z,10:26:46,2026-07-02 10:26:46,,,,,,,spotlight-prolific
Z5MP3C6H,6983aee35d6a46461cfad3c6,2,int,7,4,4,5,74, of ,38366,1475055,686,324,316.52777099609375,669.75,336.0833263397217,689.7638893127441,6,4,A quality e-bike,1,,,2026-07-02,2026-07-02,2026-07-02T16:26:46.838Z,10:26:46,2026-07-02 10:26:46,,,,,,,spotlight-prolific
Z5MP3C6H,6983aee35d6a46461cfad3c6,2,int,7,4,4,5,75," ElectricBikeReview.com, ",38416,1475105,693,324,316.52777099609375,689.763916015625,336.0833263397217,890.8333587646484,6,5,A quality e-bike,1,,,2026-07-02,2026-07-02,2026-07-02T16:26:46.838Z,10:26:46,2026-07-02 10:26:46,,,,,,,spotlight-prolific
Z5MP3C6H,6983aee35d6a46461cfad3c6,2,int,7,4,4,5,75," ElectricBikeReview.com, ",38466,1475155,708,324,316.52777099609375,689.763916015625,336.0833263397217,890.8333587646484,6,5,A quality e-bike,1,,,2026-07-02,2026-07-02,2026-07-02T16:26:46.838Z,10:26:46,2026-07-02 10:26:46,,,,,,,spotlight-prolific
Z5MP3C6H,6983aee35d6a46461cfad3c6,2,int,7,4,4,5,75," ElectricBikeReview.com, ",38516,1475205,724,324,316.52777099609375,689.763916015625,336.0833263397217,890.8333587646484,6,5,A quality e-bike,1,,,2026-07-02,2026-07-02,2026-07-02T16:26:46.838Z,10:26:46,2026-07-02 10:26:46,,,,,,,spotlight-prolific
Z5MP3C6H,6983aee35d6a46461cfad3c6,2,int,7,4,4,5,75," ElectricBikeReview.com, ",38566,1475255,757,324,316.52777099609375,689.763916015625,336.0833263397217,890.8333587646484,6,5,A quality e-bike,1,,,2026-07-02,2026-07-02,2026-07-02T16:26:46.838Z,10:26:46,2026-07-02 10:26:46,,,,,,,spotlight-prolific
Z5MP3C6H,6983aee35d6a46461cfad3c6,2,int,7,4,4,5,75," ElectricBikeReview.com, ",38616,1475305,777,324,316.52777099609375,689.763916015625,336.0833263397217,890.8333587646484,6,5,A quality e-bike,1,,,2026-07-02,2026-07-02,2026-07-02T16:26:46.838Z,10:26:46,2026-07-02 10:26:46,,,,,,,spotlight-prolific
Z5MP3C6H,6983aee35d6a46461cfad3c6,2,int,7,4,4,5,75," ElectricBikeReview.com, ",38667,1475356,795,325,316.52777099609375,689.763916015625,336.0833263397217,890.8333587646484,6,5,A quality e-bike,1,,,2026-07-02,2026-07-02,2026-07-02T16:26:46.838Z,10:26:46,2026-07-02 10:26:46,,,,,,,spotlight-prolific
Z5MP3C6H,6983aee35d6a46461cfad3c6,2,int,7,4,4,5,75," ElectricBikeReview.com, ",38717,1475407,800,325,316.52777099609375,689.763916015625,336.0833263397217,890.8333587646484,6,5,A quality e-bike,1,,,2026-07-02,2026-07-02,2026-07-02T16:26:46.838Z,10:26:46,2026-07-02 10:26:46,,,,,,,spotlight-prolific
Z5MP3C6H,6983aee35d6a46461cfad3c6,2,int,7,4,4,5,75," ElectricBikeReview.com, ",38766,1475456,808,325,316.52777099609375,689.763916015625,336.0833263397217,890.8333587646484,6,5,A quality e-bike,1,,,2026-07-02,2026-07-02,2026-07-02T16:26:46.838Z,10:26:46,2026-07-02 10:26:46,,,,,,,spotlight-prolific
Z5MP3C6H,6983aee35d6a46461cfad3c6,2,int,7,4,4,5,75," ElectricBikeReview.com, ",38817,1475506,813,325,316.52777099609375,689.763916015625,336.0833263397217,890.8333587646484,6,5,A quality e-bike,1,,,2026-07-02,2026-07-02,2026-07-02T16:26:46.838Z,10:26:46,2026-07-02 10:26:46,,,,,,,spotlight-prolific
Z5MP3C6H,6983aee35d6a46461cfad3c6,2,int,7,4,4,5,75," ElectricBikeReview.com, ",38866,1475556,817,324,316.52777099609375,689.763916015625,336.0833263397217,890.8333587646484,6,5,A quality e-bike,1,,,2026-07-02,2026-07-02,2026-07-02T16:26:46.838Z,10:26:46,2026-07-02 10:26:46,,,,,,,spotlight-prolific
Z5MP3C6H,6983aee35d6a46461cfad3c6,2,int,7,4,4,5,75," ElectricBikeReview.com, ",38919,1475608,832,324,316.52777099609375,689.763916015625,336.0833263397217,890.8333587646484,6,5,A quality e-bike,1,,,2026-07-02,2026-07-02,2026-07-02T16:26:46.838Z,10:26:46,2026-07-02 10:26:46,,,,,,,spotlight-prolific
Z5MP3C6H,6983aee35d6a46461cfad3c6,2,int,7,4,4,5,75," ElectricBikeReview.com, ",38966,1475656,841,324,316.52777099609375,689.763916015625,336.0833263397217,890.8333587646484,6,5,A quality e-bike,1,,,2026-07-02,2026-07-02,2026-07-02T16:26:46.838Z,10:26:46,2026-07-02 10:26:46,,,,,,,spotlight-prolific
Z5MP3C6H,6983aee35d6a46461cfad3c6,2,int,7,4,4,5,75," ElectricBikeReview.com, ",39016,1475705,868,324,316.52777099609375,689.763916015625,336.0833263397217,890.8333587646484,6,5,A quality e-bike,1,,,2026-07-02,2026-07-02,2026-07-02T16:26:46.838Z,10:26:46,2026-07-02 10:26:46,,,,,,,spotlight-prolific
Z5MP3C6H,6983aee35d6a46461cfad3c6,2,int,7,4,4,5,76, a ,39066,1475756,902,324,316.52777099609375,890.8333129882812,336.0833263397217,905.8472023010254,6,6,A quality e-bike,1,,,2026-07-02,2026-07-02,2026-07-02T16:26:46.838Z,10:26:46,2026-07-02 10:26:46,,,,,,,spotlight-prolific
Z5MP3C6H,6983aee35d6a46461cfad3c6,2,int,7,4,4,5,77, popular ,39116,1475805,927,324,316.52777099609375,905.8472290039062,336.0833263397217,970.9027862548828,6,7,A quality e-bike,1,,,2026-07-02,2026-07-02,2026-07-02T16:26:46.838Z,10:26:46,2026-07-02 10:26:46,,,,,,,spotlight-prolific
Z5MP3C6H,6983aee35d6a46461cfad3c6,2,int,7,4,4,5,77, popular ,39167,1475856,957,322,316.52777099609375,905.8472290039062,336.0833263397217,970.9027862548828,6,7,A quality e-bike,1,,,2026-07-02,2026-07-02,2026-07-02T16:26:46.838Z,10:26:46,2026-07-02 10:26:46,,,,,,,spotlight-prolific
Z5MP3C6H,6983aee35d6a46461cfad3c6,2,int,7,4,4,5,77, popular ,39216,1475905,968,323,316.52777099609375,905.8472290039062,336.0833263397217,970.9027862548828,6,7,A quality e-bike,1,,,2026-07-02,2026-07-02,2026-07-02T16:26:46.838Z,10:26:46,2026-07-02 10:26:46,,,,,,,spotlight-prolific
Z5MP3C6H,6983aee35d6a46461cfad3c6,2,int,7,4,4,5,78," website, ",39266,1475956,993,326,316.52777099609375,970.9027709960938,336.0833263397217,1041.944435119629,6,8,A quality e-bike,1,,,2026-07-02,2026-07-02,2026-07-02T16:26:46.838Z,10:26:46,2026-07-02 10:26:46,,,,,,,spotlight-prolific
Z5MP3C6H,6983aee35d6a46461cfad3c6,2,int,7,4,4,5,78," website, ",39318,1476008,1029,331,316.52777099609375,970.9027709960938,336.0833263397217,1041.944435119629,6,8,A quality e-bike,1,,,2026-07-02,2026-07-02,2026-07-02T16:26:46.838Z,10:26:46,2026-07-02 10:26:46,,,,,,,spotlight-prolific
Z5MP3C6H,6983aee35d6a46461cfad3c6,2,int,7,4,4,5,79, says ,39366,1476055,1044,331,316.52777099609375,1041.9444580078125,336.0833263397217,1083.9583473205566,6,9,A quality e-bike,1,,,2026-07-02,2026-07-02,2026-07-02T16:26:46.838Z,10:26:46,2026-07-02 10:26:46,,,,,,,spotlight-prolific
Z5MP3C6H,6983aee35d6a46461cfad3c6,2,int,7,4,4,5,79, says ,39416,1476106,1056,328,316.52777099609375,1041.9444580078125,336.0833263397217,1083.9583473205566,6,9,A quality e-bike,1,,,2026-07-02,2026-07-02,2026-07-02T16:26:46.838Z,10:26:46,2026-07-02 10:26:46,,,,,,,spotlight-prolific
Z5MP3C6H,6983aee35d6a46461cfad3c6,2,int,7,4,4,5,80, riders ,39467,1476156,1090,328,316.52777099609375,1083.9583740234375,336.0833263397217,1133.9722633361816,6,10,A quality e-bike,1,,,2026-07-02,2026-07-02,2026-07-02T16:26:46.838Z,10:26:46,2026-07-02 10:26:46,,,,,,,spotlight-prolific
Z5MP3C6H,6983aee35d6a46461cfad3c6,2,int,7,4,4,5,81, should ,39518,1476208,1135,332,316.52777099609375,1133.9722900390625,336.0833263397217,1187.027847290039,6,11,A quality e-bike,1,,,2026-07-02,2026-07-02,2026-07-02T16:26:46.838Z,10:26:46,2026-07-02 10:26:46,,,,,,,spotlight-prolific
Z5MP3C6H,6983aee35d6a46461cfad3c6,2,int,7,4,4,5,81, should ,39566,1476256,1173,332,316.52777099609375,1133.9722900390625,336.0833263397217,1187.027847290039,6,11,A quality e-bike,1,,,2026-07-02,2026-07-02,2026-07-02T16:26:46.838Z,10:26:46,2026-07-02 10:26:46,,,,,,,spotlight-prolific
Z5MP3C6H,6983aee35d6a46461cfad3c6,2,int,7,4,4,5,-1,999,39616,1476305,1195,334,,,,,,,A quality e-bike,1,,,2026-07-02,2026-07-02,2026-07-02T16:26:46.838Z,10:26:46,2026-07-02 10:26:46,,,,,,,spotlight-prolific
Z5MP3C6H,6983aee35d6a46461cfad3c6,2,int,7,4,4,5,-1,999,39667,1476357,1200,334,,,,,,,A quality e-bike,1,,,2026-07-02,2026-07-02,2026-07-02T16:26:46.838Z,10:26:46,2026-07-02 10:26:46,,,,,,,spotlight-prolific
Z5MP3C6H,6983aee35d6a46461cfad3c6,2,int,7,4,4,5,-1,999,39716,1476406,1200,334,,,,,,,A quality e-bike,1,,,2026-07-02,2026-07-02,2026-07-02T16:26:46.838Z,10:26:46,2026-07-02 10:26:46,,,,,,,spotlight-prolific
Z5MP3C6H,6983aee35d6a46461cfad3c6,2,int,7,4,4,5,81, should ,39768,1476458,1181,340,316.52777099609375,1133.9722900390625,336.0833263397217,1187.027847290039,6,11,A quality e-bike,1,,,2026-07-02,2026-07-02,2026-07-02T16:26:46.838Z,10:26:46,2026-07-02 10:26:46,,,,,,,spotlight-prolific
Z5MP3C6H,6983aee35d6a46461cfad3c6,2,int,7,4,4,5,96, The ,39817,1476506,1070,358,356.52777099609375,1066.375,376.0833263397217,1102.4027786254883,7,15,A quality e-bike,1,,,2026-07-02,2026-07-02,2026-07-02T16:26:46.838Z,10:26:46,2026-07-02 10:26:46,,,,,,,spotlight-prolific
Z5MP3C6H,6983aee35d6a46461cfad3c6,2,int,7,4,4,5,91, e-bike ,39867,1476557,872,366,356.52777099609375,851.888916015625,376.0833263397217,905.9166946411133,7,10,A quality e-bike,1,,,2026-07-02,2026-07-02,2026-07-02T16:26:46.838Z,10:26:46,2026-07-02 10:26:46,,,,,,,spotlight-prolific
Z5MP3C6H,6983aee35d6a46461cfad3c6,2,int,7,4,4,5,87," $1,500 ",39917,1476606,706,366,356.52777099609375,693.75,376.0833263397217,753.8194465637207,7,6,A quality e-bike,1,,,2026-07-02,2026-07-02,2026-07-02T16:26:46.838Z,10:26:46,2026-07-02 10:26:46,,,,,,,spotlight-prolific
Z5MP3C6H,6983aee35d6a46461cfad3c6,2,int,7,4,4,5,84, pay ,39966,1476656,616,368,356.52777099609375,596.6805419921875,376.0833263397217,630.7083206176758,7,3,A quality e-bike,1,,,2026-07-02,2026-07-02,2026-07-02T16:26:46.838Z,10:26:46,2026-07-02 10:26:46,,,,,,,spotlight-prolific
Z5MP3C6H,6983aee35d6a46461cfad3c6,2,int,7,4,4,5,84, pay ,40016,1476706,604,369,356.52777099609375,596.6805419921875,376.0833263397217,630.7083206176758,7,3,A quality e-bike,1,,,2026-07-02,2026-07-02,2026-07-02T16:26:46.838Z,10:26:46,2026-07-02 10:26:46,,,,,,,spotlight-prolific
Z5MP3C6H,6983aee35d6a46461cfad3c6,2,int,7,4,4,5,83, to ,40067,1476756,580,375,356.52777099609375,576.6666870117188,376.0833263397217,596.6805763244629,7,2,A quality e-bike,1,,,2026-07-02,2026-07-02,2026-07-02T16:26:46.838Z,10:26:46,2026-07-02 10:26:46,,,,,,,spotlight-prolific
Z5MP3C6H,6983aee35d6a46461cfad3c6,2,int,7,4,4,5,82, expect ,40116,1476805,545,374,356.52777099609375,518.625,376.0833263397217,576.6666679382324,7,1,A quality e-bike,1,,,2026-07-02,2026-07-02,2026-07-02T16:26:46.838Z,10:26:46,2026-07-02 10:26:46,,,,,,,spotlight-prolific
Z5MP3C6H,6983aee35d6a46461cfad3c6,2,int,7,4,4,5,82, expect ,40166,1476855,536,370,356.52777099609375,518.625,376.0833263397217,576.6666679382324,7,1,A quality e-bike,1,,,2026-07-02,2026-07-02,2026-07-02T16:26:46.838Z,10:26:46,2026-07-02 10:26:46,,,,,,,spotlight-prolific
Z5MP3C6H,6983aee35d6a46461cfad3c6,2,int,7,4,4,5,82, expect ,40216,1476905,532,370,356.52777099609375,518.625,376.0833263397217,576.6666679382324,7,1,A quality e-bike,1,,,2026-07-02,2026-07-02,2026-07-02T16:26:46.838Z,10:26:46,2026-07-02 10:26:46,,,,,,,spotlight-prolific
Z5MP3C6H,6983aee35d6a46461cfad3c6,2,int,7,4,4,5,82, expect ,40267,1476956,531,370,356.52777099609375,518.625,376.0833263397217,576.6666679382324,7,1,A quality e-bike,1,,,2026-07-02,2026-07-02,2026-07-02T16:26:46.838Z,10:26:46,2026-07-02 10:26:46,,,,,,,spotlight-prolific
Z5MP3C6H,6983aee35d6a46461cfad3c6,2,int,7,4,4,5,82, expect ,40316,1477006,533,370,356.52777099609375,518.625,376.0833263397217,576.6666679382324,7,1,A quality e-bike,1,,,2026-07-02,2026-07-02,2026-07-02T16:26:46.838Z,10:26:46,2026-07-02 10:26:46,,,,,,,spotlight-prolific
Z5MP3C6H,6983aee35d6a46461cfad3c6,2,int,7,4,4,5,82, expect ,40367,1477056,542,369,356.52777099609375,518.625,376.0833263397217,576.6666679382324,7,1,A quality e-bike,1,,,2026-07-02,2026-07-02,2026-07-02T16:26:46.838Z,10:26:46,2026-07-02 10:26:46,,,,,,,spotlight-prolific
Z5MP3C6H,6983aee35d6a46461cfad3c6,2,int,7,4,4,5,82, expect ,40416,1477106,564,368,356.52777099609375,518.625,376.0833263397217,576.6666679382324,7,1,A quality e-bike,1,,,2026-07-02,2026-07-02,2026-07-02T16:26:46.838Z,10:26:46,2026-07-02 10:26:46,,,,,,,spotlight-prolific
Z5MP3C6H,6983aee35d6a46461cfad3c6,2,int,7,4,4,5,83, to ,40467,1477156,595,364,356.52777099609375,576.6666870117188,376.0833263397217,596.6805763244629,7,2,A quality e-bike,1,,,2026-07-02,2026-07-02,2026-07-02T16:26:46.838Z,10:26:46,2026-07-02 10:26:46,,,,,,,spotlight-prolific
Z5MP3C6H,6983aee35d6a46461cfad3c6,2,int,7,4,4,5,84, pay ,40517,1477206,606,364,356.52777099609375,596.6805419921875,376.0833263397217,630.7083206176758,7,3,A quality e-bike,1,,,2026-07-02,2026-07-02,2026-07-02T16:26:46.838Z,10:26:46,2026-07-02 10:26:46,,,,,,,spotlight-prolific
Z5MP3C6H,6983aee35d6a46461cfad3c6,2,int,7,4,4,5,84, pay ,40566,1477255,608,364,356.52777099609375,596.6805419921875,376.0833263397217,630.7083206176758,7,3,A quality e-bike,1,,,2026-07-02,2026-07-02,2026-07-02T16:26:46.838Z,10:26:46,2026-07-02 10:26:46,,,,,,,spotlight-prolific
Z5MP3C6H,6983aee35d6a46461cfad3c6,2,int,7,4,4,5,84, pay ,40616,1477306,624,364,356.52777099609375,596.6805419921875,376.0833263397217,630.7083206176758,7,3,A quality e-bike,1,,,2026-07-02,2026-07-02,2026-07-02T16:26:46.838Z,10:26:46,2026-07-02 10:26:46,,,,,,,spotlight-prolific
Z5MP3C6H,6983aee35d6a46461cfad3c6,2,int,7,4,4,5,85, at ,40666,1477356,635,365,356.52777099609375,630.7083129882812,376.0833263397217,650.7222023010254,7,4,A quality e-bike,1,,,2026-07-02,2026-07-02,2026-07-02T16:26:46.838Z,10:26:46,2026-07-02 10:26:46,,,,,,,spotlight-prolific
Z5MP3C6H,6983aee35d6a46461cfad3c6,2,int,7,4,4,5,86, least ,40716,1477405,657,365,356.52777099609375,650.7222290039062,376.0833263397217,693.7500076293945,7,5,A quality e-bike,1,,,2026-07-02,2026-07-02,2026-07-02T16:26:46.838Z,10:26:46,2026-07-02 10:26:46,,,,,,,spotlight-prolific
Z5MP3C6H,6983aee35d6a46461cfad3c6,2,int,7,4,4,5,87," $1,500 ",40768,1477457,702,367,356.52777099609375,693.75,376.0833263397217,753.8194465637207,7,6,A quality e-bike,1,,,2026-07-02,2026-07-02,2026-07-02T16:26:46.838Z,10:26:46,2026-07-02 10:26:46,,,,,,,spotlight-prolific
Z5MP3C6H,6983aee35d6a46461cfad3c6,2,int,7,4,4,5,87," $1,500 ",40816,1477505,720,368,356.52777099609375,693.75,376.0833263397217,753.8194465637207,7,6,A quality e-bike,1,,,2026-07-02,2026-07-02,2026-07-02T16:26:46.838Z,10:26:46,2026-07-02 10:26:46,,,,,,,spotlight-prolific
Z5MP3C6H,6983aee35d6a46461cfad3c6,2,int,7,4,4,5,87," $1,500 ",40867,1477557,733,368,356.52777099609375,693.75,376.0833263397217,753.8194465637207,7,6,A quality e-bike,1,,,2026-07-02,2026-07-02,2026-07-02T16:26:46.838Z,10:26:46,2026-07-02 10:26:46,,,,,,,spotlight-prolific
Z5MP3C6H,6983aee35d6a46461cfad3c6,2,int,7,4,4,5,87," $1,500 ",40917,1477606,737,368,356.52777099609375,693.75,376.0833263397217,753.8194465637207,7,6,A quality e-bike,1,,,2026-07-02,2026-07-02,2026-07-02T16:26:46.838Z,10:26:46,2026-07-02 10:26:46,,,,,,,spotlight-prolific
Z5MP3C6H,6983aee35d6a46461cfad3c6,2,int,7,4,4,5,88, for ,40966,1477655,755,368,356.52777099609375,753.8194580078125,376.0833263397217,779.8333473205566,7,7,A quality e-bike,1,,,2026-07-02,2026-07-02,2026-07-02T16:26:46.838Z,10:26:46,2026-07-02 10:26:46,,,,,,,spotlight-prolific
Z5MP3C6H,6983aee35d6a46461cfad3c6,2,int,7,4,4,5,88, for ,41016,1477706,764,368,356.52777099609375,753.8194580078125,376.0833263397217,779.8333473205566,7,7,A quality e-bike,1,,,2026-07-02,2026-07-02,2026-07-02T16:26:46.838Z,10:26:46,2026-07-02 10:26:46,,,,,,,spotlight-prolific
Z5MP3C6H,6983aee35d6a46461cfad3c6,2,int,7,4,4,5,88, for ,41067,1477756,779,368,356.52777099609375,753.8194580078125,376.0833263397217,779.8333473205566,7,7,A quality e-bike,1,,,2026-07-02,2026-07-02,2026-07-02T16:26:46.838Z,10:26:46,2026-07-02 10:26:46,,,,,,,spotlight-prolific
Z5MP3C6H,6983aee35d6a46461cfad3c6,2,int,7,4,4,5,89, a ,41116,1477806,791,368,356.52777099609375,779.8333129882812,376.0833263397217,794.8472023010254,7,8,A quality e-bike,1,,,2026-07-02,2026-07-02,2026-07-02T16:26:46.838Z,10:26:46,2026-07-02 10:26:46,,,,,,,spotlight-prolific
Z5MP3C6H,6983aee35d6a46461cfad3c6,2,int,7,4,4,5,89, a ,41166,1477856,792,368,356.52777099609375,779.8333129882812,376.0833263397217,794.8472023010254,7,8,A quality e-bike,1,,,2026-07-02,2026-07-02,2026-07-02T16:26:46.838Z,10:26:46,2026-07-02 10:26:46,,,,,,,spotlight-prolific
Z5MP3C6H,6983aee35d6a46461cfad3c6,2,int,7,4,4,5,90, quality ,41216,1477906,800,368,356.52777099609375,794.8472290039062,376.0833263397217,851.8888969421387,7,9,A quality e-bike,1,,,2026-07-02,2026-07-02,2026-07-02T16:26:46.838Z,10:26:46,2026-07-02 10:26:46,,,,,,,spotlight-prolific
Z5MP3C6H,6983aee35d6a46461cfad3c6,2,int,7,4,4,5,90, quality ,41266,1477956,810,368,356.52777099609375,794.8472290039062,376.0833263397217,851.8888969421387,7,9,A quality e-bike,1,,,2026-07-02,2026-07-02,2026-07-02T16:26:46.838Z,10:26:46,2026-07-02 10:26:46,,,,,,,spotlight-prolific
Z5MP3C6H,6983aee35d6a46461cfad3c6,2,int,7,4,4,5,90, quality ,41316,1478006,819,368,356.52777099609375,794.8472290039062,376.0833263397217,851.8888969421387,7,9,A quality e-bike,1,,,2026-07-02,2026-07-02,2026-07-02T16:26:46.838Z,10:26:46,2026-07-02 10:26:46,,,,,,,spotlight-prolific
Z5MP3C6H,6983aee35d6a46461cfad3c6,2,int,7,4,4,5,90, quality ,41368,1478057,837,368,356.52777099609375,794.8472290039062,376.0833263397217,851.8888969421387,7,9,A quality e-bike,1,,,2026-07-02,2026-07-02,2026-07-02T16:26:46.838Z,10:26:46,2026-07-02 10:26:46,,,,,,,spotlight-prolific
Z5MP3C6H,6983aee35d6a46461cfad3c6,2,int,7,4,4,5,91, e-bike ,41417,1478106,857,368,356.52777099609375,851.888916015625,376.0833263397217,905.9166946411133,7,10,A quality e-bike,1,,,2026-07-02,2026-07-02,2026-07-02T16:26:46.838Z,10:26:46,2026-07-02 10:26:46,,,,,,,spotlight-prolific
Z5MP3C6H,6983aee35d6a46461cfad3c6,2,int,7,4,4,5,91, e-bike ,41469,1478158,884,368,356.52777099609375,851.888916015625,376.0833263397217,905.9166946411133,7,10,A quality e-bike,1,,,2026-07-02,2026-07-02,2026-07-02T16:26:46.838Z,10:26:46,2026-07-02 10:26:46,,,,,,,spotlight-prolific
Z5MP3C6H,6983aee35d6a46461cfad3c6,2,int,7,4,4,5,91, e-bike ,41516,1478206,899,368,356.52777099609375,851.888916015625,376.0833263397217,905.9166946411133,7,10,A quality e-bike,1,,,2026-07-02,2026-07-02,2026-07-02T16:26:46.838Z,10:26:46,2026-07-02 10:26:46,,,,,,,spotlight-prolific
Z5MP3C6H,6983aee35d6a46461cfad3c6,2,int,7,4,4,5,91, e-bike ,41566,1478256,904,368,356.52777099609375,851.888916015625,376.0833263397217,905.9166946411133,7,10,A quality e-bike,1,,,2026-07-02,2026-07-02,2026-07-02T16:26:46.838Z,10:26:46,2026-07-02 10:26:46,,,,,,,spotlight-prolific
Z5MP3C6H,6983aee35d6a46461cfad3c6,2,int,7,4,4,5,92, with ,41616,1478305,917,366,356.52777099609375,905.9166870117188,376.0833263397217,942.9305763244629,7,11,A quality e-bike,1,,,2026-07-02,2026-07-02,2026-07-02T16:26:46.838Z,10:26:46,2026-07-02 10:26:46,,,,,,,spotlight-prolific
Z5MP3C6H,6983aee35d6a46461cfad3c6,2,int,7,4,4,5,92, with ,41666,1478356,937,366,356.52777099609375,905.9166870117188,376.0833263397217,942.9305763244629,7,11,A quality e-bike,1,,,2026-07-02,2026-07-02,2026-07-02T16:26:46.838Z,10:26:46,2026-07-02 10:26:46,,,,,,,spotlight-prolific
Z5MP3C6H,6983aee35d6a46461cfad3c6,2,int,7,4,4,5,93, a ,41716,1478405,957,367,356.52777099609375,942.9305419921875,376.0833263397217,957.9444313049316,7,12,A quality e-bike,1,,,2026-07-02,2026-07-02,2026-07-02T16:26:46.838Z,10:26:46,2026-07-02 10:26:46,,,,,,,spotlight-prolific
Z5MP3C6H,6983aee35d6a46461cfad3c6,2,int,7,4,4,5,94, good ,41766,1478456,968,367,356.52777099609375,957.9444580078125,376.0833263397217,1003.0000152587891,7,13,A quality e-bike,1,,,2026-07-02,2026-07-02,2026-07-02T16:26:46.838Z,10:26:46,2026-07-02 10:26:46,,,,,,,spotlight-prolific
Z5MP3C6H,6983aee35d6a46461cfad3c6,2,int,7,4,4,5,94, good ,41816,1478506,984,366,356.52777099609375,957.9444580078125,376.0833263397217,1003.0000152587891,7,13,A quality e-bike,1,,,2026-07-02,2026-07-02,2026-07-02T16:26:46.838Z,10:26:46,2026-07-02 10:26:46,,,,,,,spotlight-prolific
Z5MP3C6H,6983aee35d6a46461cfad3c6,2,int,7,4,4,5,94, good ,41867,1478556,1001,367,356.52777099609375,957.9444580078125,376.0833263397217,1003.0000152587891,7,13,A quality e-bike,1,,,2026-07-02,2026-07-02,2026-07-02T16:26:46.838Z,10:26:46,2026-07-02 10:26:46,,,,,,,spotlight-prolific
Z5MP3C6H,6983aee35d6a46461cfad3c6,2,int,7,4,4,5,95, battery. ,41916,1478606,1057,372,356.52777099609375,1003,376.0833263397217,1066.375,7,14,A quality e-bike,1,,,2026-07-02,2026-07-02,2026-07-02T16:26:46.838Z,10:26:46,2026-07-02 10:26:46,,,,,,,spotlight-prolific
Z5MP3C6H,6983aee35d6a46461cfad3c6,2,int,7,4,4,5,96, The ,41968,1478658,1082,375,356.52777099609375,1066.375,376.0833263397217,1102.4027786254883,7,15,A quality e-bike,1,,,2026-07-02,2026-07-02,2026-07-02T16:26:46.838Z,10:26:46,2026-07-02 10:26:46,,,,,,,spotlight-prolific
Z5MP3C6H,6983aee35d6a46461cfad3c6,2,int,7,4,4,5,97, best ,42016,1478705,1106,376,356.52777099609375,1102.40283203125,376.0833263397217,1136.4306106567383,7,16,A quality e-bike,1,,,2026-07-02,2026-07-02,2026-07-02T16:26:46.838Z,10:26:46,2026-07-02 10:26:46,,,,,,,spotlight-prolific
Z5MP3C6H,6983aee35d6a46461cfad3c6,2,int,7,4,4,5,97, best ,42067,1478757,1112,374,356.52777099609375,1102.40283203125,376.0833263397217,1136.4306106567383,7,16,A quality e-bike,1,,,2026-07-02,2026-07-02,2026-07-02T16:26:46.838Z,10:26:46,2026-07-02 10:26:46,,,,,,,spotlight-prolific
Z5MP3C6H,6983aee35d6a46461cfad3c6,2,int,7,4,4,5,97, best ,42117,1478807,1112,374,356.52777099609375,1102.40283203125,376.0833263397217,1136.4306106567383,7,16,A quality e-bike,1,,,2026-07-02,2026-07-02,2026-07-02T16:26:46.838Z,10:26:46,2026-07-02 10:26:46,,,,,,,spotlight-prolific
Z5MP3C6H,6983aee35d6a46461cfad3c6,2,int,7,4,4,5,96, The ,42167,1478857,1082,378,356.52777099609375,1066.375,376.0833263397217,1102.4027786254883,7,15,A quality e-bike,1,,,2026-07-02,2026-07-02,2026-07-02T16:26:46.838Z,10:26:46,2026-07-02 10:26:46,,,,,,,spotlight-prolific
Z5MP3C6H,6983aee35d6a46461cfad3c6,2,int,7,4,4,5,-1,999,42216,1478906,981,387,,,,,,,A quality e-bike,1,,,2026-07-02,2026-07-02,2026-07-02T16:26:46.838Z,10:26:46,2026-07-02 10:26:46,,,,,,,spotlight-prolific
Z5MP3C6H,6983aee35d6a46461cfad3c6,2,int,7,4,4,5,-1,999,42266,1478955,800,395,,,,,,,A quality e-bike,1,,,2026-07-02,2026-07-02,2026-07-02T16:26:46.838Z,10:26:46,2026-07-02 10:26:46,,,,,,,spotlight-prolific
Z5MP3C6H,6983aee35d6a46461cfad3c6,2,int,7,4,4,5,100, more ,42319,1479008,629,408,396.52777099609375,619.6666870117188,416.0833263397217,665.6805763244629,8,3,A quality e-bike,1,,,2026-07-02,2026-07-02,2026-07-02T16:26:46.838Z,10:26:46,2026-07-02 10:26:46,,,,,,,spotlight-prolific
Z5MP3C6H,6983aee35d6a46461cfad3c6,2,int,7,4,4,5,98, models ,42367,1479056,571,422,396.52777099609375,518.625,416.0833263397217,581.6527786254883,8,1,A quality e-bike,1,,,2026-07-02,2026-07-02,2026-07-02T16:26:46.838Z,10:26:46,2026-07-02 10:26:46,,,,,,,spotlight-prolific
Z5MP3C6H,6983aee35d6a46461cfad3c6,2,int,7,4,4,5,-1,999,42418,1479107,558,427,,,,,,,A quality e-bike,1,,,2026-07-02,2026-07-02,2026-07-02T16:26:46.838Z,10:26:46,2026-07-02 10:26:46,,,,,,,spotlight-prolific
Z5MP3C6H,6983aee35d6a46461cfad3c6,2,int,7,4,4,5,-1,999,42466,1479156,554,427,,,,,,,A quality e-bike,1,,,2026-07-02,2026-07-02,2026-07-02T16:26:46.838Z,10:26:46,2026-07-02 10:26:46,,,,,,,spotlight-prolific
Z5MP3C6H,6983aee35d6a46461cfad3c6,2,int,7,4,4,5,-1,999,42516,1479206,551,427,,,,,,,A quality e-bike,1,,,2026-07-02,2026-07-02,2026-07-02T16:26:46.838Z,10:26:46,2026-07-02 10:26:46,,,,,,,spotlight-prolific
Z5MP3C6H,6983aee35d6a46461cfad3c6,2,int,7,4,4,5,98, models ,42566,1479256,561,418,396.52777099609375,518.625,416.0833263397217,581.6527786254883,8,1,A quality e-bike,1,,,2026-07-02,2026-07-02,2026-07-02T16:26:46.838Z,10:26:46,2026-07-02 10:26:46,,,,,,,spotlight-prolific
Z5MP3C6H,6983aee35d6a46461cfad3c6,2,int,7,4,4,5,100, more ,42616,1479305,645,417,396.52777099609375,619.6666870117188,416.0833263397217,665.6805763244629,8,3,A quality e-bike,1,,,2026-07-02,2026-07-02,2026-07-02T16:26:46.838Z,10:26:46,2026-07-02 10:26:46,,,,,,,spotlight-prolific
Z5MP3C6H,6983aee35d6a46461cfad3c6,2,int,7,4,4,5,-1,999,42668,1479358,733,440,,,,,,,A quality e-bike,1,,,2026-07-02,2026-07-02,2026-07-02T16:26:46.838Z,10:26:46,2026-07-02 10:26:46,,,,,,,spotlight-prolific
Z5MP3C6H,6983aee35d6a46461cfad3c6,2,int,7,4,4,5,-1,999,42716,1479405,733,440,,,,,,,A quality e-bike,1,,,2026-07-02,2026-07-02,2026-07-02T16:26:46.838Z,10:26:46,2026-07-02 10:26:46,,,,,,,spotlight-prolific
Z5MP3C6H,6983aee35d6a46461cfad3c6,2,int,7,4,4,5,-1,999,42766,1479455,733,440,,,,,,,A quality e-bike,1,,,2026-07-02,2026-07-02,2026-07-02T16:26:46.838Z,10:26:46,2026-07-02 10:26:46,,,,,,,spotlight-prolific
Z5MP3C6H,6983aee35d6a46461cfad3c6,2,int,7,4,4,5,-1,999,42816,1479506,733,440,,,,,,,A quality e-bike,1,,,2026-07-02,2026-07-02,2026-07-02T16:26:46.838Z,10:26:46,2026-07-02 10:26:46,,,,,,,spotlight-prolific
Z5MP3C6H,6983aee35d6a46461cfad3c6,2,int,7,4,4,5,-1,999,42866,1479556,733,440,,,,,,,A quality e-bike,1,,,2026-07-02,2026-07-02,2026-07-02T16:26:46.838Z,10:26:46,2026-07-02 10:26:46,,,,,,,spotlight-prolific
Z5MP3C6H,6983aee35d6a46461cfad3c6,2,int,7,4,4,5,-1,999,42916,1479605,733,440,,,,,,,A quality e-bike,1,,,2026-07-02,2026-07-02,2026-07-02T16:26:46.838Z,10:26:46,2026-07-02 10:26:46,,,,,,,spotlight-prolific
Z5MP3C6H,6983aee35d6a46461cfad3c6,2,int,7,4,4,5,-1,999,42966,1479655,733,440,,,,,,,A quality e-bike,1,,,2026-07-02,2026-07-02,2026-07-02T16:26:46.838Z,10:26:46,2026-07-02 10:26:46,,,,,,,spotlight-prolific
Z5MP3C6H,6983aee35d6a46461cfad3c6,2,int,7,4,4,5,-1,999,43016,1479706,733,440,,,,,,,A quality e-bike,1,,,2026-07-02,2026-07-02,2026-07-02T16:26:46.838Z,10:26:46,2026-07-02 10:26:46,,,,,,,spotlight-prolific
