participant_id,SONAId,Condition,onestop_level,onestop_article_number,onestop_paragraph_number,ItemId,text_presentation_order,WordIndex,Word,responseTime,sampleTimeMs,mousePositionX,mousePositionY,wordPositionTop,wordPositionLeft,wordPositionBottom,wordPositionRight,line_number,position_in_line,response,response_correct,device,hand,experiment_date,experiment_start_date,experiment_start_time,experiment_start_clock_time,experiment_start_time_local,experiment_end_date,experiment_end_time,experiment_end_clock_time,experiment_end_time_local,experiment_duration,experiment_duration_ms,experiment
256ATUE4,691626ec4628eb27b37781b0,1,ele,13,2,2,3,-1,999,102,737057,234,55,,,,,,,That it is unnecessarily long,1,,,2026-07-02,2026-07-02,2026-07-02T22:16:16.654Z,15:16:16,2026-07-02 15:16:16,,,,,,,spotlight-prolific
256ATUE4,691626ec4628eb27b37781b0,1,ele,13,2,2,3,-1,999,152,737106,234,55,,,,,,,That it is unnecessarily long,1,,,2026-07-02,2026-07-02,2026-07-02T22:16:16.654Z,15:16:16,2026-07-02 15:16:16,,,,,,,spotlight-prolific
256ATUE4,691626ec4628eb27b37781b0,1,ele,13,2,2,3,-1,999,213,737168,234,55,,,,,,,That it is unnecessarily long,1,,,2026-07-02,2026-07-02,2026-07-02T22:16:16.654Z,15:16:16,2026-07-02 15:16:16,,,,,,,spotlight-prolific
256ATUE4,691626ec4628eb27b37781b0,1,ele,13,2,2,3,-1,999,260,737215,234,55,,,,,,,That it is unnecessarily long,1,,,2026-07-02,2026-07-02,2026-07-02T22:16:16.654Z,15:16:16,2026-07-02 15:16:16,,,,,,,spotlight-prolific
256ATUE4,691626ec4628eb27b37781b0,1,ele,13,2,2,3,-1,999,307,737262,234,55,,,,,,,That it is unnecessarily long,1,,,2026-07-02,2026-07-02,2026-07-02T22:16:16.654Z,15:16:16,2026-07-02 15:16:16,,,,,,,spotlight-prolific
256ATUE4,691626ec4628eb27b37781b0,1,ele,13,2,2,3,-1,999,354,737309,234,55,,,,,,,That it is unnecessarily long,1,,,2026-07-02,2026-07-02,2026-07-02T22:16:16.654Z,15:16:16,2026-07-02 15:16:16,,,,,,,spotlight-prolific
256ATUE4,691626ec4628eb27b37781b0,1,ele,13,2,2,3,-1,999,401,737356,234,55,,,,,,,That it is unnecessarily long,1,,,2026-07-02,2026-07-02,2026-07-02T22:16:16.654Z,15:16:16,2026-07-02 15:16:16,,,,,,,spotlight-prolific
256ATUE4,691626ec4628eb27b37781b0,1,ele,13,2,2,3,-1,999,458,737412,242,48,,,,,,,That it is unnecessarily long,1,,,2026-07-02,2026-07-02,2026-07-02T22:16:16.654Z,15:16:16,2026-07-02 15:16:16,,,,,,,spotlight-prolific
256ATUE4,691626ec4628eb27b37781b0,1,ele,13,2,2,3,14, fewer ,509,737464,302,113,105.95833587646484,297.44793701171875,125.95833587646484,346.4687728881836,2,1,That it is unnecessarily long,1,,,2026-07-02,2026-07-02,2026-07-02T22:16:16.654Z,15:16:16,2026-07-02 15:16:16,,,,,,,spotlight-prolific
256ATUE4,691626ec4628eb27b37781b0,1,ele,13,2,2,3,29," holiday, ",560,737514,358,160,145.95834350585938,336.4895935058594,165.95834350585938,402.1979293823242,3,2,That it is unnecessarily long,1,,,2026-07-02,2026-07-02,2026-07-02T22:16:16.654Z,15:16:16,2026-07-02 15:16:16,,,,,,,spotlight-prolific
256ATUE4,691626ec4628eb27b37781b0,1,ele,13,2,2,3,29," holiday, ",601,737555,365,163,145.95834350585938,336.4895935058594,165.95834350585938,402.1979293823242,3,2,That it is unnecessarily long,1,,,2026-07-02,2026-07-02,2026-07-02T22:16:16.654Z,15:16:16,2026-07-02 15:16:16,,,,,,,spotlight-prolific
256ATUE4,691626ec4628eb27b37781b0,1,ele,13,2,2,3,29," holiday, ",666,737620,365,163,145.95834350585938,336.4895935058594,165.95834350585938,402.1979293823242,3,2,That it is unnecessarily long,1,,,2026-07-02,2026-07-02,2026-07-02T22:16:16.654Z,15:16:16,2026-07-02 15:16:16,,,,,,,spotlight-prolific
256ATUE4,691626ec4628eb27b37781b0,1,ele,13,2,2,3,29," holiday, ",715,737669,365,163,145.95834350585938,336.4895935058594,165.95834350585938,402.1979293823242,3,2,That it is unnecessarily long,1,,,2026-07-02,2026-07-02,2026-07-02T22:16:16.654Z,15:16:16,2026-07-02 15:16:16,,,,,,,spotlight-prolific
256ATUE4,691626ec4628eb27b37781b0,1,ele,13,2,2,3,29," holiday, ",754,737707,364,161,145.95834350585938,336.4895935058594,165.95834350585938,402.1979293823242,3,2,That it is unnecessarily long,1,,,2026-07-02,2026-07-02,2026-07-02T22:16:16.654Z,15:16:16,2026-07-02 15:16:16,,,,,,,spotlight-prolific
256ATUE4,691626ec4628eb27b37781b0,1,ele,13,2,2,3,29," holiday, ",810,737765,346,151,145.95834350585938,336.4895935058594,165.95834350585938,402.1979293823242,3,2,That it is unnecessarily long,1,,,2026-07-02,2026-07-02,2026-07-02T22:16:16.654Z,15:16:16,2026-07-02 15:16:16,,,,,,,spotlight-prolific
256ATUE4,691626ec4628eb27b37781b0,1,ele,13,2,2,3,28, paid ,852,737806,315,136,145.95834350585938,297.44793701171875,165.95834350585938,336.4896049499512,3,1,That it is unnecessarily long,1,,,2026-07-02,2026-07-02,2026-07-02T22:16:16.654Z,15:16:16,2026-07-02 15:16:16,,,,,,,spotlight-prolific
256ATUE4,691626ec4628eb27b37781b0,1,ele,13,2,2,3,14, fewer ,911,737865,300,119,105.95833587646484,297.44793701171875,125.95833587646484,346.4687728881836,2,1,That it is unnecessarily long,1,,,2026-07-02,2026-07-02,2026-07-02T22:16:16.654Z,15:16:16,2026-07-02 15:16:16,,,,,,,spotlight-prolific
256ATUE4,691626ec4628eb27b37781b0,1,ele,13,2,2,3,-1,999,956,737910,291,95,,,,,,,That it is unnecessarily long,1,,,2026-07-02,2026-07-02,2026-07-02T22:16:16.654Z,15:16:16,2026-07-02 15:16:16,,,,,,,spotlight-prolific
256ATUE4,691626ec4628eb27b37781b0,1,ele,13,2,2,3,-1,999,1003,737957,290,87,,,,,,,That it is unnecessarily long,1,,,2026-07-02,2026-07-02,2026-07-02T22:16:16.654Z,15:16:16,2026-07-02 15:16:16,,,,,,,spotlight-prolific
256ATUE4,691626ec4628eb27b37781b0,1,ele,13,2,2,3,-1,999,1066,738020,290,85,,,,,,,That it is unnecessarily long,1,,,2026-07-02,2026-07-02,2026-07-02T22:16:16.654Z,15:16:16,2026-07-02 15:16:16,,,,,,,spotlight-prolific
256ATUE4,691626ec4628eb27b37781b0,1,ele,13,2,2,3,-1,999,1113,738067,290,85,,,,,,,That it is unnecessarily long,1,,,2026-07-02,2026-07-02,2026-07-02T22:16:16.654Z,15:16:16,2026-07-02 15:16:16,,,,,,,spotlight-prolific
256ATUE4,691626ec4628eb27b37781b0,1,ele,13,2,2,3,-1,999,1159,738114,290,85,,,,,,,That it is unnecessarily long,1,,,2026-07-02,2026-07-02,2026-07-02T22:16:16.654Z,15:16:16,2026-07-02 15:16:16,,,,,,,spotlight-prolific
256ATUE4,691626ec4628eb27b37781b0,1,ele,13,2,2,3,-1,999,1206,738161,290,85,,,,,,,That it is unnecessarily long,1,,,2026-07-02,2026-07-02,2026-07-02T22:16:16.654Z,15:16:16,2026-07-02 15:16:16,,,,,,,spotlight-prolific
256ATUE4,691626ec4628eb27b37781b0,1,ele,13,2,2,3,-1,999,1253,738208,290,85,,,,,,,That it is unnecessarily long,1,,,2026-07-02,2026-07-02,2026-07-02T22:16:16.654Z,15:16:16,2026-07-02 15:16:16,,,,,,,spotlight-prolific
256ATUE4,691626ec4628eb27b37781b0,1,ele,13,2,2,3,-1,999,1308,738263,291,85,,,,,,,That it is unnecessarily long,1,,,2026-07-02,2026-07-02,2026-07-02T22:16:16.654Z,15:16:16,2026-07-02 15:16:16,,,,,,,spotlight-prolific
256ATUE4,691626ec4628eb27b37781b0,1,ele,13,2,2,3,1, Japanese ,1352,738306,318,91,65.95833587646484,297.44793701171875,85.95833587646484,380.52085876464844,1,1,That it is unnecessarily long,1,,,2026-07-02,2026-07-02,2026-07-02T22:16:16.654Z,15:16:16,2026-07-02 15:16:16,,,,,,,spotlight-prolific
256ATUE4,691626ec4628eb27b37781b0,1,ele,13,2,2,3,16, the ,1411,738365,387,99,105.95833587646484,386.51043701171875,125.95833587646484,416.54168701171875,2,3,That it is unnecessarily long,1,,,2026-07-02,2026-07-02,2026-07-02T22:16:16.654Z,15:16:16,2026-07-02 15:16:16,,,,,,,spotlight-prolific
256ATUE4,691626ec4628eb27b37781b0,1,ele,13,2,2,3,16, the ,1459,738414,392,99,105.95833587646484,386.51043701171875,125.95833587646484,416.54168701171875,2,3,That it is unnecessarily long,1,,,2026-07-02,2026-07-02,2026-07-02T22:16:16.654Z,15:16:16,2026-07-02 15:16:16,,,,,,,spotlight-prolific
256ATUE4,691626ec4628eb27b37781b0,1,ele,13,2,2,3,16, the ,1510,738464,404,102,105.95833587646484,386.51043701171875,125.95833587646484,416.54168701171875,2,3,That it is unnecessarily long,1,,,2026-07-02,2026-07-02,2026-07-02T22:16:16.654Z,15:16:16,2026-07-02 15:16:16,,,,,,,spotlight-prolific
256ATUE4,691626ec4628eb27b37781b0,1,ele,13,2,2,3,16, the ,1552,738506,410,103,105.95833587646484,386.51043701171875,125.95833587646484,416.54168701171875,2,3,That it is unnecessarily long,1,,,2026-07-02,2026-07-02,2026-07-02T22:16:16.654Z,15:16:16,2026-07-02 15:16:16,,,,,,,spotlight-prolific
256ATUE4,691626ec4628eb27b37781b0,1,ele,13,2,2,3,17, global ,1612,738566,423,103,105.95833587646484,416.54168701171875,125.95833587646484,469.5937728881836,2,4,That it is unnecessarily long,1,,,2026-07-02,2026-07-02,2026-07-02T22:16:16.654Z,15:16:16,2026-07-02 15:16:16,,,,,,,spotlight-prolific
256ATUE4,691626ec4628eb27b37781b0,1,ele,13,2,2,3,17, global ,1660,738614,440,103,105.95833587646484,416.54168701171875,125.95833587646484,469.5937728881836,2,4,That it is unnecessarily long,1,,,2026-07-02,2026-07-02,2026-07-02T22:16:16.654Z,15:16:16,2026-07-02 15:16:16,,,,,,,spotlight-prolific
256ATUE4,691626ec4628eb27b37781b0,1,ele,13,2,2,3,17, global ,1701,738655,442,103,105.95833587646484,416.54168701171875,125.95833587646484,469.5937728881836,2,4,That it is unnecessarily long,1,,,2026-07-02,2026-07-02,2026-07-02T22:16:16.654Z,15:16:16,2026-07-02 15:16:16,,,,,,,spotlight-prolific
256ATUE4,691626ec4628eb27b37781b0,1,ele,13,2,2,3,17, global ,1760,738714,442,103,105.95833587646484,416.54168701171875,125.95833587646484,469.5937728881836,2,4,That it is unnecessarily long,1,,,2026-07-02,2026-07-02,2026-07-02T22:16:16.654Z,15:16:16,2026-07-02 15:16:16,,,,,,,spotlight-prolific
256ATUE4,691626ec4628eb27b37781b0,1,ele,13,2,2,3,2, employees ,1807,738761,460,92,65.95833587646484,380.5208435058594,85.95833587646484,472.5729293823242,1,2,That it is unnecessarily long,1,,,2026-07-02,2026-07-02,2026-07-02T22:16:16.654Z,15:16:16,2026-07-02 15:16:16,,,,,,,spotlight-prolific
256ATUE4,691626ec4628eb27b37781b0,1,ele,13,2,2,3,3, are ,1855,738809,478,78,65.95833587646484,472.57293701171875,85.95833587646484,503.59377098083496,1,3,That it is unnecessarily long,1,,,2026-07-02,2026-07-02,2026-07-02T22:16:16.654Z,15:16:16,2026-07-02 15:16:16,,,,,,,spotlight-prolific
256ATUE4,691626ec4628eb27b37781b0,1,ele,13,2,2,3,3, are ,1902,738857,484,74,65.95833587646484,472.57293701171875,85.95833587646484,503.59377098083496,1,3,That it is unnecessarily long,1,,,2026-07-02,2026-07-02,2026-07-02T22:16:16.654Z,15:16:16,2026-07-02 15:16:16,,,,,,,spotlight-prolific
256ATUE4,691626ec4628eb27b37781b0,1,ele,13,2,2,3,3, are ,1952,738907,484,74,65.95833587646484,472.57293701171875,85.95833587646484,503.59377098083496,1,3,That it is unnecessarily long,1,,,2026-07-02,2026-07-02,2026-07-02T22:16:16.654Z,15:16:16,2026-07-02 15:16:16,,,,,,,spotlight-prolific
256ATUE4,691626ec4628eb27b37781b0,1,ele,13,2,2,3,3, are ,2015,738969,484,74,65.95833587646484,472.57293701171875,85.95833587646484,503.59377098083496,1,3,That it is unnecessarily long,1,,,2026-07-02,2026-07-02,2026-07-02T22:16:16.654Z,15:16:16,2026-07-02 15:16:16,,,,,,,spotlight-prolific
256ATUE4,691626ec4628eb27b37781b0,1,ele,13,2,2,3,3, are ,2062,739017,484,74,65.95833587646484,472.57293701171875,85.95833587646484,503.59377098083496,1,3,That it is unnecessarily long,1,,,2026-07-02,2026-07-02,2026-07-02T22:16:16.654Z,15:16:16,2026-07-02 15:16:16,,,,,,,spotlight-prolific
256ATUE4,691626ec4628eb27b37781b0,1,ele,13,2,2,3,3, are ,2108,739063,484,74,65.95833587646484,472.57293701171875,85.95833587646484,503.59377098083496,1,3,That it is unnecessarily long,1,,,2026-07-02,2026-07-02,2026-07-02T22:16:16.654Z,15:16:16,2026-07-02 15:16:16,,,,,,,spotlight-prolific
256ATUE4,691626ec4628eb27b37781b0,1,ele,13,2,2,3,3, are ,2156,739110,484,74,65.95833587646484,472.57293701171875,85.95833587646484,503.59377098083496,1,3,That it is unnecessarily long,1,,,2026-07-02,2026-07-02,2026-07-02T22:16:16.654Z,15:16:16,2026-07-02 15:16:16,,,,,,,spotlight-prolific
256ATUE4,691626ec4628eb27b37781b0,1,ele,13,2,2,3,3, are ,2211,739165,485,74,65.95833587646484,472.57293701171875,85.95833587646484,503.59377098083496,1,3,That it is unnecessarily long,1,,,2026-07-02,2026-07-02,2026-07-02T22:16:16.654Z,15:16:16,2026-07-02 15:16:16,,,,,,,spotlight-prolific
256ATUE4,691626ec4628eb27b37781b0,1,ele,13,2,2,3,3, are ,2258,739213,496,77,65.95833587646484,472.57293701171875,85.95833587646484,503.59377098083496,1,3,That it is unnecessarily long,1,,,2026-07-02,2026-07-02,2026-07-02T22:16:16.654Z,15:16:16,2026-07-02 15:16:16,,,,,,,spotlight-prolific
256ATUE4,691626ec4628eb27b37781b0,1,ele,13,2,2,3,4, allowed ,2312,739266,513,77,65.95833587646484,503.59375,85.95833587646484,569.6354217529297,1,4,That it is unnecessarily long,1,,,2026-07-02,2026-07-02,2026-07-02T22:16:16.654Z,15:16:16,2026-07-02 15:16:16,,,,,,,spotlight-prolific
256ATUE4,691626ec4628eb27b37781b0,1,ele,13,2,2,3,4, allowed ,2360,739315,526,77,65.95833587646484,503.59375,85.95833587646484,569.6354217529297,1,4,That it is unnecessarily long,1,,,2026-07-02,2026-07-02,2026-07-02T22:16:16.654Z,15:16:16,2026-07-02 15:16:16,,,,,,,spotlight-prolific
256ATUE4,691626ec4628eb27b37781b0,1,ele,13,2,2,3,4, allowed ,2415,739369,549,78,65.95833587646484,503.59375,85.95833587646484,569.6354217529297,1,4,That it is unnecessarily long,1,,,2026-07-02,2026-07-02,2026-07-02T22:16:16.654Z,15:16:16,2026-07-02 15:16:16,,,,,,,spotlight-prolific
256ATUE4,691626ec4628eb27b37781b0,1,ele,13,2,2,3,5, an ,2462,739416,570,78,65.95833587646484,569.6354370117188,85.95833587646484,594.6666870117188,1,5,That it is unnecessarily long,1,,,2026-07-02,2026-07-02,2026-07-02T22:16:16.654Z,15:16:16,2026-07-02 15:16:16,,,,,,,spotlight-prolific
256ATUE4,691626ec4628eb27b37781b0,1,ele,13,2,2,3,5, an ,2512,739466,583,77,65.95833587646484,569.6354370117188,85.95833587646484,594.6666870117188,1,5,That it is unnecessarily long,1,,,2026-07-02,2026-07-02,2026-07-02T22:16:16.654Z,15:16:16,2026-07-02 15:16:16,,,,,,,spotlight-prolific
256ATUE4,691626ec4628eb27b37781b0,1,ele,13,2,2,3,6, average ,2563,739517,596,74,65.95833587646484,594.6666870117188,85.95833587646484,664.7187728881836,1,6,That it is unnecessarily long,1,,,2026-07-02,2026-07-02,2026-07-02T22:16:16.654Z,15:16:16,2026-07-02 15:16:16,,,,,,,spotlight-prolific
256ATUE4,691626ec4628eb27b37781b0,1,ele,13,2,2,3,6, average ,2603,739557,600,73,65.95833587646484,594.6666870117188,85.95833587646484,664.7187728881836,1,6,That it is unnecessarily long,1,,,2026-07-02,2026-07-02,2026-07-02T22:16:16.654Z,15:16:16,2026-07-02 15:16:16,,,,,,,spotlight-prolific
256ATUE4,691626ec4628eb27b37781b0,1,ele,13,2,2,3,6, average ,2657,739611,602,72,65.95833587646484,594.6666870117188,85.95833587646484,664.7187728881836,1,6,That it is unnecessarily long,1,,,2026-07-02,2026-07-02,2026-07-02T22:16:16.654Z,15:16:16,2026-07-02 15:16:16,,,,,,,spotlight-prolific
256ATUE4,691626ec4628eb27b37781b0,1,ele,13,2,2,3,6, average ,2708,739662,604,72,65.95833587646484,594.6666870117188,85.95833587646484,664.7187728881836,1,6,That it is unnecessarily long,1,,,2026-07-02,2026-07-02,2026-07-02T22:16:16.654Z,15:16:16,2026-07-02 15:16:16,,,,,,,spotlight-prolific
256ATUE4,691626ec4628eb27b37781b0,1,ele,13,2,2,3,6, average ,2752,739706,606,71,65.95833587646484,594.6666870117188,85.95833587646484,664.7187728881836,1,6,That it is unnecessarily long,1,,,2026-07-02,2026-07-02,2026-07-02T22:16:16.654Z,15:16:16,2026-07-02 15:16:16,,,,,,,spotlight-prolific
256ATUE4,691626ec4628eb27b37781b0,1,ele,13,2,2,3,6, average ,2806,739760,610,70,65.95833587646484,594.6666870117188,85.95833587646484,664.7187728881836,1,6,That it is unnecessarily long,1,,,2026-07-02,2026-07-02,2026-07-02T22:16:16.654Z,15:16:16,2026-07-02 15:16:16,,,,,,,spotlight-prolific
256ATUE4,691626ec4628eb27b37781b0,1,ele,13,2,2,3,6, average ,2853,739807,610,70,65.95833587646484,594.6666870117188,85.95833587646484,664.7187728881836,1,6,That it is unnecessarily long,1,,,2026-07-02,2026-07-02,2026-07-02T22:16:16.654Z,15:16:16,2026-07-02 15:16:16,,,,,,,spotlight-prolific
256ATUE4,691626ec4628eb27b37781b0,1,ele,13,2,2,3,6, average ,2916,739870,610,70,65.95833587646484,594.6666870117188,85.95833587646484,664.7187728881836,1,6,That it is unnecessarily long,1,,,2026-07-02,2026-07-02,2026-07-02T22:16:16.654Z,15:16:16,2026-07-02 15:16:16,,,,,,,spotlight-prolific
256ATUE4,691626ec4628eb27b37781b0,1,ele,13,2,2,3,6, average ,2963,739917,610,70,65.95833587646484,594.6666870117188,85.95833587646484,664.7187728881836,1,6,That it is unnecessarily long,1,,,2026-07-02,2026-07-02,2026-07-02T22:16:16.654Z,15:16:16,2026-07-02 15:16:16,,,,,,,spotlight-prolific
256ATUE4,691626ec4628eb27b37781b0,1,ele,13,2,2,3,6, average ,3008,739962,610,70,65.95833587646484,594.6666870117188,85.95833587646484,664.7187728881836,1,6,That it is unnecessarily long,1,,,2026-07-02,2026-07-02,2026-07-02T22:16:16.654Z,15:16:16,2026-07-02 15:16:16,,,,,,,spotlight-prolific
256ATUE4,691626ec4628eb27b37781b0,1,ele,13,2,2,3,6, average ,3057,740012,610,70,65.95833587646484,594.6666870117188,85.95833587646484,664.7187728881836,1,6,That it is unnecessarily long,1,,,2026-07-02,2026-07-02,2026-07-02T22:16:16.654Z,15:16:16,2026-07-02 15:16:16,,,,,,,spotlight-prolific
256ATUE4,691626ec4628eb27b37781b0,1,ele,13,2,2,3,6, average ,3110,740064,616,73,65.95833587646484,594.6666870117188,85.95833587646484,664.7187728881836,1,6,That it is unnecessarily long,1,,,2026-07-02,2026-07-02,2026-07-02T22:16:16.654Z,15:16:16,2026-07-02 15:16:16,,,,,,,spotlight-prolific
256ATUE4,691626ec4628eb27b37781b0,1,ele,13,2,2,3,6, average ,3151,740105,616,73,65.95833587646484,594.6666870117188,85.95833587646484,664.7187728881836,1,6,That it is unnecessarily long,1,,,2026-07-02,2026-07-02,2026-07-02T22:16:16.654Z,15:16:16,2026-07-02 15:16:16,,,,,,,spotlight-prolific
256ATUE4,691626ec4628eb27b37781b0,1,ele,13,2,2,3,6, average ,3204,740158,618,74,65.95833587646484,594.6666870117188,85.95833587646484,664.7187728881836,1,6,That it is unnecessarily long,1,,,2026-07-02,2026-07-02,2026-07-02T22:16:16.654Z,15:16:16,2026-07-02 15:16:16,,,,,,,spotlight-prolific
256ATUE4,691626ec4628eb27b37781b0,1,ele,13,2,2,3,6, average ,3264,740218,616,77,65.95833587646484,594.6666870117188,85.95833587646484,664.7187728881836,1,6,That it is unnecessarily long,1,,,2026-07-02,2026-07-02,2026-07-02T22:16:16.654Z,15:16:16,2026-07-02 15:16:16,,,,,,,spotlight-prolific
256ATUE4,691626ec4628eb27b37781b0,1,ele,13,2,2,3,6, average ,3304,740258,609,81,65.95833587646484,594.6666870117188,85.95833587646484,664.7187728881836,1,6,That it is unnecessarily long,1,,,2026-07-02,2026-07-02,2026-07-02T22:16:16.654Z,15:16:16,2026-07-02 15:16:16,,,,,,,spotlight-prolific
256ATUE4,691626ec4628eb27b37781b0,1,ele,13,2,2,3,5, an ,3360,740314,592,85,65.95833587646484,569.6354370117188,85.95833587646484,594.6666870117188,1,5,That it is unnecessarily long,1,,,2026-07-02,2026-07-02,2026-07-02T22:16:16.654Z,15:16:16,2026-07-02 15:16:16,,,,,,,spotlight-prolific
256ATUE4,691626ec4628eb27b37781b0,1,ele,13,2,2,3,5, an ,3403,740357,592,85,65.95833587646484,569.6354370117188,85.95833587646484,594.6666870117188,1,5,That it is unnecessarily long,1,,,2026-07-02,2026-07-02,2026-07-02T22:16:16.654Z,15:16:16,2026-07-02 15:16:16,,,,,,,spotlight-prolific
256ATUE4,691626ec4628eb27b37781b0,1,ele,13,2,2,3,5, an ,3454,740408,591,85,65.95833587646484,569.6354370117188,85.95833587646484,594.6666870117188,1,5,That it is unnecessarily long,1,,,2026-07-02,2026-07-02,2026-07-02T22:16:16.654Z,15:16:16,2026-07-02 15:16:16,,,,,,,spotlight-prolific
256ATUE4,691626ec4628eb27b37781b0,1,ele,13,2,2,3,5, an ,3508,740463,590,85,65.95833587646484,569.6354370117188,85.95833587646484,594.6666870117188,1,5,That it is unnecessarily long,1,,,2026-07-02,2026-07-02,2026-07-02T22:16:16.654Z,15:16:16,2026-07-02 15:16:16,,,,,,,spotlight-prolific
256ATUE4,691626ec4628eb27b37781b0,1,ele,13,2,2,3,5, an ,3554,740508,590,84,65.95833587646484,569.6354370117188,85.95833587646484,594.6666870117188,1,5,That it is unnecessarily long,1,,,2026-07-02,2026-07-02,2026-07-02T22:16:16.654Z,15:16:16,2026-07-02 15:16:16,,,,,,,spotlight-prolific
256ATUE4,691626ec4628eb27b37781b0,1,ele,13,2,2,3,5, an ,3606,740561,588,84,65.95833587646484,569.6354370117188,85.95833587646484,594.6666870117188,1,5,That it is unnecessarily long,1,,,2026-07-02,2026-07-02,2026-07-02T22:16:16.654Z,15:16:16,2026-07-02 15:16:16,,,,,,,spotlight-prolific
256ATUE4,691626ec4628eb27b37781b0,1,ele,13,2,2,3,5, an ,3655,740609,588,84,65.95833587646484,569.6354370117188,85.95833587646484,594.6666870117188,1,5,That it is unnecessarily long,1,,,2026-07-02,2026-07-02,2026-07-02T22:16:16.654Z,15:16:16,2026-07-02 15:16:16,,,,,,,spotlight-prolific
256ATUE4,691626ec4628eb27b37781b0,1,ele,13,2,2,3,5, an ,3717,740672,588,84,65.95833587646484,569.6354370117188,85.95833587646484,594.6666870117188,1,5,That it is unnecessarily long,1,,,2026-07-02,2026-07-02,2026-07-02T22:16:16.654Z,15:16:16,2026-07-02 15:16:16,,,,,,,spotlight-prolific
256ATUE4,691626ec4628eb27b37781b0,1,ele,13,2,2,3,5, an ,3764,740718,588,84,65.95833587646484,569.6354370117188,85.95833587646484,594.6666870117188,1,5,That it is unnecessarily long,1,,,2026-07-02,2026-07-02,2026-07-02T22:16:16.654Z,15:16:16,2026-07-02 15:16:16,,,,,,,spotlight-prolific
256ATUE4,691626ec4628eb27b37781b0,1,ele,13,2,2,3,5, an ,3812,740767,588,84,65.95833587646484,569.6354370117188,85.95833587646484,594.6666870117188,1,5,That it is unnecessarily long,1,,,2026-07-02,2026-07-02,2026-07-02T22:16:16.654Z,15:16:16,2026-07-02 15:16:16,,,,,,,spotlight-prolific
256ATUE4,691626ec4628eb27b37781b0,1,ele,13,2,2,3,6, average ,3863,740818,612,81,65.95833587646484,594.6666870117188,85.95833587646484,664.7187728881836,1,6,That it is unnecessarily long,1,,,2026-07-02,2026-07-02,2026-07-02T22:16:16.654Z,15:16:16,2026-07-02 15:16:16,,,,,,,spotlight-prolific
256ATUE4,691626ec4628eb27b37781b0,1,ele,13,2,2,3,6, average ,3911,740865,639,81,65.95833587646484,594.6666870117188,85.95833587646484,664.7187728881836,1,6,That it is unnecessarily long,1,,,2026-07-02,2026-07-02,2026-07-02T22:16:16.654Z,15:16:16,2026-07-02 15:16:16,,,,,,,spotlight-prolific
256ATUE4,691626ec4628eb27b37781b0,1,ele,13,2,2,3,6, average ,3954,740908,641,81,65.95833587646484,594.6666870117188,85.95833587646484,664.7187728881836,1,6,That it is unnecessarily long,1,,,2026-07-02,2026-07-02,2026-07-02T22:16:16.654Z,15:16:16,2026-07-02 15:16:16,,,,,,,spotlight-prolific
256ATUE4,691626ec4628eb27b37781b0,1,ele,13,2,2,3,6, average ,4006,740959,643,81,65.95833587646484,594.6666870117188,85.95833587646484,664.7187728881836,1,6,That it is unnecessarily long,1,,,2026-07-02,2026-07-02,2026-07-02T22:16:16.654Z,15:16:16,2026-07-02 15:16:16,,,,,,,spotlight-prolific
256ATUE4,691626ec4628eb27b37781b0,1,ele,13,2,2,3,6, average ,4062,741016,654,81,65.95833587646484,594.6666870117188,85.95833587646484,664.7187728881836,1,6,That it is unnecessarily long,1,,,2026-07-02,2026-07-02,2026-07-02T22:16:16.654Z,15:16:16,2026-07-02 15:16:16,,,,,,,spotlight-prolific
256ATUE4,691626ec4628eb27b37781b0,1,ele,13,2,2,3,6, average ,4112,741066,664,81,65.95833587646484,594.6666870117188,85.95833587646484,664.7187728881836,1,6,That it is unnecessarily long,1,,,2026-07-02,2026-07-02,2026-07-02T22:16:16.654Z,15:16:16,2026-07-02 15:16:16,,,,,,,spotlight-prolific
256ATUE4,691626ec4628eb27b37781b0,1,ele,13,2,2,3,7, of ,4156,741110,675,81,65.95833587646484,664.71875,85.95833587646484,684.7395839691162,1,7,That it is unnecessarily long,1,,,2026-07-02,2026-07-02,2026-07-02T22:16:16.654Z,15:16:16,2026-07-02 15:16:16,,,,,,,spotlight-prolific
256ATUE4,691626ec4628eb27b37781b0,1,ele,13,2,2,3,8, 18.5 ,4214,741168,701,81,65.95833587646484,684.7396240234375,85.95833587646484,724.7812919616699,1,8,That it is unnecessarily long,1,,,2026-07-02,2026-07-02,2026-07-02T22:16:16.654Z,15:16:16,2026-07-02 15:16:16,,,,,,,spotlight-prolific
256ATUE4,691626ec4628eb27b37781b0,1,ele,13,2,2,3,8, 18.5 ,4255,741209,704,81,65.95833587646484,684.7396240234375,85.95833587646484,724.7812919616699,1,8,That it is unnecessarily long,1,,,2026-07-02,2026-07-02,2026-07-02T22:16:16.654Z,15:16:16,2026-07-02 15:16:16,,,,,,,spotlight-prolific
256ATUE4,691626ec4628eb27b37781b0,1,ele,13,2,2,3,8, 18.5 ,4310,741265,706,81,65.95833587646484,684.7396240234375,85.95833587646484,724.7812919616699,1,8,That it is unnecessarily long,1,,,2026-07-02,2026-07-02,2026-07-02T22:16:16.654Z,15:16:16,2026-07-02 15:16:16,,,,,,,spotlight-prolific
256ATUE4,691626ec4628eb27b37781b0,1,ele,13,2,2,3,8, 18.5 ,4354,741309,708,81,65.95833587646484,684.7396240234375,85.95833587646484,724.7812919616699,1,8,That it is unnecessarily long,1,,,2026-07-02,2026-07-02,2026-07-02T22:16:16.654Z,15:16:16,2026-07-02 15:16:16,,,,,,,spotlight-prolific
256ATUE4,691626ec4628eb27b37781b0,1,ele,13,2,2,3,8, 18.5 ,4414,741368,713,81,65.95833587646484,684.7396240234375,85.95833587646484,724.7812919616699,1,8,That it is unnecessarily long,1,,,2026-07-02,2026-07-02,2026-07-02T22:16:16.654Z,15:16:16,2026-07-02 15:16:16,,,,,,,spotlight-prolific
256ATUE4,691626ec4628eb27b37781b0,1,ele,13,2,2,3,8, 18.5 ,4460,741414,717,81,65.95833587646484,684.7396240234375,85.95833587646484,724.7812919616699,1,8,That it is unnecessarily long,1,,,2026-07-02,2026-07-02,2026-07-02T22:16:16.654Z,15:16:16,2026-07-02 15:16:16,,,,,,,spotlight-prolific
256ATUE4,691626ec4628eb27b37781b0,1,ele,13,2,2,3,8, 18.5 ,4500,741455,718,81,65.95833587646484,684.7396240234375,85.95833587646484,724.7812919616699,1,8,That it is unnecessarily long,1,,,2026-07-02,2026-07-02,2026-07-02T22:16:16.654Z,15:16:16,2026-07-02 15:16:16,,,,,,,spotlight-prolific
256ATUE4,691626ec4628eb27b37781b0,1,ele,13,2,2,3,8, 18.5 ,4555,741509,720,81,65.95833587646484,684.7396240234375,85.95833587646484,724.7812919616699,1,8,That it is unnecessarily long,1,,,2026-07-02,2026-07-02,2026-07-02T22:16:16.654Z,15:16:16,2026-07-02 15:16:16,,,,,,,spotlight-prolific
256ATUE4,691626ec4628eb27b37781b0,1,ele,13,2,2,3,8, 18.5 ,4601,741555,721,81,65.95833587646484,684.7396240234375,85.95833587646484,724.7812919616699,1,8,That it is unnecessarily long,1,,,2026-07-02,2026-07-02,2026-07-02T22:16:16.654Z,15:16:16,2026-07-02 15:16:16,,,,,,,spotlight-prolific
256ATUE4,691626ec4628eb27b37781b0,1,ele,13,2,2,3,8, 18.5 ,4665,741619,722,81,65.95833587646484,684.7396240234375,85.95833587646484,724.7812919616699,1,8,That it is unnecessarily long,1,,,2026-07-02,2026-07-02,2026-07-02T22:16:16.654Z,15:16:16,2026-07-02 15:16:16,,,,,,,spotlight-prolific
256ATUE4,691626ec4628eb27b37781b0,1,ele,13,2,2,3,8, 18.5 ,4706,741660,722,81,65.95833587646484,684.7396240234375,85.95833587646484,724.7812919616699,1,8,That it is unnecessarily long,1,,,2026-07-02,2026-07-02,2026-07-02T22:16:16.654Z,15:16:16,2026-07-02 15:16:16,,,,,,,spotlight-prolific
256ATUE4,691626ec4628eb27b37781b0,1,ele,13,2,2,3,8, 18.5 ,4754,741708,722,81,65.95833587646484,684.7396240234375,85.95833587646484,724.7812919616699,1,8,That it is unnecessarily long,1,,,2026-07-02,2026-07-02,2026-07-02T22:16:16.654Z,15:16:16,2026-07-02 15:16:16,,,,,,,spotlight-prolific
256ATUE4,691626ec4628eb27b37781b0,1,ele,13,2,2,3,8, 18.5 ,4817,741771,722,81,65.95833587646484,684.7396240234375,85.95833587646484,724.7812919616699,1,8,That it is unnecessarily long,1,,,2026-07-02,2026-07-02,2026-07-02T22:16:16.654Z,15:16:16,2026-07-02 15:16:16,,,,,,,spotlight-prolific
256ATUE4,691626ec4628eb27b37781b0,1,ele,13,2,2,3,8, 18.5 ,4862,741816,724,81,65.95833587646484,684.7396240234375,85.95833587646484,724.7812919616699,1,8,That it is unnecessarily long,1,,,2026-07-02,2026-07-02,2026-07-02T22:16:16.654Z,15:16:16,2026-07-02 15:16:16,,,,,,,spotlight-prolific
256ATUE4,691626ec4628eb27b37781b0,1,ele,13,2,2,3,9, days’ ,4905,741859,726,81,65.95833587646484,724.78125,85.95833587646484,771.1354179382324,1,9,That it is unnecessarily long,1,,,2026-07-02,2026-07-02,2026-07-02T22:16:16.654Z,15:16:16,2026-07-02 15:16:16,,,,,,,spotlight-prolific
256ATUE4,691626ec4628eb27b37781b0,1,ele,13,2,2,3,9, days’ ,4956,741910,728,81,65.95833587646484,724.78125,85.95833587646484,771.1354179382324,1,9,That it is unnecessarily long,1,,,2026-07-02,2026-07-02,2026-07-02T22:16:16.654Z,15:16:16,2026-07-02 15:16:16,,,,,,,spotlight-prolific
256ATUE4,691626ec4628eb27b37781b0,1,ele,13,2,2,3,9, days’ ,5005,741960,728,81,65.95833587646484,724.78125,85.95833587646484,771.1354179382324,1,9,That it is unnecessarily long,1,,,2026-07-02,2026-07-02,2026-07-02T22:16:16.654Z,15:16:16,2026-07-02 15:16:16,,,,,,,spotlight-prolific
256ATUE4,691626ec4628eb27b37781b0,1,ele,13,2,2,3,9, days’ ,5052,742006,728,81,65.95833587646484,724.78125,85.95833587646484,771.1354179382324,1,9,That it is unnecessarily long,1,,,2026-07-02,2026-07-02,2026-07-02T22:16:16.654Z,15:16:16,2026-07-02 15:16:16,,,,,,,spotlight-prolific
256ATUE4,691626ec4628eb27b37781b0,1,ele,13,2,2,3,9, days’ ,5114,742068,736,79,65.95833587646484,724.78125,85.95833587646484,771.1354179382324,1,9,That it is unnecessarily long,1,,,2026-07-02,2026-07-02,2026-07-02T22:16:16.654Z,15:16:16,2026-07-02 15:16:16,,,,,,,spotlight-prolific
256ATUE4,691626ec4628eb27b37781b0,1,ele,13,2,2,3,9, days’ ,5165,742119,756,76,65.95833587646484,724.78125,85.95833587646484,771.1354179382324,1,9,That it is unnecessarily long,1,,,2026-07-02,2026-07-02,2026-07-02T22:16:16.654Z,15:16:16,2026-07-02 15:16:16,,,,,,,spotlight-prolific
256ATUE4,691626ec4628eb27b37781b0,1,ele,13,2,2,3,10, paid ,5214,742168,774,71,65.95833587646484,771.1354370117188,85.95833587646484,810.1771049499512,1,10,That it is unnecessarily long,1,,,2026-07-02,2026-07-02,2026-07-02T22:16:16.654Z,15:16:16,2026-07-02 15:16:16,,,,,,,spotlight-prolific
256ATUE4,691626ec4628eb27b37781b0,1,ele,13,2,2,3,10, paid ,5262,742216,782,69,65.95833587646484,771.1354370117188,85.95833587646484,810.1771049499512,1,10,That it is unnecessarily long,1,,,2026-07-02,2026-07-02,2026-07-02T22:16:16.654Z,15:16:16,2026-07-02 15:16:16,,,,,,,spotlight-prolific
256ATUE4,691626ec4628eb27b37781b0,1,ele,13,2,2,3,10, paid ,5306,742260,785,69,65.95833587646484,771.1354370117188,85.95833587646484,810.1771049499512,1,10,That it is unnecessarily long,1,,,2026-07-02,2026-07-02,2026-07-02T22:16:16.654Z,15:16:16,2026-07-02 15:16:16,,,,,,,spotlight-prolific
256ATUE4,691626ec4628eb27b37781b0,1,ele,13,2,2,3,10, paid ,5362,742316,796,65,65.95833587646484,771.1354370117188,85.95833587646484,810.1771049499512,1,10,That it is unnecessarily long,1,,,2026-07-02,2026-07-02,2026-07-02T22:16:16.654Z,15:16:16,2026-07-02 15:16:16,,,,,,,spotlight-prolific
256ATUE4,691626ec4628eb27b37781b0,1,ele,13,2,2,3,10, paid ,5406,742360,798,65,65.95833587646484,771.1354370117188,85.95833587646484,810.1771049499512,1,10,That it is unnecessarily long,1,,,2026-07-02,2026-07-02,2026-07-02T22:16:16.654Z,15:16:16,2026-07-02 15:16:16,,,,,,,spotlight-prolific
256ATUE4,691626ec4628eb27b37781b0,1,ele,13,2,2,3,10, paid ,5464,742418,805,63,65.95833587646484,771.1354370117188,85.95833587646484,810.1771049499512,1,10,That it is unnecessarily long,1,,,2026-07-02,2026-07-02,2026-07-02T22:16:16.654Z,15:16:16,2026-07-02 15:16:16,,,,,,,spotlight-prolific
256ATUE4,691626ec4628eb27b37781b0,1,ele,13,2,2,3,11, holiday ,5506,742460,811,63,65.95833587646484,810.1771240234375,85.95833587646484,872.2292098999023,1,11,That it is unnecessarily long,1,,,2026-07-02,2026-07-02,2026-07-02T22:16:16.654Z,15:16:16,2026-07-02 15:16:16,,,,,,,spotlight-prolific
256ATUE4,691626ec4628eb27b37781b0,1,ele,13,2,2,3,11, holiday ,5565,742519,828,62,65.95833587646484,810.1771240234375,85.95833587646484,872.2292098999023,1,11,That it is unnecessarily long,1,,,2026-07-02,2026-07-02,2026-07-02T22:16:16.654Z,15:16:16,2026-07-02 15:16:16,,,,,,,spotlight-prolific
256ATUE4,691626ec4628eb27b37781b0,1,ele,13,2,2,3,11, holiday ,5614,742569,844,62,65.95833587646484,810.1771240234375,85.95833587646484,872.2292098999023,1,11,That it is unnecessarily long,1,,,2026-07-02,2026-07-02,2026-07-02T22:16:16.654Z,15:16:16,2026-07-02 15:16:16,,,,,,,spotlight-prolific
256ATUE4,691626ec4628eb27b37781b0,1,ele,13,2,2,3,11, holiday ,5665,742619,858,62,65.95833587646484,810.1771240234375,85.95833587646484,872.2292098999023,1,11,That it is unnecessarily long,1,,,2026-07-02,2026-07-02,2026-07-02T22:16:16.654Z,15:16:16,2026-07-02 15:16:16,,,,,,,spotlight-prolific
256ATUE4,691626ec4628eb27b37781b0,1,ele,13,2,2,3,11, holiday ,5714,742668,870,65,65.95833587646484,810.1771240234375,85.95833587646484,872.2292098999023,1,11,That it is unnecessarily long,1,,,2026-07-02,2026-07-02,2026-07-02T22:16:16.654Z,15:16:16,2026-07-02 15:16:16,,,,,,,spotlight-prolific
256ATUE4,691626ec4628eb27b37781b0,1,ele,13,2,2,3,12, a ,5764,742719,882,68,65.95833587646484,872.2291870117188,85.95833587646484,887.250020980835,1,12,That it is unnecessarily long,1,,,2026-07-02,2026-07-02,2026-07-02T22:16:16.654Z,15:16:16,2026-07-02 15:16:16,,,,,,,spotlight-prolific
256ATUE4,691626ec4628eb27b37781b0,1,ele,13,2,2,3,12, a ,5806,742760,885,69,65.95833587646484,872.2291870117188,85.95833587646484,887.250020980835,1,12,That it is unnecessarily long,1,,,2026-07-02,2026-07-02,2026-07-02T22:16:16.654Z,15:16:16,2026-07-02 15:16:16,,,,,,,spotlight-prolific
256ATUE4,691626ec4628eb27b37781b0,1,ele,13,2,2,3,12, a ,5850,742805,886,71,65.95833587646484,872.2291870117188,85.95833587646484,887.250020980835,1,12,That it is unnecessarily long,1,,,2026-07-02,2026-07-02,2026-07-02T22:16:16.654Z,15:16:16,2026-07-02 15:16:16,,,,,,,spotlight-prolific
256ATUE4,691626ec4628eb27b37781b0,1,ele,13,2,2,3,12, a ,5901,742855,886,76,65.95833587646484,872.2291870117188,85.95833587646484,887.250020980835,1,12,That it is unnecessarily long,1,,,2026-07-02,2026-07-02,2026-07-02T22:16:16.654Z,15:16:16,2026-07-02 15:16:16,,,,,,,spotlight-prolific
256ATUE4,691626ec4628eb27b37781b0,1,ele,13,2,2,3,11, holiday ,5969,742924,870,89,65.95833587646484,810.1771240234375,85.95833587646484,872.2292098999023,1,11,That it is unnecessarily long,1,,,2026-07-02,2026-07-02,2026-07-02T22:16:16.654Z,15:16:16,2026-07-02 15:16:16,,,,,,,spotlight-prolific
256ATUE4,691626ec4628eb27b37781b0,1,ele,13,2,2,3,24, minimum ,6014,742968,798,105,105.95833587646484,790.7708740234375,125.95833587646484,868.7812957763672,2,11,That it is unnecessarily long,1,,,2026-07-02,2026-07-02,2026-07-02T22:16:16.654Z,15:16:16,2026-07-02 15:16:16,,,,,,,spotlight-prolific
256ATUE4,691626ec4628eb27b37781b0,1,ele,13,2,2,3,20, must ,6053,743007,676,105,105.95833587646484,640.6979370117188,125.95833587646484,684.7083549499512,2,7,That it is unnecessarily long,1,,,2026-07-02,2026-07-02,2026-07-02T22:16:16.654Z,15:16:16,2026-07-02 15:16:16,,,,,,,spotlight-prolific
256ATUE4,691626ec4628eb27b37781b0,1,ele,13,2,2,3,18, average. ,6106,743061,474,105,105.95833587646484,469.59375,125.95833587646484,544.6458358764648,2,5,That it is unnecessarily long,1,,,2026-07-02,2026-07-02,2026-07-02T22:16:16.654Z,15:16:16,2026-07-02 15:16:16,,,,,,,spotlight-prolific
256ATUE4,691626ec4628eb27b37781b0,1,ele,13,2,2,3,14, fewer ,6166,743120,322,111,105.95833587646484,297.44793701171875,125.95833587646484,346.4687728881836,2,1,That it is unnecessarily long,1,,,2026-07-02,2026-07-02,2026-07-02T22:16:16.654Z,15:16:16,2026-07-02 15:16:16,,,,,,,spotlight-prolific
256ATUE4,691626ec4628eb27b37781b0,1,ele,13,2,2,3,-1,999,6210,743165,274,123,,,,,,,That it is unnecessarily long,1,,,2026-07-02,2026-07-02,2026-07-02T22:16:16.654Z,15:16:16,2026-07-02 15:16:16,,,,,,,spotlight-prolific
256ATUE4,691626ec4628eb27b37781b0,1,ele,13,2,2,3,-1,999,6260,743214,260,129,,,,,,,That it is unnecessarily long,1,,,2026-07-02,2026-07-02,2026-07-02T22:16:16.654Z,15:16:16,2026-07-02 15:16:16,,,,,,,spotlight-prolific
256ATUE4,691626ec4628eb27b37781b0,1,ele,13,2,2,3,-1,999,6304,743258,260,129,,,,,,,That it is unnecessarily long,1,,,2026-07-02,2026-07-02,2026-07-02T22:16:16.654Z,15:16:16,2026-07-02 15:16:16,,,,,,,spotlight-prolific
256ATUE4,691626ec4628eb27b37781b0,1,ele,13,2,2,3,-1,999,6352,743306,260,129,,,,,,,That it is unnecessarily long,1,,,2026-07-02,2026-07-02,2026-07-02T22:16:16.654Z,15:16:16,2026-07-02 15:16:16,,,,,,,spotlight-prolific
256ATUE4,691626ec4628eb27b37781b0,1,ele,13,2,2,3,-1,999,6414,743369,260,129,,,,,,,That it is unnecessarily long,1,,,2026-07-02,2026-07-02,2026-07-02T22:16:16.654Z,15:16:16,2026-07-02 15:16:16,,,,,,,spotlight-prolific
256ATUE4,691626ec4628eb27b37781b0,1,ele,13,2,2,3,-1,999,6461,743415,260,129,,,,,,,That it is unnecessarily long,1,,,2026-07-02,2026-07-02,2026-07-02T22:16:16.654Z,15:16:16,2026-07-02 15:16:16,,,,,,,spotlight-prolific
256ATUE4,691626ec4628eb27b37781b0,1,ele,13,2,2,3,-1,999,6514,743468,276,129,,,,,,,That it is unnecessarily long,1,,,2026-07-02,2026-07-02,2026-07-02T22:16:16.654Z,15:16:16,2026-07-02 15:16:16,,,,,,,spotlight-prolific
256ATUE4,691626ec4628eb27b37781b0,1,ele,13,2,2,3,14, fewer ,6566,743520,325,129,105.95833587646484,297.44793701171875,125.95833587646484,346.4687728881836,2,1,That it is unnecessarily long,1,,,2026-07-02,2026-07-02,2026-07-02T22:16:16.654Z,15:16:16,2026-07-02 15:16:16,,,,,,,spotlight-prolific
256ATUE4,691626ec4628eb27b37781b0,1,ele,13,2,2,3,14, fewer ,6612,743567,336,129,105.95833587646484,297.44793701171875,125.95833587646484,346.4687728881836,2,1,That it is unnecessarily long,1,,,2026-07-02,2026-07-02,2026-07-02T22:16:16.654Z,15:16:16,2026-07-02 15:16:16,,,,,,,spotlight-prolific
256ATUE4,691626ec4628eb27b37781b0,1,ele,13,2,2,3,14, fewer ,6674,743628,336,129,105.95833587646484,297.44793701171875,125.95833587646484,346.4687728881836,2,1,That it is unnecessarily long,1,,,2026-07-02,2026-07-02,2026-07-02T22:16:16.654Z,15:16:16,2026-07-02 15:16:16,,,,,,,spotlight-prolific
256ATUE4,691626ec4628eb27b37781b0,1,ele,13,2,2,3,14, fewer ,6705,743659,336,129,105.95833587646484,297.44793701171875,125.95833587646484,346.4687728881836,2,1,That it is unnecessarily long,1,,,2026-07-02,2026-07-02,2026-07-02T22:16:16.654Z,15:16:16,2026-07-02 15:16:16,,,,,,,spotlight-prolific
256ATUE4,691626ec4628eb27b37781b0,1,ele,13,2,2,3,14, fewer ,6767,743722,336,129,105.95833587646484,297.44793701171875,125.95833587646484,346.4687728881836,2,1,That it is unnecessarily long,1,,,2026-07-02,2026-07-02,2026-07-02T22:16:16.654Z,15:16:16,2026-07-02 15:16:16,,,,,,,spotlight-prolific
256ATUE4,691626ec4628eb27b37781b0,1,ele,13,2,2,3,14, fewer ,6814,743768,336,129,105.95833587646484,297.44793701171875,125.95833587646484,346.4687728881836,2,1,That it is unnecessarily long,1,,,2026-07-02,2026-07-02,2026-07-02T22:16:16.654Z,15:16:16,2026-07-02 15:16:16,,,,,,,spotlight-prolific
256ATUE4,691626ec4628eb27b37781b0,1,ele,13,2,2,3,14, fewer ,6861,743815,336,129,105.95833587646484,297.44793701171875,125.95833587646484,346.4687728881836,2,1,That it is unnecessarily long,1,,,2026-07-02,2026-07-02,2026-07-02T22:16:16.654Z,15:16:16,2026-07-02 15:16:16,,,,,,,spotlight-prolific
256ATUE4,691626ec4628eb27b37781b0,1,ele,13,2,2,3,14, fewer ,6918,743872,342,129,105.95833587646484,297.44793701171875,125.95833587646484,346.4687728881836,2,1,That it is unnecessarily long,1,,,2026-07-02,2026-07-02,2026-07-02T22:16:16.654Z,15:16:16,2026-07-02 15:16:16,,,,,,,spotlight-prolific
256ATUE4,691626ec4628eb27b37781b0,1,ele,13,2,2,3,15, than ,6964,743919,362,129,105.95833587646484,346.46875,125.95833587646484,386.5104179382324,2,2,That it is unnecessarily long,1,,,2026-07-02,2026-07-02,2026-07-02T22:16:16.654Z,15:16:16,2026-07-02 15:16:16,,,,,,,spotlight-prolific
256ATUE4,691626ec4628eb27b37781b0,1,ele,13,2,2,3,15, than ,7006,743961,362,129,105.95833587646484,346.46875,125.95833587646484,386.5104179382324,2,2,That it is unnecessarily long,1,,,2026-07-02,2026-07-02,2026-07-02T22:16:16.654Z,15:16:16,2026-07-02 15:16:16,,,,,,,spotlight-prolific
256ATUE4,691626ec4628eb27b37781b0,1,ele,13,2,2,3,15, than ,7056,744011,362,129,105.95833587646484,346.46875,125.95833587646484,386.5104179382324,2,2,That it is unnecessarily long,1,,,2026-07-02,2026-07-02,2026-07-02T22:16:16.654Z,15:16:16,2026-07-02 15:16:16,,,,,,,spotlight-prolific
256ATUE4,691626ec4628eb27b37781b0,1,ele,13,2,2,3,15, than ,7116,744071,363,129,105.95833587646484,346.46875,125.95833587646484,386.5104179382324,2,2,That it is unnecessarily long,1,,,2026-07-02,2026-07-02,2026-07-02T22:16:16.654Z,15:16:16,2026-07-02 15:16:16,,,,,,,spotlight-prolific
256ATUE4,691626ec4628eb27b37781b0,1,ele,13,2,2,3,15, than ,7166,744121,382,129,105.95833587646484,346.46875,125.95833587646484,386.5104179382324,2,2,That it is unnecessarily long,1,,,2026-07-02,2026-07-02,2026-07-02T22:16:16.654Z,15:16:16,2026-07-02 15:16:16,,,,,,,spotlight-prolific
256ATUE4,691626ec4628eb27b37781b0,1,ele,13,2,2,3,16, the ,7213,744167,392,129,105.95833587646484,386.51043701171875,125.95833587646484,416.54168701171875,2,3,That it is unnecessarily long,1,,,2026-07-02,2026-07-02,2026-07-02T22:16:16.654Z,15:16:16,2026-07-02 15:16:16,,,,,,,spotlight-prolific
256ATUE4,691626ec4628eb27b37781b0,1,ele,13,2,2,3,16, the ,7264,744218,393,129,105.95833587646484,386.51043701171875,125.95833587646484,416.54168701171875,2,3,That it is unnecessarily long,1,,,2026-07-02,2026-07-02,2026-07-02T22:16:16.654Z,15:16:16,2026-07-02 15:16:16,,,,,,,spotlight-prolific
256ATUE4,691626ec4628eb27b37781b0,1,ele,13,2,2,3,16, the ,7301,744256,395,129,105.95833587646484,386.51043701171875,125.95833587646484,416.54168701171875,2,3,That it is unnecessarily long,1,,,2026-07-02,2026-07-02,2026-07-02T22:16:16.654Z,15:16:16,2026-07-02 15:16:16,,,,,,,spotlight-prolific
256ATUE4,691626ec4628eb27b37781b0,1,ele,13,2,2,3,16, the ,7351,744305,397,129,105.95833587646484,386.51043701171875,125.95833587646484,416.54168701171875,2,3,That it is unnecessarily long,1,,,2026-07-02,2026-07-02,2026-07-02T22:16:16.654Z,15:16:16,2026-07-02 15:16:16,,,,,,,spotlight-prolific
256ATUE4,691626ec4628eb27b37781b0,1,ele,13,2,2,3,16, the ,7405,744359,398,129,105.95833587646484,386.51043701171875,125.95833587646484,416.54168701171875,2,3,That it is unnecessarily long,1,,,2026-07-02,2026-07-02,2026-07-02T22:16:16.654Z,15:16:16,2026-07-02 15:16:16,,,,,,,spotlight-prolific
256ATUE4,691626ec4628eb27b37781b0,1,ele,13,2,2,3,16, the ,7458,744412,400,129,105.95833587646484,386.51043701171875,125.95833587646484,416.54168701171875,2,3,That it is unnecessarily long,1,,,2026-07-02,2026-07-02,2026-07-02T22:16:16.654Z,15:16:16,2026-07-02 15:16:16,,,,,,,spotlight-prolific
256ATUE4,691626ec4628eb27b37781b0,1,ele,13,2,2,3,16, the ,7517,744472,409,131,105.95833587646484,386.51043701171875,125.95833587646484,416.54168701171875,2,3,That it is unnecessarily long,1,,,2026-07-02,2026-07-02,2026-07-02T22:16:16.654Z,15:16:16,2026-07-02 15:16:16,,,,,,,spotlight-prolific
256ATUE4,691626ec4628eb27b37781b0,1,ele,13,2,2,3,17, global ,7552,744506,424,131,105.95833587646484,416.54168701171875,125.95833587646484,469.5937728881836,2,4,That it is unnecessarily long,1,,,2026-07-02,2026-07-02,2026-07-02T22:16:16.654Z,15:16:16,2026-07-02 15:16:16,,,,,,,spotlight-prolific
256ATUE4,691626ec4628eb27b37781b0,1,ele,13,2,2,3,17, global ,7614,744568,442,131,105.95833587646484,416.54168701171875,125.95833587646484,469.5937728881836,2,4,That it is unnecessarily long,1,,,2026-07-02,2026-07-02,2026-07-02T22:16:16.654Z,15:16:16,2026-07-02 15:16:16,,,,,,,spotlight-prolific
256ATUE4,691626ec4628eb27b37781b0,1,ele,13,2,2,3,17, global ,7658,744612,445,131,105.95833587646484,416.54168701171875,125.95833587646484,469.5937728881836,2,4,That it is unnecessarily long,1,,,2026-07-02,2026-07-02,2026-07-02T22:16:16.654Z,15:16:16,2026-07-02 15:16:16,,,,,,,spotlight-prolific
256ATUE4,691626ec4628eb27b37781b0,1,ele,13,2,2,3,17, global ,7717,744671,452,131,105.95833587646484,416.54168701171875,125.95833587646484,469.5937728881836,2,4,That it is unnecessarily long,1,,,2026-07-02,2026-07-02,2026-07-02T22:16:16.654Z,15:16:16,2026-07-02 15:16:16,,,,,,,spotlight-prolific
256ATUE4,691626ec4628eb27b37781b0,1,ele,13,2,2,3,17, global ,7764,744718,463,131,105.95833587646484,416.54168701171875,125.95833587646484,469.5937728881836,2,4,That it is unnecessarily long,1,,,2026-07-02,2026-07-02,2026-07-02T22:16:16.654Z,15:16:16,2026-07-02 15:16:16,,,,,,,spotlight-prolific
256ATUE4,691626ec4628eb27b37781b0,1,ele,13,2,2,3,17, global ,7817,744771,468,131,105.95833587646484,416.54168701171875,125.95833587646484,469.5937728881836,2,4,That it is unnecessarily long,1,,,2026-07-02,2026-07-02,2026-07-02T22:16:16.654Z,15:16:16,2026-07-02 15:16:16,,,,,,,spotlight-prolific
256ATUE4,691626ec4628eb27b37781b0,1,ele,13,2,2,3,18, average. ,7866,744820,475,131,105.95833587646484,469.59375,125.95833587646484,544.6458358764648,2,5,That it is unnecessarily long,1,,,2026-07-02,2026-07-02,2026-07-02T22:16:16.654Z,15:16:16,2026-07-02 15:16:16,,,,,,,spotlight-prolific
256ATUE4,691626ec4628eb27b37781b0,1,ele,13,2,2,3,18, average. ,7917,744871,482,131,105.95833587646484,469.59375,125.95833587646484,544.6458358764648,2,5,That it is unnecessarily long,1,,,2026-07-02,2026-07-02,2026-07-02T22:16:16.654Z,15:16:16,2026-07-02 15:16:16,,,,,,,spotlight-prolific
256ATUE4,691626ec4628eb27b37781b0,1,ele,13,2,2,3,18, average. ,7952,744907,492,131,105.95833587646484,469.59375,125.95833587646484,544.6458358764648,2,5,That it is unnecessarily long,1,,,2026-07-02,2026-07-02,2026-07-02T22:16:16.654Z,15:16:16,2026-07-02 15:16:16,,,,,,,spotlight-prolific
256ATUE4,691626ec4628eb27b37781b0,1,ele,13,2,2,3,18, average. ,8009,744964,508,131,105.95833587646484,469.59375,125.95833587646484,544.6458358764648,2,5,That it is unnecessarily long,1,,,2026-07-02,2026-07-02,2026-07-02T22:16:16.654Z,15:16:16,2026-07-02 15:16:16,,,,,,,spotlight-prolific
256ATUE4,691626ec4628eb27b37781b0,1,ele,13,2,2,3,18, average. ,8066,745020,526,131,105.95833587646484,469.59375,125.95833587646484,544.6458358764648,2,5,That it is unnecessarily long,1,,,2026-07-02,2026-07-02,2026-07-02T22:16:16.654Z,15:16:16,2026-07-02 15:16:16,,,,,,,spotlight-prolific
256ATUE4,691626ec4628eb27b37781b0,1,ele,13,2,2,3,18, average. ,8116,745071,534,131,105.95833587646484,469.59375,125.95833587646484,544.6458358764648,2,5,That it is unnecessarily long,1,,,2026-07-02,2026-07-02,2026-07-02T22:16:16.654Z,15:16:16,2026-07-02 15:16:16,,,,,,,spotlight-prolific
256ATUE4,691626ec4628eb27b37781b0,1,ele,13,2,2,3,18, average. ,8165,745119,538,131,105.95833587646484,469.59375,125.95833587646484,544.6458358764648,2,5,That it is unnecessarily long,1,,,2026-07-02,2026-07-02,2026-07-02T22:16:16.654Z,15:16:16,2026-07-02 15:16:16,,,,,,,spotlight-prolific
256ATUE4,691626ec4628eb27b37781b0,1,ele,13,2,2,3,18, average. ,8210,745164,543,131,105.95833587646484,469.59375,125.95833587646484,544.6458358764648,2,5,That it is unnecessarily long,1,,,2026-07-02,2026-07-02,2026-07-02T22:16:16.654Z,15:16:16,2026-07-02 15:16:16,,,,,,,spotlight-prolific
256ATUE4,691626ec4628eb27b37781b0,1,ele,13,2,2,3,19, Companies ,8264,745218,550,131,105.95833587646484,544.6458740234375,125.95833587646484,640.6979598999023,2,6,That it is unnecessarily long,1,,,2026-07-02,2026-07-02,2026-07-02T22:16:16.654Z,15:16:16,2026-07-02 15:16:16,,,,,,,spotlight-prolific
256ATUE4,691626ec4628eb27b37781b0,1,ele,13,2,2,3,19, Companies ,8301,745256,552,131,105.95833587646484,544.6458740234375,125.95833587646484,640.6979598999023,2,6,That it is unnecessarily long,1,,,2026-07-02,2026-07-02,2026-07-02T22:16:16.654Z,15:16:16,2026-07-02 15:16:16,,,,,,,spotlight-prolific
256ATUE4,691626ec4628eb27b37781b0,1,ele,13,2,2,3,19, Companies ,8351,745305,562,132,105.95833587646484,544.6458740234375,125.95833587646484,640.6979598999023,2,6,That it is unnecessarily long,1,,,2026-07-02,2026-07-02,2026-07-02T22:16:16.654Z,15:16:16,2026-07-02 15:16:16,,,,,,,spotlight-prolific
256ATUE4,691626ec4628eb27b37781b0,1,ele,13,2,2,3,19, Companies ,8401,745356,571,132,105.95833587646484,544.6458740234375,125.95833587646484,640.6979598999023,2,6,That it is unnecessarily long,1,,,2026-07-02,2026-07-02,2026-07-02T22:16:16.654Z,15:16:16,2026-07-02 15:16:16,,,,,,,spotlight-prolific
256ATUE4,691626ec4628eb27b37781b0,1,ele,13,2,2,3,19, Companies ,8469,745423,582,132,105.95833587646484,544.6458740234375,125.95833587646484,640.6979598999023,2,6,That it is unnecessarily long,1,,,2026-07-02,2026-07-02,2026-07-02T22:16:16.654Z,15:16:16,2026-07-02 15:16:16,,,,,,,spotlight-prolific
256ATUE4,691626ec4628eb27b37781b0,1,ele,13,2,2,3,19, Companies ,8503,745458,588,132,105.95833587646484,544.6458740234375,125.95833587646484,640.6979598999023,2,6,That it is unnecessarily long,1,,,2026-07-02,2026-07-02,2026-07-02T22:16:16.654Z,15:16:16,2026-07-02 15:16:16,,,,,,,spotlight-prolific
256ATUE4,691626ec4628eb27b37781b0,1,ele,13,2,2,3,19, Companies ,8564,745518,592,132,105.95833587646484,544.6458740234375,125.95833587646484,640.6979598999023,2,6,That it is unnecessarily long,1,,,2026-07-02,2026-07-02,2026-07-02T22:16:16.654Z,15:16:16,2026-07-02 15:16:16,,,,,,,spotlight-prolific
256ATUE4,691626ec4628eb27b37781b0,1,ele,13,2,2,3,19, Companies ,8609,745563,594,132,105.95833587646484,544.6458740234375,125.95833587646484,640.6979598999023,2,6,That it is unnecessarily long,1,,,2026-07-02,2026-07-02,2026-07-02T22:16:16.654Z,15:16:16,2026-07-02 15:16:16,,,,,,,spotlight-prolific
256ATUE4,691626ec4628eb27b37781b0,1,ele,13,2,2,3,19, Companies ,8653,745608,595,131,105.95833587646484,544.6458740234375,125.95833587646484,640.6979598999023,2,6,That it is unnecessarily long,1,,,2026-07-02,2026-07-02,2026-07-02T22:16:16.654Z,15:16:16,2026-07-02 15:16:16,,,,,,,spotlight-prolific
256ATUE4,691626ec4628eb27b37781b0,1,ele,13,2,2,3,19, Companies ,8718,745672,603,131,105.95833587646484,544.6458740234375,125.95833587646484,640.6979598999023,2,6,That it is unnecessarily long,1,,,2026-07-02,2026-07-02,2026-07-02T22:16:16.654Z,15:16:16,2026-07-02 15:16:16,,,,,,,spotlight-prolific
256ATUE4,691626ec4628eb27b37781b0,1,ele,13,2,2,3,19, Companies ,8765,745720,618,131,105.95833587646484,544.6458740234375,125.95833587646484,640.6979598999023,2,6,That it is unnecessarily long,1,,,2026-07-02,2026-07-02,2026-07-02T22:16:16.654Z,15:16:16,2026-07-02 15:16:16,,,,,,,spotlight-prolific
256ATUE4,691626ec4628eb27b37781b0,1,ele,13,2,2,3,19, Companies ,8803,745757,622,131,105.95833587646484,544.6458740234375,125.95833587646484,640.6979598999023,2,6,That it is unnecessarily long,1,,,2026-07-02,2026-07-02,2026-07-02T22:16:16.654Z,15:16:16,2026-07-02 15:16:16,,,,,,,spotlight-prolific
256ATUE4,691626ec4628eb27b37781b0,1,ele,13,2,2,3,19, Companies ,8866,745821,630,129,105.95833587646484,544.6458740234375,125.95833587646484,640.6979598999023,2,6,That it is unnecessarily long,1,,,2026-07-02,2026-07-02,2026-07-02T22:16:16.654Z,15:16:16,2026-07-02 15:16:16,,,,,,,spotlight-prolific
256ATUE4,691626ec4628eb27b37781b0,1,ele,13,2,2,3,19, Companies ,8911,745865,634,129,105.95833587646484,544.6458740234375,125.95833587646484,640.6979598999023,2,6,That it is unnecessarily long,1,,,2026-07-02,2026-07-02,2026-07-02T22:16:16.654Z,15:16:16,2026-07-02 15:16:16,,,,,,,spotlight-prolific
256ATUE4,691626ec4628eb27b37781b0,1,ele,13,2,2,3,20, must ,8968,745922,641,128,105.95833587646484,640.6979370117188,125.95833587646484,684.7083549499512,2,7,That it is unnecessarily long,1,,,2026-07-02,2026-07-02,2026-07-02T22:16:16.654Z,15:16:16,2026-07-02 15:16:16,,,,,,,spotlight-prolific
256ATUE4,691626ec4628eb27b37781b0,1,ele,13,2,2,3,20, must ,9018,745972,649,128,105.95833587646484,640.6979370117188,125.95833587646484,684.7083549499512,2,7,That it is unnecessarily long,1,,,2026-07-02,2026-07-02,2026-07-02T22:16:16.654Z,15:16:16,2026-07-02 15:16:16,,,,,,,spotlight-prolific
256ATUE4,691626ec4628eb27b37781b0,1,ele,13,2,2,3,20, must ,9053,746008,652,128,105.95833587646484,640.6979370117188,125.95833587646484,684.7083549499512,2,7,That it is unnecessarily long,1,,,2026-07-02,2026-07-02,2026-07-02T22:16:16.654Z,15:16:16,2026-07-02 15:16:16,,,,,,,spotlight-prolific
256ATUE4,691626ec4628eb27b37781b0,1,ele,13,2,2,3,20, must ,9102,746056,658,128,105.95833587646484,640.6979370117188,125.95833587646484,684.7083549499512,2,7,That it is unnecessarily long,1,,,2026-07-02,2026-07-02,2026-07-02T22:16:16.654Z,15:16:16,2026-07-02 15:16:16,,,,,,,spotlight-prolific
256ATUE4,691626ec4628eb27b37781b0,1,ele,13,2,2,3,20, must ,9152,746106,662,128,105.95833587646484,640.6979370117188,125.95833587646484,684.7083549499512,2,7,That it is unnecessarily long,1,,,2026-07-02,2026-07-02,2026-07-02T22:16:16.654Z,15:16:16,2026-07-02 15:16:16,,,,,,,spotlight-prolific
256ATUE4,691626ec4628eb27b37781b0,1,ele,13,2,2,3,20, must ,9202,746156,665,128,105.95833587646484,640.6979370117188,125.95833587646484,684.7083549499512,2,7,That it is unnecessarily long,1,,,2026-07-02,2026-07-02,2026-07-02T22:16:16.654Z,15:16:16,2026-07-02 15:16:16,,,,,,,spotlight-prolific
256ATUE4,691626ec4628eb27b37781b0,1,ele,13,2,2,3,20, must ,9253,746208,672,128,105.95833587646484,640.6979370117188,125.95833587646484,684.7083549499512,2,7,That it is unnecessarily long,1,,,2026-07-02,2026-07-02,2026-07-02T22:16:16.654Z,15:16:16,2026-07-02 15:16:16,,,,,,,spotlight-prolific
256ATUE4,691626ec4628eb27b37781b0,1,ele,13,2,2,3,20, must ,9301,746255,680,128,105.95833587646484,640.6979370117188,125.95833587646484,684.7083549499512,2,7,That it is unnecessarily long,1,,,2026-07-02,2026-07-02,2026-07-02T22:16:16.654Z,15:16:16,2026-07-02 15:16:16,,,,,,,spotlight-prolific
256ATUE4,691626ec4628eb27b37781b0,1,ele,13,2,2,3,21, allow ,9369,746323,702,128,105.95833587646484,684.7083740234375,125.95833587646484,730.7292098999023,2,8,That it is unnecessarily long,1,,,2026-07-02,2026-07-02,2026-07-02T22:16:16.654Z,15:16:16,2026-07-02 15:16:16,,,,,,,spotlight-prolific
256ATUE4,691626ec4628eb27b37781b0,1,ele,13,2,2,3,21, allow ,9402,746356,718,128,105.95833587646484,684.7083740234375,125.95833587646484,730.7292098999023,2,8,That it is unnecessarily long,1,,,2026-07-02,2026-07-02,2026-07-02T22:16:16.654Z,15:16:16,2026-07-02 15:16:16,,,,,,,spotlight-prolific
256ATUE4,691626ec4628eb27b37781b0,1,ele,13,2,2,3,22, them ,9453,746407,733,128,105.95833587646484,730.7291870117188,125.95833587646484,775.7500228881836,2,9,That it is unnecessarily long,1,,,2026-07-02,2026-07-02,2026-07-02T22:16:16.654Z,15:16:16,2026-07-02 15:16:16,,,,,,,spotlight-prolific
256ATUE4,691626ec4628eb27b37781b0,1,ele,13,2,2,3,22, them ,9502,746456,743,128,105.95833587646484,730.7291870117188,125.95833587646484,775.7500228881836,2,9,That it is unnecessarily long,1,,,2026-07-02,2026-07-02,2026-07-02T22:16:16.654Z,15:16:16,2026-07-02 15:16:16,,,,,,,spotlight-prolific
256ATUE4,691626ec4628eb27b37781b0,1,ele,13,2,2,3,22, them ,9566,746521,751,128,105.95833587646484,730.7291870117188,125.95833587646484,775.7500228881836,2,9,That it is unnecessarily long,1,,,2026-07-02,2026-07-02,2026-07-02T22:16:16.654Z,15:16:16,2026-07-02 15:16:16,,,,,,,spotlight-prolific
256ATUE4,691626ec4628eb27b37781b0,1,ele,13,2,2,3,22, them ,9602,746556,757,128,105.95833587646484,730.7291870117188,125.95833587646484,775.7500228881836,2,9,That it is unnecessarily long,1,,,2026-07-02,2026-07-02,2026-07-02T22:16:16.654Z,15:16:16,2026-07-02 15:16:16,,,,,,,spotlight-prolific
256ATUE4,691626ec4628eb27b37781b0,1,ele,13,2,2,3,22, them ,9665,746620,770,127,105.95833587646484,730.7291870117188,125.95833587646484,775.7500228881836,2,9,That it is unnecessarily long,1,,,2026-07-02,2026-07-02,2026-07-02T22:16:16.654Z,15:16:16,2026-07-02 15:16:16,,,,,,,spotlight-prolific
256ATUE4,691626ec4628eb27b37781b0,1,ele,13,2,2,3,22, them ,9711,746665,770,127,105.95833587646484,730.7291870117188,125.95833587646484,775.7500228881836,2,9,That it is unnecessarily long,1,,,2026-07-02,2026-07-02,2026-07-02T22:16:16.654Z,15:16:16,2026-07-02 15:16:16,,,,,,,spotlight-prolific
256ATUE4,691626ec4628eb27b37781b0,1,ele,13,2,2,3,22, them ,9759,746714,770,127,105.95833587646484,730.7291870117188,125.95833587646484,775.7500228881836,2,9,That it is unnecessarily long,1,,,2026-07-02,2026-07-02,2026-07-02T22:16:16.654Z,15:16:16,2026-07-02 15:16:16,,,,,,,spotlight-prolific
256ATUE4,691626ec4628eb27b37781b0,1,ele,13,2,2,3,22, them ,9806,746760,770,127,105.95833587646484,730.7291870117188,125.95833587646484,775.7500228881836,2,9,That it is unnecessarily long,1,,,2026-07-02,2026-07-02,2026-07-02T22:16:16.654Z,15:16:16,2026-07-02 15:16:16,,,,,,,spotlight-prolific
256ATUE4,691626ec4628eb27b37781b0,1,ele,13,2,2,3,22, them ,9853,746807,770,127,105.95833587646484,730.7291870117188,125.95833587646484,775.7500228881836,2,9,That it is unnecessarily long,1,,,2026-07-02,2026-07-02,2026-07-02T22:16:16.654Z,15:16:16,2026-07-02 15:16:16,,,,,,,spotlight-prolific
256ATUE4,691626ec4628eb27b37781b0,1,ele,13,2,2,3,22, them ,9916,746871,770,127,105.95833587646484,730.7291870117188,125.95833587646484,775.7500228881836,2,9,That it is unnecessarily long,1,,,2026-07-02,2026-07-02,2026-07-02T22:16:16.654Z,15:16:16,2026-07-02 15:16:16,,,,,,,spotlight-prolific
256ATUE4,691626ec4628eb27b37781b0,1,ele,13,2,2,3,22, them ,9962,746916,771,127,105.95833587646484,730.7291870117188,125.95833587646484,775.7500228881836,2,9,That it is unnecessarily long,1,,,2026-07-02,2026-07-02,2026-07-02T22:16:16.654Z,15:16:16,2026-07-02 15:16:16,,,,,,,spotlight-prolific
256ATUE4,691626ec4628eb27b37781b0,1,ele,13,2,2,3,23, a ,10004,746958,778,127,105.95833587646484,775.75,125.95833587646484,790.7708339691162,2,10,That it is unnecessarily long,1,,,2026-07-02,2026-07-02,2026-07-02T22:16:16.654Z,15:16:16,2026-07-02 15:16:16,,,,,,,spotlight-prolific
256ATUE4,691626ec4628eb27b37781b0,1,ele,13,2,2,3,24, minimum ,10053,747008,796,127,105.95833587646484,790.7708740234375,125.95833587646484,868.7812957763672,2,11,That it is unnecessarily long,1,,,2026-07-02,2026-07-02,2026-07-02T22:16:16.654Z,15:16:16,2026-07-02 15:16:16,,,,,,,spotlight-prolific
256ATUE4,691626ec4628eb27b37781b0,1,ele,13,2,2,3,24, minimum ,10105,747059,822,127,105.95833587646484,790.7708740234375,125.95833587646484,868.7812957763672,2,11,That it is unnecessarily long,1,,,2026-07-02,2026-07-02,2026-07-02T22:16:16.654Z,15:16:16,2026-07-02 15:16:16,,,,,,,spotlight-prolific
256ATUE4,691626ec4628eb27b37781b0,1,ele,13,2,2,3,24, minimum ,10153,747107,840,127,105.95833587646484,790.7708740234375,125.95833587646484,868.7812957763672,2,11,That it is unnecessarily long,1,,,2026-07-02,2026-07-02,2026-07-02T22:16:16.654Z,15:16:16,2026-07-02 15:16:16,,,,,,,spotlight-prolific
256ATUE4,691626ec4628eb27b37781b0,1,ele,13,2,2,3,25, of ,10202,747156,870,125,105.95833587646484,868.78125,125.95833587646484,888.8020839691162,2,12,That it is unnecessarily long,1,,,2026-07-02,2026-07-02,2026-07-02T22:16:16.654Z,15:16:16,2026-07-02 15:16:16,,,,,,,spotlight-prolific
256ATUE4,691626ec4628eb27b37781b0,1,ele,13,2,2,3,26, ten ,10253,747208,889,124,105.95833587646484,888.8021240234375,125.95833587646484,918.8333740234375,2,13,That it is unnecessarily long,1,,,2026-07-02,2026-07-02,2026-07-02T22:16:16.654Z,15:16:16,2026-07-02 15:16:16,,,,,,,spotlight-prolific
256ATUE4,691626ec4628eb27b37781b0,1,ele,13,2,2,3,26, ten ,10316,747271,899,123,105.95833587646484,888.8021240234375,125.95833587646484,918.8333740234375,2,13,That it is unnecessarily long,1,,,2026-07-02,2026-07-02,2026-07-02T22:16:16.654Z,15:16:16,2026-07-02 15:16:16,,,,,,,spotlight-prolific
256ATUE4,691626ec4628eb27b37781b0,1,ele,13,2,2,3,26, ten ,10353,747307,901,123,105.95833587646484,888.8021240234375,125.95833587646484,918.8333740234375,2,13,That it is unnecessarily long,1,,,2026-07-02,2026-07-02,2026-07-02T22:16:16.654Z,15:16:16,2026-07-02 15:16:16,,,,,,,spotlight-prolific
256ATUE4,691626ec4628eb27b37781b0,1,ele,13,2,2,3,26, ten ,10410,747365,909,125,105.95833587646484,888.8021240234375,125.95833587646484,918.8333740234375,2,13,That it is unnecessarily long,1,,,2026-07-02,2026-07-02,2026-07-02T22:16:16.654Z,15:16:16,2026-07-02 15:16:16,,,,,,,spotlight-prolific
256ATUE4,691626ec4628eb27b37781b0,1,ele,13,2,2,3,26, ten ,10452,747406,912,127,105.95833587646484,888.8021240234375,125.95833587646484,918.8333740234375,2,13,That it is unnecessarily long,1,,,2026-07-02,2026-07-02,2026-07-02T22:16:16.654Z,15:16:16,2026-07-02 15:16:16,,,,,,,spotlight-prolific
256ATUE4,691626ec4628eb27b37781b0,1,ele,13,2,2,3,26, ten ,10502,747457,914,132,105.95833587646484,888.8021240234375,125.95833587646484,918.8333740234375,2,13,That it is unnecessarily long,1,,,2026-07-02,2026-07-02,2026-07-02T22:16:16.654Z,15:16:16,2026-07-02 15:16:16,,,,,,,spotlight-prolific
256ATUE4,691626ec4628eb27b37781b0,1,ele,13,2,2,3,39, take ,10553,747507,908,142,145.95834350585938,875.53125,165.95834350585938,914.5625,3,12,That it is unnecessarily long,1,,,2026-07-02,2026-07-02,2026-07-02T22:16:16.654Z,15:16:16,2026-07-02 15:16:16,,,,,,,spotlight-prolific
256ATUE4,691626ec4628eb27b37781b0,1,ele,13,2,2,3,39, take ,10602,747556,876,152,145.95834350585938,875.53125,165.95834350585938,914.5625,3,12,That it is unnecessarily long,1,,,2026-07-02,2026-07-02,2026-07-02T22:16:16.654Z,15:16:16,2026-07-02 15:16:16,,,,,,,spotlight-prolific
256ATUE4,691626ec4628eb27b37781b0,1,ele,13,2,2,3,38, employees ,10654,747608,838,161,145.95834350585938,783.4791870117188,165.95834350585938,875.5312728881836,3,11,That it is unnecessarily long,1,,,2026-07-02,2026-07-02,2026-07-02T22:16:16.654Z,15:16:16,2026-07-02 15:16:16,,,,,,,spotlight-prolific
256ATUE4,691626ec4628eb27b37781b0,1,ele,13,2,2,3,36, very ,10704,747658,737,164,145.95834350585938,711.4479370117188,165.95834350585938,750.4583549499512,3,9,That it is unnecessarily long,1,,,2026-07-02,2026-07-02,2026-07-02T22:16:16.654Z,15:16:16,2026-07-02 15:16:16,,,,,,,spotlight-prolific
256ATUE4,691626ec4628eb27b37781b0,1,ele,13,2,2,3,34, holidays. ,10754,747708,630,169,145.95834350585938,603.375,165.95834350585938,679.4270858764648,3,7,That it is unnecessarily long,1,,,2026-07-02,2026-07-02,2026-07-02T22:16:16.654Z,15:16:16,2026-07-02 15:16:16,,,,,,,spotlight-prolific
256ATUE4,691626ec4628eb27b37781b0,1,ele,13,2,2,3,46, days ,10802,747756,538,177,185.95834350585938,505.59375,205.95834350585938,548.625,4,6,That it is unnecessarily long,1,,,2026-07-02,2026-07-02,2026-07-02T22:16:16.654Z,15:16:16,2026-07-02 15:16:16,,,,,,,spotlight-prolific
256ATUE4,691626ec4628eb27b37781b0,1,ele,13,2,2,3,45, nine ,10856,747809,478,189,185.95834350585938,466.5520935058594,205.95834350585938,505.5937614440918,4,5,That it is unnecessarily long,1,,,2026-07-02,2026-07-02,2026-07-02T22:16:16.654Z,15:16:16,2026-07-02 15:16:16,,,,,,,spotlight-prolific
256ATUE4,691626ec4628eb27b37781b0,1,ele,13,2,2,3,44, only ,10902,747856,430,198,185.95834350585938,428.5208435058594,205.95834350585938,466.5520935058594,4,4,That it is unnecessarily long,1,,,2026-07-02,2026-07-02,2026-07-02T22:16:16.654Z,15:16:16,2026-07-02 15:16:16,,,,,,,spotlight-prolific
256ATUE4,691626ec4628eb27b37781b0,1,ele,13,2,2,3,42, Most ,10954,747908,360,204,185.95834350585938,345.47918701171875,205.95834350585938,389.4896049499512,4,2,That it is unnecessarily long,1,,,2026-07-02,2026-07-02,2026-07-02T22:16:16.654Z,15:16:16,2026-07-02 15:16:16,,,,,,,spotlight-prolific
256ATUE4,691626ec4628eb27b37781b0,1,ele,13,2,2,3,41, days. ,11002,747956,328,209,185.95834350585938,297.44793701171875,205.95834350585938,345.47918701171875,4,1,That it is unnecessarily long,1,,,2026-07-02,2026-07-02,2026-07-02T22:16:16.654Z,15:16:16,2026-07-02 15:16:16,,,,,,,spotlight-prolific
256ATUE4,691626ec4628eb27b37781b0,1,ele,13,2,2,3,-1,999,11050,748005,289,207,,,,,,,That it is unnecessarily long,1,,,2026-07-02,2026-07-02,2026-07-02T22:16:16.654Z,15:16:16,2026-07-02 15:16:16,,,,,,,spotlight-prolific
256ATUE4,691626ec4628eb27b37781b0,1,ele,13,2,2,3,-1,999,11109,748063,286,207,,,,,,,That it is unnecessarily long,1,,,2026-07-02,2026-07-02,2026-07-02T22:16:16.654Z,15:16:16,2026-07-02 15:16:16,,,,,,,spotlight-prolific
256ATUE4,691626ec4628eb27b37781b0,1,ele,13,2,2,3,-1,999,11150,748104,284,207,,,,,,,That it is unnecessarily long,1,,,2026-07-02,2026-07-02,2026-07-02T22:16:16.654Z,15:16:16,2026-07-02 15:16:16,,,,,,,spotlight-prolific
256ATUE4,691626ec4628eb27b37781b0,1,ele,13,2,2,3,-1,999,11201,748155,284,198,,,,,,,That it is unnecessarily long,1,,,2026-07-02,2026-07-02,2026-07-02T22:16:16.654Z,15:16:16,2026-07-02 15:16:16,,,,,,,spotlight-prolific
256ATUE4,691626ec4628eb27b37781b0,1,ele,13,2,2,3,41, days. ,11254,748208,296,185,185.95834350585938,297.44793701171875,205.95834350585938,345.47918701171875,4,1,That it is unnecessarily long,1,,,2026-07-02,2026-07-02,2026-07-02T22:16:16.654Z,15:16:16,2026-07-02 15:16:16,,,,,,,spotlight-prolific
256ATUE4,691626ec4628eb27b37781b0,1,ele,13,2,2,3,41, days. ,11302,748256,306,178,185.95834350585938,297.44793701171875,205.95834350585938,345.47918701171875,4,1,That it is unnecessarily long,1,,,2026-07-02,2026-07-02,2026-07-02T22:16:16.654Z,15:16:16,2026-07-02 15:16:16,,,,,,,spotlight-prolific
256ATUE4,691626ec4628eb27b37781b0,1,ele,13,2,2,3,28, paid ,11354,748308,311,172,145.95834350585938,297.44793701171875,165.95834350585938,336.4896049499512,3,1,That it is unnecessarily long,1,,,2026-07-02,2026-07-02,2026-07-02T22:16:16.654Z,15:16:16,2026-07-02 15:16:16,,,,,,,spotlight-prolific
256ATUE4,691626ec4628eb27b37781b0,1,ele,13,2,2,3,28, paid ,11401,748356,314,166,145.95834350585938,297.44793701171875,165.95834350585938,336.4896049499512,3,1,That it is unnecessarily long,1,,,2026-07-02,2026-07-02,2026-07-02T22:16:16.654Z,15:16:16,2026-07-02 15:16:16,,,,,,,spotlight-prolific
256ATUE4,691626ec4628eb27b37781b0,1,ele,13,2,2,3,28, paid ,11451,748405,314,163,145.95834350585938,297.44793701171875,165.95834350585938,336.4896049499512,3,1,That it is unnecessarily long,1,,,2026-07-02,2026-07-02,2026-07-02T22:16:16.654Z,15:16:16,2026-07-02 15:16:16,,,,,,,spotlight-prolific
256ATUE4,691626ec4628eb27b37781b0,1,ele,13,2,2,3,28, paid ,11511,748466,315,163,145.95834350585938,297.44793701171875,165.95834350585938,336.4896049499512,3,1,That it is unnecessarily long,1,,,2026-07-02,2026-07-02,2026-07-02T22:16:16.654Z,15:16:16,2026-07-02 15:16:16,,,,,,,spotlight-prolific
256ATUE4,691626ec4628eb27b37781b0,1,ele,13,2,2,3,28, paid ,11560,748515,315,163,145.95834350585938,297.44793701171875,165.95834350585938,336.4896049499512,3,1,That it is unnecessarily long,1,,,2026-07-02,2026-07-02,2026-07-02T22:16:16.654Z,15:16:16,2026-07-02 15:16:16,,,,,,,spotlight-prolific
256ATUE4,691626ec4628eb27b37781b0,1,ele,13,2,2,3,28, paid ,11607,748562,315,163,145.95834350585938,297.44793701171875,165.95834350585938,336.4896049499512,3,1,That it is unnecessarily long,1,,,2026-07-02,2026-07-02,2026-07-02T22:16:16.654Z,15:16:16,2026-07-02 15:16:16,,,,,,,spotlight-prolific
256ATUE4,691626ec4628eb27b37781b0,1,ele,13,2,2,3,28, paid ,11654,748608,315,163,145.95834350585938,297.44793701171875,165.95834350585938,336.4896049499512,3,1,That it is unnecessarily long,1,,,2026-07-02,2026-07-02,2026-07-02T22:16:16.654Z,15:16:16,2026-07-02 15:16:16,,,,,,,spotlight-prolific
256ATUE4,691626ec4628eb27b37781b0,1,ele,13,2,2,3,28, paid ,11716,748671,315,163,145.95834350585938,297.44793701171875,165.95834350585938,336.4896049499512,3,1,That it is unnecessarily long,1,,,2026-07-02,2026-07-02,2026-07-02T22:16:16.654Z,15:16:16,2026-07-02 15:16:16,,,,,,,spotlight-prolific
256ATUE4,691626ec4628eb27b37781b0,1,ele,13,2,2,3,28, paid ,11763,748718,315,163,145.95834350585938,297.44793701171875,165.95834350585938,336.4896049499512,3,1,That it is unnecessarily long,1,,,2026-07-02,2026-07-02,2026-07-02T22:16:16.654Z,15:16:16,2026-07-02 15:16:16,,,,,,,spotlight-prolific
256ATUE4,691626ec4628eb27b37781b0,1,ele,13,2,2,3,28, paid ,11810,748765,315,163,145.95834350585938,297.44793701171875,165.95834350585938,336.4896049499512,3,1,That it is unnecessarily long,1,,,2026-07-02,2026-07-02,2026-07-02T22:16:16.654Z,15:16:16,2026-07-02 15:16:16,,,,,,,spotlight-prolific
256ATUE4,691626ec4628eb27b37781b0,1,ele,13,2,2,3,28, paid ,11857,748811,315,163,145.95834350585938,297.44793701171875,165.95834350585938,336.4896049499512,3,1,That it is unnecessarily long,1,,,2026-07-02,2026-07-02,2026-07-02T22:16:16.654Z,15:16:16,2026-07-02 15:16:16,,,,,,,spotlight-prolific
256ATUE4,691626ec4628eb27b37781b0,1,ele,13,2,2,3,28, paid ,11904,748858,315,163,145.95834350585938,297.44793701171875,165.95834350585938,336.4896049499512,3,1,That it is unnecessarily long,1,,,2026-07-02,2026-07-02,2026-07-02T22:16:16.654Z,15:16:16,2026-07-02 15:16:16,,,,,,,spotlight-prolific
256ATUE4,691626ec4628eb27b37781b0,1,ele,13,2,2,3,28, paid ,11967,748921,315,163,145.95834350585938,297.44793701171875,165.95834350585938,336.4896049499512,3,1,That it is unnecessarily long,1,,,2026-07-02,2026-07-02,2026-07-02T22:16:16.654Z,15:16:16,2026-07-02 15:16:16,,,,,,,spotlight-prolific
256ATUE4,691626ec4628eb27b37781b0,1,ele,13,2,2,3,28, paid ,12013,748968,315,163,145.95834350585938,297.44793701171875,165.95834350585938,336.4896049499512,3,1,That it is unnecessarily long,1,,,2026-07-02,2026-07-02,2026-07-02T22:16:16.654Z,15:16:16,2026-07-02 15:16:16,,,,,,,spotlight-prolific
256ATUE4,691626ec4628eb27b37781b0,1,ele,13,2,2,3,28, paid ,12060,749015,315,163,145.95834350585938,297.44793701171875,165.95834350585938,336.4896049499512,3,1,That it is unnecessarily long,1,,,2026-07-02,2026-07-02,2026-07-02T22:16:16.654Z,15:16:16,2026-07-02 15:16:16,,,,,,,spotlight-prolific
256ATUE4,691626ec4628eb27b37781b0,1,ele,13,2,2,3,28, paid ,12107,749061,315,163,145.95834350585938,297.44793701171875,165.95834350585938,336.4896049499512,3,1,That it is unnecessarily long,1,,,2026-07-02,2026-07-02,2026-07-02T22:16:16.654Z,15:16:16,2026-07-02 15:16:16,,,,,,,spotlight-prolific
256ATUE4,691626ec4628eb27b37781b0,1,ele,13,2,2,3,28, paid ,12154,749108,315,163,145.95834350585938,297.44793701171875,165.95834350585938,336.4896049499512,3,1,That it is unnecessarily long,1,,,2026-07-02,2026-07-02,2026-07-02T22:16:16.654Z,15:16:16,2026-07-02 15:16:16,,,,,,,spotlight-prolific
256ATUE4,691626ec4628eb27b37781b0,1,ele,13,2,2,3,28, paid ,12205,749159,314,162,145.95834350585938,297.44793701171875,165.95834350585938,336.4896049499512,3,1,That it is unnecessarily long,1,,,2026-07-02,2026-07-02,2026-07-02T22:16:16.654Z,15:16:16,2026-07-02 15:16:16,,,,,,,spotlight-prolific
256ATUE4,691626ec4628eb27b37781b0,1,ele,13,2,2,3,28, paid ,12263,749217,313,162,145.95834350585938,297.44793701171875,165.95834350585938,336.4896049499512,3,1,That it is unnecessarily long,1,,,2026-07-02,2026-07-02,2026-07-02T22:16:16.654Z,15:16:16,2026-07-02 15:16:16,,,,,,,spotlight-prolific
256ATUE4,691626ec4628eb27b37781b0,1,ele,13,2,2,3,28, paid ,12331,749284,312,162,145.95834350585938,297.44793701171875,165.95834350585938,336.4896049499512,3,1,That it is unnecessarily long,1,,,2026-07-02,2026-07-02,2026-07-02T22:16:16.654Z,15:16:16,2026-07-02 15:16:16,,,,,,,spotlight-prolific
256ATUE4,691626ec4628eb27b37781b0,1,ele,13,2,2,3,28, paid ,12362,749316,312,162,145.95834350585938,297.44793701171875,165.95834350585938,336.4896049499512,3,1,That it is unnecessarily long,1,,,2026-07-02,2026-07-02,2026-07-02T22:16:16.654Z,15:16:16,2026-07-02 15:16:16,,,,,,,spotlight-prolific
256ATUE4,691626ec4628eb27b37781b0,1,ele,13,2,2,3,28, paid ,12409,749362,312,162,145.95834350585938,297.44793701171875,165.95834350585938,336.4896049499512,3,1,That it is unnecessarily long,1,,,2026-07-02,2026-07-02,2026-07-02T22:16:16.654Z,15:16:16,2026-07-02 15:16:16,,,,,,,spotlight-prolific
256ATUE4,691626ec4628eb27b37781b0,1,ele,13,2,2,3,28, paid ,12456,749410,312,162,145.95834350585938,297.44793701171875,165.95834350585938,336.4896049499512,3,1,That it is unnecessarily long,1,,,2026-07-02,2026-07-02,2026-07-02T22:16:16.654Z,15:16:16,2026-07-02 15:16:16,,,,,,,spotlight-prolific
256ATUE4,691626ec4628eb27b37781b0,1,ele,13,2,2,3,28, paid ,12511,749464,312,161,145.95834350585938,297.44793701171875,165.95834350585938,336.4896049499512,3,1,That it is unnecessarily long,1,,,2026-07-02,2026-07-02,2026-07-02T22:16:16.654Z,15:16:16,2026-07-02 15:16:16,,,,,,,spotlight-prolific
256ATUE4,691626ec4628eb27b37781b0,1,ele,13,2,2,3,14, fewer ,12557,749511,302,127,105.95833587646484,297.44793701171875,125.95833587646484,346.4687728881836,2,1,That it is unnecessarily long,1,,,2026-07-02,2026-07-02,2026-07-02T22:16:16.654Z,15:16:16,2026-07-02 15:16:16,,,,,,,spotlight-prolific
256ATUE4,691626ec4628eb27b37781b0,1,ele,13,2,2,3,14, fewer ,12606,749560,295,103,105.95833587646484,297.44793701171875,125.95833587646484,346.4687728881836,2,1,That it is unnecessarily long,1,,,2026-07-02,2026-07-02,2026-07-02T22:16:16.654Z,15:16:16,2026-07-02 15:16:16,,,,,,,spotlight-prolific
256ATUE4,691626ec4628eb27b37781b0,1,ele,13,2,2,3,14, fewer ,12663,749617,294,99,105.95833587646484,297.44793701171875,125.95833587646484,346.4687728881836,2,1,That it is unnecessarily long,1,,,2026-07-02,2026-07-02,2026-07-02T22:16:16.654Z,15:16:16,2026-07-02 15:16:16,,,,,,,spotlight-prolific
256ATUE4,691626ec4628eb27b37781b0,1,ele,13,2,2,3,14, fewer ,12713,749667,294,99,105.95833587646484,297.44793701171875,125.95833587646484,346.4687728881836,2,1,That it is unnecessarily long,1,,,2026-07-02,2026-07-02,2026-07-02T22:16:16.654Z,15:16:16,2026-07-02 15:16:16,,,,,,,spotlight-prolific
256ATUE4,691626ec4628eb27b37781b0,1,ele,13,2,2,3,14, fewer ,12760,749713,294,99,105.95833587646484,297.44793701171875,125.95833587646484,346.4687728881836,2,1,That it is unnecessarily long,1,,,2026-07-02,2026-07-02,2026-07-02T22:16:16.654Z,15:16:16,2026-07-02 15:16:16,,,,,,,spotlight-prolific
256ATUE4,691626ec4628eb27b37781b0,1,ele,13,2,2,3,14, fewer ,12807,749760,294,99,105.95833587646484,297.44793701171875,125.95833587646484,346.4687728881836,2,1,That it is unnecessarily long,1,,,2026-07-02,2026-07-02,2026-07-02T22:16:16.654Z,15:16:16,2026-07-02 15:16:16,,,,,,,spotlight-prolific
256ATUE4,691626ec4628eb27b37781b0,1,ele,13,2,2,3,14, fewer ,12853,749807,294,99,105.95833587646484,297.44793701171875,125.95833587646484,346.4687728881836,2,1,That it is unnecessarily long,1,,,2026-07-02,2026-07-02,2026-07-02T22:16:16.654Z,15:16:16,2026-07-02 15:16:16,,,,,,,spotlight-prolific
256ATUE4,691626ec4628eb27b37781b0,1,ele,13,2,2,3,14, fewer ,12916,749869,294,99,105.95833587646484,297.44793701171875,125.95833587646484,346.4687728881836,2,1,That it is unnecessarily long,1,,,2026-07-02,2026-07-02,2026-07-02T22:16:16.654Z,15:16:16,2026-07-02 15:16:16,,,,,,,spotlight-prolific
256ATUE4,691626ec4628eb27b37781b0,1,ele,13,2,2,3,14, fewer ,12963,749917,294,99,105.95833587646484,297.44793701171875,125.95833587646484,346.4687728881836,2,1,That it is unnecessarily long,1,,,2026-07-02,2026-07-02,2026-07-02T22:16:16.654Z,15:16:16,2026-07-02 15:16:16,,,,,,,spotlight-prolific
256ATUE4,691626ec4628eb27b37781b0,1,ele,13,2,2,3,14, fewer ,13010,749963,294,99,105.95833587646484,297.44793701171875,125.95833587646484,346.4687728881836,2,1,That it is unnecessarily long,1,,,2026-07-02,2026-07-02,2026-07-02T22:16:16.654Z,15:16:16,2026-07-02 15:16:16,,,,,,,spotlight-prolific
256ATUE4,691626ec4628eb27b37781b0,1,ele,13,2,2,3,14, fewer ,13056,750009,294,99,105.95833587646484,297.44793701171875,125.95833587646484,346.4687728881836,2,1,That it is unnecessarily long,1,,,2026-07-02,2026-07-02,2026-07-02T22:16:16.654Z,15:16:16,2026-07-02 15:16:16,,,,,,,spotlight-prolific
256ATUE4,691626ec4628eb27b37781b0,1,ele,13,2,2,3,14, fewer ,13108,750062,306,99,105.95833587646484,297.44793701171875,125.95833587646484,346.4687728881836,2,1,That it is unnecessarily long,1,,,2026-07-02,2026-07-02,2026-07-02T22:16:16.654Z,15:16:16,2026-07-02 15:16:16,,,,,,,spotlight-prolific
256ATUE4,691626ec4628eb27b37781b0,1,ele,13,2,2,3,14, fewer ,13157,750110,316,98,105.95833587646484,297.44793701171875,125.95833587646484,346.4687728881836,2,1,That it is unnecessarily long,1,,,2026-07-02,2026-07-02,2026-07-02T22:16:16.654Z,15:16:16,2026-07-02 15:16:16,,,,,,,spotlight-prolific
256ATUE4,691626ec4628eb27b37781b0,1,ele,13,2,2,3,14, fewer ,13207,750161,336,97,105.95833587646484,297.44793701171875,125.95833587646484,346.4687728881836,2,1,That it is unnecessarily long,1,,,2026-07-02,2026-07-02,2026-07-02T22:16:16.654Z,15:16:16,2026-07-02 15:16:16,,,,,,,spotlight-prolific
256ATUE4,691626ec4628eb27b37781b0,1,ele,13,2,2,3,15, than ,13257,750210,361,97,105.95833587646484,346.46875,125.95833587646484,386.5104179382324,2,2,That it is unnecessarily long,1,,,2026-07-02,2026-07-02,2026-07-02T22:16:16.654Z,15:16:16,2026-07-02 15:16:16,,,,,,,spotlight-prolific
256ATUE4,691626ec4628eb27b37781b0,1,ele,13,2,2,3,15, than ,13301,750255,366,97,105.95833587646484,346.46875,125.95833587646484,386.5104179382324,2,2,That it is unnecessarily long,1,,,2026-07-02,2026-07-02,2026-07-02T22:16:16.654Z,15:16:16,2026-07-02 15:16:16,,,,,,,spotlight-prolific
256ATUE4,691626ec4628eb27b37781b0,1,ele,13,2,2,3,15, than ,13363,750317,366,96,105.95833587646484,346.46875,125.95833587646484,386.5104179382324,2,2,That it is unnecessarily long,1,,,2026-07-02,2026-07-02,2026-07-02T22:16:16.654Z,15:16:16,2026-07-02 15:16:16,,,,,,,spotlight-prolific
256ATUE4,691626ec4628eb27b37781b0,1,ele,13,2,2,3,15, than ,13410,750364,366,96,105.95833587646484,346.46875,125.95833587646484,386.5104179382324,2,2,That it is unnecessarily long,1,,,2026-07-02,2026-07-02,2026-07-02T22:16:16.654Z,15:16:16,2026-07-02 15:16:16,,,,,,,spotlight-prolific
256ATUE4,691626ec4628eb27b37781b0,1,ele,13,2,2,3,15, than ,13458,750411,366,96,105.95833587646484,346.46875,125.95833587646484,386.5104179382324,2,2,That it is unnecessarily long,1,,,2026-07-02,2026-07-02,2026-07-02T22:16:16.654Z,15:16:16,2026-07-02 15:16:16,,,,,,,spotlight-prolific
256ATUE4,691626ec4628eb27b37781b0,1,ele,13,2,2,3,1, Japanese ,13521,750474,366,95,65.95833587646484,297.44793701171875,85.95833587646484,380.52085876464844,1,1,That it is unnecessarily long,1,,,2026-07-02,2026-07-02,2026-07-02T22:16:16.654Z,15:16:16,2026-07-02 15:16:16,,,,,,,spotlight-prolific
256ATUE4,691626ec4628eb27b37781b0,1,ele,13,2,2,3,1, Japanese ,13553,750506,346,60,65.95833587646484,297.44793701171875,85.95833587646484,380.52085876464844,1,1,That it is unnecessarily long,1,,,2026-07-02,2026-07-02,2026-07-02T22:16:16.654Z,15:16:16,2026-07-02 15:16:16,,,,,,,spotlight-prolific
256ATUE4,691626ec4628eb27b37781b0,1,ele,13,2,2,3,-1,999,13604,750558,334,41,,,,,,,That it is unnecessarily long,1,,,2026-07-02,2026-07-02,2026-07-02T22:16:16.654Z,15:16:16,2026-07-02 15:16:16,,,,,,,spotlight-prolific
256ATUE4,691626ec4628eb27b37781b0,1,ele,13,2,2,3,-1,999,13651,750605,331,41,,,,,,,That it is unnecessarily long,1,,,2026-07-02,2026-07-02,2026-07-02T22:16:16.654Z,15:16:16,2026-07-02 15:16:16,,,,,,,spotlight-prolific
256ATUE4,691626ec4628eb27b37781b0,1,ele,13,2,2,3,-1,999,13701,750654,330,39,,,,,,,That it is unnecessarily long,1,,,2026-07-02,2026-07-02,2026-07-02T22:16:16.654Z,15:16:16,2026-07-02 15:16:16,,,,,,,spotlight-prolific
256ATUE4,691626ec4628eb27b37781b0,1,ele,13,2,2,3,-1,999,13763,750716,330,39,,,,,,,That it is unnecessarily long,1,,,2026-07-02,2026-07-02,2026-07-02T22:16:16.654Z,15:16:16,2026-07-02 15:16:16,,,,,,,spotlight-prolific
256ATUE4,691626ec4628eb27b37781b0,1,ele,13,2,2,3,-1,999,13810,750763,330,39,,,,,,,That it is unnecessarily long,1,,,2026-07-02,2026-07-02,2026-07-02T22:16:16.654Z,15:16:16,2026-07-02 15:16:16,,,,,,,spotlight-prolific
256ATUE4,691626ec4628eb27b37781b0,1,ele,13,2,2,3,-1,999,13851,750804,329,39,,,,,,,That it is unnecessarily long,1,,,2026-07-02,2026-07-02,2026-07-02T22:16:16.654Z,15:16:16,2026-07-02 15:16:16,,,,,,,spotlight-prolific
256ATUE4,691626ec4628eb27b37781b0,1,ele,13,2,2,3,-1,999,13904,750857,317,53,,,,,,,That it is unnecessarily long,1,,,2026-07-02,2026-07-02,2026-07-02T22:16:16.654Z,15:16:16,2026-07-02 15:16:16,,,,,,,spotlight-prolific
256ATUE4,691626ec4628eb27b37781b0,1,ele,13,2,2,3,1, Japanese ,13953,750906,310,65,65.95833587646484,297.44793701171875,85.95833587646484,380.52085876464844,1,1,That it is unnecessarily long,1,,,2026-07-02,2026-07-02,2026-07-02T22:16:16.654Z,15:16:16,2026-07-02 15:16:16,,,,,,,spotlight-prolific
256ATUE4,691626ec4628eb27b37781b0,1,ele,13,2,2,3,1, Japanese ,14003,750957,310,69,65.95833587646484,297.44793701171875,85.95833587646484,380.52085876464844,1,1,That it is unnecessarily long,1,,,2026-07-02,2026-07-02,2026-07-02T22:16:16.654Z,15:16:16,2026-07-02 15:16:16,,,,,,,spotlight-prolific
256ATUE4,691626ec4628eb27b37781b0,1,ele,13,2,2,3,1, Japanese ,14057,751010,332,76,65.95833587646484,297.44793701171875,85.95833587646484,380.52085876464844,1,1,That it is unnecessarily long,1,,,2026-07-02,2026-07-02,2026-07-02T22:16:16.654Z,15:16:16,2026-07-02 15:16:16,,,,,,,spotlight-prolific
256ATUE4,691626ec4628eb27b37781b0,1,ele,13,2,2,3,1, Japanese ,14108,751061,377,77,65.95833587646484,297.44793701171875,85.95833587646484,380.52085876464844,1,1,That it is unnecessarily long,1,,,2026-07-02,2026-07-02,2026-07-02T22:16:16.654Z,15:16:16,2026-07-02 15:16:16,,,,,,,spotlight-prolific
256ATUE4,691626ec4628eb27b37781b0,1,ele,13,2,2,3,2, employees ,14155,751109,440,75,65.95833587646484,380.5208435058594,85.95833587646484,472.5729293823242,1,2,That it is unnecessarily long,1,,,2026-07-02,2026-07-02,2026-07-02T22:16:16.654Z,15:16:16,2026-07-02 15:16:16,,,,,,,spotlight-prolific
256ATUE4,691626ec4628eb27b37781b0,1,ele,13,2,2,3,2, employees ,14208,751161,444,75,65.95833587646484,380.5208435058594,85.95833587646484,472.5729293823242,1,2,That it is unnecessarily long,1,,,2026-07-02,2026-07-02,2026-07-02T22:16:16.654Z,15:16:16,2026-07-02 15:16:16,,,,,,,spotlight-prolific
256ATUE4,691626ec4628eb27b37781b0,1,ele,13,2,2,3,2, employees ,14258,751212,464,71,65.95833587646484,380.5208435058594,85.95833587646484,472.5729293823242,1,2,That it is unnecessarily long,1,,,2026-07-02,2026-07-02,2026-07-02T22:16:16.654Z,15:16:16,2026-07-02 15:16:16,,,,,,,spotlight-prolific
256ATUE4,691626ec4628eb27b37781b0,1,ele,13,2,2,3,2, employees ,14316,751269,470,70,65.95833587646484,380.5208435058594,85.95833587646484,472.5729293823242,1,2,That it is unnecessarily long,1,,,2026-07-02,2026-07-02,2026-07-02T22:16:16.654Z,15:16:16,2026-07-02 15:16:16,,,,,,,spotlight-prolific
256ATUE4,691626ec4628eb27b37781b0,1,ele,13,2,2,3,2, employees ,14366,751319,470,70,65.95833587646484,380.5208435058594,85.95833587646484,472.5729293823242,1,2,That it is unnecessarily long,1,,,2026-07-02,2026-07-02,2026-07-02T22:16:16.654Z,15:16:16,2026-07-02 15:16:16,,,,,,,spotlight-prolific
256ATUE4,691626ec4628eb27b37781b0,1,ele,13,2,2,3,2, employees ,14412,751366,470,70,65.95833587646484,380.5208435058594,85.95833587646484,472.5729293823242,1,2,That it is unnecessarily long,1,,,2026-07-02,2026-07-02,2026-07-02T22:16:16.654Z,15:16:16,2026-07-02 15:16:16,,,,,,,spotlight-prolific
256ATUE4,691626ec4628eb27b37781b0,1,ele,13,2,2,3,2, employees ,14460,751413,470,70,65.95833587646484,380.5208435058594,85.95833587646484,472.5729293823242,1,2,That it is unnecessarily long,1,,,2026-07-02,2026-07-02,2026-07-02T22:16:16.654Z,15:16:16,2026-07-02 15:16:16,,,,,,,spotlight-prolific
256ATUE4,691626ec4628eb27b37781b0,1,ele,13,2,2,3,2, employees ,14511,751464,471,70,65.95833587646484,380.5208435058594,85.95833587646484,472.5729293823242,1,2,That it is unnecessarily long,1,,,2026-07-02,2026-07-02,2026-07-02T22:16:16.654Z,15:16:16,2026-07-02 15:16:16,,,,,,,spotlight-prolific
256ATUE4,691626ec4628eb27b37781b0,1,ele,13,2,2,3,3, are ,14559,751513,485,73,65.95833587646484,472.57293701171875,85.95833587646484,503.59377098083496,1,3,That it is unnecessarily long,1,,,2026-07-02,2026-07-02,2026-07-02T22:16:16.654Z,15:16:16,2026-07-02 15:16:16,,,,,,,spotlight-prolific
256ATUE4,691626ec4628eb27b37781b0,1,ele,13,2,2,3,3, are ,14609,751563,494,75,65.95833587646484,472.57293701171875,85.95833587646484,503.59377098083496,1,3,That it is unnecessarily long,1,,,2026-07-02,2026-07-02,2026-07-02T22:16:16.654Z,15:16:16,2026-07-02 15:16:16,,,,,,,spotlight-prolific
256ATUE4,691626ec4628eb27b37781b0,1,ele,13,2,2,3,4, allowed ,14658,751612,520,76,65.95833587646484,503.59375,85.95833587646484,569.6354217529297,1,4,That it is unnecessarily long,1,,,2026-07-02,2026-07-02,2026-07-02T22:16:16.654Z,15:16:16,2026-07-02 15:16:16,,,,,,,spotlight-prolific
256ATUE4,691626ec4628eb27b37781b0,1,ele,13,2,2,3,4, allowed ,14709,751663,564,76,65.95833587646484,503.59375,85.95833587646484,569.6354217529297,1,4,That it is unnecessarily long,1,,,2026-07-02,2026-07-02,2026-07-02T22:16:16.654Z,15:16:16,2026-07-02 15:16:16,,,,,,,spotlight-prolific
256ATUE4,691626ec4628eb27b37781b0,1,ele,13,2,2,3,6, average ,14759,751713,598,76,65.95833587646484,594.6666870117188,85.95833587646484,664.7187728881836,1,6,That it is unnecessarily long,1,,,2026-07-02,2026-07-02,2026-07-02T22:16:16.654Z,15:16:16,2026-07-02 15:16:16,,,,,,,spotlight-prolific
256ATUE4,691626ec4628eb27b37781b0,1,ele,13,2,2,3,6, average ,14809,751762,616,76,65.95833587646484,594.6666870117188,85.95833587646484,664.7187728881836,1,6,That it is unnecessarily long,1,,,2026-07-02,2026-07-02,2026-07-02T22:16:16.654Z,15:16:16,2026-07-02 15:16:16,,,,,,,spotlight-prolific
256ATUE4,691626ec4628eb27b37781b0,1,ele,13,2,2,3,6, average ,14857,751811,626,76,65.95833587646484,594.6666870117188,85.95833587646484,664.7187728881836,1,6,That it is unnecessarily long,1,,,2026-07-02,2026-07-02,2026-07-02T22:16:16.654Z,15:16:16,2026-07-02 15:16:16,,,,,,,spotlight-prolific
256ATUE4,691626ec4628eb27b37781b0,1,ele,13,2,2,3,6, average ,14914,751868,626,76,65.95833587646484,594.6666870117188,85.95833587646484,664.7187728881836,1,6,That it is unnecessarily long,1,,,2026-07-02,2026-07-02,2026-07-02T22:16:16.654Z,15:16:16,2026-07-02 15:16:16,,,,,,,spotlight-prolific
256ATUE4,691626ec4628eb27b37781b0,1,ele,13,2,2,3,6, average ,14966,751919,626,76,65.95833587646484,594.6666870117188,85.95833587646484,664.7187728881836,1,6,That it is unnecessarily long,1,,,2026-07-02,2026-07-02,2026-07-02T22:16:16.654Z,15:16:16,2026-07-02 15:16:16,,,,,,,spotlight-prolific
256ATUE4,691626ec4628eb27b37781b0,1,ele,13,2,2,3,6, average ,15006,751960,629,76,65.95833587646484,594.6666870117188,85.95833587646484,664.7187728881836,1,6,That it is unnecessarily long,1,,,2026-07-02,2026-07-02,2026-07-02T22:16:16.654Z,15:16:16,2026-07-02 15:16:16,,,,,,,spotlight-prolific
256ATUE4,691626ec4628eb27b37781b0,1,ele,13,2,2,3,6, average ,15066,752020,629,76,65.95833587646484,594.6666870117188,85.95833587646484,664.7187728881836,1,6,That it is unnecessarily long,1,,,2026-07-02,2026-07-02,2026-07-02T22:16:16.654Z,15:16:16,2026-07-02 15:16:16,,,,,,,spotlight-prolific
256ATUE4,691626ec4628eb27b37781b0,1,ele,13,2,2,3,6, average ,15113,752067,629,76,65.95833587646484,594.6666870117188,85.95833587646484,664.7187728881836,1,6,That it is unnecessarily long,1,,,2026-07-02,2026-07-02,2026-07-02T22:16:16.654Z,15:16:16,2026-07-02 15:16:16,,,,,,,spotlight-prolific
256ATUE4,691626ec4628eb27b37781b0,1,ele,13,2,2,3,6, average ,15160,752114,629,76,65.95833587646484,594.6666870117188,85.95833587646484,664.7187728881836,1,6,That it is unnecessarily long,1,,,2026-07-02,2026-07-02,2026-07-02T22:16:16.654Z,15:16:16,2026-07-02 15:16:16,,,,,,,spotlight-prolific
256ATUE4,691626ec4628eb27b37781b0,1,ele,13,2,2,3,6, average ,15209,752162,629,76,65.95833587646484,594.6666870117188,85.95833587646484,664.7187728881836,1,6,That it is unnecessarily long,1,,,2026-07-02,2026-07-02,2026-07-02T22:16:16.654Z,15:16:16,2026-07-02 15:16:16,,,,,,,spotlight-prolific
256ATUE4,691626ec4628eb27b37781b0,1,ele,13,2,2,3,6, average ,15257,752211,642,76,65.95833587646484,594.6666870117188,85.95833587646484,664.7187728881836,1,6,That it is unnecessarily long,1,,,2026-07-02,2026-07-02,2026-07-02T22:16:16.654Z,15:16:16,2026-07-02 15:16:16,,,,,,,spotlight-prolific
256ATUE4,691626ec4628eb27b37781b0,1,ele,13,2,2,3,6, average ,15309,752263,660,76,65.95833587646484,594.6666870117188,85.95833587646484,664.7187728881836,1,6,That it is unnecessarily long,1,,,2026-07-02,2026-07-02,2026-07-02T22:16:16.654Z,15:16:16,2026-07-02 15:16:16,,,,,,,spotlight-prolific
256ATUE4,691626ec4628eb27b37781b0,1,ele,13,2,2,3,7, of ,15360,752313,682,76,65.95833587646484,664.71875,85.95833587646484,684.7395839691162,1,7,That it is unnecessarily long,1,,,2026-07-02,2026-07-02,2026-07-02T22:16:16.654Z,15:16:16,2026-07-02 15:16:16,,,,,,,spotlight-prolific
256ATUE4,691626ec4628eb27b37781b0,1,ele,13,2,2,3,8, 18.5 ,15409,752363,705,76,65.95833587646484,684.7396240234375,85.95833587646484,724.7812919616699,1,8,That it is unnecessarily long,1,,,2026-07-02,2026-07-02,2026-07-02T22:16:16.654Z,15:16:16,2026-07-02 15:16:16,,,,,,,spotlight-prolific
256ATUE4,691626ec4628eb27b37781b0,1,ele,13,2,2,3,9, days’ ,15464,752417,733,76,65.95833587646484,724.78125,85.95833587646484,771.1354179382324,1,9,That it is unnecessarily long,1,,,2026-07-02,2026-07-02,2026-07-02T22:16:16.654Z,15:16:16,2026-07-02 15:16:16,,,,,,,spotlight-prolific
256ATUE4,691626ec4628eb27b37781b0,1,ele,13,2,2,3,9, days’ ,15509,752462,757,73,65.95833587646484,724.78125,85.95833587646484,771.1354179382324,1,9,That it is unnecessarily long,1,,,2026-07-02,2026-07-02,2026-07-02T22:16:16.654Z,15:16:16,2026-07-02 15:16:16,,,,,,,spotlight-prolific
256ATUE4,691626ec4628eb27b37781b0,1,ele,13,2,2,3,9, days’ ,15556,752510,765,72,65.95833587646484,724.78125,85.95833587646484,771.1354179382324,1,9,That it is unnecessarily long,1,,,2026-07-02,2026-07-02,2026-07-02T22:16:16.654Z,15:16:16,2026-07-02 15:16:16,,,,,,,spotlight-prolific
256ATUE4,691626ec4628eb27b37781b0,1,ele,13,2,2,3,9, days’ ,15608,752561,770,72,65.95833587646484,724.78125,85.95833587646484,771.1354179382324,1,9,That it is unnecessarily long,1,,,2026-07-02,2026-07-02,2026-07-02T22:16:16.654Z,15:16:16,2026-07-02 15:16:16,,,,,,,spotlight-prolific
256ATUE4,691626ec4628eb27b37781b0,1,ele,13,2,2,3,10, paid ,15659,752611,781,72,65.95833587646484,771.1354370117188,85.95833587646484,810.1771049499512,1,10,That it is unnecessarily long,1,,,2026-07-02,2026-07-02,2026-07-02T22:16:16.654Z,15:16:16,2026-07-02 15:16:16,,,,,,,spotlight-prolific
256ATUE4,691626ec4628eb27b37781b0,1,ele,13,2,2,3,10, paid ,15708,752661,793,72,65.95833587646484,771.1354370117188,85.95833587646484,810.1771049499512,1,10,That it is unnecessarily long,1,,,2026-07-02,2026-07-02,2026-07-02T22:16:16.654Z,15:16:16,2026-07-02 15:16:16,,,,,,,spotlight-prolific
256ATUE4,691626ec4628eb27b37781b0,1,ele,13,2,2,3,10, paid ,15765,752719,794,72,65.95833587646484,771.1354370117188,85.95833587646484,810.1771049499512,1,10,That it is unnecessarily long,1,,,2026-07-02,2026-07-02,2026-07-02T22:16:16.654Z,15:16:16,2026-07-02 15:16:16,,,,,,,spotlight-prolific
256ATUE4,691626ec4628eb27b37781b0,1,ele,13,2,2,3,10, paid ,15816,752769,794,72,65.95833587646484,771.1354370117188,85.95833587646484,810.1771049499512,1,10,That it is unnecessarily long,1,,,2026-07-02,2026-07-02,2026-07-02T22:16:16.654Z,15:16:16,2026-07-02 15:16:16,,,,,,,spotlight-prolific
256ATUE4,691626ec4628eb27b37781b0,1,ele,13,2,2,3,10, paid ,15862,752816,794,72,65.95833587646484,771.1354370117188,85.95833587646484,810.1771049499512,1,10,That it is unnecessarily long,1,,,2026-07-02,2026-07-02,2026-07-02T22:16:16.654Z,15:16:16,2026-07-02 15:16:16,,,,,,,spotlight-prolific
256ATUE4,691626ec4628eb27b37781b0,1,ele,13,2,2,3,10, paid ,15911,752865,794,72,65.95833587646484,771.1354370117188,85.95833587646484,810.1771049499512,1,10,That it is unnecessarily long,1,,,2026-07-02,2026-07-02,2026-07-02T22:16:16.654Z,15:16:16,2026-07-02 15:16:16,,,,,,,spotlight-prolific
256ATUE4,691626ec4628eb27b37781b0,1,ele,13,2,2,3,10, paid ,15953,752907,799,72,65.95833587646484,771.1354370117188,85.95833587646484,810.1771049499512,1,10,That it is unnecessarily long,1,,,2026-07-02,2026-07-02,2026-07-02T22:16:16.654Z,15:16:16,2026-07-02 15:16:16,,,,,,,spotlight-prolific
256ATUE4,691626ec4628eb27b37781b0,1,ele,13,2,2,3,11, holiday ,16012,752966,841,73,65.95833587646484,810.1771240234375,85.95833587646484,872.2292098999023,1,11,That it is unnecessarily long,1,,,2026-07-02,2026-07-02,2026-07-02T22:16:16.654Z,15:16:16,2026-07-02 15:16:16,,,,,,,spotlight-prolific
256ATUE4,691626ec4628eb27b37781b0,1,ele,13,2,2,3,11, holiday ,16059,753013,852,74,65.95833587646484,810.1771240234375,85.95833587646484,872.2292098999023,1,11,That it is unnecessarily long,1,,,2026-07-02,2026-07-02,2026-07-02T22:16:16.654Z,15:16:16,2026-07-02 15:16:16,,,,,,,spotlight-prolific
256ATUE4,691626ec4628eb27b37781b0,1,ele,13,2,2,3,11, holiday ,16101,753055,854,74,65.95833587646484,810.1771240234375,85.95833587646484,872.2292098999023,1,11,That it is unnecessarily long,1,,,2026-07-02,2026-07-02,2026-07-02T22:16:16.654Z,15:16:16,2026-07-02 15:16:16,,,,,,,spotlight-prolific
256ATUE4,691626ec4628eb27b37781b0,1,ele,13,2,2,3,11, holiday ,16160,753114,858,77,65.95833587646484,810.1771240234375,85.95833587646484,872.2292098999023,1,11,That it is unnecessarily long,1,,,2026-07-02,2026-07-02,2026-07-02T22:16:16.654Z,15:16:16,2026-07-02 15:16:16,,,,,,,spotlight-prolific
256ATUE4,691626ec4628eb27b37781b0,1,ele,13,2,2,3,11, holiday ,16207,753161,867,81,65.95833587646484,810.1771240234375,85.95833587646484,872.2292098999023,1,11,That it is unnecessarily long,1,,,2026-07-02,2026-07-02,2026-07-02T22:16:16.654Z,15:16:16,2026-07-02 15:16:16,,,,,,,spotlight-prolific
256ATUE4,691626ec4628eb27b37781b0,1,ele,13,2,2,3,11, holiday ,16252,753206,868,82,65.95833587646484,810.1771240234375,85.95833587646484,872.2292098999023,1,11,That it is unnecessarily long,1,,,2026-07-02,2026-07-02,2026-07-02T22:16:16.654Z,15:16:16,2026-07-02 15:16:16,,,,,,,spotlight-prolific
256ATUE4,691626ec4628eb27b37781b0,1,ele,13,2,2,3,11, holiday ,16305,753258,868,91,65.95833587646484,810.1771240234375,85.95833587646484,872.2292098999023,1,11,That it is unnecessarily long,1,,,2026-07-02,2026-07-02,2026-07-02T22:16:16.654Z,15:16:16,2026-07-02 15:16:16,,,,,,,spotlight-prolific
256ATUE4,691626ec4628eb27b37781b0,1,ele,13,2,2,3,24, minimum ,16363,753317,858,97,105.95833587646484,790.7708740234375,125.95833587646484,868.7812957763672,2,11,That it is unnecessarily long,1,,,2026-07-02,2026-07-02,2026-07-02T22:16:16.654Z,15:16:16,2026-07-02 15:16:16,,,,,,,spotlight-prolific
256ATUE4,691626ec4628eb27b37781b0,1,ele,13,2,2,3,24, minimum ,16409,753362,819,107,105.95833587646484,790.7708740234375,125.95833587646484,868.7812957763672,2,11,That it is unnecessarily long,1,,,2026-07-02,2026-07-02,2026-07-02T22:16:16.654Z,15:16:16,2026-07-02 15:16:16,,,,,,,spotlight-prolific
256ATUE4,691626ec4628eb27b37781b0,1,ele,13,2,2,3,22, them ,16464,753418,758,110,105.95833587646484,730.7291870117188,125.95833587646484,775.7500228881836,2,9,That it is unnecessarily long,1,,,2026-07-02,2026-07-02,2026-07-02T22:16:16.654Z,15:16:16,2026-07-02 15:16:16,,,,,,,spotlight-prolific
256ATUE4,691626ec4628eb27b37781b0,1,ele,13,2,2,3,20, must ,16509,753462,664,110,105.95833587646484,640.6979370117188,125.95833587646484,684.7083549499512,2,7,That it is unnecessarily long,1,,,2026-07-02,2026-07-02,2026-07-02T22:16:16.654Z,15:16:16,2026-07-02 15:16:16,,,,,,,spotlight-prolific
256ATUE4,691626ec4628eb27b37781b0,1,ele,13,2,2,3,19, Companies ,16560,753513,549,119,105.95833587646484,544.6458740234375,125.95833587646484,640.6979598999023,2,6,That it is unnecessarily long,1,,,2026-07-02,2026-07-02,2026-07-02T22:16:16.654Z,15:16:16,2026-07-02 15:16:16,,,,,,,spotlight-prolific
256ATUE4,691626ec4628eb27b37781b0,1,ele,13,2,2,3,17, global ,16609,753562,445,126,105.95833587646484,416.54168701171875,125.95833587646484,469.5937728881836,2,4,That it is unnecessarily long,1,,,2026-07-02,2026-07-02,2026-07-02T22:16:16.654Z,15:16:16,2026-07-02 15:16:16,,,,,,,spotlight-prolific
256ATUE4,691626ec4628eb27b37781b0,1,ele,13,2,2,3,14, fewer ,16660,753614,335,123,105.95833587646484,297.44793701171875,125.95833587646484,346.4687728881836,2,1,That it is unnecessarily long,1,,,2026-07-02,2026-07-02,2026-07-02T22:16:16.654Z,15:16:16,2026-07-02 15:16:16,,,,,,,spotlight-prolific
256ATUE4,691626ec4628eb27b37781b0,1,ele,13,2,2,3,14, fewer ,16711,753665,316,124,105.95833587646484,297.44793701171875,125.95833587646484,346.4687728881836,2,1,That it is unnecessarily long,1,,,2026-07-02,2026-07-02,2026-07-02T22:16:16.654Z,15:16:16,2026-07-02 15:16:16,,,,,,,spotlight-prolific
256ATUE4,691626ec4628eb27b37781b0,1,ele,13,2,2,3,14, fewer ,16751,753705,316,124,105.95833587646484,297.44793701171875,125.95833587646484,346.4687728881836,2,1,That it is unnecessarily long,1,,,2026-07-02,2026-07-02,2026-07-02T22:16:16.654Z,15:16:16,2026-07-02 15:16:16,,,,,,,spotlight-prolific
256ATUE4,691626ec4628eb27b37781b0,1,ele,13,2,2,3,14, fewer ,16812,753765,316,124,105.95833587646484,297.44793701171875,125.95833587646484,346.4687728881836,2,1,That it is unnecessarily long,1,,,2026-07-02,2026-07-02,2026-07-02T22:16:16.654Z,15:16:16,2026-07-02 15:16:16,,,,,,,spotlight-prolific
256ATUE4,691626ec4628eb27b37781b0,1,ele,13,2,2,3,14, fewer ,16860,753814,316,124,105.95833587646484,297.44793701171875,125.95833587646484,346.4687728881836,2,1,That it is unnecessarily long,1,,,2026-07-02,2026-07-02,2026-07-02T22:16:16.654Z,15:16:16,2026-07-02 15:16:16,,,,,,,spotlight-prolific
256ATUE4,691626ec4628eb27b37781b0,1,ele,13,2,2,3,14, fewer ,16907,753861,316,124,105.95833587646484,297.44793701171875,125.95833587646484,346.4687728881836,2,1,That it is unnecessarily long,1,,,2026-07-02,2026-07-02,2026-07-02T22:16:16.654Z,15:16:16,2026-07-02 15:16:16,,,,,,,spotlight-prolific
256ATUE4,691626ec4628eb27b37781b0,1,ele,13,2,2,3,14, fewer ,16965,753918,315,125,105.95833587646484,297.44793701171875,125.95833587646484,346.4687728881836,2,1,That it is unnecessarily long,1,,,2026-07-02,2026-07-02,2026-07-02T22:16:16.654Z,15:16:16,2026-07-02 15:16:16,,,,,,,spotlight-prolific
256ATUE4,691626ec4628eb27b37781b0,1,ele,13,2,2,3,14, fewer ,17001,753955,314,125,105.95833587646484,297.44793701171875,125.95833587646484,346.4687728881836,2,1,That it is unnecessarily long,1,,,2026-07-02,2026-07-02,2026-07-02T22:16:16.654Z,15:16:16,2026-07-02 15:16:16,,,,,,,spotlight-prolific
256ATUE4,691626ec4628eb27b37781b0,1,ele,13,2,2,3,14, fewer ,17065,754019,314,125,105.95833587646484,297.44793701171875,125.95833587646484,346.4687728881836,2,1,That it is unnecessarily long,1,,,2026-07-02,2026-07-02,2026-07-02T22:16:16.654Z,15:16:16,2026-07-02 15:16:16,,,,,,,spotlight-prolific
256ATUE4,691626ec4628eb27b37781b0,1,ele,13,2,2,3,14, fewer ,17112,754066,314,125,105.95833587646484,297.44793701171875,125.95833587646484,346.4687728881836,2,1,That it is unnecessarily long,1,,,2026-07-02,2026-07-02,2026-07-02T22:16:16.654Z,15:16:16,2026-07-02 15:16:16,,,,,,,spotlight-prolific
256ATUE4,691626ec4628eb27b37781b0,1,ele,13,2,2,3,14, fewer ,17159,754113,314,125,105.95833587646484,297.44793701171875,125.95833587646484,346.4687728881836,2,1,That it is unnecessarily long,1,,,2026-07-02,2026-07-02,2026-07-02T22:16:16.654Z,15:16:16,2026-07-02 15:16:16,,,,,,,spotlight-prolific
256ATUE4,691626ec4628eb27b37781b0,1,ele,13,2,2,3,14, fewer ,17206,754159,314,125,105.95833587646484,297.44793701171875,125.95833587646484,346.4687728881836,2,1,That it is unnecessarily long,1,,,2026-07-02,2026-07-02,2026-07-02T22:16:16.654Z,15:16:16,2026-07-02 15:16:16,,,,,,,spotlight-prolific
256ATUE4,691626ec4628eb27b37781b0,1,ele,13,2,2,3,14, fewer ,17264,754218,315,125,105.95833587646484,297.44793701171875,125.95833587646484,346.4687728881836,2,1,That it is unnecessarily long,1,,,2026-07-02,2026-07-02,2026-07-02T22:16:16.654Z,15:16:16,2026-07-02 15:16:16,,,,,,,spotlight-prolific
256ATUE4,691626ec4628eb27b37781b0,1,ele,13,2,2,3,14, fewer ,17308,754261,324,125,105.95833587646484,297.44793701171875,125.95833587646484,346.4687728881836,2,1,That it is unnecessarily long,1,,,2026-07-02,2026-07-02,2026-07-02T22:16:16.654Z,15:16:16,2026-07-02 15:16:16,,,,,,,spotlight-prolific
256ATUE4,691626ec4628eb27b37781b0,1,ele,13,2,2,3,14, fewer ,17360,754314,334,124,105.95833587646484,297.44793701171875,125.95833587646484,346.4687728881836,2,1,That it is unnecessarily long,1,,,2026-07-02,2026-07-02,2026-07-02T22:16:16.654Z,15:16:16,2026-07-02 15:16:16,,,,,,,spotlight-prolific
256ATUE4,691626ec4628eb27b37781b0,1,ele,13,2,2,3,14, fewer ,17402,754355,338,124,105.95833587646484,297.44793701171875,125.95833587646484,346.4687728881836,2,1,That it is unnecessarily long,1,,,2026-07-02,2026-07-02,2026-07-02T22:16:16.654Z,15:16:16,2026-07-02 15:16:16,,,,,,,spotlight-prolific
256ATUE4,691626ec4628eb27b37781b0,1,ele,13,2,2,3,14, fewer ,17467,754421,338,124,105.95833587646484,297.44793701171875,125.95833587646484,346.4687728881836,2,1,That it is unnecessarily long,1,,,2026-07-02,2026-07-02,2026-07-02T22:16:16.654Z,15:16:16,2026-07-02 15:16:16,,,,,,,spotlight-prolific
256ATUE4,691626ec4628eb27b37781b0,1,ele,13,2,2,3,14, fewer ,17516,754470,337,124,105.95833587646484,297.44793701171875,125.95833587646484,346.4687728881836,2,1,That it is unnecessarily long,1,,,2026-07-02,2026-07-02,2026-07-02T22:16:16.654Z,15:16:16,2026-07-02 15:16:16,,,,,,,spotlight-prolific
256ATUE4,691626ec4628eb27b37781b0,1,ele,13,2,2,3,14, fewer ,17553,754506,320,124,105.95833587646484,297.44793701171875,125.95833587646484,346.4687728881836,2,1,That it is unnecessarily long,1,,,2026-07-02,2026-07-02,2026-07-02T22:16:16.654Z,15:16:16,2026-07-02 15:16:16,,,,,,,spotlight-prolific
256ATUE4,691626ec4628eb27b37781b0,1,ele,13,2,2,3,14, fewer ,17609,754562,305,124,105.95833587646484,297.44793701171875,125.95833587646484,346.4687728881836,2,1,That it is unnecessarily long,1,,,2026-07-02,2026-07-02,2026-07-02T22:16:16.654Z,15:16:16,2026-07-02 15:16:16,,,,,,,spotlight-prolific
256ATUE4,691626ec4628eb27b37781b0,1,ele,13,2,2,3,14, fewer ,17652,754606,304,125,105.95833587646484,297.44793701171875,125.95833587646484,346.4687728881836,2,1,That it is unnecessarily long,1,,,2026-07-02,2026-07-02,2026-07-02T22:16:16.654Z,15:16:16,2026-07-02 15:16:16,,,,,,,spotlight-prolific
256ATUE4,691626ec4628eb27b37781b0,1,ele,13,2,2,3,14, fewer ,17703,754656,304,125,105.95833587646484,297.44793701171875,125.95833587646484,346.4687728881836,2,1,That it is unnecessarily long,1,,,2026-07-02,2026-07-02,2026-07-02T22:16:16.654Z,15:16:16,2026-07-02 15:16:16,,,,,,,spotlight-prolific
256ATUE4,691626ec4628eb27b37781b0,1,ele,13,2,2,3,14, fewer ,17757,754711,302,125,105.95833587646484,297.44793701171875,125.95833587646484,346.4687728881836,2,1,That it is unnecessarily long,1,,,2026-07-02,2026-07-02,2026-07-02T22:16:16.654Z,15:16:16,2026-07-02 15:16:16,,,,,,,spotlight-prolific
256ATUE4,691626ec4628eb27b37781b0,1,ele,13,2,2,3,14, fewer ,17811,754765,306,127,105.95833587646484,297.44793701171875,125.95833587646484,346.4687728881836,2,1,That it is unnecessarily long,1,,,2026-07-02,2026-07-02,2026-07-02T22:16:16.654Z,15:16:16,2026-07-02 15:16:16,,,,,,,spotlight-prolific
256ATUE4,691626ec4628eb27b37781b0,1,ele,13,2,2,3,14, fewer ,17861,754814,330,127,105.95833587646484,297.44793701171875,125.95833587646484,346.4687728881836,2,1,That it is unnecessarily long,1,,,2026-07-02,2026-07-02,2026-07-02T22:16:16.654Z,15:16:16,2026-07-02 15:16:16,,,,,,,spotlight-prolific
256ATUE4,691626ec4628eb27b37781b0,1,ele,13,2,2,3,15, than ,17911,754865,370,127,105.95833587646484,346.46875,125.95833587646484,386.5104179382324,2,2,That it is unnecessarily long,1,,,2026-07-02,2026-07-02,2026-07-02T22:16:16.654Z,15:16:16,2026-07-02 15:16:16,,,,,,,spotlight-prolific
256ATUE4,691626ec4628eb27b37781b0,1,ele,13,2,2,3,16, the ,17958,754912,388,127,105.95833587646484,386.51043701171875,125.95833587646484,416.54168701171875,2,3,That it is unnecessarily long,1,,,2026-07-02,2026-07-02,2026-07-02T22:16:16.654Z,15:16:16,2026-07-02 15:16:16,,,,,,,spotlight-prolific
256ATUE4,691626ec4628eb27b37781b0,1,ele,13,2,2,3,16, the ,18008,754962,391,127,105.95833587646484,386.51043701171875,125.95833587646484,416.54168701171875,2,3,That it is unnecessarily long,1,,,2026-07-02,2026-07-02,2026-07-02T22:16:16.654Z,15:16:16,2026-07-02 15:16:16,,,,,,,spotlight-prolific
256ATUE4,691626ec4628eb27b37781b0,1,ele,13,2,2,3,16, the ,18053,755006,393,127,105.95833587646484,386.51043701171875,125.95833587646484,416.54168701171875,2,3,That it is unnecessarily long,1,,,2026-07-02,2026-07-02,2026-07-02T22:16:16.654Z,15:16:16,2026-07-02 15:16:16,,,,,,,spotlight-prolific
256ATUE4,691626ec4628eb27b37781b0,1,ele,13,2,2,3,16, the ,18106,755060,396,126,105.95833587646484,386.51043701171875,125.95833587646484,416.54168701171875,2,3,That it is unnecessarily long,1,,,2026-07-02,2026-07-02,2026-07-02T22:16:16.654Z,15:16:16,2026-07-02 15:16:16,,,,,,,spotlight-prolific
256ATUE4,691626ec4628eb27b37781b0,1,ele,13,2,2,3,16, the ,18153,755107,396,125,105.95833587646484,386.51043701171875,125.95833587646484,416.54168701171875,2,3,That it is unnecessarily long,1,,,2026-07-02,2026-07-02,2026-07-02T22:16:16.654Z,15:16:16,2026-07-02 15:16:16,,,,,,,spotlight-prolific
256ATUE4,691626ec4628eb27b37781b0,1,ele,13,2,2,3,16, the ,18202,755156,397,125,105.95833587646484,386.51043701171875,125.95833587646484,416.54168701171875,2,3,That it is unnecessarily long,1,,,2026-07-02,2026-07-02,2026-07-02T22:16:16.654Z,15:16:16,2026-07-02 15:16:16,,,,,,,spotlight-prolific
256ATUE4,691626ec4628eb27b37781b0,1,ele,13,2,2,3,16, the ,18253,755207,400,125,105.95833587646484,386.51043701171875,125.95833587646484,416.54168701171875,2,3,That it is unnecessarily long,1,,,2026-07-02,2026-07-02,2026-07-02T22:16:16.654Z,15:16:16,2026-07-02 15:16:16,,,,,,,spotlight-prolific
256ATUE4,691626ec4628eb27b37781b0,1,ele,13,2,2,3,16, the ,18311,755265,410,125,105.95833587646484,386.51043701171875,125.95833587646484,416.54168701171875,2,3,That it is unnecessarily long,1,,,2026-07-02,2026-07-02,2026-07-02T22:16:16.654Z,15:16:16,2026-07-02 15:16:16,,,,,,,spotlight-prolific
256ATUE4,691626ec4628eb27b37781b0,1,ele,13,2,2,3,17, global ,18359,755313,432,125,105.95833587646484,416.54168701171875,125.95833587646484,469.5937728881836,2,4,That it is unnecessarily long,1,,,2026-07-02,2026-07-02,2026-07-02T22:16:16.654Z,15:16:16,2026-07-02 15:16:16,,,,,,,spotlight-prolific
256ATUE4,691626ec4628eb27b37781b0,1,ele,13,2,2,3,17, global ,18412,755365,450,124,105.95833587646484,416.54168701171875,125.95833587646484,469.5937728881836,2,4,That it is unnecessarily long,1,,,2026-07-02,2026-07-02,2026-07-02T22:16:16.654Z,15:16:16,2026-07-02 15:16:16,,,,,,,spotlight-prolific
256ATUE4,691626ec4628eb27b37781b0,1,ele,13,2,2,3,17, global ,18459,755412,467,121,105.95833587646484,416.54168701171875,125.95833587646484,469.5937728881836,2,4,That it is unnecessarily long,1,,,2026-07-02,2026-07-02,2026-07-02T22:16:16.654Z,15:16:16,2026-07-02 15:16:16,,,,,,,spotlight-prolific
256ATUE4,691626ec4628eb27b37781b0,1,ele,13,2,2,3,18, average. ,18511,755464,475,119,105.95833587646484,469.59375,125.95833587646484,544.6458358764648,2,5,That it is unnecessarily long,1,,,2026-07-02,2026-07-02,2026-07-02T22:16:16.654Z,15:16:16,2026-07-02 15:16:16,,,,,,,spotlight-prolific
256ATUE4,691626ec4628eb27b37781b0,1,ele,13,2,2,3,18, average. ,18559,755512,482,118,105.95833587646484,469.59375,125.95833587646484,544.6458358764648,2,5,That it is unnecessarily long,1,,,2026-07-02,2026-07-02,2026-07-02T22:16:16.654Z,15:16:16,2026-07-02 15:16:16,,,,,,,spotlight-prolific
256ATUE4,691626ec4628eb27b37781b0,1,ele,13,2,2,3,18, average. ,18609,755562,488,118,105.95833587646484,469.59375,125.95833587646484,544.6458358764648,2,5,That it is unnecessarily long,1,,,2026-07-02,2026-07-02,2026-07-02T22:16:16.654Z,15:16:16,2026-07-02 15:16:16,,,,,,,spotlight-prolific
256ATUE4,691626ec4628eb27b37781b0,1,ele,13,2,2,3,18, average. ,18661,755614,492,118,105.95833587646484,469.59375,125.95833587646484,544.6458358764648,2,5,That it is unnecessarily long,1,,,2026-07-02,2026-07-02,2026-07-02T22:16:16.654Z,15:16:16,2026-07-02 15:16:16,,,,,,,spotlight-prolific
256ATUE4,691626ec4628eb27b37781b0,1,ele,13,2,2,3,18, average. ,18712,755666,502,118,105.95833587646484,469.59375,125.95833587646484,544.6458358764648,2,5,That it is unnecessarily long,1,,,2026-07-02,2026-07-02,2026-07-02T22:16:16.654Z,15:16:16,2026-07-02 15:16:16,,,,,,,spotlight-prolific
256ATUE4,691626ec4628eb27b37781b0,1,ele,13,2,2,3,18, average. ,18761,755714,518,118,105.95833587646484,469.59375,125.95833587646484,544.6458358764648,2,5,That it is unnecessarily long,1,,,2026-07-02,2026-07-02,2026-07-02T22:16:16.654Z,15:16:16,2026-07-02 15:16:16,,,,,,,spotlight-prolific
256ATUE4,691626ec4628eb27b37781b0,1,ele,13,2,2,3,18, average. ,18808,755762,525,118,105.95833587646484,469.59375,125.95833587646484,544.6458358764648,2,5,That it is unnecessarily long,1,,,2026-07-02,2026-07-02,2026-07-02T22:16:16.654Z,15:16:16,2026-07-02 15:16:16,,,,,,,spotlight-prolific
256ATUE4,691626ec4628eb27b37781b0,1,ele,13,2,2,3,18, average. ,18852,755806,526,118,105.95833587646484,469.59375,125.95833587646484,544.6458358764648,2,5,That it is unnecessarily long,1,,,2026-07-02,2026-07-02,2026-07-02T22:16:16.654Z,15:16:16,2026-07-02 15:16:16,,,,,,,spotlight-prolific
256ATUE4,691626ec4628eb27b37781b0,1,ele,13,2,2,3,18, average. ,18910,755864,529,118,105.95833587646484,469.59375,125.95833587646484,544.6458358764648,2,5,That it is unnecessarily long,1,,,2026-07-02,2026-07-02,2026-07-02T22:16:16.654Z,15:16:16,2026-07-02 15:16:16,,,,,,,spotlight-prolific
256ATUE4,691626ec4628eb27b37781b0,1,ele,13,2,2,3,18, average. ,18961,755914,537,118,105.95833587646484,469.59375,125.95833587646484,544.6458358764648,2,5,That it is unnecessarily long,1,,,2026-07-02,2026-07-02,2026-07-02T22:16:16.654Z,15:16:16,2026-07-02 15:16:16,,,,,,,spotlight-prolific
256ATUE4,691626ec4628eb27b37781b0,1,ele,13,2,2,3,19, Companies ,19012,755965,548,118,105.95833587646484,544.6458740234375,125.95833587646484,640.6979598999023,2,6,That it is unnecessarily long,1,,,2026-07-02,2026-07-02,2026-07-02T22:16:16.654Z,15:16:16,2026-07-02 15:16:16,,,,,,,spotlight-prolific
256ATUE4,691626ec4628eb27b37781b0,1,ele,13,2,2,3,19, Companies ,19060,756014,556,118,105.95833587646484,544.6458740234375,125.95833587646484,640.6979598999023,2,6,That it is unnecessarily long,1,,,2026-07-02,2026-07-02,2026-07-02T22:16:16.654Z,15:16:16,2026-07-02 15:16:16,,,,,,,spotlight-prolific
256ATUE4,691626ec4628eb27b37781b0,1,ele,13,2,2,3,19, Companies ,19108,756062,562,118,105.95833587646484,544.6458740234375,125.95833587646484,640.6979598999023,2,6,That it is unnecessarily long,1,,,2026-07-02,2026-07-02,2026-07-02T22:16:16.654Z,15:16:16,2026-07-02 15:16:16,,,,,,,spotlight-prolific
256ATUE4,691626ec4628eb27b37781b0,1,ele,13,2,2,3,19, Companies ,19159,756113,565,119,105.95833587646484,544.6458740234375,125.95833587646484,640.6979598999023,2,6,That it is unnecessarily long,1,,,2026-07-02,2026-07-02,2026-07-02T22:16:16.654Z,15:16:16,2026-07-02 15:16:16,,,,,,,spotlight-prolific
256ATUE4,691626ec4628eb27b37781b0,1,ele,13,2,2,3,19, Companies ,19205,756158,568,120,105.95833587646484,544.6458740234375,125.95833587646484,640.6979598999023,2,6,That it is unnecessarily long,1,,,2026-07-02,2026-07-02,2026-07-02T22:16:16.654Z,15:16:16,2026-07-02 15:16:16,,,,,,,spotlight-prolific
256ATUE4,691626ec4628eb27b37781b0,1,ele,13,2,2,3,19, Companies ,19263,756217,573,120,105.95833587646484,544.6458740234375,125.95833587646484,640.6979598999023,2,6,That it is unnecessarily long,1,,,2026-07-02,2026-07-02,2026-07-02T22:16:16.654Z,15:16:16,2026-07-02 15:16:16,,,,,,,spotlight-prolific
256ATUE4,691626ec4628eb27b37781b0,1,ele,13,2,2,3,19, Companies ,19312,756266,582,120,105.95833587646484,544.6458740234375,125.95833587646484,640.6979598999023,2,6,That it is unnecessarily long,1,,,2026-07-02,2026-07-02,2026-07-02T22:16:16.654Z,15:16:16,2026-07-02 15:16:16,,,,,,,spotlight-prolific
256ATUE4,691626ec4628eb27b37781b0,1,ele,13,2,2,3,19, Companies ,19360,756314,596,120,105.95833587646484,544.6458740234375,125.95833587646484,640.6979598999023,2,6,That it is unnecessarily long,1,,,2026-07-02,2026-07-02,2026-07-02T22:16:16.654Z,15:16:16,2026-07-02 15:16:16,,,,,,,spotlight-prolific
256ATUE4,691626ec4628eb27b37781b0,1,ele,13,2,2,3,19, Companies ,19412,756365,606,120,105.95833587646484,544.6458740234375,125.95833587646484,640.6979598999023,2,6,That it is unnecessarily long,1,,,2026-07-02,2026-07-02,2026-07-02T22:16:16.654Z,15:16:16,2026-07-02 15:16:16,,,,,,,spotlight-prolific
256ATUE4,691626ec4628eb27b37781b0,1,ele,13,2,2,3,19, Companies ,19461,756414,614,120,105.95833587646484,544.6458740234375,125.95833587646484,640.6979598999023,2,6,That it is unnecessarily long,1,,,2026-07-02,2026-07-02,2026-07-02T22:16:16.654Z,15:16:16,2026-07-02 15:16:16,,,,,,,spotlight-prolific
256ATUE4,691626ec4628eb27b37781b0,1,ele,13,2,2,3,19, Companies ,19510,756463,620,120,105.95833587646484,544.6458740234375,125.95833587646484,640.6979598999023,2,6,That it is unnecessarily long,1,,,2026-07-02,2026-07-02,2026-07-02T22:16:16.654Z,15:16:16,2026-07-02 15:16:16,,,,,,,spotlight-prolific
256ATUE4,691626ec4628eb27b37781b0,1,ele,13,2,2,3,19, Companies ,19561,756514,626,120,105.95833587646484,544.6458740234375,125.95833587646484,640.6979598999023,2,6,That it is unnecessarily long,1,,,2026-07-02,2026-07-02,2026-07-02T22:16:16.654Z,15:16:16,2026-07-02 15:16:16,,,,,,,spotlight-prolific
256ATUE4,691626ec4628eb27b37781b0,1,ele,13,2,2,3,19, Companies ,19612,756566,640,120,105.95833587646484,544.6458740234375,125.95833587646484,640.6979598999023,2,6,That it is unnecessarily long,1,,,2026-07-02,2026-07-02,2026-07-02T22:16:16.654Z,15:16:16,2026-07-02 15:16:16,,,,,,,spotlight-prolific
256ATUE4,691626ec4628eb27b37781b0,1,ele,13,2,2,3,20, must ,19661,756615,650,120,105.95833587646484,640.6979370117188,125.95833587646484,684.7083549499512,2,7,That it is unnecessarily long,1,,,2026-07-02,2026-07-02,2026-07-02T22:16:16.654Z,15:16:16,2026-07-02 15:16:16,,,,,,,spotlight-prolific
256ATUE4,691626ec4628eb27b37781b0,1,ele,13,2,2,3,20, must ,19711,756664,663,120,105.95833587646484,640.6979370117188,125.95833587646484,684.7083549499512,2,7,That it is unnecessarily long,1,,,2026-07-02,2026-07-02,2026-07-02T22:16:16.654Z,15:16:16,2026-07-02 15:16:16,,,,,,,spotlight-prolific
256ATUE4,691626ec4628eb27b37781b0,1,ele,13,2,2,3,20, must ,19761,756714,676,120,105.95833587646484,640.6979370117188,125.95833587646484,684.7083549499512,2,7,That it is unnecessarily long,1,,,2026-07-02,2026-07-02,2026-07-02T22:16:16.654Z,15:16:16,2026-07-02 15:16:16,,,,,,,spotlight-prolific
256ATUE4,691626ec4628eb27b37781b0,1,ele,13,2,2,3,20, must ,19810,756764,683,120,105.95833587646484,640.6979370117188,125.95833587646484,684.7083549499512,2,7,That it is unnecessarily long,1,,,2026-07-02,2026-07-02,2026-07-02T22:16:16.654Z,15:16:16,2026-07-02 15:16:16,,,,,,,spotlight-prolific
256ATUE4,691626ec4628eb27b37781b0,1,ele,13,2,2,3,21, allow ,19854,756808,686,119,105.95833587646484,684.7083740234375,125.95833587646484,730.7292098999023,2,8,That it is unnecessarily long,1,,,2026-07-02,2026-07-02,2026-07-02T22:16:16.654Z,15:16:16,2026-07-02 15:16:16,,,,,,,spotlight-prolific
256ATUE4,691626ec4628eb27b37781b0,1,ele,13,2,2,3,21, allow ,19904,756858,687,119,105.95833587646484,684.7083740234375,125.95833587646484,730.7292098999023,2,8,That it is unnecessarily long,1,,,2026-07-02,2026-07-02,2026-07-02T22:16:16.654Z,15:16:16,2026-07-02 15:16:16,,,,,,,spotlight-prolific
256ATUE4,691626ec4628eb27b37781b0,1,ele,13,2,2,3,21, allow ,19955,756909,687,119,105.95833587646484,684.7083740234375,125.95833587646484,730.7292098999023,2,8,That it is unnecessarily long,1,,,2026-07-02,2026-07-02,2026-07-02T22:16:16.654Z,15:16:16,2026-07-02 15:16:16,,,,,,,spotlight-prolific
256ATUE4,691626ec4628eb27b37781b0,1,ele,13,2,2,3,21, allow ,20007,756960,688,119,105.95833587646484,684.7083740234375,125.95833587646484,730.7292098999023,2,8,That it is unnecessarily long,1,,,2026-07-02,2026-07-02,2026-07-02T22:16:16.654Z,15:16:16,2026-07-02 15:16:16,,,,,,,spotlight-prolific
256ATUE4,691626ec4628eb27b37781b0,1,ele,13,2,2,3,21, allow ,20054,757007,688,119,105.95833587646484,684.7083740234375,125.95833587646484,730.7292098999023,2,8,That it is unnecessarily long,1,,,2026-07-02,2026-07-02,2026-07-02T22:16:16.654Z,15:16:16,2026-07-02 15:16:16,,,,,,,spotlight-prolific
256ATUE4,691626ec4628eb27b37781b0,1,ele,13,2,2,3,21, allow ,20116,757070,688,119,105.95833587646484,684.7083740234375,125.95833587646484,730.7292098999023,2,8,That it is unnecessarily long,1,,,2026-07-02,2026-07-02,2026-07-02T22:16:16.654Z,15:16:16,2026-07-02 15:16:16,,,,,,,spotlight-prolific
256ATUE4,691626ec4628eb27b37781b0,1,ele,13,2,2,3,21, allow ,20163,757117,688,119,105.95833587646484,684.7083740234375,125.95833587646484,730.7292098999023,2,8,That it is unnecessarily long,1,,,2026-07-02,2026-07-02,2026-07-02T22:16:16.654Z,15:16:16,2026-07-02 15:16:16,,,,,,,spotlight-prolific
256ATUE4,691626ec4628eb27b37781b0,1,ele,13,2,2,3,21, allow ,20210,757164,688,119,105.95833587646484,684.7083740234375,125.95833587646484,730.7292098999023,2,8,That it is unnecessarily long,1,,,2026-07-02,2026-07-02,2026-07-02T22:16:16.654Z,15:16:16,2026-07-02 15:16:16,,,,,,,spotlight-prolific
256ATUE4,691626ec4628eb27b37781b0,1,ele,13,2,2,3,21, allow ,20254,757208,691,120,105.95833587646484,684.7083740234375,125.95833587646484,730.7292098999023,2,8,That it is unnecessarily long,1,,,2026-07-02,2026-07-02,2026-07-02T22:16:16.654Z,15:16:16,2026-07-02 15:16:16,,,,,,,spotlight-prolific
256ATUE4,691626ec4628eb27b37781b0,1,ele,13,2,2,3,21, allow ,20304,757258,691,116,105.95833587646484,684.7083740234375,125.95833587646484,730.7292098999023,2,8,That it is unnecessarily long,1,,,2026-07-02,2026-07-02,2026-07-02T22:16:16.654Z,15:16:16,2026-07-02 15:16:16,,,,,,,spotlight-prolific
256ATUE4,691626ec4628eb27b37781b0,1,ele,13,2,2,3,21, allow ,20354,757307,691,116,105.95833587646484,684.7083740234375,125.95833587646484,730.7292098999023,2,8,That it is unnecessarily long,1,,,2026-07-02,2026-07-02,2026-07-02T22:16:16.654Z,15:16:16,2026-07-02 15:16:16,,,,,,,spotlight-prolific
256ATUE4,691626ec4628eb27b37781b0,1,ele,13,2,2,3,21, allow ,20416,757370,691,116,105.95833587646484,684.7083740234375,125.95833587646484,730.7292098999023,2,8,That it is unnecessarily long,1,,,2026-07-02,2026-07-02,2026-07-02T22:16:16.654Z,15:16:16,2026-07-02 15:16:16,,,,,,,spotlight-prolific
256ATUE4,691626ec4628eb27b37781b0,1,ele,13,2,2,3,21, allow ,20463,757416,691,116,105.95833587646484,684.7083740234375,125.95833587646484,730.7292098999023,2,8,That it is unnecessarily long,1,,,2026-07-02,2026-07-02,2026-07-02T22:16:16.654Z,15:16:16,2026-07-02 15:16:16,,,,,,,spotlight-prolific
256ATUE4,691626ec4628eb27b37781b0,1,ele,13,2,2,3,21, allow ,20510,757463,691,116,105.95833587646484,684.7083740234375,125.95833587646484,730.7292098999023,2,8,That it is unnecessarily long,1,,,2026-07-02,2026-07-02,2026-07-02T22:16:16.654Z,15:16:16,2026-07-02 15:16:16,,,,,,,spotlight-prolific
256ATUE4,691626ec4628eb27b37781b0,1,ele,13,2,2,3,21, allow ,20557,757511,691,116,105.95833587646484,684.7083740234375,125.95833587646484,730.7292098999023,2,8,That it is unnecessarily long,1,,,2026-07-02,2026-07-02,2026-07-02T22:16:16.654Z,15:16:16,2026-07-02 15:16:16,,,,,,,spotlight-prolific
256ATUE4,691626ec4628eb27b37781b0,1,ele,13,2,2,3,21, allow ,20604,757557,691,116,105.95833587646484,684.7083740234375,125.95833587646484,730.7292098999023,2,8,That it is unnecessarily long,1,,,2026-07-02,2026-07-02,2026-07-02T22:16:16.654Z,15:16:16,2026-07-02 15:16:16,,,,,,,spotlight-prolific
256ATUE4,691626ec4628eb27b37781b0,1,ele,13,2,2,3,21, allow ,20666,757620,691,116,105.95833587646484,684.7083740234375,125.95833587646484,730.7292098999023,2,8,That it is unnecessarily long,1,,,2026-07-02,2026-07-02,2026-07-02T22:16:16.654Z,15:16:16,2026-07-02 15:16:16,,,,,,,spotlight-prolific
256ATUE4,691626ec4628eb27b37781b0,1,ele,13,2,2,3,21, allow ,20713,757666,691,116,105.95833587646484,684.7083740234375,125.95833587646484,730.7292098999023,2,8,That it is unnecessarily long,1,,,2026-07-02,2026-07-02,2026-07-02T22:16:16.654Z,15:16:16,2026-07-02 15:16:16,,,,,,,spotlight-prolific
256ATUE4,691626ec4628eb27b37781b0,1,ele,13,2,2,3,21, allow ,20760,757713,691,116,105.95833587646484,684.7083740234375,125.95833587646484,730.7292098999023,2,8,That it is unnecessarily long,1,,,2026-07-02,2026-07-02,2026-07-02T22:16:16.654Z,15:16:16,2026-07-02 15:16:16,,,,,,,spotlight-prolific
256ATUE4,691626ec4628eb27b37781b0,1,ele,13,2,2,3,21, allow ,20806,757760,691,116,105.95833587646484,684.7083740234375,125.95833587646484,730.7292098999023,2,8,That it is unnecessarily long,1,,,2026-07-02,2026-07-02,2026-07-02T22:16:16.654Z,15:16:16,2026-07-02 15:16:16,,,,,,,spotlight-prolific
256ATUE4,691626ec4628eb27b37781b0,1,ele,13,2,2,3,21, allow ,20854,757807,691,116,105.95833587646484,684.7083740234375,125.95833587646484,730.7292098999023,2,8,That it is unnecessarily long,1,,,2026-07-02,2026-07-02,2026-07-02T22:16:16.654Z,15:16:16,2026-07-02 15:16:16,,,,,,,spotlight-prolific
256ATUE4,691626ec4628eb27b37781b0,1,ele,13,2,2,3,21, allow ,20901,757855,691,119,105.95833587646484,684.7083740234375,125.95833587646484,730.7292098999023,2,8,That it is unnecessarily long,1,,,2026-07-02,2026-07-02,2026-07-02T22:16:16.654Z,15:16:16,2026-07-02 15:16:16,,,,,,,spotlight-prolific
256ATUE4,691626ec4628eb27b37781b0,1,ele,13,2,2,3,21, allow ,20965,757918,692,119,105.95833587646484,684.7083740234375,125.95833587646484,730.7292098999023,2,8,That it is unnecessarily long,1,,,2026-07-02,2026-07-02,2026-07-02T22:16:16.654Z,15:16:16,2026-07-02 15:16:16,,,,,,,spotlight-prolific
256ATUE4,691626ec4628eb27b37781b0,1,ele,13,2,2,3,21, allow ,21013,757966,714,109,105.95833587646484,684.7083740234375,125.95833587646484,730.7292098999023,2,8,That it is unnecessarily long,1,,,2026-07-02,2026-07-02,2026-07-02T22:16:16.654Z,15:16:16,2026-07-02 15:16:16,,,,,,,spotlight-prolific
256ATUE4,691626ec4628eb27b37781b0,1,ele,13,2,2,3,9, days’ ,21064,758018,752,83,65.95833587646484,724.78125,85.95833587646484,771.1354179382324,1,9,That it is unnecessarily long,1,,,2026-07-02,2026-07-02,2026-07-02T22:16:16.654Z,15:16:16,2026-07-02 15:16:16,,,,,,,spotlight-prolific
256ATUE4,691626ec4628eb27b37781b0,1,ele,13,2,2,3,10, paid ,21112,758066,773,69,65.95833587646484,771.1354370117188,85.95833587646484,810.1771049499512,1,10,That it is unnecessarily long,1,,,2026-07-02,2026-07-02,2026-07-02T22:16:16.654Z,15:16:16,2026-07-02 15:16:16,,,,,,,spotlight-prolific
256ATUE4,691626ec4628eb27b37781b0,1,ele,13,2,2,3,10, paid ,21155,758109,775,67,65.95833587646484,771.1354370117188,85.95833587646484,810.1771049499512,1,10,That it is unnecessarily long,1,,,2026-07-02,2026-07-02,2026-07-02T22:16:16.654Z,15:16:16,2026-07-02 15:16:16,,,,,,,spotlight-prolific
256ATUE4,691626ec4628eb27b37781b0,1,ele,13,2,2,3,10, paid ,21206,758159,777,66,65.95833587646484,771.1354370117188,85.95833587646484,810.1771049499512,1,10,That it is unnecessarily long,1,,,2026-07-02,2026-07-02,2026-07-02T22:16:16.654Z,15:16:16,2026-07-02 15:16:16,,,,,,,spotlight-prolific
256ATUE4,691626ec4628eb27b37781b0,1,ele,13,2,2,3,10, paid ,21259,758213,778,66,65.95833587646484,771.1354370117188,85.95833587646484,810.1771049499512,1,10,That it is unnecessarily long,1,,,2026-07-02,2026-07-02,2026-07-02T22:16:16.654Z,15:16:16,2026-07-02 15:16:16,,,,,,,spotlight-prolific
256ATUE4,691626ec4628eb27b37781b0,1,ele,13,2,2,3,10, paid ,21306,758260,778,66,65.95833587646484,771.1354370117188,85.95833587646484,810.1771049499512,1,10,That it is unnecessarily long,1,,,2026-07-02,2026-07-02,2026-07-02T22:16:16.654Z,15:16:16,2026-07-02 15:16:16,,,,,,,spotlight-prolific
256ATUE4,691626ec4628eb27b37781b0,1,ele,13,2,2,3,10, paid ,21353,758306,778,66,65.95833587646484,771.1354370117188,85.95833587646484,810.1771049499512,1,10,That it is unnecessarily long,1,,,2026-07-02,2026-07-02,2026-07-02T22:16:16.654Z,15:16:16,2026-07-02 15:16:16,,,,,,,spotlight-prolific
256ATUE4,691626ec4628eb27b37781b0,1,ele,13,2,2,3,10, paid ,21418,758372,799,75,65.95833587646484,771.1354370117188,85.95833587646484,810.1771049499512,1,10,That it is unnecessarily long,1,,,2026-07-02,2026-07-02,2026-07-02T22:16:16.654Z,15:16:16,2026-07-02 15:16:16,,,,,,,spotlight-prolific
256ATUE4,691626ec4628eb27b37781b0,1,ele,13,2,2,3,12, a ,21465,758418,880,90,65.95833587646484,872.2291870117188,85.95833587646484,887.250020980835,1,12,That it is unnecessarily long,1,,,2026-07-02,2026-07-02,2026-07-02T22:16:16.654Z,15:16:16,2026-07-02 15:16:16,,,,,,,spotlight-prolific
256ATUE4,691626ec4628eb27b37781b0,1,ele,13,2,2,3,12, a ,21506,758459,885,90,65.95833587646484,872.2291870117188,85.95833587646484,887.250020980835,1,12,That it is unnecessarily long,1,,,2026-07-02,2026-07-02,2026-07-02T22:16:16.654Z,15:16:16,2026-07-02 15:16:16,,,,,,,spotlight-prolific
256ATUE4,691626ec4628eb27b37781b0,1,ele,13,2,2,3,12, a ,21555,758508,885,90,65.95833587646484,872.2291870117188,85.95833587646484,887.250020980835,1,12,That it is unnecessarily long,1,,,2026-07-02,2026-07-02,2026-07-02T22:16:16.654Z,15:16:16,2026-07-02 15:16:16,,,,,,,spotlight-prolific
256ATUE4,691626ec4628eb27b37781b0,1,ele,13,2,2,3,12, a ,21603,758557,885,90,65.95833587646484,872.2291870117188,85.95833587646484,887.250020980835,1,12,That it is unnecessarily long,1,,,2026-07-02,2026-07-02,2026-07-02T22:16:16.654Z,15:16:16,2026-07-02 15:16:16,,,,,,,spotlight-prolific
256ATUE4,691626ec4628eb27b37781b0,1,ele,13,2,2,3,12, a ,21666,758620,885,90,65.95833587646484,872.2291870117188,85.95833587646484,887.250020980835,1,12,That it is unnecessarily long,1,,,2026-07-02,2026-07-02,2026-07-02T22:16:16.654Z,15:16:16,2026-07-02 15:16:16,,,,,,,spotlight-prolific
256ATUE4,691626ec4628eb27b37781b0,1,ele,13,2,2,3,12, a ,21713,758666,885,90,65.95833587646484,872.2291870117188,85.95833587646484,887.250020980835,1,12,That it is unnecessarily long,1,,,2026-07-02,2026-07-02,2026-07-02T22:16:16.654Z,15:16:16,2026-07-02 15:16:16,,,,,,,spotlight-prolific
256ATUE4,691626ec4628eb27b37781b0,1,ele,13,2,2,3,12, a ,21760,758713,885,90,65.95833587646484,872.2291870117188,85.95833587646484,887.250020980835,1,12,That it is unnecessarily long,1,,,2026-07-02,2026-07-02,2026-07-02T22:16:16.654Z,15:16:16,2026-07-02 15:16:16,,,,,,,spotlight-prolific
256ATUE4,691626ec4628eb27b37781b0,1,ele,13,2,2,3,12, a ,21807,758760,885,90,65.95833587646484,872.2291870117188,85.95833587646484,887.250020980835,1,12,That it is unnecessarily long,1,,,2026-07-02,2026-07-02,2026-07-02T22:16:16.654Z,15:16:16,2026-07-02 15:16:16,,,,,,,spotlight-prolific
256ATUE4,691626ec4628eb27b37781b0,1,ele,13,2,2,3,12, a ,21853,758807,885,90,65.95833587646484,872.2291870117188,85.95833587646484,887.250020980835,1,12,That it is unnecessarily long,1,,,2026-07-02,2026-07-02,2026-07-02T22:16:16.654Z,15:16:16,2026-07-02 15:16:16,,,,,,,spotlight-prolific
256ATUE4,691626ec4628eb27b37781b0,1,ele,13,2,2,3,24, minimum ,21915,758869,854,97,105.95833587646484,790.7708740234375,125.95833587646484,868.7812957763672,2,11,That it is unnecessarily long,1,,,2026-07-02,2026-07-02,2026-07-02T22:16:16.654Z,15:16:16,2026-07-02 15:16:16,,,,,,,spotlight-prolific
256ATUE4,691626ec4628eb27b37781b0,1,ele,13,2,2,3,22, them ,21966,758919,765,113,105.95833587646484,730.7291870117188,125.95833587646484,775.7500228881836,2,9,That it is unnecessarily long,1,,,2026-07-02,2026-07-02,2026-07-02T22:16:16.654Z,15:16:16,2026-07-02 15:16:16,,,,,,,spotlight-prolific
256ATUE4,691626ec4628eb27b37781b0,1,ele,13,2,2,3,19, Companies ,22015,758968,593,130,105.95833587646484,544.6458740234375,125.95833587646484,640.6979598999023,2,6,That it is unnecessarily long,1,,,2026-07-02,2026-07-02,2026-07-02T22:16:16.654Z,15:16:16,2026-07-02 15:16:16,,,,,,,spotlight-prolific
256ATUE4,691626ec4628eb27b37781b0,1,ele,13,2,2,3,32, one-day ,22062,759015,506,136,145.95834350585938,465.26043701171875,165.95834350585938,535.3125228881836,3,5,That it is unnecessarily long,1,,,2026-07-02,2026-07-02,2026-07-02T22:16:16.654Z,15:16:16,2026-07-02 15:16:16,,,,,,,spotlight-prolific
256ATUE4,691626ec4628eb27b37781b0,1,ele,13,2,2,3,32, one-day ,22102,759056,505,136,145.95834350585938,465.26043701171875,165.95834350585938,535.3125228881836,3,5,That it is unnecessarily long,1,,,2026-07-02,2026-07-02,2026-07-02T22:16:16.654Z,15:16:16,2026-07-02 15:16:16,,,,,,,spotlight-prolific
256ATUE4,691626ec4628eb27b37781b0,1,ele,13,2,2,3,17, global ,22159,759113,436,133,105.95833587646484,416.54168701171875,125.95833587646484,469.5937728881836,2,4,That it is unnecessarily long,1,,,2026-07-02,2026-07-02,2026-07-02T22:16:16.654Z,15:16:16,2026-07-02 15:16:16,,,,,,,spotlight-prolific
256ATUE4,691626ec4628eb27b37781b0,1,ele,13,2,2,3,17, global ,22202,759155,418,135,105.95833587646484,416.54168701171875,125.95833587646484,469.5937728881836,2,4,That it is unnecessarily long,1,,,2026-07-02,2026-07-02,2026-07-02T22:16:16.654Z,15:16:16,2026-07-02 15:16:16,,,,,,,spotlight-prolific
256ATUE4,691626ec4628eb27b37781b0,1,ele,13,2,2,3,29," holiday, ",22265,759219,384,143,145.95834350585938,336.4895935058594,165.95834350585938,402.1979293823242,3,2,That it is unnecessarily long,1,,,2026-07-02,2026-07-02,2026-07-02T22:16:16.654Z,15:16:16,2026-07-02 15:16:16,,,,,,,spotlight-prolific
256ATUE4,691626ec4628eb27b37781b0,1,ele,13,2,2,3,29," holiday, ",22315,759268,346,152,145.95834350585938,336.4895935058594,165.95834350585938,402.1979293823242,3,2,That it is unnecessarily long,1,,,2026-07-02,2026-07-02,2026-07-02T22:16:16.654Z,15:16:16,2026-07-02 15:16:16,,,,,,,spotlight-prolific
256ATUE4,691626ec4628eb27b37781b0,1,ele,13,2,2,3,28, paid ,22366,759319,308,152,145.95834350585938,297.44793701171875,165.95834350585938,336.4896049499512,3,1,That it is unnecessarily long,1,,,2026-07-02,2026-07-02,2026-07-02T22:16:16.654Z,15:16:16,2026-07-02 15:16:16,,,,,,,spotlight-prolific
256ATUE4,691626ec4628eb27b37781b0,1,ele,13,2,2,3,-1,999,22411,759364,289,152,,,,,,,That it is unnecessarily long,1,,,2026-07-02,2026-07-02,2026-07-02T22:16:16.654Z,15:16:16,2026-07-02 15:16:16,,,,,,,spotlight-prolific
256ATUE4,691626ec4628eb27b37781b0,1,ele,13,2,2,3,-1,999,22462,759415,266,145,,,,,,,That it is unnecessarily long,1,,,2026-07-02,2026-07-02,2026-07-02T22:16:16.654Z,15:16:16,2026-07-02 15:16:16,,,,,,,spotlight-prolific
256ATUE4,691626ec4628eb27b37781b0,1,ele,13,2,2,3,-1,999,22514,759468,262,144,,,,,,,That it is unnecessarily long,1,,,2026-07-02,2026-07-02,2026-07-02T22:16:16.654Z,15:16:16,2026-07-02 15:16:16,,,,,,,spotlight-prolific
256ATUE4,691626ec4628eb27b37781b0,1,ele,13,2,2,3,-1,999,22560,759514,257,143,,,,,,,That it is unnecessarily long,1,,,2026-07-02,2026-07-02,2026-07-02T22:16:16.654Z,15:16:16,2026-07-02 15:16:16,,,,,,,spotlight-prolific
256ATUE4,691626ec4628eb27b37781b0,1,ele,13,2,2,3,-1,999,22600,759554,256,143,,,,,,,That it is unnecessarily long,1,,,2026-07-02,2026-07-02,2026-07-02T22:16:16.654Z,15:16:16,2026-07-02 15:16:16,,,,,,,spotlight-prolific
256ATUE4,691626ec4628eb27b37781b0,1,ele,13,2,2,3,-1,999,22656,759609,257,139,,,,,,,That it is unnecessarily long,1,,,2026-07-02,2026-07-02,2026-07-02T22:16:16.654Z,15:16:16,2026-07-02 15:16:16,,,,,,,spotlight-prolific
256ATUE4,691626ec4628eb27b37781b0,1,ele,13,2,2,3,-1,999,22706,759659,261,135,,,,,,,That it is unnecessarily long,1,,,2026-07-02,2026-07-02,2026-07-02T22:16:16.654Z,15:16:16,2026-07-02 15:16:16,,,,,,,spotlight-prolific
256ATUE4,691626ec4628eb27b37781b0,1,ele,13,2,2,3,-1,999,22756,759710,265,132,,,,,,,That it is unnecessarily long,1,,,2026-07-02,2026-07-02,2026-07-02T22:16:16.654Z,15:16:16,2026-07-02 15:16:16,,,,,,,spotlight-prolific
256ATUE4,691626ec4628eb27b37781b0,1,ele,13,2,2,3,-1,999,22804,759758,266,132,,,,,,,That it is unnecessarily long,1,,,2026-07-02,2026-07-02,2026-07-02T22:16:16.654Z,15:16:16,2026-07-02 15:16:16,,,,,,,spotlight-prolific
256ATUE4,691626ec4628eb27b37781b0,1,ele,13,2,2,3,-1,999,22854,759807,266,132,,,,,,,That it is unnecessarily long,1,,,2026-07-02,2026-07-02,2026-07-02T22:16:16.654Z,15:16:16,2026-07-02 15:16:16,,,,,,,spotlight-prolific
256ATUE4,691626ec4628eb27b37781b0,1,ele,13,2,2,3,-1,999,22901,759854,266,132,,,,,,,That it is unnecessarily long,1,,,2026-07-02,2026-07-02,2026-07-02T22:16:16.654Z,15:16:16,2026-07-02 15:16:16,,,,,,,spotlight-prolific
256ATUE4,691626ec4628eb27b37781b0,1,ele,13,2,2,3,-1,999,22966,759919,273,131,,,,,,,That it is unnecessarily long,1,,,2026-07-02,2026-07-02,2026-07-02T22:16:16.654Z,15:16:16,2026-07-02 15:16:16,,,,,,,spotlight-prolific
256ATUE4,691626ec4628eb27b37781b0,1,ele,13,2,2,3,-1,999,23001,759954,275,131,,,,,,,That it is unnecessarily long,1,,,2026-07-02,2026-07-02,2026-07-02T22:16:16.654Z,15:16:16,2026-07-02 15:16:16,,,,,,,spotlight-prolific
256ATUE4,691626ec4628eb27b37781b0,1,ele,13,2,2,3,-1,999,23054,760008,277,132,,,,,,,That it is unnecessarily long,1,,,2026-07-02,2026-07-02,2026-07-02T22:16:16.654Z,15:16:16,2026-07-02 15:16:16,,,,,,,spotlight-prolific
256ATUE4,691626ec4628eb27b37781b0,1,ele,13,2,2,3,-1,999,23105,760058,277,132,,,,,,,That it is unnecessarily long,1,,,2026-07-02,2026-07-02,2026-07-02T22:16:16.654Z,15:16:16,2026-07-02 15:16:16,,,,,,,spotlight-prolific
256ATUE4,691626ec4628eb27b37781b0,1,ele,13,2,2,3,14, fewer ,23154,760108,295,133,105.95833587646484,297.44793701171875,125.95833587646484,346.4687728881836,2,1,That it is unnecessarily long,1,,,2026-07-02,2026-07-02,2026-07-02T22:16:16.654Z,15:16:16,2026-07-02 15:16:16,,,,,,,spotlight-prolific
256ATUE4,691626ec4628eb27b37781b0,1,ele,13,2,2,3,15, than ,23215,760168,385,132,105.95833587646484,346.46875,125.95833587646484,386.5104179382324,2,2,That it is unnecessarily long,1,,,2026-07-02,2026-07-02,2026-07-02T22:16:16.654Z,15:16:16,2026-07-02 15:16:16,,,,,,,spotlight-prolific
256ATUE4,691626ec4628eb27b37781b0,1,ele,13,2,2,3,16, the ,23259,760212,397,131,105.95833587646484,386.51043701171875,125.95833587646484,416.54168701171875,2,3,That it is unnecessarily long,1,,,2026-07-02,2026-07-02,2026-07-02T22:16:16.654Z,15:16:16,2026-07-02 15:16:16,,,,,,,spotlight-prolific
256ATUE4,691626ec4628eb27b37781b0,1,ele,13,2,2,3,16, the ,23308,760261,400,131,105.95833587646484,386.51043701171875,125.95833587646484,416.54168701171875,2,3,That it is unnecessarily long,1,,,2026-07-02,2026-07-02,2026-07-02T22:16:16.654Z,15:16:16,2026-07-02 15:16:16,,,,,,,spotlight-prolific
256ATUE4,691626ec4628eb27b37781b0,1,ele,13,2,2,3,16, the ,23362,760315,401,131,105.95833587646484,386.51043701171875,125.95833587646484,416.54168701171875,2,3,That it is unnecessarily long,1,,,2026-07-02,2026-07-02,2026-07-02T22:16:16.654Z,15:16:16,2026-07-02 15:16:16,,,,,,,spotlight-prolific
256ATUE4,691626ec4628eb27b37781b0,1,ele,13,2,2,3,16, the ,23402,760356,404,130,105.95833587646484,386.51043701171875,125.95833587646484,416.54168701171875,2,3,That it is unnecessarily long,1,,,2026-07-02,2026-07-02,2026-07-02T22:16:16.654Z,15:16:16,2026-07-02 15:16:16,,,,,,,spotlight-prolific
256ATUE4,691626ec4628eb27b37781b0,1,ele,13,2,2,3,16, the ,23466,760420,413,128,105.95833587646484,386.51043701171875,125.95833587646484,416.54168701171875,2,3,That it is unnecessarily long,1,,,2026-07-02,2026-07-02,2026-07-02T22:16:16.654Z,15:16:16,2026-07-02 15:16:16,,,,,,,spotlight-prolific
256ATUE4,691626ec4628eb27b37781b0,1,ele,13,2,2,3,17, global ,23515,760469,430,128,105.95833587646484,416.54168701171875,125.95833587646484,469.5937728881836,2,4,That it is unnecessarily long,1,,,2026-07-02,2026-07-02,2026-07-02T22:16:16.654Z,15:16:16,2026-07-02 15:16:16,,,,,,,spotlight-prolific
256ATUE4,691626ec4628eb27b37781b0,1,ele,13,2,2,3,17, global ,23558,760512,436,128,105.95833587646484,416.54168701171875,125.95833587646484,469.5937728881836,2,4,That it is unnecessarily long,1,,,2026-07-02,2026-07-02,2026-07-02T22:16:16.654Z,15:16:16,2026-07-02 15:16:16,,,,,,,spotlight-prolific
256ATUE4,691626ec4628eb27b37781b0,1,ele,13,2,2,3,17, global ,23609,760562,436,128,105.95833587646484,416.54168701171875,125.95833587646484,469.5937728881836,2,4,That it is unnecessarily long,1,,,2026-07-02,2026-07-02,2026-07-02T22:16:16.654Z,15:16:16,2026-07-02 15:16:16,,,,,,,spotlight-prolific
256ATUE4,691626ec4628eb27b37781b0,1,ele,13,2,2,3,17, global ,23655,760609,436,128,105.95833587646484,416.54168701171875,125.95833587646484,469.5937728881836,2,4,That it is unnecessarily long,1,,,2026-07-02,2026-07-02,2026-07-02T22:16:16.654Z,15:16:16,2026-07-02 15:16:16,,,,,,,spotlight-prolific
256ATUE4,691626ec4628eb27b37781b0,1,ele,13,2,2,3,17, global ,23718,760671,436,128,105.95833587646484,416.54168701171875,125.95833587646484,469.5937728881836,2,4,That it is unnecessarily long,1,,,2026-07-02,2026-07-02,2026-07-02T22:16:16.654Z,15:16:16,2026-07-02 15:16:16,,,,,,,spotlight-prolific
256ATUE4,691626ec4628eb27b37781b0,1,ele,13,2,2,3,17, global ,23763,760717,436,128,105.95833587646484,416.54168701171875,125.95833587646484,469.5937728881836,2,4,That it is unnecessarily long,1,,,2026-07-02,2026-07-02,2026-07-02T22:16:16.654Z,15:16:16,2026-07-02 15:16:16,,,,,,,spotlight-prolific
256ATUE4,691626ec4628eb27b37781b0,1,ele,13,2,2,3,17, global ,23802,760755,436,127,105.95833587646484,416.54168701171875,125.95833587646484,469.5937728881836,2,4,That it is unnecessarily long,1,,,2026-07-02,2026-07-02,2026-07-02T22:16:16.654Z,15:16:16,2026-07-02 15:16:16,,,,,,,spotlight-prolific
256ATUE4,691626ec4628eb27b37781b0,1,ele,13,2,2,3,17, global ,23856,760810,436,127,105.95833587646484,416.54168701171875,125.95833587646484,469.5937728881836,2,4,That it is unnecessarily long,1,,,2026-07-02,2026-07-02,2026-07-02T22:16:16.654Z,15:16:16,2026-07-02 15:16:16,,,,,,,spotlight-prolific
256ATUE4,691626ec4628eb27b37781b0,1,ele,13,2,2,3,17, global ,23903,760857,436,127,105.95833587646484,416.54168701171875,125.95833587646484,469.5937728881836,2,4,That it is unnecessarily long,1,,,2026-07-02,2026-07-02,2026-07-02T22:16:16.654Z,15:16:16,2026-07-02 15:16:16,,,,,,,spotlight-prolific
256ATUE4,691626ec4628eb27b37781b0,1,ele,13,2,2,3,17, global ,23965,760919,436,127,105.95833587646484,416.54168701171875,125.95833587646484,469.5937728881836,2,4,That it is unnecessarily long,1,,,2026-07-02,2026-07-02,2026-07-02T22:16:16.654Z,15:16:16,2026-07-02 15:16:16,,,,,,,spotlight-prolific
256ATUE4,691626ec4628eb27b37781b0,1,ele,13,2,2,3,17, global ,24012,760966,436,127,105.95833587646484,416.54168701171875,125.95833587646484,469.5937728881836,2,4,That it is unnecessarily long,1,,,2026-07-02,2026-07-02,2026-07-02T22:16:16.654Z,15:16:16,2026-07-02 15:16:16,,,,,,,spotlight-prolific
256ATUE4,691626ec4628eb27b37781b0,1,ele,13,2,2,3,17, global ,24059,761013,436,127,105.95833587646484,416.54168701171875,125.95833587646484,469.5937728881836,2,4,That it is unnecessarily long,1,,,2026-07-02,2026-07-02,2026-07-02T22:16:16.654Z,15:16:16,2026-07-02 15:16:16,,,,,,,spotlight-prolific
256ATUE4,691626ec4628eb27b37781b0,1,ele,13,2,2,3,17, global ,24106,761059,436,127,105.95833587646484,416.54168701171875,125.95833587646484,469.5937728881836,2,4,That it is unnecessarily long,1,,,2026-07-02,2026-07-02,2026-07-02T22:16:16.654Z,15:16:16,2026-07-02 15:16:16,,,,,,,spotlight-prolific
256ATUE4,691626ec4628eb27b37781b0,1,ele,13,2,2,3,17, global ,24165,761118,437,126,105.95833587646484,416.54168701171875,125.95833587646484,469.5937728881836,2,4,That it is unnecessarily long,1,,,2026-07-02,2026-07-02,2026-07-02T22:16:16.654Z,15:16:16,2026-07-02 15:16:16,,,,,,,spotlight-prolific
256ATUE4,691626ec4628eb27b37781b0,1,ele,13,2,2,3,17, global ,24206,761160,460,125,105.95833587646484,416.54168701171875,125.95833587646484,469.5937728881836,2,4,That it is unnecessarily long,1,,,2026-07-02,2026-07-02,2026-07-02T22:16:16.654Z,15:16:16,2026-07-02 15:16:16,,,,,,,spotlight-prolific
256ATUE4,691626ec4628eb27b37781b0,1,ele,13,2,2,3,17, global ,24253,761206,467,125,105.95833587646484,416.54168701171875,125.95833587646484,469.5937728881836,2,4,That it is unnecessarily long,1,,,2026-07-02,2026-07-02,2026-07-02T22:16:16.654Z,15:16:16,2026-07-02 15:16:16,,,,,,,spotlight-prolific
256ATUE4,691626ec4628eb27b37781b0,1,ele,13,2,2,3,18, average. ,24302,761256,483,125,105.95833587646484,469.59375,125.95833587646484,544.6458358764648,2,5,That it is unnecessarily long,1,,,2026-07-02,2026-07-02,2026-07-02T22:16:16.654Z,15:16:16,2026-07-02 15:16:16,,,,,,,spotlight-prolific
256ATUE4,691626ec4628eb27b37781b0,1,ele,13,2,2,3,18, average. ,24351,761305,504,125,105.95833587646484,469.59375,125.95833587646484,544.6458358764648,2,5,That it is unnecessarily long,1,,,2026-07-02,2026-07-02,2026-07-02T22:16:16.654Z,15:16:16,2026-07-02 15:16:16,,,,,,,spotlight-prolific
256ATUE4,691626ec4628eb27b37781b0,1,ele,13,2,2,3,18, average. ,24402,761356,514,125,105.95833587646484,469.59375,125.95833587646484,544.6458358764648,2,5,That it is unnecessarily long,1,,,2026-07-02,2026-07-02,2026-07-02T22:16:16.654Z,15:16:16,2026-07-02 15:16:16,,,,,,,spotlight-prolific
256ATUE4,691626ec4628eb27b37781b0,1,ele,13,2,2,3,18, average. ,24452,761405,529,125,105.95833587646484,469.59375,125.95833587646484,544.6458358764648,2,5,That it is unnecessarily long,1,,,2026-07-02,2026-07-02,2026-07-02T22:16:16.654Z,15:16:16,2026-07-02 15:16:16,,,,,,,spotlight-prolific
256ATUE4,691626ec4628eb27b37781b0,1,ele,13,2,2,3,18, average. ,24501,761455,536,125,105.95833587646484,469.59375,125.95833587646484,544.6458358764648,2,5,That it is unnecessarily long,1,,,2026-07-02,2026-07-02,2026-07-02T22:16:16.654Z,15:16:16,2026-07-02 15:16:16,,,,,,,spotlight-prolific
256ATUE4,691626ec4628eb27b37781b0,1,ele,13,2,2,3,18, average. ,24558,761512,536,125,105.95833587646484,469.59375,125.95833587646484,544.6458358764648,2,5,That it is unnecessarily long,1,,,2026-07-02,2026-07-02,2026-07-02T22:16:16.654Z,15:16:16,2026-07-02 15:16:16,,,,,,,spotlight-prolific
256ATUE4,691626ec4628eb27b37781b0,1,ele,13,2,2,3,18, average. ,24617,761571,544,125,105.95833587646484,469.59375,125.95833587646484,544.6458358764648,2,5,That it is unnecessarily long,1,,,2026-07-02,2026-07-02,2026-07-02T22:16:16.654Z,15:16:16,2026-07-02 15:16:16,,,,,,,spotlight-prolific
256ATUE4,691626ec4628eb27b37781b0,1,ele,13,2,2,3,19, Companies ,24667,761620,553,126,105.95833587646484,544.6458740234375,125.95833587646484,640.6979598999023,2,6,That it is unnecessarily long,1,,,2026-07-02,2026-07-02,2026-07-02T22:16:16.654Z,15:16:16,2026-07-02 15:16:16,,,,,,,spotlight-prolific
256ATUE4,691626ec4628eb27b37781b0,1,ele,13,2,2,3,19, Companies ,24718,761671,565,129,105.95833587646484,544.6458740234375,125.95833587646484,640.6979598999023,2,6,That it is unnecessarily long,1,,,2026-07-02,2026-07-02,2026-07-02T22:16:16.654Z,15:16:16,2026-07-02 15:16:16,,,,,,,spotlight-prolific
256ATUE4,691626ec4628eb27b37781b0,1,ele,13,2,2,3,19, Companies ,24767,761721,582,133,105.95833587646484,544.6458740234375,125.95833587646484,640.6979598999023,2,6,That it is unnecessarily long,1,,,2026-07-02,2026-07-02,2026-07-02T22:16:16.654Z,15:16:16,2026-07-02 15:16:16,,,,,,,spotlight-prolific
256ATUE4,691626ec4628eb27b37781b0,1,ele,13,2,2,3,19, Companies ,24815,761768,593,134,105.95833587646484,544.6458740234375,125.95833587646484,640.6979598999023,2,6,That it is unnecessarily long,1,,,2026-07-02,2026-07-02,2026-07-02T22:16:16.654Z,15:16:16,2026-07-02 15:16:16,,,,,,,spotlight-prolific
256ATUE4,691626ec4628eb27b37781b0,1,ele,13,2,2,3,19, Companies ,24852,761806,594,134,105.95833587646484,544.6458740234375,125.95833587646484,640.6979598999023,2,6,That it is unnecessarily long,1,,,2026-07-02,2026-07-02,2026-07-02T22:16:16.654Z,15:16:16,2026-07-02 15:16:16,,,,,,,spotlight-prolific
256ATUE4,691626ec4628eb27b37781b0,1,ele,13,2,2,3,19, Companies ,24909,761863,595,134,105.95833587646484,544.6458740234375,125.95833587646484,640.6979598999023,2,6,That it is unnecessarily long,1,,,2026-07-02,2026-07-02,2026-07-02T22:16:16.654Z,15:16:16,2026-07-02 15:16:16,,,,,,,spotlight-prolific
256ATUE4,691626ec4628eb27b37781b0,1,ele,13,2,2,3,19, Companies ,24967,761920,606,134,105.95833587646484,544.6458740234375,125.95833587646484,640.6979598999023,2,6,That it is unnecessarily long,1,,,2026-07-02,2026-07-02,2026-07-02T22:16:16.654Z,15:16:16,2026-07-02 15:16:16,,,,,,,spotlight-prolific
256ATUE4,691626ec4628eb27b37781b0,1,ele,13,2,2,3,19, Companies ,25019,761972,622,134,105.95833587646484,544.6458740234375,125.95833587646484,640.6979598999023,2,6,That it is unnecessarily long,1,,,2026-07-02,2026-07-02,2026-07-02T22:16:16.654Z,15:16:16,2026-07-02 15:16:16,,,,,,,spotlight-prolific
256ATUE4,691626ec4628eb27b37781b0,1,ele,13,2,2,3,19, Companies ,25065,762018,631,134,105.95833587646484,544.6458740234375,125.95833587646484,640.6979598999023,2,6,That it is unnecessarily long,1,,,2026-07-02,2026-07-02,2026-07-02T22:16:16.654Z,15:16:16,2026-07-02 15:16:16,,,,,,,spotlight-prolific
256ATUE4,691626ec4628eb27b37781b0,1,ele,13,2,2,3,19, Companies ,25109,762063,633,134,105.95833587646484,544.6458740234375,125.95833587646484,640.6979598999023,2,6,That it is unnecessarily long,1,,,2026-07-02,2026-07-02,2026-07-02T22:16:16.654Z,15:16:16,2026-07-02 15:16:16,,,,,,,spotlight-prolific
256ATUE4,691626ec4628eb27b37781b0,1,ele,13,2,2,3,19, Companies ,25159,762113,634,134,105.95833587646484,544.6458740234375,125.95833587646484,640.6979598999023,2,6,That it is unnecessarily long,1,,,2026-07-02,2026-07-02,2026-07-02T22:16:16.654Z,15:16:16,2026-07-02 15:16:16,,,,,,,spotlight-prolific
256ATUE4,691626ec4628eb27b37781b0,1,ele,13,2,2,3,19, Companies ,25214,762167,635,134,105.95833587646484,544.6458740234375,125.95833587646484,640.6979598999023,2,6,That it is unnecessarily long,1,,,2026-07-02,2026-07-02,2026-07-02T22:16:16.654Z,15:16:16,2026-07-02 15:16:16,,,,,,,spotlight-prolific
256ATUE4,691626ec4628eb27b37781b0,1,ele,13,2,2,3,19, Companies ,25260,762213,637,134,105.95833587646484,544.6458740234375,125.95833587646484,640.6979598999023,2,6,That it is unnecessarily long,1,,,2026-07-02,2026-07-02,2026-07-02T22:16:16.654Z,15:16:16,2026-07-02 15:16:16,,,,,,,spotlight-prolific
256ATUE4,691626ec4628eb27b37781b0,1,ele,13,2,2,3,19, Companies ,25308,762262,637,134,105.95833587646484,544.6458740234375,125.95833587646484,640.6979598999023,2,6,That it is unnecessarily long,1,,,2026-07-02,2026-07-02,2026-07-02T22:16:16.654Z,15:16:16,2026-07-02 15:16:16,,,,,,,spotlight-prolific
256ATUE4,691626ec4628eb27b37781b0,1,ele,13,2,2,3,19, Companies ,25356,762309,637,134,105.95833587646484,544.6458740234375,125.95833587646484,640.6979598999023,2,6,That it is unnecessarily long,1,,,2026-07-02,2026-07-02,2026-07-02T22:16:16.654Z,15:16:16,2026-07-02 15:16:16,,,,,,,spotlight-prolific
256ATUE4,691626ec4628eb27b37781b0,1,ele,13,2,2,3,19, Companies ,25418,762372,637,134,105.95833587646484,544.6458740234375,125.95833587646484,640.6979598999023,2,6,That it is unnecessarily long,1,,,2026-07-02,2026-07-02,2026-07-02T22:16:16.654Z,15:16:16,2026-07-02 15:16:16,,,,,,,spotlight-prolific
256ATUE4,691626ec4628eb27b37781b0,1,ele,13,2,2,3,19, Companies ,25465,762418,637,134,105.95833587646484,544.6458740234375,125.95833587646484,640.6979598999023,2,6,That it is unnecessarily long,1,,,2026-07-02,2026-07-02,2026-07-02T22:16:16.654Z,15:16:16,2026-07-02 15:16:16,,,,,,,spotlight-prolific
256ATUE4,691626ec4628eb27b37781b0,1,ele,13,2,2,3,19, Companies ,25512,762465,637,134,105.95833587646484,544.6458740234375,125.95833587646484,640.6979598999023,2,6,That it is unnecessarily long,1,,,2026-07-02,2026-07-02,2026-07-02T22:16:16.654Z,15:16:16,2026-07-02 15:16:16,,,,,,,spotlight-prolific
256ATUE4,691626ec4628eb27b37781b0,1,ele,13,2,2,3,19, Companies ,25559,762512,637,134,105.95833587646484,544.6458740234375,125.95833587646484,640.6979598999023,2,6,That it is unnecessarily long,1,,,2026-07-02,2026-07-02,2026-07-02T22:16:16.654Z,15:16:16,2026-07-02 15:16:16,,,,,,,spotlight-prolific
256ATUE4,691626ec4628eb27b37781b0,1,ele,13,2,2,3,19, Companies ,25605,762559,637,134,105.95833587646484,544.6458740234375,125.95833587646484,640.6979598999023,2,6,That it is unnecessarily long,1,,,2026-07-02,2026-07-02,2026-07-02T22:16:16.654Z,15:16:16,2026-07-02 15:16:16,,,,,,,spotlight-prolific
256ATUE4,691626ec4628eb27b37781b0,1,ele,13,2,2,3,19, Companies ,25668,762621,637,134,105.95833587646484,544.6458740234375,125.95833587646484,640.6979598999023,2,6,That it is unnecessarily long,1,,,2026-07-02,2026-07-02,2026-07-02T22:16:16.654Z,15:16:16,2026-07-02 15:16:16,,,,,,,spotlight-prolific
256ATUE4,691626ec4628eb27b37781b0,1,ele,13,2,2,3,19, Companies ,25715,762668,637,134,105.95833587646484,544.6458740234375,125.95833587646484,640.6979598999023,2,6,That it is unnecessarily long,1,,,2026-07-02,2026-07-02,2026-07-02T22:16:16.654Z,15:16:16,2026-07-02 15:16:16,,,,,,,spotlight-prolific
256ATUE4,691626ec4628eb27b37781b0,1,ele,13,2,2,3,19, Companies ,25762,762715,637,134,105.95833587646484,544.6458740234375,125.95833587646484,640.6979598999023,2,6,That it is unnecessarily long,1,,,2026-07-02,2026-07-02,2026-07-02T22:16:16.654Z,15:16:16,2026-07-02 15:16:16,,,,,,,spotlight-prolific
256ATUE4,691626ec4628eb27b37781b0,1,ele,13,2,2,3,19, Companies ,25808,762762,637,134,105.95833587646484,544.6458740234375,125.95833587646484,640.6979598999023,2,6,That it is unnecessarily long,1,,,2026-07-02,2026-07-02,2026-07-02T22:16:16.654Z,15:16:16,2026-07-02 15:16:16,,,,,,,spotlight-prolific
256ATUE4,691626ec4628eb27b37781b0,1,ele,13,2,2,3,19, Companies ,25853,762807,637,133,105.95833587646484,544.6458740234375,125.95833587646484,640.6979598999023,2,6,That it is unnecessarily long,1,,,2026-07-02,2026-07-02,2026-07-02T22:16:16.654Z,15:16:16,2026-07-02 15:16:16,,,,,,,spotlight-prolific
256ATUE4,691626ec4628eb27b37781b0,1,ele,13,2,2,3,19, Companies ,25909,762862,637,133,105.95833587646484,544.6458740234375,125.95833587646484,640.6979598999023,2,6,That it is unnecessarily long,1,,,2026-07-02,2026-07-02,2026-07-02T22:16:16.654Z,15:16:16,2026-07-02 15:16:16,,,,,,,spotlight-prolific
256ATUE4,691626ec4628eb27b37781b0,1,ele,13,2,2,3,19, Companies ,25956,762909,637,133,105.95833587646484,544.6458740234375,125.95833587646484,640.6979598999023,2,6,That it is unnecessarily long,1,,,2026-07-02,2026-07-02,2026-07-02T22:16:16.654Z,15:16:16,2026-07-02 15:16:16,,,,,,,spotlight-prolific
256ATUE4,691626ec4628eb27b37781b0,1,ele,13,2,2,3,19, Companies ,26018,762972,637,133,105.95833587646484,544.6458740234375,125.95833587646484,640.6979598999023,2,6,That it is unnecessarily long,1,,,2026-07-02,2026-07-02,2026-07-02T22:16:16.654Z,15:16:16,2026-07-02 15:16:16,,,,,,,spotlight-prolific
256ATUE4,691626ec4628eb27b37781b0,1,ele,13,2,2,3,19, Companies ,26065,763018,637,133,105.95833587646484,544.6458740234375,125.95833587646484,640.6979598999023,2,6,That it is unnecessarily long,1,,,2026-07-02,2026-07-02,2026-07-02T22:16:16.654Z,15:16:16,2026-07-02 15:16:16,,,,,,,spotlight-prolific
256ATUE4,691626ec4628eb27b37781b0,1,ele,13,2,2,3,19, Companies ,26112,763066,637,133,105.95833587646484,544.6458740234375,125.95833587646484,640.6979598999023,2,6,That it is unnecessarily long,1,,,2026-07-02,2026-07-02,2026-07-02T22:16:16.654Z,15:16:16,2026-07-02 15:16:16,,,,,,,spotlight-prolific
256ATUE4,691626ec4628eb27b37781b0,1,ele,13,2,2,3,19, Companies ,26159,763112,637,133,105.95833587646484,544.6458740234375,125.95833587646484,640.6979598999023,2,6,That it is unnecessarily long,1,,,2026-07-02,2026-07-02,2026-07-02T22:16:16.654Z,15:16:16,2026-07-02 15:16:16,,,,,,,spotlight-prolific
256ATUE4,691626ec4628eb27b37781b0,1,ele,13,2,2,3,19, Companies ,26206,763159,637,133,105.95833587646484,544.6458740234375,125.95833587646484,640.6979598999023,2,6,That it is unnecessarily long,1,,,2026-07-02,2026-07-02,2026-07-02T22:16:16.654Z,15:16:16,2026-07-02 15:16:16,,,,,,,spotlight-prolific
256ATUE4,691626ec4628eb27b37781b0,1,ele,13,2,2,3,19, Companies ,26253,763206,637,133,105.95833587646484,544.6458740234375,125.95833587646484,640.6979598999023,2,6,That it is unnecessarily long,1,,,2026-07-02,2026-07-02,2026-07-02T22:16:16.654Z,15:16:16,2026-07-02 15:16:16,,,,,,,spotlight-prolific
256ATUE4,691626ec4628eb27b37781b0,1,ele,13,2,2,3,19, Companies ,26315,763269,637,133,105.95833587646484,544.6458740234375,125.95833587646484,640.6979598999023,2,6,That it is unnecessarily long,1,,,2026-07-02,2026-07-02,2026-07-02T22:16:16.654Z,15:16:16,2026-07-02 15:16:16,,,,,,,spotlight-prolific
256ATUE4,691626ec4628eb27b37781b0,1,ele,13,2,2,3,19, Companies ,26362,763315,637,133,105.95833587646484,544.6458740234375,125.95833587646484,640.6979598999023,2,6,That it is unnecessarily long,1,,,2026-07-02,2026-07-02,2026-07-02T22:16:16.654Z,15:16:16,2026-07-02 15:16:16,,,,,,,spotlight-prolific
256ATUE4,691626ec4628eb27b37781b0,1,ele,13,2,2,3,19, Companies ,26408,763362,637,133,105.95833587646484,544.6458740234375,125.95833587646484,640.6979598999023,2,6,That it is unnecessarily long,1,,,2026-07-02,2026-07-02,2026-07-02T22:16:16.654Z,15:16:16,2026-07-02 15:16:16,,,,,,,spotlight-prolific
256ATUE4,691626ec4628eb27b37781b0,1,ele,13,2,2,3,19, Companies ,26470,763424,635,133,105.95833587646484,544.6458740234375,125.95833587646484,640.6979598999023,2,6,That it is unnecessarily long,1,,,2026-07-02,2026-07-02,2026-07-02T22:16:16.654Z,15:16:16,2026-07-02 15:16:16,,,,,,,spotlight-prolific
256ATUE4,691626ec4628eb27b37781b0,1,ele,13,2,2,3,19, Companies ,26502,763455,631,133,105.95833587646484,544.6458740234375,125.95833587646484,640.6979598999023,2,6,That it is unnecessarily long,1,,,2026-07-02,2026-07-02,2026-07-02T22:16:16.654Z,15:16:16,2026-07-02 15:16:16,,,,,,,spotlight-prolific
256ATUE4,691626ec4628eb27b37781b0,1,ele,13,2,2,3,19, Companies ,26551,763505,618,133,105.95833587646484,544.6458740234375,125.95833587646484,640.6979598999023,2,6,That it is unnecessarily long,1,,,2026-07-02,2026-07-02,2026-07-02T22:16:16.654Z,15:16:16,2026-07-02 15:16:16,,,,,,,spotlight-prolific
256ATUE4,691626ec4628eb27b37781b0,1,ele,13,2,2,3,19, Companies ,26603,763556,558,133,105.95833587646484,544.6458740234375,125.95833587646484,640.6979598999023,2,6,That it is unnecessarily long,1,,,2026-07-02,2026-07-02,2026-07-02T22:16:16.654Z,15:16:16,2026-07-02 15:16:16,,,,,,,spotlight-prolific
256ATUE4,691626ec4628eb27b37781b0,1,ele,13,2,2,3,33, national ,26651,763605,540,136,145.95834350585938,535.3125,165.95834350585938,603.375,3,6,That it is unnecessarily long,1,,,2026-07-02,2026-07-02,2026-07-02T22:16:16.654Z,15:16:16,2026-07-02 15:16:16,,,,,,,spotlight-prolific
256ATUE4,691626ec4628eb27b37781b0,1,ele,13,2,2,3,33, national ,26713,763666,540,136,145.95834350585938,535.3125,165.95834350585938,603.375,3,6,That it is unnecessarily long,1,,,2026-07-02,2026-07-02,2026-07-02T22:16:16.654Z,15:16:16,2026-07-02 15:16:16,,,,,,,spotlight-prolific
256ATUE4,691626ec4628eb27b37781b0,1,ele,13,2,2,3,33, national ,26763,763717,540,137,145.95834350585938,535.3125,165.95834350585938,603.375,3,6,That it is unnecessarily long,1,,,2026-07-02,2026-07-02,2026-07-02T22:16:16.654Z,15:16:16,2026-07-02 15:16:16,,,,,,,spotlight-prolific
256ATUE4,691626ec4628eb27b37781b0,1,ele,13,2,2,3,33, national ,26813,763766,540,137,145.95834350585938,535.3125,165.95834350585938,603.375,3,6,That it is unnecessarily long,1,,,2026-07-02,2026-07-02,2026-07-02T22:16:16.654Z,15:16:16,2026-07-02 15:16:16,,,,,,,spotlight-prolific
256ATUE4,691626ec4628eb27b37781b0,1,ele,13,2,2,3,33, national ,26854,763808,558,139,145.95834350585938,535.3125,165.95834350585938,603.375,3,6,That it is unnecessarily long,1,,,2026-07-02,2026-07-02,2026-07-02T22:16:16.654Z,15:16:16,2026-07-02 15:16:16,,,,,,,spotlight-prolific
256ATUE4,691626ec4628eb27b37781b0,1,ele,13,2,2,3,34, holidays. ,26906,763859,618,139,145.95834350585938,603.375,165.95834350585938,679.4270858764648,3,7,That it is unnecessarily long,1,,,2026-07-02,2026-07-02,2026-07-02T22:16:16.654Z,15:16:16,2026-07-02 15:16:16,,,,,,,spotlight-prolific
256ATUE4,691626ec4628eb27b37781b0,1,ele,13,2,2,3,20, must ,26954,763907,652,135,105.95833587646484,640.6979370117188,125.95833587646484,684.7083549499512,2,7,That it is unnecessarily long,1,,,2026-07-02,2026-07-02,2026-07-02T22:16:16.654Z,15:16:16,2026-07-02 15:16:16,,,,,,,spotlight-prolific
256ATUE4,691626ec4628eb27b37781b0,1,ele,13,2,2,3,20, must ,27002,763956,671,133,105.95833587646484,640.6979370117188,125.95833587646484,684.7083549499512,2,7,That it is unnecessarily long,1,,,2026-07-02,2026-07-02,2026-07-02T22:16:16.654Z,15:16:16,2026-07-02 15:16:16,,,,,,,spotlight-prolific
256ATUE4,691626ec4628eb27b37781b0,1,ele,13,2,2,3,21, allow ,27054,764007,693,129,105.95833587646484,684.7083740234375,125.95833587646484,730.7292098999023,2,8,That it is unnecessarily long,1,,,2026-07-02,2026-07-02,2026-07-02T22:16:16.654Z,15:16:16,2026-07-02 15:16:16,,,,,,,spotlight-prolific
256ATUE4,691626ec4628eb27b37781b0,1,ele,13,2,2,3,21, allow ,27101,764055,698,127,105.95833587646484,684.7083740234375,125.95833587646484,730.7292098999023,2,8,That it is unnecessarily long,1,,,2026-07-02,2026-07-02,2026-07-02T22:16:16.654Z,15:16:16,2026-07-02 15:16:16,,,,,,,spotlight-prolific
256ATUE4,691626ec4628eb27b37781b0,1,ele,13,2,2,3,21, allow ,27161,764114,698,127,105.95833587646484,684.7083740234375,125.95833587646484,730.7292098999023,2,8,That it is unnecessarily long,1,,,2026-07-02,2026-07-02,2026-07-02T22:16:16.654Z,15:16:16,2026-07-02 15:16:16,,,,,,,spotlight-prolific
256ATUE4,691626ec4628eb27b37781b0,1,ele,13,2,2,3,21, allow ,27208,764161,698,127,105.95833587646484,684.7083740234375,125.95833587646484,730.7292098999023,2,8,That it is unnecessarily long,1,,,2026-07-02,2026-07-02,2026-07-02T22:16:16.654Z,15:16:16,2026-07-02 15:16:16,,,,,,,spotlight-prolific
256ATUE4,691626ec4628eb27b37781b0,1,ele,13,2,2,3,21, allow ,27255,764208,698,127,105.95833587646484,684.7083740234375,125.95833587646484,730.7292098999023,2,8,That it is unnecessarily long,1,,,2026-07-02,2026-07-02,2026-07-02T22:16:16.654Z,15:16:16,2026-07-02 15:16:16,,,,,,,spotlight-prolific
256ATUE4,691626ec4628eb27b37781b0,1,ele,13,2,2,3,21, allow ,27317,764271,698,127,105.95833587646484,684.7083740234375,125.95833587646484,730.7292098999023,2,8,That it is unnecessarily long,1,,,2026-07-02,2026-07-02,2026-07-02T22:16:16.654Z,15:16:16,2026-07-02 15:16:16,,,,,,,spotlight-prolific
256ATUE4,691626ec4628eb27b37781b0,1,ele,13,2,2,3,21, allow ,27354,764307,698,127,105.95833587646484,684.7083740234375,125.95833587646484,730.7292098999023,2,8,That it is unnecessarily long,1,,,2026-07-02,2026-07-02,2026-07-02T22:16:16.654Z,15:16:16,2026-07-02 15:16:16,,,,,,,spotlight-prolific
256ATUE4,691626ec4628eb27b37781b0,1,ele,13,2,2,3,21, allow ,27414,764368,698,126,105.95833587646484,684.7083740234375,125.95833587646484,730.7292098999023,2,8,That it is unnecessarily long,1,,,2026-07-02,2026-07-02,2026-07-02T22:16:16.654Z,15:16:16,2026-07-02 15:16:16,,,,,,,spotlight-prolific
256ATUE4,691626ec4628eb27b37781b0,1,ele,13,2,2,3,21, allow ,27453,764407,700,122,105.95833587646484,684.7083740234375,125.95833587646484,730.7292098999023,2,8,That it is unnecessarily long,1,,,2026-07-02,2026-07-02,2026-07-02T22:16:16.654Z,15:16:16,2026-07-02 15:16:16,,,,,,,spotlight-prolific
256ATUE4,691626ec4628eb27b37781b0,1,ele,13,2,2,3,21, allow ,27502,764455,702,121,105.95833587646484,684.7083740234375,125.95833587646484,730.7292098999023,2,8,That it is unnecessarily long,1,,,2026-07-02,2026-07-02,2026-07-02T22:16:16.654Z,15:16:16,2026-07-02 15:16:16,,,,,,,spotlight-prolific
256ATUE4,691626ec4628eb27b37781b0,1,ele,13,2,2,3,21, allow ,27554,764507,704,120,105.95833587646484,684.7083740234375,125.95833587646484,730.7292098999023,2,8,That it is unnecessarily long,1,,,2026-07-02,2026-07-02,2026-07-02T22:16:16.654Z,15:16:16,2026-07-02 15:16:16,,,,,,,spotlight-prolific
256ATUE4,691626ec4628eb27b37781b0,1,ele,13,2,2,3,21, allow ,27602,764555,710,118,105.95833587646484,684.7083740234375,125.95833587646484,730.7292098999023,2,8,That it is unnecessarily long,1,,,2026-07-02,2026-07-02,2026-07-02T22:16:16.654Z,15:16:16,2026-07-02 15:16:16,,,,,,,spotlight-prolific
256ATUE4,691626ec4628eb27b37781b0,1,ele,13,2,2,3,21, allow ,27654,764608,719,117,105.95833587646484,684.7083740234375,125.95833587646484,730.7292098999023,2,8,That it is unnecessarily long,1,,,2026-07-02,2026-07-02,2026-07-02T22:16:16.654Z,15:16:16,2026-07-02 15:16:16,,,,,,,spotlight-prolific
256ATUE4,691626ec4628eb27b37781b0,1,ele,13,2,2,3,21, allow ,27703,764657,730,117,105.95833587646484,684.7083740234375,125.95833587646484,730.7292098999023,2,8,That it is unnecessarily long,1,,,2026-07-02,2026-07-02,2026-07-02T22:16:16.654Z,15:16:16,2026-07-02 15:16:16,,,,,,,spotlight-prolific
256ATUE4,691626ec4628eb27b37781b0,1,ele,13,2,2,3,22, them ,27754,764708,745,117,105.95833587646484,730.7291870117188,125.95833587646484,775.7500228881836,2,9,That it is unnecessarily long,1,,,2026-07-02,2026-07-02,2026-07-02T22:16:16.654Z,15:16:16,2026-07-02 15:16:16,,,,,,,spotlight-prolific
256ATUE4,691626ec4628eb27b37781b0,1,ele,13,2,2,3,22, them ,27803,764756,770,116,105.95833587646484,730.7291870117188,125.95833587646484,775.7500228881836,2,9,That it is unnecessarily long,1,,,2026-07-02,2026-07-02,2026-07-02T22:16:16.654Z,15:16:16,2026-07-02 15:16:16,,,,,,,spotlight-prolific
256ATUE4,691626ec4628eb27b37781b0,1,ele,13,2,2,3,23, a ,27855,764808,787,116,105.95833587646484,775.75,125.95833587646484,790.7708339691162,2,10,That it is unnecessarily long,1,,,2026-07-02,2026-07-02,2026-07-02T22:16:16.654Z,15:16:16,2026-07-02 15:16:16,,,,,,,spotlight-prolific
256ATUE4,691626ec4628eb27b37781b0,1,ele,13,2,2,3,23, a ,27906,764860,790,115,105.95833587646484,775.75,125.95833587646484,790.7708339691162,2,10,That it is unnecessarily long,1,,,2026-07-02,2026-07-02,2026-07-02T22:16:16.654Z,15:16:16,2026-07-02 15:16:16,,,,,,,spotlight-prolific
256ATUE4,691626ec4628eb27b37781b0,1,ele,13,2,2,3,24, minimum ,27954,764907,796,115,105.95833587646484,790.7708740234375,125.95833587646484,868.7812957763672,2,11,That it is unnecessarily long,1,,,2026-07-02,2026-07-02,2026-07-02T22:16:16.654Z,15:16:16,2026-07-02 15:16:16,,,,,,,spotlight-prolific
256ATUE4,691626ec4628eb27b37781b0,1,ele,13,2,2,3,24, minimum ,28007,764961,808,115,105.95833587646484,790.7708740234375,125.95833587646484,868.7812957763672,2,11,That it is unnecessarily long,1,,,2026-07-02,2026-07-02,2026-07-02T22:16:16.654Z,15:16:16,2026-07-02 15:16:16,,,,,,,spotlight-prolific
256ATUE4,691626ec4628eb27b37781b0,1,ele,13,2,2,3,24, minimum ,28056,765009,819,115,105.95833587646484,790.7708740234375,125.95833587646484,868.7812957763672,2,11,That it is unnecessarily long,1,,,2026-07-02,2026-07-02,2026-07-02T22:16:16.654Z,15:16:16,2026-07-02 15:16:16,,,,,,,spotlight-prolific
256ATUE4,691626ec4628eb27b37781b0,1,ele,13,2,2,3,24, minimum ,28105,765058,842,116,105.95833587646484,790.7708740234375,125.95833587646484,868.7812957763672,2,11,That it is unnecessarily long,1,,,2026-07-02,2026-07-02,2026-07-02T22:16:16.654Z,15:16:16,2026-07-02 15:16:16,,,,,,,spotlight-prolific
256ATUE4,691626ec4628eb27b37781b0,1,ele,13,2,2,3,24, minimum ,28154,765107,854,118,105.95833587646484,790.7708740234375,125.95833587646484,868.7812957763672,2,11,That it is unnecessarily long,1,,,2026-07-02,2026-07-02,2026-07-02T22:16:16.654Z,15:16:16,2026-07-02 15:16:16,,,,,,,spotlight-prolific
256ATUE4,691626ec4628eb27b37781b0,1,ele,13,2,2,3,24, minimum ,28213,765166,856,118,105.95833587646484,790.7708740234375,125.95833587646484,868.7812957763672,2,11,That it is unnecessarily long,1,,,2026-07-02,2026-07-02,2026-07-02T22:16:16.654Z,15:16:16,2026-07-02 15:16:16,,,,,,,spotlight-prolific
256ATUE4,691626ec4628eb27b37781b0,1,ele,13,2,2,3,24, minimum ,28263,765217,857,118,105.95833587646484,790.7708740234375,125.95833587646484,868.7812957763672,2,11,That it is unnecessarily long,1,,,2026-07-02,2026-07-02,2026-07-02T22:16:16.654Z,15:16:16,2026-07-02 15:16:16,,,,,,,spotlight-prolific
256ATUE4,691626ec4628eb27b37781b0,1,ele,13,2,2,3,24, minimum ,28301,765255,860,122,105.95833587646484,790.7708740234375,125.95833587646484,868.7812957763672,2,11,That it is unnecessarily long,1,,,2026-07-02,2026-07-02,2026-07-02T22:16:16.654Z,15:16:16,2026-07-02 15:16:16,,,,,,,spotlight-prolific
256ATUE4,691626ec4628eb27b37781b0,1,ele,13,2,2,3,24, minimum ,28353,765306,862,123,105.95833587646484,790.7708740234375,125.95833587646484,868.7812957763672,2,11,That it is unnecessarily long,1,,,2026-07-02,2026-07-02,2026-07-02T22:16:16.654Z,15:16:16,2026-07-02 15:16:16,,,,,,,spotlight-prolific
256ATUE4,691626ec4628eb27b37781b0,1,ele,13,2,2,3,24, minimum ,28402,765356,865,128,105.95833587646484,790.7708740234375,125.95833587646484,868.7812957763672,2,11,That it is unnecessarily long,1,,,2026-07-02,2026-07-02,2026-07-02T22:16:16.654Z,15:16:16,2026-07-02 15:16:16,,,,,,,spotlight-prolific
256ATUE4,691626ec4628eb27b37781b0,1,ele,13,2,2,3,24, minimum ,28453,765407,866,131,105.95833587646484,790.7708740234375,125.95833587646484,868.7812957763672,2,11,That it is unnecessarily long,1,,,2026-07-02,2026-07-02,2026-07-02T22:16:16.654Z,15:16:16,2026-07-02 15:16:16,,,,,,,spotlight-prolific
256ATUE4,691626ec4628eb27b37781b0,1,ele,13,2,2,3,38, employees ,28505,765459,821,142,145.95834350585938,783.4791870117188,165.95834350585938,875.5312728881836,3,11,That it is unnecessarily long,1,,,2026-07-02,2026-07-02,2026-07-02T22:16:16.654Z,15:16:16,2026-07-02 15:16:16,,,,,,,spotlight-prolific
256ATUE4,691626ec4628eb27b37781b0,1,ele,13,2,2,3,36, very ,28555,765508,722,153,145.95834350585938,711.4479370117188,165.95834350585938,750.4583549499512,3,9,That it is unnecessarily long,1,,,2026-07-02,2026-07-02,2026-07-02T22:16:16.654Z,15:16:16,2026-07-02 15:16:16,,,,,,,spotlight-prolific
256ATUE4,691626ec4628eb27b37781b0,1,ele,13,2,2,3,33, national ,28605,765559,597,162,145.95834350585938,535.3125,165.95834350585938,603.375,3,6,That it is unnecessarily long,1,,,2026-07-02,2026-07-02,2026-07-02T22:16:16.654Z,15:16:16,2026-07-02 15:16:16,,,,,,,spotlight-prolific
256ATUE4,691626ec4628eb27b37781b0,1,ele,13,2,2,3,32, one-day ,28654,765608,482,167,145.95834350585938,465.26043701171875,165.95834350585938,535.3125228881836,3,5,That it is unnecessarily long,1,,,2026-07-02,2026-07-02,2026-07-02T22:16:16.654Z,15:16:16,2026-07-02 15:16:16,,,,,,,spotlight-prolific
256ATUE4,691626ec4628eb27b37781b0,1,ele,13,2,2,3,31, 15 ,28705,765659,464,168,145.95834350585938,440.22918701171875,165.95834350585938,465.26043701171875,3,4,That it is unnecessarily long,1,,,2026-07-02,2026-07-02,2026-07-02T22:16:16.654Z,15:16:16,2026-07-02 15:16:16,,,,,,,spotlight-prolific
256ATUE4,691626ec4628eb27b37781b0,1,ele,13,2,2,3,29," holiday, ",28755,765709,362,166,145.95834350585938,336.4895935058594,165.95834350585938,402.1979293823242,3,2,That it is unnecessarily long,1,,,2026-07-02,2026-07-02,2026-07-02T22:16:16.654Z,15:16:16,2026-07-02 15:16:16,,,,,,,spotlight-prolific
256ATUE4,691626ec4628eb27b37781b0,1,ele,13,2,2,3,28, paid ,28804,765758,317,169,145.95834350585938,297.44793701171875,165.95834350585938,336.4896049499512,3,1,That it is unnecessarily long,1,,,2026-07-02,2026-07-02,2026-07-02T22:16:16.654Z,15:16:16,2026-07-02 15:16:16,,,,,,,spotlight-prolific
256ATUE4,691626ec4628eb27b37781b0,1,ele,13,2,2,3,28, paid ,28851,765805,314,169,145.95834350585938,297.44793701171875,165.95834350585938,336.4896049499512,3,1,That it is unnecessarily long,1,,,2026-07-02,2026-07-02,2026-07-02T22:16:16.654Z,15:16:16,2026-07-02 15:16:16,,,,,,,spotlight-prolific
256ATUE4,691626ec4628eb27b37781b0,1,ele,13,2,2,3,28, paid ,28905,765859,311,169,145.95834350585938,297.44793701171875,165.95834350585938,336.4896049499512,3,1,That it is unnecessarily long,1,,,2026-07-02,2026-07-02,2026-07-02T22:16:16.654Z,15:16:16,2026-07-02 15:16:16,,,,,,,spotlight-prolific
256ATUE4,691626ec4628eb27b37781b0,1,ele,13,2,2,3,28, paid ,28954,765908,302,168,145.95834350585938,297.44793701171875,165.95834350585938,336.4896049499512,3,1,That it is unnecessarily long,1,,,2026-07-02,2026-07-02,2026-07-02T22:16:16.654Z,15:16:16,2026-07-02 15:16:16,,,,,,,spotlight-prolific
256ATUE4,691626ec4628eb27b37781b0,1,ele,13,2,2,3,28, paid ,29003,765957,298,168,145.95834350585938,297.44793701171875,165.95834350585938,336.4896049499512,3,1,That it is unnecessarily long,1,,,2026-07-02,2026-07-02,2026-07-02T22:16:16.654Z,15:16:16,2026-07-02 15:16:16,,,,,,,spotlight-prolific
256ATUE4,691626ec4628eb27b37781b0,1,ele,13,2,2,3,28, paid ,29063,766017,298,168,145.95834350585938,297.44793701171875,165.95834350585938,336.4896049499512,3,1,That it is unnecessarily long,1,,,2026-07-02,2026-07-02,2026-07-02T22:16:16.654Z,15:16:16,2026-07-02 15:16:16,,,,,,,spotlight-prolific
256ATUE4,691626ec4628eb27b37781b0,1,ele,13,2,2,3,28, paid ,29105,766058,298,169,145.95834350585938,297.44793701171875,165.95834350585938,336.4896049499512,3,1,That it is unnecessarily long,1,,,2026-07-02,2026-07-02,2026-07-02T22:16:16.654Z,15:16:16,2026-07-02 15:16:16,,,,,,,spotlight-prolific
256ATUE4,691626ec4628eb27b37781b0,1,ele,13,2,2,3,28, paid ,29160,766114,296,169,145.95834350585938,297.44793701171875,165.95834350585938,336.4896049499512,3,1,That it is unnecessarily long,1,,,2026-07-02,2026-07-02,2026-07-02T22:16:16.654Z,15:16:16,2026-07-02 15:16:16,,,,,,,spotlight-prolific
256ATUE4,691626ec4628eb27b37781b0,1,ele,13,2,2,3,28, paid ,29205,766158,296,169,145.95834350585938,297.44793701171875,165.95834350585938,336.4896049499512,3,1,That it is unnecessarily long,1,,,2026-07-02,2026-07-02,2026-07-02T22:16:16.654Z,15:16:16,2026-07-02 15:16:16,,,,,,,spotlight-prolific
256ATUE4,691626ec4628eb27b37781b0,1,ele,13,2,2,3,28, paid ,29255,766208,303,168,145.95834350585938,297.44793701171875,165.95834350585938,336.4896049499512,3,1,That it is unnecessarily long,1,,,2026-07-02,2026-07-02,2026-07-02T22:16:16.654Z,15:16:16,2026-07-02 15:16:16,,,,,,,spotlight-prolific
256ATUE4,691626ec4628eb27b37781b0,1,ele,13,2,2,3,28, paid ,29306,766259,312,167,145.95834350585938,297.44793701171875,165.95834350585938,336.4896049499512,3,1,That it is unnecessarily long,1,,,2026-07-02,2026-07-02,2026-07-02T22:16:16.654Z,15:16:16,2026-07-02 15:16:16,,,,,,,spotlight-prolific
256ATUE4,691626ec4628eb27b37781b0,1,ele,13,2,2,3,28, paid ,29355,766308,327,167,145.95834350585938,297.44793701171875,165.95834350585938,336.4896049499512,3,1,That it is unnecessarily long,1,,,2026-07-02,2026-07-02,2026-07-02T22:16:16.654Z,15:16:16,2026-07-02 15:16:16,,,,,,,spotlight-prolific
256ATUE4,691626ec4628eb27b37781b0,1,ele,13,2,2,3,29," holiday, ",29405,766358,349,167,145.95834350585938,336.4895935058594,165.95834350585938,402.1979293823242,3,2,That it is unnecessarily long,1,,,2026-07-02,2026-07-02,2026-07-02T22:16:16.654Z,15:16:16,2026-07-02 15:16:16,,,,,,,spotlight-prolific
256ATUE4,691626ec4628eb27b37781b0,1,ele,13,2,2,3,29," holiday, ",29455,766408,360,167,145.95834350585938,336.4895935058594,165.95834350585938,402.1979293823242,3,2,That it is unnecessarily long,1,,,2026-07-02,2026-07-02,2026-07-02T22:16:16.654Z,15:16:16,2026-07-02 15:16:16,,,,,,,spotlight-prolific
256ATUE4,691626ec4628eb27b37781b0,1,ele,13,2,2,3,29," holiday, ",29506,766460,383,167,145.95834350585938,336.4895935058594,165.95834350585938,402.1979293823242,3,2,That it is unnecessarily long,1,,,2026-07-02,2026-07-02,2026-07-02T22:16:16.654Z,15:16:16,2026-07-02 15:16:16,,,,,,,spotlight-prolific
256ATUE4,691626ec4628eb27b37781b0,1,ele,13,2,2,3,29," holiday, ",29554,766508,400,166,145.95834350585938,336.4895935058594,165.95834350585938,402.1979293823242,3,2,That it is unnecessarily long,1,,,2026-07-02,2026-07-02,2026-07-02T22:16:16.654Z,15:16:16,2026-07-02 15:16:16,,,,,,,spotlight-prolific
256ATUE4,691626ec4628eb27b37781b0,1,ele,13,2,2,3,30, plus ,29605,766559,410,166,145.95834350585938,402.19793701171875,165.95834350585938,440.22918701171875,3,3,That it is unnecessarily long,1,,,2026-07-02,2026-07-02,2026-07-02T22:16:16.654Z,15:16:16,2026-07-02 15:16:16,,,,,,,spotlight-prolific
256ATUE4,691626ec4628eb27b37781b0,1,ele,13,2,2,3,30, plus ,29653,766607,418,166,145.95834350585938,402.19793701171875,165.95834350585938,440.22918701171875,3,3,That it is unnecessarily long,1,,,2026-07-02,2026-07-02,2026-07-02T22:16:16.654Z,15:16:16,2026-07-02 15:16:16,,,,,,,spotlight-prolific
256ATUE4,691626ec4628eb27b37781b0,1,ele,13,2,2,3,30, plus ,29704,766658,426,165,145.95834350585938,402.19793701171875,165.95834350585938,440.22918701171875,3,3,That it is unnecessarily long,1,,,2026-07-02,2026-07-02,2026-07-02T22:16:16.654Z,15:16:16,2026-07-02 15:16:16,,,,,,,spotlight-prolific
256ATUE4,691626ec4628eb27b37781b0,1,ele,13,2,2,3,30, plus ,29754,766708,430,164,145.95834350585938,402.19793701171875,165.95834350585938,440.22918701171875,3,3,That it is unnecessarily long,1,,,2026-07-02,2026-07-02,2026-07-02T22:16:16.654Z,15:16:16,2026-07-02 15:16:16,,,,,,,spotlight-prolific
256ATUE4,691626ec4628eb27b37781b0,1,ele,13,2,2,3,30, plus ,29807,766761,437,163,145.95834350585938,402.19793701171875,165.95834350585938,440.22918701171875,3,3,That it is unnecessarily long,1,,,2026-07-02,2026-07-02,2026-07-02T22:16:16.654Z,15:16:16,2026-07-02 15:16:16,,,,,,,spotlight-prolific
256ATUE4,691626ec4628eb27b37781b0,1,ele,13,2,2,3,31, 15 ,29853,766806,444,162,145.95834350585938,440.22918701171875,165.95834350585938,465.26043701171875,3,4,That it is unnecessarily long,1,,,2026-07-02,2026-07-02,2026-07-02T22:16:16.654Z,15:16:16,2026-07-02 15:16:16,,,,,,,spotlight-prolific
256ATUE4,691626ec4628eb27b37781b0,1,ele,13,2,2,3,31, 15 ,29902,766855,445,161,145.95834350585938,440.22918701171875,165.95834350585938,465.26043701171875,3,4,That it is unnecessarily long,1,,,2026-07-02,2026-07-02,2026-07-02T22:16:16.654Z,15:16:16,2026-07-02 15:16:16,,,,,,,spotlight-prolific
256ATUE4,691626ec4628eb27b37781b0,1,ele,13,2,2,3,31, 15 ,29964,766918,445,161,145.95834350585938,440.22918701171875,165.95834350585938,465.26043701171875,3,4,That it is unnecessarily long,1,,,2026-07-02,2026-07-02,2026-07-02T22:16:16.654Z,15:16:16,2026-07-02 15:16:16,,,,,,,spotlight-prolific
256ATUE4,691626ec4628eb27b37781b0,1,ele,13,2,2,3,31, 15 ,30011,766964,445,161,145.95834350585938,440.22918701171875,165.95834350585938,465.26043701171875,3,4,That it is unnecessarily long,1,,,2026-07-02,2026-07-02,2026-07-02T22:16:16.654Z,15:16:16,2026-07-02 15:16:16,,,,,,,spotlight-prolific
256ATUE4,691626ec4628eb27b37781b0,1,ele,13,2,2,3,31, 15 ,30058,767011,445,161,145.95834350585938,440.22918701171875,165.95834350585938,465.26043701171875,3,4,That it is unnecessarily long,1,,,2026-07-02,2026-07-02,2026-07-02T22:16:16.654Z,15:16:16,2026-07-02 15:16:16,,,,,,,spotlight-prolific
256ATUE4,691626ec4628eb27b37781b0,1,ele,13,2,2,3,31, 15 ,30105,767059,445,161,145.95834350585938,440.22918701171875,165.95834350585938,465.26043701171875,3,4,That it is unnecessarily long,1,,,2026-07-02,2026-07-02,2026-07-02T22:16:16.654Z,15:16:16,2026-07-02 15:16:16,,,,,,,spotlight-prolific
256ATUE4,691626ec4628eb27b37781b0,1,ele,13,2,2,3,31, 15 ,30160,767114,455,161,145.95834350585938,440.22918701171875,165.95834350585938,465.26043701171875,3,4,That it is unnecessarily long,1,,,2026-07-02,2026-07-02,2026-07-02T22:16:16.654Z,15:16:16,2026-07-02 15:16:16,,,,,,,spotlight-prolific
256ATUE4,691626ec4628eb27b37781b0,1,ele,13,2,2,3,31, 15 ,30205,767159,464,163,145.95834350585938,440.22918701171875,165.95834350585938,465.26043701171875,3,4,That it is unnecessarily long,1,,,2026-07-02,2026-07-02,2026-07-02T22:16:16.654Z,15:16:16,2026-07-02 15:16:16,,,,,,,spotlight-prolific
256ATUE4,691626ec4628eb27b37781b0,1,ele,13,2,2,3,32, one-day ,30257,767210,476,165,145.95834350585938,465.26043701171875,165.95834350585938,535.3125228881836,3,5,That it is unnecessarily long,1,,,2026-07-02,2026-07-02,2026-07-02T22:16:16.654Z,15:16:16,2026-07-02 15:16:16,,,,,,,spotlight-prolific
256ATUE4,691626ec4628eb27b37781b0,1,ele,13,2,2,3,32, one-day ,30305,767258,483,167,145.95834350585938,465.26043701171875,165.95834350585938,535.3125228881836,3,5,That it is unnecessarily long,1,,,2026-07-02,2026-07-02,2026-07-02T22:16:16.654Z,15:16:16,2026-07-02 15:16:16,,,,,,,spotlight-prolific
256ATUE4,691626ec4628eb27b37781b0,1,ele,13,2,2,3,32, one-day ,30354,767307,489,167,145.95834350585938,465.26043701171875,165.95834350585938,535.3125228881836,3,5,That it is unnecessarily long,1,,,2026-07-02,2026-07-02,2026-07-02T22:16:16.654Z,15:16:16,2026-07-02 15:16:16,,,,,,,spotlight-prolific
256ATUE4,691626ec4628eb27b37781b0,1,ele,13,2,2,3,32, one-day ,30403,767357,492,167,145.95834350585938,465.26043701171875,165.95834350585938,535.3125228881836,3,5,That it is unnecessarily long,1,,,2026-07-02,2026-07-02,2026-07-02T22:16:16.654Z,15:16:16,2026-07-02 15:16:16,,,,,,,spotlight-prolific
256ATUE4,691626ec4628eb27b37781b0,1,ele,13,2,2,3,32, one-day ,30463,767417,493,167,145.95834350585938,465.26043701171875,165.95834350585938,535.3125228881836,3,5,That it is unnecessarily long,1,,,2026-07-02,2026-07-02,2026-07-02T22:16:16.654Z,15:16:16,2026-07-02 15:16:16,,,,,,,spotlight-prolific
256ATUE4,691626ec4628eb27b37781b0,1,ele,13,2,2,3,32, one-day ,30506,767459,494,167,145.95834350585938,465.26043701171875,165.95834350585938,535.3125228881836,3,5,That it is unnecessarily long,1,,,2026-07-02,2026-07-02,2026-07-02T22:16:16.654Z,15:16:16,2026-07-02 15:16:16,,,,,,,spotlight-prolific
256ATUE4,691626ec4628eb27b37781b0,1,ele,13,2,2,3,32, one-day ,30565,767519,494,167,145.95834350585938,465.26043701171875,165.95834350585938,535.3125228881836,3,5,That it is unnecessarily long,1,,,2026-07-02,2026-07-02,2026-07-02T22:16:16.654Z,15:16:16,2026-07-02 15:16:16,,,,,,,spotlight-prolific
256ATUE4,691626ec4628eb27b37781b0,1,ele,13,2,2,3,32, one-day ,30612,767566,495,167,145.95834350585938,465.26043701171875,165.95834350585938,535.3125228881836,3,5,That it is unnecessarily long,1,,,2026-07-02,2026-07-02,2026-07-02T22:16:16.654Z,15:16:16,2026-07-02 15:16:16,,,,,,,spotlight-prolific
256ATUE4,691626ec4628eb27b37781b0,1,ele,13,2,2,3,32, one-day ,30663,767617,495,167,145.95834350585938,465.26043701171875,165.95834350585938,535.3125228881836,3,5,That it is unnecessarily long,1,,,2026-07-02,2026-07-02,2026-07-02T22:16:16.654Z,15:16:16,2026-07-02 15:16:16,,,,,,,spotlight-prolific
256ATUE4,691626ec4628eb27b37781b0,1,ele,13,2,2,3,32, one-day ,30710,767664,495,167,145.95834350585938,465.26043701171875,165.95834350585938,535.3125228881836,3,5,That it is unnecessarily long,1,,,2026-07-02,2026-07-02,2026-07-02T22:16:16.654Z,15:16:16,2026-07-02 15:16:16,,,,,,,spotlight-prolific
256ATUE4,691626ec4628eb27b37781b0,1,ele,13,2,2,3,32, one-day ,30757,767711,495,167,145.95834350585938,465.26043701171875,165.95834350585938,535.3125228881836,3,5,That it is unnecessarily long,1,,,2026-07-02,2026-07-02,2026-07-02T22:16:16.654Z,15:16:16,2026-07-02 15:16:16,,,,,,,spotlight-prolific
256ATUE4,691626ec4628eb27b37781b0,1,ele,13,2,2,3,32, one-day ,30813,767766,496,167,145.95834350585938,465.26043701171875,165.95834350585938,535.3125228881836,3,5,That it is unnecessarily long,1,,,2026-07-02,2026-07-02,2026-07-02T22:16:16.654Z,15:16:16,2026-07-02 15:16:16,,,,,,,spotlight-prolific
256ATUE4,691626ec4628eb27b37781b0,1,ele,13,2,2,3,32, one-day ,30856,767810,510,161,145.95834350585938,465.26043701171875,165.95834350585938,535.3125228881836,3,5,That it is unnecessarily long,1,,,2026-07-02,2026-07-02,2026-07-02T22:16:16.654Z,15:16:16,2026-07-02 15:16:16,,,,,,,spotlight-prolific
256ATUE4,691626ec4628eb27b37781b0,1,ele,13,2,2,3,32, one-day ,30908,767861,516,159,145.95834350585938,465.26043701171875,165.95834350585938,535.3125228881836,3,5,That it is unnecessarily long,1,,,2026-07-02,2026-07-02,2026-07-02T22:16:16.654Z,15:16:16,2026-07-02 15:16:16,,,,,,,spotlight-prolific
256ATUE4,691626ec4628eb27b37781b0,1,ele,13,2,2,3,32, one-day ,30957,767910,526,156,145.95834350585938,465.26043701171875,165.95834350585938,535.3125228881836,3,5,That it is unnecessarily long,1,,,2026-07-02,2026-07-02,2026-07-02T22:16:16.654Z,15:16:16,2026-07-02 15:16:16,,,,,,,spotlight-prolific
256ATUE4,691626ec4628eb27b37781b0,1,ele,13,2,2,3,32, one-day ,31004,767957,532,155,145.95834350585938,465.26043701171875,165.95834350585938,535.3125228881836,3,5,That it is unnecessarily long,1,,,2026-07-02,2026-07-02,2026-07-02T22:16:16.654Z,15:16:16,2026-07-02 15:16:16,,,,,,,spotlight-prolific
256ATUE4,691626ec4628eb27b37781b0,1,ele,13,2,2,3,32, one-day ,31065,768019,532,155,145.95834350585938,465.26043701171875,165.95834350585938,535.3125228881836,3,5,That it is unnecessarily long,1,,,2026-07-02,2026-07-02,2026-07-02T22:16:16.654Z,15:16:16,2026-07-02 15:16:16,,,,,,,spotlight-prolific
256ATUE4,691626ec4628eb27b37781b0,1,ele,13,2,2,3,32, one-day ,31115,768068,533,155,145.95834350585938,465.26043701171875,165.95834350585938,535.3125228881836,3,5,That it is unnecessarily long,1,,,2026-07-02,2026-07-02,2026-07-02T22:16:16.654Z,15:16:16,2026-07-02 15:16:16,,,,,,,spotlight-prolific
256ATUE4,691626ec4628eb27b37781b0,1,ele,13,2,2,3,32, one-day ,31164,768117,533,155,145.95834350585938,465.26043701171875,165.95834350585938,535.3125228881836,3,5,That it is unnecessarily long,1,,,2026-07-02,2026-07-02,2026-07-02T22:16:16.654Z,15:16:16,2026-07-02 15:16:16,,,,,,,spotlight-prolific
256ATUE4,691626ec4628eb27b37781b0,1,ele,13,2,2,3,32, one-day ,31210,768164,533,155,145.95834350585938,465.26043701171875,165.95834350585938,535.3125228881836,3,5,That it is unnecessarily long,1,,,2026-07-02,2026-07-02,2026-07-02T22:16:16.654Z,15:16:16,2026-07-02 15:16:16,,,,,,,spotlight-prolific
256ATUE4,691626ec4628eb27b37781b0,1,ele,13,2,2,3,32, one-day ,31257,768211,533,155,145.95834350585938,465.26043701171875,165.95834350585938,535.3125228881836,3,5,That it is unnecessarily long,1,,,2026-07-02,2026-07-02,2026-07-02T22:16:16.654Z,15:16:16,2026-07-02 15:16:16,,,,,,,spotlight-prolific
256ATUE4,691626ec4628eb27b37781b0,1,ele,13,2,2,3,32, one-day ,31304,768258,533,155,145.95834350585938,465.26043701171875,165.95834350585938,535.3125228881836,3,5,That it is unnecessarily long,1,,,2026-07-02,2026-07-02,2026-07-02T22:16:16.654Z,15:16:16,2026-07-02 15:16:16,,,,,,,spotlight-prolific
256ATUE4,691626ec4628eb27b37781b0,1,ele,13,2,2,3,32, one-day ,31357,768310,533,154,145.95834350585938,465.26043701171875,165.95834350585938,535.3125228881836,3,5,That it is unnecessarily long,1,,,2026-07-02,2026-07-02,2026-07-02T22:16:16.654Z,15:16:16,2026-07-02 15:16:16,,,,,,,spotlight-prolific
256ATUE4,691626ec4628eb27b37781b0,1,ele,13,2,2,3,32, one-day ,31417,768371,530,151,145.95834350585938,465.26043701171875,165.95834350585938,535.3125228881836,3,5,That it is unnecessarily long,1,,,2026-07-02,2026-07-02,2026-07-02T22:16:16.654Z,15:16:16,2026-07-02 15:16:16,,,,,,,spotlight-prolific
256ATUE4,691626ec4628eb27b37781b0,1,ele,13,2,2,3,32, one-day ,31457,768410,501,150,145.95834350585938,465.26043701171875,165.95834350585938,535.3125228881836,3,5,That it is unnecessarily long,1,,,2026-07-02,2026-07-02,2026-07-02T22:16:16.654Z,15:16:16,2026-07-02 15:16:16,,,,,,,spotlight-prolific
256ATUE4,691626ec4628eb27b37781b0,1,ele,13,2,2,3,32, one-day ,31507,768460,482,151,145.95834350585938,465.26043701171875,165.95834350585938,535.3125228881836,3,5,That it is unnecessarily long,1,,,2026-07-02,2026-07-02,2026-07-02T22:16:16.654Z,15:16:16,2026-07-02 15:16:16,,,,,,,spotlight-prolific
256ATUE4,691626ec4628eb27b37781b0,1,ele,13,2,2,3,31, 15 ,31557,768510,454,151,145.95834350585938,440.22918701171875,165.95834350585938,465.26043701171875,3,4,That it is unnecessarily long,1,,,2026-07-02,2026-07-02,2026-07-02T22:16:16.654Z,15:16:16,2026-07-02 15:16:16,,,,,,,spotlight-prolific
256ATUE4,691626ec4628eb27b37781b0,1,ele,13,2,2,3,31, 15 ,31604,768558,442,154,145.95834350585938,440.22918701171875,165.95834350585938,465.26043701171875,3,4,That it is unnecessarily long,1,,,2026-07-02,2026-07-02,2026-07-02T22:16:16.654Z,15:16:16,2026-07-02 15:16:16,,,,,,,spotlight-prolific
256ATUE4,691626ec4628eb27b37781b0,1,ele,13,2,2,3,30, plus ,31651,768605,440,154,145.95834350585938,402.19793701171875,165.95834350585938,440.22918701171875,3,3,That it is unnecessarily long,1,,,2026-07-02,2026-07-02,2026-07-02T22:16:16.654Z,15:16:16,2026-07-02 15:16:16,,,,,,,spotlight-prolific
256ATUE4,691626ec4628eb27b37781b0,1,ele,13,2,2,3,30, plus ,31716,768670,438,154,145.95834350585938,402.19793701171875,165.95834350585938,440.22918701171875,3,3,That it is unnecessarily long,1,,,2026-07-02,2026-07-02,2026-07-02T22:16:16.654Z,15:16:16,2026-07-02 15:16:16,,,,,,,spotlight-prolific
256ATUE4,691626ec4628eb27b37781b0,1,ele,13,2,2,3,30, plus ,31756,768709,434,154,145.95834350585938,402.19793701171875,165.95834350585938,440.22918701171875,3,3,That it is unnecessarily long,1,,,2026-07-02,2026-07-02,2026-07-02T22:16:16.654Z,15:16:16,2026-07-02 15:16:16,,,,,,,spotlight-prolific
256ATUE4,691626ec4628eb27b37781b0,1,ele,13,2,2,3,30, plus ,31817,768770,434,154,145.95834350585938,402.19793701171875,165.95834350585938,440.22918701171875,3,3,That it is unnecessarily long,1,,,2026-07-02,2026-07-02,2026-07-02T22:16:16.654Z,15:16:16,2026-07-02 15:16:16,,,,,,,spotlight-prolific
256ATUE4,691626ec4628eb27b37781b0,1,ele,13,2,2,3,30, plus ,31864,768817,434,154,145.95834350585938,402.19793701171875,165.95834350585938,440.22918701171875,3,3,That it is unnecessarily long,1,,,2026-07-02,2026-07-02,2026-07-02T22:16:16.654Z,15:16:16,2026-07-02 15:16:16,,,,,,,spotlight-prolific
256ATUE4,691626ec4628eb27b37781b0,1,ele,13,2,2,3,30, plus ,31911,768864,434,154,145.95834350585938,402.19793701171875,165.95834350585938,440.22918701171875,3,3,That it is unnecessarily long,1,,,2026-07-02,2026-07-02,2026-07-02T22:16:16.654Z,15:16:16,2026-07-02 15:16:16,,,,,,,spotlight-prolific
256ATUE4,691626ec4628eb27b37781b0,1,ele,13,2,2,3,30, plus ,31957,768911,434,154,145.95834350585938,402.19793701171875,165.95834350585938,440.22918701171875,3,3,That it is unnecessarily long,1,,,2026-07-02,2026-07-02,2026-07-02T22:16:16.654Z,15:16:16,2026-07-02 15:16:16,,,,,,,spotlight-prolific
256ATUE4,691626ec4628eb27b37781b0,1,ele,13,2,2,3,30, plus ,32004,768958,434,154,145.95834350585938,402.19793701171875,165.95834350585938,440.22918701171875,3,3,That it is unnecessarily long,1,,,2026-07-02,2026-07-02,2026-07-02T22:16:16.654Z,15:16:16,2026-07-02 15:16:16,,,,,,,spotlight-prolific
256ATUE4,691626ec4628eb27b37781b0,1,ele,13,2,2,3,30, plus ,32067,769020,434,154,145.95834350585938,402.19793701171875,165.95834350585938,440.22918701171875,3,3,That it is unnecessarily long,1,,,2026-07-02,2026-07-02,2026-07-02T22:16:16.654Z,15:16:16,2026-07-02 15:16:16,,,,,,,spotlight-prolific
256ATUE4,691626ec4628eb27b37781b0,1,ele,13,2,2,3,30, plus ,32114,769067,434,154,145.95834350585938,402.19793701171875,165.95834350585938,440.22918701171875,3,3,That it is unnecessarily long,1,,,2026-07-02,2026-07-02,2026-07-02T22:16:16.654Z,15:16:16,2026-07-02 15:16:16,,,,,,,spotlight-prolific
256ATUE4,691626ec4628eb27b37781b0,1,ele,13,2,2,3,30, plus ,32161,769114,434,154,145.95834350585938,402.19793701171875,165.95834350585938,440.22918701171875,3,3,That it is unnecessarily long,1,,,2026-07-02,2026-07-02,2026-07-02T22:16:16.654Z,15:16:16,2026-07-02 15:16:16,,,,,,,spotlight-prolific
256ATUE4,691626ec4628eb27b37781b0,1,ele,13,2,2,3,30, plus ,32207,769161,434,154,145.95834350585938,402.19793701171875,165.95834350585938,440.22918701171875,3,3,That it is unnecessarily long,1,,,2026-07-02,2026-07-02,2026-07-02T22:16:16.654Z,15:16:16,2026-07-02 15:16:16,,,,,,,spotlight-prolific
256ATUE4,691626ec4628eb27b37781b0,1,ele,13,2,2,3,30, plus ,32255,769208,434,154,145.95834350585938,402.19793701171875,165.95834350585938,440.22918701171875,3,3,That it is unnecessarily long,1,,,2026-07-02,2026-07-02,2026-07-02T22:16:16.654Z,15:16:16,2026-07-02 15:16:16,,,,,,,spotlight-prolific
256ATUE4,691626ec4628eb27b37781b0,1,ele,13,2,2,3,31, 15 ,32309,769263,448,150,145.95834350585938,440.22918701171875,165.95834350585938,465.26043701171875,3,4,That it is unnecessarily long,1,,,2026-07-02,2026-07-02,2026-07-02T22:16:16.654Z,15:16:16,2026-07-02 15:16:16,,,,,,,spotlight-prolific
256ATUE4,691626ec4628eb27b37781b0,1,ele,13,2,2,3,31, 15 ,32357,769311,463,150,145.95834350585938,440.22918701171875,165.95834350585938,465.26043701171875,3,4,That it is unnecessarily long,1,,,2026-07-02,2026-07-02,2026-07-02T22:16:16.654Z,15:16:16,2026-07-02 15:16:16,,,,,,,spotlight-prolific
256ATUE4,691626ec4628eb27b37781b0,1,ele,13,2,2,3,32, one-day ,32406,769359,469,150,145.95834350585938,465.26043701171875,165.95834350585938,535.3125228881836,3,5,That it is unnecessarily long,1,,,2026-07-02,2026-07-02,2026-07-02T22:16:16.654Z,15:16:16,2026-07-02 15:16:16,,,,,,,spotlight-prolific
256ATUE4,691626ec4628eb27b37781b0,1,ele,13,2,2,3,32, one-day ,32460,769413,473,150,145.95834350585938,465.26043701171875,165.95834350585938,535.3125228881836,3,5,That it is unnecessarily long,1,,,2026-07-02,2026-07-02,2026-07-02T22:16:16.654Z,15:16:16,2026-07-02 15:16:16,,,,,,,spotlight-prolific
256ATUE4,691626ec4628eb27b37781b0,1,ele,13,2,2,3,32, one-day ,32505,769458,480,150,145.95834350585938,465.26043701171875,165.95834350585938,535.3125228881836,3,5,That it is unnecessarily long,1,,,2026-07-02,2026-07-02,2026-07-02T22:16:16.654Z,15:16:16,2026-07-02 15:16:16,,,,,,,spotlight-prolific
256ATUE4,691626ec4628eb27b37781b0,1,ele,13,2,2,3,32, one-day ,32571,769525,493,150,145.95834350585938,465.26043701171875,165.95834350585938,535.3125228881836,3,5,That it is unnecessarily long,1,,,2026-07-02,2026-07-02,2026-07-02T22:16:16.654Z,15:16:16,2026-07-02 15:16:16,,,,,,,spotlight-prolific
256ATUE4,691626ec4628eb27b37781b0,1,ele,13,2,2,3,32, one-day ,32609,769563,498,151,145.95834350585938,465.26043701171875,165.95834350585938,535.3125228881836,3,5,That it is unnecessarily long,1,,,2026-07-02,2026-07-02,2026-07-02T22:16:16.654Z,15:16:16,2026-07-02 15:16:16,,,,,,,spotlight-prolific
256ATUE4,691626ec4628eb27b37781b0,1,ele,13,2,2,3,32, one-day ,32660,769613,509,155,145.95834350585938,465.26043701171875,165.95834350585938,535.3125228881836,3,5,That it is unnecessarily long,1,,,2026-07-02,2026-07-02,2026-07-02T22:16:16.654Z,15:16:16,2026-07-02 15:16:16,,,,,,,spotlight-prolific
256ATUE4,691626ec4628eb27b37781b0,1,ele,13,2,2,3,32, one-day ,32710,769663,520,156,145.95834350585938,465.26043701171875,165.95834350585938,535.3125228881836,3,5,That it is unnecessarily long,1,,,2026-07-02,2026-07-02,2026-07-02T22:16:16.654Z,15:16:16,2026-07-02 15:16:16,,,,,,,spotlight-prolific
256ATUE4,691626ec4628eb27b37781b0,1,ele,13,2,2,3,32, one-day ,32760,769714,532,159,145.95834350585938,465.26043701171875,165.95834350585938,535.3125228881836,3,5,That it is unnecessarily long,1,,,2026-07-02,2026-07-02,2026-07-02T22:16:16.654Z,15:16:16,2026-07-02 15:16:16,,,,,,,spotlight-prolific
256ATUE4,691626ec4628eb27b37781b0,1,ele,13,2,2,3,33, national ,32801,769755,538,161,145.95834350585938,535.3125,165.95834350585938,603.375,3,6,That it is unnecessarily long,1,,,2026-07-02,2026-07-02,2026-07-02T22:16:16.654Z,15:16:16,2026-07-02 15:16:16,,,,,,,spotlight-prolific
256ATUE4,691626ec4628eb27b37781b0,1,ele,13,2,2,3,33, national ,32861,769814,564,161,145.95834350585938,535.3125,165.95834350585938,603.375,3,6,That it is unnecessarily long,1,,,2026-07-02,2026-07-02,2026-07-02T22:16:16.654Z,15:16:16,2026-07-02 15:16:16,,,,,,,spotlight-prolific
256ATUE4,691626ec4628eb27b37781b0,1,ele,13,2,2,3,33, national ,32909,769863,584,161,145.95834350585938,535.3125,165.95834350585938,603.375,3,6,That it is unnecessarily long,1,,,2026-07-02,2026-07-02,2026-07-02T22:16:16.654Z,15:16:16,2026-07-02 15:16:16,,,,,,,spotlight-prolific
256ATUE4,691626ec4628eb27b37781b0,1,ele,13,2,2,3,33, national ,32962,769916,593,161,145.95834350585938,535.3125,165.95834350585938,603.375,3,6,That it is unnecessarily long,1,,,2026-07-02,2026-07-02,2026-07-02T22:16:16.654Z,15:16:16,2026-07-02 15:16:16,,,,,,,spotlight-prolific
256ATUE4,691626ec4628eb27b37781b0,1,ele,13,2,2,3,33, national ,33017,769971,602,156,145.95834350585938,535.3125,165.95834350585938,603.375,3,6,That it is unnecessarily long,1,,,2026-07-02,2026-07-02,2026-07-02T22:16:16.654Z,15:16:16,2026-07-02 15:16:16,,,,,,,spotlight-prolific
256ATUE4,691626ec4628eb27b37781b0,1,ele,13,2,2,3,33, national ,33067,770021,602,156,145.95834350585938,535.3125,165.95834350585938,603.375,3,6,That it is unnecessarily long,1,,,2026-07-02,2026-07-02,2026-07-02T22:16:16.654Z,15:16:16,2026-07-02 15:16:16,,,,,,,spotlight-prolific
256ATUE4,691626ec4628eb27b37781b0,1,ele,13,2,2,3,33, national ,33115,770068,602,156,145.95834350585938,535.3125,165.95834350585938,603.375,3,6,That it is unnecessarily long,1,,,2026-07-02,2026-07-02,2026-07-02T22:16:16.654Z,15:16:16,2026-07-02 15:16:16,,,,,,,spotlight-prolific
256ATUE4,691626ec4628eb27b37781b0,1,ele,13,2,2,3,33, national ,33161,770115,602,156,145.95834350585938,535.3125,165.95834350585938,603.375,3,6,That it is unnecessarily long,1,,,2026-07-02,2026-07-02,2026-07-02T22:16:16.654Z,15:16:16,2026-07-02 15:16:16,,,,,,,spotlight-prolific
256ATUE4,691626ec4628eb27b37781b0,1,ele,13,2,2,3,33, national ,33208,770162,602,156,145.95834350585938,535.3125,165.95834350585938,603.375,3,6,That it is unnecessarily long,1,,,2026-07-02,2026-07-02,2026-07-02T22:16:16.654Z,15:16:16,2026-07-02 15:16:16,,,,,,,spotlight-prolific
256ATUE4,691626ec4628eb27b37781b0,1,ele,13,2,2,3,33, national ,33255,770208,602,156,145.95834350585938,535.3125,165.95834350585938,603.375,3,6,That it is unnecessarily long,1,,,2026-07-02,2026-07-02,2026-07-02T22:16:16.654Z,15:16:16,2026-07-02 15:16:16,,,,,,,spotlight-prolific
256ATUE4,691626ec4628eb27b37781b0,1,ele,13,2,2,3,33, national ,33318,770271,602,156,145.95834350585938,535.3125,165.95834350585938,603.375,3,6,That it is unnecessarily long,1,,,2026-07-02,2026-07-02,2026-07-02T22:16:16.654Z,15:16:16,2026-07-02 15:16:16,,,,,,,spotlight-prolific
256ATUE4,691626ec4628eb27b37781b0,1,ele,13,2,2,3,33, national ,33364,770318,602,156,145.95834350585938,535.3125,165.95834350585938,603.375,3,6,That it is unnecessarily long,1,,,2026-07-02,2026-07-02,2026-07-02T22:16:16.654Z,15:16:16,2026-07-02 15:16:16,,,,,,,spotlight-prolific
256ATUE4,691626ec4628eb27b37781b0,1,ele,13,2,2,3,33, national ,33411,770365,602,156,145.95834350585938,535.3125,165.95834350585938,603.375,3,6,That it is unnecessarily long,1,,,2026-07-02,2026-07-02,2026-07-02T22:16:16.654Z,15:16:16,2026-07-02 15:16:16,,,,,,,spotlight-prolific
256ATUE4,691626ec4628eb27b37781b0,1,ele,13,2,2,3,33, national ,33458,770412,602,156,145.95834350585938,535.3125,165.95834350585938,603.375,3,6,That it is unnecessarily long,1,,,2026-07-02,2026-07-02,2026-07-02T22:16:16.654Z,15:16:16,2026-07-02 15:16:16,,,,,,,spotlight-prolific
256ATUE4,691626ec4628eb27b37781b0,1,ele,13,2,2,3,33, national ,33505,770458,602,156,145.95834350585938,535.3125,165.95834350585938,603.375,3,6,That it is unnecessarily long,1,,,2026-07-02,2026-07-02,2026-07-02T22:16:16.654Z,15:16:16,2026-07-02 15:16:16,,,,,,,spotlight-prolific
256ATUE4,691626ec4628eb27b37781b0,1,ele,13,2,2,3,33, national ,33566,770519,602,156,145.95834350585938,535.3125,165.95834350585938,603.375,3,6,That it is unnecessarily long,1,,,2026-07-02,2026-07-02,2026-07-02T22:16:16.654Z,15:16:16,2026-07-02 15:16:16,,,,,,,spotlight-prolific
256ATUE4,691626ec4628eb27b37781b0,1,ele,13,2,2,3,33, national ,33614,770568,602,156,145.95834350585938,535.3125,165.95834350585938,603.375,3,6,That it is unnecessarily long,1,,,2026-07-02,2026-07-02,2026-07-02T22:16:16.654Z,15:16:16,2026-07-02 15:16:16,,,,,,,spotlight-prolific
256ATUE4,691626ec4628eb27b37781b0,1,ele,13,2,2,3,33, national ,33661,770615,602,156,145.95834350585938,535.3125,165.95834350585938,603.375,3,6,That it is unnecessarily long,1,,,2026-07-02,2026-07-02,2026-07-02T22:16:16.654Z,15:16:16,2026-07-02 15:16:16,,,,,,,spotlight-prolific
256ATUE4,691626ec4628eb27b37781b0,1,ele,13,2,2,3,33, national ,33708,770662,602,156,145.95834350585938,535.3125,165.95834350585938,603.375,3,6,That it is unnecessarily long,1,,,2026-07-02,2026-07-02,2026-07-02T22:16:16.654Z,15:16:16,2026-07-02 15:16:16,,,,,,,spotlight-prolific
256ATUE4,691626ec4628eb27b37781b0,1,ele,13,2,2,3,33, national ,33755,770708,602,156,145.95834350585938,535.3125,165.95834350585938,603.375,3,6,That it is unnecessarily long,1,,,2026-07-02,2026-07-02,2026-07-02T22:16:16.654Z,15:16:16,2026-07-02 15:16:16,,,,,,,spotlight-prolific
256ATUE4,691626ec4628eb27b37781b0,1,ele,13,2,2,3,33, national ,33808,770762,603,156,145.95834350585938,535.3125,165.95834350585938,603.375,3,6,That it is unnecessarily long,1,,,2026-07-02,2026-07-02,2026-07-02T22:16:16.654Z,15:16:16,2026-07-02 15:16:16,,,,,,,spotlight-prolific
256ATUE4,691626ec4628eb27b37781b0,1,ele,13,2,2,3,35, But ,33862,770816,683,156,145.95834350585938,679.4271240234375,165.95834350585938,711.4479598999023,3,8,That it is unnecessarily long,1,,,2026-07-02,2026-07-02,2026-07-02T22:16:16.654Z,15:16:16,2026-07-02 15:16:16,,,,,,,spotlight-prolific
256ATUE4,691626ec4628eb27b37781b0,1,ele,13,2,2,3,35, But ,33907,770860,698,155,145.95834350585938,679.4271240234375,165.95834350585938,711.4479598999023,3,8,That it is unnecessarily long,1,,,2026-07-02,2026-07-02,2026-07-02T22:16:16.654Z,15:16:16,2026-07-02 15:16:16,,,,,,,spotlight-prolific
256ATUE4,691626ec4628eb27b37781b0,1,ele,13,2,2,3,35, But ,33955,770908,699,155,145.95834350585938,679.4271240234375,165.95834350585938,711.4479598999023,3,8,That it is unnecessarily long,1,,,2026-07-02,2026-07-02,2026-07-02T22:16:16.654Z,15:16:16,2026-07-02 15:16:16,,,,,,,spotlight-prolific
256ATUE4,691626ec4628eb27b37781b0,1,ele,13,2,2,3,35, But ,34009,770962,705,153,145.95834350585938,679.4271240234375,165.95834350585938,711.4479598999023,3,8,That it is unnecessarily long,1,,,2026-07-02,2026-07-02,2026-07-02T22:16:16.654Z,15:16:16,2026-07-02 15:16:16,,,,,,,spotlight-prolific
256ATUE4,691626ec4628eb27b37781b0,1,ele,13,2,2,3,36, very ,34059,771012,726,152,145.95834350585938,711.4479370117188,165.95834350585938,750.4583549499512,3,9,That it is unnecessarily long,1,,,2026-07-02,2026-07-02,2026-07-02T22:16:16.654Z,15:16:16,2026-07-02 15:16:16,,,,,,,spotlight-prolific
256ATUE4,691626ec4628eb27b37781b0,1,ele,13,2,2,3,36, very ,34102,771055,731,152,145.95834350585938,711.4479370117188,165.95834350585938,750.4583549499512,3,9,That it is unnecessarily long,1,,,2026-07-02,2026-07-02,2026-07-02T22:16:16.654Z,15:16:16,2026-07-02 15:16:16,,,,,,,spotlight-prolific
256ATUE4,691626ec4628eb27b37781b0,1,ele,13,2,2,3,36, very ,34166,771120,731,152,145.95834350585938,711.4479370117188,165.95834350585938,750.4583549499512,3,9,That it is unnecessarily long,1,,,2026-07-02,2026-07-02,2026-07-02T22:16:16.654Z,15:16:16,2026-07-02 15:16:16,,,,,,,spotlight-prolific
256ATUE4,691626ec4628eb27b37781b0,1,ele,13,2,2,3,36, very ,34215,771168,731,152,145.95834350585938,711.4479370117188,165.95834350585938,750.4583549499512,3,9,That it is unnecessarily long,1,,,2026-07-02,2026-07-02,2026-07-02T22:16:16.654Z,15:16:16,2026-07-02 15:16:16,,,,,,,spotlight-prolific
256ATUE4,691626ec4628eb27b37781b0,1,ele,13,2,2,3,36, very ,34262,771215,731,152,145.95834350585938,711.4479370117188,165.95834350585938,750.4583549499512,3,9,That it is unnecessarily long,1,,,2026-07-02,2026-07-02,2026-07-02T22:16:16.654Z,15:16:16,2026-07-02 15:16:16,,,,,,,spotlight-prolific
256ATUE4,691626ec4628eb27b37781b0,1,ele,13,2,2,3,36, very ,34309,771262,731,152,145.95834350585938,711.4479370117188,165.95834350585938,750.4583549499512,3,9,That it is unnecessarily long,1,,,2026-07-02,2026-07-02,2026-07-02T22:16:16.654Z,15:16:16,2026-07-02 15:16:16,,,,,,,spotlight-prolific
256ATUE4,691626ec4628eb27b37781b0,1,ele,13,2,2,3,36, very ,34355,771309,731,152,145.95834350585938,711.4479370117188,165.95834350585938,750.4583549499512,3,9,That it is unnecessarily long,1,,,2026-07-02,2026-07-02,2026-07-02T22:16:16.654Z,15:16:16,2026-07-02 15:16:16,,,,,,,spotlight-prolific
256ATUE4,691626ec4628eb27b37781b0,1,ele,13,2,2,3,36, very ,34419,771372,731,152,145.95834350585938,711.4479370117188,165.95834350585938,750.4583549499512,3,9,That it is unnecessarily long,1,,,2026-07-02,2026-07-02,2026-07-02T22:16:16.654Z,15:16:16,2026-07-02 15:16:16,,,,,,,spotlight-prolific
256ATUE4,691626ec4628eb27b37781b0,1,ele,13,2,2,3,36, very ,34463,771417,731,152,145.95834350585938,711.4479370117188,165.95834350585938,750.4583549499512,3,9,That it is unnecessarily long,1,,,2026-07-02,2026-07-02,2026-07-02T22:16:16.654Z,15:16:16,2026-07-02 15:16:16,,,,,,,spotlight-prolific
256ATUE4,691626ec4628eb27b37781b0,1,ele,13,2,2,3,36, very ,34511,771465,731,152,145.95834350585938,711.4479370117188,165.95834350585938,750.4583549499512,3,9,That it is unnecessarily long,1,,,2026-07-02,2026-07-02,2026-07-02T22:16:16.654Z,15:16:16,2026-07-02 15:16:16,,,,,,,spotlight-prolific
256ATUE4,691626ec4628eb27b37781b0,1,ele,13,2,2,3,36, very ,34571,771525,733,152,145.95834350585938,711.4479370117188,165.95834350585938,750.4583549499512,3,9,That it is unnecessarily long,1,,,2026-07-02,2026-07-02,2026-07-02T22:16:16.654Z,15:16:16,2026-07-02 15:16:16,,,,,,,spotlight-prolific
256ATUE4,691626ec4628eb27b37781b0,1,ele,13,2,2,3,38, employees ,34613,771567,839,157,145.95834350585938,783.4791870117188,165.95834350585938,875.5312728881836,3,11,That it is unnecessarily long,1,,,2026-07-02,2026-07-02,2026-07-02T22:16:16.654Z,15:16:16,2026-07-02 15:16:16,,,,,,,spotlight-prolific
256ATUE4,691626ec4628eb27b37781b0,1,ele,13,2,2,3,38, employees ,34659,771611,865,160,145.95834350585938,783.4791870117188,165.95834350585938,875.5312728881836,3,11,That it is unnecessarily long,1,,,2026-07-02,2026-07-02,2026-07-02T22:16:16.654Z,15:16:16,2026-07-02 15:16:16,,,,,,,spotlight-prolific
256ATUE4,691626ec4628eb27b37781b0,1,ele,13,2,2,3,38, employees ,34702,771656,867,160,145.95834350585938,783.4791870117188,165.95834350585938,875.5312728881836,3,11,That it is unnecessarily long,1,,,2026-07-02,2026-07-02,2026-07-02T22:16:16.654Z,15:16:16,2026-07-02 15:16:16,,,,,,,spotlight-prolific
256ATUE4,691626ec4628eb27b37781b0,1,ele,13,2,2,3,38, employees ,34753,771706,871,160,145.95834350585938,783.4791870117188,165.95834350585938,875.5312728881836,3,11,That it is unnecessarily long,1,,,2026-07-02,2026-07-02,2026-07-02T22:16:16.654Z,15:16:16,2026-07-02 15:16:16,,,,,,,spotlight-prolific
256ATUE4,691626ec4628eb27b37781b0,1,ele,13,2,2,3,39, take ,34808,771761,895,160,145.95834350585938,875.53125,165.95834350585938,914.5625,3,12,That it is unnecessarily long,1,,,2026-07-02,2026-07-02,2026-07-02T22:16:16.654Z,15:16:16,2026-07-02 15:16:16,,,,,,,spotlight-prolific
256ATUE4,691626ec4628eb27b37781b0,1,ele,13,2,2,3,39, take ,34861,771814,906,159,145.95834350585938,875.53125,165.95834350585938,914.5625,3,12,That it is unnecessarily long,1,,,2026-07-02,2026-07-02,2026-07-02T22:16:16.654Z,15:16:16,2026-07-02 15:16:16,,,,,,,spotlight-prolific
256ATUE4,691626ec4628eb27b37781b0,1,ele,13,2,2,3,40, these ,34911,771865,924,159,145.95834350585938,914.5625,165.95834350585938,958.6041679382324,3,13,That it is unnecessarily long,1,,,2026-07-02,2026-07-02,2026-07-02T22:16:16.654Z,15:16:16,2026-07-02 15:16:16,,,,,,,spotlight-prolific
256ATUE4,691626ec4628eb27b37781b0,1,ele,13,2,2,3,40, these ,34961,771914,952,163,145.95834350585938,914.5625,165.95834350585938,958.6041679382324,3,13,That it is unnecessarily long,1,,,2026-07-02,2026-07-02,2026-07-02T22:16:16.654Z,15:16:16,2026-07-02 15:16:16,,,,,,,spotlight-prolific
256ATUE4,691626ec4628eb27b37781b0,1,ele,13,2,2,3,40, these ,35002,771956,954,163,145.95834350585938,914.5625,165.95834350585938,958.6041679382324,3,13,That it is unnecessarily long,1,,,2026-07-02,2026-07-02,2026-07-02T22:16:16.654Z,15:16:16,2026-07-02 15:16:16,,,,,,,spotlight-prolific
256ATUE4,691626ec4628eb27b37781b0,1,ele,13,2,2,3,40, these ,35061,772014,948,166,145.95834350585938,914.5625,165.95834350585938,958.6041679382324,3,13,That it is unnecessarily long,1,,,2026-07-02,2026-07-02,2026-07-02T22:16:16.654Z,15:16:16,2026-07-02 15:16:16,,,,,,,spotlight-prolific
256ATUE4,691626ec4628eb27b37781b0,1,ele,13,2,2,3,39, take ,35113,772066,910,175,145.95834350585938,875.53125,165.95834350585938,914.5625,3,12,That it is unnecessarily long,1,,,2026-07-02,2026-07-02,2026-07-02T22:16:16.654Z,15:16:16,2026-07-02 15:16:16,,,,,,,spotlight-prolific
256ATUE4,691626ec4628eb27b37781b0,1,ele,13,2,2,3,53, ministry. ,35159,772112,820,180,185.95834350585938,812.4896240234375,205.95834350585938,883.1562957763672,4,13,That it is unnecessarily long,1,,,2026-07-02,2026-07-02,2026-07-02T22:16:16.654Z,15:16:16,2026-07-02 15:16:16,,,,,,,spotlight-prolific
256ATUE4,691626ec4628eb27b37781b0,1,ele,13,2,2,3,50, to ,35212,772165,733,180,185.95834350585938,717.40625,205.95834350585938,737.4270839691162,4,10,That it is unnecessarily long,1,,,2026-07-02,2026-07-02,2026-07-02T22:16:16.654Z,15:16:16,2026-07-02 15:16:16,,,,,,,spotlight-prolific
256ATUE4,691626ec4628eb27b37781b0,1,ele,13,2,2,3,46, days ,35261,772215,545,180,185.95834350585938,505.59375,205.95834350585938,548.625,4,6,That it is unnecessarily long,1,,,2026-07-02,2026-07-02,2026-07-02T22:16:16.654Z,15:16:16,2026-07-02 15:16:16,,,,,,,spotlight-prolific
256ATUE4,691626ec4628eb27b37781b0,1,ele,13,2,2,3,44, only ,35312,772266,429,182,185.95834350585938,428.5208435058594,205.95834350585938,466.5520935058594,4,4,That it is unnecessarily long,1,,,2026-07-02,2026-07-02,2026-07-02T22:16:16.654Z,15:16:16,2026-07-02 15:16:16,,,,,,,spotlight-prolific
256ATUE4,691626ec4628eb27b37781b0,1,ele,13,2,2,3,43, take ,35361,772314,392,188,185.95834350585938,389.4895935058594,205.95834350585938,428.5208435058594,4,3,That it is unnecessarily long,1,,,2026-07-02,2026-07-02,2026-07-02T22:16:16.654Z,15:16:16,2026-07-02 15:16:16,,,,,,,spotlight-prolific
256ATUE4,691626ec4628eb27b37781b0,1,ele,13,2,2,3,42, Most ,35412,772366,366,195,185.95834350585938,345.47918701171875,205.95834350585938,389.4896049499512,4,2,That it is unnecessarily long,1,,,2026-07-02,2026-07-02,2026-07-02T22:16:16.654Z,15:16:16,2026-07-02 15:16:16,,,,,,,spotlight-prolific
256ATUE4,691626ec4628eb27b37781b0,1,ele,13,2,2,3,41, days. ,35461,772414,341,200,185.95834350585938,297.44793701171875,205.95834350585938,345.47918701171875,4,1,That it is unnecessarily long,1,,,2026-07-02,2026-07-02,2026-07-02T22:16:16.654Z,15:16:16,2026-07-02 15:16:16,,,,,,,spotlight-prolific
256ATUE4,691626ec4628eb27b37781b0,1,ele,13,2,2,3,41, days. ,35509,772462,324,204,185.95834350585938,297.44793701171875,205.95834350585938,345.47918701171875,4,1,That it is unnecessarily long,1,,,2026-07-02,2026-07-02,2026-07-02T22:16:16.654Z,15:16:16,2026-07-02 15:16:16,,,,,,,spotlight-prolific
256ATUE4,691626ec4628eb27b37781b0,1,ele,13,2,2,3,41, days. ,35553,772506,324,204,185.95834350585938,297.44793701171875,205.95834350585938,345.47918701171875,4,1,That it is unnecessarily long,1,,,2026-07-02,2026-07-02,2026-07-02T22:16:16.654Z,15:16:16,2026-07-02 15:16:16,,,,,,,spotlight-prolific
256ATUE4,691626ec4628eb27b37781b0,1,ele,13,2,2,3,41, days. ,35619,772572,324,205,185.95834350585938,297.44793701171875,205.95834350585938,345.47918701171875,4,1,That it is unnecessarily long,1,,,2026-07-02,2026-07-02,2026-07-02T22:16:16.654Z,15:16:16,2026-07-02 15:16:16,,,,,,,spotlight-prolific
256ATUE4,691626ec4628eb27b37781b0,1,ele,13,2,2,3,41, days. ,35666,772619,324,205,185.95834350585938,297.44793701171875,205.95834350585938,345.47918701171875,4,1,That it is unnecessarily long,1,,,2026-07-02,2026-07-02,2026-07-02T22:16:16.654Z,15:16:16,2026-07-02 15:16:16,,,,,,,spotlight-prolific
256ATUE4,691626ec4628eb27b37781b0,1,ele,13,2,2,3,41, days. ,35713,772666,324,205,185.95834350585938,297.44793701171875,205.95834350585938,345.47918701171875,4,1,That it is unnecessarily long,1,,,2026-07-02,2026-07-02,2026-07-02T22:16:16.654Z,15:16:16,2026-07-02 15:16:16,,,,,,,spotlight-prolific
256ATUE4,691626ec4628eb27b37781b0,1,ele,13,2,2,3,41, days. ,35760,772713,324,205,185.95834350585938,297.44793701171875,205.95834350585938,345.47918701171875,4,1,That it is unnecessarily long,1,,,2026-07-02,2026-07-02,2026-07-02T22:16:16.654Z,15:16:16,2026-07-02 15:16:16,,,,,,,spotlight-prolific
256ATUE4,691626ec4628eb27b37781b0,1,ele,13,2,2,3,41, days. ,35806,772760,324,205,185.95834350585938,297.44793701171875,205.95834350585938,345.47918701171875,4,1,That it is unnecessarily long,1,,,2026-07-02,2026-07-02,2026-07-02T22:16:16.654Z,15:16:16,2026-07-02 15:16:16,,,,,,,spotlight-prolific
256ATUE4,691626ec4628eb27b37781b0,1,ele,13,2,2,3,41, days. ,35853,772807,324,205,185.95834350585938,297.44793701171875,205.95834350585938,345.47918701171875,4,1,That it is unnecessarily long,1,,,2026-07-02,2026-07-02,2026-07-02T22:16:16.654Z,15:16:16,2026-07-02 15:16:16,,,,,,,spotlight-prolific
256ATUE4,691626ec4628eb27b37781b0,1,ele,13,2,2,3,41, days. ,35916,772869,324,205,185.95834350585938,297.44793701171875,205.95834350585938,345.47918701171875,4,1,That it is unnecessarily long,1,,,2026-07-02,2026-07-02,2026-07-02T22:16:16.654Z,15:16:16,2026-07-02 15:16:16,,,,,,,spotlight-prolific
256ATUE4,691626ec4628eb27b37781b0,1,ele,13,2,2,3,41, days. ,35973,772926,326,205,185.95834350585938,297.44793701171875,205.95834350585938,345.47918701171875,4,1,That it is unnecessarily long,1,,,2026-07-02,2026-07-02,2026-07-02T22:16:16.654Z,15:16:16,2026-07-02 15:16:16,,,,,,,spotlight-prolific
256ATUE4,691626ec4628eb27b37781b0,1,ele,13,2,2,3,42, Most ,36011,772965,370,205,185.95834350585938,345.47918701171875,205.95834350585938,389.4896049499512,4,2,That it is unnecessarily long,1,,,2026-07-02,2026-07-02,2026-07-02T22:16:16.654Z,15:16:16,2026-07-02 15:16:16,,,,,,,spotlight-prolific
256ATUE4,691626ec4628eb27b37781b0,1,ele,13,2,2,3,42, Most ,36059,773013,382,205,185.95834350585938,345.47918701171875,205.95834350585938,389.4896049499512,4,2,That it is unnecessarily long,1,,,2026-07-02,2026-07-02,2026-07-02T22:16:16.654Z,15:16:16,2026-07-02 15:16:16,,,,,,,spotlight-prolific
256ATUE4,691626ec4628eb27b37781b0,1,ele,13,2,2,3,42, Most ,36105,773058,385,205,185.95834350585938,345.47918701171875,205.95834350585938,389.4896049499512,4,2,That it is unnecessarily long,1,,,2026-07-02,2026-07-02,2026-07-02T22:16:16.654Z,15:16:16,2026-07-02 15:16:16,,,,,,,spotlight-prolific
256ATUE4,691626ec4628eb27b37781b0,1,ele,13,2,2,3,43, take ,36160,773113,400,205,185.95834350585938,389.4895935058594,205.95834350585938,428.5208435058594,4,3,That it is unnecessarily long,1,,,2026-07-02,2026-07-02,2026-07-02T22:16:16.654Z,15:16:16,2026-07-02 15:16:16,,,,,,,spotlight-prolific
256ATUE4,691626ec4628eb27b37781b0,1,ele,13,2,2,3,43, take ,36204,773157,402,205,185.95834350585938,389.4895935058594,205.95834350585938,428.5208435058594,4,3,That it is unnecessarily long,1,,,2026-07-02,2026-07-02,2026-07-02T22:16:16.654Z,15:16:16,2026-07-02 15:16:16,,,,,,,spotlight-prolific
256ATUE4,691626ec4628eb27b37781b0,1,ele,13,2,2,3,43, take ,36255,773208,402,205,185.95834350585938,389.4895935058594,205.95834350585938,428.5208435058594,4,3,That it is unnecessarily long,1,,,2026-07-02,2026-07-02,2026-07-02T22:16:16.654Z,15:16:16,2026-07-02 15:16:16,,,,,,,spotlight-prolific
256ATUE4,691626ec4628eb27b37781b0,1,ele,13,2,2,3,43, take ,36317,773270,402,205,185.95834350585938,389.4895935058594,205.95834350585938,428.5208435058594,4,3,That it is unnecessarily long,1,,,2026-07-02,2026-07-02,2026-07-02T22:16:16.654Z,15:16:16,2026-07-02 15:16:16,,,,,,,spotlight-prolific
256ATUE4,691626ec4628eb27b37781b0,1,ele,13,2,2,3,43, take ,36366,773319,403,205,185.95834350585938,389.4895935058594,205.95834350585938,428.5208435058594,4,3,That it is unnecessarily long,1,,,2026-07-02,2026-07-02,2026-07-02T22:16:16.654Z,15:16:16,2026-07-02 15:16:16,,,,,,,spotlight-prolific
256ATUE4,691626ec4628eb27b37781b0,1,ele,13,2,2,3,43, take ,36404,773358,409,205,185.95834350585938,389.4895935058594,205.95834350585938,428.5208435058594,4,3,That it is unnecessarily long,1,,,2026-07-02,2026-07-02,2026-07-02T22:16:16.654Z,15:16:16,2026-07-02 15:16:16,,,,,,,spotlight-prolific
256ATUE4,691626ec4628eb27b37781b0,1,ele,13,2,2,3,43, take ,36454,773408,410,205,185.95834350585938,389.4895935058594,205.95834350585938,428.5208435058594,4,3,That it is unnecessarily long,1,,,2026-07-02,2026-07-02,2026-07-02T22:16:16.654Z,15:16:16,2026-07-02 15:16:16,,,,,,,spotlight-prolific
256ATUE4,691626ec4628eb27b37781b0,1,ele,13,2,2,3,43, take ,36504,773458,413,205,185.95834350585938,389.4895935058594,205.95834350585938,428.5208435058594,4,3,That it is unnecessarily long,1,,,2026-07-02,2026-07-02,2026-07-02T22:16:16.654Z,15:16:16,2026-07-02 15:16:16,,,,,,,spotlight-prolific
256ATUE4,691626ec4628eb27b37781b0,1,ele,13,2,2,3,43, take ,36553,773507,413,205,185.95834350585938,389.4895935058594,205.95834350585938,428.5208435058594,4,3,That it is unnecessarily long,1,,,2026-07-02,2026-07-02,2026-07-02T22:16:16.654Z,15:16:16,2026-07-02 15:16:16,,,,,,,spotlight-prolific
256ATUE4,691626ec4628eb27b37781b0,1,ele,13,2,2,3,43, take ,36617,773571,413,205,185.95834350585938,389.4895935058594,205.95834350585938,428.5208435058594,4,3,That it is unnecessarily long,1,,,2026-07-02,2026-07-02,2026-07-02T22:16:16.654Z,15:16:16,2026-07-02 15:16:16,,,,,,,spotlight-prolific
256ATUE4,691626ec4628eb27b37781b0,1,ele,13,2,2,3,43, take ,36664,773618,413,205,185.95834350585938,389.4895935058594,205.95834350585938,428.5208435058594,4,3,That it is unnecessarily long,1,,,2026-07-02,2026-07-02,2026-07-02T22:16:16.654Z,15:16:16,2026-07-02 15:16:16,,,,,,,spotlight-prolific
256ATUE4,691626ec4628eb27b37781b0,1,ele,13,2,2,3,43, take ,36711,773664,413,205,185.95834350585938,389.4895935058594,205.95834350585938,428.5208435058594,4,3,That it is unnecessarily long,1,,,2026-07-02,2026-07-02,2026-07-02T22:16:16.654Z,15:16:16,2026-07-02 15:16:16,,,,,,,spotlight-prolific
256ATUE4,691626ec4628eb27b37781b0,1,ele,13,2,2,3,43, take ,36759,773712,413,205,185.95834350585938,389.4895935058594,205.95834350585938,428.5208435058594,4,3,That it is unnecessarily long,1,,,2026-07-02,2026-07-02,2026-07-02T22:16:16.654Z,15:16:16,2026-07-02 15:16:16,,,,,,,spotlight-prolific
256ATUE4,691626ec4628eb27b37781b0,1,ele,13,2,2,3,43, take ,36805,773758,413,205,185.95834350585938,389.4895935058594,205.95834350585938,428.5208435058594,4,3,That it is unnecessarily long,1,,,2026-07-02,2026-07-02,2026-07-02T22:16:16.654Z,15:16:16,2026-07-02 15:16:16,,,,,,,spotlight-prolific
256ATUE4,691626ec4628eb27b37781b0,1,ele,13,2,2,3,43, take ,36873,773827,414,205,185.95834350585938,389.4895935058594,205.95834350585938,428.5208435058594,4,3,That it is unnecessarily long,1,,,2026-07-02,2026-07-02,2026-07-02T22:16:16.654Z,15:16:16,2026-07-02 15:16:16,,,,,,,spotlight-prolific
256ATUE4,691626ec4628eb27b37781b0,1,ele,13,2,2,3,44, only ,36914,773867,436,205,185.95834350585938,428.5208435058594,205.95834350585938,466.5520935058594,4,4,That it is unnecessarily long,1,,,2026-07-02,2026-07-02,2026-07-02T22:16:16.654Z,15:16:16,2026-07-02 15:16:16,,,,,,,spotlight-prolific
256ATUE4,691626ec4628eb27b37781b0,1,ele,13,2,2,3,44, only ,36963,773917,444,207,185.95834350585938,428.5208435058594,205.95834350585938,466.5520935058594,4,4,That it is unnecessarily long,1,,,2026-07-02,2026-07-02,2026-07-02T22:16:16.654Z,15:16:16,2026-07-02 15:16:16,,,,,,,spotlight-prolific
256ATUE4,691626ec4628eb27b37781b0,1,ele,13,2,2,3,44, only ,37012,773966,460,211,185.95834350585938,428.5208435058594,205.95834350585938,466.5520935058594,4,4,That it is unnecessarily long,1,,,2026-07-02,2026-07-02,2026-07-02T22:16:16.654Z,15:16:16,2026-07-02 15:16:16,,,,,,,spotlight-prolific
256ATUE4,691626ec4628eb27b37781b0,1,ele,13,2,2,3,45, nine ,37060,774014,467,211,185.95834350585938,466.5520935058594,205.95834350585938,505.5937614440918,4,5,That it is unnecessarily long,1,,,2026-07-02,2026-07-02,2026-07-02T22:16:16.654Z,15:16:16,2026-07-02 15:16:16,,,,,,,spotlight-prolific
256ATUE4,691626ec4628eb27b37781b0,1,ele,13,2,2,3,45, nine ,37102,774056,468,211,185.95834350585938,466.5520935058594,205.95834350585938,505.5937614440918,4,5,That it is unnecessarily long,1,,,2026-07-02,2026-07-02,2026-07-02T22:16:16.654Z,15:16:16,2026-07-02 15:16:16,,,,,,,spotlight-prolific
256ATUE4,691626ec4628eb27b37781b0,1,ele,13,2,2,3,45, nine ,37161,774115,474,211,185.95834350585938,466.5520935058594,205.95834350585938,505.5937614440918,4,5,That it is unnecessarily long,1,,,2026-07-02,2026-07-02,2026-07-02T22:16:16.654Z,15:16:16,2026-07-02 15:16:16,,,,,,,spotlight-prolific
256ATUE4,691626ec4628eb27b37781b0,1,ele,13,2,2,3,45, nine ,37212,774165,480,211,185.95834350585938,466.5520935058594,205.95834350585938,505.5937614440918,4,5,That it is unnecessarily long,1,,,2026-07-02,2026-07-02,2026-07-02T22:16:16.654Z,15:16:16,2026-07-02 15:16:16,,,,,,,spotlight-prolific
256ATUE4,691626ec4628eb27b37781b0,1,ele,13,2,2,3,45, nine ,37263,774215,485,211,185.95834350585938,466.5520935058594,205.95834350585938,505.5937614440918,4,5,That it is unnecessarily long,1,,,2026-07-02,2026-07-02,2026-07-02T22:16:16.654Z,15:16:16,2026-07-02 15:16:16,,,,,,,spotlight-prolific
256ATUE4,691626ec4628eb27b37781b0,1,ele,13,2,2,3,45, nine ,37305,774258,487,211,185.95834350585938,466.5520935058594,205.95834350585938,505.5937614440918,4,5,That it is unnecessarily long,1,,,2026-07-02,2026-07-02,2026-07-02T22:16:16.654Z,15:16:16,2026-07-02 15:16:16,,,,,,,spotlight-prolific
256ATUE4,691626ec4628eb27b37781b0,1,ele,13,2,2,3,45, nine ,37364,774318,495,209,185.95834350585938,466.5520935058594,205.95834350585938,505.5937614440918,4,5,That it is unnecessarily long,1,,,2026-07-02,2026-07-02,2026-07-02T22:16:16.654Z,15:16:16,2026-07-02 15:16:16,,,,,,,spotlight-prolific
256ATUE4,691626ec4628eb27b37781b0,1,ele,13,2,2,3,45, nine ,37411,774365,505,207,185.95834350585938,466.5520935058594,205.95834350585938,505.5937614440918,4,5,That it is unnecessarily long,1,,,2026-07-02,2026-07-02,2026-07-02T22:16:16.654Z,15:16:16,2026-07-02 15:16:16,,,,,,,spotlight-prolific
256ATUE4,691626ec4628eb27b37781b0,1,ele,13,2,2,3,46, days ,37463,774416,511,207,185.95834350585938,505.59375,205.95834350585938,548.625,4,6,That it is unnecessarily long,1,,,2026-07-02,2026-07-02,2026-07-02T22:16:16.654Z,15:16:16,2026-07-02 15:16:16,,,,,,,spotlight-prolific
256ATUE4,691626ec4628eb27b37781b0,1,ele,13,2,2,3,46, days ,37512,774466,522,205,185.95834350585938,505.59375,205.95834350585938,548.625,4,6,That it is unnecessarily long,1,,,2026-07-02,2026-07-02,2026-07-02T22:16:16.654Z,15:16:16,2026-07-02 15:16:16,,,,,,,spotlight-prolific
256ATUE4,691626ec4628eb27b37781b0,1,ele,13,2,2,3,46, days ,37556,774510,530,204,185.95834350585938,505.59375,205.95834350585938,548.625,4,6,That it is unnecessarily long,1,,,2026-07-02,2026-07-02,2026-07-02T22:16:16.654Z,15:16:16,2026-07-02 15:16:16,,,,,,,spotlight-prolific
256ATUE4,691626ec4628eb27b37781b0,1,ele,13,2,2,3,46, days ,37611,774565,538,203,185.95834350585938,505.59375,205.95834350585938,548.625,4,6,That it is unnecessarily long,1,,,2026-07-02,2026-07-02,2026-07-02T22:16:16.654Z,15:16:16,2026-07-02 15:16:16,,,,,,,spotlight-prolific
256ATUE4,691626ec4628eb27b37781b0,1,ele,13,2,2,3,46, days ,37663,774616,547,201,185.95834350585938,505.59375,205.95834350585938,548.625,4,6,That it is unnecessarily long,1,,,2026-07-02,2026-07-02,2026-07-02T22:16:16.654Z,15:16:16,2026-07-02 15:16:16,,,,,,,spotlight-prolific
256ATUE4,691626ec4628eb27b37781b0,1,ele,13,2,2,3,47, of ,37710,774664,553,199,185.95834350585938,548.625,205.95834350585938,568.6458339691162,4,7,That it is unnecessarily long,1,,,2026-07-02,2026-07-02,2026-07-02T22:16:16.654Z,15:16:16,2026-07-02 15:16:16,,,,,,,spotlight-prolific
256ATUE4,691626ec4628eb27b37781b0,1,ele,13,2,2,3,47, of ,37756,774710,555,199,185.95834350585938,548.625,205.95834350585938,568.6458339691162,4,7,That it is unnecessarily long,1,,,2026-07-02,2026-07-02,2026-07-02T22:16:16.654Z,15:16:16,2026-07-02 15:16:16,,,,,,,spotlight-prolific
256ATUE4,691626ec4628eb27b37781b0,1,ele,13,2,2,3,47, of ,37813,774766,563,199,185.95834350585938,548.625,205.95834350585938,568.6458339691162,4,7,That it is unnecessarily long,1,,,2026-07-02,2026-07-02,2026-07-02T22:16:16.654Z,15:16:16,2026-07-02 15:16:16,,,,,,,spotlight-prolific
256ATUE4,691626ec4628eb27b37781b0,1,ele,13,2,2,3,48," holiday, ",37864,774817,573,199,185.95834350585938,568.6458740234375,205.95834350585938,634.3542098999023,4,8,That it is unnecessarily long,1,,,2026-07-02,2026-07-02,2026-07-02T22:16:16.654Z,15:16:16,2026-07-02 15:16:16,,,,,,,spotlight-prolific
256ATUE4,691626ec4628eb27b37781b0,1,ele,13,2,2,3,48," holiday, ",37913,774866,586,199,185.95834350585938,568.6458740234375,205.95834350585938,634.3542098999023,4,8,That it is unnecessarily long,1,,,2026-07-02,2026-07-02,2026-07-02T22:16:16.654Z,15:16:16,2026-07-02 15:16:16,,,,,,,spotlight-prolific
256ATUE4,691626ec4628eb27b37781b0,1,ele,13,2,2,3,48," holiday, ",37957,774910,590,199,185.95834350585938,568.6458740234375,205.95834350585938,634.3542098999023,4,8,That it is unnecessarily long,1,,,2026-07-02,2026-07-02,2026-07-02T22:16:16.654Z,15:16:16,2026-07-02 15:16:16,,,,,,,spotlight-prolific
256ATUE4,691626ec4628eb27b37781b0,1,ele,13,2,2,3,48," holiday, ",38013,774966,600,199,185.95834350585938,568.6458740234375,205.95834350585938,634.3542098999023,4,8,That it is unnecessarily long,1,,,2026-07-02,2026-07-02,2026-07-02T22:16:16.654Z,15:16:16,2026-07-02 15:16:16,,,,,,,spotlight-prolific
256ATUE4,691626ec4628eb27b37781b0,1,ele,13,2,2,3,48," holiday, ",38057,775010,608,199,185.95834350585938,568.6458740234375,205.95834350585938,634.3542098999023,4,8,That it is unnecessarily long,1,,,2026-07-02,2026-07-02,2026-07-02T22:16:16.654Z,15:16:16,2026-07-02 15:16:16,,,,,,,spotlight-prolific
256ATUE4,691626ec4628eb27b37781b0,1,ele,13,2,2,3,49, according ,38113,775067,639,198,185.95834350585938,634.3541870117188,205.95834350585938,717.4062728881836,4,9,That it is unnecessarily long,1,,,2026-07-02,2026-07-02,2026-07-02T22:16:16.654Z,15:16:16,2026-07-02 15:16:16,,,,,,,spotlight-prolific
256ATUE4,691626ec4628eb27b37781b0,1,ele,13,2,2,3,49, according ,38161,775115,653,198,185.95834350585938,634.3541870117188,205.95834350585938,717.4062728881836,4,9,That it is unnecessarily long,1,,,2026-07-02,2026-07-02,2026-07-02T22:16:16.654Z,15:16:16,2026-07-02 15:16:16,,,,,,,spotlight-prolific
256ATUE4,691626ec4628eb27b37781b0,1,ele,13,2,2,3,49, according ,38211,775165,657,198,185.95834350585938,634.3541870117188,205.95834350585938,717.4062728881836,4,9,That it is unnecessarily long,1,,,2026-07-02,2026-07-02,2026-07-02T22:16:16.654Z,15:16:16,2026-07-02 15:16:16,,,,,,,spotlight-prolific
256ATUE4,691626ec4628eb27b37781b0,1,ele,13,2,2,3,49, according ,38263,775217,663,198,185.95834350585938,634.3541870117188,205.95834350585938,717.4062728881836,4,9,That it is unnecessarily long,1,,,2026-07-02,2026-07-02,2026-07-02T22:16:16.654Z,15:16:16,2026-07-02 15:16:16,,,,,,,spotlight-prolific
256ATUE4,691626ec4628eb27b37781b0,1,ele,13,2,2,3,49, according ,38313,775267,674,197,185.95834350585938,634.3541870117188,205.95834350585938,717.4062728881836,4,9,That it is unnecessarily long,1,,,2026-07-02,2026-07-02,2026-07-02T22:16:16.654Z,15:16:16,2026-07-02 15:16:16,,,,,,,spotlight-prolific
256ATUE4,691626ec4628eb27b37781b0,1,ele,13,2,2,3,49, according ,38363,775316,681,197,185.95834350585938,634.3541870117188,205.95834350585938,717.4062728881836,4,9,That it is unnecessarily long,1,,,2026-07-02,2026-07-02,2026-07-02T22:16:16.654Z,15:16:16,2026-07-02 15:16:16,,,,,,,spotlight-prolific
256ATUE4,691626ec4628eb27b37781b0,1,ele,13,2,2,3,49, according ,38407,775360,685,197,185.95834350585938,634.3541870117188,205.95834350585938,717.4062728881836,4,9,That it is unnecessarily long,1,,,2026-07-02,2026-07-02,2026-07-02T22:16:16.654Z,15:16:16,2026-07-02 15:16:16,,,,,,,spotlight-prolific
256ATUE4,691626ec4628eb27b37781b0,1,ele,13,2,2,3,49, according ,38463,775417,697,197,185.95834350585938,634.3541870117188,205.95834350585938,717.4062728881836,4,9,That it is unnecessarily long,1,,,2026-07-02,2026-07-02,2026-07-02T22:16:16.654Z,15:16:16,2026-07-02 15:16:16,,,,,,,spotlight-prolific
256ATUE4,691626ec4628eb27b37781b0,1,ele,13,2,2,3,49, according ,38507,775460,703,197,185.95834350585938,634.3541870117188,205.95834350585938,717.4062728881836,4,9,That it is unnecessarily long,1,,,2026-07-02,2026-07-02,2026-07-02T22:16:16.654Z,15:16:16,2026-07-02 15:16:16,,,,,,,spotlight-prolific
256ATUE4,691626ec4628eb27b37781b0,1,ele,13,2,2,3,49, according ,38557,775511,706,197,185.95834350585938,634.3541870117188,205.95834350585938,717.4062728881836,4,9,That it is unnecessarily long,1,,,2026-07-02,2026-07-02,2026-07-02T22:16:16.654Z,15:16:16,2026-07-02 15:16:16,,,,,,,spotlight-prolific
256ATUE4,691626ec4628eb27b37781b0,1,ele,13,2,2,3,49, according ,38603,775556,710,197,185.95834350585938,634.3541870117188,205.95834350585938,717.4062728881836,4,9,That it is unnecessarily long,1,,,2026-07-02,2026-07-02,2026-07-02T22:16:16.654Z,15:16:16,2026-07-02 15:16:16,,,,,,,spotlight-prolific
256ATUE4,691626ec4628eb27b37781b0,1,ele,13,2,2,3,50, to ,38665,775619,720,197,185.95834350585938,717.40625,205.95834350585938,737.4270839691162,4,10,That it is unnecessarily long,1,,,2026-07-02,2026-07-02,2026-07-02T22:16:16.654Z,15:16:16,2026-07-02 15:16:16,,,,,,,spotlight-prolific
256ATUE4,691626ec4628eb27b37781b0,1,ele,13,2,2,3,50, to ,38707,775661,730,197,185.95834350585938,717.40625,205.95834350585938,737.4270839691162,4,10,That it is unnecessarily long,1,,,2026-07-02,2026-07-02,2026-07-02T22:16:16.654Z,15:16:16,2026-07-02 15:16:16,,,,,,,spotlight-prolific
256ATUE4,691626ec4628eb27b37781b0,1,ele,13,2,2,3,51, the ,38763,775717,749,197,185.95834350585938,737.4271240234375,205.95834350585938,767.4583740234375,4,11,That it is unnecessarily long,1,,,2026-07-02,2026-07-02,2026-07-02T22:16:16.654Z,15:16:16,2026-07-02 15:16:16,,,,,,,spotlight-prolific
256ATUE4,691626ec4628eb27b37781b0,1,ele,13,2,2,3,51, the ,38814,775768,754,197,185.95834350585938,737.4271240234375,205.95834350585938,767.4583740234375,4,11,That it is unnecessarily long,1,,,2026-07-02,2026-07-02,2026-07-02T22:16:16.654Z,15:16:16,2026-07-02 15:16:16,,,,,,,spotlight-prolific
256ATUE4,691626ec4628eb27b37781b0,1,ele,13,2,2,3,51, the ,38866,775819,762,196,185.95834350585938,737.4271240234375,205.95834350585938,767.4583740234375,4,11,That it is unnecessarily long,1,,,2026-07-02,2026-07-02,2026-07-02T22:16:16.654Z,15:16:16,2026-07-02 15:16:16,,,,,,,spotlight-prolific
256ATUE4,691626ec4628eb27b37781b0,1,ele,13,2,2,3,52, labor ,38914,775868,774,195,185.95834350585938,767.4583740234375,205.95834350585938,812.4896240234375,4,12,That it is unnecessarily long,1,,,2026-07-02,2026-07-02,2026-07-02T22:16:16.654Z,15:16:16,2026-07-02 15:16:16,,,,,,,spotlight-prolific
256ATUE4,691626ec4628eb27b37781b0,1,ele,13,2,2,3,52, labor ,38965,775919,780,194,185.95834350585938,767.4583740234375,205.95834350585938,812.4896240234375,4,12,That it is unnecessarily long,1,,,2026-07-02,2026-07-02,2026-07-02T22:16:16.654Z,15:16:16,2026-07-02 15:16:16,,,,,,,spotlight-prolific
256ATUE4,691626ec4628eb27b37781b0,1,ele,13,2,2,3,52, labor ,39015,775969,796,193,185.95834350585938,767.4583740234375,205.95834350585938,812.4896240234375,4,12,That it is unnecessarily long,1,,,2026-07-02,2026-07-02,2026-07-02T22:16:16.654Z,15:16:16,2026-07-02 15:16:16,,,,,,,spotlight-prolific
256ATUE4,691626ec4628eb27b37781b0,1,ele,13,2,2,3,52, labor ,39066,776019,807,193,185.95834350585938,767.4583740234375,205.95834350585938,812.4896240234375,4,12,That it is unnecessarily long,1,,,2026-07-02,2026-07-02,2026-07-02T22:16:16.654Z,15:16:16,2026-07-02 15:16:16,,,,,,,spotlight-prolific
256ATUE4,691626ec4628eb27b37781b0,1,ele,13,2,2,3,53, ministry. ,39115,776068,817,192,185.95834350585938,812.4896240234375,205.95834350585938,883.1562957763672,4,13,That it is unnecessarily long,1,,,2026-07-02,2026-07-02,2026-07-02T22:16:16.654Z,15:16:16,2026-07-02 15:16:16,,,,,,,spotlight-prolific
256ATUE4,691626ec4628eb27b37781b0,1,ele,13,2,2,3,53, ministry. ,39165,776119,830,192,185.95834350585938,812.4896240234375,205.95834350585938,883.1562957763672,4,13,That it is unnecessarily long,1,,,2026-07-02,2026-07-02,2026-07-02T22:16:16.654Z,15:16:16,2026-07-02 15:16:16,,,,,,,spotlight-prolific
256ATUE4,691626ec4628eb27b37781b0,1,ele,13,2,2,3,53, ministry. ,39215,776168,844,192,185.95834350585938,812.4896240234375,205.95834350585938,883.1562957763672,4,13,That it is unnecessarily long,1,,,2026-07-02,2026-07-02,2026-07-02T22:16:16.654Z,15:16:16,2026-07-02 15:16:16,,,,,,,spotlight-prolific
256ATUE4,691626ec4628eb27b37781b0,1,ele,13,2,2,3,53, ministry. ,39266,776220,858,192,185.95834350585938,812.4896240234375,205.95834350585938,883.1562957763672,4,13,That it is unnecessarily long,1,,,2026-07-02,2026-07-02,2026-07-02T22:16:16.654Z,15:16:16,2026-07-02 15:16:16,,,,,,,spotlight-prolific
256ATUE4,691626ec4628eb27b37781b0,1,ele,13,2,2,3,53, ministry. ,39315,776268,872,192,185.95834350585938,812.4896240234375,205.95834350585938,883.1562957763672,4,13,That it is unnecessarily long,1,,,2026-07-02,2026-07-02,2026-07-02T22:16:16.654Z,15:16:16,2026-07-02 15:16:16,,,,,,,spotlight-prolific
256ATUE4,691626ec4628eb27b37781b0,1,ele,13,2,2,3,54, Many ,39366,776320,884,195,185.95834350585938,883.15625,205.95834350585938,927.1770858764648,4,14,That it is unnecessarily long,1,,,2026-07-02,2026-07-02,2026-07-02T22:16:16.654Z,15:16:16,2026-07-02 15:16:16,,,,,,,spotlight-prolific
256ATUE4,691626ec4628eb27b37781b0,1,ele,13,2,2,3,54, Many ,39407,776360,888,195,185.95834350585938,883.15625,205.95834350585938,927.1770858764648,4,14,That it is unnecessarily long,1,,,2026-07-02,2026-07-02,2026-07-02T22:16:16.654Z,15:16:16,2026-07-02 15:16:16,,,,,,,spotlight-prolific
256ATUE4,691626ec4628eb27b37781b0,1,ele,13,2,2,3,54, Many ,39464,776417,890,197,185.95834350585938,883.15625,205.95834350585938,927.1770858764648,4,14,That it is unnecessarily long,1,,,2026-07-02,2026-07-02,2026-07-02T22:16:16.654Z,15:16:16,2026-07-02 15:16:16,,,,,,,spotlight-prolific
256ATUE4,691626ec4628eb27b37781b0,1,ele,13,2,2,3,54, Many ,39504,776458,890,197,185.95834350585938,883.15625,205.95834350585938,927.1770858764648,4,14,That it is unnecessarily long,1,,,2026-07-02,2026-07-02,2026-07-02T22:16:16.654Z,15:16:16,2026-07-02 15:16:16,,,,,,,spotlight-prolific
256ATUE4,691626ec4628eb27b37781b0,1,ele,13,2,2,3,54, Many ,39555,776509,890,197,185.95834350585938,883.15625,205.95834350585938,927.1770858764648,4,14,That it is unnecessarily long,1,,,2026-07-02,2026-07-02,2026-07-02T22:16:16.654Z,15:16:16,2026-07-02 15:16:16,,,,,,,spotlight-prolific
256ATUE4,691626ec4628eb27b37781b0,1,ele,13,2,2,3,54, Many ,39607,776561,892,199,185.95834350585938,883.15625,205.95834350585938,927.1770858764648,4,14,That it is unnecessarily long,1,,,2026-07-02,2026-07-02,2026-07-02T22:16:16.654Z,15:16:16,2026-07-02 15:16:16,,,,,,,spotlight-prolific
256ATUE4,691626ec4628eb27b37781b0,1,ele,13,2,2,3,54, Many ,39657,776610,892,199,185.95834350585938,883.15625,205.95834350585938,927.1770858764648,4,14,That it is unnecessarily long,1,,,2026-07-02,2026-07-02,2026-07-02T22:16:16.654Z,15:16:16,2026-07-02 15:16:16,,,,,,,spotlight-prolific
256ATUE4,691626ec4628eb27b37781b0,1,ele,13,2,2,3,54, Many ,39705,776658,892,199,185.95834350585938,883.15625,205.95834350585938,927.1770858764648,4,14,That it is unnecessarily long,1,,,2026-07-02,2026-07-02,2026-07-02T22:16:16.654Z,15:16:16,2026-07-02 15:16:16,,,,,,,spotlight-prolific
256ATUE4,691626ec4628eb27b37781b0,1,ele,13,2,2,3,54, Many ,39776,776729,891,199,185.95834350585938,883.15625,205.95834350585938,927.1770858764648,4,14,That it is unnecessarily long,1,,,2026-07-02,2026-07-02,2026-07-02T22:16:16.654Z,15:16:16,2026-07-02 15:16:16,,,,,,,spotlight-prolific
256ATUE4,691626ec4628eb27b37781b0,1,ele,13,2,2,3,53, ministry. ,39802,776756,864,205,185.95834350585938,812.4896240234375,205.95834350585938,883.1562957763672,4,13,That it is unnecessarily long,1,,,2026-07-02,2026-07-02,2026-07-02T22:16:16.654Z,15:16:16,2026-07-02 15:16:16,,,,,,,spotlight-prolific
256ATUE4,691626ec4628eb27b37781b0,1,ele,13,2,2,3,52, labor ,39859,776812,806,215,185.95834350585938,767.4583740234375,205.95834350585938,812.4896240234375,4,12,That it is unnecessarily long,1,,,2026-07-02,2026-07-02,2026-07-02T22:16:16.654Z,15:16:16,2026-07-02 15:16:16,,,,,,,spotlight-prolific
256ATUE4,691626ec4628eb27b37781b0,1,ele,13,2,2,3,62, holiday ,39918,776871,714,227,225.95834350585938,664.6041870117188,245.95834350585938,726.6562728881836,5,8,That it is unnecessarily long,1,,,2026-07-02,2026-07-02,2026-07-02T22:16:16.654Z,15:16:16,2026-07-02 15:16:16,,,,,,,spotlight-prolific
256ATUE4,691626ec4628eb27b37781b0,1,ele,13,2,2,3,61, summer ,39959,776912,648,228,225.95834350585938,594.59375,245.95834350585938,664.6041717529297,5,7,That it is unnecessarily long,1,,,2026-07-02,2026-07-02,2026-07-02T22:16:16.654Z,15:16:16,2026-07-02 15:16:16,,,,,,,spotlight-prolific
256ATUE4,691626ec4628eb27b37781b0,1,ele,13,2,2,3,59, a ,40015,776968,505,240,225.95834350585938,498.54168701171875,245.95834350585938,513.562520980835,5,5,That it is unnecessarily long,1,,,2026-07-02,2026-07-02,2026-07-02T22:16:16.654Z,15:16:16,2026-07-02 15:16:16,,,,,,,spotlight-prolific
256ATUE4,691626ec4628eb27b37781b0,1,ele,13,2,2,3,58, that ,40059,777012,471,244,225.95834350585938,463.51043701171875,245.95834350585938,498.54168701171875,5,4,That it is unnecessarily long,1,,,2026-07-02,2026-07-02,2026-07-02T22:16:16.654Z,15:16:16,2026-07-02 15:16:16,,,,,,,spotlight-prolific
256ATUE4,691626ec4628eb27b37781b0,1,ele,13,2,2,3,56, workers ,40115,777068,390,247,225.95834350585938,352.46875,245.95834350585938,420.4791717529297,5,2,That it is unnecessarily long,1,,,2026-07-02,2026-07-02,2026-07-02T22:16:16.654Z,15:16:16,2026-07-02 15:16:16,,,,,,,spotlight-prolific
256ATUE4,691626ec4628eb27b37781b0,1,ele,13,2,2,3,56, workers ,40159,777112,372,247,225.95834350585938,352.46875,245.95834350585938,420.4791717529297,5,2,That it is unnecessarily long,1,,,2026-07-02,2026-07-02,2026-07-02T22:16:16.654Z,15:16:16,2026-07-02 15:16:16,,,,,,,spotlight-prolific
256ATUE4,691626ec4628eb27b37781b0,1,ele,13,2,2,3,55, British ,40215,777169,330,247,225.95834350585938,297.44793701171875,245.95834350585938,352.4687728881836,5,1,That it is unnecessarily long,1,,,2026-07-02,2026-07-02,2026-07-02T22:16:16.654Z,15:16:16,2026-07-02 15:16:16,,,,,,,spotlight-prolific
256ATUE4,691626ec4628eb27b37781b0,1,ele,13,2,2,3,55, British ,40265,777219,309,250,225.95834350585938,297.44793701171875,245.95834350585938,352.4687728881836,5,1,That it is unnecessarily long,1,,,2026-07-02,2026-07-02,2026-07-02T22:16:16.654Z,15:16:16,2026-07-02 15:16:16,,,,,,,spotlight-prolific
256ATUE4,691626ec4628eb27b37781b0,1,ele,13,2,2,3,55, British ,40303,777256,307,250,225.95834350585938,297.44793701171875,245.95834350585938,352.4687728881836,5,1,That it is unnecessarily long,1,,,2026-07-02,2026-07-02,2026-07-02T22:16:16.654Z,15:16:16,2026-07-02 15:16:16,,,,,,,spotlight-prolific
256ATUE4,691626ec4628eb27b37781b0,1,ele,13,2,2,3,55, British ,40358,777312,306,250,225.95834350585938,297.44793701171875,245.95834350585938,352.4687728881836,5,1,That it is unnecessarily long,1,,,2026-07-02,2026-07-02,2026-07-02T22:16:16.654Z,15:16:16,2026-07-02 15:16:16,,,,,,,spotlight-prolific
256ATUE4,691626ec4628eb27b37781b0,1,ele,13,2,2,3,55, British ,40412,777365,305,250,225.95834350585938,297.44793701171875,245.95834350585938,352.4687728881836,5,1,That it is unnecessarily long,1,,,2026-07-02,2026-07-02,2026-07-02T22:16:16.654Z,15:16:16,2026-07-02 15:16:16,,,,,,,spotlight-prolific
256ATUE4,691626ec4628eb27b37781b0,1,ele,13,2,2,3,55, British ,40458,777412,305,250,225.95834350585938,297.44793701171875,245.95834350585938,352.4687728881836,5,1,That it is unnecessarily long,1,,,2026-07-02,2026-07-02,2026-07-02T22:16:16.654Z,15:16:16,2026-07-02 15:16:16,,,,,,,spotlight-prolific
256ATUE4,691626ec4628eb27b37781b0,1,ele,13,2,2,3,55, British ,40505,777459,305,250,225.95834350585938,297.44793701171875,245.95834350585938,352.4687728881836,5,1,That it is unnecessarily long,1,,,2026-07-02,2026-07-02,2026-07-02T22:16:16.654Z,15:16:16,2026-07-02 15:16:16,,,,,,,spotlight-prolific
256ATUE4,691626ec4628eb27b37781b0,1,ele,13,2,2,3,55, British ,40568,777521,305,250,225.95834350585938,297.44793701171875,245.95834350585938,352.4687728881836,5,1,That it is unnecessarily long,1,,,2026-07-02,2026-07-02,2026-07-02T22:16:16.654Z,15:16:16,2026-07-02 15:16:16,,,,,,,spotlight-prolific
256ATUE4,691626ec4628eb27b37781b0,1,ele,13,2,2,3,55, British ,40615,777568,305,250,225.95834350585938,297.44793701171875,245.95834350585938,352.4687728881836,5,1,That it is unnecessarily long,1,,,2026-07-02,2026-07-02,2026-07-02T22:16:16.654Z,15:16:16,2026-07-02 15:16:16,,,,,,,spotlight-prolific
256ATUE4,691626ec4628eb27b37781b0,1,ele,13,2,2,3,55, British ,40662,777615,305,250,225.95834350585938,297.44793701171875,245.95834350585938,352.4687728881836,5,1,That it is unnecessarily long,1,,,2026-07-02,2026-07-02,2026-07-02T22:16:16.654Z,15:16:16,2026-07-02 15:16:16,,,,,,,spotlight-prolific
256ATUE4,691626ec4628eb27b37781b0,1,ele,13,2,2,3,55, British ,40718,777671,311,249,225.95834350585938,297.44793701171875,245.95834350585938,352.4687728881836,5,1,That it is unnecessarily long,1,,,2026-07-02,2026-07-02,2026-07-02T22:16:16.654Z,15:16:16,2026-07-02 15:16:16,,,,,,,spotlight-prolific
256ATUE4,691626ec4628eb27b37781b0,1,ele,13,2,2,3,55, British ,40759,777713,336,247,225.95834350585938,297.44793701171875,245.95834350585938,352.4687728881836,5,1,That it is unnecessarily long,1,,,2026-07-02,2026-07-02,2026-07-02T22:16:16.654Z,15:16:16,2026-07-02 15:16:16,,,,,,,spotlight-prolific
256ATUE4,691626ec4628eb27b37781b0,1,ele,13,2,2,3,56, workers ,40817,777771,376,247,225.95834350585938,352.46875,245.95834350585938,420.4791717529297,5,2,That it is unnecessarily long,1,,,2026-07-02,2026-07-02,2026-07-02T22:16:16.654Z,15:16:16,2026-07-02 15:16:16,,,,,,,spotlight-prolific
256ATUE4,691626ec4628eb27b37781b0,1,ele,13,2,2,3,56, workers ,40865,777819,400,247,225.95834350585938,352.46875,245.95834350585938,420.4791717529297,5,2,That it is unnecessarily long,1,,,2026-07-02,2026-07-02,2026-07-02T22:16:16.654Z,15:16:16,2026-07-02 15:16:16,,,,,,,spotlight-prolific
256ATUE4,691626ec4628eb27b37781b0,1,ele,13,2,2,3,56, workers ,40915,777868,408,246,225.95834350585938,352.46875,245.95834350585938,420.4791717529297,5,2,That it is unnecessarily long,1,,,2026-07-02,2026-07-02,2026-07-02T22:16:16.654Z,15:16:16,2026-07-02 15:16:16,,,,,,,spotlight-prolific
256ATUE4,691626ec4628eb27b37781b0,1,ele,13,2,2,3,56, workers ,40966,777920,413,245,225.95834350585938,352.46875,245.95834350585938,420.4791717529297,5,2,That it is unnecessarily long,1,,,2026-07-02,2026-07-02,2026-07-02T22:16:16.654Z,15:16:16,2026-07-02 15:16:16,,,,,,,spotlight-prolific
256ATUE4,691626ec4628eb27b37781b0,1,ele,13,2,2,3,57, think ,41018,777971,426,243,225.95834350585938,420.47918701171875,245.95834350585938,463.51043701171875,5,3,That it is unnecessarily long,1,,,2026-07-02,2026-07-02,2026-07-02T22:16:16.654Z,15:16:16,2026-07-02 15:16:16,,,,,,,spotlight-prolific
256ATUE4,691626ec4628eb27b37781b0,1,ele,13,2,2,3,57, think ,41066,778019,434,240,225.95834350585938,420.47918701171875,245.95834350585938,463.51043701171875,5,3,That it is unnecessarily long,1,,,2026-07-02,2026-07-02,2026-07-02T22:16:16.654Z,15:16:16,2026-07-02 15:16:16,,,,,,,spotlight-prolific
256ATUE4,691626ec4628eb27b37781b0,1,ele,13,2,2,3,57, think ,41109,778063,436,240,225.95834350585938,420.47918701171875,245.95834350585938,463.51043701171875,5,3,That it is unnecessarily long,1,,,2026-07-02,2026-07-02,2026-07-02T22:16:16.654Z,15:16:16,2026-07-02 15:16:16,,,,,,,spotlight-prolific
256ATUE4,691626ec4628eb27b37781b0,1,ele,13,2,2,3,57, think ,41154,778108,437,240,225.95834350585938,420.47918701171875,245.95834350585938,463.51043701171875,5,3,That it is unnecessarily long,1,,,2026-07-02,2026-07-02,2026-07-02T22:16:16.654Z,15:16:16,2026-07-02 15:16:16,,,,,,,spotlight-prolific
256ATUE4,691626ec4628eb27b37781b0,1,ele,13,2,2,3,57, think ,41218,778171,453,240,225.95834350585938,420.47918701171875,245.95834350585938,463.51043701171875,5,3,That it is unnecessarily long,1,,,2026-07-02,2026-07-02,2026-07-02T22:16:16.654Z,15:16:16,2026-07-02 15:16:16,,,,,,,spotlight-prolific
256ATUE4,691626ec4628eb27b37781b0,1,ele,13,2,2,3,57, think ,41259,778212,460,240,225.95834350585938,420.47918701171875,245.95834350585938,463.51043701171875,5,3,That it is unnecessarily long,1,,,2026-07-02,2026-07-02,2026-07-02T22:16:16.654Z,15:16:16,2026-07-02 15:16:16,,,,,,,spotlight-prolific
256ATUE4,691626ec4628eb27b37781b0,1,ele,13,2,2,3,57, think ,41309,778262,462,240,225.95834350585938,420.47918701171875,245.95834350585938,463.51043701171875,5,3,That it is unnecessarily long,1,,,2026-07-02,2026-07-02,2026-07-02T22:16:16.654Z,15:16:16,2026-07-02 15:16:16,,,,,,,spotlight-prolific
256ATUE4,691626ec4628eb27b37781b0,1,ele,13,2,2,3,57, think ,41352,778305,462,239,225.95834350585938,420.47918701171875,245.95834350585938,463.51043701171875,5,3,That it is unnecessarily long,1,,,2026-07-02,2026-07-02,2026-07-02T22:16:16.654Z,15:16:16,2026-07-02 15:16:16,,,,,,,spotlight-prolific
256ATUE4,691626ec4628eb27b37781b0,1,ele,13,2,2,3,58, that ,41415,778368,468,238,225.95834350585938,463.51043701171875,245.95834350585938,498.54168701171875,5,4,That it is unnecessarily long,1,,,2026-07-02,2026-07-02,2026-07-02T22:16:16.654Z,15:16:16,2026-07-02 15:16:16,,,,,,,spotlight-prolific
256ATUE4,691626ec4628eb27b37781b0,1,ele,13,2,2,3,58, that ,41458,778411,468,238,225.95834350585938,463.51043701171875,245.95834350585938,498.54168701171875,5,4,That it is unnecessarily long,1,,,2026-07-02,2026-07-02,2026-07-02T22:16:16.654Z,15:16:16,2026-07-02 15:16:16,,,,,,,spotlight-prolific
256ATUE4,691626ec4628eb27b37781b0,1,ele,13,2,2,3,58, that ,41510,778463,468,238,225.95834350585938,463.51043701171875,245.95834350585938,498.54168701171875,5,4,That it is unnecessarily long,1,,,2026-07-02,2026-07-02,2026-07-02T22:16:16.654Z,15:16:16,2026-07-02 15:16:16,,,,,,,spotlight-prolific
256ATUE4,691626ec4628eb27b37781b0,1,ele,13,2,2,3,58, that ,41558,778512,469,238,225.95834350585938,463.51043701171875,245.95834350585938,498.54168701171875,5,4,That it is unnecessarily long,1,,,2026-07-02,2026-07-02,2026-07-02T22:16:16.654Z,15:16:16,2026-07-02 15:16:16,,,,,,,spotlight-prolific
256ATUE4,691626ec4628eb27b37781b0,1,ele,13,2,2,3,58, that ,41611,778565,470,238,225.95834350585938,463.51043701171875,245.95834350585938,498.54168701171875,5,4,That it is unnecessarily long,1,,,2026-07-02,2026-07-02,2026-07-02T22:16:16.654Z,15:16:16,2026-07-02 15:16:16,,,,,,,spotlight-prolific
256ATUE4,691626ec4628eb27b37781b0,1,ele,13,2,2,3,58, that ,41654,778608,474,238,225.95834350585938,463.51043701171875,245.95834350585938,498.54168701171875,5,4,That it is unnecessarily long,1,,,2026-07-02,2026-07-02,2026-07-02T22:16:16.654Z,15:16:16,2026-07-02 15:16:16,,,,,,,spotlight-prolific
256ATUE4,691626ec4628eb27b37781b0,1,ele,13,2,2,3,58, that ,41703,778656,478,239,225.95834350585938,463.51043701171875,245.95834350585938,498.54168701171875,5,4,That it is unnecessarily long,1,,,2026-07-02,2026-07-02,2026-07-02T22:16:16.654Z,15:16:16,2026-07-02 15:16:16,,,,,,,spotlight-prolific
256ATUE4,691626ec4628eb27b37781b0,1,ele,13,2,2,3,58, that ,41766,778720,488,241,225.95834350585938,463.51043701171875,245.95834350585938,498.54168701171875,5,4,That it is unnecessarily long,1,,,2026-07-02,2026-07-02,2026-07-02T22:16:16.654Z,15:16:16,2026-07-02 15:16:16,,,,,,,spotlight-prolific
256ATUE4,691626ec4628eb27b37781b0,1,ele,13,2,2,3,58, that ,41815,778769,495,241,225.95834350585938,463.51043701171875,245.95834350585938,498.54168701171875,5,4,That it is unnecessarily long,1,,,2026-07-02,2026-07-02,2026-07-02T22:16:16.654Z,15:16:16,2026-07-02 15:16:16,,,,,,,spotlight-prolific
256ATUE4,691626ec4628eb27b37781b0,1,ele,13,2,2,3,58, that ,41859,778813,497,241,225.95834350585938,463.51043701171875,245.95834350585938,498.54168701171875,5,4,That it is unnecessarily long,1,,,2026-07-02,2026-07-02,2026-07-02T22:16:16.654Z,15:16:16,2026-07-02 15:16:16,,,,,,,spotlight-prolific
256ATUE4,691626ec4628eb27b37781b0,1,ele,13,2,2,3,59, a ,41917,778871,503,243,225.95834350585938,498.54168701171875,245.95834350585938,513.562520980835,5,5,That it is unnecessarily long,1,,,2026-07-02,2026-07-02,2026-07-02T22:16:16.654Z,15:16:16,2026-07-02 15:16:16,,,,,,,spotlight-prolific
256ATUE4,691626ec4628eb27b37781b0,1,ele,13,2,2,3,59, a ,41965,778919,510,243,225.95834350585938,498.54168701171875,245.95834350585938,513.562520980835,5,5,That it is unnecessarily long,1,,,2026-07-02,2026-07-02,2026-07-02T22:16:16.654Z,15:16:16,2026-07-02 15:16:16,,,,,,,spotlight-prolific
256ATUE4,691626ec4628eb27b37781b0,1,ele,13,2,2,3,60, two-week ,42018,778971,514,243,225.95834350585938,513.5625,245.95834350585938,594.59375,5,6,That it is unnecessarily long,1,,,2026-07-02,2026-07-02,2026-07-02T22:16:16.654Z,15:16:16,2026-07-02 15:16:16,,,,,,,spotlight-prolific
256ATUE4,691626ec4628eb27b37781b0,1,ele,13,2,2,3,60, two-week ,42051,779005,517,243,225.95834350585938,513.5625,245.95834350585938,594.59375,5,6,That it is unnecessarily long,1,,,2026-07-02,2026-07-02,2026-07-02T22:16:16.654Z,15:16:16,2026-07-02 15:16:16,,,,,,,spotlight-prolific
256ATUE4,691626ec4628eb27b37781b0,1,ele,13,2,2,3,60, two-week ,42102,779056,521,243,225.95834350585938,513.5625,245.95834350585938,594.59375,5,6,That it is unnecessarily long,1,,,2026-07-02,2026-07-02,2026-07-02T22:16:16.654Z,15:16:16,2026-07-02 15:16:16,,,,,,,spotlight-prolific
256ATUE4,691626ec4628eb27b37781b0,1,ele,13,2,2,3,60, two-week ,42159,779113,522,243,225.95834350585938,513.5625,245.95834350585938,594.59375,5,6,That it is unnecessarily long,1,,,2026-07-02,2026-07-02,2026-07-02T22:16:16.654Z,15:16:16,2026-07-02 15:16:16,,,,,,,spotlight-prolific
256ATUE4,691626ec4628eb27b37781b0,1,ele,13,2,2,3,60, two-week ,42207,779160,528,243,225.95834350585938,513.5625,245.95834350585938,594.59375,5,6,That it is unnecessarily long,1,,,2026-07-02,2026-07-02,2026-07-02T22:16:16.654Z,15:16:16,2026-07-02 15:16:16,,,,,,,spotlight-prolific
256ATUE4,691626ec4628eb27b37781b0,1,ele,13,2,2,3,60, two-week ,42260,779214,532,243,225.95834350585938,513.5625,245.95834350585938,594.59375,5,6,That it is unnecessarily long,1,,,2026-07-02,2026-07-02,2026-07-02T22:16:16.654Z,15:16:16,2026-07-02 15:16:16,,,,,,,spotlight-prolific
256ATUE4,691626ec4628eb27b37781b0,1,ele,13,2,2,3,60, two-week ,42315,779269,534,243,225.95834350585938,513.5625,245.95834350585938,594.59375,5,6,That it is unnecessarily long,1,,,2026-07-02,2026-07-02,2026-07-02T22:16:16.654Z,15:16:16,2026-07-02 15:16:16,,,,,,,spotlight-prolific
256ATUE4,691626ec4628eb27b37781b0,1,ele,13,2,2,3,60, two-week ,42367,779320,537,243,225.95834350585938,513.5625,245.95834350585938,594.59375,5,6,That it is unnecessarily long,1,,,2026-07-02,2026-07-02,2026-07-02T22:16:16.654Z,15:16:16,2026-07-02 15:16:16,,,,,,,spotlight-prolific
256ATUE4,691626ec4628eb27b37781b0,1,ele,13,2,2,3,60, two-week ,42410,779364,540,243,225.95834350585938,513.5625,245.95834350585938,594.59375,5,6,That it is unnecessarily long,1,,,2026-07-02,2026-07-02,2026-07-02T22:16:16.654Z,15:16:16,2026-07-02 15:16:16,,,,,,,spotlight-prolific
256ATUE4,691626ec4628eb27b37781b0,1,ele,13,2,2,3,60, two-week ,42459,779413,544,243,225.95834350585938,513.5625,245.95834350585938,594.59375,5,6,That it is unnecessarily long,1,,,2026-07-02,2026-07-02,2026-07-02T22:16:16.654Z,15:16:16,2026-07-02 15:16:16,,,,,,,spotlight-prolific
256ATUE4,691626ec4628eb27b37781b0,1,ele,13,2,2,3,60, two-week ,42503,779456,549,243,225.95834350585938,513.5625,245.95834350585938,594.59375,5,6,That it is unnecessarily long,1,,,2026-07-02,2026-07-02,2026-07-02T22:16:16.654Z,15:16:16,2026-07-02 15:16:16,,,,,,,spotlight-prolific
256ATUE4,691626ec4628eb27b37781b0,1,ele,13,2,2,3,60, two-week ,42568,779521,560,243,225.95834350585938,513.5625,245.95834350585938,594.59375,5,6,That it is unnecessarily long,1,,,2026-07-02,2026-07-02,2026-07-02T22:16:16.654Z,15:16:16,2026-07-02 15:16:16,,,,,,,spotlight-prolific
256ATUE4,691626ec4628eb27b37781b0,1,ele,13,2,2,3,60, two-week ,42603,779557,566,243,225.95834350585938,513.5625,245.95834350585938,594.59375,5,6,That it is unnecessarily long,1,,,2026-07-02,2026-07-02,2026-07-02T22:16:16.654Z,15:16:16,2026-07-02 15:16:16,,,,,,,spotlight-prolific
256ATUE4,691626ec4628eb27b37781b0,1,ele,13,2,2,3,60, two-week ,42669,779622,576,243,225.95834350585938,513.5625,245.95834350585938,594.59375,5,6,That it is unnecessarily long,1,,,2026-07-02,2026-07-02,2026-07-02T22:16:16.654Z,15:16:16,2026-07-02 15:16:16,,,,,,,spotlight-prolific
256ATUE4,691626ec4628eb27b37781b0,1,ele,13,2,2,3,60, two-week ,42701,779655,582,243,225.95834350585938,513.5625,245.95834350585938,594.59375,5,6,That it is unnecessarily long,1,,,2026-07-02,2026-07-02,2026-07-02T22:16:16.654Z,15:16:16,2026-07-02 15:16:16,,,,,,,spotlight-prolific
256ATUE4,691626ec4628eb27b37781b0,1,ele,13,2,2,3,61, summer ,42770,779723,599,243,225.95834350585938,594.59375,245.95834350585938,664.6041717529297,5,7,That it is unnecessarily long,1,,,2026-07-02,2026-07-02,2026-07-02T22:16:16.654Z,15:16:16,2026-07-02 15:16:16,,,,,,,spotlight-prolific
256ATUE4,691626ec4628eb27b37781b0,1,ele,13,2,2,3,61, summer ,42803,779756,610,243,225.95834350585938,594.59375,245.95834350585938,664.6041717529297,5,7,That it is unnecessarily long,1,,,2026-07-02,2026-07-02,2026-07-02T22:16:16.654Z,15:16:16,2026-07-02 15:16:16,,,,,,,spotlight-prolific
256ATUE4,691626ec4628eb27b37781b0,1,ele,13,2,2,3,61, summer ,42853,779807,621,243,225.95834350585938,594.59375,245.95834350585938,664.6041717529297,5,7,That it is unnecessarily long,1,,,2026-07-02,2026-07-02,2026-07-02T22:16:16.654Z,15:16:16,2026-07-02 15:16:16,,,,,,,spotlight-prolific
256ATUE4,691626ec4628eb27b37781b0,1,ele,13,2,2,3,61, summer ,42906,779859,637,244,225.95834350585938,594.59375,245.95834350585938,664.6041717529297,5,7,That it is unnecessarily long,1,,,2026-07-02,2026-07-02,2026-07-02T22:16:16.654Z,15:16:16,2026-07-02 15:16:16,,,,,,,spotlight-prolific
256ATUE4,691626ec4628eb27b37781b0,1,ele,13,2,2,3,61, summer ,42953,779907,648,244,225.95834350585938,594.59375,245.95834350585938,664.6041717529297,5,7,That it is unnecessarily long,1,,,2026-07-02,2026-07-02,2026-07-02T22:16:16.654Z,15:16:16,2026-07-02 15:16:16,,,,,,,spotlight-prolific
256ATUE4,691626ec4628eb27b37781b0,1,ele,13,2,2,3,61, summer ,43003,779956,664,244,225.95834350585938,594.59375,245.95834350585938,664.6041717529297,5,7,That it is unnecessarily long,1,,,2026-07-02,2026-07-02,2026-07-02T22:16:16.654Z,15:16:16,2026-07-02 15:16:16,,,,,,,spotlight-prolific
256ATUE4,691626ec4628eb27b37781b0,1,ele,13,2,2,3,62, holiday ,43061,780014,674,244,225.95834350585938,664.6041870117188,245.95834350585938,726.6562728881836,5,8,That it is unnecessarily long,1,,,2026-07-02,2026-07-02,2026-07-02T22:16:16.654Z,15:16:16,2026-07-02 15:16:16,,,,,,,spotlight-prolific
256ATUE4,691626ec4628eb27b37781b0,1,ele,13,2,2,3,62, holiday ,43111,780064,674,244,225.95834350585938,664.6041870117188,245.95834350585938,726.6562728881836,5,8,That it is unnecessarily long,1,,,2026-07-02,2026-07-02,2026-07-02T22:16:16.654Z,15:16:16,2026-07-02 15:16:16,,,,,,,spotlight-prolific
256ATUE4,691626ec4628eb27b37781b0,1,ele,13,2,2,3,62, holiday ,43152,780105,676,244,225.95834350585938,664.6041870117188,245.95834350585938,726.6562728881836,5,8,That it is unnecessarily long,1,,,2026-07-02,2026-07-02,2026-07-02T22:16:16.654Z,15:16:16,2026-07-02 15:16:16,,,,,,,spotlight-prolific
256ATUE4,691626ec4628eb27b37781b0,1,ele,13,2,2,3,62, holiday ,43219,780172,686,244,225.95834350585938,664.6041870117188,245.95834350585938,726.6562728881836,5,8,That it is unnecessarily long,1,,,2026-07-02,2026-07-02,2026-07-02T22:16:16.654Z,15:16:16,2026-07-02 15:16:16,,,,,,,spotlight-prolific
256ATUE4,691626ec4628eb27b37781b0,1,ele,13,2,2,3,62, holiday ,43254,780207,696,244,225.95834350585938,664.6041870117188,245.95834350585938,726.6562728881836,5,8,That it is unnecessarily long,1,,,2026-07-02,2026-07-02,2026-07-02T22:16:16.654Z,15:16:16,2026-07-02 15:16:16,,,,,,,spotlight-prolific
256ATUE4,691626ec4628eb27b37781b0,1,ele,13,2,2,3,62, holiday ,43303,780256,718,244,225.95834350585938,664.6041870117188,245.95834350585938,726.6562728881836,5,8,That it is unnecessarily long,1,,,2026-07-02,2026-07-02,2026-07-02T22:16:16.654Z,15:16:16,2026-07-02 15:16:16,,,,,,,spotlight-prolific
256ATUE4,691626ec4628eb27b37781b0,1,ele,13,2,2,3,63, is ,43352,780305,734,244,225.95834350585938,726.65625,245.95834350585938,744.65625,5,9,That it is unnecessarily long,1,,,2026-07-02,2026-07-02,2026-07-02T22:16:16.654Z,15:16:16,2026-07-02 15:16:16,,,,,,,spotlight-prolific
256ATUE4,691626ec4628eb27b37781b0,1,ele,13,2,2,3,63, is ,43406,780360,738,244,225.95834350585938,726.65625,245.95834350585938,744.65625,5,9,That it is unnecessarily long,1,,,2026-07-02,2026-07-02,2026-07-02T22:16:16.654Z,15:16:16,2026-07-02 15:16:16,,,,,,,spotlight-prolific
256ATUE4,691626ec4628eb27b37781b0,1,ele,13,2,2,3,63, is ,43469,780421,743,244,225.95834350585938,726.65625,245.95834350585938,744.65625,5,9,That it is unnecessarily long,1,,,2026-07-02,2026-07-02,2026-07-02T22:16:16.654Z,15:16:16,2026-07-02 15:16:16,,,,,,,spotlight-prolific
256ATUE4,691626ec4628eb27b37781b0,1,ele,13,2,2,3,64, their ,43503,780456,746,244,225.95834350585938,744.65625,245.95834350585938,784.6770858764648,5,10,That it is unnecessarily long,1,,,2026-07-02,2026-07-02,2026-07-02T22:16:16.654Z,15:16:16,2026-07-02 15:16:16,,,,,,,spotlight-prolific
256ATUE4,691626ec4628eb27b37781b0,1,ele,13,2,2,3,64, their ,43553,780506,754,244,225.95834350585938,744.65625,245.95834350585938,784.6770858764648,5,10,That it is unnecessarily long,1,,,2026-07-02,2026-07-02,2026-07-02T22:16:16.654Z,15:16:16,2026-07-02 15:16:16,,,,,,,spotlight-prolific
256ATUE4,691626ec4628eb27b37781b0,1,ele,13,2,2,3,64, their ,43602,780555,761,244,225.95834350585938,744.65625,245.95834350585938,784.6770858764648,5,10,That it is unnecessarily long,1,,,2026-07-02,2026-07-02,2026-07-02T22:16:16.654Z,15:16:16,2026-07-02 15:16:16,,,,,,,spotlight-prolific
256ATUE4,691626ec4628eb27b37781b0,1,ele,13,2,2,3,64, their ,43662,780615,764,244,225.95834350585938,744.65625,245.95834350585938,784.6770858764648,5,10,That it is unnecessarily long,1,,,2026-07-02,2026-07-02,2026-07-02T22:16:16.654Z,15:16:16,2026-07-02 15:16:16,,,,,,,spotlight-prolific
256ATUE4,691626ec4628eb27b37781b0,1,ele,13,2,2,3,64, their ,43711,780664,764,244,225.95834350585938,744.65625,245.95834350585938,784.6770858764648,5,10,That it is unnecessarily long,1,,,2026-07-02,2026-07-02,2026-07-02T22:16:16.654Z,15:16:16,2026-07-02 15:16:16,,,,,,,spotlight-prolific
256ATUE4,691626ec4628eb27b37781b0,1,ele,13,2,2,3,64, their ,43774,780728,766,244,225.95834350585938,744.65625,245.95834350585938,784.6770858764648,5,10,That it is unnecessarily long,1,,,2026-07-02,2026-07-02,2026-07-02T22:16:16.654Z,15:16:16,2026-07-02 15:16:16,,,,,,,spotlight-prolific
256ATUE4,691626ec4628eb27b37781b0,1,ele,13,2,2,3,64, their ,43805,780759,780,248,225.95834350585938,744.65625,245.95834350585938,784.6770858764648,5,10,That it is unnecessarily long,1,,,2026-07-02,2026-07-02,2026-07-02T22:16:16.654Z,15:16:16,2026-07-02 15:16:16,,,,,,,spotlight-prolific
256ATUE4,691626ec4628eb27b37781b0,1,ele,13,2,2,3,64, their ,43861,780815,782,247,225.95834350585938,744.65625,245.95834350585938,784.6770858764648,5,10,That it is unnecessarily long,1,,,2026-07-02,2026-07-02,2026-07-02T22:16:16.654Z,15:16:16,2026-07-02 15:16:16,,,,,,,spotlight-prolific
256ATUE4,691626ec4628eb27b37781b0,1,ele,13,2,2,3,64, their ,43910,780864,782,247,225.95834350585938,744.65625,245.95834350585938,784.6770858764648,5,10,That it is unnecessarily long,1,,,2026-07-02,2026-07-02,2026-07-02T22:16:16.654Z,15:16:16,2026-07-02 15:16:16,,,,,,,spotlight-prolific
256ATUE4,691626ec4628eb27b37781b0,1,ele,13,2,2,3,64, their ,43957,780911,782,247,225.95834350585938,744.65625,245.95834350585938,784.6770858764648,5,10,That it is unnecessarily long,1,,,2026-07-02,2026-07-02,2026-07-02T22:16:16.654Z,15:16:16,2026-07-02 15:16:16,,,,,,,spotlight-prolific
256ATUE4,691626ec4628eb27b37781b0,1,ele,13,2,2,3,64, their ,44004,780958,782,247,225.95834350585938,744.65625,245.95834350585938,784.6770858764648,5,10,That it is unnecessarily long,1,,,2026-07-02,2026-07-02,2026-07-02T22:16:16.654Z,15:16:16,2026-07-02 15:16:16,,,,,,,spotlight-prolific
256ATUE4,691626ec4628eb27b37781b0,1,ele,13,2,2,3,64, their ,44067,781020,782,247,225.95834350585938,744.65625,245.95834350585938,784.6770858764648,5,10,That it is unnecessarily long,1,,,2026-07-02,2026-07-02,2026-07-02T22:16:16.654Z,15:16:16,2026-07-02 15:16:16,,,,,,,spotlight-prolific
256ATUE4,691626ec4628eb27b37781b0,1,ele,13,2,2,3,64, their ,44114,781067,782,247,225.95834350585938,744.65625,245.95834350585938,784.6770858764648,5,10,That it is unnecessarily long,1,,,2026-07-02,2026-07-02,2026-07-02T22:16:16.654Z,15:16:16,2026-07-02 15:16:16,,,,,,,spotlight-prolific
256ATUE4,691626ec4628eb27b37781b0,1,ele,13,2,2,3,64, their ,44160,781114,782,247,225.95834350585938,744.65625,245.95834350585938,784.6770858764648,5,10,That it is unnecessarily long,1,,,2026-07-02,2026-07-02,2026-07-02T22:16:16.654Z,15:16:16,2026-07-02 15:16:16,,,,,,,spotlight-prolific
256ATUE4,691626ec4628eb27b37781b0,1,ele,13,2,2,3,64, their ,44207,781161,782,247,225.95834350585938,744.65625,245.95834350585938,784.6770858764648,5,10,That it is unnecessarily long,1,,,2026-07-02,2026-07-02,2026-07-02T22:16:16.654Z,15:16:16,2026-07-02 15:16:16,,,,,,,spotlight-prolific
256ATUE4,691626ec4628eb27b37781b0,1,ele,13,2,2,3,64, their ,44254,781208,782,247,225.95834350585938,744.65625,245.95834350585938,784.6770858764648,5,10,That it is unnecessarily long,1,,,2026-07-02,2026-07-02,2026-07-02T22:16:16.654Z,15:16:16,2026-07-02 15:16:16,,,,,,,spotlight-prolific
256ATUE4,691626ec4628eb27b37781b0,1,ele,13,2,2,3,64, their ,44317,781270,782,247,225.95834350585938,744.65625,245.95834350585938,784.6770858764648,5,10,That it is unnecessarily long,1,,,2026-07-02,2026-07-02,2026-07-02T22:16:16.654Z,15:16:16,2026-07-02 15:16:16,,,,,,,spotlight-prolific
256ATUE4,691626ec4628eb27b37781b0,1,ele,13,2,2,3,64, their ,44363,781317,782,247,225.95834350585938,744.65625,245.95834350585938,784.6770858764648,5,10,That it is unnecessarily long,1,,,2026-07-02,2026-07-02,2026-07-02T22:16:16.654Z,15:16:16,2026-07-02 15:16:16,,,,,,,spotlight-prolific
256ATUE4,691626ec4628eb27b37781b0,1,ele,13,2,2,3,64, their ,44410,781364,782,247,225.95834350585938,744.65625,245.95834350585938,784.6770858764648,5,10,That it is unnecessarily long,1,,,2026-07-02,2026-07-02,2026-07-02T22:16:16.654Z,15:16:16,2026-07-02 15:16:16,,,,,,,spotlight-prolific
256ATUE4,691626ec4628eb27b37781b0,1,ele,13,2,2,3,64, their ,44457,781411,782,247,225.95834350585938,744.65625,245.95834350585938,784.6770858764648,5,10,That it is unnecessarily long,1,,,2026-07-02,2026-07-02,2026-07-02T22:16:16.654Z,15:16:16,2026-07-02 15:16:16,,,,,,,spotlight-prolific
256ATUE4,691626ec4628eb27b37781b0,1,ele,13,2,2,3,64, their ,44504,781457,782,247,225.95834350585938,744.65625,245.95834350585938,784.6770858764648,5,10,That it is unnecessarily long,1,,,2026-07-02,2026-07-02,2026-07-02T22:16:16.654Z,15:16:16,2026-07-02 15:16:16,,,,,,,spotlight-prolific
256ATUE4,691626ec4628eb27b37781b0,1,ele,13,2,2,3,64, their ,44566,781520,782,247,225.95834350585938,744.65625,245.95834350585938,784.6770858764648,5,10,That it is unnecessarily long,1,,,2026-07-02,2026-07-02,2026-07-02T22:16:16.654Z,15:16:16,2026-07-02 15:16:16,,,,,,,spotlight-prolific
256ATUE4,691626ec4628eb27b37781b0,1,ele,13,2,2,3,64, their ,44618,781571,782,247,225.95834350585938,744.65625,245.95834350585938,784.6770858764648,5,10,That it is unnecessarily long,1,,,2026-07-02,2026-07-02,2026-07-02T22:16:16.654Z,15:16:16,2026-07-02 15:16:16,,,,,,,spotlight-prolific
256ATUE4,691626ec4628eb27b37781b0,1,ele,13,2,2,3,65, right ,44654,781608,785,245,225.95834350585938,784.6771240234375,245.95834350585938,824.6979598999023,5,11,That it is unnecessarily long,1,,,2026-07-02,2026-07-02,2026-07-02T22:16:16.654Z,15:16:16,2026-07-02 15:16:16,,,,,,,spotlight-prolific
256ATUE4,691626ec4628eb27b37781b0,1,ele,13,2,2,3,66, but ,44705,781659,838,249,225.95834350585938,824.6979370117188,245.95834350585938,854.7291870117188,5,12,That it is unnecessarily long,1,,,2026-07-02,2026-07-02,2026-07-02T22:16:16.654Z,15:16:16,2026-07-02 15:16:16,,,,,,,spotlight-prolific
256ATUE4,691626ec4628eb27b37781b0,1,ele,13,2,2,3,67, workers ,44757,781709,864,249,225.95834350585938,854.7291870117188,245.95834350585938,922.7396087646484,5,13,That it is unnecessarily long,1,,,2026-07-02,2026-07-02,2026-07-02T22:16:16.654Z,15:16:16,2026-07-02 15:16:16,,,,,,,spotlight-prolific
256ATUE4,691626ec4628eb27b37781b0,1,ele,13,2,2,3,67, workers ,44803,781756,874,249,225.95834350585938,854.7291870117188,245.95834350585938,922.7396087646484,5,13,That it is unnecessarily long,1,,,2026-07-02,2026-07-02,2026-07-02T22:16:16.654Z,15:16:16,2026-07-02 15:16:16,,,,,,,spotlight-prolific
256ATUE4,691626ec4628eb27b37781b0,1,ele,13,2,2,3,67, workers ,44853,781807,884,249,225.95834350585938,854.7291870117188,245.95834350585938,922.7396087646484,5,13,That it is unnecessarily long,1,,,2026-07-02,2026-07-02,2026-07-02T22:16:16.654Z,15:16:16,2026-07-02 15:16:16,,,,,,,spotlight-prolific
256ATUE4,691626ec4628eb27b37781b0,1,ele,13,2,2,3,67, workers ,44902,781856,887,249,225.95834350585938,854.7291870117188,245.95834350585938,922.7396087646484,5,13,That it is unnecessarily long,1,,,2026-07-02,2026-07-02,2026-07-02T22:16:16.654Z,15:16:16,2026-07-02 15:16:16,,,,,,,spotlight-prolific
256ATUE4,691626ec4628eb27b37781b0,1,ele,13,2,2,3,67, workers ,44954,781908,898,249,225.95834350585938,854.7291870117188,245.95834350585938,922.7396087646484,5,13,That it is unnecessarily long,1,,,2026-07-02,2026-07-02,2026-07-02T22:16:16.654Z,15:16:16,2026-07-02 15:16:16,,,,,,,spotlight-prolific
256ATUE4,691626ec4628eb27b37781b0,1,ele,13,2,2,3,67, workers ,45002,781955,904,249,225.95834350585938,854.7291870117188,245.95834350585938,922.7396087646484,5,13,That it is unnecessarily long,1,,,2026-07-02,2026-07-02,2026-07-02T22:16:16.654Z,15:16:16,2026-07-02 15:16:16,,,,,,,spotlight-prolific
256ATUE4,691626ec4628eb27b37781b0,1,ele,13,2,2,3,67, workers ,45052,782005,908,249,225.95834350585938,854.7291870117188,245.95834350585938,922.7396087646484,5,13,That it is unnecessarily long,1,,,2026-07-02,2026-07-02,2026-07-02T22:16:16.654Z,15:16:16,2026-07-02 15:16:16,,,,,,,spotlight-prolific
256ATUE4,691626ec4628eb27b37781b0,1,ele,13,2,2,3,67, workers ,45114,782068,908,249,225.95834350585938,854.7291870117188,245.95834350585938,922.7396087646484,5,13,That it is unnecessarily long,1,,,2026-07-02,2026-07-02,2026-07-02T22:16:16.654Z,15:16:16,2026-07-02 15:16:16,,,,,,,spotlight-prolific
256ATUE4,691626ec4628eb27b37781b0,1,ele,13,2,2,3,67, workers ,45161,782114,908,249,225.95834350585938,854.7291870117188,245.95834350585938,922.7396087646484,5,13,That it is unnecessarily long,1,,,2026-07-02,2026-07-02,2026-07-02T22:16:16.654Z,15:16:16,2026-07-02 15:16:16,,,,,,,spotlight-prolific
256ATUE4,691626ec4628eb27b37781b0,1,ele,13,2,2,3,67, workers ,45211,782164,907,249,225.95834350585938,854.7291870117188,245.95834350585938,922.7396087646484,5,13,That it is unnecessarily long,1,,,2026-07-02,2026-07-02,2026-07-02T22:16:16.654Z,15:16:16,2026-07-02 15:16:16,,,,,,,spotlight-prolific
256ATUE4,691626ec4628eb27b37781b0,1,ele,13,2,2,3,65, right ,45254,782208,822,255,225.95834350585938,784.6771240234375,245.95834350585938,824.6979598999023,5,11,That it is unnecessarily long,1,,,2026-07-02,2026-07-02,2026-07-02T22:16:16.654Z,15:16:16,2026-07-02 15:16:16,,,,,,,spotlight-prolific
256ATUE4,691626ec4628eb27b37781b0,1,ele,13,2,2,3,78, self-indulgence. ,45306,782259,747,268,265.9583435058594,659.7396240234375,285.9583435058594,790.8229675292969,6,10,That it is unnecessarily long,1,,,2026-07-02,2026-07-02,2026-07-02T22:16:16.654Z,15:16:16,2026-07-02 15:16:16,,,,,,,spotlight-prolific
256ATUE4,691626ec4628eb27b37781b0,1,ele,13,2,2,3,77, big ,45355,782309,658,268,265.9583435058594,630.7083740234375,285.9583435058594,659.7396240234375,6,9,That it is unnecessarily long,1,,,2026-07-02,2026-07-02,2026-07-02T22:16:16.654Z,15:16:16,2026-07-02 15:16:16,,,,,,,spotlight-prolific
256ATUE4,691626ec4628eb27b37781b0,1,ele,13,2,2,3,74, vacation ,45406,782359,582,268,265.9583435058594,525.6354370117188,285.9583435058594,597.6875228881836,6,6,That it is unnecessarily long,1,,,2026-07-02,2026-07-02,2026-07-02T22:16:16.654Z,15:16:16,2026-07-02 15:16:16,,,,,,,spotlight-prolific
256ATUE4,691626ec4628eb27b37781b0,1,ele,13,2,2,3,73, four-night ,45455,782409,449,268,265.9583435058594,444.5833435058594,285.9583435058594,525.6354293823242,6,5,That it is unnecessarily long,1,,,2026-07-02,2026-07-02,2026-07-02T22:16:16.654Z,15:16:16,2026-07-02 15:16:16,,,,,,,spotlight-prolific
256ATUE4,691626ec4628eb27b37781b0,1,ele,13,2,2,3,70, think ,45506,782459,374,280,265.9583435058594,351.5,285.9583435058594,394.53125,6,2,That it is unnecessarily long,1,,,2026-07-02,2026-07-02,2026-07-02T22:16:16.654Z,15:16:16,2026-07-02 15:16:16,,,,,,,spotlight-prolific
256ATUE4,691626ec4628eb27b37781b0,1,ele,13,2,2,3,70, think ,45553,782507,362,281,265.9583435058594,351.5,285.9583435058594,394.53125,6,2,That it is unnecessarily long,1,,,2026-07-02,2026-07-02,2026-07-02T22:16:16.654Z,15:16:16,2026-07-02 15:16:16,,,,,,,spotlight-prolific
256ATUE4,691626ec4628eb27b37781b0,1,ele,13,2,2,3,70, think ,45602,782555,360,281,265.9583435058594,351.5,285.9583435058594,394.53125,6,2,That it is unnecessarily long,1,,,2026-07-02,2026-07-02,2026-07-02T22:16:16.654Z,15:16:16,2026-07-02 15:16:16,,,,,,,spotlight-prolific
256ATUE4,691626ec4628eb27b37781b0,1,ele,13,2,2,3,69, Japan ,45655,782608,350,281,265.9583435058594,297.44793701171875,285.9583435058594,351.5000228881836,6,1,That it is unnecessarily long,1,,,2026-07-02,2026-07-02,2026-07-02T22:16:16.654Z,15:16:16,2026-07-02 15:16:16,,,,,,,spotlight-prolific
256ATUE4,691626ec4628eb27b37781b0,1,ele,13,2,2,3,69, Japan ,45702,782656,341,284,265.9583435058594,297.44793701171875,285.9583435058594,351.5000228881836,6,1,That it is unnecessarily long,1,,,2026-07-02,2026-07-02,2026-07-02T22:16:16.654Z,15:16:16,2026-07-02 15:16:16,,,,,,,spotlight-prolific
256ATUE4,691626ec4628eb27b37781b0,1,ele,13,2,2,3,69, Japan ,45764,782718,341,284,265.9583435058594,297.44793701171875,285.9583435058594,351.5000228881836,6,1,That it is unnecessarily long,1,,,2026-07-02,2026-07-02,2026-07-02T22:16:16.654Z,15:16:16,2026-07-02 15:16:16,,,,,,,spotlight-prolific
256ATUE4,691626ec4628eb27b37781b0,1,ele,13,2,2,3,69, Japan ,45811,782765,341,284,265.9583435058594,297.44793701171875,285.9583435058594,351.5000228881836,6,1,That it is unnecessarily long,1,,,2026-07-02,2026-07-02,2026-07-02T22:16:16.654Z,15:16:16,2026-07-02 15:16:16,,,,,,,spotlight-prolific
256ATUE4,691626ec4628eb27b37781b0,1,ele,13,2,2,3,69, Japan ,45863,782817,340,284,265.9583435058594,297.44793701171875,285.9583435058594,351.5000228881836,6,1,That it is unnecessarily long,1,,,2026-07-02,2026-07-02,2026-07-02T22:16:16.654Z,15:16:16,2026-07-02 15:16:16,,,,,,,spotlight-prolific
256ATUE4,691626ec4628eb27b37781b0,1,ele,13,2,2,3,69, Japan ,45907,782860,331,285,265.9583435058594,297.44793701171875,285.9583435058594,351.5000228881836,6,1,That it is unnecessarily long,1,,,2026-07-02,2026-07-02,2026-07-02T22:16:16.654Z,15:16:16,2026-07-02 15:16:16,,,,,,,spotlight-prolific
256ATUE4,691626ec4628eb27b37781b0,1,ele,13,2,2,3,69, Japan ,45955,782908,308,290,265.9583435058594,297.44793701171875,285.9583435058594,351.5000228881836,6,1,That it is unnecessarily long,1,,,2026-07-02,2026-07-02,2026-07-02T22:16:16.654Z,15:16:16,2026-07-02 15:16:16,,,,,,,spotlight-prolific
256ATUE4,691626ec4628eb27b37781b0,1,ele,13,2,2,3,69, Japan ,46002,782955,302,290,265.9583435058594,297.44793701171875,285.9583435058594,351.5000228881836,6,1,That it is unnecessarily long,1,,,2026-07-02,2026-07-02,2026-07-02T22:16:16.654Z,15:16:16,2026-07-02 15:16:16,,,,,,,spotlight-prolific
256ATUE4,691626ec4628eb27b37781b0,1,ele,13,2,2,3,69, Japan ,46064,783018,302,290,265.9583435058594,297.44793701171875,285.9583435058594,351.5000228881836,6,1,That it is unnecessarily long,1,,,2026-07-02,2026-07-02,2026-07-02T22:16:16.654Z,15:16:16,2026-07-02 15:16:16,,,,,,,spotlight-prolific
256ATUE4,691626ec4628eb27b37781b0,1,ele,13,2,2,3,69, Japan ,46110,783064,302,290,265.9583435058594,297.44793701171875,285.9583435058594,351.5000228881836,6,1,That it is unnecessarily long,1,,,2026-07-02,2026-07-02,2026-07-02T22:16:16.654Z,15:16:16,2026-07-02 15:16:16,,,,,,,spotlight-prolific
256ATUE4,691626ec4628eb27b37781b0,1,ele,13,2,2,3,69, Japan ,46157,783111,302,290,265.9583435058594,297.44793701171875,285.9583435058594,351.5000228881836,6,1,That it is unnecessarily long,1,,,2026-07-02,2026-07-02,2026-07-02T22:16:16.654Z,15:16:16,2026-07-02 15:16:16,,,,,,,spotlight-prolific
256ATUE4,691626ec4628eb27b37781b0,1,ele,13,2,2,3,69, Japan ,46204,783157,302,290,265.9583435058594,297.44793701171875,285.9583435058594,351.5000228881836,6,1,That it is unnecessarily long,1,,,2026-07-02,2026-07-02,2026-07-02T22:16:16.654Z,15:16:16,2026-07-02 15:16:16,,,,,,,spotlight-prolific
256ATUE4,691626ec4628eb27b37781b0,1,ele,13,2,2,3,69, Japan ,46268,783221,302,290,265.9583435058594,297.44793701171875,285.9583435058594,351.5000228881836,6,1,That it is unnecessarily long,1,,,2026-07-02,2026-07-02,2026-07-02T22:16:16.654Z,15:16:16,2026-07-02 15:16:16,,,,,,,spotlight-prolific
256ATUE4,691626ec4628eb27b37781b0,1,ele,13,2,2,3,69, Japan ,46305,783258,308,290,265.9583435058594,297.44793701171875,285.9583435058594,351.5000228881836,6,1,That it is unnecessarily long,1,,,2026-07-02,2026-07-02,2026-07-02T22:16:16.654Z,15:16:16,2026-07-02 15:16:16,,,,,,,spotlight-prolific
256ATUE4,691626ec4628eb27b37781b0,1,ele,13,2,2,3,69, Japan ,46365,783315,340,290,265.9583435058594,297.44793701171875,285.9583435058594,351.5000228881836,6,1,That it is unnecessarily long,1,,,2026-07-02,2026-07-02,2026-07-02T22:16:16.654Z,15:16:16,2026-07-02 15:16:16,,,,,,,spotlight-prolific
256ATUE4,691626ec4628eb27b37781b0,1,ele,13,2,2,3,70, think ,46408,783361,359,290,265.9583435058594,351.5,285.9583435058594,394.53125,6,2,That it is unnecessarily long,1,,,2026-07-02,2026-07-02,2026-07-02T22:16:16.654Z,15:16:16,2026-07-02 15:16:16,,,,,,,spotlight-prolific
256ATUE4,691626ec4628eb27b37781b0,1,ele,13,2,2,3,70, think ,46462,783416,361,290,265.9583435058594,351.5,285.9583435058594,394.53125,6,2,That it is unnecessarily long,1,,,2026-07-02,2026-07-02,2026-07-02T22:16:16.654Z,15:16:16,2026-07-02 15:16:16,,,,,,,spotlight-prolific
256ATUE4,691626ec4628eb27b37781b0,1,ele,13,2,2,3,70, think ,46508,783461,361,290,265.9583435058594,351.5,285.9583435058594,394.53125,6,2,That it is unnecessarily long,1,,,2026-07-02,2026-07-02,2026-07-02T22:16:16.654Z,15:16:16,2026-07-02 15:16:16,,,,,,,spotlight-prolific
256ATUE4,691626ec4628eb27b37781b0,1,ele,13,2,2,3,70, think ,46555,783509,366,290,265.9583435058594,351.5,285.9583435058594,394.53125,6,2,That it is unnecessarily long,1,,,2026-07-02,2026-07-02,2026-07-02T22:16:16.654Z,15:16:16,2026-07-02 15:16:16,,,,,,,spotlight-prolific
256ATUE4,691626ec4628eb27b37781b0,1,ele,13,2,2,3,70, think ,46605,783558,368,290,265.9583435058594,351.5,285.9583435058594,394.53125,6,2,That it is unnecessarily long,1,,,2026-07-02,2026-07-02,2026-07-02T22:16:16.654Z,15:16:16,2026-07-02 15:16:16,,,,,,,spotlight-prolific
256ATUE4,691626ec4628eb27b37781b0,1,ele,13,2,2,3,70, think ,46657,783611,380,289,265.9583435058594,351.5,285.9583435058594,394.53125,6,2,That it is unnecessarily long,1,,,2026-07-02,2026-07-02,2026-07-02T22:16:16.654Z,15:16:16,2026-07-02 15:16:16,,,,,,,spotlight-prolific
256ATUE4,691626ec4628eb27b37781b0,1,ele,13,2,2,3,70, think ,46701,783655,384,289,265.9583435058594,351.5,285.9583435058594,394.53125,6,2,That it is unnecessarily long,1,,,2026-07-02,2026-07-02,2026-07-02T22:16:16.654Z,15:16:16,2026-07-02 15:16:16,,,,,,,spotlight-prolific
256ATUE4,691626ec4628eb27b37781b0,1,ele,13,2,2,3,70, think ,46753,783706,393,289,265.9583435058594,351.5,285.9583435058594,394.53125,6,2,That it is unnecessarily long,1,,,2026-07-02,2026-07-02,2026-07-02T22:16:16.654Z,15:16:16,2026-07-02 15:16:16,,,,,,,spotlight-prolific
256ATUE4,691626ec4628eb27b37781b0,1,ele,13,2,2,3,71, that ,46807,783760,395,289,265.9583435058594,394.53125,285.9583435058594,429.5625,6,3,That it is unnecessarily long,1,,,2026-07-02,2026-07-02,2026-07-02T22:16:16.654Z,15:16:16,2026-07-02 15:16:16,,,,,,,spotlight-prolific
256ATUE4,691626ec4628eb27b37781b0,1,ele,13,2,2,3,71, that ,46856,783810,408,289,265.9583435058594,394.53125,285.9583435058594,429.5625,6,3,That it is unnecessarily long,1,,,2026-07-02,2026-07-02,2026-07-02T22:16:16.654Z,15:16:16,2026-07-02 15:16:16,,,,,,,spotlight-prolific
256ATUE4,691626ec4628eb27b37781b0,1,ele,13,2,2,3,71, that ,46904,783858,416,289,265.9583435058594,394.53125,285.9583435058594,429.5625,6,3,That it is unnecessarily long,1,,,2026-07-02,2026-07-02,2026-07-02T22:16:16.654Z,15:16:16,2026-07-02 15:16:16,,,,,,,spotlight-prolific
256ATUE4,691626ec4628eb27b37781b0,1,ele,13,2,2,3,72, a ,46957,783910,431,287,265.9583435058594,429.5625,285.9583435058594,444.5833339691162,6,4,That it is unnecessarily long,1,,,2026-07-02,2026-07-02,2026-07-02T22:16:16.654Z,15:16:16,2026-07-02 15:16:16,,,,,,,spotlight-prolific
256ATUE4,691626ec4628eb27b37781b0,1,ele,13,2,2,3,72, a ,47005,783958,443,287,265.9583435058594,429.5625,285.9583435058594,444.5833339691162,6,4,That it is unnecessarily long,1,,,2026-07-02,2026-07-02,2026-07-02T22:16:16.654Z,15:16:16,2026-07-02 15:16:16,,,,,,,spotlight-prolific
256ATUE4,691626ec4628eb27b37781b0,1,ele,13,2,2,3,73, four-night ,47056,784009,452,287,265.9583435058594,444.5833435058594,285.9583435058594,525.6354293823242,6,5,That it is unnecessarily long,1,,,2026-07-02,2026-07-02,2026-07-02T22:16:16.654Z,15:16:16,2026-07-02 15:16:16,,,,,,,spotlight-prolific
256ATUE4,691626ec4628eb27b37781b0,1,ele,13,2,2,3,73, four-night ,47105,784059,458,287,265.9583435058594,444.5833435058594,285.9583435058594,525.6354293823242,6,5,That it is unnecessarily long,1,,,2026-07-02,2026-07-02,2026-07-02T22:16:16.654Z,15:16:16,2026-07-02 15:16:16,,,,,,,spotlight-prolific
256ATUE4,691626ec4628eb27b37781b0,1,ele,13,2,2,3,73, four-night ,47156,784110,464,287,265.9583435058594,444.5833435058594,285.9583435058594,525.6354293823242,6,5,That it is unnecessarily long,1,,,2026-07-02,2026-07-02,2026-07-02T22:16:16.654Z,15:16:16,2026-07-02 15:16:16,,,,,,,spotlight-prolific
256ATUE4,691626ec4628eb27b37781b0,1,ele,13,2,2,3,73, four-night ,47205,784159,470,287,265.9583435058594,444.5833435058594,285.9583435058594,525.6354293823242,6,5,That it is unnecessarily long,1,,,2026-07-02,2026-07-02,2026-07-02T22:16:16.654Z,15:16:16,2026-07-02 15:16:16,,,,,,,spotlight-prolific
256ATUE4,691626ec4628eb27b37781b0,1,ele,13,2,2,3,73, four-night ,47257,784210,476,287,265.9583435058594,444.5833435058594,285.9583435058594,525.6354293823242,6,5,That it is unnecessarily long,1,,,2026-07-02,2026-07-02,2026-07-02T22:16:16.654Z,15:16:16,2026-07-02 15:16:16,,,,,,,spotlight-prolific
256ATUE4,691626ec4628eb27b37781b0,1,ele,13,2,2,3,73, four-night ,47305,784258,480,287,265.9583435058594,444.5833435058594,285.9583435058594,525.6354293823242,6,5,That it is unnecessarily long,1,,,2026-07-02,2026-07-02,2026-07-02T22:16:16.654Z,15:16:16,2026-07-02 15:16:16,,,,,,,spotlight-prolific
256ATUE4,691626ec4628eb27b37781b0,1,ele,13,2,2,3,73, four-night ,47352,784306,482,287,265.9583435058594,444.5833435058594,285.9583435058594,525.6354293823242,6,5,That it is unnecessarily long,1,,,2026-07-02,2026-07-02,2026-07-02T22:16:16.654Z,15:16:16,2026-07-02 15:16:16,,,,,,,spotlight-prolific
256ATUE4,691626ec4628eb27b37781b0,1,ele,13,2,2,3,73, four-night ,47413,784366,482,287,265.9583435058594,444.5833435058594,285.9583435058594,525.6354293823242,6,5,That it is unnecessarily long,1,,,2026-07-02,2026-07-02,2026-07-02T22:16:16.654Z,15:16:16,2026-07-02 15:16:16,,,,,,,spotlight-prolific
256ATUE4,691626ec4628eb27b37781b0,1,ele,13,2,2,3,73, four-night ,47459,784413,486,287,265.9583435058594,444.5833435058594,285.9583435058594,525.6354293823242,6,5,That it is unnecessarily long,1,,,2026-07-02,2026-07-02,2026-07-02T22:16:16.654Z,15:16:16,2026-07-02 15:16:16,,,,,,,spotlight-prolific
256ATUE4,691626ec4628eb27b37781b0,1,ele,13,2,2,3,73, four-night ,47508,784461,491,287,265.9583435058594,444.5833435058594,285.9583435058594,525.6354293823242,6,5,That it is unnecessarily long,1,,,2026-07-02,2026-07-02,2026-07-02T22:16:16.654Z,15:16:16,2026-07-02 15:16:16,,,,,,,spotlight-prolific
256ATUE4,691626ec4628eb27b37781b0,1,ele,13,2,2,3,73, four-night ,47556,784509,498,287,265.9583435058594,444.5833435058594,285.9583435058594,525.6354293823242,6,5,That it is unnecessarily long,1,,,2026-07-02,2026-07-02,2026-07-02T22:16:16.654Z,15:16:16,2026-07-02 15:16:16,,,,,,,spotlight-prolific
256ATUE4,691626ec4628eb27b37781b0,1,ele,13,2,2,3,73, four-night ,47607,784561,508,287,265.9583435058594,444.5833435058594,285.9583435058594,525.6354293823242,6,5,That it is unnecessarily long,1,,,2026-07-02,2026-07-02,2026-07-02T22:16:16.654Z,15:16:16,2026-07-02 15:16:16,,,,,,,spotlight-prolific
256ATUE4,691626ec4628eb27b37781b0,1,ele,13,2,2,3,73, four-night ,47657,784610,516,287,265.9583435058594,444.5833435058594,285.9583435058594,525.6354293823242,6,5,That it is unnecessarily long,1,,,2026-07-02,2026-07-02,2026-07-02T22:16:16.654Z,15:16:16,2026-07-02 15:16:16,,,,,,,spotlight-prolific
256ATUE4,691626ec4628eb27b37781b0,1,ele,13,2,2,3,74, vacation ,47708,784661,528,287,265.9583435058594,525.6354370117188,285.9583435058594,597.6875228881836,6,6,That it is unnecessarily long,1,,,2026-07-02,2026-07-02,2026-07-02T22:16:16.654Z,15:16:16,2026-07-02 15:16:16,,,,,,,spotlight-prolific
256ATUE4,691626ec4628eb27b37781b0,1,ele,13,2,2,3,74, vacation ,47756,784710,538,287,265.9583435058594,525.6354370117188,285.9583435058594,597.6875228881836,6,6,That it is unnecessarily long,1,,,2026-07-02,2026-07-02,2026-07-02T22:16:16.654Z,15:16:16,2026-07-02 15:16:16,,,,,,,spotlight-prolific
256ATUE4,691626ec4628eb27b37781b0,1,ele,13,2,2,3,74, vacation ,47808,784761,547,287,265.9583435058594,525.6354370117188,285.9583435058594,597.6875228881836,6,6,That it is unnecessarily long,1,,,2026-07-02,2026-07-02,2026-07-02T22:16:16.654Z,15:16:16,2026-07-02 15:16:16,,,,,,,spotlight-prolific
256ATUE4,691626ec4628eb27b37781b0,1,ele,13,2,2,3,74, vacation ,47857,784810,566,287,265.9583435058594,525.6354370117188,285.9583435058594,597.6875228881836,6,6,That it is unnecessarily long,1,,,2026-07-02,2026-07-02,2026-07-02T22:16:16.654Z,15:16:16,2026-07-02 15:16:16,,,,,,,spotlight-prolific
256ATUE4,691626ec4628eb27b37781b0,1,ele,13,2,2,3,74, vacation ,47908,784861,584,287,265.9583435058594,525.6354370117188,285.9583435058594,597.6875228881836,6,6,That it is unnecessarily long,1,,,2026-07-02,2026-07-02,2026-07-02T22:16:16.654Z,15:16:16,2026-07-02 15:16:16,,,,,,,spotlight-prolific
256ATUE4,691626ec4628eb27b37781b0,1,ele,13,2,2,3,74, vacation ,47955,784908,592,287,265.9583435058594,525.6354370117188,285.9583435058594,597.6875228881836,6,6,That it is unnecessarily long,1,,,2026-07-02,2026-07-02,2026-07-02T22:16:16.654Z,15:16:16,2026-07-02 15:16:16,,,,,,,spotlight-prolific
256ATUE4,691626ec4628eb27b37781b0,1,ele,13,2,2,3,74, vacation ,48005,784958,596,287,265.9583435058594,525.6354370117188,285.9583435058594,597.6875228881836,6,6,That it is unnecessarily long,1,,,2026-07-02,2026-07-02,2026-07-02T22:16:16.654Z,15:16:16,2026-07-02 15:16:16,,,,,,,spotlight-prolific
256ATUE4,691626ec4628eb27b37781b0,1,ele,13,2,2,3,75, is ,48056,785010,604,287,265.9583435058594,597.6875,285.9583435058594,615.6875,6,7,That it is unnecessarily long,1,,,2026-07-02,2026-07-02,2026-07-02T22:16:16.654Z,15:16:16,2026-07-02 15:16:16,,,,,,,spotlight-prolific
256ATUE4,691626ec4628eb27b37781b0,1,ele,13,2,2,3,75, is ,48105,785058,610,287,265.9583435058594,597.6875,285.9583435058594,615.6875,6,7,That it is unnecessarily long,1,,,2026-07-02,2026-07-02,2026-07-02T22:16:16.654Z,15:16:16,2026-07-02 15:16:16,,,,,,,spotlight-prolific
256ATUE4,691626ec4628eb27b37781b0,1,ele,13,2,2,3,76, a ,48157,785110,618,287,265.9583435058594,615.6875,285.9583435058594,630.7083339691162,6,8,That it is unnecessarily long,1,,,2026-07-02,2026-07-02,2026-07-02T22:16:16.654Z,15:16:16,2026-07-02 15:16:16,,,,,,,spotlight-prolific
256ATUE4,691626ec4628eb27b37781b0,1,ele,13,2,2,3,76, a ,48206,785159,630,287,265.9583435058594,615.6875,285.9583435058594,630.7083339691162,6,8,That it is unnecessarily long,1,,,2026-07-02,2026-07-02,2026-07-02T22:16:16.654Z,15:16:16,2026-07-02 15:16:16,,,,,,,spotlight-prolific
256ATUE4,691626ec4628eb27b37781b0,1,ele,13,2,2,3,77, big ,48265,785219,631,287,265.9583435058594,630.7083740234375,285.9583435058594,659.7396240234375,6,9,That it is unnecessarily long,1,,,2026-07-02,2026-07-02,2026-07-02T22:16:16.654Z,15:16:16,2026-07-02 15:16:16,,,,,,,spotlight-prolific
256ATUE4,691626ec4628eb27b37781b0,1,ele,13,2,2,3,77, big ,48317,785270,632,287,265.9583435058594,630.7083740234375,285.9583435058594,659.7396240234375,6,9,That it is unnecessarily long,1,,,2026-07-02,2026-07-02,2026-07-02T22:16:16.654Z,15:16:16,2026-07-02 15:16:16,,,,,,,spotlight-prolific
256ATUE4,691626ec4628eb27b37781b0,1,ele,13,2,2,3,77, big ,48365,785318,632,287,265.9583435058594,630.7083740234375,285.9583435058594,659.7396240234375,6,9,That it is unnecessarily long,1,,,2026-07-02,2026-07-02,2026-07-02T22:16:16.654Z,15:16:16,2026-07-02 15:16:16,,,,,,,spotlight-prolific
256ATUE4,691626ec4628eb27b37781b0,1,ele,13,2,2,3,77, big ,48412,785365,632,287,265.9583435058594,630.7083740234375,285.9583435058594,659.7396240234375,6,9,That it is unnecessarily long,1,,,2026-07-02,2026-07-02,2026-07-02T22:16:16.654Z,15:16:16,2026-07-02 15:16:16,,,,,,,spotlight-prolific
256ATUE4,691626ec4628eb27b37781b0,1,ele,13,2,2,3,77, big ,48454,785408,634,287,265.9583435058594,630.7083740234375,285.9583435058594,659.7396240234375,6,9,That it is unnecessarily long,1,,,2026-07-02,2026-07-02,2026-07-02T22:16:16.654Z,15:16:16,2026-07-02 15:16:16,,,,,,,spotlight-prolific
256ATUE4,691626ec4628eb27b37781b0,1,ele,13,2,2,3,77, big ,48516,785470,635,287,265.9583435058594,630.7083740234375,285.9583435058594,659.7396240234375,6,9,That it is unnecessarily long,1,,,2026-07-02,2026-07-02,2026-07-02T22:16:16.654Z,15:16:16,2026-07-02 15:16:16,,,,,,,spotlight-prolific
256ATUE4,691626ec4628eb27b37781b0,1,ele,13,2,2,3,77, big ,48552,785505,636,287,265.9583435058594,630.7083740234375,285.9583435058594,659.7396240234375,6,9,That it is unnecessarily long,1,,,2026-07-02,2026-07-02,2026-07-02T22:16:16.654Z,15:16:16,2026-07-02 15:16:16,,,,,,,spotlight-prolific
256ATUE4,691626ec4628eb27b37781b0,1,ele,13,2,2,3,77, big ,48616,785570,636,287,265.9583435058594,630.7083740234375,285.9583435058594,659.7396240234375,6,9,That it is unnecessarily long,1,,,2026-07-02,2026-07-02,2026-07-02T22:16:16.654Z,15:16:16,2026-07-02 15:16:16,,,,,,,spotlight-prolific
256ATUE4,691626ec4628eb27b37781b0,1,ele,13,2,2,3,77, big ,48663,785617,636,287,265.9583435058594,630.7083740234375,285.9583435058594,659.7396240234375,6,9,That it is unnecessarily long,1,,,2026-07-02,2026-07-02,2026-07-02T22:16:16.654Z,15:16:16,2026-07-02 15:16:16,,,,,,,spotlight-prolific
256ATUE4,691626ec4628eb27b37781b0,1,ele,13,2,2,3,77, big ,48710,785664,636,287,265.9583435058594,630.7083740234375,285.9583435058594,659.7396240234375,6,9,That it is unnecessarily long,1,,,2026-07-02,2026-07-02,2026-07-02T22:16:16.654Z,15:16:16,2026-07-02 15:16:16,,,,,,,spotlight-prolific
256ATUE4,691626ec4628eb27b37781b0,1,ele,13,2,2,3,77, big ,48757,785710,636,287,265.9583435058594,630.7083740234375,285.9583435058594,659.7396240234375,6,9,That it is unnecessarily long,1,,,2026-07-02,2026-07-02,2026-07-02T22:16:16.654Z,15:16:16,2026-07-02 15:16:16,,,,,,,spotlight-prolific
256ATUE4,691626ec4628eb27b37781b0,1,ele,13,2,2,3,77, big ,48804,785757,636,287,265.9583435058594,630.7083740234375,285.9583435058594,659.7396240234375,6,9,That it is unnecessarily long,1,,,2026-07-02,2026-07-02,2026-07-02T22:16:16.654Z,15:16:16,2026-07-02 15:16:16,,,,,,,spotlight-prolific
256ATUE4,691626ec4628eb27b37781b0,1,ele,13,2,2,3,77, big ,48866,785820,636,287,265.9583435058594,630.7083740234375,285.9583435058594,659.7396240234375,6,9,That it is unnecessarily long,1,,,2026-07-02,2026-07-02,2026-07-02T22:16:16.654Z,15:16:16,2026-07-02 15:16:16,,,,,,,spotlight-prolific
256ATUE4,691626ec4628eb27b37781b0,1,ele,13,2,2,3,77, big ,48913,785867,636,287,265.9583435058594,630.7083740234375,285.9583435058594,659.7396240234375,6,9,That it is unnecessarily long,1,,,2026-07-02,2026-07-02,2026-07-02T22:16:16.654Z,15:16:16,2026-07-02 15:16:16,,,,,,,spotlight-prolific
256ATUE4,691626ec4628eb27b37781b0,1,ele,13,2,2,3,77, big ,48961,785914,635,285,265.9583435058594,630.7083740234375,285.9583435058594,659.7396240234375,6,9,That it is unnecessarily long,1,,,2026-07-02,2026-07-02,2026-07-02T22:16:16.654Z,15:16:16,2026-07-02 15:16:16,,,,,,,spotlight-prolific
256ATUE4,691626ec4628eb27b37781b0,1,ele,13,2,2,3,76, a ,49008,785961,627,284,265.9583435058594,615.6875,285.9583435058594,630.7083339691162,6,8,That it is unnecessarily long,1,,,2026-07-02,2026-07-02,2026-07-02T22:16:16.654Z,15:16:16,2026-07-02 15:16:16,,,,,,,spotlight-prolific
256ATUE4,691626ec4628eb27b37781b0,1,ele,13,2,2,3,75, is ,49056,786010,614,283,265.9583435058594,597.6875,285.9583435058594,615.6875,6,7,That it is unnecessarily long,1,,,2026-07-02,2026-07-02,2026-07-02T22:16:16.654Z,15:16:16,2026-07-02 15:16:16,,,,,,,spotlight-prolific
256ATUE4,691626ec4628eb27b37781b0,1,ele,13,2,2,3,75, is ,49116,786070,612,283,265.9583435058594,597.6875,285.9583435058594,615.6875,6,7,That it is unnecessarily long,1,,,2026-07-02,2026-07-02,2026-07-02T22:16:16.654Z,15:16:16,2026-07-02 15:16:16,,,,,,,spotlight-prolific
256ATUE4,691626ec4628eb27b37781b0,1,ele,13,2,2,3,75, is ,49159,786113,602,283,265.9583435058594,597.6875,285.9583435058594,615.6875,6,7,That it is unnecessarily long,1,,,2026-07-02,2026-07-02,2026-07-02T22:16:16.654Z,15:16:16,2026-07-02 15:16:16,,,,,,,spotlight-prolific
256ATUE4,691626ec4628eb27b37781b0,1,ele,13,2,2,3,74, vacation ,49206,786160,595,284,265.9583435058594,525.6354370117188,285.9583435058594,597.6875228881836,6,6,That it is unnecessarily long,1,,,2026-07-02,2026-07-02,2026-07-02T22:16:16.654Z,15:16:16,2026-07-02 15:16:16,,,,,,,spotlight-prolific
256ATUE4,691626ec4628eb27b37781b0,1,ele,13,2,2,3,74, vacation ,49264,786218,594,285,265.9583435058594,525.6354370117188,285.9583435058594,597.6875228881836,6,6,That it is unnecessarily long,1,,,2026-07-02,2026-07-02,2026-07-02T22:16:16.654Z,15:16:16,2026-07-02 15:16:16,,,,,,,spotlight-prolific
256ATUE4,691626ec4628eb27b37781b0,1,ele,13,2,2,3,74, vacation ,49317,786270,594,286,265.9583435058594,525.6354370117188,285.9583435058594,597.6875228881836,6,6,That it is unnecessarily long,1,,,2026-07-02,2026-07-02,2026-07-02T22:16:16.654Z,15:16:16,2026-07-02 15:16:16,,,,,,,spotlight-prolific
256ATUE4,691626ec4628eb27b37781b0,1,ele,13,2,2,3,74, vacation ,49364,786318,594,286,265.9583435058594,525.6354370117188,285.9583435058594,597.6875228881836,6,6,That it is unnecessarily long,1,,,2026-07-02,2026-07-02,2026-07-02T22:16:16.654Z,15:16:16,2026-07-02 15:16:16,,,,,,,spotlight-prolific
256ATUE4,691626ec4628eb27b37781b0,1,ele,13,2,2,3,74, vacation ,49408,786362,594,286,265.9583435058594,525.6354370117188,285.9583435058594,597.6875228881836,6,6,That it is unnecessarily long,1,,,2026-07-02,2026-07-02,2026-07-02T22:16:16.654Z,15:16:16,2026-07-02 15:16:16,,,,,,,spotlight-prolific
256ATUE4,691626ec4628eb27b37781b0,1,ele,13,2,2,3,74, vacation ,49465,786419,593,286,265.9583435058594,525.6354370117188,285.9583435058594,597.6875228881836,6,6,That it is unnecessarily long,1,,,2026-07-02,2026-07-02,2026-07-02T22:16:16.654Z,15:16:16,2026-07-02 15:16:16,,,,,,,spotlight-prolific
256ATUE4,691626ec4628eb27b37781b0,1,ele,13,2,2,3,74, vacation ,49512,786466,593,286,265.9583435058594,525.6354370117188,285.9583435058594,597.6875228881836,6,6,That it is unnecessarily long,1,,,2026-07-02,2026-07-02,2026-07-02T22:16:16.654Z,15:16:16,2026-07-02 15:16:16,,,,,,,spotlight-prolific
256ATUE4,691626ec4628eb27b37781b0,1,ele,13,2,2,3,74, vacation ,49559,786513,595,287,265.9583435058594,525.6354370117188,285.9583435058594,597.6875228881836,6,6,That it is unnecessarily long,1,,,2026-07-02,2026-07-02,2026-07-02T22:16:16.654Z,15:16:16,2026-07-02 15:16:16,,,,,,,spotlight-prolific
256ATUE4,691626ec4628eb27b37781b0,1,ele,13,2,2,3,75, is ,49609,786562,612,287,265.9583435058594,597.6875,285.9583435058594,615.6875,6,7,That it is unnecessarily long,1,,,2026-07-02,2026-07-02,2026-07-02T22:16:16.654Z,15:16:16,2026-07-02 15:16:16,,,,,,,spotlight-prolific
256ATUE4,691626ec4628eb27b37781b0,1,ele,13,2,2,3,76, a ,49659,786613,630,287,265.9583435058594,615.6875,285.9583435058594,630.7083339691162,6,8,That it is unnecessarily long,1,,,2026-07-02,2026-07-02,2026-07-02T22:16:16.654Z,15:16:16,2026-07-02 15:16:16,,,,,,,spotlight-prolific
256ATUE4,691626ec4628eb27b37781b0,1,ele,13,2,2,3,77, big ,49709,786662,638,287,265.9583435058594,630.7083740234375,285.9583435058594,659.7396240234375,6,9,That it is unnecessarily long,1,,,2026-07-02,2026-07-02,2026-07-02T22:16:16.654Z,15:16:16,2026-07-02 15:16:16,,,,,,,spotlight-prolific
256ATUE4,691626ec4628eb27b37781b0,1,ele,13,2,2,3,77, big ,49760,786713,652,287,265.9583435058594,630.7083740234375,285.9583435058594,659.7396240234375,6,9,That it is unnecessarily long,1,,,2026-07-02,2026-07-02,2026-07-02T22:16:16.654Z,15:16:16,2026-07-02 15:16:16,,,,,,,spotlight-prolific
256ATUE4,691626ec4628eb27b37781b0,1,ele,13,2,2,3,78, self-indulgence. ,49809,786762,670,287,265.9583435058594,659.7396240234375,285.9583435058594,790.8229675292969,6,10,That it is unnecessarily long,1,,,2026-07-02,2026-07-02,2026-07-02T22:16:16.654Z,15:16:16,2026-07-02 15:16:16,,,,,,,spotlight-prolific
256ATUE4,691626ec4628eb27b37781b0,1,ele,13,2,2,3,78, self-indulgence. ,49852,786805,674,287,265.9583435058594,659.7396240234375,285.9583435058594,790.8229675292969,6,10,That it is unnecessarily long,1,,,2026-07-02,2026-07-02,2026-07-02T22:16:16.654Z,15:16:16,2026-07-02 15:16:16,,,,,,,spotlight-prolific
256ATUE4,691626ec4628eb27b37781b0,1,ele,13,2,2,3,78, self-indulgence. ,49902,786855,678,287,265.9583435058594,659.7396240234375,285.9583435058594,790.8229675292969,6,10,That it is unnecessarily long,1,,,2026-07-02,2026-07-02,2026-07-02T22:16:16.654Z,15:16:16,2026-07-02 15:16:16,,,,,,,spotlight-prolific
256ATUE4,691626ec4628eb27b37781b0,1,ele,13,2,2,3,78, self-indulgence. ,49960,786914,684,286,265.9583435058594,659.7396240234375,285.9583435058594,790.8229675292969,6,10,That it is unnecessarily long,1,,,2026-07-02,2026-07-02,2026-07-02T22:16:16.654Z,15:16:16,2026-07-02 15:16:16,,,,,,,spotlight-prolific
256ATUE4,691626ec4628eb27b37781b0,1,ele,13,2,2,3,78, self-indulgence. ,50009,786962,688,286,265.9583435058594,659.7396240234375,285.9583435058594,790.8229675292969,6,10,That it is unnecessarily long,1,,,2026-07-02,2026-07-02,2026-07-02T22:16:16.654Z,15:16:16,2026-07-02 15:16:16,,,,,,,spotlight-prolific
256ATUE4,691626ec4628eb27b37781b0,1,ele,13,2,2,3,78, self-indulgence. ,50052,787005,690,286,265.9583435058594,659.7396240234375,285.9583435058594,790.8229675292969,6,10,That it is unnecessarily long,1,,,2026-07-02,2026-07-02,2026-07-02T22:16:16.654Z,15:16:16,2026-07-02 15:16:16,,,,,,,spotlight-prolific
256ATUE4,691626ec4628eb27b37781b0,1,ele,13,2,2,3,78, self-indulgence. ,50116,787069,690,286,265.9583435058594,659.7396240234375,285.9583435058594,790.8229675292969,6,10,That it is unnecessarily long,1,,,2026-07-02,2026-07-02,2026-07-02T22:16:16.654Z,15:16:16,2026-07-02 15:16:16,,,,,,,spotlight-prolific
256ATUE4,691626ec4628eb27b37781b0,1,ele,13,2,2,3,78, self-indulgence. ,50163,787116,690,286,265.9583435058594,659.7396240234375,285.9583435058594,790.8229675292969,6,10,That it is unnecessarily long,1,,,2026-07-02,2026-07-02,2026-07-02T22:16:16.654Z,15:16:16,2026-07-02 15:16:16,,,,,,,spotlight-prolific
256ATUE4,691626ec4628eb27b37781b0,1,ele,13,2,2,3,78, self-indulgence. ,50210,787163,690,286,265.9583435058594,659.7396240234375,285.9583435058594,790.8229675292969,6,10,That it is unnecessarily long,1,,,2026-07-02,2026-07-02,2026-07-02T22:16:16.654Z,15:16:16,2026-07-02 15:16:16,,,,,,,spotlight-prolific
256ATUE4,691626ec4628eb27b37781b0,1,ele,13,2,2,3,78, self-indulgence. ,50257,787210,690,286,265.9583435058594,659.7396240234375,285.9583435058594,790.8229675292969,6,10,That it is unnecessarily long,1,,,2026-07-02,2026-07-02,2026-07-02T22:16:16.654Z,15:16:16,2026-07-02 15:16:16,,,,,,,spotlight-prolific
256ATUE4,691626ec4628eb27b37781b0,1,ele,13,2,2,3,78, self-indulgence. ,50303,787257,690,286,265.9583435058594,659.7396240234375,285.9583435058594,790.8229675292969,6,10,That it is unnecessarily long,1,,,2026-07-02,2026-07-02,2026-07-02T22:16:16.654Z,15:16:16,2026-07-02 15:16:16,,,,,,,spotlight-prolific
256ATUE4,691626ec4628eb27b37781b0,1,ele,13,2,2,3,78, self-indulgence. ,50366,787319,690,286,265.9583435058594,659.7396240234375,285.9583435058594,790.8229675292969,6,10,That it is unnecessarily long,1,,,2026-07-02,2026-07-02,2026-07-02T22:16:16.654Z,15:16:16,2026-07-02 15:16:16,,,,,,,spotlight-prolific
256ATUE4,691626ec4628eb27b37781b0,1,ele,13,2,2,3,78, self-indulgence. ,50413,787366,690,286,265.9583435058594,659.7396240234375,285.9583435058594,790.8229675292969,6,10,That it is unnecessarily long,1,,,2026-07-02,2026-07-02,2026-07-02T22:16:16.654Z,15:16:16,2026-07-02 15:16:16,,,,,,,spotlight-prolific
256ATUE4,691626ec4628eb27b37781b0,1,ele,13,2,2,3,78, self-indulgence. ,50460,787413,690,286,265.9583435058594,659.7396240234375,285.9583435058594,790.8229675292969,6,10,That it is unnecessarily long,1,,,2026-07-02,2026-07-02,2026-07-02T22:16:16.654Z,15:16:16,2026-07-02 15:16:16,,,,,,,spotlight-prolific
256ATUE4,691626ec4628eb27b37781b0,1,ele,13,2,2,3,78, self-indulgence. ,50507,787460,690,286,265.9583435058594,659.7396240234375,285.9583435058594,790.8229675292969,6,10,That it is unnecessarily long,1,,,2026-07-02,2026-07-02,2026-07-02T22:16:16.654Z,15:16:16,2026-07-02 15:16:16,,,,,,,spotlight-prolific
256ATUE4,691626ec4628eb27b37781b0,1,ele,13,2,2,3,78, self-indulgence. ,50553,787507,690,286,265.9583435058594,659.7396240234375,285.9583435058594,790.8229675292969,6,10,That it is unnecessarily long,1,,,2026-07-02,2026-07-02,2026-07-02T22:16:16.654Z,15:16:16,2026-07-02 15:16:16,,,,,,,spotlight-prolific
256ATUE4,691626ec4628eb27b37781b0,1,ele,13,2,2,3,78, self-indulgence. ,50609,787563,697,286,265.9583435058594,659.7396240234375,285.9583435058594,790.8229675292969,6,10,That it is unnecessarily long,1,,,2026-07-02,2026-07-02,2026-07-02T22:16:16.654Z,15:16:16,2026-07-02 15:16:16,,,,,,,spotlight-prolific
256ATUE4,691626ec4628eb27b37781b0,1,ele,13,2,2,3,78, self-indulgence. ,50653,787606,727,286,265.9583435058594,659.7396240234375,285.9583435058594,790.8229675292969,6,10,That it is unnecessarily long,1,,,2026-07-02,2026-07-02,2026-07-02T22:16:16.654Z,15:16:16,2026-07-02 15:16:16,,,,,,,spotlight-prolific
256ATUE4,691626ec4628eb27b37781b0,1,ele,13,2,2,3,78, self-indulgence. ,50709,787662,762,281,265.9583435058594,659.7396240234375,285.9583435058594,790.8229675292969,6,10,That it is unnecessarily long,1,,,2026-07-02,2026-07-02,2026-07-02T22:16:16.654Z,15:16:16,2026-07-02 15:16:16,,,,,,,spotlight-prolific
256ATUE4,691626ec4628eb27b37781b0,1,ele,13,2,2,3,78, self-indulgence. ,50761,787714,774,278,265.9583435058594,659.7396240234375,285.9583435058594,790.8229675292969,6,10,That it is unnecessarily long,1,,,2026-07-02,2026-07-02,2026-07-02T22:16:16.654Z,15:16:16,2026-07-02 15:16:16,,,,,,,spotlight-prolific
256ATUE4,691626ec4628eb27b37781b0,1,ele,13,2,2,3,78, self-indulgence. ,50809,787763,784,277,265.9583435058594,659.7396240234375,285.9583435058594,790.8229675292969,6,10,That it is unnecessarily long,1,,,2026-07-02,2026-07-02,2026-07-02T22:16:16.654Z,15:16:16,2026-07-02 15:16:16,,,,,,,spotlight-prolific
256ATUE4,691626ec4628eb27b37781b0,1,ele,13,2,2,3,79, By ,50861,787814,798,273,265.9583435058594,790.8229370117188,285.9583435058594,816.8333549499512,6,11,That it is unnecessarily long,1,,,2026-07-02,2026-07-02,2026-07-02T22:16:16.654Z,15:16:16,2026-07-02 15:16:16,,,,,,,spotlight-prolific
256ATUE4,691626ec4628eb27b37781b0,1,ele,13,2,2,3,79, By ,50908,787862,804,273,265.9583435058594,790.8229370117188,285.9583435058594,816.8333549499512,6,11,That it is unnecessarily long,1,,,2026-07-02,2026-07-02,2026-07-02T22:16:16.654Z,15:16:16,2026-07-02 15:16:16,,,,,,,spotlight-prolific
256ATUE4,691626ec4628eb27b37781b0,1,ele,13,2,2,3,79, By ,50961,787915,810,273,265.9583435058594,790.8229370117188,285.9583435058594,816.8333549499512,6,11,That it is unnecessarily long,1,,,2026-07-02,2026-07-02,2026-07-02T22:16:16.654Z,15:16:16,2026-07-02 15:16:16,,,,,,,spotlight-prolific
256ATUE4,691626ec4628eb27b37781b0,1,ele,13,2,2,3,79, By ,51009,787962,816,273,265.9583435058594,790.8229370117188,285.9583435058594,816.8333549499512,6,11,That it is unnecessarily long,1,,,2026-07-02,2026-07-02,2026-07-02T22:16:16.654Z,15:16:16,2026-07-02 15:16:16,,,,,,,spotlight-prolific
256ATUE4,691626ec4628eb27b37781b0,1,ele,13,2,2,3,80," 2020, ",51060,788013,824,273,265.9583435058594,816.8333740234375,285.9583435058594,866.8854598999023,6,12,That it is unnecessarily long,1,,,2026-07-02,2026-07-02,2026-07-02T22:16:16.654Z,15:16:16,2026-07-02 15:16:16,,,,,,,spotlight-prolific
256ATUE4,691626ec4628eb27b37781b0,1,ele,13,2,2,3,80," 2020, ",51108,788062,834,273,265.9583435058594,816.8333740234375,285.9583435058594,866.8854598999023,6,12,That it is unnecessarily long,1,,,2026-07-02,2026-07-02,2026-07-02T22:16:16.654Z,15:16:16,2026-07-02 15:16:16,,,,,,,spotlight-prolific
256ATUE4,691626ec4628eb27b37781b0,1,ele,13,2,2,3,80," 2020, ",51152,788106,836,273,265.9583435058594,816.8333740234375,285.9583435058594,866.8854598999023,6,12,That it is unnecessarily long,1,,,2026-07-02,2026-07-02,2026-07-02T22:16:16.654Z,15:16:16,2026-07-02 15:16:16,,,,,,,spotlight-prolific
256ATUE4,691626ec4628eb27b37781b0,1,ele,13,2,2,3,80," 2020, ",51215,788169,836,273,265.9583435058594,816.8333740234375,285.9583435058594,866.8854598999023,6,12,That it is unnecessarily long,1,,,2026-07-02,2026-07-02,2026-07-02T22:16:16.654Z,15:16:16,2026-07-02 15:16:16,,,,,,,spotlight-prolific
256ATUE4,691626ec4628eb27b37781b0,1,ele,13,2,2,3,80," 2020, ",51255,788209,836,275,265.9583435058594,816.8333740234375,285.9583435058594,866.8854598999023,6,12,That it is unnecessarily long,1,,,2026-07-02,2026-07-02,2026-07-02T22:16:16.654Z,15:16:16,2026-07-02 15:16:16,,,,,,,spotlight-prolific
256ATUE4,691626ec4628eb27b37781b0,1,ele,13,2,2,3,80," 2020, ",51316,788270,836,275,265.9583435058594,816.8333740234375,285.9583435058594,866.8854598999023,6,12,That it is unnecessarily long,1,,,2026-07-02,2026-07-02,2026-07-02T22:16:16.654Z,15:16:16,2026-07-02 15:16:16,,,,,,,spotlight-prolific
256ATUE4,691626ec4628eb27b37781b0,1,ele,13,2,2,3,80," 2020, ",51363,788317,836,275,265.9583435058594,816.8333740234375,285.9583435058594,866.8854598999023,6,12,That it is unnecessarily long,1,,,2026-07-02,2026-07-02,2026-07-02T22:16:16.654Z,15:16:16,2026-07-02 15:16:16,,,,,,,spotlight-prolific
256ATUE4,691626ec4628eb27b37781b0,1,ele,13,2,2,3,80," 2020, ",51410,788363,836,275,265.9583435058594,816.8333740234375,285.9583435058594,866.8854598999023,6,12,That it is unnecessarily long,1,,,2026-07-02,2026-07-02,2026-07-02T22:16:16.654Z,15:16:16,2026-07-02 15:16:16,,,,,,,spotlight-prolific
256ATUE4,691626ec4628eb27b37781b0,1,ele,13,2,2,3,80," 2020, ",51455,788407,841,277,265.9583435058594,816.8333740234375,285.9583435058594,866.8854598999023,6,12,That it is unnecessarily long,1,,,2026-07-02,2026-07-02,2026-07-02T22:16:16.654Z,15:16:16,2026-07-02 15:16:16,,,,,,,spotlight-prolific
256ATUE4,691626ec4628eb27b37781b0,1,ele,13,2,2,3,81, the ,51511,788464,890,290,265.9583435058594,866.8854370117188,285.9583435058594,891.9166870117188,6,13,That it is unnecessarily long,1,,,2026-07-02,2026-07-02,2026-07-02T22:16:16.654Z,15:16:16,2026-07-02 15:16:16,,,,,,,spotlight-prolific
256ATUE4,691626ec4628eb27b37781b0,1,ele,13,2,2,3,81, the ,51553,788506,891,291,265.9583435058594,866.8854370117188,285.9583435058594,891.9166870117188,6,13,That it is unnecessarily long,1,,,2026-07-02,2026-07-02,2026-07-02T22:16:16.654Z,15:16:16,2026-07-02 15:16:16,,,,,,,spotlight-prolific
256ATUE4,691626ec4628eb27b37781b0,1,ele,13,2,2,3,81, the ,51618,788571,891,291,265.9583435058594,866.8854370117188,285.9583435058594,891.9166870117188,6,13,That it is unnecessarily long,1,,,2026-07-02,2026-07-02,2026-07-02T22:16:16.654Z,15:16:16,2026-07-02 15:16:16,,,,,,,spotlight-prolific
256ATUE4,691626ec4628eb27b37781b0,1,ele,13,2,2,3,81, the ,51665,788618,891,291,265.9583435058594,866.8854370117188,285.9583435058594,891.9166870117188,6,13,That it is unnecessarily long,1,,,2026-07-02,2026-07-02,2026-07-02T22:16:16.654Z,15:16:16,2026-07-02 15:16:16,,,,,,,spotlight-prolific
256ATUE4,691626ec4628eb27b37781b0,1,ele,13,2,2,3,81, the ,51713,788666,891,291,265.9583435058594,866.8854370117188,285.9583435058594,891.9166870117188,6,13,That it is unnecessarily long,1,,,2026-07-02,2026-07-02,2026-07-02T22:16:16.654Z,15:16:16,2026-07-02 15:16:16,,,,,,,spotlight-prolific
256ATUE4,691626ec4628eb27b37781b0,1,ele,13,2,2,3,81, the ,51759,788712,891,291,265.9583435058594,866.8854370117188,285.9583435058594,891.9166870117188,6,13,That it is unnecessarily long,1,,,2026-07-02,2026-07-02,2026-07-02T22:16:16.654Z,15:16:16,2026-07-02 15:16:16,,,,,,,spotlight-prolific
256ATUE4,691626ec4628eb27b37781b0,1,ele,13,2,2,3,81, the ,51805,788759,891,291,265.9583435058594,866.8854370117188,285.9583435058594,891.9166870117188,6,13,That it is unnecessarily long,1,,,2026-07-02,2026-07-02,2026-07-02T22:16:16.654Z,15:16:16,2026-07-02 15:16:16,,,,,,,spotlight-prolific
256ATUE4,691626ec4628eb27b37781b0,1,ele,13,2,2,3,81, the ,51868,788821,891,291,265.9583435058594,866.8854370117188,285.9583435058594,891.9166870117188,6,13,That it is unnecessarily long,1,,,2026-07-02,2026-07-02,2026-07-02T22:16:16.654Z,15:16:16,2026-07-02 15:16:16,,,,,,,spotlight-prolific
256ATUE4,691626ec4628eb27b37781b0,1,ele,13,2,2,3,81, the ,51915,788869,891,291,265.9583435058594,866.8854370117188,285.9583435058594,891.9166870117188,6,13,That it is unnecessarily long,1,,,2026-07-02,2026-07-02,2026-07-02T22:16:16.654Z,15:16:16,2026-07-02 15:16:16,,,,,,,spotlight-prolific
256ATUE4,691626ec4628eb27b37781b0,1,ele,13,2,2,3,81, the ,51962,788915,891,291,265.9583435058594,866.8854370117188,285.9583435058594,891.9166870117188,6,13,That it is unnecessarily long,1,,,2026-07-02,2026-07-02,2026-07-02T22:16:16.654Z,15:16:16,2026-07-02 15:16:16,,,,,,,spotlight-prolific
256ATUE4,691626ec4628eb27b37781b0,1,ele,13,2,2,3,81, the ,52008,788962,891,291,265.9583435058594,866.8854370117188,285.9583435058594,891.9166870117188,6,13,That it is unnecessarily long,1,,,2026-07-02,2026-07-02,2026-07-02T22:16:16.654Z,15:16:16,2026-07-02 15:16:16,,,,,,,spotlight-prolific
256ATUE4,691626ec4628eb27b37781b0,1,ele,13,2,2,3,81, the ,52055,789009,890,291,265.9583435058594,866.8854370117188,285.9583435058594,891.9166870117188,6,13,That it is unnecessarily long,1,,,2026-07-02,2026-07-02,2026-07-02T22:16:16.654Z,15:16:16,2026-07-02 15:16:16,,,,,,,spotlight-prolific
256ATUE4,691626ec4628eb27b37781b0,1,ele,13,2,2,3,80," 2020, ",52112,789066,844,293,265.9583435058594,816.8333740234375,285.9583435058594,866.8854598999023,6,12,That it is unnecessarily long,1,,,2026-07-02,2026-07-02,2026-07-02T22:16:16.654Z,15:16:16,2026-07-02 15:16:16,,,,,,,spotlight-prolific
256ATUE4,691626ec4628eb27b37781b0,1,ele,13,2,2,3,80," 2020, ",52161,789114,825,295,265.9583435058594,816.8333740234375,285.9583435058594,866.8854598999023,6,12,That it is unnecessarily long,1,,,2026-07-02,2026-07-02,2026-07-02T22:16:16.654Z,15:16:16,2026-07-02 15:16:16,,,,,,,spotlight-prolific
256ATUE4,691626ec4628eb27b37781b0,1,ele,13,2,2,3,91, follow ,52212,789166,809,299,305.9583435058594,802.78125,325.9583435058594,853.8020858764648,7,10,That it is unnecessarily long,1,,,2026-07-02,2026-07-02,2026-07-02T22:16:16.654Z,15:16:16,2026-07-02 15:16:16,,,,,,,spotlight-prolific
256ATUE4,691626ec4628eb27b37781b0,1,ele,13,2,2,3,90, employees ,52261,789214,794,303,305.9583435058594,710.7291870117188,325.9583435058594,802.7812728881836,7,9,That it is unnecessarily long,1,,,2026-07-02,2026-07-02,2026-07-02T22:16:16.654Z,15:16:16,2026-07-02 15:16:16,,,,,,,spotlight-prolific
256ATUE4,691626ec4628eb27b37781b0,1,ele,13,2,2,3,90, employees ,52312,789265,778,307,305.9583435058594,710.7291870117188,325.9583435058594,802.7812728881836,7,9,That it is unnecessarily long,1,,,2026-07-02,2026-07-02,2026-07-02T22:16:16.654Z,15:16:16,2026-07-02 15:16:16,,,,,,,spotlight-prolific
256ATUE4,691626ec4628eb27b37781b0,1,ele,13,2,2,3,90, employees ,52361,789314,735,317,305.9583435058594,710.7291870117188,325.9583435058594,802.7812728881836,7,9,That it is unnecessarily long,1,,,2026-07-02,2026-07-02,2026-07-02T22:16:16.654Z,15:16:16,2026-07-02 15:16:16,,,,,,,spotlight-prolific
256ATUE4,691626ec4628eb27b37781b0,1,ele,13,2,2,3,89, Japanese ,52405,789358,700,321,305.9583435058594,627.65625,325.9583435058594,710.7291717529297,7,8,That it is unnecessarily long,1,,,2026-07-02,2026-07-02,2026-07-02T22:16:16.654Z,15:16:16,2026-07-02 15:16:16,,,,,,,spotlight-prolific
256ATUE4,691626ec4628eb27b37781b0,1,ele,13,2,2,3,86, law ,52461,789415,540,322,305.9583435058594,516.625,325.9583435058594,548.6354179382324,7,5,That it is unnecessarily long,1,,,2026-07-02,2026-07-02,2026-07-02T22:16:16.654Z,15:16:16,2026-07-02 15:16:16,,,,,,,spotlight-prolific
256ATUE4,691626ec4628eb27b37781b0,1,ele,13,2,2,3,84, that ,52513,789466,467,324,305.9583435058594,451.5625,325.9583435058594,486.59375,7,3,That it is unnecessarily long,1,,,2026-07-02,2026-07-02,2026-07-02T22:16:16.654Z,15:16:16,2026-07-02 15:16:16,,,,,,,spotlight-prolific
256ATUE4,691626ec4628eb27b37781b0,1,ele,13,2,2,3,83, hopes ,52560,789514,411,325,305.9583435058594,397.51043701171875,325.9583435058594,451.5625228881836,7,2,That it is unnecessarily long,1,,,2026-07-02,2026-07-02,2026-07-02T22:16:16.654Z,15:16:16,2026-07-02 15:16:16,,,,,,,spotlight-prolific
256ATUE4,691626ec4628eb27b37781b0,1,ele,13,2,2,3,82, government ,52605,789558,388,325,305.9583435058594,297.44793701171875,325.9583435058594,397.51043701171875,7,1,That it is unnecessarily long,1,,,2026-07-02,2026-07-02,2026-07-02T22:16:16.654Z,15:16:16,2026-07-02 15:16:16,,,,,,,spotlight-prolific
256ATUE4,691626ec4628eb27b37781b0,1,ele,13,2,2,3,82, government ,52661,789614,336,326,305.9583435058594,297.44793701171875,325.9583435058594,397.51043701171875,7,1,That it is unnecessarily long,1,,,2026-07-02,2026-07-02,2026-07-02T22:16:16.654Z,15:16:16,2026-07-02 15:16:16,,,,,,,spotlight-prolific
256ATUE4,691626ec4628eb27b37781b0,1,ele,13,2,2,3,82, government ,52715,789669,306,325,305.9583435058594,297.44793701171875,325.9583435058594,397.51043701171875,7,1,That it is unnecessarily long,1,,,2026-07-02,2026-07-02,2026-07-02T22:16:16.654Z,15:16:16,2026-07-02 15:16:16,,,,,,,spotlight-prolific
256ATUE4,691626ec4628eb27b37781b0,1,ele,13,2,2,3,82, government ,52753,789707,299,326,305.9583435058594,297.44793701171875,325.9583435058594,397.51043701171875,7,1,That it is unnecessarily long,1,,,2026-07-02,2026-07-02,2026-07-02T22:16:16.654Z,15:16:16,2026-07-02 15:16:16,,,,,,,spotlight-prolific
256ATUE4,691626ec4628eb27b37781b0,1,ele,13,2,2,3,82, government ,52804,789757,299,326,305.9583435058594,297.44793701171875,325.9583435058594,397.51043701171875,7,1,That it is unnecessarily long,1,,,2026-07-02,2026-07-02,2026-07-02T22:16:16.654Z,15:16:16,2026-07-02 15:16:16,,,,,,,spotlight-prolific
256ATUE4,691626ec4628eb27b37781b0,1,ele,13,2,2,3,82, government ,52866,789820,299,326,305.9583435058594,297.44793701171875,325.9583435058594,397.51043701171875,7,1,That it is unnecessarily long,1,,,2026-07-02,2026-07-02,2026-07-02T22:16:16.654Z,15:16:16,2026-07-02 15:16:16,,,,,,,spotlight-prolific
256ATUE4,691626ec4628eb27b37781b0,1,ele,13,2,2,3,82, government ,52913,789867,299,326,305.9583435058594,297.44793701171875,325.9583435058594,397.51043701171875,7,1,That it is unnecessarily long,1,,,2026-07-02,2026-07-02,2026-07-02T22:16:16.654Z,15:16:16,2026-07-02 15:16:16,,,,,,,spotlight-prolific
256ATUE4,691626ec4628eb27b37781b0,1,ele,13,2,2,3,82, government ,52960,789914,299,326,305.9583435058594,297.44793701171875,325.9583435058594,397.51043701171875,7,1,That it is unnecessarily long,1,,,2026-07-02,2026-07-02,2026-07-02T22:16:16.654Z,15:16:16,2026-07-02 15:16:16,,,,,,,spotlight-prolific
256ATUE4,691626ec4628eb27b37781b0,1,ele,13,2,2,3,82, government ,53007,789960,299,326,305.9583435058594,297.44793701171875,325.9583435058594,397.51043701171875,7,1,That it is unnecessarily long,1,,,2026-07-02,2026-07-02,2026-07-02T22:16:16.654Z,15:16:16,2026-07-02 15:16:16,,,,,,,spotlight-prolific
256ATUE4,691626ec4628eb27b37781b0,1,ele,13,2,2,3,82, government ,53054,790007,299,326,305.9583435058594,297.44793701171875,325.9583435058594,397.51043701171875,7,1,That it is unnecessarily long,1,,,2026-07-02,2026-07-02,2026-07-02T22:16:16.654Z,15:16:16,2026-07-02 15:16:16,,,,,,,spotlight-prolific
256ATUE4,691626ec4628eb27b37781b0,1,ele,13,2,2,3,82, government ,53116,790070,299,326,305.9583435058594,297.44793701171875,325.9583435058594,397.51043701171875,7,1,That it is unnecessarily long,1,,,2026-07-02,2026-07-02,2026-07-02T22:16:16.654Z,15:16:16,2026-07-02 15:16:16,,,,,,,spotlight-prolific
256ATUE4,691626ec4628eb27b37781b0,1,ele,13,2,2,3,82, government ,53163,790117,299,326,305.9583435058594,297.44793701171875,325.9583435058594,397.51043701171875,7,1,That it is unnecessarily long,1,,,2026-07-02,2026-07-02,2026-07-02T22:16:16.654Z,15:16:16,2026-07-02 15:16:16,,,,,,,spotlight-prolific
256ATUE4,691626ec4628eb27b37781b0,1,ele,13,2,2,3,82, government ,53221,790175,302,327,305.9583435058594,297.44793701171875,325.9583435058594,397.51043701171875,7,1,That it is unnecessarily long,1,,,2026-07-02,2026-07-02,2026-07-02T22:16:16.654Z,15:16:16,2026-07-02 15:16:16,,,,,,,spotlight-prolific
256ATUE4,691626ec4628eb27b37781b0,1,ele,13,2,2,3,82, government ,53263,790217,304,327,305.9583435058594,297.44793701171875,325.9583435058594,397.51043701171875,7,1,That it is unnecessarily long,1,,,2026-07-02,2026-07-02,2026-07-02T22:16:16.654Z,15:16:16,2026-07-02 15:16:16,,,,,,,spotlight-prolific
256ATUE4,691626ec4628eb27b37781b0,1,ele,13,2,2,3,82, government ,53301,790254,308,327,305.9583435058594,297.44793701171875,325.9583435058594,397.51043701171875,7,1,That it is unnecessarily long,1,,,2026-07-02,2026-07-02,2026-07-02T22:16:16.654Z,15:16:16,2026-07-02 15:16:16,,,,,,,spotlight-prolific
256ATUE4,691626ec4628eb27b37781b0,1,ele,13,2,2,3,82, government ,53354,790307,311,327,305.9583435058594,297.44793701171875,325.9583435058594,397.51043701171875,7,1,That it is unnecessarily long,1,,,2026-07-02,2026-07-02,2026-07-02T22:16:16.654Z,15:16:16,2026-07-02 15:16:16,,,,,,,spotlight-prolific
256ATUE4,691626ec4628eb27b37781b0,1,ele,13,2,2,3,82, government ,53405,790359,317,326,305.9583435058594,297.44793701171875,325.9583435058594,397.51043701171875,7,1,That it is unnecessarily long,1,,,2026-07-02,2026-07-02,2026-07-02T22:16:16.654Z,15:16:16,2026-07-02 15:16:16,,,,,,,spotlight-prolific
256ATUE4,691626ec4628eb27b37781b0,1,ele,13,2,2,3,82, government ,53464,790418,360,322,305.9583435058594,297.44793701171875,325.9583435058594,397.51043701171875,7,1,That it is unnecessarily long,1,,,2026-07-02,2026-07-02,2026-07-02T22:16:16.654Z,15:16:16,2026-07-02 15:16:16,,,,,,,spotlight-prolific
256ATUE4,691626ec4628eb27b37781b0,1,ele,13,2,2,3,82, government ,53513,790466,386,322,305.9583435058594,297.44793701171875,325.9583435058594,397.51043701171875,7,1,That it is unnecessarily long,1,,,2026-07-02,2026-07-02,2026-07-02T22:16:16.654Z,15:16:16,2026-07-02 15:16:16,,,,,,,spotlight-prolific
256ATUE4,691626ec4628eb27b37781b0,1,ele,13,2,2,3,83, hopes ,53564,790517,410,322,305.9583435058594,397.51043701171875,325.9583435058594,451.5625228881836,7,2,That it is unnecessarily long,1,,,2026-07-02,2026-07-02,2026-07-02T22:16:16.654Z,15:16:16,2026-07-02 15:16:16,,,,,,,spotlight-prolific
256ATUE4,691626ec4628eb27b37781b0,1,ele,13,2,2,3,83, hopes ,53612,790566,424,322,305.9583435058594,397.51043701171875,325.9583435058594,451.5625228881836,7,2,That it is unnecessarily long,1,,,2026-07-02,2026-07-02,2026-07-02T22:16:16.654Z,15:16:16,2026-07-02 15:16:16,,,,,,,spotlight-prolific
256ATUE4,691626ec4628eb27b37781b0,1,ele,13,2,2,3,83, hopes ,53661,790615,432,322,305.9583435058594,397.51043701171875,325.9583435058594,451.5625228881836,7,2,That it is unnecessarily long,1,,,2026-07-02,2026-07-02,2026-07-02T22:16:16.654Z,15:16:16,2026-07-02 15:16:16,,,,,,,spotlight-prolific
256ATUE4,691626ec4628eb27b37781b0,1,ele,13,2,2,3,83, hopes ,53713,790666,449,322,305.9583435058594,397.51043701171875,325.9583435058594,451.5625228881836,7,2,That it is unnecessarily long,1,,,2026-07-02,2026-07-02,2026-07-02T22:16:16.654Z,15:16:16,2026-07-02 15:16:16,,,,,,,spotlight-prolific
256ATUE4,691626ec4628eb27b37781b0,1,ele,13,2,2,3,84, that ,53761,790715,459,322,305.9583435058594,451.5625,325.9583435058594,486.59375,7,3,That it is unnecessarily long,1,,,2026-07-02,2026-07-02,2026-07-02T22:16:16.654Z,15:16:16,2026-07-02 15:16:16,,,,,,,spotlight-prolific
256ATUE4,691626ec4628eb27b37781b0,1,ele,13,2,2,3,84, that ,53805,790758,461,322,305.9583435058594,451.5625,325.9583435058594,486.59375,7,3,That it is unnecessarily long,1,,,2026-07-02,2026-07-02,2026-07-02T22:16:16.654Z,15:16:16,2026-07-02 15:16:16,,,,,,,spotlight-prolific
256ATUE4,691626ec4628eb27b37781b0,1,ele,13,2,2,3,84, that ,53854,790807,462,322,305.9583435058594,451.5625,325.9583435058594,486.59375,7,3,That it is unnecessarily long,1,,,2026-07-02,2026-07-02,2026-07-02T22:16:16.654Z,15:16:16,2026-07-02 15:16:16,,,,,,,spotlight-prolific
256ATUE4,691626ec4628eb27b37781b0,1,ele,13,2,2,3,84, that ,53902,790856,462,322,305.9583435058594,451.5625,325.9583435058594,486.59375,7,3,That it is unnecessarily long,1,,,2026-07-02,2026-07-02,2026-07-02T22:16:16.654Z,15:16:16,2026-07-02 15:16:16,,,,,,,spotlight-prolific
256ATUE4,691626ec4628eb27b37781b0,1,ele,13,2,2,3,84, that ,53965,790919,462,322,305.9583435058594,451.5625,325.9583435058594,486.59375,7,3,That it is unnecessarily long,1,,,2026-07-02,2026-07-02,2026-07-02T22:16:16.654Z,15:16:16,2026-07-02 15:16:16,,,,,,,spotlight-prolific
256ATUE4,691626ec4628eb27b37781b0,1,ele,13,2,2,3,84, that ,54012,790966,462,322,305.9583435058594,451.5625,325.9583435058594,486.59375,7,3,That it is unnecessarily long,1,,,2026-07-02,2026-07-02,2026-07-02T22:16:16.654Z,15:16:16,2026-07-02 15:16:16,,,,,,,spotlight-prolific
256ATUE4,691626ec4628eb27b37781b0,1,ele,13,2,2,3,84, that ,54059,791013,462,322,305.9583435058594,451.5625,325.9583435058594,486.59375,7,3,That it is unnecessarily long,1,,,2026-07-02,2026-07-02,2026-07-02T22:16:16.654Z,15:16:16,2026-07-02 15:16:16,,,,,,,spotlight-prolific
256ATUE4,691626ec4628eb27b37781b0,1,ele,13,2,2,3,84, that ,54106,791059,462,322,305.9583435058594,451.5625,325.9583435058594,486.59375,7,3,That it is unnecessarily long,1,,,2026-07-02,2026-07-02,2026-07-02T22:16:16.654Z,15:16:16,2026-07-02 15:16:16,,,,,,,spotlight-prolific
256ATUE4,691626ec4628eb27b37781b0,1,ele,13,2,2,3,84, that ,54161,791114,466,322,305.9583435058594,451.5625,325.9583435058594,486.59375,7,3,That it is unnecessarily long,1,,,2026-07-02,2026-07-02,2026-07-02T22:16:16.654Z,15:16:16,2026-07-02 15:16:16,,,,,,,spotlight-prolific
256ATUE4,691626ec4628eb27b37781b0,1,ele,13,2,2,3,84, that ,54213,791166,475,321,305.9583435058594,451.5625,325.9583435058594,486.59375,7,3,That it is unnecessarily long,1,,,2026-07-02,2026-07-02,2026-07-02T22:16:16.654Z,15:16:16,2026-07-02 15:16:16,,,,,,,spotlight-prolific
256ATUE4,691626ec4628eb27b37781b0,1,ele,13,2,2,3,85, the ,54264,791217,488,321,305.9583435058594,486.59375,325.9583435058594,516.625,7,4,That it is unnecessarily long,1,,,2026-07-02,2026-07-02,2026-07-02T22:16:16.654Z,15:16:16,2026-07-02 15:16:16,,,,,,,spotlight-prolific
256ATUE4,691626ec4628eb27b37781b0,1,ele,13,2,2,3,85, the ,54313,791266,496,319,305.9583435058594,486.59375,325.9583435058594,516.625,7,4,That it is unnecessarily long,1,,,2026-07-02,2026-07-02,2026-07-02T22:16:16.654Z,15:16:16,2026-07-02 15:16:16,,,,,,,spotlight-prolific
256ATUE4,691626ec4628eb27b37781b0,1,ele,13,2,2,3,85, the ,54364,791318,514,317,305.9583435058594,486.59375,325.9583435058594,516.625,7,4,That it is unnecessarily long,1,,,2026-07-02,2026-07-02,2026-07-02T22:16:16.654Z,15:16:16,2026-07-02 15:16:16,,,,,,,spotlight-prolific
256ATUE4,691626ec4628eb27b37781b0,1,ele,13,2,2,3,86, law ,54413,791366,543,315,305.9583435058594,516.625,325.9583435058594,548.6354179382324,7,5,That it is unnecessarily long,1,,,2026-07-02,2026-07-02,2026-07-02T22:16:16.654Z,15:16:16,2026-07-02 15:16:16,,,,,,,spotlight-prolific
256ATUE4,691626ec4628eb27b37781b0,1,ele,13,2,2,3,87, will ,54457,791410,559,315,305.9583435058594,548.6354370117188,325.9583435058594,578.6354370117188,7,6,That it is unnecessarily long,1,,,2026-07-02,2026-07-02,2026-07-02T22:16:16.654Z,15:16:16,2026-07-02 15:16:16,,,,,,,spotlight-prolific
256ATUE4,691626ec4628eb27b37781b0,1,ele,13,2,2,3,87, will ,54511,791465,574,315,305.9583435058594,548.6354370117188,325.9583435058594,578.6354370117188,7,6,That it is unnecessarily long,1,,,2026-07-02,2026-07-02,2026-07-02T22:16:16.654Z,15:16:16,2026-07-02 15:16:16,,,,,,,spotlight-prolific
256ATUE4,691626ec4628eb27b37781b0,1,ele,13,2,2,3,87, will ,54555,791509,574,315,305.9583435058594,548.6354370117188,325.9583435058594,578.6354370117188,7,6,That it is unnecessarily long,1,,,2026-07-02,2026-07-02,2026-07-02T22:16:16.654Z,15:16:16,2026-07-02 15:16:16,,,,,,,spotlight-prolific
256ATUE4,691626ec4628eb27b37781b0,1,ele,13,2,2,3,87, will ,54602,791555,576,315,305.9583435058594,548.6354370117188,325.9583435058594,578.6354370117188,7,6,That it is unnecessarily long,1,,,2026-07-02,2026-07-02,2026-07-02T22:16:16.654Z,15:16:16,2026-07-02 15:16:16,,,,,,,spotlight-prolific
256ATUE4,691626ec4628eb27b37781b0,1,ele,13,2,2,3,88, make ,54651,791605,579,315,305.9583435058594,578.6354370117188,325.9583435058594,627.6562728881836,7,7,That it is unnecessarily long,1,,,2026-07-02,2026-07-02,2026-07-02T22:16:16.654Z,15:16:16,2026-07-02 15:16:16,,,,,,,spotlight-prolific
256ATUE4,691626ec4628eb27b37781b0,1,ele,13,2,2,3,88, make ,54705,791658,582,313,305.9583435058594,578.6354370117188,325.9583435058594,627.6562728881836,7,7,That it is unnecessarily long,1,,,2026-07-02,2026-07-02,2026-07-02T22:16:16.654Z,15:16:16,2026-07-02 15:16:16,,,,,,,spotlight-prolific
256ATUE4,691626ec4628eb27b37781b0,1,ele,13,2,2,3,88, make ,54763,791717,585,313,305.9583435058594,578.6354370117188,325.9583435058594,627.6562728881836,7,7,That it is unnecessarily long,1,,,2026-07-02,2026-07-02,2026-07-02T22:16:16.654Z,15:16:16,2026-07-02 15:16:16,,,,,,,spotlight-prolific
256ATUE4,691626ec4628eb27b37781b0,1,ele,13,2,2,3,88, make ,54812,791766,592,313,305.9583435058594,578.6354370117188,325.9583435058594,627.6562728881836,7,7,That it is unnecessarily long,1,,,2026-07-02,2026-07-02,2026-07-02T22:16:16.654Z,15:16:16,2026-07-02 15:16:16,,,,,,,spotlight-prolific
256ATUE4,691626ec4628eb27b37781b0,1,ele,13,2,2,3,88, make ,54864,791818,600,313,305.9583435058594,578.6354370117188,325.9583435058594,627.6562728881836,7,7,That it is unnecessarily long,1,,,2026-07-02,2026-07-02,2026-07-02T22:16:16.654Z,15:16:16,2026-07-02 15:16:16,,,,,,,spotlight-prolific
256ATUE4,691626ec4628eb27b37781b0,1,ele,13,2,2,3,88, make ,54913,791866,610,315,305.9583435058594,578.6354370117188,325.9583435058594,627.6562728881836,7,7,That it is unnecessarily long,1,,,2026-07-02,2026-07-02,2026-07-02T22:16:16.654Z,15:16:16,2026-07-02 15:16:16,,,,,,,spotlight-prolific
256ATUE4,691626ec4628eb27b37781b0,1,ele,13,2,2,3,88, make ,54965,791919,620,315,305.9583435058594,578.6354370117188,325.9583435058594,627.6562728881836,7,7,That it is unnecessarily long,1,,,2026-07-02,2026-07-02,2026-07-02T22:16:16.654Z,15:16:16,2026-07-02 15:16:16,,,,,,,spotlight-prolific
256ATUE4,691626ec4628eb27b37781b0,1,ele,13,2,2,3,89, Japanese ,55015,791968,632,315,305.9583435058594,627.65625,325.9583435058594,710.7291717529297,7,8,That it is unnecessarily long,1,,,2026-07-02,2026-07-02,2026-07-02T22:16:16.654Z,15:16:16,2026-07-02 15:16:16,,,,,,,spotlight-prolific
256ATUE4,691626ec4628eb27b37781b0,1,ele,13,2,2,3,89, Japanese ,55063,792017,650,315,305.9583435058594,627.65625,325.9583435058594,710.7291717529297,7,8,That it is unnecessarily long,1,,,2026-07-02,2026-07-02,2026-07-02T22:16:16.654Z,15:16:16,2026-07-02 15:16:16,,,,,,,spotlight-prolific
256ATUE4,691626ec4628eb27b37781b0,1,ele,13,2,2,3,89, Japanese ,55114,792068,664,315,305.9583435058594,627.65625,325.9583435058594,710.7291717529297,7,8,That it is unnecessarily long,1,,,2026-07-02,2026-07-02,2026-07-02T22:16:16.654Z,15:16:16,2026-07-02 15:16:16,,,,,,,spotlight-prolific
256ATUE4,691626ec4628eb27b37781b0,1,ele,13,2,2,3,89, Japanese ,55165,792118,678,314,305.9583435058594,627.65625,325.9583435058594,710.7291717529297,7,8,That it is unnecessarily long,1,,,2026-07-02,2026-07-02,2026-07-02T22:16:16.654Z,15:16:16,2026-07-02 15:16:16,,,,,,,spotlight-prolific
256ATUE4,691626ec4628eb27b37781b0,1,ele,13,2,2,3,89, Japanese ,55207,792160,695,314,305.9583435058594,627.65625,325.9583435058594,710.7291717529297,7,8,That it is unnecessarily long,1,,,2026-07-02,2026-07-02,2026-07-02T22:16:16.654Z,15:16:16,2026-07-02 15:16:16,,,,,,,spotlight-prolific
256ATUE4,691626ec4628eb27b37781b0,1,ele,13,2,2,3,90, employees ,55263,792217,713,314,305.9583435058594,710.7291870117188,325.9583435058594,802.7812728881836,7,9,That it is unnecessarily long,1,,,2026-07-02,2026-07-02,2026-07-02T22:16:16.654Z,15:16:16,2026-07-02 15:16:16,,,,,,,spotlight-prolific
256ATUE4,691626ec4628eb27b37781b0,1,ele,13,2,2,3,90, employees ,55312,792266,718,314,305.9583435058594,710.7291870117188,325.9583435058594,802.7812728881836,7,9,That it is unnecessarily long,1,,,2026-07-02,2026-07-02,2026-07-02T22:16:16.654Z,15:16:16,2026-07-02 15:16:16,,,,,,,spotlight-prolific
256ATUE4,691626ec4628eb27b37781b0,1,ele,13,2,2,3,90, employees ,55362,792316,724,314,305.9583435058594,710.7291870117188,325.9583435058594,802.7812728881836,7,9,That it is unnecessarily long,1,,,2026-07-02,2026-07-02,2026-07-02T22:16:16.654Z,15:16:16,2026-07-02 15:16:16,,,,,,,spotlight-prolific
256ATUE4,691626ec4628eb27b37781b0,1,ele,13,2,2,3,90, employees ,55408,792361,728,314,305.9583435058594,710.7291870117188,325.9583435058594,802.7812728881836,7,9,That it is unnecessarily long,1,,,2026-07-02,2026-07-02,2026-07-02T22:16:16.654Z,15:16:16,2026-07-02 15:16:16,,,,,,,spotlight-prolific
256ATUE4,691626ec4628eb27b37781b0,1,ele,13,2,2,3,90, employees ,55465,792419,742,314,305.9583435058594,710.7291870117188,325.9583435058594,802.7812728881836,7,9,That it is unnecessarily long,1,,,2026-07-02,2026-07-02,2026-07-02T22:16:16.654Z,15:16:16,2026-07-02 15:16:16,,,,,,,spotlight-prolific
256ATUE4,691626ec4628eb27b37781b0,1,ele,13,2,2,3,90, employees ,55515,792468,755,314,305.9583435058594,710.7291870117188,325.9583435058594,802.7812728881836,7,9,That it is unnecessarily long,1,,,2026-07-02,2026-07-02,2026-07-02T22:16:16.654Z,15:16:16,2026-07-02 15:16:16,,,,,,,spotlight-prolific
256ATUE4,691626ec4628eb27b37781b0,1,ele,13,2,2,3,90, employees ,55565,792519,772,314,305.9583435058594,710.7291870117188,325.9583435058594,802.7812728881836,7,9,That it is unnecessarily long,1,,,2026-07-02,2026-07-02,2026-07-02T22:16:16.654Z,15:16:16,2026-07-02 15:16:16,,,,,,,spotlight-prolific
256ATUE4,691626ec4628eb27b37781b0,1,ele,13,2,2,3,90, employees ,55615,792568,784,314,305.9583435058594,710.7291870117188,325.9583435058594,802.7812728881836,7,9,That it is unnecessarily long,1,,,2026-07-02,2026-07-02,2026-07-02T22:16:16.654Z,15:16:16,2026-07-02 15:16:16,,,,,,,spotlight-prolific
256ATUE4,691626ec4628eb27b37781b0,1,ele,13,2,2,3,90, employees ,55665,792618,798,314,305.9583435058594,710.7291870117188,325.9583435058594,802.7812728881836,7,9,That it is unnecessarily long,1,,,2026-07-02,2026-07-02,2026-07-02T22:16:16.654Z,15:16:16,2026-07-02 15:16:16,,,,,,,spotlight-prolific
256ATUE4,691626ec4628eb27b37781b0,1,ele,13,2,2,3,91, follow ,55715,792668,812,314,305.9583435058594,802.78125,325.9583435058594,853.8020858764648,7,10,That it is unnecessarily long,1,,,2026-07-02,2026-07-02,2026-07-02T22:16:16.654Z,15:16:16,2026-07-02 15:16:16,,,,,,,spotlight-prolific
256ATUE4,691626ec4628eb27b37781b0,1,ele,13,2,2,3,91, follow ,55766,792719,823,314,305.9583435058594,802.78125,325.9583435058594,853.8020858764648,7,10,That it is unnecessarily long,1,,,2026-07-02,2026-07-02,2026-07-02T22:16:16.654Z,15:16:16,2026-07-02 15:16:16,,,,,,,spotlight-prolific
256ATUE4,691626ec4628eb27b37781b0,1,ele,13,2,2,3,91, follow ,55814,792768,834,314,305.9583435058594,802.78125,325.9583435058594,853.8020858764648,7,10,That it is unnecessarily long,1,,,2026-07-02,2026-07-02,2026-07-02T22:16:16.654Z,15:16:16,2026-07-02 15:16:16,,,,,,,spotlight-prolific
256ATUE4,691626ec4628eb27b37781b0,1,ele,13,2,2,3,91, follow ,55865,792818,844,314,305.9583435058594,802.78125,325.9583435058594,853.8020858764648,7,10,That it is unnecessarily long,1,,,2026-07-02,2026-07-02,2026-07-02T22:16:16.654Z,15:16:16,2026-07-02 15:16:16,,,,,,,spotlight-prolific
256ATUE4,691626ec4628eb27b37781b0,1,ele,13,2,2,3,91, follow ,55902,792856,850,314,305.9583435058594,802.78125,325.9583435058594,853.8020858764648,7,10,That it is unnecessarily long,1,,,2026-07-02,2026-07-02,2026-07-02T22:16:16.654Z,15:16:16,2026-07-02 15:16:16,,,,,,,spotlight-prolific
256ATUE4,691626ec4628eb27b37781b0,1,ele,13,2,2,3,92, the ,55951,792904,854,314,305.9583435058594,853.8021240234375,325.9583435058594,883.8333740234375,7,11,That it is unnecessarily long,1,,,2026-07-02,2026-07-02,2026-07-02T22:16:16.654Z,15:16:16,2026-07-02 15:16:16,,,,,,,spotlight-prolific
256ATUE4,691626ec4628eb27b37781b0,1,ele,13,2,2,3,92, the ,56007,792960,855,314,305.9583435058594,853.8021240234375,325.9583435058594,883.8333740234375,7,11,That it is unnecessarily long,1,,,2026-07-02,2026-07-02,2026-07-02T22:16:16.654Z,15:16:16,2026-07-02 15:16:16,,,,,,,spotlight-prolific
256ATUE4,691626ec4628eb27b37781b0,1,ele,13,2,2,3,92, the ,56051,793005,857,314,305.9583435058594,853.8021240234375,325.9583435058594,883.8333740234375,7,11,That it is unnecessarily long,1,,,2026-07-02,2026-07-02,2026-07-02T22:16:16.654Z,15:16:16,2026-07-02 15:16:16,,,,,,,spotlight-prolific
256ATUE4,691626ec4628eb27b37781b0,1,ele,13,2,2,3,92, the ,56113,793067,863,315,305.9583435058594,853.8021240234375,325.9583435058594,883.8333740234375,7,11,That it is unnecessarily long,1,,,2026-07-02,2026-07-02,2026-07-02T22:16:16.654Z,15:16:16,2026-07-02 15:16:16,,,,,,,spotlight-prolific
256ATUE4,691626ec4628eb27b37781b0,1,ele,13,2,2,3,92, the ,56157,793111,864,315,305.9583435058594,853.8021240234375,325.9583435058594,883.8333740234375,7,11,That it is unnecessarily long,1,,,2026-07-02,2026-07-02,2026-07-02T22:16:16.654Z,15:16:16,2026-07-02 15:16:16,,,,,,,spotlight-prolific
256ATUE4,691626ec4628eb27b37781b0,1,ele,13,2,2,3,92, the ,56206,793160,864,315,305.9583435058594,853.8021240234375,325.9583435058594,883.8333740234375,7,11,That it is unnecessarily long,1,,,2026-07-02,2026-07-02,2026-07-02T22:16:16.654Z,15:16:16,2026-07-02 15:16:16,,,,,,,spotlight-prolific
256ATUE4,691626ec4628eb27b37781b0,1,ele,13,2,2,3,92, the ,56253,793207,864,315,305.9583435058594,853.8021240234375,325.9583435058594,883.8333740234375,7,11,That it is unnecessarily long,1,,,2026-07-02,2026-07-02,2026-07-02T22:16:16.654Z,15:16:16,2026-07-02 15:16:16,,,,,,,spotlight-prolific
256ATUE4,691626ec4628eb27b37781b0,1,ele,13,2,2,3,92, the ,56317,793271,862,319,305.9583435058594,853.8021240234375,325.9583435058594,883.8333740234375,7,11,That it is unnecessarily long,1,,,2026-07-02,2026-07-02,2026-07-02T22:16:16.654Z,15:16:16,2026-07-02 15:16:16,,,,,,,spotlight-prolific
256ATUE4,691626ec4628eb27b37781b0,1,ele,13,2,2,3,106," leave, ",56367,793320,831,341,345.9583435058594,807.1666870117188,365.9583435058594,860.2083549499512,8,13,That it is unnecessarily long,1,,,2026-07-02,2026-07-02,2026-07-02T22:16:16.654Z,15:16:16,2026-07-02 15:16:16,,,,,,,spotlight-prolific
256ATUE4,691626ec4628eb27b37781b0,1,ele,13,2,2,3,105, annual ,56415,793368,789,353,345.9583435058594,748.1041870117188,365.9583435058594,807.1666870117188,8,12,That it is unnecessarily long,1,,,2026-07-02,2026-07-02,2026-07-02T22:16:16.654Z,15:16:16,2026-07-02 15:16:16,,,,,,,spotlight-prolific
256ATUE4,691626ec4628eb27b37781b0,1,ele,13,2,2,3,104, paid ,56467,793420,743,364,345.9583435058594,709.0625,365.9583435058594,748.1041679382324,8,11,That it is unnecessarily long,1,,,2026-07-02,2026-07-02,2026-07-02T22:16:16.654Z,15:16:16,2026-07-02 15:16:16,,,,,,,spotlight-prolific
256ATUE4,691626ec4628eb27b37781b0,1,ele,13,2,2,3,103, days’ ,56511,793464,688,369,345.9583435058594,662.7083740234375,365.9583435058594,709.0625419616699,8,10,That it is unnecessarily long,1,,,2026-07-02,2026-07-02,2026-07-02T22:16:16.654Z,15:16:16,2026-07-02 15:16:16,,,,,,,spotlight-prolific
256ATUE4,691626ec4628eb27b37781b0,1,ele,13,2,2,3,100, average ,56567,793520,552,371,345.9583435058594,547.6041870117188,365.9583435058594,617.6562728881836,8,7,That it is unnecessarily long,1,,,2026-07-02,2026-07-02,2026-07-02T22:16:16.654Z,15:16:16,2026-07-02 15:16:16,,,,,,,spotlight-prolific
256ATUE4,691626ec4628eb27b37781b0,1,ele,13,2,2,3,97, who ,56615,793569,467,371,345.9583435058594,445.51043701171875,365.9583435058594,483.54168701171875,8,4,That it is unnecessarily long,1,,,2026-07-02,2026-07-02,2026-07-02T22:16:16.654Z,15:16:16,2026-07-02 15:16:16,,,,,,,spotlight-prolific
256ATUE4,691626ec4628eb27b37781b0,1,ele,13,2,2,3,96," workers, ",56654,793607,436,371,345.9583435058594,372.4895935058594,365.9583435058594,445.5104293823242,8,3,That it is unnecessarily long,1,,,2026-07-02,2026-07-02,2026-07-02T22:16:16.654Z,15:16:16,2026-07-02 15:16:16,,,,,,,spotlight-prolific
256ATUE4,691626ec4628eb27b37781b0,1,ele,13,2,2,3,96," workers, ",56715,793668,406,368,345.9583435058594,372.4895935058594,365.9583435058594,445.5104293823242,8,3,That it is unnecessarily long,1,,,2026-07-02,2026-07-02,2026-07-02T22:16:16.654Z,15:16:16,2026-07-02 15:16:16,,,,,,,spotlight-prolific
256ATUE4,691626ec4628eb27b37781b0,1,ele,13,2,2,3,96," workers, ",56764,793718,378,366,345.9583435058594,372.4895935058594,365.9583435058594,445.5104293823242,8,3,That it is unnecessarily long,1,,,2026-07-02,2026-07-02,2026-07-02T22:16:16.654Z,15:16:16,2026-07-02 15:16:16,,,,,,,spotlight-prolific
256ATUE4,691626ec4628eb27b37781b0,1,ele,13,2,2,3,96," workers, ",56805,793757,375,366,345.9583435058594,372.4895935058594,365.9583435058594,445.5104293823242,8,3,That it is unnecessarily long,1,,,2026-07-02,2026-07-02,2026-07-02T22:16:16.654Z,15:16:16,2026-07-02 15:16:16,,,,,,,spotlight-prolific
256ATUE4,691626ec4628eb27b37781b0,1,ele,13,2,2,3,95, British ,56859,793812,369,365,345.9583435058594,317.46875,365.9583435058594,372.48958587646484,8,2,That it is unnecessarily long,1,,,2026-07-02,2026-07-02,2026-07-02T22:16:16.654Z,15:16:16,2026-07-02 15:16:16,,,,,,,spotlight-prolific
256ATUE4,691626ec4628eb27b37781b0,1,ele,13,2,2,3,95, British ,56917,793871,360,365,345.9583435058594,317.46875,365.9583435058594,372.48958587646484,8,2,That it is unnecessarily long,1,,,2026-07-02,2026-07-02,2026-07-02T22:16:16.654Z,15:16:16,2026-07-02 15:16:16,,,,,,,spotlight-prolific
256ATUE4,691626ec4628eb27b37781b0,1,ele,13,2,2,3,95, British ,56964,793917,346,365,345.9583435058594,317.46875,365.9583435058594,372.48958587646484,8,2,That it is unnecessarily long,1,,,2026-07-02,2026-07-02,2026-07-02T22:16:16.654Z,15:16:16,2026-07-02 15:16:16,,,,,,,spotlight-prolific
256ATUE4,691626ec4628eb27b37781b0,1,ele,13,2,2,3,95, British ,57002,793956,346,365,345.9583435058594,317.46875,365.9583435058594,372.48958587646484,8,2,That it is unnecessarily long,1,,,2026-07-02,2026-07-02,2026-07-02T22:16:16.654Z,15:16:16,2026-07-02 15:16:16,,,,,,,spotlight-prolific
256ATUE4,691626ec4628eb27b37781b0,1,ele,13,2,2,3,95, British ,57064,794018,336,365,345.9583435058594,317.46875,365.9583435058594,372.48958587646484,8,2,That it is unnecessarily long,1,,,2026-07-02,2026-07-02,2026-07-02T22:16:16.654Z,15:16:16,2026-07-02 15:16:16,,,,,,,spotlight-prolific
256ATUE4,691626ec4628eb27b37781b0,1,ele,13,2,2,3,95, British ,57102,794056,330,365,345.9583435058594,317.46875,365.9583435058594,372.48958587646484,8,2,That it is unnecessarily long,1,,,2026-07-02,2026-07-02,2026-07-02T22:16:16.654Z,15:16:16,2026-07-02 15:16:16,,,,,,,spotlight-prolific
256ATUE4,691626ec4628eb27b37781b0,1,ele,13,2,2,3,95, British ,57159,794113,324,365,345.9583435058594,317.46875,365.9583435058594,372.48958587646484,8,2,That it is unnecessarily long,1,,,2026-07-02,2026-07-02,2026-07-02T22:16:16.654Z,15:16:16,2026-07-02 15:16:16,,,,,,,spotlight-prolific
256ATUE4,691626ec4628eb27b37781b0,1,ele,13,2,2,3,95, British ,57207,794160,323,365,345.9583435058594,317.46875,365.9583435058594,372.48958587646484,8,2,That it is unnecessarily long,1,,,2026-07-02,2026-07-02,2026-07-02T22:16:16.654Z,15:16:16,2026-07-02 15:16:16,,,,,,,spotlight-prolific
256ATUE4,691626ec4628eb27b37781b0,1,ele,13,2,2,3,95, British ,57254,794207,323,365,345.9583435058594,317.46875,365.9583435058594,372.48958587646484,8,2,That it is unnecessarily long,1,,,2026-07-02,2026-07-02,2026-07-02T22:16:16.654Z,15:16:16,2026-07-02 15:16:16,,,,,,,spotlight-prolific
256ATUE4,691626ec4628eb27b37781b0,1,ele,13,2,2,3,95, British ,57308,794262,322,365,345.9583435058594,317.46875,365.9583435058594,372.48958587646484,8,2,That it is unnecessarily long,1,,,2026-07-02,2026-07-02,2026-07-02T22:16:16.654Z,15:16:16,2026-07-02 15:16:16,,,,,,,spotlight-prolific
256ATUE4,691626ec4628eb27b37781b0,1,ele,13,2,2,3,95, British ,57352,794305,320,365,345.9583435058594,317.46875,365.9583435058594,372.48958587646484,8,2,That it is unnecessarily long,1,,,2026-07-02,2026-07-02,2026-07-02T22:16:16.654Z,15:16:16,2026-07-02 15:16:16,,,,,,,spotlight-prolific
256ATUE4,691626ec4628eb27b37781b0,1,ele,13,2,2,3,95, British ,57408,794361,320,365,345.9583435058594,317.46875,365.9583435058594,372.48958587646484,8,2,That it is unnecessarily long,1,,,2026-07-02,2026-07-02,2026-07-02T22:16:16.654Z,15:16:16,2026-07-02 15:16:16,,,,,,,spotlight-prolific
256ATUE4,691626ec4628eb27b37781b0,1,ele,13,2,2,3,95, British ,57455,794408,320,365,345.9583435058594,317.46875,365.9583435058594,372.48958587646484,8,2,That it is unnecessarily long,1,,,2026-07-02,2026-07-02,2026-07-02T22:16:16.654Z,15:16:16,2026-07-02 15:16:16,,,,,,,spotlight-prolific
256ATUE4,691626ec4628eb27b37781b0,1,ele,13,2,2,3,95, British ,57518,794472,332,363,345.9583435058594,317.46875,365.9583435058594,372.48958587646484,8,2,That it is unnecessarily long,1,,,2026-07-02,2026-07-02,2026-07-02T22:16:16.654Z,15:16:16,2026-07-02 15:16:16,,,,,,,spotlight-prolific
256ATUE4,691626ec4628eb27b37781b0,1,ele,13,2,2,3,95, British ,57559,794513,348,364,345.9583435058594,317.46875,365.9583435058594,372.48958587646484,8,2,That it is unnecessarily long,1,,,2026-07-02,2026-07-02,2026-07-02T22:16:16.654Z,15:16:16,2026-07-02 15:16:16,,,,,,,spotlight-prolific
256ATUE4,691626ec4628eb27b37781b0,1,ele,13,2,2,3,95, British ,57615,794569,371,363,345.9583435058594,317.46875,365.9583435058594,372.48958587646484,8,2,That it is unnecessarily long,1,,,2026-07-02,2026-07-02,2026-07-02T22:16:16.654Z,15:16:16,2026-07-02 15:16:16,,,,,,,spotlight-prolific
256ATUE4,691626ec4628eb27b37781b0,1,ele,13,2,2,3,96," workers, ",57664,794618,380,363,345.9583435058594,372.4895935058594,365.9583435058594,445.5104293823242,8,3,That it is unnecessarily long,1,,,2026-07-02,2026-07-02,2026-07-02T22:16:16.654Z,15:16:16,2026-07-02 15:16:16,,,,,,,spotlight-prolific
256ATUE4,691626ec4628eb27b37781b0,1,ele,13,2,2,3,96," workers, ",57701,794655,381,362,345.9583435058594,372.4895935058594,365.9583435058594,445.5104293823242,8,3,That it is unnecessarily long,1,,,2026-07-02,2026-07-02,2026-07-02T22:16:16.654Z,15:16:16,2026-07-02 15:16:16,,,,,,,spotlight-prolific
256ATUE4,691626ec4628eb27b37781b0,1,ele,13,2,2,3,96," workers, ",57767,794720,388,361,345.9583435058594,372.4895935058594,365.9583435058594,445.5104293823242,8,3,That it is unnecessarily long,1,,,2026-07-02,2026-07-02,2026-07-02T22:16:16.654Z,15:16:16,2026-07-02 15:16:16,,,,,,,spotlight-prolific
256ATUE4,691626ec4628eb27b37781b0,1,ele,13,2,2,3,96," workers, ",57814,794768,394,360,345.9583435058594,372.4895935058594,365.9583435058594,445.5104293823242,8,3,That it is unnecessarily long,1,,,2026-07-02,2026-07-02,2026-07-02T22:16:16.654Z,15:16:16,2026-07-02 15:16:16,,,,,,,spotlight-prolific
256ATUE4,691626ec4628eb27b37781b0,1,ele,13,2,2,3,96," workers, ",57867,794820,400,359,345.9583435058594,372.4895935058594,365.9583435058594,445.5104293823242,8,3,That it is unnecessarily long,1,,,2026-07-02,2026-07-02,2026-07-02T22:16:16.654Z,15:16:16,2026-07-02 15:16:16,,,,,,,spotlight-prolific
256ATUE4,691626ec4628eb27b37781b0,1,ele,13,2,2,3,96," workers, ",57918,794871,424,359,345.9583435058594,372.4895935058594,365.9583435058594,445.5104293823242,8,3,That it is unnecessarily long,1,,,2026-07-02,2026-07-02,2026-07-02T22:16:16.654Z,15:16:16,2026-07-02 15:16:16,,,,,,,spotlight-prolific
256ATUE4,691626ec4628eb27b37781b0,1,ele,13,2,2,3,96," workers, ",57954,794908,444,359,345.9583435058594,372.4895935058594,365.9583435058594,445.5104293823242,8,3,That it is unnecessarily long,1,,,2026-07-02,2026-07-02,2026-07-02T22:16:16.654Z,15:16:16,2026-07-02 15:16:16,,,,,,,spotlight-prolific
256ATUE4,691626ec4628eb27b37781b0,1,ele,13,2,2,3,97, who ,58019,794972,456,359,345.9583435058594,445.51043701171875,365.9583435058594,483.54168701171875,8,4,That it is unnecessarily long,1,,,2026-07-02,2026-07-02,2026-07-02T22:16:16.654Z,15:16:16,2026-07-02 15:16:16,,,,,,,spotlight-prolific
256ATUE4,691626ec4628eb27b37781b0,1,ele,13,2,2,3,97, who ,58059,795012,464,359,345.9583435058594,445.51043701171875,365.9583435058594,483.54168701171875,8,4,That it is unnecessarily long,1,,,2026-07-02,2026-07-02,2026-07-02T22:16:16.654Z,15:16:16,2026-07-02 15:16:16,,,,,,,spotlight-prolific
256ATUE4,691626ec4628eb27b37781b0,1,ele,13,2,2,3,97, who ,58102,795055,466,359,345.9583435058594,445.51043701171875,365.9583435058594,483.54168701171875,8,4,That it is unnecessarily long,1,,,2026-07-02,2026-07-02,2026-07-02T22:16:16.654Z,15:16:16,2026-07-02 15:16:16,,,,,,,spotlight-prolific
256ATUE4,691626ec4628eb27b37781b0,1,ele,13,2,2,3,97, who ,58158,795112,466,359,345.9583435058594,445.51043701171875,365.9583435058594,483.54168701171875,8,4,That it is unnecessarily long,1,,,2026-07-02,2026-07-02,2026-07-02T22:16:16.654Z,15:16:16,2026-07-02 15:16:16,,,,,,,spotlight-prolific
256ATUE4,691626ec4628eb27b37781b0,1,ele,13,2,2,3,97, who ,58218,795171,468,359,345.9583435058594,445.51043701171875,365.9583435058594,483.54168701171875,8,4,That it is unnecessarily long,1,,,2026-07-02,2026-07-02,2026-07-02T22:16:16.654Z,15:16:16,2026-07-02 15:16:16,,,,,,,spotlight-prolific
256ATUE4,691626ec4628eb27b37781b0,1,ele,13,2,2,3,98, take ,58269,795221,489,365,345.9583435058594,483.54168701171875,365.9583435058594,522.5729370117188,8,5,That it is unnecessarily long,1,,,2026-07-02,2026-07-02,2026-07-02T22:16:16.654Z,15:16:16,2026-07-02 15:16:16,,,,,,,spotlight-prolific
256ATUE4,691626ec4628eb27b37781b0,1,ele,13,2,2,3,98, take ,58302,795256,504,369,345.9583435058594,483.54168701171875,365.9583435058594,522.5729370117188,8,5,That it is unnecessarily long,1,,,2026-07-02,2026-07-02,2026-07-02T22:16:16.654Z,15:16:16,2026-07-02 15:16:16,,,,,,,spotlight-prolific
256ATUE4,691626ec4628eb27b37781b0,1,ele,13,2,2,3,99, an ,58367,795320,534,345,345.9583435058594,522.5729370117188,365.9583435058594,547.6041870117188,8,6,That it is unnecessarily long,1,,,2026-07-02,2026-07-02,2026-07-02T22:16:16.654Z,15:16:16,2026-07-02 15:16:16,,,,,,,spotlight-prolific
256ATUE4,691626ec4628eb27b37781b0,1,ele,13,2,2,3,99, an ,58410,795363,537,342,345.9583435058594,522.5729370117188,365.9583435058594,547.6041870117188,8,6,That it is unnecessarily long,1,,,2026-07-02,2026-07-02,2026-07-02T22:16:16.654Z,15:16:16,2026-07-02 15:16:16,,,,,,,spotlight-prolific
256ATUE4,691626ec4628eb27b37781b0,1,ele,13,2,2,3,99, an ,58461,795415,537,342,345.9583435058594,522.5729370117188,365.9583435058594,547.6041870117188,8,6,That it is unnecessarily long,1,,,2026-07-02,2026-07-02,2026-07-02T22:16:16.654Z,15:16:16,2026-07-02 15:16:16,,,,,,,spotlight-prolific
256ATUE4,691626ec4628eb27b37781b0,1,ele,13,2,2,3,99, an ,58508,795462,537,342,345.9583435058594,522.5729370117188,365.9583435058594,547.6041870117188,8,6,That it is unnecessarily long,1,,,2026-07-02,2026-07-02,2026-07-02T22:16:16.654Z,15:16:16,2026-07-02 15:16:16,,,,,,,spotlight-prolific
256ATUE4,691626ec4628eb27b37781b0,1,ele,13,2,2,3,99, an ,58555,795508,537,342,345.9583435058594,522.5729370117188,365.9583435058594,547.6041870117188,8,6,That it is unnecessarily long,1,,,2026-07-02,2026-07-02,2026-07-02T22:16:16.654Z,15:16:16,2026-07-02 15:16:16,,,,,,,spotlight-prolific
256ATUE4,691626ec4628eb27b37781b0,1,ele,13,2,2,3,99, an ,58617,795571,537,342,345.9583435058594,522.5729370117188,365.9583435058594,547.6041870117188,8,6,That it is unnecessarily long,1,,,2026-07-02,2026-07-02,2026-07-02T22:16:16.654Z,15:16:16,2026-07-02 15:16:16,,,,,,,spotlight-prolific
256ATUE4,691626ec4628eb27b37781b0,1,ele,13,2,2,3,99, an ,58665,795618,537,342,345.9583435058594,522.5729370117188,365.9583435058594,547.6041870117188,8,6,That it is unnecessarily long,1,,,2026-07-02,2026-07-02,2026-07-02T22:16:16.654Z,15:16:16,2026-07-02 15:16:16,,,,,,,spotlight-prolific
256ATUE4,691626ec4628eb27b37781b0,1,ele,13,2,2,3,99, an ,58711,795665,537,342,345.9583435058594,522.5729370117188,365.9583435058594,547.6041870117188,8,6,That it is unnecessarily long,1,,,2026-07-02,2026-07-02,2026-07-02T22:16:16.654Z,15:16:16,2026-07-02 15:16:16,,,,,,,spotlight-prolific
256ATUE4,691626ec4628eb27b37781b0,1,ele,13,2,2,3,99, an ,58758,795712,537,342,345.9583435058594,522.5729370117188,365.9583435058594,547.6041870117188,8,6,That it is unnecessarily long,1,,,2026-07-02,2026-07-02,2026-07-02T22:16:16.654Z,15:16:16,2026-07-02 15:16:16,,,,,,,spotlight-prolific
256ATUE4,691626ec4628eb27b37781b0,1,ele,13,2,2,3,99, an ,58805,795758,537,342,345.9583435058594,522.5729370117188,365.9583435058594,547.6041870117188,8,6,That it is unnecessarily long,1,,,2026-07-02,2026-07-02,2026-07-02T22:16:16.654Z,15:16:16,2026-07-02 15:16:16,,,,,,,spotlight-prolific
256ATUE4,691626ec4628eb27b37781b0,1,ele,13,2,2,3,99, an ,58867,795821,537,342,345.9583435058594,522.5729370117188,365.9583435058594,547.6041870117188,8,6,That it is unnecessarily long,1,,,2026-07-02,2026-07-02,2026-07-02T22:16:16.654Z,15:16:16,2026-07-02 15:16:16,,,,,,,spotlight-prolific
256ATUE4,691626ec4628eb27b37781b0,1,ele,13,2,2,3,99, an ,58914,795868,537,342,345.9583435058594,522.5729370117188,365.9583435058594,547.6041870117188,8,6,That it is unnecessarily long,1,,,2026-07-02,2026-07-02,2026-07-02T22:16:16.654Z,15:16:16,2026-07-02 15:16:16,,,,,,,spotlight-prolific
256ATUE4,691626ec4628eb27b37781b0,1,ele,13,2,2,3,99, an ,58961,795914,537,342,345.9583435058594,522.5729370117188,365.9583435058594,547.6041870117188,8,6,That it is unnecessarily long,1,,,2026-07-02,2026-07-02,2026-07-02T22:16:16.654Z,15:16:16,2026-07-02 15:16:16,,,,,,,spotlight-prolific
256ATUE4,691626ec4628eb27b37781b0,1,ele,13,2,2,3,100, average ,59023,795976,550,349,345.9583435058594,547.6041870117188,365.9583435058594,617.6562728881836,8,7,That it is unnecessarily long,1,,,2026-07-02,2026-07-02,2026-07-02T22:16:16.654Z,15:16:16,2026-07-02 15:16:16,,,,,,,spotlight-prolific
256ATUE4,691626ec4628eb27b37781b0,1,ele,13,2,2,3,100, average ,59071,796024,576,359,345.9583435058594,547.6041870117188,365.9583435058594,617.6562728881836,8,7,That it is unnecessarily long,1,,,2026-07-02,2026-07-02,2026-07-02T22:16:16.654Z,15:16:16,2026-07-02 15:16:16,,,,,,,spotlight-prolific
256ATUE4,691626ec4628eb27b37781b0,1,ele,13,2,2,3,100, average ,59103,796056,596,364,345.9583435058594,547.6041870117188,365.9583435058594,617.6562728881836,8,7,That it is unnecessarily long,1,,,2026-07-02,2026-07-02,2026-07-02T22:16:16.654Z,15:16:16,2026-07-02 15:16:16,,,,,,,spotlight-prolific
256ATUE4,691626ec4628eb27b37781b0,1,ele,13,2,2,3,101, of ,59167,796121,629,371,345.9583435058594,617.65625,365.9583435058594,637.6770839691162,8,8,That it is unnecessarily long,1,,,2026-07-02,2026-07-02,2026-07-02T22:16:16.654Z,15:16:16,2026-07-02 15:16:16,,,,,,,spotlight-prolific
256ATUE4,691626ec4628eb27b37781b0,1,ele,13,2,2,3,101, of ,59202,796155,630,371,345.9583435058594,617.65625,365.9583435058594,637.6770839691162,8,8,That it is unnecessarily long,1,,,2026-07-02,2026-07-02,2026-07-02T22:16:16.654Z,15:16:16,2026-07-02 15:16:16,,,,,,,spotlight-prolific
256ATUE4,691626ec4628eb27b37781b0,1,ele,13,2,2,3,101, of ,59269,796223,636,371,345.9583435058594,617.65625,365.9583435058594,637.6770839691162,8,8,That it is unnecessarily long,1,,,2026-07-02,2026-07-02,2026-07-02T22:16:16.654Z,15:16:16,2026-07-02 15:16:16,,,,,,,spotlight-prolific
256ATUE4,691626ec4628eb27b37781b0,1,ele,13,2,2,3,102, 20 ,59303,796256,651,370,345.9583435058594,637.6771240234375,365.9583435058594,662.7083740234375,8,9,That it is unnecessarily long,1,,,2026-07-02,2026-07-02,2026-07-02T22:16:16.654Z,15:16:16,2026-07-02 15:16:16,,,,,,,spotlight-prolific
256ATUE4,691626ec4628eb27b37781b0,1,ele,13,2,2,3,103, days’ ,59369,796323,685,370,345.9583435058594,662.7083740234375,365.9583435058594,709.0625419616699,8,10,That it is unnecessarily long,1,,,2026-07-02,2026-07-02,2026-07-02T22:16:16.654Z,15:16:16,2026-07-02 15:16:16,,,,,,,spotlight-prolific
256ATUE4,691626ec4628eb27b37781b0,1,ele,13,2,2,3,103, days’ ,59403,796356,696,370,345.9583435058594,662.7083740234375,365.9583435058594,709.0625419616699,8,10,That it is unnecessarily long,1,,,2026-07-02,2026-07-02,2026-07-02T22:16:16.654Z,15:16:16,2026-07-02 15:16:16,,,,,,,spotlight-prolific
256ATUE4,691626ec4628eb27b37781b0,1,ele,13,2,2,3,104, paid ,59454,796407,716,365,345.9583435058594,709.0625,365.9583435058594,748.1041679382324,8,11,That it is unnecessarily long,1,,,2026-07-02,2026-07-02,2026-07-02T22:16:16.654Z,15:16:16,2026-07-02 15:16:16,,,,,,,spotlight-prolific
256ATUE4,691626ec4628eb27b37781b0,1,ele,13,2,2,3,104, paid ,59503,796457,745,361,345.9583435058594,709.0625,365.9583435058594,748.1041679382324,8,11,That it is unnecessarily long,1,,,2026-07-02,2026-07-02,2026-07-02T22:16:16.654Z,15:16:16,2026-07-02 15:16:16,,,,,,,spotlight-prolific
256ATUE4,691626ec4628eb27b37781b0,1,ele,13,2,2,3,105, annual ,59567,796520,761,360,345.9583435058594,748.1041870117188,365.9583435058594,807.1666870117188,8,12,That it is unnecessarily long,1,,,2026-07-02,2026-07-02,2026-07-02T22:16:16.654Z,15:16:16,2026-07-02 15:16:16,,,,,,,spotlight-prolific
256ATUE4,691626ec4628eb27b37781b0,1,ele,13,2,2,3,105, annual ,59601,796555,763,360,345.9583435058594,748.1041870117188,365.9583435058594,807.1666870117188,8,12,That it is unnecessarily long,1,,,2026-07-02,2026-07-02,2026-07-02T22:16:16.654Z,15:16:16,2026-07-02 15:16:16,,,,,,,spotlight-prolific
256ATUE4,691626ec4628eb27b37781b0,1,ele,13,2,2,3,105, annual ,59661,796614,764,360,345.9583435058594,748.1041870117188,365.9583435058594,807.1666870117188,8,12,That it is unnecessarily long,1,,,2026-07-02,2026-07-02,2026-07-02T22:16:16.654Z,15:16:16,2026-07-02 15:16:16,,,,,,,spotlight-prolific
256ATUE4,691626ec4628eb27b37781b0,1,ele,13,2,2,3,105, annual ,59710,796663,764,360,345.9583435058594,748.1041870117188,365.9583435058594,807.1666870117188,8,12,That it is unnecessarily long,1,,,2026-07-02,2026-07-02,2026-07-02T22:16:16.654Z,15:16:16,2026-07-02 15:16:16,,,,,,,spotlight-prolific
256ATUE4,691626ec4628eb27b37781b0,1,ele,13,2,2,3,105, annual ,59760,796714,765,360,345.9583435058594,748.1041870117188,365.9583435058594,807.1666870117188,8,12,That it is unnecessarily long,1,,,2026-07-02,2026-07-02,2026-07-02T22:16:16.654Z,15:16:16,2026-07-02 15:16:16,,,,,,,spotlight-prolific
256ATUE4,691626ec4628eb27b37781b0,1,ele,13,2,2,3,105, annual ,59811,796765,765,360,345.9583435058594,748.1041870117188,365.9583435058594,807.1666870117188,8,12,That it is unnecessarily long,1,,,2026-07-02,2026-07-02,2026-07-02T22:16:16.654Z,15:16:16,2026-07-02 15:16:16,,,,,,,spotlight-prolific
256ATUE4,691626ec4628eb27b37781b0,1,ele,13,2,2,3,105, annual ,59860,796814,766,360,345.9583435058594,748.1041870117188,365.9583435058594,807.1666870117188,8,12,That it is unnecessarily long,1,,,2026-07-02,2026-07-02,2026-07-02T22:16:16.654Z,15:16:16,2026-07-02 15:16:16,,,,,,,spotlight-prolific
256ATUE4,691626ec4628eb27b37781b0,1,ele,13,2,2,3,105, annual ,59909,796862,766,360,345.9583435058594,748.1041870117188,365.9583435058594,807.1666870117188,8,12,That it is unnecessarily long,1,,,2026-07-02,2026-07-02,2026-07-02T22:16:16.654Z,15:16:16,2026-07-02 15:16:16,,,,,,,spotlight-prolific
256ATUE4,691626ec4628eb27b37781b0,1,ele,13,2,2,3,105, annual ,59961,796915,767,360,345.9583435058594,748.1041870117188,365.9583435058594,807.1666870117188,8,12,That it is unnecessarily long,1,,,2026-07-02,2026-07-02,2026-07-02T22:16:16.654Z,15:16:16,2026-07-02 15:16:16,,,,,,,spotlight-prolific
256ATUE4,691626ec4628eb27b37781b0,1,ele,13,2,2,3,105, annual ,60002,796955,788,364,345.9583435058594,748.1041870117188,365.9583435058594,807.1666870117188,8,12,That it is unnecessarily long,1,,,2026-07-02,2026-07-02,2026-07-02T22:16:16.654Z,15:16:16,2026-07-02 15:16:16,,,,,,,spotlight-prolific
256ATUE4,691626ec4628eb27b37781b0,1,ele,13,2,2,3,105, annual ,60054,797007,794,365,345.9583435058594,748.1041870117188,365.9583435058594,807.1666870117188,8,12,That it is unnecessarily long,1,,,2026-07-02,2026-07-02,2026-07-02T22:16:16.654Z,15:16:16,2026-07-02 15:16:16,,,,,,,spotlight-prolific
256ATUE4,691626ec4628eb27b37781b0,1,ele,13,2,2,3,105, annual ,60103,797056,806,369,345.9583435058594,748.1041870117188,365.9583435058594,807.1666870117188,8,12,That it is unnecessarily long,1,,,2026-07-02,2026-07-02,2026-07-02T22:16:16.654Z,15:16:16,2026-07-02 15:16:16,,,,,,,spotlight-prolific
256ATUE4,691626ec4628eb27b37781b0,1,ele,13,2,2,3,106," leave, ",60162,797116,818,370,345.9583435058594,807.1666870117188,365.9583435058594,860.2083549499512,8,13,That it is unnecessarily long,1,,,2026-07-02,2026-07-02,2026-07-02T22:16:16.654Z,15:16:16,2026-07-02 15:16:16,,,,,,,spotlight-prolific
256ATUE4,691626ec4628eb27b37781b0,1,ele,13,2,2,3,106," leave, ",60203,797156,823,371,345.9583435058594,807.1666870117188,365.9583435058594,860.2083549499512,8,13,That it is unnecessarily long,1,,,2026-07-02,2026-07-02,2026-07-02T22:16:16.654Z,15:16:16,2026-07-02 15:16:16,,,,,,,spotlight-prolific
256ATUE4,691626ec4628eb27b37781b0,1,ele,13,2,2,3,106," leave, ",60254,797207,834,373,345.9583435058594,807.1666870117188,365.9583435058594,860.2083549499512,8,13,That it is unnecessarily long,1,,,2026-07-02,2026-07-02,2026-07-02T22:16:16.654Z,15:16:16,2026-07-02 15:16:16,,,,,,,spotlight-prolific
256ATUE4,691626ec4628eb27b37781b0,1,ele,13,2,2,3,106," leave, ",60306,797259,839,373,345.9583435058594,807.1666870117188,365.9583435058594,860.2083549499512,8,13,That it is unnecessarily long,1,,,2026-07-02,2026-07-02,2026-07-02T22:16:16.654Z,15:16:16,2026-07-02 15:16:16,,,,,,,spotlight-prolific
256ATUE4,691626ec4628eb27b37781b0,1,ele,13,2,2,3,106," leave, ",60353,797306,844,373,345.9583435058594,807.1666870117188,365.9583435058594,860.2083549499512,8,13,That it is unnecessarily long,1,,,2026-07-02,2026-07-02,2026-07-02T22:16:16.654Z,15:16:16,2026-07-02 15:16:16,,,,,,,spotlight-prolific
256ATUE4,691626ec4628eb27b37781b0,1,ele,13,2,2,3,106," leave, ",60404,797358,854,373,345.9583435058594,807.1666870117188,365.9583435058594,860.2083549499512,8,13,That it is unnecessarily long,1,,,2026-07-02,2026-07-02,2026-07-02T22:16:16.654Z,15:16:16,2026-07-02 15:16:16,,,,,,,spotlight-prolific
256ATUE4,691626ec4628eb27b37781b0,1,ele,13,2,2,3,107, and ,60453,797407,868,373,345.9583435058594,860.2083740234375,365.9583435058594,895.2500419616699,8,14,That it is unnecessarily long,1,,,2026-07-02,2026-07-02,2026-07-02T22:16:16.654Z,15:16:16,2026-07-02 15:16:16,,,,,,,spotlight-prolific
256ATUE4,691626ec4628eb27b37781b0,1,ele,13,2,2,3,107, and ,60502,797455,888,373,345.9583435058594,860.2083740234375,365.9583435058594,895.2500419616699,8,14,That it is unnecessarily long,1,,,2026-07-02,2026-07-02,2026-07-02T22:16:16.654Z,15:16:16,2026-07-02 15:16:16,,,,,,,spotlight-prolific
256ATUE4,691626ec4628eb27b37781b0,1,ele,13,2,2,3,107, and ,60553,797507,895,373,345.9583435058594,860.2083740234375,365.9583435058594,895.2500419616699,8,14,That it is unnecessarily long,1,,,2026-07-02,2026-07-02,2026-07-02T22:16:16.654Z,15:16:16,2026-07-02 15:16:16,,,,,,,spotlight-prolific
256ATUE4,691626ec4628eb27b37781b0,1,ele,13,2,2,3,108, workers ,60606,797560,900,373,345.9583435058594,895.25,365.9583435058594,958.2604179382324,8,15,That it is unnecessarily long,1,,,2026-07-02,2026-07-02,2026-07-02T22:16:16.654Z,15:16:16,2026-07-02 15:16:16,,,,,,,spotlight-prolific
256ATUE4,691626ec4628eb27b37781b0,1,ele,13,2,2,3,108, workers ,60655,797608,908,372,345.9583435058594,895.25,365.9583435058594,958.2604179382324,8,15,That it is unnecessarily long,1,,,2026-07-02,2026-07-02,2026-07-02T22:16:16.654Z,15:16:16,2026-07-02 15:16:16,,,,,,,spotlight-prolific
256ATUE4,691626ec4628eb27b37781b0,1,ele,13,2,2,3,108, workers ,60701,797654,911,372,345.9583435058594,895.25,365.9583435058594,958.2604179382324,8,15,That it is unnecessarily long,1,,,2026-07-02,2026-07-02,2026-07-02T22:16:16.654Z,15:16:16,2026-07-02 15:16:16,,,,,,,spotlight-prolific
256ATUE4,691626ec4628eb27b37781b0,1,ele,13,2,2,3,108, workers ,60753,797707,915,371,345.9583435058594,895.25,365.9583435058594,958.2604179382324,8,15,That it is unnecessarily long,1,,,2026-07-02,2026-07-02,2026-07-02T22:16:16.654Z,15:16:16,2026-07-02 15:16:16,,,,,,,spotlight-prolific
256ATUE4,691626ec4628eb27b37781b0,1,ele,13,2,2,3,108, workers ,60801,797754,918,371,345.9583435058594,895.25,365.9583435058594,958.2604179382324,8,15,That it is unnecessarily long,1,,,2026-07-02,2026-07-02,2026-07-02T22:16:16.654Z,15:16:16,2026-07-02 15:16:16,,,,,,,spotlight-prolific
256ATUE4,691626ec4628eb27b37781b0,1,ele,13,2,2,3,108, workers ,60851,797804,918,371,345.9583435058594,895.25,365.9583435058594,958.2604179382324,8,15,That it is unnecessarily long,1,,,2026-07-02,2026-07-02,2026-07-02T22:16:16.654Z,15:16:16,2026-07-02 15:16:16,,,,,,,spotlight-prolific
256ATUE4,691626ec4628eb27b37781b0,1,ele,13,2,2,3,107, and ,60903,797857,887,363,345.9583435058594,860.2083740234375,365.9583435058594,895.2500419616699,8,14,That it is unnecessarily long,1,,,2026-07-02,2026-07-02,2026-07-02T22:16:16.654Z,15:16:16,2026-07-02 15:16:16,,,,,,,spotlight-prolific
256ATUE4,691626ec4628eb27b37781b0,1,ele,13,2,2,3,104, paid ,60955,797908,744,363,345.9583435058594,709.0625,365.9583435058594,748.1041679382324,8,11,That it is unnecessarily long,1,,,2026-07-02,2026-07-02,2026-07-02T22:16:16.654Z,15:16:16,2026-07-02 15:16:16,,,,,,,spotlight-prolific
256ATUE4,691626ec4628eb27b37781b0,1,ele,13,2,2,3,100, average ,61003,797956,572,365,345.9583435058594,547.6041870117188,365.9583435058594,617.6562728881836,8,7,That it is unnecessarily long,1,,,2026-07-02,2026-07-02,2026-07-02T22:16:16.654Z,15:16:16,2026-07-02 15:16:16,,,,,,,spotlight-prolific
256ATUE4,691626ec4628eb27b37781b0,1,ele,13,2,2,3,99, an ,61054,798008,524,369,345.9583435058594,522.5729370117188,365.9583435058594,547.6041870117188,8,6,That it is unnecessarily long,1,,,2026-07-02,2026-07-02,2026-07-02T22:16:16.654Z,15:16:16,2026-07-02 15:16:16,,,,,,,spotlight-prolific
256ATUE4,691626ec4628eb27b37781b0,1,ele,13,2,2,3,98, take ,61105,798057,502,375,345.9583435058594,483.54168701171875,365.9583435058594,522.5729370117188,8,5,That it is unnecessarily long,1,,,2026-07-02,2026-07-02,2026-07-02T22:16:16.654Z,15:16:16,2026-07-02 15:16:16,,,,,,,spotlight-prolific
256ATUE4,691626ec4628eb27b37781b0,1,ele,13,2,2,3,113, an ,61157,798109,473,383,385.9583435058594,459.5625,405.9583435058594,484.59375,9,5,That it is unnecessarily long,1,,,2026-07-02,2026-07-02,2026-07-02T22:16:16.654Z,15:16:16,2026-07-02 15:16:16,,,,,,,spotlight-prolific
256ATUE4,691626ec4628eb27b37781b0,1,ele,13,2,2,3,112, take ,61210,798163,429,391,385.9583435058594,420.53125,405.9583435058594,459.5625,9,4,That it is unnecessarily long,1,,,2026-07-02,2026-07-02,2026-07-02T22:16:16.654Z,15:16:16,2026-07-02 15:16:16,,,,,,,spotlight-prolific
256ATUE4,691626ec4628eb27b37781b0,1,ele,13,2,2,3,111, who ,61255,798209,388,396,385.9583435058594,382.5,405.9583435058594,420.53125,9,3,That it is unnecessarily long,1,,,2026-07-02,2026-07-02,2026-07-02T22:16:16.654Z,15:16:16,2026-07-02 15:16:16,,,,,,,spotlight-prolific
256ATUE4,691626ec4628eb27b37781b0,1,ele,13,2,2,3,110," France, ",61306,798259,372,403,385.9583435058594,316.46875,405.9583435058594,382.5,9,2,That it is unnecessarily long,1,,,2026-07-02,2026-07-02,2026-07-02T22:16:16.654Z,15:16:16,2026-07-02 15:16:16,,,,,,,spotlight-prolific
256ATUE4,691626ec4628eb27b37781b0,1,ele,13,2,2,3,110," France, ",61355,798309,358,409,385.9583435058594,316.46875,405.9583435058594,382.5,9,2,That it is unnecessarily long,1,,,2026-07-02,2026-07-02,2026-07-02T22:16:16.654Z,15:16:16,2026-07-02 15:16:16,,,,,,,spotlight-prolific
256ATUE4,691626ec4628eb27b37781b0,1,ele,13,2,2,3,110," France, ",61402,798355,352,411,385.9583435058594,316.46875,405.9583435058594,382.5,9,2,That it is unnecessarily long,1,,,2026-07-02,2026-07-02,2026-07-02T22:16:16.654Z,15:16:16,2026-07-02 15:16:16,,,,,,,spotlight-prolific
256ATUE4,691626ec4628eb27b37781b0,1,ele,13,2,2,3,110," France, ",61454,798407,350,411,385.9583435058594,316.46875,405.9583435058594,382.5,9,2,That it is unnecessarily long,1,,,2026-07-02,2026-07-02,2026-07-02T22:16:16.654Z,15:16:16,2026-07-02 15:16:16,,,,,,,spotlight-prolific
256ATUE4,691626ec4628eb27b37781b0,1,ele,13,2,2,3,110," France, ",61505,798459,340,411,385.9583435058594,316.46875,405.9583435058594,382.5,9,2,That it is unnecessarily long,1,,,2026-07-02,2026-07-02,2026-07-02T22:16:16.654Z,15:16:16,2026-07-02 15:16:16,,,,,,,spotlight-prolific
256ATUE4,691626ec4628eb27b37781b0,1,ele,13,2,2,3,109, in ,61558,798512,316,409,385.9583435058594,297.44793701171875,405.9583435058594,316.46877098083496,9,1,That it is unnecessarily long,1,,,2026-07-02,2026-07-02,2026-07-02T22:16:16.654Z,15:16:16,2026-07-02 15:16:16,,,,,,,spotlight-prolific
256ATUE4,691626ec4628eb27b37781b0,1,ele,13,2,2,3,109, in ,61605,798559,302,407,385.9583435058594,297.44793701171875,405.9583435058594,316.46877098083496,9,1,That it is unnecessarily long,1,,,2026-07-02,2026-07-02,2026-07-02T22:16:16.654Z,15:16:16,2026-07-02 15:16:16,,,,,,,spotlight-prolific
256ATUE4,691626ec4628eb27b37781b0,1,ele,13,2,2,3,109, in ,61664,798617,300,407,385.9583435058594,297.44793701171875,405.9583435058594,316.46877098083496,9,1,That it is unnecessarily long,1,,,2026-07-02,2026-07-02,2026-07-02T22:16:16.654Z,15:16:16,2026-07-02 15:16:16,,,,,,,spotlight-prolific
256ATUE4,691626ec4628eb27b37781b0,1,ele,13,2,2,3,109, in ,61703,798657,299,407,385.9583435058594,297.44793701171875,405.9583435058594,316.46877098083496,9,1,That it is unnecessarily long,1,,,2026-07-02,2026-07-02,2026-07-02T22:16:16.654Z,15:16:16,2026-07-02 15:16:16,,,,,,,spotlight-prolific
256ATUE4,691626ec4628eb27b37781b0,1,ele,13,2,2,3,109, in ,61763,798717,299,407,385.9583435058594,297.44793701171875,405.9583435058594,316.46877098083496,9,1,That it is unnecessarily long,1,,,2026-07-02,2026-07-02,2026-07-02T22:16:16.654Z,15:16:16,2026-07-02 15:16:16,,,,,,,spotlight-prolific
256ATUE4,691626ec4628eb27b37781b0,1,ele,13,2,2,3,109, in ,61809,798762,299,407,385.9583435058594,297.44793701171875,405.9583435058594,316.46877098083496,9,1,That it is unnecessarily long,1,,,2026-07-02,2026-07-02,2026-07-02T22:16:16.654Z,15:16:16,2026-07-02 15:16:16,,,,,,,spotlight-prolific
256ATUE4,691626ec4628eb27b37781b0,1,ele,13,2,2,3,109, in ,61856,798809,299,407,385.9583435058594,297.44793701171875,405.9583435058594,316.46877098083496,9,1,That it is unnecessarily long,1,,,2026-07-02,2026-07-02,2026-07-02T22:16:16.654Z,15:16:16,2026-07-02 15:16:16,,,,,,,spotlight-prolific
256ATUE4,691626ec4628eb27b37781b0,1,ele,13,2,2,3,109, in ,61918,798872,299,407,385.9583435058594,297.44793701171875,405.9583435058594,316.46877098083496,9,1,That it is unnecessarily long,1,,,2026-07-02,2026-07-02,2026-07-02T22:16:16.654Z,15:16:16,2026-07-02 15:16:16,,,,,,,spotlight-prolific
256ATUE4,691626ec4628eb27b37781b0,1,ele,13,2,2,3,109, in ,61965,798918,299,407,385.9583435058594,297.44793701171875,405.9583435058594,316.46877098083496,9,1,That it is unnecessarily long,1,,,2026-07-02,2026-07-02,2026-07-02T22:16:16.654Z,15:16:16,2026-07-02 15:16:16,,,,,,,spotlight-prolific
256ATUE4,691626ec4628eb27b37781b0,1,ele,13,2,2,3,109, in ,62012,798965,299,407,385.9583435058594,297.44793701171875,405.9583435058594,316.46877098083496,9,1,That it is unnecessarily long,1,,,2026-07-02,2026-07-02,2026-07-02T22:16:16.654Z,15:16:16,2026-07-02 15:16:16,,,,,,,spotlight-prolific
256ATUE4,691626ec4628eb27b37781b0,1,ele,13,2,2,3,109, in ,62059,799012,299,407,385.9583435058594,297.44793701171875,405.9583435058594,316.46877098083496,9,1,That it is unnecessarily long,1,,,2026-07-02,2026-07-02,2026-07-02T22:16:16.654Z,15:16:16,2026-07-02 15:16:16,,,,,,,spotlight-prolific
256ATUE4,691626ec4628eb27b37781b0,1,ele,13,2,2,3,109, in ,62106,799059,299,407,385.9583435058594,297.44793701171875,405.9583435058594,316.46877098083496,9,1,That it is unnecessarily long,1,,,2026-07-02,2026-07-02,2026-07-02T22:16:16.654Z,15:16:16,2026-07-02 15:16:16,,,,,,,spotlight-prolific
256ATUE4,691626ec4628eb27b37781b0,1,ele,13,2,2,3,109, in ,62165,799119,300,407,385.9583435058594,297.44793701171875,405.9583435058594,316.46877098083496,9,1,That it is unnecessarily long,1,,,2026-07-02,2026-07-02,2026-07-02T22:16:16.654Z,15:16:16,2026-07-02 15:16:16,,,,,,,spotlight-prolific
256ATUE4,691626ec4628eb27b37781b0,1,ele,13,2,2,3,110," France, ",62206,799159,334,407,385.9583435058594,316.46875,405.9583435058594,382.5,9,2,That it is unnecessarily long,1,,,2026-07-02,2026-07-02,2026-07-02T22:16:16.654Z,15:16:16,2026-07-02 15:16:16,,,,,,,spotlight-prolific
256ATUE4,691626ec4628eb27b37781b0,1,ele,13,2,2,3,110," France, ",62258,799211,344,407,385.9583435058594,316.46875,405.9583435058594,382.5,9,2,That it is unnecessarily long,1,,,2026-07-02,2026-07-02,2026-07-02T22:16:16.654Z,15:16:16,2026-07-02 15:16:16,,,,,,,spotlight-prolific
256ATUE4,691626ec4628eb27b37781b0,1,ele,13,2,2,3,110," France, ",62306,799259,358,407,385.9583435058594,316.46875,405.9583435058594,382.5,9,2,That it is unnecessarily long,1,,,2026-07-02,2026-07-02,2026-07-02T22:16:16.654Z,15:16:16,2026-07-02 15:16:16,,,,,,,spotlight-prolific
256ATUE4,691626ec4628eb27b37781b0,1,ele,13,2,2,3,111, who ,62355,799308,383,407,385.9583435058594,382.5,405.9583435058594,420.53125,9,3,That it is unnecessarily long,1,,,2026-07-02,2026-07-02,2026-07-02T22:16:16.654Z,15:16:16,2026-07-02 15:16:16,,,,,,,spotlight-prolific
256ATUE4,691626ec4628eb27b37781b0,1,ele,13,2,2,3,111, who ,62403,799356,392,407,385.9583435058594,382.5,405.9583435058594,420.53125,9,3,That it is unnecessarily long,1,,,2026-07-02,2026-07-02,2026-07-02T22:16:16.654Z,15:16:16,2026-07-02 15:16:16,,,,,,,spotlight-prolific
256ATUE4,691626ec4628eb27b37781b0,1,ele,13,2,2,3,111, who ,62452,799405,394,407,385.9583435058594,382.5,405.9583435058594,420.53125,9,3,That it is unnecessarily long,1,,,2026-07-02,2026-07-02,2026-07-02T22:16:16.654Z,15:16:16,2026-07-02 15:16:16,,,,,,,spotlight-prolific
256ATUE4,691626ec4628eb27b37781b0,1,ele,13,2,2,3,111, who ,62505,799459,400,407,385.9583435058594,382.5,405.9583435058594,420.53125,9,3,That it is unnecessarily long,1,,,2026-07-02,2026-07-02,2026-07-02T22:16:16.654Z,15:16:16,2026-07-02 15:16:16,,,,,,,spotlight-prolific
256ATUE4,691626ec4628eb27b37781b0,1,ele,13,2,2,3,111, who ,62554,799508,410,407,385.9583435058594,382.5,405.9583435058594,420.53125,9,3,That it is unnecessarily long,1,,,2026-07-02,2026-07-02,2026-07-02T22:16:16.654Z,15:16:16,2026-07-02 15:16:16,,,,,,,spotlight-prolific
256ATUE4,691626ec4628eb27b37781b0,1,ele,13,2,2,3,111, who ,62603,799556,418,407,385.9583435058594,382.5,405.9583435058594,420.53125,9,3,That it is unnecessarily long,1,,,2026-07-02,2026-07-02,2026-07-02T22:16:16.654Z,15:16:16,2026-07-02 15:16:16,,,,,,,spotlight-prolific
256ATUE4,691626ec4628eb27b37781b0,1,ele,13,2,2,3,112, take ,62653,799607,421,407,385.9583435058594,420.53125,405.9583435058594,459.5625,9,4,That it is unnecessarily long,1,,,2026-07-02,2026-07-02,2026-07-02T22:16:16.654Z,15:16:16,2026-07-02 15:16:16,,,,,,,spotlight-prolific
256ATUE4,691626ec4628eb27b37781b0,1,ele,13,2,2,3,112, take ,62705,799658,424,407,385.9583435058594,420.53125,405.9583435058594,459.5625,9,4,That it is unnecessarily long,1,,,2026-07-02,2026-07-02,2026-07-02T22:16:16.654Z,15:16:16,2026-07-02 15:16:16,,,,,,,spotlight-prolific
256ATUE4,691626ec4628eb27b37781b0,1,ele,13,2,2,3,112, take ,62754,799708,434,407,385.9583435058594,420.53125,405.9583435058594,459.5625,9,4,That it is unnecessarily long,1,,,2026-07-02,2026-07-02,2026-07-02T22:16:16.654Z,15:16:16,2026-07-02 15:16:16,,,,,,,spotlight-prolific
256ATUE4,691626ec4628eb27b37781b0,1,ele,13,2,2,3,112, take ,62806,799759,443,407,385.9583435058594,420.53125,405.9583435058594,459.5625,9,4,That it is unnecessarily long,1,,,2026-07-02,2026-07-02,2026-07-02T22:16:16.654Z,15:16:16,2026-07-02 15:16:16,,,,,,,spotlight-prolific
256ATUE4,691626ec4628eb27b37781b0,1,ele,13,2,2,3,112, take ,62855,799809,458,407,385.9583435058594,420.53125,405.9583435058594,459.5625,9,4,That it is unnecessarily long,1,,,2026-07-02,2026-07-02,2026-07-02T22:16:16.654Z,15:16:16,2026-07-02 15:16:16,,,,,,,spotlight-prolific
256ATUE4,691626ec4628eb27b37781b0,1,ele,13,2,2,3,113, an ,62906,799860,470,407,385.9583435058594,459.5625,405.9583435058594,484.59375,9,5,That it is unnecessarily long,1,,,2026-07-02,2026-07-02,2026-07-02T22:16:16.654Z,15:16:16,2026-07-02 15:16:16,,,,,,,spotlight-prolific
256ATUE4,691626ec4628eb27b37781b0,1,ele,13,2,2,3,113, an ,62955,799908,480,407,385.9583435058594,459.5625,405.9583435058594,484.59375,9,5,That it is unnecessarily long,1,,,2026-07-02,2026-07-02,2026-07-02T22:16:16.654Z,15:16:16,2026-07-02 15:16:16,,,,,,,spotlight-prolific
256ATUE4,691626ec4628eb27b37781b0,1,ele,13,2,2,3,114, average ,63005,799959,490,407,385.9583435058594,484.59375,405.9583435058594,554.6458358764648,9,6,That it is unnecessarily long,1,,,2026-07-02,2026-07-02,2026-07-02T22:16:16.654Z,15:16:16,2026-07-02 15:16:16,,,,,,,spotlight-prolific
256ATUE4,691626ec4628eb27b37781b0,1,ele,13,2,2,3,114, average ,63069,800022,494,407,385.9583435058594,484.59375,405.9583435058594,554.6458358764648,9,6,That it is unnecessarily long,1,,,2026-07-02,2026-07-02,2026-07-02T22:16:16.654Z,15:16:16,2026-07-02 15:16:16,,,,,,,spotlight-prolific
256ATUE4,691626ec4628eb27b37781b0,1,ele,13,2,2,3,114, average ,63102,800056,494,407,385.9583435058594,484.59375,405.9583435058594,554.6458358764648,9,6,That it is unnecessarily long,1,,,2026-07-02,2026-07-02,2026-07-02T22:16:16.654Z,15:16:16,2026-07-02 15:16:16,,,,,,,spotlight-prolific
256ATUE4,691626ec4628eb27b37781b0,1,ele,13,2,2,3,114, average ,63152,800106,498,407,385.9583435058594,484.59375,405.9583435058594,554.6458358764648,9,6,That it is unnecessarily long,1,,,2026-07-02,2026-07-02,2026-07-02T22:16:16.654Z,15:16:16,2026-07-02 15:16:16,,,,,,,spotlight-prolific
256ATUE4,691626ec4628eb27b37781b0,1,ele,13,2,2,3,114, average ,63205,800159,501,407,385.9583435058594,484.59375,405.9583435058594,554.6458358764648,9,6,That it is unnecessarily long,1,,,2026-07-02,2026-07-02,2026-07-02T22:16:16.654Z,15:16:16,2026-07-02 15:16:16,,,,,,,spotlight-prolific
256ATUE4,691626ec4628eb27b37781b0,1,ele,13,2,2,3,114, average ,63254,800208,507,407,385.9583435058594,484.59375,405.9583435058594,554.6458358764648,9,6,That it is unnecessarily long,1,,,2026-07-02,2026-07-02,2026-07-02T22:16:16.654Z,15:16:16,2026-07-02 15:16:16,,,,,,,spotlight-prolific
256ATUE4,691626ec4628eb27b37781b0,1,ele,13,2,2,3,114, average ,63309,800261,521,407,385.9583435058594,484.59375,405.9583435058594,554.6458358764648,9,6,That it is unnecessarily long,1,,,2026-07-02,2026-07-02,2026-07-02T22:16:16.654Z,15:16:16,2026-07-02 15:16:16,,,,,,,spotlight-prolific
256ATUE4,691626ec4628eb27b37781b0,1,ele,13,2,2,3,114, average ,63357,800310,536,407,385.9583435058594,484.59375,405.9583435058594,554.6458358764648,9,6,That it is unnecessarily long,1,,,2026-07-02,2026-07-02,2026-07-02T22:16:16.654Z,15:16:16,2026-07-02 15:16:16,,,,,,,spotlight-prolific
256ATUE4,691626ec4628eb27b37781b0,1,ele,13,2,2,3,114, average ,63405,800359,553,407,385.9583435058594,484.59375,405.9583435058594,554.6458358764648,9,6,That it is unnecessarily long,1,,,2026-07-02,2026-07-02,2026-07-02T22:16:16.654Z,15:16:16,2026-07-02 15:16:16,,,,,,,spotlight-prolific
256ATUE4,691626ec4628eb27b37781b0,1,ele,13,2,2,3,116, 25. ,63457,800410,577,410,385.9583435058594,574.6666870117188,405.9583435058594,599.6979370117188,9,8,That it is unnecessarily long,1,,,2026-07-02,2026-07-02,2026-07-02T22:16:16.654Z,15:16:16,2026-07-02 15:16:16,,,,,,,spotlight-prolific
256ATUE4,691626ec4628eb27b37781b0,1,ele,13,2,2,3,116, 25. ,63503,800456,589,415,385.9583435058594,574.6666870117188,405.9583435058594,599.6979370117188,9,8,That it is unnecessarily long,1,,,2026-07-02,2026-07-02,2026-07-02T22:16:16.654Z,15:16:16,2026-07-02 15:16:16,,,,,,,spotlight-prolific
256ATUE4,691626ec4628eb27b37781b0,1,ele,13,2,2,3,-1,999,63553,800506,594,422,,,,,,,That it is unnecessarily long,1,,,2026-07-02,2026-07-02,2026-07-02T22:16:16.654Z,15:16:16,2026-07-02 15:16:16,,,,,,,spotlight-prolific
256ATUE4,691626ec4628eb27b37781b0,1,ele,13,2,2,3,-1,999,63604,800557,606,433,,,,,,,That it is unnecessarily long,1,,,2026-07-02,2026-07-02,2026-07-02T22:16:16.654Z,15:16:16,2026-07-02 15:16:16,,,,,,,spotlight-prolific
256ATUE4,691626ec4628eb27b37781b0,1,ele,13,2,2,3,-1,999,63651,800604,606,433,,,,,,,That it is unnecessarily long,1,,,2026-07-02,2026-07-02,2026-07-02T22:16:16.654Z,15:16:16,2026-07-02 15:16:16,,,,,,,spotlight-prolific
256ATUE4,691626ec4628eb27b37781b0,1,ele,13,2,2,3,-1,999,63703,800657,606,433,,,,,,,That it is unnecessarily long,1,,,2026-07-02,2026-07-02,2026-07-02T22:16:16.654Z,15:16:16,2026-07-02 15:16:16,,,,,,,spotlight-prolific
256ATUE4,691626ec4628eb27b37781b0,1,ele,13,2,2,3,-1,999,63752,800705,606,433,,,,,,,That it is unnecessarily long,1,,,2026-07-02,2026-07-02,2026-07-02T22:16:16.654Z,15:16:16,2026-07-02 15:16:16,,,,,,,spotlight-prolific
256ATUE4,691626ec4628eb27b37781b0,1,ele,13,2,2,3,-1,999,63800,800754,606,433,,,,,,,That it is unnecessarily long,1,,,2026-07-02,2026-07-02,2026-07-02T22:16:16.654Z,15:16:16,2026-07-02 15:16:16,,,,,,,spotlight-prolific
256ATUE4,691626ec4628eb27b37781b0,1,ele,13,2,2,3,-1,999,63850,800804,606,433,,,,,,,That it is unnecessarily long,1,,,2026-07-02,2026-07-02,2026-07-02T22:16:16.654Z,15:16:16,2026-07-02 15:16:16,,,,,,,spotlight-prolific
256ATUE4,691626ec4628eb27b37781b0,1,ele,13,2,2,3,-1,999,63901,800854,606,433,,,,,,,That it is unnecessarily long,1,,,2026-07-02,2026-07-02,2026-07-02T22:16:16.654Z,15:16:16,2026-07-02 15:16:16,,,,,,,spotlight-prolific
256ATUE4,691626ec4628eb27b37781b0,1,ele,13,2,2,3,-1,999,63951,800904,606,433,,,,,,,That it is unnecessarily long,1,,,2026-07-02,2026-07-02,2026-07-02T22:16:16.654Z,15:16:16,2026-07-02 15:16:16,,,,,,,spotlight-prolific
256ATUE4,691626ec4628eb27b37781b0,1,ele,13,2,2,3,-1,999,64000,800954,606,433,,,,,,,That it is unnecessarily long,1,,,2026-07-02,2026-07-02,2026-07-02T22:16:16.654Z,15:16:16,2026-07-02 15:16:16,,,,,,,spotlight-prolific
256ATUE4,691626ec4628eb27b37781b0,1,ele,13,2,2,3,-1,999,64051,801005,606,433,,,,,,,That it is unnecessarily long,1,,,2026-07-02,2026-07-02,2026-07-02T22:16:16.654Z,15:16:16,2026-07-02 15:16:16,,,,,,,spotlight-prolific
