responseTime,recordType,Experiment,Condition,onestop_level,onestop_article_number,onestop_paragraph_number,ItemId,presentation_order,Index,Word,mousePositionX,mousePositionY,sampleTimeMs,SubjectId,SubjectID,onestop_block_level,onestop_paragraph_index,ProlificId,ProlificID,study_key,source,demo_age,demo_country,demo_native_language,demo_other_languages,demo_other_languages_parsed,demo_exposure_pcts,demo_exposure_total_pct,demo_read_pcts,demo_read_total_pct,demo_speak_pcts,demo_speak_total_pct,demo_formal_education_years,demo_years_current_institution,demo_highest_education,demo_native_speaking,demo_native_understanding,demo_native_reading,demo_english_speaking,demo_english_understanding,demo_english_reading,demo_english_acquire_start_age,demo_english_fluent_age,demo_english_read_start_age,demo_english_read_fluent_age,demo_other_english_test,demo_other_english_test_score,cambridge_item,cambridge_selected,cambridge_correct_answer,cambridge_item_correct,cambridge_score,cambridge_max,cambridge_cefr,onestop_level_pair,onestop_level_block_order,onestop_level_assignment_rule,onestop_reading_article_count,onestop_reading_trial_count,onestop_article_selection_mode,onestop_manual_article_numbers,wordPositionTop,wordPositionLeft,wordPositionBottom,wordPositionRight,line_number,position_in_line,revealMode,clickDurationMs,hoverDurationMs,relativeXInWord,relativeYInWord,totalWordsInItem,response,response_correct,prolific_pid,prolific_study_id,prolific_session_id,experiment_start_time,ParticipantId,experiment_start_date,experiment_date,experiment_start_clock_time,experiment_start_time_local,experiment_end_time,experiment_duration,glb_ProlificId,glb_ProlificID,glb_SubjectId,glb_SubjectID,glb_study_key,SONAId,SonaId,experiment_end_date,experiment_end_clock_time,experiment_end_time_local,experiment_duration_ms
41,raw_position_sample,2,3,adv,20,2,17,18,-1,999,573,121,1510429,69eb8f1f108d9b87368ef89d,69eb8f1f108d9b87368ef89d,advanced,2,69eb8f1f108d9b87368ef89d,69eb8f1f108d9b87368ef89d,spotlight_PROLIFIC,,42,brazil,Portuguese,"portuguese, english, spanish ",spanish,Portuguese:50|English:40|spanish:10,100,Portuguese:40|English:50|spanish:10,100,Portuguese:75|English:20|spanish:5,100,17,4,Bachelor's,10,10,10,6,7,9,4,20,7,17,Duolingo,150,,,,,22,25,C1,intermediate|advanced,intermediate|advanced,cambridge_22_25_intermediate_advanced,4,20,random,,,,,,,,,,,,,,,,,,,2026-08-09T15:58:12.658Z,C99S394L,2026-08-09,2026-08-09,12:58:12,2026-08-09 12:58:12,,,,,,,,69eb8f1f108d9b87368ef89d,69eb8f1f108d9b87368ef89d,,,,
90,raw_position_sample,2,3,adv,20,2,17,18,-1,999,573,121,1510479,69eb8f1f108d9b87368ef89d,69eb8f1f108d9b87368ef89d,advanced,2,69eb8f1f108d9b87368ef89d,69eb8f1f108d9b87368ef89d,spotlight_PROLIFIC,,42,brazil,Portuguese,"portuguese, english, spanish ",spanish,Portuguese:50|English:40|spanish:10,100,Portuguese:40|English:50|spanish:10,100,Portuguese:75|English:20|spanish:5,100,17,4,Bachelor's,10,10,10,6,7,9,4,20,7,17,Duolingo,150,,,,,22,25,C1,intermediate|advanced,intermediate|advanced,cambridge_22_25_intermediate_advanced,4,20,random,,,,,,,,,,,,,,,,,,,2026-08-09T15:58:12.658Z,C99S394L,2026-08-09,2026-08-09,12:58:12,2026-08-09 12:58:12,,,,,,,,69eb8f1f108d9b87368ef89d,69eb8f1f108d9b87368ef89d,,,,
141,raw_position_sample,2,3,adv,20,2,17,18,-1,999,571,121,1510530,69eb8f1f108d9b87368ef89d,69eb8f1f108d9b87368ef89d,advanced,2,69eb8f1f108d9b87368ef89d,69eb8f1f108d9b87368ef89d,spotlight_PROLIFIC,,42,brazil,Portuguese,"portuguese, english, spanish ",spanish,Portuguese:50|English:40|spanish:10,100,Portuguese:40|English:50|spanish:10,100,Portuguese:75|English:20|spanish:5,100,17,4,Bachelor's,10,10,10,6,7,9,4,20,7,17,Duolingo,150,,,,,22,25,C1,intermediate|advanced,intermediate|advanced,cambridge_22_25_intermediate_advanced,4,20,random,,,,,,,,,,,,,,,,,,,2026-08-09T15:58:12.658Z,C99S394L,2026-08-09,2026-08-09,12:58:12,2026-08-09 12:58:12,,,,,,,,69eb8f1f108d9b87368ef89d,69eb8f1f108d9b87368ef89d,,,,
192,raw_position_sample,2,3,adv,20,2,17,18,-1,999,571,121,1510580,69eb8f1f108d9b87368ef89d,69eb8f1f108d9b87368ef89d,advanced,2,69eb8f1f108d9b87368ef89d,69eb8f1f108d9b87368ef89d,spotlight_PROLIFIC,,42,brazil,Portuguese,"portuguese, english, spanish ",spanish,Portuguese:50|English:40|spanish:10,100,Portuguese:40|English:50|spanish:10,100,Portuguese:75|English:20|spanish:5,100,17,4,Bachelor's,10,10,10,6,7,9,4,20,7,17,Duolingo,150,,,,,22,25,C1,intermediate|advanced,intermediate|advanced,cambridge_22_25_intermediate_advanced,4,20,random,,,,,,,,,,,,,,,,,,,2026-08-09T15:58:12.658Z,C99S394L,2026-08-09,2026-08-09,12:58:12,2026-08-09 12:58:12,,,,,,,,69eb8f1f108d9b87368ef89d,69eb8f1f108d9b87368ef89d,,,,
241,raw_position_sample,2,3,adv,20,2,17,18,-1,999,571,121,1510630,69eb8f1f108d9b87368ef89d,69eb8f1f108d9b87368ef89d,advanced,2,69eb8f1f108d9b87368ef89d,69eb8f1f108d9b87368ef89d,spotlight_PROLIFIC,,42,brazil,Portuguese,"portuguese, english, spanish ",spanish,Portuguese:50|English:40|spanish:10,100,Portuguese:40|English:50|spanish:10,100,Portuguese:75|English:20|spanish:5,100,17,4,Bachelor's,10,10,10,6,7,9,4,20,7,17,Duolingo,150,,,,,22,25,C1,intermediate|advanced,intermediate|advanced,cambridge_22_25_intermediate_advanced,4,20,random,,,,,,,,,,,,,,,,,,,2026-08-09T15:58:12.658Z,C99S394L,2026-08-09,2026-08-09,12:58:12,2026-08-09 12:58:12,,,,,,,,69eb8f1f108d9b87368ef89d,69eb8f1f108d9b87368ef89d,,,,
292,raw_position_sample,2,3,adv,20,2,17,18,-1,999,575,121,1510680,69eb8f1f108d9b87368ef89d,69eb8f1f108d9b87368ef89d,advanced,2,69eb8f1f108d9b87368ef89d,69eb8f1f108d9b87368ef89d,spotlight_PROLIFIC,,42,brazil,Portuguese,"portuguese, english, spanish ",spanish,Portuguese:50|English:40|spanish:10,100,Portuguese:40|English:50|spanish:10,100,Portuguese:75|English:20|spanish:5,100,17,4,Bachelor's,10,10,10,6,7,9,4,20,7,17,Duolingo,150,,,,,22,25,C1,intermediate|advanced,intermediate|advanced,cambridge_22_25_intermediate_advanced,4,20,random,,,,,,,,,,,,,,,,,,,2026-08-09T15:58:12.658Z,C99S394L,2026-08-09,2026-08-09,12:58:12,2026-08-09 12:58:12,,,,,,,,69eb8f1f108d9b87368ef89d,69eb8f1f108d9b87368ef89d,,,,
342,raw_position_sample,2,3,adv,20,2,17,18,-1,999,609,133,1510730,69eb8f1f108d9b87368ef89d,69eb8f1f108d9b87368ef89d,advanced,2,69eb8f1f108d9b87368ef89d,69eb8f1f108d9b87368ef89d,spotlight_PROLIFIC,,42,brazil,Portuguese,"portuguese, english, spanish ",spanish,Portuguese:50|English:40|spanish:10,100,Portuguese:40|English:50|spanish:10,100,Portuguese:75|English:20|spanish:5,100,17,4,Bachelor's,10,10,10,6,7,9,4,20,7,17,Duolingo,150,,,,,22,25,C1,intermediate|advanced,intermediate|advanced,cambridge_22_25_intermediate_advanced,4,20,random,,,,,,,,,,,,,,,,,,,2026-08-09T15:58:12.658Z,C99S394L,2026-08-09,2026-08-09,12:58:12,2026-08-09 12:58:12,,,,,,,,69eb8f1f108d9b87368ef89d,69eb8f1f108d9b87368ef89d,,,,
368,hover_association,2,3,adv,20,2,17,18,1, “The ,628,141,,69eb8f1f108d9b87368ef89d,69eb8f1f108d9b87368ef89d,advanced,2,69eb8f1f108d9b87368ef89d,69eb8f1f108d9b87368ef89d,spotlight_PROLIFIC,,42,brazil,Portuguese,"portuguese, english, spanish ",spanish,Portuguese:50|English:40|spanish:10,100,Portuguese:40|English:50|spanish:10,100,Portuguese:75|English:20|spanish:5,100,17,4,Bachelor's,10,10,10,6,7,9,4,20,7,17,Duolingo,150,,,,,22,25,C1,intermediate|advanced,intermediate|advanced,cambridge_22_25_intermediate_advanced,4,20,random,,113.26666259765625,621.8028106689453,153.26666259765625,668.1333312988281,1,1,hover,17,17,0.13376040775716105,0.6933334350585938,154,,,,,,2026-08-09T15:58:12.658Z,C99S394L,2026-08-09,2026-08-09,12:58:12,2026-08-09 12:58:12,,,,,,,,69eb8f1f108d9b87368ef89d,69eb8f1f108d9b87368ef89d,,,,
393,raw_position_sample,2,3,adv,20,2,17,18,15, what ,677,160,1510781,69eb8f1f108d9b87368ef89d,69eb8f1f108d9b87368ef89d,advanced,2,69eb8f1f108d9b87368ef89d,69eb8f1f108d9b87368ef89d,spotlight_PROLIFIC,,42,brazil,Portuguese,"portuguese, english, spanish ",spanish,Portuguese:50|English:40|spanish:10,100,Portuguese:40|English:50|spanish:10,100,Portuguese:75|English:20|spanish:5,100,17,4,Bachelor's,10,10,10,6,7,9,4,20,7,17,Duolingo,150,,,,,22,25,C1,intermediate|advanced,intermediate|advanced,cambridge_22_25_intermediate_advanced,4,20,random,,161.26666259765625,647.13330078125,185.26666259765625,693.6833038330078,2,2,,,,,,,,,,,,2026-08-09T15:58:12.658Z,C99S394L,2026-08-09,2026-08-09,12:58:12,2026-08-09 12:58:12,,,,,,,,69eb8f1f108d9b87368ef89d,69eb8f1f108d9b87368ef89d,,,,
442,raw_position_sample,2,3,adv,20,2,17,18,15, what ,691,166,1510831,69eb8f1f108d9b87368ef89d,69eb8f1f108d9b87368ef89d,advanced,2,69eb8f1f108d9b87368ef89d,69eb8f1f108d9b87368ef89d,spotlight_PROLIFIC,,42,brazil,Portuguese,"portuguese, english, spanish ",spanish,Portuguese:50|English:40|spanish:10,100,Portuguese:40|English:50|spanish:10,100,Portuguese:75|English:20|spanish:5,100,17,4,Bachelor's,10,10,10,6,7,9,4,20,7,17,Duolingo,150,,,,,22,25,C1,intermediate|advanced,intermediate|advanced,cambridge_22_25_intermediate_advanced,4,20,random,,161.26666259765625,647.13330078125,185.26666259765625,693.6833038330078,2,2,,,,,,,,,,,,2026-08-09T15:58:12.658Z,C99S394L,2026-08-09,2026-08-09,12:58:12,2026-08-09 12:58:12,,,,,,,,69eb8f1f108d9b87368ef89d,69eb8f1f108d9b87368ef89d,,,,
493,raw_position_sample,2,3,adv,20,2,17,18,15, what ,691,166,1510882,69eb8f1f108d9b87368ef89d,69eb8f1f108d9b87368ef89d,advanced,2,69eb8f1f108d9b87368ef89d,69eb8f1f108d9b87368ef89d,spotlight_PROLIFIC,,42,brazil,Portuguese,"portuguese, english, spanish ",spanish,Portuguese:50|English:40|spanish:10,100,Portuguese:40|English:50|spanish:10,100,Portuguese:75|English:20|spanish:5,100,17,4,Bachelor's,10,10,10,6,7,9,4,20,7,17,Duolingo,150,,,,,22,25,C1,intermediate|advanced,intermediate|advanced,cambridge_22_25_intermediate_advanced,4,20,random,,161.26666259765625,647.13330078125,185.26666259765625,693.6833038330078,2,2,,,,,,,,,,,,2026-08-09T15:58:12.658Z,C99S394L,2026-08-09,2026-08-09,12:58:12,2026-08-09 12:58:12,,,,,,,,69eb8f1f108d9b87368ef89d,69eb8f1f108d9b87368ef89d,,,,
544,raw_position_sample,2,3,adv,20,2,17,18,15, what ,691,166,1510932,69eb8f1f108d9b87368ef89d,69eb8f1f108d9b87368ef89d,advanced,2,69eb8f1f108d9b87368ef89d,69eb8f1f108d9b87368ef89d,spotlight_PROLIFIC,,42,brazil,Portuguese,"portuguese, english, spanish ",spanish,Portuguese:50|English:40|spanish:10,100,Portuguese:40|English:50|spanish:10,100,Portuguese:75|English:20|spanish:5,100,17,4,Bachelor's,10,10,10,6,7,9,4,20,7,17,Duolingo,150,,,,,22,25,C1,intermediate|advanced,intermediate|advanced,cambridge_22_25_intermediate_advanced,4,20,random,,161.26666259765625,647.13330078125,185.26666259765625,693.6833038330078,2,2,,,,,,,,,,,,2026-08-09T15:58:12.658Z,C99S394L,2026-08-09,2026-08-09,12:58:12,2026-08-09 12:58:12,,,,,,,,69eb8f1f108d9b87368ef89d,69eb8f1f108d9b87368ef89d,,,,
594,raw_position_sample,2,3,adv,20,2,17,18,15, what ,692,166,1510982,69eb8f1f108d9b87368ef89d,69eb8f1f108d9b87368ef89d,advanced,2,69eb8f1f108d9b87368ef89d,69eb8f1f108d9b87368ef89d,spotlight_PROLIFIC,,42,brazil,Portuguese,"portuguese, english, spanish ",spanish,Portuguese:50|English:40|spanish:10,100,Portuguese:40|English:50|spanish:10,100,Portuguese:75|English:20|spanish:5,100,17,4,Bachelor's,10,10,10,6,7,9,4,20,7,17,Duolingo,150,,,,,22,25,C1,intermediate|advanced,intermediate|advanced,cambridge_22_25_intermediate_advanced,4,20,random,,161.26666259765625,647.13330078125,185.26666259765625,693.6833038330078,2,2,,,,,,,,,,,,2026-08-09T15:58:12.658Z,C99S394L,2026-08-09,2026-08-09,12:58:12,2026-08-09 12:58:12,,,,,,,,69eb8f1f108d9b87368ef89d,69eb8f1f108d9b87368ef89d,,,,
644,raw_position_sample,2,3,adv,20,2,17,18,15, what ,690,166,1511033,69eb8f1f108d9b87368ef89d,69eb8f1f108d9b87368ef89d,advanced,2,69eb8f1f108d9b87368ef89d,69eb8f1f108d9b87368ef89d,spotlight_PROLIFIC,,42,brazil,Portuguese,"portuguese, english, spanish ",spanish,Portuguese:50|English:40|spanish:10,100,Portuguese:40|English:50|spanish:10,100,Portuguese:75|English:20|spanish:5,100,17,4,Bachelor's,10,10,10,6,7,9,4,20,7,17,Duolingo,150,,,,,22,25,C1,intermediate|advanced,intermediate|advanced,cambridge_22_25_intermediate_advanced,4,20,random,,161.26666259765625,647.13330078125,185.26666259765625,693.6833038330078,2,2,,,,,,,,,,,,2026-08-09T15:58:12.658Z,C99S394L,2026-08-09,2026-08-09,12:58:12,2026-08-09 12:58:12,,,,,,,,69eb8f1f108d9b87368ef89d,69eb8f1f108d9b87368ef89d,,,,
694,raw_position_sample,2,3,adv,20,2,17,18,15, what ,683,164,1511083,69eb8f1f108d9b87368ef89d,69eb8f1f108d9b87368ef89d,advanced,2,69eb8f1f108d9b87368ef89d,69eb8f1f108d9b87368ef89d,spotlight_PROLIFIC,,42,brazil,Portuguese,"portuguese, english, spanish ",spanish,Portuguese:50|English:40|spanish:10,100,Portuguese:40|English:50|spanish:10,100,Portuguese:75|English:20|spanish:5,100,17,4,Bachelor's,10,10,10,6,7,9,4,20,7,17,Duolingo,150,,,,,22,25,C1,intermediate|advanced,intermediate|advanced,cambridge_22_25_intermediate_advanced,4,20,random,,161.26666259765625,647.13330078125,185.26666259765625,693.6833038330078,2,2,,,,,,,,,,,,2026-08-09T15:58:12.658Z,C99S394L,2026-08-09,2026-08-09,12:58:12,2026-08-09 12:58:12,,,,,,,,69eb8f1f108d9b87368ef89d,69eb8f1f108d9b87368ef89d,,,,
734,hover_association,2,3,adv,20,2,17,18,15, what ,659,154,,69eb8f1f108d9b87368ef89d,69eb8f1f108d9b87368ef89d,advanced,2,69eb8f1f108d9b87368ef89d,69eb8f1f108d9b87368ef89d,spotlight_PROLIFIC,,42,brazil,Portuguese,"portuguese, english, spanish ",spanish,Portuguese:50|English:40|spanish:10,100,Portuguese:40|English:50|spanish:10,100,Portuguese:75|English:20|spanish:5,100,17,4,Bachelor's,10,10,10,6,7,9,4,20,7,17,Duolingo,150,,,,,22,25,C1,intermediate|advanced,intermediate|advanced,cambridge_22_25_intermediate_advanced,4,20,random,,153.26666259765625,647.1333312988281,193.26666259765625,693.6833267211914,2,2,hover,366,366,0.7490155129944746,0.09333343505859375,154,,,,,,2026-08-09T15:58:12.658Z,C99S394L,2026-08-09,2026-08-09,12:58:12,2026-08-09 12:58:12,,,,,,,,69eb8f1f108d9b87368ef89d,69eb8f1f108d9b87368ef89d,,,,
744,raw_position_sample,2,3,adv,20,2,17,18,2, technical ,682,150,1511132,69eb8f1f108d9b87368ef89d,69eb8f1f108d9b87368ef89d,advanced,2,69eb8f1f108d9b87368ef89d,69eb8f1f108d9b87368ef89d,spotlight_PROLIFIC,,42,brazil,Portuguese,"portuguese, english, spanish ",spanish,Portuguese:50|English:40|spanish:10,100,Portuguese:40|English:50|spanish:10,100,Portuguese:75|English:20|spanish:5,100,17,4,Bachelor's,10,10,10,6,7,9,4,20,7,17,Duolingo,150,,,,,22,25,C1,intermediate|advanced,intermediate|advanced,cambridge_22_25_intermediate_advanced,4,20,random,,121.26666259765625,668.13330078125,145.26666259765625,748.3666381835938,1,2,,,,,,,,,,,,2026-08-09T15:58:12.658Z,C99S394L,2026-08-09,2026-08-09,12:58:12,2026-08-09 12:58:12,,,,,,,,69eb8f1f108d9b87368ef89d,69eb8f1f108d9b87368ef89d,,,,
795,raw_position_sample,2,3,adv,20,2,17,18,2, technical ,682,136,1511183,69eb8f1f108d9b87368ef89d,69eb8f1f108d9b87368ef89d,advanced,2,69eb8f1f108d9b87368ef89d,69eb8f1f108d9b87368ef89d,spotlight_PROLIFIC,,42,brazil,Portuguese,"portuguese, english, spanish ",spanish,Portuguese:50|English:40|spanish:10,100,Portuguese:40|English:50|spanish:10,100,Portuguese:75|English:20|spanish:5,100,17,4,Bachelor's,10,10,10,6,7,9,4,20,7,17,Duolingo,150,,,,,22,25,C1,intermediate|advanced,intermediate|advanced,cambridge_22_25_intermediate_advanced,4,20,random,,121.26666259765625,668.13330078125,145.26666259765625,748.3666381835938,1,2,,,,,,,,,,,,2026-08-09T15:58:12.658Z,C99S394L,2026-08-09,2026-08-09,12:58:12,2026-08-09 12:58:12,,,,,,,,69eb8f1f108d9b87368ef89d,69eb8f1f108d9b87368ef89d,,,,
850,raw_position_sample,2,3,adv,20,2,17,18,2, technical ,682,136,1511239,69eb8f1f108d9b87368ef89d,69eb8f1f108d9b87368ef89d,advanced,2,69eb8f1f108d9b87368ef89d,69eb8f1f108d9b87368ef89d,spotlight_PROLIFIC,,42,brazil,Portuguese,"portuguese, english, spanish ",spanish,Portuguese:50|English:40|spanish:10,100,Portuguese:40|English:50|spanish:10,100,Portuguese:75|English:20|spanish:5,100,17,4,Bachelor's,10,10,10,6,7,9,4,20,7,17,Duolingo,150,,,,,22,25,C1,intermediate|advanced,intermediate|advanced,cambridge_22_25_intermediate_advanced,4,20,random,,121.26666259765625,668.13330078125,145.26666259765625,748.3666381835938,1,2,,,,,,,,,,,,2026-08-09T15:58:12.658Z,C99S394L,2026-08-09,2026-08-09,12:58:12,2026-08-09 12:58:12,,,,,,,,69eb8f1f108d9b87368ef89d,69eb8f1f108d9b87368ef89d,,,,
900,raw_position_sample,2,3,adv,20,2,17,18,2, technical ,682,136,1511289,69eb8f1f108d9b87368ef89d,69eb8f1f108d9b87368ef89d,advanced,2,69eb8f1f108d9b87368ef89d,69eb8f1f108d9b87368ef89d,spotlight_PROLIFIC,,42,brazil,Portuguese,"portuguese, english, spanish ",spanish,Portuguese:50|English:40|spanish:10,100,Portuguese:40|English:50|spanish:10,100,Portuguese:75|English:20|spanish:5,100,17,4,Bachelor's,10,10,10,6,7,9,4,20,7,17,Duolingo,150,,,,,22,25,C1,intermediate|advanced,intermediate|advanced,cambridge_22_25_intermediate_advanced,4,20,random,,121.26666259765625,668.13330078125,145.26666259765625,748.3666381835938,1,2,,,,,,,,,,,,2026-08-09T15:58:12.658Z,C99S394L,2026-08-09,2026-08-09,12:58:12,2026-08-09 12:58:12,,,,,,,,69eb8f1f108d9b87368ef89d,69eb8f1f108d9b87368ef89d,,,,
950,raw_position_sample,2,3,adv,20,2,17,18,2, technical ,681,135,1511339,69eb8f1f108d9b87368ef89d,69eb8f1f108d9b87368ef89d,advanced,2,69eb8f1f108d9b87368ef89d,69eb8f1f108d9b87368ef89d,spotlight_PROLIFIC,,42,brazil,Portuguese,"portuguese, english, spanish ",spanish,Portuguese:50|English:40|spanish:10,100,Portuguese:40|English:50|spanish:10,100,Portuguese:75|English:20|spanish:5,100,17,4,Bachelor's,10,10,10,6,7,9,4,20,7,17,Duolingo,150,,,,,22,25,C1,intermediate|advanced,intermediate|advanced,cambridge_22_25_intermediate_advanced,4,20,random,,121.26666259765625,668.13330078125,145.26666259765625,748.3666381835938,1,2,,,,,,,,,,,,2026-08-09T15:58:12.658Z,C99S394L,2026-08-09,2026-08-09,12:58:12,2026-08-09 12:58:12,,,,,,,,69eb8f1f108d9b87368ef89d,69eb8f1f108d9b87368ef89d,,,,
1002,raw_position_sample,2,3,adv,20,2,17,18,2, technical ,674,135,1511390,69eb8f1f108d9b87368ef89d,69eb8f1f108d9b87368ef89d,advanced,2,69eb8f1f108d9b87368ef89d,69eb8f1f108d9b87368ef89d,spotlight_PROLIFIC,,42,brazil,Portuguese,"portuguese, english, spanish ",spanish,Portuguese:50|English:40|spanish:10,100,Portuguese:40|English:50|spanish:10,100,Portuguese:75|English:20|spanish:5,100,17,4,Bachelor's,10,10,10,6,7,9,4,20,7,17,Duolingo,150,,,,,22,25,C1,intermediate|advanced,intermediate|advanced,cambridge_22_25_intermediate_advanced,4,20,random,,121.26666259765625,668.13330078125,145.26666259765625,748.3666381835938,1,2,,,,,,,,,,,,2026-08-09T15:58:12.658Z,C99S394L,2026-08-09,2026-08-09,12:58:12,2026-08-09 12:58:12,,,,,,,,69eb8f1f108d9b87368ef89d,69eb8f1f108d9b87368ef89d,,,,
1034,hover_association,2,3,adv,20,2,17,18,2, technical ,682,150,,69eb8f1f108d9b87368ef89d,69eb8f1f108d9b87368ef89d,advanced,2,69eb8f1f108d9b87368ef89d,69eb8f1f108d9b87368ef89d,spotlight_PROLIFIC,,42,brazil,Portuguese,"portuguese, english, spanish ",spanish,Portuguese:50|English:40|spanish:10,100,Portuguese:40|English:50|spanish:10,100,Portuguese:75|English:20|spanish:5,100,17,4,Bachelor's,10,10,10,6,7,9,4,20,7,17,Duolingo,150,,,,,22,25,C1,intermediate|advanced,intermediate|advanced,cambridge_22_25_intermediate_advanced,4,20,random,,113.26666259765625,668.1333312988281,153.26666259765625,748.3666687011719,1,2,hover,300,300,0.023265499873340013,0.5683334350585938,154,,,,,,2026-08-09T15:58:12.658Z,C99S394L,2026-08-09,2026-08-09,12:58:12,2026-08-09 12:58:12,,,,,,,,69eb8f1f108d9b87368ef89d,69eb8f1f108d9b87368ef89d,,,,
1052,raw_position_sample,2,3,adv,20,2,17,18,1, “The ,664,140,1511440,69eb8f1f108d9b87368ef89d,69eb8f1f108d9b87368ef89d,advanced,2,69eb8f1f108d9b87368ef89d,69eb8f1f108d9b87368ef89d,spotlight_PROLIFIC,,42,brazil,Portuguese,"portuguese, english, spanish ",spanish,Portuguese:50|English:40|spanish:10,100,Portuguese:40|English:50|spanish:10,100,Portuguese:75|English:20|spanish:5,100,17,4,Bachelor's,10,10,10,6,7,9,4,20,7,17,Duolingo,150,,,,,22,25,C1,intermediate|advanced,intermediate|advanced,cambridge_22_25_intermediate_advanced,4,20,random,,121.26666259765625,625.36669921875,145.26666259765625,668.1333618164062,1,1,,,,,,,,,,,,2026-08-09T15:58:12.658Z,C99S394L,2026-08-09,2026-08-09,12:58:12,2026-08-09 12:58:12,,,,,,,,69eb8f1f108d9b87368ef89d,69eb8f1f108d9b87368ef89d,,,,
1102,raw_position_sample,2,3,adv,20,2,17,18,1, “The ,651,142,1511490,69eb8f1f108d9b87368ef89d,69eb8f1f108d9b87368ef89d,advanced,2,69eb8f1f108d9b87368ef89d,69eb8f1f108d9b87368ef89d,spotlight_PROLIFIC,,42,brazil,Portuguese,"portuguese, english, spanish ",spanish,Portuguese:50|English:40|spanish:10,100,Portuguese:40|English:50|spanish:10,100,Portuguese:75|English:20|spanish:5,100,17,4,Bachelor's,10,10,10,6,7,9,4,20,7,17,Duolingo,150,,,,,22,25,C1,intermediate|advanced,intermediate|advanced,cambridge_22_25_intermediate_advanced,4,20,random,,121.26666259765625,625.36669921875,145.26666259765625,668.1333618164062,1,1,,,,,,,,,,,,2026-08-09T15:58:12.658Z,C99S394L,2026-08-09,2026-08-09,12:58:12,2026-08-09 12:58:12,,,,,,,,69eb8f1f108d9b87368ef89d,69eb8f1f108d9b87368ef89d,,,,
1152,raw_position_sample,2,3,adv,20,2,17,18,1, “The ,651,142,1511541,69eb8f1f108d9b87368ef89d,69eb8f1f108d9b87368ef89d,advanced,2,69eb8f1f108d9b87368ef89d,69eb8f1f108d9b87368ef89d,spotlight_PROLIFIC,,42,brazil,Portuguese,"portuguese, english, spanish ",spanish,Portuguese:50|English:40|spanish:10,100,Portuguese:40|English:50|spanish:10,100,Portuguese:75|English:20|spanish:5,100,17,4,Bachelor's,10,10,10,6,7,9,4,20,7,17,Duolingo,150,,,,,22,25,C1,intermediate|advanced,intermediate|advanced,cambridge_22_25_intermediate_advanced,4,20,random,,121.26666259765625,625.36669921875,145.26666259765625,668.1333618164062,1,1,,,,,,,,,,,,2026-08-09T15:58:12.658Z,C99S394L,2026-08-09,2026-08-09,12:58:12,2026-08-09 12:58:12,,,,,,,,69eb8f1f108d9b87368ef89d,69eb8f1f108d9b87368ef89d,,,,
1202,raw_position_sample,2,3,adv,20,2,17,18,1, “The ,651,142,1511590,69eb8f1f108d9b87368ef89d,69eb8f1f108d9b87368ef89d,advanced,2,69eb8f1f108d9b87368ef89d,69eb8f1f108d9b87368ef89d,spotlight_PROLIFIC,,42,brazil,Portuguese,"portuguese, english, spanish ",spanish,Portuguese:50|English:40|spanish:10,100,Portuguese:40|English:50|spanish:10,100,Portuguese:75|English:20|spanish:5,100,17,4,Bachelor's,10,10,10,6,7,9,4,20,7,17,Duolingo,150,,,,,22,25,C1,intermediate|advanced,intermediate|advanced,cambridge_22_25_intermediate_advanced,4,20,random,,121.26666259765625,625.36669921875,145.26666259765625,668.1333618164062,1,1,,,,,,,,,,,,2026-08-09T15:58:12.658Z,C99S394L,2026-08-09,2026-08-09,12:58:12,2026-08-09 12:58:12,,,,,,,,69eb8f1f108d9b87368ef89d,69eb8f1f108d9b87368ef89d,,,,
1253,raw_position_sample,2,3,adv,20,2,17,18,1, “The ,651,142,1511641,69eb8f1f108d9b87368ef89d,69eb8f1f108d9b87368ef89d,advanced,2,69eb8f1f108d9b87368ef89d,69eb8f1f108d9b87368ef89d,spotlight_PROLIFIC,,42,brazil,Portuguese,"portuguese, english, spanish ",spanish,Portuguese:50|English:40|spanish:10,100,Portuguese:40|English:50|spanish:10,100,Portuguese:75|English:20|spanish:5,100,17,4,Bachelor's,10,10,10,6,7,9,4,20,7,17,Duolingo,150,,,,,22,25,C1,intermediate|advanced,intermediate|advanced,cambridge_22_25_intermediate_advanced,4,20,random,,121.26666259765625,625.36669921875,145.26666259765625,668.1333618164062,1,1,,,,,,,,,,,,2026-08-09T15:58:12.658Z,C99S394L,2026-08-09,2026-08-09,12:58:12,2026-08-09 12:58:12,,,,,,,,69eb8f1f108d9b87368ef89d,69eb8f1f108d9b87368ef89d,,,,
1303,raw_position_sample,2,3,adv,20,2,17,18,1, “The ,651,142,1511691,69eb8f1f108d9b87368ef89d,69eb8f1f108d9b87368ef89d,advanced,2,69eb8f1f108d9b87368ef89d,69eb8f1f108d9b87368ef89d,spotlight_PROLIFIC,,42,brazil,Portuguese,"portuguese, english, spanish ",spanish,Portuguese:50|English:40|spanish:10,100,Portuguese:40|English:50|spanish:10,100,Portuguese:75|English:20|spanish:5,100,17,4,Bachelor's,10,10,10,6,7,9,4,20,7,17,Duolingo,150,,,,,22,25,C1,intermediate|advanced,intermediate|advanced,cambridge_22_25_intermediate_advanced,4,20,random,,121.26666259765625,625.36669921875,145.26666259765625,668.1333618164062,1,1,,,,,,,,,,,,2026-08-09T15:58:12.658Z,C99S394L,2026-08-09,2026-08-09,12:58:12,2026-08-09 12:58:12,,,,,,,,69eb8f1f108d9b87368ef89d,69eb8f1f108d9b87368ef89d,,,,
1353,raw_position_sample,2,3,adv,20,2,17,18,1, “The ,651,142,1511741,69eb8f1f108d9b87368ef89d,69eb8f1f108d9b87368ef89d,advanced,2,69eb8f1f108d9b87368ef89d,69eb8f1f108d9b87368ef89d,spotlight_PROLIFIC,,42,brazil,Portuguese,"portuguese, english, spanish ",spanish,Portuguese:50|English:40|spanish:10,100,Portuguese:40|English:50|spanish:10,100,Portuguese:75|English:20|spanish:5,100,17,4,Bachelor's,10,10,10,6,7,9,4,20,7,17,Duolingo,150,,,,,22,25,C1,intermediate|advanced,intermediate|advanced,cambridge_22_25_intermediate_advanced,4,20,random,,121.26666259765625,625.36669921875,145.26666259765625,668.1333618164062,1,1,,,,,,,,,,,,2026-08-09T15:58:12.658Z,C99S394L,2026-08-09,2026-08-09,12:58:12,2026-08-09 12:58:12,,,,,,,,69eb8f1f108d9b87368ef89d,69eb8f1f108d9b87368ef89d,,,,
1401,hover_association,2,3,adv,20,2,17,18,1, “The ,668,137,,69eb8f1f108d9b87368ef89d,69eb8f1f108d9b87368ef89d,advanced,2,69eb8f1f108d9b87368ef89d,69eb8f1f108d9b87368ef89d,spotlight_PROLIFIC,,42,brazil,Portuguese,"portuguese, english, spanish ",spanish,Portuguese:50|English:40|spanish:10,100,Portuguese:40|English:50|spanish:10,100,Portuguese:75|English:20|spanish:5,100,17,4,Bachelor's,10,10,10,6,7,9,4,20,7,17,Duolingo,150,,,,,22,25,C1,intermediate|advanced,intermediate|advanced,cambridge_22_25_intermediate_advanced,4,20,random,,113.26666259765625,621.8028106689453,153.26666259765625,668.1333312988281,1,1,hover,367,367,0.9107859950064503,0.46833343505859376,154,,,,,,2026-08-09T15:58:12.658Z,C99S394L,2026-08-09,2026-08-09,12:58:12,2026-08-09 12:58:12,,,,,,,,69eb8f1f108d9b87368ef89d,69eb8f1f108d9b87368ef89d,,,,
1403,raw_position_sample,2,3,adv,20,2,17,18,2, technical ,672,127,1511791,69eb8f1f108d9b87368ef89d,69eb8f1f108d9b87368ef89d,advanced,2,69eb8f1f108d9b87368ef89d,69eb8f1f108d9b87368ef89d,spotlight_PROLIFIC,,42,brazil,Portuguese,"portuguese, english, spanish ",spanish,Portuguese:50|English:40|spanish:10,100,Portuguese:40|English:50|spanish:10,100,Portuguese:75|English:20|spanish:5,100,17,4,Bachelor's,10,10,10,6,7,9,4,20,7,17,Duolingo,150,,,,,22,25,C1,intermediate|advanced,intermediate|advanced,cambridge_22_25_intermediate_advanced,4,20,random,,121.26666259765625,668.13330078125,145.26666259765625,748.3666381835938,1,2,,,,,,,,,,,,2026-08-09T15:58:12.658Z,C99S394L,2026-08-09,2026-08-09,12:58:12,2026-08-09 12:58:12,,,,,,,,69eb8f1f108d9b87368ef89d,69eb8f1f108d9b87368ef89d,,,,
1453,raw_position_sample,2,3,adv,20,2,17,18,2, technical ,691,120,1511842,69eb8f1f108d9b87368ef89d,69eb8f1f108d9b87368ef89d,advanced,2,69eb8f1f108d9b87368ef89d,69eb8f1f108d9b87368ef89d,spotlight_PROLIFIC,,42,brazil,Portuguese,"portuguese, english, spanish ",spanish,Portuguese:50|English:40|spanish:10,100,Portuguese:40|English:50|spanish:10,100,Portuguese:75|English:20|spanish:5,100,17,4,Bachelor's,10,10,10,6,7,9,4,20,7,17,Duolingo,150,,,,,22,25,C1,intermediate|advanced,intermediate|advanced,cambridge_22_25_intermediate_advanced,4,20,random,,121.26666259765625,668.13330078125,145.26666259765625,748.3666381835938,1,2,,,,,,,,,,,,2026-08-09T15:58:12.658Z,C99S394L,2026-08-09,2026-08-09,12:58:12,2026-08-09 12:58:12,,,,,,,,69eb8f1f108d9b87368ef89d,69eb8f1f108d9b87368ef89d,,,,
1504,raw_position_sample,2,3,adv,20,2,17,18,2, technical ,694,120,1511892,69eb8f1f108d9b87368ef89d,69eb8f1f108d9b87368ef89d,advanced,2,69eb8f1f108d9b87368ef89d,69eb8f1f108d9b87368ef89d,spotlight_PROLIFIC,,42,brazil,Portuguese,"portuguese, english, spanish ",spanish,Portuguese:50|English:40|spanish:10,100,Portuguese:40|English:50|spanish:10,100,Portuguese:75|English:20|spanish:5,100,17,4,Bachelor's,10,10,10,6,7,9,4,20,7,17,Duolingo,150,,,,,22,25,C1,intermediate|advanced,intermediate|advanced,cambridge_22_25_intermediate_advanced,4,20,random,,121.26666259765625,668.13330078125,145.26666259765625,748.3666381835938,1,2,,,,,,,,,,,,2026-08-09T15:58:12.658Z,C99S394L,2026-08-09,2026-08-09,12:58:12,2026-08-09 12:58:12,,,,,,,,69eb8f1f108d9b87368ef89d,69eb8f1f108d9b87368ef89d,,,,
1555,raw_position_sample,2,3,adv,20,2,17,18,2, technical ,698,120,1511943,69eb8f1f108d9b87368ef89d,69eb8f1f108d9b87368ef89d,advanced,2,69eb8f1f108d9b87368ef89d,69eb8f1f108d9b87368ef89d,spotlight_PROLIFIC,,42,brazil,Portuguese,"portuguese, english, spanish ",spanish,Portuguese:50|English:40|spanish:10,100,Portuguese:40|English:50|spanish:10,100,Portuguese:75|English:20|spanish:5,100,17,4,Bachelor's,10,10,10,6,7,9,4,20,7,17,Duolingo,150,,,,,22,25,C1,intermediate|advanced,intermediate|advanced,cambridge_22_25_intermediate_advanced,4,20,random,,121.26666259765625,668.13330078125,145.26666259765625,748.3666381835938,1,2,,,,,,,,,,,,2026-08-09T15:58:12.658Z,C99S394L,2026-08-09,2026-08-09,12:58:12,2026-08-09 12:58:12,,,,,,,,69eb8f1f108d9b87368ef89d,69eb8f1f108d9b87368ef89d,,,,
1604,raw_position_sample,2,3,adv,20,2,17,18,2, technical ,708,120,1511993,69eb8f1f108d9b87368ef89d,69eb8f1f108d9b87368ef89d,advanced,2,69eb8f1f108d9b87368ef89d,69eb8f1f108d9b87368ef89d,spotlight_PROLIFIC,,42,brazil,Portuguese,"portuguese, english, spanish ",spanish,Portuguese:50|English:40|spanish:10,100,Portuguese:40|English:50|spanish:10,100,Portuguese:75|English:20|spanish:5,100,17,4,Bachelor's,10,10,10,6,7,9,4,20,7,17,Duolingo,150,,,,,22,25,C1,intermediate|advanced,intermediate|advanced,cambridge_22_25_intermediate_advanced,4,20,random,,121.26666259765625,668.13330078125,145.26666259765625,748.3666381835938,1,2,,,,,,,,,,,,2026-08-09T15:58:12.658Z,C99S394L,2026-08-09,2026-08-09,12:58:12,2026-08-09 12:58:12,,,,,,,,69eb8f1f108d9b87368ef89d,69eb8f1f108d9b87368ef89d,,,,
1655,raw_position_sample,2,3,adv,20,2,17,18,2, technical ,715,120,1512043,69eb8f1f108d9b87368ef89d,69eb8f1f108d9b87368ef89d,advanced,2,69eb8f1f108d9b87368ef89d,69eb8f1f108d9b87368ef89d,spotlight_PROLIFIC,,42,brazil,Portuguese,"portuguese, english, spanish ",spanish,Portuguese:50|English:40|spanish:10,100,Portuguese:40|English:50|spanish:10,100,Portuguese:75|English:20|spanish:5,100,17,4,Bachelor's,10,10,10,6,7,9,4,20,7,17,Duolingo,150,,,,,22,25,C1,intermediate|advanced,intermediate|advanced,cambridge_22_25_intermediate_advanced,4,20,random,,121.26666259765625,668.13330078125,145.26666259765625,748.3666381835938,1,2,,,,,,,,,,,,2026-08-09T15:58:12.658Z,C99S394L,2026-08-09,2026-08-09,12:58:12,2026-08-09 12:58:12,,,,,,,,69eb8f1f108d9b87368ef89d,69eb8f1f108d9b87368ef89d,,,,
1705,raw_position_sample,2,3,adv,20,2,17,18,2, technical ,716,120,1512093,69eb8f1f108d9b87368ef89d,69eb8f1f108d9b87368ef89d,advanced,2,69eb8f1f108d9b87368ef89d,69eb8f1f108d9b87368ef89d,spotlight_PROLIFIC,,42,brazil,Portuguese,"portuguese, english, spanish ",spanish,Portuguese:50|English:40|spanish:10,100,Portuguese:40|English:50|spanish:10,100,Portuguese:75|English:20|spanish:5,100,17,4,Bachelor's,10,10,10,6,7,9,4,20,7,17,Duolingo,150,,,,,22,25,C1,intermediate|advanced,intermediate|advanced,cambridge_22_25_intermediate_advanced,4,20,random,,121.26666259765625,668.13330078125,145.26666259765625,748.3666381835938,1,2,,,,,,,,,,,,2026-08-09T15:58:12.658Z,C99S394L,2026-08-09,2026-08-09,12:58:12,2026-08-09 12:58:12,,,,,,,,69eb8f1f108d9b87368ef89d,69eb8f1f108d9b87368ef89d,,,,
1755,raw_position_sample,2,3,adv,20,2,17,18,2, technical ,719,120,1512143,69eb8f1f108d9b87368ef89d,69eb8f1f108d9b87368ef89d,advanced,2,69eb8f1f108d9b87368ef89d,69eb8f1f108d9b87368ef89d,spotlight_PROLIFIC,,42,brazil,Portuguese,"portuguese, english, spanish ",spanish,Portuguese:50|English:40|spanish:10,100,Portuguese:40|English:50|spanish:10,100,Portuguese:75|English:20|spanish:5,100,17,4,Bachelor's,10,10,10,6,7,9,4,20,7,17,Duolingo,150,,,,,22,25,C1,intermediate|advanced,intermediate|advanced,cambridge_22_25_intermediate_advanced,4,20,random,,121.26666259765625,668.13330078125,145.26666259765625,748.3666381835938,1,2,,,,,,,,,,,,2026-08-09T15:58:12.658Z,C99S394L,2026-08-09,2026-08-09,12:58:12,2026-08-09 12:58:12,,,,,,,,69eb8f1f108d9b87368ef89d,69eb8f1f108d9b87368ef89d,,,,
1805,raw_position_sample,2,3,adv,20,2,17,18,2, technical ,731,124,1512193,69eb8f1f108d9b87368ef89d,69eb8f1f108d9b87368ef89d,advanced,2,69eb8f1f108d9b87368ef89d,69eb8f1f108d9b87368ef89d,spotlight_PROLIFIC,,42,brazil,Portuguese,"portuguese, english, spanish ",spanish,Portuguese:50|English:40|spanish:10,100,Portuguese:40|English:50|spanish:10,100,Portuguese:75|English:20|spanish:5,100,17,4,Bachelor's,10,10,10,6,7,9,4,20,7,17,Duolingo,150,,,,,22,25,C1,intermediate|advanced,intermediate|advanced,cambridge_22_25_intermediate_advanced,4,20,random,,121.26666259765625,668.13330078125,145.26666259765625,748.3666381835938,1,2,,,,,,,,,,,,2026-08-09T15:58:12.658Z,C99S394L,2026-08-09,2026-08-09,12:58:12,2026-08-09 12:58:12,,,,,,,,69eb8f1f108d9b87368ef89d,69eb8f1f108d9b87368ef89d,,,,
1834,hover_association,2,3,adv,20,2,17,18,2, technical ,672,127,,69eb8f1f108d9b87368ef89d,69eb8f1f108d9b87368ef89d,advanced,2,69eb8f1f108d9b87368ef89d,69eb8f1f108d9b87368ef89d,spotlight_PROLIFIC,,42,brazil,Portuguese,"portuguese, english, spanish ",spanish,Portuguese:50|English:40|spanish:10,100,Portuguese:40|English:50|spanish:10,100,Portuguese:75|English:20|spanish:5,100,17,4,Bachelor's,10,10,10,6,7,9,4,20,7,17,Duolingo,150,,,,,22,25,C1,intermediate|advanced,intermediate|advanced,cambridge_22_25_intermediate_advanced,4,20,random,,113.26666259765625,668.1333312988281,153.26666259765625,748.3666687011719,1,2,hover,433,433,0.9331117354091878,0.36833343505859373,154,,,,,,2026-08-09T15:58:12.658Z,C99S394L,2026-08-09,2026-08-09,12:58:12,2026-08-09 12:58:12,,,,,,,,69eb8f1f108d9b87368ef89d,69eb8f1f108d9b87368ef89d,,,,
1856,raw_position_sample,2,3,adv,20,2,17,18,3, brilliance ,772,132,1512244,69eb8f1f108d9b87368ef89d,69eb8f1f108d9b87368ef89d,advanced,2,69eb8f1f108d9b87368ef89d,69eb8f1f108d9b87368ef89d,spotlight_PROLIFIC,,42,brazil,Portuguese,"portuguese, english, spanish ",spanish,Portuguese:50|English:40|spanish:10,100,Portuguese:40|English:50|spanish:10,100,Portuguese:75|English:20|spanish:5,100,17,4,Bachelor's,10,10,10,6,7,9,4,20,7,17,Duolingo,150,,,,,22,25,C1,intermediate|advanced,intermediate|advanced,cambridge_22_25_intermediate_advanced,4,20,random,,121.26666259765625,748.36669921875,145.26666259765625,830.1500244140625,1,3,,,,,,,,,,,,2026-08-09T15:58:12.658Z,C99S394L,2026-08-09,2026-08-09,12:58:12,2026-08-09 12:58:12,,,,,,,,69eb8f1f108d9b87368ef89d,69eb8f1f108d9b87368ef89d,,,,
1906,raw_position_sample,2,3,adv,20,2,17,18,3, brilliance ,822,132,1512294,69eb8f1f108d9b87368ef89d,69eb8f1f108d9b87368ef89d,advanced,2,69eb8f1f108d9b87368ef89d,69eb8f1f108d9b87368ef89d,spotlight_PROLIFIC,,42,brazil,Portuguese,"portuguese, english, spanish ",spanish,Portuguese:50|English:40|spanish:10,100,Portuguese:40|English:50|spanish:10,100,Portuguese:75|English:20|spanish:5,100,17,4,Bachelor's,10,10,10,6,7,9,4,20,7,17,Duolingo,150,,,,,22,25,C1,intermediate|advanced,intermediate|advanced,cambridge_22_25_intermediate_advanced,4,20,random,,121.26666259765625,748.36669921875,145.26666259765625,830.1500244140625,1,3,,,,,,,,,,,,2026-08-09T15:58:12.658Z,C99S394L,2026-08-09,2026-08-09,12:58:12,2026-08-09 12:58:12,,,,,,,,69eb8f1f108d9b87368ef89d,69eb8f1f108d9b87368ef89d,,,,
1918,hover_association,2,3,adv,20,2,17,18,3, brilliance ,757,131,,69eb8f1f108d9b87368ef89d,69eb8f1f108d9b87368ef89d,advanced,2,69eb8f1f108d9b87368ef89d,69eb8f1f108d9b87368ef89d,spotlight_PROLIFIC,,42,brazil,Portuguese,"portuguese, english, spanish ",spanish,Portuguese:50|English:40|spanish:10,100,Portuguese:40|English:50|spanish:10,100,Portuguese:75|English:20|spanish:5,100,17,4,Bachelor's,10,10,10,6,7,9,4,20,7,17,Duolingo,150,,,,,22,25,C1,intermediate|advanced,intermediate|advanced,cambridge_22_25_intermediate_advanced,4,20,random,,113.26666259765625,748.3666687011719,153.26666259765625,830.1500244140625,1,3,hover,84,84,0.9003461726041904,0.46833343505859376,154,,,,,,2026-08-09T15:58:12.658Z,C99S394L,2026-08-09,2026-08-09,12:58:12,2026-08-09 12:58:12,,,,,,,,69eb8f1f108d9b87368ef89d,69eb8f1f108d9b87368ef89d,,,,
1934,hover_association,2,3,adv,20,2,17,18,4, is ,841,130,,69eb8f1f108d9b87368ef89d,69eb8f1f108d9b87368ef89d,advanced,2,69eb8f1f108d9b87368ef89d,69eb8f1f108d9b87368ef89d,spotlight_PROLIFIC,,42,brazil,Portuguese,"portuguese, english, spanish ",spanish,Portuguese:50|English:40|spanish:10,100,Portuguese:40|English:50|spanish:10,100,Portuguese:75|English:20|spanish:5,100,17,4,Bachelor's,10,10,10,6,7,9,4,20,7,17,Duolingo,150,,,,,22,25,C1,intermediate|advanced,intermediate|advanced,cambridge_22_25_intermediate_advanced,4,20,random,,113.26666259765625,830.1500244140625,153.26666259765625,848.1000061035156,1,4,hover,16,16,0.6044560809949251,0.41833343505859377,154,,,,,,2026-08-09T15:58:12.658Z,C99S394L,2026-08-09,2026-08-09,12:58:12,2026-08-09 12:58:12,,,,,,,,69eb8f1f108d9b87368ef89d,69eb8f1f108d9b87368ef89d,,,,
1956,raw_position_sample,2,3,adv,20,2,17,18,5, so ,865,124,1512344,69eb8f1f108d9b87368ef89d,69eb8f1f108d9b87368ef89d,advanced,2,69eb8f1f108d9b87368ef89d,69eb8f1f108d9b87368ef89d,spotlight_PROLIFIC,,42,brazil,Portuguese,"portuguese, english, spanish ",spanish,Portuguese:50|English:40|spanish:10,100,Portuguese:40|English:50|spanish:10,100,Portuguese:75|English:20|spanish:5,100,17,4,Bachelor's,10,10,10,6,7,9,4,20,7,17,Duolingo,150,,,,,22,25,C1,intermediate|advanced,intermediate|advanced,cambridge_22_25_intermediate_advanced,4,20,random,,121.26666259765625,848.0999755859375,145.26666259765625,872.2833099365234,1,5,,,,,,,,,,,,2026-08-09T15:58:12.658Z,C99S394L,2026-08-09,2026-08-09,12:58:12,2026-08-09 12:58:12,,,,,,,,69eb8f1f108d9b87368ef89d,69eb8f1f108d9b87368ef89d,,,,
2006,raw_position_sample,2,3,adv,20,2,17,18,5, so ,868,123,1512394,69eb8f1f108d9b87368ef89d,69eb8f1f108d9b87368ef89d,advanced,2,69eb8f1f108d9b87368ef89d,69eb8f1f108d9b87368ef89d,spotlight_PROLIFIC,,42,brazil,Portuguese,"portuguese, english, spanish ",spanish,Portuguese:50|English:40|spanish:10,100,Portuguese:40|English:50|spanish:10,100,Portuguese:75|English:20|spanish:5,100,17,4,Bachelor's,10,10,10,6,7,9,4,20,7,17,Duolingo,150,,,,,22,25,C1,intermediate|advanced,intermediate|advanced,cambridge_22_25_intermediate_advanced,4,20,random,,121.26666259765625,848.0999755859375,145.26666259765625,872.2833099365234,1,5,,,,,,,,,,,,2026-08-09T15:58:12.658Z,C99S394L,2026-08-09,2026-08-09,12:58:12,2026-08-09 12:58:12,,,,,,,,69eb8f1f108d9b87368ef89d,69eb8f1f108d9b87368ef89d,,,,
2057,raw_position_sample,2,3,adv,20,2,17,18,5, so ,868,123,1512445,69eb8f1f108d9b87368ef89d,69eb8f1f108d9b87368ef89d,advanced,2,69eb8f1f108d9b87368ef89d,69eb8f1f108d9b87368ef89d,spotlight_PROLIFIC,,42,brazil,Portuguese,"portuguese, english, spanish ",spanish,Portuguese:50|English:40|spanish:10,100,Portuguese:40|English:50|spanish:10,100,Portuguese:75|English:20|spanish:5,100,17,4,Bachelor's,10,10,10,6,7,9,4,20,7,17,Duolingo,150,,,,,22,25,C1,intermediate|advanced,intermediate|advanced,cambridge_22_25_intermediate_advanced,4,20,random,,121.26666259765625,848.0999755859375,145.26666259765625,872.2833099365234,1,5,,,,,,,,,,,,2026-08-09T15:58:12.658Z,C99S394L,2026-08-09,2026-08-09,12:58:12,2026-08-09 12:58:12,,,,,,,,69eb8f1f108d9b87368ef89d,69eb8f1f108d9b87368ef89d,,,,
2107,raw_position_sample,2,3,adv,20,2,17,18,5, so ,868,123,1512495,69eb8f1f108d9b87368ef89d,69eb8f1f108d9b87368ef89d,advanced,2,69eb8f1f108d9b87368ef89d,69eb8f1f108d9b87368ef89d,spotlight_PROLIFIC,,42,brazil,Portuguese,"portuguese, english, spanish ",spanish,Portuguese:50|English:40|spanish:10,100,Portuguese:40|English:50|spanish:10,100,Portuguese:75|English:20|spanish:5,100,17,4,Bachelor's,10,10,10,6,7,9,4,20,7,17,Duolingo,150,,,,,22,25,C1,intermediate|advanced,intermediate|advanced,cambridge_22_25_intermediate_advanced,4,20,random,,121.26666259765625,848.0999755859375,145.26666259765625,872.2833099365234,1,5,,,,,,,,,,,,2026-08-09T15:58:12.658Z,C99S394L,2026-08-09,2026-08-09,12:58:12,2026-08-09 12:58:12,,,,,,,,69eb8f1f108d9b87368ef89d,69eb8f1f108d9b87368ef89d,,,,
2158,raw_position_sample,2,3,adv,20,2,17,18,5, so ,869,123,1512546,69eb8f1f108d9b87368ef89d,69eb8f1f108d9b87368ef89d,advanced,2,69eb8f1f108d9b87368ef89d,69eb8f1f108d9b87368ef89d,spotlight_PROLIFIC,,42,brazil,Portuguese,"portuguese, english, spanish ",spanish,Portuguese:50|English:40|spanish:10,100,Portuguese:40|English:50|spanish:10,100,Portuguese:75|English:20|spanish:5,100,17,4,Bachelor's,10,10,10,6,7,9,4,20,7,17,Duolingo,150,,,,,22,25,C1,intermediate|advanced,intermediate|advanced,cambridge_22_25_intermediate_advanced,4,20,random,,121.26666259765625,848.0999755859375,145.26666259765625,872.2833099365234,1,5,,,,,,,,,,,,2026-08-09T15:58:12.658Z,C99S394L,2026-08-09,2026-08-09,12:58:12,2026-08-09 12:58:12,,,,,,,,69eb8f1f108d9b87368ef89d,69eb8f1f108d9b87368ef89d,,,,
2208,raw_position_sample,2,3,adv,20,2,17,18,5, so ,869,123,1512595,69eb8f1f108d9b87368ef89d,69eb8f1f108d9b87368ef89d,advanced,2,69eb8f1f108d9b87368ef89d,69eb8f1f108d9b87368ef89d,spotlight_PROLIFIC,,42,brazil,Portuguese,"portuguese, english, spanish ",spanish,Portuguese:50|English:40|spanish:10,100,Portuguese:40|English:50|spanish:10,100,Portuguese:75|English:20|spanish:5,100,17,4,Bachelor's,10,10,10,6,7,9,4,20,7,17,Duolingo,150,,,,,22,25,C1,intermediate|advanced,intermediate|advanced,cambridge_22_25_intermediate_advanced,4,20,random,,121.26666259765625,848.0999755859375,145.26666259765625,872.2833099365234,1,5,,,,,,,,,,,,2026-08-09T15:58:12.658Z,C99S394L,2026-08-09,2026-08-09,12:58:12,2026-08-09 12:58:12,,,,,,,,69eb8f1f108d9b87368ef89d,69eb8f1f108d9b87368ef89d,,,,
2258,raw_position_sample,2,3,adv,20,2,17,18,5, so ,869,123,1512646,69eb8f1f108d9b87368ef89d,69eb8f1f108d9b87368ef89d,advanced,2,69eb8f1f108d9b87368ef89d,69eb8f1f108d9b87368ef89d,spotlight_PROLIFIC,,42,brazil,Portuguese,"portuguese, english, spanish ",spanish,Portuguese:50|English:40|spanish:10,100,Portuguese:40|English:50|spanish:10,100,Portuguese:75|English:20|spanish:5,100,17,4,Bachelor's,10,10,10,6,7,9,4,20,7,17,Duolingo,150,,,,,22,25,C1,intermediate|advanced,intermediate|advanced,cambridge_22_25_intermediate_advanced,4,20,random,,121.26666259765625,848.0999755859375,145.26666259765625,872.2833099365234,1,5,,,,,,,,,,,,2026-08-09T15:58:12.658Z,C99S394L,2026-08-09,2026-08-09,12:58:12,2026-08-09 12:58:12,,,,,,,,69eb8f1f108d9b87368ef89d,69eb8f1f108d9b87368ef89d,,,,
2308,raw_position_sample,2,3,adv,20,2,17,18,5, so ,870,123,1512697,69eb8f1f108d9b87368ef89d,69eb8f1f108d9b87368ef89d,advanced,2,69eb8f1f108d9b87368ef89d,69eb8f1f108d9b87368ef89d,spotlight_PROLIFIC,,42,brazil,Portuguese,"portuguese, english, spanish ",spanish,Portuguese:50|English:40|spanish:10,100,Portuguese:40|English:50|spanish:10,100,Portuguese:75|English:20|spanish:5,100,17,4,Bachelor's,10,10,10,6,7,9,4,20,7,17,Duolingo,150,,,,,22,25,C1,intermediate|advanced,intermediate|advanced,cambridge_22_25_intermediate_advanced,4,20,random,,121.26666259765625,848.0999755859375,145.26666259765625,872.2833099365234,1,5,,,,,,,,,,,,2026-08-09T15:58:12.658Z,C99S394L,2026-08-09,2026-08-09,12:58:12,2026-08-09 12:58:12,,,,,,,,69eb8f1f108d9b87368ef89d,69eb8f1f108d9b87368ef89d,,,,
2358,raw_position_sample,2,3,adv,20,2,17,18,5, so ,872,126,1512746,69eb8f1f108d9b87368ef89d,69eb8f1f108d9b87368ef89d,advanced,2,69eb8f1f108d9b87368ef89d,69eb8f1f108d9b87368ef89d,spotlight_PROLIFIC,,42,brazil,Portuguese,"portuguese, english, spanish ",spanish,Portuguese:50|English:40|spanish:10,100,Portuguese:40|English:50|spanish:10,100,Portuguese:75|English:20|spanish:5,100,17,4,Bachelor's,10,10,10,6,7,9,4,20,7,17,Duolingo,150,,,,,22,25,C1,intermediate|advanced,intermediate|advanced,cambridge_22_25_intermediate_advanced,4,20,random,,121.26666259765625,848.0999755859375,145.26666259765625,872.2833099365234,1,5,,,,,,,,,,,,2026-08-09T15:58:12.658Z,C99S394L,2026-08-09,2026-08-09,12:58:12,2026-08-09 12:58:12,,,,,,,,69eb8f1f108d9b87368ef89d,69eb8f1f108d9b87368ef89d,,,,
2368,hover_association,2,3,adv,20,2,17,18,5, so ,856,126,,69eb8f1f108d9b87368ef89d,69eb8f1f108d9b87368ef89d,advanced,2,69eb8f1f108d9b87368ef89d,69eb8f1f108d9b87368ef89d,spotlight_PROLIFIC,,42,brazil,Portuguese,"portuguese, english, spanish ",spanish,Portuguese:50|English:40|spanish:10,100,Portuguese:40|English:50|spanish:10,100,Portuguese:75|English:20|spanish:5,100,17,4,Bachelor's,10,10,10,6,7,9,4,20,7,17,Duolingo,150,,,,,22,25,C1,intermediate|advanced,intermediate|advanced,cambridge_22_25_intermediate_advanced,4,20,random,,113.26666259765625,848.1000061035156,153.26666259765625,872.283317565918,1,5,hover,433,433,0.9882845835088201,0.31833343505859374,154,,,,,,2026-08-09T15:58:12.658Z,C99S394L,2026-08-09,2026-08-09,12:58:12,2026-08-09 12:58:12,,,,,,,,69eb8f1f108d9b87368ef89d,69eb8f1f108d9b87368ef89d,,,,
2409,raw_position_sample,2,3,adv,20,2,17,18,6, dazzling ,885,121,1512797,69eb8f1f108d9b87368ef89d,69eb8f1f108d9b87368ef89d,advanced,2,69eb8f1f108d9b87368ef89d,69eb8f1f108d9b87368ef89d,spotlight_PROLIFIC,,42,brazil,Portuguese,"portuguese, english, spanish ",spanish,Portuguese:50|English:40|spanish:10,100,Portuguese:40|English:50|spanish:10,100,Portuguese:75|English:20|spanish:5,100,17,4,Bachelor's,10,10,10,6,7,9,4,20,7,17,Duolingo,150,,,,,22,25,C1,intermediate|advanced,intermediate|advanced,cambridge_22_25_intermediate_advanced,4,20,random,,121.26666259765625,872.2833251953125,145.26666259765625,946.5499877929688,1,6,,,,,,,,,,,,2026-08-09T15:58:12.658Z,C99S394L,2026-08-09,2026-08-09,12:58:12,2026-08-09 12:58:12,,,,,,,,69eb8f1f108d9b87368ef89d,69eb8f1f108d9b87368ef89d,,,,
2459,raw_position_sample,2,3,adv,20,2,17,18,6, dazzling ,885,121,1512847,69eb8f1f108d9b87368ef89d,69eb8f1f108d9b87368ef89d,advanced,2,69eb8f1f108d9b87368ef89d,69eb8f1f108d9b87368ef89d,spotlight_PROLIFIC,,42,brazil,Portuguese,"portuguese, english, spanish ",spanish,Portuguese:50|English:40|spanish:10,100,Portuguese:40|English:50|spanish:10,100,Portuguese:75|English:20|spanish:5,100,17,4,Bachelor's,10,10,10,6,7,9,4,20,7,17,Duolingo,150,,,,,22,25,C1,intermediate|advanced,intermediate|advanced,cambridge_22_25_intermediate_advanced,4,20,random,,121.26666259765625,872.2833251953125,145.26666259765625,946.5499877929688,1,6,,,,,,,,,,,,2026-08-09T15:58:12.658Z,C99S394L,2026-08-09,2026-08-09,12:58:12,2026-08-09 12:58:12,,,,,,,,69eb8f1f108d9b87368ef89d,69eb8f1f108d9b87368ef89d,,,,
2509,raw_position_sample,2,3,adv,20,2,17,18,6, dazzling ,885,121,1512898,69eb8f1f108d9b87368ef89d,69eb8f1f108d9b87368ef89d,advanced,2,69eb8f1f108d9b87368ef89d,69eb8f1f108d9b87368ef89d,spotlight_PROLIFIC,,42,brazil,Portuguese,"portuguese, english, spanish ",spanish,Portuguese:50|English:40|spanish:10,100,Portuguese:40|English:50|spanish:10,100,Portuguese:75|English:20|spanish:5,100,17,4,Bachelor's,10,10,10,6,7,9,4,20,7,17,Duolingo,150,,,,,22,25,C1,intermediate|advanced,intermediate|advanced,cambridge_22_25_intermediate_advanced,4,20,random,,121.26666259765625,872.2833251953125,145.26666259765625,946.5499877929688,1,6,,,,,,,,,,,,2026-08-09T15:58:12.658Z,C99S394L,2026-08-09,2026-08-09,12:58:12,2026-08-09 12:58:12,,,,,,,,69eb8f1f108d9b87368ef89d,69eb8f1f108d9b87368ef89d,,,,
2559,raw_position_sample,2,3,adv,20,2,17,18,6, dazzling ,885,121,1512948,69eb8f1f108d9b87368ef89d,69eb8f1f108d9b87368ef89d,advanced,2,69eb8f1f108d9b87368ef89d,69eb8f1f108d9b87368ef89d,spotlight_PROLIFIC,,42,brazil,Portuguese,"portuguese, english, spanish ",spanish,Portuguese:50|English:40|spanish:10,100,Portuguese:40|English:50|spanish:10,100,Portuguese:75|English:20|spanish:5,100,17,4,Bachelor's,10,10,10,6,7,9,4,20,7,17,Duolingo,150,,,,,22,25,C1,intermediate|advanced,intermediate|advanced,cambridge_22_25_intermediate_advanced,4,20,random,,121.26666259765625,872.2833251953125,145.26666259765625,946.5499877929688,1,6,,,,,,,,,,,,2026-08-09T15:58:12.658Z,C99S394L,2026-08-09,2026-08-09,12:58:12,2026-08-09 12:58:12,,,,,,,,69eb8f1f108d9b87368ef89d,69eb8f1f108d9b87368ef89d,,,,
2610,raw_position_sample,2,3,adv,20,2,17,18,6, dazzling ,885,121,1512998,69eb8f1f108d9b87368ef89d,69eb8f1f108d9b87368ef89d,advanced,2,69eb8f1f108d9b87368ef89d,69eb8f1f108d9b87368ef89d,spotlight_PROLIFIC,,42,brazil,Portuguese,"portuguese, english, spanish ",spanish,Portuguese:50|English:40|spanish:10,100,Portuguese:40|English:50|spanish:10,100,Portuguese:75|English:20|spanish:5,100,17,4,Bachelor's,10,10,10,6,7,9,4,20,7,17,Duolingo,150,,,,,22,25,C1,intermediate|advanced,intermediate|advanced,cambridge_22_25_intermediate_advanced,4,20,random,,121.26666259765625,872.2833251953125,145.26666259765625,946.5499877929688,1,6,,,,,,,,,,,,2026-08-09T15:58:12.658Z,C99S394L,2026-08-09,2026-08-09,12:58:12,2026-08-09 12:58:12,,,,,,,,69eb8f1f108d9b87368ef89d,69eb8f1f108d9b87368ef89d,,,,
2660,raw_position_sample,2,3,adv,20,2,17,18,6, dazzling ,893,120,1513048,69eb8f1f108d9b87368ef89d,69eb8f1f108d9b87368ef89d,advanced,2,69eb8f1f108d9b87368ef89d,69eb8f1f108d9b87368ef89d,spotlight_PROLIFIC,,42,brazil,Portuguese,"portuguese, english, spanish ",spanish,Portuguese:50|English:40|spanish:10,100,Portuguese:40|English:50|spanish:10,100,Portuguese:75|English:20|spanish:5,100,17,4,Bachelor's,10,10,10,6,7,9,4,20,7,17,Duolingo,150,,,,,22,25,C1,intermediate|advanced,intermediate|advanced,cambridge_22_25_intermediate_advanced,4,20,random,,121.26666259765625,872.2833251953125,145.26666259765625,946.5499877929688,1,6,,,,,,,,,,,,2026-08-09T15:58:12.658Z,C99S394L,2026-08-09,2026-08-09,12:58:12,2026-08-09 12:58:12,,,,,,,,69eb8f1f108d9b87368ef89d,69eb8f1f108d9b87368ef89d,,,,
2709,raw_position_sample,2,3,adv,20,2,17,18,6, dazzling ,892,115,1513098,69eb8f1f108d9b87368ef89d,69eb8f1f108d9b87368ef89d,advanced,2,69eb8f1f108d9b87368ef89d,69eb8f1f108d9b87368ef89d,spotlight_PROLIFIC,,42,brazil,Portuguese,"portuguese, english, spanish ",spanish,Portuguese:50|English:40|spanish:10,100,Portuguese:40|English:50|spanish:10,100,Portuguese:75|English:20|spanish:5,100,17,4,Bachelor's,10,10,10,6,7,9,4,20,7,17,Duolingo,150,,,,,22,25,C1,intermediate|advanced,intermediate|advanced,cambridge_22_25_intermediate_advanced,4,20,random,,121.26666259765625,872.2833251953125,145.26666259765625,946.5499877929688,1,6,,,,,,,,,,,,2026-08-09T15:58:12.658Z,C99S394L,2026-08-09,2026-08-09,12:58:12,2026-08-09 12:58:12,,,,,,,,69eb8f1f108d9b87368ef89d,69eb8f1f108d9b87368ef89d,,,,
2760,raw_position_sample,2,3,adv,20,2,17,18,6, dazzling ,898,116,1513148,69eb8f1f108d9b87368ef89d,69eb8f1f108d9b87368ef89d,advanced,2,69eb8f1f108d9b87368ef89d,69eb8f1f108d9b87368ef89d,spotlight_PROLIFIC,,42,brazil,Portuguese,"portuguese, english, spanish ",spanish,Portuguese:50|English:40|spanish:10,100,Portuguese:40|English:50|spanish:10,100,Portuguese:75|English:20|spanish:5,100,17,4,Bachelor's,10,10,10,6,7,9,4,20,7,17,Duolingo,150,,,,,22,25,C1,intermediate|advanced,intermediate|advanced,cambridge_22_25_intermediate_advanced,4,20,random,,121.26666259765625,872.2833251953125,145.26666259765625,946.5499877929688,1,6,,,,,,,,,,,,2026-08-09T15:58:12.658Z,C99S394L,2026-08-09,2026-08-09,12:58:12,2026-08-09 12:58:12,,,,,,,,69eb8f1f108d9b87368ef89d,69eb8f1f108d9b87368ef89d,,,,
2811,raw_position_sample,2,3,adv,20,2,17,18,6, dazzling ,901,116,1513199,69eb8f1f108d9b87368ef89d,69eb8f1f108d9b87368ef89d,advanced,2,69eb8f1f108d9b87368ef89d,69eb8f1f108d9b87368ef89d,spotlight_PROLIFIC,,42,brazil,Portuguese,"portuguese, english, spanish ",spanish,Portuguese:50|English:40|spanish:10,100,Portuguese:40|English:50|spanish:10,100,Portuguese:75|English:20|spanish:5,100,17,4,Bachelor's,10,10,10,6,7,9,4,20,7,17,Duolingo,150,,,,,22,25,C1,intermediate|advanced,intermediate|advanced,cambridge_22_25_intermediate_advanced,4,20,random,,121.26666259765625,872.2833251953125,145.26666259765625,946.5499877929688,1,6,,,,,,,,,,,,2026-08-09T15:58:12.658Z,C99S394L,2026-08-09,2026-08-09,12:58:12,2026-08-09 12:58:12,,,,,,,,69eb8f1f108d9b87368ef89d,69eb8f1f108d9b87368ef89d,,,,
2861,raw_position_sample,2,3,adv,20,2,17,18,6, dazzling ,905,117,1513249,69eb8f1f108d9b87368ef89d,69eb8f1f108d9b87368ef89d,advanced,2,69eb8f1f108d9b87368ef89d,69eb8f1f108d9b87368ef89d,spotlight_PROLIFIC,,42,brazil,Portuguese,"portuguese, english, spanish ",spanish,Portuguese:50|English:40|spanish:10,100,Portuguese:40|English:50|spanish:10,100,Portuguese:75|English:20|spanish:5,100,17,4,Bachelor's,10,10,10,6,7,9,4,20,7,17,Duolingo,150,,,,,22,25,C1,intermediate|advanced,intermediate|advanced,cambridge_22_25_intermediate_advanced,4,20,random,,121.26666259765625,872.2833251953125,145.26666259765625,946.5499877929688,1,6,,,,,,,,,,,,2026-08-09T15:58:12.658Z,C99S394L,2026-08-09,2026-08-09,12:58:12,2026-08-09 12:58:12,,,,,,,,69eb8f1f108d9b87368ef89d,69eb8f1f108d9b87368ef89d,,,,
2911,raw_position_sample,2,3,adv,20,2,17,18,6, dazzling ,905,117,1513299,69eb8f1f108d9b87368ef89d,69eb8f1f108d9b87368ef89d,advanced,2,69eb8f1f108d9b87368ef89d,69eb8f1f108d9b87368ef89d,spotlight_PROLIFIC,,42,brazil,Portuguese,"portuguese, english, spanish ",spanish,Portuguese:50|English:40|spanish:10,100,Portuguese:40|English:50|spanish:10,100,Portuguese:75|English:20|spanish:5,100,17,4,Bachelor's,10,10,10,6,7,9,4,20,7,17,Duolingo,150,,,,,22,25,C1,intermediate|advanced,intermediate|advanced,cambridge_22_25_intermediate_advanced,4,20,random,,121.26666259765625,872.2833251953125,145.26666259765625,946.5499877929688,1,6,,,,,,,,,,,,2026-08-09T15:58:12.658Z,C99S394L,2026-08-09,2026-08-09,12:58:12,2026-08-09 12:58:12,,,,,,,,69eb8f1f108d9b87368ef89d,69eb8f1f108d9b87368ef89d,,,,
2962,raw_position_sample,2,3,adv,20,2,17,18,6, dazzling ,907,118,1513349,69eb8f1f108d9b87368ef89d,69eb8f1f108d9b87368ef89d,advanced,2,69eb8f1f108d9b87368ef89d,69eb8f1f108d9b87368ef89d,spotlight_PROLIFIC,,42,brazil,Portuguese,"portuguese, english, spanish ",spanish,Portuguese:50|English:40|spanish:10,100,Portuguese:40|English:50|spanish:10,100,Portuguese:75|English:20|spanish:5,100,17,4,Bachelor's,10,10,10,6,7,9,4,20,7,17,Duolingo,150,,,,,22,25,C1,intermediate|advanced,intermediate|advanced,cambridge_22_25_intermediate_advanced,4,20,random,,121.26666259765625,872.2833251953125,145.26666259765625,946.5499877929688,1,6,,,,,,,,,,,,2026-08-09T15:58:12.658Z,C99S394L,2026-08-09,2026-08-09,12:58:12,2026-08-09 12:58:12,,,,,,,,69eb8f1f108d9b87368ef89d,69eb8f1f108d9b87368ef89d,,,,
3012,raw_position_sample,2,3,adv,20,2,17,18,6, dazzling ,910,120,1513400,69eb8f1f108d9b87368ef89d,69eb8f1f108d9b87368ef89d,advanced,2,69eb8f1f108d9b87368ef89d,69eb8f1f108d9b87368ef89d,spotlight_PROLIFIC,,42,brazil,Portuguese,"portuguese, english, spanish ",spanish,Portuguese:50|English:40|spanish:10,100,Portuguese:40|English:50|spanish:10,100,Portuguese:75|English:20|spanish:5,100,17,4,Bachelor's,10,10,10,6,7,9,4,20,7,17,Duolingo,150,,,,,22,25,C1,intermediate|advanced,intermediate|advanced,cambridge_22_25_intermediate_advanced,4,20,random,,121.26666259765625,872.2833251953125,145.26666259765625,946.5499877929688,1,6,,,,,,,,,,,,2026-08-09T15:58:12.658Z,C99S394L,2026-08-09,2026-08-09,12:58:12,2026-08-09 12:58:12,,,,,,,,69eb8f1f108d9b87368ef89d,69eb8f1f108d9b87368ef89d,,,,
3062,raw_position_sample,2,3,adv,20,2,17,18,6, dazzling ,921,125,1513450,69eb8f1f108d9b87368ef89d,69eb8f1f108d9b87368ef89d,advanced,2,69eb8f1f108d9b87368ef89d,69eb8f1f108d9b87368ef89d,spotlight_PROLIFIC,,42,brazil,Portuguese,"portuguese, english, spanish ",spanish,Portuguese:50|English:40|spanish:10,100,Portuguese:40|English:50|spanish:10,100,Portuguese:75|English:20|spanish:5,100,17,4,Bachelor's,10,10,10,6,7,9,4,20,7,17,Duolingo,150,,,,,22,25,C1,intermediate|advanced,intermediate|advanced,cambridge_22_25_intermediate_advanced,4,20,random,,121.26666259765625,872.2833251953125,145.26666259765625,946.5499877929688,1,6,,,,,,,,,,,,2026-08-09T15:58:12.658Z,C99S394L,2026-08-09,2026-08-09,12:58:12,2026-08-09 12:58:12,,,,,,,,69eb8f1f108d9b87368ef89d,69eb8f1f108d9b87368ef89d,,,,
3112,raw_position_sample,2,3,adv,20,2,17,18,6, dazzling ,931,130,1513500,69eb8f1f108d9b87368ef89d,69eb8f1f108d9b87368ef89d,advanced,2,69eb8f1f108d9b87368ef89d,69eb8f1f108d9b87368ef89d,spotlight_PROLIFIC,,42,brazil,Portuguese,"portuguese, english, spanish ",spanish,Portuguese:50|English:40|spanish:10,100,Portuguese:40|English:50|spanish:10,100,Portuguese:75|English:20|spanish:5,100,17,4,Bachelor's,10,10,10,6,7,9,4,20,7,17,Duolingo,150,,,,,22,25,C1,intermediate|advanced,intermediate|advanced,cambridge_22_25_intermediate_advanced,4,20,random,,121.26666259765625,872.2833251953125,145.26666259765625,946.5499877929688,1,6,,,,,,,,,,,,2026-08-09T15:58:12.658Z,C99S394L,2026-08-09,2026-08-09,12:58:12,2026-08-09 12:58:12,,,,,,,,69eb8f1f108d9b87368ef89d,69eb8f1f108d9b87368ef89d,,,,
3163,raw_position_sample,2,3,adv,20,2,17,18,6, dazzling ,942,133,1513551,69eb8f1f108d9b87368ef89d,69eb8f1f108d9b87368ef89d,advanced,2,69eb8f1f108d9b87368ef89d,69eb8f1f108d9b87368ef89d,spotlight_PROLIFIC,,42,brazil,Portuguese,"portuguese, english, spanish ",spanish,Portuguese:50|English:40|spanish:10,100,Portuguese:40|English:50|spanish:10,100,Portuguese:75|English:20|spanish:5,100,17,4,Bachelor's,10,10,10,6,7,9,4,20,7,17,Duolingo,150,,,,,22,25,C1,intermediate|advanced,intermediate|advanced,cambridge_22_25_intermediate_advanced,4,20,random,,121.26666259765625,872.2833251953125,145.26666259765625,946.5499877929688,1,6,,,,,,,,,,,,2026-08-09T15:58:12.658Z,C99S394L,2026-08-09,2026-08-09,12:58:12,2026-08-09 12:58:12,,,,,,,,69eb8f1f108d9b87368ef89d,69eb8f1f108d9b87368ef89d,,,,
3168,hover_association,2,3,adv,20,2,17,18,6, dazzling ,873,126,,69eb8f1f108d9b87368ef89d,69eb8f1f108d9b87368ef89d,advanced,2,69eb8f1f108d9b87368ef89d,69eb8f1f108d9b87368ef89d,spotlight_PROLIFIC,,42,brazil,Portuguese,"portuguese, english, spanish ",spanish,Portuguese:50|English:40|spanish:10,100,Portuguese:40|English:50|spanish:10,100,Portuguese:75|English:20|spanish:5,100,17,4,Bachelor's,10,10,10,6,7,9,4,20,7,17,Duolingo,150,,,,,22,25,C1,intermediate|advanced,intermediate|advanced,cambridge_22_25_intermediate_advanced,4,20,random,,113.26666259765625,872.283317565918,153.26666259765625,946.5499877929688,1,6,hover,801,801,0.9387344581484754,0.49333343505859373,154,,,,,,2026-08-09T15:58:12.658Z,C99S394L,2026-08-09,2026-08-09,12:58:12,2026-08-09 12:58:12,,,,,,,,69eb8f1f108d9b87368ef89d,69eb8f1f108d9b87368ef89d,,,,
3213,raw_position_sample,2,3,adv,20,2,17,18,7, that ,969,139,1513601,69eb8f1f108d9b87368ef89d,69eb8f1f108d9b87368ef89d,advanced,2,69eb8f1f108d9b87368ef89d,69eb8f1f108d9b87368ef89d,spotlight_PROLIFIC,,42,brazil,Portuguese,"portuguese, english, spanish ",spanish,Portuguese:50|English:40|spanish:10,100,Portuguese:40|English:50|spanish:10,100,Portuguese:75|English:20|spanish:5,100,17,4,Bachelor's,10,10,10,6,7,9,4,20,7,17,Duolingo,150,,,,,22,25,C1,intermediate|advanced,intermediate|advanced,cambridge_22_25_intermediate_advanced,4,20,random,,121.26666259765625,946.5499877929688,145.26666259765625,985.4499816894531,1,7,,,,,,,,,,,,2026-08-09T15:58:12.658Z,C99S394L,2026-08-09,2026-08-09,12:58:12,2026-08-09 12:58:12,,,,,,,,69eb8f1f108d9b87368ef89d,69eb8f1f108d9b87368ef89d,,,,
3234,hover_association,2,3,adv,20,2,17,18,7, that ,951,135,,69eb8f1f108d9b87368ef89d,69eb8f1f108d9b87368ef89d,advanced,2,69eb8f1f108d9b87368ef89d,69eb8f1f108d9b87368ef89d,spotlight_PROLIFIC,,42,brazil,Portuguese,"portuguese, english, spanish ",spanish,Portuguese:50|English:40|spanish:10,100,Portuguese:40|English:50|spanish:10,100,Portuguese:75|English:20|spanish:5,100,17,4,Bachelor's,10,10,10,6,7,9,4,20,7,17,Duolingo,150,,,,,22,25,C1,intermediate|advanced,intermediate|advanced,cambridge_22_25_intermediate_advanced,4,20,random,,113.26666259765625,946.5499877929688,153.26666259765625,985.4499969482422,1,7,hover,66,66,0.7827764791901939,0.6683334350585938,154,,,,,,2026-08-09T15:58:12.658Z,C99S394L,2026-08-09,2026-08-09,12:58:12,2026-08-09 12:58:12,,,,,,,,69eb8f1f108d9b87368ef89d,69eb8f1f108d9b87368ef89d,,,,
3263,raw_position_sample,2,3,adv,20,2,17,18,8, people ,990,142,1513651,69eb8f1f108d9b87368ef89d,69eb8f1f108d9b87368ef89d,advanced,2,69eb8f1f108d9b87368ef89d,69eb8f1f108d9b87368ef89d,spotlight_PROLIFIC,,42,brazil,Portuguese,"portuguese, english, spanish ",spanish,Portuguese:50|English:40|spanish:10,100,Portuguese:40|English:50|spanish:10,100,Portuguese:75|English:20|spanish:5,100,17,4,Bachelor's,10,10,10,6,7,9,4,20,7,17,Duolingo,150,,,,,22,25,C1,intermediate|advanced,intermediate|advanced,cambridge_22_25_intermediate_advanced,4,20,random,,121.26666259765625,985.4500122070312,145.26666259765625,1048.1000213623047,1,8,,,,,,,,,,,,2026-08-09T15:58:12.658Z,C99S394L,2026-08-09,2026-08-09,12:58:12,2026-08-09 12:58:12,,,,,,,,69eb8f1f108d9b87368ef89d,69eb8f1f108d9b87368ef89d,,,,
3313,raw_position_sample,2,3,adv,20,2,17,18,8, people ,996,142,1513702,69eb8f1f108d9b87368ef89d,69eb8f1f108d9b87368ef89d,advanced,2,69eb8f1f108d9b87368ef89d,69eb8f1f108d9b87368ef89d,spotlight_PROLIFIC,,42,brazil,Portuguese,"portuguese, english, spanish ",spanish,Portuguese:50|English:40|spanish:10,100,Portuguese:40|English:50|spanish:10,100,Portuguese:75|English:20|spanish:5,100,17,4,Bachelor's,10,10,10,6,7,9,4,20,7,17,Duolingo,150,,,,,22,25,C1,intermediate|advanced,intermediate|advanced,cambridge_22_25_intermediate_advanced,4,20,random,,121.26666259765625,985.4500122070312,145.26666259765625,1048.1000213623047,1,8,,,,,,,,,,,,2026-08-09T15:58:12.658Z,C99S394L,2026-08-09,2026-08-09,12:58:12,2026-08-09 12:58:12,,,,,,,,69eb8f1f108d9b87368ef89d,69eb8f1f108d9b87368ef89d,,,,
3363,raw_position_sample,2,3,adv,20,2,17,18,8, people ,1004,142,1513752,69eb8f1f108d9b87368ef89d,69eb8f1f108d9b87368ef89d,advanced,2,69eb8f1f108d9b87368ef89d,69eb8f1f108d9b87368ef89d,spotlight_PROLIFIC,,42,brazil,Portuguese,"portuguese, english, spanish ",spanish,Portuguese:50|English:40|spanish:10,100,Portuguese:40|English:50|spanish:10,100,Portuguese:75|English:20|spanish:5,100,17,4,Bachelor's,10,10,10,6,7,9,4,20,7,17,Duolingo,150,,,,,22,25,C1,intermediate|advanced,intermediate|advanced,cambridge_22_25_intermediate_advanced,4,20,random,,121.26666259765625,985.4500122070312,145.26666259765625,1048.1000213623047,1,8,,,,,,,,,,,,2026-08-09T15:58:12.658Z,C99S394L,2026-08-09,2026-08-09,12:58:12,2026-08-09 12:58:12,,,,,,,,69eb8f1f108d9b87368ef89d,69eb8f1f108d9b87368ef89d,,,,
3415,raw_position_sample,2,3,adv,20,2,17,18,8, people ,1029,142,1513803,69eb8f1f108d9b87368ef89d,69eb8f1f108d9b87368ef89d,advanced,2,69eb8f1f108d9b87368ef89d,69eb8f1f108d9b87368ef89d,spotlight_PROLIFIC,,42,brazil,Portuguese,"portuguese, english, spanish ",spanish,Portuguese:50|English:40|spanish:10,100,Portuguese:40|English:50|spanish:10,100,Portuguese:75|English:20|spanish:5,100,17,4,Bachelor's,10,10,10,6,7,9,4,20,7,17,Duolingo,150,,,,,22,25,C1,intermediate|advanced,intermediate|advanced,cambridge_22_25_intermediate_advanced,4,20,random,,121.26666259765625,985.4500122070312,145.26666259765625,1048.1000213623047,1,8,,,,,,,,,,,,2026-08-09T15:58:12.658Z,C99S394L,2026-08-09,2026-08-09,12:58:12,2026-08-09 12:58:12,,,,,,,,69eb8f1f108d9b87368ef89d,69eb8f1f108d9b87368ef89d,,,,
3434,hover_association,2,3,adv,20,2,17,18,8, people ,986,142,,69eb8f1f108d9b87368ef89d,69eb8f1f108d9b87368ef89d,advanced,2,69eb8f1f108d9b87368ef89d,69eb8f1f108d9b87368ef89d,spotlight_PROLIFIC,,42,brazil,Portuguese,"portuguese, english, spanish ",spanish,Portuguese:50|English:40|spanish:10,100,Portuguese:40|English:50|spanish:10,100,Portuguese:75|English:20|spanish:5,100,17,4,Bachelor's,10,10,10,6,7,9,4,20,7,17,Duolingo,150,,,,,22,25,C1,intermediate|advanced,intermediate|advanced,cambridge_22_25_intermediate_advanced,4,20,random,,113.26666259765625,985.4499969482422,153.26666259765625,1048.099998474121,1,8,hover,200,200,0.838786939694661,0.7183334350585937,154,,,,,,2026-08-09T15:58:12.658Z,C99S394L,2026-08-09,2026-08-09,12:58:12,2026-08-09 12:58:12,,,,,,,,69eb8f1f108d9b87368ef89d,69eb8f1f108d9b87368ef89d,,,,
3466,raw_position_sample,2,3,adv,20,2,17,18,9, can’t ,1060,142,1513854,69eb8f1f108d9b87368ef89d,69eb8f1f108d9b87368ef89d,advanced,2,69eb8f1f108d9b87368ef89d,69eb8f1f108d9b87368ef89d,spotlight_PROLIFIC,,42,brazil,Portuguese,"portuguese, english, spanish ",spanish,Portuguese:50|English:40|spanish:10,100,Portuguese:40|English:50|spanish:10,100,Portuguese:75|English:20|spanish:5,100,17,4,Bachelor's,10,10,10,6,7,9,4,20,7,17,Duolingo,150,,,,,22,25,C1,intermediate|advanced,intermediate|advanced,cambridge_22_25_intermediate_advanced,4,20,random,,121.26666259765625,1048.0999755859375,145.26666259765625,1092.1166381835938,1,9,,,,,,,,,,,,2026-08-09T15:58:12.658Z,C99S394L,2026-08-09,2026-08-09,12:58:12,2026-08-09 12:58:12,,,,,,,,69eb8f1f108d9b87368ef89d,69eb8f1f108d9b87368ef89d,,,,
3516,raw_position_sample,2,3,adv,20,2,17,18,9, can’t ,1070,141,1513904,69eb8f1f108d9b87368ef89d,69eb8f1f108d9b87368ef89d,advanced,2,69eb8f1f108d9b87368ef89d,69eb8f1f108d9b87368ef89d,spotlight_PROLIFIC,,42,brazil,Portuguese,"portuguese, english, spanish ",spanish,Portuguese:50|English:40|spanish:10,100,Portuguese:40|English:50|spanish:10,100,Portuguese:75|English:20|spanish:5,100,17,4,Bachelor's,10,10,10,6,7,9,4,20,7,17,Duolingo,150,,,,,22,25,C1,intermediate|advanced,intermediate|advanced,cambridge_22_25_intermediate_advanced,4,20,random,,121.26666259765625,1048.0999755859375,145.26666259765625,1092.1166381835938,1,9,,,,,,,,,,,,2026-08-09T15:58:12.658Z,C99S394L,2026-08-09,2026-08-09,12:58:12,2026-08-09 12:58:12,,,,,,,,69eb8f1f108d9b87368ef89d,69eb8f1f108d9b87368ef89d,,,,
3566,raw_position_sample,2,3,adv,20,2,17,18,9, can’t ,1073,141,1513955,69eb8f1f108d9b87368ef89d,69eb8f1f108d9b87368ef89d,advanced,2,69eb8f1f108d9b87368ef89d,69eb8f1f108d9b87368ef89d,spotlight_PROLIFIC,,42,brazil,Portuguese,"portuguese, english, spanish ",spanish,Portuguese:50|English:40|spanish:10,100,Portuguese:40|English:50|spanish:10,100,Portuguese:75|English:20|spanish:5,100,17,4,Bachelor's,10,10,10,6,7,9,4,20,7,17,Duolingo,150,,,,,22,25,C1,intermediate|advanced,intermediate|advanced,cambridge_22_25_intermediate_advanced,4,20,random,,121.26666259765625,1048.0999755859375,145.26666259765625,1092.1166381835938,1,9,,,,,,,,,,,,2026-08-09T15:58:12.658Z,C99S394L,2026-08-09,2026-08-09,12:58:12,2026-08-09 12:58:12,,,,,,,,69eb8f1f108d9b87368ef89d,69eb8f1f108d9b87368ef89d,,,,
3617,raw_position_sample,2,3,adv,20,2,17,18,9, can’t ,1080,141,1514005,69eb8f1f108d9b87368ef89d,69eb8f1f108d9b87368ef89d,advanced,2,69eb8f1f108d9b87368ef89d,69eb8f1f108d9b87368ef89d,spotlight_PROLIFIC,,42,brazil,Portuguese,"portuguese, english, spanish ",spanish,Portuguese:50|English:40|spanish:10,100,Portuguese:40|English:50|spanish:10,100,Portuguese:75|English:20|spanish:5,100,17,4,Bachelor's,10,10,10,6,7,9,4,20,7,17,Duolingo,150,,,,,22,25,C1,intermediate|advanced,intermediate|advanced,cambridge_22_25_intermediate_advanced,4,20,random,,121.26666259765625,1048.0999755859375,145.26666259765625,1092.1166381835938,1,9,,,,,,,,,,,,2026-08-09T15:58:12.658Z,C99S394L,2026-08-09,2026-08-09,12:58:12,2026-08-09 12:58:12,,,,,,,,69eb8f1f108d9b87368ef89d,69eb8f1f108d9b87368ef89d,,,,
3667,raw_position_sample,2,3,adv,20,2,17,18,9, can’t ,1090,142,1514055,69eb8f1f108d9b87368ef89d,69eb8f1f108d9b87368ef89d,advanced,2,69eb8f1f108d9b87368ef89d,69eb8f1f108d9b87368ef89d,spotlight_PROLIFIC,,42,brazil,Portuguese,"portuguese, english, spanish ",spanish,Portuguese:50|English:40|spanish:10,100,Portuguese:40|English:50|spanish:10,100,Portuguese:75|English:20|spanish:5,100,17,4,Bachelor's,10,10,10,6,7,9,4,20,7,17,Duolingo,150,,,,,22,25,C1,intermediate|advanced,intermediate|advanced,cambridge_22_25_intermediate_advanced,4,20,random,,121.26666259765625,1048.0999755859375,145.26666259765625,1092.1166381835938,1,9,,,,,,,,,,,,2026-08-09T15:58:12.658Z,C99S394L,2026-08-09,2026-08-09,12:58:12,2026-08-09 12:58:12,,,,,,,,69eb8f1f108d9b87368ef89d,69eb8f1f108d9b87368ef89d,,,,
3717,raw_position_sample,2,3,adv,20,2,17,18,9, can’t ,1092,143,1514105,69eb8f1f108d9b87368ef89d,69eb8f1f108d9b87368ef89d,advanced,2,69eb8f1f108d9b87368ef89d,69eb8f1f108d9b87368ef89d,spotlight_PROLIFIC,,42,brazil,Portuguese,"portuguese, english, spanish ",spanish,Portuguese:50|English:40|spanish:10,100,Portuguese:40|English:50|spanish:10,100,Portuguese:75|English:20|spanish:5,100,17,4,Bachelor's,10,10,10,6,7,9,4,20,7,17,Duolingo,150,,,,,22,25,C1,intermediate|advanced,intermediate|advanced,cambridge_22_25_intermediate_advanced,4,20,random,,121.26666259765625,1048.0999755859375,145.26666259765625,1092.1166381835938,1,9,,,,,,,,,,,,2026-08-09T15:58:12.658Z,C99S394L,2026-08-09,2026-08-09,12:58:12,2026-08-09 12:58:12,,,,,,,,69eb8f1f108d9b87368ef89d,69eb8f1f108d9b87368ef89d,,,,
3736,hover_association,2,3,adv,20,2,17,18,9, can’t ,1049,142,,69eb8f1f108d9b87368ef89d,69eb8f1f108d9b87368ef89d,advanced,2,69eb8f1f108d9b87368ef89d,69eb8f1f108d9b87368ef89d,spotlight_PROLIFIC,,42,brazil,Portuguese,"portuguese, english, spanish ",spanish,Portuguese:50|English:40|spanish:10,100,Portuguese:40|English:50|spanish:10,100,Portuguese:75|English:20|spanish:5,100,17,4,Bachelor's,10,10,10,6,7,9,4,20,7,17,Duolingo,150,,,,,22,25,C1,intermediate|advanced,intermediate|advanced,cambridge_22_25_intermediate_advanced,4,20,random,,113.26666259765625,1048.099998474121,153.26666259765625,1092.1166687011719,1,9,hover,302,302,0.9973494428231381,0.7433334350585937,154,,,,,,2026-08-09T15:58:12.658Z,C99S394L,2026-08-09,2026-08-09,12:58:12,2026-08-09 12:58:12,,,,,,,,69eb8f1f108d9b87368ef89d,69eb8f1f108d9b87368ef89d,,,,
3768,raw_position_sample,2,3,adv,20,2,17,18,10, see ,1098,144,1514157,69eb8f1f108d9b87368ef89d,69eb8f1f108d9b87368ef89d,advanced,2,69eb8f1f108d9b87368ef89d,69eb8f1f108d9b87368ef89d,spotlight_PROLIFIC,,42,brazil,Portuguese,"portuguese, english, spanish ",spanish,Portuguese:50|English:40|spanish:10,100,Portuguese:40|English:50|spanish:10,100,Portuguese:75|English:20|spanish:5,100,17,4,Bachelor's,10,10,10,6,7,9,4,20,7,17,Duolingo,150,,,,,22,25,C1,intermediate|advanced,intermediate|advanced,cambridge_22_25_intermediate_advanced,4,20,random,,121.26666259765625,1092.11669921875,145.26666259765625,1125.7166900634766,1,10,,,,,,,,,,,,2026-08-09T15:58:12.658Z,C99S394L,2026-08-09,2026-08-09,12:58:12,2026-08-09 12:58:12,,,,,,,,69eb8f1f108d9b87368ef89d,69eb8f1f108d9b87368ef89d,,,,
3819,raw_position_sample,2,3,adv,20,2,17,18,10, see ,1112,144,1514207,69eb8f1f108d9b87368ef89d,69eb8f1f108d9b87368ef89d,advanced,2,69eb8f1f108d9b87368ef89d,69eb8f1f108d9b87368ef89d,spotlight_PROLIFIC,,42,brazil,Portuguese,"portuguese, english, spanish ",spanish,Portuguese:50|English:40|spanish:10,100,Portuguese:40|English:50|spanish:10,100,Portuguese:75|English:20|spanish:5,100,17,4,Bachelor's,10,10,10,6,7,9,4,20,7,17,Duolingo,150,,,,,22,25,C1,intermediate|advanced,intermediate|advanced,cambridge_22_25_intermediate_advanced,4,20,random,,121.26666259765625,1092.11669921875,145.26666259765625,1125.7166900634766,1,10,,,,,,,,,,,,2026-08-09T15:58:12.658Z,C99S394L,2026-08-09,2026-08-09,12:58:12,2026-08-09 12:58:12,,,,,,,,69eb8f1f108d9b87368ef89d,69eb8f1f108d9b87368ef89d,,,,
3867,hover_association,2,3,adv,20,2,17,18,10, see ,1093,144,,69eb8f1f108d9b87368ef89d,69eb8f1f108d9b87368ef89d,advanced,2,69eb8f1f108d9b87368ef89d,69eb8f1f108d9b87368ef89d,spotlight_PROLIFIC,,42,brazil,Portuguese,"portuguese, english, spanish ",spanish,Portuguese:50|English:40|spanish:10,100,Portuguese:40|English:50|spanish:10,100,Portuguese:75|English:20|spanish:5,100,17,4,Bachelor's,10,10,10,6,7,9,4,20,7,17,Duolingo,150,,,,,22,25,C1,intermediate|advanced,intermediate|advanced,cambridge_22_25_intermediate_advanced,4,20,random,,113.26666259765625,1092.1166687011719,153.26666259765625,1125.716682434082,1,10,hover,132,132,0.9489082817724983,0.7433334350585937,154,,,,,,2026-08-09T15:58:12.658Z,C99S394L,2026-08-09,2026-08-09,12:58:12,2026-08-09 12:58:12,,,,,,,,69eb8f1f108d9b87368ef89d,69eb8f1f108d9b87368ef89d,,,,
3868,raw_position_sample,2,3,adv,20,2,17,18,11, the ,1132,141,1514258,69eb8f1f108d9b87368ef89d,69eb8f1f108d9b87368ef89d,advanced,2,69eb8f1f108d9b87368ef89d,69eb8f1f108d9b87368ef89d,spotlight_PROLIFIC,,42,brazil,Portuguese,"portuguese, english, spanish ",spanish,Portuguese:50|English:40|spanish:10,100,Portuguese:40|English:50|spanish:10,100,Portuguese:75|English:20|spanish:5,100,17,4,Bachelor's,10,10,10,6,7,9,4,20,7,17,Duolingo,150,,,,,22,25,C1,intermediate|advanced,intermediate|advanced,cambridge_22_25_intermediate_advanced,4,20,random,,121.26666259765625,1125.7166748046875,145.26666259765625,1158.1666870117188,1,11,,,,,,,,,,,,2026-08-09T15:58:12.658Z,C99S394L,2026-08-09,2026-08-09,12:58:12,2026-08-09 12:58:12,,,,,,,,69eb8f1f108d9b87368ef89d,69eb8f1f108d9b87368ef89d,,,,
3919,raw_position_sample,2,3,adv,20,2,17,18,11, the ,1147,141,1514307,69eb8f1f108d9b87368ef89d,69eb8f1f108d9b87368ef89d,advanced,2,69eb8f1f108d9b87368ef89d,69eb8f1f108d9b87368ef89d,spotlight_PROLIFIC,,42,brazil,Portuguese,"portuguese, english, spanish ",spanish,Portuguese:50|English:40|spanish:10,100,Portuguese:40|English:50|spanish:10,100,Portuguese:75|English:20|spanish:5,100,17,4,Bachelor's,10,10,10,6,7,9,4,20,7,17,Duolingo,150,,,,,22,25,C1,intermediate|advanced,intermediate|advanced,cambridge_22_25_intermediate_advanced,4,20,random,,121.26666259765625,1125.7166748046875,145.26666259765625,1158.1666870117188,1,11,,,,,,,,,,,,2026-08-09T15:58:12.658Z,C99S394L,2026-08-09,2026-08-09,12:58:12,2026-08-09 12:58:12,,,,,,,,69eb8f1f108d9b87368ef89d,69eb8f1f108d9b87368ef89d,,,,
3967,hover_association,2,3,adv,20,2,17,18,11, the ,1132,141,,69eb8f1f108d9b87368ef89d,69eb8f1f108d9b87368ef89d,advanced,2,69eb8f1f108d9b87368ef89d,69eb8f1f108d9b87368ef89d,spotlight_PROLIFIC,,42,brazil,Portuguese,"portuguese, english, spanish ",spanish,Portuguese:50|English:40|spanish:10,100,Portuguese:40|English:50|spanish:10,100,Portuguese:75|English:20|spanish:5,100,17,4,Bachelor's,10,10,10,6,7,9,4,20,7,17,Duolingo,150,,,,,22,25,C1,intermediate|advanced,intermediate|advanced,cambridge_22_25_intermediate_advanced,4,20,random,,113.26666259765625,1125.716682434082,153.26666259765625,1158.1666564941406,1,11,hover,100,100,0.9640475369261815,0.6933334350585938,154,,,,,,2026-08-09T15:58:12.658Z,C99S394L,2026-08-09,2026-08-09,12:58:12,2026-08-09 12:58:12,,,,,,,,69eb8f1f108d9b87368ef89d,69eb8f1f108d9b87368ef89d,,,,
3969,raw_position_sample,2,3,adv,20,2,17,18,12, moral ,1165,141,1514357,69eb8f1f108d9b87368ef89d,69eb8f1f108d9b87368ef89d,advanced,2,69eb8f1f108d9b87368ef89d,69eb8f1f108d9b87368ef89d,spotlight_PROLIFIC,,42,brazil,Portuguese,"portuguese, english, spanish ",spanish,Portuguese:50|English:40|spanish:10,100,Portuguese:40|English:50|spanish:10,100,Portuguese:75|English:20|spanish:5,100,17,4,Bachelor's,10,10,10,6,7,9,4,20,7,17,Duolingo,150,,,,,22,25,C1,intermediate|advanced,intermediate|advanced,cambridge_22_25_intermediate_advanced,4,20,random,,121.26666259765625,1158.1666259765625,145.26666259765625,1212.383285522461,1,12,,,,,,,,,,,,2026-08-09T15:58:12.658Z,C99S394L,2026-08-09,2026-08-09,12:58:12,2026-08-09 12:58:12,,,,,,,,69eb8f1f108d9b87368ef89d,69eb8f1f108d9b87368ef89d,,,,
4019,raw_position_sample,2,3,adv,20,2,17,18,12, moral ,1177,142,1514408,69eb8f1f108d9b87368ef89d,69eb8f1f108d9b87368ef89d,advanced,2,69eb8f1f108d9b87368ef89d,69eb8f1f108d9b87368ef89d,spotlight_PROLIFIC,,42,brazil,Portuguese,"portuguese, english, spanish ",spanish,Portuguese:50|English:40|spanish:10,100,Portuguese:40|English:50|spanish:10,100,Portuguese:75|English:20|spanish:5,100,17,4,Bachelor's,10,10,10,6,7,9,4,20,7,17,Duolingo,150,,,,,22,25,C1,intermediate|advanced,intermediate|advanced,cambridge_22_25_intermediate_advanced,4,20,random,,121.26666259765625,1158.1666259765625,145.26666259765625,1212.383285522461,1,12,,,,,,,,,,,,2026-08-09T15:58:12.658Z,C99S394L,2026-08-09,2026-08-09,12:58:12,2026-08-09 12:58:12,,,,,,,,69eb8f1f108d9b87368ef89d,69eb8f1f108d9b87368ef89d,,,,
4069,raw_position_sample,2,3,adv,20,2,17,18,12, moral ,1184,141,1514458,69eb8f1f108d9b87368ef89d,69eb8f1f108d9b87368ef89d,advanced,2,69eb8f1f108d9b87368ef89d,69eb8f1f108d9b87368ef89d,spotlight_PROLIFIC,,42,brazil,Portuguese,"portuguese, english, spanish ",spanish,Portuguese:50|English:40|spanish:10,100,Portuguese:40|English:50|spanish:10,100,Portuguese:75|English:20|spanish:5,100,17,4,Bachelor's,10,10,10,6,7,9,4,20,7,17,Duolingo,150,,,,,22,25,C1,intermediate|advanced,intermediate|advanced,cambridge_22_25_intermediate_advanced,4,20,random,,121.26666259765625,1158.1666259765625,145.26666259765625,1212.383285522461,1,12,,,,,,,,,,,,2026-08-09T15:58:12.658Z,C99S394L,2026-08-09,2026-08-09,12:58:12,2026-08-09 12:58:12,,,,,,,,69eb8f1f108d9b87368ef89d,69eb8f1f108d9b87368ef89d,,,,
4120,raw_position_sample,2,3,adv,20,2,17,18,12, moral ,1188,139,1514509,69eb8f1f108d9b87368ef89d,69eb8f1f108d9b87368ef89d,advanced,2,69eb8f1f108d9b87368ef89d,69eb8f1f108d9b87368ef89d,spotlight_PROLIFIC,,42,brazil,Portuguese,"portuguese, english, spanish ",spanish,Portuguese:50|English:40|spanish:10,100,Portuguese:40|English:50|spanish:10,100,Portuguese:75|English:20|spanish:5,100,17,4,Bachelor's,10,10,10,6,7,9,4,20,7,17,Duolingo,150,,,,,22,25,C1,intermediate|advanced,intermediate|advanced,cambridge_22_25_intermediate_advanced,4,20,random,,121.26666259765625,1158.1666259765625,145.26666259765625,1212.383285522461,1,12,,,,,,,,,,,,2026-08-09T15:58:12.658Z,C99S394L,2026-08-09,2026-08-09,12:58:12,2026-08-09 12:58:12,,,,,,,,69eb8f1f108d9b87368ef89d,69eb8f1f108d9b87368ef89d,,,,
4170,raw_position_sample,2,3,adv,20,2,17,18,12, moral ,1189,139,1514559,69eb8f1f108d9b87368ef89d,69eb8f1f108d9b87368ef89d,advanced,2,69eb8f1f108d9b87368ef89d,69eb8f1f108d9b87368ef89d,spotlight_PROLIFIC,,42,brazil,Portuguese,"portuguese, english, spanish ",spanish,Portuguese:50|English:40|spanish:10,100,Portuguese:40|English:50|spanish:10,100,Portuguese:75|English:20|spanish:5,100,17,4,Bachelor's,10,10,10,6,7,9,4,20,7,17,Duolingo,150,,,,,22,25,C1,intermediate|advanced,intermediate|advanced,cambridge_22_25_intermediate_advanced,4,20,random,,121.26666259765625,1158.1666259765625,145.26666259765625,1212.383285522461,1,12,,,,,,,,,,,,2026-08-09T15:58:12.658Z,C99S394L,2026-08-09,2026-08-09,12:58:12,2026-08-09 12:58:12,,,,,,,,69eb8f1f108d9b87368ef89d,69eb8f1f108d9b87368ef89d,,,,
4220,raw_position_sample,2,3,adv,20,2,17,18,12, moral ,1200,135,1514609,69eb8f1f108d9b87368ef89d,69eb8f1f108d9b87368ef89d,advanced,2,69eb8f1f108d9b87368ef89d,69eb8f1f108d9b87368ef89d,spotlight_PROLIFIC,,42,brazil,Portuguese,"portuguese, english, spanish ",spanish,Portuguese:50|English:40|spanish:10,100,Portuguese:40|English:50|spanish:10,100,Portuguese:75|English:20|spanish:5,100,17,4,Bachelor's,10,10,10,6,7,9,4,20,7,17,Duolingo,150,,,,,22,25,C1,intermediate|advanced,intermediate|advanced,cambridge_22_25_intermediate_advanced,4,20,random,,121.26666259765625,1158.1666259765625,145.26666259765625,1212.383285522461,1,12,,,,,,,,,,,,2026-08-09T15:58:12.658Z,C99S394L,2026-08-09,2026-08-09,12:58:12,2026-08-09 12:58:12,,,,,,,,69eb8f1f108d9b87368ef89d,69eb8f1f108d9b87368ef89d,,,,
4251,hover_association,2,3,adv,20,2,17,18,12, moral ,1165,141,,69eb8f1f108d9b87368ef89d,69eb8f1f108d9b87368ef89d,advanced,2,69eb8f1f108d9b87368ef89d,69eb8f1f108d9b87368ef89d,spotlight_PROLIFIC,,42,brazil,Portuguese,"portuguese, english, spanish ",spanish,Portuguese:50|English:40|spanish:10,100,Portuguese:40|English:50|spanish:10,100,Portuguese:75|English:20|spanish:5,100,17,4,Bachelor's,10,10,10,6,7,9,4,20,7,17,Duolingo,150,,,,,22,25,C1,intermediate|advanced,intermediate|advanced,cambridge_22_25_intermediate_advanced,4,20,random,,113.26666259765625,1158.1666564941406,153.26666259765625,1212.3832931518555,1,12,hover,283,283,0.9375967717581751,0.5433334350585938,154,,,,,,2026-08-09T15:58:12.658Z,C99S394L,2026-08-09,2026-08-09,12:58:12,2026-08-09 12:58:12,,,,,,,,69eb8f1f108d9b87368ef89d,69eb8f1f108d9b87368ef89d,,,,
4271,raw_position_sample,2,3,adv,20,2,17,18,13, squalor ,1233,135,1514659,69eb8f1f108d9b87368ef89d,69eb8f1f108d9b87368ef89d,advanced,2,69eb8f1f108d9b87368ef89d,69eb8f1f108d9b87368ef89d,spotlight_PROLIFIC,,42,brazil,Portuguese,"portuguese, english, spanish ",spanish,Portuguese:50|English:40|spanish:10,100,Portuguese:40|English:50|spanish:10,100,Portuguese:75|English:20|spanish:5,100,17,4,Bachelor's,10,10,10,6,7,9,4,20,7,17,Duolingo,150,,,,,22,25,C1,intermediate|advanced,intermediate|advanced,cambridge_22_25_intermediate_advanced,4,20,random,,121.26666259765625,1212.38330078125,145.26666259765625,1276.2499694824219,1,13,,,,,,,,,,,,2026-08-09T15:58:12.658Z,C99S394L,2026-08-09,2026-08-09,12:58:12,2026-08-09 12:58:12,,,,,,,,69eb8f1f108d9b87368ef89d,69eb8f1f108d9b87368ef89d,,,,
4321,raw_position_sample,2,3,adv,20,2,17,18,13, squalor ,1254,135,1514709,69eb8f1f108d9b87368ef89d,69eb8f1f108d9b87368ef89d,advanced,2,69eb8f1f108d9b87368ef89d,69eb8f1f108d9b87368ef89d,spotlight_PROLIFIC,,42,brazil,Portuguese,"portuguese, english, spanish ",spanish,Portuguese:50|English:40|spanish:10,100,Portuguese:40|English:50|spanish:10,100,Portuguese:75|English:20|spanish:5,100,17,4,Bachelor's,10,10,10,6,7,9,4,20,7,17,Duolingo,150,,,,,22,25,C1,intermediate|advanced,intermediate|advanced,cambridge_22_25_intermediate_advanced,4,20,random,,121.26666259765625,1212.38330078125,145.26666259765625,1276.2499694824219,1,13,,,,,,,,,,,,2026-08-09T15:58:12.658Z,C99S394L,2026-08-09,2026-08-09,12:58:12,2026-08-09 12:58:12,,,,,,,,69eb8f1f108d9b87368ef89d,69eb8f1f108d9b87368ef89d,,,,
4371,raw_position_sample,2,3,adv,20,2,17,18,13, squalor ,1254,135,1514760,69eb8f1f108d9b87368ef89d,69eb8f1f108d9b87368ef89d,advanced,2,69eb8f1f108d9b87368ef89d,69eb8f1f108d9b87368ef89d,spotlight_PROLIFIC,,42,brazil,Portuguese,"portuguese, english, spanish ",spanish,Portuguese:50|English:40|spanish:10,100,Portuguese:40|English:50|spanish:10,100,Portuguese:75|English:20|spanish:5,100,17,4,Bachelor's,10,10,10,6,7,9,4,20,7,17,Duolingo,150,,,,,22,25,C1,intermediate|advanced,intermediate|advanced,cambridge_22_25_intermediate_advanced,4,20,random,,121.26666259765625,1212.38330078125,145.26666259765625,1276.2499694824219,1,13,,,,,,,,,,,,2026-08-09T15:58:12.658Z,C99S394L,2026-08-09,2026-08-09,12:58:12,2026-08-09 12:58:12,,,,,,,,69eb8f1f108d9b87368ef89d,69eb8f1f108d9b87368ef89d,,,,
4421,raw_position_sample,2,3,adv,20,2,17,18,13, squalor ,1254,135,1514810,69eb8f1f108d9b87368ef89d,69eb8f1f108d9b87368ef89d,advanced,2,69eb8f1f108d9b87368ef89d,69eb8f1f108d9b87368ef89d,spotlight_PROLIFIC,,42,brazil,Portuguese,"portuguese, english, spanish ",spanish,Portuguese:50|English:40|spanish:10,100,Portuguese:40|English:50|spanish:10,100,Portuguese:75|English:20|spanish:5,100,17,4,Bachelor's,10,10,10,6,7,9,4,20,7,17,Duolingo,150,,,,,22,25,C1,intermediate|advanced,intermediate|advanced,cambridge_22_25_intermediate_advanced,4,20,random,,121.26666259765625,1212.38330078125,145.26666259765625,1276.2499694824219,1,13,,,,,,,,,,,,2026-08-09T15:58:12.658Z,C99S394L,2026-08-09,2026-08-09,12:58:12,2026-08-09 12:58:12,,,,,,,,69eb8f1f108d9b87368ef89d,69eb8f1f108d9b87368ef89d,,,,
4472,raw_position_sample,2,3,adv,20,2,17,18,13, squalor ,1220,135,1514859,69eb8f1f108d9b87368ef89d,69eb8f1f108d9b87368ef89d,advanced,2,69eb8f1f108d9b87368ef89d,69eb8f1f108d9b87368ef89d,spotlight_PROLIFIC,,42,brazil,Portuguese,"portuguese, english, spanish ",spanish,Portuguese:50|English:40|spanish:10,100,Portuguese:40|English:50|spanish:10,100,Portuguese:75|English:20|spanish:5,100,17,4,Bachelor's,10,10,10,6,7,9,4,20,7,17,Duolingo,150,,,,,22,25,C1,intermediate|advanced,intermediate|advanced,cambridge_22_25_intermediate_advanced,4,20,random,,121.26666259765625,1212.38330078125,145.26666259765625,1276.2499694824219,1,13,,,,,,,,,,,,2026-08-09T15:58:12.658Z,C99S394L,2026-08-09,2026-08-09,12:58:12,2026-08-09 12:58:12,,,,,,,,69eb8f1f108d9b87368ef89d,69eb8f1f108d9b87368ef89d,,,,
4484,hover_association,2,3,adv,20,2,17,18,13, squalor ,1222,135,,69eb8f1f108d9b87368ef89d,69eb8f1f108d9b87368ef89d,advanced,2,69eb8f1f108d9b87368ef89d,69eb8f1f108d9b87368ef89d,spotlight_PROLIFIC,,42,brazil,Portuguese,"portuguese, english, spanish ",spanish,Portuguese:50|English:40|spanish:10,100,Portuguese:40|English:50|spanish:10,100,Portuguese:75|English:20|spanish:5,100,17,4,Bachelor's,10,10,10,6,7,9,4,20,7,17,Duolingo,150,,,,,22,25,C1,intermediate|advanced,intermediate|advanced,cambridge_22_25_intermediate_advanced,4,20,random,,113.26666259765625,1212.3832931518555,153.26666259765625,1279.8138580322266,1,13,hover,234,234,0.11295629603070016,0.5433334350585938,154,,,,,,2026-08-09T15:58:12.658Z,C99S394L,2026-08-09,2026-08-09,12:58:12,2026-08-09 12:58:12,,,,,,,,69eb8f1f108d9b87368ef89d,69eb8f1f108d9b87368ef89d,,,,
4501,hover_association,2,3,adv,20,2,17,18,12, moral ,1186,138,,69eb8f1f108d9b87368ef89d,69eb8f1f108d9b87368ef89d,advanced,2,69eb8f1f108d9b87368ef89d,69eb8f1f108d9b87368ef89d,spotlight_PROLIFIC,,42,brazil,Portuguese,"portuguese, english, spanish ",spanish,Portuguese:50|English:40|spanish:10,100,Portuguese:40|English:50|spanish:10,100,Portuguese:75|English:20|spanish:5,100,17,4,Bachelor's,10,10,10,6,7,9,4,20,7,17,Duolingo,150,,,,,22,25,C1,intermediate|advanced,intermediate|advanced,cambridge_22_25_intermediate_advanced,4,20,random,,113.26666259765625,1158.1666564941406,153.26666259765625,1212.3832931518555,1,12,hover,16,16,0.5133727435285085,0.6183334350585937,154,,,,,,2026-08-09T15:58:12.658Z,C99S394L,2026-08-09,2026-08-09,12:58:12,2026-08-09 12:58:12,,,,,,,,69eb8f1f108d9b87368ef89d,69eb8f1f108d9b87368ef89d,,,,
4517,hover_association,2,3,adv,20,2,17,18,11, the ,1135,144,,69eb8f1f108d9b87368ef89d,69eb8f1f108d9b87368ef89d,advanced,2,69eb8f1f108d9b87368ef89d,69eb8f1f108d9b87368ef89d,spotlight_PROLIFIC,,42,brazil,Portuguese,"portuguese, english, spanish ",spanish,Portuguese:50|English:40|spanish:10,100,Portuguese:40|English:50|spanish:10,100,Portuguese:75|English:20|spanish:5,100,17,4,Bachelor's,10,10,10,6,7,9,4,20,7,17,Duolingo,150,,,,,22,25,C1,intermediate|advanced,intermediate|advanced,cambridge_22_25_intermediate_advanced,4,20,random,,113.26666259765625,1125.716682434082,153.26666259765625,1158.1666564941406,1,11,hover,17,17,0.28608089327702857,0.7683334350585938,154,,,,,,2026-08-09T15:58:12.658Z,C99S394L,2026-08-09,2026-08-09,12:58:12,2026-08-09 12:58:12,,,,,,,,69eb8f1f108d9b87368ef89d,69eb8f1f108d9b87368ef89d,,,,
4521,raw_position_sample,2,3,adv,20,2,17,18,9, can’t ,1073,150,1514910,69eb8f1f108d9b87368ef89d,69eb8f1f108d9b87368ef89d,advanced,2,69eb8f1f108d9b87368ef89d,69eb8f1f108d9b87368ef89d,spotlight_PROLIFIC,,42,brazil,Portuguese,"portuguese, english, spanish ",spanish,Portuguese:50|English:40|spanish:10,100,Portuguese:40|English:50|spanish:10,100,Portuguese:75|English:20|spanish:5,100,17,4,Bachelor's,10,10,10,6,7,9,4,20,7,17,Duolingo,150,,,,,22,25,C1,intermediate|advanced,intermediate|advanced,cambridge_22_25_intermediate_advanced,4,20,random,,121.26666259765625,1048.0999755859375,145.26666259765625,1092.1166381835938,1,9,,,,,,,,,,,,2026-08-09T15:58:12.658Z,C99S394L,2026-08-09,2026-08-09,12:58:12,2026-08-09 12:58:12,,,,,,,,69eb8f1f108d9b87368ef89d,69eb8f1f108d9b87368ef89d,,,,
4534,hover_association,2,3,adv,20,2,17,18,9, can’t ,1073,150,,69eb8f1f108d9b87368ef89d,69eb8f1f108d9b87368ef89d,advanced,2,69eb8f1f108d9b87368ef89d,69eb8f1f108d9b87368ef89d,spotlight_PROLIFIC,,42,brazil,Portuguese,"portuguese, english, spanish ",spanish,Portuguese:50|English:40|spanish:10,100,Portuguese:40|English:50|spanish:10,100,Portuguese:75|English:20|spanish:5,100,17,4,Bachelor's,10,10,10,6,7,9,4,20,7,17,Duolingo,150,,,,,22,25,C1,intermediate|advanced,intermediate|advanced,cambridge_22_25_intermediate_advanced,4,20,random,,113.26666259765625,1048.099998474121,153.26666259765625,1092.1166687011719,1,9,hover,16,16,0.5656948014794727,0.9183334350585938,154,,,,,,2026-08-09T15:58:12.658Z,C99S394L,2026-08-09,2026-08-09,12:58:12,2026-08-09 12:58:12,,,,,,,,69eb8f1f108d9b87368ef89d,69eb8f1f108d9b87368ef89d,,,,
4551,hover_association,2,3,adv,20,2,17,18,22, outrageous ,990,156,,69eb8f1f108d9b87368ef89d,69eb8f1f108d9b87368ef89d,advanced,2,69eb8f1f108d9b87368ef89d,69eb8f1f108d9b87368ef89d,spotlight_PROLIFIC,,42,brazil,Portuguese,"portuguese, english, spanish ",spanish,Portuguese:50|English:40|spanish:10,100,Portuguese:40|English:50|spanish:10,100,Portuguese:75|English:20|spanish:5,100,17,4,Bachelor's,10,10,10,6,7,9,4,20,7,17,Duolingo,150,,,,,22,25,C1,intermediate|advanced,intermediate|advanced,cambridge_22_25_intermediate_advanced,4,20,random,,153.26666259765625,948.9166870117188,193.26666259765625,1051.099998474121,2,9,hover,17,17,0.402055016619789,0.06833343505859375,154,,,,,,2026-08-09T15:58:12.658Z,C99S394L,2026-08-09,2026-08-09,12:58:12,2026-08-09 12:58:12,,,,,,,,69eb8f1f108d9b87368ef89d,69eb8f1f108d9b87368ef89d,,,,
4568,hover_association,2,3,adv,20,2,17,18,19, writes. ,902,163,,69eb8f1f108d9b87368ef89d,69eb8f1f108d9b87368ef89d,advanced,2,69eb8f1f108d9b87368ef89d,69eb8f1f108d9b87368ef89d,spotlight_PROLIFIC,,42,brazil,Portuguese,"portuguese, english, spanish ",spanish,Portuguese:50|English:40|spanish:10,100,Portuguese:40|English:50|spanish:10,100,Portuguese:75|English:20|spanish:5,100,17,4,Bachelor's,10,10,10,6,7,9,4,20,7,17,Duolingo,150,,,,,22,25,C1,intermediate|advanced,intermediate|advanced,cambridge_22_25_intermediate_advanced,4,20,random,,153.26666259765625,846.216667175293,193.26666259765625,907.2166748046875,2,6,hover,16,16,0.9144807516028293,0.24333343505859376,154,,,,,,2026-08-09T15:58:12.658Z,C99S394L,2026-08-09,2026-08-09,12:58:12,2026-08-09 12:58:12,,,,,,,,69eb8f1f108d9b87368ef89d,69eb8f1f108d9b87368ef89d,,,,
4572,raw_position_sample,2,3,adv,20,2,17,18,17," doing,” ",778,170,1514961,69eb8f1f108d9b87368ef89d,69eb8f1f108d9b87368ef89d,advanced,2,69eb8f1f108d9b87368ef89d,69eb8f1f108d9b87368ef89d,spotlight_PROLIFIC,,42,brazil,Portuguese,"portuguese, english, spanish ",spanish,Portuguese:50|English:40|spanish:10,100,Portuguese:40|English:50|spanish:10,100,Portuguese:75|English:20|spanish:5,100,17,4,Bachelor's,10,10,10,6,7,9,4,20,7,17,Duolingo,150,,,,,22,25,C1,intermediate|advanced,intermediate|advanced,cambridge_22_25_intermediate_advanced,4,20,random,,161.26666259765625,755.5166625976562,185.26666259765625,820.2666625976562,2,4,,,,,,,,,,,,2026-08-09T15:58:12.658Z,C99S394L,2026-08-09,2026-08-09,12:58:12,2026-08-09 12:58:12,,,,,,,,69eb8f1f108d9b87368ef89d,69eb8f1f108d9b87368ef89d,,,,
4584,hover_association,2,3,adv,20,2,17,18,17," doing,” ",778,170,,69eb8f1f108d9b87368ef89d,69eb8f1f108d9b87368ef89d,advanced,2,69eb8f1f108d9b87368ef89d,69eb8f1f108d9b87368ef89d,spotlight_PROLIFIC,,42,brazil,Portuguese,"portuguese, english, spanish ",spanish,Portuguese:50|English:40|spanish:10,100,Portuguese:40|English:50|spanish:10,100,Portuguese:75|English:20|spanish:5,100,17,4,Bachelor's,10,10,10,6,7,9,4,20,7,17,Duolingo,150,,,,,22,25,C1,intermediate|advanced,intermediate|advanced,cambridge_22_25_intermediate_advanced,4,20,random,,153.26666259765625,755.5166702270508,193.26666259765625,820.2666625976562,2,4,hover,17,17,0.3472329331602511,0.41833343505859377,154,,,,,,2026-08-09T15:58:12.658Z,C99S394L,2026-08-09,2026-08-09,12:58:12,2026-08-09 12:58:12,,,,,,,,69eb8f1f108d9b87368ef89d,69eb8f1f108d9b87368ef89d,,,,
4601,hover_association,2,3,adv,20,2,17,18,16, they’re ,712,180,,69eb8f1f108d9b87368ef89d,69eb8f1f108d9b87368ef89d,advanced,2,69eb8f1f108d9b87368ef89d,69eb8f1f108d9b87368ef89d,spotlight_PROLIFIC,,42,brazil,Portuguese,"portuguese, english, spanish ",spanish,Portuguese:50|English:40|spanish:10,100,Portuguese:40|English:50|spanish:10,100,Portuguese:75|English:20|spanish:5,100,17,4,Bachelor's,10,10,10,6,7,9,4,20,7,17,Duolingo,150,,,,,22,25,C1,intermediate|advanced,intermediate|advanced,cambridge_22_25_intermediate_advanced,4,20,random,,153.26666259765625,693.6833267211914,193.26666259765625,755.5166702270508,2,3,hover,17,17,0.29622647329547835,0.6683334350585938,154,,,,,,2026-08-09T15:58:12.658Z,C99S394L,2026-08-09,2026-08-09,12:58:12,2026-08-09 12:58:12,,,,,,,,69eb8f1f108d9b87368ef89d,69eb8f1f108d9b87368ef89d,,,,
4617,hover_association,2,3,adv,20,2,17,18,15, what ,662,191,,69eb8f1f108d9b87368ef89d,69eb8f1f108d9b87368ef89d,advanced,2,69eb8f1f108d9b87368ef89d,69eb8f1f108d9b87368ef89d,spotlight_PROLIFIC,,42,brazil,Portuguese,"portuguese, english, spanish ",spanish,Portuguese:50|English:40|spanish:10,100,Portuguese:40|English:50|spanish:10,100,Portuguese:75|English:20|spanish:5,100,17,4,Bachelor's,10,10,10,6,7,9,4,20,7,17,Duolingo,150,,,,,22,25,C1,intermediate|advanced,intermediate|advanced,cambridge_22_25_intermediate_advanced,4,20,random,,153.26666259765625,647.1333312988281,193.26666259765625,693.6833267211914,2,2,hover,16,16,0.3193699283164637,0.9433334350585938,154,,,,,,2026-08-09T15:58:12.658Z,C99S394L,2026-08-09,2026-08-09,12:58:12,2026-08-09 12:58:12,,,,,,,,69eb8f1f108d9b87368ef89d,69eb8f1f108d9b87368ef89d,,,,
4622,raw_position_sample,2,3,adv,20,2,17,18,28, artist’s ,635,197,1515010,69eb8f1f108d9b87368ef89d,69eb8f1f108d9b87368ef89d,advanced,2,69eb8f1f108d9b87368ef89d,69eb8f1f108d9b87368ef89d,spotlight_PROLIFIC,,42,brazil,Portuguese,"portuguese, english, spanish ",spanish,Portuguese:50|English:40|spanish:10,100,Portuguese:40|English:50|spanish:10,100,Portuguese:75|English:20|spanish:5,100,17,4,Bachelor's,10,10,10,6,7,9,4,20,7,17,Duolingo,150,,,,,22,25,C1,intermediate|advanced,intermediate|advanced,cambridge_22_25_intermediate_advanced,4,20,random,,201.26666259765625,625.36669921875,225.26666259765625,685.4333648681641,3,1,,,,,,,,,,,,2026-08-09T15:58:12.658Z,C99S394L,2026-08-09,2026-08-09,12:58:12,2026-08-09 12:58:12,,,,,,,,69eb8f1f108d9b87368ef89d,69eb8f1f108d9b87368ef89d,,,,
4634,hover_association,2,3,adv,20,2,17,18,28, artist’s ,635,197,,69eb8f1f108d9b87368ef89d,69eb8f1f108d9b87368ef89d,advanced,2,69eb8f1f108d9b87368ef89d,69eb8f1f108d9b87368ef89d,spotlight_PROLIFIC,,42,brazil,Portuguese,"portuguese, english, spanish ",spanish,Portuguese:50|English:40|spanish:10,100,Portuguese:40|English:50|spanish:10,100,Portuguese:75|English:20|spanish:5,100,17,4,Bachelor's,10,10,10,6,7,9,4,20,7,17,Duolingo,150,,,,,22,25,C1,intermediate|advanced,intermediate|advanced,cambridge_22_25_intermediate_advanced,4,20,random,,193.26666259765625,621.8028106689453,233.26666259765625,685.4333572387695,3,1,hover,17,17,0.20740336273196883,0.09333343505859375,154,,,,,,2026-08-09T15:58:12.658Z,C99S394L,2026-08-09,2026-08-09,12:58:12,2026-08-09 12:58:12,,,,,,,,69eb8f1f108d9b87368ef89d,69eb8f1f108d9b87368ef89d,,,,
4673,raw_position_sample,2,3,adv,20,2,17,18,-1,999,599,206,1515060,69eb8f1f108d9b87368ef89d,69eb8f1f108d9b87368ef89d,advanced,2,69eb8f1f108d9b87368ef89d,69eb8f1f108d9b87368ef89d,spotlight_PROLIFIC,,42,brazil,Portuguese,"portuguese, english, spanish ",spanish,Portuguese:50|English:40|spanish:10,100,Portuguese:40|English:50|spanish:10,100,Portuguese:75|English:20|spanish:5,100,17,4,Bachelor's,10,10,10,6,7,9,4,20,7,17,Duolingo,150,,,,,22,25,C1,intermediate|advanced,intermediate|advanced,cambridge_22_25_intermediate_advanced,4,20,random,,,,,,,,,,,,,,,,,,,2026-08-09T15:58:12.658Z,C99S394L,2026-08-09,2026-08-09,12:58:12,2026-08-09 12:58:12,,,,,,,,69eb8f1f108d9b87368ef89d,69eb8f1f108d9b87368ef89d,,,,
4722,raw_position_sample,2,3,adv,20,2,17,18,-1,999,593,207,1515111,69eb8f1f108d9b87368ef89d,69eb8f1f108d9b87368ef89d,advanced,2,69eb8f1f108d9b87368ef89d,69eb8f1f108d9b87368ef89d,spotlight_PROLIFIC,,42,brazil,Portuguese,"portuguese, english, spanish ",spanish,Portuguese:50|English:40|spanish:10,100,Portuguese:40|English:50|spanish:10,100,Portuguese:75|English:20|spanish:5,100,17,4,Bachelor's,10,10,10,6,7,9,4,20,7,17,Duolingo,150,,,,,22,25,C1,intermediate|advanced,intermediate|advanced,cambridge_22_25_intermediate_advanced,4,20,random,,,,,,,,,,,,,,,,,,,2026-08-09T15:58:12.658Z,C99S394L,2026-08-09,2026-08-09,12:58:12,2026-08-09 12:58:12,,,,,,,,69eb8f1f108d9b87368ef89d,69eb8f1f108d9b87368ef89d,,,,
4773,raw_position_sample,2,3,adv,20,2,17,18,-1,999,590,207,1515161,69eb8f1f108d9b87368ef89d,69eb8f1f108d9b87368ef89d,advanced,2,69eb8f1f108d9b87368ef89d,69eb8f1f108d9b87368ef89d,spotlight_PROLIFIC,,42,brazil,Portuguese,"portuguese, english, spanish ",spanish,Portuguese:50|English:40|spanish:10,100,Portuguese:40|English:50|spanish:10,100,Portuguese:75|English:20|spanish:5,100,17,4,Bachelor's,10,10,10,6,7,9,4,20,7,17,Duolingo,150,,,,,22,25,C1,intermediate|advanced,intermediate|advanced,cambridge_22_25_intermediate_advanced,4,20,random,,,,,,,,,,,,,,,,,,,2026-08-09T15:58:12.658Z,C99S394L,2026-08-09,2026-08-09,12:58:12,2026-08-09 12:58:12,,,,,,,,69eb8f1f108d9b87368ef89d,69eb8f1f108d9b87368ef89d,,,,
4823,raw_position_sample,2,3,adv,20,2,17,18,-1,999,590,207,1515211,69eb8f1f108d9b87368ef89d,69eb8f1f108d9b87368ef89d,advanced,2,69eb8f1f108d9b87368ef89d,69eb8f1f108d9b87368ef89d,spotlight_PROLIFIC,,42,brazil,Portuguese,"portuguese, english, spanish ",spanish,Portuguese:50|English:40|spanish:10,100,Portuguese:40|English:50|spanish:10,100,Portuguese:75|English:20|spanish:5,100,17,4,Bachelor's,10,10,10,6,7,9,4,20,7,17,Duolingo,150,,,,,22,25,C1,intermediate|advanced,intermediate|advanced,cambridge_22_25_intermediate_advanced,4,20,random,,,,,,,,,,,,,,,,,,,2026-08-09T15:58:12.658Z,C99S394L,2026-08-09,2026-08-09,12:58:12,2026-08-09 12:58:12,,,,,,,,69eb8f1f108d9b87368ef89d,69eb8f1f108d9b87368ef89d,,,,
4873,raw_position_sample,2,3,adv,20,2,17,18,-1,999,590,207,1515262,69eb8f1f108d9b87368ef89d,69eb8f1f108d9b87368ef89d,advanced,2,69eb8f1f108d9b87368ef89d,69eb8f1f108d9b87368ef89d,spotlight_PROLIFIC,,42,brazil,Portuguese,"portuguese, english, spanish ",spanish,Portuguese:50|English:40|spanish:10,100,Portuguese:40|English:50|spanish:10,100,Portuguese:75|English:20|spanish:5,100,17,4,Bachelor's,10,10,10,6,7,9,4,20,7,17,Duolingo,150,,,,,22,25,C1,intermediate|advanced,intermediate|advanced,cambridge_22_25_intermediate_advanced,4,20,random,,,,,,,,,,,,,,,,,,,2026-08-09T15:58:12.658Z,C99S394L,2026-08-09,2026-08-09,12:58:12,2026-08-09 12:58:12,,,,,,,,69eb8f1f108d9b87368ef89d,69eb8f1f108d9b87368ef89d,,,,
4923,raw_position_sample,2,3,adv,20,2,17,18,-1,999,590,207,1515312,69eb8f1f108d9b87368ef89d,69eb8f1f108d9b87368ef89d,advanced,2,69eb8f1f108d9b87368ef89d,69eb8f1f108d9b87368ef89d,spotlight_PROLIFIC,,42,brazil,Portuguese,"portuguese, english, spanish ",spanish,Portuguese:50|English:40|spanish:10,100,Portuguese:40|English:50|spanish:10,100,Portuguese:75|English:20|spanish:5,100,17,4,Bachelor's,10,10,10,6,7,9,4,20,7,17,Duolingo,150,,,,,22,25,C1,intermediate|advanced,intermediate|advanced,cambridge_22_25_intermediate_advanced,4,20,random,,,,,,,,,,,,,,,,,,,2026-08-09T15:58:12.658Z,C99S394L,2026-08-09,2026-08-09,12:58:12,2026-08-09 12:58:12,,,,,,,,69eb8f1f108d9b87368ef89d,69eb8f1f108d9b87368ef89d,,,,
4974,raw_position_sample,2,3,adv,20,2,17,18,-1,999,594,207,1515362,69eb8f1f108d9b87368ef89d,69eb8f1f108d9b87368ef89d,advanced,2,69eb8f1f108d9b87368ef89d,69eb8f1f108d9b87368ef89d,spotlight_PROLIFIC,,42,brazil,Portuguese,"portuguese, english, spanish ",spanish,Portuguese:50|English:40|spanish:10,100,Portuguese:40|English:50|spanish:10,100,Portuguese:75|English:20|spanish:5,100,17,4,Bachelor's,10,10,10,6,7,9,4,20,7,17,Duolingo,150,,,,,22,25,C1,intermediate|advanced,intermediate|advanced,cambridge_22_25_intermediate_advanced,4,20,random,,,,,,,,,,,,,,,,,,,2026-08-09T15:58:12.658Z,C99S394L,2026-08-09,2026-08-09,12:58:12,2026-08-09 12:58:12,,,,,,,,69eb8f1f108d9b87368ef89d,69eb8f1f108d9b87368ef89d,,,,
5023,raw_position_sample,2,3,adv,20,2,17,18,-1,999,620,203,1515412,69eb8f1f108d9b87368ef89d,69eb8f1f108d9b87368ef89d,advanced,2,69eb8f1f108d9b87368ef89d,69eb8f1f108d9b87368ef89d,spotlight_PROLIFIC,,42,brazil,Portuguese,"portuguese, english, spanish ",spanish,Portuguese:50|English:40|spanish:10,100,Portuguese:40|English:50|spanish:10,100,Portuguese:75|English:20|spanish:5,100,17,4,Bachelor's,10,10,10,6,7,9,4,20,7,17,Duolingo,150,,,,,22,25,C1,intermediate|advanced,intermediate|advanced,cambridge_22_25_intermediate_advanced,4,20,random,,,,,,,,,,,,,,,,,,,2026-08-09T15:58:12.658Z,C99S394L,2026-08-09,2026-08-09,12:58:12,2026-08-09 12:58:12,,,,,,,,69eb8f1f108d9b87368ef89d,69eb8f1f108d9b87368ef89d,,,,
5068,hover_association,2,3,adv,20,2,17,18,28, artist’s ,637,201,,69eb8f1f108d9b87368ef89d,69eb8f1f108d9b87368ef89d,advanced,2,69eb8f1f108d9b87368ef89d,69eb8f1f108d9b87368ef89d,spotlight_PROLIFIC,,42,brazil,Portuguese,"portuguese, english, spanish ",spanish,Portuguese:50|English:40|spanish:10,100,Portuguese:40|English:50|spanish:10,100,Portuguese:75|English:20|spanish:5,100,17,4,Bachelor's,10,10,10,6,7,9,4,20,7,17,Duolingo,150,,,,,22,25,C1,intermediate|advanced,intermediate|advanced,cambridge_22_25_intermediate_advanced,4,20,random,,193.26666259765625,621.8028106689453,233.26666259765625,685.4333572387695,3,1,hover,34,34,0.568864975744537,0.09333343505859375,154,,,,,,2026-08-09T15:58:12.658Z,C99S394L,2026-08-09,2026-08-09,12:58:12,2026-08-09 12:58:12,,,,,,,,69eb8f1f108d9b87368ef89d,69eb8f1f108d9b87368ef89d,,,,
5074,raw_position_sample,2,3,adv,20,2,17,18,15, what ,676,191,1515463,69eb8f1f108d9b87368ef89d,69eb8f1f108d9b87368ef89d,advanced,2,69eb8f1f108d9b87368ef89d,69eb8f1f108d9b87368ef89d,spotlight_PROLIFIC,,42,brazil,Portuguese,"portuguese, english, spanish ",spanish,Portuguese:50|English:40|spanish:10,100,Portuguese:40|English:50|spanish:10,100,Portuguese:75|English:20|spanish:5,100,17,4,Bachelor's,10,10,10,6,7,9,4,20,7,17,Duolingo,150,,,,,22,25,C1,intermediate|advanced,intermediate|advanced,cambridge_22_25_intermediate_advanced,4,20,random,,161.26666259765625,647.13330078125,185.26666259765625,693.6833038330078,2,2,,,,,,,,,,,,2026-08-09T15:58:12.658Z,C99S394L,2026-08-09,2026-08-09,12:58:12,2026-08-09 12:58:12,,,,,,,,69eb8f1f108d9b87368ef89d,69eb8f1f108d9b87368ef89d,,,,
5125,raw_position_sample,2,3,adv,20,2,17,18,15, what ,686,184,1515512,69eb8f1f108d9b87368ef89d,69eb8f1f108d9b87368ef89d,advanced,2,69eb8f1f108d9b87368ef89d,69eb8f1f108d9b87368ef89d,spotlight_PROLIFIC,,42,brazil,Portuguese,"portuguese, english, spanish ",spanish,Portuguese:50|English:40|spanish:10,100,Portuguese:40|English:50|spanish:10,100,Portuguese:75|English:20|spanish:5,100,17,4,Bachelor's,10,10,10,6,7,9,4,20,7,17,Duolingo,150,,,,,22,25,C1,intermediate|advanced,intermediate|advanced,cambridge_22_25_intermediate_advanced,4,20,random,,161.26666259765625,647.13330078125,185.26666259765625,693.6833038330078,2,2,,,,,,,,,,,,2026-08-09T15:58:12.658Z,C99S394L,2026-08-09,2026-08-09,12:58:12,2026-08-09 12:58:12,,,,,,,,69eb8f1f108d9b87368ef89d,69eb8f1f108d9b87368ef89d,,,,
5175,raw_position_sample,2,3,adv,20,2,17,18,15, what ,686,183,1515563,69eb8f1f108d9b87368ef89d,69eb8f1f108d9b87368ef89d,advanced,2,69eb8f1f108d9b87368ef89d,69eb8f1f108d9b87368ef89d,spotlight_PROLIFIC,,42,brazil,Portuguese,"portuguese, english, spanish ",spanish,Portuguese:50|English:40|spanish:10,100,Portuguese:40|English:50|spanish:10,100,Portuguese:75|English:20|spanish:5,100,17,4,Bachelor's,10,10,10,6,7,9,4,20,7,17,Duolingo,150,,,,,22,25,C1,intermediate|advanced,intermediate|advanced,cambridge_22_25_intermediate_advanced,4,20,random,,161.26666259765625,647.13330078125,185.26666259765625,693.6833038330078,2,2,,,,,,,,,,,,2026-08-09T15:58:12.658Z,C99S394L,2026-08-09,2026-08-09,12:58:12,2026-08-09 12:58:12,,,,,,,,69eb8f1f108d9b87368ef89d,69eb8f1f108d9b87368ef89d,,,,
5225,raw_position_sample,2,3,adv,20,2,17,18,15, what ,682,176,1515613,69eb8f1f108d9b87368ef89d,69eb8f1f108d9b87368ef89d,advanced,2,69eb8f1f108d9b87368ef89d,69eb8f1f108d9b87368ef89d,spotlight_PROLIFIC,,42,brazil,Portuguese,"portuguese, english, spanish ",spanish,Portuguese:50|English:40|spanish:10,100,Portuguese:40|English:50|spanish:10,100,Portuguese:75|English:20|spanish:5,100,17,4,Bachelor's,10,10,10,6,7,9,4,20,7,17,Duolingo,150,,,,,22,25,C1,intermediate|advanced,intermediate|advanced,cambridge_22_25_intermediate_advanced,4,20,random,,161.26666259765625,647.13330078125,185.26666259765625,693.6833038330078,2,2,,,,,,,,,,,,2026-08-09T15:58:12.658Z,C99S394L,2026-08-09,2026-08-09,12:58:12,2026-08-09 12:58:12,,,,,,,,69eb8f1f108d9b87368ef89d,69eb8f1f108d9b87368ef89d,,,,
5275,raw_position_sample,2,3,adv,20,2,17,18,15, what ,663,165,1515663,69eb8f1f108d9b87368ef89d,69eb8f1f108d9b87368ef89d,advanced,2,69eb8f1f108d9b87368ef89d,69eb8f1f108d9b87368ef89d,spotlight_PROLIFIC,,42,brazil,Portuguese,"portuguese, english, spanish ",spanish,Portuguese:50|English:40|spanish:10,100,Portuguese:40|English:50|spanish:10,100,Portuguese:75|English:20|spanish:5,100,17,4,Bachelor's,10,10,10,6,7,9,4,20,7,17,Duolingo,150,,,,,22,25,C1,intermediate|advanced,intermediate|advanced,cambridge_22_25_intermediate_advanced,4,20,random,,161.26666259765625,647.13330078125,185.26666259765625,693.6833038330078,2,2,,,,,,,,,,,,2026-08-09T15:58:12.658Z,C99S394L,2026-08-09,2026-08-09,12:58:12,2026-08-09 12:58:12,,,,,,,,69eb8f1f108d9b87368ef89d,69eb8f1f108d9b87368ef89d,,,,
5301,hover_association,2,3,adv,20,2,17,18,15, what ,676,191,,69eb8f1f108d9b87368ef89d,69eb8f1f108d9b87368ef89d,advanced,2,69eb8f1f108d9b87368ef89d,69eb8f1f108d9b87368ef89d,spotlight_PROLIFIC,,42,brazil,Portuguese,"portuguese, english, spanish ",spanish,Portuguese:50|English:40|spanish:10,100,Portuguese:40|English:50|spanish:10,100,Portuguese:75|English:20|spanish:5,100,17,4,Bachelor's,10,10,10,6,7,9,4,20,7,17,Duolingo,150,,,,,22,25,C1,intermediate|advanced,intermediate|advanced,cambridge_22_25_intermediate_advanced,4,20,random,,153.26666259765625,647.1333312988281,193.26666259765625,693.6833267211914,2,2,hover,233,233,0.19047625291306047,0.26833343505859375,154,,,,,,2026-08-09T15:58:12.658Z,C99S394L,2026-08-09,2026-08-09,12:58:12,2026-08-09 12:58:12,,,,,,,,69eb8f1f108d9b87368ef89d,69eb8f1f108d9b87368ef89d,,,,
5326,raw_position_sample,2,3,adv,20,2,17,18,14, of ,641,163,1515714,69eb8f1f108d9b87368ef89d,69eb8f1f108d9b87368ef89d,advanced,2,69eb8f1f108d9b87368ef89d,69eb8f1f108d9b87368ef89d,spotlight_PROLIFIC,,42,brazil,Portuguese,"portuguese, english, spanish ",spanish,Portuguese:50|English:40|spanish:10,100,Portuguese:40|English:50|spanish:10,100,Portuguese:75|English:20|spanish:5,100,17,4,Bachelor's,10,10,10,6,7,9,4,20,7,17,Duolingo,150,,,,,22,25,C1,intermediate|advanced,intermediate|advanced,cambridge_22_25_intermediate_advanced,4,20,random,,161.26666259765625,625.36669921875,185.26666259765625,647.1333618164062,2,1,,,,,,,,,,,,2026-08-09T15:58:12.658Z,C99S394L,2026-08-09,2026-08-09,12:58:12,2026-08-09 12:58:12,,,,,,,,69eb8f1f108d9b87368ef89d,69eb8f1f108d9b87368ef89d,,,,
5375,raw_position_sample,2,3,adv,20,2,17,18,14, of ,626,164,1515764,69eb8f1f108d9b87368ef89d,69eb8f1f108d9b87368ef89d,advanced,2,69eb8f1f108d9b87368ef89d,69eb8f1f108d9b87368ef89d,spotlight_PROLIFIC,,42,brazil,Portuguese,"portuguese, english, spanish ",spanish,Portuguese:50|English:40|spanish:10,100,Portuguese:40|English:50|spanish:10,100,Portuguese:75|English:20|spanish:5,100,17,4,Bachelor's,10,10,10,6,7,9,4,20,7,17,Duolingo,150,,,,,22,25,C1,intermediate|advanced,intermediate|advanced,cambridge_22_25_intermediate_advanced,4,20,random,,161.26666259765625,625.36669921875,185.26666259765625,647.1333618164062,2,1,,,,,,,,,,,,2026-08-09T15:58:12.658Z,C99S394L,2026-08-09,2026-08-09,12:58:12,2026-08-09 12:58:12,,,,,,,,69eb8f1f108d9b87368ef89d,69eb8f1f108d9b87368ef89d,,,,
5426,raw_position_sample,2,3,adv,20,2,17,18,14, of ,625,166,1515814,69eb8f1f108d9b87368ef89d,69eb8f1f108d9b87368ef89d,advanced,2,69eb8f1f108d9b87368ef89d,69eb8f1f108d9b87368ef89d,spotlight_PROLIFIC,,42,brazil,Portuguese,"portuguese, english, spanish ",spanish,Portuguese:50|English:40|spanish:10,100,Portuguese:40|English:50|spanish:10,100,Portuguese:75|English:20|spanish:5,100,17,4,Bachelor's,10,10,10,6,7,9,4,20,7,17,Duolingo,150,,,,,22,25,C1,intermediate|advanced,intermediate|advanced,cambridge_22_25_intermediate_advanced,4,20,random,,161.26666259765625,625.36669921875,185.26666259765625,647.1333618164062,2,1,,,,,,,,,,,,2026-08-09T15:58:12.658Z,C99S394L,2026-08-09,2026-08-09,12:58:12,2026-08-09 12:58:12,,,,,,,,69eb8f1f108d9b87368ef89d,69eb8f1f108d9b87368ef89d,,,,
5476,raw_position_sample,2,3,adv,20,2,17,18,14, of ,628,167,1515864,69eb8f1f108d9b87368ef89d,69eb8f1f108d9b87368ef89d,advanced,2,69eb8f1f108d9b87368ef89d,69eb8f1f108d9b87368ef89d,spotlight_PROLIFIC,,42,brazil,Portuguese,"portuguese, english, spanish ",spanish,Portuguese:50|English:40|spanish:10,100,Portuguese:40|English:50|spanish:10,100,Portuguese:75|English:20|spanish:5,100,17,4,Bachelor's,10,10,10,6,7,9,4,20,7,17,Duolingo,150,,,,,22,25,C1,intermediate|advanced,intermediate|advanced,cambridge_22_25_intermediate_advanced,4,20,random,,161.26666259765625,625.36669921875,185.26666259765625,647.1333618164062,2,1,,,,,,,,,,,,2026-08-09T15:58:12.658Z,C99S394L,2026-08-09,2026-08-09,12:58:12,2026-08-09 12:58:12,,,,,,,,69eb8f1f108d9b87368ef89d,69eb8f1f108d9b87368ef89d,,,,
5527,raw_position_sample,2,3,adv,20,2,17,18,14, of ,640,169,1515916,69eb8f1f108d9b87368ef89d,69eb8f1f108d9b87368ef89d,advanced,2,69eb8f1f108d9b87368ef89d,69eb8f1f108d9b87368ef89d,spotlight_PROLIFIC,,42,brazil,Portuguese,"portuguese, english, spanish ",spanish,Portuguese:50|English:40|spanish:10,100,Portuguese:40|English:50|spanish:10,100,Portuguese:75|English:20|spanish:5,100,17,4,Bachelor's,10,10,10,6,7,9,4,20,7,17,Duolingo,150,,,,,22,25,C1,intermediate|advanced,intermediate|advanced,cambridge_22_25_intermediate_advanced,4,20,random,,161.26666259765625,625.36669921875,185.26666259765625,647.1333618164062,2,1,,,,,,,,,,,,2026-08-09T15:58:12.658Z,C99S394L,2026-08-09,2026-08-09,12:58:12,2026-08-09 12:58:12,,,,,,,,69eb8f1f108d9b87368ef89d,69eb8f1f108d9b87368ef89d,,,,
5569,hover_association,2,3,adv,20,2,17,18,14, of ,646,163,,69eb8f1f108d9b87368ef89d,69eb8f1f108d9b87368ef89d,advanced,2,69eb8f1f108d9b87368ef89d,69eb8f1f108d9b87368ef89d,spotlight_PROLIFIC,,42,brazil,Portuguese,"portuguese, english, spanish ",spanish,Portuguese:50|English:40|spanish:10,100,Portuguese:40|English:50|spanish:10,100,Portuguese:75|English:20|spanish:5,100,17,4,Bachelor's,10,10,10,6,7,9,4,20,7,17,Duolingo,150,,,,,22,25,C1,intermediate|advanced,intermediate|advanced,cambridge_22_25_intermediate_advanced,4,20,random,,153.26666259765625,621.8028106689453,193.26666259765625,647.1333312988281,2,1,hover,267,267,0.9552582706298142,0.39333343505859375,154,,,,,,2026-08-09T15:58:12.658Z,C99S394L,2026-08-09,2026-08-09,12:58:12,2026-08-09 12:58:12,,,,,,,,69eb8f1f108d9b87368ef89d,69eb8f1f108d9b87368ef89d,,,,
5577,raw_position_sample,2,3,adv,20,2,17,18,15, what ,648,169,1515966,69eb8f1f108d9b87368ef89d,69eb8f1f108d9b87368ef89d,advanced,2,69eb8f1f108d9b87368ef89d,69eb8f1f108d9b87368ef89d,spotlight_PROLIFIC,,42,brazil,Portuguese,"portuguese, english, spanish ",spanish,Portuguese:50|English:40|spanish:10,100,Portuguese:40|English:50|spanish:10,100,Portuguese:75|English:20|spanish:5,100,17,4,Bachelor's,10,10,10,6,7,9,4,20,7,17,Duolingo,150,,,,,22,25,C1,intermediate|advanced,intermediate|advanced,cambridge_22_25_intermediate_advanced,4,20,random,,161.26666259765625,647.13330078125,185.26666259765625,693.6833038330078,2,2,,,,,,,,,,,,2026-08-09T15:58:12.658Z,C99S394L,2026-08-09,2026-08-09,12:58:12,2026-08-09 12:58:12,,,,,,,,69eb8f1f108d9b87368ef89d,69eb8f1f108d9b87368ef89d,,,,
5627,raw_position_sample,2,3,adv,20,2,17,18,15, what ,655,171,1516016,69eb8f1f108d9b87368ef89d,69eb8f1f108d9b87368ef89d,advanced,2,69eb8f1f108d9b87368ef89d,69eb8f1f108d9b87368ef89d,spotlight_PROLIFIC,,42,brazil,Portuguese,"portuguese, english, spanish ",spanish,Portuguese:50|English:40|spanish:10,100,Portuguese:40|English:50|spanish:10,100,Portuguese:75|English:20|spanish:5,100,17,4,Bachelor's,10,10,10,6,7,9,4,20,7,17,Duolingo,150,,,,,22,25,C1,intermediate|advanced,intermediate|advanced,cambridge_22_25_intermediate_advanced,4,20,random,,161.26666259765625,647.13330078125,185.26666259765625,693.6833038330078,2,2,,,,,,,,,,,,2026-08-09T15:58:12.658Z,C99S394L,2026-08-09,2026-08-09,12:58:12,2026-08-09 12:58:12,,,,,,,,69eb8f1f108d9b87368ef89d,69eb8f1f108d9b87368ef89d,,,,
5678,raw_position_sample,2,3,adv,20,2,17,18,15, what ,655,171,1516067,69eb8f1f108d9b87368ef89d,69eb8f1f108d9b87368ef89d,advanced,2,69eb8f1f108d9b87368ef89d,69eb8f1f108d9b87368ef89d,spotlight_PROLIFIC,,42,brazil,Portuguese,"portuguese, english, spanish ",spanish,Portuguese:50|English:40|spanish:10,100,Portuguese:40|English:50|spanish:10,100,Portuguese:75|English:20|spanish:5,100,17,4,Bachelor's,10,10,10,6,7,9,4,20,7,17,Duolingo,150,,,,,22,25,C1,intermediate|advanced,intermediate|advanced,cambridge_22_25_intermediate_advanced,4,20,random,,161.26666259765625,647.13330078125,185.26666259765625,693.6833038330078,2,2,,,,,,,,,,,,2026-08-09T15:58:12.658Z,C99S394L,2026-08-09,2026-08-09,12:58:12,2026-08-09 12:58:12,,,,,,,,69eb8f1f108d9b87368ef89d,69eb8f1f108d9b87368ef89d,,,,
5729,raw_position_sample,2,3,adv,20,2,17,18,15, what ,657,172,1516117,69eb8f1f108d9b87368ef89d,69eb8f1f108d9b87368ef89d,advanced,2,69eb8f1f108d9b87368ef89d,69eb8f1f108d9b87368ef89d,spotlight_PROLIFIC,,42,brazil,Portuguese,"portuguese, english, spanish ",spanish,Portuguese:50|English:40|spanish:10,100,Portuguese:40|English:50|spanish:10,100,Portuguese:75|English:20|spanish:5,100,17,4,Bachelor's,10,10,10,6,7,9,4,20,7,17,Duolingo,150,,,,,22,25,C1,intermediate|advanced,intermediate|advanced,cambridge_22_25_intermediate_advanced,4,20,random,,161.26666259765625,647.13330078125,185.26666259765625,693.6833038330078,2,2,,,,,,,,,,,,2026-08-09T15:58:12.658Z,C99S394L,2026-08-09,2026-08-09,12:58:12,2026-08-09 12:58:12,,,,,,,,69eb8f1f108d9b87368ef89d,69eb8f1f108d9b87368ef89d,,,,
5779,raw_position_sample,2,3,adv,20,2,17,18,15, what ,657,172,1516166,69eb8f1f108d9b87368ef89d,69eb8f1f108d9b87368ef89d,advanced,2,69eb8f1f108d9b87368ef89d,69eb8f1f108d9b87368ef89d,spotlight_PROLIFIC,,42,brazil,Portuguese,"portuguese, english, spanish ",spanish,Portuguese:50|English:40|spanish:10,100,Portuguese:40|English:50|spanish:10,100,Portuguese:75|English:20|spanish:5,100,17,4,Bachelor's,10,10,10,6,7,9,4,20,7,17,Duolingo,150,,,,,22,25,C1,intermediate|advanced,intermediate|advanced,cambridge_22_25_intermediate_advanced,4,20,random,,161.26666259765625,647.13330078125,185.26666259765625,693.6833038330078,2,2,,,,,,,,,,,,2026-08-09T15:58:12.658Z,C99S394L,2026-08-09,2026-08-09,12:58:12,2026-08-09 12:58:12,,,,,,,,69eb8f1f108d9b87368ef89d,69eb8f1f108d9b87368ef89d,,,,
5829,raw_position_sample,2,3,adv,20,2,17,18,15, what ,657,172,1516217,69eb8f1f108d9b87368ef89d,69eb8f1f108d9b87368ef89d,advanced,2,69eb8f1f108d9b87368ef89d,69eb8f1f108d9b87368ef89d,spotlight_PROLIFIC,,42,brazil,Portuguese,"portuguese, english, spanish ",spanish,Portuguese:50|English:40|spanish:10,100,Portuguese:40|English:50|spanish:10,100,Portuguese:75|English:20|spanish:5,100,17,4,Bachelor's,10,10,10,6,7,9,4,20,7,17,Duolingo,150,,,,,22,25,C1,intermediate|advanced,intermediate|advanced,cambridge_22_25_intermediate_advanced,4,20,random,,161.26666259765625,647.13330078125,185.26666259765625,693.6833038330078,2,2,,,,,,,,,,,,2026-08-09T15:58:12.658Z,C99S394L,2026-08-09,2026-08-09,12:58:12,2026-08-09 12:58:12,,,,,,,,69eb8f1f108d9b87368ef89d,69eb8f1f108d9b87368ef89d,,,,
5879,raw_position_sample,2,3,adv,20,2,17,18,15, what ,657,172,1516267,69eb8f1f108d9b87368ef89d,69eb8f1f108d9b87368ef89d,advanced,2,69eb8f1f108d9b87368ef89d,69eb8f1f108d9b87368ef89d,spotlight_PROLIFIC,,42,brazil,Portuguese,"portuguese, english, spanish ",spanish,Portuguese:50|English:40|spanish:10,100,Portuguese:40|English:50|spanish:10,100,Portuguese:75|English:20|spanish:5,100,17,4,Bachelor's,10,10,10,6,7,9,4,20,7,17,Duolingo,150,,,,,22,25,C1,intermediate|advanced,intermediate|advanced,cambridge_22_25_intermediate_advanced,4,20,random,,161.26666259765625,647.13330078125,185.26666259765625,693.6833038330078,2,2,,,,,,,,,,,,2026-08-09T15:58:12.658Z,C99S394L,2026-08-09,2026-08-09,12:58:12,2026-08-09 12:58:12,,,,,,,,69eb8f1f108d9b87368ef89d,69eb8f1f108d9b87368ef89d,,,,
5929,raw_position_sample,2,3,adv,20,2,17,18,15, what ,655,172,1516317,69eb8f1f108d9b87368ef89d,69eb8f1f108d9b87368ef89d,advanced,2,69eb8f1f108d9b87368ef89d,69eb8f1f108d9b87368ef89d,spotlight_PROLIFIC,,42,brazil,Portuguese,"portuguese, english, spanish ",spanish,Portuguese:50|English:40|spanish:10,100,Portuguese:40|English:50|spanish:10,100,Portuguese:75|English:20|spanish:5,100,17,4,Bachelor's,10,10,10,6,7,9,4,20,7,17,Duolingo,150,,,,,22,25,C1,intermediate|advanced,intermediate|advanced,cambridge_22_25_intermediate_advanced,4,20,random,,161.26666259765625,647.13330078125,185.26666259765625,693.6833038330078,2,2,,,,,,,,,,,,2026-08-09T15:58:12.658Z,C99S394L,2026-08-09,2026-08-09,12:58:12,2026-08-09 12:58:12,,,,,,,,69eb8f1f108d9b87368ef89d,69eb8f1f108d9b87368ef89d,,,,
5979,raw_position_sample,2,3,adv,20,2,17,18,15, what ,650,174,1516368,69eb8f1f108d9b87368ef89d,69eb8f1f108d9b87368ef89d,advanced,2,69eb8f1f108d9b87368ef89d,69eb8f1f108d9b87368ef89d,spotlight_PROLIFIC,,42,brazil,Portuguese,"portuguese, english, spanish ",spanish,Portuguese:50|English:40|spanish:10,100,Portuguese:40|English:50|spanish:10,100,Portuguese:75|English:20|spanish:5,100,17,4,Bachelor's,10,10,10,6,7,9,4,20,7,17,Duolingo,150,,,,,22,25,C1,intermediate|advanced,intermediate|advanced,cambridge_22_25_intermediate_advanced,4,20,random,,161.26666259765625,647.13330078125,185.26666259765625,693.6833038330078,2,2,,,,,,,,,,,,2026-08-09T15:58:12.658Z,C99S394L,2026-08-09,2026-08-09,12:58:12,2026-08-09 12:58:12,,,,,,,,69eb8f1f108d9b87368ef89d,69eb8f1f108d9b87368ef89d,,,,
5984,hover_association,2,3,adv,20,2,17,18,15, what ,648,169,,69eb8f1f108d9b87368ef89d,69eb8f1f108d9b87368ef89d,advanced,2,69eb8f1f108d9b87368ef89d,69eb8f1f108d9b87368ef89d,spotlight_PROLIFIC,,42,brazil,Portuguese,"portuguese, english, spanish ",spanish,Portuguese:50|English:40|spanish:10,100,Portuguese:40|English:50|spanish:10,100,Portuguese:75|English:20|spanish:5,100,17,4,Bachelor's,10,10,10,6,7,9,4,20,7,17,Duolingo,150,,,,,22,25,C1,intermediate|advanced,intermediate|advanced,cambridge_22_25_intermediate_advanced,4,20,random,,153.26666259765625,647.1333312988281,193.26666259765625,693.6833267211914,2,2,hover,416,416,0.061582577509657205,0.5183334350585938,154,,,,,,2026-08-09T15:58:12.658Z,C99S394L,2026-08-09,2026-08-09,12:58:12,2026-08-09 12:58:12,,,,,,,,69eb8f1f108d9b87368ef89d,69eb8f1f108d9b87368ef89d,,,,
6030,raw_position_sample,2,3,adv,20,2,17,18,14, of ,645,174,1516418,69eb8f1f108d9b87368ef89d,69eb8f1f108d9b87368ef89d,advanced,2,69eb8f1f108d9b87368ef89d,69eb8f1f108d9b87368ef89d,spotlight_PROLIFIC,,42,brazil,Portuguese,"portuguese, english, spanish ",spanish,Portuguese:50|English:40|spanish:10,100,Portuguese:40|English:50|spanish:10,100,Portuguese:75|English:20|spanish:5,100,17,4,Bachelor's,10,10,10,6,7,9,4,20,7,17,Duolingo,150,,,,,22,25,C1,intermediate|advanced,intermediate|advanced,cambridge_22_25_intermediate_advanced,4,20,random,,161.26666259765625,625.36669921875,185.26666259765625,647.1333618164062,2,1,,,,,,,,,,,,2026-08-09T15:58:12.658Z,C99S394L,2026-08-09,2026-08-09,12:58:12,2026-08-09 12:58:12,,,,,,,,69eb8f1f108d9b87368ef89d,69eb8f1f108d9b87368ef89d,,,,
6080,raw_position_sample,2,3,adv,20,2,17,18,14, of ,645,174,1516468,69eb8f1f108d9b87368ef89d,69eb8f1f108d9b87368ef89d,advanced,2,69eb8f1f108d9b87368ef89d,69eb8f1f108d9b87368ef89d,spotlight_PROLIFIC,,42,brazil,Portuguese,"portuguese, english, spanish ",spanish,Portuguese:50|English:40|spanish:10,100,Portuguese:40|English:50|spanish:10,100,Portuguese:75|English:20|spanish:5,100,17,4,Bachelor's,10,10,10,6,7,9,4,20,7,17,Duolingo,150,,,,,22,25,C1,intermediate|advanced,intermediate|advanced,cambridge_22_25_intermediate_advanced,4,20,random,,161.26666259765625,625.36669921875,185.26666259765625,647.1333618164062,2,1,,,,,,,,,,,,2026-08-09T15:58:12.658Z,C99S394L,2026-08-09,2026-08-09,12:58:12,2026-08-09 12:58:12,,,,,,,,69eb8f1f108d9b87368ef89d,69eb8f1f108d9b87368ef89d,,,,
6130,raw_position_sample,2,3,adv,20,2,17,18,14, of ,645,174,1516518,69eb8f1f108d9b87368ef89d,69eb8f1f108d9b87368ef89d,advanced,2,69eb8f1f108d9b87368ef89d,69eb8f1f108d9b87368ef89d,spotlight_PROLIFIC,,42,brazil,Portuguese,"portuguese, english, spanish ",spanish,Portuguese:50|English:40|spanish:10,100,Portuguese:40|English:50|spanish:10,100,Portuguese:75|English:20|spanish:5,100,17,4,Bachelor's,10,10,10,6,7,9,4,20,7,17,Duolingo,150,,,,,22,25,C1,intermediate|advanced,intermediate|advanced,cambridge_22_25_intermediate_advanced,4,20,random,,161.26666259765625,625.36669921875,185.26666259765625,647.1333618164062,2,1,,,,,,,,,,,,2026-08-09T15:58:12.658Z,C99S394L,2026-08-09,2026-08-09,12:58:12,2026-08-09 12:58:12,,,,,,,,69eb8f1f108d9b87368ef89d,69eb8f1f108d9b87368ef89d,,,,
6151,hover_association,2,3,adv,20,2,17,18,14, of ,646,174,,69eb8f1f108d9b87368ef89d,69eb8f1f108d9b87368ef89d,advanced,2,69eb8f1f108d9b87368ef89d,69eb8f1f108d9b87368ef89d,spotlight_PROLIFIC,,42,brazil,Portuguese,"portuguese, english, spanish ",spanish,Portuguese:50|English:40|spanish:10,100,Portuguese:40|English:50|spanish:10,100,Portuguese:75|English:20|spanish:5,100,17,4,Bachelor's,10,10,10,6,7,9,4,20,7,17,Duolingo,150,,,,,22,25,C1,intermediate|advanced,intermediate|advanced,cambridge_22_25_intermediate_advanced,4,20,random,,153.26666259765625,621.8028106689453,193.26666259765625,647.1333312988281,2,1,hover,167,167,0.9947363380020373,0.5183334350585938,154,,,,,,2026-08-09T15:58:12.658Z,C99S394L,2026-08-09,2026-08-09,12:58:12,2026-08-09 12:58:12,,,,,,,,69eb8f1f108d9b87368ef89d,69eb8f1f108d9b87368ef89d,,,,
6181,raw_position_sample,2,3,adv,20,2,17,18,15, what ,652,174,1516569,69eb8f1f108d9b87368ef89d,69eb8f1f108d9b87368ef89d,advanced,2,69eb8f1f108d9b87368ef89d,69eb8f1f108d9b87368ef89d,spotlight_PROLIFIC,,42,brazil,Portuguese,"portuguese, english, spanish ",spanish,Portuguese:50|English:40|spanish:10,100,Portuguese:40|English:50|spanish:10,100,Portuguese:75|English:20|spanish:5,100,17,4,Bachelor's,10,10,10,6,7,9,4,20,7,17,Duolingo,150,,,,,22,25,C1,intermediate|advanced,intermediate|advanced,cambridge_22_25_intermediate_advanced,4,20,random,,161.26666259765625,647.13330078125,185.26666259765625,693.6833038330078,2,2,,,,,,,,,,,,2026-08-09T15:58:12.658Z,C99S394L,2026-08-09,2026-08-09,12:58:12,2026-08-09 12:58:12,,,,,,,,69eb8f1f108d9b87368ef89d,69eb8f1f108d9b87368ef89d,,,,
6231,raw_position_sample,2,3,adv,20,2,17,18,15, what ,667,174,1516619,69eb8f1f108d9b87368ef89d,69eb8f1f108d9b87368ef89d,advanced,2,69eb8f1f108d9b87368ef89d,69eb8f1f108d9b87368ef89d,spotlight_PROLIFIC,,42,brazil,Portuguese,"portuguese, english, spanish ",spanish,Portuguese:50|English:40|spanish:10,100,Portuguese:40|English:50|spanish:10,100,Portuguese:75|English:20|spanish:5,100,17,4,Bachelor's,10,10,10,6,7,9,4,20,7,17,Duolingo,150,,,,,22,25,C1,intermediate|advanced,intermediate|advanced,cambridge_22_25_intermediate_advanced,4,20,random,,161.26666259765625,647.13330078125,185.26666259765625,693.6833038330078,2,2,,,,,,,,,,,,2026-08-09T15:58:12.658Z,C99S394L,2026-08-09,2026-08-09,12:58:12,2026-08-09 12:58:12,,,,,,,,69eb8f1f108d9b87368ef89d,69eb8f1f108d9b87368ef89d,,,,
6281,raw_position_sample,2,3,adv,20,2,17,18,15, what ,684,174,1516669,69eb8f1f108d9b87368ef89d,69eb8f1f108d9b87368ef89d,advanced,2,69eb8f1f108d9b87368ef89d,69eb8f1f108d9b87368ef89d,spotlight_PROLIFIC,,42,brazil,Portuguese,"portuguese, english, spanish ",spanish,Portuguese:50|English:40|spanish:10,100,Portuguese:40|English:50|spanish:10,100,Portuguese:75|English:20|spanish:5,100,17,4,Bachelor's,10,10,10,6,7,9,4,20,7,17,Duolingo,150,,,,,22,25,C1,intermediate|advanced,intermediate|advanced,cambridge_22_25_intermediate_advanced,4,20,random,,161.26666259765625,647.13330078125,185.26666259765625,693.6833038330078,2,2,,,,,,,,,,,,2026-08-09T15:58:12.658Z,C99S394L,2026-08-09,2026-08-09,12:58:12,2026-08-09 12:58:12,,,,,,,,69eb8f1f108d9b87368ef89d,69eb8f1f108d9b87368ef89d,,,,
6331,raw_position_sample,2,3,adv,20,2,17,18,15, what ,692,174,1516720,69eb8f1f108d9b87368ef89d,69eb8f1f108d9b87368ef89d,advanced,2,69eb8f1f108d9b87368ef89d,69eb8f1f108d9b87368ef89d,spotlight_PROLIFIC,,42,brazil,Portuguese,"portuguese, english, spanish ",spanish,Portuguese:50|English:40|spanish:10,100,Portuguese:40|English:50|spanish:10,100,Portuguese:75|English:20|spanish:5,100,17,4,Bachelor's,10,10,10,6,7,9,4,20,7,17,Duolingo,150,,,,,22,25,C1,intermediate|advanced,intermediate|advanced,cambridge_22_25_intermediate_advanced,4,20,random,,161.26666259765625,647.13330078125,185.26666259765625,693.6833038330078,2,2,,,,,,,,,,,,2026-08-09T15:58:12.658Z,C99S394L,2026-08-09,2026-08-09,12:58:12,2026-08-09 12:58:12,,,,,,,,69eb8f1f108d9b87368ef89d,69eb8f1f108d9b87368ef89d,,,,
6334,hover_association,2,3,adv,20,2,17,18,15, what ,648,174,,69eb8f1f108d9b87368ef89d,69eb8f1f108d9b87368ef89d,advanced,2,69eb8f1f108d9b87368ef89d,69eb8f1f108d9b87368ef89d,spotlight_PROLIFIC,,42,brazil,Portuguese,"portuguese, english, spanish ",spanish,Portuguese:50|English:40|spanish:10,100,Portuguese:40|English:50|spanish:10,100,Portuguese:75|English:20|spanish:5,100,17,4,Bachelor's,10,10,10,6,7,9,4,20,7,17,Duolingo,150,,,,,22,25,C1,intermediate|advanced,intermediate|advanced,cambridge_22_25_intermediate_advanced,4,20,random,,153.26666259765625,647.1333312988281,193.26666259765625,693.6833267211914,2,2,hover,183,183,0.9638383053334799,0.5183334350585938,154,,,,,,2026-08-09T15:58:12.658Z,C99S394L,2026-08-09,2026-08-09,12:58:12,2026-08-09 12:58:12,,,,,,,,69eb8f1f108d9b87368ef89d,69eb8f1f108d9b87368ef89d,,,,
6382,raw_position_sample,2,3,adv,20,2,17,18,16, they’re ,702,174,1516770,69eb8f1f108d9b87368ef89d,69eb8f1f108d9b87368ef89d,advanced,2,69eb8f1f108d9b87368ef89d,69eb8f1f108d9b87368ef89d,spotlight_PROLIFIC,,42,brazil,Portuguese,"portuguese, english, spanish ",spanish,Portuguese:50|English:40|spanish:10,100,Portuguese:40|English:50|spanish:10,100,Portuguese:75|English:20|spanish:5,100,17,4,Bachelor's,10,10,10,6,7,9,4,20,7,17,Duolingo,150,,,,,22,25,C1,intermediate|advanced,intermediate|advanced,cambridge_22_25_intermediate_advanced,4,20,random,,161.26666259765625,693.683349609375,185.26666259765625,755.5166778564453,2,3,,,,,,,,,,,,2026-08-09T15:58:12.658Z,C99S394L,2026-08-09,2026-08-09,12:58:12,2026-08-09 12:58:12,,,,,,,,69eb8f1f108d9b87368ef89d,69eb8f1f108d9b87368ef89d,,,,
6431,raw_position_sample,2,3,adv,20,2,17,18,16, they’re ,719,174,1516820,69eb8f1f108d9b87368ef89d,69eb8f1f108d9b87368ef89d,advanced,2,69eb8f1f108d9b87368ef89d,69eb8f1f108d9b87368ef89d,spotlight_PROLIFIC,,42,brazil,Portuguese,"portuguese, english, spanish ",spanish,Portuguese:50|English:40|spanish:10,100,Portuguese:40|English:50|spanish:10,100,Portuguese:75|English:20|spanish:5,100,17,4,Bachelor's,10,10,10,6,7,9,4,20,7,17,Duolingo,150,,,,,22,25,C1,intermediate|advanced,intermediate|advanced,cambridge_22_25_intermediate_advanced,4,20,random,,161.26666259765625,693.683349609375,185.26666259765625,755.5166778564453,2,3,,,,,,,,,,,,2026-08-09T15:58:12.658Z,C99S394L,2026-08-09,2026-08-09,12:58:12,2026-08-09 12:58:12,,,,,,,,69eb8f1f108d9b87368ef89d,69eb8f1f108d9b87368ef89d,,,,
6482,raw_position_sample,2,3,adv,20,2,17,18,16, they’re ,741,174,1516871,69eb8f1f108d9b87368ef89d,69eb8f1f108d9b87368ef89d,advanced,2,69eb8f1f108d9b87368ef89d,69eb8f1f108d9b87368ef89d,spotlight_PROLIFIC,,42,brazil,Portuguese,"portuguese, english, spanish ",spanish,Portuguese:50|English:40|spanish:10,100,Portuguese:40|English:50|spanish:10,100,Portuguese:75|English:20|spanish:5,100,17,4,Bachelor's,10,10,10,6,7,9,4,20,7,17,Duolingo,150,,,,,22,25,C1,intermediate|advanced,intermediate|advanced,cambridge_22_25_intermediate_advanced,4,20,random,,161.26666259765625,693.683349609375,185.26666259765625,755.5166778564453,2,3,,,,,,,,,,,,2026-08-09T15:58:12.658Z,C99S394L,2026-08-09,2026-08-09,12:58:12,2026-08-09 12:58:12,,,,,,,,69eb8f1f108d9b87368ef89d,69eb8f1f108d9b87368ef89d,,,,
6518,hover_association,2,3,adv,20,2,17,18,16, they’re ,694,174,,69eb8f1f108d9b87368ef89d,69eb8f1f108d9b87368ef89d,advanced,2,69eb8f1f108d9b87368ef89d,69eb8f1f108d9b87368ef89d,spotlight_PROLIFIC,,42,brazil,Portuguese,"portuguese, english, spanish ",spanish,Portuguese:50|English:40|spanish:10,100,Portuguese:40|English:50|spanish:10,100,Portuguese:75|English:20|spanish:5,100,17,4,Bachelor's,10,10,10,6,7,9,4,20,7,17,Duolingo,150,,,,,22,25,C1,intermediate|advanced,intermediate|advanced,cambridge_22_25_intermediate_advanced,4,20,random,,153.26666259765625,693.6833267211914,193.26666259765625,755.5166702270508,2,3,hover,183,183,0.9916441486460809,0.5183334350585938,154,,,,,,2026-08-09T15:58:12.658Z,C99S394L,2026-08-09,2026-08-09,12:58:12,2026-08-09 12:58:12,,,,,,,,69eb8f1f108d9b87368ef89d,69eb8f1f108d9b87368ef89d,,,,
6533,raw_position_sample,2,3,adv,20,2,17,18,17," doing,” ",761,174,1516921,69eb8f1f108d9b87368ef89d,69eb8f1f108d9b87368ef89d,advanced,2,69eb8f1f108d9b87368ef89d,69eb8f1f108d9b87368ef89d,spotlight_PROLIFIC,,42,brazil,Portuguese,"portuguese, english, spanish ",spanish,Portuguese:50|English:40|spanish:10,100,Portuguese:40|English:50|spanish:10,100,Portuguese:75|English:20|spanish:5,100,17,4,Bachelor's,10,10,10,6,7,9,4,20,7,17,Duolingo,150,,,,,22,25,C1,intermediate|advanced,intermediate|advanced,cambridge_22_25_intermediate_advanced,4,20,random,,161.26666259765625,755.5166625976562,185.26666259765625,820.2666625976562,2,4,,,,,,,,,,,,2026-08-09T15:58:12.658Z,C99S394L,2026-08-09,2026-08-09,12:58:12,2026-08-09 12:58:12,,,,,,,,69eb8f1f108d9b87368ef89d,69eb8f1f108d9b87368ef89d,,,,
6583,raw_position_sample,2,3,adv,20,2,17,18,17," doing,” ",771,174,1516971,69eb8f1f108d9b87368ef89d,69eb8f1f108d9b87368ef89d,advanced,2,69eb8f1f108d9b87368ef89d,69eb8f1f108d9b87368ef89d,spotlight_PROLIFIC,,42,brazil,Portuguese,"portuguese, english, spanish ",spanish,Portuguese:50|English:40|spanish:10,100,Portuguese:40|English:50|spanish:10,100,Portuguese:75|English:20|spanish:5,100,17,4,Bachelor's,10,10,10,6,7,9,4,20,7,17,Duolingo,150,,,,,22,25,C1,intermediate|advanced,intermediate|advanced,cambridge_22_25_intermediate_advanced,4,20,random,,161.26666259765625,755.5166625976562,185.26666259765625,820.2666625976562,2,4,,,,,,,,,,,,2026-08-09T15:58:12.658Z,C99S394L,2026-08-09,2026-08-09,12:58:12,2026-08-09 12:58:12,,,,,,,,69eb8f1f108d9b87368ef89d,69eb8f1f108d9b87368ef89d,,,,
6633,raw_position_sample,2,3,adv,20,2,17,18,17," doing,” ",772,174,1517021,69eb8f1f108d9b87368ef89d,69eb8f1f108d9b87368ef89d,advanced,2,69eb8f1f108d9b87368ef89d,69eb8f1f108d9b87368ef89d,spotlight_PROLIFIC,,42,brazil,Portuguese,"portuguese, english, spanish ",spanish,Portuguese:50|English:40|spanish:10,100,Portuguese:40|English:50|spanish:10,100,Portuguese:75|English:20|spanish:5,100,17,4,Bachelor's,10,10,10,6,7,9,4,20,7,17,Duolingo,150,,,,,22,25,C1,intermediate|advanced,intermediate|advanced,cambridge_22_25_intermediate_advanced,4,20,random,,161.26666259765625,755.5166625976562,185.26666259765625,820.2666625976562,2,4,,,,,,,,,,,,2026-08-09T15:58:12.658Z,C99S394L,2026-08-09,2026-08-09,12:58:12,2026-08-09 12:58:12,,,,,,,,69eb8f1f108d9b87368ef89d,69eb8f1f108d9b87368ef89d,,,,
6683,raw_position_sample,2,3,adv,20,2,17,18,17," doing,” ",777,174,1517071,69eb8f1f108d9b87368ef89d,69eb8f1f108d9b87368ef89d,advanced,2,69eb8f1f108d9b87368ef89d,69eb8f1f108d9b87368ef89d,spotlight_PROLIFIC,,42,brazil,Portuguese,"portuguese, english, spanish ",spanish,Portuguese:50|English:40|spanish:10,100,Portuguese:40|English:50|spanish:10,100,Portuguese:75|English:20|spanish:5,100,17,4,Bachelor's,10,10,10,6,7,9,4,20,7,17,Duolingo,150,,,,,22,25,C1,intermediate|advanced,intermediate|advanced,cambridge_22_25_intermediate_advanced,4,20,random,,161.26666259765625,755.5166625976562,185.26666259765625,820.2666625976562,2,4,,,,,,,,,,,,2026-08-09T15:58:12.658Z,C99S394L,2026-08-09,2026-08-09,12:58:12,2026-08-09 12:58:12,,,,,,,,69eb8f1f108d9b87368ef89d,69eb8f1f108d9b87368ef89d,,,,
6734,raw_position_sample,2,3,adv,20,2,17,18,17," doing,” ",781,174,1517122,69eb8f1f108d9b87368ef89d,69eb8f1f108d9b87368ef89d,advanced,2,69eb8f1f108d9b87368ef89d,69eb8f1f108d9b87368ef89d,spotlight_PROLIFIC,,42,brazil,Portuguese,"portuguese, english, spanish ",spanish,Portuguese:50|English:40|spanish:10,100,Portuguese:40|English:50|spanish:10,100,Portuguese:75|English:20|spanish:5,100,17,4,Bachelor's,10,10,10,6,7,9,4,20,7,17,Duolingo,150,,,,,22,25,C1,intermediate|advanced,intermediate|advanced,cambridge_22_25_intermediate_advanced,4,20,random,,161.26666259765625,755.5166625976562,185.26666259765625,820.2666625976562,2,4,,,,,,,,,,,,2026-08-09T15:58:12.658Z,C99S394L,2026-08-09,2026-08-09,12:58:12,2026-08-09 12:58:12,,,,,,,,69eb8f1f108d9b87368ef89d,69eb8f1f108d9b87368ef89d,,,,
6785,raw_position_sample,2,3,adv,20,2,17,18,17," doing,” ",795,174,1517173,69eb8f1f108d9b87368ef89d,69eb8f1f108d9b87368ef89d,advanced,2,69eb8f1f108d9b87368ef89d,69eb8f1f108d9b87368ef89d,spotlight_PROLIFIC,,42,brazil,Portuguese,"portuguese, english, spanish ",spanish,Portuguese:50|English:40|spanish:10,100,Portuguese:40|English:50|spanish:10,100,Portuguese:75|English:20|spanish:5,100,17,4,Bachelor's,10,10,10,6,7,9,4,20,7,17,Duolingo,150,,,,,22,25,C1,intermediate|advanced,intermediate|advanced,cambridge_22_25_intermediate_advanced,4,20,random,,161.26666259765625,755.5166625976562,185.26666259765625,820.2666625976562,2,4,,,,,,,,,,,,2026-08-09T15:58:12.658Z,C99S394L,2026-08-09,2026-08-09,12:58:12,2026-08-09 12:58:12,,,,,,,,69eb8f1f108d9b87368ef89d,69eb8f1f108d9b87368ef89d,,,,
6835,raw_position_sample,2,3,adv,20,2,17,18,17," doing,” ",805,174,1517224,69eb8f1f108d9b87368ef89d,69eb8f1f108d9b87368ef89d,advanced,2,69eb8f1f108d9b87368ef89d,69eb8f1f108d9b87368ef89d,spotlight_PROLIFIC,,42,brazil,Portuguese,"portuguese, english, spanish ",spanish,Portuguese:50|English:40|spanish:10,100,Portuguese:40|English:50|spanish:10,100,Portuguese:75|English:20|spanish:5,100,17,4,Bachelor's,10,10,10,6,7,9,4,20,7,17,Duolingo,150,,,,,22,25,C1,intermediate|advanced,intermediate|advanced,cambridge_22_25_intermediate_advanced,4,20,random,,161.26666259765625,755.5166625976562,185.26666259765625,820.2666625976562,2,4,,,,,,,,,,,,2026-08-09T15:58:12.658Z,C99S394L,2026-08-09,2026-08-09,12:58:12,2026-08-09 12:58:12,,,,,,,,69eb8f1f108d9b87368ef89d,69eb8f1f108d9b87368ef89d,,,,
6884,hover_association,2,3,adv,20,2,17,18,17," doing,” ",761,174,,69eb8f1f108d9b87368ef89d,69eb8f1f108d9b87368ef89d,advanced,2,69eb8f1f108d9b87368ef89d,69eb8f1f108d9b87368ef89d,spotlight_PROLIFIC,,42,brazil,Portuguese,"portuguese, english, spanish ",spanish,Portuguese:50|English:40|spanish:10,100,Portuguese:40|English:50|spanish:10,100,Portuguese:75|English:20|spanish:5,100,17,4,Bachelor's,10,10,10,6,7,9,4,20,7,17,Duolingo,150,,,,,22,25,C1,intermediate|advanced,intermediate|advanced,cambridge_22_25_intermediate_advanced,4,20,random,,153.26666259765625,755.5166702270508,193.26666259765625,820.2666625976562,2,4,hover,368,368,0.9495496064469158,0.5183334350585938,154,,,,,,2026-08-09T15:58:12.658Z,C99S394L,2026-08-09,2026-08-09,12:58:12,2026-08-09 12:58:12,,,,,,,,69eb8f1f108d9b87368ef89d,69eb8f1f108d9b87368ef89d,,,,
6885,raw_position_sample,2,3,adv,20,2,17,18,18, he ,821,174,1517274,69eb8f1f108d9b87368ef89d,69eb8f1f108d9b87368ef89d,advanced,2,69eb8f1f108d9b87368ef89d,69eb8f1f108d9b87368ef89d,spotlight_PROLIFIC,,42,brazil,Portuguese,"portuguese, english, spanish ",spanish,Portuguese:50|English:40|spanish:10,100,Portuguese:40|English:50|spanish:10,100,Portuguese:75|English:20|spanish:5,100,17,4,Bachelor's,10,10,10,6,7,9,4,20,7,17,Duolingo,150,,,,,22,25,C1,intermediate|advanced,intermediate|advanced,cambridge_22_25_intermediate_advanced,4,20,random,,161.26666259765625,820.2666625976562,185.26666259765625,846.2166595458984,2,5,,,,,,,,,,,,2026-08-09T15:58:12.658Z,C99S394L,2026-08-09,2026-08-09,12:58:12,2026-08-09 12:58:12,,,,,,,,69eb8f1f108d9b87368ef89d,69eb8f1f108d9b87368ef89d,,,,
6936,raw_position_sample,2,3,adv,20,2,17,18,18, he ,831,174,1517324,69eb8f1f108d9b87368ef89d,69eb8f1f108d9b87368ef89d,advanced,2,69eb8f1f108d9b87368ef89d,69eb8f1f108d9b87368ef89d,spotlight_PROLIFIC,,42,brazil,Portuguese,"portuguese, english, spanish ",spanish,Portuguese:50|English:40|spanish:10,100,Portuguese:40|English:50|spanish:10,100,Portuguese:75|English:20|spanish:5,100,17,4,Bachelor's,10,10,10,6,7,9,4,20,7,17,Duolingo,150,,,,,22,25,C1,intermediate|advanced,intermediate|advanced,cambridge_22_25_intermediate_advanced,4,20,random,,161.26666259765625,820.2666625976562,185.26666259765625,846.2166595458984,2,5,,,,,,,,,,,,2026-08-09T15:58:12.658Z,C99S394L,2026-08-09,2026-08-09,12:58:12,2026-08-09 12:58:12,,,,,,,,69eb8f1f108d9b87368ef89d,69eb8f1f108d9b87368ef89d,,,,
6986,raw_position_sample,2,3,adv,20,2,17,18,18, he ,839,174,1517374,69eb8f1f108d9b87368ef89d,69eb8f1f108d9b87368ef89d,advanced,2,69eb8f1f108d9b87368ef89d,69eb8f1f108d9b87368ef89d,spotlight_PROLIFIC,,42,brazil,Portuguese,"portuguese, english, spanish ",spanish,Portuguese:50|English:40|spanish:10,100,Portuguese:40|English:50|spanish:10,100,Portuguese:75|English:20|spanish:5,100,17,4,Bachelor's,10,10,10,6,7,9,4,20,7,17,Duolingo,150,,,,,22,25,C1,intermediate|advanced,intermediate|advanced,cambridge_22_25_intermediate_advanced,4,20,random,,161.26666259765625,820.2666625976562,185.26666259765625,846.2166595458984,2,5,,,,,,,,,,,,2026-08-09T15:58:12.658Z,C99S394L,2026-08-09,2026-08-09,12:58:12,2026-08-09 12:58:12,,,,,,,,69eb8f1f108d9b87368ef89d,69eb8f1f108d9b87368ef89d,,,,
7036,raw_position_sample,2,3,adv,20,2,17,18,18, he ,839,174,1517425,69eb8f1f108d9b87368ef89d,69eb8f1f108d9b87368ef89d,advanced,2,69eb8f1f108d9b87368ef89d,69eb8f1f108d9b87368ef89d,spotlight_PROLIFIC,,42,brazil,Portuguese,"portuguese, english, spanish ",spanish,Portuguese:50|English:40|spanish:10,100,Portuguese:40|English:50|spanish:10,100,Portuguese:75|English:20|spanish:5,100,17,4,Bachelor's,10,10,10,6,7,9,4,20,7,17,Duolingo,150,,,,,22,25,C1,intermediate|advanced,intermediate|advanced,cambridge_22_25_intermediate_advanced,4,20,random,,161.26666259765625,820.2666625976562,185.26666259765625,846.2166595458984,2,5,,,,,,,,,,,,2026-08-09T15:58:12.658Z,C99S394L,2026-08-09,2026-08-09,12:58:12,2026-08-09 12:58:12,,,,,,,,69eb8f1f108d9b87368ef89d,69eb8f1f108d9b87368ef89d,,,,
7087,raw_position_sample,2,3,adv,20,2,17,18,18, he ,839,174,1517475,69eb8f1f108d9b87368ef89d,69eb8f1f108d9b87368ef89d,advanced,2,69eb8f1f108d9b87368ef89d,69eb8f1f108d9b87368ef89d,spotlight_PROLIFIC,,42,brazil,Portuguese,"portuguese, english, spanish ",spanish,Portuguese:50|English:40|spanish:10,100,Portuguese:40|English:50|spanish:10,100,Portuguese:75|English:20|spanish:5,100,17,4,Bachelor's,10,10,10,6,7,9,4,20,7,17,Duolingo,150,,,,,22,25,C1,intermediate|advanced,intermediate|advanced,cambridge_22_25_intermediate_advanced,4,20,random,,161.26666259765625,820.2666625976562,185.26666259765625,846.2166595458984,2,5,,,,,,,,,,,,2026-08-09T15:58:12.658Z,C99S394L,2026-08-09,2026-08-09,12:58:12,2026-08-09 12:58:12,,,,,,,,69eb8f1f108d9b87368ef89d,69eb8f1f108d9b87368ef89d,,,,
7137,raw_position_sample,2,3,adv,20,2,17,18,18, he ,843,174,1517525,69eb8f1f108d9b87368ef89d,69eb8f1f108d9b87368ef89d,advanced,2,69eb8f1f108d9b87368ef89d,69eb8f1f108d9b87368ef89d,spotlight_PROLIFIC,,42,brazil,Portuguese,"portuguese, english, spanish ",spanish,Portuguese:50|English:40|spanish:10,100,Portuguese:40|English:50|spanish:10,100,Portuguese:75|English:20|spanish:5,100,17,4,Bachelor's,10,10,10,6,7,9,4,20,7,17,Duolingo,150,,,,,22,25,C1,intermediate|advanced,intermediate|advanced,cambridge_22_25_intermediate_advanced,4,20,random,,161.26666259765625,820.2666625976562,185.26666259765625,846.2166595458984,2,5,,,,,,,,,,,,2026-08-09T15:58:12.658Z,C99S394L,2026-08-09,2026-08-09,12:58:12,2026-08-09 12:58:12,,,,,,,,69eb8f1f108d9b87368ef89d,69eb8f1f108d9b87368ef89d,,,,
7167,hover_association,2,3,adv,20,2,17,18,18, he ,821,174,,69eb8f1f108d9b87368ef89d,69eb8f1f108d9b87368ef89d,advanced,2,69eb8f1f108d9b87368ef89d,69eb8f1f108d9b87368ef89d,spotlight_PROLIFIC,,42,brazil,Portuguese,"portuguese, english, spanish ",spanish,Portuguese:50|English:40|spanish:10,100,Portuguese:40|English:50|spanish:10,100,Portuguese:75|English:20|spanish:5,100,17,4,Bachelor's,10,10,10,6,7,9,4,20,7,17,Duolingo,150,,,,,22,25,C1,intermediate|advanced,intermediate|advanced,cambridge_22_25_intermediate_advanced,4,20,random,,153.26666259765625,820.2666625976562,193.26666259765625,846.216667175293,2,5,hover,283,283,0.9531149533460401,0.5183334350585938,154,,,,,,2026-08-09T15:58:12.658Z,C99S394L,2026-08-09,2026-08-09,12:58:12,2026-08-09 12:58:12,,,,,,,,69eb8f1f108d9b87368ef89d,69eb8f1f108d9b87368ef89d,,,,
7187,raw_position_sample,2,3,adv,20,2,17,18,19, writes. ,861,174,1517575,69eb8f1f108d9b87368ef89d,69eb8f1f108d9b87368ef89d,advanced,2,69eb8f1f108d9b87368ef89d,69eb8f1f108d9b87368ef89d,spotlight_PROLIFIC,,42,brazil,Portuguese,"portuguese, english, spanish ",spanish,Portuguese:50|English:40|spanish:10,100,Portuguese:40|English:50|spanish:10,100,Portuguese:75|English:20|spanish:5,100,17,4,Bachelor's,10,10,10,6,7,9,4,20,7,17,Duolingo,150,,,,,22,25,C1,intermediate|advanced,intermediate|advanced,cambridge_22_25_intermediate_advanced,4,20,random,,161.26666259765625,846.2166748046875,185.26666259765625,907.2166748046875,2,6,,,,,,,,,,,,2026-08-09T15:58:12.658Z,C99S394L,2026-08-09,2026-08-09,12:58:12,2026-08-09 12:58:12,,,,,,,,69eb8f1f108d9b87368ef89d,69eb8f1f108d9b87368ef89d,,,,
7238,raw_position_sample,2,3,adv,20,2,17,18,19, writes. ,885,174,1517626,69eb8f1f108d9b87368ef89d,69eb8f1f108d9b87368ef89d,advanced,2,69eb8f1f108d9b87368ef89d,69eb8f1f108d9b87368ef89d,spotlight_PROLIFIC,,42,brazil,Portuguese,"portuguese, english, spanish ",spanish,Portuguese:50|English:40|spanish:10,100,Portuguese:40|English:50|spanish:10,100,Portuguese:75|English:20|spanish:5,100,17,4,Bachelor's,10,10,10,6,7,9,4,20,7,17,Duolingo,150,,,,,22,25,C1,intermediate|advanced,intermediate|advanced,cambridge_22_25_intermediate_advanced,4,20,random,,161.26666259765625,846.2166748046875,185.26666259765625,907.2166748046875,2,6,,,,,,,,,,,,2026-08-09T15:58:12.658Z,C99S394L,2026-08-09,2026-08-09,12:58:12,2026-08-09 12:58:12,,,,,,,,69eb8f1f108d9b87368ef89d,69eb8f1f108d9b87368ef89d,,,,
7288,raw_position_sample,2,3,adv,20,2,17,18,19, writes. ,901,176,1517676,69eb8f1f108d9b87368ef89d,69eb8f1f108d9b87368ef89d,advanced,2,69eb8f1f108d9b87368ef89d,69eb8f1f108d9b87368ef89d,spotlight_PROLIFIC,,42,brazil,Portuguese,"portuguese, english, spanish ",spanish,Portuguese:50|English:40|spanish:10,100,Portuguese:40|English:50|spanish:10,100,Portuguese:75|English:20|spanish:5,100,17,4,Bachelor's,10,10,10,6,7,9,4,20,7,17,Duolingo,150,,,,,22,25,C1,intermediate|advanced,intermediate|advanced,cambridge_22_25_intermediate_advanced,4,20,random,,161.26666259765625,846.2166748046875,185.26666259765625,907.2166748046875,2,6,,,,,,,,,,,,2026-08-09T15:58:12.658Z,C99S394L,2026-08-09,2026-08-09,12:58:12,2026-08-09 12:58:12,,,,,,,,69eb8f1f108d9b87368ef89d,69eb8f1f108d9b87368ef89d,,,,
7318,hover_association,2,3,adv,20,2,17,18,19, writes. ,853,174,,69eb8f1f108d9b87368ef89d,69eb8f1f108d9b87368ef89d,advanced,2,69eb8f1f108d9b87368ef89d,69eb8f1f108d9b87368ef89d,spotlight_PROLIFIC,,42,brazil,Portuguese,"portuguese, english, spanish ",spanish,Portuguese:50|English:40|spanish:10,100,Portuguese:40|English:50|spanish:10,100,Portuguese:75|English:20|spanish:5,100,17,4,Bachelor's,10,10,10,6,7,9,4,20,7,17,Duolingo,150,,,,,22,25,C1,intermediate|advanced,intermediate|advanced,cambridge_22_25_intermediate_advanced,4,20,random,,153.26666259765625,846.216667175293,193.26666259765625,907.2166748046875,2,6,hover,149,149,0.9636610733205985,0.5683334350585938,154,,,,,,2026-08-09T15:58:12.658Z,C99S394L,2026-08-09,2026-08-09,12:58:12,2026-08-09 12:58:12,,,,,,,,69eb8f1f108d9b87368ef89d,69eb8f1f108d9b87368ef89d,,,,
7338,raw_position_sample,2,3,adv,20,2,17,18,20, “It ,916,176,1517726,69eb8f1f108d9b87368ef89d,69eb8f1f108d9b87368ef89d,advanced,2,69eb8f1f108d9b87368ef89d,69eb8f1f108d9b87368ef89d,spotlight_PROLIFIC,,42,brazil,Portuguese,"portuguese, english, spanish ",spanish,Portuguese:50|English:40|spanish:10,100,Portuguese:40|English:50|spanish:10,100,Portuguese:75|English:20|spanish:5,100,17,4,Bachelor's,10,10,10,6,7,9,4,20,7,17,Duolingo,150,,,,,22,25,C1,intermediate|advanced,intermediate|advanced,cambridge_22_25_intermediate_advanced,4,20,random,,161.26666259765625,907.2166748046875,185.26666259765625,930.9666748046875,2,7,,,,,,,,,,,,2026-08-09T15:58:12.658Z,C99S394L,2026-08-09,2026-08-09,12:58:12,2026-08-09 12:58:12,,,,,,,,69eb8f1f108d9b87368ef89d,69eb8f1f108d9b87368ef89d,,,,
7385,hover_association,2,3,adv,20,2,17,18,20, “It ,910,176,,69eb8f1f108d9b87368ef89d,69eb8f1f108d9b87368ef89d,advanced,2,69eb8f1f108d9b87368ef89d,69eb8f1f108d9b87368ef89d,spotlight_PROLIFIC,,42,brazil,Portuguese,"portuguese, english, spanish ",spanish,Portuguese:50|English:40|spanish:10,100,Portuguese:40|English:50|spanish:10,100,Portuguese:75|English:20|spanish:5,100,17,4,Bachelor's,10,10,10,6,7,9,4,20,7,17,Duolingo,150,,,,,22,25,C1,intermediate|advanced,intermediate|advanced,cambridge_22_25_intermediate_advanced,4,20,random,,153.26666259765625,907.2166748046875,193.26666259765625,930.9666748046875,2,7,hover,67,67,0.7487715871710526,0.5933334350585937,154,,,,,,2026-08-09T15:58:12.658Z,C99S394L,2026-08-09,2026-08-09,12:58:12,2026-08-09 12:58:12,,,,,,,,69eb8f1f108d9b87368ef89d,69eb8f1f108d9b87368ef89d,,,,
7388,raw_position_sample,2,3,adv,20,2,17,18,21, is ,932,178,1517776,69eb8f1f108d9b87368ef89d,69eb8f1f108d9b87368ef89d,advanced,2,69eb8f1f108d9b87368ef89d,69eb8f1f108d9b87368ef89d,spotlight_PROLIFIC,,42,brazil,Portuguese,"portuguese, english, spanish ",spanish,Portuguese:50|English:40|spanish:10,100,Portuguese:40|English:50|spanish:10,100,Portuguese:75|English:20|spanish:5,100,17,4,Bachelor's,10,10,10,6,7,9,4,20,7,17,Duolingo,150,,,,,22,25,C1,intermediate|advanced,intermediate|advanced,cambridge_22_25_intermediate_advanced,4,20,random,,161.26666259765625,930.9666748046875,185.26666259765625,948.9166870117188,2,8,,,,,,,,,,,,2026-08-09T15:58:12.658Z,C99S394L,2026-08-09,2026-08-09,12:58:12,2026-08-09 12:58:12,,,,,,,,69eb8f1f108d9b87368ef89d,69eb8f1f108d9b87368ef89d,,,,
7439,raw_position_sample,2,3,adv,20,2,17,18,21, is ,943,180,1517827,69eb8f1f108d9b87368ef89d,69eb8f1f108d9b87368ef89d,advanced,2,69eb8f1f108d9b87368ef89d,69eb8f1f108d9b87368ef89d,spotlight_PROLIFIC,,42,brazil,Portuguese,"portuguese, english, spanish ",spanish,Portuguese:50|English:40|spanish:10,100,Portuguese:40|English:50|spanish:10,100,Portuguese:75|English:20|spanish:5,100,17,4,Bachelor's,10,10,10,6,7,9,4,20,7,17,Duolingo,150,,,,,22,25,C1,intermediate|advanced,intermediate|advanced,cambridge_22_25_intermediate_advanced,4,20,random,,161.26666259765625,930.9666748046875,185.26666259765625,948.9166870117188,2,8,,,,,,,,,,,,2026-08-09T15:58:12.658Z,C99S394L,2026-08-09,2026-08-09,12:58:12,2026-08-09 12:58:12,,,,,,,,69eb8f1f108d9b87368ef89d,69eb8f1f108d9b87368ef89d,,,,
7468,hover_association,2,3,adv,20,2,17,18,21, is ,932,178,,69eb8f1f108d9b87368ef89d,69eb8f1f108d9b87368ef89d,advanced,2,69eb8f1f108d9b87368ef89d,69eb8f1f108d9b87368ef89d,spotlight_PROLIFIC,,42,brazil,Portuguese,"portuguese, english, spanish ",spanish,Portuguese:50|English:40|spanish:10,100,Portuguese:40|English:50|spanish:10,100,Portuguese:75|English:20|spanish:5,100,17,4,Bachelor's,10,10,10,6,7,9,4,20,7,17,Duolingo,150,,,,,22,25,C1,intermediate|advanced,intermediate|advanced,cambridge_22_25_intermediate_advanced,4,20,random,,153.26666259765625,930.9666748046875,193.26666259765625,948.9166870117188,2,8,hover,84,84,0.8932208519073899,0.6683334350585938,154,,,,,,2026-08-09T15:58:12.658Z,C99S394L,2026-08-09,2026-08-09,12:58:12,2026-08-09 12:58:12,,,,,,,,69eb8f1f108d9b87368ef89d,69eb8f1f108d9b87368ef89d,,,,
7489,raw_position_sample,2,3,adv,20,2,17,18,22, outrageous ,955,180,1517876,69eb8f1f108d9b87368ef89d,69eb8f1f108d9b87368ef89d,advanced,2,69eb8f1f108d9b87368ef89d,69eb8f1f108d9b87368ef89d,spotlight_PROLIFIC,,42,brazil,Portuguese,"portuguese, english, spanish ",spanish,Portuguese:50|English:40|spanish:10,100,Portuguese:40|English:50|spanish:10,100,Portuguese:75|English:20|spanish:5,100,17,4,Bachelor's,10,10,10,6,7,9,4,20,7,17,Duolingo,150,,,,,22,25,C1,intermediate|advanced,intermediate|advanced,cambridge_22_25_intermediate_advanced,4,20,random,,161.26666259765625,948.9166870117188,185.26666259765625,1051.1000213623047,2,9,,,,,,,,,,,,2026-08-09T15:58:12.658Z,C99S394L,2026-08-09,2026-08-09,12:58:12,2026-08-09 12:58:12,,,,,,,,69eb8f1f108d9b87368ef89d,69eb8f1f108d9b87368ef89d,,,,
7539,raw_position_sample,2,3,adv,20,2,17,18,22, outrageous ,967,181,1517927,69eb8f1f108d9b87368ef89d,69eb8f1f108d9b87368ef89d,advanced,2,69eb8f1f108d9b87368ef89d,69eb8f1f108d9b87368ef89d,spotlight_PROLIFIC,,42,brazil,Portuguese,"portuguese, english, spanish ",spanish,Portuguese:50|English:40|spanish:10,100,Portuguese:40|English:50|spanish:10,100,Portuguese:75|English:20|spanish:5,100,17,4,Bachelor's,10,10,10,6,7,9,4,20,7,17,Duolingo,150,,,,,22,25,C1,intermediate|advanced,intermediate|advanced,cambridge_22_25_intermediate_advanced,4,20,random,,161.26666259765625,948.9166870117188,185.26666259765625,1051.1000213623047,2,9,,,,,,,,,,,,2026-08-09T15:58:12.658Z,C99S394L,2026-08-09,2026-08-09,12:58:12,2026-08-09 12:58:12,,,,,,,,69eb8f1f108d9b87368ef89d,69eb8f1f108d9b87368ef89d,,,,
7589,raw_position_sample,2,3,adv,20,2,17,18,22, outrageous ,975,181,1517977,69eb8f1f108d9b87368ef89d,69eb8f1f108d9b87368ef89d,advanced,2,69eb8f1f108d9b87368ef89d,69eb8f1f108d9b87368ef89d,spotlight_PROLIFIC,,42,brazil,Portuguese,"portuguese, english, spanish ",spanish,Portuguese:50|English:40|spanish:10,100,Portuguese:40|English:50|spanish:10,100,Portuguese:75|English:20|spanish:5,100,17,4,Bachelor's,10,10,10,6,7,9,4,20,7,17,Duolingo,150,,,,,22,25,C1,intermediate|advanced,intermediate|advanced,cambridge_22_25_intermediate_advanced,4,20,random,,161.26666259765625,948.9166870117188,185.26666259765625,1051.1000213623047,2,9,,,,,,,,,,,,2026-08-09T15:58:12.658Z,C99S394L,2026-08-09,2026-08-09,12:58:12,2026-08-09 12:58:12,,,,,,,,69eb8f1f108d9b87368ef89d,69eb8f1f108d9b87368ef89d,,,,
7640,raw_position_sample,2,3,adv,20,2,17,18,22, outrageous ,981,181,1518027,69eb8f1f108d9b87368ef89d,69eb8f1f108d9b87368ef89d,advanced,2,69eb8f1f108d9b87368ef89d,69eb8f1f108d9b87368ef89d,spotlight_PROLIFIC,,42,brazil,Portuguese,"portuguese, english, spanish ",spanish,Portuguese:50|English:40|spanish:10,100,Portuguese:40|English:50|spanish:10,100,Portuguese:75|English:20|spanish:5,100,17,4,Bachelor's,10,10,10,6,7,9,4,20,7,17,Duolingo,150,,,,,22,25,C1,intermediate|advanced,intermediate|advanced,cambridge_22_25_intermediate_advanced,4,20,random,,161.26666259765625,948.9166870117188,185.26666259765625,1051.1000213623047,2,9,,,,,,,,,,,,2026-08-09T15:58:12.658Z,C99S394L,2026-08-09,2026-08-09,12:58:12,2026-08-09 12:58:12,,,,,,,,69eb8f1f108d9b87368ef89d,69eb8f1f108d9b87368ef89d,,,,
7690,raw_position_sample,2,3,adv,20,2,17,18,22, outrageous ,985,181,1518078,69eb8f1f108d9b87368ef89d,69eb8f1f108d9b87368ef89d,advanced,2,69eb8f1f108d9b87368ef89d,69eb8f1f108d9b87368ef89d,spotlight_PROLIFIC,,42,brazil,Portuguese,"portuguese, english, spanish ",spanish,Portuguese:50|English:40|spanish:10,100,Portuguese:40|English:50|spanish:10,100,Portuguese:75|English:20|spanish:5,100,17,4,Bachelor's,10,10,10,6,7,9,4,20,7,17,Duolingo,150,,,,,22,25,C1,intermediate|advanced,intermediate|advanced,cambridge_22_25_intermediate_advanced,4,20,random,,161.26666259765625,948.9166870117188,185.26666259765625,1051.1000213623047,2,9,,,,,,,,,,,,2026-08-09T15:58:12.658Z,C99S394L,2026-08-09,2026-08-09,12:58:12,2026-08-09 12:58:12,,,,,,,,69eb8f1f108d9b87368ef89d,69eb8f1f108d9b87368ef89d,,,,
7739,raw_position_sample,2,3,adv,20,2,17,18,22, outrageous ,985,181,1518128,69eb8f1f108d9b87368ef89d,69eb8f1f108d9b87368ef89d,advanced,2,69eb8f1f108d9b87368ef89d,69eb8f1f108d9b87368ef89d,spotlight_PROLIFIC,,42,brazil,Portuguese,"portuguese, english, spanish ",spanish,Portuguese:50|English:40|spanish:10,100,Portuguese:40|English:50|spanish:10,100,Portuguese:75|English:20|spanish:5,100,17,4,Bachelor's,10,10,10,6,7,9,4,20,7,17,Duolingo,150,,,,,22,25,C1,intermediate|advanced,intermediate|advanced,cambridge_22_25_intermediate_advanced,4,20,random,,161.26666259765625,948.9166870117188,185.26666259765625,1051.1000213623047,2,9,,,,,,,,,,,,2026-08-09T15:58:12.658Z,C99S394L,2026-08-09,2026-08-09,12:58:12,2026-08-09 12:58:12,,,,,,,,69eb8f1f108d9b87368ef89d,69eb8f1f108d9b87368ef89d,,,,
7790,raw_position_sample,2,3,adv,20,2,17,18,22, outrageous ,985,181,1518178,69eb8f1f108d9b87368ef89d,69eb8f1f108d9b87368ef89d,advanced,2,69eb8f1f108d9b87368ef89d,69eb8f1f108d9b87368ef89d,spotlight_PROLIFIC,,42,brazil,Portuguese,"portuguese, english, spanish ",spanish,Portuguese:50|English:40|spanish:10,100,Portuguese:40|English:50|spanish:10,100,Portuguese:75|English:20|spanish:5,100,17,4,Bachelor's,10,10,10,6,7,9,4,20,7,17,Duolingo,150,,,,,22,25,C1,intermediate|advanced,intermediate|advanced,cambridge_22_25_intermediate_advanced,4,20,random,,161.26666259765625,948.9166870117188,185.26666259765625,1051.1000213623047,2,9,,,,,,,,,,,,2026-08-09T15:58:12.658Z,C99S394L,2026-08-09,2026-08-09,12:58:12,2026-08-09 12:58:12,,,,,,,,69eb8f1f108d9b87368ef89d,69eb8f1f108d9b87368ef89d,,,,
7840,raw_position_sample,2,3,adv,20,2,17,18,22, outrageous ,993,181,1518228,69eb8f1f108d9b87368ef89d,69eb8f1f108d9b87368ef89d,advanced,2,69eb8f1f108d9b87368ef89d,69eb8f1f108d9b87368ef89d,spotlight_PROLIFIC,,42,brazil,Portuguese,"portuguese, english, spanish ",spanish,Portuguese:50|English:40|spanish:10,100,Portuguese:40|English:50|spanish:10,100,Portuguese:75|English:20|spanish:5,100,17,4,Bachelor's,10,10,10,6,7,9,4,20,7,17,Duolingo,150,,,,,22,25,C1,intermediate|advanced,intermediate|advanced,cambridge_22_25_intermediate_advanced,4,20,random,,161.26666259765625,948.9166870117188,185.26666259765625,1051.1000213623047,2,9,,,,,,,,,,,,2026-08-09T15:58:12.658Z,C99S394L,2026-08-09,2026-08-09,12:58:12,2026-08-09 12:58:12,,,,,,,,69eb8f1f108d9b87368ef89d,69eb8f1f108d9b87368ef89d,,,,
7890,raw_position_sample,2,3,adv,20,2,17,18,22, outrageous ,1002,181,1518279,69eb8f1f108d9b87368ef89d,69eb8f1f108d9b87368ef89d,advanced,2,69eb8f1f108d9b87368ef89d,69eb8f1f108d9b87368ef89d,spotlight_PROLIFIC,,42,brazil,Portuguese,"portuguese, english, spanish ",spanish,Portuguese:50|English:40|spanish:10,100,Portuguese:40|English:50|spanish:10,100,Portuguese:75|English:20|spanish:5,100,17,4,Bachelor's,10,10,10,6,7,9,4,20,7,17,Duolingo,150,,,,,22,25,C1,intermediate|advanced,intermediate|advanced,cambridge_22_25_intermediate_advanced,4,20,random,,161.26666259765625,948.9166870117188,185.26666259765625,1051.1000213623047,2,9,,,,,,,,,,,,2026-08-09T15:58:12.658Z,C99S394L,2026-08-09,2026-08-09,12:58:12,2026-08-09 12:58:12,,,,,,,,69eb8f1f108d9b87368ef89d,69eb8f1f108d9b87368ef89d,,,,
7940,raw_position_sample,2,3,adv,20,2,17,18,22, outrageous ,1011,181,1518329,69eb8f1f108d9b87368ef89d,69eb8f1f108d9b87368ef89d,advanced,2,69eb8f1f108d9b87368ef89d,69eb8f1f108d9b87368ef89d,spotlight_PROLIFIC,,42,brazil,Portuguese,"portuguese, english, spanish ",spanish,Portuguese:50|English:40|spanish:10,100,Portuguese:40|English:50|spanish:10,100,Portuguese:75|English:20|spanish:5,100,17,4,Bachelor's,10,10,10,6,7,9,4,20,7,17,Duolingo,150,,,,,22,25,C1,intermediate|advanced,intermediate|advanced,cambridge_22_25_intermediate_advanced,4,20,random,,161.26666259765625,948.9166870117188,185.26666259765625,1051.1000213623047,2,9,,,,,,,,,,,,2026-08-09T15:58:12.658Z,C99S394L,2026-08-09,2026-08-09,12:58:12,2026-08-09 12:58:12,,,,,,,,69eb8f1f108d9b87368ef89d,69eb8f1f108d9b87368ef89d,,,,
7991,raw_position_sample,2,3,adv,20,2,17,18,22, outrageous ,1023,181,1518380,69eb8f1f108d9b87368ef89d,69eb8f1f108d9b87368ef89d,advanced,2,69eb8f1f108d9b87368ef89d,69eb8f1f108d9b87368ef89d,spotlight_PROLIFIC,,42,brazil,Portuguese,"portuguese, english, spanish ",spanish,Portuguese:50|English:40|spanish:10,100,Portuguese:40|English:50|spanish:10,100,Portuguese:75|English:20|spanish:5,100,17,4,Bachelor's,10,10,10,6,7,9,4,20,7,17,Duolingo,150,,,,,22,25,C1,intermediate|advanced,intermediate|advanced,cambridge_22_25_intermediate_advanced,4,20,random,,161.26666259765625,948.9166870117188,185.26666259765625,1051.1000213623047,2,9,,,,,,,,,,,,2026-08-09T15:58:12.658Z,C99S394L,2026-08-09,2026-08-09,12:58:12,2026-08-09 12:58:12,,,,,,,,69eb8f1f108d9b87368ef89d,69eb8f1f108d9b87368ef89d,,,,
8041,raw_position_sample,2,3,adv,20,2,17,18,22, outrageous ,1030,181,1518429,69eb8f1f108d9b87368ef89d,69eb8f1f108d9b87368ef89d,advanced,2,69eb8f1f108d9b87368ef89d,69eb8f1f108d9b87368ef89d,spotlight_PROLIFIC,,42,brazil,Portuguese,"portuguese, english, spanish ",spanish,Portuguese:50|English:40|spanish:10,100,Portuguese:40|English:50|spanish:10,100,Portuguese:75|English:20|spanish:5,100,17,4,Bachelor's,10,10,10,6,7,9,4,20,7,17,Duolingo,150,,,,,22,25,C1,intermediate|advanced,intermediate|advanced,cambridge_22_25_intermediate_advanced,4,20,random,,161.26666259765625,948.9166870117188,185.26666259765625,1051.1000213623047,2,9,,,,,,,,,,,,2026-08-09T15:58:12.658Z,C99S394L,2026-08-09,2026-08-09,12:58:12,2026-08-09 12:58:12,,,,,,,,69eb8f1f108d9b87368ef89d,69eb8f1f108d9b87368ef89d,,,,
8091,raw_position_sample,2,3,adv,20,2,17,18,22, outrageous ,1035,180,1518480,69eb8f1f108d9b87368ef89d,69eb8f1f108d9b87368ef89d,advanced,2,69eb8f1f108d9b87368ef89d,69eb8f1f108d9b87368ef89d,spotlight_PROLIFIC,,42,brazil,Portuguese,"portuguese, english, spanish ",spanish,Portuguese:50|English:40|spanish:10,100,Portuguese:40|English:50|spanish:10,100,Portuguese:75|English:20|spanish:5,100,17,4,Bachelor's,10,10,10,6,7,9,4,20,7,17,Duolingo,150,,,,,22,25,C1,intermediate|advanced,intermediate|advanced,cambridge_22_25_intermediate_advanced,4,20,random,,161.26666259765625,948.9166870117188,185.26666259765625,1051.1000213623047,2,9,,,,,,,,,,,,2026-08-09T15:58:12.658Z,C99S394L,2026-08-09,2026-08-09,12:58:12,2026-08-09 12:58:12,,,,,,,,69eb8f1f108d9b87368ef89d,69eb8f1f108d9b87368ef89d,,,,
8142,raw_position_sample,2,3,adv,20,2,17,18,22, outrageous ,1044,180,1518530,69eb8f1f108d9b87368ef89d,69eb8f1f108d9b87368ef89d,advanced,2,69eb8f1f108d9b87368ef89d,69eb8f1f108d9b87368ef89d,spotlight_PROLIFIC,,42,brazil,Portuguese,"portuguese, english, spanish ",spanish,Portuguese:50|English:40|spanish:10,100,Portuguese:40|English:50|spanish:10,100,Portuguese:75|English:20|spanish:5,100,17,4,Bachelor's,10,10,10,6,7,9,4,20,7,17,Duolingo,150,,,,,22,25,C1,intermediate|advanced,intermediate|advanced,cambridge_22_25_intermediate_advanced,4,20,random,,161.26666259765625,948.9166870117188,185.26666259765625,1051.1000213623047,2,9,,,,,,,,,,,,2026-08-09T15:58:12.658Z,C99S394L,2026-08-09,2026-08-09,12:58:12,2026-08-09 12:58:12,,,,,,,,69eb8f1f108d9b87368ef89d,69eb8f1f108d9b87368ef89d,,,,
8168,hover_association,2,3,adv,20,2,17,18,22, outrageous ,950,180,,69eb8f1f108d9b87368ef89d,69eb8f1f108d9b87368ef89d,advanced,2,69eb8f1f108d9b87368ef89d,69eb8f1f108d9b87368ef89d,spotlight_PROLIFIC,,42,brazil,Portuguese,"portuguese, english, spanish ",spanish,Portuguese:50|English:40|spanish:10,100,Portuguese:40|English:50|spanish:10,100,Portuguese:75|English:20|spanish:5,100,17,4,Bachelor's,10,10,10,6,7,9,4,20,7,17,Duolingo,150,,,,,22,25,C1,intermediate|advanced,intermediate|advanced,cambridge_22_25_intermediate_advanced,4,20,random,,153.26666259765625,948.9166870117188,193.26666259765625,1051.099998474121,2,9,hover,699,699,0.9794487138450805,0.6683334350585938,154,,,,,,2026-08-09T15:58:12.658Z,C99S394L,2026-08-09,2026-08-09,12:58:12,2026-08-09 12:58:12,,,,,,,,69eb8f1f108d9b87368ef89d,69eb8f1f108d9b87368ef89d,,,,
8192,raw_position_sample,2,3,adv,20,2,17,18,23, that ,1077,180,1518581,69eb8f1f108d9b87368ef89d,69eb8f1f108d9b87368ef89d,advanced,2,69eb8f1f108d9b87368ef89d,69eb8f1f108d9b87368ef89d,spotlight_PROLIFIC,,42,brazil,Portuguese,"portuguese, english, spanish ",spanish,Portuguese:50|English:40|spanish:10,100,Portuguese:40|English:50|spanish:10,100,Portuguese:75|English:20|spanish:5,100,17,4,Bachelor's,10,10,10,6,7,9,4,20,7,17,Duolingo,150,,,,,22,25,C1,intermediate|advanced,intermediate|advanced,cambridge_22_25_intermediate_advanced,4,20,random,,161.26666259765625,1051.0999755859375,185.26666259765625,1089.9999694824219,2,10,,,,,,,,,,,,2026-08-09T15:58:12.658Z,C99S394L,2026-08-09,2026-08-09,12:58:12,2026-08-09 12:58:12,,,,,,,,69eb8f1f108d9b87368ef89d,69eb8f1f108d9b87368ef89d,,,,
8200,hover_association,2,3,adv,20,2,17,18,23, that ,1057,180,,69eb8f1f108d9b87368ef89d,69eb8f1f108d9b87368ef89d,advanced,2,69eb8f1f108d9b87368ef89d,69eb8f1f108d9b87368ef89d,spotlight_PROLIFIC,,42,brazil,Portuguese,"portuguese, english, spanish ",spanish,Portuguese:50|English:40|spanish:10,100,Portuguese:40|English:50|spanish:10,100,Portuguese:75|English:20|spanish:5,100,17,4,Bachelor's,10,10,10,6,7,9,4,20,7,17,Duolingo,150,,,,,22,25,C1,intermediate|advanced,intermediate|advanced,cambridge_22_25_intermediate_advanced,4,20,random,,153.26666259765625,1051.099998474121,193.26666259765625,1089.999984741211,2,10,hover,34,34,0.6658100429148691,0.6683334350585938,154,,,,,,2026-08-09T15:58:12.658Z,C99S394L,2026-08-09,2026-08-09,12:58:12,2026-08-09 12:58:12,,,,,,,,69eb8f1f108d9b87368ef89d,69eb8f1f108d9b87368ef89d,,,,
8242,raw_position_sample,2,3,adv,20,2,17,18,24, anyone ,1119,180,1518631,69eb8f1f108d9b87368ef89d,69eb8f1f108d9b87368ef89d,advanced,2,69eb8f1f108d9b87368ef89d,69eb8f1f108d9b87368ef89d,spotlight_PROLIFIC,,42,brazil,Portuguese,"portuguese, english, spanish ",spanish,Portuguese:50|English:40|spanish:10,100,Portuguese:40|English:50|spanish:10,100,Portuguese:75|English:20|spanish:5,100,17,4,Bachelor's,10,10,10,6,7,9,4,20,7,17,Duolingo,150,,,,,22,25,C1,intermediate|advanced,intermediate|advanced,cambridge_22_25_intermediate_advanced,4,20,random,,161.26666259765625,1090,185.26666259765625,1157.2333374023438,2,11,,,,,,,,,,,,2026-08-09T15:58:12.658Z,C99S394L,2026-08-09,2026-08-09,12:58:12,2026-08-09 12:58:12,,,,,,,,69eb8f1f108d9b87368ef89d,69eb8f1f108d9b87368ef89d,,,,
8292,raw_position_sample,2,3,adv,20,2,17,18,24, anyone ,1136,180,1518681,69eb8f1f108d9b87368ef89d,69eb8f1f108d9b87368ef89d,advanced,2,69eb8f1f108d9b87368ef89d,69eb8f1f108d9b87368ef89d,spotlight_PROLIFIC,,42,brazil,Portuguese,"portuguese, english, spanish ",spanish,Portuguese:50|English:40|spanish:10,100,Portuguese:40|English:50|spanish:10,100,Portuguese:75|English:20|spanish:5,100,17,4,Bachelor's,10,10,10,6,7,9,4,20,7,17,Duolingo,150,,,,,22,25,C1,intermediate|advanced,intermediate|advanced,cambridge_22_25_intermediate_advanced,4,20,random,,161.26666259765625,1090,185.26666259765625,1157.2333374023438,2,11,,,,,,,,,,,,2026-08-09T15:58:12.658Z,C99S394L,2026-08-09,2026-08-09,12:58:12,2026-08-09 12:58:12,,,,,,,,69eb8f1f108d9b87368ef89d,69eb8f1f108d9b87368ef89d,,,,
8343,raw_position_sample,2,3,adv,20,2,17,18,24, anyone ,1143,179,1518731,69eb8f1f108d9b87368ef89d,69eb8f1f108d9b87368ef89d,advanced,2,69eb8f1f108d9b87368ef89d,69eb8f1f108d9b87368ef89d,spotlight_PROLIFIC,,42,brazil,Portuguese,"portuguese, english, spanish ",spanish,Portuguese:50|English:40|spanish:10,100,Portuguese:40|English:50|spanish:10,100,Portuguese:75|English:20|spanish:5,100,17,4,Bachelor's,10,10,10,6,7,9,4,20,7,17,Duolingo,150,,,,,22,25,C1,intermediate|advanced,intermediate|advanced,cambridge_22_25_intermediate_advanced,4,20,random,,161.26666259765625,1090,185.26666259765625,1157.2333374023438,2,11,,,,,,,,,,,,2026-08-09T15:58:12.658Z,C99S394L,2026-08-09,2026-08-09,12:58:12,2026-08-09 12:58:12,,,,,,,,69eb8f1f108d9b87368ef89d,69eb8f1f108d9b87368ef89d,,,,
8393,raw_position_sample,2,3,adv,20,2,17,18,24, anyone ,1152,177,1518781,69eb8f1f108d9b87368ef89d,69eb8f1f108d9b87368ef89d,advanced,2,69eb8f1f108d9b87368ef89d,69eb8f1f108d9b87368ef89d,spotlight_PROLIFIC,,42,brazil,Portuguese,"portuguese, english, spanish ",spanish,Portuguese:50|English:40|spanish:10,100,Portuguese:40|English:50|spanish:10,100,Portuguese:75|English:20|spanish:5,100,17,4,Bachelor's,10,10,10,6,7,9,4,20,7,17,Duolingo,150,,,,,22,25,C1,intermediate|advanced,intermediate|advanced,cambridge_22_25_intermediate_advanced,4,20,random,,161.26666259765625,1090,185.26666259765625,1157.2333374023438,2,11,,,,,,,,,,,,2026-08-09T15:58:12.658Z,C99S394L,2026-08-09,2026-08-09,12:58:12,2026-08-09 12:58:12,,,,,,,,69eb8f1f108d9b87368ef89d,69eb8f1f108d9b87368ef89d,,,,
8418,hover_association,2,3,adv,20,2,17,18,24, anyone ,1092,180,,69eb8f1f108d9b87368ef89d,69eb8f1f108d9b87368ef89d,advanced,2,69eb8f1f108d9b87368ef89d,69eb8f1f108d9b87368ef89d,spotlight_PROLIFIC,,42,brazil,Portuguese,"portuguese, english, spanish ",spanish,Portuguese:50|English:40|spanish:10,100,Portuguese:40|English:50|spanish:10,100,Portuguese:75|English:20|spanish:5,100,17,4,Bachelor's,10,10,10,6,7,9,4,20,7,17,Duolingo,150,,,,,22,25,C1,intermediate|advanced,intermediate|advanced,cambridge_22_25_intermediate_advanced,4,20,random,,153.26666259765625,1089.999984741211,193.26666259765625,1157.2333679199219,2,11,hover,216,216,0.9667818602258132,0.5933334350585937,154,,,,,,2026-08-09T15:58:12.658Z,C99S394L,2026-08-09,2026-08-09,12:58:12,2026-08-09 12:58:12,,,,,,,,69eb8f1f108d9b87368ef89d,69eb8f1f108d9b87368ef89d,,,,
8443,raw_position_sample,2,3,adv,20,2,17,18,25, can ,1163,177,1518832,69eb8f1f108d9b87368ef89d,69eb8f1f108d9b87368ef89d,advanced,2,69eb8f1f108d9b87368ef89d,69eb8f1f108d9b87368ef89d,spotlight_PROLIFIC,,42,brazil,Portuguese,"portuguese, english, spanish ",spanish,Portuguese:50|English:40|spanish:10,100,Portuguese:40|English:50|spanish:10,100,Portuguese:75|English:20|spanish:5,100,17,4,Bachelor's,10,10,10,6,7,9,4,20,7,17,Duolingo,150,,,,,22,25,C1,intermediate|advanced,intermediate|advanced,cambridge_22_25_intermediate_advanced,4,20,random,,161.26666259765625,1157.2333984375,185.26666259765625,1191.7667236328125,2,12,,,,,,,,,,,,2026-08-09T15:58:12.658Z,C99S394L,2026-08-09,2026-08-09,12:58:12,2026-08-09 12:58:12,,,,,,,,69eb8f1f108d9b87368ef89d,69eb8f1f108d9b87368ef89d,,,,
8494,raw_position_sample,2,3,adv,20,2,17,18,25, can ,1170,177,1518883,69eb8f1f108d9b87368ef89d,69eb8f1f108d9b87368ef89d,advanced,2,69eb8f1f108d9b87368ef89d,69eb8f1f108d9b87368ef89d,spotlight_PROLIFIC,,42,brazil,Portuguese,"portuguese, english, spanish ",spanish,Portuguese:50|English:40|spanish:10,100,Portuguese:40|English:50|spanish:10,100,Portuguese:75|English:20|spanish:5,100,17,4,Bachelor's,10,10,10,6,7,9,4,20,7,17,Duolingo,150,,,,,22,25,C1,intermediate|advanced,intermediate|advanced,cambridge_22_25_intermediate_advanced,4,20,random,,161.26666259765625,1157.2333984375,185.26666259765625,1191.7667236328125,2,12,,,,,,,,,,,,2026-08-09T15:58:12.658Z,C99S394L,2026-08-09,2026-08-09,12:58:12,2026-08-09 12:58:12,,,,,,,,69eb8f1f108d9b87368ef89d,69eb8f1f108d9b87368ef89d,,,,
8544,raw_position_sample,2,3,adv,20,2,17,18,25, can ,1179,177,1518932,69eb8f1f108d9b87368ef89d,69eb8f1f108d9b87368ef89d,advanced,2,69eb8f1f108d9b87368ef89d,69eb8f1f108d9b87368ef89d,spotlight_PROLIFIC,,42,brazil,Portuguese,"portuguese, english, spanish ",spanish,Portuguese:50|English:40|spanish:10,100,Portuguese:40|English:50|spanish:10,100,Portuguese:75|English:20|spanish:5,100,17,4,Bachelor's,10,10,10,6,7,9,4,20,7,17,Duolingo,150,,,,,22,25,C1,intermediate|advanced,intermediate|advanced,cambridge_22_25_intermediate_advanced,4,20,random,,161.26666259765625,1157.2333984375,185.26666259765625,1191.7667236328125,2,12,,,,,,,,,,,,2026-08-09T15:58:12.658Z,C99S394L,2026-08-09,2026-08-09,12:58:12,2026-08-09 12:58:12,,,,,,,,69eb8f1f108d9b87368ef89d,69eb8f1f108d9b87368ef89d,,,,
8585,hover_association,2,3,adv,20,2,17,18,25, can ,1160,177,,69eb8f1f108d9b87368ef89d,69eb8f1f108d9b87368ef89d,advanced,2,69eb8f1f108d9b87368ef89d,69eb8f1f108d9b87368ef89d,spotlight_PROLIFIC,,42,brazil,Portuguese,"portuguese, english, spanish ",spanish,Portuguese:50|English:40|spanish:10,100,Portuguese:40|English:50|spanish:10,100,Portuguese:75|English:20|spanish:5,100,17,4,Bachelor's,10,10,10,6,7,9,4,20,7,17,Duolingo,150,,,,,22,25,C1,intermediate|advanced,intermediate|advanced,cambridge_22_25_intermediate_advanced,4,20,random,,153.26666259765625,1157.2333679199219,193.26666259765625,1191.7666625976562,2,12,hover,167,167,0.9198841980333814,0.5933334350585937,154,,,,,,2026-08-09T15:58:12.658Z,C99S394L,2026-08-09,2026-08-09,12:58:12,2026-08-09 12:58:12,,,,,,,,69eb8f1f108d9b87368ef89d,69eb8f1f108d9b87368ef89d,,,,
8595,raw_position_sample,2,3,adv,20,2,17,18,26, steal ,1195,177,1518983,69eb8f1f108d9b87368ef89d,69eb8f1f108d9b87368ef89d,advanced,2,69eb8f1f108d9b87368ef89d,69eb8f1f108d9b87368ef89d,spotlight_PROLIFIC,,42,brazil,Portuguese,"portuguese, english, spanish ",spanish,Portuguese:50|English:40|spanish:10,100,Portuguese:40|English:50|spanish:10,100,Portuguese:75|English:20|spanish:5,100,17,4,Bachelor's,10,10,10,6,7,9,4,20,7,17,Duolingo,150,,,,,22,25,C1,intermediate|advanced,intermediate|advanced,cambridge_22_25_intermediate_advanced,4,20,random,,161.26666259765625,1191.7666015625,185.26666259765625,1236.4665985107422,2,13,,,,,,,,,,,,2026-08-09T15:58:12.658Z,C99S394L,2026-08-09,2026-08-09,12:58:12,2026-08-09 12:58:12,,,,,,,,69eb8f1f108d9b87368ef89d,69eb8f1f108d9b87368ef89d,,,,
8645,raw_position_sample,2,3,adv,20,2,17,18,26, steal ,1217,177,1519033,69eb8f1f108d9b87368ef89d,69eb8f1f108d9b87368ef89d,advanced,2,69eb8f1f108d9b87368ef89d,69eb8f1f108d9b87368ef89d,spotlight_PROLIFIC,,42,brazil,Portuguese,"portuguese, english, spanish ",spanish,Portuguese:50|English:40|spanish:10,100,Portuguese:40|English:50|spanish:10,100,Portuguese:75|English:20|spanish:5,100,17,4,Bachelor's,10,10,10,6,7,9,4,20,7,17,Duolingo,150,,,,,22,25,C1,intermediate|advanced,intermediate|advanced,cambridge_22_25_intermediate_advanced,4,20,random,,161.26666259765625,1191.7666015625,185.26666259765625,1236.4665985107422,2,13,,,,,,,,,,,,2026-08-09T15:58:12.658Z,C99S394L,2026-08-09,2026-08-09,12:58:12,2026-08-09 12:58:12,,,,,,,,69eb8f1f108d9b87368ef89d,69eb8f1f108d9b87368ef89d,,,,
8694,raw_position_sample,2,3,adv,20,2,17,18,26, steal ,1226,177,1519083,69eb8f1f108d9b87368ef89d,69eb8f1f108d9b87368ef89d,advanced,2,69eb8f1f108d9b87368ef89d,69eb8f1f108d9b87368ef89d,spotlight_PROLIFIC,,42,brazil,Portuguese,"portuguese, english, spanish ",spanish,Portuguese:50|English:40|spanish:10,100,Portuguese:40|English:50|spanish:10,100,Portuguese:75|English:20|spanish:5,100,17,4,Bachelor's,10,10,10,6,7,9,4,20,7,17,Duolingo,150,,,,,22,25,C1,intermediate|advanced,intermediate|advanced,cambridge_22_25_intermediate_advanced,4,20,random,,161.26666259765625,1191.7666015625,185.26666259765625,1236.4665985107422,2,13,,,,,,,,,,,,2026-08-09T15:58:12.658Z,C99S394L,2026-08-09,2026-08-09,12:58:12,2026-08-09 12:58:12,,,,,,,,69eb8f1f108d9b87368ef89d,69eb8f1f108d9b87368ef89d,,,,
8745,raw_position_sample,2,3,adv,20,2,17,18,26, steal ,1226,177,1519133,69eb8f1f108d9b87368ef89d,69eb8f1f108d9b87368ef89d,advanced,2,69eb8f1f108d9b87368ef89d,69eb8f1f108d9b87368ef89d,spotlight_PROLIFIC,,42,brazil,Portuguese,"portuguese, english, spanish ",spanish,Portuguese:50|English:40|spanish:10,100,Portuguese:40|English:50|spanish:10,100,Portuguese:75|English:20|spanish:5,100,17,4,Bachelor's,10,10,10,6,7,9,4,20,7,17,Duolingo,150,,,,,22,25,C1,intermediate|advanced,intermediate|advanced,cambridge_22_25_intermediate_advanced,4,20,random,,161.26666259765625,1191.7666015625,185.26666259765625,1236.4665985107422,2,13,,,,,,,,,,,,2026-08-09T15:58:12.658Z,C99S394L,2026-08-09,2026-08-09,12:58:12,2026-08-09 12:58:12,,,,,,,,69eb8f1f108d9b87368ef89d,69eb8f1f108d9b87368ef89d,,,,
8795,raw_position_sample,2,3,adv,20,2,17,18,26, steal ,1226,177,1519183,69eb8f1f108d9b87368ef89d,69eb8f1f108d9b87368ef89d,advanced,2,69eb8f1f108d9b87368ef89d,69eb8f1f108d9b87368ef89d,spotlight_PROLIFIC,,42,brazil,Portuguese,"portuguese, english, spanish ",spanish,Portuguese:50|English:40|spanish:10,100,Portuguese:40|English:50|spanish:10,100,Portuguese:75|English:20|spanish:5,100,17,4,Bachelor's,10,10,10,6,7,9,4,20,7,17,Duolingo,150,,,,,22,25,C1,intermediate|advanced,intermediate|advanced,cambridge_22_25_intermediate_advanced,4,20,random,,161.26666259765625,1191.7666015625,185.26666259765625,1236.4665985107422,2,13,,,,,,,,,,,,2026-08-09T15:58:12.658Z,C99S394L,2026-08-09,2026-08-09,12:58:12,2026-08-09 12:58:12,,,,,,,,69eb8f1f108d9b87368ef89d,69eb8f1f108d9b87368ef89d,,,,
8845,raw_position_sample,2,3,adv,20,2,17,18,26, steal ,1226,177,1519234,69eb8f1f108d9b87368ef89d,69eb8f1f108d9b87368ef89d,advanced,2,69eb8f1f108d9b87368ef89d,69eb8f1f108d9b87368ef89d,spotlight_PROLIFIC,,42,brazil,Portuguese,"portuguese, english, spanish ",spanish,Portuguese:50|English:40|spanish:10,100,Portuguese:40|English:50|spanish:10,100,Portuguese:75|English:20|spanish:5,100,17,4,Bachelor's,10,10,10,6,7,9,4,20,7,17,Duolingo,150,,,,,22,25,C1,intermediate|advanced,intermediate|advanced,cambridge_22_25_intermediate_advanced,4,20,random,,161.26666259765625,1191.7666015625,185.26666259765625,1236.4665985107422,2,13,,,,,,,,,,,,2026-08-09T15:58:12.658Z,C99S394L,2026-08-09,2026-08-09,12:58:12,2026-08-09 12:58:12,,,,,,,,69eb8f1f108d9b87368ef89d,69eb8f1f108d9b87368ef89d,,,,
8896,raw_position_sample,2,3,adv,20,2,17,18,26, steal ,1224,177,1519285,69eb8f1f108d9b87368ef89d,69eb8f1f108d9b87368ef89d,advanced,2,69eb8f1f108d9b87368ef89d,69eb8f1f108d9b87368ef89d,spotlight_PROLIFIC,,42,brazil,Portuguese,"portuguese, english, spanish ",spanish,Portuguese:50|English:40|spanish:10,100,Portuguese:40|English:50|spanish:10,100,Portuguese:75|English:20|spanish:5,100,17,4,Bachelor's,10,10,10,6,7,9,4,20,7,17,Duolingo,150,,,,,22,25,C1,intermediate|advanced,intermediate|advanced,cambridge_22_25_intermediate_advanced,4,20,random,,161.26666259765625,1191.7666015625,185.26666259765625,1236.4665985107422,2,13,,,,,,,,,,,,2026-08-09T15:58:12.658Z,C99S394L,2026-08-09,2026-08-09,12:58:12,2026-08-09 12:58:12,,,,,,,,69eb8f1f108d9b87368ef89d,69eb8f1f108d9b87368ef89d,,,,
8946,raw_position_sample,2,3,adv,20,2,17,18,26, steal ,1215,177,1519335,69eb8f1f108d9b87368ef89d,69eb8f1f108d9b87368ef89d,advanced,2,69eb8f1f108d9b87368ef89d,69eb8f1f108d9b87368ef89d,spotlight_PROLIFIC,,42,brazil,Portuguese,"portuguese, english, spanish ",spanish,Portuguese:50|English:40|spanish:10,100,Portuguese:40|English:50|spanish:10,100,Portuguese:75|English:20|spanish:5,100,17,4,Bachelor's,10,10,10,6,7,9,4,20,7,17,Duolingo,150,,,,,22,25,C1,intermediate|advanced,intermediate|advanced,cambridge_22_25_intermediate_advanced,4,20,random,,161.26666259765625,1191.7666015625,185.26666259765625,1236.4665985107422,2,13,,,,,,,,,,,,2026-08-09T15:58:12.658Z,C99S394L,2026-08-09,2026-08-09,12:58:12,2026-08-09 12:58:12,,,,,,,,69eb8f1f108d9b87368ef89d,69eb8f1f108d9b87368ef89d,,,,
8967,hover_association,2,3,adv,20,2,17,18,26, steal ,1195,177,,69eb8f1f108d9b87368ef89d,69eb8f1f108d9b87368ef89d,advanced,2,69eb8f1f108d9b87368ef89d,69eb8f1f108d9b87368ef89d,spotlight_PROLIFIC,,42,brazil,Portuguese,"portuguese, english, spanish ",spanish,Portuguese:50|English:40|spanish:10,100,Portuguese:40|English:50|spanish:10,100,Portuguese:75|English:20|spanish:5,100,17,4,Bachelor's,10,10,10,6,7,9,4,20,7,17,Duolingo,150,,,,,22,25,C1,intermediate|advanced,intermediate|advanced,cambridge_22_25_intermediate_advanced,4,20,random,,153.26666259765625,1191.7666625976562,193.26666259765625,1236.4666366577148,2,13,hover,384,384,0.13944834495806818,0.5933334350585937,154,,,,,,2026-08-09T15:58:12.658Z,C99S394L,2026-08-09,2026-08-09,12:58:12,2026-08-09 12:58:12,,,,,,,,69eb8f1f108d9b87368ef89d,69eb8f1f108d9b87368ef89d,,,,
8997,raw_position_sample,2,3,adv,20,2,17,18,24, anyone ,1098,183,1519385,69eb8f1f108d9b87368ef89d,69eb8f1f108d9b87368ef89d,advanced,2,69eb8f1f108d9b87368ef89d,69eb8f1f108d9b87368ef89d,spotlight_PROLIFIC,,42,brazil,Portuguese,"portuguese, english, spanish ",spanish,Portuguese:50|English:40|spanish:10,100,Portuguese:40|English:50|spanish:10,100,Portuguese:75|English:20|spanish:5,100,17,4,Bachelor's,10,10,10,6,7,9,4,20,7,17,Duolingo,150,,,,,22,25,C1,intermediate|advanced,intermediate|advanced,cambridge_22_25_intermediate_advanced,4,20,random,,161.26666259765625,1090,185.26666259765625,1157.2333374023438,2,11,,,,,,,,,,,,2026-08-09T15:58:12.658Z,C99S394L,2026-08-09,2026-08-09,12:58:12,2026-08-09 12:58:12,,,,,,,,69eb8f1f108d9b87368ef89d,69eb8f1f108d9b87368ef89d,,,,
9001,hover_association,2,3,adv,20,2,17,18,24, anyone ,1156,180,,69eb8f1f108d9b87368ef89d,69eb8f1f108d9b87368ef89d,advanced,2,69eb8f1f108d9b87368ef89d,69eb8f1f108d9b87368ef89d,spotlight_PROLIFIC,,42,brazil,Portuguese,"portuguese, english, spanish ",spanish,Portuguese:50|English:40|spanish:10,100,Portuguese:40|English:50|spanish:10,100,Portuguese:75|English:20|spanish:5,100,17,4,Bachelor's,10,10,10,6,7,9,4,20,7,17,Duolingo,150,,,,,22,25,C1,intermediate|advanced,intermediate|advanced,cambridge_22_25_intermediate_advanced,4,20,random,,153.26666259765625,1089.999984741211,193.26666259765625,1157.2333679199219,2,11,hover,33,33,0.1189887356631225,0.7433334350585937,154,,,,,,2026-08-09T15:58:12.658Z,C99S394L,2026-08-09,2026-08-09,12:58:12,2026-08-09 12:58:12,,,,,,,,69eb8f1f108d9b87368ef89d,69eb8f1f108d9b87368ef89d,,,,
9017,hover_association,2,3,adv,20,2,17,18,22, outrageous ,1036,190,,69eb8f1f108d9b87368ef89d,69eb8f1f108d9b87368ef89d,advanced,2,69eb8f1f108d9b87368ef89d,69eb8f1f108d9b87368ef89d,spotlight_PROLIFIC,,42,brazil,Portuguese,"portuguese, english, spanish ",spanish,Portuguese:50|English:40|spanish:10,100,Portuguese:40|English:50|spanish:10,100,Portuguese:75|English:20|spanish:5,100,17,4,Bachelor's,10,10,10,6,7,9,4,20,7,17,Duolingo,150,,,,,22,25,C1,intermediate|advanced,intermediate|advanced,cambridge_22_25_intermediate_advanced,4,20,random,,153.26666259765625,948.9166870117188,193.26666259765625,1051.099998474121,2,9,hover,17,17,0.8522263737784909,0.9183334350585938,154,,,,,,2026-08-09T15:58:12.658Z,C99S394L,2026-08-09,2026-08-09,12:58:12,2026-08-09 12:58:12,,,,,,,,69eb8f1f108d9b87368ef89d,69eb8f1f108d9b87368ef89d,,,,
9034,hover_association,2,3,adv,20,2,17,18,37," theft, ",966,196,,69eb8f1f108d9b87368ef89d,69eb8f1f108d9b87368ef89d,advanced,2,69eb8f1f108d9b87368ef89d,69eb8f1f108d9b87368ef89d,spotlight_PROLIFIC,,42,brazil,Portuguese,"portuguese, english, spanish ",spanish,Portuguese:50|English:40|spanish:10,100,Portuguese:40|English:50|spanish:10,100,Portuguese:75|English:20|spanish:5,100,17,4,Bachelor's,10,10,10,6,7,9,4,20,7,17,Duolingo,150,,,,,22,25,C1,intermediate|advanced,intermediate|advanced,cambridge_22_25_intermediate_advanced,4,20,random,,193.26666259765625,946.7666549682617,233.26666259765625,996.7333374023438,3,10,hover,16,16,0.3849233948463889,0.06833343505859375,154,,,,,,2026-08-09T15:58:12.658Z,C99S394L,2026-08-09,2026-08-09,12:58:12,2026-08-09 12:58:12,,,,,,,,69eb8f1f108d9b87368ef89d,69eb8f1f108d9b87368ef89d,,,,
9047,raw_position_sample,2,3,adv,20,2,17,18,34, it. ,896,205,1519436,69eb8f1f108d9b87368ef89d,69eb8f1f108d9b87368ef89d,advanced,2,69eb8f1f108d9b87368ef89d,69eb8f1f108d9b87368ef89d,spotlight_PROLIFIC,,42,brazil,Portuguese,"portuguese, english, spanish ",spanish,Portuguese:50|English:40|spanish:10,100,Portuguese:40|English:50|spanish:10,100,Portuguese:75|English:20|spanish:5,100,17,4,Bachelor's,10,10,10,6,7,9,4,20,7,17,Duolingo,150,,,,,22,25,C1,intermediate|advanced,intermediate|advanced,cambridge_22_25_intermediate_advanced,4,20,random,,201.26666259765625,890.88330078125,225.26666259765625,911.5333099365234,3,7,,,,,,,,,,,,2026-08-09T15:58:12.658Z,C99S394L,2026-08-09,2026-08-09,12:58:12,2026-08-09 12:58:12,,,,,,,,69eb8f1f108d9b87368ef89d,69eb8f1f108d9b87368ef89d,,,,
9051,hover_association,2,3,adv,20,2,17,18,34, it. ,896,205,,69eb8f1f108d9b87368ef89d,69eb8f1f108d9b87368ef89d,advanced,2,69eb8f1f108d9b87368ef89d,69eb8f1f108d9b87368ef89d,spotlight_PROLIFIC,,42,brazil,Portuguese,"portuguese, english, spanish ",spanish,Portuguese:50|English:40|spanish:10,100,Portuguese:40|English:50|spanish:10,100,Portuguese:75|English:20|spanish:5,100,17,4,Bachelor's,10,10,10,6,7,9,4,20,7,17,Duolingo,150,,,,,22,25,C1,intermediate|advanced,intermediate|advanced,cambridge_22_25_intermediate_advanced,4,20,random,,193.26666259765625,890.8833084106445,233.26666259765625,911.533317565918,3,7,hover,17,17,0.24778156517421243,0.29333343505859377,154,,,,,,2026-08-09T15:58:12.658Z,C99S394L,2026-08-09,2026-08-09,12:58:12,2026-08-09 12:58:12,,,,,,,,69eb8f1f108d9b87368ef89d,69eb8f1f108d9b87368ef89d,,,,
9067,hover_association,2,3,adv,20,2,17,18,32, away ,837,208,,69eb8f1f108d9b87368ef89d,69eb8f1f108d9b87368ef89d,advanced,2,69eb8f1f108d9b87368ef89d,69eb8f1f108d9b87368ef89d,spotlight_PROLIFIC,,42,brazil,Portuguese,"portuguese, english, spanish ",spanish,Portuguese:50|English:40|spanish:10,100,Portuguese:40|English:50|spanish:10,100,Portuguese:75|English:20|spanish:5,100,17,4,Bachelor's,10,10,10,6,7,9,4,20,7,17,Duolingo,150,,,,,22,25,C1,intermediate|advanced,intermediate|advanced,cambridge_22_25_intermediate_advanced,4,20,random,,193.26666259765625,801.5666656494141,233.26666259765625,849.7833251953125,3,5,hover,17,17,0.7348774196365929,0.36833343505859373,154,,,,,,2026-08-09T15:58:12.658Z,C99S394L,2026-08-09,2026-08-09,12:58:12,2026-08-09 12:58:12,,,,,,,,69eb8f1f108d9b87368ef89d,69eb8f1f108d9b87368ef89d,,,,
9097,raw_position_sample,2,3,adv,20,2,17,18,31, get ,774,217,1519486,69eb8f1f108d9b87368ef89d,69eb8f1f108d9b87368ef89d,advanced,2,69eb8f1f108d9b87368ef89d,69eb8f1f108d9b87368ef89d,spotlight_PROLIFIC,,42,brazil,Portuguese,"portuguese, english, spanish ",spanish,Portuguese:50|English:40|spanish:10,100,Portuguese:40|English:50|spanish:10,100,Portuguese:75|English:20|spanish:5,100,17,4,Bachelor's,10,10,10,6,7,9,4,20,7,17,Duolingo,150,,,,,22,25,C1,intermediate|advanced,intermediate|advanced,cambridge_22_25_intermediate_advanced,4,20,random,,201.26666259765625,769.1666870117188,225.26666259765625,801.5666809082031,3,4,,,,,,,,,,,,2026-08-09T15:58:12.658Z,C99S394L,2026-08-09,2026-08-09,12:58:12,2026-08-09 12:58:12,,,,,,,,69eb8f1f108d9b87368ef89d,69eb8f1f108d9b87368ef89d,,,,
9101,hover_association,2,3,adv,20,2,17,18,31, get ,798,215,,69eb8f1f108d9b87368ef89d,69eb8f1f108d9b87368ef89d,advanced,2,69eb8f1f108d9b87368ef89d,69eb8f1f108d9b87368ef89d,spotlight_PROLIFIC,,42,brazil,Portuguese,"portuguese, english, spanish ",spanish,Portuguese:50|English:40|spanish:10,100,Portuguese:40|English:50|spanish:10,100,Portuguese:75|English:20|spanish:5,100,17,4,Bachelor's,10,10,10,6,7,9,4,20,7,17,Duolingo,150,,,,,22,25,C1,intermediate|advanced,intermediate|advanced,cambridge_22_25_intermediate_advanced,4,20,random,,193.26666259765625,769.1666870117188,233.26666259765625,801.5666656494141,3,4,hover,33,33,0.1491764251553548,0.5933334350585937,154,,,,,,2026-08-09T15:58:12.658Z,C99S394L,2026-08-09,2026-08-09,12:58:12,2026-08-09 12:58:12,,,,,,,,69eb8f1f108d9b87368ef89d,69eb8f1f108d9b87368ef89d,,,,
9134,hover_association,2,3,adv,20,2,17,18,30, and ,759,218,,69eb8f1f108d9b87368ef89d,69eb8f1f108d9b87368ef89d,advanced,2,69eb8f1f108d9b87368ef89d,69eb8f1f108d9b87368ef89d,spotlight_PROLIFIC,,42,brazil,Portuguese,"portuguese, english, spanish ",spanish,Portuguese:50|English:40|spanish:10,100,Portuguese:40|English:50|spanish:10,100,Portuguese:75|English:20|spanish:5,100,17,4,Bachelor's,10,10,10,6,7,9,4,20,7,17,Duolingo,150,,,,,22,25,C1,intermediate|advanced,intermediate|advanced,cambridge_22_25_intermediate_advanced,4,20,random,,193.26666259765625,732.2000122070312,233.26666259765625,769.1666870117188,3,3,hover,34,34,0.3733088752472501,0.6433334350585938,154,,,,,,2026-08-09T15:58:12.658Z,C99S394L,2026-08-09,2026-08-09,12:58:12,2026-08-09 12:58:12,,,,,,,,69eb8f1f108d9b87368ef89d,69eb8f1f108d9b87368ef89d,,,,
9148,raw_position_sample,2,3,adv,20,2,17,18,29, work ,731,221,1519537,69eb8f1f108d9b87368ef89d,69eb8f1f108d9b87368ef89d,advanced,2,69eb8f1f108d9b87368ef89d,69eb8f1f108d9b87368ef89d,spotlight_PROLIFIC,,42,brazil,Portuguese,"portuguese, english, spanish ",spanish,Portuguese:50|English:40|spanish:10,100,Portuguese:40|English:50|spanish:10,100,Portuguese:75|English:20|spanish:5,100,17,4,Bachelor's,10,10,10,6,7,9,4,20,7,17,Duolingo,150,,,,,22,25,C1,intermediate|advanced,intermediate|advanced,cambridge_22_25_intermediate_advanced,4,20,random,,201.26666259765625,685.433349609375,225.26666259765625,732.2000122070312,3,2,,,,,,,,,,,,2026-08-09T15:58:12.658Z,C99S394L,2026-08-09,2026-08-09,12:58:12,2026-08-09 12:58:12,,,,,,,,69eb8f1f108d9b87368ef89d,69eb8f1f108d9b87368ef89d,,,,
9167,hover_association,2,3,adv,20,2,17,18,29, work ,731,221,,69eb8f1f108d9b87368ef89d,69eb8f1f108d9b87368ef89d,advanced,2,69eb8f1f108d9b87368ef89d,69eb8f1f108d9b87368ef89d,spotlight_PROLIFIC,,42,brazil,Portuguese,"portuguese, english, spanish ",spanish,Portuguese:50|English:40|spanish:10,100,Portuguese:40|English:50|spanish:10,100,Portuguese:75|English:20|spanish:5,100,17,4,Bachelor's,10,10,10,6,7,9,4,20,7,17,Duolingo,150,,,,,22,25,C1,intermediate|advanced,intermediate|advanced,cambridge_22_25_intermediate_advanced,4,20,random,,193.26666259765625,685.4333572387695,233.26666259765625,732.2000122070312,3,2,hover,33,33,0.5894508123349559,0.6933334350585938,154,,,,,,2026-08-09T15:58:12.658Z,C99S394L,2026-08-09,2026-08-09,12:58:12,2026-08-09 12:58:12,,,,,,,,69eb8f1f108d9b87368ef89d,69eb8f1f108d9b87368ef89d,,,,
9198,raw_position_sample,2,3,adv,20,2,17,18,28, artist’s ,650,221,1519586,69eb8f1f108d9b87368ef89d,69eb8f1f108d9b87368ef89d,advanced,2,69eb8f1f108d9b87368ef89d,69eb8f1f108d9b87368ef89d,spotlight_PROLIFIC,,42,brazil,Portuguese,"portuguese, english, spanish ",spanish,Portuguese:50|English:40|spanish:10,100,Portuguese:40|English:50|spanish:10,100,Portuguese:75|English:20|spanish:5,100,17,4,Bachelor's,10,10,10,6,7,9,4,20,7,17,Duolingo,150,,,,,22,25,C1,intermediate|advanced,intermediate|advanced,cambridge_22_25_intermediate_advanced,4,20,random,,201.26666259765625,625.36669921875,225.26666259765625,685.4333648681641,3,1,,,,,,,,,,,,2026-08-09T15:58:12.658Z,C99S394L,2026-08-09,2026-08-09,12:58:12,2026-08-09 12:58:12,,,,,,,,69eb8f1f108d9b87368ef89d,69eb8f1f108d9b87368ef89d,,,,
9217,hover_association,2,3,adv,20,2,17,18,28, artist’s ,678,221,,69eb8f1f108d9b87368ef89d,69eb8f1f108d9b87368ef89d,advanced,2,69eb8f1f108d9b87368ef89d,69eb8f1f108d9b87368ef89d,spotlight_PROLIFIC,,42,brazil,Portuguese,"portuguese, english, spanish ",spanish,Portuguese:50|English:40|spanish:10,100,Portuguese:40|English:50|spanish:10,100,Portuguese:75|English:20|spanish:5,100,17,4,Bachelor's,10,10,10,6,7,9,4,20,7,17,Duolingo,150,,,,,22,25,C1,intermediate|advanced,intermediate|advanced,cambridge_22_25_intermediate_advanced,4,20,random,,193.26666259765625,621.8028106689453,233.26666259765625,685.4333572387695,3,1,hover,50,50,0.018814695073237603,0.6933334350585938,154,,,,,,2026-08-09T15:58:12.658Z,C99S394L,2026-08-09,2026-08-09,12:58:12,2026-08-09 12:58:12,,,,,,,,69eb8f1f108d9b87368ef89d,69eb8f1f108d9b87368ef89d,,,,
9248,raw_position_sample,2,3,adv,20,2,17,18,-1,999,574,223,1519637,69eb8f1f108d9b87368ef89d,69eb8f1f108d9b87368ef89d,advanced,2,69eb8f1f108d9b87368ef89d,69eb8f1f108d9b87368ef89d,spotlight_PROLIFIC,,42,brazil,Portuguese,"portuguese, english, spanish ",spanish,Portuguese:50|English:40|spanish:10,100,Portuguese:40|English:50|spanish:10,100,Portuguese:75|English:20|spanish:5,100,17,4,Bachelor's,10,10,10,6,7,9,4,20,7,17,Duolingo,150,,,,,22,25,C1,intermediate|advanced,intermediate|advanced,cambridge_22_25_intermediate_advanced,4,20,random,,,,,,,,,,,,,,,,,,,2026-08-09T15:58:12.658Z,C99S394L,2026-08-09,2026-08-09,12:58:12,2026-08-09 12:58:12,,,,,,,,69eb8f1f108d9b87368ef89d,69eb8f1f108d9b87368ef89d,,,,
9298,raw_position_sample,2,3,adv,20,2,17,18,-1,999,543,224,1519686,69eb8f1f108d9b87368ef89d,69eb8f1f108d9b87368ef89d,advanced,2,69eb8f1f108d9b87368ef89d,69eb8f1f108d9b87368ef89d,spotlight_PROLIFIC,,42,brazil,Portuguese,"portuguese, english, spanish ",spanish,Portuguese:50|English:40|spanish:10,100,Portuguese:40|English:50|spanish:10,100,Portuguese:75|English:20|spanish:5,100,17,4,Bachelor's,10,10,10,6,7,9,4,20,7,17,Duolingo,150,,,,,22,25,C1,intermediate|advanced,intermediate|advanced,cambridge_22_25_intermediate_advanced,4,20,random,,,,,,,,,,,,,,,,,,,2026-08-09T15:58:12.658Z,C99S394L,2026-08-09,2026-08-09,12:58:12,2026-08-09 12:58:12,,,,,,,,69eb8f1f108d9b87368ef89d,69eb8f1f108d9b87368ef89d,,,,
9349,raw_position_sample,2,3,adv,20,2,17,18,-1,999,542,225,1519737,69eb8f1f108d9b87368ef89d,69eb8f1f108d9b87368ef89d,advanced,2,69eb8f1f108d9b87368ef89d,69eb8f1f108d9b87368ef89d,spotlight_PROLIFIC,,42,brazil,Portuguese,"portuguese, english, spanish ",spanish,Portuguese:50|English:40|spanish:10,100,Portuguese:40|English:50|spanish:10,100,Portuguese:75|English:20|spanish:5,100,17,4,Bachelor's,10,10,10,6,7,9,4,20,7,17,Duolingo,150,,,,,22,25,C1,intermediate|advanced,intermediate|advanced,cambridge_22_25_intermediate_advanced,4,20,random,,,,,,,,,,,,,,,,,,,2026-08-09T15:58:12.658Z,C99S394L,2026-08-09,2026-08-09,12:58:12,2026-08-09 12:58:12,,,,,,,,69eb8f1f108d9b87368ef89d,69eb8f1f108d9b87368ef89d,,,,
9399,raw_position_sample,2,3,adv,20,2,17,18,-1,999,546,225,1519787,69eb8f1f108d9b87368ef89d,69eb8f1f108d9b87368ef89d,advanced,2,69eb8f1f108d9b87368ef89d,69eb8f1f108d9b87368ef89d,spotlight_PROLIFIC,,42,brazil,Portuguese,"portuguese, english, spanish ",spanish,Portuguese:50|English:40|spanish:10,100,Portuguese:40|English:50|spanish:10,100,Portuguese:75|English:20|spanish:5,100,17,4,Bachelor's,10,10,10,6,7,9,4,20,7,17,Duolingo,150,,,,,22,25,C1,intermediate|advanced,intermediate|advanced,cambridge_22_25_intermediate_advanced,4,20,random,,,,,,,,,,,,,,,,,,,2026-08-09T15:58:12.658Z,C99S394L,2026-08-09,2026-08-09,12:58:12,2026-08-09 12:58:12,,,,,,,,69eb8f1f108d9b87368ef89d,69eb8f1f108d9b87368ef89d,,,,
9449,raw_position_sample,2,3,adv,20,2,17,18,-1,999,565,224,1519838,69eb8f1f108d9b87368ef89d,69eb8f1f108d9b87368ef89d,advanced,2,69eb8f1f108d9b87368ef89d,69eb8f1f108d9b87368ef89d,spotlight_PROLIFIC,,42,brazil,Portuguese,"portuguese, english, spanish ",spanish,Portuguese:50|English:40|spanish:10,100,Portuguese:40|English:50|spanish:10,100,Portuguese:75|English:20|spanish:5,100,17,4,Bachelor's,10,10,10,6,7,9,4,20,7,17,Duolingo,150,,,,,22,25,C1,intermediate|advanced,intermediate|advanced,cambridge_22_25_intermediate_advanced,4,20,random,,,,,,,,,,,,,,,,,,,2026-08-09T15:58:12.658Z,C99S394L,2026-08-09,2026-08-09,12:58:12,2026-08-09 12:58:12,,,,,,,,69eb8f1f108d9b87368ef89d,69eb8f1f108d9b87368ef89d,,,,
9499,raw_position_sample,2,3,adv,20,2,17,18,-1,999,603,222,1519888,69eb8f1f108d9b87368ef89d,69eb8f1f108d9b87368ef89d,advanced,2,69eb8f1f108d9b87368ef89d,69eb8f1f108d9b87368ef89d,spotlight_PROLIFIC,,42,brazil,Portuguese,"portuguese, english, spanish ",spanish,Portuguese:50|English:40|spanish:10,100,Portuguese:40|English:50|spanish:10,100,Portuguese:75|English:20|spanish:5,100,17,4,Bachelor's,10,10,10,6,7,9,4,20,7,17,Duolingo,150,,,,,22,25,C1,intermediate|advanced,intermediate|advanced,cambridge_22_25_intermediate_advanced,4,20,random,,,,,,,,,,,,,,,,,,,2026-08-09T15:58:12.658Z,C99S394L,2026-08-09,2026-08-09,12:58:12,2026-08-09 12:58:12,,,,,,,,69eb8f1f108d9b87368ef89d,69eb8f1f108d9b87368ef89d,,,,
9550,raw_position_sample,2,3,adv,20,2,17,18,28, artist’s ,648,220,1519938,69eb8f1f108d9b87368ef89d,69eb8f1f108d9b87368ef89d,advanced,2,69eb8f1f108d9b87368ef89d,69eb8f1f108d9b87368ef89d,spotlight_PROLIFIC,,42,brazil,Portuguese,"portuguese, english, spanish ",spanish,Portuguese:50|English:40|spanish:10,100,Portuguese:40|English:50|spanish:10,100,Portuguese:75|English:20|spanish:5,100,17,4,Bachelor's,10,10,10,6,7,9,4,20,7,17,Duolingo,150,,,,,22,25,C1,intermediate|advanced,intermediate|advanced,cambridge_22_25_intermediate_advanced,4,20,random,,201.26666259765625,625.36669921875,225.26666259765625,685.4333648681641,3,1,,,,,,,,,,,,2026-08-09T15:58:12.658Z,C99S394L,2026-08-09,2026-08-09,12:58:12,2026-08-09 12:58:12,,,,,,,,69eb8f1f108d9b87368ef89d,69eb8f1f108d9b87368ef89d,,,,
9600,raw_position_sample,2,3,adv,20,2,17,18,28, artist’s ,683,212,1519988,69eb8f1f108d9b87368ef89d,69eb8f1f108d9b87368ef89d,advanced,2,69eb8f1f108d9b87368ef89d,69eb8f1f108d9b87368ef89d,spotlight_PROLIFIC,,42,brazil,Portuguese,"portuguese, english, spanish ",spanish,Portuguese:50|English:40|spanish:10,100,Portuguese:40|English:50|spanish:10,100,Portuguese:75|English:20|spanish:5,100,17,4,Bachelor's,10,10,10,6,7,9,4,20,7,17,Duolingo,150,,,,,22,25,C1,intermediate|advanced,intermediate|advanced,cambridge_22_25_intermediate_advanced,4,20,random,,201.26666259765625,625.36669921875,225.26666259765625,685.4333648681641,3,1,,,,,,,,,,,,2026-08-09T15:58:12.658Z,C99S394L,2026-08-09,2026-08-09,12:58:12,2026-08-09 12:58:12,,,,,,,,69eb8f1f108d9b87368ef89d,69eb8f1f108d9b87368ef89d,,,,
9601,hover_association,2,3,adv,20,2,17,18,28, artist’s ,633,222,,69eb8f1f108d9b87368ef89d,69eb8f1f108d9b87368ef89d,advanced,2,69eb8f1f108d9b87368ef89d,69eb8f1f108d9b87368ef89d,spotlight_PROLIFIC,,42,brazil,Portuguese,"portuguese, english, spanish ",spanish,Portuguese:50|English:40|spanish:10,100,Portuguese:40|English:50|spanish:10,100,Portuguese:75|English:20|spanish:5,100,17,4,Bachelor's,10,10,10,6,7,9,4,20,7,17,Duolingo,150,,,,,22,25,C1,intermediate|advanced,intermediate|advanced,cambridge_22_25_intermediate_advanced,4,20,random,,193.26666259765625,621.8028106689453,233.26666259765625,685.4333572387695,3,1,hover,83,83,0.9617580333668937,0.46833343505859376,154,,,,,,2026-08-09T15:58:12.658Z,C99S394L,2026-08-09,2026-08-09,12:58:12,2026-08-09 12:58:12,,,,,,,,69eb8f1f108d9b87368ef89d,69eb8f1f108d9b87368ef89d,,,,
9650,raw_position_sample,2,3,adv,20,2,17,18,29, work ,687,212,1520039,69eb8f1f108d9b87368ef89d,69eb8f1f108d9b87368ef89d,advanced,2,69eb8f1f108d9b87368ef89d,69eb8f1f108d9b87368ef89d,spotlight_PROLIFIC,,42,brazil,Portuguese,"portuguese, english, spanish ",spanish,Portuguese:50|English:40|spanish:10,100,Portuguese:40|English:50|spanish:10,100,Portuguese:75|English:20|spanish:5,100,17,4,Bachelor's,10,10,10,6,7,9,4,20,7,17,Duolingo,150,,,,,22,25,C1,intermediate|advanced,intermediate|advanced,cambridge_22_25_intermediate_advanced,4,20,random,,201.26666259765625,685.433349609375,225.26666259765625,732.2000122070312,3,2,,,,,,,,,,,,2026-08-09T15:58:12.658Z,C99S394L,2026-08-09,2026-08-09,12:58:12,2026-08-09 12:58:12,,,,,,,,69eb8f1f108d9b87368ef89d,69eb8f1f108d9b87368ef89d,,,,
9705,raw_position_sample,2,3,adv,20,2,17,18,29, work ,688,212,1520093,69eb8f1f108d9b87368ef89d,69eb8f1f108d9b87368ef89d,advanced,2,69eb8f1f108d9b87368ef89d,69eb8f1f108d9b87368ef89d,spotlight_PROLIFIC,,42,brazil,Portuguese,"portuguese, english, spanish ",spanish,Portuguese:50|English:40|spanish:10,100,Portuguese:40|English:50|spanish:10,100,Portuguese:75|English:20|spanish:5,100,17,4,Bachelor's,10,10,10,6,7,9,4,20,7,17,Duolingo,150,,,,,22,25,C1,intermediate|advanced,intermediate|advanced,cambridge_22_25_intermediate_advanced,4,20,random,,201.26666259765625,685.433349609375,225.26666259765625,732.2000122070312,3,2,,,,,,,,,,,,2026-08-09T15:58:12.658Z,C99S394L,2026-08-09,2026-08-09,12:58:12,2026-08-09 12:58:12,,,,,,,,69eb8f1f108d9b87368ef89d,69eb8f1f108d9b87368ef89d,,,,
9755,raw_position_sample,2,3,adv,20,2,17,18,29, work ,691,212,1520144,69eb8f1f108d9b87368ef89d,69eb8f1f108d9b87368ef89d,advanced,2,69eb8f1f108d9b87368ef89d,69eb8f1f108d9b87368ef89d,spotlight_PROLIFIC,,42,brazil,Portuguese,"portuguese, english, spanish ",spanish,Portuguese:50|English:40|spanish:10,100,Portuguese:40|English:50|spanish:10,100,Portuguese:75|English:20|spanish:5,100,17,4,Bachelor's,10,10,10,6,7,9,4,20,7,17,Duolingo,150,,,,,22,25,C1,intermediate|advanced,intermediate|advanced,cambridge_22_25_intermediate_advanced,4,20,random,,201.26666259765625,685.433349609375,225.26666259765625,732.2000122070312,3,2,,,,,,,,,,,,2026-08-09T15:58:12.658Z,C99S394L,2026-08-09,2026-08-09,12:58:12,2026-08-09 12:58:12,,,,,,,,69eb8f1f108d9b87368ef89d,69eb8f1f108d9b87368ef89d,,,,
9805,raw_position_sample,2,3,adv,20,2,17,18,29, work ,707,212,1520194,69eb8f1f108d9b87368ef89d,69eb8f1f108d9b87368ef89d,advanced,2,69eb8f1f108d9b87368ef89d,69eb8f1f108d9b87368ef89d,spotlight_PROLIFIC,,42,brazil,Portuguese,"portuguese, english, spanish ",spanish,Portuguese:50|English:40|spanish:10,100,Portuguese:40|English:50|spanish:10,100,Portuguese:75|English:20|spanish:5,100,17,4,Bachelor's,10,10,10,6,7,9,4,20,7,17,Duolingo,150,,,,,22,25,C1,intermediate|advanced,intermediate|advanced,cambridge_22_25_intermediate_advanced,4,20,random,,201.26666259765625,685.433349609375,225.26666259765625,732.2000122070312,3,2,,,,,,,,,,,,2026-08-09T15:58:12.658Z,C99S394L,2026-08-09,2026-08-09,12:58:12,2026-08-09 12:58:12,,,,,,,,69eb8f1f108d9b87368ef89d,69eb8f1f108d9b87368ef89d,,,,
9857,raw_position_sample,2,3,adv,20,2,17,18,29, work ,730,214,1520245,69eb8f1f108d9b87368ef89d,69eb8f1f108d9b87368ef89d,advanced,2,69eb8f1f108d9b87368ef89d,69eb8f1f108d9b87368ef89d,spotlight_PROLIFIC,,42,brazil,Portuguese,"portuguese, english, spanish ",spanish,Portuguese:50|English:40|spanish:10,100,Portuguese:40|English:50|spanish:10,100,Portuguese:75|English:20|spanish:5,100,17,4,Bachelor's,10,10,10,6,7,9,4,20,7,17,Duolingo,150,,,,,22,25,C1,intermediate|advanced,intermediate|advanced,cambridge_22_25_intermediate_advanced,4,20,random,,201.26666259765625,685.433349609375,225.26666259765625,732.2000122070312,3,2,,,,,,,,,,,,2026-08-09T15:58:12.658Z,C99S394L,2026-08-09,2026-08-09,12:58:12,2026-08-09 12:58:12,,,,,,,,69eb8f1f108d9b87368ef89d,69eb8f1f108d9b87368ef89d,,,,
9884,hover_association,2,3,adv,20,2,17,18,29, work ,687,212,,69eb8f1f108d9b87368ef89d,69eb8f1f108d9b87368ef89d,advanced,2,69eb8f1f108d9b87368ef89d,69eb8f1f108d9b87368ef89d,spotlight_PROLIFIC,,42,brazil,Portuguese,"portuguese, english, spanish ",spanish,Portuguese:50|English:40|spanish:10,100,Portuguese:40|English:50|spanish:10,100,Portuguese:75|English:20|spanish:5,100,17,4,Bachelor's,10,10,10,6,7,9,4,20,7,17,Duolingo,150,,,,,22,25,C1,intermediate|advanced,intermediate|advanced,cambridge_22_25_intermediate_advanced,4,20,random,,193.26666259765625,685.4333572387695,233.26666259765625,732.2000122070312,3,2,hover,283,283,0.9957231876608026,0.5183334350585938,154,,,,,,2026-08-09T15:58:12.658Z,C99S394L,2026-08-09,2026-08-09,12:58:12,2026-08-09 12:58:12,,,,,,,,69eb8f1f108d9b87368ef89d,69eb8f1f108d9b87368ef89d,,,,
9907,raw_position_sample,2,3,adv,20,2,17,18,30, and ,734,214,1520296,69eb8f1f108d9b87368ef89d,69eb8f1f108d9b87368ef89d,advanced,2,69eb8f1f108d9b87368ef89d,69eb8f1f108d9b87368ef89d,spotlight_PROLIFIC,,42,brazil,Portuguese,"portuguese, english, spanish ",spanish,Portuguese:50|English:40|spanish:10,100,Portuguese:40|English:50|spanish:10,100,Portuguese:75|English:20|spanish:5,100,17,4,Bachelor's,10,10,10,6,7,9,4,20,7,17,Duolingo,150,,,,,22,25,C1,intermediate|advanced,intermediate|advanced,cambridge_22_25_intermediate_advanced,4,20,random,,201.26666259765625,732.2000122070312,225.26666259765625,769.1666870117188,3,3,,,,,,,,,,,,2026-08-09T15:58:12.658Z,C99S394L,2026-08-09,2026-08-09,12:58:12,2026-08-09 12:58:12,,,,,,,,69eb8f1f108d9b87368ef89d,69eb8f1f108d9b87368ef89d,,,,
9958,raw_position_sample,2,3,adv,20,2,17,18,30, and ,734,214,1520346,69eb8f1f108d9b87368ef89d,69eb8f1f108d9b87368ef89d,advanced,2,69eb8f1f108d9b87368ef89d,69eb8f1f108d9b87368ef89d,spotlight_PROLIFIC,,42,brazil,Portuguese,"portuguese, english, spanish ",spanish,Portuguese:50|English:40|spanish:10,100,Portuguese:40|English:50|spanish:10,100,Portuguese:75|English:20|spanish:5,100,17,4,Bachelor's,10,10,10,6,7,9,4,20,7,17,Duolingo,150,,,,,22,25,C1,intermediate|advanced,intermediate|advanced,cambridge_22_25_intermediate_advanced,4,20,random,,201.26666259765625,732.2000122070312,225.26666259765625,769.1666870117188,3,3,,,,,,,,,,,,2026-08-09T15:58:12.658Z,C99S394L,2026-08-09,2026-08-09,12:58:12,2026-08-09 12:58:12,,,,,,,,69eb8f1f108d9b87368ef89d,69eb8f1f108d9b87368ef89d,,,,
10009,raw_position_sample,2,3,adv,20,2,17,18,30, and ,734,214,1520398,69eb8f1f108d9b87368ef89d,69eb8f1f108d9b87368ef89d,advanced,2,69eb8f1f108d9b87368ef89d,69eb8f1f108d9b87368ef89d,spotlight_PROLIFIC,,42,brazil,Portuguese,"portuguese, english, spanish ",spanish,Portuguese:50|English:40|spanish:10,100,Portuguese:40|English:50|spanish:10,100,Portuguese:75|English:20|spanish:5,100,17,4,Bachelor's,10,10,10,6,7,9,4,20,7,17,Duolingo,150,,,,,22,25,C1,intermediate|advanced,intermediate|advanced,cambridge_22_25_intermediate_advanced,4,20,random,,201.26666259765625,732.2000122070312,225.26666259765625,769.1666870117188,3,3,,,,,,,,,,,,2026-08-09T15:58:12.658Z,C99S394L,2026-08-09,2026-08-09,12:58:12,2026-08-09 12:58:12,,,,,,,,69eb8f1f108d9b87368ef89d,69eb8f1f108d9b87368ef89d,,,,
10060,raw_position_sample,2,3,adv,20,2,17,18,30, and ,734,214,1520447,69eb8f1f108d9b87368ef89d,69eb8f1f108d9b87368ef89d,advanced,2,69eb8f1f108d9b87368ef89d,69eb8f1f108d9b87368ef89d,spotlight_PROLIFIC,,42,brazil,Portuguese,"portuguese, english, spanish ",spanish,Portuguese:50|English:40|spanish:10,100,Portuguese:40|English:50|spanish:10,100,Portuguese:75|English:20|spanish:5,100,17,4,Bachelor's,10,10,10,6,7,9,4,20,7,17,Duolingo,150,,,,,22,25,C1,intermediate|advanced,intermediate|advanced,cambridge_22_25_intermediate_advanced,4,20,random,,201.26666259765625,732.2000122070312,225.26666259765625,769.1666870117188,3,3,,,,,,,,,,,,2026-08-09T15:58:12.658Z,C99S394L,2026-08-09,2026-08-09,12:58:12,2026-08-09 12:58:12,,,,,,,,69eb8f1f108d9b87368ef89d,69eb8f1f108d9b87368ef89d,,,,
10110,raw_position_sample,2,3,adv,20,2,17,18,30, and ,738,212,1520498,69eb8f1f108d9b87368ef89d,69eb8f1f108d9b87368ef89d,advanced,2,69eb8f1f108d9b87368ef89d,69eb8f1f108d9b87368ef89d,spotlight_PROLIFIC,,42,brazil,Portuguese,"portuguese, english, spanish ",spanish,Portuguese:50|English:40|spanish:10,100,Portuguese:40|English:50|spanish:10,100,Portuguese:75|English:20|spanish:5,100,17,4,Bachelor's,10,10,10,6,7,9,4,20,7,17,Duolingo,150,,,,,22,25,C1,intermediate|advanced,intermediate|advanced,cambridge_22_25_intermediate_advanced,4,20,random,,201.26666259765625,732.2000122070312,225.26666259765625,769.1666870117188,3,3,,,,,,,,,,,,2026-08-09T15:58:12.658Z,C99S394L,2026-08-09,2026-08-09,12:58:12,2026-08-09 12:58:12,,,,,,,,69eb8f1f108d9b87368ef89d,69eb8f1f108d9b87368ef89d,,,,
10160,raw_position_sample,2,3,adv,20,2,17,18,30, and ,745,212,1520548,69eb8f1f108d9b87368ef89d,69eb8f1f108d9b87368ef89d,advanced,2,69eb8f1f108d9b87368ef89d,69eb8f1f108d9b87368ef89d,spotlight_PROLIFIC,,42,brazil,Portuguese,"portuguese, english, spanish ",spanish,Portuguese:50|English:40|spanish:10,100,Portuguese:40|English:50|spanish:10,100,Portuguese:75|English:20|spanish:5,100,17,4,Bachelor's,10,10,10,6,7,9,4,20,7,17,Duolingo,150,,,,,22,25,C1,intermediate|advanced,intermediate|advanced,cambridge_22_25_intermediate_advanced,4,20,random,,201.26666259765625,732.2000122070312,225.26666259765625,769.1666870117188,3,3,,,,,,,,,,,,2026-08-09T15:58:12.658Z,C99S394L,2026-08-09,2026-08-09,12:58:12,2026-08-09 12:58:12,,,,,,,,69eb8f1f108d9b87368ef89d,69eb8f1f108d9b87368ef89d,,,,
10210,raw_position_sample,2,3,adv,20,2,17,18,30, and ,761,211,1520599,69eb8f1f108d9b87368ef89d,69eb8f1f108d9b87368ef89d,advanced,2,69eb8f1f108d9b87368ef89d,69eb8f1f108d9b87368ef89d,spotlight_PROLIFIC,,42,brazil,Portuguese,"portuguese, english, spanish ",spanish,Portuguese:50|English:40|spanish:10,100,Portuguese:40|English:50|spanish:10,100,Portuguese:75|English:20|spanish:5,100,17,4,Bachelor's,10,10,10,6,7,9,4,20,7,17,Duolingo,150,,,,,22,25,C1,intermediate|advanced,intermediate|advanced,cambridge_22_25_intermediate_advanced,4,20,random,,201.26666259765625,732.2000122070312,225.26666259765625,769.1666870117188,3,3,,,,,,,,,,,,2026-08-09T15:58:12.658Z,C99S394L,2026-08-09,2026-08-09,12:58:12,2026-08-09 12:58:12,,,,,,,,69eb8f1f108d9b87368ef89d,69eb8f1f108d9b87368ef89d,,,,
10235,hover_association,2,3,adv,20,2,17,18,30, and ,734,214,,69eb8f1f108d9b87368ef89d,69eb8f1f108d9b87368ef89d,advanced,2,69eb8f1f108d9b87368ef89d,69eb8f1f108d9b87368ef89d,spotlight_PROLIFIC,,42,brazil,Portuguese,"portuguese, english, spanish ",spanish,Portuguese:50|English:40|spanish:10,100,Portuguese:40|English:50|spanish:10,100,Portuguese:75|English:20|spanish:5,100,17,4,Bachelor's,10,10,10,6,7,9,4,20,7,17,Duolingo,150,,,,,22,25,C1,intermediate|advanced,intermediate|advanced,cambridge_22_25_intermediate_advanced,4,20,random,,193.26666259765625,732.2000122070312,233.26666259765625,769.1666870117188,3,3,hover,351,351,0.9143367092536762,0.41833343505859377,154,,,,,,2026-08-09T15:58:12.658Z,C99S394L,2026-08-09,2026-08-09,12:58:12,2026-08-09 12:58:12,,,,,,,,69eb8f1f108d9b87368ef89d,69eb8f1f108d9b87368ef89d,,,,
10261,raw_position_sample,2,3,adv,20,2,17,18,31, get ,779,210,1520649,69eb8f1f108d9b87368ef89d,69eb8f1f108d9b87368ef89d,advanced,2,69eb8f1f108d9b87368ef89d,69eb8f1f108d9b87368ef89d,spotlight_PROLIFIC,,42,brazil,Portuguese,"portuguese, english, spanish ",spanish,Portuguese:50|English:40|spanish:10,100,Portuguese:40|English:50|spanish:10,100,Portuguese:75|English:20|spanish:5,100,17,4,Bachelor's,10,10,10,6,7,9,4,20,7,17,Duolingo,150,,,,,22,25,C1,intermediate|advanced,intermediate|advanced,cambridge_22_25_intermediate_advanced,4,20,random,,201.26666259765625,769.1666870117188,225.26666259765625,801.5666809082031,3,4,,,,,,,,,,,,2026-08-09T15:58:12.658Z,C99S394L,2026-08-09,2026-08-09,12:58:12,2026-08-09 12:58:12,,,,,,,,69eb8f1f108d9b87368ef89d,69eb8f1f108d9b87368ef89d,,,,
10310,raw_position_sample,2,3,adv,20,2,17,18,31, get ,793,210,1520699,69eb8f1f108d9b87368ef89d,69eb8f1f108d9b87368ef89d,advanced,2,69eb8f1f108d9b87368ef89d,69eb8f1f108d9b87368ef89d,spotlight_PROLIFIC,,42,brazil,Portuguese,"portuguese, english, spanish ",spanish,Portuguese:50|English:40|spanish:10,100,Portuguese:40|English:50|spanish:10,100,Portuguese:75|English:20|spanish:5,100,17,4,Bachelor's,10,10,10,6,7,9,4,20,7,17,Duolingo,150,,,,,22,25,C1,intermediate|advanced,intermediate|advanced,cambridge_22_25_intermediate_advanced,4,20,random,,201.26666259765625,769.1666870117188,225.26666259765625,801.5666809082031,3,4,,,,,,,,,,,,2026-08-09T15:58:12.658Z,C99S394L,2026-08-09,2026-08-09,12:58:12,2026-08-09 12:58:12,,,,,,,,69eb8f1f108d9b87368ef89d,69eb8f1f108d9b87368ef89d,,,,
10360,raw_position_sample,2,3,adv,20,2,17,18,31, get ,796,210,1520749,69eb8f1f108d9b87368ef89d,69eb8f1f108d9b87368ef89d,advanced,2,69eb8f1f108d9b87368ef89d,69eb8f1f108d9b87368ef89d,spotlight_PROLIFIC,,42,brazil,Portuguese,"portuguese, english, spanish ",spanish,Portuguese:50|English:40|spanish:10,100,Portuguese:40|English:50|spanish:10,100,Portuguese:75|English:20|spanish:5,100,17,4,Bachelor's,10,10,10,6,7,9,4,20,7,17,Duolingo,150,,,,,22,25,C1,intermediate|advanced,intermediate|advanced,cambridge_22_25_intermediate_advanced,4,20,random,,201.26666259765625,769.1666870117188,225.26666259765625,801.5666809082031,3,4,,,,,,,,,,,,2026-08-09T15:58:12.658Z,C99S394L,2026-08-09,2026-08-09,12:58:12,2026-08-09 12:58:12,,,,,,,,69eb8f1f108d9b87368ef89d,69eb8f1f108d9b87368ef89d,,,,
10401,hover_association,2,3,adv,20,2,17,18,31, get ,774,210,,69eb8f1f108d9b87368ef89d,69eb8f1f108d9b87368ef89d,advanced,2,69eb8f1f108d9b87368ef89d,69eb8f1f108d9b87368ef89d,spotlight_PROLIFIC,,42,brazil,Portuguese,"portuguese, english, spanish ",spanish,Portuguese:50|English:40|spanish:10,100,Portuguese:40|English:50|spanish:10,100,Portuguese:75|English:20|spanish:5,100,17,4,Bachelor's,10,10,10,6,7,9,4,20,7,17,Duolingo,150,,,,,22,25,C1,intermediate|advanced,intermediate|advanced,cambridge_22_25_intermediate_advanced,4,20,random,,193.26666259765625,769.1666870117188,233.26666259765625,801.5666656494141,3,4,hover,166,166,0.9516460900504623,0.41833343505859377,154,,,,,,2026-08-09T15:58:12.658Z,C99S394L,2026-08-09,2026-08-09,12:58:12,2026-08-09 12:58:12,,,,,,,,69eb8f1f108d9b87368ef89d,69eb8f1f108d9b87368ef89d,,,,
10411,raw_position_sample,2,3,adv,20,2,17,18,32, away ,803,210,1520799,69eb8f1f108d9b87368ef89d,69eb8f1f108d9b87368ef89d,advanced,2,69eb8f1f108d9b87368ef89d,69eb8f1f108d9b87368ef89d,spotlight_PROLIFIC,,42,brazil,Portuguese,"portuguese, english, spanish ",spanish,Portuguese:50|English:40|spanish:10,100,Portuguese:40|English:50|spanish:10,100,Portuguese:75|English:20|spanish:5,100,17,4,Bachelor's,10,10,10,6,7,9,4,20,7,17,Duolingo,150,,,,,22,25,C1,intermediate|advanced,intermediate|advanced,cambridge_22_25_intermediate_advanced,4,20,random,,201.26666259765625,801.566650390625,225.26666259765625,849.7833251953125,3,5,,,,,,,,,,,,2026-08-09T15:58:12.658Z,C99S394L,2026-08-09,2026-08-09,12:58:12,2026-08-09 12:58:12,,,,,,,,69eb8f1f108d9b87368ef89d,69eb8f1f108d9b87368ef89d,,,,
10461,raw_position_sample,2,3,adv,20,2,17,18,32, away ,819,210,1520849,69eb8f1f108d9b87368ef89d,69eb8f1f108d9b87368ef89d,advanced,2,69eb8f1f108d9b87368ef89d,69eb8f1f108d9b87368ef89d,spotlight_PROLIFIC,,42,brazil,Portuguese,"portuguese, english, spanish ",spanish,Portuguese:50|English:40|spanish:10,100,Portuguese:40|English:50|spanish:10,100,Portuguese:75|English:20|spanish:5,100,17,4,Bachelor's,10,10,10,6,7,9,4,20,7,17,Duolingo,150,,,,,22,25,C1,intermediate|advanced,intermediate|advanced,cambridge_22_25_intermediate_advanced,4,20,random,,201.26666259765625,801.566650390625,225.26666259765625,849.7833251953125,3,5,,,,,,,,,,,,2026-08-09T15:58:12.658Z,C99S394L,2026-08-09,2026-08-09,12:58:12,2026-08-09 12:58:12,,,,,,,,69eb8f1f108d9b87368ef89d,69eb8f1f108d9b87368ef89d,,,,
10511,raw_position_sample,2,3,adv,20,2,17,18,32, away ,838,210,1520899,69eb8f1f108d9b87368ef89d,69eb8f1f108d9b87368ef89d,advanced,2,69eb8f1f108d9b87368ef89d,69eb8f1f108d9b87368ef89d,spotlight_PROLIFIC,,42,brazil,Portuguese,"portuguese, english, spanish ",spanish,Portuguese:50|English:40|spanish:10,100,Portuguese:40|English:50|spanish:10,100,Portuguese:75|English:20|spanish:5,100,17,4,Bachelor's,10,10,10,6,7,9,4,20,7,17,Duolingo,150,,,,,22,25,C1,intermediate|advanced,intermediate|advanced,cambridge_22_25_intermediate_advanced,4,20,random,,201.26666259765625,801.566650390625,225.26666259765625,849.7833251953125,3,5,,,,,,,,,,,,2026-08-09T15:58:12.658Z,C99S394L,2026-08-09,2026-08-09,12:58:12,2026-08-09 12:58:12,,,,,,,,69eb8f1f108d9b87368ef89d,69eb8f1f108d9b87368ef89d,,,,
10551,hover_association,2,3,adv,20,2,17,18,32, away ,803,210,,69eb8f1f108d9b87368ef89d,69eb8f1f108d9b87368ef89d,advanced,2,69eb8f1f108d9b87368ef89d,69eb8f1f108d9b87368ef89d,spotlight_PROLIFIC,,42,brazil,Portuguese,"portuguese, english, spanish ",spanish,Portuguese:50|English:40|spanish:10,100,Portuguese:40|English:50|spanish:10,100,Portuguese:75|English:20|spanish:5,100,17,4,Bachelor's,10,10,10,6,7,9,4,20,7,17,Duolingo,150,,,,,22,25,C1,intermediate|advanced,intermediate|advanced,cambridge_22_25_intermediate_advanced,4,20,random,,193.26666259765625,801.5666656494141,233.26666259765625,849.7833251953125,3,5,hover,150,150,0.9630143354577495,0.41833343505859377,154,,,,,,2026-08-09T15:58:12.658Z,C99S394L,2026-08-09,2026-08-09,12:58:12,2026-08-09 12:58:12,,,,,,,,69eb8f1f108d9b87368ef89d,69eb8f1f108d9b87368ef89d,,,,
10562,raw_position_sample,2,3,adv,20,2,17,18,33, with ,850,210,1520950,69eb8f1f108d9b87368ef89d,69eb8f1f108d9b87368ef89d,advanced,2,69eb8f1f108d9b87368ef89d,69eb8f1f108d9b87368ef89d,spotlight_PROLIFIC,,42,brazil,Portuguese,"portuguese, english, spanish ",spanish,Portuguese:50|English:40|spanish:10,100,Portuguese:40|English:50|spanish:10,100,Portuguese:75|English:20|spanish:5,100,17,4,Bachelor's,10,10,10,6,7,9,4,20,7,17,Duolingo,150,,,,,22,25,C1,intermediate|advanced,intermediate|advanced,cambridge_22_25_intermediate_advanced,4,20,random,,201.26666259765625,849.7833251953125,225.26666259765625,890.8833160400391,3,6,,,,,,,,,,,,2026-08-09T15:58:12.658Z,C99S394L,2026-08-09,2026-08-09,12:58:12,2026-08-09 12:58:12,,,,,,,,69eb8f1f108d9b87368ef89d,69eb8f1f108d9b87368ef89d,,,,
10612,raw_position_sample,2,3,adv,20,2,17,18,33, with ,862,210,1521000,69eb8f1f108d9b87368ef89d,69eb8f1f108d9b87368ef89d,advanced,2,69eb8f1f108d9b87368ef89d,69eb8f1f108d9b87368ef89d,spotlight_PROLIFIC,,42,brazil,Portuguese,"portuguese, english, spanish ",spanish,Portuguese:50|English:40|spanish:10,100,Portuguese:40|English:50|spanish:10,100,Portuguese:75|English:20|spanish:5,100,17,4,Bachelor's,10,10,10,6,7,9,4,20,7,17,Duolingo,150,,,,,22,25,C1,intermediate|advanced,intermediate|advanced,cambridge_22_25_intermediate_advanced,4,20,random,,201.26666259765625,849.7833251953125,225.26666259765625,890.8833160400391,3,6,,,,,,,,,,,,2026-08-09T15:58:12.658Z,C99S394L,2026-08-09,2026-08-09,12:58:12,2026-08-09 12:58:12,,,,,,,,69eb8f1f108d9b87368ef89d,69eb8f1f108d9b87368ef89d,,,,
10661,raw_position_sample,2,3,adv,20,2,17,18,33, with ,872,210,1521050,69eb8f1f108d9b87368ef89d,69eb8f1f108d9b87368ef89d,advanced,2,69eb8f1f108d9b87368ef89d,69eb8f1f108d9b87368ef89d,spotlight_PROLIFIC,,42,brazil,Portuguese,"portuguese, english, spanish ",spanish,Portuguese:50|English:40|spanish:10,100,Portuguese:40|English:50|spanish:10,100,Portuguese:75|English:20|spanish:5,100,17,4,Bachelor's,10,10,10,6,7,9,4,20,7,17,Duolingo,150,,,,,22,25,C1,intermediate|advanced,intermediate|advanced,cambridge_22_25_intermediate_advanced,4,20,random,,201.26666259765625,849.7833251953125,225.26666259765625,890.8833160400391,3,6,,,,,,,,,,,,2026-08-09T15:58:12.658Z,C99S394L,2026-08-09,2026-08-09,12:58:12,2026-08-09 12:58:12,,,,,,,,69eb8f1f108d9b87368ef89d,69eb8f1f108d9b87368ef89d,,,,
10712,raw_position_sample,2,3,adv,20,2,17,18,33, with ,880,210,1521101,69eb8f1f108d9b87368ef89d,69eb8f1f108d9b87368ef89d,advanced,2,69eb8f1f108d9b87368ef89d,69eb8f1f108d9b87368ef89d,spotlight_PROLIFIC,,42,brazil,Portuguese,"portuguese, english, spanish ",spanish,Portuguese:50|English:40|spanish:10,100,Portuguese:40|English:50|spanish:10,100,Portuguese:75|English:20|spanish:5,100,17,4,Bachelor's,10,10,10,6,7,9,4,20,7,17,Duolingo,150,,,,,22,25,C1,intermediate|advanced,intermediate|advanced,cambridge_22_25_intermediate_advanced,4,20,random,,201.26666259765625,849.7833251953125,225.26666259765625,890.8833160400391,3,6,,,,,,,,,,,,2026-08-09T15:58:12.658Z,C99S394L,2026-08-09,2026-08-09,12:58:12,2026-08-09 12:58:12,,,,,,,,69eb8f1f108d9b87368ef89d,69eb8f1f108d9b87368ef89d,,,,
10734,hover_association,2,3,adv,20,2,17,18,33, with ,850,210,,69eb8f1f108d9b87368ef89d,69eb8f1f108d9b87368ef89d,advanced,2,69eb8f1f108d9b87368ef89d,69eb8f1f108d9b87368ef89d,spotlight_PROLIFIC,,42,brazil,Portuguese,"portuguese, english, spanish ",spanish,Portuguese:50|English:40|spanish:10,100,Portuguese:40|English:50|spanish:10,100,Portuguese:75|English:20|spanish:5,100,17,4,Bachelor's,10,10,10,6,7,9,4,20,7,17,Duolingo,150,,,,,22,25,C1,intermediate|advanced,intermediate|advanced,cambridge_22_25_intermediate_advanced,4,20,random,,193.26666259765625,849.7833251953125,233.26666259765625,890.8833084106445,3,6,hover,183,183,0.8568537515010515,0.41833343505859377,154,,,,,,2026-08-09T15:58:12.658Z,C99S394L,2026-08-09,2026-08-09,12:58:12,2026-08-09 12:58:12,,,,,,,,69eb8f1f108d9b87368ef89d,69eb8f1f108d9b87368ef89d,,,,
10763,raw_position_sample,2,3,adv,20,2,17,18,34, it. ,899,210,1521151,69eb8f1f108d9b87368ef89d,69eb8f1f108d9b87368ef89d,advanced,2,69eb8f1f108d9b87368ef89d,69eb8f1f108d9b87368ef89d,spotlight_PROLIFIC,,42,brazil,Portuguese,"portuguese, english, spanish ",spanish,Portuguese:50|English:40|spanish:10,100,Portuguese:40|English:50|spanish:10,100,Portuguese:75|English:20|spanish:5,100,17,4,Bachelor's,10,10,10,6,7,9,4,20,7,17,Duolingo,150,,,,,22,25,C1,intermediate|advanced,intermediate|advanced,cambridge_22_25_intermediate_advanced,4,20,random,,201.26666259765625,890.88330078125,225.26666259765625,911.5333099365234,3,7,,,,,,,,,,,,2026-08-09T15:58:12.658Z,C99S394L,2026-08-09,2026-08-09,12:58:12,2026-08-09 12:58:12,,,,,,,,69eb8f1f108d9b87368ef89d,69eb8f1f108d9b87368ef89d,,,,
10800,hover_association,2,3,adv,20,2,17,18,34, it. ,892,210,,69eb8f1f108d9b87368ef89d,69eb8f1f108d9b87368ef89d,advanced,2,69eb8f1f108d9b87368ef89d,69eb8f1f108d9b87368ef89d,spotlight_PROLIFIC,,42,brazil,Portuguese,"portuguese, english, spanish ",spanish,Portuguese:50|English:40|spanish:10,100,Portuguese:40|English:50|spanish:10,100,Portuguese:75|English:20|spanish:5,100,17,4,Bachelor's,10,10,10,6,7,9,4,20,7,17,Duolingo,150,,,,,22,25,C1,intermediate|advanced,intermediate|advanced,cambridge_22_25_intermediate_advanced,4,20,random,,193.26666259765625,890.8833084106445,233.26666259765625,911.533317565918,3,7,hover,67,67,0.8773212376387237,0.41833343505859377,154,,,,,,2026-08-09T15:58:12.658Z,C99S394L,2026-08-09,2026-08-09,12:58:12,2026-08-09 12:58:12,,,,,,,,69eb8f1f108d9b87368ef89d,69eb8f1f108d9b87368ef89d,,,,
10813,raw_position_sample,2,3,adv,20,2,17,18,35, It ,912,210,1521202,69eb8f1f108d9b87368ef89d,69eb8f1f108d9b87368ef89d,advanced,2,69eb8f1f108d9b87368ef89d,69eb8f1f108d9b87368ef89d,spotlight_PROLIFIC,,42,brazil,Portuguese,"portuguese, english, spanish ",spanish,Portuguese:50|English:40|spanish:10,100,Portuguese:40|English:50|spanish:10,100,Portuguese:75|English:20|spanish:5,100,17,4,Bachelor's,10,10,10,6,7,9,4,20,7,17,Duolingo,150,,,,,22,25,C1,intermediate|advanced,intermediate|advanced,cambridge_22_25_intermediate_advanced,4,20,random,,201.26666259765625,911.5333251953125,225.26666259765625,928.816650390625,3,8,,,,,,,,,,,,2026-08-09T15:58:12.658Z,C99S394L,2026-08-09,2026-08-09,12:58:12,2026-08-09 12:58:12,,,,,,,,69eb8f1f108d9b87368ef89d,69eb8f1f108d9b87368ef89d,,,,
10863,raw_position_sample,2,3,adv,20,2,17,18,35, It ,921,210,1521251,69eb8f1f108d9b87368ef89d,69eb8f1f108d9b87368ef89d,advanced,2,69eb8f1f108d9b87368ef89d,69eb8f1f108d9b87368ef89d,spotlight_PROLIFIC,,42,brazil,Portuguese,"portuguese, english, spanish ",spanish,Portuguese:50|English:40|spanish:10,100,Portuguese:40|English:50|spanish:10,100,Portuguese:75|English:20|spanish:5,100,17,4,Bachelor's,10,10,10,6,7,9,4,20,7,17,Duolingo,150,,,,,22,25,C1,intermediate|advanced,intermediate|advanced,cambridge_22_25_intermediate_advanced,4,20,random,,201.26666259765625,911.5333251953125,225.26666259765625,928.816650390625,3,8,,,,,,,,,,,,2026-08-09T15:58:12.658Z,C99S394L,2026-08-09,2026-08-09,12:58:12,2026-08-09 12:58:12,,,,,,,,69eb8f1f108d9b87368ef89d,69eb8f1f108d9b87368ef89d,,,,
10900,hover_association,2,3,adv,20,2,17,18,35, It ,912,210,,69eb8f1f108d9b87368ef89d,69eb8f1f108d9b87368ef89d,advanced,2,69eb8f1f108d9b87368ef89d,69eb8f1f108d9b87368ef89d,spotlight_PROLIFIC,,42,brazil,Portuguese,"portuguese, english, spanish ",spanish,Portuguese:50|English:40|spanish:10,100,Portuguese:40|English:50|spanish:10,100,Portuguese:75|English:20|spanish:5,100,17,4,Bachelor's,10,10,10,6,7,9,4,20,7,17,Duolingo,150,,,,,22,25,C1,intermediate|advanced,intermediate|advanced,cambridge_22_25_intermediate_advanced,4,20,random,,193.26666259765625,911.533317565918,233.26666259765625,928.816650390625,3,8,hover,100,100,0.8948900418079061,0.41833343505859377,154,,,,,,2026-08-09T15:58:12.658Z,C99S394L,2026-08-09,2026-08-09,12:58:12,2026-08-09 12:58:12,,,,,,,,69eb8f1f108d9b87368ef89d,69eb8f1f108d9b87368ef89d,,,,
10916,raw_position_sample,2,3,adv,20,2,17,18,36, is ,930,210,1521305,69eb8f1f108d9b87368ef89d,69eb8f1f108d9b87368ef89d,advanced,2,69eb8f1f108d9b87368ef89d,69eb8f1f108d9b87368ef89d,spotlight_PROLIFIC,,42,brazil,Portuguese,"portuguese, english, spanish ",spanish,Portuguese:50|English:40|spanish:10,100,Portuguese:40|English:50|spanish:10,100,Portuguese:75|English:20|spanish:5,100,17,4,Bachelor's,10,10,10,6,7,9,4,20,7,17,Duolingo,150,,,,,22,25,C1,intermediate|advanced,intermediate|advanced,cambridge_22_25_intermediate_advanced,4,20,random,,201.26666259765625,928.816650390625,225.26666259765625,946.7666473388672,3,9,,,,,,,,,,,,2026-08-09T15:58:12.658Z,C99S394L,2026-08-09,2026-08-09,12:58:12,2026-08-09 12:58:12,,,,,,,,69eb8f1f108d9b87368ef89d,69eb8f1f108d9b87368ef89d,,,,
10967,raw_position_sample,2,3,adv,20,2,17,18,36, is ,941,210,1521355,69eb8f1f108d9b87368ef89d,69eb8f1f108d9b87368ef89d,advanced,2,69eb8f1f108d9b87368ef89d,69eb8f1f108d9b87368ef89d,spotlight_PROLIFIC,,42,brazil,Portuguese,"portuguese, english, spanish ",spanish,Portuguese:50|English:40|spanish:10,100,Portuguese:40|English:50|spanish:10,100,Portuguese:75|English:20|spanish:5,100,17,4,Bachelor's,10,10,10,6,7,9,4,20,7,17,Duolingo,150,,,,,22,25,C1,intermediate|advanced,intermediate|advanced,cambridge_22_25_intermediate_advanced,4,20,random,,201.26666259765625,928.816650390625,225.26666259765625,946.7666473388672,3,9,,,,,,,,,,,,2026-08-09T15:58:12.658Z,C99S394L,2026-08-09,2026-08-09,12:58:12,2026-08-09 12:58:12,,,,,,,,69eb8f1f108d9b87368ef89d,69eb8f1f108d9b87368ef89d,,,,
10984,hover_association,2,3,adv,20,2,17,18,36, is ,930,210,,69eb8f1f108d9b87368ef89d,69eb8f1f108d9b87368ef89d,advanced,2,69eb8f1f108d9b87368ef89d,69eb8f1f108d9b87368ef89d,spotlight_PROLIFIC,,42,brazil,Portuguese,"portuguese, english, spanish ",spanish,Portuguese:50|English:40|spanish:10,100,Portuguese:40|English:50|spanish:10,100,Portuguese:75|English:20|spanish:5,100,17,4,Bachelor's,10,10,10,6,7,9,4,20,7,17,Duolingo,150,,,,,22,25,C1,intermediate|advanced,intermediate|advanced,cambridge_22_25_intermediate_advanced,4,20,random,,193.26666259765625,928.816650390625,233.26666259765625,946.7666549682617,3,9,hover,83,83,0.7901585511039667,0.41833343505859377,154,,,,,,2026-08-09T15:58:12.658Z,C99S394L,2026-08-09,2026-08-09,12:58:12,2026-08-09 12:58:12,,,,,,,,69eb8f1f108d9b87368ef89d,69eb8f1f108d9b87368ef89d,,,,
11019,raw_position_sample,2,3,adv,20,2,17,18,37," theft, ",958,210,1521406,69eb8f1f108d9b87368ef89d,69eb8f1f108d9b87368ef89d,advanced,2,69eb8f1f108d9b87368ef89d,69eb8f1f108d9b87368ef89d,spotlight_PROLIFIC,,42,brazil,Portuguese,"portuguese, english, spanish ",spanish,Portuguese:50|English:40|spanish:10,100,Portuguese:40|English:50|spanish:10,100,Portuguese:75|English:20|spanish:5,100,17,4,Bachelor's,10,10,10,6,7,9,4,20,7,17,Duolingo,150,,,,,22,25,C1,intermediate|advanced,intermediate|advanced,cambridge_22_25_intermediate_advanced,4,20,random,,201.26666259765625,946.7666625976562,225.26666259765625,996.7333374023438,3,10,,,,,,,,,,,,2026-08-09T15:58:12.658Z,C99S394L,2026-08-09,2026-08-09,12:58:12,2026-08-09 12:58:12,,,,,,,,69eb8f1f108d9b87368ef89d,69eb8f1f108d9b87368ef89d,,,,
11069,raw_position_sample,2,3,adv,20,2,17,18,37," theft, ",961,210,1521456,69eb8f1f108d9b87368ef89d,69eb8f1f108d9b87368ef89d,advanced,2,69eb8f1f108d9b87368ef89d,69eb8f1f108d9b87368ef89d,spotlight_PROLIFIC,,42,brazil,Portuguese,"portuguese, english, spanish ",spanish,Portuguese:50|English:40|spanish:10,100,Portuguese:40|English:50|spanish:10,100,Portuguese:75|English:20|spanish:5,100,17,4,Bachelor's,10,10,10,6,7,9,4,20,7,17,Duolingo,150,,,,,22,25,C1,intermediate|advanced,intermediate|advanced,cambridge_22_25_intermediate_advanced,4,20,random,,201.26666259765625,946.7666625976562,225.26666259765625,996.7333374023438,3,10,,,,,,,,,,,,2026-08-09T15:58:12.658Z,C99S394L,2026-08-09,2026-08-09,12:58:12,2026-08-09 12:58:12,,,,,,,,69eb8f1f108d9b87368ef89d,69eb8f1f108d9b87368ef89d,,,,
11119,raw_position_sample,2,3,adv,20,2,17,18,37," theft, ",962,210,1521506,69eb8f1f108d9b87368ef89d,69eb8f1f108d9b87368ef89d,advanced,2,69eb8f1f108d9b87368ef89d,69eb8f1f108d9b87368ef89d,spotlight_PROLIFIC,,42,brazil,Portuguese,"portuguese, english, spanish ",spanish,Portuguese:50|English:40|spanish:10,100,Portuguese:40|English:50|spanish:10,100,Portuguese:75|English:20|spanish:5,100,17,4,Bachelor's,10,10,10,6,7,9,4,20,7,17,Duolingo,150,,,,,22,25,C1,intermediate|advanced,intermediate|advanced,cambridge_22_25_intermediate_advanced,4,20,random,,201.26666259765625,946.7666625976562,225.26666259765625,996.7333374023438,3,10,,,,,,,,,,,,2026-08-09T15:58:12.658Z,C99S394L,2026-08-09,2026-08-09,12:58:12,2026-08-09 12:58:12,,,,,,,,69eb8f1f108d9b87368ef89d,69eb8f1f108d9b87368ef89d,,,,
11169,raw_position_sample,2,3,adv,20,2,17,18,37," theft, ",964,209,1521557,69eb8f1f108d9b87368ef89d,69eb8f1f108d9b87368ef89d,advanced,2,69eb8f1f108d9b87368ef89d,69eb8f1f108d9b87368ef89d,spotlight_PROLIFIC,,42,brazil,Portuguese,"portuguese, english, spanish ",spanish,Portuguese:50|English:40|spanish:10,100,Portuguese:40|English:50|spanish:10,100,Portuguese:75|English:20|spanish:5,100,17,4,Bachelor's,10,10,10,6,7,9,4,20,7,17,Duolingo,150,,,,,22,25,C1,intermediate|advanced,intermediate|advanced,cambridge_22_25_intermediate_advanced,4,20,random,,201.26666259765625,946.7666625976562,225.26666259765625,996.7333374023438,3,10,,,,,,,,,,,,2026-08-09T15:58:12.658Z,C99S394L,2026-08-09,2026-08-09,12:58:12,2026-08-09 12:58:12,,,,,,,,69eb8f1f108d9b87368ef89d,69eb8f1f108d9b87368ef89d,,,,
11219,raw_position_sample,2,3,adv,20,2,17,18,37," theft, ",964,209,1521607,69eb8f1f108d9b87368ef89d,69eb8f1f108d9b87368ef89d,advanced,2,69eb8f1f108d9b87368ef89d,69eb8f1f108d9b87368ef89d,spotlight_PROLIFIC,,42,brazil,Portuguese,"portuguese, english, spanish ",spanish,Portuguese:50|English:40|spanish:10,100,Portuguese:40|English:50|spanish:10,100,Portuguese:75|English:20|spanish:5,100,17,4,Bachelor's,10,10,10,6,7,9,4,20,7,17,Duolingo,150,,,,,22,25,C1,intermediate|advanced,intermediate|advanced,cambridge_22_25_intermediate_advanced,4,20,random,,201.26666259765625,946.7666625976562,225.26666259765625,996.7333374023438,3,10,,,,,,,,,,,,2026-08-09T15:58:12.658Z,C99S394L,2026-08-09,2026-08-09,12:58:12,2026-08-09 12:58:12,,,,,,,,69eb8f1f108d9b87368ef89d,69eb8f1f108d9b87368ef89d,,,,
11270,raw_position_sample,2,3,adv,20,2,17,18,37," theft, ",963,208,1521658,69eb8f1f108d9b87368ef89d,69eb8f1f108d9b87368ef89d,advanced,2,69eb8f1f108d9b87368ef89d,69eb8f1f108d9b87368ef89d,spotlight_PROLIFIC,,42,brazil,Portuguese,"portuguese, english, spanish ",spanish,Portuguese:50|English:40|spanish:10,100,Portuguese:40|English:50|spanish:10,100,Portuguese:75|English:20|spanish:5,100,17,4,Bachelor's,10,10,10,6,7,9,4,20,7,17,Duolingo,150,,,,,22,25,C1,intermediate|advanced,intermediate|advanced,cambridge_22_25_intermediate_advanced,4,20,random,,201.26666259765625,946.7666625976562,225.26666259765625,996.7333374023438,3,10,,,,,,,,,,,,2026-08-09T15:58:12.658Z,C99S394L,2026-08-09,2026-08-09,12:58:12,2026-08-09 12:58:12,,,,,,,,69eb8f1f108d9b87368ef89d,69eb8f1f108d9b87368ef89d,,,,
11319,raw_position_sample,2,3,adv,20,2,17,18,37," theft, ",949,210,1521708,69eb8f1f108d9b87368ef89d,69eb8f1f108d9b87368ef89d,advanced,2,69eb8f1f108d9b87368ef89d,69eb8f1f108d9b87368ef89d,spotlight_PROLIFIC,,42,brazil,Portuguese,"portuguese, english, spanish ",spanish,Portuguese:50|English:40|spanish:10,100,Portuguese:40|English:50|spanish:10,100,Portuguese:75|English:20|spanish:5,100,17,4,Bachelor's,10,10,10,6,7,9,4,20,7,17,Duolingo,150,,,,,22,25,C1,intermediate|advanced,intermediate|advanced,cambridge_22_25_intermediate_advanced,4,20,random,,201.26666259765625,946.7666625976562,225.26666259765625,996.7333374023438,3,10,,,,,,,,,,,,2026-08-09T15:58:12.658Z,C99S394L,2026-08-09,2026-08-09,12:58:12,2026-08-09 12:58:12,,,,,,,,69eb8f1f108d9b87368ef89d,69eb8f1f108d9b87368ef89d,,,,
11335,hover_association,2,3,adv,20,2,17,18,37," theft, ",950,210,,69eb8f1f108d9b87368ef89d,69eb8f1f108d9b87368ef89d,advanced,2,69eb8f1f108d9b87368ef89d,69eb8f1f108d9b87368ef89d,spotlight_PROLIFIC,,42,brazil,Portuguese,"portuguese, english, spanish ",spanish,Portuguese:50|English:40|spanish:10,100,Portuguese:40|English:50|spanish:10,100,Portuguese:75|English:20|spanish:5,100,17,4,Bachelor's,10,10,10,6,7,9,4,20,7,17,Duolingo,150,,,,,22,25,C1,intermediate|advanced,intermediate|advanced,cambridge_22_25_intermediate_advanced,4,20,random,,193.26666259765625,946.7666549682617,233.26666259765625,996.7333374023438,3,10,hover,350,350,0.044696684329294745,0.41833343505859377,154,,,,,,2026-08-09T15:58:12.658Z,C99S394L,2026-08-09,2026-08-09,12:58:12,2026-08-09 12:58:12,,,,,,,,69eb8f1f108d9b87368ef89d,69eb8f1f108d9b87368ef89d,,,,
11370,raw_position_sample,2,3,adv,20,2,17,18,36, is ,941,213,1521758,69eb8f1f108d9b87368ef89d,69eb8f1f108d9b87368ef89d,advanced,2,69eb8f1f108d9b87368ef89d,69eb8f1f108d9b87368ef89d,spotlight_PROLIFIC,,42,brazil,Portuguese,"portuguese, english, spanish ",spanish,Portuguese:50|English:40|spanish:10,100,Portuguese:40|English:50|spanish:10,100,Portuguese:75|English:20|spanish:5,100,17,4,Bachelor's,10,10,10,6,7,9,4,20,7,17,Duolingo,150,,,,,22,25,C1,intermediate|advanced,intermediate|advanced,cambridge_22_25_intermediate_advanced,4,20,random,,201.26666259765625,928.816650390625,225.26666259765625,946.7666473388672,3,9,,,,,,,,,,,,2026-08-09T15:58:12.658Z,C99S394L,2026-08-09,2026-08-09,12:58:12,2026-08-09 12:58:12,,,,,,,,69eb8f1f108d9b87368ef89d,69eb8f1f108d9b87368ef89d,,,,
11420,raw_position_sample,2,3,adv,20,2,17,18,36, is ,942,213,1521808,69eb8f1f108d9b87368ef89d,69eb8f1f108d9b87368ef89d,advanced,2,69eb8f1f108d9b87368ef89d,69eb8f1f108d9b87368ef89d,spotlight_PROLIFIC,,42,brazil,Portuguese,"portuguese, english, spanish ",spanish,Portuguese:50|English:40|spanish:10,100,Portuguese:40|English:50|spanish:10,100,Portuguese:75|English:20|spanish:5,100,17,4,Bachelor's,10,10,10,6,7,9,4,20,7,17,Duolingo,150,,,,,22,25,C1,intermediate|advanced,intermediate|advanced,cambridge_22_25_intermediate_advanced,4,20,random,,201.26666259765625,928.816650390625,225.26666259765625,946.7666473388672,3,9,,,,,,,,,,,,2026-08-09T15:58:12.658Z,C99S394L,2026-08-09,2026-08-09,12:58:12,2026-08-09 12:58:12,,,,,,,,69eb8f1f108d9b87368ef89d,69eb8f1f108d9b87368ef89d,,,,
11451,hover_association,2,3,adv,20,2,17,18,36, is ,944,211,,69eb8f1f108d9b87368ef89d,69eb8f1f108d9b87368ef89d,advanced,2,69eb8f1f108d9b87368ef89d,69eb8f1f108d9b87368ef89d,spotlight_PROLIFIC,,42,brazil,Portuguese,"portuguese, english, spanish ",spanish,Portuguese:50|English:40|spanish:10,100,Portuguese:40|English:50|spanish:10,100,Portuguese:75|English:20|spanish:5,100,17,4,Bachelor's,10,10,10,6,7,9,4,20,7,17,Duolingo,150,,,,,22,25,C1,intermediate|advanced,intermediate|advanced,cambridge_22_25_intermediate_advanced,4,20,random,,193.26666259765625,928.816650390625,233.26666259765625,946.7666549682617,3,9,hover,117,117,0.8458688433033272,0.49333343505859373,154,,,,,,2026-08-09T15:58:12.658Z,C99S394L,2026-08-09,2026-08-09,12:58:12,2026-08-09 12:58:12,,,,,,,,69eb8f1f108d9b87368ef89d,69eb8f1f108d9b87368ef89d,,,,
11470,raw_position_sample,2,3,adv,20,2,17,18,37," theft, ",951,213,1521859,69eb8f1f108d9b87368ef89d,69eb8f1f108d9b87368ef89d,advanced,2,69eb8f1f108d9b87368ef89d,69eb8f1f108d9b87368ef89d,spotlight_PROLIFIC,,42,brazil,Portuguese,"portuguese, english, spanish ",spanish,Portuguese:50|English:40|spanish:10,100,Portuguese:40|English:50|spanish:10,100,Portuguese:75|English:20|spanish:5,100,17,4,Bachelor's,10,10,10,6,7,9,4,20,7,17,Duolingo,150,,,,,22,25,C1,intermediate|advanced,intermediate|advanced,cambridge_22_25_intermediate_advanced,4,20,random,,201.26666259765625,946.7666625976562,225.26666259765625,996.7333374023438,3,10,,,,,,,,,,,,2026-08-09T15:58:12.658Z,C99S394L,2026-08-09,2026-08-09,12:58:12,2026-08-09 12:58:12,,,,,,,,69eb8f1f108d9b87368ef89d,69eb8f1f108d9b87368ef89d,,,,
11520,raw_position_sample,2,3,adv,20,2,17,18,37," theft, ",970,211,1521909,69eb8f1f108d9b87368ef89d,69eb8f1f108d9b87368ef89d,advanced,2,69eb8f1f108d9b87368ef89d,69eb8f1f108d9b87368ef89d,spotlight_PROLIFIC,,42,brazil,Portuguese,"portuguese, english, spanish ",spanish,Portuguese:50|English:40|spanish:10,100,Portuguese:40|English:50|spanish:10,100,Portuguese:75|English:20|spanish:5,100,17,4,Bachelor's,10,10,10,6,7,9,4,20,7,17,Duolingo,150,,,,,22,25,C1,intermediate|advanced,intermediate|advanced,cambridge_22_25_intermediate_advanced,4,20,random,,201.26666259765625,946.7666625976562,225.26666259765625,996.7333374023438,3,10,,,,,,,,,,,,2026-08-09T15:58:12.658Z,C99S394L,2026-08-09,2026-08-09,12:58:12,2026-08-09 12:58:12,,,,,,,,69eb8f1f108d9b87368ef89d,69eb8f1f108d9b87368ef89d,,,,
11568,hover_association,2,3,adv,20,2,17,18,37," theft, ",947,213,,69eb8f1f108d9b87368ef89d,69eb8f1f108d9b87368ef89d,advanced,2,69eb8f1f108d9b87368ef89d,69eb8f1f108d9b87368ef89d,spotlight_PROLIFIC,,42,brazil,Portuguese,"portuguese, english, spanish ",spanish,Portuguese:50|English:40|spanish:10,100,Portuguese:40|English:50|spanish:10,100,Portuguese:75|English:20|spanish:5,100,17,4,Bachelor's,10,10,10,6,7,9,4,20,7,17,Duolingo,150,,,,,22,25,C1,intermediate|advanced,intermediate|advanced,cambridge_22_25_intermediate_advanced,4,20,random,,193.26666259765625,946.7666549682617,233.26666259765625,996.7333374023438,3,10,hover,117,117,0.7451634412762532,0.44333343505859374,154,,,,,,2026-08-09T15:58:12.658Z,C99S394L,2026-08-09,2026-08-09,12:58:12,2026-08-09 12:58:12,,,,,,,,69eb8f1f108d9b87368ef89d,69eb8f1f108d9b87368ef89d,,,,
11571,raw_position_sample,2,3,adv,20,2,17,18,38, as ,999,211,1521959,69eb8f1f108d9b87368ef89d,69eb8f1f108d9b87368ef89d,advanced,2,69eb8f1f108d9b87368ef89d,69eb8f1f108d9b87368ef89d,spotlight_PROLIFIC,,42,brazil,Portuguese,"portuguese, english, spanish ",spanish,Portuguese:50|English:40|spanish:10,100,Portuguese:40|English:50|spanish:10,100,Portuguese:75|English:20|spanish:5,100,17,4,Bachelor's,10,10,10,6,7,9,4,20,7,17,Duolingo,150,,,,,22,25,C1,intermediate|advanced,intermediate|advanced,cambridge_22_25_intermediate_advanced,4,20,random,,201.26666259765625,996.7333374023438,225.26666259765625,1020.1333312988281,3,11,,,,,,,,,,,,2026-08-09T15:58:12.658Z,C99S394L,2026-08-09,2026-08-09,12:58:12,2026-08-09 12:58:12,,,,,,,,69eb8f1f108d9b87368ef89d,69eb8f1f108d9b87368ef89d,,,,
11617,hover_association,2,3,adv,20,2,17,18,38, as ,999,211,,69eb8f1f108d9b87368ef89d,69eb8f1f108d9b87368ef89d,advanced,2,69eb8f1f108d9b87368ef89d,69eb8f1f108d9b87368ef89d,spotlight_PROLIFIC,,42,brazil,Portuguese,"portuguese, english, spanish ",spanish,Portuguese:50|English:40|spanish:10,100,Portuguese:40|English:50|spanish:10,100,Portuguese:75|English:20|spanish:5,100,17,4,Bachelor's,10,10,10,6,7,9,4,20,7,17,Duolingo,150,,,,,22,25,C1,intermediate|advanced,intermediate|advanced,cambridge_22_25_intermediate_advanced,4,20,random,,193.26666259765625,996.7333374023438,233.26666259765625,1020.1333160400391,3,11,hover,50,50,0.9515676463818052,0.44333343505859374,154,,,,,,2026-08-09T15:58:12.658Z,C99S394L,2026-08-09,2026-08-09,12:58:12,2026-08-09 12:58:12,,,,,,,,69eb8f1f108d9b87368ef89d,69eb8f1f108d9b87368ef89d,,,,
11621,raw_position_sample,2,3,adv,20,2,17,18,39, surely ,1031,211,1522009,69eb8f1f108d9b87368ef89d,69eb8f1f108d9b87368ef89d,advanced,2,69eb8f1f108d9b87368ef89d,69eb8f1f108d9b87368ef89d,spotlight_PROLIFIC,,42,brazil,Portuguese,"portuguese, english, spanish ",spanish,Portuguese:50|English:40|spanish:10,100,Portuguese:40|English:50|spanish:10,100,Portuguese:75|English:20|spanish:5,100,17,4,Bachelor's,10,10,10,6,7,9,4,20,7,17,Duolingo,150,,,,,22,25,C1,intermediate|advanced,intermediate|advanced,cambridge_22_25_intermediate_advanced,4,20,random,,201.26666259765625,1020.13330078125,225.26666259765625,1075.5999755859375,3,12,,,,,,,,,,,,2026-08-09T15:58:12.658Z,C99S394L,2026-08-09,2026-08-09,12:58:12,2026-08-09 12:58:12,,,,,,,,69eb8f1f108d9b87368ef89d,69eb8f1f108d9b87368ef89d,,,,
11671,raw_position_sample,2,3,adv,20,2,17,18,39, surely ,1067,212,1522060,69eb8f1f108d9b87368ef89d,69eb8f1f108d9b87368ef89d,advanced,2,69eb8f1f108d9b87368ef89d,69eb8f1f108d9b87368ef89d,spotlight_PROLIFIC,,42,brazil,Portuguese,"portuguese, english, spanish ",spanish,Portuguese:50|English:40|spanish:10,100,Portuguese:40|English:50|spanish:10,100,Portuguese:75|English:20|spanish:5,100,17,4,Bachelor's,10,10,10,6,7,9,4,20,7,17,Duolingo,150,,,,,22,25,C1,intermediate|advanced,intermediate|advanced,cambridge_22_25_intermediate_advanced,4,20,random,,201.26666259765625,1020.13330078125,225.26666259765625,1075.5999755859375,3,12,,,,,,,,,,,,2026-08-09T15:58:12.658Z,C99S394L,2026-08-09,2026-08-09,12:58:12,2026-08-09 12:58:12,,,,,,,,69eb8f1f108d9b87368ef89d,69eb8f1f108d9b87368ef89d,,,,
11684,hover_association,2,3,adv,20,2,17,18,39, surely ,1031,211,,69eb8f1f108d9b87368ef89d,69eb8f1f108d9b87368ef89d,advanced,2,69eb8f1f108d9b87368ef89d,69eb8f1f108d9b87368ef89d,spotlight_PROLIFIC,,42,brazil,Portuguese,"portuguese, english, spanish ",spanish,Portuguese:50|English:40|spanish:10,100,Portuguese:40|English:50|spanish:10,100,Portuguese:75|English:20|spanish:5,100,17,4,Bachelor's,10,10,10,6,7,9,4,20,7,17,Duolingo,150,,,,,22,25,C1,intermediate|advanced,intermediate|advanced,cambridge_22_25_intermediate_advanced,4,20,random,,193.26666259765625,1020.1333160400391,233.26666259765625,1075.5999755859375,3,12,hover,66,66,0.8449523433294004,0.46833343505859376,154,,,,,,2026-08-09T15:58:12.658Z,C99S394L,2026-08-09,2026-08-09,12:58:12,2026-08-09 12:58:12,,,,,,,,69eb8f1f108d9b87368ef89d,69eb8f1f108d9b87368ef89d,,,,
11721,raw_position_sample,2,3,adv,20,2,17,18,40, as ,1088,214,1522110,69eb8f1f108d9b87368ef89d,69eb8f1f108d9b87368ef89d,advanced,2,69eb8f1f108d9b87368ef89d,69eb8f1f108d9b87368ef89d,spotlight_PROLIFIC,,42,brazil,Portuguese,"portuguese, english, spanish ",spanish,Portuguese:50|English:40|spanish:10,100,Portuguese:40|English:50|spanish:10,100,Portuguese:75|English:20|spanish:5,100,17,4,Bachelor's,10,10,10,6,7,9,4,20,7,17,Duolingo,150,,,,,22,25,C1,intermediate|advanced,intermediate|advanced,cambridge_22_25_intermediate_advanced,4,20,random,,201.26666259765625,1075.5999755859375,225.26666259765625,1098.9999694824219,3,13,,,,,,,,,,,,2026-08-09T15:58:12.658Z,C99S394L,2026-08-09,2026-08-09,12:58:12,2026-08-09 12:58:12,,,,,,,,69eb8f1f108d9b87368ef89d,69eb8f1f108d9b87368ef89d,,,,
11767,hover_association,2,3,adv,20,2,17,18,40, as ,1076,212,,69eb8f1f108d9b87368ef89d,69eb8f1f108d9b87368ef89d,advanced,2,69eb8f1f108d9b87368ef89d,69eb8f1f108d9b87368ef89d,spotlight_PROLIFIC,,42,brazil,Portuguese,"portuguese, english, spanish ",spanish,Portuguese:50|English:40|spanish:10,100,Portuguese:40|English:50|spanish:10,100,Portuguese:75|English:20|spanish:5,100,17,4,Bachelor's,10,10,10,6,7,9,4,20,7,17,Duolingo,150,,,,,22,25,C1,intermediate|advanced,intermediate|advanced,cambridge_22_25_intermediate_advanced,4,20,random,,193.26666259765625,1075.5999755859375,233.26666259765625,1098.999984741211,3,13,hover,84,84,0.9145306000549055,0.5183334350585938,154,,,,,,2026-08-09T15:58:12.658Z,C99S394L,2026-08-09,2026-08-09,12:58:12,2026-08-09 12:58:12,,,,,,,,69eb8f1f108d9b87368ef89d,69eb8f1f108d9b87368ef89d,,,,
11772,raw_position_sample,2,3,adv,20,2,17,18,41, reaching ,1102,214,1522160,69eb8f1f108d9b87368ef89d,69eb8f1f108d9b87368ef89d,advanced,2,69eb8f1f108d9b87368ef89d,69eb8f1f108d9b87368ef89d,spotlight_PROLIFIC,,42,brazil,Portuguese,"portuguese, english, spanish ",spanish,Portuguese:50|English:40|spanish:10,100,Portuguese:40|English:50|spanish:10,100,Portuguese:75|English:20|spanish:5,100,17,4,Bachelor's,10,10,10,6,7,9,4,20,7,17,Duolingo,150,,,,,22,25,C1,intermediate|advanced,intermediate|advanced,cambridge_22_25_intermediate_advanced,4,20,random,,201.26666259765625,1099,225.26666259765625,1177.5833282470703,3,14,,,,,,,,,,,,2026-08-09T15:58:12.658Z,C99S394L,2026-08-09,2026-08-09,12:58:12,2026-08-09 12:58:12,,,,,,,,69eb8f1f108d9b87368ef89d,69eb8f1f108d9b87368ef89d,,,,
11822,raw_position_sample,2,3,adv,20,2,17,18,41, reaching ,1108,214,1522210,69eb8f1f108d9b87368ef89d,69eb8f1f108d9b87368ef89d,advanced,2,69eb8f1f108d9b87368ef89d,69eb8f1f108d9b87368ef89d,spotlight_PROLIFIC,,42,brazil,Portuguese,"portuguese, english, spanish ",spanish,Portuguese:50|English:40|spanish:10,100,Portuguese:40|English:50|spanish:10,100,Portuguese:75|English:20|spanish:5,100,17,4,Bachelor's,10,10,10,6,7,9,4,20,7,17,Duolingo,150,,,,,22,25,C1,intermediate|advanced,intermediate|advanced,cambridge_22_25_intermediate_advanced,4,20,random,,201.26666259765625,1099,225.26666259765625,1177.5833282470703,3,14,,,,,,,,,,,,2026-08-09T15:58:12.658Z,C99S394L,2026-08-09,2026-08-09,12:58:12,2026-08-09 12:58:12,,,,,,,,69eb8f1f108d9b87368ef89d,69eb8f1f108d9b87368ef89d,,,,
11873,raw_position_sample,2,3,adv,20,2,17,18,41, reaching ,1118,214,1522260,69eb8f1f108d9b87368ef89d,69eb8f1f108d9b87368ef89d,advanced,2,69eb8f1f108d9b87368ef89d,69eb8f1f108d9b87368ef89d,spotlight_PROLIFIC,,42,brazil,Portuguese,"portuguese, english, spanish ",spanish,Portuguese:50|English:40|spanish:10,100,Portuguese:40|English:50|spanish:10,100,Portuguese:75|English:20|spanish:5,100,17,4,Bachelor's,10,10,10,6,7,9,4,20,7,17,Duolingo,150,,,,,22,25,C1,intermediate|advanced,intermediate|advanced,cambridge_22_25_intermediate_advanced,4,20,random,,201.26666259765625,1099,225.26666259765625,1177.5833282470703,3,14,,,,,,,,,,,,2026-08-09T15:58:12.658Z,C99S394L,2026-08-09,2026-08-09,12:58:12,2026-08-09 12:58:12,,,,,,,,69eb8f1f108d9b87368ef89d,69eb8f1f108d9b87368ef89d,,,,
11922,raw_position_sample,2,3,adv,20,2,17,18,41, reaching ,1141,214,1522311,69eb8f1f108d9b87368ef89d,69eb8f1f108d9b87368ef89d,advanced,2,69eb8f1f108d9b87368ef89d,69eb8f1f108d9b87368ef89d,spotlight_PROLIFIC,,42,brazil,Portuguese,"portuguese, english, spanish ",spanish,Portuguese:50|English:40|spanish:10,100,Portuguese:40|English:50|spanish:10,100,Portuguese:75|English:20|spanish:5,100,17,4,Bachelor's,10,10,10,6,7,9,4,20,7,17,Duolingo,150,,,,,22,25,C1,intermediate|advanced,intermediate|advanced,cambridge_22_25_intermediate_advanced,4,20,random,,201.26666259765625,1099,225.26666259765625,1177.5833282470703,3,14,,,,,,,,,,,,2026-08-09T15:58:12.658Z,C99S394L,2026-08-09,2026-08-09,12:58:12,2026-08-09 12:58:12,,,,,,,,69eb8f1f108d9b87368ef89d,69eb8f1f108d9b87368ef89d,,,,
11972,raw_position_sample,2,3,adv,20,2,17,18,41, reaching ,1165,214,1522361,69eb8f1f108d9b87368ef89d,69eb8f1f108d9b87368ef89d,advanced,2,69eb8f1f108d9b87368ef89d,69eb8f1f108d9b87368ef89d,spotlight_PROLIFIC,,42,brazil,Portuguese,"portuguese, english, spanish ",spanish,Portuguese:50|English:40|spanish:10,100,Portuguese:40|English:50|spanish:10,100,Portuguese:75|English:20|spanish:5,100,17,4,Bachelor's,10,10,10,6,7,9,4,20,7,17,Duolingo,150,,,,,22,25,C1,intermediate|advanced,intermediate|advanced,cambridge_22_25_intermediate_advanced,4,20,random,,201.26666259765625,1099,225.26666259765625,1177.5833282470703,3,14,,,,,,,,,,,,2026-08-09T15:58:12.658Z,C99S394L,2026-08-09,2026-08-09,12:58:12,2026-08-09 12:58:12,,,,,,,,69eb8f1f108d9b87368ef89d,69eb8f1f108d9b87368ef89d,,,,
12001,hover_association,2,3,adv,20,2,17,18,41, reaching ,1102,214,,69eb8f1f108d9b87368ef89d,69eb8f1f108d9b87368ef89d,advanced,2,69eb8f1f108d9b87368ef89d,69eb8f1f108d9b87368ef89d,spotlight_PROLIFIC,,42,brazil,Portuguese,"portuguese, english, spanish ",spanish,Portuguese:50|English:40|spanish:10,100,Portuguese:40|English:50|spanish:10,100,Portuguese:75|English:20|spanish:5,100,17,4,Bachelor's,10,10,10,6,7,9,4,20,7,17,Duolingo,150,,,,,22,25,C1,intermediate|advanced,intermediate|advanced,cambridge_22_25_intermediate_advanced,4,20,random,,193.26666259765625,1098.999984741211,233.26666259765625,1177.583351135254,3,14,hover,233,233,0.9798513195869663,0.5183334350585938,154,,,,,,2026-08-09T15:58:12.658Z,C99S394L,2026-08-09,2026-08-09,12:58:12,2026-08-09 12:58:12,,,,,,,,69eb8f1f108d9b87368ef89d,69eb8f1f108d9b87368ef89d,,,,
12023,raw_position_sample,2,3,adv,20,2,17,18,42, into ,1185,214,1522411,69eb8f1f108d9b87368ef89d,69eb8f1f108d9b87368ef89d,advanced,2,69eb8f1f108d9b87368ef89d,69eb8f1f108d9b87368ef89d,spotlight_PROLIFIC,,42,brazil,Portuguese,"portuguese, english, spanish ",spanish,Portuguese:50|English:40|spanish:10,100,Portuguese:40|English:50|spanish:10,100,Portuguese:75|English:20|spanish:5,100,17,4,Bachelor's,10,10,10,6,7,9,4,20,7,17,Duolingo,150,,,,,22,25,C1,intermediate|advanced,intermediate|advanced,cambridge_22_25_intermediate_advanced,4,20,random,,201.26666259765625,1177.5833740234375,225.26666259765625,1210.733383178711,3,15,,,,,,,,,,,,2026-08-09T15:58:12.658Z,C99S394L,2026-08-09,2026-08-09,12:58:12,2026-08-09 12:58:12,,,,,,,,69eb8f1f108d9b87368ef89d,69eb8f1f108d9b87368ef89d,,,,
12074,raw_position_sample,2,3,adv,20,2,17,18,42, into ,1195,214,1522461,69eb8f1f108d9b87368ef89d,69eb8f1f108d9b87368ef89d,advanced,2,69eb8f1f108d9b87368ef89d,69eb8f1f108d9b87368ef89d,spotlight_PROLIFIC,,42,brazil,Portuguese,"portuguese, english, spanish ",spanish,Portuguese:50|English:40|spanish:10,100,Portuguese:40|English:50|spanish:10,100,Portuguese:75|English:20|spanish:5,100,17,4,Bachelor's,10,10,10,6,7,9,4,20,7,17,Duolingo,150,,,,,22,25,C1,intermediate|advanced,intermediate|advanced,cambridge_22_25_intermediate_advanced,4,20,random,,201.26666259765625,1177.5833740234375,225.26666259765625,1210.733383178711,3,15,,,,,,,,,,,,2026-08-09T15:58:12.658Z,C99S394L,2026-08-09,2026-08-09,12:58:12,2026-08-09 12:58:12,,,,,,,,69eb8f1f108d9b87368ef89d,69eb8f1f108d9b87368ef89d,,,,
12124,raw_position_sample,2,3,adv,20,2,17,18,42, into ,1203,214,1522512,69eb8f1f108d9b87368ef89d,69eb8f1f108d9b87368ef89d,advanced,2,69eb8f1f108d9b87368ef89d,69eb8f1f108d9b87368ef89d,spotlight_PROLIFIC,,42,brazil,Portuguese,"portuguese, english, spanish ",spanish,Portuguese:50|English:40|spanish:10,100,Portuguese:40|English:50|spanish:10,100,Portuguese:75|English:20|spanish:5,100,17,4,Bachelor's,10,10,10,6,7,9,4,20,7,17,Duolingo,150,,,,,22,25,C1,intermediate|advanced,intermediate|advanced,cambridge_22_25_intermediate_advanced,4,20,random,,201.26666259765625,1177.5833740234375,225.26666259765625,1210.733383178711,3,15,,,,,,,,,,,,2026-08-09T15:58:12.658Z,C99S394L,2026-08-09,2026-08-09,12:58:12,2026-08-09 12:58:12,,,,,,,,69eb8f1f108d9b87368ef89d,69eb8f1f108d9b87368ef89d,,,,
12174,raw_position_sample,2,3,adv,20,2,17,18,42, into ,1203,214,1522563,69eb8f1f108d9b87368ef89d,69eb8f1f108d9b87368ef89d,advanced,2,69eb8f1f108d9b87368ef89d,69eb8f1f108d9b87368ef89d,spotlight_PROLIFIC,,42,brazil,Portuguese,"portuguese, english, spanish ",spanish,Portuguese:50|English:40|spanish:10,100,Portuguese:40|English:50|spanish:10,100,Portuguese:75|English:20|spanish:5,100,17,4,Bachelor's,10,10,10,6,7,9,4,20,7,17,Duolingo,150,,,,,22,25,C1,intermediate|advanced,intermediate|advanced,cambridge_22_25_intermediate_advanced,4,20,random,,201.26666259765625,1177.5833740234375,225.26666259765625,1210.733383178711,3,15,,,,,,,,,,,,2026-08-09T15:58:12.658Z,C99S394L,2026-08-09,2026-08-09,12:58:12,2026-08-09 12:58:12,,,,,,,,69eb8f1f108d9b87368ef89d,69eb8f1f108d9b87368ef89d,,,,
12225,raw_position_sample,2,3,adv,20,2,17,18,42, into ,1203,214,1522613,69eb8f1f108d9b87368ef89d,69eb8f1f108d9b87368ef89d,advanced,2,69eb8f1f108d9b87368ef89d,69eb8f1f108d9b87368ef89d,spotlight_PROLIFIC,,42,brazil,Portuguese,"portuguese, english, spanish ",spanish,Portuguese:50|English:40|spanish:10,100,Portuguese:40|English:50|spanish:10,100,Portuguese:75|English:20|spanish:5,100,17,4,Bachelor's,10,10,10,6,7,9,4,20,7,17,Duolingo,150,,,,,22,25,C1,intermediate|advanced,intermediate|advanced,cambridge_22_25_intermediate_advanced,4,20,random,,201.26666259765625,1177.5833740234375,225.26666259765625,1210.733383178711,3,15,,,,,,,,,,,,2026-08-09T15:58:12.658Z,C99S394L,2026-08-09,2026-08-09,12:58:12,2026-08-09 12:58:12,,,,,,,,69eb8f1f108d9b87368ef89d,69eb8f1f108d9b87368ef89d,,,,
12275,raw_position_sample,2,3,adv,20,2,17,18,42, into ,1203,214,1522663,69eb8f1f108d9b87368ef89d,69eb8f1f108d9b87368ef89d,advanced,2,69eb8f1f108d9b87368ef89d,69eb8f1f108d9b87368ef89d,spotlight_PROLIFIC,,42,brazil,Portuguese,"portuguese, english, spanish ",spanish,Portuguese:50|English:40|spanish:10,100,Portuguese:40|English:50|spanish:10,100,Portuguese:75|English:20|spanish:5,100,17,4,Bachelor's,10,10,10,6,7,9,4,20,7,17,Duolingo,150,,,,,22,25,C1,intermediate|advanced,intermediate|advanced,cambridge_22_25_intermediate_advanced,4,20,random,,201.26666259765625,1177.5833740234375,225.26666259765625,1210.733383178711,3,15,,,,,,,,,,,,2026-08-09T15:58:12.658Z,C99S394L,2026-08-09,2026-08-09,12:58:12,2026-08-09 12:58:12,,,,,,,,69eb8f1f108d9b87368ef89d,69eb8f1f108d9b87368ef89d,,,,
12325,raw_position_sample,2,3,adv,20,2,17,18,42, into ,1198,215,1522713,69eb8f1f108d9b87368ef89d,69eb8f1f108d9b87368ef89d,advanced,2,69eb8f1f108d9b87368ef89d,69eb8f1f108d9b87368ef89d,spotlight_PROLIFIC,,42,brazil,Portuguese,"portuguese, english, spanish ",spanish,Portuguese:50|English:40|spanish:10,100,Portuguese:40|English:50|spanish:10,100,Portuguese:75|English:20|spanish:5,100,17,4,Bachelor's,10,10,10,6,7,9,4,20,7,17,Duolingo,150,,,,,22,25,C1,intermediate|advanced,intermediate|advanced,cambridge_22_25_intermediate_advanced,4,20,random,,201.26666259765625,1177.5833740234375,225.26666259765625,1210.733383178711,3,15,,,,,,,,,,,,2026-08-09T15:58:12.658Z,C99S394L,2026-08-09,2026-08-09,12:58:12,2026-08-09 12:58:12,,,,,,,,69eb8f1f108d9b87368ef89d,69eb8f1f108d9b87368ef89d,,,,
12376,raw_position_sample,2,3,adv,20,2,17,18,42, into ,1184,218,1522764,69eb8f1f108d9b87368ef89d,69eb8f1f108d9b87368ef89d,advanced,2,69eb8f1f108d9b87368ef89d,69eb8f1f108d9b87368ef89d,spotlight_PROLIFIC,,42,brazil,Portuguese,"portuguese, english, spanish ",spanish,Portuguese:50|English:40|spanish:10,100,Portuguese:40|English:50|spanish:10,100,Portuguese:75|English:20|spanish:5,100,17,4,Bachelor's,10,10,10,6,7,9,4,20,7,17,Duolingo,150,,,,,22,25,C1,intermediate|advanced,intermediate|advanced,cambridge_22_25_intermediate_advanced,4,20,random,,201.26666259765625,1177.5833740234375,225.26666259765625,1210.733383178711,3,15,,,,,,,,,,,,2026-08-09T15:58:12.658Z,C99S394L,2026-08-09,2026-08-09,12:58:12,2026-08-09 12:58:12,,,,,,,,69eb8f1f108d9b87368ef89d,69eb8f1f108d9b87368ef89d,,,,
12385,hover_association,2,3,adv,20,2,17,18,42, into ,1181,214,,69eb8f1f108d9b87368ef89d,69eb8f1f108d9b87368ef89d,advanced,2,69eb8f1f108d9b87368ef89d,69eb8f1f108d9b87368ef89d,spotlight_PROLIFIC,,42,brazil,Portuguese,"portuguese, english, spanish ",spanish,Portuguese:50|English:40|spanish:10,100,Portuguese:40|English:50|spanish:10,100,Portuguese:75|English:20|spanish:5,100,17,4,Bachelor's,10,10,10,6,7,9,4,20,7,17,Duolingo,150,,,,,22,25,C1,intermediate|advanced,intermediate|advanced,cambridge_22_25_intermediate_advanced,4,20,random,,193.26666259765625,1177.583351135254,233.26666259765625,1214.2972717285156,3,15,hover,384,384,0.17477427529011358,0.6183334350585937,154,,,,,,2026-08-09T15:58:12.658Z,C99S394L,2026-08-09,2026-08-09,12:58:12,2026-08-09 12:58:12,,,,,,,,69eb8f1f108d9b87368ef89d,69eb8f1f108d9b87368ef89d,,,,
12425,raw_position_sample,2,3,adv,20,2,17,18,41, reaching ,1155,221,1522814,69eb8f1f108d9b87368ef89d,69eb8f1f108d9b87368ef89d,advanced,2,69eb8f1f108d9b87368ef89d,69eb8f1f108d9b87368ef89d,spotlight_PROLIFIC,,42,brazil,Portuguese,"portuguese, english, spanish ",spanish,Portuguese:50|English:40|spanish:10,100,Portuguese:40|English:50|spanish:10,100,Portuguese:75|English:20|spanish:5,100,17,4,Bachelor's,10,10,10,6,7,9,4,20,7,17,Duolingo,150,,,,,22,25,C1,intermediate|advanced,intermediate|advanced,cambridge_22_25_intermediate_advanced,4,20,random,,201.26666259765625,1099,225.26666259765625,1177.5833282470703,3,14,,,,,,,,,,,,2026-08-09T15:58:12.658Z,C99S394L,2026-08-09,2026-08-09,12:58:12,2026-08-09 12:58:12,,,,,,,,69eb8f1f108d9b87368ef89d,69eb8f1f108d9b87368ef89d,,,,
12468,hover_association,2,3,adv,20,2,17,18,41, reaching ,1177,218,,69eb8f1f108d9b87368ef89d,69eb8f1f108d9b87368ef89d,advanced,2,69eb8f1f108d9b87368ef89d,69eb8f1f108d9b87368ef89d,spotlight_PROLIFIC,,42,brazil,Portuguese,"portuguese, english, spanish ",spanish,Portuguese:50|English:40|spanish:10,100,Portuguese:40|English:50|spanish:10,100,Portuguese:75|English:20|spanish:5,100,17,4,Bachelor's,10,10,10,6,7,9,4,20,7,17,Duolingo,150,,,,,22,25,C1,intermediate|advanced,intermediate|advanced,cambridge_22_25_intermediate_advanced,4,20,random,,193.26666259765625,1098.999984741211,233.26666259765625,1177.583351135254,3,14,hover,82,82,0.20360562283065983,0.7183334350585937,154,,,,,,2026-08-09T15:58:12.658Z,C99S394L,2026-08-09,2026-08-09,12:58:12,2026-08-09 12:58:12,,,,,,,,69eb8f1f108d9b87368ef89d,69eb8f1f108d9b87368ef89d,,,,
12476,raw_position_sample,2,3,adv,20,2,17,18,40, as ,1092,222,1522864,69eb8f1f108d9b87368ef89d,69eb8f1f108d9b87368ef89d,advanced,2,69eb8f1f108d9b87368ef89d,69eb8f1f108d9b87368ef89d,spotlight_PROLIFIC,,42,brazil,Portuguese,"portuguese, english, spanish ",spanish,Portuguese:50|English:40|spanish:10,100,Portuguese:40|English:50|spanish:10,100,Portuguese:75|English:20|spanish:5,100,17,4,Bachelor's,10,10,10,6,7,9,4,20,7,17,Duolingo,150,,,,,22,25,C1,intermediate|advanced,intermediate|advanced,cambridge_22_25_intermediate_advanced,4,20,random,,201.26666259765625,1075.5999755859375,225.26666259765625,1098.9999694824219,3,13,,,,,,,,,,,,2026-08-09T15:58:12.658Z,C99S394L,2026-08-09,2026-08-09,12:58:12,2026-08-09 12:58:12,,,,,,,,69eb8f1f108d9b87368ef89d,69eb8f1f108d9b87368ef89d,,,,
12484,hover_association,2,3,adv,20,2,17,18,40, as ,1092,222,,69eb8f1f108d9b87368ef89d,69eb8f1f108d9b87368ef89d,advanced,2,69eb8f1f108d9b87368ef89d,69eb8f1f108d9b87368ef89d,spotlight_PROLIFIC,,42,brazil,Portuguese,"portuguese, english, spanish ",spanish,Portuguese:50|English:40|spanish:10,100,Portuguese:40|English:50|spanish:10,100,Portuguese:75|English:20|spanish:5,100,17,4,Bachelor's,10,10,10,6,7,9,4,20,7,17,Duolingo,150,,,,,22,25,C1,intermediate|advanced,intermediate|advanced,cambridge_22_25_intermediate_advanced,4,20,random,,193.26666259765625,1075.5999755859375,233.26666259765625,1098.999984741211,3,13,hover,17,17,0.7008554699803006,0.7183334350585937,154,,,,,,2026-08-09T15:58:12.658Z,C99S394L,2026-08-09,2026-08-09,12:58:12,2026-08-09 12:58:12,,,,,,,,69eb8f1f108d9b87368ef89d,69eb8f1f108d9b87368ef89d,,,,
12501,hover_association,2,3,adv,20,2,17,18,39, surely ,1060,224,,69eb8f1f108d9b87368ef89d,69eb8f1f108d9b87368ef89d,advanced,2,69eb8f1f108d9b87368ef89d,69eb8f1f108d9b87368ef89d,spotlight_PROLIFIC,,42,brazil,Portuguese,"portuguese, english, spanish ",spanish,Portuguese:50|English:40|spanish:10,100,Portuguese:40|English:50|spanish:10,100,Portuguese:75|English:20|spanish:5,100,17,4,Bachelor's,10,10,10,6,7,9,4,20,7,17,Duolingo,150,,,,,22,25,C1,intermediate|advanced,intermediate|advanced,cambridge_22_25_intermediate_advanced,4,20,random,,193.26666259765625,1020.1333160400391,233.26666259765625,1075.5999755859375,3,12,hover,17,17,0.7187504040507688,0.7683334350585938,154,,,,,,2026-08-09T15:58:12.658Z,C99S394L,2026-08-09,2026-08-09,12:58:12,2026-08-09 12:58:12,,,,,,,,69eb8f1f108d9b87368ef89d,69eb8f1f108d9b87368ef89d,,,,
12517,hover_association,2,3,adv,20,2,17,18,38, as ,1018,227,,69eb8f1f108d9b87368ef89d,69eb8f1f108d9b87368ef89d,advanced,2,69eb8f1f108d9b87368ef89d,69eb8f1f108d9b87368ef89d,spotlight_PROLIFIC,,42,brazil,Portuguese,"portuguese, english, spanish ",spanish,Portuguese:50|English:40|spanish:10,100,Portuguese:40|English:50|spanish:10,100,Portuguese:75|English:20|spanish:5,100,17,4,Bachelor's,10,10,10,6,7,9,4,20,7,17,Duolingo,150,,,,,22,25,C1,intermediate|advanced,intermediate|advanced,cambridge_22_25_intermediate_advanced,4,20,random,,193.26666259765625,996.7333374023438,233.26666259765625,1020.1333160400391,3,11,hover,17,17,0.9088325646330943,0.8433334350585937,154,,,,,,2026-08-09T15:58:12.658Z,C99S394L,2026-08-09,2026-08-09,12:58:12,2026-08-09 12:58:12,,,,,,,,69eb8f1f108d9b87368ef89d,69eb8f1f108d9b87368ef89d,,,,
12526,raw_position_sample,2,3,adv,20,2,17,18,37," theft, ",975,231,1522914,69eb8f1f108d9b87368ef89d,69eb8f1f108d9b87368ef89d,advanced,2,69eb8f1f108d9b87368ef89d,69eb8f1f108d9b87368ef89d,spotlight_PROLIFIC,,42,brazil,Portuguese,"portuguese, english, spanish ",spanish,Portuguese:50|English:40|spanish:10,100,Portuguese:40|English:50|spanish:10,100,Portuguese:75|English:20|spanish:5,100,17,4,Bachelor's,10,10,10,6,7,9,4,20,7,17,Duolingo,150,,,,,22,25,C1,intermediate|advanced,intermediate|advanced,cambridge_22_25_intermediate_advanced,4,20,random,,201.26666259765625,946.7666625976562,225.26666259765625,996.7333374023438,3,10,,,,,,,,,,,,2026-08-09T15:58:12.658Z,C99S394L,2026-08-09,2026-08-09,12:58:12,2026-08-09 12:58:12,,,,,,,,69eb8f1f108d9b87368ef89d,69eb8f1f108d9b87368ef89d,,,,
12534,hover_association,2,3,adv,20,2,17,18,37," theft, ",975,231,,69eb8f1f108d9b87368ef89d,69eb8f1f108d9b87368ef89d,advanced,2,69eb8f1f108d9b87368ef89d,69eb8f1f108d9b87368ef89d,spotlight_PROLIFIC,,42,brazil,Portuguese,"portuguese, english, spanish ",spanish,Portuguese:50|English:40|spanish:10,100,Portuguese:40|English:50|spanish:10,100,Portuguese:75|English:20|spanish:5,100,17,4,Bachelor's,10,10,10,6,7,9,4,20,7,17,Duolingo,150,,,,,22,25,C1,intermediate|advanced,intermediate|advanced,cambridge_22_25_intermediate_advanced,4,20,random,,193.26666259765625,946.7666549682617,233.26666259765625,996.7333374023438,3,10,hover,16,16,0.5650434180613211,0.9433334350585938,154,,,,,,2026-08-09T15:58:12.658Z,C99S394L,2026-08-09,2026-08-09,12:58:12,2026-08-09 12:58:12,,,,,,,,69eb8f1f108d9b87368ef89d,69eb8f1f108d9b87368ef89d,,,,
12551,hover_association,2,3,adv,20,2,17,18,48, wallet ,925,234,,69eb8f1f108d9b87368ef89d,69eb8f1f108d9b87368ef89d,advanced,2,69eb8f1f108d9b87368ef89d,69eb8f1f108d9b87368ef89d,spotlight_PROLIFIC,,42,brazil,Portuguese,"portuguese, english, spanish ",spanish,Portuguese:50|English:40|spanish:10,100,Portuguese:40|English:50|spanish:10,100,Portuguese:75|English:20|spanish:5,100,17,4,Bachelor's,10,10,10,6,7,9,4,20,7,17,Duolingo,150,,,,,22,25,C1,intermediate|advanced,intermediate|advanced,cambridge_22_25_intermediate_advanced,4,20,random,,233.26666259765625,920.5000076293945,273.26666259765625,975.3833160400391,4,6,hover,17,17,0.08199200268569637,0.01833343505859375,154,,,,,,2026-08-09T15:58:12.658Z,C99S394L,2026-08-09,2026-08-09,12:58:12,2026-08-09 12:58:12,,,,,,,,69eb8f1f108d9b87368ef89d,69eb8f1f108d9b87368ef89d,,,,
12568,hover_association,2,3,adv,20,2,17,18,47, their ,878,240,,69eb8f1f108d9b87368ef89d,69eb8f1f108d9b87368ef89d,advanced,2,69eb8f1f108d9b87368ef89d,69eb8f1f108d9b87368ef89d,spotlight_PROLIFIC,,42,brazil,Portuguese,"portuguese, english, spanish ",spanish,Portuguese:50|English:40|spanish:10,100,Portuguese:40|English:50|spanish:10,100,Portuguese:75|English:20|spanish:5,100,17,4,Bachelor's,10,10,10,6,7,9,4,20,7,17,Duolingo,150,,,,,22,25,C1,intermediate|advanced,intermediate|advanced,cambridge_22_25_intermediate_advanced,4,20,random,,233.26666259765625,875.966667175293,273.26666259765625,920.5000076293945,4,5,hover,16,16,0.045658663912775475,0.16833343505859374,154,,,,,,2026-08-09T15:58:12.658Z,C99S394L,2026-08-09,2026-08-09,12:58:12,2026-08-09 12:58:12,,,,,,,,69eb8f1f108d9b87368ef89d,69eb8f1f108d9b87368ef89d,,,,
12577,raw_position_sample,2,3,adv,20,2,17,18,46, taking ,821,245,1522965,69eb8f1f108d9b87368ef89d,69eb8f1f108d9b87368ef89d,advanced,2,69eb8f1f108d9b87368ef89d,69eb8f1f108d9b87368ef89d,spotlight_PROLIFIC,,42,brazil,Portuguese,"portuguese, english, spanish ",spanish,Portuguese:50|English:40|spanish:10,100,Portuguese:40|English:50|spanish:10,100,Portuguese:75|English:20|spanish:5,100,17,4,Bachelor's,10,10,10,6,7,9,4,20,7,17,Duolingo,150,,,,,22,25,C1,intermediate|advanced,intermediate|advanced,cambridge_22_25_intermediate_advanced,4,20,random,,241.26666259765625,818.2333374023438,265.26666259765625,875.9666595458984,4,4,,,,,,,,,,,,2026-08-09T15:58:12.658Z,C99S394L,2026-08-09,2026-08-09,12:58:12,2026-08-09 12:58:12,,,,,,,,69eb8f1f108d9b87368ef89d,69eb8f1f108d9b87368ef89d,,,,
12584,hover_association,2,3,adv,20,2,17,18,46, taking ,821,245,,69eb8f1f108d9b87368ef89d,69eb8f1f108d9b87368ef89d,advanced,2,69eb8f1f108d9b87368ef89d,69eb8f1f108d9b87368ef89d,spotlight_PROLIFIC,,42,brazil,Portuguese,"portuguese, english, spanish ",spanish,Portuguese:50|English:40|spanish:10,100,Portuguese:40|English:50|spanish:10,100,Portuguese:75|English:20|spanish:5,100,17,4,Bachelor's,10,10,10,6,7,9,4,20,7,17,Duolingo,150,,,,,22,25,C1,intermediate|advanced,intermediate|advanced,cambridge_22_25_intermediate_advanced,4,20,random,,233.26666259765625,818.2333374023438,273.26666259765625,875.966667175293,4,4,hover,17,17,0.04792141053593901,0.29333343505859377,154,,,,,,2026-08-09T15:58:12.658Z,C99S394L,2026-08-09,2026-08-09,12:58:12,2026-08-09 12:58:12,,,,,,,,69eb8f1f108d9b87368ef89d,69eb8f1f108d9b87368ef89d,,,,
12601,hover_association,2,3,adv,20,2,17,18,45, and ,797,247,,69eb8f1f108d9b87368ef89d,69eb8f1f108d9b87368ef89d,advanced,2,69eb8f1f108d9b87368ef89d,69eb8f1f108d9b87368ef89d,spotlight_PROLIFIC,,42,brazil,Portuguese,"portuguese, english, spanish ",spanish,Portuguese:50|English:40|spanish:10,100,Portuguese:40|English:50|spanish:10,100,Portuguese:75|English:20|spanish:5,100,17,4,Bachelor's,10,10,10,6,7,9,4,20,7,17,Duolingo,150,,,,,22,25,C1,intermediate|advanced,intermediate|advanced,cambridge_22_25_intermediate_advanced,4,20,random,,233.26666259765625,781.2666625976562,273.26666259765625,818.2333374023438,4,3,hover,17,17,0.4256086728241164,0.34333343505859376,154,,,,,,2026-08-09T15:58:12.658Z,C99S394L,2026-08-09,2026-08-09,12:58:12,2026-08-09 12:58:12,,,,,,,,69eb8f1f108d9b87368ef89d,69eb8f1f108d9b87368ef89d,,,,
12626,raw_position_sample,2,3,adv,20,2,17,18,44, pocket ,767,249,1523015,69eb8f1f108d9b87368ef89d,69eb8f1f108d9b87368ef89d,advanced,2,69eb8f1f108d9b87368ef89d,69eb8f1f108d9b87368ef89d,spotlight_PROLIFIC,,42,brazil,Portuguese,"portuguese, english, spanish ",spanish,Portuguese:50|English:40|spanish:10,100,Portuguese:40|English:50|spanish:10,100,Portuguese:75|English:20|spanish:5,100,17,4,Bachelor's,10,10,10,6,7,9,4,20,7,17,Duolingo,150,,,,,22,25,C1,intermediate|advanced,intermediate|advanced,cambridge_22_25_intermediate_advanced,4,20,random,,241.26666259765625,719.7333374023438,265.26666259765625,781.2666625976562,4,2,,,,,,,,,,,,2026-08-09T15:58:12.658Z,C99S394L,2026-08-09,2026-08-09,12:58:12,2026-08-09 12:58:12,,,,,,,,69eb8f1f108d9b87368ef89d,69eb8f1f108d9b87368ef89d,,,,
12677,raw_position_sample,2,3,adv,20,2,17,18,44, pocket ,723,246,1523065,69eb8f1f108d9b87368ef89d,69eb8f1f108d9b87368ef89d,advanced,2,69eb8f1f108d9b87368ef89d,69eb8f1f108d9b87368ef89d,spotlight_PROLIFIC,,42,brazil,Portuguese,"portuguese, english, spanish ",spanish,Portuguese:50|English:40|spanish:10,100,Portuguese:40|English:50|spanish:10,100,Portuguese:75|English:20|spanish:5,100,17,4,Bachelor's,10,10,10,6,7,9,4,20,7,17,Duolingo,150,,,,,22,25,C1,intermediate|advanced,intermediate|advanced,cambridge_22_25_intermediate_advanced,4,20,random,,241.26666259765625,719.7333374023438,265.26666259765625,781.2666625976562,4,2,,,,,,,,,,,,2026-08-09T15:58:12.658Z,C99S394L,2026-08-09,2026-08-09,12:58:12,2026-08-09 12:58:12,,,,,,,,69eb8f1f108d9b87368ef89d,69eb8f1f108d9b87368ef89d,,,,
12684,hover_association,2,3,adv,20,2,17,18,44, pocket ,780,249,,69eb8f1f108d9b87368ef89d,69eb8f1f108d9b87368ef89d,advanced,2,69eb8f1f108d9b87368ef89d,69eb8f1f108d9b87368ef89d,spotlight_PROLIFIC,,42,brazil,Portuguese,"portuguese, english, spanish ",spanish,Portuguese:50|English:40|spanish:10,100,Portuguese:40|English:50|spanish:10,100,Portuguese:75|English:20|spanish:5,100,17,4,Bachelor's,10,10,10,6,7,9,4,20,7,17,Duolingo,150,,,,,22,25,C1,intermediate|advanced,intermediate|advanced,cambridge_22_25_intermediate_advanced,4,20,random,,233.26666259765625,719.7333526611328,273.26666259765625,781.2666625976562,4,2,hover,83,83,0.05308746339563071,0.31833343505859374,154,,,,,,2026-08-09T15:58:12.658Z,C99S394L,2026-08-09,2026-08-09,12:58:12,2026-08-09 12:58:12,,,,,,,,69eb8f1f108d9b87368ef89d,69eb8f1f108d9b87368ef89d,,,,
12726,raw_position_sample,2,3,adv,20,2,17,18,43, someone’s ,680,242,1523115,69eb8f1f108d9b87368ef89d,69eb8f1f108d9b87368ef89d,advanced,2,69eb8f1f108d9b87368ef89d,69eb8f1f108d9b87368ef89d,spotlight_PROLIFIC,,42,brazil,Portuguese,"portuguese, english, spanish ",spanish,Portuguese:50|English:40|spanish:10,100,Portuguese:40|English:50|spanish:10,100,Portuguese:75|English:20|spanish:5,100,17,4,Bachelor's,10,10,10,6,7,9,4,20,7,17,Duolingo,150,,,,,22,25,C1,intermediate|advanced,intermediate|advanced,cambridge_22_25_intermediate_advanced,4,20,random,,241.26666259765625,625.36669921875,265.26666259765625,719.7333679199219,4,1,,,,,,,,,,,,2026-08-09T15:58:12.658Z,C99S394L,2026-08-09,2026-08-09,12:58:12,2026-08-09 12:58:12,,,,,,,,69eb8f1f108d9b87368ef89d,69eb8f1f108d9b87368ef89d,,,,
12777,raw_position_sample,2,3,adv,20,2,17,18,43, someone’s ,679,242,1523166,69eb8f1f108d9b87368ef89d,69eb8f1f108d9b87368ef89d,advanced,2,69eb8f1f108d9b87368ef89d,69eb8f1f108d9b87368ef89d,spotlight_PROLIFIC,,42,brazil,Portuguese,"portuguese, english, spanish ",spanish,Portuguese:50|English:40|spanish:10,100,Portuguese:40|English:50|spanish:10,100,Portuguese:75|English:20|spanish:5,100,17,4,Bachelor's,10,10,10,6,7,9,4,20,7,17,Duolingo,150,,,,,22,25,C1,intermediate|advanced,intermediate|advanced,cambridge_22_25_intermediate_advanced,4,20,random,,241.26666259765625,625.36669921875,265.26666259765625,719.7333679199219,4,1,,,,,,,,,,,,2026-08-09T15:58:12.658Z,C99S394L,2026-08-09,2026-08-09,12:58:12,2026-08-09 12:58:12,,,,,,,,69eb8f1f108d9b87368ef89d,69eb8f1f108d9b87368ef89d,,,,
12828,raw_position_sample,2,3,adv,20,2,17,18,43, someone’s ,679,242,1523216,69eb8f1f108d9b87368ef89d,69eb8f1f108d9b87368ef89d,advanced,2,69eb8f1f108d9b87368ef89d,69eb8f1f108d9b87368ef89d,spotlight_PROLIFIC,,42,brazil,Portuguese,"portuguese, english, spanish ",spanish,Portuguese:50|English:40|spanish:10,100,Portuguese:40|English:50|spanish:10,100,Portuguese:75|English:20|spanish:5,100,17,4,Bachelor's,10,10,10,6,7,9,4,20,7,17,Duolingo,150,,,,,22,25,C1,intermediate|advanced,intermediate|advanced,cambridge_22_25_intermediate_advanced,4,20,random,,241.26666259765625,625.36669921875,265.26666259765625,719.7333679199219,4,1,,,,,,,,,,,,2026-08-09T15:58:12.658Z,C99S394L,2026-08-09,2026-08-09,12:58:12,2026-08-09 12:58:12,,,,,,,,69eb8f1f108d9b87368ef89d,69eb8f1f108d9b87368ef89d,,,,
12878,raw_position_sample,2,3,adv,20,2,17,18,43, someone’s ,675,242,1523266,69eb8f1f108d9b87368ef89d,69eb8f1f108d9b87368ef89d,advanced,2,69eb8f1f108d9b87368ef89d,69eb8f1f108d9b87368ef89d,spotlight_PROLIFIC,,42,brazil,Portuguese,"portuguese, english, spanish ",spanish,Portuguese:50|English:40|spanish:10,100,Portuguese:40|English:50|spanish:10,100,Portuguese:75|English:20|spanish:5,100,17,4,Bachelor's,10,10,10,6,7,9,4,20,7,17,Duolingo,150,,,,,22,25,C1,intermediate|advanced,intermediate|advanced,cambridge_22_25_intermediate_advanced,4,20,random,,241.26666259765625,625.36669921875,265.26666259765625,719.7333679199219,4,1,,,,,,,,,,,,2026-08-09T15:58:12.658Z,C99S394L,2026-08-09,2026-08-09,12:58:12,2026-08-09 12:58:12,,,,,,,,69eb8f1f108d9b87368ef89d,69eb8f1f108d9b87368ef89d,,,,
12928,raw_position_sample,2,3,adv,20,2,17,18,43, someone’s ,664,242,1523316,69eb8f1f108d9b87368ef89d,69eb8f1f108d9b87368ef89d,advanced,2,69eb8f1f108d9b87368ef89d,69eb8f1f108d9b87368ef89d,spotlight_PROLIFIC,,42,brazil,Portuguese,"portuguese, english, spanish ",spanish,Portuguese:50|English:40|spanish:10,100,Portuguese:40|English:50|spanish:10,100,Portuguese:75|English:20|spanish:5,100,17,4,Bachelor's,10,10,10,6,7,9,4,20,7,17,Duolingo,150,,,,,22,25,C1,intermediate|advanced,intermediate|advanced,cambridge_22_25_intermediate_advanced,4,20,random,,241.26666259765625,625.36669921875,265.26666259765625,719.7333679199219,4,1,,,,,,,,,,,,2026-08-09T15:58:12.658Z,C99S394L,2026-08-09,2026-08-09,12:58:12,2026-08-09 12:58:12,,,,,,,,69eb8f1f108d9b87368ef89d,69eb8f1f108d9b87368ef89d,,,,
12978,raw_position_sample,2,3,adv,20,2,17,18,43, someone’s ,645,244,1523366,69eb8f1f108d9b87368ef89d,69eb8f1f108d9b87368ef89d,advanced,2,69eb8f1f108d9b87368ef89d,69eb8f1f108d9b87368ef89d,spotlight_PROLIFIC,,42,brazil,Portuguese,"portuguese, english, spanish ",spanish,Portuguese:50|English:40|spanish:10,100,Portuguese:40|English:50|spanish:10,100,Portuguese:75|English:20|spanish:5,100,17,4,Bachelor's,10,10,10,6,7,9,4,20,7,17,Duolingo,150,,,,,22,25,C1,intermediate|advanced,intermediate|advanced,cambridge_22_25_intermediate_advanced,4,20,random,,241.26666259765625,625.36669921875,265.26666259765625,719.7333679199219,4,1,,,,,,,,,,,,2026-08-09T15:58:12.658Z,C99S394L,2026-08-09,2026-08-09,12:58:12,2026-08-09 12:58:12,,,,,,,,69eb8f1f108d9b87368ef89d,69eb8f1f108d9b87368ef89d,,,,
13029,raw_position_sample,2,3,adv,20,2,17,18,43, someone’s ,644,245,1523416,69eb8f1f108d9b87368ef89d,69eb8f1f108d9b87368ef89d,advanced,2,69eb8f1f108d9b87368ef89d,69eb8f1f108d9b87368ef89d,spotlight_PROLIFIC,,42,brazil,Portuguese,"portuguese, english, spanish ",spanish,Portuguese:50|English:40|spanish:10,100,Portuguese:40|English:50|spanish:10,100,Portuguese:75|English:20|spanish:5,100,17,4,Bachelor's,10,10,10,6,7,9,4,20,7,17,Duolingo,150,,,,,22,25,C1,intermediate|advanced,intermediate|advanced,cambridge_22_25_intermediate_advanced,4,20,random,,241.26666259765625,625.36669921875,265.26666259765625,719.7333679199219,4,1,,,,,,,,,,,,2026-08-09T15:58:12.658Z,C99S394L,2026-08-09,2026-08-09,12:58:12,2026-08-09 12:58:12,,,,,,,,69eb8f1f108d9b87368ef89d,69eb8f1f108d9b87368ef89d,,,,
13078,raw_position_sample,2,3,adv,20,2,17,18,43, someone’s ,647,246,1523466,69eb8f1f108d9b87368ef89d,69eb8f1f108d9b87368ef89d,advanced,2,69eb8f1f108d9b87368ef89d,69eb8f1f108d9b87368ef89d,spotlight_PROLIFIC,,42,brazil,Portuguese,"portuguese, english, spanish ",spanish,Portuguese:50|English:40|spanish:10,100,Portuguese:40|English:50|spanish:10,100,Portuguese:75|English:20|spanish:5,100,17,4,Bachelor's,10,10,10,6,7,9,4,20,7,17,Duolingo,150,,,,,22,25,C1,intermediate|advanced,intermediate|advanced,cambridge_22_25_intermediate_advanced,4,20,random,,241.26666259765625,625.36669921875,265.26666259765625,719.7333679199219,4,1,,,,,,,,,,,,2026-08-09T15:58:12.658Z,C99S394L,2026-08-09,2026-08-09,12:58:12,2026-08-09 12:58:12,,,,,,,,69eb8f1f108d9b87368ef89d,69eb8f1f108d9b87368ef89d,,,,
13129,raw_position_sample,2,3,adv,20,2,17,18,43, someone’s ,663,247,1523517,69eb8f1f108d9b87368ef89d,69eb8f1f108d9b87368ef89d,advanced,2,69eb8f1f108d9b87368ef89d,69eb8f1f108d9b87368ef89d,spotlight_PROLIFIC,,42,brazil,Portuguese,"portuguese, english, spanish ",spanish,Portuguese:50|English:40|spanish:10,100,Portuguese:40|English:50|spanish:10,100,Portuguese:75|English:20|spanish:5,100,17,4,Bachelor's,10,10,10,6,7,9,4,20,7,17,Duolingo,150,,,,,22,25,C1,intermediate|advanced,intermediate|advanced,cambridge_22_25_intermediate_advanced,4,20,random,,241.26666259765625,625.36669921875,265.26666259765625,719.7333679199219,4,1,,,,,,,,,,,,2026-08-09T15:58:12.658Z,C99S394L,2026-08-09,2026-08-09,12:58:12,2026-08-09 12:58:12,,,,,,,,69eb8f1f108d9b87368ef89d,69eb8f1f108d9b87368ef89d,,,,
13179,raw_position_sample,2,3,adv,20,2,17,18,43, someone’s ,692,247,1523568,69eb8f1f108d9b87368ef89d,69eb8f1f108d9b87368ef89d,advanced,2,69eb8f1f108d9b87368ef89d,69eb8f1f108d9b87368ef89d,spotlight_PROLIFIC,,42,brazil,Portuguese,"portuguese, english, spanish ",spanish,Portuguese:50|English:40|spanish:10,100,Portuguese:40|English:50|spanish:10,100,Portuguese:75|English:20|spanish:5,100,17,4,Bachelor's,10,10,10,6,7,9,4,20,7,17,Duolingo,150,,,,,22,25,C1,intermediate|advanced,intermediate|advanced,cambridge_22_25_intermediate_advanced,4,20,random,,241.26666259765625,625.36669921875,265.26666259765625,719.7333679199219,4,1,,,,,,,,,,,,2026-08-09T15:58:12.658Z,C99S394L,2026-08-09,2026-08-09,12:58:12,2026-08-09 12:58:12,,,,,,,,69eb8f1f108d9b87368ef89d,69eb8f1f108d9b87368ef89d,,,,
13230,raw_position_sample,2,3,adv,20,2,17,18,43, someone’s ,714,247,1523618,69eb8f1f108d9b87368ef89d,69eb8f1f108d9b87368ef89d,advanced,2,69eb8f1f108d9b87368ef89d,69eb8f1f108d9b87368ef89d,spotlight_PROLIFIC,,42,brazil,Portuguese,"portuguese, english, spanish ",spanish,Portuguese:50|English:40|spanish:10,100,Portuguese:40|English:50|spanish:10,100,Portuguese:75|English:20|spanish:5,100,17,4,Bachelor's,10,10,10,6,7,9,4,20,7,17,Duolingo,150,,,,,22,25,C1,intermediate|advanced,intermediate|advanced,cambridge_22_25_intermediate_advanced,4,20,random,,241.26666259765625,625.36669921875,265.26666259765625,719.7333679199219,4,1,,,,,,,,,,,,2026-08-09T15:58:12.658Z,C99S394L,2026-08-09,2026-08-09,12:58:12,2026-08-09 12:58:12,,,,,,,,69eb8f1f108d9b87368ef89d,69eb8f1f108d9b87368ef89d,,,,
13234,hover_association,2,3,adv,20,2,17,18,43, someone’s ,706,244,,69eb8f1f108d9b87368ef89d,69eb8f1f108d9b87368ef89d,advanced,2,69eb8f1f108d9b87368ef89d,69eb8f1f108d9b87368ef89d,spotlight_PROLIFIC,,42,brazil,Portuguese,"portuguese, english, spanish ",spanish,Portuguese:50|English:40|spanish:10,100,Portuguese:40|English:50|spanish:10,100,Portuguese:75|English:20|spanish:5,100,17,4,Bachelor's,10,10,10,6,7,9,4,20,7,17,Duolingo,150,,,,,22,25,C1,intermediate|advanced,intermediate|advanced,cambridge_22_25_intermediate_advanced,4,20,random,,233.26666259765625,621.8028106689453,273.26666259765625,719.7333526611328,4,1,hover,551,551,0.9414549072791796,0.34333343505859376,154,,,,,,2026-08-09T15:58:12.658Z,C99S394L,2026-08-09,2026-08-09,12:58:12,2026-08-09 12:58:12,,,,,,,,69eb8f1f108d9b87368ef89d,69eb8f1f108d9b87368ef89d,,,,
13280,raw_position_sample,2,3,adv,20,2,17,18,44, pocket ,743,247,1523668,69eb8f1f108d9b87368ef89d,69eb8f1f108d9b87368ef89d,advanced,2,69eb8f1f108d9b87368ef89d,69eb8f1f108d9b87368ef89d,spotlight_PROLIFIC,,42,brazil,Portuguese,"portuguese, english, spanish ",spanish,Portuguese:50|English:40|spanish:10,100,Portuguese:40|English:50|spanish:10,100,Portuguese:75|English:20|spanish:5,100,17,4,Bachelor's,10,10,10,6,7,9,4,20,7,17,Duolingo,150,,,,,22,25,C1,intermediate|advanced,intermediate|advanced,cambridge_22_25_intermediate_advanced,4,20,random,,241.26666259765625,719.7333374023438,265.26666259765625,781.2666625976562,4,2,,,,,,,,,,,,2026-08-09T15:58:12.658Z,C99S394L,2026-08-09,2026-08-09,12:58:12,2026-08-09 12:58:12,,,,,,,,69eb8f1f108d9b87368ef89d,69eb8f1f108d9b87368ef89d,,,,
13318,hover_association,2,3,adv,20,2,17,18,44, pocket ,724,247,,69eb8f1f108d9b87368ef89d,69eb8f1f108d9b87368ef89d,advanced,2,69eb8f1f108d9b87368ef89d,69eb8f1f108d9b87368ef89d,spotlight_PROLIFIC,,42,brazil,Portuguese,"portuguese, english, spanish ",spanish,Portuguese:50|English:40|spanish:10,100,Portuguese:40|English:50|spanish:10,100,Portuguese:75|English:20|spanish:5,100,17,4,Bachelor's,10,10,10,6,7,9,4,20,7,17,Duolingo,150,,,,,22,25,C1,intermediate|advanced,intermediate|advanced,cambridge_22_25_intermediate_advanced,4,20,random,,233.26666259765625,719.7333526611328,273.26666259765625,781.2666625976562,4,2,hover,83,83,0.8819068467931858,0.34333343505859376,154,,,,,,2026-08-09T15:58:12.658Z,C99S394L,2026-08-09,2026-08-09,12:58:12,2026-08-09 12:58:12,,,,,,,,69eb8f1f108d9b87368ef89d,69eb8f1f108d9b87368ef89d,,,,
13330,raw_position_sample,2,3,adv,20,2,17,18,45, and ,787,247,1523718,69eb8f1f108d9b87368ef89d,69eb8f1f108d9b87368ef89d,advanced,2,69eb8f1f108d9b87368ef89d,69eb8f1f108d9b87368ef89d,spotlight_PROLIFIC,,42,brazil,Portuguese,"portuguese, english, spanish ",spanish,Portuguese:50|English:40|spanish:10,100,Portuguese:40|English:50|spanish:10,100,Portuguese:75|English:20|spanish:5,100,17,4,Bachelor's,10,10,10,6,7,9,4,20,7,17,Duolingo,150,,,,,22,25,C1,intermediate|advanced,intermediate|advanced,cambridge_22_25_intermediate_advanced,4,20,random,,241.26666259765625,781.2666625976562,265.26666259765625,818.2333374023438,4,3,,,,,,,,,,,,2026-08-09T15:58:12.658Z,C99S394L,2026-08-09,2026-08-09,12:58:12,2026-08-09 12:58:12,,,,,,,,69eb8f1f108d9b87368ef89d,69eb8f1f108d9b87368ef89d,,,,
13381,raw_position_sample,2,3,adv,20,2,17,18,45, and ,806,247,1523768,69eb8f1f108d9b87368ef89d,69eb8f1f108d9b87368ef89d,advanced,2,69eb8f1f108d9b87368ef89d,69eb8f1f108d9b87368ef89d,spotlight_PROLIFIC,,42,brazil,Portuguese,"portuguese, english, spanish ",spanish,Portuguese:50|English:40|spanish:10,100,Portuguese:40|English:50|spanish:10,100,Portuguese:75|English:20|spanish:5,100,17,4,Bachelor's,10,10,10,6,7,9,4,20,7,17,Duolingo,150,,,,,22,25,C1,intermediate|advanced,intermediate|advanced,cambridge_22_25_intermediate_advanced,4,20,random,,241.26666259765625,781.2666625976562,265.26666259765625,818.2333374023438,4,3,,,,,,,,,,,,2026-08-09T15:58:12.658Z,C99S394L,2026-08-09,2026-08-09,12:58:12,2026-08-09 12:58:12,,,,,,,,69eb8f1f108d9b87368ef89d,69eb8f1f108d9b87368ef89d,,,,
13430,raw_position_sample,2,3,adv,20,2,17,18,45, and ,815,247,1523819,69eb8f1f108d9b87368ef89d,69eb8f1f108d9b87368ef89d,advanced,2,69eb8f1f108d9b87368ef89d,69eb8f1f108d9b87368ef89d,spotlight_PROLIFIC,,42,brazil,Portuguese,"portuguese, english, spanish ",spanish,Portuguese:50|English:40|spanish:10,100,Portuguese:40|English:50|spanish:10,100,Portuguese:75|English:20|spanish:5,100,17,4,Bachelor's,10,10,10,6,7,9,4,20,7,17,Duolingo,150,,,,,22,25,C1,intermediate|advanced,intermediate|advanced,cambridge_22_25_intermediate_advanced,4,20,random,,241.26666259765625,781.2666625976562,265.26666259765625,818.2333374023438,4,3,,,,,,,,,,,,2026-08-09T15:58:12.658Z,C99S394L,2026-08-09,2026-08-09,12:58:12,2026-08-09 12:58:12,,,,,,,,69eb8f1f108d9b87368ef89d,69eb8f1f108d9b87368ef89d,,,,
13451,hover_association,2,3,adv,20,2,17,18,45, and ,787,247,,69eb8f1f108d9b87368ef89d,69eb8f1f108d9b87368ef89d,advanced,2,69eb8f1f108d9b87368ef89d,69eb8f1f108d9b87368ef89d,spotlight_PROLIFIC,,42,brazil,Portuguese,"portuguese, english, spanish ",spanish,Portuguese:50|English:40|spanish:10,100,Portuguese:40|English:50|spanish:10,100,Portuguese:75|English:20|spanish:5,100,17,4,Bachelor's,10,10,10,6,7,9,4,20,7,17,Duolingo,150,,,,,22,25,C1,intermediate|advanced,intermediate|advanced,cambridge_22_25_intermediate_advanced,4,20,random,,233.26666259765625,781.2666625976562,273.26666259765625,818.2333374023438,4,3,hover,133,133,0.9936878985308637,0.34333343505859376,154,,,,,,2026-08-09T15:58:12.658Z,C99S394L,2026-08-09,2026-08-09,12:58:12,2026-08-09 12:58:12,,,,,,,,69eb8f1f108d9b87368ef89d,69eb8f1f108d9b87368ef89d,,,,
13481,raw_position_sample,2,3,adv,20,2,17,18,46, taking ,833,247,1523868,69eb8f1f108d9b87368ef89d,69eb8f1f108d9b87368ef89d,advanced,2,69eb8f1f108d9b87368ef89d,69eb8f1f108d9b87368ef89d,spotlight_PROLIFIC,,42,brazil,Portuguese,"portuguese, english, spanish ",spanish,Portuguese:50|English:40|spanish:10,100,Portuguese:40|English:50|spanish:10,100,Portuguese:75|English:20|spanish:5,100,17,4,Bachelor's,10,10,10,6,7,9,4,20,7,17,Duolingo,150,,,,,22,25,C1,intermediate|advanced,intermediate|advanced,cambridge_22_25_intermediate_advanced,4,20,random,,241.26666259765625,818.2333374023438,265.26666259765625,875.9666595458984,4,4,,,,,,,,,,,,2026-08-09T15:58:12.658Z,C99S394L,2026-08-09,2026-08-09,12:58:12,2026-08-09 12:58:12,,,,,,,,69eb8f1f108d9b87368ef89d,69eb8f1f108d9b87368ef89d,,,,
13531,raw_position_sample,2,3,adv,20,2,17,18,46, taking ,867,250,1523919,69eb8f1f108d9b87368ef89d,69eb8f1f108d9b87368ef89d,advanced,2,69eb8f1f108d9b87368ef89d,69eb8f1f108d9b87368ef89d,spotlight_PROLIFIC,,42,brazil,Portuguese,"portuguese, english, spanish ",spanish,Portuguese:50|English:40|spanish:10,100,Portuguese:40|English:50|spanish:10,100,Portuguese:75|English:20|spanish:5,100,17,4,Bachelor's,10,10,10,6,7,9,4,20,7,17,Duolingo,150,,,,,22,25,C1,intermediate|advanced,intermediate|advanced,cambridge_22_25_intermediate_advanced,4,20,random,,241.26666259765625,818.2333374023438,265.26666259765625,875.9666595458984,4,4,,,,,,,,,,,,2026-08-09T15:58:12.658Z,C99S394L,2026-08-09,2026-08-09,12:58:12,2026-08-09 12:58:12,,,,,,,,69eb8f1f108d9b87368ef89d,69eb8f1f108d9b87368ef89d,,,,
13534,hover_association,2,3,adv,20,2,17,18,46, taking ,825,247,,69eb8f1f108d9b87368ef89d,69eb8f1f108d9b87368ef89d,advanced,2,69eb8f1f108d9b87368ef89d,69eb8f1f108d9b87368ef89d,spotlight_PROLIFIC,,42,brazil,Portuguese,"portuguese, english, spanish ",spanish,Portuguese:50|English:40|spanish:10,100,Portuguese:40|English:50|spanish:10,100,Portuguese:75|English:20|spanish:5,100,17,4,Bachelor's,10,10,10,6,7,9,4,20,7,17,Duolingo,150,,,,,22,25,C1,intermediate|advanced,intermediate|advanced,cambridge_22_25_intermediate_advanced,4,20,random,,233.26666259765625,818.2333374023438,273.26666259765625,875.966667175293,4,4,hover,83,83,0.8446882033210862,0.41833343505859377,154,,,,,,2026-08-09T15:58:12.658Z,C99S394L,2026-08-09,2026-08-09,12:58:12,2026-08-09 12:58:12,,,,,,,,69eb8f1f108d9b87368ef89d,69eb8f1f108d9b87368ef89d,,,,
13580,raw_position_sample,2,3,adv,20,2,17,18,47, their ,905,254,1523969,69eb8f1f108d9b87368ef89d,69eb8f1f108d9b87368ef89d,advanced,2,69eb8f1f108d9b87368ef89d,69eb8f1f108d9b87368ef89d,spotlight_PROLIFIC,,42,brazil,Portuguese,"portuguese, english, spanish ",spanish,Portuguese:50|English:40|spanish:10,100,Portuguese:40|English:50|spanish:10,100,Portuguese:75|English:20|spanish:5,100,17,4,Bachelor's,10,10,10,6,7,9,4,20,7,17,Duolingo,150,,,,,22,25,C1,intermediate|advanced,intermediate|advanced,cambridge_22_25_intermediate_advanced,4,20,random,,241.26666259765625,875.9666748046875,265.26666259765625,920.5000152587891,4,5,,,,,,,,,,,,2026-08-09T15:58:12.658Z,C99S394L,2026-08-09,2026-08-09,12:58:12,2026-08-09 12:58:12,,,,,,,,69eb8f1f108d9b87368ef89d,69eb8f1f108d9b87368ef89d,,,,
13631,raw_position_sample,2,3,adv,20,2,17,18,47, their ,915,254,1524019,69eb8f1f108d9b87368ef89d,69eb8f1f108d9b87368ef89d,advanced,2,69eb8f1f108d9b87368ef89d,69eb8f1f108d9b87368ef89d,spotlight_PROLIFIC,,42,brazil,Portuguese,"portuguese, english, spanish ",spanish,Portuguese:50|English:40|spanish:10,100,Portuguese:40|English:50|spanish:10,100,Portuguese:75|English:20|spanish:5,100,17,4,Bachelor's,10,10,10,6,7,9,4,20,7,17,Duolingo,150,,,,,22,25,C1,intermediate|advanced,intermediate|advanced,cambridge_22_25_intermediate_advanced,4,20,random,,241.26666259765625,875.9666748046875,265.26666259765625,920.5000152587891,4,5,,,,,,,,,,,,2026-08-09T15:58:12.658Z,C99S394L,2026-08-09,2026-08-09,12:58:12,2026-08-09 12:58:12,,,,,,,,69eb8f1f108d9b87368ef89d,69eb8f1f108d9b87368ef89d,,,,
13668,hover_association,2,3,adv,20,2,17,18,47, their ,881,252,,69eb8f1f108d9b87368ef89d,69eb8f1f108d9b87368ef89d,advanced,2,69eb8f1f108d9b87368ef89d,69eb8f1f108d9b87368ef89d,spotlight_PROLIFIC,,42,brazil,Portuguese,"portuguese, english, spanish ",spanish,Portuguese:50|English:40|spanish:10,100,Portuguese:40|English:50|spanish:10,100,Portuguese:75|English:20|spanish:5,100,17,4,Bachelor's,10,10,10,6,7,9,4,20,7,17,Duolingo,150,,,,,22,25,C1,intermediate|advanced,intermediate|advanced,cambridge_22_25_intermediate_advanced,4,20,random,,233.26666259765625,875.966667175293,273.26666259765625,920.5000076293945,4,5,hover,134,134,0.9663171993365169,0.5183334350585938,154,,,,,,2026-08-09T15:58:12.658Z,C99S394L,2026-08-09,2026-08-09,12:58:12,2026-08-09 12:58:12,,,,,,,,69eb8f1f108d9b87368ef89d,69eb8f1f108d9b87368ef89d,,,,
13681,raw_position_sample,2,3,adv,20,2,17,18,48, wallet ,921,254,1524069,69eb8f1f108d9b87368ef89d,69eb8f1f108d9b87368ef89d,advanced,2,69eb8f1f108d9b87368ef89d,69eb8f1f108d9b87368ef89d,spotlight_PROLIFIC,,42,brazil,Portuguese,"portuguese, english, spanish ",spanish,Portuguese:50|English:40|spanish:10,100,Portuguese:40|English:50|spanish:10,100,Portuguese:75|English:20|spanish:5,100,17,4,Bachelor's,10,10,10,6,7,9,4,20,7,17,Duolingo,150,,,,,22,25,C1,intermediate|advanced,intermediate|advanced,cambridge_22_25_intermediate_advanced,4,20,random,,241.26666259765625,920.5,265.26666259765625,975.3833312988281,4,6,,,,,,,,,,,,2026-08-09T15:58:12.658Z,C99S394L,2026-08-09,2026-08-09,12:58:12,2026-08-09 12:58:12,,,,,,,,69eb8f1f108d9b87368ef89d,69eb8f1f108d9b87368ef89d,,,,
13732,raw_position_sample,2,3,adv,20,2,17,18,48, wallet ,924,254,1524120,69eb8f1f108d9b87368ef89d,69eb8f1f108d9b87368ef89d,advanced,2,69eb8f1f108d9b87368ef89d,69eb8f1f108d9b87368ef89d,spotlight_PROLIFIC,,42,brazil,Portuguese,"portuguese, english, spanish ",spanish,Portuguese:50|English:40|spanish:10,100,Portuguese:40|English:50|spanish:10,100,Portuguese:75|English:20|spanish:5,100,17,4,Bachelor's,10,10,10,6,7,9,4,20,7,17,Duolingo,150,,,,,22,25,C1,intermediate|advanced,intermediate|advanced,cambridge_22_25_intermediate_advanced,4,20,random,,241.26666259765625,920.5,265.26666259765625,975.3833312988281,4,6,,,,,,,,,,,,2026-08-09T15:58:12.658Z,C99S394L,2026-08-09,2026-08-09,12:58:12,2026-08-09 12:58:12,,,,,,,,69eb8f1f108d9b87368ef89d,69eb8f1f108d9b87368ef89d,,,,
13782,raw_position_sample,2,3,adv,20,2,17,18,48, wallet ,928,254,1524170,69eb8f1f108d9b87368ef89d,69eb8f1f108d9b87368ef89d,advanced,2,69eb8f1f108d9b87368ef89d,69eb8f1f108d9b87368ef89d,spotlight_PROLIFIC,,42,brazil,Portuguese,"portuguese, english, spanish ",spanish,Portuguese:50|English:40|spanish:10,100,Portuguese:40|English:50|spanish:10,100,Portuguese:75|English:20|spanish:5,100,17,4,Bachelor's,10,10,10,6,7,9,4,20,7,17,Duolingo,150,,,,,22,25,C1,intermediate|advanced,intermediate|advanced,cambridge_22_25_intermediate_advanced,4,20,random,,241.26666259765625,920.5,265.26666259765625,975.3833312988281,4,6,,,,,,,,,,,,2026-08-09T15:58:12.658Z,C99S394L,2026-08-09,2026-08-09,12:58:12,2026-08-09 12:58:12,,,,,,,,69eb8f1f108d9b87368ef89d,69eb8f1f108d9b87368ef89d,,,,
13832,raw_position_sample,2,3,adv,20,2,17,18,48, wallet ,929,254,1524220,69eb8f1f108d9b87368ef89d,69eb8f1f108d9b87368ef89d,advanced,2,69eb8f1f108d9b87368ef89d,69eb8f1f108d9b87368ef89d,spotlight_PROLIFIC,,42,brazil,Portuguese,"portuguese, english, spanish ",spanish,Portuguese:50|English:40|spanish:10,100,Portuguese:40|English:50|spanish:10,100,Portuguese:75|English:20|spanish:5,100,17,4,Bachelor's,10,10,10,6,7,9,4,20,7,17,Duolingo,150,,,,,22,25,C1,intermediate|advanced,intermediate|advanced,cambridge_22_25_intermediate_advanced,4,20,random,,241.26666259765625,920.5,265.26666259765625,975.3833312988281,4,6,,,,,,,,,,,,2026-08-09T15:58:12.658Z,C99S394L,2026-08-09,2026-08-09,12:58:12,2026-08-09 12:58:12,,,,,,,,69eb8f1f108d9b87368ef89d,69eb8f1f108d9b87368ef89d,,,,
13882,raw_position_sample,2,3,adv,20,2,17,18,48, wallet ,933,254,1524270,69eb8f1f108d9b87368ef89d,69eb8f1f108d9b87368ef89d,advanced,2,69eb8f1f108d9b87368ef89d,69eb8f1f108d9b87368ef89d,spotlight_PROLIFIC,,42,brazil,Portuguese,"portuguese, english, spanish ",spanish,Portuguese:50|English:40|spanish:10,100,Portuguese:40|English:50|spanish:10,100,Portuguese:75|English:20|spanish:5,100,17,4,Bachelor's,10,10,10,6,7,9,4,20,7,17,Duolingo,150,,,,,22,25,C1,intermediate|advanced,intermediate|advanced,cambridge_22_25_intermediate_advanced,4,20,random,,241.26666259765625,920.5,265.26666259765625,975.3833312988281,4,6,,,,,,,,,,,,2026-08-09T15:58:12.658Z,C99S394L,2026-08-09,2026-08-09,12:58:12,2026-08-09 12:58:12,,,,,,,,69eb8f1f108d9b87368ef89d,69eb8f1f108d9b87368ef89d,,,,
13933,raw_position_sample,2,3,adv,20,2,17,18,48, wallet ,940,254,1524321,69eb8f1f108d9b87368ef89d,69eb8f1f108d9b87368ef89d,advanced,2,69eb8f1f108d9b87368ef89d,69eb8f1f108d9b87368ef89d,spotlight_PROLIFIC,,42,brazil,Portuguese,"portuguese, english, spanish ",spanish,Portuguese:50|English:40|spanish:10,100,Portuguese:40|English:50|spanish:10,100,Portuguese:75|English:20|spanish:5,100,17,4,Bachelor's,10,10,10,6,7,9,4,20,7,17,Duolingo,150,,,,,22,25,C1,intermediate|advanced,intermediate|advanced,cambridge_22_25_intermediate_advanced,4,20,random,,241.26666259765625,920.5,265.26666259765625,975.3833312988281,4,6,,,,,,,,,,,,2026-08-09T15:58:12.658Z,C99S394L,2026-08-09,2026-08-09,12:58:12,2026-08-09 12:58:12,,,,,,,,69eb8f1f108d9b87368ef89d,69eb8f1f108d9b87368ef89d,,,,
13983,raw_position_sample,2,3,adv,20,2,17,18,48, wallet ,966,255,1524371,69eb8f1f108d9b87368ef89d,69eb8f1f108d9b87368ef89d,advanced,2,69eb8f1f108d9b87368ef89d,69eb8f1f108d9b87368ef89d,spotlight_PROLIFIC,,42,brazil,Portuguese,"portuguese, english, spanish ",spanish,Portuguese:50|English:40|spanish:10,100,Portuguese:40|English:50|spanish:10,100,Portuguese:75|English:20|spanish:5,100,17,4,Bachelor's,10,10,10,6,7,9,4,20,7,17,Duolingo,150,,,,,22,25,C1,intermediate|advanced,intermediate|advanced,cambridge_22_25_intermediate_advanced,4,20,random,,241.26666259765625,920.5,265.26666259765625,975.3833312988281,4,6,,,,,,,,,,,,2026-08-09T15:58:12.658Z,C99S394L,2026-08-09,2026-08-09,12:58:12,2026-08-09 12:58:12,,,,,,,,69eb8f1f108d9b87368ef89d,69eb8f1f108d9b87368ef89d,,,,
13985,hover_association,2,3,adv,20,2,17,18,48, wallet ,921,254,,69eb8f1f108d9b87368ef89d,69eb8f1f108d9b87368ef89d,advanced,2,69eb8f1f108d9b87368ef89d,69eb8f1f108d9b87368ef89d,spotlight_PROLIFIC,,42,brazil,Portuguese,"portuguese, english, spanish ",spanish,Portuguese:50|English:40|spanish:10,100,Portuguese:40|English:50|spanish:10,100,Portuguese:75|English:20|spanish:5,100,17,4,Bachelor's,10,10,10,6,7,9,4,20,7,17,Duolingo,150,,,,,22,25,C1,intermediate|advanced,intermediate|advanced,cambridge_22_25_intermediate_advanced,4,20,random,,233.26666259765625,920.5000076293945,273.26666259765625,975.3833160400391,4,6,hover,316,316,0.8290315159240804,0.5433334350585938,154,,,,,,2026-08-09T15:58:12.658Z,C99S394L,2026-08-09,2026-08-09,12:58:12,2026-08-09 12:58:12,,,,,,,,69eb8f1f108d9b87368ef89d,69eb8f1f108d9b87368ef89d,,,,
14032,raw_position_sample,2,3,adv,20,2,17,18,49, is ,990,256,1524421,69eb8f1f108d9b87368ef89d,69eb8f1f108d9b87368ef89d,advanced,2,69eb8f1f108d9b87368ef89d,69eb8f1f108d9b87368ef89d,spotlight_PROLIFIC,,42,brazil,Portuguese,"portuguese, english, spanish ",spanish,Portuguese:50|English:40|spanish:10,100,Portuguese:40|English:50|spanish:10,100,Portuguese:75|English:20|spanish:5,100,17,4,Bachelor's,10,10,10,6,7,9,4,20,7,17,Duolingo,150,,,,,22,25,C1,intermediate|advanced,intermediate|advanced,cambridge_22_25_intermediate_advanced,4,20,random,,241.26666259765625,975.38330078125,265.26666259765625,993.3332977294922,4,7,,,,,,,,,,,,2026-08-09T15:58:12.658Z,C99S394L,2026-08-09,2026-08-09,12:58:12,2026-08-09 12:58:12,,,,,,,,69eb8f1f108d9b87368ef89d,69eb8f1f108d9b87368ef89d,,,,
14034,hover_association,2,3,adv,20,2,17,18,49, is ,976,255,,69eb8f1f108d9b87368ef89d,69eb8f1f108d9b87368ef89d,advanced,2,69eb8f1f108d9b87368ef89d,69eb8f1f108d9b87368ef89d,spotlight_PROLIFIC,,42,brazil,Portuguese,"portuguese, english, spanish ",spanish,Portuguese:50|English:40|spanish:10,100,Portuguese:40|English:50|spanish:10,100,Portuguese:75|English:20|spanish:5,100,17,4,Bachelor's,10,10,10,6,7,9,4,20,7,17,Duolingo,150,,,,,22,25,C1,intermediate|advanced,intermediate|advanced,cambridge_22_25_intermediate_advanced,4,20,random,,233.26666259765625,975.3833160400391,273.26666259765625,993.3333053588867,4,7,hover,51,51,0.8143004266087938,0.5683334350585938,154,,,,,,2026-08-09T15:58:12.658Z,C99S394L,2026-08-09,2026-08-09,12:58:12,2026-08-09 12:58:12,,,,,,,,69eb8f1f108d9b87368ef89d,69eb8f1f108d9b87368ef89d,,,,
14083,raw_position_sample,2,3,adv,20,2,17,18,50, theft.” ,1005,258,1524472,69eb8f1f108d9b87368ef89d,69eb8f1f108d9b87368ef89d,advanced,2,69eb8f1f108d9b87368ef89d,69eb8f1f108d9b87368ef89d,spotlight_PROLIFIC,,42,brazil,Portuguese,"portuguese, english, spanish ",spanish,Portuguese:50|English:40|spanish:10,100,Portuguese:40|English:50|spanish:10,100,Portuguese:75|English:20|spanish:5,100,17,4,Bachelor's,10,10,10,6,7,9,4,20,7,17,Duolingo,150,,,,,22,25,C1,intermediate|advanced,intermediate|advanced,cambridge_22_25_intermediate_advanced,4,20,random,,241.26666259765625,993.3333129882812,265.26666259765625,1049.7666473388672,4,8,,,,,,,,,,,,2026-08-09T15:58:12.658Z,C99S394L,2026-08-09,2026-08-09,12:58:12,2026-08-09 12:58:12,,,,,,,,69eb8f1f108d9b87368ef89d,69eb8f1f108d9b87368ef89d,,,,
14133,raw_position_sample,2,3,adv,20,2,17,18,50, theft.” ,1011,258,1524522,69eb8f1f108d9b87368ef89d,69eb8f1f108d9b87368ef89d,advanced,2,69eb8f1f108d9b87368ef89d,69eb8f1f108d9b87368ef89d,spotlight_PROLIFIC,,42,brazil,Portuguese,"portuguese, english, spanish ",spanish,Portuguese:50|English:40|spanish:10,100,Portuguese:40|English:50|spanish:10,100,Portuguese:75|English:20|spanish:5,100,17,4,Bachelor's,10,10,10,6,7,9,4,20,7,17,Duolingo,150,,,,,22,25,C1,intermediate|advanced,intermediate|advanced,cambridge_22_25_intermediate_advanced,4,20,random,,241.26666259765625,993.3333129882812,265.26666259765625,1049.7666473388672,4,8,,,,,,,,,,,,2026-08-09T15:58:12.658Z,C99S394L,2026-08-09,2026-08-09,12:58:12,2026-08-09 12:58:12,,,,,,,,69eb8f1f108d9b87368ef89d,69eb8f1f108d9b87368ef89d,,,,
14183,raw_position_sample,2,3,adv,20,2,17,18,50, theft.” ,1021,257,1524571,69eb8f1f108d9b87368ef89d,69eb8f1f108d9b87368ef89d,advanced,2,69eb8f1f108d9b87368ef89d,69eb8f1f108d9b87368ef89d,spotlight_PROLIFIC,,42,brazil,Portuguese,"portuguese, english, spanish ",spanish,Portuguese:50|English:40|spanish:10,100,Portuguese:40|English:50|spanish:10,100,Portuguese:75|English:20|spanish:5,100,17,4,Bachelor's,10,10,10,6,7,9,4,20,7,17,Duolingo,150,,,,,22,25,C1,intermediate|advanced,intermediate|advanced,cambridge_22_25_intermediate_advanced,4,20,random,,241.26666259765625,993.3333129882812,265.26666259765625,1049.7666473388672,4,8,,,,,,,,,,,,2026-08-09T15:58:12.658Z,C99S394L,2026-08-09,2026-08-09,12:58:12,2026-08-09 12:58:12,,,,,,,,69eb8f1f108d9b87368ef89d,69eb8f1f108d9b87368ef89d,,,,
14234,raw_position_sample,2,3,adv,20,2,17,18,50, theft.” ,1044,257,1524622,69eb8f1f108d9b87368ef89d,69eb8f1f108d9b87368ef89d,advanced,2,69eb8f1f108d9b87368ef89d,69eb8f1f108d9b87368ef89d,spotlight_PROLIFIC,,42,brazil,Portuguese,"portuguese, english, spanish ",spanish,Portuguese:50|English:40|spanish:10,100,Portuguese:40|English:50|spanish:10,100,Portuguese:75|English:20|spanish:5,100,17,4,Bachelor's,10,10,10,6,7,9,4,20,7,17,Duolingo,150,,,,,22,25,C1,intermediate|advanced,intermediate|advanced,cambridge_22_25_intermediate_advanced,4,20,random,,241.26666259765625,993.3333129882812,265.26666259765625,1049.7666473388672,4,8,,,,,,,,,,,,2026-08-09T15:58:12.658Z,C99S394L,2026-08-09,2026-08-09,12:58:12,2026-08-09 12:58:12,,,,,,,,69eb8f1f108d9b87368ef89d,69eb8f1f108d9b87368ef89d,,,,
14234,hover_association,2,3,adv,20,2,17,18,50, theft.” ,997,256,,69eb8f1f108d9b87368ef89d,69eb8f1f108d9b87368ef89d,advanced,2,69eb8f1f108d9b87368ef89d,69eb8f1f108d9b87368ef89d,spotlight_PROLIFIC,,42,brazil,Portuguese,"portuguese, english, spanish ",spanish,Portuguese:50|English:40|spanish:10,100,Portuguese:40|English:50|spanish:10,100,Portuguese:75|English:20|spanish:5,100,17,4,Bachelor's,10,10,10,6,7,9,4,20,7,17,Duolingo,150,,,,,22,25,C1,intermediate|advanced,intermediate|advanced,cambridge_22_25_intermediate_advanced,4,20,random,,233.26666259765625,993.3333053588867,273.26666259765625,1049.7666244506836,4,8,hover,199,199,0.8978152527002115,0.5933334350585937,154,,,,,,2026-08-09T15:58:12.658Z,C99S394L,2026-08-09,2026-08-09,12:58:12,2026-08-09 12:58:12,,,,,,,,69eb8f1f108d9b87368ef89d,69eb8f1f108d9b87368ef89d,,,,
14284,raw_position_sample,2,3,adv,20,2,17,18,51, His ,1066,257,1524672,69eb8f1f108d9b87368ef89d,69eb8f1f108d9b87368ef89d,advanced,2,69eb8f1f108d9b87368ef89d,69eb8f1f108d9b87368ef89d,spotlight_PROLIFIC,,42,brazil,Portuguese,"portuguese, english, spanish ",spanish,Portuguese:50|English:40|spanish:10,100,Portuguese:40|English:50|spanish:10,100,Portuguese:75|English:20|spanish:5,100,17,4,Bachelor's,10,10,10,6,7,9,4,20,7,17,Duolingo,150,,,,,22,25,C1,intermediate|advanced,intermediate|advanced,cambridge_22_25_intermediate_advanced,4,20,random,,241.26666259765625,1049.7666015625,265.26666259765625,1081.0499420166016,4,9,,,,,,,,,,,,2026-08-09T15:58:12.658Z,C99S394L,2026-08-09,2026-08-09,12:58:12,2026-08-09 12:58:12,,,,,,,,69eb8f1f108d9b87368ef89d,69eb8f1f108d9b87368ef89d,,,,
14334,raw_position_sample,2,3,adv,20,2,17,18,51, His ,1080,257,1524722,69eb8f1f108d9b87368ef89d,69eb8f1f108d9b87368ef89d,advanced,2,69eb8f1f108d9b87368ef89d,69eb8f1f108d9b87368ef89d,spotlight_PROLIFIC,,42,brazil,Portuguese,"portuguese, english, spanish ",spanish,Portuguese:50|English:40|spanish:10,100,Portuguese:40|English:50|spanish:10,100,Portuguese:75|English:20|spanish:5,100,17,4,Bachelor's,10,10,10,6,7,9,4,20,7,17,Duolingo,150,,,,,22,25,C1,intermediate|advanced,intermediate|advanced,cambridge_22_25_intermediate_advanced,4,20,random,,241.26666259765625,1049.7666015625,265.26666259765625,1081.0499420166016,4,9,,,,,,,,,,,,2026-08-09T15:58:12.658Z,C99S394L,2026-08-09,2026-08-09,12:58:12,2026-08-09 12:58:12,,,,,,,,69eb8f1f108d9b87368ef89d,69eb8f1f108d9b87368ef89d,,,,
14334,hover_association,2,3,adv,20,2,17,18,51, His ,1052,257,,69eb8f1f108d9b87368ef89d,69eb8f1f108d9b87368ef89d,advanced,2,69eb8f1f108d9b87368ef89d,69eb8f1f108d9b87368ef89d,spotlight_PROLIFIC,,42,brazil,Portuguese,"portuguese, english, spanish ",spanish,Portuguese:50|English:40|spanish:10,100,Portuguese:40|English:50|spanish:10,100,Portuguese:75|English:20|spanish:5,100,17,4,Bachelor's,10,10,10,6,7,9,4,20,7,17,Duolingo,150,,,,,22,25,C1,intermediate|advanced,intermediate|advanced,cambridge_22_25_intermediate_advanced,4,20,random,,233.26666259765625,1049.7666244506836,273.26666259765625,1081.0499954223633,4,9,hover,100,100,0.9664359885220226,0.5933334350585937,154,,,,,,2026-08-09T15:58:12.658Z,C99S394L,2026-08-09,2026-08-09,12:58:12,2026-08-09 12:58:12,,,,,,,,69eb8f1f108d9b87368ef89d,69eb8f1f108d9b87368ef89d,,,,
14385,raw_position_sample,2,3,adv,20,2,17,18,52, article ,1095,256,1524774,69eb8f1f108d9b87368ef89d,69eb8f1f108d9b87368ef89d,advanced,2,69eb8f1f108d9b87368ef89d,69eb8f1f108d9b87368ef89d,spotlight_PROLIFIC,,42,brazil,Portuguese,"portuguese, english, spanish ",spanish,Portuguese:50|English:40|spanish:10,100,Portuguese:40|English:50|spanish:10,100,Portuguese:75|English:20|spanish:5,100,17,4,Bachelor's,10,10,10,6,7,9,4,20,7,17,Duolingo,150,,,,,22,25,C1,intermediate|advanced,intermediate|advanced,cambridge_22_25_intermediate_advanced,4,20,random,,241.26666259765625,1081.050048828125,265.26666259765625,1137.8500518798828,4,10,,,,,,,,,,,,2026-08-09T15:58:12.658Z,C99S394L,2026-08-09,2026-08-09,12:58:12,2026-08-09 12:58:12,,,,,,,,69eb8f1f108d9b87368ef89d,69eb8f1f108d9b87368ef89d,,,,
14435,raw_position_sample,2,3,adv,20,2,17,18,52, article ,1106,255,1524823,69eb8f1f108d9b87368ef89d,69eb8f1f108d9b87368ef89d,advanced,2,69eb8f1f108d9b87368ef89d,69eb8f1f108d9b87368ef89d,spotlight_PROLIFIC,,42,brazil,Portuguese,"portuguese, english, spanish ",spanish,Portuguese:50|English:40|spanish:10,100,Portuguese:40|English:50|spanish:10,100,Portuguese:75|English:20|spanish:5,100,17,4,Bachelor's,10,10,10,6,7,9,4,20,7,17,Duolingo,150,,,,,22,25,C1,intermediate|advanced,intermediate|advanced,cambridge_22_25_intermediate_advanced,4,20,random,,241.26666259765625,1081.050048828125,265.26666259765625,1137.8500518798828,4,10,,,,,,,,,,,,2026-08-09T15:58:12.658Z,C99S394L,2026-08-09,2026-08-09,12:58:12,2026-08-09 12:58:12,,,,,,,,69eb8f1f108d9b87368ef89d,69eb8f1f108d9b87368ef89d,,,,
14485,raw_position_sample,2,3,adv,20,2,17,18,52, article ,1116,255,1524873,69eb8f1f108d9b87368ef89d,69eb8f1f108d9b87368ef89d,advanced,2,69eb8f1f108d9b87368ef89d,69eb8f1f108d9b87368ef89d,spotlight_PROLIFIC,,42,brazil,Portuguese,"portuguese, english, spanish ",spanish,Portuguese:50|English:40|spanish:10,100,Portuguese:40|English:50|spanish:10,100,Portuguese:75|English:20|spanish:5,100,17,4,Bachelor's,10,10,10,6,7,9,4,20,7,17,Duolingo,150,,,,,22,25,C1,intermediate|advanced,intermediate|advanced,cambridge_22_25_intermediate_advanced,4,20,random,,241.26666259765625,1081.050048828125,265.26666259765625,1137.8500518798828,4,10,,,,,,,,,,,,2026-08-09T15:58:12.658Z,C99S394L,2026-08-09,2026-08-09,12:58:12,2026-08-09 12:58:12,,,,,,,,69eb8f1f108d9b87368ef89d,69eb8f1f108d9b87368ef89d,,,,
14536,raw_position_sample,2,3,adv,20,2,17,18,52, article ,1122,255,1524924,69eb8f1f108d9b87368ef89d,69eb8f1f108d9b87368ef89d,advanced,2,69eb8f1f108d9b87368ef89d,69eb8f1f108d9b87368ef89d,spotlight_PROLIFIC,,42,brazil,Portuguese,"portuguese, english, spanish ",spanish,Portuguese:50|English:40|spanish:10,100,Portuguese:40|English:50|spanish:10,100,Portuguese:75|English:20|spanish:5,100,17,4,Bachelor's,10,10,10,6,7,9,4,20,7,17,Duolingo,150,,,,,22,25,C1,intermediate|advanced,intermediate|advanced,cambridge_22_25_intermediate_advanced,4,20,random,,241.26666259765625,1081.050048828125,265.26666259765625,1137.8500518798828,4,10,,,,,,,,,,,,2026-08-09T15:58:12.658Z,C99S394L,2026-08-09,2026-08-09,12:58:12,2026-08-09 12:58:12,,,,,,,,69eb8f1f108d9b87368ef89d,69eb8f1f108d9b87368ef89d,,,,
14586,raw_position_sample,2,3,adv,20,2,17,18,52, article ,1126,255,1524974,69eb8f1f108d9b87368ef89d,69eb8f1f108d9b87368ef89d,advanced,2,69eb8f1f108d9b87368ef89d,69eb8f1f108d9b87368ef89d,spotlight_PROLIFIC,,42,brazil,Portuguese,"portuguese, english, spanish ",spanish,Portuguese:50|English:40|spanish:10,100,Portuguese:40|English:50|spanish:10,100,Portuguese:75|English:20|spanish:5,100,17,4,Bachelor's,10,10,10,6,7,9,4,20,7,17,Duolingo,150,,,,,22,25,C1,intermediate|advanced,intermediate|advanced,cambridge_22_25_intermediate_advanced,4,20,random,,241.26666259765625,1081.050048828125,265.26666259765625,1137.8500518798828,4,10,,,,,,,,,,,,2026-08-09T15:58:12.658Z,C99S394L,2026-08-09,2026-08-09,12:58:12,2026-08-09 12:58:12,,,,,,,,69eb8f1f108d9b87368ef89d,69eb8f1f108d9b87368ef89d,,,,
14637,raw_position_sample,2,3,adv,20,2,17,18,52, article ,1128,255,1525025,69eb8f1f108d9b87368ef89d,69eb8f1f108d9b87368ef89d,advanced,2,69eb8f1f108d9b87368ef89d,69eb8f1f108d9b87368ef89d,spotlight_PROLIFIC,,42,brazil,Portuguese,"portuguese, english, spanish ",spanish,Portuguese:50|English:40|spanish:10,100,Portuguese:40|English:50|spanish:10,100,Portuguese:75|English:20|spanish:5,100,17,4,Bachelor's,10,10,10,6,7,9,4,20,7,17,Duolingo,150,,,,,22,25,C1,intermediate|advanced,intermediate|advanced,cambridge_22_25_intermediate_advanced,4,20,random,,241.26666259765625,1081.050048828125,265.26666259765625,1137.8500518798828,4,10,,,,,,,,,,,,2026-08-09T15:58:12.658Z,C99S394L,2026-08-09,2026-08-09,12:58:12,2026-08-09 12:58:12,,,,,,,,69eb8f1f108d9b87368ef89d,69eb8f1f108d9b87368ef89d,,,,
14686,raw_position_sample,2,3,adv,20,2,17,18,52, article ,1128,255,1525075,69eb8f1f108d9b87368ef89d,69eb8f1f108d9b87368ef89d,advanced,2,69eb8f1f108d9b87368ef89d,69eb8f1f108d9b87368ef89d,spotlight_PROLIFIC,,42,brazil,Portuguese,"portuguese, english, spanish ",spanish,Portuguese:50|English:40|spanish:10,100,Portuguese:40|English:50|spanish:10,100,Portuguese:75|English:20|spanish:5,100,17,4,Bachelor's,10,10,10,6,7,9,4,20,7,17,Duolingo,150,,,,,22,25,C1,intermediate|advanced,intermediate|advanced,cambridge_22_25_intermediate_advanced,4,20,random,,241.26666259765625,1081.050048828125,265.26666259765625,1137.8500518798828,4,10,,,,,,,,,,,,2026-08-09T15:58:12.658Z,C99S394L,2026-08-09,2026-08-09,12:58:12,2026-08-09 12:58:12,,,,,,,,69eb8f1f108d9b87368ef89d,69eb8f1f108d9b87368ef89d,,,,
14737,raw_position_sample,2,3,adv,20,2,17,18,52, article ,1129,255,1525126,69eb8f1f108d9b87368ef89d,69eb8f1f108d9b87368ef89d,advanced,2,69eb8f1f108d9b87368ef89d,69eb8f1f108d9b87368ef89d,spotlight_PROLIFIC,,42,brazil,Portuguese,"portuguese, english, spanish ",spanish,Portuguese:50|English:40|spanish:10,100,Portuguese:40|English:50|spanish:10,100,Portuguese:75|English:20|spanish:5,100,17,4,Bachelor's,10,10,10,6,7,9,4,20,7,17,Duolingo,150,,,,,22,25,C1,intermediate|advanced,intermediate|advanced,cambridge_22_25_intermediate_advanced,4,20,random,,241.26666259765625,1081.050048828125,265.26666259765625,1137.8500518798828,4,10,,,,,,,,,,,,2026-08-09T15:58:12.658Z,C99S394L,2026-08-09,2026-08-09,12:58:12,2026-08-09 12:58:12,,,,,,,,69eb8f1f108d9b87368ef89d,69eb8f1f108d9b87368ef89d,,,,
14768,hover_association,2,3,adv,20,2,17,18,52, article ,1083,257,,69eb8f1f108d9b87368ef89d,69eb8f1f108d9b87368ef89d,advanced,2,69eb8f1f108d9b87368ef89d,69eb8f1f108d9b87368ef89d,spotlight_PROLIFIC,,42,brazil,Portuguese,"portuguese, english, spanish ",spanish,Portuguese:50|English:40|spanish:10,100,Portuguese:40|English:50|spanish:10,100,Portuguese:75|English:20|spanish:5,100,17,4,Bachelor's,10,10,10,6,7,9,4,20,7,17,Duolingo,150,,,,,22,25,C1,intermediate|advanced,intermediate|advanced,cambridge_22_25_intermediate_advanced,4,20,random,,233.26666259765625,1081.0499954223633,273.26666259765625,1137.8500137329102,4,10,hover,434,434,0.8617955774240916,0.5433334350585938,154,,,,,,2026-08-09T15:58:12.658Z,C99S394L,2026-08-09,2026-08-09,12:58:12,2026-08-09 12:58:12,,,,,,,,69eb8f1f108d9b87368ef89d,69eb8f1f108d9b87368ef89d,,,,
14787,raw_position_sample,2,3,adv,20,2,17,18,53, comes ,1153,255,1525175,69eb8f1f108d9b87368ef89d,69eb8f1f108d9b87368ef89d,advanced,2,69eb8f1f108d9b87368ef89d,69eb8f1f108d9b87368ef89d,spotlight_PROLIFIC,,42,brazil,Portuguese,"portuguese, english, spanish ",spanish,Portuguese:50|English:40|spanish:10,100,Portuguese:40|English:50|spanish:10,100,Portuguese:75|English:20|spanish:5,100,17,4,Bachelor's,10,10,10,6,7,9,4,20,7,17,Duolingo,150,,,,,22,25,C1,intermediate|advanced,intermediate|advanced,cambridge_22_25_intermediate_advanced,4,20,random,,241.26666259765625,1137.8499755859375,265.26666259765625,1197.6499633789062,4,11,,,,,,,,,,,,2026-08-09T15:58:12.658Z,C99S394L,2026-08-09,2026-08-09,12:58:12,2026-08-09 12:58:12,,,,,,,,69eb8f1f108d9b87368ef89d,69eb8f1f108d9b87368ef89d,,,,
14837,raw_position_sample,2,3,adv,20,2,17,18,53, comes ,1191,253,1525226,69eb8f1f108d9b87368ef89d,69eb8f1f108d9b87368ef89d,advanced,2,69eb8f1f108d9b87368ef89d,69eb8f1f108d9b87368ef89d,spotlight_PROLIFIC,,42,brazil,Portuguese,"portuguese, english, spanish ",spanish,Portuguese:50|English:40|spanish:10,100,Portuguese:40|English:50|spanish:10,100,Portuguese:75|English:20|spanish:5,100,17,4,Bachelor's,10,10,10,6,7,9,4,20,7,17,Duolingo,150,,,,,22,25,C1,intermediate|advanced,intermediate|advanced,cambridge_22_25_intermediate_advanced,4,20,random,,241.26666259765625,1137.8499755859375,265.26666259765625,1197.6499633789062,4,11,,,,,,,,,,,,2026-08-09T15:58:12.658Z,C99S394L,2026-08-09,2026-08-09,12:58:12,2026-08-09 12:58:12,,,,,,,,69eb8f1f108d9b87368ef89d,69eb8f1f108d9b87368ef89d,,,,
14867,hover_association,2,3,adv,20,2,17,18,53, comes ,1141,255,,69eb8f1f108d9b87368ef89d,69eb8f1f108d9b87368ef89d,advanced,2,69eb8f1f108d9b87368ef89d,69eb8f1f108d9b87368ef89d,spotlight_PROLIFIC,,42,brazil,Portuguese,"portuguese, english, spanish ",spanish,Portuguese:50|English:40|spanish:10,100,Portuguese:40|English:50|spanish:10,100,Portuguese:75|English:20|spanish:5,100,17,4,Bachelor's,10,10,10,6,7,9,4,20,7,17,Duolingo,150,,,,,22,25,C1,intermediate|advanced,intermediate|advanced,cambridge_22_25_intermediate_advanced,4,20,random,,233.26666259765625,1137.8500137329102,273.26666259765625,1197.6499938964844,4,11,hover,100,100,0.9891305332425461,0.49333343505859373,154,,,,,,2026-08-09T15:58:12.658Z,C99S394L,2026-08-09,2026-08-09,12:58:12,2026-08-09 12:58:12,,,,,,,,69eb8f1f108d9b87368ef89d,69eb8f1f108d9b87368ef89d,,,,
14887,raw_position_sample,2,3,adv,20,2,17,18,54, after ,1202,251,1525276,69eb8f1f108d9b87368ef89d,69eb8f1f108d9b87368ef89d,advanced,2,69eb8f1f108d9b87368ef89d,69eb8f1f108d9b87368ef89d,spotlight_PROLIFIC,,42,brazil,Portuguese,"portuguese, english, spanish ",spanish,Portuguese:50|English:40|spanish:10,100,Portuguese:40|English:50|spanish:10,100,Portuguese:75|English:20|spanish:5,100,17,4,Bachelor's,10,10,10,6,7,9,4,20,7,17,Duolingo,150,,,,,22,25,C1,intermediate|advanced,intermediate|advanced,cambridge_22_25_intermediate_advanced,4,20,random,,241.26666259765625,1197.6500244140625,265.26666259765625,1242.7166900634766,4,12,,,,,,,,,,,,2026-08-09T15:58:12.658Z,C99S394L,2026-08-09,2026-08-09,12:58:12,2026-08-09 12:58:12,,,,,,,,69eb8f1f108d9b87368ef89d,69eb8f1f108d9b87368ef89d,,,,
14938,raw_position_sample,2,3,adv,20,2,17,18,54, after ,1203,251,1525327,69eb8f1f108d9b87368ef89d,69eb8f1f108d9b87368ef89d,advanced,2,69eb8f1f108d9b87368ef89d,69eb8f1f108d9b87368ef89d,spotlight_PROLIFIC,,42,brazil,Portuguese,"portuguese, english, spanish ",spanish,Portuguese:50|English:40|spanish:10,100,Portuguese:40|English:50|spanish:10,100,Portuguese:75|English:20|spanish:5,100,17,4,Bachelor's,10,10,10,6,7,9,4,20,7,17,Duolingo,150,,,,,22,25,C1,intermediate|advanced,intermediate|advanced,cambridge_22_25_intermediate_advanced,4,20,random,,241.26666259765625,1197.6500244140625,265.26666259765625,1242.7166900634766,4,12,,,,,,,,,,,,2026-08-09T15:58:12.658Z,C99S394L,2026-08-09,2026-08-09,12:58:12,2026-08-09 12:58:12,,,,,,,,69eb8f1f108d9b87368ef89d,69eb8f1f108d9b87368ef89d,,,,
14989,raw_position_sample,2,3,adv,20,2,17,18,54, after ,1211,251,1525376,69eb8f1f108d9b87368ef89d,69eb8f1f108d9b87368ef89d,advanced,2,69eb8f1f108d9b87368ef89d,69eb8f1f108d9b87368ef89d,spotlight_PROLIFIC,,42,brazil,Portuguese,"portuguese, english, spanish ",spanish,Portuguese:50|English:40|spanish:10,100,Portuguese:40|English:50|spanish:10,100,Portuguese:75|English:20|spanish:5,100,17,4,Bachelor's,10,10,10,6,7,9,4,20,7,17,Duolingo,150,,,,,22,25,C1,intermediate|advanced,intermediate|advanced,cambridge_22_25_intermediate_advanced,4,20,random,,241.26666259765625,1197.6500244140625,265.26666259765625,1242.7166900634766,4,12,,,,,,,,,,,,2026-08-09T15:58:12.658Z,C99S394L,2026-08-09,2026-08-09,12:58:12,2026-08-09 12:58:12,,,,,,,,69eb8f1f108d9b87368ef89d,69eb8f1f108d9b87368ef89d,,,,
15039,raw_position_sample,2,3,adv,20,2,17,18,54, after ,1214,251,1525427,69eb8f1f108d9b87368ef89d,69eb8f1f108d9b87368ef89d,advanced,2,69eb8f1f108d9b87368ef89d,69eb8f1f108d9b87368ef89d,spotlight_PROLIFIC,,42,brazil,Portuguese,"portuguese, english, spanish ",spanish,Portuguese:50|English:40|spanish:10,100,Portuguese:40|English:50|spanish:10,100,Portuguese:75|English:20|spanish:5,100,17,4,Bachelor's,10,10,10,6,7,9,4,20,7,17,Duolingo,150,,,,,22,25,C1,intermediate|advanced,intermediate|advanced,cambridge_22_25_intermediate_advanced,4,20,random,,241.26666259765625,1197.6500244140625,265.26666259765625,1242.7166900634766,4,12,,,,,,,,,,,,2026-08-09T15:58:12.658Z,C99S394L,2026-08-09,2026-08-09,12:58:12,2026-08-09 12:58:12,,,,,,,,69eb8f1f108d9b87368ef89d,69eb8f1f108d9b87368ef89d,,,,
15089,raw_position_sample,2,3,adv,20,2,17,18,54, after ,1219,251,1525477,69eb8f1f108d9b87368ef89d,69eb8f1f108d9b87368ef89d,advanced,2,69eb8f1f108d9b87368ef89d,69eb8f1f108d9b87368ef89d,spotlight_PROLIFIC,,42,brazil,Portuguese,"portuguese, english, spanish ",spanish,Portuguese:50|English:40|spanish:10,100,Portuguese:40|English:50|spanish:10,100,Portuguese:75|English:20|spanish:5,100,17,4,Bachelor's,10,10,10,6,7,9,4,20,7,17,Duolingo,150,,,,,22,25,C1,intermediate|advanced,intermediate|advanced,cambridge_22_25_intermediate_advanced,4,20,random,,241.26666259765625,1197.6500244140625,265.26666259765625,1242.7166900634766,4,12,,,,,,,,,,,,2026-08-09T15:58:12.658Z,C99S394L,2026-08-09,2026-08-09,12:58:12,2026-08-09 12:58:12,,,,,,,,69eb8f1f108d9b87368ef89d,69eb8f1f108d9b87368ef89d,,,,
15139,raw_position_sample,2,3,adv,20,2,17,18,54, after ,1223,251,1525528,69eb8f1f108d9b87368ef89d,69eb8f1f108d9b87368ef89d,advanced,2,69eb8f1f108d9b87368ef89d,69eb8f1f108d9b87368ef89d,spotlight_PROLIFIC,,42,brazil,Portuguese,"portuguese, english, spanish ",spanish,Portuguese:50|English:40|spanish:10,100,Portuguese:40|English:50|spanish:10,100,Portuguese:75|English:20|spanish:5,100,17,4,Bachelor's,10,10,10,6,7,9,4,20,7,17,Duolingo,150,,,,,22,25,C1,intermediate|advanced,intermediate|advanced,cambridge_22_25_intermediate_advanced,4,20,random,,241.26666259765625,1197.6500244140625,265.26666259765625,1242.7166900634766,4,12,,,,,,,,,,,,2026-08-09T15:58:12.658Z,C99S394L,2026-08-09,2026-08-09,12:58:12,2026-08-09 12:58:12,,,,,,,,69eb8f1f108d9b87368ef89d,69eb8f1f108d9b87368ef89d,,,,
15190,raw_position_sample,2,3,adv,20,2,17,18,54, after ,1232,250,1525578,69eb8f1f108d9b87368ef89d,69eb8f1f108d9b87368ef89d,advanced,2,69eb8f1f108d9b87368ef89d,69eb8f1f108d9b87368ef89d,spotlight_PROLIFIC,,42,brazil,Portuguese,"portuguese, english, spanish ",spanish,Portuguese:50|English:40|spanish:10,100,Portuguese:40|English:50|spanish:10,100,Portuguese:75|English:20|spanish:5,100,17,4,Bachelor's,10,10,10,6,7,9,4,20,7,17,Duolingo,150,,,,,22,25,C1,intermediate|advanced,intermediate|advanced,cambridge_22_25_intermediate_advanced,4,20,random,,241.26666259765625,1197.6500244140625,265.26666259765625,1242.7166900634766,4,12,,,,,,,,,,,,2026-08-09T15:58:12.658Z,C99S394L,2026-08-09,2026-08-09,12:58:12,2026-08-09 12:58:12,,,,,,,,69eb8f1f108d9b87368ef89d,69eb8f1f108d9b87368ef89d,,,,
15234,hover_association,2,3,adv,20,2,17,18,54, after ,1201,251,,69eb8f1f108d9b87368ef89d,69eb8f1f108d9b87368ef89d,advanced,2,69eb8f1f108d9b87368ef89d,69eb8f1f108d9b87368ef89d,spotlight_PROLIFIC,,42,brazil,Portuguese,"portuguese, english, spanish ",spanish,Portuguese:50|English:40|spanish:10,100,Portuguese:40|English:50|spanish:10,100,Portuguese:75|English:20|spanish:5,100,17,4,Bachelor's,10,10,10,6,7,9,4,20,7,17,Duolingo,150,,,,,22,25,C1,intermediate|advanced,intermediate|advanced,cambridge_22_25_intermediate_advanced,4,20,random,,233.26666259765625,1197.6499938964844,273.26666259765625,1242.716682434082,4,12,hover,366,366,0.9397186142972188,0.44333343505859374,154,,,,,,2026-08-09T15:58:12.658Z,C99S394L,2026-08-09,2026-08-09,12:58:12,2026-08-09 12:58:12,,,,,,,,69eb8f1f108d9b87368ef89d,69eb8f1f108d9b87368ef89d,,,,
15239,raw_position_sample,2,3,adv,20,2,17,18,55, music ,1245,250,1525629,69eb8f1f108d9b87368ef89d,69eb8f1f108d9b87368ef89d,advanced,2,69eb8f1f108d9b87368ef89d,69eb8f1f108d9b87368ef89d,spotlight_PROLIFIC,,42,brazil,Portuguese,"portuguese, english, spanish ",spanish,Portuguese:50|English:40|spanish:10,100,Portuguese:40|English:50|spanish:10,100,Portuguese:75|English:20|spanish:5,100,17,4,Bachelor's,10,10,10,6,7,9,4,20,7,17,Duolingo,150,,,,,22,25,C1,intermediate|advanced,intermediate|advanced,cambridge_22_25_intermediate_advanced,4,20,random,,241.26666259765625,1242.7166748046875,265.26666259765625,1292.5666809082031,4,13,,,,,,,,,,,,2026-08-09T15:58:12.658Z,C99S394L,2026-08-09,2026-08-09,12:58:12,2026-08-09 12:58:12,,,,,,,,69eb8f1f108d9b87368ef89d,69eb8f1f108d9b87368ef89d,,,,
15290,raw_position_sample,2,3,adv,20,2,17,18,55, music ,1251,250,1525679,69eb8f1f108d9b87368ef89d,69eb8f1f108d9b87368ef89d,advanced,2,69eb8f1f108d9b87368ef89d,69eb8f1f108d9b87368ef89d,spotlight_PROLIFIC,,42,brazil,Portuguese,"portuguese, english, spanish ",spanish,Portuguese:50|English:40|spanish:10,100,Portuguese:40|English:50|spanish:10,100,Portuguese:75|English:20|spanish:5,100,17,4,Bachelor's,10,10,10,6,7,9,4,20,7,17,Duolingo,150,,,,,22,25,C1,intermediate|advanced,intermediate|advanced,cambridge_22_25_intermediate_advanced,4,20,random,,241.26666259765625,1242.7166748046875,265.26666259765625,1292.5666809082031,4,13,,,,,,,,,,,,2026-08-09T15:58:12.658Z,C99S394L,2026-08-09,2026-08-09,12:58:12,2026-08-09 12:58:12,,,,,,,,69eb8f1f108d9b87368ef89d,69eb8f1f108d9b87368ef89d,,,,
15341,raw_position_sample,2,3,adv,20,2,17,18,55, music ,1251,250,1525729,69eb8f1f108d9b87368ef89d,69eb8f1f108d9b87368ef89d,advanced,2,69eb8f1f108d9b87368ef89d,69eb8f1f108d9b87368ef89d,spotlight_PROLIFIC,,42,brazil,Portuguese,"portuguese, english, spanish ",spanish,Portuguese:50|English:40|spanish:10,100,Portuguese:40|English:50|spanish:10,100,Portuguese:75|English:20|spanish:5,100,17,4,Bachelor's,10,10,10,6,7,9,4,20,7,17,Duolingo,150,,,,,22,25,C1,intermediate|advanced,intermediate|advanced,cambridge_22_25_intermediate_advanced,4,20,random,,241.26666259765625,1242.7166748046875,265.26666259765625,1292.5666809082031,4,13,,,,,,,,,,,,2026-08-09T15:58:12.658Z,C99S394L,2026-08-09,2026-08-09,12:58:12,2026-08-09 12:58:12,,,,,,,,69eb8f1f108d9b87368ef89d,69eb8f1f108d9b87368ef89d,,,,
15391,raw_position_sample,2,3,adv,20,2,17,18,55, music ,1251,250,1525779,69eb8f1f108d9b87368ef89d,69eb8f1f108d9b87368ef89d,advanced,2,69eb8f1f108d9b87368ef89d,69eb8f1f108d9b87368ef89d,spotlight_PROLIFIC,,42,brazil,Portuguese,"portuguese, english, spanish ",spanish,Portuguese:50|English:40|spanish:10,100,Portuguese:40|English:50|spanish:10,100,Portuguese:75|English:20|spanish:5,100,17,4,Bachelor's,10,10,10,6,7,9,4,20,7,17,Duolingo,150,,,,,22,25,C1,intermediate|advanced,intermediate|advanced,cambridge_22_25_intermediate_advanced,4,20,random,,241.26666259765625,1242.7166748046875,265.26666259765625,1292.5666809082031,4,13,,,,,,,,,,,,2026-08-09T15:58:12.658Z,C99S394L,2026-08-09,2026-08-09,12:58:12,2026-08-09 12:58:12,,,,,,,,69eb8f1f108d9b87368ef89d,69eb8f1f108d9b87368ef89d,,,,
15442,raw_position_sample,2,3,adv,20,2,17,18,55, music ,1248,250,1525830,69eb8f1f108d9b87368ef89d,69eb8f1f108d9b87368ef89d,advanced,2,69eb8f1f108d9b87368ef89d,69eb8f1f108d9b87368ef89d,spotlight_PROLIFIC,,42,brazil,Portuguese,"portuguese, english, spanish ",spanish,Portuguese:50|English:40|spanish:10,100,Portuguese:40|English:50|spanish:10,100,Portuguese:75|English:20|spanish:5,100,17,4,Bachelor's,10,10,10,6,7,9,4,20,7,17,Duolingo,150,,,,,22,25,C1,intermediate|advanced,intermediate|advanced,cambridge_22_25_intermediate_advanced,4,20,random,,241.26666259765625,1242.7166748046875,265.26666259765625,1292.5666809082031,4,13,,,,,,,,,,,,2026-08-09T15:58:12.658Z,C99S394L,2026-08-09,2026-08-09,12:58:12,2026-08-09 12:58:12,,,,,,,,69eb8f1f108d9b87368ef89d,69eb8f1f108d9b87368ef89d,,,,
15451,hover_association,2,3,adv,20,2,17,18,55, music ,1245,250,,69eb8f1f108d9b87368ef89d,69eb8f1f108d9b87368ef89d,advanced,2,69eb8f1f108d9b87368ef89d,69eb8f1f108d9b87368ef89d,spotlight_PROLIFIC,,42,brazil,Portuguese,"portuguese, english, spanish ",spanish,Portuguese:50|English:40|spanish:10,100,Portuguese:40|English:50|spanish:10,100,Portuguese:75|English:20|spanish:5,100,17,4,Bachelor's,10,10,10,6,7,9,4,20,7,17,Duolingo,150,,,,,22,25,C1,intermediate|advanced,intermediate|advanced,cambridge_22_25_intermediate_advanced,4,20,random,,233.26666259765625,1242.716682434082,273.26666259765625,1296.1305694580078,4,13,hover,217,217,0.09891280826559959,0.41833343505859377,154,,,,,,2026-08-09T15:58:12.658Z,C99S394L,2026-08-09,2026-08-09,12:58:12,2026-08-09 12:58:12,,,,,,,,69eb8f1f108d9b87368ef89d,69eb8f1f108d9b87368ef89d,,,,
15491,raw_position_sample,2,3,adv,20,2,17,18,54, after ,1218,252,1525880,69eb8f1f108d9b87368ef89d,69eb8f1f108d9b87368ef89d,advanced,2,69eb8f1f108d9b87368ef89d,69eb8f1f108d9b87368ef89d,spotlight_PROLIFIC,,42,brazil,Portuguese,"portuguese, english, spanish ",spanish,Portuguese:50|English:40|spanish:10,100,Portuguese:40|English:50|spanish:10,100,Portuguese:75|English:20|spanish:5,100,17,4,Bachelor's,10,10,10,6,7,9,4,20,7,17,Duolingo,150,,,,,22,25,C1,intermediate|advanced,intermediate|advanced,cambridge_22_25_intermediate_advanced,4,20,random,,241.26666259765625,1197.6500244140625,265.26666259765625,1242.7166900634766,4,12,,,,,,,,,,,,2026-08-09T15:58:12.658Z,C99S394L,2026-08-09,2026-08-09,12:58:12,2026-08-09 12:58:12,,,,,,,,69eb8f1f108d9b87368ef89d,69eb8f1f108d9b87368ef89d,,,,
15517,hover_association,2,3,adv,20,2,17,18,54, after ,1242,250,,69eb8f1f108d9b87368ef89d,69eb8f1f108d9b87368ef89d,advanced,2,69eb8f1f108d9b87368ef89d,69eb8f1f108d9b87368ef89d,spotlight_PROLIFIC,,42,brazil,Portuguese,"portuguese, english, spanish ",spanish,Portuguese:50|English:40|spanish:10,100,Portuguese:40|English:50|spanish:10,100,Portuguese:75|English:20|spanish:5,100,17,4,Bachelor's,10,10,10,6,7,9,4,20,7,17,Duolingo,150,,,,,22,25,C1,intermediate|advanced,intermediate|advanced,cambridge_22_25_intermediate_advanced,4,20,random,,233.26666259765625,1197.6499938964844,273.26666259765625,1242.716682434082,4,12,hover,67,67,0.05214508054114276,0.5433334350585938,154,,,,,,2026-08-09T15:58:12.658Z,C99S394L,2026-08-09,2026-08-09,12:58:12,2026-08-09 12:58:12,,,,,,,,69eb8f1f108d9b87368ef89d,69eb8f1f108d9b87368ef89d,,,,
15541,raw_position_sample,2,3,adv,20,2,17,18,53, comes ,1156,258,1525930,69eb8f1f108d9b87368ef89d,69eb8f1f108d9b87368ef89d,advanced,2,69eb8f1f108d9b87368ef89d,69eb8f1f108d9b87368ef89d,spotlight_PROLIFIC,,42,brazil,Portuguese,"portuguese, english, spanish ",spanish,Portuguese:50|English:40|spanish:10,100,Portuguese:40|English:50|spanish:10,100,Portuguese:75|English:20|spanish:5,100,17,4,Bachelor's,10,10,10,6,7,9,4,20,7,17,Duolingo,150,,,,,22,25,C1,intermediate|advanced,intermediate|advanced,cambridge_22_25_intermediate_advanced,4,20,random,,241.26666259765625,1137.8499755859375,265.26666259765625,1197.6499633789062,4,11,,,,,,,,,,,,2026-08-09T15:58:12.658Z,C99S394L,2026-08-09,2026-08-09,12:58:12,2026-08-09 12:58:12,,,,,,,,69eb8f1f108d9b87368ef89d,69eb8f1f108d9b87368ef89d,,,,
15551,hover_association,2,3,adv,20,2,17,18,53, comes ,1181,257,,69eb8f1f108d9b87368ef89d,69eb8f1f108d9b87368ef89d,advanced,2,69eb8f1f108d9b87368ef89d,69eb8f1f108d9b87368ef89d,spotlight_PROLIFIC,,42,brazil,Portuguese,"portuguese, english, spanish ",spanish,Portuguese:50|English:40|spanish:10,100,Portuguese:40|English:50|spanish:10,100,Portuguese:75|English:20|spanish:5,100,17,4,Bachelor's,10,10,10,6,7,9,4,20,7,17,Duolingo,150,,,,,22,25,C1,intermediate|advanced,intermediate|advanced,cambridge_22_25_intermediate_advanced,4,20,random,,233.26666259765625,1137.8500137329102,273.26666259765625,1197.6499938964844,4,11,hover,33,33,0.3035115767169684,0.6183334350585937,154,,,,,,2026-08-09T15:58:12.658Z,C99S394L,2026-08-09,2026-08-09,12:58:12,2026-08-09 12:58:12,,,,,,,,69eb8f1f108d9b87368ef89d,69eb8f1f108d9b87368ef89d,,,,
15584,hover_association,2,3,adv,20,2,17,18,52, article ,1130,261,,69eb8f1f108d9b87368ef89d,69eb8f1f108d9b87368ef89d,advanced,2,69eb8f1f108d9b87368ef89d,69eb8f1f108d9b87368ef89d,spotlight_PROLIFIC,,42,brazil,Portuguese,"portuguese, english, spanish ",spanish,Portuguese:50|English:40|spanish:10,100,Portuguese:40|English:50|spanish:10,100,Portuguese:75|English:20|spanish:5,100,17,4,Bachelor's,10,10,10,6,7,9,4,20,7,17,Duolingo,150,,,,,22,25,C1,intermediate|advanced,intermediate|advanced,cambridge_22_25_intermediate_advanced,4,20,random,,233.26666259765625,1081.0499954223633,273.26666259765625,1137.8500137329102,4,10,hover,33,33,0.26320422109548397,0.7683334350585938,154,,,,,,2026-08-09T15:58:12.658Z,C99S394L,2026-08-09,2026-08-09,12:58:12,2026-08-09 12:58:12,,,,,,,,69eb8f1f108d9b87368ef89d,69eb8f1f108d9b87368ef89d,,,,
15592,raw_position_sample,2,3,adv,20,2,17,18,51, His ,1074,267,1525980,69eb8f1f108d9b87368ef89d,69eb8f1f108d9b87368ef89d,advanced,2,69eb8f1f108d9b87368ef89d,69eb8f1f108d9b87368ef89d,spotlight_PROLIFIC,,42,brazil,Portuguese,"portuguese, english, spanish ",spanish,Portuguese:50|English:40|spanish:10,100,Portuguese:40|English:50|spanish:10,100,Portuguese:75|English:20|spanish:5,100,17,4,Bachelor's,10,10,10,6,7,9,4,20,7,17,Duolingo,150,,,,,22,25,C1,intermediate|advanced,intermediate|advanced,cambridge_22_25_intermediate_advanced,4,20,random,,241.26666259765625,1049.7666015625,265.26666259765625,1081.0499420166016,4,9,,,,,,,,,,,,2026-08-09T15:58:12.658Z,C99S394L,2026-08-09,2026-08-09,12:58:12,2026-08-09 12:58:12,,,,,,,,69eb8f1f108d9b87368ef89d,69eb8f1f108d9b87368ef89d,,,,
15618,hover_association,2,3,adv,20,2,17,18,51, His ,1074,267,,69eb8f1f108d9b87368ef89d,69eb8f1f108d9b87368ef89d,advanced,2,69eb8f1f108d9b87368ef89d,69eb8f1f108d9b87368ef89d,spotlight_PROLIFIC,,42,brazil,Portuguese,"portuguese, english, spanish ",spanish,Portuguese:50|English:40|spanish:10,100,Portuguese:40|English:50|spanish:10,100,Portuguese:75|English:20|spanish:5,100,17,4,Bachelor's,10,10,10,6,7,9,4,20,7,17,Duolingo,150,,,,,22,25,C1,intermediate|advanced,intermediate|advanced,cambridge_22_25_intermediate_advanced,4,20,random,,233.26666259765625,1049.7666244506836,273.26666259765625,1081.0499954223633,4,9,hover,33,33,0.10335764493677894,0.8683334350585937,154,,,,,,2026-08-09T15:58:12.658Z,C99S394L,2026-08-09,2026-08-09,12:58:12,2026-08-09 12:58:12,,,,,,,,69eb8f1f108d9b87368ef89d,69eb8f1f108d9b87368ef89d,,,,
15642,raw_position_sample,2,3,adv,20,2,17,18,50, theft.” ,997,269,1526030,69eb8f1f108d9b87368ef89d,69eb8f1f108d9b87368ef89d,advanced,2,69eb8f1f108d9b87368ef89d,69eb8f1f108d9b87368ef89d,spotlight_PROLIFIC,,42,brazil,Portuguese,"portuguese, english, spanish ",spanish,Portuguese:50|English:40|spanish:10,100,Portuguese:40|English:50|spanish:10,100,Portuguese:75|English:20|spanish:5,100,17,4,Bachelor's,10,10,10,6,7,9,4,20,7,17,Duolingo,150,,,,,22,25,C1,intermediate|advanced,intermediate|advanced,cambridge_22_25_intermediate_advanced,4,20,random,,241.26666259765625,993.3333129882812,265.26666259765625,1049.7666473388672,4,8,,,,,,,,,,,,2026-08-09T15:58:12.658Z,C99S394L,2026-08-09,2026-08-09,12:58:12,2026-08-09 12:58:12,,,,,,,,69eb8f1f108d9b87368ef89d,69eb8f1f108d9b87368ef89d,,,,
15651,hover_association,2,3,adv,20,2,17,18,50, theft.” ,1027,269,,69eb8f1f108d9b87368ef89d,69eb8f1f108d9b87368ef89d,advanced,2,69eb8f1f108d9b87368ef89d,69eb8f1f108d9b87368ef89d,spotlight_PROLIFIC,,42,brazil,Portuguese,"portuguese, english, spanish ",spanish,Portuguese:50|English:40|spanish:10,100,Portuguese:40|English:50|spanish:10,100,Portuguese:75|English:20|spanish:5,100,17,4,Bachelor's,10,10,10,6,7,9,4,20,7,17,Duolingo,150,,,,,22,25,C1,intermediate|advanced,intermediate|advanced,cambridge_22_25_intermediate_advanced,4,20,random,,233.26666259765625,993.3333053588867,273.26666259765625,1049.7666244506836,4,8,hover,34,34,0.06497393206925996,0.8933334350585938,154,,,,,,2026-08-09T15:58:12.658Z,C99S394L,2026-08-09,2026-08-09,12:58:12,2026-08-09 12:58:12,,,,,,,,69eb8f1f108d9b87368ef89d,69eb8f1f108d9b87368ef89d,,,,
15684,hover_association,2,3,adv,20,2,17,18,48, wallet ,966,269,,69eb8f1f108d9b87368ef89d,69eb8f1f108d9b87368ef89d,advanced,2,69eb8f1f108d9b87368ef89d,69eb8f1f108d9b87368ef89d,spotlight_PROLIFIC,,42,brazil,Portuguese,"portuguese, english, spanish ",spanish,Portuguese:50|English:40|spanish:10,100,Portuguese:40|English:50|spanish:10,100,Portuguese:75|English:20|spanish:5,100,17,4,Bachelor's,10,10,10,6,7,9,4,20,7,17,Duolingo,150,,,,,22,25,C1,intermediate|advanced,intermediate|advanced,cambridge_22_25_intermediate_advanced,4,20,random,,233.26666259765625,920.5000076293945,273.26666259765625,975.3833160400391,4,6,hover,33,33,0.33707866574270556,0.9433334350585938,154,,,,,,2026-08-09T15:58:12.658Z,C99S394L,2026-08-09,2026-08-09,12:58:12,2026-08-09 12:58:12,,,,,,,,69eb8f1f108d9b87368ef89d,69eb8f1f108d9b87368ef89d,,,,
15692,raw_position_sample,2,3,adv,20,2,17,18,60, Prime ,913,274,1526080,69eb8f1f108d9b87368ef89d,69eb8f1f108d9b87368ef89d,advanced,2,69eb8f1f108d9b87368ef89d,69eb8f1f108d9b87368ef89d,spotlight_PROLIFIC,,42,brazil,Portuguese,"portuguese, english, spanish ",spanish,Portuguese:50|English:40|spanish:10,100,Portuguese:40|English:50|spanish:10,100,Portuguese:75|English:20|spanish:5,100,17,4,Bachelor's,10,10,10,6,7,9,4,20,7,17,Duolingo,150,,,,,22,25,C1,intermediate|advanced,intermediate|advanced,cambridge_22_25_intermediate_advanced,4,20,random,,281.26666259765625,864.0999755859375,305.26666259765625,918.7333068847656,5,5,,,,,,,,,,,,2026-08-09T15:58:12.658Z,C99S394L,2026-08-09,2026-08-09,12:58:12,2026-08-09 12:58:12,,,,,,,,69eb8f1f108d9b87368ef89d,69eb8f1f108d9b87368ef89d,,,,
15717,hover_association,2,3,adv,20,2,17,18,60, Prime ,913,274,,69eb8f1f108d9b87368ef89d,69eb8f1f108d9b87368ef89d,advanced,2,69eb8f1f108d9b87368ef89d,69eb8f1f108d9b87368ef89d,spotlight_PROLIFIC,,42,brazil,Portuguese,"portuguese, english, spanish ",spanish,Portuguese:50|English:40|spanish:10,100,Portuguese:40|English:50|spanish:10,100,Portuguese:75|English:20|spanish:5,100,17,4,Bachelor's,10,10,10,6,7,9,4,20,7,17,Duolingo,150,,,,,22,25,C1,intermediate|advanced,intermediate|advanced,cambridge_22_25_intermediate_advanced,4,20,random,,273.26666259765625,864.0999908447266,313.26666259765625,918.7333221435547,5,5,hover,34,34,0.4191582063707076,0.11833343505859376,154,,,,,,2026-08-09T15:58:12.658Z,C99S394L,2026-08-09,2026-08-09,12:58:12,2026-08-09 12:58:12,,,,,,,,69eb8f1f108d9b87368ef89d,69eb8f1f108d9b87368ef89d,,,,
15742,raw_position_sample,2,3,adv,20,2,17,18,59, British ,843,282,1526131,69eb8f1f108d9b87368ef89d,69eb8f1f108d9b87368ef89d,advanced,2,69eb8f1f108d9b87368ef89d,69eb8f1f108d9b87368ef89d,spotlight_PROLIFIC,,42,brazil,Portuguese,"portuguese, english, spanish ",spanish,Portuguese:50|English:40|spanish:10,100,Portuguese:40|English:50|spanish:10,100,Portuguese:75|English:20|spanish:5,100,17,4,Bachelor's,10,10,10,6,7,9,4,20,7,17,Duolingo,150,,,,,22,25,C1,intermediate|advanced,intermediate|advanced,cambridge_22_25_intermediate_advanced,4,20,random,,281.26666259765625,804.75,305.26666259765625,864.1000061035156,5,4,,,,,,,,,,,,2026-08-09T15:58:12.658Z,C99S394L,2026-08-09,2026-08-09,12:58:12,2026-08-09 12:58:12,,,,,,,,69eb8f1f108d9b87368ef89d,69eb8f1f108d9b87368ef89d,,,,
15767,hover_association,2,3,adv,20,2,17,18,59, British ,864,280,,69eb8f1f108d9b87368ef89d,69eb8f1f108d9b87368ef89d,advanced,2,69eb8f1f108d9b87368ef89d,69eb8f1f108d9b87368ef89d,spotlight_PROLIFIC,,42,brazil,Portuguese,"portuguese, english, spanish ",spanish,Portuguese:50|English:40|spanish:10,100,Portuguese:40|English:50|spanish:10,100,Portuguese:75|English:20|spanish:5,100,17,4,Bachelor's,10,10,10,6,7,9,4,20,7,17,Duolingo,150,,,,,22,25,C1,intermediate|advanced,intermediate|advanced,cambridge_22_25_intermediate_advanced,4,20,random,,273.26666259765625,804.7499923706055,313.26666259765625,864.0999908447266,5,4,hover,49,49,0.24010122992013366,0.36833343505859373,154,,,,,,2026-08-09T15:58:12.658Z,C99S394L,2026-08-09,2026-08-09,12:58:12,2026-08-09 12:58:12,,,,,,,,69eb8f1f108d9b87368ef89d,69eb8f1f108d9b87368ef89d,,,,
15784,hover_association,2,3,adv,20,2,17,18,58, met ,778,294,,69eb8f1f108d9b87368ef89d,69eb8f1f108d9b87368ef89d,advanced,2,69eb8f1f108d9b87368ef89d,69eb8f1f108d9b87368ef89d,spotlight_PROLIFIC,,42,brazil,Portuguese,"portuguese, english, spanish ",spanish,Portuguese:50|English:40|spanish:10,100,Portuguese:40|English:50|spanish:10,100,Portuguese:75|English:20|spanish:5,100,17,4,Bachelor's,10,10,10,6,7,9,4,20,7,17,Duolingo,150,,,,,22,25,C1,intermediate|advanced,intermediate|advanced,cambridge_22_25_intermediate_advanced,4,20,random,,273.26666259765625,766.5833206176758,313.26666259765625,804.7499923706055,5,3,hover,17,17,0.29912693085290754,0.5183334350585938,154,,,,,,2026-08-09T15:58:12.658Z,C99S394L,2026-08-09,2026-08-09,12:58:12,2026-08-09 12:58:12,,,,,,,,69eb8f1f108d9b87368ef89d,69eb8f1f108d9b87368ef89d,,,,
15792,raw_position_sample,2,3,adv,20,2,17,18,57, leaders ,755,297,1526181,69eb8f1f108d9b87368ef89d,69eb8f1f108d9b87368ef89d,advanced,2,69eb8f1f108d9b87368ef89d,69eb8f1f108d9b87368ef89d,spotlight_PROLIFIC,,42,brazil,Portuguese,"portuguese, english, spanish ",spanish,Portuguese:50|English:40|spanish:10,100,Portuguese:40|English:50|spanish:10,100,Portuguese:75|English:20|spanish:5,100,17,4,Bachelor's,10,10,10,6,7,9,4,20,7,17,Duolingo,150,,,,,22,25,C1,intermediate|advanced,intermediate|advanced,cambridge_22_25_intermediate_advanced,4,20,random,,281.26666259765625,699.7333374023438,305.26666259765625,766.5833282470703,5,2,,,,,,,,,,,,2026-08-09T15:58:12.658Z,C99S394L,2026-08-09,2026-08-09,12:58:12,2026-08-09 12:58:12,,,,,,,,69eb8f1f108d9b87368ef89d,69eb8f1f108d9b87368ef89d,,,,
15843,raw_position_sample,2,3,adv,20,2,17,18,57, leaders ,725,299,1526231,69eb8f1f108d9b87368ef89d,69eb8f1f108d9b87368ef89d,advanced,2,69eb8f1f108d9b87368ef89d,69eb8f1f108d9b87368ef89d,spotlight_PROLIFIC,,42,brazil,Portuguese,"portuguese, english, spanish ",spanish,Portuguese:50|English:40|spanish:10,100,Portuguese:40|English:50|spanish:10,100,Portuguese:75|English:20|spanish:5,100,17,4,Bachelor's,10,10,10,6,7,9,4,20,7,17,Duolingo,150,,,,,22,25,C1,intermediate|advanced,intermediate|advanced,cambridge_22_25_intermediate_advanced,4,20,random,,281.26666259765625,699.7333374023438,305.26666259765625,766.5833282470703,5,2,,,,,,,,,,,,2026-08-09T15:58:12.658Z,C99S394L,2026-08-09,2026-08-09,12:58:12,2026-08-09 12:58:12,,,,,,,,69eb8f1f108d9b87368ef89d,69eb8f1f108d9b87368ef89d,,,,
15884,hover_association,2,3,adv,20,2,17,18,57, leaders ,755,297,,69eb8f1f108d9b87368ef89d,69eb8f1f108d9b87368ef89d,advanced,2,69eb8f1f108d9b87368ef89d,69eb8f1f108d9b87368ef89d,spotlight_PROLIFIC,,42,brazil,Portuguese,"portuguese, english, spanish ",spanish,Portuguese:50|English:40|spanish:10,100,Portuguese:40|English:50|spanish:10,100,Portuguese:75|English:20|spanish:5,100,17,4,Bachelor's,10,10,10,6,7,9,4,20,7,17,Duolingo,150,,,,,22,25,C1,intermediate|advanced,intermediate|advanced,cambridge_22_25_intermediate_advanced,4,20,random,,273.26666259765625,699.7333526611328,313.26666259765625,766.5833206176758,5,2,hover,100,100,0.15357744592400116,0.6433334350585938,154,,,,,,2026-08-09T15:58:12.658Z,C99S394L,2026-08-09,2026-08-09,12:58:12,2026-08-09 12:58:12,,,,,,,,69eb8f1f108d9b87368ef89d,69eb8f1f108d9b87368ef89d,,,,
15892,raw_position_sample,2,3,adv,20,2,17,18,56, industry ,697,298,1526281,69eb8f1f108d9b87368ef89d,69eb8f1f108d9b87368ef89d,advanced,2,69eb8f1f108d9b87368ef89d,69eb8f1f108d9b87368ef89d,spotlight_PROLIFIC,,42,brazil,Portuguese,"portuguese, english, spanish ",spanish,Portuguese:50|English:40|spanish:10,100,Portuguese:40|English:50|spanish:10,100,Portuguese:75|English:20|spanish:5,100,17,4,Bachelor's,10,10,10,6,7,9,4,20,7,17,Duolingo,150,,,,,22,25,C1,intermediate|advanced,intermediate|advanced,cambridge_22_25_intermediate_advanced,4,20,random,,281.26666259765625,625.36669921875,305.26666259765625,699.7333679199219,5,1,,,,,,,,,,,,2026-08-09T15:58:12.658Z,C99S394L,2026-08-09,2026-08-09,12:58:12,2026-08-09 12:58:12,,,,,,,,69eb8f1f108d9b87368ef89d,69eb8f1f108d9b87368ef89d,,,,
15943,raw_position_sample,2,3,adv,20,2,17,18,56, industry ,655,294,1526332,69eb8f1f108d9b87368ef89d,69eb8f1f108d9b87368ef89d,advanced,2,69eb8f1f108d9b87368ef89d,69eb8f1f108d9b87368ef89d,spotlight_PROLIFIC,,42,brazil,Portuguese,"portuguese, english, spanish ",spanish,Portuguese:50|English:40|spanish:10,100,Portuguese:40|English:50|spanish:10,100,Portuguese:75|English:20|spanish:5,100,17,4,Bachelor's,10,10,10,6,7,9,4,20,7,17,Duolingo,150,,,,,22,25,C1,intermediate|advanced,intermediate|advanced,cambridge_22_25_intermediate_advanced,4,20,random,,281.26666259765625,625.36669921875,305.26666259765625,699.7333679199219,5,1,,,,,,,,,,,,2026-08-09T15:58:12.658Z,C99S394L,2026-08-09,2026-08-09,12:58:12,2026-08-09 12:58:12,,,,,,,,69eb8f1f108d9b87368ef89d,69eb8f1f108d9b87368ef89d,,,,
15993,raw_position_sample,2,3,adv,20,2,17,18,56, industry ,644,294,1526382,69eb8f1f108d9b87368ef89d,69eb8f1f108d9b87368ef89d,advanced,2,69eb8f1f108d9b87368ef89d,69eb8f1f108d9b87368ef89d,spotlight_PROLIFIC,,42,brazil,Portuguese,"portuguese, english, spanish ",spanish,Portuguese:50|English:40|spanish:10,100,Portuguese:40|English:50|spanish:10,100,Portuguese:75|English:20|spanish:5,100,17,4,Bachelor's,10,10,10,6,7,9,4,20,7,17,Duolingo,150,,,,,22,25,C1,intermediate|advanced,intermediate|advanced,cambridge_22_25_intermediate_advanced,4,20,random,,281.26666259765625,625.36669921875,305.26666259765625,699.7333679199219,5,1,,,,,,,,,,,,2026-08-09T15:58:12.658Z,C99S394L,2026-08-09,2026-08-09,12:58:12,2026-08-09 12:58:12,,,,,,,,69eb8f1f108d9b87368ef89d,69eb8f1f108d9b87368ef89d,,,,
16044,raw_position_sample,2,3,adv,20,2,17,18,56, industry ,644,294,1526432,69eb8f1f108d9b87368ef89d,69eb8f1f108d9b87368ef89d,advanced,2,69eb8f1f108d9b87368ef89d,69eb8f1f108d9b87368ef89d,spotlight_PROLIFIC,,42,brazil,Portuguese,"portuguese, english, spanish ",spanish,Portuguese:50|English:40|spanish:10,100,Portuguese:40|English:50|spanish:10,100,Portuguese:75|English:20|spanish:5,100,17,4,Bachelor's,10,10,10,6,7,9,4,20,7,17,Duolingo,150,,,,,22,25,C1,intermediate|advanced,intermediate|advanced,cambridge_22_25_intermediate_advanced,4,20,random,,281.26666259765625,625.36669921875,305.26666259765625,699.7333679199219,5,1,,,,,,,,,,,,2026-08-09T15:58:12.658Z,C99S394L,2026-08-09,2026-08-09,12:58:12,2026-08-09 12:58:12,,,,,,,,69eb8f1f108d9b87368ef89d,69eb8f1f108d9b87368ef89d,,,,
16094,raw_position_sample,2,3,adv,20,2,17,18,56, industry ,644,294,1526482,69eb8f1f108d9b87368ef89d,69eb8f1f108d9b87368ef89d,advanced,2,69eb8f1f108d9b87368ef89d,69eb8f1f108d9b87368ef89d,spotlight_PROLIFIC,,42,brazil,Portuguese,"portuguese, english, spanish ",spanish,Portuguese:50|English:40|spanish:10,100,Portuguese:40|English:50|spanish:10,100,Portuguese:75|English:20|spanish:5,100,17,4,Bachelor's,10,10,10,6,7,9,4,20,7,17,Duolingo,150,,,,,22,25,C1,intermediate|advanced,intermediate|advanced,cambridge_22_25_intermediate_advanced,4,20,random,,281.26666259765625,625.36669921875,305.26666259765625,699.7333679199219,5,1,,,,,,,,,,,,2026-08-09T15:58:12.658Z,C99S394L,2026-08-09,2026-08-09,12:58:12,2026-08-09 12:58:12,,,,,,,,69eb8f1f108d9b87368ef89d,69eb8f1f108d9b87368ef89d,,,,
16144,raw_position_sample,2,3,adv,20,2,17,18,56, industry ,644,294,1526532,69eb8f1f108d9b87368ef89d,69eb8f1f108d9b87368ef89d,advanced,2,69eb8f1f108d9b87368ef89d,69eb8f1f108d9b87368ef89d,spotlight_PROLIFIC,,42,brazil,Portuguese,"portuguese, english, spanish ",spanish,Portuguese:50|English:40|spanish:10,100,Portuguese:40|English:50|spanish:10,100,Portuguese:75|English:20|spanish:5,100,17,4,Bachelor's,10,10,10,6,7,9,4,20,7,17,Duolingo,150,,,,,22,25,C1,intermediate|advanced,intermediate|advanced,cambridge_22_25_intermediate_advanced,4,20,random,,281.26666259765625,625.36669921875,305.26666259765625,699.7333679199219,5,1,,,,,,,,,,,,2026-08-09T15:58:12.658Z,C99S394L,2026-08-09,2026-08-09,12:58:12,2026-08-09 12:58:12,,,,,,,,69eb8f1f108d9b87368ef89d,69eb8f1f108d9b87368ef89d,,,,
16194,raw_position_sample,2,3,adv,20,2,17,18,56, industry ,643,294,1526583,69eb8f1f108d9b87368ef89d,69eb8f1f108d9b87368ef89d,advanced,2,69eb8f1f108d9b87368ef89d,69eb8f1f108d9b87368ef89d,spotlight_PROLIFIC,,42,brazil,Portuguese,"portuguese, english, spanish ",spanish,Portuguese:50|English:40|spanish:10,100,Portuguese:40|English:50|spanish:10,100,Portuguese:75|English:20|spanish:5,100,17,4,Bachelor's,10,10,10,6,7,9,4,20,7,17,Duolingo,150,,,,,22,25,C1,intermediate|advanced,intermediate|advanced,cambridge_22_25_intermediate_advanced,4,20,random,,281.26666259765625,625.36669921875,305.26666259765625,699.7333679199219,5,1,,,,,,,,,,,,2026-08-09T15:58:12.658Z,C99S394L,2026-08-09,2026-08-09,12:58:12,2026-08-09 12:58:12,,,,,,,,69eb8f1f108d9b87368ef89d,69eb8f1f108d9b87368ef89d,,,,
16245,raw_position_sample,2,3,adv,20,2,17,18,56, industry ,641,294,1526633,69eb8f1f108d9b87368ef89d,69eb8f1f108d9b87368ef89d,advanced,2,69eb8f1f108d9b87368ef89d,69eb8f1f108d9b87368ef89d,spotlight_PROLIFIC,,42,brazil,Portuguese,"portuguese, english, spanish ",spanish,Portuguese:50|English:40|spanish:10,100,Portuguese:40|English:50|spanish:10,100,Portuguese:75|English:20|spanish:5,100,17,4,Bachelor's,10,10,10,6,7,9,4,20,7,17,Duolingo,150,,,,,22,25,C1,intermediate|advanced,intermediate|advanced,cambridge_22_25_intermediate_advanced,4,20,random,,281.26666259765625,625.36669921875,305.26666259765625,699.7333679199219,5,1,,,,,,,,,,,,2026-08-09T15:58:12.658Z,C99S394L,2026-08-09,2026-08-09,12:58:12,2026-08-09 12:58:12,,,,,,,,69eb8f1f108d9b87368ef89d,69eb8f1f108d9b87368ef89d,,,,
16295,raw_position_sample,2,3,adv,20,2,17,18,56, industry ,645,294,1526683,69eb8f1f108d9b87368ef89d,69eb8f1f108d9b87368ef89d,advanced,2,69eb8f1f108d9b87368ef89d,69eb8f1f108d9b87368ef89d,spotlight_PROLIFIC,,42,brazil,Portuguese,"portuguese, english, spanish ",spanish,Portuguese:50|English:40|spanish:10,100,Portuguese:40|English:50|spanish:10,100,Portuguese:75|English:20|spanish:5,100,17,4,Bachelor's,10,10,10,6,7,9,4,20,7,17,Duolingo,150,,,,,22,25,C1,intermediate|advanced,intermediate|advanced,cambridge_22_25_intermediate_advanced,4,20,random,,281.26666259765625,625.36669921875,305.26666259765625,699.7333679199219,5,1,,,,,,,,,,,,2026-08-09T15:58:12.658Z,C99S394L,2026-08-09,2026-08-09,12:58:12,2026-08-09 12:58:12,,,,,,,,69eb8f1f108d9b87368ef89d,69eb8f1f108d9b87368ef89d,,,,
16345,raw_position_sample,2,3,adv,20,2,17,18,56, industry ,656,296,1526733,69eb8f1f108d9b87368ef89d,69eb8f1f108d9b87368ef89d,advanced,2,69eb8f1f108d9b87368ef89d,69eb8f1f108d9b87368ef89d,spotlight_PROLIFIC,,42,brazil,Portuguese,"portuguese, english, spanish ",spanish,Portuguese:50|English:40|spanish:10,100,Portuguese:40|English:50|spanish:10,100,Portuguese:75|English:20|spanish:5,100,17,4,Bachelor's,10,10,10,6,7,9,4,20,7,17,Duolingo,150,,,,,22,25,C1,intermediate|advanced,intermediate|advanced,cambridge_22_25_intermediate_advanced,4,20,random,,281.26666259765625,625.36669921875,305.26666259765625,699.7333679199219,5,1,,,,,,,,,,,,2026-08-09T15:58:12.658Z,C99S394L,2026-08-09,2026-08-09,12:58:12,2026-08-09 12:58:12,,,,,,,,69eb8f1f108d9b87368ef89d,69eb8f1f108d9b87368ef89d,,,,
16395,raw_position_sample,2,3,adv,20,2,17,18,56, industry ,670,296,1526784,69eb8f1f108d9b87368ef89d,69eb8f1f108d9b87368ef89d,advanced,2,69eb8f1f108d9b87368ef89d,69eb8f1f108d9b87368ef89d,spotlight_PROLIFIC,,42,brazil,Portuguese,"portuguese, english, spanish ",spanish,Portuguese:50|English:40|spanish:10,100,Portuguese:40|English:50|spanish:10,100,Portuguese:75|English:20|spanish:5,100,17,4,Bachelor's,10,10,10,6,7,9,4,20,7,17,Duolingo,150,,,,,22,25,C1,intermediate|advanced,intermediate|advanced,cambridge_22_25_intermediate_advanced,4,20,random,,281.26666259765625,625.36669921875,305.26666259765625,699.7333679199219,5,1,,,,,,,,,,,,2026-08-09T15:58:12.658Z,C99S394L,2026-08-09,2026-08-09,12:58:12,2026-08-09 12:58:12,,,,,,,,69eb8f1f108d9b87368ef89d,69eb8f1f108d9b87368ef89d,,,,
16446,raw_position_sample,2,3,adv,20,2,17,18,56, industry ,685,296,1526834,69eb8f1f108d9b87368ef89d,69eb8f1f108d9b87368ef89d,advanced,2,69eb8f1f108d9b87368ef89d,69eb8f1f108d9b87368ef89d,spotlight_PROLIFIC,,42,brazil,Portuguese,"portuguese, english, spanish ",spanish,Portuguese:50|English:40|spanish:10,100,Portuguese:40|English:50|spanish:10,100,Portuguese:75|English:20|spanish:5,100,17,4,Bachelor's,10,10,10,6,7,9,4,20,7,17,Duolingo,150,,,,,22,25,C1,intermediate|advanced,intermediate|advanced,cambridge_22_25_intermediate_advanced,4,20,random,,281.26666259765625,625.36669921875,305.26666259765625,699.7333679199219,5,1,,,,,,,,,,,,2026-08-09T15:58:12.658Z,C99S394L,2026-08-09,2026-08-09,12:58:12,2026-08-09 12:58:12,,,,,,,,69eb8f1f108d9b87368ef89d,69eb8f1f108d9b87368ef89d,,,,
16468,hover_association,2,3,adv,20,2,17,18,56, industry ,697,298,,69eb8f1f108d9b87368ef89d,69eb8f1f108d9b87368ef89d,advanced,2,69eb8f1f108d9b87368ef89d,69eb8f1f108d9b87368ef89d,spotlight_PROLIFIC,,42,brazil,Portuguese,"portuguese, english, spanish ",spanish,Portuguese:50|English:40|spanish:10,100,Portuguese:40|English:50|spanish:10,100,Portuguese:75|English:20|spanish:5,100,17,4,Bachelor's,10,10,10,6,7,9,4,20,7,17,Duolingo,150,,,,,22,25,C1,intermediate|advanced,intermediate|advanced,cambridge_22_25_intermediate_advanced,4,20,random,,273.26666259765625,621.8028106689453,313.26666259765625,699.7333526611328,5,1,hover,584,584,0.9264299655235609,0.5683334350585938,154,,,,,,2026-08-09T15:58:12.658Z,C99S394L,2026-08-09,2026-08-09,12:58:12,2026-08-09 12:58:12,,,,,,,,69eb8f1f108d9b87368ef89d,69eb8f1f108d9b87368ef89d,,,,
16496,raw_position_sample,2,3,adv,20,2,17,18,57, leaders ,712,296,1526884,69eb8f1f108d9b87368ef89d,69eb8f1f108d9b87368ef89d,advanced,2,69eb8f1f108d9b87368ef89d,69eb8f1f108d9b87368ef89d,spotlight_PROLIFIC,,42,brazil,Portuguese,"portuguese, english, spanish ",spanish,Portuguese:50|English:40|spanish:10,100,Portuguese:40|English:50|spanish:10,100,Portuguese:75|English:20|spanish:5,100,17,4,Bachelor's,10,10,10,6,7,9,4,20,7,17,Duolingo,150,,,,,22,25,C1,intermediate|advanced,intermediate|advanced,cambridge_22_25_intermediate_advanced,4,20,random,,281.26666259765625,699.7333374023438,305.26666259765625,766.5833282470703,5,2,,,,,,,,,,,,2026-08-09T15:58:12.658Z,C99S394L,2026-08-09,2026-08-09,12:58:12,2026-08-09 12:58:12,,,,,,,,69eb8f1f108d9b87368ef89d,69eb8f1f108d9b87368ef89d,,,,
16546,raw_position_sample,2,3,adv,20,2,17,18,57, leaders ,727,296,1526935,69eb8f1f108d9b87368ef89d,69eb8f1f108d9b87368ef89d,advanced,2,69eb8f1f108d9b87368ef89d,69eb8f1f108d9b87368ef89d,spotlight_PROLIFIC,,42,brazil,Portuguese,"portuguese, english, spanish ",spanish,Portuguese:50|English:40|spanish:10,100,Portuguese:40|English:50|spanish:10,100,Portuguese:75|English:20|spanish:5,100,17,4,Bachelor's,10,10,10,6,7,9,4,20,7,17,Duolingo,150,,,,,22,25,C1,intermediate|advanced,intermediate|advanced,cambridge_22_25_intermediate_advanced,4,20,random,,281.26666259765625,699.7333374023438,305.26666259765625,766.5833282470703,5,2,,,,,,,,,,,,2026-08-09T15:58:12.658Z,C99S394L,2026-08-09,2026-08-09,12:58:12,2026-08-09 12:58:12,,,,,,,,69eb8f1f108d9b87368ef89d,69eb8f1f108d9b87368ef89d,,,,
16597,raw_position_sample,2,3,adv,20,2,17,18,57, leaders ,733,296,1526985,69eb8f1f108d9b87368ef89d,69eb8f1f108d9b87368ef89d,advanced,2,69eb8f1f108d9b87368ef89d,69eb8f1f108d9b87368ef89d,spotlight_PROLIFIC,,42,brazil,Portuguese,"portuguese, english, spanish ",spanish,Portuguese:50|English:40|spanish:10,100,Portuguese:40|English:50|spanish:10,100,Portuguese:75|English:20|spanish:5,100,17,4,Bachelor's,10,10,10,6,7,9,4,20,7,17,Duolingo,150,,,,,22,25,C1,intermediate|advanced,intermediate|advanced,cambridge_22_25_intermediate_advanced,4,20,random,,281.26666259765625,699.7333374023438,305.26666259765625,766.5833282470703,5,2,,,,,,,,,,,,2026-08-09T15:58:12.658Z,C99S394L,2026-08-09,2026-08-09,12:58:12,2026-08-09 12:58:12,,,,,,,,69eb8f1f108d9b87368ef89d,69eb8f1f108d9b87368ef89d,,,,
16647,raw_position_sample,2,3,adv,20,2,17,18,57, leaders ,739,296,1527036,69eb8f1f108d9b87368ef89d,69eb8f1f108d9b87368ef89d,advanced,2,69eb8f1f108d9b87368ef89d,69eb8f1f108d9b87368ef89d,spotlight_PROLIFIC,,42,brazil,Portuguese,"portuguese, english, spanish ",spanish,Portuguese:50|English:40|spanish:10,100,Portuguese:40|English:50|spanish:10,100,Portuguese:75|English:20|spanish:5,100,17,4,Bachelor's,10,10,10,6,7,9,4,20,7,17,Duolingo,150,,,,,22,25,C1,intermediate|advanced,intermediate|advanced,cambridge_22_25_intermediate_advanced,4,20,random,,281.26666259765625,699.7333374023438,305.26666259765625,766.5833282470703,5,2,,,,,,,,,,,,2026-08-09T15:58:12.658Z,C99S394L,2026-08-09,2026-08-09,12:58:12,2026-08-09 12:58:12,,,,,,,,69eb8f1f108d9b87368ef89d,69eb8f1f108d9b87368ef89d,,,,
16697,raw_position_sample,2,3,adv,20,2,17,18,57, leaders ,753,296,1527086,69eb8f1f108d9b87368ef89d,69eb8f1f108d9b87368ef89d,advanced,2,69eb8f1f108d9b87368ef89d,69eb8f1f108d9b87368ef89d,spotlight_PROLIFIC,,42,brazil,Portuguese,"portuguese, english, spanish ",spanish,Portuguese:50|English:40|spanish:10,100,Portuguese:40|English:50|spanish:10,100,Portuguese:75|English:20|spanish:5,100,17,4,Bachelor's,10,10,10,6,7,9,4,20,7,17,Duolingo,150,,,,,22,25,C1,intermediate|advanced,intermediate|advanced,cambridge_22_25_intermediate_advanced,4,20,random,,281.26666259765625,699.7333374023438,305.26666259765625,766.5833282470703,5,2,,,,,,,,,,,,2026-08-09T15:58:12.658Z,C99S394L,2026-08-09,2026-08-09,12:58:12,2026-08-09 12:58:12,,,,,,,,69eb8f1f108d9b87368ef89d,69eb8f1f108d9b87368ef89d,,,,
16734,hover_association,2,3,adv,20,2,17,18,57, leaders ,705,296,,69eb8f1f108d9b87368ef89d,69eb8f1f108d9b87368ef89d,advanced,2,69eb8f1f108d9b87368ef89d,69eb8f1f108d9b87368ef89d,spotlight_PROLIFIC,,42,brazil,Portuguese,"portuguese, english, spanish ",spanish,Portuguese:50|English:40|spanish:10,100,Portuguese:40|English:50|spanish:10,100,Portuguese:75|English:20|spanish:5,100,17,4,Bachelor's,10,10,10,6,7,9,4,20,7,17,Duolingo,150,,,,,22,25,C1,intermediate|advanced,intermediate|advanced,cambridge_22_25_intermediate_advanced,4,20,random,,273.26666259765625,699.7333526611328,313.26666259765625,766.5833206176758,5,2,hover,266,266,0.9463975716487226,0.5683334350585938,154,,,,,,2026-08-09T15:58:12.658Z,C99S394L,2026-08-09,2026-08-09,12:58:12,2026-08-09 12:58:12,,,,,,,,69eb8f1f108d9b87368ef89d,69eb8f1f108d9b87368ef89d,,,,
16747,raw_position_sample,2,3,adv,20,2,17,18,58, met ,768,296,1527136,69eb8f1f108d9b87368ef89d,69eb8f1f108d9b87368ef89d,advanced,2,69eb8f1f108d9b87368ef89d,69eb8f1f108d9b87368ef89d,spotlight_PROLIFIC,,42,brazil,Portuguese,"portuguese, english, spanish ",spanish,Portuguese:50|English:40|spanish:10,100,Portuguese:40|English:50|spanish:10,100,Portuguese:75|English:20|spanish:5,100,17,4,Bachelor's,10,10,10,6,7,9,4,20,7,17,Duolingo,150,,,,,22,25,C1,intermediate|advanced,intermediate|advanced,cambridge_22_25_intermediate_advanced,4,20,random,,281.26666259765625,766.5833129882812,305.26666259765625,804.7499847412109,5,3,,,,,,,,,,,,2026-08-09T15:58:12.658Z,C99S394L,2026-08-09,2026-08-09,12:58:12,2026-08-09 12:58:12,,,,,,,,69eb8f1f108d9b87368ef89d,69eb8f1f108d9b87368ef89d,,,,
16797,raw_position_sample,2,3,adv,20,2,17,18,58, met ,788,296,1527186,69eb8f1f108d9b87368ef89d,69eb8f1f108d9b87368ef89d,advanced,2,69eb8f1f108d9b87368ef89d,69eb8f1f108d9b87368ef89d,spotlight_PROLIFIC,,42,brazil,Portuguese,"portuguese, english, spanish ",spanish,Portuguese:50|English:40|spanish:10,100,Portuguese:40|English:50|spanish:10,100,Portuguese:75|English:20|spanish:5,100,17,4,Bachelor's,10,10,10,6,7,9,4,20,7,17,Duolingo,150,,,,,22,25,C1,intermediate|advanced,intermediate|advanced,cambridge_22_25_intermediate_advanced,4,20,random,,281.26666259765625,766.5833129882812,305.26666259765625,804.7499847412109,5,3,,,,,,,,,,,,2026-08-09T15:58:12.658Z,C99S394L,2026-08-09,2026-08-09,12:58:12,2026-08-09 12:58:12,,,,,,,,69eb8f1f108d9b87368ef89d,69eb8f1f108d9b87368ef89d,,,,
16848,raw_position_sample,2,3,adv,20,2,17,18,58, met ,802,296,1527236,69eb8f1f108d9b87368ef89d,69eb8f1f108d9b87368ef89d,advanced,2,69eb8f1f108d9b87368ef89d,69eb8f1f108d9b87368ef89d,spotlight_PROLIFIC,,42,brazil,Portuguese,"portuguese, english, spanish ",spanish,Portuguese:50|English:40|spanish:10,100,Portuguese:40|English:50|spanish:10,100,Portuguese:75|English:20|spanish:5,100,17,4,Bachelor's,10,10,10,6,7,9,4,20,7,17,Duolingo,150,,,,,22,25,C1,intermediate|advanced,intermediate|advanced,cambridge_22_25_intermediate_advanced,4,20,random,,281.26666259765625,766.5833129882812,305.26666259765625,804.7499847412109,5,3,,,,,,,,,,,,2026-08-09T15:58:12.658Z,C99S394L,2026-08-09,2026-08-09,12:58:12,2026-08-09 12:58:12,,,,,,,,69eb8f1f108d9b87368ef89d,69eb8f1f108d9b87368ef89d,,,,
16851,hover_association,2,3,adv,20,2,17,18,58, met ,768,296,,69eb8f1f108d9b87368ef89d,69eb8f1f108d9b87368ef89d,advanced,2,69eb8f1f108d9b87368ef89d,69eb8f1f108d9b87368ef89d,spotlight_PROLIFIC,,42,brazil,Portuguese,"portuguese, english, spanish ",spanish,Portuguese:50|English:40|spanish:10,100,Portuguese:40|English:50|spanish:10,100,Portuguese:75|English:20|spanish:5,100,17,4,Bachelor's,10,10,10,6,7,9,4,20,7,17,Duolingo,150,,,,,22,25,C1,intermediate|advanced,intermediate|advanced,cambridge_22_25_intermediate_advanced,4,20,random,,273.26666259765625,766.5833206176758,313.26666259765625,804.7499923706055,5,3,hover,117,117,0.9279478077520769,0.5683334350585938,154,,,,,,2026-08-09T15:58:12.658Z,C99S394L,2026-08-09,2026-08-09,12:58:12,2026-08-09 12:58:12,,,,,,,,69eb8f1f108d9b87368ef89d,69eb8f1f108d9b87368ef89d,,,,
16898,raw_position_sample,2,3,adv,20,2,17,18,59, British ,820,296,1527286,69eb8f1f108d9b87368ef89d,69eb8f1f108d9b87368ef89d,advanced,2,69eb8f1f108d9b87368ef89d,69eb8f1f108d9b87368ef89d,spotlight_PROLIFIC,,42,brazil,Portuguese,"portuguese, english, spanish ",spanish,Portuguese:50|English:40|spanish:10,100,Portuguese:40|English:50|spanish:10,100,Portuguese:75|English:20|spanish:5,100,17,4,Bachelor's,10,10,10,6,7,9,4,20,7,17,Duolingo,150,,,,,22,25,C1,intermediate|advanced,intermediate|advanced,cambridge_22_25_intermediate_advanced,4,20,random,,281.26666259765625,804.75,305.26666259765625,864.1000061035156,5,4,,,,,,,,,,,,2026-08-09T15:58:12.658Z,C99S394L,2026-08-09,2026-08-09,12:58:12,2026-08-09 12:58:12,,,,,,,,69eb8f1f108d9b87368ef89d,69eb8f1f108d9b87368ef89d,,,,
16949,raw_position_sample,2,3,adv,20,2,17,18,59, British ,832,295,1527337,69eb8f1f108d9b87368ef89d,69eb8f1f108d9b87368ef89d,advanced,2,69eb8f1f108d9b87368ef89d,69eb8f1f108d9b87368ef89d,spotlight_PROLIFIC,,42,brazil,Portuguese,"portuguese, english, spanish ",spanish,Portuguese:50|English:40|spanish:10,100,Portuguese:40|English:50|spanish:10,100,Portuguese:75|English:20|spanish:5,100,17,4,Bachelor's,10,10,10,6,7,9,4,20,7,17,Duolingo,150,,,,,22,25,C1,intermediate|advanced,intermediate|advanced,cambridge_22_25_intermediate_advanced,4,20,random,,281.26666259765625,804.75,305.26666259765625,864.1000061035156,5,4,,,,,,,,,,,,2026-08-09T15:58:12.658Z,C99S394L,2026-08-09,2026-08-09,12:58:12,2026-08-09 12:58:12,,,,,,,,69eb8f1f108d9b87368ef89d,69eb8f1f108d9b87368ef89d,,,,
16999,raw_position_sample,2,3,adv,20,2,17,18,59, British ,832,295,1527387,69eb8f1f108d9b87368ef89d,69eb8f1f108d9b87368ef89d,advanced,2,69eb8f1f108d9b87368ef89d,69eb8f1f108d9b87368ef89d,spotlight_PROLIFIC,,42,brazil,Portuguese,"portuguese, english, spanish ",spanish,Portuguese:50|English:40|spanish:10,100,Portuguese:40|English:50|spanish:10,100,Portuguese:75|English:20|spanish:5,100,17,4,Bachelor's,10,10,10,6,7,9,4,20,7,17,Duolingo,150,,,,,22,25,C1,intermediate|advanced,intermediate|advanced,cambridge_22_25_intermediate_advanced,4,20,random,,281.26666259765625,804.75,305.26666259765625,864.1000061035156,5,4,,,,,,,,,,,,2026-08-09T15:58:12.658Z,C99S394L,2026-08-09,2026-08-09,12:58:12,2026-08-09 12:58:12,,,,,,,,69eb8f1f108d9b87368ef89d,69eb8f1f108d9b87368ef89d,,,,
17050,raw_position_sample,2,3,adv,20,2,17,18,59, British ,839,294,1527437,69eb8f1f108d9b87368ef89d,69eb8f1f108d9b87368ef89d,advanced,2,69eb8f1f108d9b87368ef89d,69eb8f1f108d9b87368ef89d,spotlight_PROLIFIC,,42,brazil,Portuguese,"portuguese, english, spanish ",spanish,Portuguese:50|English:40|spanish:10,100,Portuguese:40|English:50|spanish:10,100,Portuguese:75|English:20|spanish:5,100,17,4,Bachelor's,10,10,10,6,7,9,4,20,7,17,Duolingo,150,,,,,22,25,C1,intermediate|advanced,intermediate|advanced,cambridge_22_25_intermediate_advanced,4,20,random,,281.26666259765625,804.75,305.26666259765625,864.1000061035156,5,4,,,,,,,,,,,,2026-08-09T15:58:12.658Z,C99S394L,2026-08-09,2026-08-09,12:58:12,2026-08-09 12:58:12,,,,,,,,69eb8f1f108d9b87368ef89d,69eb8f1f108d9b87368ef89d,,,,
17099,raw_position_sample,2,3,adv,20,2,17,18,59, British ,851,292,1527487,69eb8f1f108d9b87368ef89d,69eb8f1f108d9b87368ef89d,advanced,2,69eb8f1f108d9b87368ef89d,69eb8f1f108d9b87368ef89d,spotlight_PROLIFIC,,42,brazil,Portuguese,"portuguese, english, spanish ",spanish,Portuguese:50|English:40|spanish:10,100,Portuguese:40|English:50|spanish:10,100,Portuguese:75|English:20|spanish:5,100,17,4,Bachelor's,10,10,10,6,7,9,4,20,7,17,Duolingo,150,,,,,22,25,C1,intermediate|advanced,intermediate|advanced,cambridge_22_25_intermediate_advanced,4,20,random,,281.26666259765625,804.75,305.26666259765625,864.1000061035156,5,4,,,,,,,,,,,,2026-08-09T15:58:12.658Z,C99S394L,2026-08-09,2026-08-09,12:58:12,2026-08-09 12:58:12,,,,,,,,69eb8f1f108d9b87368ef89d,69eb8f1f108d9b87368ef89d,,,,
17134,hover_association,2,3,adv,20,2,17,18,59, British ,808,296,,69eb8f1f108d9b87368ef89d,69eb8f1f108d9b87368ef89d,advanced,2,69eb8f1f108d9b87368ef89d,69eb8f1f108d9b87368ef89d,spotlight_PROLIFIC,,42,brazil,Portuguese,"portuguese, english, spanish ",spanish,Portuguese:50|English:40|spanish:10,100,Portuguese:40|English:50|spanish:10,100,Portuguese:75|English:20|spanish:5,100,17,4,Bachelor's,10,10,10,6,7,9,4,20,7,17,Duolingo,150,,,,,22,25,C1,intermediate|advanced,intermediate|advanced,cambridge_22_25_intermediate_advanced,4,20,random,,273.26666259765625,804.7499923706055,313.26666259765625,864.0999908447266,5,4,hover,284,284,0.964616834057001,0.46833343505859376,154,,,,,,2026-08-09T15:58:12.658Z,C99S394L,2026-08-09,2026-08-09,12:58:12,2026-08-09 12:58:12,,,,,,,,69eb8f1f108d9b87368ef89d,69eb8f1f108d9b87368ef89d,,,,
17149,raw_position_sample,2,3,adv,20,2,17,18,60, Prime ,868,292,1527538,69eb8f1f108d9b87368ef89d,69eb8f1f108d9b87368ef89d,advanced,2,69eb8f1f108d9b87368ef89d,69eb8f1f108d9b87368ef89d,spotlight_PROLIFIC,,42,brazil,Portuguese,"portuguese, english, spanish ",spanish,Portuguese:50|English:40|spanish:10,100,Portuguese:40|English:50|spanish:10,100,Portuguese:75|English:20|spanish:5,100,17,4,Bachelor's,10,10,10,6,7,9,4,20,7,17,Duolingo,150,,,,,22,25,C1,intermediate|advanced,intermediate|advanced,cambridge_22_25_intermediate_advanced,4,20,random,,281.26666259765625,864.0999755859375,305.26666259765625,918.7333068847656,5,5,,,,,,,,,,,,2026-08-09T15:58:12.658Z,C99S394L,2026-08-09,2026-08-09,12:58:12,2026-08-09 12:58:12,,,,,,,,69eb8f1f108d9b87368ef89d,69eb8f1f108d9b87368ef89d,,,,
17200,raw_position_sample,2,3,adv,20,2,17,18,60, Prime ,880,292,1527589,69eb8f1f108d9b87368ef89d,69eb8f1f108d9b87368ef89d,advanced,2,69eb8f1f108d9b87368ef89d,69eb8f1f108d9b87368ef89d,spotlight_PROLIFIC,,42,brazil,Portuguese,"portuguese, english, spanish ",spanish,Portuguese:50|English:40|spanish:10,100,Portuguese:40|English:50|spanish:10,100,Portuguese:75|English:20|spanish:5,100,17,4,Bachelor's,10,10,10,6,7,9,4,20,7,17,Duolingo,150,,,,,22,25,C1,intermediate|advanced,intermediate|advanced,cambridge_22_25_intermediate_advanced,4,20,random,,281.26666259765625,864.0999755859375,305.26666259765625,918.7333068847656,5,5,,,,,,,,,,,,2026-08-09T15:58:12.658Z,C99S394L,2026-08-09,2026-08-09,12:58:12,2026-08-09 12:58:12,,,,,,,,69eb8f1f108d9b87368ef89d,69eb8f1f108d9b87368ef89d,,,,
17250,raw_position_sample,2,3,adv,20,2,17,18,60, Prime ,882,292,1527638,69eb8f1f108d9b87368ef89d,69eb8f1f108d9b87368ef89d,advanced,2,69eb8f1f108d9b87368ef89d,69eb8f1f108d9b87368ef89d,spotlight_PROLIFIC,,42,brazil,Portuguese,"portuguese, english, spanish ",spanish,Portuguese:50|English:40|spanish:10,100,Portuguese:40|English:50|spanish:10,100,Portuguese:75|English:20|spanish:5,100,17,4,Bachelor's,10,10,10,6,7,9,4,20,7,17,Duolingo,150,,,,,22,25,C1,intermediate|advanced,intermediate|advanced,cambridge_22_25_intermediate_advanced,4,20,random,,281.26666259765625,864.0999755859375,305.26666259765625,918.7333068847656,5,5,,,,,,,,,,,,2026-08-09T15:58:12.658Z,C99S394L,2026-08-09,2026-08-09,12:58:12,2026-08-09 12:58:12,,,,,,,,69eb8f1f108d9b87368ef89d,69eb8f1f108d9b87368ef89d,,,,
17301,raw_position_sample,2,3,adv,20,2,17,18,60, Prime ,885,291,1527688,69eb8f1f108d9b87368ef89d,69eb8f1f108d9b87368ef89d,advanced,2,69eb8f1f108d9b87368ef89d,69eb8f1f108d9b87368ef89d,spotlight_PROLIFIC,,42,brazil,Portuguese,"portuguese, english, spanish ",spanish,Portuguese:50|English:40|spanish:10,100,Portuguese:40|English:50|spanish:10,100,Portuguese:75|English:20|spanish:5,100,17,4,Bachelor's,10,10,10,6,7,9,4,20,7,17,Duolingo,150,,,,,22,25,C1,intermediate|advanced,intermediate|advanced,cambridge_22_25_intermediate_advanced,4,20,random,,281.26666259765625,864.0999755859375,305.26666259765625,918.7333068847656,5,5,,,,,,,,,,,,2026-08-09T15:58:12.658Z,C99S394L,2026-08-09,2026-08-09,12:58:12,2026-08-09 12:58:12,,,,,,,,69eb8f1f108d9b87368ef89d,69eb8f1f108d9b87368ef89d,,,,
17352,raw_position_sample,2,3,adv,20,2,17,18,60, Prime ,890,290,1527739,69eb8f1f108d9b87368ef89d,69eb8f1f108d9b87368ef89d,advanced,2,69eb8f1f108d9b87368ef89d,69eb8f1f108d9b87368ef89d,spotlight_PROLIFIC,,42,brazil,Portuguese,"portuguese, english, spanish ",spanish,Portuguese:50|English:40|spanish:10,100,Portuguese:40|English:50|spanish:10,100,Portuguese:75|English:20|spanish:5,100,17,4,Bachelor's,10,10,10,6,7,9,4,20,7,17,Duolingo,150,,,,,22,25,C1,intermediate|advanced,intermediate|advanced,cambridge_22_25_intermediate_advanced,4,20,random,,281.26666259765625,864.0999755859375,305.26666259765625,918.7333068847656,5,5,,,,,,,,,,,,2026-08-09T15:58:12.658Z,C99S394L,2026-08-09,2026-08-09,12:58:12,2026-08-09 12:58:12,,,,,,,,69eb8f1f108d9b87368ef89d,69eb8f1f108d9b87368ef89d,,,,
17402,raw_position_sample,2,3,adv,20,2,17,18,60, Prime ,897,289,1527790,69eb8f1f108d9b87368ef89d,69eb8f1f108d9b87368ef89d,advanced,2,69eb8f1f108d9b87368ef89d,69eb8f1f108d9b87368ef89d,spotlight_PROLIFIC,,42,brazil,Portuguese,"portuguese, english, spanish ",spanish,Portuguese:50|English:40|spanish:10,100,Portuguese:40|English:50|spanish:10,100,Portuguese:75|English:20|spanish:5,100,17,4,Bachelor's,10,10,10,6,7,9,4,20,7,17,Duolingo,150,,,,,22,25,C1,intermediate|advanced,intermediate|advanced,cambridge_22_25_intermediate_advanced,4,20,random,,281.26666259765625,864.0999755859375,305.26666259765625,918.7333068847656,5,5,,,,,,,,,,,,2026-08-09T15:58:12.658Z,C99S394L,2026-08-09,2026-08-09,12:58:12,2026-08-09 12:58:12,,,,,,,,69eb8f1f108d9b87368ef89d,69eb8f1f108d9b87368ef89d,,,,
17452,raw_position_sample,2,3,adv,20,2,17,18,60, Prime ,906,289,1527840,69eb8f1f108d9b87368ef89d,69eb8f1f108d9b87368ef89d,advanced,2,69eb8f1f108d9b87368ef89d,69eb8f1f108d9b87368ef89d,spotlight_PROLIFIC,,42,brazil,Portuguese,"portuguese, english, spanish ",spanish,Portuguese:50|English:40|spanish:10,100,Portuguese:40|English:50|spanish:10,100,Portuguese:75|English:20|spanish:5,100,17,4,Bachelor's,10,10,10,6,7,9,4,20,7,17,Duolingo,150,,,,,22,25,C1,intermediate|advanced,intermediate|advanced,cambridge_22_25_intermediate_advanced,4,20,random,,281.26666259765625,864.0999755859375,305.26666259765625,918.7333068847656,5,5,,,,,,,,,,,,2026-08-09T15:58:12.658Z,C99S394L,2026-08-09,2026-08-09,12:58:12,2026-08-09 12:58:12,,,,,,,,69eb8f1f108d9b87368ef89d,69eb8f1f108d9b87368ef89d,,,,
17501,hover_association,2,3,adv,20,2,17,18,60, Prime ,868,292,,69eb8f1f108d9b87368ef89d,69eb8f1f108d9b87368ef89d,advanced,2,69eb8f1f108d9b87368ef89d,69eb8f1f108d9b87368ef89d,spotlight_PROLIFIC,,42,brazil,Portuguese,"portuguese, english, spanish ",spanish,Portuguese:50|English:40|spanish:10,100,Portuguese:40|English:50|spanish:10,100,Portuguese:75|English:20|spanish:5,100,17,4,Bachelor's,10,10,10,6,7,9,4,20,7,17,Duolingo,150,,,,,22,25,C1,intermediate|advanced,intermediate|advanced,cambridge_22_25_intermediate_advanced,4,20,random,,273.26666259765625,864.0999908447266,313.26666259765625,918.7333221435547,5,5,hover,366,366,0.9316658520577022,0.36833343505859373,154,,,,,,2026-08-09T15:58:12.658Z,C99S394L,2026-08-09,2026-08-09,12:58:12,2026-08-09 12:58:12,,,,,,,,69eb8f1f108d9b87368ef89d,69eb8f1f108d9b87368ef89d,,,,
17502,raw_position_sample,2,3,adv,20,2,17,18,61, Minister ,919,287,1527890,69eb8f1f108d9b87368ef89d,69eb8f1f108d9b87368ef89d,advanced,2,69eb8f1f108d9b87368ef89d,69eb8f1f108d9b87368ef89d,spotlight_PROLIFIC,,42,brazil,Portuguese,"portuguese, english, spanish ",spanish,Portuguese:50|English:40|spanish:10,100,Portuguese:40|English:50|spanish:10,100,Portuguese:75|English:20|spanish:5,100,17,4,Bachelor's,10,10,10,6,7,9,4,20,7,17,Duolingo,150,,,,,22,25,C1,intermediate|advanced,intermediate|advanced,cambridge_22_25_intermediate_advanced,4,20,random,,281.26666259765625,918.7333374023438,305.26666259765625,992.8666687011719,5,6,,,,,,,,,,,,2026-08-09T15:58:12.658Z,C99S394L,2026-08-09,2026-08-09,12:58:12,2026-08-09 12:58:12,,,,,,,,69eb8f1f108d9b87368ef89d,69eb8f1f108d9b87368ef89d,,,,
17552,raw_position_sample,2,3,adv,20,2,17,18,61, Minister ,937,286,1527940,69eb8f1f108d9b87368ef89d,69eb8f1f108d9b87368ef89d,advanced,2,69eb8f1f108d9b87368ef89d,69eb8f1f108d9b87368ef89d,spotlight_PROLIFIC,,42,brazil,Portuguese,"portuguese, english, spanish ",spanish,Portuguese:50|English:40|spanish:10,100,Portuguese:40|English:50|spanish:10,100,Portuguese:75|English:20|spanish:5,100,17,4,Bachelor's,10,10,10,6,7,9,4,20,7,17,Duolingo,150,,,,,22,25,C1,intermediate|advanced,intermediate|advanced,cambridge_22_25_intermediate_advanced,4,20,random,,281.26666259765625,918.7333374023438,305.26666259765625,992.8666687011719,5,6,,,,,,,,,,,,2026-08-09T15:58:12.658Z,C99S394L,2026-08-09,2026-08-09,12:58:12,2026-08-09 12:58:12,,,,,,,,69eb8f1f108d9b87368ef89d,69eb8f1f108d9b87368ef89d,,,,
17602,raw_position_sample,2,3,adv,20,2,17,18,61, Minister ,965,284,1527991,69eb8f1f108d9b87368ef89d,69eb8f1f108d9b87368ef89d,advanced,2,69eb8f1f108d9b87368ef89d,69eb8f1f108d9b87368ef89d,spotlight_PROLIFIC,,42,brazil,Portuguese,"portuguese, english, spanish ",spanish,Portuguese:50|English:40|spanish:10,100,Portuguese:40|English:50|spanish:10,100,Portuguese:75|English:20|spanish:5,100,17,4,Bachelor's,10,10,10,6,7,9,4,20,7,17,Duolingo,150,,,,,22,25,C1,intermediate|advanced,intermediate|advanced,cambridge_22_25_intermediate_advanced,4,20,random,,281.26666259765625,918.7333374023438,305.26666259765625,992.8666687011719,5,6,,,,,,,,,,,,2026-08-09T15:58:12.658Z,C99S394L,2026-08-09,2026-08-09,12:58:12,2026-08-09 12:58:12,,,,,,,,69eb8f1f108d9b87368ef89d,69eb8f1f108d9b87368ef89d,,,,
17652,raw_position_sample,2,3,adv,20,2,17,18,61, Minister ,982,284,1528041,69eb8f1f108d9b87368ef89d,69eb8f1f108d9b87368ef89d,advanced,2,69eb8f1f108d9b87368ef89d,69eb8f1f108d9b87368ef89d,spotlight_PROLIFIC,,42,brazil,Portuguese,"portuguese, english, spanish ",spanish,Portuguese:50|English:40|spanish:10,100,Portuguese:40|English:50|spanish:10,100,Portuguese:75|English:20|spanish:5,100,17,4,Bachelor's,10,10,10,6,7,9,4,20,7,17,Duolingo,150,,,,,22,25,C1,intermediate|advanced,intermediate|advanced,cambridge_22_25_intermediate_advanced,4,20,random,,281.26666259765625,918.7333374023438,305.26666259765625,992.8666687011719,5,6,,,,,,,,,,,,2026-08-09T15:58:12.658Z,C99S394L,2026-08-09,2026-08-09,12:58:12,2026-08-09 12:58:12,,,,,,,,69eb8f1f108d9b87368ef89d,69eb8f1f108d9b87368ef89d,,,,
17684,hover_association,2,3,adv,20,2,17,18,61, Minister ,919,287,,69eb8f1f108d9b87368ef89d,69eb8f1f108d9b87368ef89d,advanced,2,69eb8f1f108d9b87368ef89d,69eb8f1f108d9b87368ef89d,spotlight_PROLIFIC,,42,brazil,Portuguese,"portuguese, english, spanish ",spanish,Portuguese:50|English:40|spanish:10,100,Portuguese:40|English:50|spanish:10,100,Portuguese:75|English:20|spanish:5,100,17,4,Bachelor's,10,10,10,6,7,9,4,20,7,17,Duolingo,150,,,,,22,25,C1,intermediate|advanced,intermediate|advanced,cambridge_22_25_intermediate_advanced,4,20,random,,273.26666259765625,918.7333221435547,313.26666259765625,992.8666839599609,5,6,hover,183,183,0.9478415133858773,0.26833343505859375,154,,,,,,2026-08-09T15:58:12.658Z,C99S394L,2026-08-09,2026-08-09,12:58:12,2026-08-09 12:58:12,,,,,,,,69eb8f1f108d9b87368ef89d,69eb8f1f108d9b87368ef89d,,,,
17703,raw_position_sample,2,3,adv,20,2,17,18,62, David ,1005,284,1528091,69eb8f1f108d9b87368ef89d,69eb8f1f108d9b87368ef89d,advanced,2,69eb8f1f108d9b87368ef89d,69eb8f1f108d9b87368ef89d,spotlight_PROLIFIC,,42,brazil,Portuguese,"portuguese, english, spanish ",spanish,Portuguese:50|English:40|spanish:10,100,Portuguese:40|English:50|spanish:10,100,Portuguese:75|English:20|spanish:5,100,17,4,Bachelor's,10,10,10,6,7,9,4,20,7,17,Duolingo,150,,,,,22,25,C1,intermediate|advanced,intermediate|advanced,cambridge_22_25_intermediate_advanced,4,20,random,,281.26666259765625,992.86669921875,305.26666259765625,1045.6500244140625,5,7,,,,,,,,,,,,2026-08-09T15:58:12.658Z,C99S394L,2026-08-09,2026-08-09,12:58:12,2026-08-09 12:58:12,,,,,,,,69eb8f1f108d9b87368ef89d,69eb8f1f108d9b87368ef89d,,,,
17753,raw_position_sample,2,3,adv,20,2,17,18,62, David ,1021,285,1528142,69eb8f1f108d9b87368ef89d,69eb8f1f108d9b87368ef89d,advanced,2,69eb8f1f108d9b87368ef89d,69eb8f1f108d9b87368ef89d,spotlight_PROLIFIC,,42,brazil,Portuguese,"portuguese, english, spanish ",spanish,Portuguese:50|English:40|spanish:10,100,Portuguese:40|English:50|spanish:10,100,Portuguese:75|English:20|spanish:5,100,17,4,Bachelor's,10,10,10,6,7,9,4,20,7,17,Duolingo,150,,,,,22,25,C1,intermediate|advanced,intermediate|advanced,cambridge_22_25_intermediate_advanced,4,20,random,,281.26666259765625,992.86669921875,305.26666259765625,1045.6500244140625,5,7,,,,,,,,,,,,2026-08-09T15:58:12.658Z,C99S394L,2026-08-09,2026-08-09,12:58:12,2026-08-09 12:58:12,,,,,,,,69eb8f1f108d9b87368ef89d,69eb8f1f108d9b87368ef89d,,,,
17803,raw_position_sample,2,3,adv,20,2,17,18,62, David ,1032,285,1528192,69eb8f1f108d9b87368ef89d,69eb8f1f108d9b87368ef89d,advanced,2,69eb8f1f108d9b87368ef89d,69eb8f1f108d9b87368ef89d,spotlight_PROLIFIC,,42,brazil,Portuguese,"portuguese, english, spanish ",spanish,Portuguese:50|English:40|spanish:10,100,Portuguese:40|English:50|spanish:10,100,Portuguese:75|English:20|spanish:5,100,17,4,Bachelor's,10,10,10,6,7,9,4,20,7,17,Duolingo,150,,,,,22,25,C1,intermediate|advanced,intermediate|advanced,cambridge_22_25_intermediate_advanced,4,20,random,,281.26666259765625,992.86669921875,305.26666259765625,1045.6500244140625,5,7,,,,,,,,,,,,2026-08-09T15:58:12.658Z,C99S394L,2026-08-09,2026-08-09,12:58:12,2026-08-09 12:58:12,,,,,,,,69eb8f1f108d9b87368ef89d,69eb8f1f108d9b87368ef89d,,,,
17854,raw_position_sample,2,3,adv,20,2,17,18,62, David ,1042,285,1528242,69eb8f1f108d9b87368ef89d,69eb8f1f108d9b87368ef89d,advanced,2,69eb8f1f108d9b87368ef89d,69eb8f1f108d9b87368ef89d,spotlight_PROLIFIC,,42,brazil,Portuguese,"portuguese, english, spanish ",spanish,Portuguese:50|English:40|spanish:10,100,Portuguese:40|English:50|spanish:10,100,Portuguese:75|English:20|spanish:5,100,17,4,Bachelor's,10,10,10,6,7,9,4,20,7,17,Duolingo,150,,,,,22,25,C1,intermediate|advanced,intermediate|advanced,cambridge_22_25_intermediate_advanced,4,20,random,,281.26666259765625,992.86669921875,305.26666259765625,1045.6500244140625,5,7,,,,,,,,,,,,2026-08-09T15:58:12.658Z,C99S394L,2026-08-09,2026-08-09,12:58:12,2026-08-09 12:58:12,,,,,,,,69eb8f1f108d9b87368ef89d,69eb8f1f108d9b87368ef89d,,,,
17867,hover_association,2,3,adv,20,2,17,18,62, David ,998,284,,69eb8f1f108d9b87368ef89d,69eb8f1f108d9b87368ef89d,advanced,2,69eb8f1f108d9b87368ef89d,69eb8f1f108d9b87368ef89d,spotlight_PROLIFIC,,42,brazil,Portuguese,"portuguese, english, spanish ",spanish,Portuguese:50|English:40|spanish:10,100,Portuguese:40|English:50|spanish:10,100,Portuguese:75|English:20|spanish:5,100,17,4,Bachelor's,10,10,10,6,7,9,4,20,7,17,Duolingo,150,,,,,22,25,C1,intermediate|advanced,intermediate|advanced,cambridge_22_25_intermediate_advanced,4,20,random,,273.26666259765625,992.8666839599609,313.26666259765625,1045.6500244140625,5,7,hover,184,184,0.930848931070658,0.29333343505859377,154,,,,,,2026-08-09T15:58:12.658Z,C99S394L,2026-08-09,2026-08-09,12:58:12,2026-08-09 12:58:12,,,,,,,,69eb8f1f108d9b87368ef89d,69eb8f1f108d9b87368ef89d,,,,
17904,raw_position_sample,2,3,adv,20,2,17,18,63, Cameron ,1061,285,1528293,69eb8f1f108d9b87368ef89d,69eb8f1f108d9b87368ef89d,advanced,2,69eb8f1f108d9b87368ef89d,69eb8f1f108d9b87368ef89d,spotlight_PROLIFIC,,42,brazil,Portuguese,"portuguese, english, spanish ",spanish,Portuguese:50|English:40|spanish:10,100,Portuguese:40|English:50|spanish:10,100,Portuguese:75|English:20|spanish:5,100,17,4,Bachelor's,10,10,10,6,7,9,4,20,7,17,Duolingo,150,,,,,22,25,C1,intermediate|advanced,intermediate|advanced,cambridge_22_25_intermediate_advanced,4,20,random,,281.26666259765625,1045.6500244140625,305.26666259765625,1127.86669921875,5,8,,,,,,,,,,,,2026-08-09T15:58:12.658Z,C99S394L,2026-08-09,2026-08-09,12:58:12,2026-08-09 12:58:12,,,,,,,,69eb8f1f108d9b87368ef89d,69eb8f1f108d9b87368ef89d,,,,
17954,raw_position_sample,2,3,adv,20,2,17,18,63, Cameron ,1073,285,1528343,69eb8f1f108d9b87368ef89d,69eb8f1f108d9b87368ef89d,advanced,2,69eb8f1f108d9b87368ef89d,69eb8f1f108d9b87368ef89d,spotlight_PROLIFIC,,42,brazil,Portuguese,"portuguese, english, spanish ",spanish,Portuguese:50|English:40|spanish:10,100,Portuguese:40|English:50|spanish:10,100,Portuguese:75|English:20|spanish:5,100,17,4,Bachelor's,10,10,10,6,7,9,4,20,7,17,Duolingo,150,,,,,22,25,C1,intermediate|advanced,intermediate|advanced,cambridge_22_25_intermediate_advanced,4,20,random,,281.26666259765625,1045.6500244140625,305.26666259765625,1127.86669921875,5,8,,,,,,,,,,,,2026-08-09T15:58:12.658Z,C99S394L,2026-08-09,2026-08-09,12:58:12,2026-08-09 12:58:12,,,,,,,,69eb8f1f108d9b87368ef89d,69eb8f1f108d9b87368ef89d,,,,
18004,raw_position_sample,2,3,adv,20,2,17,18,63, Cameron ,1076,285,1528393,69eb8f1f108d9b87368ef89d,69eb8f1f108d9b87368ef89d,advanced,2,69eb8f1f108d9b87368ef89d,69eb8f1f108d9b87368ef89d,spotlight_PROLIFIC,,42,brazil,Portuguese,"portuguese, english, spanish ",spanish,Portuguese:50|English:40|spanish:10,100,Portuguese:40|English:50|spanish:10,100,Portuguese:75|English:20|spanish:5,100,17,4,Bachelor's,10,10,10,6,7,9,4,20,7,17,Duolingo,150,,,,,22,25,C1,intermediate|advanced,intermediate|advanced,cambridge_22_25_intermediate_advanced,4,20,random,,281.26666259765625,1045.6500244140625,305.26666259765625,1127.86669921875,5,8,,,,,,,,,,,,2026-08-09T15:58:12.658Z,C99S394L,2026-08-09,2026-08-09,12:58:12,2026-08-09 12:58:12,,,,,,,,69eb8f1f108d9b87368ef89d,69eb8f1f108d9b87368ef89d,,,,
18055,raw_position_sample,2,3,adv,20,2,17,18,63, Cameron ,1079,285,1528444,69eb8f1f108d9b87368ef89d,69eb8f1f108d9b87368ef89d,advanced,2,69eb8f1f108d9b87368ef89d,69eb8f1f108d9b87368ef89d,spotlight_PROLIFIC,,42,brazil,Portuguese,"portuguese, english, spanish ",spanish,Portuguese:50|English:40|spanish:10,100,Portuguese:40|English:50|spanish:10,100,Portuguese:75|English:20|spanish:5,100,17,4,Bachelor's,10,10,10,6,7,9,4,20,7,17,Duolingo,150,,,,,22,25,C1,intermediate|advanced,intermediate|advanced,cambridge_22_25_intermediate_advanced,4,20,random,,281.26666259765625,1045.6500244140625,305.26666259765625,1127.86669921875,5,8,,,,,,,,,,,,2026-08-09T15:58:12.658Z,C99S394L,2026-08-09,2026-08-09,12:58:12,2026-08-09 12:58:12,,,,,,,,69eb8f1f108d9b87368ef89d,69eb8f1f108d9b87368ef89d,,,,
18105,raw_position_sample,2,3,adv,20,2,17,18,63, Cameron ,1086,286,1528494,69eb8f1f108d9b87368ef89d,69eb8f1f108d9b87368ef89d,advanced,2,69eb8f1f108d9b87368ef89d,69eb8f1f108d9b87368ef89d,spotlight_PROLIFIC,,42,brazil,Portuguese,"portuguese, english, spanish ",spanish,Portuguese:50|English:40|spanish:10,100,Portuguese:40|English:50|spanish:10,100,Portuguese:75|English:20|spanish:5,100,17,4,Bachelor's,10,10,10,6,7,9,4,20,7,17,Duolingo,150,,,,,22,25,C1,intermediate|advanced,intermediate|advanced,cambridge_22_25_intermediate_advanced,4,20,random,,281.26666259765625,1045.6500244140625,305.26666259765625,1127.86669921875,5,8,,,,,,,,,,,,2026-08-09T15:58:12.658Z,C99S394L,2026-08-09,2026-08-09,12:58:12,2026-08-09 12:58:12,,,,,,,,69eb8f1f108d9b87368ef89d,69eb8f1f108d9b87368ef89d,,,,
18155,raw_position_sample,2,3,adv,20,2,17,18,63, Cameron ,1094,286,1528544,69eb8f1f108d9b87368ef89d,69eb8f1f108d9b87368ef89d,advanced,2,69eb8f1f108d9b87368ef89d,69eb8f1f108d9b87368ef89d,spotlight_PROLIFIC,,42,brazil,Portuguese,"portuguese, english, spanish ",spanish,Portuguese:50|English:40|spanish:10,100,Portuguese:40|English:50|spanish:10,100,Portuguese:75|English:20|spanish:5,100,17,4,Bachelor's,10,10,10,6,7,9,4,20,7,17,Duolingo,150,,,,,22,25,C1,intermediate|advanced,intermediate|advanced,cambridge_22_25_intermediate_advanced,4,20,random,,281.26666259765625,1045.6500244140625,305.26666259765625,1127.86669921875,5,8,,,,,,,,,,,,2026-08-09T15:58:12.658Z,C99S394L,2026-08-09,2026-08-09,12:58:12,2026-08-09 12:58:12,,,,,,,,69eb8f1f108d9b87368ef89d,69eb8f1f108d9b87368ef89d,,,,
18205,raw_position_sample,2,3,adv,20,2,17,18,63, Cameron ,1107,286,1528594,69eb8f1f108d9b87368ef89d,69eb8f1f108d9b87368ef89d,advanced,2,69eb8f1f108d9b87368ef89d,69eb8f1f108d9b87368ef89d,spotlight_PROLIFIC,,42,brazil,Portuguese,"portuguese, english, spanish ",spanish,Portuguese:50|English:40|spanish:10,100,Portuguese:40|English:50|spanish:10,100,Portuguese:75|English:20|spanish:5,100,17,4,Bachelor's,10,10,10,6,7,9,4,20,7,17,Duolingo,150,,,,,22,25,C1,intermediate|advanced,intermediate|advanced,cambridge_22_25_intermediate_advanced,4,20,random,,281.26666259765625,1045.6500244140625,305.26666259765625,1127.86669921875,5,8,,,,,,,,,,,,2026-08-09T15:58:12.658Z,C99S394L,2026-08-09,2026-08-09,12:58:12,2026-08-09 12:58:12,,,,,,,,69eb8f1f108d9b87368ef89d,69eb8f1f108d9b87368ef89d,,,,
18256,raw_position_sample,2,3,adv,20,2,17,18,63, Cameron ,1122,286,1528644,69eb8f1f108d9b87368ef89d,69eb8f1f108d9b87368ef89d,advanced,2,69eb8f1f108d9b87368ef89d,69eb8f1f108d9b87368ef89d,spotlight_PROLIFIC,,42,brazil,Portuguese,"portuguese, english, spanish ",spanish,Portuguese:50|English:40|spanish:10,100,Portuguese:40|English:50|spanish:10,100,Portuguese:75|English:20|spanish:5,100,17,4,Bachelor's,10,10,10,6,7,9,4,20,7,17,Duolingo,150,,,,,22,25,C1,intermediate|advanced,intermediate|advanced,cambridge_22_25_intermediate_advanced,4,20,random,,281.26666259765625,1045.6500244140625,305.26666259765625,1127.86669921875,5,8,,,,,,,,,,,,2026-08-09T15:58:12.658Z,C99S394L,2026-08-09,2026-08-09,12:58:12,2026-08-09 12:58:12,,,,,,,,69eb8f1f108d9b87368ef89d,69eb8f1f108d9b87368ef89d,,,,
18268,hover_association,2,3,adv,20,2,17,18,63, Cameron ,1049,285,,69eb8f1f108d9b87368ef89d,69eb8f1f108d9b87368ef89d,advanced,2,69eb8f1f108d9b87368ef89d,69eb8f1f108d9b87368ef89d,spotlight_PROLIFIC,,42,brazil,Portuguese,"portuguese, english, spanish ",spanish,Portuguese:50|English:40|spanish:10,100,Portuguese:40|English:50|spanish:10,100,Portuguese:75|English:20|spanish:5,100,17,4,Bachelor's,10,10,10,6,7,9,4,20,7,17,Duolingo,150,,,,,22,25,C1,intermediate|advanced,intermediate|advanced,cambridge_22_25_intermediate_advanced,4,20,random,,273.26666259765625,1045.6500244140625,313.26666259765625,1127.86669921875,5,8,hover,399,399,0.9286434384182184,0.31833343505859374,154,,,,,,2026-08-09T15:58:12.658Z,C99S394L,2026-08-09,2026-08-09,12:58:12,2026-08-09 12:58:12,,,,,,,,69eb8f1f108d9b87368ef89d,69eb8f1f108d9b87368ef89d,,,,
18306,raw_position_sample,2,3,adv,20,2,17,18,64, in ,1137,286,1528695,69eb8f1f108d9b87368ef89d,69eb8f1f108d9b87368ef89d,advanced,2,69eb8f1f108d9b87368ef89d,69eb8f1f108d9b87368ef89d,spotlight_PROLIFIC,,42,brazil,Portuguese,"portuguese, english, spanish ",spanish,Portuguese:50|English:40|spanish:10,100,Portuguese:40|English:50|spanish:10,100,Portuguese:75|English:20|spanish:5,100,17,4,Bachelor's,10,10,10,6,7,9,4,20,7,17,Duolingo,150,,,,,22,25,C1,intermediate|advanced,intermediate|advanced,cambridge_22_25_intermediate_advanced,4,20,random,,281.26666259765625,1127.86669921875,305.26666259765625,1148.3166961669922,5,9,,,,,,,,,,,,2026-08-09T15:58:12.658Z,C99S394L,2026-08-09,2026-08-09,12:58:12,2026-08-09 12:58:12,,,,,,,,69eb8f1f108d9b87368ef89d,69eb8f1f108d9b87368ef89d,,,,
18351,hover_association,2,3,adv,20,2,17,18,64, in ,1128,286,,69eb8f1f108d9b87368ef89d,69eb8f1f108d9b87368ef89d,advanced,2,69eb8f1f108d9b87368ef89d,69eb8f1f108d9b87368ef89d,spotlight_PROLIFIC,,42,brazil,Portuguese,"portuguese, english, spanish ",spanish,Portuguese:50|English:40|spanish:10,100,Portuguese:40|English:50|spanish:10,100,Portuguese:75|English:20|spanish:5,100,17,4,Bachelor's,10,10,10,6,7,9,4,20,7,17,Duolingo,150,,,,,22,25,C1,intermediate|advanced,intermediate|advanced,cambridge_22_25_intermediate_advanced,4,20,random,,273.26666259765625,1127.86669921875,313.26666259765625,1148.3166732788086,5,9,hover,84,84,0.8867150993930426,0.31833343505859374,154,,,,,,2026-08-09T15:58:12.658Z,C99S394L,2026-08-09,2026-08-09,12:58:12,2026-08-09 12:58:12,,,,,,,,69eb8f1f108d9b87368ef89d,69eb8f1f108d9b87368ef89d,,,,
18356,raw_position_sample,2,3,adv,20,2,17,18,65, Downing ,1150,286,1528745,69eb8f1f108d9b87368ef89d,69eb8f1f108d9b87368ef89d,advanced,2,69eb8f1f108d9b87368ef89d,69eb8f1f108d9b87368ef89d,spotlight_PROLIFIC,,42,brazil,Portuguese,"portuguese, english, spanish ",spanish,Portuguese:50|English:40|spanish:10,100,Portuguese:40|English:50|spanish:10,100,Portuguese:75|English:20|spanish:5,100,17,4,Bachelor's,10,10,10,6,7,9,4,20,7,17,Duolingo,150,,,,,22,25,C1,intermediate|advanced,intermediate|advanced,cambridge_22_25_intermediate_advanced,4,20,random,,281.26666259765625,1148.316650390625,305.26666259765625,1228.7666473388672,5,10,,,,,,,,,,,,2026-08-09T15:58:12.658Z,C99S394L,2026-08-09,2026-08-09,12:58:12,2026-08-09 12:58:12,,,,,,,,69eb8f1f108d9b87368ef89d,69eb8f1f108d9b87368ef89d,,,,
18407,raw_position_sample,2,3,adv,20,2,17,18,65, Downing ,1170,288,1528795,69eb8f1f108d9b87368ef89d,69eb8f1f108d9b87368ef89d,advanced,2,69eb8f1f108d9b87368ef89d,69eb8f1f108d9b87368ef89d,spotlight_PROLIFIC,,42,brazil,Portuguese,"portuguese, english, spanish ",spanish,Portuguese:50|English:40|spanish:10,100,Portuguese:40|English:50|spanish:10,100,Portuguese:75|English:20|spanish:5,100,17,4,Bachelor's,10,10,10,6,7,9,4,20,7,17,Duolingo,150,,,,,22,25,C1,intermediate|advanced,intermediate|advanced,cambridge_22_25_intermediate_advanced,4,20,random,,281.26666259765625,1148.316650390625,305.26666259765625,1228.7666473388672,5,10,,,,,,,,,,,,2026-08-09T15:58:12.658Z,C99S394L,2026-08-09,2026-08-09,12:58:12,2026-08-09 12:58:12,,,,,,,,69eb8f1f108d9b87368ef89d,69eb8f1f108d9b87368ef89d,,,,
18457,raw_position_sample,2,3,adv,20,2,17,18,65, Downing ,1180,288,1528845,69eb8f1f108d9b87368ef89d,69eb8f1f108d9b87368ef89d,advanced,2,69eb8f1f108d9b87368ef89d,69eb8f1f108d9b87368ef89d,spotlight_PROLIFIC,,42,brazil,Portuguese,"portuguese, english, spanish ",spanish,Portuguese:50|English:40|spanish:10,100,Portuguese:40|English:50|spanish:10,100,Portuguese:75|English:20|spanish:5,100,17,4,Bachelor's,10,10,10,6,7,9,4,20,7,17,Duolingo,150,,,,,22,25,C1,intermediate|advanced,intermediate|advanced,cambridge_22_25_intermediate_advanced,4,20,random,,281.26666259765625,1148.316650390625,305.26666259765625,1228.7666473388672,5,10,,,,,,,,,,,,2026-08-09T15:58:12.658Z,C99S394L,2026-08-09,2026-08-09,12:58:12,2026-08-09 12:58:12,,,,,,,,69eb8f1f108d9b87368ef89d,69eb8f1f108d9b87368ef89d,,,,
18508,raw_position_sample,2,3,adv,20,2,17,18,65, Downing ,1187,288,1528895,69eb8f1f108d9b87368ef89d,69eb8f1f108d9b87368ef89d,advanced,2,69eb8f1f108d9b87368ef89d,69eb8f1f108d9b87368ef89d,spotlight_PROLIFIC,,42,brazil,Portuguese,"portuguese, english, spanish ",spanish,Portuguese:50|English:40|spanish:10,100,Portuguese:40|English:50|spanish:10,100,Portuguese:75|English:20|spanish:5,100,17,4,Bachelor's,10,10,10,6,7,9,4,20,7,17,Duolingo,150,,,,,22,25,C1,intermediate|advanced,intermediate|advanced,cambridge_22_25_intermediate_advanced,4,20,random,,281.26666259765625,1148.316650390625,305.26666259765625,1228.7666473388672,5,10,,,,,,,,,,,,2026-08-09T15:58:12.658Z,C99S394L,2026-08-09,2026-08-09,12:58:12,2026-08-09 12:58:12,,,,,,,,69eb8f1f108d9b87368ef89d,69eb8f1f108d9b87368ef89d,,,,
18558,raw_position_sample,2,3,adv,20,2,17,18,65, Downing ,1194,289,1528946,69eb8f1f108d9b87368ef89d,69eb8f1f108d9b87368ef89d,advanced,2,69eb8f1f108d9b87368ef89d,69eb8f1f108d9b87368ef89d,spotlight_PROLIFIC,,42,brazil,Portuguese,"portuguese, english, spanish ",spanish,Portuguese:50|English:40|spanish:10,100,Portuguese:40|English:50|spanish:10,100,Portuguese:75|English:20|spanish:5,100,17,4,Bachelor's,10,10,10,6,7,9,4,20,7,17,Duolingo,150,,,,,22,25,C1,intermediate|advanced,intermediate|advanced,cambridge_22_25_intermediate_advanced,4,20,random,,281.26666259765625,1148.316650390625,305.26666259765625,1228.7666473388672,5,10,,,,,,,,,,,,2026-08-09T15:58:12.658Z,C99S394L,2026-08-09,2026-08-09,12:58:12,2026-08-09 12:58:12,,,,,,,,69eb8f1f108d9b87368ef89d,69eb8f1f108d9b87368ef89d,,,,
18608,raw_position_sample,2,3,adv,20,2,17,18,65, Downing ,1207,290,1528996,69eb8f1f108d9b87368ef89d,69eb8f1f108d9b87368ef89d,advanced,2,69eb8f1f108d9b87368ef89d,69eb8f1f108d9b87368ef89d,spotlight_PROLIFIC,,42,brazil,Portuguese,"portuguese, english, spanish ",spanish,Portuguese:50|English:40|spanish:10,100,Portuguese:40|English:50|spanish:10,100,Portuguese:75|English:20|spanish:5,100,17,4,Bachelor's,10,10,10,6,7,9,4,20,7,17,Duolingo,150,,,,,22,25,C1,intermediate|advanced,intermediate|advanced,cambridge_22_25_intermediate_advanced,4,20,random,,281.26666259765625,1148.316650390625,305.26666259765625,1228.7666473388672,5,10,,,,,,,,,,,,2026-08-09T15:58:12.658Z,C99S394L,2026-08-09,2026-08-09,12:58:12,2026-08-09 12:58:12,,,,,,,,69eb8f1f108d9b87368ef89d,69eb8f1f108d9b87368ef89d,,,,
18658,raw_position_sample,2,3,adv,20,2,17,18,65, Downing ,1218,290,1529047,69eb8f1f108d9b87368ef89d,69eb8f1f108d9b87368ef89d,advanced,2,69eb8f1f108d9b87368ef89d,69eb8f1f108d9b87368ef89d,spotlight_PROLIFIC,,42,brazil,Portuguese,"portuguese, english, spanish ",spanish,Portuguese:50|English:40|spanish:10,100,Portuguese:40|English:50|spanish:10,100,Portuguese:75|English:20|spanish:5,100,17,4,Bachelor's,10,10,10,6,7,9,4,20,7,17,Duolingo,150,,,,,22,25,C1,intermediate|advanced,intermediate|advanced,cambridge_22_25_intermediate_advanced,4,20,random,,281.26666259765625,1148.316650390625,305.26666259765625,1228.7666473388672,5,10,,,,,,,,,,,,2026-08-09T15:58:12.658Z,C99S394L,2026-08-09,2026-08-09,12:58:12,2026-08-09 12:58:12,,,,,,,,69eb8f1f108d9b87368ef89d,69eb8f1f108d9b87368ef89d,,,,
18701,hover_association,2,3,adv,20,2,17,18,65, Downing ,1150,286,,69eb8f1f108d9b87368ef89d,69eb8f1f108d9b87368ef89d,advanced,2,69eb8f1f108d9b87368ef89d,69eb8f1f108d9b87368ef89d,spotlight_PROLIFIC,,42,brazil,Portuguese,"portuguese, english, spanish ",spanish,Portuguese:50|English:40|spanish:10,100,Portuguese:40|English:50|spanish:10,100,Portuguese:75|English:20|spanish:5,100,17,4,Bachelor's,10,10,10,6,7,9,4,20,7,17,Duolingo,150,,,,,22,25,C1,intermediate|advanced,intermediate|advanced,cambridge_22_25_intermediate_advanced,4,20,random,,273.26666259765625,1148.3166732788086,313.26666259765625,1228.7666244506836,5,10,hover,350,350,0.9780407020147304,0.41833343505859377,154,,,,,,2026-08-09T15:58:12.658Z,C99S394L,2026-08-09,2026-08-09,12:58:12,2026-08-09 12:58:12,,,,,,,,69eb8f1f108d9b87368ef89d,69eb8f1f108d9b87368ef89d,,,,
18708,raw_position_sample,2,3,adv,20,2,17,18,66," Street, ",1231,290,1529096,69eb8f1f108d9b87368ef89d,69eb8f1f108d9b87368ef89d,advanced,2,69eb8f1f108d9b87368ef89d,69eb8f1f108d9b87368ef89d,spotlight_PROLIFIC,,42,brazil,Portuguese,"portuguese, english, spanish ",spanish,Portuguese:50|English:40|spanish:10,100,Portuguese:40|English:50|spanish:10,100,Portuguese:75|English:20|spanish:5,100,17,4,Bachelor's,10,10,10,6,7,9,4,20,7,17,Duolingo,150,,,,,22,25,C1,intermediate|advanced,intermediate|advanced,cambridge_22_25_intermediate_advanced,4,20,random,,281.26666259765625,1228.7666015625,305.26666259765625,1283.833267211914,5,11,,,,,,,,,,,,2026-08-09T15:58:12.658Z,C99S394L,2026-08-09,2026-08-09,12:58:12,2026-08-09 12:58:12,,,,,,,,69eb8f1f108d9b87368ef89d,69eb8f1f108d9b87368ef89d,,,,
18759,raw_position_sample,2,3,adv,20,2,17,18,66," Street, ",1240,290,1529147,69eb8f1f108d9b87368ef89d,69eb8f1f108d9b87368ef89d,advanced,2,69eb8f1f108d9b87368ef89d,69eb8f1f108d9b87368ef89d,spotlight_PROLIFIC,,42,brazil,Portuguese,"portuguese, english, spanish ",spanish,Portuguese:50|English:40|spanish:10,100,Portuguese:40|English:50|spanish:10,100,Portuguese:75|English:20|spanish:5,100,17,4,Bachelor's,10,10,10,6,7,9,4,20,7,17,Duolingo,150,,,,,22,25,C1,intermediate|advanced,intermediate|advanced,cambridge_22_25_intermediate_advanced,4,20,random,,281.26666259765625,1228.7666015625,305.26666259765625,1283.833267211914,5,11,,,,,,,,,,,,2026-08-09T15:58:12.658Z,C99S394L,2026-08-09,2026-08-09,12:58:12,2026-08-09 12:58:12,,,,,,,,69eb8f1f108d9b87368ef89d,69eb8f1f108d9b87368ef89d,,,,
18809,raw_position_sample,2,3,adv,20,2,17,18,66," Street, ",1250,290,1529197,69eb8f1f108d9b87368ef89d,69eb8f1f108d9b87368ef89d,advanced,2,69eb8f1f108d9b87368ef89d,69eb8f1f108d9b87368ef89d,spotlight_PROLIFIC,,42,brazil,Portuguese,"portuguese, english, spanish ",spanish,Portuguese:50|English:40|spanish:10,100,Portuguese:40|English:50|spanish:10,100,Portuguese:75|English:20|spanish:5,100,17,4,Bachelor's,10,10,10,6,7,9,4,20,7,17,Duolingo,150,,,,,22,25,C1,intermediate|advanced,intermediate|advanced,cambridge_22_25_intermediate_advanced,4,20,random,,281.26666259765625,1228.7666015625,305.26666259765625,1283.833267211914,5,11,,,,,,,,,,,,2026-08-09T15:58:12.658Z,C99S394L,2026-08-09,2026-08-09,12:58:12,2026-08-09 12:58:12,,,,,,,,69eb8f1f108d9b87368ef89d,69eb8f1f108d9b87368ef89d,,,,
18860,raw_position_sample,2,3,adv,20,2,17,18,66," Street, ",1263,290,1529248,69eb8f1f108d9b87368ef89d,69eb8f1f108d9b87368ef89d,advanced,2,69eb8f1f108d9b87368ef89d,69eb8f1f108d9b87368ef89d,spotlight_PROLIFIC,,42,brazil,Portuguese,"portuguese, english, spanish ",spanish,Portuguese:50|English:40|spanish:10,100,Portuguese:40|English:50|spanish:10,100,Portuguese:75|English:20|spanish:5,100,17,4,Bachelor's,10,10,10,6,7,9,4,20,7,17,Duolingo,150,,,,,22,25,C1,intermediate|advanced,intermediate|advanced,cambridge_22_25_intermediate_advanced,4,20,random,,281.26666259765625,1228.7666015625,305.26666259765625,1283.833267211914,5,11,,,,,,,,,,,,2026-08-09T15:58:12.658Z,C99S394L,2026-08-09,2026-08-09,12:58:12,2026-08-09 12:58:12,,,,,,,,69eb8f1f108d9b87368ef89d,69eb8f1f108d9b87368ef89d,,,,
18909,raw_position_sample,2,3,adv,20,2,17,18,66," Street, ",1268,290,1529298,69eb8f1f108d9b87368ef89d,69eb8f1f108d9b87368ef89d,advanced,2,69eb8f1f108d9b87368ef89d,69eb8f1f108d9b87368ef89d,spotlight_PROLIFIC,,42,brazil,Portuguese,"portuguese, english, spanish ",spanish,Portuguese:50|English:40|spanish:10,100,Portuguese:40|English:50|spanish:10,100,Portuguese:75|English:20|spanish:5,100,17,4,Bachelor's,10,10,10,6,7,9,4,20,7,17,Duolingo,150,,,,,22,25,C1,intermediate|advanced,intermediate|advanced,cambridge_22_25_intermediate_advanced,4,20,random,,281.26666259765625,1228.7666015625,305.26666259765625,1283.833267211914,5,11,,,,,,,,,,,,2026-08-09T15:58:12.658Z,C99S394L,2026-08-09,2026-08-09,12:58:12,2026-08-09 12:58:12,,,,,,,,69eb8f1f108d9b87368ef89d,69eb8f1f108d9b87368ef89d,,,,
18959,raw_position_sample,2,3,adv,20,2,17,18,66," Street, ",1268,290,1529348,69eb8f1f108d9b87368ef89d,69eb8f1f108d9b87368ef89d,advanced,2,69eb8f1f108d9b87368ef89d,69eb8f1f108d9b87368ef89d,spotlight_PROLIFIC,,42,brazil,Portuguese,"portuguese, english, spanish ",spanish,Portuguese:50|English:40|spanish:10,100,Portuguese:40|English:50|spanish:10,100,Portuguese:75|English:20|spanish:5,100,17,4,Bachelor's,10,10,10,6,7,9,4,20,7,17,Duolingo,150,,,,,22,25,C1,intermediate|advanced,intermediate|advanced,cambridge_22_25_intermediate_advanced,4,20,random,,281.26666259765625,1228.7666015625,305.26666259765625,1283.833267211914,5,11,,,,,,,,,,,,2026-08-09T15:58:12.658Z,C99S394L,2026-08-09,2026-08-09,12:58:12,2026-08-09 12:58:12,,,,,,,,69eb8f1f108d9b87368ef89d,69eb8f1f108d9b87368ef89d,,,,
19010,raw_position_sample,2,3,adv,20,2,17,18,66," Street, ",1263,290,1529398,69eb8f1f108d9b87368ef89d,69eb8f1f108d9b87368ef89d,advanced,2,69eb8f1f108d9b87368ef89d,69eb8f1f108d9b87368ef89d,spotlight_PROLIFIC,,42,brazil,Portuguese,"portuguese, english, spanish ",spanish,Portuguese:50|English:40|spanish:10,100,Portuguese:40|English:50|spanish:10,100,Portuguese:75|English:20|spanish:5,100,17,4,Bachelor's,10,10,10,6,7,9,4,20,7,17,Duolingo,150,,,,,22,25,C1,intermediate|advanced,intermediate|advanced,cambridge_22_25_intermediate_advanced,4,20,random,,281.26666259765625,1228.7666015625,305.26666259765625,1283.833267211914,5,11,,,,,,,,,,,,2026-08-09T15:58:12.658Z,C99S394L,2026-08-09,2026-08-09,12:58:12,2026-08-09 12:58:12,,,,,,,,69eb8f1f108d9b87368ef89d,69eb8f1f108d9b87368ef89d,,,,
19061,raw_position_sample,2,3,adv,20,2,17,18,66," Street, ",1234,293,1529449,69eb8f1f108d9b87368ef89d,69eb8f1f108d9b87368ef89d,advanced,2,69eb8f1f108d9b87368ef89d,69eb8f1f108d9b87368ef89d,spotlight_PROLIFIC,,42,brazil,Portuguese,"portuguese, english, spanish ",spanish,Portuguese:50|English:40|spanish:10,100,Portuguese:40|English:50|spanish:10,100,Portuguese:75|English:20|spanish:5,100,17,4,Bachelor's,10,10,10,6,7,9,4,20,7,17,Duolingo,150,,,,,22,25,C1,intermediate|advanced,intermediate|advanced,cambridge_22_25_intermediate_advanced,4,20,random,,281.26666259765625,1228.7666015625,305.26666259765625,1283.833267211914,5,11,,,,,,,,,,,,2026-08-09T15:58:12.658Z,C99S394L,2026-08-09,2026-08-09,12:58:12,2026-08-09 12:58:12,,,,,,,,69eb8f1f108d9b87368ef89d,69eb8f1f108d9b87368ef89d,,,,
19068,hover_association,2,3,adv,20,2,17,18,66," Street, ",1231,290,,69eb8f1f108d9b87368ef89d,69eb8f1f108d9b87368ef89d,advanced,2,69eb8f1f108d9b87368ef89d,69eb8f1f108d9b87368ef89d,spotlight_PROLIFIC,,42,brazil,Portuguese,"portuguese, english, spanish ",spanish,Portuguese:50|English:40|spanish:10,100,Portuguese:40|English:50|spanish:10,100,Portuguese:75|English:20|spanish:5,100,17,4,Bachelor's,10,10,10,6,7,9,4,20,7,17,Duolingo,150,,,,,22,25,C1,intermediate|advanced,intermediate|advanced,cambridge_22_25_intermediate_advanced,4,20,random,,273.26666259765625,1228.7666244506836,313.26666259765625,1287.3971557617188,5,11,hover,367,367,0.08926024431798736,0.49333343505859373,154,,,,,,2026-08-09T15:58:12.658Z,C99S394L,2026-08-09,2026-08-09,12:58:12,2026-08-09 12:58:12,,,,,,,,69eb8f1f108d9b87368ef89d,69eb8f1f108d9b87368ef89d,,,,
19110,raw_position_sample,2,3,adv,20,2,17,18,65, Downing ,1159,301,1529499,69eb8f1f108d9b87368ef89d,69eb8f1f108d9b87368ef89d,advanced,2,69eb8f1f108d9b87368ef89d,69eb8f1f108d9b87368ef89d,spotlight_PROLIFIC,,42,brazil,Portuguese,"portuguese, english, spanish ",spanish,Portuguese:50|English:40|spanish:10,100,Portuguese:40|English:50|spanish:10,100,Portuguese:75|English:20|spanish:5,100,17,4,Bachelor's,10,10,10,6,7,9,4,20,7,17,Duolingo,150,,,,,22,25,C1,intermediate|advanced,intermediate|advanced,cambridge_22_25_intermediate_advanced,4,20,random,,281.26666259765625,1148.316650390625,305.26666259765625,1228.7666473388672,5,10,,,,,,,,,,,,2026-08-09T15:58:12.658Z,C99S394L,2026-08-09,2026-08-09,12:58:12,2026-08-09 12:58:12,,,,,,,,69eb8f1f108d9b87368ef89d,69eb8f1f108d9b87368ef89d,,,,
19117,hover_association,2,3,adv,20,2,17,18,65, Downing ,1215,296,,69eb8f1f108d9b87368ef89d,69eb8f1f108d9b87368ef89d,advanced,2,69eb8f1f108d9b87368ef89d,69eb8f1f108d9b87368ef89d,spotlight_PROLIFIC,,42,brazil,Portuguese,"portuguese, english, spanish ",spanish,Portuguese:50|English:40|spanish:10,100,Portuguese:40|English:50|spanish:10,100,Portuguese:75|English:20|spanish:5,100,17,4,Bachelor's,10,10,10,6,7,9,4,20,7,17,Duolingo,150,,,,,22,25,C1,intermediate|advanced,intermediate|advanced,cambridge_22_25_intermediate_advanced,4,20,random,,273.26666259765625,1148.3166732788086,313.26666259765625,1228.7666244506836,5,10,hover,49,49,0.1327946949074875,0.6933334350585938,154,,,,,,2026-08-09T15:58:12.658Z,C99S394L,2026-08-09,2026-08-09,12:58:12,2026-08-09 12:58:12,,,,,,,,69eb8f1f108d9b87368ef89d,69eb8f1f108d9b87368ef89d,,,,
19134,hover_association,2,3,adv,20,2,17,18,63, Cameron ,1104,302,,69eb8f1f108d9b87368ef89d,69eb8f1f108d9b87368ef89d,advanced,2,69eb8f1f108d9b87368ef89d,69eb8f1f108d9b87368ef89d,spotlight_PROLIFIC,,42,brazil,Portuguese,"portuguese, english, spanish ",spanish,Portuguese:50|English:40|spanish:10,100,Portuguese:40|English:50|spanish:10,100,Portuguese:75|English:20|spanish:5,100,17,4,Bachelor's,10,10,10,6,7,9,4,20,7,17,Duolingo,150,,,,,22,25,C1,intermediate|advanced,intermediate|advanced,cambridge_22_25_intermediate_advanced,4,20,random,,273.26666259765625,1045.6500244140625,313.26666259765625,1127.86669921875,5,8,hover,17,17,0.7097097483515684,0.7183334350585937,154,,,,,,2026-08-09T15:58:12.658Z,C99S394L,2026-08-09,2026-08-09,12:58:12,2026-08-09 12:58:12,,,,,,,,69eb8f1f108d9b87368ef89d,69eb8f1f108d9b87368ef89d,,,,
19150,hover_association,2,3,adv,20,2,17,18,62, David ,1022,302,,69eb8f1f108d9b87368ef89d,69eb8f1f108d9b87368ef89d,advanced,2,69eb8f1f108d9b87368ef89d,69eb8f1f108d9b87368ef89d,spotlight_PROLIFIC,,42,brazil,Portuguese,"portuguese, english, spanish ",spanish,Portuguese:50|English:40|spanish:10,100,Portuguese:40|English:50|spanish:10,100,Portuguese:75|English:20|spanish:5,100,17,4,Bachelor's,10,10,10,6,7,9,4,20,7,17,Duolingo,150,,,,,22,25,C1,intermediate|advanced,intermediate|advanced,cambridge_22_25_intermediate_advanced,4,20,random,,273.26666259765625,992.8666839599609,313.26666259765625,1045.6500244140625,5,7,hover,17,17,0.551941498764602,0.7183334350585937,154,,,,,,2026-08-09T15:58:12.658Z,C99S394L,2026-08-09,2026-08-09,12:58:12,2026-08-09 12:58:12,,,,,,,,69eb8f1f108d9b87368ef89d,69eb8f1f108d9b87368ef89d,,,,
19161,raw_position_sample,2,3,adv,20,2,17,18,61, Minister ,920,302,1529549,69eb8f1f108d9b87368ef89d,69eb8f1f108d9b87368ef89d,advanced,2,69eb8f1f108d9b87368ef89d,69eb8f1f108d9b87368ef89d,spotlight_PROLIFIC,,42,brazil,Portuguese,"portuguese, english, spanish ",spanish,Portuguese:50|English:40|spanish:10,100,Portuguese:40|English:50|spanish:10,100,Portuguese:75|English:20|spanish:5,100,17,4,Bachelor's,10,10,10,6,7,9,4,20,7,17,Duolingo,150,,,,,22,25,C1,intermediate|advanced,intermediate|advanced,cambridge_22_25_intermediate_advanced,4,20,random,,281.26666259765625,918.7333374023438,305.26666259765625,992.8666687011719,5,6,,,,,,,,,,,,2026-08-09T15:58:12.658Z,C99S394L,2026-08-09,2026-08-09,12:58:12,2026-08-09 12:58:12,,,,,,,,69eb8f1f108d9b87368ef89d,69eb8f1f108d9b87368ef89d,,,,
19168,hover_association,2,3,adv,20,2,17,18,61, Minister ,920,302,,69eb8f1f108d9b87368ef89d,69eb8f1f108d9b87368ef89d,advanced,2,69eb8f1f108d9b87368ef89d,69eb8f1f108d9b87368ef89d,spotlight_PROLIFIC,,42,brazil,Portuguese,"portuguese, english, spanish ",spanish,Portuguese:50|English:40|spanish:10,100,Portuguese:40|English:50|spanish:10,100,Portuguese:75|English:20|spanish:5,100,17,4,Bachelor's,10,10,10,6,7,9,4,20,7,17,Duolingo,150,,,,,22,25,C1,intermediate|advanced,intermediate|advanced,cambridge_22_25_intermediate_advanced,4,20,random,,273.26666259765625,918.7333221435547,313.26666259765625,992.8666839599609,5,6,hover,17,17,0.017086475311645553,0.7183334350585937,154,,,,,,2026-08-09T15:58:12.658Z,C99S394L,2026-08-09,2026-08-09,12:58:12,2026-08-09 12:58:12,,,,,,,,69eb8f1f108d9b87368ef89d,69eb8f1f108d9b87368ef89d,,,,
19185,hover_association,2,3,adv,20,2,17,18,58, met ,803,302,,69eb8f1f108d9b87368ef89d,69eb8f1f108d9b87368ef89d,advanced,2,69eb8f1f108d9b87368ef89d,69eb8f1f108d9b87368ef89d,spotlight_PROLIFIC,,42,brazil,Portuguese,"portuguese, english, spanish ",spanish,Portuguese:50|English:40|spanish:10,100,Portuguese:40|English:50|spanish:10,100,Portuguese:75|English:20|spanish:5,100,17,4,Bachelor's,10,10,10,6,7,9,4,20,7,17,Duolingo,150,,,,,22,25,C1,intermediate|advanced,intermediate|advanced,cambridge_22_25_intermediate_advanced,4,20,random,,273.26666259765625,766.5833206176758,313.26666259765625,804.7499923706055,5,3,hover,17,17,0.9541486776228756,0.7183334350585937,154,,,,,,2026-08-09T15:58:12.658Z,C99S394L,2026-08-09,2026-08-09,12:58:12,2026-08-09 12:58:12,,,,,,,,69eb8f1f108d9b87368ef89d,69eb8f1f108d9b87368ef89d,,,,
19201,hover_association,2,3,adv,20,2,17,18,67, where ,660,315,,69eb8f1f108d9b87368ef89d,69eb8f1f108d9b87368ef89d,advanced,2,69eb8f1f108d9b87368ef89d,69eb8f1f108d9b87368ef89d,spotlight_PROLIFIC,,42,brazil,Portuguese,"portuguese, english, spanish ",spanish,Portuguese:50|English:40|spanish:10,100,Portuguese:40|English:50|spanish:10,100,Portuguese:75|English:20|spanish:5,100,17,4,Bachelor's,10,10,10,6,7,9,4,20,7,17,Duolingo,150,,,,,22,25,C1,intermediate|advanced,intermediate|advanced,cambridge_22_25_intermediate_advanced,4,20,random,,313.26666259765625,621.8028106689453,353.26666259765625,682.6833572387695,6,1,hover,16,16,0.6274120631825493,0.04333343505859375,154,,,,,,2026-08-09T15:58:12.658Z,C99S394L,2026-08-09,2026-08-09,12:58:12,2026-08-09 12:58:12,,,,,,,,69eb8f1f108d9b87368ef89d,69eb8f1f108d9b87368ef89d,,,,
19211,raw_position_sample,2,3,adv,20,2,17,18,-1,999,566,323,1529599,69eb8f1f108d9b87368ef89d,69eb8f1f108d9b87368ef89d,advanced,2,69eb8f1f108d9b87368ef89d,69eb8f1f108d9b87368ef89d,spotlight_PROLIFIC,,42,brazil,Portuguese,"portuguese, english, spanish ",spanish,Portuguese:50|English:40|spanish:10,100,Portuguese:40|English:50|spanish:10,100,Portuguese:75|English:20|spanish:5,100,17,4,Bachelor's,10,10,10,6,7,9,4,20,7,17,Duolingo,150,,,,,22,25,C1,intermediate|advanced,intermediate|advanced,cambridge_22_25_intermediate_advanced,4,20,random,,,,,,,,,,,,,,,,,,,2026-08-09T15:58:12.658Z,C99S394L,2026-08-09,2026-08-09,12:58:12,2026-08-09 12:58:12,,,,,,,,69eb8f1f108d9b87368ef89d,69eb8f1f108d9b87368ef89d,,,,
19262,raw_position_sample,2,3,adv,20,2,17,18,-1,999,566,323,1529650,69eb8f1f108d9b87368ef89d,69eb8f1f108d9b87368ef89d,advanced,2,69eb8f1f108d9b87368ef89d,69eb8f1f108d9b87368ef89d,spotlight_PROLIFIC,,42,brazil,Portuguese,"portuguese, english, spanish ",spanish,Portuguese:50|English:40|spanish:10,100,Portuguese:40|English:50|spanish:10,100,Portuguese:75|English:20|spanish:5,100,17,4,Bachelor's,10,10,10,6,7,9,4,20,7,17,Duolingo,150,,,,,22,25,C1,intermediate|advanced,intermediate|advanced,cambridge_22_25_intermediate_advanced,4,20,random,,,,,,,,,,,,,,,,,,,2026-08-09T15:58:12.658Z,C99S394L,2026-08-09,2026-08-09,12:58:12,2026-08-09 12:58:12,,,,,,,,69eb8f1f108d9b87368ef89d,69eb8f1f108d9b87368ef89d,,,,
19311,raw_position_sample,2,3,adv,20,2,17,18,-1,999,566,323,1529700,69eb8f1f108d9b87368ef89d,69eb8f1f108d9b87368ef89d,advanced,2,69eb8f1f108d9b87368ef89d,69eb8f1f108d9b87368ef89d,spotlight_PROLIFIC,,42,brazil,Portuguese,"portuguese, english, spanish ",spanish,Portuguese:50|English:40|spanish:10,100,Portuguese:40|English:50|spanish:10,100,Portuguese:75|English:20|spanish:5,100,17,4,Bachelor's,10,10,10,6,7,9,4,20,7,17,Duolingo,150,,,,,22,25,C1,intermediate|advanced,intermediate|advanced,cambridge_22_25_intermediate_advanced,4,20,random,,,,,,,,,,,,,,,,,,,2026-08-09T15:58:12.658Z,C99S394L,2026-08-09,2026-08-09,12:58:12,2026-08-09 12:58:12,,,,,,,,69eb8f1f108d9b87368ef89d,69eb8f1f108d9b87368ef89d,,,,
19363,raw_position_sample,2,3,adv,20,2,17,18,-1,999,566,323,1529750,69eb8f1f108d9b87368ef89d,69eb8f1f108d9b87368ef89d,advanced,2,69eb8f1f108d9b87368ef89d,69eb8f1f108d9b87368ef89d,spotlight_PROLIFIC,,42,brazil,Portuguese,"portuguese, english, spanish ",spanish,Portuguese:50|English:40|spanish:10,100,Portuguese:40|English:50|spanish:10,100,Portuguese:75|English:20|spanish:5,100,17,4,Bachelor's,10,10,10,6,7,9,4,20,7,17,Duolingo,150,,,,,22,25,C1,intermediate|advanced,intermediate|advanced,cambridge_22_25_intermediate_advanced,4,20,random,,,,,,,,,,,,,,,,,,,2026-08-09T15:58:12.658Z,C99S394L,2026-08-09,2026-08-09,12:58:12,2026-08-09 12:58:12,,,,,,,,69eb8f1f108d9b87368ef89d,69eb8f1f108d9b87368ef89d,,,,
19413,raw_position_sample,2,3,adv,20,2,17,18,-1,999,566,323,1529800,69eb8f1f108d9b87368ef89d,69eb8f1f108d9b87368ef89d,advanced,2,69eb8f1f108d9b87368ef89d,69eb8f1f108d9b87368ef89d,spotlight_PROLIFIC,,42,brazil,Portuguese,"portuguese, english, spanish ",spanish,Portuguese:50|English:40|spanish:10,100,Portuguese:40|English:50|spanish:10,100,Portuguese:75|English:20|spanish:5,100,17,4,Bachelor's,10,10,10,6,7,9,4,20,7,17,Duolingo,150,,,,,22,25,C1,intermediate|advanced,intermediate|advanced,cambridge_22_25_intermediate_advanced,4,20,random,,,,,,,,,,,,,,,,,,,2026-08-09T15:58:12.658Z,C99S394L,2026-08-09,2026-08-09,12:58:12,2026-08-09 12:58:12,,,,,,,,69eb8f1f108d9b87368ef89d,69eb8f1f108d9b87368ef89d,,,,
19462,raw_position_sample,2,3,adv,20,2,17,18,-1,999,566,323,1529850,69eb8f1f108d9b87368ef89d,69eb8f1f108d9b87368ef89d,advanced,2,69eb8f1f108d9b87368ef89d,69eb8f1f108d9b87368ef89d,spotlight_PROLIFIC,,42,brazil,Portuguese,"portuguese, english, spanish ",spanish,Portuguese:50|English:40|spanish:10,100,Portuguese:40|English:50|spanish:10,100,Portuguese:75|English:20|spanish:5,100,17,4,Bachelor's,10,10,10,6,7,9,4,20,7,17,Duolingo,150,,,,,22,25,C1,intermediate|advanced,intermediate|advanced,cambridge_22_25_intermediate_advanced,4,20,random,,,,,,,,,,,,,,,,,,,2026-08-09T15:58:12.658Z,C99S394L,2026-08-09,2026-08-09,12:58:12,2026-08-09 12:58:12,,,,,,,,69eb8f1f108d9b87368ef89d,69eb8f1f108d9b87368ef89d,,,,
19513,raw_position_sample,2,3,adv,20,2,17,18,-1,999,566,323,1529900,69eb8f1f108d9b87368ef89d,69eb8f1f108d9b87368ef89d,advanced,2,69eb8f1f108d9b87368ef89d,69eb8f1f108d9b87368ef89d,spotlight_PROLIFIC,,42,brazil,Portuguese,"portuguese, english, spanish ",spanish,Portuguese:50|English:40|spanish:10,100,Portuguese:40|English:50|spanish:10,100,Portuguese:75|English:20|spanish:5,100,17,4,Bachelor's,10,10,10,6,7,9,4,20,7,17,Duolingo,150,,,,,22,25,C1,intermediate|advanced,intermediate|advanced,cambridge_22_25_intermediate_advanced,4,20,random,,,,,,,,,,,,,,,,,,,2026-08-09T15:58:12.658Z,C99S394L,2026-08-09,2026-08-09,12:58:12,2026-08-09 12:58:12,,,,,,,,69eb8f1f108d9b87368ef89d,69eb8f1f108d9b87368ef89d,,,,
19563,raw_position_sample,2,3,adv,20,2,17,18,-1,999,566,323,1529951,69eb8f1f108d9b87368ef89d,69eb8f1f108d9b87368ef89d,advanced,2,69eb8f1f108d9b87368ef89d,69eb8f1f108d9b87368ef89d,spotlight_PROLIFIC,,42,brazil,Portuguese,"portuguese, english, spanish ",spanish,Portuguese:50|English:40|spanish:10,100,Portuguese:40|English:50|spanish:10,100,Portuguese:75|English:20|spanish:5,100,17,4,Bachelor's,10,10,10,6,7,9,4,20,7,17,Duolingo,150,,,,,22,25,C1,intermediate|advanced,intermediate|advanced,cambridge_22_25_intermediate_advanced,4,20,random,,,,,,,,,,,,,,,,,,,2026-08-09T15:58:12.658Z,C99S394L,2026-08-09,2026-08-09,12:58:12,2026-08-09 12:58:12,,,,,,,,69eb8f1f108d9b87368ef89d,69eb8f1f108d9b87368ef89d,,,,
19613,raw_position_sample,2,3,adv,20,2,17,18,-1,999,566,323,1530001,69eb8f1f108d9b87368ef89d,69eb8f1f108d9b87368ef89d,advanced,2,69eb8f1f108d9b87368ef89d,69eb8f1f108d9b87368ef89d,spotlight_PROLIFIC,,42,brazil,Portuguese,"portuguese, english, spanish ",spanish,Portuguese:50|English:40|spanish:10,100,Portuguese:40|English:50|spanish:10,100,Portuguese:75|English:20|spanish:5,100,17,4,Bachelor's,10,10,10,6,7,9,4,20,7,17,Duolingo,150,,,,,22,25,C1,intermediate|advanced,intermediate|advanced,cambridge_22_25_intermediate_advanced,4,20,random,,,,,,,,,,,,,,,,,,,2026-08-09T15:58:12.658Z,C99S394L,2026-08-09,2026-08-09,12:58:12,2026-08-09 12:58:12,,,,,,,,69eb8f1f108d9b87368ef89d,69eb8f1f108d9b87368ef89d,,,,
19663,raw_position_sample,2,3,adv,20,2,17,18,-1,999,566,323,1530052,69eb8f1f108d9b87368ef89d,69eb8f1f108d9b87368ef89d,advanced,2,69eb8f1f108d9b87368ef89d,69eb8f1f108d9b87368ef89d,spotlight_PROLIFIC,,42,brazil,Portuguese,"portuguese, english, spanish ",spanish,Portuguese:50|English:40|spanish:10,100,Portuguese:40|English:50|spanish:10,100,Portuguese:75|English:20|spanish:5,100,17,4,Bachelor's,10,10,10,6,7,9,4,20,7,17,Duolingo,150,,,,,22,25,C1,intermediate|advanced,intermediate|advanced,cambridge_22_25_intermediate_advanced,4,20,random,,,,,,,,,,,,,,,,,,,2026-08-09T15:58:12.658Z,C99S394L,2026-08-09,2026-08-09,12:58:12,2026-08-09 12:58:12,,,,,,,,69eb8f1f108d9b87368ef89d,69eb8f1f108d9b87368ef89d,,,,
19713,raw_position_sample,2,3,adv,20,2,17,18,-1,999,566,323,1530101,69eb8f1f108d9b87368ef89d,69eb8f1f108d9b87368ef89d,advanced,2,69eb8f1f108d9b87368ef89d,69eb8f1f108d9b87368ef89d,spotlight_PROLIFIC,,42,brazil,Portuguese,"portuguese, english, spanish ",spanish,Portuguese:50|English:40|spanish:10,100,Portuguese:40|English:50|spanish:10,100,Portuguese:75|English:20|spanish:5,100,17,4,Bachelor's,10,10,10,6,7,9,4,20,7,17,Duolingo,150,,,,,22,25,C1,intermediate|advanced,intermediate|advanced,cambridge_22_25_intermediate_advanced,4,20,random,,,,,,,,,,,,,,,,,,,2026-08-09T15:58:12.658Z,C99S394L,2026-08-09,2026-08-09,12:58:12,2026-08-09 12:58:12,,,,,,,,69eb8f1f108d9b87368ef89d,69eb8f1f108d9b87368ef89d,,,,
19763,raw_position_sample,2,3,adv,20,2,17,18,-1,999,566,323,1530152,69eb8f1f108d9b87368ef89d,69eb8f1f108d9b87368ef89d,advanced,2,69eb8f1f108d9b87368ef89d,69eb8f1f108d9b87368ef89d,spotlight_PROLIFIC,,42,brazil,Portuguese,"portuguese, english, spanish ",spanish,Portuguese:50|English:40|spanish:10,100,Portuguese:40|English:50|spanish:10,100,Portuguese:75|English:20|spanish:5,100,17,4,Bachelor's,10,10,10,6,7,9,4,20,7,17,Duolingo,150,,,,,22,25,C1,intermediate|advanced,intermediate|advanced,cambridge_22_25_intermediate_advanced,4,20,random,,,,,,,,,,,,,,,,,,,2026-08-09T15:58:12.658Z,C99S394L,2026-08-09,2026-08-09,12:58:12,2026-08-09 12:58:12,,,,,,,,69eb8f1f108d9b87368ef89d,69eb8f1f108d9b87368ef89d,,,,
19814,raw_position_sample,2,3,adv,20,2,17,18,-1,999,566,323,1530202,69eb8f1f108d9b87368ef89d,69eb8f1f108d9b87368ef89d,advanced,2,69eb8f1f108d9b87368ef89d,69eb8f1f108d9b87368ef89d,spotlight_PROLIFIC,,42,brazil,Portuguese,"portuguese, english, spanish ",spanish,Portuguese:50|English:40|spanish:10,100,Portuguese:40|English:50|spanish:10,100,Portuguese:75|English:20|spanish:5,100,17,4,Bachelor's,10,10,10,6,7,9,4,20,7,17,Duolingo,150,,,,,22,25,C1,intermediate|advanced,intermediate|advanced,cambridge_22_25_intermediate_advanced,4,20,random,,,,,,,,,,,,,,,,,,,2026-08-09T15:58:12.658Z,C99S394L,2026-08-09,2026-08-09,12:58:12,2026-08-09 12:58:12,,,,,,,,69eb8f1f108d9b87368ef89d,69eb8f1f108d9b87368ef89d,,,,
19864,raw_position_sample,2,3,adv,20,2,17,18,-1,999,566,323,1530251,69eb8f1f108d9b87368ef89d,69eb8f1f108d9b87368ef89d,advanced,2,69eb8f1f108d9b87368ef89d,69eb8f1f108d9b87368ef89d,spotlight_PROLIFIC,,42,brazil,Portuguese,"portuguese, english, spanish ",spanish,Portuguese:50|English:40|spanish:10,100,Portuguese:40|English:50|spanish:10,100,Portuguese:75|English:20|spanish:5,100,17,4,Bachelor's,10,10,10,6,7,9,4,20,7,17,Duolingo,150,,,,,22,25,C1,intermediate|advanced,intermediate|advanced,cambridge_22_25_intermediate_advanced,4,20,random,,,,,,,,,,,,,,,,,,,2026-08-09T15:58:12.658Z,C99S394L,2026-08-09,2026-08-09,12:58:12,2026-08-09 12:58:12,,,,,,,,69eb8f1f108d9b87368ef89d,69eb8f1f108d9b87368ef89d,,,,
19920,raw_position_sample,2,3,adv,20,2,17,18,56, industry ,655,295,1530308,69eb8f1f108d9b87368ef89d,69eb8f1f108d9b87368ef89d,advanced,2,69eb8f1f108d9b87368ef89d,69eb8f1f108d9b87368ef89d,spotlight_PROLIFIC,,42,brazil,Portuguese,"portuguese, english, spanish ",spanish,Portuguese:50|English:40|spanish:10,100,Portuguese:40|English:50|spanish:10,100,Portuguese:75|English:20|spanish:5,100,17,4,Bachelor's,10,10,10,6,7,9,4,20,7,17,Duolingo,150,,,,,22,25,C1,intermediate|advanced,intermediate|advanced,cambridge_22_25_intermediate_advanced,4,20,random,,281.26666259765625,625.36669921875,305.26666259765625,699.7333679199219,5,1,,,,,,,,,,,,2026-08-09T15:58:12.658Z,C99S394L,2026-08-09,2026-08-09,12:58:12,2026-08-09 12:58:12,,,,,,,,69eb8f1f108d9b87368ef89d,69eb8f1f108d9b87368ef89d,,,,
19970,raw_position_sample,2,3,adv,20,2,17,18,56, industry ,684,302,1530358,69eb8f1f108d9b87368ef89d,69eb8f1f108d9b87368ef89d,advanced,2,69eb8f1f108d9b87368ef89d,69eb8f1f108d9b87368ef89d,spotlight_PROLIFIC,,42,brazil,Portuguese,"portuguese, english, spanish ",spanish,Portuguese:50|English:40|spanish:10,100,Portuguese:40|English:50|spanish:10,100,Portuguese:75|English:20|spanish:5,100,17,4,Bachelor's,10,10,10,6,7,9,4,20,7,17,Duolingo,150,,,,,22,25,C1,intermediate|advanced,intermediate|advanced,cambridge_22_25_intermediate_advanced,4,20,random,,281.26666259765625,625.36669921875,305.26666259765625,699.7333679199219,5,1,,,,,,,,,,,,2026-08-09T15:58:12.658Z,C99S394L,2026-08-09,2026-08-09,12:58:12,2026-08-09 12:58:12,,,,,,,,69eb8f1f108d9b87368ef89d,69eb8f1f108d9b87368ef89d,,,,
20020,raw_position_sample,2,3,adv,20,2,17,18,56, industry ,684,302,1530408,69eb8f1f108d9b87368ef89d,69eb8f1f108d9b87368ef89d,advanced,2,69eb8f1f108d9b87368ef89d,69eb8f1f108d9b87368ef89d,spotlight_PROLIFIC,,42,brazil,Portuguese,"portuguese, english, spanish ",spanish,Portuguese:50|English:40|spanish:10,100,Portuguese:40|English:50|spanish:10,100,Portuguese:75|English:20|spanish:5,100,17,4,Bachelor's,10,10,10,6,7,9,4,20,7,17,Duolingo,150,,,,,22,25,C1,intermediate|advanced,intermediate|advanced,cambridge_22_25_intermediate_advanced,4,20,random,,281.26666259765625,625.36669921875,305.26666259765625,699.7333679199219,5,1,,,,,,,,,,,,2026-08-09T15:58:12.658Z,C99S394L,2026-08-09,2026-08-09,12:58:12,2026-08-09 12:58:12,,,,,,,,69eb8f1f108d9b87368ef89d,69eb8f1f108d9b87368ef89d,,,,
20071,raw_position_sample,2,3,adv,20,2,17,18,56, industry ,684,303,1530459,69eb8f1f108d9b87368ef89d,69eb8f1f108d9b87368ef89d,advanced,2,69eb8f1f108d9b87368ef89d,69eb8f1f108d9b87368ef89d,spotlight_PROLIFIC,,42,brazil,Portuguese,"portuguese, english, spanish ",spanish,Portuguese:50|English:40|spanish:10,100,Portuguese:40|English:50|spanish:10,100,Portuguese:75|English:20|spanish:5,100,17,4,Bachelor's,10,10,10,6,7,9,4,20,7,17,Duolingo,150,,,,,22,25,C1,intermediate|advanced,intermediate|advanced,cambridge_22_25_intermediate_advanced,4,20,random,,281.26666259765625,625.36669921875,305.26666259765625,699.7333679199219,5,1,,,,,,,,,,,,2026-08-09T15:58:12.658Z,C99S394L,2026-08-09,2026-08-09,12:58:12,2026-08-09 12:58:12,,,,,,,,69eb8f1f108d9b87368ef89d,69eb8f1f108d9b87368ef89d,,,,
20121,raw_position_sample,2,3,adv,20,2,17,18,56, industry ,684,307,1530509,69eb8f1f108d9b87368ef89d,69eb8f1f108d9b87368ef89d,advanced,2,69eb8f1f108d9b87368ef89d,69eb8f1f108d9b87368ef89d,spotlight_PROLIFIC,,42,brazil,Portuguese,"portuguese, english, spanish ",spanish,Portuguese:50|English:40|spanish:10,100,Portuguese:40|English:50|spanish:10,100,Portuguese:75|English:20|spanish:5,100,17,4,Bachelor's,10,10,10,6,7,9,4,20,7,17,Duolingo,150,,,,,22,25,C1,intermediate|advanced,intermediate|advanced,cambridge_22_25_intermediate_advanced,4,20,random,,281.26666259765625,625.36669921875,305.26666259765625,699.7333679199219,5,1,,,,,,,,,,,,2026-08-09T15:58:12.658Z,C99S394L,2026-08-09,2026-08-09,12:58:12,2026-08-09 12:58:12,,,,,,,,69eb8f1f108d9b87368ef89d,69eb8f1f108d9b87368ef89d,,,,
20168,hover_association,2,3,adv,20,2,17,18,56, industry ,634,290,,69eb8f1f108d9b87368ef89d,69eb8f1f108d9b87368ef89d,advanced,2,69eb8f1f108d9b87368ef89d,69eb8f1f108d9b87368ef89d,spotlight_PROLIFIC,,42,brazil,Portuguese,"portuguese, english, spanish ",spanish,Portuguese:50|English:40|spanish:10,100,Portuguese:40|English:50|spanish:10,100,Portuguese:75|English:20|spanish:5,100,17,4,Bachelor's,10,10,10,6,7,9,4,20,7,17,Duolingo,150,,,,,22,25,C1,intermediate|advanced,intermediate|advanced,cambridge_22_25_intermediate_advanced,4,20,random,,273.26666259765625,621.8028106689453,313.26666259765625,699.7333526611328,5,1,hover,266,266,0.7596147520312277,0.9683334350585937,154,,,,,,2026-08-09T15:58:12.658Z,C99S394L,2026-08-09,2026-08-09,12:58:12,2026-08-09 12:58:12,,,,,,,,69eb8f1f108d9b87368ef89d,69eb8f1f108d9b87368ef89d,,,,
20172,raw_position_sample,2,3,adv,20,2,17,18,67, where ,670,322,1530559,69eb8f1f108d9b87368ef89d,69eb8f1f108d9b87368ef89d,advanced,2,69eb8f1f108d9b87368ef89d,69eb8f1f108d9b87368ef89d,spotlight_PROLIFIC,,42,brazil,Portuguese,"portuguese, english, spanish ",spanish,Portuguese:50|English:40|spanish:10,100,Portuguese:40|English:50|spanish:10,100,Portuguese:75|English:20|spanish:5,100,17,4,Bachelor's,10,10,10,6,7,9,4,20,7,17,Duolingo,150,,,,,22,25,C1,intermediate|advanced,intermediate|advanced,cambridge_22_25_intermediate_advanced,4,20,random,,321.26666259765625,625.36669921875,345.26666259765625,682.6833648681641,6,1,,,,,,,,,,,,2026-08-09T15:58:12.658Z,C99S394L,2026-08-09,2026-08-09,12:58:12,2026-08-09 12:58:12,,,,,,,,69eb8f1f108d9b87368ef89d,69eb8f1f108d9b87368ef89d,,,,
20222,raw_position_sample,2,3,adv,20,2,17,18,67, where ,638,339,1530610,69eb8f1f108d9b87368ef89d,69eb8f1f108d9b87368ef89d,advanced,2,69eb8f1f108d9b87368ef89d,69eb8f1f108d9b87368ef89d,spotlight_PROLIFIC,,42,brazil,Portuguese,"portuguese, english, spanish ",spanish,Portuguese:50|English:40|spanish:10,100,Portuguese:40|English:50|spanish:10,100,Portuguese:75|English:20|spanish:5,100,17,4,Bachelor's,10,10,10,6,7,9,4,20,7,17,Duolingo,150,,,,,22,25,C1,intermediate|advanced,intermediate|advanced,cambridge_22_25_intermediate_advanced,4,20,random,,321.26666259765625,625.36669921875,345.26666259765625,682.6833648681641,6,1,,,,,,,,,,,,2026-08-09T15:58:12.658Z,C99S394L,2026-08-09,2026-08-09,12:58:12,2026-08-09 12:58:12,,,,,,,,69eb8f1f108d9b87368ef89d,69eb8f1f108d9b87368ef89d,,,,
20271,raw_position_sample,2,3,adv,20,2,17,18,67, where ,635,341,1530660,69eb8f1f108d9b87368ef89d,69eb8f1f108d9b87368ef89d,advanced,2,69eb8f1f108d9b87368ef89d,69eb8f1f108d9b87368ef89d,spotlight_PROLIFIC,,42,brazil,Portuguese,"portuguese, english, spanish ",spanish,Portuguese:50|English:40|spanish:10,100,Portuguese:40|English:50|spanish:10,100,Portuguese:75|English:20|spanish:5,100,17,4,Bachelor's,10,10,10,6,7,9,4,20,7,17,Duolingo,150,,,,,22,25,C1,intermediate|advanced,intermediate|advanced,cambridge_22_25_intermediate_advanced,4,20,random,,321.26666259765625,625.36669921875,345.26666259765625,682.6833648681641,6,1,,,,,,,,,,,,2026-08-09T15:58:12.658Z,C99S394L,2026-08-09,2026-08-09,12:58:12,2026-08-09 12:58:12,,,,,,,,69eb8f1f108d9b87368ef89d,69eb8f1f108d9b87368ef89d,,,,
20322,raw_position_sample,2,3,adv,20,2,17,18,67, where ,635,341,1530710,69eb8f1f108d9b87368ef89d,69eb8f1f108d9b87368ef89d,advanced,2,69eb8f1f108d9b87368ef89d,69eb8f1f108d9b87368ef89d,spotlight_PROLIFIC,,42,brazil,Portuguese,"portuguese, english, spanish ",spanish,Portuguese:50|English:40|spanish:10,100,Portuguese:40|English:50|spanish:10,100,Portuguese:75|English:20|spanish:5,100,17,4,Bachelor's,10,10,10,6,7,9,4,20,7,17,Duolingo,150,,,,,22,25,C1,intermediate|advanced,intermediate|advanced,cambridge_22_25_intermediate_advanced,4,20,random,,321.26666259765625,625.36669921875,345.26666259765625,682.6833648681641,6,1,,,,,,,,,,,,2026-08-09T15:58:12.658Z,C99S394L,2026-08-09,2026-08-09,12:58:12,2026-08-09 12:58:12,,,,,,,,69eb8f1f108d9b87368ef89d,69eb8f1f108d9b87368ef89d,,,,
20372,raw_position_sample,2,3,adv,20,2,17,18,67, where ,641,339,1530760,69eb8f1f108d9b87368ef89d,69eb8f1f108d9b87368ef89d,advanced,2,69eb8f1f108d9b87368ef89d,69eb8f1f108d9b87368ef89d,spotlight_PROLIFIC,,42,brazil,Portuguese,"portuguese, english, spanish ",spanish,Portuguese:50|English:40|spanish:10,100,Portuguese:40|English:50|spanish:10,100,Portuguese:75|English:20|spanish:5,100,17,4,Bachelor's,10,10,10,6,7,9,4,20,7,17,Duolingo,150,,,,,22,25,C1,intermediate|advanced,intermediate|advanced,cambridge_22_25_intermediate_advanced,4,20,random,,321.26666259765625,625.36669921875,345.26666259765625,682.6833648681641,6,1,,,,,,,,,,,,2026-08-09T15:58:12.658Z,C99S394L,2026-08-09,2026-08-09,12:58:12,2026-08-09 12:58:12,,,,,,,,69eb8f1f108d9b87368ef89d,69eb8f1f108d9b87368ef89d,,,,
20422,raw_position_sample,2,3,adv,20,2,17,18,67, where ,649,338,1530811,69eb8f1f108d9b87368ef89d,69eb8f1f108d9b87368ef89d,advanced,2,69eb8f1f108d9b87368ef89d,69eb8f1f108d9b87368ef89d,spotlight_PROLIFIC,,42,brazil,Portuguese,"portuguese, english, spanish ",spanish,Portuguese:50|English:40|spanish:10,100,Portuguese:40|English:50|spanish:10,100,Portuguese:75|English:20|spanish:5,100,17,4,Bachelor's,10,10,10,6,7,9,4,20,7,17,Duolingo,150,,,,,22,25,C1,intermediate|advanced,intermediate|advanced,cambridge_22_25_intermediate_advanced,4,20,random,,321.26666259765625,625.36669921875,345.26666259765625,682.6833648681641,6,1,,,,,,,,,,,,2026-08-09T15:58:12.658Z,C99S394L,2026-08-09,2026-08-09,12:58:12,2026-08-09 12:58:12,,,,,,,,69eb8f1f108d9b87368ef89d,69eb8f1f108d9b87368ef89d,,,,
20473,raw_position_sample,2,3,adv,20,2,17,18,67, where ,673,338,1530861,69eb8f1f108d9b87368ef89d,69eb8f1f108d9b87368ef89d,advanced,2,69eb8f1f108d9b87368ef89d,69eb8f1f108d9b87368ef89d,spotlight_PROLIFIC,,42,brazil,Portuguese,"portuguese, english, spanish ",spanish,Portuguese:50|English:40|spanish:10,100,Portuguese:40|English:50|spanish:10,100,Portuguese:75|English:20|spanish:5,100,17,4,Bachelor's,10,10,10,6,7,9,4,20,7,17,Duolingo,150,,,,,22,25,C1,intermediate|advanced,intermediate|advanced,cambridge_22_25_intermediate_advanced,4,20,random,,321.26666259765625,625.36669921875,345.26666259765625,682.6833648681641,6,1,,,,,,,,,,,,2026-08-09T15:58:12.658Z,C99S394L,2026-08-09,2026-08-09,12:58:12,2026-08-09 12:58:12,,,,,,,,69eb8f1f108d9b87368ef89d,69eb8f1f108d9b87368ef89d,,,,
20484,hover_association,2,3,adv,20,2,17,18,67, where ,670,322,,69eb8f1f108d9b87368ef89d,69eb8f1f108d9b87368ef89d,advanced,2,69eb8f1f108d9b87368ef89d,69eb8f1f108d9b87368ef89d,spotlight_PROLIFIC,,42,brazil,Portuguese,"portuguese, english, spanish ",spanish,Portuguese:50|English:40|spanish:10,100,Portuguese:40|English:50|spanish:10,100,Portuguese:75|English:20|spanish:5,100,17,4,Bachelor's,10,10,10,6,7,9,4,20,7,17,Duolingo,150,,,,,22,25,C1,intermediate|advanced,intermediate|advanced,cambridge_22_25_intermediate_advanced,4,20,random,,313.26666259765625,621.8028106689453,353.26666259765625,682.6833572387695,6,1,hover,317,317,0.8409449687238987,0.6183334350585937,154,,,,,,2026-08-09T15:58:12.658Z,C99S394L,2026-08-09,2026-08-09,12:58:12,2026-08-09 12:58:12,,,,,,,,69eb8f1f108d9b87368ef89d,69eb8f1f108d9b87368ef89d,,,,
20517,hover_association,2,3,adv,20,2,17,18,68, the ,690,338,,69eb8f1f108d9b87368ef89d,69eb8f1f108d9b87368ef89d,advanced,2,69eb8f1f108d9b87368ef89d,69eb8f1f108d9b87368ef89d,spotlight_PROLIFIC,,42,brazil,Portuguese,"portuguese, english, spanish ",spanish,Portuguese:50|English:40|spanish:10,100,Portuguese:40|English:50|spanish:10,100,Portuguese:75|English:20|spanish:5,100,17,4,Bachelor's,10,10,10,6,7,9,4,20,7,17,Duolingo,150,,,,,22,25,C1,intermediate|advanced,intermediate|advanced,cambridge_22_25_intermediate_advanced,4,20,random,,313.26666259765625,682.6833572387695,353.26666259765625,715.1333236694336,6,2,hover,34,34,0.9650747352279957,0.6183334350585937,154,,,,,,2026-08-09T15:58:12.658Z,C99S394L,2026-08-09,2026-08-09,12:58:12,2026-08-09 12:58:12,,,,,,,,69eb8f1f108d9b87368ef89d,69eb8f1f108d9b87368ef89d,,,,
20523,raw_position_sample,2,3,adv,20,2,17,18,69, issue ,732,340,1530912,69eb8f1f108d9b87368ef89d,69eb8f1f108d9b87368ef89d,advanced,2,69eb8f1f108d9b87368ef89d,69eb8f1f108d9b87368ef89d,spotlight_PROLIFIC,,42,brazil,Portuguese,"portuguese, english, spanish ",spanish,Portuguese:50|English:40|spanish:10,100,Portuguese:40|English:50|spanish:10,100,Portuguese:75|English:20|spanish:5,100,17,4,Bachelor's,10,10,10,6,7,9,4,20,7,17,Duolingo,150,,,,,22,25,C1,intermediate|advanced,intermediate|advanced,cambridge_22_25_intermediate_advanced,4,20,random,,321.26666259765625,715.13330078125,345.26666259765625,762.9666290283203,6,3,,,,,,,,,,,,2026-08-09T15:58:12.658Z,C99S394L,2026-08-09,2026-08-09,12:58:12,2026-08-09 12:58:12,,,,,,,,69eb8f1f108d9b87368ef89d,69eb8f1f108d9b87368ef89d,,,,
20574,raw_position_sample,2,3,adv,20,2,17,18,69, issue ,754,343,1530963,69eb8f1f108d9b87368ef89d,69eb8f1f108d9b87368ef89d,advanced,2,69eb8f1f108d9b87368ef89d,69eb8f1f108d9b87368ef89d,spotlight_PROLIFIC,,42,brazil,Portuguese,"portuguese, english, spanish ",spanish,Portuguese:50|English:40|spanish:10,100,Portuguese:40|English:50|spanish:10,100,Portuguese:75|English:20|spanish:5,100,17,4,Bachelor's,10,10,10,6,7,9,4,20,7,17,Duolingo,150,,,,,22,25,C1,intermediate|advanced,intermediate|advanced,cambridge_22_25_intermediate_advanced,4,20,random,,321.26666259765625,715.13330078125,345.26666259765625,762.9666290283203,6,3,,,,,,,,,,,,2026-08-09T15:58:12.658Z,C99S394L,2026-08-09,2026-08-09,12:58:12,2026-08-09 12:58:12,,,,,,,,69eb8f1f108d9b87368ef89d,69eb8f1f108d9b87368ef89d,,,,
20624,raw_position_sample,2,3,adv,20,2,17,18,69, issue ,754,343,1531013,69eb8f1f108d9b87368ef89d,69eb8f1f108d9b87368ef89d,advanced,2,69eb8f1f108d9b87368ef89d,69eb8f1f108d9b87368ef89d,spotlight_PROLIFIC,,42,brazil,Portuguese,"portuguese, english, spanish ",spanish,Portuguese:50|English:40|spanish:10,100,Portuguese:40|English:50|spanish:10,100,Portuguese:75|English:20|spanish:5,100,17,4,Bachelor's,10,10,10,6,7,9,4,20,7,17,Duolingo,150,,,,,22,25,C1,intermediate|advanced,intermediate|advanced,cambridge_22_25_intermediate_advanced,4,20,random,,321.26666259765625,715.13330078125,345.26666259765625,762.9666290283203,6,3,,,,,,,,,,,,2026-08-09T15:58:12.658Z,C99S394L,2026-08-09,2026-08-09,12:58:12,2026-08-09 12:58:12,,,,,,,,69eb8f1f108d9b87368ef89d,69eb8f1f108d9b87368ef89d,,,,
20675,raw_position_sample,2,3,adv,20,2,17,18,69, issue ,755,343,1531063,69eb8f1f108d9b87368ef89d,69eb8f1f108d9b87368ef89d,advanced,2,69eb8f1f108d9b87368ef89d,69eb8f1f108d9b87368ef89d,spotlight_PROLIFIC,,42,brazil,Portuguese,"portuguese, english, spanish ",spanish,Portuguese:50|English:40|spanish:10,100,Portuguese:40|English:50|spanish:10,100,Portuguese:75|English:20|spanish:5,100,17,4,Bachelor's,10,10,10,6,7,9,4,20,7,17,Duolingo,150,,,,,22,25,C1,intermediate|advanced,intermediate|advanced,cambridge_22_25_intermediate_advanced,4,20,random,,321.26666259765625,715.13330078125,345.26666259765625,762.9666290283203,6,3,,,,,,,,,,,,2026-08-09T15:58:12.658Z,C99S394L,2026-08-09,2026-08-09,12:58:12,2026-08-09 12:58:12,,,,,,,,69eb8f1f108d9b87368ef89d,69eb8f1f108d9b87368ef89d,,,,
20725,raw_position_sample,2,3,adv,20,2,17,18,69, issue ,755,343,1531113,69eb8f1f108d9b87368ef89d,69eb8f1f108d9b87368ef89d,advanced,2,69eb8f1f108d9b87368ef89d,69eb8f1f108d9b87368ef89d,spotlight_PROLIFIC,,42,brazil,Portuguese,"portuguese, english, spanish ",spanish,Portuguese:50|English:40|spanish:10,100,Portuguese:40|English:50|spanish:10,100,Portuguese:75|English:20|spanish:5,100,17,4,Bachelor's,10,10,10,6,7,9,4,20,7,17,Duolingo,150,,,,,22,25,C1,intermediate|advanced,intermediate|advanced,cambridge_22_25_intermediate_advanced,4,20,random,,321.26666259765625,715.13330078125,345.26666259765625,762.9666290283203,6,3,,,,,,,,,,,,2026-08-09T15:58:12.658Z,C99S394L,2026-08-09,2026-08-09,12:58:12,2026-08-09 12:58:12,,,,,,,,69eb8f1f108d9b87368ef89d,69eb8f1f108d9b87368ef89d,,,,
20775,raw_position_sample,2,3,adv,20,2,17,18,69, issue ,755,343,1531164,69eb8f1f108d9b87368ef89d,69eb8f1f108d9b87368ef89d,advanced,2,69eb8f1f108d9b87368ef89d,69eb8f1f108d9b87368ef89d,spotlight_PROLIFIC,,42,brazil,Portuguese,"portuguese, english, spanish ",spanish,Portuguese:50|English:40|spanish:10,100,Portuguese:40|English:50|spanish:10,100,Portuguese:75|English:20|spanish:5,100,17,4,Bachelor's,10,10,10,6,7,9,4,20,7,17,Duolingo,150,,,,,22,25,C1,intermediate|advanced,intermediate|advanced,cambridge_22_25_intermediate_advanced,4,20,random,,321.26666259765625,715.13330078125,345.26666259765625,762.9666290283203,6,3,,,,,,,,,,,,2026-08-09T15:58:12.658Z,C99S394L,2026-08-09,2026-08-09,12:58:12,2026-08-09 12:58:12,,,,,,,,69eb8f1f108d9b87368ef89d,69eb8f1f108d9b87368ef89d,,,,
20826,raw_position_sample,2,3,adv,20,2,17,18,69, issue ,755,343,1531214,69eb8f1f108d9b87368ef89d,69eb8f1f108d9b87368ef89d,advanced,2,69eb8f1f108d9b87368ef89d,69eb8f1f108d9b87368ef89d,spotlight_PROLIFIC,,42,brazil,Portuguese,"portuguese, english, spanish ",spanish,Portuguese:50|English:40|spanish:10,100,Portuguese:40|English:50|spanish:10,100,Portuguese:75|English:20|spanish:5,100,17,4,Bachelor's,10,10,10,6,7,9,4,20,7,17,Duolingo,150,,,,,22,25,C1,intermediate|advanced,intermediate|advanced,cambridge_22_25_intermediate_advanced,4,20,random,,321.26666259765625,715.13330078125,345.26666259765625,762.9666290283203,6,3,,,,,,,,,,,,2026-08-09T15:58:12.658Z,C99S394L,2026-08-09,2026-08-09,12:58:12,2026-08-09 12:58:12,,,,,,,,69eb8f1f108d9b87368ef89d,69eb8f1f108d9b87368ef89d,,,,
20876,raw_position_sample,2,3,adv,20,2,17,18,69, issue ,755,343,1531264,69eb8f1f108d9b87368ef89d,69eb8f1f108d9b87368ef89d,advanced,2,69eb8f1f108d9b87368ef89d,69eb8f1f108d9b87368ef89d,spotlight_PROLIFIC,,42,brazil,Portuguese,"portuguese, english, spanish ",spanish,Portuguese:50|English:40|spanish:10,100,Portuguese:40|English:50|spanish:10,100,Portuguese:75|English:20|spanish:5,100,17,4,Bachelor's,10,10,10,6,7,9,4,20,7,17,Duolingo,150,,,,,22,25,C1,intermediate|advanced,intermediate|advanced,cambridge_22_25_intermediate_advanced,4,20,random,,321.26666259765625,715.13330078125,345.26666259765625,762.9666290283203,6,3,,,,,,,,,,,,2026-08-09T15:58:12.658Z,C99S394L,2026-08-09,2026-08-09,12:58:12,2026-08-09 12:58:12,,,,,,,,69eb8f1f108d9b87368ef89d,69eb8f1f108d9b87368ef89d,,,,
20926,raw_position_sample,2,3,adv,20,2,17,18,69, issue ,755,343,1531315,69eb8f1f108d9b87368ef89d,69eb8f1f108d9b87368ef89d,advanced,2,69eb8f1f108d9b87368ef89d,69eb8f1f108d9b87368ef89d,spotlight_PROLIFIC,,42,brazil,Portuguese,"portuguese, english, spanish ",spanish,Portuguese:50|English:40|spanish:10,100,Portuguese:40|English:50|spanish:10,100,Portuguese:75|English:20|spanish:5,100,17,4,Bachelor's,10,10,10,6,7,9,4,20,7,17,Duolingo,150,,,,,22,25,C1,intermediate|advanced,intermediate|advanced,cambridge_22_25_intermediate_advanced,4,20,random,,321.26666259765625,715.13330078125,345.26666259765625,762.9666290283203,6,3,,,,,,,,,,,,2026-08-09T15:58:12.658Z,C99S394L,2026-08-09,2026-08-09,12:58:12,2026-08-09 12:58:12,,,,,,,,69eb8f1f108d9b87368ef89d,69eb8f1f108d9b87368ef89d,,,,
20976,raw_position_sample,2,3,adv,20,2,17,18,69, issue ,757,343,1531365,69eb8f1f108d9b87368ef89d,69eb8f1f108d9b87368ef89d,advanced,2,69eb8f1f108d9b87368ef89d,69eb8f1f108d9b87368ef89d,spotlight_PROLIFIC,,42,brazil,Portuguese,"portuguese, english, spanish ",spanish,Portuguese:50|English:40|spanish:10,100,Portuguese:40|English:50|spanish:10,100,Portuguese:75|English:20|spanish:5,100,17,4,Bachelor's,10,10,10,6,7,9,4,20,7,17,Duolingo,150,,,,,22,25,C1,intermediate|advanced,intermediate|advanced,cambridge_22_25_intermediate_advanced,4,20,random,,321.26666259765625,715.13330078125,345.26666259765625,762.9666290283203,6,3,,,,,,,,,,,,2026-08-09T15:58:12.658Z,C99S394L,2026-08-09,2026-08-09,12:58:12,2026-08-09 12:58:12,,,,,,,,69eb8f1f108d9b87368ef89d,69eb8f1f108d9b87368ef89d,,,,
21027,raw_position_sample,2,3,adv,20,2,17,18,69, issue ,757,344,1531415,69eb8f1f108d9b87368ef89d,69eb8f1f108d9b87368ef89d,advanced,2,69eb8f1f108d9b87368ef89d,69eb8f1f108d9b87368ef89d,spotlight_PROLIFIC,,42,brazil,Portuguese,"portuguese, english, spanish ",spanish,Portuguese:50|English:40|spanish:10,100,Portuguese:40|English:50|spanish:10,100,Portuguese:75|English:20|spanish:5,100,17,4,Bachelor's,10,10,10,6,7,9,4,20,7,17,Duolingo,150,,,,,22,25,C1,intermediate|advanced,intermediate|advanced,cambridge_22_25_intermediate_advanced,4,20,random,,321.26666259765625,715.13330078125,345.26666259765625,762.9666290283203,6,3,,,,,,,,,,,,2026-08-09T15:58:12.658Z,C99S394L,2026-08-09,2026-08-09,12:58:12,2026-08-09 12:58:12,,,,,,,,69eb8f1f108d9b87368ef89d,69eb8f1f108d9b87368ef89d,,,,
21068,hover_association,2,3,adv,20,2,17,18,69, issue ,732,340,,69eb8f1f108d9b87368ef89d,69eb8f1f108d9b87368ef89d,advanced,2,69eb8f1f108d9b87368ef89d,69eb8f1f108d9b87368ef89d,spotlight_PROLIFIC,,42,brazil,Portuguese,"portuguese, english, spanish ",spanish,Portuguese:50|English:40|spanish:10,100,Portuguese:40|English:50|spanish:10,100,Portuguese:75|English:20|spanish:5,100,17,4,Bachelor's,10,10,10,6,7,9,4,20,7,17,Duolingo,150,,,,,22,25,C1,intermediate|advanced,intermediate|advanced,cambridge_22_25_intermediate_advanced,4,20,random,,313.26666259765625,715.1333236694336,353.26666259765625,762.9666519165039,6,3,hover,549,549,0.9797912469834646,0.7683334350585938,154,,,,,,2026-08-09T15:58:12.658Z,C99S394L,2026-08-09,2026-08-09,12:58:12,2026-08-09 12:58:12,,,,,,,,69eb8f1f108d9b87368ef89d,69eb8f1f108d9b87368ef89d,,,,
21077,raw_position_sample,2,3,adv,20,2,17,18,70, of ,771,346,1531465,69eb8f1f108d9b87368ef89d,69eb8f1f108d9b87368ef89d,advanced,2,69eb8f1f108d9b87368ef89d,69eb8f1f108d9b87368ef89d,spotlight_PROLIFIC,,42,brazil,Portuguese,"portuguese, english, spanish ",spanish,Portuguese:50|English:40|spanish:10,100,Portuguese:40|English:50|spanish:10,100,Portuguese:75|English:20|spanish:5,100,17,4,Bachelor's,10,10,10,6,7,9,4,20,7,17,Duolingo,150,,,,,22,25,C1,intermediate|advanced,intermediate|advanced,cambridge_22_25_intermediate_advanced,4,20,random,,321.26666259765625,762.9666748046875,345.26666259765625,784.7333526611328,6,4,,,,,,,,,,,,2026-08-09T15:58:12.658Z,C99S394L,2026-08-09,2026-08-09,12:58:12,2026-08-09 12:58:12,,,,,,,,69eb8f1f108d9b87368ef89d,69eb8f1f108d9b87368ef89d,,,,
21084,hover_association,2,3,adv,20,2,17,18,70, of ,771,346,,69eb8f1f108d9b87368ef89d,69eb8f1f108d9b87368ef89d,advanced,2,69eb8f1f108d9b87368ef89d,69eb8f1f108d9b87368ef89d,spotlight_PROLIFIC,,42,brazil,Portuguese,"portuguese, english, spanish ",spanish,Portuguese:50|English:40|spanish:10,100,Portuguese:40|English:50|spanish:10,100,Portuguese:75|English:20|spanish:5,100,17,4,Bachelor's,10,10,10,6,7,9,4,20,7,17,Duolingo,150,,,,,22,25,C1,intermediate|advanced,intermediate|advanced,cambridge_22_25_intermediate_advanced,4,20,random,,313.26666259765625,762.9666519165039,353.26666259765625,784.7333450317383,6,4,hover,18,18,0.36906607912221645,0.8183334350585938,154,,,,,,2026-08-09T15:58:12.658Z,C99S394L,2026-08-09,2026-08-09,12:58:12,2026-08-09 12:58:12,,,,,,,,69eb8f1f108d9b87368ef89d,69eb8f1f108d9b87368ef89d,,,,
21127,raw_position_sample,2,3,adv,20,2,17,18,71, web ,814,346,1531516,69eb8f1f108d9b87368ef89d,69eb8f1f108d9b87368ef89d,advanced,2,69eb8f1f108d9b87368ef89d,69eb8f1f108d9b87368ef89d,spotlight_PROLIFIC,,42,brazil,Portuguese,"portuguese, english, spanish ",spanish,Portuguese:50|English:40|spanish:10,100,Portuguese:40|English:50|spanish:10,100,Portuguese:75|English:20|spanish:5,100,17,4,Bachelor's,10,10,10,6,7,9,4,20,7,17,Duolingo,150,,,,,22,25,C1,intermediate|advanced,intermediate|advanced,cambridge_22_25_intermediate_advanced,4,20,random,,321.26666259765625,784.7333374023438,345.26666259765625,824.7833404541016,6,5,,,,,,,,,,,,2026-08-09T15:58:12.658Z,C99S394L,2026-08-09,2026-08-09,12:58:12,2026-08-09 12:58:12,,,,,,,,69eb8f1f108d9b87368ef89d,69eb8f1f108d9b87368ef89d,,,,
21151,hover_association,2,3,adv,20,2,17,18,71, web ,785,346,,69eb8f1f108d9b87368ef89d,69eb8f1f108d9b87368ef89d,advanced,2,69eb8f1f108d9b87368ef89d,69eb8f1f108d9b87368ef89d,spotlight_PROLIFIC,,42,brazil,Portuguese,"portuguese, english, spanish ",spanish,Portuguese:50|English:40|spanish:10,100,Portuguese:40|English:50|spanish:10,100,Portuguese:75|English:20|spanish:5,100,17,4,Bachelor's,10,10,10,6,7,9,4,20,7,17,Duolingo,150,,,,,22,25,C1,intermediate|advanced,intermediate|advanced,cambridge_22_25_intermediate_advanced,4,20,random,,313.26666259765625,784.7333450317383,353.26666259765625,824.783332824707,6,5,hover,66,66,0.9804411220109147,0.8433334350585937,154,,,,,,2026-08-09T15:58:12.658Z,C99S394L,2026-08-09,2026-08-09,12:58:12,2026-08-09 12:58:12,,,,,,,,69eb8f1f108d9b87368ef89d,69eb8f1f108d9b87368ef89d,,,,
21178,raw_position_sample,2,3,adv,20,2,17,18,72, piracy ,839,350,1531566,69eb8f1f108d9b87368ef89d,69eb8f1f108d9b87368ef89d,advanced,2,69eb8f1f108d9b87368ef89d,69eb8f1f108d9b87368ef89d,spotlight_PROLIFIC,,42,brazil,Portuguese,"portuguese, english, spanish ",spanish,Portuguese:50|English:40|spanish:10,100,Portuguese:40|English:50|spanish:10,100,Portuguese:75|English:20|spanish:5,100,17,4,Bachelor's,10,10,10,6,7,9,4,20,7,17,Duolingo,150,,,,,22,25,C1,intermediate|advanced,intermediate|advanced,cambridge_22_25_intermediate_advanced,4,20,random,,321.26666259765625,824.7833251953125,345.26666259765625,880.1666564941406,6,6,,,,,,,,,,,,2026-08-09T15:58:12.658Z,C99S394L,2026-08-09,2026-08-09,12:58:12,2026-08-09 12:58:12,,,,,,,,69eb8f1f108d9b87368ef89d,69eb8f1f108d9b87368ef89d,,,,
21228,raw_position_sample,2,3,adv,20,2,17,18,72, piracy ,841,350,1531616,69eb8f1f108d9b87368ef89d,69eb8f1f108d9b87368ef89d,advanced,2,69eb8f1f108d9b87368ef89d,69eb8f1f108d9b87368ef89d,spotlight_PROLIFIC,,42,brazil,Portuguese,"portuguese, english, spanish ",spanish,Portuguese:50|English:40|spanish:10,100,Portuguese:40|English:50|spanish:10,100,Portuguese:75|English:20|spanish:5,100,17,4,Bachelor's,10,10,10,6,7,9,4,20,7,17,Duolingo,150,,,,,22,25,C1,intermediate|advanced,intermediate|advanced,cambridge_22_25_intermediate_advanced,4,20,random,,321.26666259765625,824.7833251953125,345.26666259765625,880.1666564941406,6,6,,,,,,,,,,,,2026-08-09T15:58:12.658Z,C99S394L,2026-08-09,2026-08-09,12:58:12,2026-08-09 12:58:12,,,,,,,,69eb8f1f108d9b87368ef89d,69eb8f1f108d9b87368ef89d,,,,
21278,raw_position_sample,2,3,adv,20,2,17,18,72, piracy ,841,350,1531666,69eb8f1f108d9b87368ef89d,69eb8f1f108d9b87368ef89d,advanced,2,69eb8f1f108d9b87368ef89d,69eb8f1f108d9b87368ef89d,spotlight_PROLIFIC,,42,brazil,Portuguese,"portuguese, english, spanish ",spanish,Portuguese:50|English:40|spanish:10,100,Portuguese:40|English:50|spanish:10,100,Portuguese:75|English:20|spanish:5,100,17,4,Bachelor's,10,10,10,6,7,9,4,20,7,17,Duolingo,150,,,,,22,25,C1,intermediate|advanced,intermediate|advanced,cambridge_22_25_intermediate_advanced,4,20,random,,321.26666259765625,824.7833251953125,345.26666259765625,880.1666564941406,6,6,,,,,,,,,,,,2026-08-09T15:58:12.658Z,C99S394L,2026-08-09,2026-08-09,12:58:12,2026-08-09 12:58:12,,,,,,,,69eb8f1f108d9b87368ef89d,69eb8f1f108d9b87368ef89d,,,,
21329,raw_position_sample,2,3,adv,20,2,17,18,72, piracy ,841,350,1531717,69eb8f1f108d9b87368ef89d,69eb8f1f108d9b87368ef89d,advanced,2,69eb8f1f108d9b87368ef89d,69eb8f1f108d9b87368ef89d,spotlight_PROLIFIC,,42,brazil,Portuguese,"portuguese, english, spanish ",spanish,Portuguese:50|English:40|spanish:10,100,Portuguese:40|English:50|spanish:10,100,Portuguese:75|English:20|spanish:5,100,17,4,Bachelor's,10,10,10,6,7,9,4,20,7,17,Duolingo,150,,,,,22,25,C1,intermediate|advanced,intermediate|advanced,cambridge_22_25_intermediate_advanced,4,20,random,,321.26666259765625,824.7833251953125,345.26666259765625,880.1666564941406,6,6,,,,,,,,,,,,2026-08-09T15:58:12.658Z,C99S394L,2026-08-09,2026-08-09,12:58:12,2026-08-09 12:58:12,,,,,,,,69eb8f1f108d9b87368ef89d,69eb8f1f108d9b87368ef89d,,,,
21379,raw_position_sample,2,3,adv,20,2,17,18,72, piracy ,842,350,1531767,69eb8f1f108d9b87368ef89d,69eb8f1f108d9b87368ef89d,advanced,2,69eb8f1f108d9b87368ef89d,69eb8f1f108d9b87368ef89d,spotlight_PROLIFIC,,42,brazil,Portuguese,"portuguese, english, spanish ",spanish,Portuguese:50|English:40|spanish:10,100,Portuguese:40|English:50|spanish:10,100,Portuguese:75|English:20|spanish:5,100,17,4,Bachelor's,10,10,10,6,7,9,4,20,7,17,Duolingo,150,,,,,22,25,C1,intermediate|advanced,intermediate|advanced,cambridge_22_25_intermediate_advanced,4,20,random,,321.26666259765625,824.7833251953125,345.26666259765625,880.1666564941406,6,6,,,,,,,,,,,,2026-08-09T15:58:12.658Z,C99S394L,2026-08-09,2026-08-09,12:58:12,2026-08-09 12:58:12,,,,,,,,69eb8f1f108d9b87368ef89d,69eb8f1f108d9b87368ef89d,,,,
21429,raw_position_sample,2,3,adv,20,2,17,18,72, piracy ,849,350,1531818,69eb8f1f108d9b87368ef89d,69eb8f1f108d9b87368ef89d,advanced,2,69eb8f1f108d9b87368ef89d,69eb8f1f108d9b87368ef89d,spotlight_PROLIFIC,,42,brazil,Portuguese,"portuguese, english, spanish ",spanish,Portuguese:50|English:40|spanish:10,100,Portuguese:40|English:50|spanish:10,100,Portuguese:75|English:20|spanish:5,100,17,4,Bachelor's,10,10,10,6,7,9,4,20,7,17,Duolingo,150,,,,,22,25,C1,intermediate|advanced,intermediate|advanced,cambridge_22_25_intermediate_advanced,4,20,random,,321.26666259765625,824.7833251953125,345.26666259765625,880.1666564941406,6,6,,,,,,,,,,,,2026-08-09T15:58:12.658Z,C99S394L,2026-08-09,2026-08-09,12:58:12,2026-08-09 12:58:12,,,,,,,,69eb8f1f108d9b87368ef89d,69eb8f1f108d9b87368ef89d,,,,
21467,hover_association,2,3,adv,20,2,17,18,72, piracy ,833,348,,69eb8f1f108d9b87368ef89d,69eb8f1f108d9b87368ef89d,advanced,2,69eb8f1f108d9b87368ef89d,69eb8f1f108d9b87368ef89d,spotlight_PROLIFIC,,42,brazil,Portuguese,"portuguese, english, spanish ",spanish,Portuguese:50|English:40|spanish:10,100,Portuguese:40|English:50|spanish:10,100,Portuguese:75|English:20|spanish:5,100,17,4,Bachelor's,10,10,10,6,7,9,4,20,7,17,Duolingo,150,,,,,22,25,C1,intermediate|advanced,intermediate|advanced,cambridge_22_25_intermediate_advanced,4,20,random,,313.26666259765625,824.783332824707,353.26666259765625,880.1666717529297,6,6,hover,317,317,0.8164308626082333,0.9183334350585938,154,,,,,,2026-08-09T15:58:12.658Z,C99S394L,2026-08-09,2026-08-09,12:58:12,2026-08-09 12:58:12,,,,,,,,69eb8f1f108d9b87368ef89d,69eb8f1f108d9b87368ef89d,,,,
21479,raw_position_sample,2,3,adv,20,2,17,18,73, was ,886,350,1531868,69eb8f1f108d9b87368ef89d,69eb8f1f108d9b87368ef89d,advanced,2,69eb8f1f108d9b87368ef89d,69eb8f1f108d9b87368ef89d,spotlight_PROLIFIC,,42,brazil,Portuguese,"portuguese, english, spanish ",spanish,Portuguese:50|English:40|spanish:10,100,Portuguese:40|English:50|spanish:10,100,Portuguese:75|English:20|spanish:5,100,17,4,Bachelor's,10,10,10,6,7,9,4,20,7,17,Duolingo,150,,,,,22,25,C1,intermediate|advanced,intermediate|advanced,cambridge_22_25_intermediate_advanced,4,20,random,,321.26666259765625,880.1666870117188,345.26666259765625,917.7166748046875,6,7,,,,,,,,,,,,2026-08-09T15:58:12.658Z,C99S394L,2026-08-09,2026-08-09,12:58:12,2026-08-09 12:58:12,,,,,,,,69eb8f1f108d9b87368ef89d,69eb8f1f108d9b87368ef89d,,,,
21530,raw_position_sample,2,3,adv,20,2,17,18,73, was ,913,350,1531918,69eb8f1f108d9b87368ef89d,69eb8f1f108d9b87368ef89d,advanced,2,69eb8f1f108d9b87368ef89d,69eb8f1f108d9b87368ef89d,spotlight_PROLIFIC,,42,brazil,Portuguese,"portuguese, english, spanish ",spanish,Portuguese:50|English:40|spanish:10,100,Portuguese:40|English:50|spanish:10,100,Portuguese:75|English:20|spanish:5,100,17,4,Bachelor's,10,10,10,6,7,9,4,20,7,17,Duolingo,150,,,,,22,25,C1,intermediate|advanced,intermediate|advanced,cambridge_22_25_intermediate_advanced,4,20,random,,321.26666259765625,880.1666870117188,345.26666259765625,917.7166748046875,6,7,,,,,,,,,,,,2026-08-09T15:58:12.658Z,C99S394L,2026-08-09,2026-08-09,12:58:12,2026-08-09 12:58:12,,,,,,,,69eb8f1f108d9b87368ef89d,69eb8f1f108d9b87368ef89d,,,,
21581,raw_position_sample,2,3,adv,20,2,17,18,73, was ,917,350,1531969,69eb8f1f108d9b87368ef89d,69eb8f1f108d9b87368ef89d,advanced,2,69eb8f1f108d9b87368ef89d,69eb8f1f108d9b87368ef89d,spotlight_PROLIFIC,,42,brazil,Portuguese,"portuguese, english, spanish ",spanish,Portuguese:50|English:40|spanish:10,100,Portuguese:40|English:50|spanish:10,100,Portuguese:75|English:20|spanish:5,100,17,4,Bachelor's,10,10,10,6,7,9,4,20,7,17,Duolingo,150,,,,,22,25,C1,intermediate|advanced,intermediate|advanced,cambridge_22_25_intermediate_advanced,4,20,random,,321.26666259765625,880.1666870117188,345.26666259765625,917.7166748046875,6,7,,,,,,,,,,,,2026-08-09T15:58:12.658Z,C99S394L,2026-08-09,2026-08-09,12:58:12,2026-08-09 12:58:12,,,,,,,,69eb8f1f108d9b87368ef89d,69eb8f1f108d9b87368ef89d,,,,
21584,hover_association,2,3,adv,20,2,17,18,73, was ,886,350,,69eb8f1f108d9b87368ef89d,69eb8f1f108d9b87368ef89d,advanced,2,69eb8f1f108d9b87368ef89d,69eb8f1f108d9b87368ef89d,spotlight_PROLIFIC,,42,brazil,Portuguese,"portuguese, english, spanish ",spanish,Portuguese:50|English:40|spanish:10,100,Portuguese:40|English:50|spanish:10,100,Portuguese:75|English:20|spanish:5,100,17,4,Bachelor's,10,10,10,6,7,9,4,20,7,17,Duolingo,150,,,,,22,25,C1,intermediate|advanced,intermediate|advanced,cambridge_22_25_intermediate_advanced,4,20,random,,313.26666259765625,880.1666717529297,353.26666259765625,917.7166748046875,6,7,hover,116,116,0.9809141212665241,0.9183334350585938,154,,,,,,2026-08-09T15:58:12.658Z,C99S394L,2026-08-09,2026-08-09,12:58:12,2026-08-09 12:58:12,,,,,,,,69eb8f1f108d9b87368ef89d,69eb8f1f108d9b87368ef89d,,,,
21630,raw_position_sample,2,3,adv,20,2,17,18,74, discussed. ,927,346,1532019,69eb8f1f108d9b87368ef89d,69eb8f1f108d9b87368ef89d,advanced,2,69eb8f1f108d9b87368ef89d,69eb8f1f108d9b87368ef89d,spotlight_PROLIFIC,,42,brazil,Portuguese,"portuguese, english, spanish ",spanish,Portuguese:50|English:40|spanish:10,100,Portuguese:40|English:50|spanish:10,100,Portuguese:75|English:20|spanish:5,100,17,4,Bachelor's,10,10,10,6,7,9,4,20,7,17,Duolingo,150,,,,,22,25,C1,intermediate|advanced,intermediate|advanced,cambridge_22_25_intermediate_advanced,4,20,random,,321.26666259765625,917.7166748046875,345.26666259765625,1009.7500152587891,6,8,,,,,,,,,,,,2026-08-09T15:58:12.658Z,C99S394L,2026-08-09,2026-08-09,12:58:12,2026-08-09 12:58:12,,,,,,,,69eb8f1f108d9b87368ef89d,69eb8f1f108d9b87368ef89d,,,,
21681,raw_position_sample,2,3,adv,20,2,17,18,74, discussed. ,947,342,1532070,69eb8f1f108d9b87368ef89d,69eb8f1f108d9b87368ef89d,advanced,2,69eb8f1f108d9b87368ef89d,69eb8f1f108d9b87368ef89d,spotlight_PROLIFIC,,42,brazil,Portuguese,"portuguese, english, spanish ",spanish,Portuguese:50|English:40|spanish:10,100,Portuguese:40|English:50|spanish:10,100,Portuguese:75|English:20|spanish:5,100,17,4,Bachelor's,10,10,10,6,7,9,4,20,7,17,Duolingo,150,,,,,22,25,C1,intermediate|advanced,intermediate|advanced,cambridge_22_25_intermediate_advanced,4,20,random,,321.26666259765625,917.7166748046875,345.26666259765625,1009.7500152587891,6,8,,,,,,,,,,,,2026-08-09T15:58:12.658Z,C99S394L,2026-08-09,2026-08-09,12:58:12,2026-08-09 12:58:12,,,,,,,,69eb8f1f108d9b87368ef89d,69eb8f1f108d9b87368ef89d,,,,
21732,raw_position_sample,2,3,adv,20,2,17,18,74, discussed. ,954,342,1532119,69eb8f1f108d9b87368ef89d,69eb8f1f108d9b87368ef89d,advanced,2,69eb8f1f108d9b87368ef89d,69eb8f1f108d9b87368ef89d,spotlight_PROLIFIC,,42,brazil,Portuguese,"portuguese, english, spanish ",spanish,Portuguese:50|English:40|spanish:10,100,Portuguese:40|English:50|spanish:10,100,Portuguese:75|English:20|spanish:5,100,17,4,Bachelor's,10,10,10,6,7,9,4,20,7,17,Duolingo,150,,,,,22,25,C1,intermediate|advanced,intermediate|advanced,cambridge_22_25_intermediate_advanced,4,20,random,,321.26666259765625,917.7166748046875,345.26666259765625,1009.7500152587891,6,8,,,,,,,,,,,,2026-08-09T15:58:12.658Z,C99S394L,2026-08-09,2026-08-09,12:58:12,2026-08-09 12:58:12,,,,,,,,69eb8f1f108d9b87368ef89d,69eb8f1f108d9b87368ef89d,,,,
21782,raw_position_sample,2,3,adv,20,2,17,18,74, discussed. ,954,342,1532170,69eb8f1f108d9b87368ef89d,69eb8f1f108d9b87368ef89d,advanced,2,69eb8f1f108d9b87368ef89d,69eb8f1f108d9b87368ef89d,spotlight_PROLIFIC,,42,brazil,Portuguese,"portuguese, english, spanish ",spanish,Portuguese:50|English:40|spanish:10,100,Portuguese:40|English:50|spanish:10,100,Portuguese:75|English:20|spanish:5,100,17,4,Bachelor's,10,10,10,6,7,9,4,20,7,17,Duolingo,150,,,,,22,25,C1,intermediate|advanced,intermediate|advanced,cambridge_22_25_intermediate_advanced,4,20,random,,321.26666259765625,917.7166748046875,345.26666259765625,1009.7500152587891,6,8,,,,,,,,,,,,2026-08-09T15:58:12.658Z,C99S394L,2026-08-09,2026-08-09,12:58:12,2026-08-09 12:58:12,,,,,,,,69eb8f1f108d9b87368ef89d,69eb8f1f108d9b87368ef89d,,,,
21831,raw_position_sample,2,3,adv,20,2,17,18,74, discussed. ,954,342,1532220,69eb8f1f108d9b87368ef89d,69eb8f1f108d9b87368ef89d,advanced,2,69eb8f1f108d9b87368ef89d,69eb8f1f108d9b87368ef89d,spotlight_PROLIFIC,,42,brazil,Portuguese,"portuguese, english, spanish ",spanish,Portuguese:50|English:40|spanish:10,100,Portuguese:40|English:50|spanish:10,100,Portuguese:75|English:20|spanish:5,100,17,4,Bachelor's,10,10,10,6,7,9,4,20,7,17,Duolingo,150,,,,,22,25,C1,intermediate|advanced,intermediate|advanced,cambridge_22_25_intermediate_advanced,4,20,random,,321.26666259765625,917.7166748046875,345.26666259765625,1009.7500152587891,6,8,,,,,,,,,,,,2026-08-09T15:58:12.658Z,C99S394L,2026-08-09,2026-08-09,12:58:12,2026-08-09 12:58:12,,,,,,,,69eb8f1f108d9b87368ef89d,69eb8f1f108d9b87368ef89d,,,,
21882,raw_position_sample,2,3,adv,20,2,17,18,74, discussed. ,954,342,1532271,69eb8f1f108d9b87368ef89d,69eb8f1f108d9b87368ef89d,advanced,2,69eb8f1f108d9b87368ef89d,69eb8f1f108d9b87368ef89d,spotlight_PROLIFIC,,42,brazil,Portuguese,"portuguese, english, spanish ",spanish,Portuguese:50|English:40|spanish:10,100,Portuguese:40|English:50|spanish:10,100,Portuguese:75|English:20|spanish:5,100,17,4,Bachelor's,10,10,10,6,7,9,4,20,7,17,Duolingo,150,,,,,22,25,C1,intermediate|advanced,intermediate|advanced,cambridge_22_25_intermediate_advanced,4,20,random,,321.26666259765625,917.7166748046875,345.26666259765625,1009.7500152587891,6,8,,,,,,,,,,,,2026-08-09T15:58:12.658Z,C99S394L,2026-08-09,2026-08-09,12:58:12,2026-08-09 12:58:12,,,,,,,,69eb8f1f108d9b87368ef89d,69eb8f1f108d9b87368ef89d,,,,
21932,raw_position_sample,2,3,adv,20,2,17,18,74, discussed. ,954,342,1532321,69eb8f1f108d9b87368ef89d,69eb8f1f108d9b87368ef89d,advanced,2,69eb8f1f108d9b87368ef89d,69eb8f1f108d9b87368ef89d,spotlight_PROLIFIC,,42,brazil,Portuguese,"portuguese, english, spanish ",spanish,Portuguese:50|English:40|spanish:10,100,Portuguese:40|English:50|spanish:10,100,Portuguese:75|English:20|spanish:5,100,17,4,Bachelor's,10,10,10,6,7,9,4,20,7,17,Duolingo,150,,,,,22,25,C1,intermediate|advanced,intermediate|advanced,cambridge_22_25_intermediate_advanced,4,20,random,,321.26666259765625,917.7166748046875,345.26666259765625,1009.7500152587891,6,8,,,,,,,,,,,,2026-08-09T15:58:12.658Z,C99S394L,2026-08-09,2026-08-09,12:58:12,2026-08-09 12:58:12,,,,,,,,69eb8f1f108d9b87368ef89d,69eb8f1f108d9b87368ef89d,,,,
21982,raw_position_sample,2,3,adv,20,2,17,18,74, discussed. ,956,342,1532371,69eb8f1f108d9b87368ef89d,69eb8f1f108d9b87368ef89d,advanced,2,69eb8f1f108d9b87368ef89d,69eb8f1f108d9b87368ef89d,spotlight_PROLIFIC,,42,brazil,Portuguese,"portuguese, english, spanish ",spanish,Portuguese:50|English:40|spanish:10,100,Portuguese:40|English:50|spanish:10,100,Portuguese:75|English:20|spanish:5,100,17,4,Bachelor's,10,10,10,6,7,9,4,20,7,17,Duolingo,150,,,,,22,25,C1,intermediate|advanced,intermediate|advanced,cambridge_22_25_intermediate_advanced,4,20,random,,321.26666259765625,917.7166748046875,345.26666259765625,1009.7500152587891,6,8,,,,,,,,,,,,2026-08-09T15:58:12.658Z,C99S394L,2026-08-09,2026-08-09,12:58:12,2026-08-09 12:58:12,,,,,,,,69eb8f1f108d9b87368ef89d,69eb8f1f108d9b87368ef89d,,,,
22033,raw_position_sample,2,3,adv,20,2,17,18,74, discussed. ,956,342,1532421,69eb8f1f108d9b87368ef89d,69eb8f1f108d9b87368ef89d,advanced,2,69eb8f1f108d9b87368ef89d,69eb8f1f108d9b87368ef89d,spotlight_PROLIFIC,,42,brazil,Portuguese,"portuguese, english, spanish ",spanish,Portuguese:50|English:40|spanish:10,100,Portuguese:40|English:50|spanish:10,100,Portuguese:75|English:20|spanish:5,100,17,4,Bachelor's,10,10,10,6,7,9,4,20,7,17,Duolingo,150,,,,,22,25,C1,intermediate|advanced,intermediate|advanced,cambridge_22_25_intermediate_advanced,4,20,random,,321.26666259765625,917.7166748046875,345.26666259765625,1009.7500152587891,6,8,,,,,,,,,,,,2026-08-09T15:58:12.658Z,C99S394L,2026-08-09,2026-08-09,12:58:12,2026-08-09 12:58:12,,,,,,,,69eb8f1f108d9b87368ef89d,69eb8f1f108d9b87368ef89d,,,,
22083,raw_position_sample,2,3,adv,20,2,17,18,74, discussed. ,955,342,1532472,69eb8f1f108d9b87368ef89d,69eb8f1f108d9b87368ef89d,advanced,2,69eb8f1f108d9b87368ef89d,69eb8f1f108d9b87368ef89d,spotlight_PROLIFIC,,42,brazil,Portuguese,"portuguese, english, spanish ",spanish,Portuguese:50|English:40|spanish:10,100,Portuguese:40|English:50|spanish:10,100,Portuguese:75|English:20|spanish:5,100,17,4,Bachelor's,10,10,10,6,7,9,4,20,7,17,Duolingo,150,,,,,22,25,C1,intermediate|advanced,intermediate|advanced,cambridge_22_25_intermediate_advanced,4,20,random,,321.26666259765625,917.7166748046875,345.26666259765625,1009.7500152587891,6,8,,,,,,,,,,,,2026-08-09T15:58:12.658Z,C99S394L,2026-08-09,2026-08-09,12:58:12,2026-08-09 12:58:12,,,,,,,,69eb8f1f108d9b87368ef89d,69eb8f1f108d9b87368ef89d,,,,
22135,raw_position_sample,2,3,adv,20,2,17,18,74, discussed. ,945,342,1532523,69eb8f1f108d9b87368ef89d,69eb8f1f108d9b87368ef89d,advanced,2,69eb8f1f108d9b87368ef89d,69eb8f1f108d9b87368ef89d,spotlight_PROLIFIC,,42,brazil,Portuguese,"portuguese, english, spanish ",spanish,Portuguese:50|English:40|spanish:10,100,Portuguese:40|English:50|spanish:10,100,Portuguese:75|English:20|spanish:5,100,17,4,Bachelor's,10,10,10,6,7,9,4,20,7,17,Duolingo,150,,,,,22,25,C1,intermediate|advanced,intermediate|advanced,cambridge_22_25_intermediate_advanced,4,20,random,,321.26666259765625,917.7166748046875,345.26666259765625,1009.7500152587891,6,8,,,,,,,,,,,,2026-08-09T15:58:12.658Z,C99S394L,2026-08-09,2026-08-09,12:58:12,2026-08-09 12:58:12,,,,,,,,69eb8f1f108d9b87368ef89d,69eb8f1f108d9b87368ef89d,,,,
22185,raw_position_sample,2,3,adv,20,2,17,18,74, discussed. ,929,346,1532573,69eb8f1f108d9b87368ef89d,69eb8f1f108d9b87368ef89d,advanced,2,69eb8f1f108d9b87368ef89d,69eb8f1f108d9b87368ef89d,spotlight_PROLIFIC,,42,brazil,Portuguese,"portuguese, english, spanish ",spanish,Portuguese:50|English:40|spanish:10,100,Portuguese:40|English:50|spanish:10,100,Portuguese:75|English:20|spanish:5,100,17,4,Bachelor's,10,10,10,6,7,9,4,20,7,17,Duolingo,150,,,,,22,25,C1,intermediate|advanced,intermediate|advanced,cambridge_22_25_intermediate_advanced,4,20,random,,321.26666259765625,917.7166748046875,345.26666259765625,1009.7500152587891,6,8,,,,,,,,,,,,2026-08-09T15:58:12.658Z,C99S394L,2026-08-09,2026-08-09,12:58:12,2026-08-09 12:58:12,,,,,,,,69eb8f1f108d9b87368ef89d,69eb8f1f108d9b87368ef89d,,,,
22235,raw_position_sample,2,3,adv,20,2,17,18,74, discussed. ,927,347,1532623,69eb8f1f108d9b87368ef89d,69eb8f1f108d9b87368ef89d,advanced,2,69eb8f1f108d9b87368ef89d,69eb8f1f108d9b87368ef89d,spotlight_PROLIFIC,,42,brazil,Portuguese,"portuguese, english, spanish ",spanish,Portuguese:50|English:40|spanish:10,100,Portuguese:40|English:50|spanish:10,100,Portuguese:75|English:20|spanish:5,100,17,4,Bachelor's,10,10,10,6,7,9,4,20,7,17,Duolingo,150,,,,,22,25,C1,intermediate|advanced,intermediate|advanced,cambridge_22_25_intermediate_advanced,4,20,random,,321.26666259765625,917.7166748046875,345.26666259765625,1009.7500152587891,6,8,,,,,,,,,,,,2026-08-09T15:58:12.658Z,C99S394L,2026-08-09,2026-08-09,12:58:12,2026-08-09 12:58:12,,,,,,,,69eb8f1f108d9b87368ef89d,69eb8f1f108d9b87368ef89d,,,,
22286,raw_position_sample,2,3,adv,20,2,17,18,74, discussed. ,931,347,1532674,69eb8f1f108d9b87368ef89d,69eb8f1f108d9b87368ef89d,advanced,2,69eb8f1f108d9b87368ef89d,69eb8f1f108d9b87368ef89d,spotlight_PROLIFIC,,42,brazil,Portuguese,"portuguese, english, spanish ",spanish,Portuguese:50|English:40|spanish:10,100,Portuguese:40|English:50|spanish:10,100,Portuguese:75|English:20|spanish:5,100,17,4,Bachelor's,10,10,10,6,7,9,4,20,7,17,Duolingo,150,,,,,22,25,C1,intermediate|advanced,intermediate|advanced,cambridge_22_25_intermediate_advanced,4,20,random,,321.26666259765625,917.7166748046875,345.26666259765625,1009.7500152587891,6,8,,,,,,,,,,,,2026-08-09T15:58:12.658Z,C99S394L,2026-08-09,2026-08-09,12:58:12,2026-08-09 12:58:12,,,,,,,,69eb8f1f108d9b87368ef89d,69eb8f1f108d9b87368ef89d,,,,
22336,raw_position_sample,2,3,adv,20,2,17,18,74, discussed. ,979,347,1532725,69eb8f1f108d9b87368ef89d,69eb8f1f108d9b87368ef89d,advanced,2,69eb8f1f108d9b87368ef89d,69eb8f1f108d9b87368ef89d,spotlight_PROLIFIC,,42,brazil,Portuguese,"portuguese, english, spanish ",spanish,Portuguese:50|English:40|spanish:10,100,Portuguese:40|English:50|spanish:10,100,Portuguese:75|English:20|spanish:5,100,17,4,Bachelor's,10,10,10,6,7,9,4,20,7,17,Duolingo,150,,,,,22,25,C1,intermediate|advanced,intermediate|advanced,cambridge_22_25_intermediate_advanced,4,20,random,,321.26666259765625,917.7166748046875,345.26666259765625,1009.7500152587891,6,8,,,,,,,,,,,,2026-08-09T15:58:12.658Z,C99S394L,2026-08-09,2026-08-09,12:58:12,2026-08-09 12:58:12,,,,,,,,69eb8f1f108d9b87368ef89d,69eb8f1f108d9b87368ef89d,,,,
22367,hover_association,2,3,adv,20,2,17,18,74, discussed. ,918,349,,69eb8f1f108d9b87368ef89d,69eb8f1f108d9b87368ef89d,advanced,2,69eb8f1f108d9b87368ef89d,69eb8f1f108d9b87368ef89d,spotlight_PROLIFIC,,42,brazil,Portuguese,"portuguese, english, spanish ",spanish,Portuguese:50|English:40|spanish:10,100,Portuguese:40|English:50|spanish:10,100,Portuguese:75|English:20|spanish:5,100,17,4,Bachelor's,10,10,10,6,7,9,4,20,7,17,Duolingo,150,,,,,22,25,C1,intermediate|advanced,intermediate|advanced,cambridge_22_25_intermediate_advanced,4,20,random,,313.26666259765625,917.7166748046875,353.26666259765625,1009.7500076293945,6,8,hover,784,784,0.9592538103934902,0.8433334350585937,154,,,,,,2026-08-09T15:58:12.658Z,C99S394L,2026-08-09,2026-08-09,12:58:12,2026-08-09 12:58:12,,,,,,,,69eb8f1f108d9b87368ef89d,69eb8f1f108d9b87368ef89d,,,,
22386,raw_position_sample,2,3,adv,20,2,17,18,75," Pullman, ",1078,347,1532774,69eb8f1f108d9b87368ef89d,69eb8f1f108d9b87368ef89d,advanced,2,69eb8f1f108d9b87368ef89d,69eb8f1f108d9b87368ef89d,spotlight_PROLIFIC,,42,brazil,Portuguese,"portuguese, english, spanish ",spanish,Portuguese:50|English:40|spanish:10,100,Portuguese:40|English:50|spanish:10,100,Portuguese:75|English:20|spanish:5,100,17,4,Bachelor's,10,10,10,6,7,9,4,20,7,17,Duolingo,150,,,,,22,25,C1,intermediate|advanced,intermediate|advanced,cambridge_22_25_intermediate_advanced,4,20,random,,321.26666259765625,1009.75,345.26666259765625,1088.6000061035156,6,9,,,,,,,,,,,,2026-08-09T15:58:12.658Z,C99S394L,2026-08-09,2026-08-09,12:58:12,2026-08-09 12:58:12,,,,,,,,69eb8f1f108d9b87368ef89d,69eb8f1f108d9b87368ef89d,,,,
22401,hover_association,2,3,adv,20,2,17,18,75," Pullman, ",1051,347,,69eb8f1f108d9b87368ef89d,69eb8f1f108d9b87368ef89d,advanced,2,69eb8f1f108d9b87368ef89d,69eb8f1f108d9b87368ef89d,spotlight_PROLIFIC,,42,brazil,Portuguese,"portuguese, english, spanish ",spanish,Portuguese:50|English:40|spanish:10,100,Portuguese:40|English:50|spanish:10,100,Portuguese:75|English:20|spanish:5,100,17,4,Bachelor's,10,10,10,6,7,9,4,20,7,17,Duolingo,150,,,,,22,25,C1,intermediate|advanced,intermediate|advanced,cambridge_22_25_intermediate_advanced,4,20,random,,313.26666259765625,1009.7500076293945,353.26666259765625,1088.5999908447266,6,9,hover,33,33,0.8655676207846619,0.8433334350585937,154,,,,,,2026-08-09T15:58:12.658Z,C99S394L,2026-08-09,2026-08-09,12:58:12,2026-08-09 12:58:12,,,,,,,,69eb8f1f108d9b87368ef89d,69eb8f1f108d9b87368ef89d,,,,
22437,raw_position_sample,2,3,adv,20,2,17,18,76, writer ,1103,347,1532825,69eb8f1f108d9b87368ef89d,69eb8f1f108d9b87368ef89d,advanced,2,69eb8f1f108d9b87368ef89d,69eb8f1f108d9b87368ef89d,spotlight_PROLIFIC,,42,brazil,Portuguese,"portuguese, english, spanish ",spanish,Portuguese:50|English:40|spanish:10,100,Portuguese:40|English:50|spanish:10,100,Portuguese:75|English:20|spanish:5,100,17,4,Bachelor's,10,10,10,6,7,9,4,20,7,17,Duolingo,150,,,,,22,25,C1,intermediate|advanced,intermediate|advanced,cambridge_22_25_intermediate_advanced,4,20,random,,321.26666259765625,1088.5999755859375,345.26666259765625,1143.5999755859375,6,10,,,,,,,,,,,,2026-08-09T15:58:12.658Z,C99S394L,2026-08-09,2026-08-09,12:58:12,2026-08-09 12:58:12,,,,,,,,69eb8f1f108d9b87368ef89d,69eb8f1f108d9b87368ef89d,,,,
22486,raw_position_sample,2,3,adv,20,2,17,18,76, writer ,1103,347,1532875,69eb8f1f108d9b87368ef89d,69eb8f1f108d9b87368ef89d,advanced,2,69eb8f1f108d9b87368ef89d,69eb8f1f108d9b87368ef89d,spotlight_PROLIFIC,,42,brazil,Portuguese,"portuguese, english, spanish ",spanish,Portuguese:50|English:40|spanish:10,100,Portuguese:40|English:50|spanish:10,100,Portuguese:75|English:20|spanish:5,100,17,4,Bachelor's,10,10,10,6,7,9,4,20,7,17,Duolingo,150,,,,,22,25,C1,intermediate|advanced,intermediate|advanced,cambridge_22_25_intermediate_advanced,4,20,random,,321.26666259765625,1088.5999755859375,345.26666259765625,1143.5999755859375,6,10,,,,,,,,,,,,2026-08-09T15:58:12.658Z,C99S394L,2026-08-09,2026-08-09,12:58:12,2026-08-09 12:58:12,,,,,,,,69eb8f1f108d9b87368ef89d,69eb8f1f108d9b87368ef89d,,,,
22537,raw_position_sample,2,3,adv,20,2,17,18,76, writer ,1103,347,1532925,69eb8f1f108d9b87368ef89d,69eb8f1f108d9b87368ef89d,advanced,2,69eb8f1f108d9b87368ef89d,69eb8f1f108d9b87368ef89d,spotlight_PROLIFIC,,42,brazil,Portuguese,"portuguese, english, spanish ",spanish,Portuguese:50|English:40|spanish:10,100,Portuguese:40|English:50|spanish:10,100,Portuguese:75|English:20|spanish:5,100,17,4,Bachelor's,10,10,10,6,7,9,4,20,7,17,Duolingo,150,,,,,22,25,C1,intermediate|advanced,intermediate|advanced,cambridge_22_25_intermediate_advanced,4,20,random,,321.26666259765625,1088.5999755859375,345.26666259765625,1143.5999755859375,6,10,,,,,,,,,,,,2026-08-09T15:58:12.658Z,C99S394L,2026-08-09,2026-08-09,12:58:12,2026-08-09 12:58:12,,,,,,,,69eb8f1f108d9b87368ef89d,69eb8f1f108d9b87368ef89d,,,,
22587,raw_position_sample,2,3,adv,20,2,17,18,76, writer ,1103,347,1532975,69eb8f1f108d9b87368ef89d,69eb8f1f108d9b87368ef89d,advanced,2,69eb8f1f108d9b87368ef89d,69eb8f1f108d9b87368ef89d,spotlight_PROLIFIC,,42,brazil,Portuguese,"portuguese, english, spanish ",spanish,Portuguese:50|English:40|spanish:10,100,Portuguese:40|English:50|spanish:10,100,Portuguese:75|English:20|spanish:5,100,17,4,Bachelor's,10,10,10,6,7,9,4,20,7,17,Duolingo,150,,,,,22,25,C1,intermediate|advanced,intermediate|advanced,cambridge_22_25_intermediate_advanced,4,20,random,,321.26666259765625,1088.5999755859375,345.26666259765625,1143.5999755859375,6,10,,,,,,,,,,,,2026-08-09T15:58:12.658Z,C99S394L,2026-08-09,2026-08-09,12:58:12,2026-08-09 12:58:12,,,,,,,,69eb8f1f108d9b87368ef89d,69eb8f1f108d9b87368ef89d,,,,
22638,raw_position_sample,2,3,adv,20,2,17,18,76, writer ,1103,347,1533026,69eb8f1f108d9b87368ef89d,69eb8f1f108d9b87368ef89d,advanced,2,69eb8f1f108d9b87368ef89d,69eb8f1f108d9b87368ef89d,spotlight_PROLIFIC,,42,brazil,Portuguese,"portuguese, english, spanish ",spanish,Portuguese:50|English:40|spanish:10,100,Portuguese:40|English:50|spanish:10,100,Portuguese:75|English:20|spanish:5,100,17,4,Bachelor's,10,10,10,6,7,9,4,20,7,17,Duolingo,150,,,,,22,25,C1,intermediate|advanced,intermediate|advanced,cambridge_22_25_intermediate_advanced,4,20,random,,321.26666259765625,1088.5999755859375,345.26666259765625,1143.5999755859375,6,10,,,,,,,,,,,,2026-08-09T15:58:12.658Z,C99S394L,2026-08-09,2026-08-09,12:58:12,2026-08-09 12:58:12,,,,,,,,69eb8f1f108d9b87368ef89d,69eb8f1f108d9b87368ef89d,,,,
22688,raw_position_sample,2,3,adv,20,2,17,18,76, writer ,1103,347,1533076,69eb8f1f108d9b87368ef89d,69eb8f1f108d9b87368ef89d,advanced,2,69eb8f1f108d9b87368ef89d,69eb8f1f108d9b87368ef89d,spotlight_PROLIFIC,,42,brazil,Portuguese,"portuguese, english, spanish ",spanish,Portuguese:50|English:40|spanish:10,100,Portuguese:40|English:50|spanish:10,100,Portuguese:75|English:20|spanish:5,100,17,4,Bachelor's,10,10,10,6,7,9,4,20,7,17,Duolingo,150,,,,,22,25,C1,intermediate|advanced,intermediate|advanced,cambridge_22_25_intermediate_advanced,4,20,random,,321.26666259765625,1088.5999755859375,345.26666259765625,1143.5999755859375,6,10,,,,,,,,,,,,2026-08-09T15:58:12.658Z,C99S394L,2026-08-09,2026-08-09,12:58:12,2026-08-09 12:58:12,,,,,,,,69eb8f1f108d9b87368ef89d,69eb8f1f108d9b87368ef89d,,,,
22738,raw_position_sample,2,3,adv,20,2,17,18,76, writer ,1104,347,1533126,69eb8f1f108d9b87368ef89d,69eb8f1f108d9b87368ef89d,advanced,2,69eb8f1f108d9b87368ef89d,69eb8f1f108d9b87368ef89d,spotlight_PROLIFIC,,42,brazil,Portuguese,"portuguese, english, spanish ",spanish,Portuguese:50|English:40|spanish:10,100,Portuguese:40|English:50|spanish:10,100,Portuguese:75|English:20|spanish:5,100,17,4,Bachelor's,10,10,10,6,7,9,4,20,7,17,Duolingo,150,,,,,22,25,C1,intermediate|advanced,intermediate|advanced,cambridge_22_25_intermediate_advanced,4,20,random,,321.26666259765625,1088.5999755859375,345.26666259765625,1143.5999755859375,6,10,,,,,,,,,,,,2026-08-09T15:58:12.658Z,C99S394L,2026-08-09,2026-08-09,12:58:12,2026-08-09 12:58:12,,,,,,,,69eb8f1f108d9b87368ef89d,69eb8f1f108d9b87368ef89d,,,,
22789,raw_position_sample,2,3,adv,20,2,17,18,76, writer ,1106,346,1533177,69eb8f1f108d9b87368ef89d,69eb8f1f108d9b87368ef89d,advanced,2,69eb8f1f108d9b87368ef89d,69eb8f1f108d9b87368ef89d,spotlight_PROLIFIC,,42,brazil,Portuguese,"portuguese, english, spanish ",spanish,Portuguese:50|English:40|spanish:10,100,Portuguese:40|English:50|spanish:10,100,Portuguese:75|English:20|spanish:5,100,17,4,Bachelor's,10,10,10,6,7,9,4,20,7,17,Duolingo,150,,,,,22,25,C1,intermediate|advanced,intermediate|advanced,cambridge_22_25_intermediate_advanced,4,20,random,,321.26666259765625,1088.5999755859375,345.26666259765625,1143.5999755859375,6,10,,,,,,,,,,,,2026-08-09T15:58:12.658Z,C99S394L,2026-08-09,2026-08-09,12:58:12,2026-08-09 12:58:12,,,,,,,,69eb8f1f108d9b87368ef89d,69eb8f1f108d9b87368ef89d,,,,
22838,raw_position_sample,2,3,adv,20,2,17,18,76, writer ,1106,346,1533227,69eb8f1f108d9b87368ef89d,69eb8f1f108d9b87368ef89d,advanced,2,69eb8f1f108d9b87368ef89d,69eb8f1f108d9b87368ef89d,spotlight_PROLIFIC,,42,brazil,Portuguese,"portuguese, english, spanish ",spanish,Portuguese:50|English:40|spanish:10,100,Portuguese:40|English:50|spanish:10,100,Portuguese:75|English:20|spanish:5,100,17,4,Bachelor's,10,10,10,6,7,9,4,20,7,17,Duolingo,150,,,,,22,25,C1,intermediate|advanced,intermediate|advanced,cambridge_22_25_intermediate_advanced,4,20,random,,321.26666259765625,1088.5999755859375,345.26666259765625,1143.5999755859375,6,10,,,,,,,,,,,,2026-08-09T15:58:12.658Z,C99S394L,2026-08-09,2026-08-09,12:58:12,2026-08-09 12:58:12,,,,,,,,69eb8f1f108d9b87368ef89d,69eb8f1f108d9b87368ef89d,,,,
22889,raw_position_sample,2,3,adv,20,2,17,18,76, writer ,1106,346,1533277,69eb8f1f108d9b87368ef89d,69eb8f1f108d9b87368ef89d,advanced,2,69eb8f1f108d9b87368ef89d,69eb8f1f108d9b87368ef89d,spotlight_PROLIFIC,,42,brazil,Portuguese,"portuguese, english, spanish ",spanish,Portuguese:50|English:40|spanish:10,100,Portuguese:40|English:50|spanish:10,100,Portuguese:75|English:20|spanish:5,100,17,4,Bachelor's,10,10,10,6,7,9,4,20,7,17,Duolingo,150,,,,,22,25,C1,intermediate|advanced,intermediate|advanced,cambridge_22_25_intermediate_advanced,4,20,random,,321.26666259765625,1088.5999755859375,345.26666259765625,1143.5999755859375,6,10,,,,,,,,,,,,2026-08-09T15:58:12.658Z,C99S394L,2026-08-09,2026-08-09,12:58:12,2026-08-09 12:58:12,,,,,,,,69eb8f1f108d9b87368ef89d,69eb8f1f108d9b87368ef89d,,,,
22938,raw_position_sample,2,3,adv,20,2,17,18,76, writer ,1106,346,1533327,69eb8f1f108d9b87368ef89d,69eb8f1f108d9b87368ef89d,advanced,2,69eb8f1f108d9b87368ef89d,69eb8f1f108d9b87368ef89d,spotlight_PROLIFIC,,42,brazil,Portuguese,"portuguese, english, spanish ",spanish,Portuguese:50|English:40|spanish:10,100,Portuguese:40|English:50|spanish:10,100,Portuguese:75|English:20|spanish:5,100,17,4,Bachelor's,10,10,10,6,7,9,4,20,7,17,Duolingo,150,,,,,22,25,C1,intermediate|advanced,intermediate|advanced,cambridge_22_25_intermediate_advanced,4,20,random,,321.26666259765625,1088.5999755859375,345.26666259765625,1143.5999755859375,6,10,,,,,,,,,,,,2026-08-09T15:58:12.658Z,C99S394L,2026-08-09,2026-08-09,12:58:12,2026-08-09 12:58:12,,,,,,,,69eb8f1f108d9b87368ef89d,69eb8f1f108d9b87368ef89d,,,,
22989,raw_position_sample,2,3,adv,20,2,17,18,76, writer ,1123,345,1533378,69eb8f1f108d9b87368ef89d,69eb8f1f108d9b87368ef89d,advanced,2,69eb8f1f108d9b87368ef89d,69eb8f1f108d9b87368ef89d,spotlight_PROLIFIC,,42,brazil,Portuguese,"portuguese, english, spanish ",spanish,Portuguese:50|English:40|spanish:10,100,Portuguese:40|English:50|spanish:10,100,Portuguese:75|English:20|spanish:5,100,17,4,Bachelor's,10,10,10,6,7,9,4,20,7,17,Duolingo,150,,,,,22,25,C1,intermediate|advanced,intermediate|advanced,cambridge_22_25_intermediate_advanced,4,20,random,,321.26666259765625,1088.5999755859375,345.26666259765625,1143.5999755859375,6,10,,,,,,,,,,,,2026-08-09T15:58:12.658Z,C99S394L,2026-08-09,2026-08-09,12:58:12,2026-08-09 12:58:12,,,,,,,,69eb8f1f108d9b87368ef89d,69eb8f1f108d9b87368ef89d,,,,
23001,hover_association,2,3,adv,20,2,17,18,76, writer ,1095,347,,69eb8f1f108d9b87368ef89d,69eb8f1f108d9b87368ef89d,advanced,2,69eb8f1f108d9b87368ef89d,69eb8f1f108d9b87368ef89d,spotlight_PROLIFIC,,42,brazil,Portuguese,"portuguese, english, spanish ",spanish,Portuguese:50|English:40|spanish:10,100,Portuguese:40|English:50|spanish:10,100,Portuguese:75|English:20|spanish:5,100,17,4,Bachelor's,10,10,10,6,7,9,4,20,7,17,Duolingo,150,,,,,22,25,C1,intermediate|advanced,intermediate|advanced,cambridge_22_25_intermediate_advanced,4,20,random,,313.26666259765625,1088.5999908447266,353.26666259765625,1143.5999755859375,6,10,hover,600,600,0.6254548854355928,0.7933334350585938,154,,,,,,2026-08-09T15:58:12.658Z,C99S394L,2026-08-09,2026-08-09,12:58:12,2026-08-09 12:58:12,,,,,,,,69eb8f1f108d9b87368ef89d,69eb8f1f108d9b87368ef89d,,,,
23018,hover_association,2,3,adv,20,2,17,18,77, of ,1148,345,,69eb8f1f108d9b87368ef89d,69eb8f1f108d9b87368ef89d,advanced,2,69eb8f1f108d9b87368ef89d,69eb8f1f108d9b87368ef89d,spotlight_PROLIFIC,,42,brazil,Portuguese,"portuguese, english, spanish ",spanish,Portuguese:50|English:40|spanish:10,100,Portuguese:40|English:50|spanish:10,100,Portuguese:75|English:20|spanish:5,100,17,4,Bachelor's,10,10,10,6,7,9,4,20,7,17,Duolingo,150,,,,,22,25,C1,intermediate|advanced,intermediate|advanced,cambridge_22_25_intermediate_advanced,4,20,random,,313.26666259765625,1143.5999755859375,353.26666259765625,1165.3666687011719,6,11,hover,17,17,0.20214482699638697,0.7933334350585938,154,,,,,,2026-08-09T15:58:12.658Z,C99S394L,2026-08-09,2026-08-09,12:58:12,2026-08-09 12:58:12,,,,,,,,69eb8f1f108d9b87368ef89d,69eb8f1f108d9b87368ef89d,,,,
23034,hover_association,2,3,adv,20,2,17,18,78, the ,1179,345,,69eb8f1f108d9b87368ef89d,69eb8f1f108d9b87368ef89d,advanced,2,69eb8f1f108d9b87368ef89d,69eb8f1f108d9b87368ef89d,spotlight_PROLIFIC,,42,brazil,Portuguese,"portuguese, english, spanish ",spanish,Portuguese:50|English:40|spanish:10,100,Portuguese:40|English:50|spanish:10,100,Portuguese:75|English:20|spanish:5,100,17,4,Bachelor's,10,10,10,6,7,9,4,20,7,17,Duolingo,150,,,,,22,25,C1,intermediate|advanced,intermediate|advanced,cambridge_22_25_intermediate_advanced,4,20,random,,313.26666259765625,1165.3666687011719,353.26666259765625,1197.8166732788086,6,12,hover,16,16,0.42013341681386657,0.7933334350585938,154,,,,,,2026-08-09T15:58:12.658Z,C99S394L,2026-08-09,2026-08-09,12:58:12,2026-08-09 12:58:12,,,,,,,,69eb8f1f108d9b87368ef89d,69eb8f1f108d9b87368ef89d,,,,
23039,raw_position_sample,2,3,adv,20,2,17,18,79, His ,1212,345,1533428,69eb8f1f108d9b87368ef89d,69eb8f1f108d9b87368ef89d,advanced,2,69eb8f1f108d9b87368ef89d,69eb8f1f108d9b87368ef89d,spotlight_PROLIFIC,,42,brazil,Portuguese,"portuguese, english, spanish ",spanish,Portuguese:50|English:40|spanish:10,100,Portuguese:40|English:50|spanish:10,100,Portuguese:75|English:20|spanish:5,100,17,4,Bachelor's,10,10,10,6,7,9,4,20,7,17,Duolingo,150,,,,,22,25,C1,intermediate|advanced,intermediate|advanced,cambridge_22_25_intermediate_advanced,4,20,random,,321.26666259765625,1197.816650390625,345.26666259765625,1229.0999908447266,6,13,,,,,,,,,,,,2026-08-09T15:58:12.658Z,C99S394L,2026-08-09,2026-08-09,12:58:12,2026-08-09 12:58:12,,,,,,,,69eb8f1f108d9b87368ef89d,69eb8f1f108d9b87368ef89d,,,,
23051,hover_association,2,3,adv,20,2,17,18,79, His ,1212,345,,69eb8f1f108d9b87368ef89d,69eb8f1f108d9b87368ef89d,advanced,2,69eb8f1f108d9b87368ef89d,69eb8f1f108d9b87368ef89d,spotlight_PROLIFIC,,42,brazil,Portuguese,"portuguese, english, spanish ",spanish,Portuguese:50|English:40|spanish:10,100,Portuguese:40|English:50|spanish:10,100,Portuguese:75|English:20|spanish:5,100,17,4,Bachelor's,10,10,10,6,7,9,4,20,7,17,Duolingo,150,,,,,22,25,C1,intermediate|advanced,intermediate|advanced,cambridge_22_25_intermediate_advanced,4,20,random,,313.26666259765625,1197.8166732788086,353.26666259765625,1229.099983215332,6,13,hover,17,17,0.45338318579365844,0.7933334350585938,154,,,,,,2026-08-09T15:58:12.658Z,C99S394L,2026-08-09,2026-08-09,12:58:12,2026-08-09 12:58:12,,,,,,,,69eb8f1f108d9b87368ef89d,69eb8f1f108d9b87368ef89d,,,,
23089,raw_position_sample,2,3,adv,20,2,17,18,80, Dark ,1272,345,1533477,69eb8f1f108d9b87368ef89d,69eb8f1f108d9b87368ef89d,advanced,2,69eb8f1f108d9b87368ef89d,69eb8f1f108d9b87368ef89d,spotlight_PROLIFIC,,42,brazil,Portuguese,"portuguese, english, spanish ",spanish,Portuguese:50|English:40|spanish:10,100,Portuguese:40|English:50|spanish:10,100,Portuguese:75|English:20|spanish:5,100,17,4,Bachelor's,10,10,10,6,7,9,4,20,7,17,Duolingo,150,,,,,22,25,C1,intermediate|advanced,intermediate|advanced,cambridge_22_25_intermediate_advanced,4,20,random,,321.26666259765625,1229.0999755859375,345.26666259765625,1269.38330078125,6,14,,,,,,,,,,,,2026-08-09T15:58:12.658Z,C99S394L,2026-08-09,2026-08-09,12:58:12,2026-08-09 12:58:12,,,,,,,,69eb8f1f108d9b87368ef89d,69eb8f1f108d9b87368ef89d,,,,
23140,raw_position_sample,2,3,adv,20,2,17,18,80, Dark ,1272,345,1533528,69eb8f1f108d9b87368ef89d,69eb8f1f108d9b87368ef89d,advanced,2,69eb8f1f108d9b87368ef89d,69eb8f1f108d9b87368ef89d,spotlight_PROLIFIC,,42,brazil,Portuguese,"portuguese, english, spanish ",spanish,Portuguese:50|English:40|spanish:10,100,Portuguese:40|English:50|spanish:10,100,Portuguese:75|English:20|spanish:5,100,17,4,Bachelor's,10,10,10,6,7,9,4,20,7,17,Duolingo,150,,,,,22,25,C1,intermediate|advanced,intermediate|advanced,cambridge_22_25_intermediate_advanced,4,20,random,,321.26666259765625,1229.0999755859375,345.26666259765625,1269.38330078125,6,14,,,,,,,,,,,,2026-08-09T15:58:12.658Z,C99S394L,2026-08-09,2026-08-09,12:58:12,2026-08-09 12:58:12,,,,,,,,69eb8f1f108d9b87368ef89d,69eb8f1f108d9b87368ef89d,,,,
23190,raw_position_sample,2,3,adv,20,2,17,18,80, Dark ,1272,345,1533578,69eb8f1f108d9b87368ef89d,69eb8f1f108d9b87368ef89d,advanced,2,69eb8f1f108d9b87368ef89d,69eb8f1f108d9b87368ef89d,spotlight_PROLIFIC,,42,brazil,Portuguese,"portuguese, english, spanish ",spanish,Portuguese:50|English:40|spanish:10,100,Portuguese:40|English:50|spanish:10,100,Portuguese:75|English:20|spanish:5,100,17,4,Bachelor's,10,10,10,6,7,9,4,20,7,17,Duolingo,150,,,,,22,25,C1,intermediate|advanced,intermediate|advanced,cambridge_22_25_intermediate_advanced,4,20,random,,321.26666259765625,1229.0999755859375,345.26666259765625,1269.38330078125,6,14,,,,,,,,,,,,2026-08-09T15:58:12.658Z,C99S394L,2026-08-09,2026-08-09,12:58:12,2026-08-09 12:58:12,,,,,,,,69eb8f1f108d9b87368ef89d,69eb8f1f108d9b87368ef89d,,,,
23240,raw_position_sample,2,3,adv,20,2,17,18,80, Dark ,1272,345,1533628,69eb8f1f108d9b87368ef89d,69eb8f1f108d9b87368ef89d,advanced,2,69eb8f1f108d9b87368ef89d,69eb8f1f108d9b87368ef89d,spotlight_PROLIFIC,,42,brazil,Portuguese,"portuguese, english, spanish ",spanish,Portuguese:50|English:40|spanish:10,100,Portuguese:40|English:50|spanish:10,100,Portuguese:75|English:20|spanish:5,100,17,4,Bachelor's,10,10,10,6,7,9,4,20,7,17,Duolingo,150,,,,,22,25,C1,intermediate|advanced,intermediate|advanced,cambridge_22_25_intermediate_advanced,4,20,random,,321.26666259765625,1229.0999755859375,345.26666259765625,1269.38330078125,6,14,,,,,,,,,,,,2026-08-09T15:58:12.658Z,C99S394L,2026-08-09,2026-08-09,12:58:12,2026-08-09 12:58:12,,,,,,,,69eb8f1f108d9b87368ef89d,69eb8f1f108d9b87368ef89d,,,,
23290,raw_position_sample,2,3,adv,20,2,17,18,80, Dark ,1272,345,1533678,69eb8f1f108d9b87368ef89d,69eb8f1f108d9b87368ef89d,advanced,2,69eb8f1f108d9b87368ef89d,69eb8f1f108d9b87368ef89d,spotlight_PROLIFIC,,42,brazil,Portuguese,"portuguese, english, spanish ",spanish,Portuguese:50|English:40|spanish:10,100,Portuguese:40|English:50|spanish:10,100,Portuguese:75|English:20|spanish:5,100,17,4,Bachelor's,10,10,10,6,7,9,4,20,7,17,Duolingo,150,,,,,22,25,C1,intermediate|advanced,intermediate|advanced,cambridge_22_25_intermediate_advanced,4,20,random,,321.26666259765625,1229.0999755859375,345.26666259765625,1269.38330078125,6,14,,,,,,,,,,,,2026-08-09T15:58:12.658Z,C99S394L,2026-08-09,2026-08-09,12:58:12,2026-08-09 12:58:12,,,,,,,,69eb8f1f108d9b87368ef89d,69eb8f1f108d9b87368ef89d,,,,
23340,raw_position_sample,2,3,adv,20,2,17,18,80, Dark ,1272,345,1533728,69eb8f1f108d9b87368ef89d,69eb8f1f108d9b87368ef89d,advanced,2,69eb8f1f108d9b87368ef89d,69eb8f1f108d9b87368ef89d,spotlight_PROLIFIC,,42,brazil,Portuguese,"portuguese, english, spanish ",spanish,Portuguese:50|English:40|spanish:10,100,Portuguese:40|English:50|spanish:10,100,Portuguese:75|English:20|spanish:5,100,17,4,Bachelor's,10,10,10,6,7,9,4,20,7,17,Duolingo,150,,,,,22,25,C1,intermediate|advanced,intermediate|advanced,cambridge_22_25_intermediate_advanced,4,20,random,,321.26666259765625,1229.0999755859375,345.26666259765625,1269.38330078125,6,14,,,,,,,,,,,,2026-08-09T15:58:12.658Z,C99S394L,2026-08-09,2026-08-09,12:58:12,2026-08-09 12:58:12,,,,,,,,69eb8f1f108d9b87368ef89d,69eb8f1f108d9b87368ef89d,,,,
23391,raw_position_sample,2,3,adv,20,2,17,18,80, Dark ,1271,345,1533779,69eb8f1f108d9b87368ef89d,69eb8f1f108d9b87368ef89d,advanced,2,69eb8f1f108d9b87368ef89d,69eb8f1f108d9b87368ef89d,spotlight_PROLIFIC,,42,brazil,Portuguese,"portuguese, english, spanish ",spanish,Portuguese:50|English:40|spanish:10,100,Portuguese:40|English:50|spanish:10,100,Portuguese:75|English:20|spanish:5,100,17,4,Bachelor's,10,10,10,6,7,9,4,20,7,17,Duolingo,150,,,,,22,25,C1,intermediate|advanced,intermediate|advanced,cambridge_22_25_intermediate_advanced,4,20,random,,321.26666259765625,1229.0999755859375,345.26666259765625,1269.38330078125,6,14,,,,,,,,,,,,2026-08-09T15:58:12.658Z,C99S394L,2026-08-09,2026-08-09,12:58:12,2026-08-09 12:58:12,,,,,,,,69eb8f1f108d9b87368ef89d,69eb8f1f108d9b87368ef89d,,,,
23441,raw_position_sample,2,3,adv,20,2,17,18,80, Dark ,1259,344,1533829,69eb8f1f108d9b87368ef89d,69eb8f1f108d9b87368ef89d,advanced,2,69eb8f1f108d9b87368ef89d,69eb8f1f108d9b87368ef89d,spotlight_PROLIFIC,,42,brazil,Portuguese,"portuguese, english, spanish ",spanish,Portuguese:50|English:40|spanish:10,100,Portuguese:40|English:50|spanish:10,100,Portuguese:75|English:20|spanish:5,100,17,4,Bachelor's,10,10,10,6,7,9,4,20,7,17,Duolingo,150,,,,,22,25,C1,intermediate|advanced,intermediate|advanced,cambridge_22_25_intermediate_advanced,4,20,random,,321.26666259765625,1229.0999755859375,345.26666259765625,1269.38330078125,6,14,,,,,,,,,,,,2026-08-09T15:58:12.658Z,C99S394L,2026-08-09,2026-08-09,12:58:12,2026-08-09 12:58:12,,,,,,,,69eb8f1f108d9b87368ef89d,69eb8f1f108d9b87368ef89d,,,,
23484,hover_association,2,3,adv,20,2,17,18,80, Dark ,1241,345,,69eb8f1f108d9b87368ef89d,69eb8f1f108d9b87368ef89d,advanced,2,69eb8f1f108d9b87368ef89d,69eb8f1f108d9b87368ef89d,spotlight_PROLIFIC,,42,brazil,Portuguese,"portuguese, english, spanish ",spanish,Portuguese:50|English:40|spanish:10,100,Portuguese:40|English:50|spanish:10,100,Portuguese:75|English:20|spanish:5,100,17,4,Bachelor's,10,10,10,6,7,9,4,20,7,17,Duolingo,150,,,,,22,25,C1,intermediate|advanced,intermediate|advanced,cambridge_22_25_intermediate_advanced,4,20,random,,313.26666259765625,1229.099983215332,353.26666259765625,1272.9471893310547,6,14,hover,433,433,0.20297796765382997,0.7683334350585938,154,,,,,,2026-08-09T15:58:12.658Z,C99S394L,2026-08-09,2026-08-09,12:58:12,2026-08-09 12:58:12,,,,,,,,69eb8f1f108d9b87368ef89d,69eb8f1f108d9b87368ef89d,,,,
23491,raw_position_sample,2,3,adv,20,2,17,18,79, His ,1229,344,1533880,69eb8f1f108d9b87368ef89d,69eb8f1f108d9b87368ef89d,advanced,2,69eb8f1f108d9b87368ef89d,69eb8f1f108d9b87368ef89d,spotlight_PROLIFIC,,42,brazil,Portuguese,"portuguese, english, spanish ",spanish,Portuguese:50|English:40|spanish:10,100,Portuguese:40|English:50|spanish:10,100,Portuguese:75|English:20|spanish:5,100,17,4,Bachelor's,10,10,10,6,7,9,4,20,7,17,Duolingo,150,,,,,22,25,C1,intermediate|advanced,intermediate|advanced,cambridge_22_25_intermediate_advanced,4,20,random,,321.26666259765625,1197.816650390625,345.26666259765625,1229.0999908447266,6,13,,,,,,,,,,,,2026-08-09T15:58:12.658Z,C99S394L,2026-08-09,2026-08-09,12:58:12,2026-08-09 12:58:12,,,,,,,,69eb8f1f108d9b87368ef89d,69eb8f1f108d9b87368ef89d,,,,
23542,raw_position_sample,2,3,adv,20,2,17,18,79, His ,1204,345,1533930,69eb8f1f108d9b87368ef89d,69eb8f1f108d9b87368ef89d,advanced,2,69eb8f1f108d9b87368ef89d,69eb8f1f108d9b87368ef89d,spotlight_PROLIFIC,,42,brazil,Portuguese,"portuguese, english, spanish ",spanish,Portuguese:50|English:40|spanish:10,100,Portuguese:40|English:50|spanish:10,100,Portuguese:75|English:20|spanish:5,100,17,4,Bachelor's,10,10,10,6,7,9,4,20,7,17,Duolingo,150,,,,,22,25,C1,intermediate|advanced,intermediate|advanced,cambridge_22_25_intermediate_advanced,4,20,random,,321.26666259765625,1197.816650390625,345.26666259765625,1229.0999908447266,6,13,,,,,,,,,,,,2026-08-09T15:58:12.658Z,C99S394L,2026-08-09,2026-08-09,12:58:12,2026-08-09 12:58:12,,,,,,,,69eb8f1f108d9b87368ef89d,69eb8f1f108d9b87368ef89d,,,,
23591,raw_position_sample,2,3,adv,20,2,17,18,79, His ,1199,345,1533980,69eb8f1f108d9b87368ef89d,69eb8f1f108d9b87368ef89d,advanced,2,69eb8f1f108d9b87368ef89d,69eb8f1f108d9b87368ef89d,spotlight_PROLIFIC,,42,brazil,Portuguese,"portuguese, english, spanish ",spanish,Portuguese:50|English:40|spanish:10,100,Portuguese:40|English:50|spanish:10,100,Portuguese:75|English:20|spanish:5,100,17,4,Bachelor's,10,10,10,6,7,9,4,20,7,17,Duolingo,150,,,,,22,25,C1,intermediate|advanced,intermediate|advanced,cambridge_22_25_intermediate_advanced,4,20,random,,321.26666259765625,1197.816650390625,345.26666259765625,1229.0999908447266,6,13,,,,,,,,,,,,2026-08-09T15:58:12.658Z,C99S394L,2026-08-09,2026-08-09,12:58:12,2026-08-09 12:58:12,,,,,,,,69eb8f1f108d9b87368ef89d,69eb8f1f108d9b87368ef89d,,,,
23642,raw_position_sample,2,3,adv,20,2,17,18,79, His ,1199,345,1534031,69eb8f1f108d9b87368ef89d,69eb8f1f108d9b87368ef89d,advanced,2,69eb8f1f108d9b87368ef89d,69eb8f1f108d9b87368ef89d,spotlight_PROLIFIC,,42,brazil,Portuguese,"portuguese, english, spanish ",spanish,Portuguese:50|English:40|spanish:10,100,Portuguese:40|English:50|spanish:10,100,Portuguese:75|English:20|spanish:5,100,17,4,Bachelor's,10,10,10,6,7,9,4,20,7,17,Duolingo,150,,,,,22,25,C1,intermediate|advanced,intermediate|advanced,cambridge_22_25_intermediate_advanced,4,20,random,,321.26666259765625,1197.816650390625,345.26666259765625,1229.0999908447266,6,13,,,,,,,,,,,,2026-08-09T15:58:12.658Z,C99S394L,2026-08-09,2026-08-09,12:58:12,2026-08-09 12:58:12,,,,,,,,69eb8f1f108d9b87368ef89d,69eb8f1f108d9b87368ef89d,,,,
23692,raw_position_sample,2,3,adv,20,2,17,18,79, His ,1199,345,1534081,69eb8f1f108d9b87368ef89d,69eb8f1f108d9b87368ef89d,advanced,2,69eb8f1f108d9b87368ef89d,69eb8f1f108d9b87368ef89d,spotlight_PROLIFIC,,42,brazil,Portuguese,"portuguese, english, spanish ",spanish,Portuguese:50|English:40|spanish:10,100,Portuguese:40|English:50|spanish:10,100,Portuguese:75|English:20|spanish:5,100,17,4,Bachelor's,10,10,10,6,7,9,4,20,7,17,Duolingo,150,,,,,22,25,C1,intermediate|advanced,intermediate|advanced,cambridge_22_25_intermediate_advanced,4,20,random,,321.26666259765625,1197.816650390625,345.26666259765625,1229.0999908447266,6,13,,,,,,,,,,,,2026-08-09T15:58:12.658Z,C99S394L,2026-08-09,2026-08-09,12:58:12,2026-08-09 12:58:12,,,,,,,,69eb8f1f108d9b87368ef89d,69eb8f1f108d9b87368ef89d,,,,
23728,hover_association,2,3,adv,20,2,17,18,79, His ,1229,344,,69eb8f1f108d9b87368ef89d,69eb8f1f108d9b87368ef89d,advanced,2,69eb8f1f108d9b87368ef89d,69eb8f1f108d9b87368ef89d,spotlight_PROLIFIC,,42,brazil,Portuguese,"portuguese, english, spanish ",spanish,Portuguese:50|English:40|spanish:10,100,Portuguese:40|English:50|spanish:10,100,Portuguese:75|English:20|spanish:5,100,17,4,Bachelor's,10,10,10,6,7,9,4,20,7,17,Duolingo,150,,,,,22,25,C1,intermediate|advanced,intermediate|advanced,cambridge_22_25_intermediate_advanced,4,20,random,,313.26666259765625,1197.8166732788086,353.26666259765625,1229.099983215332,6,13,hover,244,244,0.005860208576502683,0.7933334350585938,154,,,,,,2026-08-09T15:58:12.658Z,C99S394L,2026-08-09,2026-08-09,12:58:12,2026-08-09 12:58:12,,,,,,,,69eb8f1f108d9b87368ef89d,69eb8f1f108d9b87368ef89d,,,,
23742,raw_position_sample,2,3,adv,20,2,17,18,78, the ,1194,345,1534131,69eb8f1f108d9b87368ef89d,69eb8f1f108d9b87368ef89d,advanced,2,69eb8f1f108d9b87368ef89d,69eb8f1f108d9b87368ef89d,spotlight_PROLIFIC,,42,brazil,Portuguese,"portuguese, english, spanish ",spanish,Portuguese:50|English:40|spanish:10,100,Portuguese:40|English:50|spanish:10,100,Portuguese:75|English:20|spanish:5,100,17,4,Bachelor's,10,10,10,6,7,9,4,20,7,17,Duolingo,150,,,,,22,25,C1,intermediate|advanced,intermediate|advanced,cambridge_22_25_intermediate_advanced,4,20,random,,321.26666259765625,1165.36669921875,345.26666259765625,1197.8166961669922,6,12,,,,,,,,,,,,2026-08-09T15:58:12.658Z,C99S394L,2026-08-09,2026-08-09,12:58:12,2026-08-09 12:58:12,,,,,,,,69eb8f1f108d9b87368ef89d,69eb8f1f108d9b87368ef89d,,,,
23784,hover_association,2,3,adv,20,2,17,18,78, the ,1196,345,,69eb8f1f108d9b87368ef89d,69eb8f1f108d9b87368ef89d,advanced,2,69eb8f1f108d9b87368ef89d,69eb8f1f108d9b87368ef89d,spotlight_PROLIFIC,,42,brazil,Portuguese,"portuguese, english, spanish ",spanish,Portuguese:50|English:40|spanish:10,100,Portuguese:40|English:50|spanish:10,100,Portuguese:75|English:20|spanish:5,100,17,4,Bachelor's,10,10,10,6,7,9,4,20,7,17,Duolingo,150,,,,,22,25,C1,intermediate|advanced,intermediate|advanced,cambridge_22_25_intermediate_advanced,4,20,random,,313.26666259765625,1165.3666687011719,353.26666259765625,1197.8166732788086,6,12,hover,56,56,0.38931678017495647,0.7183334350585937,154,,,,,,2026-08-09T15:58:12.658Z,C99S394L,2026-08-09,2026-08-09,12:58:12,2026-08-09 12:58:12,,,,,,,,69eb8f1f108d9b87368ef89d,69eb8f1f108d9b87368ef89d,,,,
23798,raw_position_sample,2,3,adv,20,2,17,18,77, of ,1158,341,1534187,69eb8f1f108d9b87368ef89d,69eb8f1f108d9b87368ef89d,advanced,2,69eb8f1f108d9b87368ef89d,69eb8f1f108d9b87368ef89d,spotlight_PROLIFIC,,42,brazil,Portuguese,"portuguese, english, spanish ",spanish,Portuguese:50|English:40|spanish:10,100,Portuguese:40|English:50|spanish:10,100,Portuguese:75|English:20|spanish:5,100,17,4,Bachelor's,10,10,10,6,7,9,4,20,7,17,Duolingo,150,,,,,22,25,C1,intermediate|advanced,intermediate|advanced,cambridge_22_25_intermediate_advanced,4,20,random,,321.26666259765625,1143.5999755859375,345.26666259765625,1165.3666381835938,6,11,,,,,,,,,,,,2026-08-09T15:58:12.658Z,C99S394L,2026-08-09,2026-08-09,12:58:12,2026-08-09 12:58:12,,,,,,,,69eb8f1f108d9b87368ef89d,69eb8f1f108d9b87368ef89d,,,,
23801,hover_association,2,3,adv,20,2,17,18,77, of ,1158,341,,69eb8f1f108d9b87368ef89d,69eb8f1f108d9b87368ef89d,advanced,2,69eb8f1f108d9b87368ef89d,69eb8f1f108d9b87368ef89d,spotlight_PROLIFIC,,42,brazil,Portuguese,"portuguese, english, spanish ",spanish,Portuguese:50|English:40|spanish:10,100,Portuguese:40|English:50|spanish:10,100,Portuguese:75|English:20|spanish:5,100,17,4,Bachelor's,10,10,10,6,7,9,4,20,7,17,Duolingo,150,,,,,22,25,C1,intermediate|advanced,intermediate|advanced,cambridge_22_25_intermediate_advanced,4,20,random,,313.26666259765625,1143.5999755859375,353.26666259765625,1165.3666687011719,6,11,hover,17,17,0.6615623392045717,0.6933334350585938,154,,,,,,2026-08-09T15:58:12.658Z,C99S394L,2026-08-09,2026-08-09,12:58:12,2026-08-09 12:58:12,,,,,,,,69eb8f1f108d9b87368ef89d,69eb8f1f108d9b87368ef89d,,,,
23834,hover_association,2,3,adv,20,2,17,18,76, writer ,1133,339,,69eb8f1f108d9b87368ef89d,69eb8f1f108d9b87368ef89d,advanced,2,69eb8f1f108d9b87368ef89d,69eb8f1f108d9b87368ef89d,spotlight_PROLIFIC,,42,brazil,Portuguese,"portuguese, english, spanish ",spanish,Portuguese:50|English:40|spanish:10,100,Portuguese:40|English:50|spanish:10,100,Portuguese:75|English:20|spanish:5,100,17,4,Bachelor's,10,10,10,6,7,9,4,20,7,17,Duolingo,150,,,,,22,25,C1,intermediate|advanced,intermediate|advanced,cambridge_22_25_intermediate_advanced,4,20,random,,313.26666259765625,1088.5999908447266,353.26666259765625,1143.5999755859375,6,10,hover,33,33,0.31636389059278747,0.5933334350585937,154,,,,,,2026-08-09T15:58:12.658Z,C99S394L,2026-08-09,2026-08-09,12:58:12,2026-08-09 12:58:12,,,,,,,,69eb8f1f108d9b87368ef89d,69eb8f1f108d9b87368ef89d,,,,
23849,raw_position_sample,2,3,adv,20,2,17,18,75," Pullman, ",1085,335,1534237,69eb8f1f108d9b87368ef89d,69eb8f1f108d9b87368ef89d,advanced,2,69eb8f1f108d9b87368ef89d,69eb8f1f108d9b87368ef89d,spotlight_PROLIFIC,,42,brazil,Portuguese,"portuguese, english, spanish ",spanish,Portuguese:50|English:40|spanish:10,100,Portuguese:40|English:50|spanish:10,100,Portuguese:75|English:20|spanish:5,100,17,4,Bachelor's,10,10,10,6,7,9,4,20,7,17,Duolingo,150,,,,,22,25,C1,intermediate|advanced,intermediate|advanced,cambridge_22_25_intermediate_advanced,4,20,random,,321.26666259765625,1009.75,345.26666259765625,1088.6000061035156,6,9,,,,,,,,,,,,2026-08-09T15:58:12.658Z,C99S394L,2026-08-09,2026-08-09,12:58:12,2026-08-09 12:58:12,,,,,,,,69eb8f1f108d9b87368ef89d,69eb8f1f108d9b87368ef89d,,,,
23899,raw_position_sample,2,3,adv,20,2,17,18,75," Pullman, ",1067,335,1534287,69eb8f1f108d9b87368ef89d,69eb8f1f108d9b87368ef89d,advanced,2,69eb8f1f108d9b87368ef89d,69eb8f1f108d9b87368ef89d,spotlight_PROLIFIC,,42,brazil,Portuguese,"portuguese, english, spanish ",spanish,Portuguese:50|English:40|spanish:10,100,Portuguese:40|English:50|spanish:10,100,Portuguese:75|English:20|spanish:5,100,17,4,Bachelor's,10,10,10,6,7,9,4,20,7,17,Duolingo,150,,,,,22,25,C1,intermediate|advanced,intermediate|advanced,cambridge_22_25_intermediate_advanced,4,20,random,,321.26666259765625,1009.75,345.26666259765625,1088.6000061035156,6,9,,,,,,,,,,,,2026-08-09T15:58:12.658Z,C99S394L,2026-08-09,2026-08-09,12:58:12,2026-08-09 12:58:12,,,,,,,,69eb8f1f108d9b87368ef89d,69eb8f1f108d9b87368ef89d,,,,
23949,raw_position_sample,2,3,adv,20,2,17,18,75," Pullman, ",1068,335,1534337,69eb8f1f108d9b87368ef89d,69eb8f1f108d9b87368ef89d,advanced,2,69eb8f1f108d9b87368ef89d,69eb8f1f108d9b87368ef89d,spotlight_PROLIFIC,,42,brazil,Portuguese,"portuguese, english, spanish ",spanish,Portuguese:50|English:40|spanish:10,100,Portuguese:40|English:50|spanish:10,100,Portuguese:75|English:20|spanish:5,100,17,4,Bachelor's,10,10,10,6,7,9,4,20,7,17,Duolingo,150,,,,,22,25,C1,intermediate|advanced,intermediate|advanced,cambridge_22_25_intermediate_advanced,4,20,random,,321.26666259765625,1009.75,345.26666259765625,1088.6000061035156,6,9,,,,,,,,,,,,2026-08-09T15:58:12.658Z,C99S394L,2026-08-09,2026-08-09,12:58:12,2026-08-09 12:58:12,,,,,,,,69eb8f1f108d9b87368ef89d,69eb8f1f108d9b87368ef89d,,,,
23999,raw_position_sample,2,3,adv,20,2,17,18,75," Pullman, ",1072,334,1534388,69eb8f1f108d9b87368ef89d,69eb8f1f108d9b87368ef89d,advanced,2,69eb8f1f108d9b87368ef89d,69eb8f1f108d9b87368ef89d,spotlight_PROLIFIC,,42,brazil,Portuguese,"portuguese, english, spanish ",spanish,Portuguese:50|English:40|spanish:10,100,Portuguese:40|English:50|spanish:10,100,Portuguese:75|English:20|spanish:5,100,17,4,Bachelor's,10,10,10,6,7,9,4,20,7,17,Duolingo,150,,,,,22,25,C1,intermediate|advanced,intermediate|advanced,cambridge_22_25_intermediate_advanced,4,20,random,,321.26666259765625,1009.75,345.26666259765625,1088.6000061035156,6,9,,,,,,,,,,,,2026-08-09T15:58:12.658Z,C99S394L,2026-08-09,2026-08-09,12:58:12,2026-08-09 12:58:12,,,,,,,,69eb8f1f108d9b87368ef89d,69eb8f1f108d9b87368ef89d,,,,
24034,hover_association,2,3,adv,20,2,17,18,75," Pullman, ",1085,335,,69eb8f1f108d9b87368ef89d,69eb8f1f108d9b87368ef89d,advanced,2,69eb8f1f108d9b87368ef89d,69eb8f1f108d9b87368ef89d,spotlight_PROLIFIC,,42,brazil,Portuguese,"portuguese, english, spanish ",spanish,Portuguese:50|English:40|spanish:10,100,Portuguese:40|English:50|spanish:10,100,Portuguese:75|English:20|spanish:5,100,17,4,Bachelor's,10,10,10,6,7,9,4,20,7,17,Duolingo,150,,,,,22,25,C1,intermediate|advanced,intermediate|advanced,cambridge_22_25_intermediate_advanced,4,20,random,,313.26666259765625,1009.7500076293945,353.26666259765625,1088.5999908447266,6,9,hover,201,201,0.9416614860631687,0.5183334350585938,154,,,,,,2026-08-09T15:58:12.658Z,C99S394L,2026-08-09,2026-08-09,12:58:12,2026-08-09 12:58:12,,,,,,,,69eb8f1f108d9b87368ef89d,69eb8f1f108d9b87368ef89d,,,,
24049,raw_position_sample,2,3,adv,20,2,17,18,76, writer ,1093,334,1534438,69eb8f1f108d9b87368ef89d,69eb8f1f108d9b87368ef89d,advanced,2,69eb8f1f108d9b87368ef89d,69eb8f1f108d9b87368ef89d,spotlight_PROLIFIC,,42,brazil,Portuguese,"portuguese, english, spanish ",spanish,Portuguese:50|English:40|spanish:10,100,Portuguese:40|English:50|spanish:10,100,Portuguese:75|English:20|spanish:5,100,17,4,Bachelor's,10,10,10,6,7,9,4,20,7,17,Duolingo,150,,,,,22,25,C1,intermediate|advanced,intermediate|advanced,cambridge_22_25_intermediate_advanced,4,20,random,,321.26666259765625,1088.5999755859375,345.26666259765625,1143.5999755859375,6,10,,,,,,,,,,,,2026-08-09T15:58:12.658Z,C99S394L,2026-08-09,2026-08-09,12:58:12,2026-08-09 12:58:12,,,,,,,,69eb8f1f108d9b87368ef89d,69eb8f1f108d9b87368ef89d,,,,
24100,raw_position_sample,2,3,adv,20,2,17,18,76, writer ,1131,334,1534488,69eb8f1f108d9b87368ef89d,69eb8f1f108d9b87368ef89d,advanced,2,69eb8f1f108d9b87368ef89d,69eb8f1f108d9b87368ef89d,spotlight_PROLIFIC,,42,brazil,Portuguese,"portuguese, english, spanish ",spanish,Portuguese:50|English:40|spanish:10,100,Portuguese:40|English:50|spanish:10,100,Portuguese:75|English:20|spanish:5,100,17,4,Bachelor's,10,10,10,6,7,9,4,20,7,17,Duolingo,150,,,,,22,25,C1,intermediate|advanced,intermediate|advanced,cambridge_22_25_intermediate_advanced,4,20,random,,321.26666259765625,1088.5999755859375,345.26666259765625,1143.5999755859375,6,10,,,,,,,,,,,,2026-08-09T15:58:12.658Z,C99S394L,2026-08-09,2026-08-09,12:58:12,2026-08-09 12:58:12,,,,,,,,69eb8f1f108d9b87368ef89d,69eb8f1f108d9b87368ef89d,,,,
24101,hover_association,2,3,adv,20,2,17,18,76, writer ,1093,334,,69eb8f1f108d9b87368ef89d,69eb8f1f108d9b87368ef89d,advanced,2,69eb8f1f108d9b87368ef89d,69eb8f1f108d9b87368ef89d,spotlight_PROLIFIC,,42,brazil,Portuguese,"portuguese, english, spanish ",spanish,Portuguese:50|English:40|spanish:10,100,Portuguese:40|English:50|spanish:10,100,Portuguese:75|English:20|spanish:5,100,17,4,Bachelor's,10,10,10,6,7,9,4,20,7,17,Duolingo,150,,,,,22,25,C1,intermediate|advanced,intermediate|advanced,cambridge_22_25_intermediate_advanced,4,20,random,,313.26666259765625,1088.5999908447266,353.26666259765625,1143.5999755859375,6,10,hover,65,65,0.7709094712439717,0.5183334350585938,154,,,,,,2026-08-09T15:58:12.658Z,C99S394L,2026-08-09,2026-08-09,12:58:12,2026-08-09 12:58:12,,,,,,,,69eb8f1f108d9b87368ef89d,69eb8f1f108d9b87368ef89d,,,,
24134,hover_association,2,3,adv,20,2,17,18,77, of ,1147,334,,69eb8f1f108d9b87368ef89d,69eb8f1f108d9b87368ef89d,advanced,2,69eb8f1f108d9b87368ef89d,69eb8f1f108d9b87368ef89d,spotlight_PROLIFIC,,42,brazil,Portuguese,"portuguese, english, spanish ",spanish,Portuguese:50|English:40|spanish:10,100,Portuguese:40|English:50|spanish:10,100,Portuguese:75|English:20|spanish:5,100,17,4,Bachelor's,10,10,10,6,7,9,4,20,7,17,Duolingo,150,,,,,22,25,C1,intermediate|advanced,intermediate|advanced,cambridge_22_25_intermediate_advanced,4,20,random,,313.26666259765625,1143.5999755859375,353.26666259765625,1165.3666687011719,6,11,hover,34,34,0.6615623392045717,0.5183334350585938,154,,,,,,2026-08-09T15:58:12.658Z,C99S394L,2026-08-09,2026-08-09,12:58:12,2026-08-09 12:58:12,,,,,,,,69eb8f1f108d9b87368ef89d,69eb8f1f108d9b87368ef89d,,,,
24150,raw_position_sample,2,3,adv,20,2,17,18,78, the ,1166,334,1534538,69eb8f1f108d9b87368ef89d,69eb8f1f108d9b87368ef89d,advanced,2,69eb8f1f108d9b87368ef89d,69eb8f1f108d9b87368ef89d,spotlight_PROLIFIC,,42,brazil,Portuguese,"portuguese, english, spanish ",spanish,Portuguese:50|English:40|spanish:10,100,Portuguese:40|English:50|spanish:10,100,Portuguese:75|English:20|spanish:5,100,17,4,Bachelor's,10,10,10,6,7,9,4,20,7,17,Duolingo,150,,,,,22,25,C1,intermediate|advanced,intermediate|advanced,cambridge_22_25_intermediate_advanced,4,20,random,,321.26666259765625,1165.36669921875,345.26666259765625,1197.8166961669922,6,12,,,,,,,,,,,,2026-08-09T15:58:12.658Z,C99S394L,2026-08-09,2026-08-09,12:58:12,2026-08-09 12:58:12,,,,,,,,69eb8f1f108d9b87368ef89d,69eb8f1f108d9b87368ef89d,,,,
24200,raw_position_sample,2,3,adv,20,2,17,18,78, the ,1170,334,1534588,69eb8f1f108d9b87368ef89d,69eb8f1f108d9b87368ef89d,advanced,2,69eb8f1f108d9b87368ef89d,69eb8f1f108d9b87368ef89d,spotlight_PROLIFIC,,42,brazil,Portuguese,"portuguese, english, spanish ",spanish,Portuguese:50|English:40|spanish:10,100,Portuguese:40|English:50|spanish:10,100,Portuguese:75|English:20|spanish:5,100,17,4,Bachelor's,10,10,10,6,7,9,4,20,7,17,Duolingo,150,,,,,22,25,C1,intermediate|advanced,intermediate|advanced,cambridge_22_25_intermediate_advanced,4,20,random,,321.26666259765625,1165.36669921875,345.26666259765625,1197.8166961669922,6,12,,,,,,,,,,,,2026-08-09T15:58:12.658Z,C99S394L,2026-08-09,2026-08-09,12:58:12,2026-08-09 12:58:12,,,,,,,,69eb8f1f108d9b87368ef89d,69eb8f1f108d9b87368ef89d,,,,
24250,raw_position_sample,2,3,adv,20,2,17,18,78, the ,1170,334,1534639,69eb8f1f108d9b87368ef89d,69eb8f1f108d9b87368ef89d,advanced,2,69eb8f1f108d9b87368ef89d,69eb8f1f108d9b87368ef89d,spotlight_PROLIFIC,,42,brazil,Portuguese,"portuguese, english, spanish ",spanish,Portuguese:50|English:40|spanish:10,100,Portuguese:40|English:50|spanish:10,100,Portuguese:75|English:20|spanish:5,100,17,4,Bachelor's,10,10,10,6,7,9,4,20,7,17,Duolingo,150,,,,,22,25,C1,intermediate|advanced,intermediate|advanced,cambridge_22_25_intermediate_advanced,4,20,random,,321.26666259765625,1165.36669921875,345.26666259765625,1197.8166961669922,6,12,,,,,,,,,,,,2026-08-09T15:58:12.658Z,C99S394L,2026-08-09,2026-08-09,12:58:12,2026-08-09 12:58:12,,,,,,,,69eb8f1f108d9b87368ef89d,69eb8f1f108d9b87368ef89d,,,,
24301,raw_position_sample,2,3,adv,20,2,17,18,78, the ,1173,334,1534689,69eb8f1f108d9b87368ef89d,69eb8f1f108d9b87368ef89d,advanced,2,69eb8f1f108d9b87368ef89d,69eb8f1f108d9b87368ef89d,spotlight_PROLIFIC,,42,brazil,Portuguese,"portuguese, english, spanish ",spanish,Portuguese:50|English:40|spanish:10,100,Portuguese:40|English:50|spanish:10,100,Portuguese:75|English:20|spanish:5,100,17,4,Bachelor's,10,10,10,6,7,9,4,20,7,17,Duolingo,150,,,,,22,25,C1,intermediate|advanced,intermediate|advanced,cambridge_22_25_intermediate_advanced,4,20,random,,321.26666259765625,1165.36669921875,345.26666259765625,1197.8166961669922,6,12,,,,,,,,,,,,2026-08-09T15:58:12.658Z,C99S394L,2026-08-09,2026-08-09,12:58:12,2026-08-09 12:58:12,,,,,,,,69eb8f1f108d9b87368ef89d,69eb8f1f108d9b87368ef89d,,,,
24352,raw_position_sample,2,3,adv,20,2,17,18,78, the ,1181,334,1534740,69eb8f1f108d9b87368ef89d,69eb8f1f108d9b87368ef89d,advanced,2,69eb8f1f108d9b87368ef89d,69eb8f1f108d9b87368ef89d,spotlight_PROLIFIC,,42,brazil,Portuguese,"portuguese, english, spanish ",spanish,Portuguese:50|English:40|spanish:10,100,Portuguese:40|English:50|spanish:10,100,Portuguese:75|English:20|spanish:5,100,17,4,Bachelor's,10,10,10,6,7,9,4,20,7,17,Duolingo,150,,,,,22,25,C1,intermediate|advanced,intermediate|advanced,cambridge_22_25_intermediate_advanced,4,20,random,,321.26666259765625,1165.36669921875,345.26666259765625,1197.8166961669922,6,12,,,,,,,,,,,,2026-08-09T15:58:12.658Z,C99S394L,2026-08-09,2026-08-09,12:58:12,2026-08-09 12:58:12,,,,,,,,69eb8f1f108d9b87368ef89d,69eb8f1f108d9b87368ef89d,,,,
24402,raw_position_sample,2,3,adv,20,2,17,18,78, the ,1197,334,1534791,69eb8f1f108d9b87368ef89d,69eb8f1f108d9b87368ef89d,advanced,2,69eb8f1f108d9b87368ef89d,69eb8f1f108d9b87368ef89d,spotlight_PROLIFIC,,42,brazil,Portuguese,"portuguese, english, spanish ",spanish,Portuguese:50|English:40|spanish:10,100,Portuguese:40|English:50|spanish:10,100,Portuguese:75|English:20|spanish:5,100,17,4,Bachelor's,10,10,10,6,7,9,4,20,7,17,Duolingo,150,,,,,22,25,C1,intermediate|advanced,intermediate|advanced,cambridge_22_25_intermediate_advanced,4,20,random,,321.26666259765625,1165.36669921875,345.26666259765625,1197.8166961669922,6,12,,,,,,,,,,,,2026-08-09T15:58:12.658Z,C99S394L,2026-08-09,2026-08-09,12:58:12,2026-08-09 12:58:12,,,,,,,,69eb8f1f108d9b87368ef89d,69eb8f1f108d9b87368ef89d,,,,
24418,hover_association,2,3,adv,20,2,17,18,78, the ,1166,334,,69eb8f1f108d9b87368ef89d,69eb8f1f108d9b87368ef89d,advanced,2,69eb8f1f108d9b87368ef89d,69eb8f1f108d9b87368ef89d,spotlight_PROLIFIC,,42,brazil,Portuguese,"portuguese, english, spanish ",spanish,Portuguese:50|English:40|spanish:10,100,Portuguese:40|English:50|spanish:10,100,Portuguese:75|English:20|spanish:5,100,17,4,Bachelor's,10,10,10,6,7,9,4,20,7,17,Duolingo,150,,,,,22,25,C1,intermediate|advanced,intermediate|advanced,cambridge_22_25_intermediate_advanced,4,20,random,,313.26666259765625,1165.3666687011719,353.26666259765625,1197.8166732788086,6,12,hover,283,283,0.9748328763142482,0.5183334350585938,154,,,,,,2026-08-09T15:58:12.658Z,C99S394L,2026-08-09,2026-08-09,12:58:12,2026-08-09 12:58:12,,,,,,,,69eb8f1f108d9b87368ef89d,69eb8f1f108d9b87368ef89d,,,,
24452,raw_position_sample,2,3,adv,20,2,17,18,79, His ,1213,334,1534841,69eb8f1f108d9b87368ef89d,69eb8f1f108d9b87368ef89d,advanced,2,69eb8f1f108d9b87368ef89d,69eb8f1f108d9b87368ef89d,spotlight_PROLIFIC,,42,brazil,Portuguese,"portuguese, english, spanish ",spanish,Portuguese:50|English:40|spanish:10,100,Portuguese:40|English:50|spanish:10,100,Portuguese:75|English:20|spanish:5,100,17,4,Bachelor's,10,10,10,6,7,9,4,20,7,17,Duolingo,150,,,,,22,25,C1,intermediate|advanced,intermediate|advanced,cambridge_22_25_intermediate_advanced,4,20,random,,321.26666259765625,1197.816650390625,345.26666259765625,1229.0999908447266,6,13,,,,,,,,,,,,2026-08-09T15:58:12.658Z,C99S394L,2026-08-09,2026-08-09,12:58:12,2026-08-09 12:58:12,,,,,,,,69eb8f1f108d9b87368ef89d,69eb8f1f108d9b87368ef89d,,,,
24503,raw_position_sample,2,3,adv,20,2,17,18,79, His ,1224,334,1534890,69eb8f1f108d9b87368ef89d,69eb8f1f108d9b87368ef89d,advanced,2,69eb8f1f108d9b87368ef89d,69eb8f1f108d9b87368ef89d,spotlight_PROLIFIC,,42,brazil,Portuguese,"portuguese, english, spanish ",spanish,Portuguese:50|English:40|spanish:10,100,Portuguese:40|English:50|spanish:10,100,Portuguese:75|English:20|spanish:5,100,17,4,Bachelor's,10,10,10,6,7,9,4,20,7,17,Duolingo,150,,,,,22,25,C1,intermediate|advanced,intermediate|advanced,cambridge_22_25_intermediate_advanced,4,20,random,,321.26666259765625,1197.816650390625,345.26666259765625,1229.0999908447266,6,13,,,,,,,,,,,,2026-08-09T15:58:12.658Z,C99S394L,2026-08-09,2026-08-09,12:58:12,2026-08-09 12:58:12,,,,,,,,69eb8f1f108d9b87368ef89d,69eb8f1f108d9b87368ef89d,,,,
24553,raw_position_sample,2,3,adv,20,2,17,18,79, His ,1224,334,1534941,69eb8f1f108d9b87368ef89d,69eb8f1f108d9b87368ef89d,advanced,2,69eb8f1f108d9b87368ef89d,69eb8f1f108d9b87368ef89d,spotlight_PROLIFIC,,42,brazil,Portuguese,"portuguese, english, spanish ",spanish,Portuguese:50|English:40|spanish:10,100,Portuguese:40|English:50|spanish:10,100,Portuguese:75|English:20|spanish:5,100,17,4,Bachelor's,10,10,10,6,7,9,4,20,7,17,Duolingo,150,,,,,22,25,C1,intermediate|advanced,intermediate|advanced,cambridge_22_25_intermediate_advanced,4,20,random,,321.26666259765625,1197.816650390625,345.26666259765625,1229.0999908447266,6,13,,,,,,,,,,,,2026-08-09T15:58:12.658Z,C99S394L,2026-08-09,2026-08-09,12:58:12,2026-08-09 12:58:12,,,,,,,,69eb8f1f108d9b87368ef89d,69eb8f1f108d9b87368ef89d,,,,
24602,raw_position_sample,2,3,adv,20,2,17,18,79, His ,1224,334,1534991,69eb8f1f108d9b87368ef89d,69eb8f1f108d9b87368ef89d,advanced,2,69eb8f1f108d9b87368ef89d,69eb8f1f108d9b87368ef89d,spotlight_PROLIFIC,,42,brazil,Portuguese,"portuguese, english, spanish ",spanish,Portuguese:50|English:40|spanish:10,100,Portuguese:40|English:50|spanish:10,100,Portuguese:75|English:20|spanish:5,100,17,4,Bachelor's,10,10,10,6,7,9,4,20,7,17,Duolingo,150,,,,,22,25,C1,intermediate|advanced,intermediate|advanced,cambridge_22_25_intermediate_advanced,4,20,random,,321.26666259765625,1197.816650390625,345.26666259765625,1229.0999908447266,6,13,,,,,,,,,,,,2026-08-09T15:58:12.658Z,C99S394L,2026-08-09,2026-08-09,12:58:12,2026-08-09 12:58:12,,,,,,,,69eb8f1f108d9b87368ef89d,69eb8f1f108d9b87368ef89d,,,,
24653,raw_position_sample,2,3,adv,20,2,17,18,79, His ,1224,334,1535042,69eb8f1f108d9b87368ef89d,69eb8f1f108d9b87368ef89d,advanced,2,69eb8f1f108d9b87368ef89d,69eb8f1f108d9b87368ef89d,spotlight_PROLIFIC,,42,brazil,Portuguese,"portuguese, english, spanish ",spanish,Portuguese:50|English:40|spanish:10,100,Portuguese:40|English:50|spanish:10,100,Portuguese:75|English:20|spanish:5,100,17,4,Bachelor's,10,10,10,6,7,9,4,20,7,17,Duolingo,150,,,,,22,25,C1,intermediate|advanced,intermediate|advanced,cambridge_22_25_intermediate_advanced,4,20,random,,321.26666259765625,1197.816650390625,345.26666259765625,1229.0999908447266,6,13,,,,,,,,,,,,2026-08-09T15:58:12.658Z,C99S394L,2026-08-09,2026-08-09,12:58:12,2026-08-09 12:58:12,,,,,,,,69eb8f1f108d9b87368ef89d,69eb8f1f108d9b87368ef89d,,,,
24703,raw_position_sample,2,3,adv,20,2,17,18,79, His ,1224,334,1535092,69eb8f1f108d9b87368ef89d,69eb8f1f108d9b87368ef89d,advanced,2,69eb8f1f108d9b87368ef89d,69eb8f1f108d9b87368ef89d,spotlight_PROLIFIC,,42,brazil,Portuguese,"portuguese, english, spanish ",spanish,Portuguese:50|English:40|spanish:10,100,Portuguese:40|English:50|spanish:10,100,Portuguese:75|English:20|spanish:5,100,17,4,Bachelor's,10,10,10,6,7,9,4,20,7,17,Duolingo,150,,,,,22,25,C1,intermediate|advanced,intermediate|advanced,cambridge_22_25_intermediate_advanced,4,20,random,,321.26666259765625,1197.816650390625,345.26666259765625,1229.0999908447266,6,13,,,,,,,,,,,,2026-08-09T15:58:12.658Z,C99S394L,2026-08-09,2026-08-09,12:58:12,2026-08-09 12:58:12,,,,,,,,69eb8f1f108d9b87368ef89d,69eb8f1f108d9b87368ef89d,,,,
24736,hover_association,2,3,adv,20,2,17,18,79, His ,1200,334,,69eb8f1f108d9b87368ef89d,69eb8f1f108d9b87368ef89d,advanced,2,69eb8f1f108d9b87368ef89d,69eb8f1f108d9b87368ef89d,spotlight_PROLIFIC,,42,brazil,Portuguese,"portuguese, english, spanish ",spanish,Portuguese:50|English:40|spanish:10,100,Portuguese:40|English:50|spanish:10,100,Portuguese:75|English:20|spanish:5,100,17,4,Bachelor's,10,10,10,6,7,9,4,20,7,17,Duolingo,150,,,,,22,25,C1,intermediate|advanced,intermediate|advanced,cambridge_22_25_intermediate_advanced,4,20,random,,313.26666259765625,1197.8166732788086,353.26666259765625,1229.099983215332,6,13,hover,318,318,0.9328720899548967,0.5183334350585938,154,,,,,,2026-08-09T15:58:12.658Z,C99S394L,2026-08-09,2026-08-09,12:58:12,2026-08-09 12:58:12,,,,,,,,69eb8f1f108d9b87368ef89d,69eb8f1f108d9b87368ef89d,,,,
24753,raw_position_sample,2,3,adv,20,2,17,18,80, Dark ,1233,335,1535142,69eb8f1f108d9b87368ef89d,69eb8f1f108d9b87368ef89d,advanced,2,69eb8f1f108d9b87368ef89d,69eb8f1f108d9b87368ef89d,spotlight_PROLIFIC,,42,brazil,Portuguese,"portuguese, english, spanish ",spanish,Portuguese:50|English:40|spanish:10,100,Portuguese:40|English:50|spanish:10,100,Portuguese:75|English:20|spanish:5,100,17,4,Bachelor's,10,10,10,6,7,9,4,20,7,17,Duolingo,150,,,,,22,25,C1,intermediate|advanced,intermediate|advanced,cambridge_22_25_intermediate_advanced,4,20,random,,321.26666259765625,1229.0999755859375,345.26666259765625,1269.38330078125,6,14,,,,,,,,,,,,2026-08-09T15:58:12.658Z,C99S394L,2026-08-09,2026-08-09,12:58:12,2026-08-09 12:58:12,,,,,,,,69eb8f1f108d9b87368ef89d,69eb8f1f108d9b87368ef89d,,,,
24804,raw_position_sample,2,3,adv,20,2,17,18,80, Dark ,1268,337,1535192,69eb8f1f108d9b87368ef89d,69eb8f1f108d9b87368ef89d,advanced,2,69eb8f1f108d9b87368ef89d,69eb8f1f108d9b87368ef89d,spotlight_PROLIFIC,,42,brazil,Portuguese,"portuguese, english, spanish ",spanish,Portuguese:50|English:40|spanish:10,100,Portuguese:40|English:50|spanish:10,100,Portuguese:75|English:20|spanish:5,100,17,4,Bachelor's,10,10,10,6,7,9,4,20,7,17,Duolingo,150,,,,,22,25,C1,intermediate|advanced,intermediate|advanced,cambridge_22_25_intermediate_advanced,4,20,random,,321.26666259765625,1229.0999755859375,345.26666259765625,1269.38330078125,6,14,,,,,,,,,,,,2026-08-09T15:58:12.658Z,C99S394L,2026-08-09,2026-08-09,12:58:12,2026-08-09 12:58:12,,,,,,,,69eb8f1f108d9b87368ef89d,69eb8f1f108d9b87368ef89d,,,,
24854,raw_position_sample,2,3,adv,20,2,17,18,80, Dark ,1270,337,1535243,69eb8f1f108d9b87368ef89d,69eb8f1f108d9b87368ef89d,advanced,2,69eb8f1f108d9b87368ef89d,69eb8f1f108d9b87368ef89d,spotlight_PROLIFIC,,42,brazil,Portuguese,"portuguese, english, spanish ",spanish,Portuguese:50|English:40|spanish:10,100,Portuguese:40|English:50|spanish:10,100,Portuguese:75|English:20|spanish:5,100,17,4,Bachelor's,10,10,10,6,7,9,4,20,7,17,Duolingo,150,,,,,22,25,C1,intermediate|advanced,intermediate|advanced,cambridge_22_25_intermediate_advanced,4,20,random,,321.26666259765625,1229.0999755859375,345.26666259765625,1269.38330078125,6,14,,,,,,,,,,,,2026-08-09T15:58:12.658Z,C99S394L,2026-08-09,2026-08-09,12:58:12,2026-08-09 12:58:12,,,,,,,,69eb8f1f108d9b87368ef89d,69eb8f1f108d9b87368ef89d,,,,
24905,raw_position_sample,2,3,adv,20,2,17,18,80, Dark ,1267,339,1535293,69eb8f1f108d9b87368ef89d,69eb8f1f108d9b87368ef89d,advanced,2,69eb8f1f108d9b87368ef89d,69eb8f1f108d9b87368ef89d,spotlight_PROLIFIC,,42,brazil,Portuguese,"portuguese, english, spanish ",spanish,Portuguese:50|English:40|spanish:10,100,Portuguese:40|English:50|spanish:10,100,Portuguese:75|English:20|spanish:5,100,17,4,Bachelor's,10,10,10,6,7,9,4,20,7,17,Duolingo,150,,,,,22,25,C1,intermediate|advanced,intermediate|advanced,cambridge_22_25_intermediate_advanced,4,20,random,,321.26666259765625,1229.0999755859375,345.26666259765625,1269.38330078125,6,14,,,,,,,,,,,,2026-08-09T15:58:12.658Z,C99S394L,2026-08-09,2026-08-09,12:58:12,2026-08-09 12:58:12,,,,,,,,69eb8f1f108d9b87368ef89d,69eb8f1f108d9b87368ef89d,,,,
24951,hover_association,2,3,adv,20,2,17,18,80, Dark ,1230,334,,69eb8f1f108d9b87368ef89d,69eb8f1f108d9b87368ef89d,advanced,2,69eb8f1f108d9b87368ef89d,69eb8f1f108d9b87368ef89d,spotlight_PROLIFIC,,42,brazil,Portuguese,"portuguese, english, spanish ",spanish,Portuguese:50|English:40|spanish:10,100,Portuguese:40|English:50|spanish:10,100,Portuguese:75|English:20|spanish:5,100,17,4,Bachelor's,10,10,10,6,7,9,4,20,7,17,Duolingo,150,,,,,22,25,C1,intermediate|advanced,intermediate|advanced,cambridge_22_25_intermediate_advanced,4,20,random,,313.26666259765625,1229.099983215332,353.26666259765625,1272.9471893310547,6,14,hover,216,216,0.49946208036308837,0.6683334350585938,154,,,,,,2026-08-09T15:58:12.658Z,C99S394L,2026-08-09,2026-08-09,12:58:12,2026-08-09 12:58:12,,,,,,,,69eb8f1f108d9b87368ef89d,69eb8f1f108d9b87368ef89d,,,,
24955,raw_position_sample,2,3,adv,20,2,17,18,79, His ,1228,342,1535343,69eb8f1f108d9b87368ef89d,69eb8f1f108d9b87368ef89d,advanced,2,69eb8f1f108d9b87368ef89d,69eb8f1f108d9b87368ef89d,spotlight_PROLIFIC,,42,brazil,Portuguese,"portuguese, english, spanish ",spanish,Portuguese:50|English:40|spanish:10,100,Portuguese:40|English:50|spanish:10,100,Portuguese:75|English:20|spanish:5,100,17,4,Bachelor's,10,10,10,6,7,9,4,20,7,17,Duolingo,150,,,,,22,25,C1,intermediate|advanced,intermediate|advanced,cambridge_22_25_intermediate_advanced,4,20,random,,321.26666259765625,1197.816650390625,345.26666259765625,1229.0999908447266,6,13,,,,,,,,,,,,2026-08-09T15:58:12.658Z,C99S394L,2026-08-09,2026-08-09,12:58:12,2026-08-09 12:58:12,,,,,,,,69eb8f1f108d9b87368ef89d,69eb8f1f108d9b87368ef89d,,,,
24967,hover_association,2,3,adv,20,2,17,18,79, His ,1228,342,,69eb8f1f108d9b87368ef89d,69eb8f1f108d9b87368ef89d,advanced,2,69eb8f1f108d9b87368ef89d,69eb8f1f108d9b87368ef89d,spotlight_PROLIFIC,,42,brazil,Portuguese,"portuguese, english, spanish ",spanish,Portuguese:50|English:40|spanish:10,100,Portuguese:40|English:50|spanish:10,100,Portuguese:75|English:20|spanish:5,100,17,4,Bachelor's,10,10,10,6,7,9,4,20,7,17,Duolingo,150,,,,,22,25,C1,intermediate|advanced,intermediate|advanced,cambridge_22_25_intermediate_advanced,4,20,random,,313.26666259765625,1197.8166732788086,353.26666259765625,1229.099983215332,6,13,hover,17,17,0.9648380168989793,0.7183334350585937,154,,,,,,2026-08-09T15:58:12.658Z,C99S394L,2026-08-09,2026-08-09,12:58:12,2026-08-09 12:58:12,,,,,,,,69eb8f1f108d9b87368ef89d,69eb8f1f108d9b87368ef89d,,,,
24984,hover_association,2,3,adv,20,2,17,18,78, the ,1188,342,,69eb8f1f108d9b87368ef89d,69eb8f1f108d9b87368ef89d,advanced,2,69eb8f1f108d9b87368ef89d,69eb8f1f108d9b87368ef89d,spotlight_PROLIFIC,,42,brazil,Portuguese,"portuguese, english, spanish ",spanish,Portuguese:50|English:40|spanish:10,100,Portuguese:40|English:50|spanish:10,100,Portuguese:75|English:20|spanish:5,100,17,4,Bachelor's,10,10,10,6,7,9,4,20,7,17,Duolingo,150,,,,,22,25,C1,intermediate|advanced,intermediate|advanced,cambridge_22_25_intermediate_advanced,4,20,random,,313.26666259765625,1165.3666687011719,353.26666259765625,1197.8166732788086,6,12,hover,17,17,0.6974831465640574,0.7183334350585937,154,,,,,,2026-08-09T15:58:12.658Z,C99S394L,2026-08-09,2026-08-09,12:58:12,2026-08-09 12:58:12,,,,,,,,69eb8f1f108d9b87368ef89d,69eb8f1f108d9b87368ef89d,,,,
25000,hover_association,2,3,adv,20,2,17,18,76, writer ,1098,342,,69eb8f1f108d9b87368ef89d,69eb8f1f108d9b87368ef89d,advanced,2,69eb8f1f108d9b87368ef89d,69eb8f1f108d9b87368ef89d,spotlight_PROLIFIC,,42,brazil,Portuguese,"portuguese, english, spanish ",spanish,Portuguese:50|English:40|spanish:10,100,Portuguese:40|English:50|spanish:10,100,Portuguese:75|English:20|spanish:5,100,17,4,Bachelor's,10,10,10,6,7,9,4,20,7,17,Duolingo,150,,,,,22,25,C1,intermediate|advanced,intermediate|advanced,cambridge_22_25_intermediate_advanced,4,20,random,,313.26666259765625,1088.5999908447266,353.26666259765625,1143.5999755859375,6,10,hover,16,16,0.17090930478440852,0.7183334350585937,154,,,,,,2026-08-09T15:58:12.658Z,C99S394L,2026-08-09,2026-08-09,12:58:12,2026-08-09 12:58:12,,,,,,,,69eb8f1f108d9b87368ef89d,69eb8f1f108d9b87368ef89d,,,,
25005,raw_position_sample,2,3,adv,20,2,17,18,75," Pullman, ",1038,342,1535394,69eb8f1f108d9b87368ef89d,69eb8f1f108d9b87368ef89d,advanced,2,69eb8f1f108d9b87368ef89d,69eb8f1f108d9b87368ef89d,spotlight_PROLIFIC,,42,brazil,Portuguese,"portuguese, english, spanish ",spanish,Portuguese:50|English:40|spanish:10,100,Portuguese:40|English:50|spanish:10,100,Portuguese:75|English:20|spanish:5,100,17,4,Bachelor's,10,10,10,6,7,9,4,20,7,17,Duolingo,150,,,,,22,25,C1,intermediate|advanced,intermediate|advanced,cambridge_22_25_intermediate_advanced,4,20,random,,321.26666259765625,1009.75,345.26666259765625,1088.6000061035156,6,9,,,,,,,,,,,,2026-08-09T15:58:12.658Z,C99S394L,2026-08-09,2026-08-09,12:58:12,2026-08-09 12:58:12,,,,,,,,69eb8f1f108d9b87368ef89d,69eb8f1f108d9b87368ef89d,,,,
25017,hover_association,2,3,adv,20,2,17,18,75," Pullman, ",1038,342,,69eb8f1f108d9b87368ef89d,69eb8f1f108d9b87368ef89d,advanced,2,69eb8f1f108d9b87368ef89d,69eb8f1f108d9b87368ef89d,spotlight_PROLIFIC,,42,brazil,Portuguese,"portuguese, english, spanish ",spanish,Portuguese:50|English:40|spanish:10,100,Portuguese:40|English:50|spanish:10,100,Portuguese:75|English:20|spanish:5,100,17,4,Bachelor's,10,10,10,6,7,9,4,20,7,17,Duolingo,150,,,,,22,25,C1,intermediate|advanced,intermediate|advanced,cambridge_22_25_intermediate_advanced,4,20,random,,313.26666259765625,1009.7500076293945,353.26666259765625,1088.5999908447266,6,9,hover,17,17,0.35827518559461635,0.7183334350585937,154,,,,,,2026-08-09T15:58:12.658Z,C99S394L,2026-08-09,2026-08-09,12:58:12,2026-08-09 12:58:12,,,,,,,,69eb8f1f108d9b87368ef89d,69eb8f1f108d9b87368ef89d,,,,
25050,hover_association,2,3,adv,20,2,17,18,74, discussed. ,984,342,,69eb8f1f108d9b87368ef89d,69eb8f1f108d9b87368ef89d,advanced,2,69eb8f1f108d9b87368ef89d,69eb8f1f108d9b87368ef89d,spotlight_PROLIFIC,,42,brazil,Portuguese,"portuguese, english, spanish ",spanish,Portuguese:50|English:40|spanish:10,100,Portuguese:40|English:50|spanish:10,100,Portuguese:75|English:20|spanish:5,100,17,4,Bachelor's,10,10,10,6,7,9,4,20,7,17,Duolingo,150,,,,,22,25,C1,intermediate|advanced,intermediate|advanced,cambridge_22_25_intermediate_advanced,4,20,random,,313.26666259765625,917.7166748046875,353.26666259765625,1009.7500076293945,6,8,hover,33,33,0.2747192176933204,0.7183334350585937,154,,,,,,2026-08-09T15:58:12.658Z,C99S394L,2026-08-09,2026-08-09,12:58:12,2026-08-09 12:58:12,,,,,,,,69eb8f1f108d9b87368ef89d,69eb8f1f108d9b87368ef89d,,,,
25056,raw_position_sample,2,3,adv,20,2,17,18,73, was ,916,344,1535444,69eb8f1f108d9b87368ef89d,69eb8f1f108d9b87368ef89d,advanced,2,69eb8f1f108d9b87368ef89d,69eb8f1f108d9b87368ef89d,spotlight_PROLIFIC,,42,brazil,Portuguese,"portuguese, english, spanish ",spanish,Portuguese:50|English:40|spanish:10,100,Portuguese:40|English:50|spanish:10,100,Portuguese:75|English:20|spanish:5,100,17,4,Bachelor's,10,10,10,6,7,9,4,20,7,17,Duolingo,150,,,,,22,25,C1,intermediate|advanced,intermediate|advanced,cambridge_22_25_intermediate_advanced,4,20,random,,321.26666259765625,880.1666870117188,345.26666259765625,917.7166748046875,6,7,,,,,,,,,,,,2026-08-09T15:58:12.658Z,C99S394L,2026-08-09,2026-08-09,12:58:12,2026-08-09 12:58:12,,,,,,,,69eb8f1f108d9b87368ef89d,69eb8f1f108d9b87368ef89d,,,,
25106,raw_position_sample,2,3,adv,20,2,17,18,73, was ,891,346,1535494,69eb8f1f108d9b87368ef89d,69eb8f1f108d9b87368ef89d,advanced,2,69eb8f1f108d9b87368ef89d,69eb8f1f108d9b87368ef89d,spotlight_PROLIFIC,,42,brazil,Portuguese,"portuguese, english, spanish ",spanish,Portuguese:50|English:40|spanish:10,100,Portuguese:40|English:50|spanish:10,100,Portuguese:75|English:20|spanish:5,100,17,4,Bachelor's,10,10,10,6,7,9,4,20,7,17,Duolingo,150,,,,,22,25,C1,intermediate|advanced,intermediate|advanced,cambridge_22_25_intermediate_advanced,4,20,random,,321.26666259765625,880.1666870117188,345.26666259765625,917.7166748046875,6,7,,,,,,,,,,,,2026-08-09T15:58:12.658Z,C99S394L,2026-08-09,2026-08-09,12:58:12,2026-08-09 12:58:12,,,,,,,,69eb8f1f108d9b87368ef89d,69eb8f1f108d9b87368ef89d,,,,
25134,hover_association,2,3,adv,20,2,17,18,73, was ,916,344,,69eb8f1f108d9b87368ef89d,69eb8f1f108d9b87368ef89d,advanced,2,69eb8f1f108d9b87368ef89d,69eb8f1f108d9b87368ef89d,spotlight_PROLIFIC,,42,brazil,Portuguese,"portuguese, english, spanish ",spanish,Portuguese:50|English:40|spanish:10,100,Portuguese:40|English:50|spanish:10,100,Portuguese:75|English:20|spanish:5,100,17,4,Bachelor's,10,10,10,6,7,9,4,20,7,17,Duolingo,150,,,,,22,25,C1,intermediate|advanced,intermediate|advanced,cambridge_22_25_intermediate_advanced,4,20,random,,313.26666259765625,880.1666717529297,353.26666259765625,917.7166748046875,6,7,hover,84,84,0.10208596366254795,0.8183334350585938,154,,,,,,2026-08-09T15:58:12.658Z,C99S394L,2026-08-09,2026-08-09,12:58:12,2026-08-09 12:58:12,,,,,,,,69eb8f1f108d9b87368ef89d,69eb8f1f108d9b87368ef89d,,,,
25156,raw_position_sample,2,3,adv,20,2,17,18,72, piracy ,848,346,1535545,69eb8f1f108d9b87368ef89d,69eb8f1f108d9b87368ef89d,advanced,2,69eb8f1f108d9b87368ef89d,69eb8f1f108d9b87368ef89d,spotlight_PROLIFIC,,42,brazil,Portuguese,"portuguese, english, spanish ",spanish,Portuguese:50|English:40|spanish:10,100,Portuguese:40|English:50|spanish:10,100,Portuguese:75|English:20|spanish:5,100,17,4,Bachelor's,10,10,10,6,7,9,4,20,7,17,Duolingo,150,,,,,22,25,C1,intermediate|advanced,intermediate|advanced,cambridge_22_25_intermediate_advanced,4,20,random,,321.26666259765625,824.7833251953125,345.26666259765625,880.1666564941406,6,6,,,,,,,,,,,,2026-08-09T15:58:12.658Z,C99S394L,2026-08-09,2026-08-09,12:58:12,2026-08-09 12:58:12,,,,,,,,69eb8f1f108d9b87368ef89d,69eb8f1f108d9b87368ef89d,,,,
25167,hover_association,2,3,adv,20,2,17,18,72, piracy ,872,346,,69eb8f1f108d9b87368ef89d,69eb8f1f108d9b87368ef89d,advanced,2,69eb8f1f108d9b87368ef89d,69eb8f1f108d9b87368ef89d,spotlight_PROLIFIC,,42,brazil,Portuguese,"portuguese, english, spanish ",spanish,Portuguese:50|English:40|spanish:10,100,Portuguese:40|English:50|spanish:10,100,Portuguese:75|English:20|spanish:5,100,17,4,Bachelor's,10,10,10,6,7,9,4,20,7,17,Duolingo,150,,,,,22,25,C1,intermediate|advanced,intermediate|advanced,cambridge_22_25_intermediate_advanced,4,20,random,,313.26666259765625,824.783332824707,353.26666259765625,880.1666717529297,6,6,hover,33,33,0.419199485343092,0.8183334350585938,154,,,,,,2026-08-09T15:58:12.658Z,C99S394L,2026-08-09,2026-08-09,12:58:12,2026-08-09 12:58:12,,,,,,,,69eb8f1f108d9b87368ef89d,69eb8f1f108d9b87368ef89d,,,,
25184,hover_association,2,3,adv,20,2,17,18,71, web ,806,346,,69eb8f1f108d9b87368ef89d,69eb8f1f108d9b87368ef89d,advanced,2,69eb8f1f108d9b87368ef89d,69eb8f1f108d9b87368ef89d,spotlight_PROLIFIC,,42,brazil,Portuguese,"portuguese, english, spanish ",spanish,Portuguese:50|English:40|spanish:10,100,Portuguese:40|English:50|spanish:10,100,Portuguese:75|English:20|spanish:5,100,17,4,Bachelor's,10,10,10,6,7,9,4,20,7,17,Duolingo,150,,,,,22,25,C1,intermediate|advanced,intermediate|advanced,cambridge_22_25_intermediate_advanced,4,20,random,,313.26666259765625,784.7333450317383,353.26666259765625,824.783332824707,6,5,hover,16,16,0.5310027827772604,0.8183334350585938,154,,,,,,2026-08-09T15:58:12.658Z,C99S394L,2026-08-09,2026-08-09,12:58:12,2026-08-09 12:58:12,,,,,,,,69eb8f1f108d9b87368ef89d,69eb8f1f108d9b87368ef89d,,,,
25201,hover_association,2,3,adv,20,2,17,18,70, of ,773,347,,69eb8f1f108d9b87368ef89d,69eb8f1f108d9b87368ef89d,advanced,2,69eb8f1f108d9b87368ef89d,69eb8f1f108d9b87368ef89d,spotlight_PROLIFIC,,42,brazil,Portuguese,"portuguese, english, spanish ",spanish,Portuguese:50|English:40|spanish:10,100,Portuguese:40|English:50|spanish:10,100,Portuguese:75|English:20|spanish:5,100,17,4,Bachelor's,10,10,10,6,7,9,4,20,7,17,Duolingo,150,,,,,22,25,C1,intermediate|advanced,intermediate|advanced,cambridge_22_25_intermediate_advanced,4,20,random,,313.26666259765625,762.9666519165039,353.26666259765625,784.7333450317383,6,4,hover,17,17,0.4609495815638534,0.8433334350585937,154,,,,,,2026-08-09T15:58:12.658Z,C99S394L,2026-08-09,2026-08-09,12:58:12,2026-08-09 12:58:12,,,,,,,,69eb8f1f108d9b87368ef89d,69eb8f1f108d9b87368ef89d,,,,
25206,raw_position_sample,2,3,adv,20,2,17,18,69, issue ,747,349,1535595,69eb8f1f108d9b87368ef89d,69eb8f1f108d9b87368ef89d,advanced,2,69eb8f1f108d9b87368ef89d,69eb8f1f108d9b87368ef89d,spotlight_PROLIFIC,,42,brazil,Portuguese,"portuguese, english, spanish ",spanish,Portuguese:50|English:40|spanish:10,100,Portuguese:40|English:50|spanish:10,100,Portuguese:75|English:20|spanish:5,100,17,4,Bachelor's,10,10,10,6,7,9,4,20,7,17,Duolingo,150,,,,,22,25,C1,intermediate|advanced,intermediate|advanced,cambridge_22_25_intermediate_advanced,4,20,random,,321.26666259765625,715.13330078125,345.26666259765625,762.9666290283203,6,3,,,,,,,,,,,,2026-08-09T15:58:12.658Z,C99S394L,2026-08-09,2026-08-09,12:58:12,2026-08-09 12:58:12,,,,,,,,69eb8f1f108d9b87368ef89d,69eb8f1f108d9b87368ef89d,,,,
25251,hover_association,2,3,adv,20,2,17,18,69, issue ,747,349,,69eb8f1f108d9b87368ef89d,69eb8f1f108d9b87368ef89d,advanced,2,69eb8f1f108d9b87368ef89d,69eb8f1f108d9b87368ef89d,spotlight_PROLIFIC,,42,brazil,Portuguese,"portuguese, english, spanish ",spanish,Portuguese:50|English:40|spanish:10,100,Portuguese:40|English:50|spanish:10,100,Portuguese:75|English:20|spanish:5,100,17,4,Bachelor's,10,10,10,6,7,9,4,20,7,17,Duolingo,150,,,,,22,25,C1,intermediate|advanced,intermediate|advanced,cambridge_22_25_intermediate_advanced,4,20,random,,313.26666259765625,715.1333236694336,353.26666259765625,762.9666519165039,6,3,hover,49,49,0.24808385210563336,0.9933334350585937,154,,,,,,2026-08-09T15:58:12.658Z,C99S394L,2026-08-09,2026-08-09,12:58:12,2026-08-09 12:58:12,,,,,,,,69eb8f1f108d9b87368ef89d,69eb8f1f108d9b87368ef89d,,,,
25256,raw_position_sample,2,3,adv,20,2,17,18,82," trilogy, ",725,354,1535645,69eb8f1f108d9b87368ef89d,69eb8f1f108d9b87368ef89d,advanced,2,69eb8f1f108d9b87368ef89d,69eb8f1f108d9b87368ef89d,spotlight_PROLIFIC,,42,brazil,Portuguese,"portuguese, english, spanish ",spanish,Portuguese:50|English:40|spanish:10,100,Portuguese:40|English:50|spanish:10,100,Portuguese:75|English:20|spanish:5,100,17,4,Bachelor's,10,10,10,6,7,9,4,20,7,17,Duolingo,150,,,,,22,25,C1,intermediate|advanced,intermediate|advanced,cambridge_22_25_intermediate_advanced,4,20,random,,361.26666259765625,708.5833129882812,385.26666259765625,771.7333221435547,7,2,,,,,,,,,,,,2026-08-09T15:58:12.658Z,C99S394L,2026-08-09,2026-08-09,12:58:12,2026-08-09 12:58:12,,,,,,,,69eb8f1f108d9b87368ef89d,69eb8f1f108d9b87368ef89d,,,,
25307,raw_position_sample,2,3,adv,20,2,17,18,82," trilogy, ",721,356,1535695,69eb8f1f108d9b87368ef89d,69eb8f1f108d9b87368ef89d,advanced,2,69eb8f1f108d9b87368ef89d,69eb8f1f108d9b87368ef89d,spotlight_PROLIFIC,,42,brazil,Portuguese,"portuguese, english, spanish ",spanish,Portuguese:50|English:40|spanish:10,100,Portuguese:40|English:50|spanish:10,100,Portuguese:75|English:20|spanish:5,100,17,4,Bachelor's,10,10,10,6,7,9,4,20,7,17,Duolingo,150,,,,,22,25,C1,intermediate|advanced,intermediate|advanced,cambridge_22_25_intermediate_advanced,4,20,random,,361.26666259765625,708.5833129882812,385.26666259765625,771.7333221435547,7,2,,,,,,,,,,,,2026-08-09T15:58:12.658Z,C99S394L,2026-08-09,2026-08-09,12:58:12,2026-08-09 12:58:12,,,,,,,,69eb8f1f108d9b87368ef89d,69eb8f1f108d9b87368ef89d,,,,
25351,hover_association,2,3,adv,20,2,17,18,82," trilogy, ",725,354,,69eb8f1f108d9b87368ef89d,69eb8f1f108d9b87368ef89d,advanced,2,69eb8f1f108d9b87368ef89d,69eb8f1f108d9b87368ef89d,spotlight_PROLIFIC,,42,brazil,Portuguese,"portuguese, english, spanish ",spanish,Portuguese:50|English:40|spanish:10,100,Portuguese:40|English:50|spanish:10,100,Portuguese:75|English:20|spanish:5,100,17,4,Bachelor's,10,10,10,6,7,9,4,20,7,17,Duolingo,150,,,,,22,25,C1,intermediate|advanced,intermediate|advanced,cambridge_22_25_intermediate_advanced,4,20,random,,353.26666259765625,708.5833358764648,393.26666259765625,771.7333297729492,7,2,hover,101,101,0.03826863590037013,0.24333343505859376,154,,,,,,2026-08-09T15:58:12.658Z,C99S394L,2026-08-09,2026-08-09,12:58:12,2026-08-09 12:58:12,,,,,,,,69eb8f1f108d9b87368ef89d,69eb8f1f108d9b87368ef89d,,,,
25357,raw_position_sample,2,3,adv,20,2,17,18,81, Materials ,700,370,1535746,69eb8f1f108d9b87368ef89d,69eb8f1f108d9b87368ef89d,advanced,2,69eb8f1f108d9b87368ef89d,69eb8f1f108d9b87368ef89d,spotlight_PROLIFIC,,42,brazil,Portuguese,"portuguese, english, spanish ",spanish,Portuguese:50|English:40|spanish:10,100,Portuguese:40|English:50|spanish:10,100,Portuguese:75|English:20|spanish:5,100,17,4,Bachelor's,10,10,10,6,7,9,4,20,7,17,Duolingo,150,,,,,22,25,C1,intermediate|advanced,intermediate|advanced,cambridge_22_25_intermediate_advanced,4,20,random,,361.26666259765625,625.36669921875,385.26666259765625,708.5833587646484,7,1,,,,,,,,,,,,2026-08-09T15:58:12.658Z,C99S394L,2026-08-09,2026-08-09,12:58:12,2026-08-09 12:58:12,,,,,,,,69eb8f1f108d9b87368ef89d,69eb8f1f108d9b87368ef89d,,,,
25407,raw_position_sample,2,3,adv,20,2,17,18,81, Materials ,628,392,1535796,69eb8f1f108d9b87368ef89d,69eb8f1f108d9b87368ef89d,advanced,2,69eb8f1f108d9b87368ef89d,69eb8f1f108d9b87368ef89d,spotlight_PROLIFIC,,42,brazil,Portuguese,"portuguese, english, spanish ",spanish,Portuguese:50|English:40|spanish:10,100,Portuguese:40|English:50|spanish:10,100,Portuguese:75|English:20|spanish:5,100,17,4,Bachelor's,10,10,10,6,7,9,4,20,7,17,Duolingo,150,,,,,22,25,C1,intermediate|advanced,intermediate|advanced,cambridge_22_25_intermediate_advanced,4,20,random,,361.26666259765625,625.36669921875,385.26666259765625,708.5833587646484,7,1,,,,,,,,,,,,2026-08-09T15:58:12.658Z,C99S394L,2026-08-09,2026-08-09,12:58:12,2026-08-09 12:58:12,,,,,,,,69eb8f1f108d9b87368ef89d,69eb8f1f108d9b87368ef89d,,,,
25417,hover_association,2,3,adv,20,2,17,18,81, Materials ,700,370,,69eb8f1f108d9b87368ef89d,69eb8f1f108d9b87368ef89d,advanced,2,69eb8f1f108d9b87368ef89d,69eb8f1f108d9b87368ef89d,spotlight_PROLIFIC,,42,brazil,Portuguese,"portuguese, english, spanish ",spanish,Portuguese:50|English:40|spanish:10,100,Portuguese:40|English:50|spanish:10,100,Portuguese:75|English:20|spanish:5,100,17,4,Bachelor's,10,10,10,6,7,9,4,20,7,17,Duolingo,150,,,,,22,25,C1,intermediate|advanced,intermediate|advanced,cambridge_22_25_intermediate_advanced,4,20,random,,353.26666259765625,621.8028106689453,393.26666259765625,708.5833358764648,7,1,hover,66,66,0.07141221277740897,0.9683334350585937,154,,,,,,2026-08-09T15:58:12.658Z,C99S394L,2026-08-09,2026-08-09,12:58:12,2026-08-09 12:58:12,,,,,,,,69eb8f1f108d9b87368ef89d,69eb8f1f108d9b87368ef89d,,,,
25457,raw_position_sample,2,3,adv,20,2,17,18,-1,999,556,400,1535846,69eb8f1f108d9b87368ef89d,69eb8f1f108d9b87368ef89d,advanced,2,69eb8f1f108d9b87368ef89d,69eb8f1f108d9b87368ef89d,spotlight_PROLIFIC,,42,brazil,Portuguese,"portuguese, english, spanish ",spanish,Portuguese:50|English:40|spanish:10,100,Portuguese:40|English:50|spanish:10,100,Portuguese:75|English:20|spanish:5,100,17,4,Bachelor's,10,10,10,6,7,9,4,20,7,17,Duolingo,150,,,,,22,25,C1,intermediate|advanced,intermediate|advanced,cambridge_22_25_intermediate_advanced,4,20,random,,,,,,,,,,,,,,,,,,,2026-08-09T15:58:12.658Z,C99S394L,2026-08-09,2026-08-09,12:58:12,2026-08-09 12:58:12,,,,,,,,69eb8f1f108d9b87368ef89d,69eb8f1f108d9b87368ef89d,,,,
25508,raw_position_sample,2,3,adv,20,2,17,18,-1,999,545,402,1535896,69eb8f1f108d9b87368ef89d,69eb8f1f108d9b87368ef89d,advanced,2,69eb8f1f108d9b87368ef89d,69eb8f1f108d9b87368ef89d,spotlight_PROLIFIC,,42,brazil,Portuguese,"portuguese, english, spanish ",spanish,Portuguese:50|English:40|spanish:10,100,Portuguese:40|English:50|spanish:10,100,Portuguese:75|English:20|spanish:5,100,17,4,Bachelor's,10,10,10,6,7,9,4,20,7,17,Duolingo,150,,,,,22,25,C1,intermediate|advanced,intermediate|advanced,cambridge_22_25_intermediate_advanced,4,20,random,,,,,,,,,,,,,,,,,,,2026-08-09T15:58:12.658Z,C99S394L,2026-08-09,2026-08-09,12:58:12,2026-08-09 12:58:12,,,,,,,,69eb8f1f108d9b87368ef89d,69eb8f1f108d9b87368ef89d,,,,
25558,raw_position_sample,2,3,adv,20,2,17,18,-1,999,545,402,1535946,69eb8f1f108d9b87368ef89d,69eb8f1f108d9b87368ef89d,advanced,2,69eb8f1f108d9b87368ef89d,69eb8f1f108d9b87368ef89d,spotlight_PROLIFIC,,42,brazil,Portuguese,"portuguese, english, spanish ",spanish,Portuguese:50|English:40|spanish:10,100,Portuguese:40|English:50|spanish:10,100,Portuguese:75|English:20|spanish:5,100,17,4,Bachelor's,10,10,10,6,7,9,4,20,7,17,Duolingo,150,,,,,22,25,C1,intermediate|advanced,intermediate|advanced,cambridge_22_25_intermediate_advanced,4,20,random,,,,,,,,,,,,,,,,,,,2026-08-09T15:58:12.658Z,C99S394L,2026-08-09,2026-08-09,12:58:12,2026-08-09 12:58:12,,,,,,,,69eb8f1f108d9b87368ef89d,69eb8f1f108d9b87368ef89d,,,,
25607,raw_position_sample,2,3,adv,20,2,17,18,-1,999,554,398,1535997,69eb8f1f108d9b87368ef89d,69eb8f1f108d9b87368ef89d,advanced,2,69eb8f1f108d9b87368ef89d,69eb8f1f108d9b87368ef89d,spotlight_PROLIFIC,,42,brazil,Portuguese,"portuguese, english, spanish ",spanish,Portuguese:50|English:40|spanish:10,100,Portuguese:40|English:50|spanish:10,100,Portuguese:75|English:20|spanish:5,100,17,4,Bachelor's,10,10,10,6,7,9,4,20,7,17,Duolingo,150,,,,,22,25,C1,intermediate|advanced,intermediate|advanced,cambridge_22_25_intermediate_advanced,4,20,random,,,,,,,,,,,,,,,,,,,2026-08-09T15:58:12.658Z,C99S394L,2026-08-09,2026-08-09,12:58:12,2026-08-09 12:58:12,,,,,,,,69eb8f1f108d9b87368ef89d,69eb8f1f108d9b87368ef89d,,,,
25659,raw_position_sample,2,3,adv,20,2,17,18,-1,999,578,385,1536047,69eb8f1f108d9b87368ef89d,69eb8f1f108d9b87368ef89d,advanced,2,69eb8f1f108d9b87368ef89d,69eb8f1f108d9b87368ef89d,spotlight_PROLIFIC,,42,brazil,Portuguese,"portuguese, english, spanish ",spanish,Portuguese:50|English:40|spanish:10,100,Portuguese:40|English:50|spanish:10,100,Portuguese:75|English:20|spanish:5,100,17,4,Bachelor's,10,10,10,6,7,9,4,20,7,17,Duolingo,150,,,,,22,25,C1,intermediate|advanced,intermediate|advanced,cambridge_22_25_intermediate_advanced,4,20,random,,,,,,,,,,,,,,,,,,,2026-08-09T15:58:12.658Z,C99S394L,2026-08-09,2026-08-09,12:58:12,2026-08-09 12:58:12,,,,,,,,69eb8f1f108d9b87368ef89d,69eb8f1f108d9b87368ef89d,,,,
25709,raw_position_sample,2,3,adv,20,2,17,18,-1,999,608,376,1536097,69eb8f1f108d9b87368ef89d,69eb8f1f108d9b87368ef89d,advanced,2,69eb8f1f108d9b87368ef89d,69eb8f1f108d9b87368ef89d,spotlight_PROLIFIC,,42,brazil,Portuguese,"portuguese, english, spanish ",spanish,Portuguese:50|English:40|spanish:10,100,Portuguese:40|English:50|spanish:10,100,Portuguese:75|English:20|spanish:5,100,17,4,Bachelor's,10,10,10,6,7,9,4,20,7,17,Duolingo,150,,,,,22,25,C1,intermediate|advanced,intermediate|advanced,cambridge_22_25_intermediate_advanced,4,20,random,,,,,,,,,,,,,,,,,,,2026-08-09T15:58:12.658Z,C99S394L,2026-08-09,2026-08-09,12:58:12,2026-08-09 12:58:12,,,,,,,,69eb8f1f108d9b87368ef89d,69eb8f1f108d9b87368ef89d,,,,
25759,raw_position_sample,2,3,adv,20,2,17,18,-1,999,614,375,1536147,69eb8f1f108d9b87368ef89d,69eb8f1f108d9b87368ef89d,advanced,2,69eb8f1f108d9b87368ef89d,69eb8f1f108d9b87368ef89d,spotlight_PROLIFIC,,42,brazil,Portuguese,"portuguese, english, spanish ",spanish,Portuguese:50|English:40|spanish:10,100,Portuguese:40|English:50|spanish:10,100,Portuguese:75|English:20|spanish:5,100,17,4,Bachelor's,10,10,10,6,7,9,4,20,7,17,Duolingo,150,,,,,22,25,C1,intermediate|advanced,intermediate|advanced,cambridge_22_25_intermediate_advanced,4,20,random,,,,,,,,,,,,,,,,,,,2026-08-09T15:58:12.658Z,C99S394L,2026-08-09,2026-08-09,12:58:12,2026-08-09 12:58:12,,,,,,,,69eb8f1f108d9b87368ef89d,69eb8f1f108d9b87368ef89d,,,,
25809,raw_position_sample,2,3,adv,20,2,17,18,-1,999,615,374,1536198,69eb8f1f108d9b87368ef89d,69eb8f1f108d9b87368ef89d,advanced,2,69eb8f1f108d9b87368ef89d,69eb8f1f108d9b87368ef89d,spotlight_PROLIFIC,,42,brazil,Portuguese,"portuguese, english, spanish ",spanish,Portuguese:50|English:40|spanish:10,100,Portuguese:40|English:50|spanish:10,100,Portuguese:75|English:20|spanish:5,100,17,4,Bachelor's,10,10,10,6,7,9,4,20,7,17,Duolingo,150,,,,,22,25,C1,intermediate|advanced,intermediate|advanced,cambridge_22_25_intermediate_advanced,4,20,random,,,,,,,,,,,,,,,,,,,2026-08-09T15:58:12.658Z,C99S394L,2026-08-09,2026-08-09,12:58:12,2026-08-09 12:58:12,,,,,,,,69eb8f1f108d9b87368ef89d,69eb8f1f108d9b87368ef89d,,,,
25859,raw_position_sample,2,3,adv,20,2,17,18,-1,999,616,374,1536248,69eb8f1f108d9b87368ef89d,69eb8f1f108d9b87368ef89d,advanced,2,69eb8f1f108d9b87368ef89d,69eb8f1f108d9b87368ef89d,spotlight_PROLIFIC,,42,brazil,Portuguese,"portuguese, english, spanish ",spanish,Portuguese:50|English:40|spanish:10,100,Portuguese:40|English:50|spanish:10,100,Portuguese:75|English:20|spanish:5,100,17,4,Bachelor's,10,10,10,6,7,9,4,20,7,17,Duolingo,150,,,,,22,25,C1,intermediate|advanced,intermediate|advanced,cambridge_22_25_intermediate_advanced,4,20,random,,,,,,,,,,,,,,,,,,,2026-08-09T15:58:12.658Z,C99S394L,2026-08-09,2026-08-09,12:58:12,2026-08-09 12:58:12,,,,,,,,69eb8f1f108d9b87368ef89d,69eb8f1f108d9b87368ef89d,,,,
25910,raw_position_sample,2,3,adv,20,2,17,18,-1,999,619,374,1536298,69eb8f1f108d9b87368ef89d,69eb8f1f108d9b87368ef89d,advanced,2,69eb8f1f108d9b87368ef89d,69eb8f1f108d9b87368ef89d,spotlight_PROLIFIC,,42,brazil,Portuguese,"portuguese, english, spanish ",spanish,Portuguese:50|English:40|spanish:10,100,Portuguese:40|English:50|spanish:10,100,Portuguese:75|English:20|spanish:5,100,17,4,Bachelor's,10,10,10,6,7,9,4,20,7,17,Duolingo,150,,,,,22,25,C1,intermediate|advanced,intermediate|advanced,cambridge_22_25_intermediate_advanced,4,20,random,,,,,,,,,,,,,,,,,,,2026-08-09T15:58:12.658Z,C99S394L,2026-08-09,2026-08-09,12:58:12,2026-08-09 12:58:12,,,,,,,,69eb8f1f108d9b87368ef89d,69eb8f1f108d9b87368ef89d,,,,
25960,raw_position_sample,2,3,adv,20,2,17,18,81, Materials ,640,374,1536348,69eb8f1f108d9b87368ef89d,69eb8f1f108d9b87368ef89d,advanced,2,69eb8f1f108d9b87368ef89d,69eb8f1f108d9b87368ef89d,spotlight_PROLIFIC,,42,brazil,Portuguese,"portuguese, english, spanish ",spanish,Portuguese:50|English:40|spanish:10,100,Portuguese:40|English:50|spanish:10,100,Portuguese:75|English:20|spanish:5,100,17,4,Bachelor's,10,10,10,6,7,9,4,20,7,17,Duolingo,150,,,,,22,25,C1,intermediate|advanced,intermediate|advanced,cambridge_22_25_intermediate_advanced,4,20,random,,361.26666259765625,625.36669921875,385.26666259765625,708.5833587646484,7,1,,,,,,,,,,,,2026-08-09T15:58:12.658Z,C99S394L,2026-08-09,2026-08-09,12:58:12,2026-08-09 12:58:12,,,,,,,,69eb8f1f108d9b87368ef89d,69eb8f1f108d9b87368ef89d,,,,
26000,hover_association,2,3,adv,20,2,17,18,81, Materials ,622,374,,69eb8f1f108d9b87368ef89d,69eb8f1f108d9b87368ef89d,advanced,2,69eb8f1f108d9b87368ef89d,69eb8f1f108d9b87368ef89d,spotlight_PROLIFIC,,42,brazil,Portuguese,"portuguese, english, spanish ",spanish,Portuguese:50|English:40|spanish:10,100,Portuguese:40|English:50|spanish:10,100,Portuguese:75|English:20|spanish:5,100,17,4,Bachelor's,10,10,10,6,7,9,4,20,7,17,Duolingo,150,,,,,22,25,C1,intermediate|advanced,intermediate|advanced,cambridge_22_25_intermediate_advanced,4,20,random,,353.26666259765625,621.8028106689453,393.26666259765625,708.5833358764648,7,1,hover,83,83,0.8319515139878273,0.5683334350585938,154,,,,,,2026-08-09T15:58:12.658Z,C99S394L,2026-08-09,2026-08-09,12:58:12,2026-08-09 12:58:12,,,,,,,,69eb8f1f108d9b87368ef89d,69eb8f1f108d9b87368ef89d,,,,
26010,raw_position_sample,2,3,adv,20,2,17,18,82," trilogy, ",709,377,1536398,69eb8f1f108d9b87368ef89d,69eb8f1f108d9b87368ef89d,advanced,2,69eb8f1f108d9b87368ef89d,69eb8f1f108d9b87368ef89d,spotlight_PROLIFIC,,42,brazil,Portuguese,"portuguese, english, spanish ",spanish,Portuguese:50|English:40|spanish:10,100,Portuguese:40|English:50|spanish:10,100,Portuguese:75|English:20|spanish:5,100,17,4,Bachelor's,10,10,10,6,7,9,4,20,7,17,Duolingo,150,,,,,22,25,C1,intermediate|advanced,intermediate|advanced,cambridge_22_25_intermediate_advanced,4,20,random,,361.26666259765625,708.5833129882812,385.26666259765625,771.7333221435547,7,2,,,,,,,,,,,,2026-08-09T15:58:12.658Z,C99S394L,2026-08-09,2026-08-09,12:58:12,2026-08-09 12:58:12,,,,,,,,69eb8f1f108d9b87368ef89d,69eb8f1f108d9b87368ef89d,,,,
26060,raw_position_sample,2,3,adv,20,2,17,18,82," trilogy, ",715,377,1536448,69eb8f1f108d9b87368ef89d,69eb8f1f108d9b87368ef89d,advanced,2,69eb8f1f108d9b87368ef89d,69eb8f1f108d9b87368ef89d,spotlight_PROLIFIC,,42,brazil,Portuguese,"portuguese, english, spanish ",spanish,Portuguese:50|English:40|spanish:10,100,Portuguese:40|English:50|spanish:10,100,Portuguese:75|English:20|spanish:5,100,17,4,Bachelor's,10,10,10,6,7,9,4,20,7,17,Duolingo,150,,,,,22,25,C1,intermediate|advanced,intermediate|advanced,cambridge_22_25_intermediate_advanced,4,20,random,,361.26666259765625,708.5833129882812,385.26666259765625,771.7333221435547,7,2,,,,,,,,,,,,2026-08-09T15:58:12.658Z,C99S394L,2026-08-09,2026-08-09,12:58:12,2026-08-09 12:58:12,,,,,,,,69eb8f1f108d9b87368ef89d,69eb8f1f108d9b87368ef89d,,,,
26110,raw_position_sample,2,3,adv,20,2,17,18,82," trilogy, ",715,377,1536499,69eb8f1f108d9b87368ef89d,69eb8f1f108d9b87368ef89d,advanced,2,69eb8f1f108d9b87368ef89d,69eb8f1f108d9b87368ef89d,spotlight_PROLIFIC,,42,brazil,Portuguese,"portuguese, english, spanish ",spanish,Portuguese:50|English:40|spanish:10,100,Portuguese:40|English:50|spanish:10,100,Portuguese:75|English:20|spanish:5,100,17,4,Bachelor's,10,10,10,6,7,9,4,20,7,17,Duolingo,150,,,,,22,25,C1,intermediate|advanced,intermediate|advanced,cambridge_22_25_intermediate_advanced,4,20,random,,361.26666259765625,708.5833129882812,385.26666259765625,771.7333221435547,7,2,,,,,,,,,,,,2026-08-09T15:58:12.658Z,C99S394L,2026-08-09,2026-08-09,12:58:12,2026-08-09 12:58:12,,,,,,,,69eb8f1f108d9b87368ef89d,69eb8f1f108d9b87368ef89d,,,,
26160,raw_position_sample,2,3,adv,20,2,17,18,82," trilogy, ",715,377,1536549,69eb8f1f108d9b87368ef89d,69eb8f1f108d9b87368ef89d,advanced,2,69eb8f1f108d9b87368ef89d,69eb8f1f108d9b87368ef89d,spotlight_PROLIFIC,,42,brazil,Portuguese,"portuguese, english, spanish ",spanish,Portuguese:50|English:40|spanish:10,100,Portuguese:40|English:50|spanish:10,100,Portuguese:75|English:20|spanish:5,100,17,4,Bachelor's,10,10,10,6,7,9,4,20,7,17,Duolingo,150,,,,,22,25,C1,intermediate|advanced,intermediate|advanced,cambridge_22_25_intermediate_advanced,4,20,random,,361.26666259765625,708.5833129882812,385.26666259765625,771.7333221435547,7,2,,,,,,,,,,,,2026-08-09T15:58:12.658Z,C99S394L,2026-08-09,2026-08-09,12:58:12,2026-08-09 12:58:12,,,,,,,,69eb8f1f108d9b87368ef89d,69eb8f1f108d9b87368ef89d,,,,
26210,raw_position_sample,2,3,adv,20,2,17,18,82," trilogy, ",715,377,1536599,69eb8f1f108d9b87368ef89d,69eb8f1f108d9b87368ef89d,advanced,2,69eb8f1f108d9b87368ef89d,69eb8f1f108d9b87368ef89d,spotlight_PROLIFIC,,42,brazil,Portuguese,"portuguese, english, spanish ",spanish,Portuguese:50|English:40|spanish:10,100,Portuguese:40|English:50|spanish:10,100,Portuguese:75|English:20|spanish:5,100,17,4,Bachelor's,10,10,10,6,7,9,4,20,7,17,Duolingo,150,,,,,22,25,C1,intermediate|advanced,intermediate|advanced,cambridge_22_25_intermediate_advanced,4,20,random,,361.26666259765625,708.5833129882812,385.26666259765625,771.7333221435547,7,2,,,,,,,,,,,,2026-08-09T15:58:12.658Z,C99S394L,2026-08-09,2026-08-09,12:58:12,2026-08-09 12:58:12,,,,,,,,69eb8f1f108d9b87368ef89d,69eb8f1f108d9b87368ef89d,,,,
26261,raw_position_sample,2,3,adv,20,2,17,18,82," trilogy, ",715,377,1536649,69eb8f1f108d9b87368ef89d,69eb8f1f108d9b87368ef89d,advanced,2,69eb8f1f108d9b87368ef89d,69eb8f1f108d9b87368ef89d,spotlight_PROLIFIC,,42,brazil,Portuguese,"portuguese, english, spanish ",spanish,Portuguese:50|English:40|spanish:10,100,Portuguese:40|English:50|spanish:10,100,Portuguese:75|English:20|spanish:5,100,17,4,Bachelor's,10,10,10,6,7,9,4,20,7,17,Duolingo,150,,,,,22,25,C1,intermediate|advanced,intermediate|advanced,cambridge_22_25_intermediate_advanced,4,20,random,,361.26666259765625,708.5833129882812,385.26666259765625,771.7333221435547,7,2,,,,,,,,,,,,2026-08-09T15:58:12.658Z,C99S394L,2026-08-09,2026-08-09,12:58:12,2026-08-09 12:58:12,,,,,,,,69eb8f1f108d9b87368ef89d,69eb8f1f108d9b87368ef89d,,,,
26311,raw_position_sample,2,3,adv,20,2,17,18,82," trilogy, ",717,377,1536700,69eb8f1f108d9b87368ef89d,69eb8f1f108d9b87368ef89d,advanced,2,69eb8f1f108d9b87368ef89d,69eb8f1f108d9b87368ef89d,spotlight_PROLIFIC,,42,brazil,Portuguese,"portuguese, english, spanish ",spanish,Portuguese:50|English:40|spanish:10,100,Portuguese:40|English:50|spanish:10,100,Portuguese:75|English:20|spanish:5,100,17,4,Bachelor's,10,10,10,6,7,9,4,20,7,17,Duolingo,150,,,,,22,25,C1,intermediate|advanced,intermediate|advanced,cambridge_22_25_intermediate_advanced,4,20,random,,361.26666259765625,708.5833129882812,385.26666259765625,771.7333221435547,7,2,,,,,,,,,,,,2026-08-09T15:58:12.658Z,C99S394L,2026-08-09,2026-08-09,12:58:12,2026-08-09 12:58:12,,,,,,,,69eb8f1f108d9b87368ef89d,69eb8f1f108d9b87368ef89d,,,,
26366,raw_position_sample,2,3,adv,20,2,17,18,82," trilogy, ",722,377,1536754,69eb8f1f108d9b87368ef89d,69eb8f1f108d9b87368ef89d,advanced,2,69eb8f1f108d9b87368ef89d,69eb8f1f108d9b87368ef89d,spotlight_PROLIFIC,,42,brazil,Portuguese,"portuguese, english, spanish ",spanish,Portuguese:50|English:40|spanish:10,100,Portuguese:40|English:50|spanish:10,100,Portuguese:75|English:20|spanish:5,100,17,4,Bachelor's,10,10,10,6,7,9,4,20,7,17,Duolingo,150,,,,,22,25,C1,intermediate|advanced,intermediate|advanced,cambridge_22_25_intermediate_advanced,4,20,random,,361.26666259765625,708.5833129882812,385.26666259765625,771.7333221435547,7,2,,,,,,,,,,,,2026-08-09T15:58:12.658Z,C99S394L,2026-08-09,2026-08-09,12:58:12,2026-08-09 12:58:12,,,,,,,,69eb8f1f108d9b87368ef89d,69eb8f1f108d9b87368ef89d,,,,
26416,raw_position_sample,2,3,adv,20,2,17,18,82," trilogy, ",748,377,1536805,69eb8f1f108d9b87368ef89d,69eb8f1f108d9b87368ef89d,advanced,2,69eb8f1f108d9b87368ef89d,69eb8f1f108d9b87368ef89d,spotlight_PROLIFIC,,42,brazil,Portuguese,"portuguese, english, spanish ",spanish,Portuguese:50|English:40|spanish:10,100,Portuguese:40|English:50|spanish:10,100,Portuguese:75|English:20|spanish:5,100,17,4,Bachelor's,10,10,10,6,7,9,4,20,7,17,Duolingo,150,,,,,22,25,C1,intermediate|advanced,intermediate|advanced,cambridge_22_25_intermediate_advanced,4,20,random,,361.26666259765625,708.5833129882812,385.26666259765625,771.7333221435547,7,2,,,,,,,,,,,,2026-08-09T15:58:12.658Z,C99S394L,2026-08-09,2026-08-09,12:58:12,2026-08-09 12:58:12,,,,,,,,69eb8f1f108d9b87368ef89d,69eb8f1f108d9b87368ef89d,,,,
26467,raw_position_sample,2,3,adv,20,2,17,18,82," trilogy, ",758,377,1536855,69eb8f1f108d9b87368ef89d,69eb8f1f108d9b87368ef89d,advanced,2,69eb8f1f108d9b87368ef89d,69eb8f1f108d9b87368ef89d,spotlight_PROLIFIC,,42,brazil,Portuguese,"portuguese, english, spanish ",spanish,Portuguese:50|English:40|spanish:10,100,Portuguese:40|English:50|spanish:10,100,Portuguese:75|English:20|spanish:5,100,17,4,Bachelor's,10,10,10,6,7,9,4,20,7,17,Duolingo,150,,,,,22,25,C1,intermediate|advanced,intermediate|advanced,cambridge_22_25_intermediate_advanced,4,20,random,,361.26666259765625,708.5833129882812,385.26666259765625,771.7333221435547,7,2,,,,,,,,,,,,2026-08-09T15:58:12.658Z,C99S394L,2026-08-09,2026-08-09,12:58:12,2026-08-09 12:58:12,,,,,,,,69eb8f1f108d9b87368ef89d,69eb8f1f108d9b87368ef89d,,,,
26517,raw_position_sample,2,3,adv,20,2,17,18,82," trilogy, ",758,377,1536905,69eb8f1f108d9b87368ef89d,69eb8f1f108d9b87368ef89d,advanced,2,69eb8f1f108d9b87368ef89d,69eb8f1f108d9b87368ef89d,spotlight_PROLIFIC,,42,brazil,Portuguese,"portuguese, english, spanish ",spanish,Portuguese:50|English:40|spanish:10,100,Portuguese:40|English:50|spanish:10,100,Portuguese:75|English:20|spanish:5,100,17,4,Bachelor's,10,10,10,6,7,9,4,20,7,17,Duolingo,150,,,,,22,25,C1,intermediate|advanced,intermediate|advanced,cambridge_22_25_intermediate_advanced,4,20,random,,361.26666259765625,708.5833129882812,385.26666259765625,771.7333221435547,7,2,,,,,,,,,,,,2026-08-09T15:58:12.658Z,C99S394L,2026-08-09,2026-08-09,12:58:12,2026-08-09 12:58:12,,,,,,,,69eb8f1f108d9b87368ef89d,69eb8f1f108d9b87368ef89d,,,,
26566,raw_position_sample,2,3,adv,20,2,17,18,82," trilogy, ",759,377,1536955,69eb8f1f108d9b87368ef89d,69eb8f1f108d9b87368ef89d,advanced,2,69eb8f1f108d9b87368ef89d,69eb8f1f108d9b87368ef89d,spotlight_PROLIFIC,,42,brazil,Portuguese,"portuguese, english, spanish ",spanish,Portuguese:50|English:40|spanish:10,100,Portuguese:40|English:50|spanish:10,100,Portuguese:75|English:20|spanish:5,100,17,4,Bachelor's,10,10,10,6,7,9,4,20,7,17,Duolingo,150,,,,,22,25,C1,intermediate|advanced,intermediate|advanced,cambridge_22_25_intermediate_advanced,4,20,random,,361.26666259765625,708.5833129882812,385.26666259765625,771.7333221435547,7,2,,,,,,,,,,,,2026-08-09T15:58:12.658Z,C99S394L,2026-08-09,2026-08-09,12:58:12,2026-08-09 12:58:12,,,,,,,,69eb8f1f108d9b87368ef89d,69eb8f1f108d9b87368ef89d,,,,
26618,raw_position_sample,2,3,adv,20,2,17,18,82," trilogy, ",765,377,1537006,69eb8f1f108d9b87368ef89d,69eb8f1f108d9b87368ef89d,advanced,2,69eb8f1f108d9b87368ef89d,69eb8f1f108d9b87368ef89d,spotlight_PROLIFIC,,42,brazil,Portuguese,"portuguese, english, spanish ",spanish,Portuguese:50|English:40|spanish:10,100,Portuguese:40|English:50|spanish:10,100,Portuguese:75|English:20|spanish:5,100,17,4,Bachelor's,10,10,10,6,7,9,4,20,7,17,Duolingo,150,,,,,22,25,C1,intermediate|advanced,intermediate|advanced,cambridge_22_25_intermediate_advanced,4,20,random,,361.26666259765625,708.5833129882812,385.26666259765625,771.7333221435547,7,2,,,,,,,,,,,,2026-08-09T15:58:12.658Z,C99S394L,2026-08-09,2026-08-09,12:58:12,2026-08-09 12:58:12,,,,,,,,69eb8f1f108d9b87368ef89d,69eb8f1f108d9b87368ef89d,,,,
26669,raw_position_sample,2,3,adv,20,2,17,18,82," trilogy, ",771,377,1537057,69eb8f1f108d9b87368ef89d,69eb8f1f108d9b87368ef89d,advanced,2,69eb8f1f108d9b87368ef89d,69eb8f1f108d9b87368ef89d,spotlight_PROLIFIC,,42,brazil,Portuguese,"portuguese, english, spanish ",spanish,Portuguese:50|English:40|spanish:10,100,Portuguese:40|English:50|spanish:10,100,Portuguese:75|English:20|spanish:5,100,17,4,Bachelor's,10,10,10,6,7,9,4,20,7,17,Duolingo,150,,,,,22,25,C1,intermediate|advanced,intermediate|advanced,cambridge_22_25_intermediate_advanced,4,20,random,,361.26666259765625,708.5833129882812,385.26666259765625,771.7333221435547,7,2,,,,,,,,,,,,2026-08-09T15:58:12.658Z,C99S394L,2026-08-09,2026-08-09,12:58:12,2026-08-09 12:58:12,,,,,,,,69eb8f1f108d9b87368ef89d,69eb8f1f108d9b87368ef89d,,,,
26685,hover_association,2,3,adv,20,2,17,18,82," trilogy, ",709,377,,69eb8f1f108d9b87368ef89d,69eb8f1f108d9b87368ef89d,advanced,2,69eb8f1f108d9b87368ef89d,69eb8f1f108d9b87368ef89d,spotlight_PROLIFIC,,42,brazil,Portuguese,"portuguese, english, spanish ",spanish,Portuguese:50|English:40|spanish:10,100,Portuguese:40|English:50|spanish:10,100,Portuguese:75|English:20|spanish:5,100,17,4,Bachelor's,10,10,10,6,7,9,4,20,7,17,Duolingo,150,,,,,22,25,C1,intermediate|advanced,intermediate|advanced,cambridge_22_25_intermediate_advanced,4,20,random,,353.26666259765625,708.5833358764648,393.26666259765625,771.7333297729492,7,2,hover,683,683,0.9883874925759883,0.5933334350585937,154,,,,,,2026-08-09T15:58:12.658Z,C99S394L,2026-08-09,2026-08-09,12:58:12,2026-08-09 12:58:12,,,,,,,,69eb8f1f108d9b87368ef89d,69eb8f1f108d9b87368ef89d,,,,
26719,raw_position_sample,2,3,adv,20,2,17,18,83, says ,779,377,1537107,69eb8f1f108d9b87368ef89d,69eb8f1f108d9b87368ef89d,advanced,2,69eb8f1f108d9b87368ef89d,69eb8f1f108d9b87368ef89d,spotlight_PROLIFIC,,42,brazil,Portuguese,"portuguese, english, spanish ",spanish,Portuguese:50|English:40|spanish:10,100,Portuguese:40|English:50|spanish:10,100,Portuguese:75|English:20|spanish:5,100,17,4,Bachelor's,10,10,10,6,7,9,4,20,7,17,Duolingo,150,,,,,22,25,C1,intermediate|advanced,intermediate|advanced,cambridge_22_25_intermediate_advanced,4,20,random,,361.26666259765625,771.7333374023438,385.26666259765625,812.9333343505859,7,3,,,,,,,,,,,,2026-08-09T15:58:12.658Z,C99S394L,2026-08-09,2026-08-09,12:58:12,2026-08-09 12:58:12,,,,,,,,69eb8f1f108d9b87368ef89d,69eb8f1f108d9b87368ef89d,,,,
26769,raw_position_sample,2,3,adv,20,2,17,18,83, says ,790,377,1537157,69eb8f1f108d9b87368ef89d,69eb8f1f108d9b87368ef89d,advanced,2,69eb8f1f108d9b87368ef89d,69eb8f1f108d9b87368ef89d,spotlight_PROLIFIC,,42,brazil,Portuguese,"portuguese, english, spanish ",spanish,Portuguese:50|English:40|spanish:10,100,Portuguese:40|English:50|spanish:10,100,Portuguese:75|English:20|spanish:5,100,17,4,Bachelor's,10,10,10,6,7,9,4,20,7,17,Duolingo,150,,,,,22,25,C1,intermediate|advanced,intermediate|advanced,cambridge_22_25_intermediate_advanced,4,20,random,,361.26666259765625,771.7333374023438,385.26666259765625,812.9333343505859,7,3,,,,,,,,,,,,2026-08-09T15:58:12.658Z,C99S394L,2026-08-09,2026-08-09,12:58:12,2026-08-09 12:58:12,,,,,,,,69eb8f1f108d9b87368ef89d,69eb8f1f108d9b87368ef89d,,,,
26819,raw_position_sample,2,3,adv,20,2,17,18,83, says ,803,377,1537208,69eb8f1f108d9b87368ef89d,69eb8f1f108d9b87368ef89d,advanced,2,69eb8f1f108d9b87368ef89d,69eb8f1f108d9b87368ef89d,spotlight_PROLIFIC,,42,brazil,Portuguese,"portuguese, english, spanish ",spanish,Portuguese:50|English:40|spanish:10,100,Portuguese:40|English:50|spanish:10,100,Portuguese:75|English:20|spanish:5,100,17,4,Bachelor's,10,10,10,6,7,9,4,20,7,17,Duolingo,150,,,,,22,25,C1,intermediate|advanced,intermediate|advanced,cambridge_22_25_intermediate_advanced,4,20,random,,361.26666259765625,771.7333374023438,385.26666259765625,812.9333343505859,7,3,,,,,,,,,,,,2026-08-09T15:58:12.658Z,C99S394L,2026-08-09,2026-08-09,12:58:12,2026-08-09 12:58:12,,,,,,,,69eb8f1f108d9b87368ef89d,69eb8f1f108d9b87368ef89d,,,,
26868,hover_association,2,3,adv,20,2,17,18,83, says ,773,377,,69eb8f1f108d9b87368ef89d,69eb8f1f108d9b87368ef89d,advanced,2,69eb8f1f108d9b87368ef89d,69eb8f1f108d9b87368ef89d,spotlight_PROLIFIC,,42,brazil,Portuguese,"portuguese, english, spanish ",spanish,Portuguese:50|English:40|spanish:10,100,Portuguese:40|English:50|spanish:10,100,Portuguese:75|English:20|spanish:5,100,17,4,Bachelor's,10,10,10,6,7,9,4,20,7,17,Duolingo,150,,,,,22,25,C1,intermediate|advanced,intermediate|advanced,cambridge_22_25_intermediate_advanced,4,20,random,,353.26666259765625,771.7333297729492,393.26666259765625,812.9333419799805,7,3,hover,184,184,0.9773460751591432,0.6433334350585938,154,,,,,,2026-08-09T15:58:12.658Z,C99S394L,2026-08-09,2026-08-09,12:58:12,2026-08-09 12:58:12,,,,,,,,69eb8f1f108d9b87368ef89d,69eb8f1f108d9b87368ef89d,,,,
26870,raw_position_sample,2,3,adv,20,2,17,18,84, authors ,816,379,1537258,69eb8f1f108d9b87368ef89d,69eb8f1f108d9b87368ef89d,advanced,2,69eb8f1f108d9b87368ef89d,69eb8f1f108d9b87368ef89d,spotlight_PROLIFIC,,42,brazil,Portuguese,"portuguese, english, spanish ",spanish,Portuguese:50|English:40|spanish:10,100,Portuguese:40|English:50|spanish:10,100,Portuguese:75|English:20|spanish:5,100,17,4,Bachelor's,10,10,10,6,7,9,4,20,7,17,Duolingo,150,,,,,22,25,C1,intermediate|advanced,intermediate|advanced,cambridge_22_25_intermediate_advanced,4,20,random,,361.26666259765625,812.933349609375,385.26666259765625,883.3833465576172,7,4,,,,,,,,,,,,2026-08-09T15:58:12.658Z,C99S394L,2026-08-09,2026-08-09,12:58:12,2026-08-09 12:58:12,,,,,,,,69eb8f1f108d9b87368ef89d,69eb8f1f108d9b87368ef89d,,,,
26920,raw_position_sample,2,3,adv,20,2,17,18,84, authors ,817,379,1537309,69eb8f1f108d9b87368ef89d,69eb8f1f108d9b87368ef89d,advanced,2,69eb8f1f108d9b87368ef89d,69eb8f1f108d9b87368ef89d,spotlight_PROLIFIC,,42,brazil,Portuguese,"portuguese, english, spanish ",spanish,Portuguese:50|English:40|spanish:10,100,Portuguese:40|English:50|spanish:10,100,Portuguese:75|English:20|spanish:5,100,17,4,Bachelor's,10,10,10,6,7,9,4,20,7,17,Duolingo,150,,,,,22,25,C1,intermediate|advanced,intermediate|advanced,cambridge_22_25_intermediate_advanced,4,20,random,,361.26666259765625,812.933349609375,385.26666259765625,883.3833465576172,7,4,,,,,,,,,,,,2026-08-09T15:58:12.658Z,C99S394L,2026-08-09,2026-08-09,12:58:12,2026-08-09 12:58:12,,,,,,,,69eb8f1f108d9b87368ef89d,69eb8f1f108d9b87368ef89d,,,,
26970,raw_position_sample,2,3,adv,20,2,17,18,84, authors ,819,379,1537359,69eb8f1f108d9b87368ef89d,69eb8f1f108d9b87368ef89d,advanced,2,69eb8f1f108d9b87368ef89d,69eb8f1f108d9b87368ef89d,spotlight_PROLIFIC,,42,brazil,Portuguese,"portuguese, english, spanish ",spanish,Portuguese:50|English:40|spanish:10,100,Portuguese:40|English:50|spanish:10,100,Portuguese:75|English:20|spanish:5,100,17,4,Bachelor's,10,10,10,6,7,9,4,20,7,17,Duolingo,150,,,,,22,25,C1,intermediate|advanced,intermediate|advanced,cambridge_22_25_intermediate_advanced,4,20,random,,361.26666259765625,812.933349609375,385.26666259765625,883.3833465576172,7,4,,,,,,,,,,,,2026-08-09T15:58:12.658Z,C99S394L,2026-08-09,2026-08-09,12:58:12,2026-08-09 12:58:12,,,,,,,,69eb8f1f108d9b87368ef89d,69eb8f1f108d9b87368ef89d,,,,
27020,raw_position_sample,2,3,adv,20,2,17,18,84, authors ,823,379,1537409,69eb8f1f108d9b87368ef89d,69eb8f1f108d9b87368ef89d,advanced,2,69eb8f1f108d9b87368ef89d,69eb8f1f108d9b87368ef89d,spotlight_PROLIFIC,,42,brazil,Portuguese,"portuguese, english, spanish ",spanish,Portuguese:50|English:40|spanish:10,100,Portuguese:40|English:50|spanish:10,100,Portuguese:75|English:20|spanish:5,100,17,4,Bachelor's,10,10,10,6,7,9,4,20,7,17,Duolingo,150,,,,,22,25,C1,intermediate|advanced,intermediate|advanced,cambridge_22_25_intermediate_advanced,4,20,random,,361.26666259765625,812.933349609375,385.26666259765625,883.3833465576172,7,4,,,,,,,,,,,,2026-08-09T15:58:12.658Z,C99S394L,2026-08-09,2026-08-09,12:58:12,2026-08-09 12:58:12,,,,,,,,69eb8f1f108d9b87368ef89d,69eb8f1f108d9b87368ef89d,,,,
27071,raw_position_sample,2,3,adv,20,2,17,18,84, authors ,831,379,1537459,69eb8f1f108d9b87368ef89d,69eb8f1f108d9b87368ef89d,advanced,2,69eb8f1f108d9b87368ef89d,69eb8f1f108d9b87368ef89d,spotlight_PROLIFIC,,42,brazil,Portuguese,"portuguese, english, spanish ",spanish,Portuguese:50|English:40|spanish:10,100,Portuguese:40|English:50|spanish:10,100,Portuguese:75|English:20|spanish:5,100,17,4,Bachelor's,10,10,10,6,7,9,4,20,7,17,Duolingo,150,,,,,22,25,C1,intermediate|advanced,intermediate|advanced,cambridge_22_25_intermediate_advanced,4,20,random,,361.26666259765625,812.933349609375,385.26666259765625,883.3833465576172,7,4,,,,,,,,,,,,2026-08-09T15:58:12.658Z,C99S394L,2026-08-09,2026-08-09,12:58:12,2026-08-09 12:58:12,,,,,,,,69eb8f1f108d9b87368ef89d,69eb8f1f108d9b87368ef89d,,,,
27122,raw_position_sample,2,3,adv,20,2,17,18,84, authors ,840,378,1537510,69eb8f1f108d9b87368ef89d,69eb8f1f108d9b87368ef89d,advanced,2,69eb8f1f108d9b87368ef89d,69eb8f1f108d9b87368ef89d,spotlight_PROLIFIC,,42,brazil,Portuguese,"portuguese, english, spanish ",spanish,Portuguese:50|English:40|spanish:10,100,Portuguese:40|English:50|spanish:10,100,Portuguese:75|English:20|spanish:5,100,17,4,Bachelor's,10,10,10,6,7,9,4,20,7,17,Duolingo,150,,,,,22,25,C1,intermediate|advanced,intermediate|advanced,cambridge_22_25_intermediate_advanced,4,20,random,,361.26666259765625,812.933349609375,385.26666259765625,883.3833465576172,7,4,,,,,,,,,,,,2026-08-09T15:58:12.658Z,C99S394L,2026-08-09,2026-08-09,12:58:12,2026-08-09 12:58:12,,,,,,,,69eb8f1f108d9b87368ef89d,69eb8f1f108d9b87368ef89d,,,,
27171,raw_position_sample,2,3,adv,20,2,17,18,84, authors ,851,378,1537560,69eb8f1f108d9b87368ef89d,69eb8f1f108d9b87368ef89d,advanced,2,69eb8f1f108d9b87368ef89d,69eb8f1f108d9b87368ef89d,spotlight_PROLIFIC,,42,brazil,Portuguese,"portuguese, english, spanish ",spanish,Portuguese:50|English:40|spanish:10,100,Portuguese:40|English:50|spanish:10,100,Portuguese:75|English:20|spanish:5,100,17,4,Bachelor's,10,10,10,6,7,9,4,20,7,17,Duolingo,150,,,,,22,25,C1,intermediate|advanced,intermediate|advanced,cambridge_22_25_intermediate_advanced,4,20,random,,361.26666259765625,812.933349609375,385.26666259765625,883.3833465576172,7,4,,,,,,,,,,,,2026-08-09T15:58:12.658Z,C99S394L,2026-08-09,2026-08-09,12:58:12,2026-08-09 12:58:12,,,,,,,,69eb8f1f108d9b87368ef89d,69eb8f1f108d9b87368ef89d,,,,
27221,raw_position_sample,2,3,adv,20,2,17,18,84, authors ,865,377,1537610,69eb8f1f108d9b87368ef89d,69eb8f1f108d9b87368ef89d,advanced,2,69eb8f1f108d9b87368ef89d,69eb8f1f108d9b87368ef89d,spotlight_PROLIFIC,,42,brazil,Portuguese,"portuguese, english, spanish ",spanish,Portuguese:50|English:40|spanish:10,100,Portuguese:40|English:50|spanish:10,100,Portuguese:75|English:20|spanish:5,100,17,4,Bachelor's,10,10,10,6,7,9,4,20,7,17,Duolingo,150,,,,,22,25,C1,intermediate|advanced,intermediate|advanced,cambridge_22_25_intermediate_advanced,4,20,random,,361.26666259765625,812.933349609375,385.26666259765625,883.3833465576172,7,4,,,,,,,,,,,,2026-08-09T15:58:12.658Z,C99S394L,2026-08-09,2026-08-09,12:58:12,2026-08-09 12:58:12,,,,,,,,69eb8f1f108d9b87368ef89d,69eb8f1f108d9b87368ef89d,,,,
27272,raw_position_sample,2,3,adv,20,2,17,18,84, authors ,873,375,1537661,69eb8f1f108d9b87368ef89d,69eb8f1f108d9b87368ef89d,advanced,2,69eb8f1f108d9b87368ef89d,69eb8f1f108d9b87368ef89d,spotlight_PROLIFIC,,42,brazil,Portuguese,"portuguese, english, spanish ",spanish,Portuguese:50|English:40|spanish:10,100,Portuguese:40|English:50|spanish:10,100,Portuguese:75|English:20|spanish:5,100,17,4,Bachelor's,10,10,10,6,7,9,4,20,7,17,Duolingo,150,,,,,22,25,C1,intermediate|advanced,intermediate|advanced,cambridge_22_25_intermediate_advanced,4,20,random,,361.26666259765625,812.933349609375,385.26666259765625,883.3833465576172,7,4,,,,,,,,,,,,2026-08-09T15:58:12.658Z,C99S394L,2026-08-09,2026-08-09,12:58:12,2026-08-09 12:58:12,,,,,,,,69eb8f1f108d9b87368ef89d,69eb8f1f108d9b87368ef89d,,,,
27323,raw_position_sample,2,3,adv,20,2,17,18,84, authors ,877,375,1537711,69eb8f1f108d9b87368ef89d,69eb8f1f108d9b87368ef89d,advanced,2,69eb8f1f108d9b87368ef89d,69eb8f1f108d9b87368ef89d,spotlight_PROLIFIC,,42,brazil,Portuguese,"portuguese, english, spanish ",spanish,Portuguese:50|English:40|spanish:10,100,Portuguese:40|English:50|spanish:10,100,Portuguese:75|English:20|spanish:5,100,17,4,Bachelor's,10,10,10,6,7,9,4,20,7,17,Duolingo,150,,,,,22,25,C1,intermediate|advanced,intermediate|advanced,cambridge_22_25_intermediate_advanced,4,20,random,,361.26666259765625,812.933349609375,385.26666259765625,883.3833465576172,7,4,,,,,,,,,,,,2026-08-09T15:58:12.658Z,C99S394L,2026-08-09,2026-08-09,12:58:12,2026-08-09 12:58:12,,,,,,,,69eb8f1f108d9b87368ef89d,69eb8f1f108d9b87368ef89d,,,,
27368,hover_association,2,3,adv,20,2,17,18,84, authors ,816,379,,69eb8f1f108d9b87368ef89d,69eb8f1f108d9b87368ef89d,advanced,2,69eb8f1f108d9b87368ef89d,69eb8f1f108d9b87368ef89d,spotlight_PROLIFIC,,42,brazil,Portuguese,"portuguese, english, spanish ",spanish,Portuguese:50|English:40|spanish:10,100,Portuguese:40|English:50|spanish:10,100,Portuguese:75|English:20|spanish:5,100,17,4,Bachelor's,10,10,10,6,7,9,4,20,7,17,Duolingo,150,,,,,22,25,C1,intermediate|advanced,intermediate|advanced,cambridge_22_25_intermediate_advanced,4,20,random,,353.26666259765625,812.9333419799805,393.26666259765625,883.3833236694336,7,4,hover,500,500,0.9519755209540374,0.5183334350585938,154,,,,,,2026-08-09T15:58:12.658Z,C99S394L,2026-08-09,2026-08-09,12:58:12,2026-08-09 12:58:12,,,,,,,,69eb8f1f108d9b87368ef89d,69eb8f1f108d9b87368ef89d,,,,
27372,raw_position_sample,2,3,adv,20,2,17,18,85, and ,884,374,1537761,69eb8f1f108d9b87368ef89d,69eb8f1f108d9b87368ef89d,advanced,2,69eb8f1f108d9b87368ef89d,69eb8f1f108d9b87368ef89d,spotlight_PROLIFIC,,42,brazil,Portuguese,"portuguese, english, spanish ",spanish,Portuguese:50|English:40|spanish:10,100,Portuguese:40|English:50|spanish:10,100,Portuguese:75|English:20|spanish:5,100,17,4,Bachelor's,10,10,10,6,7,9,4,20,7,17,Duolingo,150,,,,,22,25,C1,intermediate|advanced,intermediate|advanced,cambridge_22_25_intermediate_advanced,4,20,random,,361.26666259765625,883.38330078125,385.26666259765625,920.3499755859375,7,5,,,,,,,,,,,,2026-08-09T15:58:12.658Z,C99S394L,2026-08-09,2026-08-09,12:58:12,2026-08-09 12:58:12,,,,,,,,69eb8f1f108d9b87368ef89d,69eb8f1f108d9b87368ef89d,,,,
27423,raw_position_sample,2,3,adv,20,2,17,18,85, and ,898,374,1537812,69eb8f1f108d9b87368ef89d,69eb8f1f108d9b87368ef89d,advanced,2,69eb8f1f108d9b87368ef89d,69eb8f1f108d9b87368ef89d,spotlight_PROLIFIC,,42,brazil,Portuguese,"portuguese, english, spanish ",spanish,Portuguese:50|English:40|spanish:10,100,Portuguese:40|English:50|spanish:10,100,Portuguese:75|English:20|spanish:5,100,17,4,Bachelor's,10,10,10,6,7,9,4,20,7,17,Duolingo,150,,,,,22,25,C1,intermediate|advanced,intermediate|advanced,cambridge_22_25_intermediate_advanced,4,20,random,,361.26666259765625,883.38330078125,385.26666259765625,920.3499755859375,7,5,,,,,,,,,,,,2026-08-09T15:58:12.658Z,C99S394L,2026-08-09,2026-08-09,12:58:12,2026-08-09 12:58:12,,,,,,,,69eb8f1f108d9b87368ef89d,69eb8f1f108d9b87368ef89d,,,,
27468,hover_association,2,3,adv,20,2,17,18,85, and ,884,374,,69eb8f1f108d9b87368ef89d,69eb8f1f108d9b87368ef89d,advanced,2,69eb8f1f108d9b87368ef89d,69eb8f1f108d9b87368ef89d,spotlight_PROLIFIC,,42,brazil,Portuguese,"portuguese, english, spanish ",spanish,Portuguese:50|English:40|spanish:10,100,Portuguese:40|English:50|spanish:10,100,Portuguese:75|English:20|spanish:5,100,17,4,Bachelor's,10,10,10,6,7,9,4,20,7,17,Duolingo,150,,,,,22,25,C1,intermediate|advanced,intermediate|advanced,cambridge_22_25_intermediate_advanced,4,20,random,,353.26666259765625,883.3833236694336,393.26666259765625,920.3499755859375,7,5,hover,100,100,0.7470699914329226,0.5433334350585938,154,,,,,,2026-08-09T15:58:12.658Z,C99S394L,2026-08-09,2026-08-09,12:58:12,2026-08-09 12:58:12,,,,,,,,69eb8f1f108d9b87368ef89d,69eb8f1f108d9b87368ef89d,,,,
27474,raw_position_sample,2,3,adv,20,2,17,18,86, musicians ,921,377,1537862,69eb8f1f108d9b87368ef89d,69eb8f1f108d9b87368ef89d,advanced,2,69eb8f1f108d9b87368ef89d,69eb8f1f108d9b87368ef89d,spotlight_PROLIFIC,,42,brazil,Portuguese,"portuguese, english, spanish ",spanish,Portuguese:50|English:40|spanish:10,100,Portuguese:40|English:50|spanish:10,100,Portuguese:75|English:20|spanish:5,100,17,4,Bachelor's,10,10,10,6,7,9,4,20,7,17,Duolingo,150,,,,,22,25,C1,intermediate|advanced,intermediate|advanced,cambridge_22_25_intermediate_advanced,4,20,random,,361.26666259765625,920.3499755859375,385.26666259765625,1009.3666381835938,7,6,,,,,,,,,,,,2026-08-09T15:58:12.658Z,C99S394L,2026-08-09,2026-08-09,12:58:12,2026-08-09 12:58:12,,,,,,,,69eb8f1f108d9b87368ef89d,69eb8f1f108d9b87368ef89d,,,,
27523,raw_position_sample,2,3,adv,20,2,17,18,86, musicians ,946,377,1537912,69eb8f1f108d9b87368ef89d,69eb8f1f108d9b87368ef89d,advanced,2,69eb8f1f108d9b87368ef89d,69eb8f1f108d9b87368ef89d,spotlight_PROLIFIC,,42,brazil,Portuguese,"portuguese, english, spanish ",spanish,Portuguese:50|English:40|spanish:10,100,Portuguese:40|English:50|spanish:10,100,Portuguese:75|English:20|spanish:5,100,17,4,Bachelor's,10,10,10,6,7,9,4,20,7,17,Duolingo,150,,,,,22,25,C1,intermediate|advanced,intermediate|advanced,cambridge_22_25_intermediate_advanced,4,20,random,,361.26666259765625,920.3499755859375,385.26666259765625,1009.3666381835938,7,6,,,,,,,,,,,,2026-08-09T15:58:12.658Z,C99S394L,2026-08-09,2026-08-09,12:58:12,2026-08-09 12:58:12,,,,,,,,69eb8f1f108d9b87368ef89d,69eb8f1f108d9b87368ef89d,,,,
27573,raw_position_sample,2,3,adv,20,2,17,18,86, musicians ,962,376,1537962,69eb8f1f108d9b87368ef89d,69eb8f1f108d9b87368ef89d,advanced,2,69eb8f1f108d9b87368ef89d,69eb8f1f108d9b87368ef89d,spotlight_PROLIFIC,,42,brazil,Portuguese,"portuguese, english, spanish ",spanish,Portuguese:50|English:40|spanish:10,100,Portuguese:40|English:50|spanish:10,100,Portuguese:75|English:20|spanish:5,100,17,4,Bachelor's,10,10,10,6,7,9,4,20,7,17,Duolingo,150,,,,,22,25,C1,intermediate|advanced,intermediate|advanced,cambridge_22_25_intermediate_advanced,4,20,random,,361.26666259765625,920.3499755859375,385.26666259765625,1009.3666381835938,7,6,,,,,,,,,,,,2026-08-09T15:58:12.658Z,C99S394L,2026-08-09,2026-08-09,12:58:12,2026-08-09 12:58:12,,,,,,,,69eb8f1f108d9b87368ef89d,69eb8f1f108d9b87368ef89d,,,,
27624,raw_position_sample,2,3,adv,20,2,17,18,86, musicians ,979,376,1538012,69eb8f1f108d9b87368ef89d,69eb8f1f108d9b87368ef89d,advanced,2,69eb8f1f108d9b87368ef89d,69eb8f1f108d9b87368ef89d,spotlight_PROLIFIC,,42,brazil,Portuguese,"portuguese, english, spanish ",spanish,Portuguese:50|English:40|spanish:10,100,Portuguese:40|English:50|spanish:10,100,Portuguese:75|English:20|spanish:5,100,17,4,Bachelor's,10,10,10,6,7,9,4,20,7,17,Duolingo,150,,,,,22,25,C1,intermediate|advanced,intermediate|advanced,cambridge_22_25_intermediate_advanced,4,20,random,,361.26666259765625,920.3499755859375,385.26666259765625,1009.3666381835938,7,6,,,,,,,,,,,,2026-08-09T15:58:12.658Z,C99S394L,2026-08-09,2026-08-09,12:58:12,2026-08-09 12:58:12,,,,,,,,69eb8f1f108d9b87368ef89d,69eb8f1f108d9b87368ef89d,,,,
27674,raw_position_sample,2,3,adv,20,2,17,18,86, musicians ,990,376,1538062,69eb8f1f108d9b87368ef89d,69eb8f1f108d9b87368ef89d,advanced,2,69eb8f1f108d9b87368ef89d,69eb8f1f108d9b87368ef89d,spotlight_PROLIFIC,,42,brazil,Portuguese,"portuguese, english, spanish ",spanish,Portuguese:50|English:40|spanish:10,100,Portuguese:40|English:50|spanish:10,100,Portuguese:75|English:20|spanish:5,100,17,4,Bachelor's,10,10,10,6,7,9,4,20,7,17,Duolingo,150,,,,,22,25,C1,intermediate|advanced,intermediate|advanced,cambridge_22_25_intermediate_advanced,4,20,random,,361.26666259765625,920.3499755859375,385.26666259765625,1009.3666381835938,7,6,,,,,,,,,,,,2026-08-09T15:58:12.658Z,C99S394L,2026-08-09,2026-08-09,12:58:12,2026-08-09 12:58:12,,,,,,,,69eb8f1f108d9b87368ef89d,69eb8f1f108d9b87368ef89d,,,,
27725,raw_position_sample,2,3,adv,20,2,17,18,86, musicians ,999,376,1538112,69eb8f1f108d9b87368ef89d,69eb8f1f108d9b87368ef89d,advanced,2,69eb8f1f108d9b87368ef89d,69eb8f1f108d9b87368ef89d,spotlight_PROLIFIC,,42,brazil,Portuguese,"portuguese, english, spanish ",spanish,Portuguese:50|English:40|spanish:10,100,Portuguese:40|English:50|spanish:10,100,Portuguese:75|English:20|spanish:5,100,17,4,Bachelor's,10,10,10,6,7,9,4,20,7,17,Duolingo,150,,,,,22,25,C1,intermediate|advanced,intermediate|advanced,cambridge_22_25_intermediate_advanced,4,20,random,,361.26666259765625,920.3499755859375,385.26666259765625,1009.3666381835938,7,6,,,,,,,,,,,,2026-08-09T15:58:12.658Z,C99S394L,2026-08-09,2026-08-09,12:58:12,2026-08-09 12:58:12,,,,,,,,69eb8f1f108d9b87368ef89d,69eb8f1f108d9b87368ef89d,,,,
27775,raw_position_sample,2,3,adv,20,2,17,18,86, musicians ,999,376,1538163,69eb8f1f108d9b87368ef89d,69eb8f1f108d9b87368ef89d,advanced,2,69eb8f1f108d9b87368ef89d,69eb8f1f108d9b87368ef89d,spotlight_PROLIFIC,,42,brazil,Portuguese,"portuguese, english, spanish ",spanish,Portuguese:50|English:40|spanish:10,100,Portuguese:40|English:50|spanish:10,100,Portuguese:75|English:20|spanish:5,100,17,4,Bachelor's,10,10,10,6,7,9,4,20,7,17,Duolingo,150,,,,,22,25,C1,intermediate|advanced,intermediate|advanced,cambridge_22_25_intermediate_advanced,4,20,random,,361.26666259765625,920.3499755859375,385.26666259765625,1009.3666381835938,7,6,,,,,,,,,,,,2026-08-09T15:58:12.658Z,C99S394L,2026-08-09,2026-08-09,12:58:12,2026-08-09 12:58:12,,,,,,,,69eb8f1f108d9b87368ef89d,69eb8f1f108d9b87368ef89d,,,,
27825,raw_position_sample,2,3,adv,20,2,17,18,86, musicians ,999,376,1538214,69eb8f1f108d9b87368ef89d,69eb8f1f108d9b87368ef89d,advanced,2,69eb8f1f108d9b87368ef89d,69eb8f1f108d9b87368ef89d,spotlight_PROLIFIC,,42,brazil,Portuguese,"portuguese, english, spanish ",spanish,Portuguese:50|English:40|spanish:10,100,Portuguese:40|English:50|spanish:10,100,Portuguese:75|English:20|spanish:5,100,17,4,Bachelor's,10,10,10,6,7,9,4,20,7,17,Duolingo,150,,,,,22,25,C1,intermediate|advanced,intermediate|advanced,cambridge_22_25_intermediate_advanced,4,20,random,,361.26666259765625,920.3499755859375,385.26666259765625,1009.3666381835938,7,6,,,,,,,,,,,,2026-08-09T15:58:12.658Z,C99S394L,2026-08-09,2026-08-09,12:58:12,2026-08-09 12:58:12,,,,,,,,69eb8f1f108d9b87368ef89d,69eb8f1f108d9b87368ef89d,,,,
27875,raw_position_sample,2,3,adv,20,2,17,18,86, musicians ,999,376,1538264,69eb8f1f108d9b87368ef89d,69eb8f1f108d9b87368ef89d,advanced,2,69eb8f1f108d9b87368ef89d,69eb8f1f108d9b87368ef89d,spotlight_PROLIFIC,,42,brazil,Portuguese,"portuguese, english, spanish ",spanish,Portuguese:50|English:40|spanish:10,100,Portuguese:40|English:50|spanish:10,100,Portuguese:75|English:20|spanish:5,100,17,4,Bachelor's,10,10,10,6,7,9,4,20,7,17,Duolingo,150,,,,,22,25,C1,intermediate|advanced,intermediate|advanced,cambridge_22_25_intermediate_advanced,4,20,random,,361.26666259765625,920.3499755859375,385.26666259765625,1009.3666381835938,7,6,,,,,,,,,,,,2026-08-09T15:58:12.658Z,C99S394L,2026-08-09,2026-08-09,12:58:12,2026-08-09 12:58:12,,,,,,,,69eb8f1f108d9b87368ef89d,69eb8f1f108d9b87368ef89d,,,,
27926,raw_position_sample,2,3,adv,20,2,17,18,86, musicians ,999,376,1538314,69eb8f1f108d9b87368ef89d,69eb8f1f108d9b87368ef89d,advanced,2,69eb8f1f108d9b87368ef89d,69eb8f1f108d9b87368ef89d,spotlight_PROLIFIC,,42,brazil,Portuguese,"portuguese, english, spanish ",spanish,Portuguese:50|English:40|spanish:10,100,Portuguese:40|English:50|spanish:10,100,Portuguese:75|English:20|spanish:5,100,17,4,Bachelor's,10,10,10,6,7,9,4,20,7,17,Duolingo,150,,,,,22,25,C1,intermediate|advanced,intermediate|advanced,cambridge_22_25_intermediate_advanced,4,20,random,,361.26666259765625,920.3499755859375,385.26666259765625,1009.3666381835938,7,6,,,,,,,,,,,,2026-08-09T15:58:12.658Z,C99S394L,2026-08-09,2026-08-09,12:58:12,2026-08-09 12:58:12,,,,,,,,69eb8f1f108d9b87368ef89d,69eb8f1f108d9b87368ef89d,,,,
27976,raw_position_sample,2,3,adv,20,2,17,18,86, musicians ,999,376,1538364,69eb8f1f108d9b87368ef89d,69eb8f1f108d9b87368ef89d,advanced,2,69eb8f1f108d9b87368ef89d,69eb8f1f108d9b87368ef89d,spotlight_PROLIFIC,,42,brazil,Portuguese,"portuguese, english, spanish ",spanish,Portuguese:50|English:40|spanish:10,100,Portuguese:40|English:50|spanish:10,100,Portuguese:75|English:20|spanish:5,100,17,4,Bachelor's,10,10,10,6,7,9,4,20,7,17,Duolingo,150,,,,,22,25,C1,intermediate|advanced,intermediate|advanced,cambridge_22_25_intermediate_advanced,4,20,random,,361.26666259765625,920.3499755859375,385.26666259765625,1009.3666381835938,7,6,,,,,,,,,,,,2026-08-09T15:58:12.658Z,C99S394L,2026-08-09,2026-08-09,12:58:12,2026-08-09 12:58:12,,,,,,,,69eb8f1f108d9b87368ef89d,69eb8f1f108d9b87368ef89d,,,,
28026,raw_position_sample,2,3,adv,20,2,17,18,86, musicians ,1008,376,1538414,69eb8f1f108d9b87368ef89d,69eb8f1f108d9b87368ef89d,advanced,2,69eb8f1f108d9b87368ef89d,69eb8f1f108d9b87368ef89d,spotlight_PROLIFIC,,42,brazil,Portuguese,"portuguese, english, spanish ",spanish,Portuguese:50|English:40|spanish:10,100,Portuguese:40|English:50|spanish:10,100,Portuguese:75|English:20|spanish:5,100,17,4,Bachelor's,10,10,10,6,7,9,4,20,7,17,Duolingo,150,,,,,22,25,C1,intermediate|advanced,intermediate|advanced,cambridge_22_25_intermediate_advanced,4,20,random,,361.26666259765625,920.3499755859375,385.26666259765625,1009.3666381835938,7,6,,,,,,,,,,,,2026-08-09T15:58:12.658Z,C99S394L,2026-08-09,2026-08-09,12:58:12,2026-08-09 12:58:12,,,,,,,,69eb8f1f108d9b87368ef89d,69eb8f1f108d9b87368ef89d,,,,
28034,hover_association,2,3,adv,20,2,17,18,86, musicians ,921,377,,69eb8f1f108d9b87368ef89d,69eb8f1f108d9b87368ef89d,advanced,2,69eb8f1f108d9b87368ef89d,69eb8f1f108d9b87368ef89d,spotlight_PROLIFIC,,42,brazil,Portuguese,"portuguese, english, spanish ",spanish,Portuguese:50|English:40|spanish:10,100,Portuguese:40|English:50|spanish:10,100,Portuguese:75|English:20|spanish:5,100,17,4,Bachelor's,10,10,10,6,7,9,4,20,7,17,Duolingo,150,,,,,22,25,C1,intermediate|advanced,intermediate|advanced,cambridge_22_25_intermediate_advanced,4,20,random,,353.26666259765625,920.3499755859375,393.26666259765625,1009.3666687011719,7,6,hover,566,566,0.984647051543437,0.5683334350585938,154,,,,,,2026-08-09T15:58:12.658Z,C99S394L,2026-08-09,2026-08-09,12:58:12,2026-08-09 12:58:12,,,,,,,,69eb8f1f108d9b87368ef89d,69eb8f1f108d9b87368ef89d,,,,
28067,hover_association,2,3,adv,20,2,17,18,87, work ,1024,376,,69eb8f1f108d9b87368ef89d,69eb8f1f108d9b87368ef89d,advanced,2,69eb8f1f108d9b87368ef89d,69eb8f1f108d9b87368ef89d,spotlight_PROLIFIC,,42,brazil,Portuguese,"portuguese, english, spanish ",spanish,Portuguese:50|English:40|spanish:10,100,Portuguese:40|English:50|spanish:10,100,Portuguese:75|English:20|spanish:5,100,17,4,Bachelor's,10,10,10,6,7,9,4,20,7,17,Duolingo,150,,,,,22,25,C1,intermediate|advanced,intermediate|advanced,cambridge_22_25_intermediate_advanced,4,20,random,,353.26666259765625,1009.3666687011719,393.26666259765625,1056.1333312988281,7,7,hover,33,33,0.7619387255701654,0.5683334350585938,154,,,,,,2026-08-09T15:58:12.658Z,C99S394L,2026-08-09,2026-08-09,12:58:12,2026-08-09 12:58:12,,,,,,,,69eb8f1f108d9b87368ef89d,69eb8f1f108d9b87368ef89d,,,,
28076,raw_position_sample,2,3,adv,20,2,17,18,88, in ,1065,376,1538465,69eb8f1f108d9b87368ef89d,69eb8f1f108d9b87368ef89d,advanced,2,69eb8f1f108d9b87368ef89d,69eb8f1f108d9b87368ef89d,spotlight_PROLIFIC,,42,brazil,Portuguese,"portuguese, english, spanish ",spanish,Portuguese:50|English:40|spanish:10,100,Portuguese:40|English:50|spanish:10,100,Portuguese:75|English:20|spanish:5,100,17,4,Bachelor's,10,10,10,6,7,9,4,20,7,17,Duolingo,150,,,,,22,25,C1,intermediate|advanced,intermediate|advanced,cambridge_22_25_intermediate_advanced,4,20,random,,361.26666259765625,1056.13330078125,385.26666259765625,1076.5832977294922,7,8,,,,,,,,,,,,2026-08-09T15:58:12.658Z,C99S394L,2026-08-09,2026-08-09,12:58:12,2026-08-09 12:58:12,,,,,,,,69eb8f1f108d9b87368ef89d,69eb8f1f108d9b87368ef89d,,,,
28084,hover_association,2,3,adv,20,2,17,18,88, in ,1065,376,,69eb8f1f108d9b87368ef89d,69eb8f1f108d9b87368ef89d,advanced,2,69eb8f1f108d9b87368ef89d,69eb8f1f108d9b87368ef89d,spotlight_PROLIFIC,,42,brazil,Portuguese,"portuguese, english, spanish ",spanish,Portuguese:50|English:40|spanish:10,100,Portuguese:40|English:50|spanish:10,100,Portuguese:75|English:20|spanish:5,100,17,4,Bachelor's,10,10,10,6,7,9,4,20,7,17,Duolingo,150,,,,,22,25,C1,intermediate|advanced,intermediate|advanced,cambridge_22_25_intermediate_advanced,4,20,random,,353.26666259765625,1056.1333312988281,393.26666259765625,1076.5833358764648,7,8,hover,17,17,0.4335778345432792,0.5683334350585938,154,,,,,,2026-08-09T15:58:12.658Z,C99S394L,2026-08-09,2026-08-09,12:58:12,2026-08-09 12:58:12,,,,,,,,69eb8f1f108d9b87368ef89d,69eb8f1f108d9b87368ef89d,,,,
28127,raw_position_sample,2,3,adv,20,2,17,18,89, poverty ,1101,376,1538515,69eb8f1f108d9b87368ef89d,69eb8f1f108d9b87368ef89d,advanced,2,69eb8f1f108d9b87368ef89d,69eb8f1f108d9b87368ef89d,spotlight_PROLIFIC,,42,brazil,Portuguese,"portuguese, english, spanish ",spanish,Portuguese:50|English:40|spanish:10,100,Portuguese:40|English:50|spanish:10,100,Portuguese:75|English:20|spanish:5,100,17,4,Bachelor's,10,10,10,6,7,9,4,20,7,17,Duolingo,150,,,,,22,25,C1,intermediate|advanced,intermediate|advanced,cambridge_22_25_intermediate_advanced,4,20,random,,361.26666259765625,1076.5833740234375,385.26666259765625,1145.2833862304688,7,9,,,,,,,,,,,,2026-08-09T15:58:12.658Z,C99S394L,2026-08-09,2026-08-09,12:58:12,2026-08-09 12:58:12,,,,,,,,69eb8f1f108d9b87368ef89d,69eb8f1f108d9b87368ef89d,,,,
28177,raw_position_sample,2,3,adv,20,2,17,18,89, poverty ,1110,376,1538566,69eb8f1f108d9b87368ef89d,69eb8f1f108d9b87368ef89d,advanced,2,69eb8f1f108d9b87368ef89d,69eb8f1f108d9b87368ef89d,spotlight_PROLIFIC,,42,brazil,Portuguese,"portuguese, english, spanish ",spanish,Portuguese:50|English:40|spanish:10,100,Portuguese:40|English:50|spanish:10,100,Portuguese:75|English:20|spanish:5,100,17,4,Bachelor's,10,10,10,6,7,9,4,20,7,17,Duolingo,150,,,,,22,25,C1,intermediate|advanced,intermediate|advanced,cambridge_22_25_intermediate_advanced,4,20,random,,361.26666259765625,1076.5833740234375,385.26666259765625,1145.2833862304688,7,9,,,,,,,,,,,,2026-08-09T15:58:12.658Z,C99S394L,2026-08-09,2026-08-09,12:58:12,2026-08-09 12:58:12,,,,,,,,69eb8f1f108d9b87368ef89d,69eb8f1f108d9b87368ef89d,,,,
28227,raw_position_sample,2,3,adv,20,2,17,18,89, poverty ,1120,376,1538616,69eb8f1f108d9b87368ef89d,69eb8f1f108d9b87368ef89d,advanced,2,69eb8f1f108d9b87368ef89d,69eb8f1f108d9b87368ef89d,spotlight_PROLIFIC,,42,brazil,Portuguese,"portuguese, english, spanish ",spanish,Portuguese:50|English:40|spanish:10,100,Portuguese:40|English:50|spanish:10,100,Portuguese:75|English:20|spanish:5,100,17,4,Bachelor's,10,10,10,6,7,9,4,20,7,17,Duolingo,150,,,,,22,25,C1,intermediate|advanced,intermediate|advanced,cambridge_22_25_intermediate_advanced,4,20,random,,361.26666259765625,1076.5833740234375,385.26666259765625,1145.2833862304688,7,9,,,,,,,,,,,,2026-08-09T15:58:12.658Z,C99S394L,2026-08-09,2026-08-09,12:58:12,2026-08-09 12:58:12,,,,,,,,69eb8f1f108d9b87368ef89d,69eb8f1f108d9b87368ef89d,,,,
28277,raw_position_sample,2,3,adv,20,2,17,18,89, poverty ,1134,376,1538666,69eb8f1f108d9b87368ef89d,69eb8f1f108d9b87368ef89d,advanced,2,69eb8f1f108d9b87368ef89d,69eb8f1f108d9b87368ef89d,spotlight_PROLIFIC,,42,brazil,Portuguese,"portuguese, english, spanish ",spanish,Portuguese:50|English:40|spanish:10,100,Portuguese:40|English:50|spanish:10,100,Portuguese:75|English:20|spanish:5,100,17,4,Bachelor's,10,10,10,6,7,9,4,20,7,17,Duolingo,150,,,,,22,25,C1,intermediate|advanced,intermediate|advanced,cambridge_22_25_intermediate_advanced,4,20,random,,361.26666259765625,1076.5833740234375,385.26666259765625,1145.2833862304688,7,9,,,,,,,,,,,,2026-08-09T15:58:12.658Z,C99S394L,2026-08-09,2026-08-09,12:58:12,2026-08-09 12:58:12,,,,,,,,69eb8f1f108d9b87368ef89d,69eb8f1f108d9b87368ef89d,,,,
28301,hover_association,2,3,adv,20,2,17,18,89, poverty ,1083,376,,69eb8f1f108d9b87368ef89d,69eb8f1f108d9b87368ef89d,advanced,2,69eb8f1f108d9b87368ef89d,69eb8f1f108d9b87368ef89d,spotlight_PROLIFIC,,42,brazil,Portuguese,"portuguese, english, spanish ",spanish,Portuguese:50|English:40|spanish:10,100,Portuguese:40|English:50|spanish:10,100,Portuguese:75|English:20|spanish:5,100,17,4,Bachelor's,10,10,10,6,7,9,4,20,7,17,Duolingo,150,,,,,22,25,C1,intermediate|advanced,intermediate|advanced,cambridge_22_25_intermediate_advanced,4,20,random,,353.26666259765625,1076.5833358764648,393.26666259765625,1145.2833557128906,7,9,hover,217,217,0.9085392445613372,0.5683334350585938,154,,,,,,2026-08-09T15:58:12.658Z,C99S394L,2026-08-09,2026-08-09,12:58:12,2026-08-09 12:58:12,,,,,,,,69eb8f1f108d9b87368ef89d,69eb8f1f108d9b87368ef89d,,,,
28329,raw_position_sample,2,3,adv,20,2,17,18,90, and ,1157,376,1538716,69eb8f1f108d9b87368ef89d,69eb8f1f108d9b87368ef89d,advanced,2,69eb8f1f108d9b87368ef89d,69eb8f1f108d9b87368ef89d,spotlight_PROLIFIC,,42,brazil,Portuguese,"portuguese, english, spanish ",spanish,Portuguese:50|English:40|spanish:10,100,Portuguese:40|English:50|spanish:10,100,Portuguese:75|English:20|spanish:5,100,17,4,Bachelor's,10,10,10,6,7,9,4,20,7,17,Duolingo,150,,,,,22,25,C1,intermediate|advanced,intermediate|advanced,cambridge_22_25_intermediate_advanced,4,20,random,,361.26666259765625,1145.2833251953125,385.26666259765625,1182.249984741211,7,10,,,,,,,,,,,,2026-08-09T15:58:12.658Z,C99S394L,2026-08-09,2026-08-09,12:58:12,2026-08-09 12:58:12,,,,,,,,69eb8f1f108d9b87368ef89d,69eb8f1f108d9b87368ef89d,,,,
28351,hover_association,2,3,adv,20,2,17,18,90, and ,1146,376,,69eb8f1f108d9b87368ef89d,69eb8f1f108d9b87368ef89d,advanced,2,69eb8f1f108d9b87368ef89d,69eb8f1f108d9b87368ef89d,spotlight_PROLIFIC,,42,brazil,Portuguese,"portuguese, english, spanish ",spanish,Portuguese:50|English:40|spanish:10,100,Portuguese:40|English:50|spanish:10,100,Portuguese:75|English:20|spanish:5,100,17,4,Bachelor's,10,10,10,6,7,9,4,20,7,17,Duolingo,150,,,,,22,25,C1,intermediate|advanced,intermediate|advanced,cambridge_22_25_intermediate_advanced,4,20,random,,353.26666259765625,1145.2833557128906,393.26666259765625,1182.2499923706055,7,10,hover,50,50,0.6956717357120553,0.5683334350585938,154,,,,,,2026-08-09T15:58:12.658Z,C99S394L,2026-08-09,2026-08-09,12:58:12,2026-08-09 12:58:12,,,,,,,,69eb8f1f108d9b87368ef89d,69eb8f1f108d9b87368ef89d,,,,
28379,raw_position_sample,2,3,adv,20,2,17,18,91, obscurity ,1206,379,1538767,69eb8f1f108d9b87368ef89d,69eb8f1f108d9b87368ef89d,advanced,2,69eb8f1f108d9b87368ef89d,69eb8f1f108d9b87368ef89d,spotlight_PROLIFIC,,42,brazil,Portuguese,"portuguese, english, spanish ",spanish,Portuguese:50|English:40|spanish:10,100,Portuguese:40|English:50|spanish:10,100,Portuguese:75|English:20|spanish:5,100,17,4,Bachelor's,10,10,10,6,7,9,4,20,7,17,Duolingo,150,,,,,22,25,C1,intermediate|advanced,intermediate|advanced,cambridge_22_25_intermediate_advanced,4,20,random,,361.26666259765625,1182.25,385.26666259765625,1265.0166625976562,7,11,,,,,,,,,,,,2026-08-09T15:58:12.658Z,C99S394L,2026-08-09,2026-08-09,12:58:12,2026-08-09 12:58:12,,,,,,,,69eb8f1f108d9b87368ef89d,69eb8f1f108d9b87368ef89d,,,,
28428,raw_position_sample,2,3,adv,20,2,17,18,91, obscurity ,1229,379,1538817,69eb8f1f108d9b87368ef89d,69eb8f1f108d9b87368ef89d,advanced,2,69eb8f1f108d9b87368ef89d,69eb8f1f108d9b87368ef89d,spotlight_PROLIFIC,,42,brazil,Portuguese,"portuguese, english, spanish ",spanish,Portuguese:50|English:40|spanish:10,100,Portuguese:40|English:50|spanish:10,100,Portuguese:75|English:20|spanish:5,100,17,4,Bachelor's,10,10,10,6,7,9,4,20,7,17,Duolingo,150,,,,,22,25,C1,intermediate|advanced,intermediate|advanced,cambridge_22_25_intermediate_advanced,4,20,random,,361.26666259765625,1182.25,385.26666259765625,1265.0166625976562,7,11,,,,,,,,,,,,2026-08-09T15:58:12.658Z,C99S394L,2026-08-09,2026-08-09,12:58:12,2026-08-09 12:58:12,,,,,,,,69eb8f1f108d9b87368ef89d,69eb8f1f108d9b87368ef89d,,,,
28479,raw_position_sample,2,3,adv,20,2,17,18,91, obscurity ,1234,379,1538867,69eb8f1f108d9b87368ef89d,69eb8f1f108d9b87368ef89d,advanced,2,69eb8f1f108d9b87368ef89d,69eb8f1f108d9b87368ef89d,spotlight_PROLIFIC,,42,brazil,Portuguese,"portuguese, english, spanish ",spanish,Portuguese:50|English:40|spanish:10,100,Portuguese:40|English:50|spanish:10,100,Portuguese:75|English:20|spanish:5,100,17,4,Bachelor's,10,10,10,6,7,9,4,20,7,17,Duolingo,150,,,,,22,25,C1,intermediate|advanced,intermediate|advanced,cambridge_22_25_intermediate_advanced,4,20,random,,361.26666259765625,1182.25,385.26666259765625,1265.0166625976562,7,11,,,,,,,,,,,,2026-08-09T15:58:12.658Z,C99S394L,2026-08-09,2026-08-09,12:58:12,2026-08-09 12:58:12,,,,,,,,69eb8f1f108d9b87368ef89d,69eb8f1f108d9b87368ef89d,,,,
28530,raw_position_sample,2,3,adv,20,2,17,18,91, obscurity ,1243,376,1538918,69eb8f1f108d9b87368ef89d,69eb8f1f108d9b87368ef89d,advanced,2,69eb8f1f108d9b87368ef89d,69eb8f1f108d9b87368ef89d,spotlight_PROLIFIC,,42,brazil,Portuguese,"portuguese, english, spanish ",spanish,Portuguese:50|English:40|spanish:10,100,Portuguese:40|English:50|spanish:10,100,Portuguese:75|English:20|spanish:5,100,17,4,Bachelor's,10,10,10,6,7,9,4,20,7,17,Duolingo,150,,,,,22,25,C1,intermediate|advanced,intermediate|advanced,cambridge_22_25_intermediate_advanced,4,20,random,,361.26666259765625,1182.25,385.26666259765625,1265.0166625976562,7,11,,,,,,,,,,,,2026-08-09T15:58:12.658Z,C99S394L,2026-08-09,2026-08-09,12:58:12,2026-08-09 12:58:12,,,,,,,,69eb8f1f108d9b87368ef89d,69eb8f1f108d9b87368ef89d,,,,
28580,raw_position_sample,2,3,adv,20,2,17,18,91, obscurity ,1256,373,1538969,69eb8f1f108d9b87368ef89d,69eb8f1f108d9b87368ef89d,advanced,2,69eb8f1f108d9b87368ef89d,69eb8f1f108d9b87368ef89d,spotlight_PROLIFIC,,42,brazil,Portuguese,"portuguese, english, spanish ",spanish,Portuguese:50|English:40|spanish:10,100,Portuguese:40|English:50|spanish:10,100,Portuguese:75|English:20|spanish:5,100,17,4,Bachelor's,10,10,10,6,7,9,4,20,7,17,Duolingo,150,,,,,22,25,C1,intermediate|advanced,intermediate|advanced,cambridge_22_25_intermediate_advanced,4,20,random,,361.26666259765625,1182.25,385.26666259765625,1265.0166625976562,7,11,,,,,,,,,,,,2026-08-09T15:58:12.658Z,C99S394L,2026-08-09,2026-08-09,12:58:12,2026-08-09 12:58:12,,,,,,,,69eb8f1f108d9b87368ef89d,69eb8f1f108d9b87368ef89d,,,,
28618,hover_association,2,3,adv,20,2,17,18,91, obscurity ,1187,377,,69eb8f1f108d9b87368ef89d,69eb8f1f108d9b87368ef89d,advanced,2,69eb8f1f108d9b87368ef89d,69eb8f1f108d9b87368ef89d,spotlight_PROLIFIC,,42,brazil,Portuguese,"portuguese, english, spanish ",spanish,Portuguese:50|English:40|spanish:10,100,Portuguese:40|English:50|spanish:10,100,Portuguese:75|English:20|spanish:5,100,17,4,Bachelor's,10,10,10,6,7,9,4,20,7,17,Duolingo,150,,,,,22,25,C1,intermediate|advanced,intermediate|advanced,cambridge_22_25_intermediate_advanced,4,20,random,,353.26666259765625,1182.2499923706055,393.26666259765625,1265.0166320800781,7,11,hover,267,267,0.975634723275502,0.46833343505859376,154,,,,,,2026-08-09T15:58:12.658Z,C99S394L,2026-08-09,2026-08-09,12:58:12,2026-08-09 12:58:12,,,,,,,,69eb8f1f108d9b87368ef89d,69eb8f1f108d9b87368ef89d,,,,
28631,raw_position_sample,2,3,adv,20,2,17,18,92, for ,1267,371,1539019,69eb8f1f108d9b87368ef89d,69eb8f1f108d9b87368ef89d,advanced,2,69eb8f1f108d9b87368ef89d,69eb8f1f108d9b87368ef89d,spotlight_PROLIFIC,,42,brazil,Portuguese,"portuguese, english, spanish ",spanish,Portuguese:50|English:40|spanish:10,100,Portuguese:40|English:50|spanish:10,100,Portuguese:75|English:20|spanish:5,100,17,4,Bachelor's,10,10,10,6,7,9,4,20,7,17,Duolingo,150,,,,,22,25,C1,intermediate|advanced,intermediate|advanced,cambridge_22_25_intermediate_advanced,4,20,random,,361.26666259765625,1265.0166015625,385.26666259765625,1289.5332794189453,7,12,,,,,,,,,,,,2026-08-09T15:58:12.658Z,C99S394L,2026-08-09,2026-08-09,12:58:12,2026-08-09 12:58:12,,,,,,,,69eb8f1f108d9b87368ef89d,69eb8f1f108d9b87368ef89d,,,,
28681,raw_position_sample,2,3,adv,20,2,17,18,92, for ,1271,371,1539069,69eb8f1f108d9b87368ef89d,69eb8f1f108d9b87368ef89d,advanced,2,69eb8f1f108d9b87368ef89d,69eb8f1f108d9b87368ef89d,spotlight_PROLIFIC,,42,brazil,Portuguese,"portuguese, english, spanish ",spanish,Portuguese:50|English:40|spanish:10,100,Portuguese:40|English:50|spanish:10,100,Portuguese:75|English:20|spanish:5,100,17,4,Bachelor's,10,10,10,6,7,9,4,20,7,17,Duolingo,150,,,,,22,25,C1,intermediate|advanced,intermediate|advanced,cambridge_22_25_intermediate_advanced,4,20,random,,361.26666259765625,1265.0166015625,385.26666259765625,1289.5332794189453,7,12,,,,,,,,,,,,2026-08-09T15:58:12.658Z,C99S394L,2026-08-09,2026-08-09,12:58:12,2026-08-09 12:58:12,,,,,,,,69eb8f1f108d9b87368ef89d,69eb8f1f108d9b87368ef89d,,,,
28731,raw_position_sample,2,3,adv,20,2,17,18,92, for ,1274,370,1539120,69eb8f1f108d9b87368ef89d,69eb8f1f108d9b87368ef89d,advanced,2,69eb8f1f108d9b87368ef89d,69eb8f1f108d9b87368ef89d,spotlight_PROLIFIC,,42,brazil,Portuguese,"portuguese, english, spanish ",spanish,Portuguese:50|English:40|spanish:10,100,Portuguese:40|English:50|spanish:10,100,Portuguese:75|English:20|spanish:5,100,17,4,Bachelor's,10,10,10,6,7,9,4,20,7,17,Duolingo,150,,,,,22,25,C1,intermediate|advanced,intermediate|advanced,cambridge_22_25_intermediate_advanced,4,20,random,,361.26666259765625,1265.0166015625,385.26666259765625,1289.5332794189453,7,12,,,,,,,,,,,,2026-08-09T15:58:12.658Z,C99S394L,2026-08-09,2026-08-09,12:58:12,2026-08-09 12:58:12,,,,,,,,69eb8f1f108d9b87368ef89d,69eb8f1f108d9b87368ef89d,,,,
28781,raw_position_sample,2,3,adv,20,2,17,18,92, for ,1274,370,1539169,69eb8f1f108d9b87368ef89d,69eb8f1f108d9b87368ef89d,advanced,2,69eb8f1f108d9b87368ef89d,69eb8f1f108d9b87368ef89d,spotlight_PROLIFIC,,42,brazil,Portuguese,"portuguese, english, spanish ",spanish,Portuguese:50|English:40|spanish:10,100,Portuguese:40|English:50|spanish:10,100,Portuguese:75|English:20|spanish:5,100,17,4,Bachelor's,10,10,10,6,7,9,4,20,7,17,Duolingo,150,,,,,22,25,C1,intermediate|advanced,intermediate|advanced,cambridge_22_25_intermediate_advanced,4,20,random,,361.26666259765625,1265.0166015625,385.26666259765625,1289.5332794189453,7,12,,,,,,,,,,,,2026-08-09T15:58:12.658Z,C99S394L,2026-08-09,2026-08-09,12:58:12,2026-08-09 12:58:12,,,,,,,,69eb8f1f108d9b87368ef89d,69eb8f1f108d9b87368ef89d,,,,
28831,raw_position_sample,2,3,adv,20,2,17,18,92, for ,1272,370,1539219,69eb8f1f108d9b87368ef89d,69eb8f1f108d9b87368ef89d,advanced,2,69eb8f1f108d9b87368ef89d,69eb8f1f108d9b87368ef89d,spotlight_PROLIFIC,,42,brazil,Portuguese,"portuguese, english, spanish ",spanish,Portuguese:50|English:40|spanish:10,100,Portuguese:40|English:50|spanish:10,100,Portuguese:75|English:20|spanish:5,100,17,4,Bachelor's,10,10,10,6,7,9,4,20,7,17,Duolingo,150,,,,,22,25,C1,intermediate|advanced,intermediate|advanced,cambridge_22_25_intermediate_advanced,4,20,random,,361.26666259765625,1265.0166015625,385.26666259765625,1289.5332794189453,7,12,,,,,,,,,,,,2026-08-09T15:58:12.658Z,C99S394L,2026-08-09,2026-08-09,12:58:12,2026-08-09 12:58:12,,,,,,,,69eb8f1f108d9b87368ef89d,69eb8f1f108d9b87368ef89d,,,,
28851,hover_association,2,3,adv,20,2,17,18,92, for ,1267,371,,69eb8f1f108d9b87368ef89d,69eb8f1f108d9b87368ef89d,advanced,2,69eb8f1f108d9b87368ef89d,69eb8f1f108d9b87368ef89d,spotlight_PROLIFIC,,42,brazil,Portuguese,"portuguese, english, spanish ",spanish,Portuguese:50|English:40|spanish:10,100,Portuguese:40|English:50|spanish:10,100,Portuguese:75|English:20|spanish:5,100,17,4,Bachelor's,10,10,10,6,7,9,4,20,7,17,Duolingo,150,,,,,22,25,C1,intermediate|advanced,intermediate|advanced,cambridge_22_25_intermediate_advanced,4,20,random,,353.26666259765625,1265.0166320800781,393.26666259765625,1293.09716796875,7,12,hover,233,233,0.10624326870932019,0.39333343505859375,154,,,,,,2026-08-09T15:58:12.658Z,C99S394L,2026-08-09,2026-08-09,12:58:12,2026-08-09 12:58:12,,,,,,,,69eb8f1f108d9b87368ef89d,69eb8f1f108d9b87368ef89d,,,,
28882,raw_position_sample,2,3,adv,20,2,17,18,91, obscurity ,1238,368,1539270,69eb8f1f108d9b87368ef89d,69eb8f1f108d9b87368ef89d,advanced,2,69eb8f1f108d9b87368ef89d,69eb8f1f108d9b87368ef89d,spotlight_PROLIFIC,,42,brazil,Portuguese,"portuguese, english, spanish ",spanish,Portuguese:50|English:40|spanish:10,100,Portuguese:40|English:50|spanish:10,100,Portuguese:75|English:20|spanish:5,100,17,4,Bachelor's,10,10,10,6,7,9,4,20,7,17,Duolingo,150,,,,,22,25,C1,intermediate|advanced,intermediate|advanced,cambridge_22_25_intermediate_advanced,4,20,random,,361.26666259765625,1182.25,385.26666259765625,1265.0166625976562,7,11,,,,,,,,,,,,2026-08-09T15:58:12.658Z,C99S394L,2026-08-09,2026-08-09,12:58:12,2026-08-09 12:58:12,,,,,,,,69eb8f1f108d9b87368ef89d,69eb8f1f108d9b87368ef89d,,,,
28932,raw_position_sample,2,3,adv,20,2,17,18,91, obscurity ,1186,372,1539320,69eb8f1f108d9b87368ef89d,69eb8f1f108d9b87368ef89d,advanced,2,69eb8f1f108d9b87368ef89d,69eb8f1f108d9b87368ef89d,spotlight_PROLIFIC,,42,brazil,Portuguese,"portuguese, english, spanish ",spanish,Portuguese:50|English:40|spanish:10,100,Portuguese:40|English:50|spanish:10,100,Portuguese:75|English:20|spanish:5,100,17,4,Bachelor's,10,10,10,6,7,9,4,20,7,17,Duolingo,150,,,,,22,25,C1,intermediate|advanced,intermediate|advanced,cambridge_22_25_intermediate_advanced,4,20,random,,361.26666259765625,1182.25,385.26666259765625,1265.0166625976562,7,11,,,,,,,,,,,,2026-08-09T15:58:12.658Z,C99S394L,2026-08-09,2026-08-09,12:58:12,2026-08-09 12:58:12,,,,,,,,69eb8f1f108d9b87368ef89d,69eb8f1f108d9b87368ef89d,,,,
28934,hover_association,2,3,adv,20,2,17,18,91, obscurity ,1254,368,,69eb8f1f108d9b87368ef89d,69eb8f1f108d9b87368ef89d,advanced,2,69eb8f1f108d9b87368ef89d,69eb8f1f108d9b87368ef89d,spotlight_PROLIFIC,,42,brazil,Portuguese,"portuguese, english, spanish ",spanish,Portuguese:50|English:40|spanish:10,100,Portuguese:40|English:50|spanish:10,100,Portuguese:75|English:20|spanish:5,100,17,4,Bachelor's,10,10,10,6,7,9,4,20,7,17,Duolingo,150,,,,,22,25,C1,intermediate|advanced,intermediate|advanced,cambridge_22_25_intermediate_advanced,4,20,random,,353.26666259765625,1182.2499923706055,393.26666259765625,1265.0166320800781,7,11,hover,83,83,0.04530820198280132,0.46833343505859376,154,,,,,,2026-08-09T15:58:12.658Z,C99S394L,2026-08-09,2026-08-09,12:58:12,2026-08-09 12:58:12,,,,,,,,69eb8f1f108d9b87368ef89d,69eb8f1f108d9b87368ef89d,,,,
28982,raw_position_sample,2,3,adv,20,2,17,18,90, and ,1147,375,1539371,69eb8f1f108d9b87368ef89d,69eb8f1f108d9b87368ef89d,advanced,2,69eb8f1f108d9b87368ef89d,69eb8f1f108d9b87368ef89d,spotlight_PROLIFIC,,42,brazil,Portuguese,"portuguese, english, spanish ",spanish,Portuguese:50|English:40|spanish:10,100,Portuguese:40|English:50|spanish:10,100,Portuguese:75|English:20|spanish:5,100,17,4,Bachelor's,10,10,10,6,7,9,4,20,7,17,Duolingo,150,,,,,22,25,C1,intermediate|advanced,intermediate|advanced,cambridge_22_25_intermediate_advanced,4,20,random,,361.26666259765625,1145.2833251953125,385.26666259765625,1182.249984741211,7,10,,,,,,,,,,,,2026-08-09T15:58:12.658Z,C99S394L,2026-08-09,2026-08-09,12:58:12,2026-08-09 12:58:12,,,,,,,,69eb8f1f108d9b87368ef89d,69eb8f1f108d9b87368ef89d,,,,
28984,hover_association,2,3,adv,20,2,17,18,90, and ,1172,373,,69eb8f1f108d9b87368ef89d,69eb8f1f108d9b87368ef89d,advanced,2,69eb8f1f108d9b87368ef89d,69eb8f1f108d9b87368ef89d,spotlight_PROLIFIC,,42,brazil,Portuguese,"portuguese, english, spanish ",spanish,Portuguese:50|English:40|spanish:10,100,Portuguese:40|English:50|spanish:10,100,Portuguese:75|English:20|spanish:5,100,17,4,Bachelor's,10,10,10,6,7,9,4,20,7,17,Duolingo,150,,,,,22,25,C1,intermediate|advanced,intermediate|advanced,cambridge_22_25_intermediate_advanced,4,20,random,,353.26666259765625,1145.2833557128906,393.26666259765625,1182.2499923706055,7,10,hover,50,50,0.046437664941073716,0.5433334350585938,154,,,,,,2026-08-09T15:58:12.658Z,C99S394L,2026-08-09,2026-08-09,12:58:12,2026-08-09 12:58:12,,,,,,,,69eb8f1f108d9b87368ef89d,69eb8f1f108d9b87368ef89d,,,,
29032,raw_position_sample,2,3,adv,20,2,17,18,89, poverty ,1133,377,1539420,69eb8f1f108d9b87368ef89d,69eb8f1f108d9b87368ef89d,advanced,2,69eb8f1f108d9b87368ef89d,69eb8f1f108d9b87368ef89d,spotlight_PROLIFIC,,42,brazil,Portuguese,"portuguese, english, spanish ",spanish,Portuguese:50|English:40|spanish:10,100,Portuguese:40|English:50|spanish:10,100,Portuguese:75|English:20|spanish:5,100,17,4,Bachelor's,10,10,10,6,7,9,4,20,7,17,Duolingo,150,,,,,22,25,C1,intermediate|advanced,intermediate|advanced,cambridge_22_25_intermediate_advanced,4,20,random,,361.26666259765625,1076.5833740234375,385.26666259765625,1145.2833862304688,7,9,,,,,,,,,,,,2026-08-09T15:58:12.658Z,C99S394L,2026-08-09,2026-08-09,12:58:12,2026-08-09 12:58:12,,,,,,,,69eb8f1f108d9b87368ef89d,69eb8f1f108d9b87368ef89d,,,,
29082,raw_position_sample,2,3,adv,20,2,17,18,89, poverty ,1124,377,1539471,69eb8f1f108d9b87368ef89d,69eb8f1f108d9b87368ef89d,advanced,2,69eb8f1f108d9b87368ef89d,69eb8f1f108d9b87368ef89d,spotlight_PROLIFIC,,42,brazil,Portuguese,"portuguese, english, spanish ",spanish,Portuguese:50|English:40|spanish:10,100,Portuguese:40|English:50|spanish:10,100,Portuguese:75|English:20|spanish:5,100,17,4,Bachelor's,10,10,10,6,7,9,4,20,7,17,Duolingo,150,,,,,22,25,C1,intermediate|advanced,intermediate|advanced,cambridge_22_25_intermediate_advanced,4,20,random,,361.26666259765625,1076.5833740234375,385.26666259765625,1145.2833862304688,7,9,,,,,,,,,,,,2026-08-09T15:58:12.658Z,C99S394L,2026-08-09,2026-08-09,12:58:12,2026-08-09 12:58:12,,,,,,,,69eb8f1f108d9b87368ef89d,69eb8f1f108d9b87368ef89d,,,,
29133,raw_position_sample,2,3,adv,20,2,17,18,89, poverty ,1118,376,1539521,69eb8f1f108d9b87368ef89d,69eb8f1f108d9b87368ef89d,advanced,2,69eb8f1f108d9b87368ef89d,69eb8f1f108d9b87368ef89d,spotlight_PROLIFIC,,42,brazil,Portuguese,"portuguese, english, spanish ",spanish,Portuguese:50|English:40|spanish:10,100,Portuguese:40|English:50|spanish:10,100,Portuguese:75|English:20|spanish:5,100,17,4,Bachelor's,10,10,10,6,7,9,4,20,7,17,Duolingo,150,,,,,22,25,C1,intermediate|advanced,intermediate|advanced,cambridge_22_25_intermediate_advanced,4,20,random,,361.26666259765625,1076.5833740234375,385.26666259765625,1145.2833862304688,7,9,,,,,,,,,,,,2026-08-09T15:58:12.658Z,C99S394L,2026-08-09,2026-08-09,12:58:12,2026-08-09 12:58:12,,,,,,,,69eb8f1f108d9b87368ef89d,69eb8f1f108d9b87368ef89d,,,,
29183,raw_position_sample,2,3,adv,20,2,17,18,89, poverty ,1117,376,1539571,69eb8f1f108d9b87368ef89d,69eb8f1f108d9b87368ef89d,advanced,2,69eb8f1f108d9b87368ef89d,69eb8f1f108d9b87368ef89d,spotlight_PROLIFIC,,42,brazil,Portuguese,"portuguese, english, spanish ",spanish,Portuguese:50|English:40|spanish:10,100,Portuguese:40|English:50|spanish:10,100,Portuguese:75|English:20|spanish:5,100,17,4,Bachelor's,10,10,10,6,7,9,4,20,7,17,Duolingo,150,,,,,22,25,C1,intermediate|advanced,intermediate|advanced,cambridge_22_25_intermediate_advanced,4,20,random,,361.26666259765625,1076.5833740234375,385.26666259765625,1145.2833862304688,7,9,,,,,,,,,,,,2026-08-09T15:58:12.658Z,C99S394L,2026-08-09,2026-08-09,12:58:12,2026-08-09 12:58:12,,,,,,,,69eb8f1f108d9b87368ef89d,69eb8f1f108d9b87368ef89d,,,,
29233,raw_position_sample,2,3,adv,20,2,17,18,89, poverty ,1118,376,1539622,69eb8f1f108d9b87368ef89d,69eb8f1f108d9b87368ef89d,advanced,2,69eb8f1f108d9b87368ef89d,69eb8f1f108d9b87368ef89d,spotlight_PROLIFIC,,42,brazil,Portuguese,"portuguese, english, spanish ",spanish,Portuguese:50|English:40|spanish:10,100,Portuguese:40|English:50|spanish:10,100,Portuguese:75|English:20|spanish:5,100,17,4,Bachelor's,10,10,10,6,7,9,4,20,7,17,Duolingo,150,,,,,22,25,C1,intermediate|advanced,intermediate|advanced,cambridge_22_25_intermediate_advanced,4,20,random,,361.26666259765625,1076.5833740234375,385.26666259765625,1145.2833862304688,7,9,,,,,,,,,,,,2026-08-09T15:58:12.658Z,C99S394L,2026-08-09,2026-08-09,12:58:12,2026-08-09 12:58:12,,,,,,,,69eb8f1f108d9b87368ef89d,69eb8f1f108d9b87368ef89d,,,,
29284,raw_position_sample,2,3,adv,20,2,17,18,89, poverty ,1137,374,1539671,69eb8f1f108d9b87368ef89d,69eb8f1f108d9b87368ef89d,advanced,2,69eb8f1f108d9b87368ef89d,69eb8f1f108d9b87368ef89d,spotlight_PROLIFIC,,42,brazil,Portuguese,"portuguese, english, spanish ",spanish,Portuguese:50|English:40|spanish:10,100,Portuguese:40|English:50|spanish:10,100,Portuguese:75|English:20|spanish:5,100,17,4,Bachelor's,10,10,10,6,7,9,4,20,7,17,Duolingo,150,,,,,22,25,C1,intermediate|advanced,intermediate|advanced,cambridge_22_25_intermediate_advanced,4,20,random,,361.26666259765625,1076.5833740234375,385.26666259765625,1145.2833862304688,7,9,,,,,,,,,,,,2026-08-09T15:58:12.658Z,C99S394L,2026-08-09,2026-08-09,12:58:12,2026-08-09 12:58:12,,,,,,,,69eb8f1f108d9b87368ef89d,69eb8f1f108d9b87368ef89d,,,,
29284,hover_association,2,3,adv,20,2,17,18,89, poverty ,1140,376,,69eb8f1f108d9b87368ef89d,69eb8f1f108d9b87368ef89d,advanced,2,69eb8f1f108d9b87368ef89d,69eb8f1f108d9b87368ef89d,spotlight_PROLIFIC,,42,brazil,Portuguese,"portuguese, english, spanish ",spanish,Portuguese:50|English:40|spanish:10,100,Portuguese:40|English:50|spanish:10,100,Portuguese:75|English:20|spanish:5,100,17,4,Bachelor's,10,10,10,6,7,9,4,20,7,17,Duolingo,150,,,,,22,25,C1,intermediate|advanced,intermediate|advanced,cambridge_22_25_intermediate_advanced,4,20,random,,353.26666259765625,1076.5833358764648,393.26666259765625,1145.2833557128906,7,9,hover,300,300,0.8794271714533237,0.5183334350585938,154,,,,,,2026-08-09T15:58:12.658Z,C99S394L,2026-08-09,2026-08-09,12:58:12,2026-08-09 12:58:12,,,,,,,,69eb8f1f108d9b87368ef89d,69eb8f1f108d9b87368ef89d,,,,
29318,hover_association,2,3,adv,20,2,17,18,90, and ,1152,372,,69eb8f1f108d9b87368ef89d,69eb8f1f108d9b87368ef89d,advanced,2,69eb8f1f108d9b87368ef89d,69eb8f1f108d9b87368ef89d,spotlight_PROLIFIC,,42,brazil,Portuguese,"portuguese, english, spanish ",spanish,Portuguese:50|English:40|spanish:10,100,Portuguese:40|English:50|spanish:10,100,Portuguese:75|English:20|spanish:5,100,17,4,Bachelor's,10,10,10,6,7,9,4,20,7,17,Duolingo,150,,,,,22,25,C1,intermediate|advanced,intermediate|advanced,cambridge_22_25_intermediate_advanced,4,20,random,,353.26666259765625,1145.2833557128906,393.26666259765625,1182.2499923706055,7,10,hover,34,34,0.6415688964811401,0.46833343505859376,154,,,,,,2026-08-09T15:58:12.658Z,C99S394L,2026-08-09,2026-08-09,12:58:12,2026-08-09 12:58:12,,,,,,,,69eb8f1f108d9b87368ef89d,69eb8f1f108d9b87368ef89d,,,,
29334,raw_position_sample,2,3,adv,20,2,17,18,91, obscurity ,1184,370,1539723,69eb8f1f108d9b87368ef89d,69eb8f1f108d9b87368ef89d,advanced,2,69eb8f1f108d9b87368ef89d,69eb8f1f108d9b87368ef89d,spotlight_PROLIFIC,,42,brazil,Portuguese,"portuguese, english, spanish ",spanish,Portuguese:50|English:40|spanish:10,100,Portuguese:40|English:50|spanish:10,100,Portuguese:75|English:20|spanish:5,100,17,4,Bachelor's,10,10,10,6,7,9,4,20,7,17,Duolingo,150,,,,,22,25,C1,intermediate|advanced,intermediate|advanced,cambridge_22_25_intermediate_advanced,4,20,random,,361.26666259765625,1182.25,385.26666259765625,1265.0166625976562,7,11,,,,,,,,,,,,2026-08-09T15:58:12.658Z,C99S394L,2026-08-09,2026-08-09,12:58:12,2026-08-09 12:58:12,,,,,,,,69eb8f1f108d9b87368ef89d,69eb8f1f108d9b87368ef89d,,,,
29385,raw_position_sample,2,3,adv,20,2,17,18,91, obscurity ,1212,370,1539773,69eb8f1f108d9b87368ef89d,69eb8f1f108d9b87368ef89d,advanced,2,69eb8f1f108d9b87368ef89d,69eb8f1f108d9b87368ef89d,spotlight_PROLIFIC,,42,brazil,Portuguese,"portuguese, english, spanish ",spanish,Portuguese:50|English:40|spanish:10,100,Portuguese:40|English:50|spanish:10,100,Portuguese:75|English:20|spanish:5,100,17,4,Bachelor's,10,10,10,6,7,9,4,20,7,17,Duolingo,150,,,,,22,25,C1,intermediate|advanced,intermediate|advanced,cambridge_22_25_intermediate_advanced,4,20,random,,361.26666259765625,1182.25,385.26666259765625,1265.0166625976562,7,11,,,,,,,,,,,,2026-08-09T15:58:12.658Z,C99S394L,2026-08-09,2026-08-09,12:58:12,2026-08-09 12:58:12,,,,,,,,69eb8f1f108d9b87368ef89d,69eb8f1f108d9b87368ef89d,,,,
29435,raw_position_sample,2,3,adv,20,2,17,18,91, obscurity ,1230,370,1539824,69eb8f1f108d9b87368ef89d,69eb8f1f108d9b87368ef89d,advanced,2,69eb8f1f108d9b87368ef89d,69eb8f1f108d9b87368ef89d,spotlight_PROLIFIC,,42,brazil,Portuguese,"portuguese, english, spanish ",spanish,Portuguese:50|English:40|spanish:10,100,Portuguese:40|English:50|spanish:10,100,Portuguese:75|English:20|spanish:5,100,17,4,Bachelor's,10,10,10,6,7,9,4,20,7,17,Duolingo,150,,,,,22,25,C1,intermediate|advanced,intermediate|advanced,cambridge_22_25_intermediate_advanced,4,20,random,,361.26666259765625,1182.25,385.26666259765625,1265.0166625976562,7,11,,,,,,,,,,,,2026-08-09T15:58:12.658Z,C99S394L,2026-08-09,2026-08-09,12:58:12,2026-08-09 12:58:12,,,,,,,,69eb8f1f108d9b87368ef89d,69eb8f1f108d9b87368ef89d,,,,
29485,raw_position_sample,2,3,adv,20,2,17,18,91, obscurity ,1236,369,1539874,69eb8f1f108d9b87368ef89d,69eb8f1f108d9b87368ef89d,advanced,2,69eb8f1f108d9b87368ef89d,69eb8f1f108d9b87368ef89d,spotlight_PROLIFIC,,42,brazil,Portuguese,"portuguese, english, spanish ",spanish,Portuguese:50|English:40|spanish:10,100,Portuguese:40|English:50|spanish:10,100,Portuguese:75|English:20|spanish:5,100,17,4,Bachelor's,10,10,10,6,7,9,4,20,7,17,Duolingo,150,,,,,22,25,C1,intermediate|advanced,intermediate|advanced,cambridge_22_25_intermediate_advanced,4,20,random,,361.26666259765625,1182.25,385.26666259765625,1265.0166625976562,7,11,,,,,,,,,,,,2026-08-09T15:58:12.658Z,C99S394L,2026-08-09,2026-08-09,12:58:12,2026-08-09 12:58:12,,,,,,,,69eb8f1f108d9b87368ef89d,69eb8f1f108d9b87368ef89d,,,,
29535,raw_position_sample,2,3,adv,20,2,17,18,91, obscurity ,1236,369,1539924,69eb8f1f108d9b87368ef89d,69eb8f1f108d9b87368ef89d,advanced,2,69eb8f1f108d9b87368ef89d,69eb8f1f108d9b87368ef89d,spotlight_PROLIFIC,,42,brazil,Portuguese,"portuguese, english, spanish ",spanish,Portuguese:50|English:40|spanish:10,100,Portuguese:40|English:50|spanish:10,100,Portuguese:75|English:20|spanish:5,100,17,4,Bachelor's,10,10,10,6,7,9,4,20,7,17,Duolingo,150,,,,,22,25,C1,intermediate|advanced,intermediate|advanced,cambridge_22_25_intermediate_advanced,4,20,random,,361.26666259765625,1182.25,385.26666259765625,1265.0166625976562,7,11,,,,,,,,,,,,2026-08-09T15:58:12.658Z,C99S394L,2026-08-09,2026-08-09,12:58:12,2026-08-09 12:58:12,,,,,,,,69eb8f1f108d9b87368ef89d,69eb8f1f108d9b87368ef89d,,,,
29585,raw_position_sample,2,3,adv,20,2,17,18,91, obscurity ,1236,369,1539974,69eb8f1f108d9b87368ef89d,69eb8f1f108d9b87368ef89d,advanced,2,69eb8f1f108d9b87368ef89d,69eb8f1f108d9b87368ef89d,spotlight_PROLIFIC,,42,brazil,Portuguese,"portuguese, english, spanish ",spanish,Portuguese:50|English:40|spanish:10,100,Portuguese:40|English:50|spanish:10,100,Portuguese:75|English:20|spanish:5,100,17,4,Bachelor's,10,10,10,6,7,9,4,20,7,17,Duolingo,150,,,,,22,25,C1,intermediate|advanced,intermediate|advanced,cambridge_22_25_intermediate_advanced,4,20,random,,361.26666259765625,1182.25,385.26666259765625,1265.0166625976562,7,11,,,,,,,,,,,,2026-08-09T15:58:12.658Z,C99S394L,2026-08-09,2026-08-09,12:58:12,2026-08-09 12:58:12,,,,,,,,69eb8f1f108d9b87368ef89d,69eb8f1f108d9b87368ef89d,,,,
29636,raw_position_sample,2,3,adv,20,2,17,18,91, obscurity ,1236,369,1540024,69eb8f1f108d9b87368ef89d,69eb8f1f108d9b87368ef89d,advanced,2,69eb8f1f108d9b87368ef89d,69eb8f1f108d9b87368ef89d,spotlight_PROLIFIC,,42,brazil,Portuguese,"portuguese, english, spanish ",spanish,Portuguese:50|English:40|spanish:10,100,Portuguese:40|English:50|spanish:10,100,Portuguese:75|English:20|spanish:5,100,17,4,Bachelor's,10,10,10,6,7,9,4,20,7,17,Duolingo,150,,,,,22,25,C1,intermediate|advanced,intermediate|advanced,cambridge_22_25_intermediate_advanced,4,20,random,,361.26666259765625,1182.25,385.26666259765625,1265.0166625976562,7,11,,,,,,,,,,,,2026-08-09T15:58:12.658Z,C99S394L,2026-08-09,2026-08-09,12:58:12,2026-08-09 12:58:12,,,,,,,,69eb8f1f108d9b87368ef89d,69eb8f1f108d9b87368ef89d,,,,
29686,raw_position_sample,2,3,adv,20,2,17,18,91, obscurity ,1242,369,1540074,69eb8f1f108d9b87368ef89d,69eb8f1f108d9b87368ef89d,advanced,2,69eb8f1f108d9b87368ef89d,69eb8f1f108d9b87368ef89d,spotlight_PROLIFIC,,42,brazil,Portuguese,"portuguese, english, spanish ",spanish,Portuguese:50|English:40|spanish:10,100,Portuguese:40|English:50|spanish:10,100,Portuguese:75|English:20|spanish:5,100,17,4,Bachelor's,10,10,10,6,7,9,4,20,7,17,Duolingo,150,,,,,22,25,C1,intermediate|advanced,intermediate|advanced,cambridge_22_25_intermediate_advanced,4,20,random,,361.26666259765625,1182.25,385.26666259765625,1265.0166625976562,7,11,,,,,,,,,,,,2026-08-09T15:58:12.658Z,C99S394L,2026-08-09,2026-08-09,12:58:12,2026-08-09 12:58:12,,,,,,,,69eb8f1f108d9b87368ef89d,69eb8f1f108d9b87368ef89d,,,,
29734,hover_association,2,3,adv,20,2,17,18,91, obscurity ,1184,370,,69eb8f1f108d9b87368ef89d,69eb8f1f108d9b87368ef89d,advanced,2,69eb8f1f108d9b87368ef89d,69eb8f1f108d9b87368ef89d,spotlight_PROLIFIC,,42,brazil,Portuguese,"portuguese, english, spanish ",spanish,Portuguese:50|English:40|spanish:10,100,Portuguese:40|English:50|spanish:10,100,Portuguese:75|English:20|spanish:5,100,17,4,Bachelor's,10,10,10,6,7,9,4,20,7,17,Duolingo,150,,,,,22,25,C1,intermediate|advanced,intermediate|advanced,cambridge_22_25_intermediate_advanced,4,20,random,,353.26666259765625,1182.2499923706055,393.26666259765625,1265.0166320800781,7,11,hover,416,416,0.987716885889693,0.41833343505859377,154,,,,,,2026-08-09T15:58:12.658Z,C99S394L,2026-08-09,2026-08-09,12:58:12,2026-08-09 12:58:12,,,,,,,,69eb8f1f108d9b87368ef89d,69eb8f1f108d9b87368ef89d,,,,
29736,raw_position_sample,2,3,adv,20,2,17,18,92, for ,1280,370,1540125,69eb8f1f108d9b87368ef89d,69eb8f1f108d9b87368ef89d,advanced,2,69eb8f1f108d9b87368ef89d,69eb8f1f108d9b87368ef89d,spotlight_PROLIFIC,,42,brazil,Portuguese,"portuguese, english, spanish ",spanish,Portuguese:50|English:40|spanish:10,100,Portuguese:40|English:50|spanish:10,100,Portuguese:75|English:20|spanish:5,100,17,4,Bachelor's,10,10,10,6,7,9,4,20,7,17,Duolingo,150,,,,,22,25,C1,intermediate|advanced,intermediate|advanced,cambridge_22_25_intermediate_advanced,4,20,random,,361.26666259765625,1265.0166015625,385.26666259765625,1289.5332794189453,7,12,,,,,,,,,,,,2026-08-09T15:58:12.658Z,C99S394L,2026-08-09,2026-08-09,12:58:12,2026-08-09 12:58:12,,,,,,,,69eb8f1f108d9b87368ef89d,69eb8f1f108d9b87368ef89d,,,,
29751,hover_association,2,3,adv,20,2,17,18,92, for ,1280,370,,69eb8f1f108d9b87368ef89d,69eb8f1f108d9b87368ef89d,advanced,2,69eb8f1f108d9b87368ef89d,69eb8f1f108d9b87368ef89d,spotlight_PROLIFIC,,42,brazil,Portuguese,"portuguese, english, spanish ",spanish,Portuguese:50|English:40|spanish:10,100,Portuguese:40|English:50|spanish:10,100,Portuguese:75|English:20|spanish:5,100,17,4,Bachelor's,10,10,10,6,7,9,4,20,7,17,Duolingo,150,,,,,22,25,C1,intermediate|advanced,intermediate|advanced,cambridge_22_25_intermediate_advanced,4,20,random,,353.26666259765625,1265.0166320800781,393.26666259765625,1293.09716796875,7,12,hover,17,17,0.5335855405083775,0.41833343505859377,154,,,,,,2026-08-09T15:58:12.658Z,C99S394L,2026-08-09,2026-08-09,12:58:12,2026-08-09 12:58:12,,,,,,,,69eb8f1f108d9b87368ef89d,69eb8f1f108d9b87368ef89d,,,,
29786,raw_position_sample,2,3,adv,20,2,17,18,-1,999,1299,370,1540174,69eb8f1f108d9b87368ef89d,69eb8f1f108d9b87368ef89d,advanced,2,69eb8f1f108d9b87368ef89d,69eb8f1f108d9b87368ef89d,spotlight_PROLIFIC,,42,brazil,Portuguese,"portuguese, english, spanish ",spanish,Portuguese:50|English:40|spanish:10,100,Portuguese:40|English:50|spanish:10,100,Portuguese:75|English:20|spanish:5,100,17,4,Bachelor's,10,10,10,6,7,9,4,20,7,17,Duolingo,150,,,,,22,25,C1,intermediate|advanced,intermediate|advanced,cambridge_22_25_intermediate_advanced,4,20,random,,,,,,,,,,,,,,,,,,,2026-08-09T15:58:12.658Z,C99S394L,2026-08-09,2026-08-09,12:58:12,2026-08-09 12:58:12,,,,,,,,69eb8f1f108d9b87368ef89d,69eb8f1f108d9b87368ef89d,,,,
29837,raw_position_sample,2,3,adv,20,2,17,18,92, for ,1278,371,1540225,69eb8f1f108d9b87368ef89d,69eb8f1f108d9b87368ef89d,advanced,2,69eb8f1f108d9b87368ef89d,69eb8f1f108d9b87368ef89d,spotlight_PROLIFIC,,42,brazil,Portuguese,"portuguese, english, spanish ",spanish,Portuguese:50|English:40|spanish:10,100,Portuguese:40|English:50|spanish:10,100,Portuguese:75|English:20|spanish:5,100,17,4,Bachelor's,10,10,10,6,7,9,4,20,7,17,Duolingo,150,,,,,22,25,C1,intermediate|advanced,intermediate|advanced,cambridge_22_25_intermediate_advanced,4,20,random,,361.26666259765625,1265.0166015625,385.26666259765625,1289.5332794189453,7,12,,,,,,,,,,,,2026-08-09T15:58:12.658Z,C99S394L,2026-08-09,2026-08-09,12:58:12,2026-08-09 12:58:12,,,,,,,,69eb8f1f108d9b87368ef89d,69eb8f1f108d9b87368ef89d,,,,
29851,hover_association,2,3,adv,20,2,17,18,92, for ,1293,370,,69eb8f1f108d9b87368ef89d,69eb8f1f108d9b87368ef89d,advanced,2,69eb8f1f108d9b87368ef89d,69eb8f1f108d9b87368ef89d,spotlight_PROLIFIC,,42,brazil,Portuguese,"portuguese, english, spanish ",spanish,Portuguese:50|English:40|spanish:10,100,Portuguese:40|English:50|spanish:10,100,Portuguese:75|English:20|spanish:5,100,17,4,Bachelor's,10,10,10,6,7,9,4,20,7,17,Duolingo,150,,,,,22,25,C1,intermediate|advanced,intermediate|advanced,cambridge_22_25_intermediate_advanced,4,20,random,,353.26666259765625,1265.0166320800781,393.26666259765625,1293.09716796875,7,12,hover,33,33,0.46236182854186797,0.44333343505859374,154,,,,,,2026-08-09T15:58:12.658Z,C99S394L,2026-08-09,2026-08-09,12:58:12,2026-08-09 12:58:12,,,,,,,,69eb8f1f108d9b87368ef89d,69eb8f1f108d9b87368ef89d,,,,
29884,hover_association,2,3,adv,20,2,17,18,91, obscurity ,1248,371,,69eb8f1f108d9b87368ef89d,69eb8f1f108d9b87368ef89d,advanced,2,69eb8f1f108d9b87368ef89d,69eb8f1f108d9b87368ef89d,spotlight_PROLIFIC,,42,brazil,Portuguese,"portuguese, english, spanish ",spanish,Portuguese:50|English:40|spanish:10,100,Portuguese:40|English:50|spanish:10,100,Portuguese:75|English:20|spanish:5,100,17,4,Bachelor's,10,10,10,6,7,9,4,20,7,17,Duolingo,150,,,,,22,25,C1,intermediate|advanced,intermediate|advanced,cambridge_22_25_intermediate_advanced,4,20,random,,353.26666259765625,1182.2499923706055,393.26666259765625,1265.0166320800781,7,11,hover,34,34,0.06947252721118316,0.44333343505859374,154,,,,,,2026-08-09T15:58:12.658Z,C99S394L,2026-08-09,2026-08-09,12:58:12,2026-08-09 12:58:12,,,,,,,,69eb8f1f108d9b87368ef89d,69eb8f1f108d9b87368ef89d,,,,
29887,raw_position_sample,2,3,adv,20,2,17,18,89, poverty ,1107,371,1540276,69eb8f1f108d9b87368ef89d,69eb8f1f108d9b87368ef89d,advanced,2,69eb8f1f108d9b87368ef89d,69eb8f1f108d9b87368ef89d,spotlight_PROLIFIC,,42,brazil,Portuguese,"portuguese, english, spanish ",spanish,Portuguese:50|English:40|spanish:10,100,Portuguese:40|English:50|spanish:10,100,Portuguese:75|English:20|spanish:5,100,17,4,Bachelor's,10,10,10,6,7,9,4,20,7,17,Duolingo,150,,,,,22,25,C1,intermediate|advanced,intermediate|advanced,cambridge_22_25_intermediate_advanced,4,20,random,,361.26666259765625,1076.5833740234375,385.26666259765625,1145.2833862304688,7,9,,,,,,,,,,,,2026-08-09T15:58:12.658Z,C99S394L,2026-08-09,2026-08-09,12:58:12,2026-08-09 12:58:12,,,,,,,,69eb8f1f108d9b87368ef89d,69eb8f1f108d9b87368ef89d,,,,
29901,hover_association,2,3,adv,20,2,17,18,89, poverty ,1107,371,,69eb8f1f108d9b87368ef89d,69eb8f1f108d9b87368ef89d,advanced,2,69eb8f1f108d9b87368ef89d,69eb8f1f108d9b87368ef89d,spotlight_PROLIFIC,,42,brazil,Portuguese,"portuguese, english, spanish ",spanish,Portuguese:50|English:40|spanish:10,100,Portuguese:40|English:50|spanish:10,100,Portuguese:75|English:20|spanish:5,100,17,4,Bachelor's,10,10,10,6,7,9,4,20,7,17,Duolingo,150,,,,,22,25,C1,intermediate|advanced,intermediate|advanced,cambridge_22_25_intermediate_advanced,4,20,random,,353.26666259765625,1076.5833358764648,393.26666259765625,1145.2833557128906,7,9,hover,16,16,0.44274607483312234,0.44333343505859374,154,,,,,,2026-08-09T15:58:12.658Z,C99S394L,2026-08-09,2026-08-09,12:58:12,2026-08-09 12:58:12,,,,,,,,69eb8f1f108d9b87368ef89d,69eb8f1f108d9b87368ef89d,,,,
29917,hover_association,2,3,adv,20,2,17,18,87, work ,1012,371,,69eb8f1f108d9b87368ef89d,69eb8f1f108d9b87368ef89d,advanced,2,69eb8f1f108d9b87368ef89d,69eb8f1f108d9b87368ef89d,spotlight_PROLIFIC,,42,brazil,Portuguese,"portuguese, english, spanish ",spanish,Portuguese:50|English:40|spanish:10,100,Portuguese:40|English:50|spanish:10,100,Portuguese:75|English:20|spanish:5,100,17,4,Bachelor's,10,10,10,6,7,9,4,20,7,17,Duolingo,150,,,,,22,25,C1,intermediate|advanced,intermediate|advanced,cambridge_22_25_intermediate_advanced,4,20,random,,353.26666259765625,1009.3666687011719,393.26666259765625,1056.1333312988281,7,7,hover,17,17,0.05630787301380143,0.44333343505859374,154,,,,,,2026-08-09T15:58:12.658Z,C99S394L,2026-08-09,2026-08-09,12:58:12,2026-08-09 12:58:12,,,,,,,,69eb8f1f108d9b87368ef89d,69eb8f1f108d9b87368ef89d,,,,
29934,hover_association,2,3,adv,20,2,17,18,86, musicians ,934,371,,69eb8f1f108d9b87368ef89d,69eb8f1f108d9b87368ef89d,advanced,2,69eb8f1f108d9b87368ef89d,69eb8f1f108d9b87368ef89d,spotlight_PROLIFIC,,42,brazil,Portuguese,"portuguese, english, spanish ",spanish,Portuguese:50|English:40|spanish:10,100,Portuguese:40|English:50|spanish:10,100,Portuguese:75|English:20|spanish:5,100,17,4,Bachelor's,10,10,10,6,7,9,4,20,7,17,Duolingo,150,,,,,22,25,C1,intermediate|advanced,intermediate|advanced,cambridge_22_25_intermediate_advanced,4,20,random,,353.26666259765625,920.3499755859375,393.26666259765625,1009.3666687011719,7,6,hover,16,16,0.15334229947625885,0.44333343505859374,154,,,,,,2026-08-09T15:58:12.658Z,C99S394L,2026-08-09,2026-08-09,12:58:12,2026-08-09 12:58:12,,,,,,,,69eb8f1f108d9b87368ef89d,69eb8f1f108d9b87368ef89d,,,,
29938,raw_position_sample,2,3,adv,20,2,17,18,84, authors ,863,371,1540326,69eb8f1f108d9b87368ef89d,69eb8f1f108d9b87368ef89d,advanced,2,69eb8f1f108d9b87368ef89d,69eb8f1f108d9b87368ef89d,spotlight_PROLIFIC,,42,brazil,Portuguese,"portuguese, english, spanish ",spanish,Portuguese:50|English:40|spanish:10,100,Portuguese:40|English:50|spanish:10,100,Portuguese:75|English:20|spanish:5,100,17,4,Bachelor's,10,10,10,6,7,9,4,20,7,17,Duolingo,150,,,,,22,25,C1,intermediate|advanced,intermediate|advanced,cambridge_22_25_intermediate_advanced,4,20,random,,361.26666259765625,812.933349609375,385.26666259765625,883.3833465576172,7,4,,,,,,,,,,,,2026-08-09T15:58:12.658Z,C99S394L,2026-08-09,2026-08-09,12:58:12,2026-08-09 12:58:12,,,,,,,,69eb8f1f108d9b87368ef89d,69eb8f1f108d9b87368ef89d,,,,
29951,hover_association,2,3,adv,20,2,17,18,84, authors ,863,371,,69eb8f1f108d9b87368ef89d,69eb8f1f108d9b87368ef89d,advanced,2,69eb8f1f108d9b87368ef89d,69eb8f1f108d9b87368ef89d,spotlight_PROLIFIC,,42,brazil,Portuguese,"portuguese, english, spanish ",spanish,Portuguese:50|English:40|spanish:10,100,Portuguese:40|English:50|spanish:10,100,Portuguese:75|English:20|spanish:5,100,17,4,Bachelor's,10,10,10,6,7,9,4,20,7,17,Duolingo,150,,,,,22,25,C1,intermediate|advanced,intermediate|advanced,cambridge_22_25_intermediate_advanced,4,20,random,,353.26666259765625,812.9333419799805,393.26666259765625,883.3833236694336,7,4,hover,17,17,0.7106695675339668,0.44333343505859374,154,,,,,,2026-08-09T15:58:12.658Z,C99S394L,2026-08-09,2026-08-09,12:58:12,2026-08-09 12:58:12,,,,,,,,69eb8f1f108d9b87368ef89d,69eb8f1f108d9b87368ef89d,,,,
29968,hover_association,2,3,adv,20,2,17,18,83, says ,803,371,,69eb8f1f108d9b87368ef89d,69eb8f1f108d9b87368ef89d,advanced,2,69eb8f1f108d9b87368ef89d,69eb8f1f108d9b87368ef89d,spotlight_PROLIFIC,,42,brazil,Portuguese,"portuguese, english, spanish ",spanish,Portuguese:50|English:40|spanish:10,100,Portuguese:40|English:50|spanish:10,100,Portuguese:75|English:20|spanish:5,100,17,4,Bachelor's,10,10,10,6,7,9,4,20,7,17,Duolingo,150,,,,,22,25,C1,intermediate|advanced,intermediate|advanced,cambridge_22_25_intermediate_advanced,4,20,random,,353.26666259765625,771.7333297729492,393.26666259765625,812.9333419799805,7,3,hover,17,17,0.7588995379403011,0.44333343505859374,154,,,,,,2026-08-09T15:58:12.658Z,C99S394L,2026-08-09,2026-08-09,12:58:12,2026-08-09 12:58:12,,,,,,,,69eb8f1f108d9b87368ef89d,69eb8f1f108d9b87368ef89d,,,,
29988,raw_position_sample,2,3,adv,20,2,17,18,82," trilogy, ",740,373,1540376,69eb8f1f108d9b87368ef89d,69eb8f1f108d9b87368ef89d,advanced,2,69eb8f1f108d9b87368ef89d,69eb8f1f108d9b87368ef89d,spotlight_PROLIFIC,,42,brazil,Portuguese,"portuguese, english, spanish ",spanish,Portuguese:50|English:40|spanish:10,100,Portuguese:40|English:50|spanish:10,100,Portuguese:75|English:20|spanish:5,100,17,4,Bachelor's,10,10,10,6,7,9,4,20,7,17,Duolingo,150,,,,,22,25,C1,intermediate|advanced,intermediate|advanced,cambridge_22_25_intermediate_advanced,4,20,random,,361.26666259765625,708.5833129882812,385.26666259765625,771.7333221435547,7,2,,,,,,,,,,,,2026-08-09T15:58:12.658Z,C99S394L,2026-08-09,2026-08-09,12:58:12,2026-08-09 12:58:12,,,,,,,,69eb8f1f108d9b87368ef89d,69eb8f1f108d9b87368ef89d,,,,
30038,raw_position_sample,2,3,adv,20,2,17,18,82," trilogy, ",732,375,1540427,69eb8f1f108d9b87368ef89d,69eb8f1f108d9b87368ef89d,advanced,2,69eb8f1f108d9b87368ef89d,69eb8f1f108d9b87368ef89d,spotlight_PROLIFIC,,42,brazil,Portuguese,"portuguese, english, spanish ",spanish,Portuguese:50|English:40|spanish:10,100,Portuguese:40|English:50|spanish:10,100,Portuguese:75|English:20|spanish:5,100,17,4,Bachelor's,10,10,10,6,7,9,4,20,7,17,Duolingo,150,,,,,22,25,C1,intermediate|advanced,intermediate|advanced,cambridge_22_25_intermediate_advanced,4,20,random,,361.26666259765625,708.5833129882812,385.26666259765625,771.7333221435547,7,2,,,,,,,,,,,,2026-08-09T15:58:12.658Z,C99S394L,2026-08-09,2026-08-09,12:58:12,2026-08-09 12:58:12,,,,,,,,69eb8f1f108d9b87368ef89d,69eb8f1f108d9b87368ef89d,,,,
30088,raw_position_sample,2,3,adv,20,2,17,18,82," trilogy, ",713,375,1540476,69eb8f1f108d9b87368ef89d,69eb8f1f108d9b87368ef89d,advanced,2,69eb8f1f108d9b87368ef89d,69eb8f1f108d9b87368ef89d,spotlight_PROLIFIC,,42,brazil,Portuguese,"portuguese, english, spanish ",spanish,Portuguese:50|English:40|spanish:10,100,Portuguese:40|English:50|spanish:10,100,Portuguese:75|English:20|spanish:5,100,17,4,Bachelor's,10,10,10,6,7,9,4,20,7,17,Duolingo,150,,,,,22,25,C1,intermediate|advanced,intermediate|advanced,cambridge_22_25_intermediate_advanced,4,20,random,,361.26666259765625,708.5833129882812,385.26666259765625,771.7333221435547,7,2,,,,,,,,,,,,2026-08-09T15:58:12.658Z,C99S394L,2026-08-09,2026-08-09,12:58:12,2026-08-09 12:58:12,,,,,,,,69eb8f1f108d9b87368ef89d,69eb8f1f108d9b87368ef89d,,,,
30101,hover_association,2,3,adv,20,2,17,18,82," trilogy, ",753,372,,69eb8f1f108d9b87368ef89d,69eb8f1f108d9b87368ef89d,advanced,2,69eb8f1f108d9b87368ef89d,69eb8f1f108d9b87368ef89d,spotlight_PROLIFIC,,42,brazil,Portuguese,"portuguese, english, spanish ",spanish,Portuguese:50|English:40|spanish:10,100,Portuguese:40|English:50|spanish:10,100,Portuguese:75|English:20|spanish:5,100,17,4,Bachelor's,10,10,10,6,7,9,4,20,7,17,Duolingo,150,,,,,22,25,C1,intermediate|advanced,intermediate|advanced,cambridge_22_25_intermediate_advanced,4,20,random,,353.26666259765625,708.5833358764648,393.26666259765625,771.7333297729492,7,2,hover,133,133,0.06993926445622406,0.5433334350585938,154,,,,,,2026-08-09T15:58:12.658Z,C99S394L,2026-08-09,2026-08-09,12:58:12,2026-08-09 12:58:12,,,,,,,,69eb8f1f108d9b87368ef89d,69eb8f1f108d9b87368ef89d,,,,
30139,raw_position_sample,2,3,adv,20,2,17,18,81, Materials ,704,375,1540527,69eb8f1f108d9b87368ef89d,69eb8f1f108d9b87368ef89d,advanced,2,69eb8f1f108d9b87368ef89d,69eb8f1f108d9b87368ef89d,spotlight_PROLIFIC,,42,brazil,Portuguese,"portuguese, english, spanish ",spanish,Portuguese:50|English:40|spanish:10,100,Portuguese:40|English:50|spanish:10,100,Portuguese:75|English:20|spanish:5,100,17,4,Bachelor's,10,10,10,6,7,9,4,20,7,17,Duolingo,150,,,,,22,25,C1,intermediate|advanced,intermediate|advanced,cambridge_22_25_intermediate_advanced,4,20,random,,361.26666259765625,625.36669921875,385.26666259765625,708.5833587646484,7,1,,,,,,,,,,,,2026-08-09T15:58:12.658Z,C99S394L,2026-08-09,2026-08-09,12:58:12,2026-08-09 12:58:12,,,,,,,,69eb8f1f108d9b87368ef89d,69eb8f1f108d9b87368ef89d,,,,
30189,raw_position_sample,2,3,adv,20,2,17,18,81, Materials ,702,375,1540577,69eb8f1f108d9b87368ef89d,69eb8f1f108d9b87368ef89d,advanced,2,69eb8f1f108d9b87368ef89d,69eb8f1f108d9b87368ef89d,spotlight_PROLIFIC,,42,brazil,Portuguese,"portuguese, english, spanish ",spanish,Portuguese:50|English:40|spanish:10,100,Portuguese:40|English:50|spanish:10,100,Portuguese:75|English:20|spanish:5,100,17,4,Bachelor's,10,10,10,6,7,9,4,20,7,17,Duolingo,150,,,,,22,25,C1,intermediate|advanced,intermediate|advanced,cambridge_22_25_intermediate_advanced,4,20,random,,361.26666259765625,625.36669921875,385.26666259765625,708.5833587646484,7,1,,,,,,,,,,,,2026-08-09T15:58:12.658Z,C99S394L,2026-08-09,2026-08-09,12:58:12,2026-08-09 12:58:12,,,,,,,,69eb8f1f108d9b87368ef89d,69eb8f1f108d9b87368ef89d,,,,
30239,raw_position_sample,2,3,adv,20,2,17,18,81, Materials ,699,378,1540627,69eb8f1f108d9b87368ef89d,69eb8f1f108d9b87368ef89d,advanced,2,69eb8f1f108d9b87368ef89d,69eb8f1f108d9b87368ef89d,spotlight_PROLIFIC,,42,brazil,Portuguese,"portuguese, english, spanish ",spanish,Portuguese:50|English:40|spanish:10,100,Portuguese:40|English:50|spanish:10,100,Portuguese:75|English:20|spanish:5,100,17,4,Bachelor's,10,10,10,6,7,9,4,20,7,17,Duolingo,150,,,,,22,25,C1,intermediate|advanced,intermediate|advanced,cambridge_22_25_intermediate_advanced,4,20,random,,361.26666259765625,625.36669921875,385.26666259765625,708.5833587646484,7,1,,,,,,,,,,,,2026-08-09T15:58:12.658Z,C99S394L,2026-08-09,2026-08-09,12:58:12,2026-08-09 12:58:12,,,,,,,,69eb8f1f108d9b87368ef89d,69eb8f1f108d9b87368ef89d,,,,
30289,raw_position_sample,2,3,adv,20,2,17,18,81, Materials ,694,383,1540677,69eb8f1f108d9b87368ef89d,69eb8f1f108d9b87368ef89d,advanced,2,69eb8f1f108d9b87368ef89d,69eb8f1f108d9b87368ef89d,spotlight_PROLIFIC,,42,brazil,Portuguese,"portuguese, english, spanish ",spanish,Portuguese:50|English:40|spanish:10,100,Portuguese:40|English:50|spanish:10,100,Portuguese:75|English:20|spanish:5,100,17,4,Bachelor's,10,10,10,6,7,9,4,20,7,17,Duolingo,150,,,,,22,25,C1,intermediate|advanced,intermediate|advanced,cambridge_22_25_intermediate_advanced,4,20,random,,361.26666259765625,625.36669921875,385.26666259765625,708.5833587646484,7,1,,,,,,,,,,,,2026-08-09T15:58:12.658Z,C99S394L,2026-08-09,2026-08-09,12:58:12,2026-08-09 12:58:12,,,,,,,,69eb8f1f108d9b87368ef89d,69eb8f1f108d9b87368ef89d,,,,
30340,raw_position_sample,2,3,adv,20,2,17,18,81, Materials ,687,388,1540728,69eb8f1f108d9b87368ef89d,69eb8f1f108d9b87368ef89d,advanced,2,69eb8f1f108d9b87368ef89d,69eb8f1f108d9b87368ef89d,spotlight_PROLIFIC,,42,brazil,Portuguese,"portuguese, english, spanish ",spanish,Portuguese:50|English:40|spanish:10,100,Portuguese:40|English:50|spanish:10,100,Portuguese:75|English:20|spanish:5,100,17,4,Bachelor's,10,10,10,6,7,9,4,20,7,17,Duolingo,150,,,,,22,25,C1,intermediate|advanced,intermediate|advanced,cambridge_22_25_intermediate_advanced,4,20,random,,361.26666259765625,625.36669921875,385.26666259765625,708.5833587646484,7,1,,,,,,,,,,,,2026-08-09T15:58:12.658Z,C99S394L,2026-08-09,2026-08-09,12:58:12,2026-08-09 12:58:12,,,,,,,,69eb8f1f108d9b87368ef89d,69eb8f1f108d9b87368ef89d,,,,
30384,hover_association,2,3,adv,20,2,17,18,81, Materials ,706,375,,69eb8f1f108d9b87368ef89d,69eb8f1f108d9b87368ef89d,advanced,2,69eb8f1f108d9b87368ef89d,69eb8f1f108d9b87368ef89d,spotlight_PROLIFIC,,42,brazil,Portuguese,"portuguese, english, spanish ",spanish,Portuguese:50|English:40|spanish:10,100,Portuguese:40|English:50|spanish:10,100,Portuguese:75|English:20|spanish:5,100,17,4,Bachelor's,10,10,10,6,7,9,4,20,7,17,Duolingo,150,,,,,22,25,C1,intermediate|advanced,intermediate|advanced,cambridge_22_25_intermediate_advanced,4,20,random,,353.26666259765625,621.8028106689453,393.26666259765625,708.5833358764648,7,1,hover,283,283,0.6706249955492537,0.9933334350585937,154,,,,,,2026-08-09T15:58:12.658Z,C99S394L,2026-08-09,2026-08-09,12:58:12,2026-08-09 12:58:12,,,,,,,,69eb8f1f108d9b87368ef89d,69eb8f1f108d9b87368ef89d,,,,
30390,raw_position_sample,2,3,adv,20,2,17,18,93, years ,670,397,1540778,69eb8f1f108d9b87368ef89d,69eb8f1f108d9b87368ef89d,advanced,2,69eb8f1f108d9b87368ef89d,69eb8f1f108d9b87368ef89d,spotlight_PROLIFIC,,42,brazil,Portuguese,"portuguese, english, spanish ",spanish,Portuguese:50|English:40|spanish:10,100,Portuguese:40|English:50|spanish:10,100,Portuguese:75|English:20|spanish:5,100,17,4,Bachelor's,10,10,10,6,7,9,4,20,7,17,Duolingo,150,,,,,22,25,C1,intermediate|advanced,intermediate|advanced,cambridge_22_25_intermediate_advanced,4,20,random,,401.26666259765625,625.36669921875,425.26666259765625,675.5333709716797,8,1,,,,,,,,,,,,2026-08-09T15:58:12.658Z,C99S394L,2026-08-09,2026-08-09,12:58:12,2026-08-09 12:58:12,,,,,,,,69eb8f1f108d9b87368ef89d,69eb8f1f108d9b87368ef89d,,,,
30440,raw_position_sample,2,3,adv,20,2,17,18,93, years ,648,409,1540829,69eb8f1f108d9b87368ef89d,69eb8f1f108d9b87368ef89d,advanced,2,69eb8f1f108d9b87368ef89d,69eb8f1f108d9b87368ef89d,spotlight_PROLIFIC,,42,brazil,Portuguese,"portuguese, english, spanish ",spanish,Portuguese:50|English:40|spanish:10,100,Portuguese:40|English:50|spanish:10,100,Portuguese:75|English:20|spanish:5,100,17,4,Bachelor's,10,10,10,6,7,9,4,20,7,17,Duolingo,150,,,,,22,25,C1,intermediate|advanced,intermediate|advanced,cambridge_22_25_intermediate_advanced,4,20,random,,401.26666259765625,625.36669921875,425.26666259765625,675.5333709716797,8,1,,,,,,,,,,,,2026-08-09T15:58:12.658Z,C99S394L,2026-08-09,2026-08-09,12:58:12,2026-08-09 12:58:12,,,,,,,,69eb8f1f108d9b87368ef89d,69eb8f1f108d9b87368ef89d,,,,
30490,raw_position_sample,2,3,adv,20,2,17,18,93, years ,624,418,1540879,69eb8f1f108d9b87368ef89d,69eb8f1f108d9b87368ef89d,advanced,2,69eb8f1f108d9b87368ef89d,69eb8f1f108d9b87368ef89d,spotlight_PROLIFIC,,42,brazil,Portuguese,"portuguese, english, spanish ",spanish,Portuguese:50|English:40|spanish:10,100,Portuguese:40|English:50|spanish:10,100,Portuguese:75|English:20|spanish:5,100,17,4,Bachelor's,10,10,10,6,7,9,4,20,7,17,Duolingo,150,,,,,22,25,C1,intermediate|advanced,intermediate|advanced,cambridge_22_25_intermediate_advanced,4,20,random,,401.26666259765625,625.36669921875,425.26666259765625,675.5333709716797,8,1,,,,,,,,,,,,2026-08-09T15:58:12.658Z,C99S394L,2026-08-09,2026-08-09,12:58:12,2026-08-09 12:58:12,,,,,,,,69eb8f1f108d9b87368ef89d,69eb8f1f108d9b87368ef89d,,,,
30541,raw_position_sample,2,3,adv,20,2,17,18,93, years ,624,419,1540928,69eb8f1f108d9b87368ef89d,69eb8f1f108d9b87368ef89d,advanced,2,69eb8f1f108d9b87368ef89d,69eb8f1f108d9b87368ef89d,spotlight_PROLIFIC,,42,brazil,Portuguese,"portuguese, english, spanish ",spanish,Portuguese:50|English:40|spanish:10,100,Portuguese:40|English:50|spanish:10,100,Portuguese:75|English:20|spanish:5,100,17,4,Bachelor's,10,10,10,6,7,9,4,20,7,17,Duolingo,150,,,,,22,25,C1,intermediate|advanced,intermediate|advanced,cambridge_22_25_intermediate_advanced,4,20,random,,401.26666259765625,625.36669921875,425.26666259765625,675.5333709716797,8,1,,,,,,,,,,,,2026-08-09T15:58:12.658Z,C99S394L,2026-08-09,2026-08-09,12:58:12,2026-08-09 12:58:12,,,,,,,,69eb8f1f108d9b87368ef89d,69eb8f1f108d9b87368ef89d,,,,
30591,raw_position_sample,2,3,adv,20,2,17,18,93, years ,624,419,1540979,69eb8f1f108d9b87368ef89d,69eb8f1f108d9b87368ef89d,advanced,2,69eb8f1f108d9b87368ef89d,69eb8f1f108d9b87368ef89d,spotlight_PROLIFIC,,42,brazil,Portuguese,"portuguese, english, spanish ",spanish,Portuguese:50|English:40|spanish:10,100,Portuguese:40|English:50|spanish:10,100,Portuguese:75|English:20|spanish:5,100,17,4,Bachelor's,10,10,10,6,7,9,4,20,7,17,Duolingo,150,,,,,22,25,C1,intermediate|advanced,intermediate|advanced,cambridge_22_25_intermediate_advanced,4,20,random,,401.26666259765625,625.36669921875,425.26666259765625,675.5333709716797,8,1,,,,,,,,,,,,2026-08-09T15:58:12.658Z,C99S394L,2026-08-09,2026-08-09,12:58:12,2026-08-09 12:58:12,,,,,,,,69eb8f1f108d9b87368ef89d,69eb8f1f108d9b87368ef89d,,,,
30641,raw_position_sample,2,3,adv,20,2,17,18,93, years ,624,419,1541029,69eb8f1f108d9b87368ef89d,69eb8f1f108d9b87368ef89d,advanced,2,69eb8f1f108d9b87368ef89d,69eb8f1f108d9b87368ef89d,spotlight_PROLIFIC,,42,brazil,Portuguese,"portuguese, english, spanish ",spanish,Portuguese:50|English:40|spanish:10,100,Portuguese:40|English:50|spanish:10,100,Portuguese:75|English:20|spanish:5,100,17,4,Bachelor's,10,10,10,6,7,9,4,20,7,17,Duolingo,150,,,,,22,25,C1,intermediate|advanced,intermediate|advanced,cambridge_22_25_intermediate_advanced,4,20,random,,401.26666259765625,625.36669921875,425.26666259765625,675.5333709716797,8,1,,,,,,,,,,,,2026-08-09T15:58:12.658Z,C99S394L,2026-08-09,2026-08-09,12:58:12,2026-08-09 12:58:12,,,,,,,,69eb8f1f108d9b87368ef89d,69eb8f1f108d9b87368ef89d,,,,
30692,raw_position_sample,2,3,adv,20,2,17,18,93, years ,627,420,1541080,69eb8f1f108d9b87368ef89d,69eb8f1f108d9b87368ef89d,advanced,2,69eb8f1f108d9b87368ef89d,69eb8f1f108d9b87368ef89d,spotlight_PROLIFIC,,42,brazil,Portuguese,"portuguese, english, spanish ",spanish,Portuguese:50|English:40|spanish:10,100,Portuguese:40|English:50|spanish:10,100,Portuguese:75|English:20|spanish:5,100,17,4,Bachelor's,10,10,10,6,7,9,4,20,7,17,Duolingo,150,,,,,22,25,C1,intermediate|advanced,intermediate|advanced,cambridge_22_25_intermediate_advanced,4,20,random,,401.26666259765625,625.36669921875,425.26666259765625,675.5333709716797,8,1,,,,,,,,,,,,2026-08-09T15:58:12.658Z,C99S394L,2026-08-09,2026-08-09,12:58:12,2026-08-09 12:58:12,,,,,,,,69eb8f1f108d9b87368ef89d,69eb8f1f108d9b87368ef89d,,,,
30742,raw_position_sample,2,3,adv,20,2,17,18,93, years ,646,422,1541131,69eb8f1f108d9b87368ef89d,69eb8f1f108d9b87368ef89d,advanced,2,69eb8f1f108d9b87368ef89d,69eb8f1f108d9b87368ef89d,spotlight_PROLIFIC,,42,brazil,Portuguese,"portuguese, english, spanish ",spanish,Portuguese:50|English:40|spanish:10,100,Portuguese:40|English:50|spanish:10,100,Portuguese:75|English:20|spanish:5,100,17,4,Bachelor's,10,10,10,6,7,9,4,20,7,17,Duolingo,150,,,,,22,25,C1,intermediate|advanced,intermediate|advanced,cambridge_22_25_intermediate_advanced,4,20,random,,401.26666259765625,625.36669921875,425.26666259765625,675.5333709716797,8,1,,,,,,,,,,,,2026-08-09T15:58:12.658Z,C99S394L,2026-08-09,2026-08-09,12:58:12,2026-08-09 12:58:12,,,,,,,,69eb8f1f108d9b87368ef89d,69eb8f1f108d9b87368ef89d,,,,
30768,hover_association,2,3,adv,20,2,17,18,93, years ,670,397,,69eb8f1f108d9b87368ef89d,69eb8f1f108d9b87368ef89d,advanced,2,69eb8f1f108d9b87368ef89d,69eb8f1f108d9b87368ef89d,spotlight_PROLIFIC,,42,brazil,Portuguese,"portuguese, english, spanish ",spanish,Portuguese:50|English:40|spanish:10,100,Portuguese:40|English:50|spanish:10,100,Portuguese:75|English:20|spanish:5,100,17,4,Bachelor's,10,10,10,6,7,9,4,20,7,17,Duolingo,150,,,,,22,25,C1,intermediate|advanced,intermediate|advanced,cambridge_22_25_intermediate_advanced,4,20,random,,393.26666259765625,621.8028106689453,433.26666259765625,675.5333480834961,8,1,hover,384,384,0.841182528705079,0.7433334350585937,154,,,,,,2026-08-09T15:58:12.658Z,C99S394L,2026-08-09,2026-08-09,12:58:12,2026-08-09 12:58:12,,,,,,,,69eb8f1f108d9b87368ef89d,69eb8f1f108d9b87368ef89d,,,,
30784,hover_association,2,3,adv,20,2,17,18,94, to ,692,424,,69eb8f1f108d9b87368ef89d,69eb8f1f108d9b87368ef89d,advanced,2,69eb8f1f108d9b87368ef89d,69eb8f1f108d9b87368ef89d,spotlight_PROLIFIC,,42,brazil,Portuguese,"portuguese, english, spanish ",spanish,Portuguese:50|English:40|spanish:10,100,Portuguese:40|English:50|spanish:10,100,Portuguese:75|English:20|spanish:5,100,17,4,Bachelor's,10,10,10,6,7,9,4,20,7,17,Duolingo,150,,,,,22,25,C1,intermediate|advanced,intermediate|advanced,cambridge_22_25_intermediate_advanced,4,20,random,,393.26666259765625,675.5333480834961,433.26666259765625,697.599983215332,8,2,hover,16,16,0.7462239629252385,0.7683334350585938,154,,,,,,2026-08-09T15:58:12.658Z,C99S394L,2026-08-09,2026-08-09,12:58:12,2026-08-09 12:58:12,,,,,,,,69eb8f1f108d9b87368ef89d,69eb8f1f108d9b87368ef89d,,,,
30792,raw_position_sample,2,3,adv,20,2,17,18,95, bring ,733,424,1541180,69eb8f1f108d9b87368ef89d,69eb8f1f108d9b87368ef89d,advanced,2,69eb8f1f108d9b87368ef89d,69eb8f1f108d9b87368ef89d,spotlight_PROLIFIC,,42,brazil,Portuguese,"portuguese, english, spanish ",spanish,Portuguese:50|English:40|spanish:10,100,Portuguese:40|English:50|spanish:10,100,Portuguese:75|English:20|spanish:5,100,17,4,Bachelor's,10,10,10,6,7,9,4,20,7,17,Duolingo,150,,,,,22,25,C1,intermediate|advanced,intermediate|advanced,cambridge_22_25_intermediate_advanced,4,20,random,,401.26666259765625,697.5999755859375,425.26666259765625,747.6166381835938,8,3,,,,,,,,,,,,2026-08-09T15:58:12.658Z,C99S394L,2026-08-09,2026-08-09,12:58:12,2026-08-09 12:58:12,,,,,,,,69eb8f1f108d9b87368ef89d,69eb8f1f108d9b87368ef89d,,,,
30800,hover_association,2,3,adv,20,2,17,18,95, bring ,733,424,,69eb8f1f108d9b87368ef89d,69eb8f1f108d9b87368ef89d,advanced,2,69eb8f1f108d9b87368ef89d,69eb8f1f108d9b87368ef89d,spotlight_PROLIFIC,,42,brazil,Portuguese,"portuguese, english, spanish ",spanish,Portuguese:50|English:40|spanish:10,100,Portuguese:40|English:50|spanish:10,100,Portuguese:75|English:20|spanish:5,100,17,4,Bachelor's,10,10,10,6,7,9,4,20,7,17,Duolingo,150,,,,,22,25,C1,intermediate|advanced,intermediate|advanced,cambridge_22_25_intermediate_advanced,4,20,random,,393.26666259765625,697.599983215332,433.26666259765625,747.6166687011719,8,3,hover,17,17,0.707764147919998,0.7683334350585938,154,,,,,,2026-08-09T15:58:12.658Z,C99S394L,2026-08-09,2026-08-09,12:58:12,2026-08-09 12:58:12,,,,,,,,69eb8f1f108d9b87368ef89d,69eb8f1f108d9b87368ef89d,,,,
30843,raw_position_sample,2,3,adv,20,2,17,18,96, their ,772,424,1541230,69eb8f1f108d9b87368ef89d,69eb8f1f108d9b87368ef89d,advanced,2,69eb8f1f108d9b87368ef89d,69eb8f1f108d9b87368ef89d,spotlight_PROLIFIC,,42,brazil,Portuguese,"portuguese, english, spanish ",spanish,Portuguese:50|English:40|spanish:10,100,Portuguese:40|English:50|spanish:10,100,Portuguese:75|English:20|spanish:5,100,17,4,Bachelor's,10,10,10,6,7,9,4,20,7,17,Duolingo,150,,,,,22,25,C1,intermediate|advanced,intermediate|advanced,cambridge_22_25_intermediate_advanced,4,20,random,,401.26666259765625,747.61669921875,425.26666259765625,792.1500244140625,8,4,,,,,,,,,,,,2026-08-09T15:58:12.658Z,C99S394L,2026-08-09,2026-08-09,12:58:12,2026-08-09 12:58:12,,,,,,,,69eb8f1f108d9b87368ef89d,69eb8f1f108d9b87368ef89d,,,,
30893,raw_position_sample,2,3,adv,20,2,17,18,96, their ,772,424,1541281,69eb8f1f108d9b87368ef89d,69eb8f1f108d9b87368ef89d,advanced,2,69eb8f1f108d9b87368ef89d,69eb8f1f108d9b87368ef89d,spotlight_PROLIFIC,,42,brazil,Portuguese,"portuguese, english, spanish ",spanish,Portuguese:50|English:40|spanish:10,100,Portuguese:40|English:50|spanish:10,100,Portuguese:75|English:20|spanish:5,100,17,4,Bachelor's,10,10,10,6,7,9,4,20,7,17,Duolingo,150,,,,,22,25,C1,intermediate|advanced,intermediate|advanced,cambridge_22_25_intermediate_advanced,4,20,random,,401.26666259765625,747.61669921875,425.26666259765625,792.1500244140625,8,4,,,,,,,,,,,,2026-08-09T15:58:12.658Z,C99S394L,2026-08-09,2026-08-09,12:58:12,2026-08-09 12:58:12,,,,,,,,69eb8f1f108d9b87368ef89d,69eb8f1f108d9b87368ef89d,,,,
30943,raw_position_sample,2,3,adv,20,2,17,18,96, their ,772,424,1541331,69eb8f1f108d9b87368ef89d,69eb8f1f108d9b87368ef89d,advanced,2,69eb8f1f108d9b87368ef89d,69eb8f1f108d9b87368ef89d,spotlight_PROLIFIC,,42,brazil,Portuguese,"portuguese, english, spanish ",spanish,Portuguese:50|English:40|spanish:10,100,Portuguese:40|English:50|spanish:10,100,Portuguese:75|English:20|spanish:5,100,17,4,Bachelor's,10,10,10,6,7,9,4,20,7,17,Duolingo,150,,,,,22,25,C1,intermediate|advanced,intermediate|advanced,cambridge_22_25_intermediate_advanced,4,20,random,,401.26666259765625,747.61669921875,425.26666259765625,792.1500244140625,8,4,,,,,,,,,,,,2026-08-09T15:58:12.658Z,C99S394L,2026-08-09,2026-08-09,12:58:12,2026-08-09 12:58:12,,,,,,,,69eb8f1f108d9b87368ef89d,69eb8f1f108d9b87368ef89d,,,,
30993,raw_position_sample,2,3,adv,20,2,17,18,96, their ,772,424,1541381,69eb8f1f108d9b87368ef89d,69eb8f1f108d9b87368ef89d,advanced,2,69eb8f1f108d9b87368ef89d,69eb8f1f108d9b87368ef89d,spotlight_PROLIFIC,,42,brazil,Portuguese,"portuguese, english, spanish ",spanish,Portuguese:50|English:40|spanish:10,100,Portuguese:40|English:50|spanish:10,100,Portuguese:75|English:20|spanish:5,100,17,4,Bachelor's,10,10,10,6,7,9,4,20,7,17,Duolingo,150,,,,,22,25,C1,intermediate|advanced,intermediate|advanced,cambridge_22_25_intermediate_advanced,4,20,random,,401.26666259765625,747.61669921875,425.26666259765625,792.1500244140625,8,4,,,,,,,,,,,,2026-08-09T15:58:12.658Z,C99S394L,2026-08-09,2026-08-09,12:58:12,2026-08-09 12:58:12,,,,,,,,69eb8f1f108d9b87368ef89d,69eb8f1f108d9b87368ef89d,,,,
31044,raw_position_sample,2,3,adv,20,2,17,18,96, their ,770,424,1541431,69eb8f1f108d9b87368ef89d,69eb8f1f108d9b87368ef89d,advanced,2,69eb8f1f108d9b87368ef89d,69eb8f1f108d9b87368ef89d,spotlight_PROLIFIC,,42,brazil,Portuguese,"portuguese, english, spanish ",spanish,Portuguese:50|English:40|spanish:10,100,Portuguese:40|English:50|spanish:10,100,Portuguese:75|English:20|spanish:5,100,17,4,Bachelor's,10,10,10,6,7,9,4,20,7,17,Duolingo,150,,,,,22,25,C1,intermediate|advanced,intermediate|advanced,cambridge_22_25_intermediate_advanced,4,20,random,,401.26666259765625,747.61669921875,425.26666259765625,792.1500244140625,8,4,,,,,,,,,,,,2026-08-09T15:58:12.658Z,C99S394L,2026-08-09,2026-08-09,12:58:12,2026-08-09 12:58:12,,,,,,,,69eb8f1f108d9b87368ef89d,69eb8f1f108d9b87368ef89d,,,,
31084,hover_association,2,3,adv,20,2,17,18,96, their ,756,424,,69eb8f1f108d9b87368ef89d,69eb8f1f108d9b87368ef89d,advanced,2,69eb8f1f108d9b87368ef89d,69eb8f1f108d9b87368ef89d,spotlight_PROLIFIC,,42,brazil,Portuguese,"portuguese, english, spanish ",spanish,Portuguese:50|English:40|spanish:10,100,Portuguese:40|English:50|spanish:10,100,Portuguese:75|English:20|spanish:5,100,17,4,Bachelor's,10,10,10,6,7,9,4,20,7,17,Duolingo,150,,,,,22,25,C1,intermediate|advanced,intermediate|advanced,cambridge_22_25_intermediate_advanced,4,20,random,,393.26666259765625,747.6166687011719,433.26666259765625,792.1500244140625,8,4,hover,283,283,0.16579328417173256,0.7183334350585937,154,,,,,,2026-08-09T15:58:12.658Z,C99S394L,2026-08-09,2026-08-09,12:58:12,2026-08-09 12:58:12,,,,,,,,69eb8f1f108d9b87368ef89d,69eb8f1f108d9b87368ef89d,,,,
31093,raw_position_sample,2,3,adv,20,2,17,18,95, bring ,736,420,1541482,69eb8f1f108d9b87368ef89d,69eb8f1f108d9b87368ef89d,advanced,2,69eb8f1f108d9b87368ef89d,69eb8f1f108d9b87368ef89d,spotlight_PROLIFIC,,42,brazil,Portuguese,"portuguese, english, spanish ",spanish,Portuguese:50|English:40|spanish:10,100,Portuguese:40|English:50|spanish:10,100,Portuguese:75|English:20|spanish:5,100,17,4,Bachelor's,10,10,10,6,7,9,4,20,7,17,Duolingo,150,,,,,22,25,C1,intermediate|advanced,intermediate|advanced,cambridge_22_25_intermediate_advanced,4,20,random,,401.26666259765625,697.5999755859375,425.26666259765625,747.6166381835938,8,3,,,,,,,,,,,,2026-08-09T15:58:12.658Z,C99S394L,2026-08-09,2026-08-09,12:58:12,2026-08-09 12:58:12,,,,,,,,69eb8f1f108d9b87368ef89d,69eb8f1f108d9b87368ef89d,,,,
31118,hover_association,2,3,adv,20,2,17,18,95, bring ,736,420,,69eb8f1f108d9b87368ef89d,69eb8f1f108d9b87368ef89d,advanced,2,69eb8f1f108d9b87368ef89d,69eb8f1f108d9b87368ef89d,spotlight_PROLIFIC,,42,brazil,Portuguese,"portuguese, english, spanish ",spanish,Portuguese:50|English:40|spanish:10,100,Portuguese:40|English:50|spanish:10,100,Portuguese:75|English:20|spanish:5,100,17,4,Bachelor's,10,10,10,6,7,9,4,20,7,17,Duolingo,150,,,,,22,25,C1,intermediate|advanced,intermediate|advanced,cambridge_22_25_intermediate_advanced,4,20,random,,393.26666259765625,697.599983215332,433.26666259765625,747.6166687011719,8,3,hover,34,34,0.34788424334103596,0.6433334350585938,154,,,,,,2026-08-09T15:58:12.658Z,C99S394L,2026-08-09,2026-08-09,12:58:12,2026-08-09 12:58:12,,,,,,,,69eb8f1f108d9b87368ef89d,69eb8f1f108d9b87368ef89d,,,,
31144,raw_position_sample,2,3,adv,20,2,17,18,94, to ,684,418,1541532,69eb8f1f108d9b87368ef89d,69eb8f1f108d9b87368ef89d,advanced,2,69eb8f1f108d9b87368ef89d,69eb8f1f108d9b87368ef89d,spotlight_PROLIFIC,,42,brazil,Portuguese,"portuguese, english, spanish ",spanish,Portuguese:50|English:40|spanish:10,100,Portuguese:40|English:50|spanish:10,100,Portuguese:75|English:20|spanish:5,100,17,4,Bachelor's,10,10,10,6,7,9,4,20,7,17,Duolingo,150,,,,,22,25,C1,intermediate|advanced,intermediate|advanced,cambridge_22_25_intermediate_advanced,4,20,random,,401.26666259765625,675.5333251953125,425.26666259765625,697.5999908447266,8,2,,,,,,,,,,,,2026-08-09T15:58:12.658Z,C99S394L,2026-08-09,2026-08-09,12:58:12,2026-08-09 12:58:12,,,,,,,,69eb8f1f108d9b87368ef89d,69eb8f1f108d9b87368ef89d,,,,
31195,raw_position_sample,2,3,adv,20,2,17,18,94, to ,693,418,1541582,69eb8f1f108d9b87368ef89d,69eb8f1f108d9b87368ef89d,advanced,2,69eb8f1f108d9b87368ef89d,69eb8f1f108d9b87368ef89d,spotlight_PROLIFIC,,42,brazil,Portuguese,"portuguese, english, spanish ",spanish,Portuguese:50|English:40|spanish:10,100,Portuguese:40|English:50|spanish:10,100,Portuguese:75|English:20|spanish:5,100,17,4,Bachelor's,10,10,10,6,7,9,4,20,7,17,Duolingo,150,,,,,22,25,C1,intermediate|advanced,intermediate|advanced,cambridge_22_25_intermediate_advanced,4,20,random,,401.26666259765625,675.5333251953125,425.26666259765625,697.5999908447266,8,2,,,,,,,,,,,,2026-08-09T15:58:12.658Z,C99S394L,2026-08-09,2026-08-09,12:58:12,2026-08-09 12:58:12,,,,,,,,69eb8f1f108d9b87368ef89d,69eb8f1f108d9b87368ef89d,,,,
31201,hover_association,2,3,adv,20,2,17,18,94, to ,696,418,,69eb8f1f108d9b87368ef89d,69eb8f1f108d9b87368ef89d,advanced,2,69eb8f1f108d9b87368ef89d,69eb8f1f108d9b87368ef89d,spotlight_PROLIFIC,,42,brazil,Portuguese,"portuguese, english, spanish ",spanish,Portuguese:50|English:40|spanish:10,100,Portuguese:40|English:50|spanish:10,100,Portuguese:75|English:20|spanish:5,100,17,4,Bachelor's,10,10,10,6,7,9,4,20,7,17,Duolingo,150,,,,,22,25,C1,intermediate|advanced,intermediate|advanced,cambridge_22_25_intermediate_advanced,4,20,random,,393.26666259765625,675.5333480834961,433.26666259765625,697.599983215332,8,2,hover,83,83,0.7915412482306579,0.6183334350585937,154,,,,,,2026-08-09T15:58:12.658Z,C99S394L,2026-08-09,2026-08-09,12:58:12,2026-08-09 12:58:12,,,,,,,,69eb8f1f108d9b87368ef89d,69eb8f1f108d9b87368ef89d,,,,
31244,raw_position_sample,2,3,adv,20,2,17,18,95, bring ,731,418,1541632,69eb8f1f108d9b87368ef89d,69eb8f1f108d9b87368ef89d,advanced,2,69eb8f1f108d9b87368ef89d,69eb8f1f108d9b87368ef89d,spotlight_PROLIFIC,,42,brazil,Portuguese,"portuguese, english, spanish ",spanish,Portuguese:50|English:40|spanish:10,100,Portuguese:40|English:50|spanish:10,100,Portuguese:75|English:20|spanish:5,100,17,4,Bachelor's,10,10,10,6,7,9,4,20,7,17,Duolingo,150,,,,,22,25,C1,intermediate|advanced,intermediate|advanced,cambridge_22_25_intermediate_advanced,4,20,random,,401.26666259765625,697.5999755859375,425.26666259765625,747.6166381835938,8,3,,,,,,,,,,,,2026-08-09T15:58:12.658Z,C99S394L,2026-08-09,2026-08-09,12:58:12,2026-08-09 12:58:12,,,,,,,,69eb8f1f108d9b87368ef89d,69eb8f1f108d9b87368ef89d,,,,
31251,hover_association,2,3,adv,20,2,17,18,95, bring ,703,418,,69eb8f1f108d9b87368ef89d,69eb8f1f108d9b87368ef89d,advanced,2,69eb8f1f108d9b87368ef89d,69eb8f1f108d9b87368ef89d,spotlight_PROLIFIC,,42,brazil,Portuguese,"portuguese, english, spanish ",spanish,Portuguese:50|English:40|spanish:10,100,Portuguese:40|English:50|spanish:10,100,Portuguese:75|English:20|spanish:5,100,17,4,Bachelor's,10,10,10,6,7,9,4,20,7,17,Duolingo,150,,,,,22,25,C1,intermediate|advanced,intermediate|advanced,cambridge_22_25_intermediate_advanced,4,20,random,,393.26666259765625,697.599983215332,433.26666259765625,747.6166687011719,8,3,hover,50,50,0.6677774918556689,0.6183334350585937,154,,,,,,2026-08-09T15:58:12.658Z,C99S394L,2026-08-09,2026-08-09,12:58:12,2026-08-09 12:58:12,,,,,,,,69eb8f1f108d9b87368ef89d,69eb8f1f108d9b87368ef89d,,,,
31295,raw_position_sample,2,3,adv,20,2,17,18,96, their ,787,418,1541683,69eb8f1f108d9b87368ef89d,69eb8f1f108d9b87368ef89d,advanced,2,69eb8f1f108d9b87368ef89d,69eb8f1f108d9b87368ef89d,spotlight_PROLIFIC,,42,brazil,Portuguese,"portuguese, english, spanish ",spanish,Portuguese:50|English:40|spanish:10,100,Portuguese:40|English:50|spanish:10,100,Portuguese:75|English:20|spanish:5,100,17,4,Bachelor's,10,10,10,6,7,9,4,20,7,17,Duolingo,150,,,,,22,25,C1,intermediate|advanced,intermediate|advanced,cambridge_22_25_intermediate_advanced,4,20,random,,401.26666259765625,747.61669921875,425.26666259765625,792.1500244140625,8,4,,,,,,,,,,,,2026-08-09T15:58:12.658Z,C99S394L,2026-08-09,2026-08-09,12:58:12,2026-08-09 12:58:12,,,,,,,,69eb8f1f108d9b87368ef89d,69eb8f1f108d9b87368ef89d,,,,
31301,hover_association,2,3,adv,20,2,17,18,96, their ,749,418,,69eb8f1f108d9b87368ef89d,69eb8f1f108d9b87368ef89d,advanced,2,69eb8f1f108d9b87368ef89d,69eb8f1f108d9b87368ef89d,spotlight_PROLIFIC,,42,brazil,Portuguese,"portuguese, english, spanish ",spanish,Portuguese:50|English:40|spanish:10,100,Portuguese:40|English:50|spanish:10,100,Portuguese:75|English:20|spanish:5,100,17,4,Bachelor's,10,10,10,6,7,9,4,20,7,17,Duolingo,150,,,,,22,25,C1,intermediate|advanced,intermediate|advanced,cambridge_22_25_intermediate_advanced,4,20,random,,393.26666259765625,747.6166687011719,433.26666259765625,792.1500244140625,8,4,hover,50,50,0.8843557973204392,0.6183334350585937,154,,,,,,2026-08-09T15:58:12.658Z,C99S394L,2026-08-09,2026-08-09,12:58:12,2026-08-09 12:58:12,,,,,,,,69eb8f1f108d9b87368ef89d,69eb8f1f108d9b87368ef89d,,,,
31344,raw_position_sample,2,3,adv,20,2,17,18,97, work ,809,418,1541733,69eb8f1f108d9b87368ef89d,69eb8f1f108d9b87368ef89d,advanced,2,69eb8f1f108d9b87368ef89d,69eb8f1f108d9b87368ef89d,spotlight_PROLIFIC,,42,brazil,Portuguese,"portuguese, english, spanish ",spanish,Portuguese:50|English:40|spanish:10,100,Portuguese:40|English:50|spanish:10,100,Portuguese:75|English:20|spanish:5,100,17,4,Bachelor's,10,10,10,6,7,9,4,20,7,17,Duolingo,150,,,,,22,25,C1,intermediate|advanced,intermediate|advanced,cambridge_22_25_intermediate_advanced,4,20,random,,401.26666259765625,792.1500244140625,425.26666259765625,838.9167022705078,8,5,,,,,,,,,,,,2026-08-09T15:58:12.658Z,C99S394L,2026-08-09,2026-08-09,12:58:12,2026-08-09 12:58:12,,,,,,,,69eb8f1f108d9b87368ef89d,69eb8f1f108d9b87368ef89d,,,,
31395,raw_position_sample,2,3,adv,20,2,17,18,97, work ,809,418,1541784,69eb8f1f108d9b87368ef89d,69eb8f1f108d9b87368ef89d,advanced,2,69eb8f1f108d9b87368ef89d,69eb8f1f108d9b87368ef89d,spotlight_PROLIFIC,,42,brazil,Portuguese,"portuguese, english, spanish ",spanish,Portuguese:50|English:40|spanish:10,100,Portuguese:40|English:50|spanish:10,100,Portuguese:75|English:20|spanish:5,100,17,4,Bachelor's,10,10,10,6,7,9,4,20,7,17,Duolingo,150,,,,,22,25,C1,intermediate|advanced,intermediate|advanced,cambridge_22_25_intermediate_advanced,4,20,random,,401.26666259765625,792.1500244140625,425.26666259765625,838.9167022705078,8,5,,,,,,,,,,,,2026-08-09T15:58:12.658Z,C99S394L,2026-08-09,2026-08-09,12:58:12,2026-08-09 12:58:12,,,,,,,,69eb8f1f108d9b87368ef89d,69eb8f1f108d9b87368ef89d,,,,
31445,raw_position_sample,2,3,adv,20,2,17,18,97, work ,809,418,1541833,69eb8f1f108d9b87368ef89d,69eb8f1f108d9b87368ef89d,advanced,2,69eb8f1f108d9b87368ef89d,69eb8f1f108d9b87368ef89d,spotlight_PROLIFIC,,42,brazil,Portuguese,"portuguese, english, spanish ",spanish,Portuguese:50|English:40|spanish:10,100,Portuguese:40|English:50|spanish:10,100,Portuguese:75|English:20|spanish:5,100,17,4,Bachelor's,10,10,10,6,7,9,4,20,7,17,Duolingo,150,,,,,22,25,C1,intermediate|advanced,intermediate|advanced,cambridge_22_25_intermediate_advanced,4,20,random,,401.26666259765625,792.1500244140625,425.26666259765625,838.9167022705078,8,5,,,,,,,,,,,,2026-08-09T15:58:12.658Z,C99S394L,2026-08-09,2026-08-09,12:58:12,2026-08-09 12:58:12,,,,,,,,69eb8f1f108d9b87368ef89d,69eb8f1f108d9b87368ef89d,,,,
31495,raw_position_sample,2,3,adv,20,2,17,18,97, work ,809,418,1541884,69eb8f1f108d9b87368ef89d,69eb8f1f108d9b87368ef89d,advanced,2,69eb8f1f108d9b87368ef89d,69eb8f1f108d9b87368ef89d,spotlight_PROLIFIC,,42,brazil,Portuguese,"portuguese, english, spanish ",spanish,Portuguese:50|English:40|spanish:10,100,Portuguese:40|English:50|spanish:10,100,Portuguese:75|English:20|spanish:5,100,17,4,Bachelor's,10,10,10,6,7,9,4,20,7,17,Duolingo,150,,,,,22,25,C1,intermediate|advanced,intermediate|advanced,cambridge_22_25_intermediate_advanced,4,20,random,,401.26666259765625,792.1500244140625,425.26666259765625,838.9167022705078,8,5,,,,,,,,,,,,2026-08-09T15:58:12.658Z,C99S394L,2026-08-09,2026-08-09,12:58:12,2026-08-09 12:58:12,,,,,,,,69eb8f1f108d9b87368ef89d,69eb8f1f108d9b87368ef89d,,,,
31546,raw_position_sample,2,3,adv,20,2,17,18,97, work ,809,418,1541934,69eb8f1f108d9b87368ef89d,69eb8f1f108d9b87368ef89d,advanced,2,69eb8f1f108d9b87368ef89d,69eb8f1f108d9b87368ef89d,spotlight_PROLIFIC,,42,brazil,Portuguese,"portuguese, english, spanish ",spanish,Portuguese:50|English:40|spanish:10,100,Portuguese:40|English:50|spanish:10,100,Portuguese:75|English:20|spanish:5,100,17,4,Bachelor's,10,10,10,6,7,9,4,20,7,17,Duolingo,150,,,,,22,25,C1,intermediate|advanced,intermediate|advanced,cambridge_22_25_intermediate_advanced,4,20,random,,401.26666259765625,792.1500244140625,425.26666259765625,838.9167022705078,8,5,,,,,,,,,,,,2026-08-09T15:58:12.658Z,C99S394L,2026-08-09,2026-08-09,12:58:12,2026-08-09 12:58:12,,,,,,,,69eb8f1f108d9b87368ef89d,69eb8f1f108d9b87368ef89d,,,,
31595,raw_position_sample,2,3,adv,20,2,17,18,97, work ,809,418,1541984,69eb8f1f108d9b87368ef89d,69eb8f1f108d9b87368ef89d,advanced,2,69eb8f1f108d9b87368ef89d,69eb8f1f108d9b87368ef89d,spotlight_PROLIFIC,,42,brazil,Portuguese,"portuguese, english, spanish ",spanish,Portuguese:50|English:40|spanish:10,100,Portuguese:40|English:50|spanish:10,100,Portuguese:75|English:20|spanish:5,100,17,4,Bachelor's,10,10,10,6,7,9,4,20,7,17,Duolingo,150,,,,,22,25,C1,intermediate|advanced,intermediate|advanced,cambridge_22_25_intermediate_advanced,4,20,random,,401.26666259765625,792.1500244140625,425.26666259765625,838.9167022705078,8,5,,,,,,,,,,,,2026-08-09T15:58:12.658Z,C99S394L,2026-08-09,2026-08-09,12:58:12,2026-08-09 12:58:12,,,,,,,,69eb8f1f108d9b87368ef89d,69eb8f1f108d9b87368ef89d,,,,
31645,raw_position_sample,2,3,adv,20,2,17,18,97, work ,813,417,1542034,69eb8f1f108d9b87368ef89d,69eb8f1f108d9b87368ef89d,advanced,2,69eb8f1f108d9b87368ef89d,69eb8f1f108d9b87368ef89d,spotlight_PROLIFIC,,42,brazil,Portuguese,"portuguese, english, spanish ",spanish,Portuguese:50|English:40|spanish:10,100,Portuguese:40|English:50|spanish:10,100,Portuguese:75|English:20|spanish:5,100,17,4,Bachelor's,10,10,10,6,7,9,4,20,7,17,Duolingo,150,,,,,22,25,C1,intermediate|advanced,intermediate|advanced,cambridge_22_25_intermediate_advanced,4,20,random,,401.26666259765625,792.1500244140625,425.26666259765625,838.9167022705078,8,5,,,,,,,,,,,,2026-08-09T15:58:12.658Z,C99S394L,2026-08-09,2026-08-09,12:58:12,2026-08-09 12:58:12,,,,,,,,69eb8f1f108d9b87368ef89d,69eb8f1f108d9b87368ef89d,,,,
31696,raw_position_sample,2,3,adv,20,2,17,18,97, work ,834,412,1542084,69eb8f1f108d9b87368ef89d,69eb8f1f108d9b87368ef89d,advanced,2,69eb8f1f108d9b87368ef89d,69eb8f1f108d9b87368ef89d,spotlight_PROLIFIC,,42,brazil,Portuguese,"portuguese, english, spanish ",spanish,Portuguese:50|English:40|spanish:10,100,Portuguese:40|English:50|spanish:10,100,Portuguese:75|English:20|spanish:5,100,17,4,Bachelor's,10,10,10,6,7,9,4,20,7,17,Duolingo,150,,,,,22,25,C1,intermediate|advanced,intermediate|advanced,cambridge_22_25_intermediate_advanced,4,20,random,,401.26666259765625,792.1500244140625,425.26666259765625,838.9167022705078,8,5,,,,,,,,,,,,2026-08-09T15:58:12.658Z,C99S394L,2026-08-09,2026-08-09,12:58:12,2026-08-09 12:58:12,,,,,,,,69eb8f1f108d9b87368ef89d,69eb8f1f108d9b87368ef89d,,,,
31701,hover_association,2,3,adv,20,2,17,18,97, work ,800,418,,69eb8f1f108d9b87368ef89d,69eb8f1f108d9b87368ef89d,advanced,2,69eb8f1f108d9b87368ef89d,69eb8f1f108d9b87368ef89d,spotlight_PROLIFIC,,42,brazil,Portuguese,"portuguese, english, spanish ",spanish,Portuguese:50|English:40|spanish:10,100,Portuguese:40|English:50|spanish:10,100,Portuguese:75|English:20|spanish:5,100,17,4,Bachelor's,10,10,10,6,7,9,4,20,7,17,Duolingo,150,,,,,22,25,C1,intermediate|advanced,intermediate|advanced,cambridge_22_25_intermediate_advanced,4,20,random,,393.26666259765625,792.1500244140625,433.26666259765625,838.9166946411133,8,5,hover,400,400,0.8948675495338266,0.46833343505859376,154,,,,,,2026-08-09T15:58:12.658Z,C99S394L,2026-08-09,2026-08-09,12:58:12,2026-08-09 12:58:12,,,,,,,,69eb8f1f108d9b87368ef89d,69eb8f1f108d9b87368ef89d,,,,
31717,hover_association,2,3,adv,20,2,17,18,98, to ,848,411,,69eb8f1f108d9b87368ef89d,69eb8f1f108d9b87368ef89d,advanced,2,69eb8f1f108d9b87368ef89d,69eb8f1f108d9b87368ef89d,spotlight_PROLIFIC,,42,brazil,Portuguese,"portuguese, english, spanish ",spanish,Portuguese:50|English:40|spanish:10,100,Portuguese:40|English:50|spanish:10,100,Portuguese:75|English:20|spanish:5,100,17,4,Bachelor's,10,10,10,6,7,9,4,20,7,17,Duolingo,150,,,,,22,25,C1,intermediate|advanced,intermediate|advanced,cambridge_22_25_intermediate_advanced,4,20,random,,393.26666259765625,838.9166946411133,433.26666259765625,860.9833450317383,8,6,hover,17,17,0.4116304558278475,0.44333343505859374,154,,,,,,2026-08-09T15:58:12.658Z,C99S394L,2026-08-09,2026-08-09,12:58:12,2026-08-09 12:58:12,,,,,,,,69eb8f1f108d9b87368ef89d,69eb8f1f108d9b87368ef89d,,,,
31746,raw_position_sample,2,3,adv,20,2,17,18,99, the ,868,409,1542135,69eb8f1f108d9b87368ef89d,69eb8f1f108d9b87368ef89d,advanced,2,69eb8f1f108d9b87368ef89d,69eb8f1f108d9b87368ef89d,spotlight_PROLIFIC,,42,brazil,Portuguese,"portuguese, english, spanish ",spanish,Portuguese:50|English:40|spanish:10,100,Portuguese:40|English:50|spanish:10,100,Portuguese:75|English:20|spanish:5,100,17,4,Bachelor's,10,10,10,6,7,9,4,20,7,17,Duolingo,150,,,,,22,25,C1,intermediate|advanced,intermediate|advanced,cambridge_22_25_intermediate_advanced,4,20,random,,401.26666259765625,860.9833374023438,425.26666259765625,893.4333343505859,8,7,,,,,,,,,,,,2026-08-09T15:58:12.658Z,C99S394L,2026-08-09,2026-08-09,12:58:12,2026-08-09 12:58:12,,,,,,,,69eb8f1f108d9b87368ef89d,69eb8f1f108d9b87368ef89d,,,,
31796,raw_position_sample,2,3,adv,20,2,17,18,99, the ,874,409,1542185,69eb8f1f108d9b87368ef89d,69eb8f1f108d9b87368ef89d,advanced,2,69eb8f1f108d9b87368ef89d,69eb8f1f108d9b87368ef89d,spotlight_PROLIFIC,,42,brazil,Portuguese,"portuguese, english, spanish ",spanish,Portuguese:50|English:40|spanish:10,100,Portuguese:40|English:50|spanish:10,100,Portuguese:75|English:20|spanish:5,100,17,4,Bachelor's,10,10,10,6,7,9,4,20,7,17,Duolingo,150,,,,,22,25,C1,intermediate|advanced,intermediate|advanced,cambridge_22_25_intermediate_advanced,4,20,random,,401.26666259765625,860.9833374023438,425.26666259765625,893.4333343505859,8,7,,,,,,,,,,,,2026-08-09T15:58:12.658Z,C99S394L,2026-08-09,2026-08-09,12:58:12,2026-08-09 12:58:12,,,,,,,,69eb8f1f108d9b87368ef89d,69eb8f1f108d9b87368ef89d,,,,
31846,raw_position_sample,2,3,adv,20,2,17,18,99, the ,877,409,1542235,69eb8f1f108d9b87368ef89d,69eb8f1f108d9b87368ef89d,advanced,2,69eb8f1f108d9b87368ef89d,69eb8f1f108d9b87368ef89d,spotlight_PROLIFIC,,42,brazil,Portuguese,"portuguese, english, spanish ",spanish,Portuguese:50|English:40|spanish:10,100,Portuguese:40|English:50|spanish:10,100,Portuguese:75|English:20|spanish:5,100,17,4,Bachelor's,10,10,10,6,7,9,4,20,7,17,Duolingo,150,,,,,22,25,C1,intermediate|advanced,intermediate|advanced,cambridge_22_25_intermediate_advanced,4,20,random,,401.26666259765625,860.9833374023438,425.26666259765625,893.4333343505859,8,7,,,,,,,,,,,,2026-08-09T15:58:12.658Z,C99S394L,2026-08-09,2026-08-09,12:58:12,2026-08-09 12:58:12,,,,,,,,69eb8f1f108d9b87368ef89d,69eb8f1f108d9b87368ef89d,,,,
31897,raw_position_sample,2,3,adv,20,2,17,18,99, the ,886,407,1542286,69eb8f1f108d9b87368ef89d,69eb8f1f108d9b87368ef89d,advanced,2,69eb8f1f108d9b87368ef89d,69eb8f1f108d9b87368ef89d,spotlight_PROLIFIC,,42,brazil,Portuguese,"portuguese, english, spanish ",spanish,Portuguese:50|English:40|spanish:10,100,Portuguese:40|English:50|spanish:10,100,Portuguese:75|English:20|spanish:5,100,17,4,Bachelor's,10,10,10,6,7,9,4,20,7,17,Duolingo,150,,,,,22,25,C1,intermediate|advanced,intermediate|advanced,cambridge_22_25_intermediate_advanced,4,20,random,,401.26666259765625,860.9833374023438,425.26666259765625,893.4333343505859,8,7,,,,,,,,,,,,2026-08-09T15:58:12.658Z,C99S394L,2026-08-09,2026-08-09,12:58:12,2026-08-09 12:58:12,,,,,,,,69eb8f1f108d9b87368ef89d,69eb8f1f108d9b87368ef89d,,,,
31917,hover_association,2,3,adv,20,2,17,18,99, the ,862,409,,69eb8f1f108d9b87368ef89d,69eb8f1f108d9b87368ef89d,advanced,2,69eb8f1f108d9b87368ef89d,69eb8f1f108d9b87368ef89d,spotlight_PROLIFIC,,42,brazil,Portuguese,"portuguese, english, spanish ",spanish,Portuguese:50|English:40|spanish:10,100,Portuguese:40|English:50|spanish:10,100,Portuguese:75|English:20|spanish:5,100,17,4,Bachelor's,10,10,10,6,7,9,4,20,7,17,Duolingo,150,,,,,22,25,C1,intermediate|advanced,intermediate|advanced,cambridge_22_25_intermediate_advanced,4,20,random,,393.26666259765625,860.9833450317383,433.26666259765625,893.4333419799805,8,7,hover,199,199,0.955829210638551,0.34333343505859376,154,,,,,,2026-08-09T15:58:12.658Z,C99S394L,2026-08-09,2026-08-09,12:58:12,2026-08-09 12:58:12,,,,,,,,69eb8f1f108d9b87368ef89d,69eb8f1f108d9b87368ef89d,,,,
31947,raw_position_sample,2,3,adv,20,2,17,18,100, level ,905,407,1542336,69eb8f1f108d9b87368ef89d,69eb8f1f108d9b87368ef89d,advanced,2,69eb8f1f108d9b87368ef89d,69eb8f1f108d9b87368ef89d,spotlight_PROLIFIC,,42,brazil,Portuguese,"portuguese, english, spanish ",spanish,Portuguese:50|English:40|spanish:10,100,Portuguese:40|English:50|spanish:10,100,Portuguese:75|English:20|spanish:5,100,17,4,Bachelor's,10,10,10,6,7,9,4,20,7,17,Duolingo,150,,,,,22,25,C1,intermediate|advanced,intermediate|advanced,cambridge_22_25_intermediate_advanced,4,20,random,,401.26666259765625,893.433349609375,425.26666259765625,936.5166778564453,8,8,,,,,,,,,,,,2026-08-09T15:58:12.658Z,C99S394L,2026-08-09,2026-08-09,12:58:12,2026-08-09 12:58:12,,,,,,,,69eb8f1f108d9b87368ef89d,69eb8f1f108d9b87368ef89d,,,,
31985,hover_association,2,3,adv,20,2,17,18,100, level ,897,407,,69eb8f1f108d9b87368ef89d,69eb8f1f108d9b87368ef89d,advanced,2,69eb8f1f108d9b87368ef89d,69eb8f1f108d9b87368ef89d,spotlight_PROLIFIC,,42,brazil,Portuguese,"portuguese, english, spanish ",spanish,Portuguese:50|English:40|spanish:10,100,Portuguese:40|English:50|spanish:10,100,Portuguese:75|English:20|spanish:5,100,17,4,Bachelor's,10,10,10,6,7,9,4,20,7,17,Duolingo,150,,,,,22,25,C1,intermediate|advanced,intermediate|advanced,cambridge_22_25_intermediate_advanced,4,20,random,,393.26666259765625,893.4333419799805,433.26666259765625,936.5166702270508,8,8,hover,68,68,0.7791101427337401,0.36833343505859373,154,,,,,,2026-08-09T15:58:12.658Z,C99S394L,2026-08-09,2026-08-09,12:58:12,2026-08-09 12:58:12,,,,,,,,69eb8f1f108d9b87368ef89d,69eb8f1f108d9b87368ef89d,,,,
31997,raw_position_sample,2,3,adv,20,2,17,18,101, “that ,941,410,1542386,69eb8f1f108d9b87368ef89d,69eb8f1f108d9b87368ef89d,advanced,2,69eb8f1f108d9b87368ef89d,69eb8f1f108d9b87368ef89d,spotlight_PROLIFIC,,42,brazil,Portuguese,"portuguese, english, spanish ",spanish,Portuguese:50|English:40|spanish:10,100,Portuguese:40|English:50|spanish:10,100,Portuguese:75|English:20|spanish:5,100,17,4,Bachelor's,10,10,10,6,7,9,4,20,7,17,Duolingo,150,,,,,22,25,C1,intermediate|advanced,intermediate|advanced,cambridge_22_25_intermediate_advanced,4,20,random,,401.26666259765625,936.5166625976562,425.26666259765625,981.8833312988281,8,9,,,,,,,,,,,,2026-08-09T15:58:12.658Z,C99S394L,2026-08-09,2026-08-09,12:58:12,2026-08-09 12:58:12,,,,,,,,69eb8f1f108d9b87368ef89d,69eb8f1f108d9b87368ef89d,,,,
32047,raw_position_sample,2,3,adv,20,2,17,18,101, “that ,968,412,1542437,69eb8f1f108d9b87368ef89d,69eb8f1f108d9b87368ef89d,advanced,2,69eb8f1f108d9b87368ef89d,69eb8f1f108d9b87368ef89d,spotlight_PROLIFIC,,42,brazil,Portuguese,"portuguese, english, spanish ",spanish,Portuguese:50|English:40|spanish:10,100,Portuguese:40|English:50|spanish:10,100,Portuguese:75|English:20|spanish:5,100,17,4,Bachelor's,10,10,10,6,7,9,4,20,7,17,Duolingo,150,,,,,22,25,C1,intermediate|advanced,intermediate|advanced,cambridge_22_25_intermediate_advanced,4,20,random,,401.26666259765625,936.5166625976562,425.26666259765625,981.8833312988281,8,9,,,,,,,,,,,,2026-08-09T15:58:12.658Z,C99S394L,2026-08-09,2026-08-09,12:58:12,2026-08-09 12:58:12,,,,,,,,69eb8f1f108d9b87368ef89d,69eb8f1f108d9b87368ef89d,,,,
32098,raw_position_sample,2,3,adv,20,2,17,18,101, “that ,981,414,1542487,69eb8f1f108d9b87368ef89d,69eb8f1f108d9b87368ef89d,advanced,2,69eb8f1f108d9b87368ef89d,69eb8f1f108d9b87368ef89d,spotlight_PROLIFIC,,42,brazil,Portuguese,"portuguese, english, spanish ",spanish,Portuguese:50|English:40|spanish:10,100,Portuguese:40|English:50|spanish:10,100,Portuguese:75|English:20|spanish:5,100,17,4,Bachelor's,10,10,10,6,7,9,4,20,7,17,Duolingo,150,,,,,22,25,C1,intermediate|advanced,intermediate|advanced,cambridge_22_25_intermediate_advanced,4,20,random,,401.26666259765625,936.5166625976562,425.26666259765625,981.8833312988281,8,9,,,,,,,,,,,,2026-08-09T15:58:12.658Z,C99S394L,2026-08-09,2026-08-09,12:58:12,2026-08-09 12:58:12,,,,,,,,69eb8f1f108d9b87368ef89d,69eb8f1f108d9b87368ef89d,,,,
32148,raw_position_sample,2,3,adv,20,2,17,18,101, “that ,981,414,1542537,69eb8f1f108d9b87368ef89d,69eb8f1f108d9b87368ef89d,advanced,2,69eb8f1f108d9b87368ef89d,69eb8f1f108d9b87368ef89d,spotlight_PROLIFIC,,42,brazil,Portuguese,"portuguese, english, spanish ",spanish,Portuguese:50|English:40|spanish:10,100,Portuguese:40|English:50|spanish:10,100,Portuguese:75|English:20|spanish:5,100,17,4,Bachelor's,10,10,10,6,7,9,4,20,7,17,Duolingo,150,,,,,22,25,C1,intermediate|advanced,intermediate|advanced,cambridge_22_25_intermediate_advanced,4,20,random,,401.26666259765625,936.5166625976562,425.26666259765625,981.8833312988281,8,9,,,,,,,,,,,,2026-08-09T15:58:12.658Z,C99S394L,2026-08-09,2026-08-09,12:58:12,2026-08-09 12:58:12,,,,,,,,69eb8f1f108d9b87368ef89d,69eb8f1f108d9b87368ef89d,,,,
32198,raw_position_sample,2,3,adv,20,2,17,18,101, “that ,981,414,1542587,69eb8f1f108d9b87368ef89d,69eb8f1f108d9b87368ef89d,advanced,2,69eb8f1f108d9b87368ef89d,69eb8f1f108d9b87368ef89d,spotlight_PROLIFIC,,42,brazil,Portuguese,"portuguese, english, spanish ",spanish,Portuguese:50|English:40|spanish:10,100,Portuguese:40|English:50|spanish:10,100,Portuguese:75|English:20|spanish:5,100,17,4,Bachelor's,10,10,10,6,7,9,4,20,7,17,Duolingo,150,,,,,22,25,C1,intermediate|advanced,intermediate|advanced,cambridge_22_25_intermediate_advanced,4,20,random,,401.26666259765625,936.5166625976562,425.26666259765625,981.8833312988281,8,9,,,,,,,,,,,,2026-08-09T15:58:12.658Z,C99S394L,2026-08-09,2026-08-09,12:58:12,2026-08-09 12:58:12,,,,,,,,69eb8f1f108d9b87368ef89d,69eb8f1f108d9b87368ef89d,,,,
32231,hover_association,2,3,adv,20,2,17,18,101, “that ,941,410,,69eb8f1f108d9b87368ef89d,69eb8f1f108d9b87368ef89d,advanced,2,69eb8f1f108d9b87368ef89d,69eb8f1f108d9b87368ef89d,spotlight_PROLIFIC,,42,brazil,Portuguese,"portuguese, english, spanish ",spanish,Portuguese:50|English:40|spanish:10,100,Portuguese:40|English:50|spanish:10,100,Portuguese:75|English:20|spanish:5,100,17,4,Bachelor's,10,10,10,6,7,9,4,20,7,17,Duolingo,150,,,,,22,25,C1,intermediate|advanced,intermediate|advanced,cambridge_22_25_intermediate_advanced,4,20,random,,393.26666259765625,936.5166702270508,433.26666259765625,981.8833160400391,8,9,hover,247,247,0.9805293950167642,0.5183334350585938,154,,,,,,2026-08-09T15:58:12.658Z,C99S394L,2026-08-09,2026-08-09,12:58:12,2026-08-09 12:58:12,,,,,,,,69eb8f1f108d9b87368ef89d,69eb8f1f108d9b87368ef89d,,,,
32249,raw_position_sample,2,3,adv,20,2,17,18,102, gives ,982,414,1542637,69eb8f1f108d9b87368ef89d,69eb8f1f108d9b87368ef89d,advanced,2,69eb8f1f108d9b87368ef89d,69eb8f1f108d9b87368ef89d,spotlight_PROLIFIC,,42,brazil,Portuguese,"portuguese, english, spanish ",spanish,Portuguese:50|English:40|spanish:10,100,Portuguese:40|English:50|spanish:10,100,Portuguese:75|English:20|spanish:5,100,17,4,Bachelor's,10,10,10,6,7,9,4,20,7,17,Duolingo,150,,,,,22,25,C1,intermediate|advanced,intermediate|advanced,cambridge_22_25_intermediate_advanced,4,20,random,,401.26666259765625,981.88330078125,425.26666259765625,1030.199966430664,8,10,,,,,,,,,,,,2026-08-09T15:58:12.658Z,C99S394L,2026-08-09,2026-08-09,12:58:12,2026-08-09 12:58:12,,,,,,,,69eb8f1f108d9b87368ef89d,69eb8f1f108d9b87368ef89d,,,,
32299,raw_position_sample,2,3,adv,20,2,17,18,102, gives ,987,414,1542687,69eb8f1f108d9b87368ef89d,69eb8f1f108d9b87368ef89d,advanced,2,69eb8f1f108d9b87368ef89d,69eb8f1f108d9b87368ef89d,spotlight_PROLIFIC,,42,brazil,Portuguese,"portuguese, english, spanish ",spanish,Portuguese:50|English:40|spanish:10,100,Portuguese:40|English:50|spanish:10,100,Portuguese:75|English:20|spanish:5,100,17,4,Bachelor's,10,10,10,6,7,9,4,20,7,17,Duolingo,150,,,,,22,25,C1,intermediate|advanced,intermediate|advanced,cambridge_22_25_intermediate_advanced,4,20,random,,401.26666259765625,981.88330078125,425.26666259765625,1030.199966430664,8,10,,,,,,,,,,,,2026-08-09T15:58:12.658Z,C99S394L,2026-08-09,2026-08-09,12:58:12,2026-08-09 12:58:12,,,,,,,,69eb8f1f108d9b87368ef89d,69eb8f1f108d9b87368ef89d,,,,
32350,raw_position_sample,2,3,adv,20,2,17,18,102, gives ,990,414,1542738,69eb8f1f108d9b87368ef89d,69eb8f1f108d9b87368ef89d,advanced,2,69eb8f1f108d9b87368ef89d,69eb8f1f108d9b87368ef89d,spotlight_PROLIFIC,,42,brazil,Portuguese,"portuguese, english, spanish ",spanish,Portuguese:50|English:40|spanish:10,100,Portuguese:40|English:50|spanish:10,100,Portuguese:75|English:20|spanish:5,100,17,4,Bachelor's,10,10,10,6,7,9,4,20,7,17,Duolingo,150,,,,,22,25,C1,intermediate|advanced,intermediate|advanced,cambridge_22_25_intermediate_advanced,4,20,random,,401.26666259765625,981.88330078125,425.26666259765625,1030.199966430664,8,10,,,,,,,,,,,,2026-08-09T15:58:12.658Z,C99S394L,2026-08-09,2026-08-09,12:58:12,2026-08-09 12:58:12,,,,,,,,69eb8f1f108d9b87368ef89d,69eb8f1f108d9b87368ef89d,,,,
32399,raw_position_sample,2,3,adv,20,2,17,18,102, gives ,990,414,1542788,69eb8f1f108d9b87368ef89d,69eb8f1f108d9b87368ef89d,advanced,2,69eb8f1f108d9b87368ef89d,69eb8f1f108d9b87368ef89d,spotlight_PROLIFIC,,42,brazil,Portuguese,"portuguese, english, spanish ",spanish,Portuguese:50|English:40|spanish:10,100,Portuguese:40|English:50|spanish:10,100,Portuguese:75|English:20|spanish:5,100,17,4,Bachelor's,10,10,10,6,7,9,4,20,7,17,Duolingo,150,,,,,22,25,C1,intermediate|advanced,intermediate|advanced,cambridge_22_25_intermediate_advanced,4,20,random,,401.26666259765625,981.88330078125,425.26666259765625,1030.199966430664,8,10,,,,,,,,,,,,2026-08-09T15:58:12.658Z,C99S394L,2026-08-09,2026-08-09,12:58:12,2026-08-09 12:58:12,,,,,,,,69eb8f1f108d9b87368ef89d,69eb8f1f108d9b87368ef89d,,,,
32449,raw_position_sample,2,3,adv,20,2,17,18,102, gives ,990,414,1542838,69eb8f1f108d9b87368ef89d,69eb8f1f108d9b87368ef89d,advanced,2,69eb8f1f108d9b87368ef89d,69eb8f1f108d9b87368ef89d,spotlight_PROLIFIC,,42,brazil,Portuguese,"portuguese, english, spanish ",spanish,Portuguese:50|English:40|spanish:10,100,Portuguese:40|English:50|spanish:10,100,Portuguese:75|English:20|spanish:5,100,17,4,Bachelor's,10,10,10,6,7,9,4,20,7,17,Duolingo,150,,,,,22,25,C1,intermediate|advanced,intermediate|advanced,cambridge_22_25_intermediate_advanced,4,20,random,,401.26666259765625,981.88330078125,425.26666259765625,1030.199966430664,8,10,,,,,,,,,,,,2026-08-09T15:58:12.658Z,C99S394L,2026-08-09,2026-08-09,12:58:12,2026-08-09 12:58:12,,,,,,,,69eb8f1f108d9b87368ef89d,69eb8f1f108d9b87368ef89d,,,,
32500,raw_position_sample,2,3,adv,20,2,17,18,102, gives ,989,414,1542888,69eb8f1f108d9b87368ef89d,69eb8f1f108d9b87368ef89d,advanced,2,69eb8f1f108d9b87368ef89d,69eb8f1f108d9b87368ef89d,spotlight_PROLIFIC,,42,brazil,Portuguese,"portuguese, english, spanish ",spanish,Portuguese:50|English:40|spanish:10,100,Portuguese:40|English:50|spanish:10,100,Portuguese:75|English:20|spanish:5,100,17,4,Bachelor's,10,10,10,6,7,9,4,20,7,17,Duolingo,150,,,,,22,25,C1,intermediate|advanced,intermediate|advanced,cambridge_22_25_intermediate_advanced,4,20,random,,401.26666259765625,981.88330078125,425.26666259765625,1030.199966430664,8,10,,,,,,,,,,,,2026-08-09T15:58:12.658Z,C99S394L,2026-08-09,2026-08-09,12:58:12,2026-08-09 12:58:12,,,,,,,,69eb8f1f108d9b87368ef89d,69eb8f1f108d9b87368ef89d,,,,
32534,hover_association,2,3,adv,20,2,17,18,102, gives ,982,414,,69eb8f1f108d9b87368ef89d,69eb8f1f108d9b87368ef89d,advanced,2,69eb8f1f108d9b87368ef89d,69eb8f1f108d9b87368ef89d,spotlight_PROLIFIC,,42,brazil,Portuguese,"portuguese, english, spanish ",spanish,Portuguese:50|English:40|spanish:10,100,Portuguese:40|English:50|spanish:10,100,Portuguese:75|English:20|spanish:5,100,17,4,Bachelor's,10,10,10,6,7,9,4,20,7,17,Duolingo,150,,,,,22,25,C1,intermediate|advanced,intermediate|advanced,cambridge_22_25_intermediate_advanced,4,20,random,,393.26666259765625,981.8833160400391,433.26666259765625,1030.1999588012695,8,10,hover,302,302,0.0852021937928226,0.49333343505859373,154,,,,,,2026-08-09T15:58:12.658Z,C99S394L,2026-08-09,2026-08-09,12:58:12,2026-08-09 12:58:12,,,,,,,,69eb8f1f108d9b87368ef89d,69eb8f1f108d9b87368ef89d,,,,
32550,raw_position_sample,2,3,adv,20,2,17,18,101, “that ,979,413,1542939,69eb8f1f108d9b87368ef89d,69eb8f1f108d9b87368ef89d,advanced,2,69eb8f1f108d9b87368ef89d,69eb8f1f108d9b87368ef89d,spotlight_PROLIFIC,,42,brazil,Portuguese,"portuguese, english, spanish ",spanish,Portuguese:50|English:40|spanish:10,100,Portuguese:40|English:50|spanish:10,100,Portuguese:75|English:20|spanish:5,100,17,4,Bachelor's,10,10,10,6,7,9,4,20,7,17,Duolingo,150,,,,,22,25,C1,intermediate|advanced,intermediate|advanced,cambridge_22_25_intermediate_advanced,4,20,random,,401.26666259765625,936.5166625976562,425.26666259765625,981.8833312988281,8,9,,,,,,,,,,,,2026-08-09T15:58:12.658Z,C99S394L,2026-08-09,2026-08-09,12:58:12,2026-08-09 12:58:12,,,,,,,,69eb8f1f108d9b87368ef89d,69eb8f1f108d9b87368ef89d,,,,
32584,hover_association,2,3,adv,20,2,17,18,101, “that ,979,413,,69eb8f1f108d9b87368ef89d,69eb8f1f108d9b87368ef89d,advanced,2,69eb8f1f108d9b87368ef89d,69eb8f1f108d9b87368ef89d,spotlight_PROLIFIC,,42,brazil,Portuguese,"portuguese, english, spanish ",spanish,Portuguese:50|English:40|spanish:10,100,Portuguese:40|English:50|spanish:10,100,Portuguese:75|English:20|spanish:5,100,17,4,Bachelor's,10,10,10,6,7,9,4,20,7,17,Duolingo,150,,,,,22,25,C1,intermediate|advanced,intermediate|advanced,cambridge_22_25_intermediate_advanced,4,20,random,,393.26666259765625,936.5166702270508,433.26666259765625,981.8833160400391,8,9,hover,50,50,0.07678173491838702,0.44333343505859374,154,,,,,,2026-08-09T15:58:12.658Z,C99S394L,2026-08-09,2026-08-09,12:58:12,2026-08-09 12:58:12,,,,,,,,69eb8f1f108d9b87368ef89d,69eb8f1f108d9b87368ef89d,,,,
32600,raw_position_sample,2,3,adv,20,2,17,18,100, level ,912,411,1542989,69eb8f1f108d9b87368ef89d,69eb8f1f108d9b87368ef89d,advanced,2,69eb8f1f108d9b87368ef89d,69eb8f1f108d9b87368ef89d,spotlight_PROLIFIC,,42,brazil,Portuguese,"portuguese, english, spanish ",spanish,Portuguese:50|English:40|spanish:10,100,Portuguese:40|English:50|spanish:10,100,Portuguese:75|English:20|spanish:5,100,17,4,Bachelor's,10,10,10,6,7,9,4,20,7,17,Duolingo,150,,,,,22,25,C1,intermediate|advanced,intermediate|advanced,cambridge_22_25_intermediate_advanced,4,20,random,,401.26666259765625,893.433349609375,425.26666259765625,936.5166778564453,8,8,,,,,,,,,,,,2026-08-09T15:58:12.658Z,C99S394L,2026-08-09,2026-08-09,12:58:12,2026-08-09 12:58:12,,,,,,,,69eb8f1f108d9b87368ef89d,69eb8f1f108d9b87368ef89d,,,,
32651,raw_position_sample,2,3,adv,20,2,17,18,100, level ,900,411,1543039,69eb8f1f108d9b87368ef89d,69eb8f1f108d9b87368ef89d,advanced,2,69eb8f1f108d9b87368ef89d,69eb8f1f108d9b87368ef89d,spotlight_PROLIFIC,,42,brazil,Portuguese,"portuguese, english, spanish ",spanish,Portuguese:50|English:40|spanish:10,100,Portuguese:40|English:50|spanish:10,100,Portuguese:75|English:20|spanish:5,100,17,4,Bachelor's,10,10,10,6,7,9,4,20,7,17,Duolingo,150,,,,,22,25,C1,intermediate|advanced,intermediate|advanced,cambridge_22_25_intermediate_advanced,4,20,random,,401.26666259765625,893.433349609375,425.26666259765625,936.5166778564453,8,8,,,,,,,,,,,,2026-08-09T15:58:12.658Z,C99S394L,2026-08-09,2026-08-09,12:58:12,2026-08-09 12:58:12,,,,,,,,69eb8f1f108d9b87368ef89d,69eb8f1f108d9b87368ef89d,,,,
32702,raw_position_sample,2,3,adv,20,2,17,18,100, level ,894,411,1543090,69eb8f1f108d9b87368ef89d,69eb8f1f108d9b87368ef89d,advanced,2,69eb8f1f108d9b87368ef89d,69eb8f1f108d9b87368ef89d,spotlight_PROLIFIC,,42,brazil,Portuguese,"portuguese, english, spanish ",spanish,Portuguese:50|English:40|spanish:10,100,Portuguese:40|English:50|spanish:10,100,Portuguese:75|English:20|spanish:5,100,17,4,Bachelor's,10,10,10,6,7,9,4,20,7,17,Duolingo,150,,,,,22,25,C1,intermediate|advanced,intermediate|advanced,cambridge_22_25_intermediate_advanced,4,20,random,,401.26666259765625,893.433349609375,425.26666259765625,936.5166778564453,8,8,,,,,,,,,,,,2026-08-09T15:58:12.658Z,C99S394L,2026-08-09,2026-08-09,12:58:12,2026-08-09 12:58:12,,,,,,,,69eb8f1f108d9b87368ef89d,69eb8f1f108d9b87368ef89d,,,,
32718,hover_association,2,3,adv,20,2,17,18,100, level ,912,411,,69eb8f1f108d9b87368ef89d,69eb8f1f108d9b87368ef89d,advanced,2,69eb8f1f108d9b87368ef89d,69eb8f1f108d9b87368ef89d,spotlight_PROLIFIC,,42,brazil,Portuguese,"portuguese, english, spanish ",spanish,Portuguese:50|English:40|spanish:10,100,Portuguese:40|English:50|spanish:10,100,Portuguese:75|English:20|spanish:5,100,17,4,Bachelor's,10,10,10,6,7,9,4,20,7,17,Duolingo,150,,,,,22,25,C1,intermediate|advanced,intermediate|advanced,cambridge_22_25_intermediate_advanced,4,20,random,,393.26666259765625,893.4333419799805,433.26666259765625,936.5166702270508,8,8,hover,134,134,0.01315260549904392,0.44333343505859374,154,,,,,,2026-08-09T15:58:12.658Z,C99S394L,2026-08-09,2026-08-09,12:58:12,2026-08-09 12:58:12,,,,,,,,69eb8f1f108d9b87368ef89d,69eb8f1f108d9b87368ef89d,,,,
32752,raw_position_sample,2,3,adv,20,2,17,18,99, the ,886,411,1543140,69eb8f1f108d9b87368ef89d,69eb8f1f108d9b87368ef89d,advanced,2,69eb8f1f108d9b87368ef89d,69eb8f1f108d9b87368ef89d,spotlight_PROLIFIC,,42,brazil,Portuguese,"portuguese, english, spanish ",spanish,Portuguese:50|English:40|spanish:10,100,Portuguese:40|English:50|spanish:10,100,Portuguese:75|English:20|spanish:5,100,17,4,Bachelor's,10,10,10,6,7,9,4,20,7,17,Duolingo,150,,,,,22,25,C1,intermediate|advanced,intermediate|advanced,cambridge_22_25_intermediate_advanced,4,20,random,,401.26666259765625,860.9833374023438,425.26666259765625,893.4333343505859,8,7,,,,,,,,,,,,2026-08-09T15:58:12.658Z,C99S394L,2026-08-09,2026-08-09,12:58:12,2026-08-09 12:58:12,,,,,,,,69eb8f1f108d9b87368ef89d,69eb8f1f108d9b87368ef89d,,,,
32802,raw_position_sample,2,3,adv,20,2,17,18,99, the ,886,411,1543191,69eb8f1f108d9b87368ef89d,69eb8f1f108d9b87368ef89d,advanced,2,69eb8f1f108d9b87368ef89d,69eb8f1f108d9b87368ef89d,spotlight_PROLIFIC,,42,brazil,Portuguese,"portuguese, english, spanish ",spanish,Portuguese:50|English:40|spanish:10,100,Portuguese:40|English:50|spanish:10,100,Portuguese:75|English:20|spanish:5,100,17,4,Bachelor's,10,10,10,6,7,9,4,20,7,17,Duolingo,150,,,,,22,25,C1,intermediate|advanced,intermediate|advanced,cambridge_22_25_intermediate_advanced,4,20,random,,401.26666259765625,860.9833374023438,425.26666259765625,893.4333343505859,8,7,,,,,,,,,,,,2026-08-09T15:58:12.658Z,C99S394L,2026-08-09,2026-08-09,12:58:12,2026-08-09 12:58:12,,,,,,,,69eb8f1f108d9b87368ef89d,69eb8f1f108d9b87368ef89d,,,,
32852,raw_position_sample,2,3,adv,20,2,17,18,99, the ,886,411,1543241,69eb8f1f108d9b87368ef89d,69eb8f1f108d9b87368ef89d,advanced,2,69eb8f1f108d9b87368ef89d,69eb8f1f108d9b87368ef89d,spotlight_PROLIFIC,,42,brazil,Portuguese,"portuguese, english, spanish ",spanish,Portuguese:50|English:40|spanish:10,100,Portuguese:40|English:50|spanish:10,100,Portuguese:75|English:20|spanish:5,100,17,4,Bachelor's,10,10,10,6,7,9,4,20,7,17,Duolingo,150,,,,,22,25,C1,intermediate|advanced,intermediate|advanced,cambridge_22_25_intermediate_advanced,4,20,random,,401.26666259765625,860.9833374023438,425.26666259765625,893.4333343505859,8,7,,,,,,,,,,,,2026-08-09T15:58:12.658Z,C99S394L,2026-08-09,2026-08-09,12:58:12,2026-08-09 12:58:12,,,,,,,,69eb8f1f108d9b87368ef89d,69eb8f1f108d9b87368ef89d,,,,
32903,raw_position_sample,2,3,adv,20,2,17,18,99, the ,886,411,1543291,69eb8f1f108d9b87368ef89d,69eb8f1f108d9b87368ef89d,advanced,2,69eb8f1f108d9b87368ef89d,69eb8f1f108d9b87368ef89d,spotlight_PROLIFIC,,42,brazil,Portuguese,"portuguese, english, spanish ",spanish,Portuguese:50|English:40|spanish:10,100,Portuguese:40|English:50|spanish:10,100,Portuguese:75|English:20|spanish:5,100,17,4,Bachelor's,10,10,10,6,7,9,4,20,7,17,Duolingo,150,,,,,22,25,C1,intermediate|advanced,intermediate|advanced,cambridge_22_25_intermediate_advanced,4,20,random,,401.26666259765625,860.9833374023438,425.26666259765625,893.4333343505859,8,7,,,,,,,,,,,,2026-08-09T15:58:12.658Z,C99S394L,2026-08-09,2026-08-09,12:58:12,2026-08-09 12:58:12,,,,,,,,69eb8f1f108d9b87368ef89d,69eb8f1f108d9b87368ef89d,,,,
32953,raw_position_sample,2,3,adv,20,2,17,18,99, the ,886,411,1543342,69eb8f1f108d9b87368ef89d,69eb8f1f108d9b87368ef89d,advanced,2,69eb8f1f108d9b87368ef89d,69eb8f1f108d9b87368ef89d,spotlight_PROLIFIC,,42,brazil,Portuguese,"portuguese, english, spanish ",spanish,Portuguese:50|English:40|spanish:10,100,Portuguese:40|English:50|spanish:10,100,Portuguese:75|English:20|spanish:5,100,17,4,Bachelor's,10,10,10,6,7,9,4,20,7,17,Duolingo,150,,,,,22,25,C1,intermediate|advanced,intermediate|advanced,cambridge_22_25_intermediate_advanced,4,20,random,,401.26666259765625,860.9833374023438,425.26666259765625,893.4333343505859,8,7,,,,,,,,,,,,2026-08-09T15:58:12.658Z,C99S394L,2026-08-09,2026-08-09,12:58:12,2026-08-09 12:58:12,,,,,,,,69eb8f1f108d9b87368ef89d,69eb8f1f108d9b87368ef89d,,,,
33003,raw_position_sample,2,3,adv,20,2,17,18,99, the ,891,411,1543392,69eb8f1f108d9b87368ef89d,69eb8f1f108d9b87368ef89d,advanced,2,69eb8f1f108d9b87368ef89d,69eb8f1f108d9b87368ef89d,spotlight_PROLIFIC,,42,brazil,Portuguese,"portuguese, english, spanish ",spanish,Portuguese:50|English:40|spanish:10,100,Portuguese:40|English:50|spanish:10,100,Portuguese:75|English:20|spanish:5,100,17,4,Bachelor's,10,10,10,6,7,9,4,20,7,17,Duolingo,150,,,,,22,25,C1,intermediate|advanced,intermediate|advanced,cambridge_22_25_intermediate_advanced,4,20,random,,401.26666259765625,860.9833374023438,425.26666259765625,893.4333343505859,8,7,,,,,,,,,,,,2026-08-09T15:58:12.658Z,C99S394L,2026-08-09,2026-08-09,12:58:12,2026-08-09 12:58:12,,,,,,,,69eb8f1f108d9b87368ef89d,69eb8f1f108d9b87368ef89d,,,,
33017,hover_association,2,3,adv,20,2,17,18,99, the ,891,411,,69eb8f1f108d9b87368ef89d,69eb8f1f108d9b87368ef89d,advanced,2,69eb8f1f108d9b87368ef89d,69eb8f1f108d9b87368ef89d,spotlight_PROLIFIC,,42,brazil,Portuguese,"portuguese, english, spanish ",spanish,Portuguese:50|English:40|spanish:10,100,Portuguese:40|English:50|spanish:10,100,Portuguese:75|English:20|spanish:5,100,17,4,Bachelor's,10,10,10,6,7,9,4,20,7,17,Duolingo,150,,,,,22,25,C1,intermediate|advanced,intermediate|advanced,cambridge_22_25_intermediate_advanced,4,20,random,,393.26666259765625,860.9833450317383,433.26666259765625,893.4333419799805,8,7,hover,299,299,0.9250125667542696,0.44333343505859374,154,,,,,,2026-08-09T15:58:12.658Z,C99S394L,2026-08-09,2026-08-09,12:58:12,2026-08-09 12:58:12,,,,,,,,69eb8f1f108d9b87368ef89d,69eb8f1f108d9b87368ef89d,,,,
33053,raw_position_sample,2,3,adv,20,2,17,18,100, level ,899,411,1543443,69eb8f1f108d9b87368ef89d,69eb8f1f108d9b87368ef89d,advanced,2,69eb8f1f108d9b87368ef89d,69eb8f1f108d9b87368ef89d,spotlight_PROLIFIC,,42,brazil,Portuguese,"portuguese, english, spanish ",spanish,Portuguese:50|English:40|spanish:10,100,Portuguese:40|English:50|spanish:10,100,Portuguese:75|English:20|spanish:5,100,17,4,Bachelor's,10,10,10,6,7,9,4,20,7,17,Duolingo,150,,,,,22,25,C1,intermediate|advanced,intermediate|advanced,cambridge_22_25_intermediate_advanced,4,20,random,,401.26666259765625,893.433349609375,425.26666259765625,936.5166778564453,8,8,,,,,,,,,,,,2026-08-09T15:58:12.658Z,C99S394L,2026-08-09,2026-08-09,12:58:12,2026-08-09 12:58:12,,,,,,,,69eb8f1f108d9b87368ef89d,69eb8f1f108d9b87368ef89d,,,,
33104,raw_position_sample,2,3,adv,20,2,17,18,100, level ,906,411,1543492,69eb8f1f108d9b87368ef89d,69eb8f1f108d9b87368ef89d,advanced,2,69eb8f1f108d9b87368ef89d,69eb8f1f108d9b87368ef89d,spotlight_PROLIFIC,,42,brazil,Portuguese,"portuguese, english, spanish ",spanish,Portuguese:50|English:40|spanish:10,100,Portuguese:40|English:50|spanish:10,100,Portuguese:75|English:20|spanish:5,100,17,4,Bachelor's,10,10,10,6,7,9,4,20,7,17,Duolingo,150,,,,,22,25,C1,intermediate|advanced,intermediate|advanced,cambridge_22_25_intermediate_advanced,4,20,random,,401.26666259765625,893.433349609375,425.26666259765625,936.5166778564453,8,8,,,,,,,,,,,,2026-08-09T15:58:12.658Z,C99S394L,2026-08-09,2026-08-09,12:58:12,2026-08-09 12:58:12,,,,,,,,69eb8f1f108d9b87368ef89d,69eb8f1f108d9b87368ef89d,,,,
33154,raw_position_sample,2,3,adv,20,2,17,18,100, level ,917,411,1543543,69eb8f1f108d9b87368ef89d,69eb8f1f108d9b87368ef89d,advanced,2,69eb8f1f108d9b87368ef89d,69eb8f1f108d9b87368ef89d,spotlight_PROLIFIC,,42,brazil,Portuguese,"portuguese, english, spanish ",spanish,Portuguese:50|English:40|spanish:10,100,Portuguese:40|English:50|spanish:10,100,Portuguese:75|English:20|spanish:5,100,17,4,Bachelor's,10,10,10,6,7,9,4,20,7,17,Duolingo,150,,,,,22,25,C1,intermediate|advanced,intermediate|advanced,cambridge_22_25_intermediate_advanced,4,20,random,,401.26666259765625,893.433349609375,425.26666259765625,936.5166778564453,8,8,,,,,,,,,,,,2026-08-09T15:58:12.658Z,C99S394L,2026-08-09,2026-08-09,12:58:12,2026-08-09 12:58:12,,,,,,,,69eb8f1f108d9b87368ef89d,69eb8f1f108d9b87368ef89d,,,,
33205,raw_position_sample,2,3,adv,20,2,17,18,100, level ,920,411,1543593,69eb8f1f108d9b87368ef89d,69eb8f1f108d9b87368ef89d,advanced,2,69eb8f1f108d9b87368ef89d,69eb8f1f108d9b87368ef89d,spotlight_PROLIFIC,,42,brazil,Portuguese,"portuguese, english, spanish ",spanish,Portuguese:50|English:40|spanish:10,100,Portuguese:40|English:50|spanish:10,100,Portuguese:75|English:20|spanish:5,100,17,4,Bachelor's,10,10,10,6,7,9,4,20,7,17,Duolingo,150,,,,,22,25,C1,intermediate|advanced,intermediate|advanced,cambridge_22_25_intermediate_advanced,4,20,random,,401.26666259765625,893.433349609375,425.26666259765625,936.5166778564453,8,8,,,,,,,,,,,,2026-08-09T15:58:12.658Z,C99S394L,2026-08-09,2026-08-09,12:58:12,2026-08-09 12:58:12,,,,,,,,69eb8f1f108d9b87368ef89d,69eb8f1f108d9b87368ef89d,,,,
33255,raw_position_sample,2,3,adv,20,2,17,18,100, level ,920,411,1543643,69eb8f1f108d9b87368ef89d,69eb8f1f108d9b87368ef89d,advanced,2,69eb8f1f108d9b87368ef89d,69eb8f1f108d9b87368ef89d,spotlight_PROLIFIC,,42,brazil,Portuguese,"portuguese, english, spanish ",spanish,Portuguese:50|English:40|spanish:10,100,Portuguese:40|English:50|spanish:10,100,Portuguese:75|English:20|spanish:5,100,17,4,Bachelor's,10,10,10,6,7,9,4,20,7,17,Duolingo,150,,,,,22,25,C1,intermediate|advanced,intermediate|advanced,cambridge_22_25_intermediate_advanced,4,20,random,,401.26666259765625,893.433349609375,425.26666259765625,936.5166778564453,8,8,,,,,,,,,,,,2026-08-09T15:58:12.658Z,C99S394L,2026-08-09,2026-08-09,12:58:12,2026-08-09 12:58:12,,,,,,,,69eb8f1f108d9b87368ef89d,69eb8f1f108d9b87368ef89d,,,,
33305,raw_position_sample,2,3,adv,20,2,17,18,100, level ,920,411,1543693,69eb8f1f108d9b87368ef89d,69eb8f1f108d9b87368ef89d,advanced,2,69eb8f1f108d9b87368ef89d,69eb8f1f108d9b87368ef89d,spotlight_PROLIFIC,,42,brazil,Portuguese,"portuguese, english, spanish ",spanish,Portuguese:50|English:40|spanish:10,100,Portuguese:40|English:50|spanish:10,100,Portuguese:75|English:20|spanish:5,100,17,4,Bachelor's,10,10,10,6,7,9,4,20,7,17,Duolingo,150,,,,,22,25,C1,intermediate|advanced,intermediate|advanced,cambridge_22_25_intermediate_advanced,4,20,random,,401.26666259765625,893.433349609375,425.26666259765625,936.5166778564453,8,8,,,,,,,,,,,,2026-08-09T15:58:12.658Z,C99S394L,2026-08-09,2026-08-09,12:58:12,2026-08-09 12:58:12,,,,,,,,69eb8f1f108d9b87368ef89d,69eb8f1f108d9b87368ef89d,,,,
33355,raw_position_sample,2,3,adv,20,2,17,18,100, level ,920,411,1543743,69eb8f1f108d9b87368ef89d,69eb8f1f108d9b87368ef89d,advanced,2,69eb8f1f108d9b87368ef89d,69eb8f1f108d9b87368ef89d,spotlight_PROLIFIC,,42,brazil,Portuguese,"portuguese, english, spanish ",spanish,Portuguese:50|English:40|spanish:10,100,Portuguese:40|English:50|spanish:10,100,Portuguese:75|English:20|spanish:5,100,17,4,Bachelor's,10,10,10,6,7,9,4,20,7,17,Duolingo,150,,,,,22,25,C1,intermediate|advanced,intermediate|advanced,cambridge_22_25_intermediate_advanced,4,20,random,,401.26666259765625,893.433349609375,425.26666259765625,936.5166778564453,8,8,,,,,,,,,,,,2026-08-09T15:58:12.658Z,C99S394L,2026-08-09,2026-08-09,12:58:12,2026-08-09 12:58:12,,,,,,,,69eb8f1f108d9b87368ef89d,69eb8f1f108d9b87368ef89d,,,,
33405,raw_position_sample,2,3,adv,20,2,17,18,100, level ,920,411,1543794,69eb8f1f108d9b87368ef89d,69eb8f1f108d9b87368ef89d,advanced,2,69eb8f1f108d9b87368ef89d,69eb8f1f108d9b87368ef89d,spotlight_PROLIFIC,,42,brazil,Portuguese,"portuguese, english, spanish ",spanish,Portuguese:50|English:40|spanish:10,100,Portuguese:40|English:50|spanish:10,100,Portuguese:75|English:20|spanish:5,100,17,4,Bachelor's,10,10,10,6,7,9,4,20,7,17,Duolingo,150,,,,,22,25,C1,intermediate|advanced,intermediate|advanced,cambridge_22_25_intermediate_advanced,4,20,random,,401.26666259765625,893.433349609375,425.26666259765625,936.5166778564453,8,8,,,,,,,,,,,,2026-08-09T15:58:12.658Z,C99S394L,2026-08-09,2026-08-09,12:58:12,2026-08-09 12:58:12,,,,,,,,69eb8f1f108d9b87368ef89d,69eb8f1f108d9b87368ef89d,,,,
33456,raw_position_sample,2,3,adv,20,2,17,18,100, level ,920,411,1543844,69eb8f1f108d9b87368ef89d,69eb8f1f108d9b87368ef89d,advanced,2,69eb8f1f108d9b87368ef89d,69eb8f1f108d9b87368ef89d,spotlight_PROLIFIC,,42,brazil,Portuguese,"portuguese, english, spanish ",spanish,Portuguese:50|English:40|spanish:10,100,Portuguese:40|English:50|spanish:10,100,Portuguese:75|English:20|spanish:5,100,17,4,Bachelor's,10,10,10,6,7,9,4,20,7,17,Duolingo,150,,,,,22,25,C1,intermediate|advanced,intermediate|advanced,cambridge_22_25_intermediate_advanced,4,20,random,,401.26666259765625,893.433349609375,425.26666259765625,936.5166778564453,8,8,,,,,,,,,,,,2026-08-09T15:58:12.658Z,C99S394L,2026-08-09,2026-08-09,12:58:12,2026-08-09 12:58:12,,,,,,,,69eb8f1f108d9b87368ef89d,69eb8f1f108d9b87368ef89d,,,,
33506,raw_position_sample,2,3,adv,20,2,17,18,100, level ,920,411,1543894,69eb8f1f108d9b87368ef89d,69eb8f1f108d9b87368ef89d,advanced,2,69eb8f1f108d9b87368ef89d,69eb8f1f108d9b87368ef89d,spotlight_PROLIFIC,,42,brazil,Portuguese,"portuguese, english, spanish ",spanish,Portuguese:50|English:40|spanish:10,100,Portuguese:40|English:50|spanish:10,100,Portuguese:75|English:20|spanish:5,100,17,4,Bachelor's,10,10,10,6,7,9,4,20,7,17,Duolingo,150,,,,,22,25,C1,intermediate|advanced,intermediate|advanced,cambridge_22_25_intermediate_advanced,4,20,random,,401.26666259765625,893.433349609375,425.26666259765625,936.5166778564453,8,8,,,,,,,,,,,,2026-08-09T15:58:12.658Z,C99S394L,2026-08-09,2026-08-09,12:58:12,2026-08-09 12:58:12,,,,,,,,69eb8f1f108d9b87368ef89d,69eb8f1f108d9b87368ef89d,,,,
33556,raw_position_sample,2,3,adv,20,2,17,18,100, level ,924,411,1543945,69eb8f1f108d9b87368ef89d,69eb8f1f108d9b87368ef89d,advanced,2,69eb8f1f108d9b87368ef89d,69eb8f1f108d9b87368ef89d,spotlight_PROLIFIC,,42,brazil,Portuguese,"portuguese, english, spanish ",spanish,Portuguese:50|English:40|spanish:10,100,Portuguese:40|English:50|spanish:10,100,Portuguese:75|English:20|spanish:5,100,17,4,Bachelor's,10,10,10,6,7,9,4,20,7,17,Duolingo,150,,,,,22,25,C1,intermediate|advanced,intermediate|advanced,cambridge_22_25_intermediate_advanced,4,20,random,,401.26666259765625,893.433349609375,425.26666259765625,936.5166778564453,8,8,,,,,,,,,,,,2026-08-09T15:58:12.658Z,C99S394L,2026-08-09,2026-08-09,12:58:12,2026-08-09 12:58:12,,,,,,,,69eb8f1f108d9b87368ef89d,69eb8f1f108d9b87368ef89d,,,,
33584,hover_association,2,3,adv,20,2,17,18,100, level ,894,411,,69eb8f1f108d9b87368ef89d,69eb8f1f108d9b87368ef89d,advanced,2,69eb8f1f108d9b87368ef89d,69eb8f1f108d9b87368ef89d,spotlight_PROLIFIC,,42,brazil,Portuguese,"portuguese, english, spanish ",spanish,Portuguese:50|English:40|spanish:10,100,Portuguese:40|English:50|spanish:10,100,Portuguese:75|English:20|spanish:5,100,17,4,Bachelor's,10,10,10,6,7,9,4,20,7,17,Duolingo,150,,,,,22,25,C1,intermediate|advanced,intermediate|advanced,cambridge_22_25_intermediate_advanced,4,20,random,,393.26666259765625,893.4333419799805,433.26666259765625,936.5166702270508,8,8,hover,567,567,0.7558993082720827,0.44333343505859374,154,,,,,,2026-08-09T15:58:12.658Z,C99S394L,2026-08-09,2026-08-09,12:58:12,2026-08-09 12:58:12,,,,,,,,69eb8f1f108d9b87368ef89d,69eb8f1f108d9b87368ef89d,,,,
33607,raw_position_sample,2,3,adv,20,2,17,18,101, “that ,951,411,1543995,69eb8f1f108d9b87368ef89d,69eb8f1f108d9b87368ef89d,advanced,2,69eb8f1f108d9b87368ef89d,69eb8f1f108d9b87368ef89d,spotlight_PROLIFIC,,42,brazil,Portuguese,"portuguese, english, spanish ",spanish,Portuguese:50|English:40|spanish:10,100,Portuguese:40|English:50|spanish:10,100,Portuguese:75|English:20|spanish:5,100,17,4,Bachelor's,10,10,10,6,7,9,4,20,7,17,Duolingo,150,,,,,22,25,C1,intermediate|advanced,intermediate|advanced,cambridge_22_25_intermediate_advanced,4,20,random,,401.26666259765625,936.5166625976562,425.26666259765625,981.8833312988281,8,9,,,,,,,,,,,,2026-08-09T15:58:12.658Z,C99S394L,2026-08-09,2026-08-09,12:58:12,2026-08-09 12:58:12,,,,,,,,69eb8f1f108d9b87368ef89d,69eb8f1f108d9b87368ef89d,,,,
33656,raw_position_sample,2,3,adv,20,2,17,18,101, “that ,966,410,1544046,69eb8f1f108d9b87368ef89d,69eb8f1f108d9b87368ef89d,advanced,2,69eb8f1f108d9b87368ef89d,69eb8f1f108d9b87368ef89d,spotlight_PROLIFIC,,42,brazil,Portuguese,"portuguese, english, spanish ",spanish,Portuguese:50|English:40|spanish:10,100,Portuguese:40|English:50|spanish:10,100,Portuguese:75|English:20|spanish:5,100,17,4,Bachelor's,10,10,10,6,7,9,4,20,7,17,Duolingo,150,,,,,22,25,C1,intermediate|advanced,intermediate|advanced,cambridge_22_25_intermediate_advanced,4,20,random,,401.26666259765625,936.5166625976562,425.26666259765625,981.8833312988281,8,9,,,,,,,,,,,,2026-08-09T15:58:12.658Z,C99S394L,2026-08-09,2026-08-09,12:58:12,2026-08-09 12:58:12,,,,,,,,69eb8f1f108d9b87368ef89d,69eb8f1f108d9b87368ef89d,,,,
33707,raw_position_sample,2,3,adv,20,2,17,18,101, “that ,968,410,1544096,69eb8f1f108d9b87368ef89d,69eb8f1f108d9b87368ef89d,advanced,2,69eb8f1f108d9b87368ef89d,69eb8f1f108d9b87368ef89d,spotlight_PROLIFIC,,42,brazil,Portuguese,"portuguese, english, spanish ",spanish,Portuguese:50|English:40|spanish:10,100,Portuguese:40|English:50|spanish:10,100,Portuguese:75|English:20|spanish:5,100,17,4,Bachelor's,10,10,10,6,7,9,4,20,7,17,Duolingo,150,,,,,22,25,C1,intermediate|advanced,intermediate|advanced,cambridge_22_25_intermediate_advanced,4,20,random,,401.26666259765625,936.5166625976562,425.26666259765625,981.8833312988281,8,9,,,,,,,,,,,,2026-08-09T15:58:12.658Z,C99S394L,2026-08-09,2026-08-09,12:58:12,2026-08-09 12:58:12,,,,,,,,69eb8f1f108d9b87368ef89d,69eb8f1f108d9b87368ef89d,,,,
33758,raw_position_sample,2,3,adv,20,2,17,18,101, “that ,975,410,1544146,69eb8f1f108d9b87368ef89d,69eb8f1f108d9b87368ef89d,advanced,2,69eb8f1f108d9b87368ef89d,69eb8f1f108d9b87368ef89d,spotlight_PROLIFIC,,42,brazil,Portuguese,"portuguese, english, spanish ",spanish,Portuguese:50|English:40|spanish:10,100,Portuguese:40|English:50|spanish:10,100,Portuguese:75|English:20|spanish:5,100,17,4,Bachelor's,10,10,10,6,7,9,4,20,7,17,Duolingo,150,,,,,22,25,C1,intermediate|advanced,intermediate|advanced,cambridge_22_25_intermediate_advanced,4,20,random,,401.26666259765625,936.5166625976562,425.26666259765625,981.8833312988281,8,9,,,,,,,,,,,,2026-08-09T15:58:12.658Z,C99S394L,2026-08-09,2026-08-09,12:58:12,2026-08-09 12:58:12,,,,,,,,69eb8f1f108d9b87368ef89d,69eb8f1f108d9b87368ef89d,,,,
33785,hover_association,2,3,adv,20,2,17,18,101, “that ,941,411,,69eb8f1f108d9b87368ef89d,69eb8f1f108d9b87368ef89d,advanced,2,69eb8f1f108d9b87368ef89d,69eb8f1f108d9b87368ef89d,spotlight_PROLIFIC,,42,brazil,Portuguese,"portuguese, english, spanish ",spanish,Portuguese:50|English:40|spanish:10,100,Portuguese:40|English:50|spanish:10,100,Portuguese:75|English:20|spanish:5,100,17,4,Bachelor's,10,10,10,6,7,9,4,20,7,17,Duolingo,150,,,,,22,25,C1,intermediate|advanced,intermediate|advanced,cambridge_22_25_intermediate_advanced,4,20,random,,393.26666259765625,936.5166702270508,433.26666259765625,981.8833160400391,8,9,hover,200,200,0.9584867691607062,0.41833343505859377,154,,,,,,2026-08-09T15:58:12.658Z,C99S394L,2026-08-09,2026-08-09,12:58:12,2026-08-09 12:58:12,,,,,,,,69eb8f1f108d9b87368ef89d,69eb8f1f108d9b87368ef89d,,,,
33808,raw_position_sample,2,3,adv,20,2,17,18,102, gives ,992,410,1544196,69eb8f1f108d9b87368ef89d,69eb8f1f108d9b87368ef89d,advanced,2,69eb8f1f108d9b87368ef89d,69eb8f1f108d9b87368ef89d,spotlight_PROLIFIC,,42,brazil,Portuguese,"portuguese, english, spanish ",spanish,Portuguese:50|English:40|spanish:10,100,Portuguese:40|English:50|spanish:10,100,Portuguese:75|English:20|spanish:5,100,17,4,Bachelor's,10,10,10,6,7,9,4,20,7,17,Duolingo,150,,,,,22,25,C1,intermediate|advanced,intermediate|advanced,cambridge_22_25_intermediate_advanced,4,20,random,,401.26666259765625,981.88330078125,425.26666259765625,1030.199966430664,8,10,,,,,,,,,,,,2026-08-09T15:58:12.658Z,C99S394L,2026-08-09,2026-08-09,12:58:12,2026-08-09 12:58:12,,,,,,,,69eb8f1f108d9b87368ef89d,69eb8f1f108d9b87368ef89d,,,,
33859,raw_position_sample,2,3,adv,20,2,17,18,102, gives ,1001,410,1544246,69eb8f1f108d9b87368ef89d,69eb8f1f108d9b87368ef89d,advanced,2,69eb8f1f108d9b87368ef89d,69eb8f1f108d9b87368ef89d,spotlight_PROLIFIC,,42,brazil,Portuguese,"portuguese, english, spanish ",spanish,Portuguese:50|English:40|spanish:10,100,Portuguese:40|English:50|spanish:10,100,Portuguese:75|English:20|spanish:5,100,17,4,Bachelor's,10,10,10,6,7,9,4,20,7,17,Duolingo,150,,,,,22,25,C1,intermediate|advanced,intermediate|advanced,cambridge_22_25_intermediate_advanced,4,20,random,,401.26666259765625,981.88330078125,425.26666259765625,1030.199966430664,8,10,,,,,,,,,,,,2026-08-09T15:58:12.658Z,C99S394L,2026-08-09,2026-08-09,12:58:12,2026-08-09 12:58:12,,,,,,,,69eb8f1f108d9b87368ef89d,69eb8f1f108d9b87368ef89d,,,,
33911,raw_position_sample,2,3,adv,20,2,17,18,102, gives ,1007,410,1544300,69eb8f1f108d9b87368ef89d,69eb8f1f108d9b87368ef89d,advanced,2,69eb8f1f108d9b87368ef89d,69eb8f1f108d9b87368ef89d,spotlight_PROLIFIC,,42,brazil,Portuguese,"portuguese, english, spanish ",spanish,Portuguese:50|English:40|spanish:10,100,Portuguese:40|English:50|spanish:10,100,Portuguese:75|English:20|spanish:5,100,17,4,Bachelor's,10,10,10,6,7,9,4,20,7,17,Duolingo,150,,,,,22,25,C1,intermediate|advanced,intermediate|advanced,cambridge_22_25_intermediate_advanced,4,20,random,,401.26666259765625,981.88330078125,425.26666259765625,1030.199966430664,8,10,,,,,,,,,,,,2026-08-09T15:58:12.658Z,C99S394L,2026-08-09,2026-08-09,12:58:12,2026-08-09 12:58:12,,,,,,,,69eb8f1f108d9b87368ef89d,69eb8f1f108d9b87368ef89d,,,,
33962,raw_position_sample,2,3,adv,20,2,17,18,102, gives ,1021,410,1544350,69eb8f1f108d9b87368ef89d,69eb8f1f108d9b87368ef89d,advanced,2,69eb8f1f108d9b87368ef89d,69eb8f1f108d9b87368ef89d,spotlight_PROLIFIC,,42,brazil,Portuguese,"portuguese, english, spanish ",spanish,Portuguese:50|English:40|spanish:10,100,Portuguese:40|English:50|spanish:10,100,Portuguese:75|English:20|spanish:5,100,17,4,Bachelor's,10,10,10,6,7,9,4,20,7,17,Duolingo,150,,,,,22,25,C1,intermediate|advanced,intermediate|advanced,cambridge_22_25_intermediate_advanced,4,20,random,,401.26666259765625,981.88330078125,425.26666259765625,1030.199966430664,8,10,,,,,,,,,,,,2026-08-09T15:58:12.658Z,C99S394L,2026-08-09,2026-08-09,12:58:12,2026-08-09 12:58:12,,,,,,,,69eb8f1f108d9b87368ef89d,69eb8f1f108d9b87368ef89d,,,,
33984,hover_association,2,3,adv,20,2,17,18,102, gives ,988,410,,69eb8f1f108d9b87368ef89d,69eb8f1f108d9b87368ef89d,advanced,2,69eb8f1f108d9b87368ef89d,69eb8f1f108d9b87368ef89d,spotlight_PROLIFIC,,42,brazil,Portuguese,"portuguese, english, spanish ",spanish,Portuguese:50|English:40|spanish:10,100,Portuguese:40|English:50|spanish:10,100,Portuguese:75|English:20|spanish:5,100,17,4,Bachelor's,10,10,10,6,7,9,4,20,7,17,Duolingo,150,,,,,22,25,C1,intermediate|advanced,intermediate|advanced,cambridge_22_25_intermediate_advanced,4,20,random,,393.26666259765625,981.8833160400391,433.26666259765625,1030.1999588012695,8,10,hover,200,200,0.91307428328527,0.41833343505859377,154,,,,,,2026-08-09T15:58:12.658Z,C99S394L,2026-08-09,2026-08-09,12:58:12,2026-08-09 12:58:12,,,,,,,,69eb8f1f108d9b87368ef89d,69eb8f1f108d9b87368ef89d,,,,
34012,raw_position_sample,2,3,adv,20,2,17,18,103, delight ,1041,410,1544400,69eb8f1f108d9b87368ef89d,69eb8f1f108d9b87368ef89d,advanced,2,69eb8f1f108d9b87368ef89d,69eb8f1f108d9b87368ef89d,spotlight_PROLIFIC,,42,brazil,Portuguese,"portuguese, english, spanish ",spanish,Portuguese:50|English:40|spanish:10,100,Portuguese:40|English:50|spanish:10,100,Portuguese:75|English:20|spanish:5,100,17,4,Bachelor's,10,10,10,6,7,9,4,20,7,17,Duolingo,150,,,,,22,25,C1,intermediate|advanced,intermediate|advanced,cambridge_22_25_intermediate_advanced,4,20,random,,401.26666259765625,1030.199951171875,425.26666259765625,1094.0832824707031,8,11,,,,,,,,,,,,2026-08-09T15:58:12.658Z,C99S394L,2026-08-09,2026-08-09,12:58:12,2026-08-09 12:58:12,,,,,,,,69eb8f1f108d9b87368ef89d,69eb8f1f108d9b87368ef89d,,,,
34062,raw_position_sample,2,3,adv,20,2,17,18,103, delight ,1056,410,1544451,69eb8f1f108d9b87368ef89d,69eb8f1f108d9b87368ef89d,advanced,2,69eb8f1f108d9b87368ef89d,69eb8f1f108d9b87368ef89d,spotlight_PROLIFIC,,42,brazil,Portuguese,"portuguese, english, spanish ",spanish,Portuguese:50|English:40|spanish:10,100,Portuguese:40|English:50|spanish:10,100,Portuguese:75|English:20|spanish:5,100,17,4,Bachelor's,10,10,10,6,7,9,4,20,7,17,Duolingo,150,,,,,22,25,C1,intermediate|advanced,intermediate|advanced,cambridge_22_25_intermediate_advanced,4,20,random,,401.26666259765625,1030.199951171875,425.26666259765625,1094.0832824707031,8,11,,,,,,,,,,,,2026-08-09T15:58:12.658Z,C99S394L,2026-08-09,2026-08-09,12:58:12,2026-08-09 12:58:12,,,,,,,,69eb8f1f108d9b87368ef89d,69eb8f1f108d9b87368ef89d,,,,
34113,raw_position_sample,2,3,adv,20,2,17,18,103, delight ,1067,410,1544501,69eb8f1f108d9b87368ef89d,69eb8f1f108d9b87368ef89d,advanced,2,69eb8f1f108d9b87368ef89d,69eb8f1f108d9b87368ef89d,spotlight_PROLIFIC,,42,brazil,Portuguese,"portuguese, english, spanish ",spanish,Portuguese:50|English:40|spanish:10,100,Portuguese:40|English:50|spanish:10,100,Portuguese:75|English:20|spanish:5,100,17,4,Bachelor's,10,10,10,6,7,9,4,20,7,17,Duolingo,150,,,,,22,25,C1,intermediate|advanced,intermediate|advanced,cambridge_22_25_intermediate_advanced,4,20,random,,401.26666259765625,1030.199951171875,425.26666259765625,1094.0832824707031,8,11,,,,,,,,,,,,2026-08-09T15:58:12.658Z,C99S394L,2026-08-09,2026-08-09,12:58:12,2026-08-09 12:58:12,,,,,,,,69eb8f1f108d9b87368ef89d,69eb8f1f108d9b87368ef89d,,,,
34163,raw_position_sample,2,3,adv,20,2,17,18,103, delight ,1079,410,1544552,69eb8f1f108d9b87368ef89d,69eb8f1f108d9b87368ef89d,advanced,2,69eb8f1f108d9b87368ef89d,69eb8f1f108d9b87368ef89d,spotlight_PROLIFIC,,42,brazil,Portuguese,"portuguese, english, spanish ",spanish,Portuguese:50|English:40|spanish:10,100,Portuguese:40|English:50|spanish:10,100,Portuguese:75|English:20|spanish:5,100,17,4,Bachelor's,10,10,10,6,7,9,4,20,7,17,Duolingo,150,,,,,22,25,C1,intermediate|advanced,intermediate|advanced,cambridge_22_25_intermediate_advanced,4,20,random,,401.26666259765625,1030.199951171875,425.26666259765625,1094.0832824707031,8,11,,,,,,,,,,,,2026-08-09T15:58:12.658Z,C99S394L,2026-08-09,2026-08-09,12:58:12,2026-08-09 12:58:12,,,,,,,,69eb8f1f108d9b87368ef89d,69eb8f1f108d9b87368ef89d,,,,
34200,hover_association,2,3,adv,20,2,17,18,103, delight ,1034,410,,69eb8f1f108d9b87368ef89d,69eb8f1f108d9b87368ef89d,advanced,2,69eb8f1f108d9b87368ef89d,69eb8f1f108d9b87368ef89d,spotlight_PROLIFIC,,42,brazil,Portuguese,"portuguese, english, spanish ",spanish,Portuguese:50|English:40|spanish:10,100,Portuguese:40|English:50|spanish:10,100,Portuguese:75|English:20|spanish:5,100,17,4,Bachelor's,10,10,10,6,7,9,4,20,7,17,Duolingo,150,,,,,22,25,C1,intermediate|advanced,intermediate|advanced,cambridge_22_25_intermediate_advanced,4,20,random,,393.26666259765625,1030.1999588012695,433.26666259765625,1094.0833282470703,8,11,hover,216,216,0.9830420928565858,0.41833343505859377,154,,,,,,2026-08-09T15:58:12.658Z,C99S394L,2026-08-09,2026-08-09,12:58:12,2026-08-09 12:58:12,,,,,,,,69eb8f1f108d9b87368ef89d,69eb8f1f108d9b87368ef89d,,,,
34213,raw_position_sample,2,3,adv,20,2,17,18,104, to ,1100,410,1544601,69eb8f1f108d9b87368ef89d,69eb8f1f108d9b87368ef89d,advanced,2,69eb8f1f108d9b87368ef89d,69eb8f1f108d9b87368ef89d,spotlight_PROLIFIC,,42,brazil,Portuguese,"portuguese, english, spanish ",spanish,Portuguese:50|English:40|spanish:10,100,Portuguese:40|English:50|spanish:10,100,Portuguese:75|English:20|spanish:5,100,17,4,Bachelor's,10,10,10,6,7,9,4,20,7,17,Duolingo,150,,,,,22,25,C1,intermediate|advanced,intermediate|advanced,cambridge_22_25_intermediate_advanced,4,20,random,,401.26666259765625,1094.0833740234375,425.26666259765625,1116.1500396728516,8,12,,,,,,,,,,,,2026-08-09T15:58:12.658Z,C99S394L,2026-08-09,2026-08-09,12:58:12,2026-08-09 12:58:12,,,,,,,,69eb8f1f108d9b87368ef89d,69eb8f1f108d9b87368ef89d,,,,
34235,hover_association,2,3,adv,20,2,17,18,104, to ,1100,410,,69eb8f1f108d9b87368ef89d,69eb8f1f108d9b87368ef89d,advanced,2,69eb8f1f108d9b87368ef89d,69eb8f1f108d9b87368ef89d,spotlight_PROLIFIC,,42,brazil,Portuguese,"portuguese, english, spanish ",spanish,Portuguese:50|English:40|spanish:10,100,Portuguese:40|English:50|spanish:10,100,Portuguese:75|English:20|spanish:5,100,17,4,Bachelor's,10,10,10,6,7,9,4,20,7,17,Duolingo,150,,,,,22,25,C1,intermediate|advanced,intermediate|advanced,cambridge_22_25_intermediate_advanced,4,20,random,,393.26666259765625,1094.0833282470703,433.26666259765625,1116.150032043457,8,12,hover,35,35,0.5853466776059554,0.41833343505859377,154,,,,,,2026-08-09T15:58:12.658Z,C99S394L,2026-08-09,2026-08-09,12:58:12,2026-08-09 12:58:12,,,,,,,,69eb8f1f108d9b87368ef89d,69eb8f1f108d9b87368ef89d,,,,
34263,raw_position_sample,2,3,adv,20,2,17,18,105, their ,1126,410,1544651,69eb8f1f108d9b87368ef89d,69eb8f1f108d9b87368ef89d,advanced,2,69eb8f1f108d9b87368ef89d,69eb8f1f108d9b87368ef89d,spotlight_PROLIFIC,,42,brazil,Portuguese,"portuguese, english, spanish ",spanish,Portuguese:50|English:40|spanish:10,100,Portuguese:40|English:50|spanish:10,100,Portuguese:75|English:20|spanish:5,100,17,4,Bachelor's,10,10,10,6,7,9,4,20,7,17,Duolingo,150,,,,,22,25,C1,intermediate|advanced,intermediate|advanced,cambridge_22_25_intermediate_advanced,4,20,random,,401.26666259765625,1116.1500244140625,425.26666259765625,1160.683364868164,8,13,,,,,,,,,,,,2026-08-09T15:58:12.658Z,C99S394L,2026-08-09,2026-08-09,12:58:12,2026-08-09 12:58:12,,,,,,,,69eb8f1f108d9b87368ef89d,69eb8f1f108d9b87368ef89d,,,,
34314,raw_position_sample,2,3,adv,20,2,17,18,105, their ,1144,410,1544702,69eb8f1f108d9b87368ef89d,69eb8f1f108d9b87368ef89d,advanced,2,69eb8f1f108d9b87368ef89d,69eb8f1f108d9b87368ef89d,spotlight_PROLIFIC,,42,brazil,Portuguese,"portuguese, english, spanish ",spanish,Portuguese:50|English:40|spanish:10,100,Portuguese:40|English:50|spanish:10,100,Portuguese:75|English:20|spanish:5,100,17,4,Bachelor's,10,10,10,6,7,9,4,20,7,17,Duolingo,150,,,,,22,25,C1,intermediate|advanced,intermediate|advanced,cambridge_22_25_intermediate_advanced,4,20,random,,401.26666259765625,1116.1500244140625,425.26666259765625,1160.683364868164,8,13,,,,,,,,,,,,2026-08-09T15:58:12.658Z,C99S394L,2026-08-09,2026-08-09,12:58:12,2026-08-09 12:58:12,,,,,,,,69eb8f1f108d9b87368ef89d,69eb8f1f108d9b87368ef89d,,,,
34363,raw_position_sample,2,3,adv,20,2,17,18,105, their ,1155,410,1544753,69eb8f1f108d9b87368ef89d,69eb8f1f108d9b87368ef89d,advanced,2,69eb8f1f108d9b87368ef89d,69eb8f1f108d9b87368ef89d,spotlight_PROLIFIC,,42,brazil,Portuguese,"portuguese, english, spanish ",spanish,Portuguese:50|English:40|spanish:10,100,Portuguese:40|English:50|spanish:10,100,Portuguese:75|English:20|spanish:5,100,17,4,Bachelor's,10,10,10,6,7,9,4,20,7,17,Duolingo,150,,,,,22,25,C1,intermediate|advanced,intermediate|advanced,cambridge_22_25_intermediate_advanced,4,20,random,,401.26666259765625,1116.1500244140625,425.26666259765625,1160.683364868164,8,13,,,,,,,,,,,,2026-08-09T15:58:12.658Z,C99S394L,2026-08-09,2026-08-09,12:58:12,2026-08-09 12:58:12,,,,,,,,69eb8f1f108d9b87368ef89d,69eb8f1f108d9b87368ef89d,,,,
34384,hover_association,2,3,adv,20,2,17,18,105, their ,1117,410,,69eb8f1f108d9b87368ef89d,69eb8f1f108d9b87368ef89d,advanced,2,69eb8f1f108d9b87368ef89d,69eb8f1f108d9b87368ef89d,spotlight_PROLIFIC,,42,brazil,Portuguese,"portuguese, english, spanish ",spanish,Portuguese:50|English:40|spanish:10,100,Portuguese:40|English:50|spanish:10,100,Portuguese:75|English:20|spanish:5,100,17,4,Bachelor's,10,10,10,6,7,9,4,20,7,17,Duolingo,150,,,,,22,25,C1,intermediate|advanced,intermediate|advanced,cambridge_22_25_intermediate_advanced,4,20,random,,393.26666259765625,1116.150032043457,433.26666259765625,1160.6833572387695,8,13,hover,150,150,0.9622000550961167,0.41833343505859377,154,,,,,,2026-08-09T15:58:12.658Z,C99S394L,2026-08-09,2026-08-09,12:58:12,2026-08-09 12:58:12,,,,,,,,69eb8f1f108d9b87368ef89d,69eb8f1f108d9b87368ef89d,,,,
34415,raw_position_sample,2,3,adv,20,2,17,18,106, audiences ,1166,410,1544802,69eb8f1f108d9b87368ef89d,69eb8f1f108d9b87368ef89d,advanced,2,69eb8f1f108d9b87368ef89d,69eb8f1f108d9b87368ef89d,spotlight_PROLIFIC,,42,brazil,Portuguese,"portuguese, english, spanish ",spanish,Portuguese:50|English:40|spanish:10,100,Portuguese:40|English:50|spanish:10,100,Portuguese:75|English:20|spanish:5,100,17,4,Bachelor's,10,10,10,6,7,9,4,20,7,17,Duolingo,150,,,,,22,25,C1,intermediate|advanced,intermediate|advanced,cambridge_22_25_intermediate_advanced,4,20,random,,401.26666259765625,1160.683349609375,425.26666259765625,1250.9666748046875,8,14,,,,,,,,,,,,2026-08-09T15:58:12.658Z,C99S394L,2026-08-09,2026-08-09,12:58:12,2026-08-09 12:58:12,,,,,,,,69eb8f1f108d9b87368ef89d,69eb8f1f108d9b87368ef89d,,,,
34464,raw_position_sample,2,3,adv,20,2,17,18,106, audiences ,1174,410,1544853,69eb8f1f108d9b87368ef89d,69eb8f1f108d9b87368ef89d,advanced,2,69eb8f1f108d9b87368ef89d,69eb8f1f108d9b87368ef89d,spotlight_PROLIFIC,,42,brazil,Portuguese,"portuguese, english, spanish ",spanish,Portuguese:50|English:40|spanish:10,100,Portuguese:40|English:50|spanish:10,100,Portuguese:75|English:20|spanish:5,100,17,4,Bachelor's,10,10,10,6,7,9,4,20,7,17,Duolingo,150,,,,,22,25,C1,intermediate|advanced,intermediate|advanced,cambridge_22_25_intermediate_advanced,4,20,random,,401.26666259765625,1160.683349609375,425.26666259765625,1250.9666748046875,8,14,,,,,,,,,,,,2026-08-09T15:58:12.658Z,C99S394L,2026-08-09,2026-08-09,12:58:12,2026-08-09 12:58:12,,,,,,,,69eb8f1f108d9b87368ef89d,69eb8f1f108d9b87368ef89d,,,,
34514,raw_position_sample,2,3,adv,20,2,17,18,106, audiences ,1184,410,1544903,69eb8f1f108d9b87368ef89d,69eb8f1f108d9b87368ef89d,advanced,2,69eb8f1f108d9b87368ef89d,69eb8f1f108d9b87368ef89d,spotlight_PROLIFIC,,42,brazil,Portuguese,"portuguese, english, spanish ",spanish,Portuguese:50|English:40|spanish:10,100,Portuguese:40|English:50|spanish:10,100,Portuguese:75|English:20|spanish:5,100,17,4,Bachelor's,10,10,10,6,7,9,4,20,7,17,Duolingo,150,,,,,22,25,C1,intermediate|advanced,intermediate|advanced,cambridge_22_25_intermediate_advanced,4,20,random,,401.26666259765625,1160.683349609375,425.26666259765625,1250.9666748046875,8,14,,,,,,,,,,,,2026-08-09T15:58:12.658Z,C99S394L,2026-08-09,2026-08-09,12:58:12,2026-08-09 12:58:12,,,,,,,,69eb8f1f108d9b87368ef89d,69eb8f1f108d9b87368ef89d,,,,
34564,raw_position_sample,2,3,adv,20,2,17,18,106, audiences ,1192,410,1544953,69eb8f1f108d9b87368ef89d,69eb8f1f108d9b87368ef89d,advanced,2,69eb8f1f108d9b87368ef89d,69eb8f1f108d9b87368ef89d,spotlight_PROLIFIC,,42,brazil,Portuguese,"portuguese, english, spanish ",spanish,Portuguese:50|English:40|spanish:10,100,Portuguese:40|English:50|spanish:10,100,Portuguese:75|English:20|spanish:5,100,17,4,Bachelor's,10,10,10,6,7,9,4,20,7,17,Duolingo,150,,,,,22,25,C1,intermediate|advanced,intermediate|advanced,cambridge_22_25_intermediate_advanced,4,20,random,,401.26666259765625,1160.683349609375,425.26666259765625,1250.9666748046875,8,14,,,,,,,,,,,,2026-08-09T15:58:12.658Z,C99S394L,2026-08-09,2026-08-09,12:58:12,2026-08-09 12:58:12,,,,,,,,69eb8f1f108d9b87368ef89d,69eb8f1f108d9b87368ef89d,,,,
34614,raw_position_sample,2,3,adv,20,2,17,18,106, audiences ,1202,410,1545003,69eb8f1f108d9b87368ef89d,69eb8f1f108d9b87368ef89d,advanced,2,69eb8f1f108d9b87368ef89d,69eb8f1f108d9b87368ef89d,spotlight_PROLIFIC,,42,brazil,Portuguese,"portuguese, english, spanish ",spanish,Portuguese:50|English:40|spanish:10,100,Portuguese:40|English:50|spanish:10,100,Portuguese:75|English:20|spanish:5,100,17,4,Bachelor's,10,10,10,6,7,9,4,20,7,17,Duolingo,150,,,,,22,25,C1,intermediate|advanced,intermediate|advanced,cambridge_22_25_intermediate_advanced,4,20,random,,401.26666259765625,1160.683349609375,425.26666259765625,1250.9666748046875,8,14,,,,,,,,,,,,2026-08-09T15:58:12.658Z,C99S394L,2026-08-09,2026-08-09,12:58:12,2026-08-09 12:58:12,,,,,,,,69eb8f1f108d9b87368ef89d,69eb8f1f108d9b87368ef89d,,,,
34665,raw_position_sample,2,3,adv,20,2,17,18,106, audiences ,1219,410,1545054,69eb8f1f108d9b87368ef89d,69eb8f1f108d9b87368ef89d,advanced,2,69eb8f1f108d9b87368ef89d,69eb8f1f108d9b87368ef89d,spotlight_PROLIFIC,,42,brazil,Portuguese,"portuguese, english, spanish ",spanish,Portuguese:50|English:40|spanish:10,100,Portuguese:40|English:50|spanish:10,100,Portuguese:75|English:20|spanish:5,100,17,4,Bachelor's,10,10,10,6,7,9,4,20,7,17,Duolingo,150,,,,,22,25,C1,intermediate|advanced,intermediate|advanced,cambridge_22_25_intermediate_advanced,4,20,random,,401.26666259765625,1160.683349609375,425.26666259765625,1250.9666748046875,8,14,,,,,,,,,,,,2026-08-09T15:58:12.658Z,C99S394L,2026-08-09,2026-08-09,12:58:12,2026-08-09 12:58:12,,,,,,,,69eb8f1f108d9b87368ef89d,69eb8f1f108d9b87368ef89d,,,,
34715,raw_position_sample,2,3,adv,20,2,17,18,106, audiences ,1243,410,1545103,69eb8f1f108d9b87368ef89d,69eb8f1f108d9b87368ef89d,advanced,2,69eb8f1f108d9b87368ef89d,69eb8f1f108d9b87368ef89d,spotlight_PROLIFIC,,42,brazil,Portuguese,"portuguese, english, spanish ",spanish,Portuguese:50|English:40|spanish:10,100,Portuguese:40|English:50|spanish:10,100,Portuguese:75|English:20|spanish:5,100,17,4,Bachelor's,10,10,10,6,7,9,4,20,7,17,Duolingo,150,,,,,22,25,C1,intermediate|advanced,intermediate|advanced,cambridge_22_25_intermediate_advanced,4,20,random,,401.26666259765625,1160.683349609375,425.26666259765625,1250.9666748046875,8,14,,,,,,,,,,,,2026-08-09T15:58:12.658Z,C99S394L,2026-08-09,2026-08-09,12:58:12,2026-08-09 12:58:12,,,,,,,,69eb8f1f108d9b87368ef89d,69eb8f1f108d9b87368ef89d,,,,
34751,hover_association,2,3,adv,20,2,17,18,106, audiences ,1162,410,,69eb8f1f108d9b87368ef89d,69eb8f1f108d9b87368ef89d,advanced,2,69eb8f1f108d9b87368ef89d,69eb8f1f108d9b87368ef89d,spotlight_PROLIFIC,,42,brazil,Portuguese,"portuguese, english, spanish ",spanish,Portuguese:50|English:40|spanish:10,100,Portuguese:40|English:50|spanish:10,100,Portuguese:75|English:20|spanish:5,100,17,4,Bachelor's,10,10,10,6,7,9,4,20,7,17,Duolingo,150,,,,,22,25,C1,intermediate|advanced,intermediate|advanced,cambridge_22_25_intermediate_advanced,4,20,random,,393.26666259765625,1160.6833572387695,433.26666259765625,1250.9666748046875,8,14,hover,366,366,0.9892928745780558,0.41833343505859377,154,,,,,,2026-08-09T15:58:12.658Z,C99S394L,2026-08-09,2026-08-09,12:58:12,2026-08-09 12:58:12,,,,,,,,69eb8f1f108d9b87368ef89d,69eb8f1f108d9b87368ef89d,,,,
34765,raw_position_sample,2,3,adv,20,2,17,18,107," and, ",1252,410,1545154,69eb8f1f108d9b87368ef89d,69eb8f1f108d9b87368ef89d,advanced,2,69eb8f1f108d9b87368ef89d,69eb8f1f108d9b87368ef89d,spotlight_PROLIFIC,,42,brazil,Portuguese,"portuguese, english, spanish ",spanish,Portuguese:50|English:40|spanish:10,100,Portuguese:40|English:50|spanish:10,100,Portuguese:75|English:20|spanish:5,100,17,4,Bachelor's,10,10,10,6,7,9,4,20,7,17,Duolingo,150,,,,,22,25,C1,intermediate|advanced,intermediate|advanced,cambridge_22_25_intermediate_advanced,4,20,random,,401.26666259765625,1250.9666748046875,425.26666259765625,1288.0666809082031,8,15,,,,,,,,,,,,2026-08-09T15:58:12.658Z,C99S394L,2026-08-09,2026-08-09,12:58:12,2026-08-09 12:58:12,,,,,,,,69eb8f1f108d9b87368ef89d,69eb8f1f108d9b87368ef89d,,,,
34816,raw_position_sample,2,3,adv,20,2,17,18,107," and, ",1259,410,1545204,69eb8f1f108d9b87368ef89d,69eb8f1f108d9b87368ef89d,advanced,2,69eb8f1f108d9b87368ef89d,69eb8f1f108d9b87368ef89d,spotlight_PROLIFIC,,42,brazil,Portuguese,"portuguese, english, spanish ",spanish,Portuguese:50|English:40|spanish:10,100,Portuguese:40|English:50|spanish:10,100,Portuguese:75|English:20|spanish:5,100,17,4,Bachelor's,10,10,10,6,7,9,4,20,7,17,Duolingo,150,,,,,22,25,C1,intermediate|advanced,intermediate|advanced,cambridge_22_25_intermediate_advanced,4,20,random,,401.26666259765625,1250.9666748046875,425.26666259765625,1288.0666809082031,8,15,,,,,,,,,,,,2026-08-09T15:58:12.658Z,C99S394L,2026-08-09,2026-08-09,12:58:12,2026-08-09 12:58:12,,,,,,,,69eb8f1f108d9b87368ef89d,69eb8f1f108d9b87368ef89d,,,,
34873,raw_position_sample,2,3,adv,20,2,17,18,107," and, ",1261,410,1545260,69eb8f1f108d9b87368ef89d,69eb8f1f108d9b87368ef89d,advanced,2,69eb8f1f108d9b87368ef89d,69eb8f1f108d9b87368ef89d,spotlight_PROLIFIC,,42,brazil,Portuguese,"portuguese, english, spanish ",spanish,Portuguese:50|English:40|spanish:10,100,Portuguese:40|English:50|spanish:10,100,Portuguese:75|English:20|spanish:5,100,17,4,Bachelor's,10,10,10,6,7,9,4,20,7,17,Duolingo,150,,,,,22,25,C1,intermediate|advanced,intermediate|advanced,cambridge_22_25_intermediate_advanced,4,20,random,,401.26666259765625,1250.9666748046875,425.26666259765625,1288.0666809082031,8,15,,,,,,,,,,,,2026-08-09T15:58:12.658Z,C99S394L,2026-08-09,2026-08-09,12:58:12,2026-08-09 12:58:12,,,,,,,,69eb8f1f108d9b87368ef89d,69eb8f1f108d9b87368ef89d,,,,
34922,raw_position_sample,2,3,adv,20,2,17,18,107," and, ",1261,410,1545310,69eb8f1f108d9b87368ef89d,69eb8f1f108d9b87368ef89d,advanced,2,69eb8f1f108d9b87368ef89d,69eb8f1f108d9b87368ef89d,spotlight_PROLIFIC,,42,brazil,Portuguese,"portuguese, english, spanish ",spanish,Portuguese:50|English:40|spanish:10,100,Portuguese:40|English:50|spanish:10,100,Portuguese:75|English:20|spanish:5,100,17,4,Bachelor's,10,10,10,6,7,9,4,20,7,17,Duolingo,150,,,,,22,25,C1,intermediate|advanced,intermediate|advanced,cambridge_22_25_intermediate_advanced,4,20,random,,401.26666259765625,1250.9666748046875,425.26666259765625,1288.0666809082031,8,15,,,,,,,,,,,,2026-08-09T15:58:12.658Z,C99S394L,2026-08-09,2026-08-09,12:58:12,2026-08-09 12:58:12,,,,,,,,69eb8f1f108d9b87368ef89d,69eb8f1f108d9b87368ef89d,,,,
34973,raw_position_sample,2,3,adv,20,2,17,18,107," and, ",1261,410,1545360,69eb8f1f108d9b87368ef89d,69eb8f1f108d9b87368ef89d,advanced,2,69eb8f1f108d9b87368ef89d,69eb8f1f108d9b87368ef89d,spotlight_PROLIFIC,,42,brazil,Portuguese,"portuguese, english, spanish ",spanish,Portuguese:50|English:40|spanish:10,100,Portuguese:40|English:50|spanish:10,100,Portuguese:75|English:20|spanish:5,100,17,4,Bachelor's,10,10,10,6,7,9,4,20,7,17,Duolingo,150,,,,,22,25,C1,intermediate|advanced,intermediate|advanced,cambridge_22_25_intermediate_advanced,4,20,random,,401.26666259765625,1250.9666748046875,425.26666259765625,1288.0666809082031,8,15,,,,,,,,,,,,2026-08-09T15:58:12.658Z,C99S394L,2026-08-09,2026-08-09,12:58:12,2026-08-09 12:58:12,,,,,,,,69eb8f1f108d9b87368ef89d,69eb8f1f108d9b87368ef89d,,,,
35018,hover_association,2,3,adv,20,2,17,18,107," and, ",1252,410,,69eb8f1f108d9b87368ef89d,69eb8f1f108d9b87368ef89d,advanced,2,69eb8f1f108d9b87368ef89d,69eb8f1f108d9b87368ef89d,spotlight_PROLIFIC,,42,brazil,Portuguese,"portuguese, english, spanish ",spanish,Portuguese:50|English:40|spanish:10,100,Portuguese:40|English:50|spanish:10,100,Portuguese:75|English:20|spanish:5,100,17,4,Bachelor's,10,10,10,6,7,9,4,20,7,17,Duolingo,150,,,,,22,25,C1,intermediate|advanced,intermediate|advanced,cambridge_22_25_intermediate_advanced,4,20,random,,393.26666259765625,1250.9666748046875,433.26666259765625,1291.6305694580078,8,15,hover,266,266,0.07459504853563802,0.41833343505859377,154,,,,,,2026-08-09T15:58:12.658Z,C99S394L,2026-08-09,2026-08-09,12:58:12,2026-08-09 12:58:12,,,,,,,,69eb8f1f108d9b87368ef89d,69eb8f1f108d9b87368ef89d,,,,
35023,raw_position_sample,2,3,adv,20,2,17,18,106, audiences ,1237,410,1545411,69eb8f1f108d9b87368ef89d,69eb8f1f108d9b87368ef89d,advanced,2,69eb8f1f108d9b87368ef89d,69eb8f1f108d9b87368ef89d,spotlight_PROLIFIC,,42,brazil,Portuguese,"portuguese, english, spanish ",spanish,Portuguese:50|English:40|spanish:10,100,Portuguese:40|English:50|spanish:10,100,Portuguese:75|English:20|spanish:5,100,17,4,Bachelor's,10,10,10,6,7,9,4,20,7,17,Duolingo,150,,,,,22,25,C1,intermediate|advanced,intermediate|advanced,cambridge_22_25_intermediate_advanced,4,20,random,,401.26666259765625,1160.683349609375,425.26666259765625,1250.9666748046875,8,14,,,,,,,,,,,,2026-08-09T15:58:12.658Z,C99S394L,2026-08-09,2026-08-09,12:58:12,2026-08-09 12:58:12,,,,,,,,69eb8f1f108d9b87368ef89d,69eb8f1f108d9b87368ef89d,,,,
35067,hover_association,2,3,adv,20,2,17,18,106, audiences ,1237,410,,69eb8f1f108d9b87368ef89d,69eb8f1f108d9b87368ef89d,advanced,2,69eb8f1f108d9b87368ef89d,69eb8f1f108d9b87368ef89d,spotlight_PROLIFIC,,42,brazil,Portuguese,"portuguese, english, spanish ",spanish,Portuguese:50|English:40|spanish:10,100,Portuguese:40|English:50|spanish:10,100,Portuguese:75|English:20|spanish:5,100,17,4,Bachelor's,10,10,10,6,7,9,4,20,7,17,Duolingo,150,,,,,22,25,C1,intermediate|advanced,intermediate|advanced,cambridge_22_25_intermediate_advanced,4,20,random,,393.26666259765625,1160.6833572387695,433.26666259765625,1250.9666748046875,8,14,hover,50,50,0.13642213305063583,0.46833343505859376,154,,,,,,2026-08-09T15:58:12.658Z,C99S394L,2026-08-09,2026-08-09,12:58:12,2026-08-09 12:58:12,,,,,,,,69eb8f1f108d9b87368ef89d,69eb8f1f108d9b87368ef89d,,,,
35073,raw_position_sample,2,3,adv,20,2,17,18,104, to ,1114,417,1545461,69eb8f1f108d9b87368ef89d,69eb8f1f108d9b87368ef89d,advanced,2,69eb8f1f108d9b87368ef89d,69eb8f1f108d9b87368ef89d,spotlight_PROLIFIC,,42,brazil,Portuguese,"portuguese, english, spanish ",spanish,Portuguese:50|English:40|spanish:10,100,Portuguese:40|English:50|spanish:10,100,Portuguese:75|English:20|spanish:5,100,17,4,Bachelor's,10,10,10,6,7,9,4,20,7,17,Duolingo,150,,,,,22,25,C1,intermediate|advanced,intermediate|advanced,cambridge_22_25_intermediate_advanced,4,20,random,,401.26666259765625,1094.0833740234375,425.26666259765625,1116.1500396728516,8,12,,,,,,,,,,,,2026-08-09T15:58:12.658Z,C99S394L,2026-08-09,2026-08-09,12:58:12,2026-08-09 12:58:12,,,,,,,,69eb8f1f108d9b87368ef89d,69eb8f1f108d9b87368ef89d,,,,
35085,hover_association,2,3,adv,20,2,17,18,104, to ,1114,417,,69eb8f1f108d9b87368ef89d,69eb8f1f108d9b87368ef89d,advanced,2,69eb8f1f108d9b87368ef89d,69eb8f1f108d9b87368ef89d,spotlight_PROLIFIC,,42,brazil,Portuguese,"portuguese, english, spanish ",spanish,Portuguese:50|English:40|spanish:10,100,Portuguese:40|English:50|spanish:10,100,Portuguese:75|English:20|spanish:5,100,17,4,Bachelor's,10,10,10,6,7,9,4,20,7,17,Duolingo,150,,,,,22,25,C1,intermediate|advanced,intermediate|advanced,cambridge_22_25_intermediate_advanced,4,20,random,,393.26666259765625,1094.0833282470703,433.26666259765625,1116.150032043457,8,12,hover,17,17,0.9025666876532287,0.5933334350585937,154,,,,,,2026-08-09T15:58:12.658Z,C99S394L,2026-08-09,2026-08-09,12:58:12,2026-08-09 12:58:12,,,,,,,,69eb8f1f108d9b87368ef89d,69eb8f1f108d9b87368ef89d,,,,
35101,hover_association,2,3,adv,20,2,17,18,103, delight ,1039,424,,69eb8f1f108d9b87368ef89d,69eb8f1f108d9b87368ef89d,advanced,2,69eb8f1f108d9b87368ef89d,69eb8f1f108d9b87368ef89d,spotlight_PROLIFIC,,42,brazil,Portuguese,"portuguese, english, spanish ",spanish,Portuguese:50|English:40|spanish:10,100,Portuguese:40|English:50|spanish:10,100,Portuguese:75|English:20|spanish:5,100,17,4,Bachelor's,10,10,10,6,7,9,4,20,7,17,Duolingo,150,,,,,22,25,C1,intermediate|advanced,intermediate|advanced,cambridge_22_25_intermediate_advanced,4,20,random,,393.26666259765625,1030.1999588012695,433.26666259765625,1094.0833282470703,8,11,hover,17,17,0.13775167582850342,0.7683334350585938,154,,,,,,2026-08-09T15:58:12.658Z,C99S394L,2026-08-09,2026-08-09,12:58:12,2026-08-09 12:58:12,,,,,,,,69eb8f1f108d9b87368ef89d,69eb8f1f108d9b87368ef89d,,,,
35117,hover_association,2,3,adv,20,2,17,18,101, “that ,959,430,,69eb8f1f108d9b87368ef89d,69eb8f1f108d9b87368ef89d,advanced,2,69eb8f1f108d9b87368ef89d,69eb8f1f108d9b87368ef89d,spotlight_PROLIFIC,,42,brazil,Portuguese,"portuguese, english, spanish ",spanish,Portuguese:50|English:40|spanish:10,100,Portuguese:40|English:50|spanish:10,100,Portuguese:75|English:20|spanish:5,100,17,4,Bachelor's,10,10,10,6,7,9,4,20,7,17,Duolingo,150,,,,,22,25,C1,intermediate|advanced,intermediate|advanced,cambridge_22_25_intermediate_advanced,4,20,random,,393.26666259765625,936.5166702270508,433.26666259765625,981.8833160400391,8,9,hover,17,17,0.4955916261834887,0.9183334350585938,154,,,,,,2026-08-09T15:58:12.658Z,C99S394L,2026-08-09,2026-08-09,12:58:12,2026-08-09 12:58:12,,,,,,,,69eb8f1f108d9b87368ef89d,69eb8f1f108d9b87368ef89d,,,,
35123,raw_position_sample,2,3,adv,20,2,17,18,114, the ,886,440,1545512,69eb8f1f108d9b87368ef89d,69eb8f1f108d9b87368ef89d,advanced,2,69eb8f1f108d9b87368ef89d,69eb8f1f108d9b87368ef89d,spotlight_PROLIFIC,,42,brazil,Portuguese,"portuguese, english, spanish ",spanish,Portuguese:50|English:40|spanish:10,100,Portuguese:40|English:50|spanish:10,100,Portuguese:75|English:20|spanish:5,100,17,4,Bachelor's,10,10,10,6,7,9,4,20,7,17,Duolingo,150,,,,,22,25,C1,intermediate|advanced,intermediate|advanced,cambridge_22_25_intermediate_advanced,4,20,random,,441.26666259765625,871.63330078125,465.26666259765625,904.0832977294922,9,7,,,,,,,,,,,,2026-08-09T15:58:12.658Z,C99S394L,2026-08-09,2026-08-09,12:58:12,2026-08-09 12:58:12,,,,,,,,69eb8f1f108d9b87368ef89d,69eb8f1f108d9b87368ef89d,,,,
35134,hover_association,2,3,adv,20,2,17,18,114, the ,886,440,,69eb8f1f108d9b87368ef89d,69eb8f1f108d9b87368ef89d,advanced,2,69eb8f1f108d9b87368ef89d,69eb8f1f108d9b87368ef89d,spotlight_PROLIFIC,,42,brazil,Portuguese,"portuguese, english, spanish ",spanish,Portuguese:50|English:40|spanish:10,100,Portuguese:40|English:50|spanish:10,100,Portuguese:75|English:20|spanish:5,100,17,4,Bachelor's,10,10,10,6,7,9,4,20,7,17,Duolingo,150,,,,,22,25,C1,intermediate|advanced,intermediate|advanced,cambridge_22_25_intermediate_advanced,4,20,random,,433.26666259765625,871.6333236694336,473.26666259765625,904.0833053588867,9,7,hover,16,16,0.4427329564637584,0.16833343505859374,154,,,,,,2026-08-09T15:58:12.658Z,C99S394L,2026-08-09,2026-08-09,12:58:12,2026-08-09 12:58:12,,,,,,,,69eb8f1f108d9b87368ef89d,69eb8f1f108d9b87368ef89d,,,,
35151,hover_association,2,3,adv,20,2,17,18,112, achieve ,812,440,,69eb8f1f108d9b87368ef89d,69eb8f1f108d9b87368ef89d,advanced,2,69eb8f1f108d9b87368ef89d,69eb8f1f108d9b87368ef89d,spotlight_PROLIFIC,,42,brazil,Portuguese,"portuguese, english, spanish ",spanish,Portuguese:50|English:40|spanish:10,100,Portuguese:40|English:50|spanish:10,100,Portuguese:75|English:20|spanish:5,100,17,4,Bachelor's,10,10,10,6,7,9,4,20,7,17,Duolingo,150,,,,,22,25,C1,intermediate|advanced,intermediate|advanced,cambridge_22_25_intermediate_advanced,4,20,random,,433.26666259765625,759.63330078125,473.26666259765625,827.9166641235352,9,5,hover,17,17,0.7669027513517542,0.16833343505859374,154,,,,,,2026-08-09T15:58:12.658Z,C99S394L,2026-08-09,2026-08-09,12:58:12,2026-08-09 12:58:12,,,,,,,,69eb8f1f108d9b87368ef89d,69eb8f1f108d9b87368ef89d,,,,
35167,hover_association,2,3,adv,20,2,17,18,111, they ,738,445,,69eb8f1f108d9b87368ef89d,69eb8f1f108d9b87368ef89d,advanced,2,69eb8f1f108d9b87368ef89d,69eb8f1f108d9b87368ef89d,spotlight_PROLIFIC,,42,brazil,Portuguese,"portuguese, english, spanish ",spanish,Portuguese:50|English:40|spanish:10,100,Portuguese:40|English:50|spanish:10,100,Portuguese:75|English:20|spanish:5,100,17,4,Bachelor's,10,10,10,6,7,9,4,20,7,17,Duolingo,150,,,,,22,25,C1,intermediate|advanced,intermediate|advanced,cambridge_22_25_intermediate_advanced,4,20,random,,433.26666259765625,718.3499984741211,473.26666259765625,759.63330078125,9,4,hover,17,17,0.4759794015433134,0.29333343505859377,154,,,,,,2026-08-09T15:58:12.658Z,C99S394L,2026-08-09,2026-08-09,12:58:12,2026-08-09 12:58:12,,,,,,,,69eb8f1f108d9b87368ef89d,69eb8f1f108d9b87368ef89d,,,,
35174,raw_position_sample,2,3,adv,20,2,17,18,109, soon ,678,453,1545562,69eb8f1f108d9b87368ef89d,69eb8f1f108d9b87368ef89d,advanced,2,69eb8f1f108d9b87368ef89d,69eb8f1f108d9b87368ef89d,spotlight_PROLIFIC,,42,brazil,Portuguese,"portuguese, english, spanish ",spanish,Portuguese:50|English:40|spanish:10,100,Portuguese:40|English:50|spanish:10,100,Portuguese:75|English:20|spanish:5,100,17,4,Bachelor's,10,10,10,6,7,9,4,20,7,17,Duolingo,150,,,,,22,25,C1,intermediate|advanced,intermediate|advanced,cambridge_22_25_intermediate_advanced,4,20,random,,441.26666259765625,648.7666625976562,465.26666259765625,694.9499969482422,9,2,,,,,,,,,,,,2026-08-09T15:58:12.658Z,C99S394L,2026-08-09,2026-08-09,12:58:12,2026-08-09 12:58:12,,,,,,,,69eb8f1f108d9b87368ef89d,69eb8f1f108d9b87368ef89d,,,,
35184,hover_association,2,3,adv,20,2,17,18,109, soon ,678,453,,69eb8f1f108d9b87368ef89d,69eb8f1f108d9b87368ef89d,advanced,2,69eb8f1f108d9b87368ef89d,69eb8f1f108d9b87368ef89d,spotlight_PROLIFIC,,42,brazil,Portuguese,"portuguese, english, spanish ",spanish,Portuguese:50|English:40|spanish:10,100,Portuguese:40|English:50|spanish:10,100,Portuguese:75|English:20|spanish:5,100,17,4,Bachelor's,10,10,10,6,7,9,4,20,7,17,Duolingo,150,,,,,22,25,C1,intermediate|advanced,intermediate|advanced,cambridge_22_25_intermediate_advanced,4,20,random,,433.26666259765625,648.7666778564453,473.26666259765625,694.9500045776367,9,2,hover,16,16,0.6329843304713876,0.49333343505859373,154,,,,,,2026-08-09T15:58:12.658Z,C99S394L,2026-08-09,2026-08-09,12:58:12,2026-08-09 12:58:12,,,,,,,,69eb8f1f108d9b87368ef89d,69eb8f1f108d9b87368ef89d,,,,
35224,raw_position_sample,2,3,adv,20,2,17,18,108, as ,624,459,1545612,69eb8f1f108d9b87368ef89d,69eb8f1f108d9b87368ef89d,advanced,2,69eb8f1f108d9b87368ef89d,69eb8f1f108d9b87368ef89d,spotlight_PROLIFIC,,42,brazil,Portuguese,"portuguese, english, spanish ",spanish,Portuguese:50|English:40|spanish:10,100,Portuguese:40|English:50|spanish:10,100,Portuguese:75|English:20|spanish:5,100,17,4,Bachelor's,10,10,10,6,7,9,4,20,7,17,Duolingo,150,,,,,22,25,C1,intermediate|advanced,intermediate|advanced,cambridge_22_25_intermediate_advanced,4,20,random,,441.26666259765625,625.36669921875,465.26666259765625,648.7666931152344,9,1,,,,,,,,,,,,2026-08-09T15:58:12.658Z,C99S394L,2026-08-09,2026-08-09,12:58:12,2026-08-09 12:58:12,,,,,,,,69eb8f1f108d9b87368ef89d,69eb8f1f108d9b87368ef89d,,,,
35234,hover_association,2,3,adv,20,2,17,18,108, as ,643,456,,69eb8f1f108d9b87368ef89d,69eb8f1f108d9b87368ef89d,advanced,2,69eb8f1f108d9b87368ef89d,69eb8f1f108d9b87368ef89d,spotlight_PROLIFIC,,42,brazil,Portuguese,"portuguese, english, spanish ",spanish,Portuguese:50|English:40|spanish:10,100,Portuguese:40|English:50|spanish:10,100,Portuguese:75|English:20|spanish:5,100,17,4,Bachelor's,10,10,10,6,7,9,4,20,7,17,Duolingo,150,,,,,22,25,C1,intermediate|advanced,intermediate|advanced,cambridge_22_25_intermediate_advanced,4,20,random,,433.26666259765625,621.8028106689453,473.26666259765625,648.7666778564453,9,1,hover,50,50,0.08148643203795589,0.6433334350585938,154,,,,,,2026-08-09T15:58:12.658Z,C99S394L,2026-08-09,2026-08-09,12:58:12,2026-08-09 12:58:12,,,,,,,,69eb8f1f108d9b87368ef89d,69eb8f1f108d9b87368ef89d,,,,
35274,raw_position_sample,2,3,adv,20,2,17,18,-1,999,615,460,1545662,69eb8f1f108d9b87368ef89d,69eb8f1f108d9b87368ef89d,advanced,2,69eb8f1f108d9b87368ef89d,69eb8f1f108d9b87368ef89d,spotlight_PROLIFIC,,42,brazil,Portuguese,"portuguese, english, spanish ",spanish,Portuguese:50|English:40|spanish:10,100,Portuguese:40|English:50|spanish:10,100,Portuguese:75|English:20|spanish:5,100,17,4,Bachelor's,10,10,10,6,7,9,4,20,7,17,Duolingo,150,,,,,22,25,C1,intermediate|advanced,intermediate|advanced,cambridge_22_25_intermediate_advanced,4,20,random,,,,,,,,,,,,,,,,,,,2026-08-09T15:58:12.658Z,C99S394L,2026-08-09,2026-08-09,12:58:12,2026-08-09 12:58:12,,,,,,,,69eb8f1f108d9b87368ef89d,69eb8f1f108d9b87368ef89d,,,,
35324,raw_position_sample,2,3,adv,20,2,17,18,-1,999,604,461,1545712,69eb8f1f108d9b87368ef89d,69eb8f1f108d9b87368ef89d,advanced,2,69eb8f1f108d9b87368ef89d,69eb8f1f108d9b87368ef89d,spotlight_PROLIFIC,,42,brazil,Portuguese,"portuguese, english, spanish ",spanish,Portuguese:50|English:40|spanish:10,100,Portuguese:40|English:50|spanish:10,100,Portuguese:75|English:20|spanish:5,100,17,4,Bachelor's,10,10,10,6,7,9,4,20,7,17,Duolingo,150,,,,,22,25,C1,intermediate|advanced,intermediate|advanced,cambridge_22_25_intermediate_advanced,4,20,random,,,,,,,,,,,,,,,,,,,2026-08-09T15:58:12.658Z,C99S394L,2026-08-09,2026-08-09,12:58:12,2026-08-09 12:58:12,,,,,,,,69eb8f1f108d9b87368ef89d,69eb8f1f108d9b87368ef89d,,,,
35375,raw_position_sample,2,3,adv,20,2,17,18,-1,999,582,464,1545763,69eb8f1f108d9b87368ef89d,69eb8f1f108d9b87368ef89d,advanced,2,69eb8f1f108d9b87368ef89d,69eb8f1f108d9b87368ef89d,spotlight_PROLIFIC,,42,brazil,Portuguese,"portuguese, english, spanish ",spanish,Portuguese:50|English:40|spanish:10,100,Portuguese:40|English:50|spanish:10,100,Portuguese:75|English:20|spanish:5,100,17,4,Bachelor's,10,10,10,6,7,9,4,20,7,17,Duolingo,150,,,,,22,25,C1,intermediate|advanced,intermediate|advanced,cambridge_22_25_intermediate_advanced,4,20,random,,,,,,,,,,,,,,,,,,,2026-08-09T15:58:12.658Z,C99S394L,2026-08-09,2026-08-09,12:58:12,2026-08-09 12:58:12,,,,,,,,69eb8f1f108d9b87368ef89d,69eb8f1f108d9b87368ef89d,,,,
35425,raw_position_sample,2,3,adv,20,2,17,18,-1,999,573,464,1545814,69eb8f1f108d9b87368ef89d,69eb8f1f108d9b87368ef89d,advanced,2,69eb8f1f108d9b87368ef89d,69eb8f1f108d9b87368ef89d,spotlight_PROLIFIC,,42,brazil,Portuguese,"portuguese, english, spanish ",spanish,Portuguese:50|English:40|spanish:10,100,Portuguese:40|English:50|spanish:10,100,Portuguese:75|English:20|spanish:5,100,17,4,Bachelor's,10,10,10,6,7,9,4,20,7,17,Duolingo,150,,,,,22,25,C1,intermediate|advanced,intermediate|advanced,cambridge_22_25_intermediate_advanced,4,20,random,,,,,,,,,,,,,,,,,,,2026-08-09T15:58:12.658Z,C99S394L,2026-08-09,2026-08-09,12:58:12,2026-08-09 12:58:12,,,,,,,,69eb8f1f108d9b87368ef89d,69eb8f1f108d9b87368ef89d,,,,
35476,raw_position_sample,2,3,adv,20,2,17,18,-1,999,573,464,1545864,69eb8f1f108d9b87368ef89d,69eb8f1f108d9b87368ef89d,advanced,2,69eb8f1f108d9b87368ef89d,69eb8f1f108d9b87368ef89d,spotlight_PROLIFIC,,42,brazil,Portuguese,"portuguese, english, spanish ",spanish,Portuguese:50|English:40|spanish:10,100,Portuguese:40|English:50|spanish:10,100,Portuguese:75|English:20|spanish:5,100,17,4,Bachelor's,10,10,10,6,7,9,4,20,7,17,Duolingo,150,,,,,22,25,C1,intermediate|advanced,intermediate|advanced,cambridge_22_25_intermediate_advanced,4,20,random,,,,,,,,,,,,,,,,,,,2026-08-09T15:58:12.658Z,C99S394L,2026-08-09,2026-08-09,12:58:12,2026-08-09 12:58:12,,,,,,,,69eb8f1f108d9b87368ef89d,69eb8f1f108d9b87368ef89d,,,,
35526,raw_position_sample,2,3,adv,20,2,17,18,-1,999,577,464,1545914,69eb8f1f108d9b87368ef89d,69eb8f1f108d9b87368ef89d,advanced,2,69eb8f1f108d9b87368ef89d,69eb8f1f108d9b87368ef89d,spotlight_PROLIFIC,,42,brazil,Portuguese,"portuguese, english, spanish ",spanish,Portuguese:50|English:40|spanish:10,100,Portuguese:40|English:50|spanish:10,100,Portuguese:75|English:20|spanish:5,100,17,4,Bachelor's,10,10,10,6,7,9,4,20,7,17,Duolingo,150,,,,,22,25,C1,intermediate|advanced,intermediate|advanced,cambridge_22_25_intermediate_advanced,4,20,random,,,,,,,,,,,,,,,,,,,2026-08-09T15:58:12.658Z,C99S394L,2026-08-09,2026-08-09,12:58:12,2026-08-09 12:58:12,,,,,,,,69eb8f1f108d9b87368ef89d,69eb8f1f108d9b87368ef89d,,,,
35576,raw_position_sample,2,3,adv,20,2,17,18,-1,999,590,465,1545964,69eb8f1f108d9b87368ef89d,69eb8f1f108d9b87368ef89d,advanced,2,69eb8f1f108d9b87368ef89d,69eb8f1f108d9b87368ef89d,spotlight_PROLIFIC,,42,brazil,Portuguese,"portuguese, english, spanish ",spanish,Portuguese:50|English:40|spanish:10,100,Portuguese:40|English:50|spanish:10,100,Portuguese:75|English:20|spanish:5,100,17,4,Bachelor's,10,10,10,6,7,9,4,20,7,17,Duolingo,150,,,,,22,25,C1,intermediate|advanced,intermediate|advanced,cambridge_22_25_intermediate_advanced,4,20,random,,,,,,,,,,,,,,,,,,,2026-08-09T15:58:12.658Z,C99S394L,2026-08-09,2026-08-09,12:58:12,2026-08-09 12:58:12,,,,,,,,69eb8f1f108d9b87368ef89d,69eb8f1f108d9b87368ef89d,,,,
35626,raw_position_sample,2,3,adv,20,2,17,18,108, as ,625,465,1546015,69eb8f1f108d9b87368ef89d,69eb8f1f108d9b87368ef89d,advanced,2,69eb8f1f108d9b87368ef89d,69eb8f1f108d9b87368ef89d,spotlight_PROLIFIC,,42,brazil,Portuguese,"portuguese, english, spanish ",spanish,Portuguese:50|English:40|spanish:10,100,Portuguese:40|English:50|spanish:10,100,Portuguese:75|English:20|spanish:5,100,17,4,Bachelor's,10,10,10,6,7,9,4,20,7,17,Duolingo,150,,,,,22,25,C1,intermediate|advanced,intermediate|advanced,cambridge_22_25_intermediate_advanced,4,20,random,,441.26666259765625,625.36669921875,465.26666259765625,648.7666931152344,9,1,,,,,,,,,,,,2026-08-09T15:58:12.658Z,C99S394L,2026-08-09,2026-08-09,12:58:12,2026-08-09 12:58:12,,,,,,,,69eb8f1f108d9b87368ef89d,69eb8f1f108d9b87368ef89d,,,,
35681,raw_position_sample,2,3,adv,20,2,17,18,108, as ,634,465,1546069,69eb8f1f108d9b87368ef89d,69eb8f1f108d9b87368ef89d,advanced,2,69eb8f1f108d9b87368ef89d,69eb8f1f108d9b87368ef89d,spotlight_PROLIFIC,,42,brazil,Portuguese,"portuguese, english, spanish ",spanish,Portuguese:50|English:40|spanish:10,100,Portuguese:40|English:50|spanish:10,100,Portuguese:75|English:20|spanish:5,100,17,4,Bachelor's,10,10,10,6,7,9,4,20,7,17,Duolingo,150,,,,,22,25,C1,intermediate|advanced,intermediate|advanced,cambridge_22_25_intermediate_advanced,4,20,random,,441.26666259765625,625.36669921875,465.26666259765625,648.7666931152344,9,1,,,,,,,,,,,,2026-08-09T15:58:12.658Z,C99S394L,2026-08-09,2026-08-09,12:58:12,2026-08-09 12:58:12,,,,,,,,69eb8f1f108d9b87368ef89d,69eb8f1f108d9b87368ef89d,,,,
35731,raw_position_sample,2,3,adv,20,2,17,18,108, as ,640,463,1546119,69eb8f1f108d9b87368ef89d,69eb8f1f108d9b87368ef89d,advanced,2,69eb8f1f108d9b87368ef89d,69eb8f1f108d9b87368ef89d,spotlight_PROLIFIC,,42,brazil,Portuguese,"portuguese, english, spanish ",spanish,Portuguese:50|English:40|spanish:10,100,Portuguese:40|English:50|spanish:10,100,Portuguese:75|English:20|spanish:5,100,17,4,Bachelor's,10,10,10,6,7,9,4,20,7,17,Duolingo,150,,,,,22,25,C1,intermediate|advanced,intermediate|advanced,cambridge_22_25_intermediate_advanced,4,20,random,,441.26666259765625,625.36669921875,465.26666259765625,648.7666931152344,9,1,,,,,,,,,,,,2026-08-09T15:58:12.658Z,C99S394L,2026-08-09,2026-08-09,12:58:12,2026-08-09 12:58:12,,,,,,,,69eb8f1f108d9b87368ef89d,69eb8f1f108d9b87368ef89d,,,,
35768,hover_association,2,3,adv,20,2,17,18,108, as ,625,465,,69eb8f1f108d9b87368ef89d,69eb8f1f108d9b87368ef89d,advanced,2,69eb8f1f108d9b87368ef89d,69eb8f1f108d9b87368ef89d,spotlight_PROLIFIC,,42,brazil,Portuguese,"portuguese, english, spanish ",spanish,Portuguese:50|English:40|spanish:10,100,Portuguese:40|English:50|spanish:10,100,Portuguese:75|English:20|spanish:5,100,17,4,Bachelor's,10,10,10,6,7,9,4,20,7,17,Duolingo,150,,,,,22,25,C1,intermediate|advanced,intermediate|advanced,cambridge_22_25_intermediate_advanced,4,20,random,,433.26666259765625,621.8028106689453,473.26666259765625,648.7666778564453,9,1,hover,150,150,0.8973931358878707,0.6683334350585938,154,,,,,,2026-08-09T15:58:12.658Z,C99S394L,2026-08-09,2026-08-09,12:58:12,2026-08-09 12:58:12,,,,,,,,69eb8f1f108d9b87368ef89d,69eb8f1f108d9b87368ef89d,,,,
35781,raw_position_sample,2,3,adv,20,2,17,18,109, soon ,649,460,1546170,69eb8f1f108d9b87368ef89d,69eb8f1f108d9b87368ef89d,advanced,2,69eb8f1f108d9b87368ef89d,69eb8f1f108d9b87368ef89d,spotlight_PROLIFIC,,42,brazil,Portuguese,"portuguese, english, spanish ",spanish,Portuguese:50|English:40|spanish:10,100,Portuguese:40|English:50|spanish:10,100,Portuguese:75|English:20|spanish:5,100,17,4,Bachelor's,10,10,10,6,7,9,4,20,7,17,Duolingo,150,,,,,22,25,C1,intermediate|advanced,intermediate|advanced,cambridge_22_25_intermediate_advanced,4,20,random,,441.26666259765625,648.7666625976562,465.26666259765625,694.9499969482422,9,2,,,,,,,,,,,,2026-08-09T15:58:12.658Z,C99S394L,2026-08-09,2026-08-09,12:58:12,2026-08-09 12:58:12,,,,,,,,69eb8f1f108d9b87368ef89d,69eb8f1f108d9b87368ef89d,,,,
35832,raw_position_sample,2,3,adv,20,2,17,18,109, soon ,672,459,1546220,69eb8f1f108d9b87368ef89d,69eb8f1f108d9b87368ef89d,advanced,2,69eb8f1f108d9b87368ef89d,69eb8f1f108d9b87368ef89d,spotlight_PROLIFIC,,42,brazil,Portuguese,"portuguese, english, spanish ",spanish,Portuguese:50|English:40|spanish:10,100,Portuguese:40|English:50|spanish:10,100,Portuguese:75|English:20|spanish:5,100,17,4,Bachelor's,10,10,10,6,7,9,4,20,7,17,Duolingo,150,,,,,22,25,C1,intermediate|advanced,intermediate|advanced,cambridge_22_25_intermediate_advanced,4,20,random,,441.26666259765625,648.7666625976562,465.26666259765625,694.9499969482422,9,2,,,,,,,,,,,,2026-08-09T15:58:12.658Z,C99S394L,2026-08-09,2026-08-09,12:58:12,2026-08-09 12:58:12,,,,,,,,69eb8f1f108d9b87368ef89d,69eb8f1f108d9b87368ef89d,,,,
35868,hover_association,2,3,adv,20,2,17,18,109, soon ,649,460,,69eb8f1f108d9b87368ef89d,69eb8f1f108d9b87368ef89d,advanced,2,69eb8f1f108d9b87368ef89d,69eb8f1f108d9b87368ef89d,spotlight_PROLIFIC,,42,brazil,Portuguese,"portuguese, english, spanish ",spanish,Portuguese:50|English:40|spanish:10,100,Portuguese:40|English:50|spanish:10,100,Portuguese:75|English:20|spanish:5,100,17,4,Bachelor's,10,10,10,6,7,9,4,20,7,17,Duolingo,150,,,,,22,25,C1,intermediate|advanced,intermediate|advanced,cambridge_22_25_intermediate_advanced,4,20,random,,433.26666259765625,648.7666778564453,473.26666259765625,694.9500045776367,9,2,hover,100,100,0.8928183626199152,0.6433334350585938,154,,,,,,2026-08-09T15:58:12.658Z,C99S394L,2026-08-09,2026-08-09,12:58:12,2026-08-09 12:58:12,,,,,,,,69eb8f1f108d9b87368ef89d,69eb8f1f108d9b87368ef89d,,,,
35882,raw_position_sample,2,3,adv,20,2,17,18,110, as ,701,459,1546271,69eb8f1f108d9b87368ef89d,69eb8f1f108d9b87368ef89d,advanced,2,69eb8f1f108d9b87368ef89d,69eb8f1f108d9b87368ef89d,spotlight_PROLIFIC,,42,brazil,Portuguese,"portuguese, english, spanish ",spanish,Portuguese:50|English:40|spanish:10,100,Portuguese:40|English:50|spanish:10,100,Portuguese:75|English:20|spanish:5,100,17,4,Bachelor's,10,10,10,6,7,9,4,20,7,17,Duolingo,150,,,,,22,25,C1,intermediate|advanced,intermediate|advanced,cambridge_22_25_intermediate_advanced,4,20,random,,441.26666259765625,694.9500122070312,465.26666259765625,718.3500213623047,9,3,,,,,,,,,,,,2026-08-09T15:58:12.658Z,C99S394L,2026-08-09,2026-08-09,12:58:12,2026-08-09 12:58:12,,,,,,,,69eb8f1f108d9b87368ef89d,69eb8f1f108d9b87368ef89d,,,,
35901,hover_association,2,3,adv,20,2,17,18,110, as ,701,459,,69eb8f1f108d9b87368ef89d,69eb8f1f108d9b87368ef89d,advanced,2,69eb8f1f108d9b87368ef89d,69eb8f1f108d9b87368ef89d,spotlight_PROLIFIC,,42,brazil,Portuguese,"portuguese, english, spanish ",spanish,Portuguese:50|English:40|spanish:10,100,Portuguese:40|English:50|spanish:10,100,Portuguese:75|English:20|spanish:5,100,17,4,Bachelor's,10,10,10,6,7,9,4,20,7,17,Duolingo,150,,,,,22,25,C1,intermediate|advanced,intermediate|advanced,cambridge_22_25_intermediate_advanced,4,20,random,,433.26666259765625,694.9500045776367,473.26666259765625,718.3499984741211,9,3,hover,33,33,0.7713675269408989,0.6433334350585938,154,,,,,,2026-08-09T15:58:12.658Z,C99S394L,2026-08-09,2026-08-09,12:58:12,2026-08-09 12:58:12,,,,,,,,69eb8f1f108d9b87368ef89d,69eb8f1f108d9b87368ef89d,,,,
35933,raw_position_sample,2,3,adv,20,2,17,18,111, they ,737,460,1546321,69eb8f1f108d9b87368ef89d,69eb8f1f108d9b87368ef89d,advanced,2,69eb8f1f108d9b87368ef89d,69eb8f1f108d9b87368ef89d,spotlight_PROLIFIC,,42,brazil,Portuguese,"portuguese, english, spanish ",spanish,Portuguese:50|English:40|spanish:10,100,Portuguese:40|English:50|spanish:10,100,Portuguese:75|English:20|spanish:5,100,17,4,Bachelor's,10,10,10,6,7,9,4,20,7,17,Duolingo,150,,,,,22,25,C1,intermediate|advanced,intermediate|advanced,cambridge_22_25_intermediate_advanced,4,20,random,,441.26666259765625,718.3499755859375,465.26666259765625,759.63330078125,9,4,,,,,,,,,,,,2026-08-09T15:58:12.658Z,C99S394L,2026-08-09,2026-08-09,12:58:12,2026-08-09 12:58:12,,,,,,,,69eb8f1f108d9b87368ef89d,69eb8f1f108d9b87368ef89d,,,,
35983,raw_position_sample,2,3,adv,20,2,17,18,111, they ,759,461,1546372,69eb8f1f108d9b87368ef89d,69eb8f1f108d9b87368ef89d,advanced,2,69eb8f1f108d9b87368ef89d,69eb8f1f108d9b87368ef89d,spotlight_PROLIFIC,,42,brazil,Portuguese,"portuguese, english, spanish ",spanish,Portuguese:50|English:40|spanish:10,100,Portuguese:40|English:50|spanish:10,100,Portuguese:75|English:20|spanish:5,100,17,4,Bachelor's,10,10,10,6,7,9,4,20,7,17,Duolingo,150,,,,,22,25,C1,intermediate|advanced,intermediate|advanced,cambridge_22_25_intermediate_advanced,4,20,random,,441.26666259765625,718.3499755859375,465.26666259765625,759.63330078125,9,4,,,,,,,,,,,,2026-08-09T15:58:12.658Z,C99S394L,2026-08-09,2026-08-09,12:58:12,2026-08-09 12:58:12,,,,,,,,69eb8f1f108d9b87368ef89d,69eb8f1f108d9b87368ef89d,,,,
35984,hover_association,2,3,adv,20,2,17,18,111, they ,725,460,,69eb8f1f108d9b87368ef89d,69eb8f1f108d9b87368ef89d,advanced,2,69eb8f1f108d9b87368ef89d,69eb8f1f108d9b87368ef89d,spotlight_PROLIFIC,,42,brazil,Portuguese,"portuguese, english, spanish ",spanish,Portuguese:50|English:40|spanish:10,100,Portuguese:40|English:50|spanish:10,100,Portuguese:75|English:20|spanish:5,100,17,4,Bachelor's,10,10,10,6,7,9,4,20,7,17,Duolingo,150,,,,,22,25,C1,intermediate|advanced,intermediate|advanced,cambridge_22_25_intermediate_advanced,4,20,random,,433.26666259765625,718.3499984741211,473.26666259765625,759.63330078125,9,4,hover,83,83,0.9846596385013356,0.6933334350585938,154,,,,,,2026-08-09T15:58:12.658Z,C99S394L,2026-08-09,2026-08-09,12:58:12,2026-08-09 12:58:12,,,,,,,,69eb8f1f108d9b87368ef89d,69eb8f1f108d9b87368ef89d,,,,
36034,raw_position_sample,2,3,adv,20,2,17,18,112, achieve ,780,461,1546421,69eb8f1f108d9b87368ef89d,69eb8f1f108d9b87368ef89d,advanced,2,69eb8f1f108d9b87368ef89d,69eb8f1f108d9b87368ef89d,spotlight_PROLIFIC,,42,brazil,Portuguese,"portuguese, english, spanish ",spanish,Portuguese:50|English:40|spanish:10,100,Portuguese:40|English:50|spanish:10,100,Portuguese:75|English:20|spanish:5,100,17,4,Bachelor's,10,10,10,6,7,9,4,20,7,17,Duolingo,150,,,,,22,25,C1,intermediate|advanced,intermediate|advanced,cambridge_22_25_intermediate_advanced,4,20,random,,441.26666259765625,759.63330078125,465.26666259765625,827.9166412353516,9,5,,,,,,,,,,,,2026-08-09T15:58:12.658Z,C99S394L,2026-08-09,2026-08-09,12:58:12,2026-08-09 12:58:12,,,,,,,,69eb8f1f108d9b87368ef89d,69eb8f1f108d9b87368ef89d,,,,
36084,raw_position_sample,2,3,adv,20,2,17,18,112, achieve ,799,461,1546472,69eb8f1f108d9b87368ef89d,69eb8f1f108d9b87368ef89d,advanced,2,69eb8f1f108d9b87368ef89d,69eb8f1f108d9b87368ef89d,spotlight_PROLIFIC,,42,brazil,Portuguese,"portuguese, english, spanish ",spanish,Portuguese:50|English:40|spanish:10,100,Portuguese:40|English:50|spanish:10,100,Portuguese:75|English:20|spanish:5,100,17,4,Bachelor's,10,10,10,6,7,9,4,20,7,17,Duolingo,150,,,,,22,25,C1,intermediate|advanced,intermediate|advanced,cambridge_22_25_intermediate_advanced,4,20,random,,441.26666259765625,759.63330078125,465.26666259765625,827.9166412353516,9,5,,,,,,,,,,,,2026-08-09T15:58:12.658Z,C99S394L,2026-08-09,2026-08-09,12:58:12,2026-08-09 12:58:12,,,,,,,,69eb8f1f108d9b87368ef89d,69eb8f1f108d9b87368ef89d,,,,
36134,raw_position_sample,2,3,adv,20,2,17,18,112, achieve ,809,461,1546522,69eb8f1f108d9b87368ef89d,69eb8f1f108d9b87368ef89d,advanced,2,69eb8f1f108d9b87368ef89d,69eb8f1f108d9b87368ef89d,spotlight_PROLIFIC,,42,brazil,Portuguese,"portuguese, english, spanish ",spanish,Portuguese:50|English:40|spanish:10,100,Portuguese:40|English:50|spanish:10,100,Portuguese:75|English:20|spanish:5,100,17,4,Bachelor's,10,10,10,6,7,9,4,20,7,17,Duolingo,150,,,,,22,25,C1,intermediate|advanced,intermediate|advanced,cambridge_22_25_intermediate_advanced,4,20,random,,441.26666259765625,759.63330078125,465.26666259765625,827.9166412353516,9,5,,,,,,,,,,,,2026-08-09T15:58:12.658Z,C99S394L,2026-08-09,2026-08-09,12:58:12,2026-08-09 12:58:12,,,,,,,,69eb8f1f108d9b87368ef89d,69eb8f1f108d9b87368ef89d,,,,
36185,raw_position_sample,2,3,adv,20,2,17,18,112, achieve ,821,461,1546573,69eb8f1f108d9b87368ef89d,69eb8f1f108d9b87368ef89d,advanced,2,69eb8f1f108d9b87368ef89d,69eb8f1f108d9b87368ef89d,spotlight_PROLIFIC,,42,brazil,Portuguese,"portuguese, english, spanish ",spanish,Portuguese:50|English:40|spanish:10,100,Portuguese:40|English:50|spanish:10,100,Portuguese:75|English:20|spanish:5,100,17,4,Bachelor's,10,10,10,6,7,9,4,20,7,17,Duolingo,150,,,,,22,25,C1,intermediate|advanced,intermediate|advanced,cambridge_22_25_intermediate_advanced,4,20,random,,441.26666259765625,759.63330078125,465.26666259765625,827.9166412353516,9,5,,,,,,,,,,,,2026-08-09T15:58:12.658Z,C99S394L,2026-08-09,2026-08-09,12:58:12,2026-08-09 12:58:12,,,,,,,,69eb8f1f108d9b87368ef89d,69eb8f1f108d9b87368ef89d,,,,
36236,raw_position_sample,2,3,adv,20,2,17,18,112, achieve ,827,461,1546624,69eb8f1f108d9b87368ef89d,69eb8f1f108d9b87368ef89d,advanced,2,69eb8f1f108d9b87368ef89d,69eb8f1f108d9b87368ef89d,spotlight_PROLIFIC,,42,brazil,Portuguese,"portuguese, english, spanish ",spanish,Portuguese:50|English:40|spanish:10,100,Portuguese:40|English:50|spanish:10,100,Portuguese:75|English:20|spanish:5,100,17,4,Bachelor's,10,10,10,6,7,9,4,20,7,17,Duolingo,150,,,,,22,25,C1,intermediate|advanced,intermediate|advanced,cambridge_22_25_intermediate_advanced,4,20,random,,441.26666259765625,759.63330078125,465.26666259765625,827.9166412353516,9,5,,,,,,,,,,,,2026-08-09T15:58:12.658Z,C99S394L,2026-08-09,2026-08-09,12:58:12,2026-08-09 12:58:12,,,,,,,,69eb8f1f108d9b87368ef89d,69eb8f1f108d9b87368ef89d,,,,
36256,hover_association,2,3,adv,20,2,17,18,112, achieve ,767,461,,69eb8f1f108d9b87368ef89d,69eb8f1f108d9b87368ef89d,advanced,2,69eb8f1f108d9b87368ef89d,69eb8f1f108d9b87368ef89d,spotlight_PROLIFIC,,42,brazil,Portuguese,"portuguese, english, spanish ",spanish,Portuguese:50|English:40|spanish:10,100,Portuguese:40|English:50|spanish:10,100,Portuguese:75|English:20|spanish:5,100,17,4,Bachelor's,10,10,10,6,7,9,4,20,7,17,Duolingo,150,,,,,22,25,C1,intermediate|advanced,intermediate|advanced,cambridge_22_25_intermediate_advanced,4,20,random,,433.26666259765625,759.63330078125,473.26666259765625,827.9166641235352,9,5,hover,271,271,0.9865755862238335,0.6933334350585938,154,,,,,,2026-08-09T15:58:12.658Z,C99S394L,2026-08-09,2026-08-09,12:58:12,2026-08-09 12:58:12,,,,,,,,69eb8f1f108d9b87368ef89d,69eb8f1f108d9b87368ef89d,,,,
36286,raw_position_sample,2,3,adv,20,2,17,18,113," that, ",831,461,1546674,69eb8f1f108d9b87368ef89d,69eb8f1f108d9b87368ef89d,advanced,2,69eb8f1f108d9b87368ef89d,69eb8f1f108d9b87368ef89d,spotlight_PROLIFIC,,42,brazil,Portuguese,"portuguese, english, spanish ",spanish,Portuguese:50|English:40|spanish:10,100,Portuguese:40|English:50|spanish:10,100,Portuguese:75|English:20|spanish:5,100,17,4,Bachelor's,10,10,10,6,7,9,4,20,7,17,Duolingo,150,,,,,22,25,C1,intermediate|advanced,intermediate|advanced,cambridge_22_25_intermediate_advanced,4,20,random,,441.26666259765625,827.9166870117188,465.26666259765625,871.6333465576172,9,6,,,,,,,,,,,,2026-08-09T15:58:12.658Z,C99S394L,2026-08-09,2026-08-09,12:58:12,2026-08-09 12:58:12,,,,,,,,69eb8f1f108d9b87368ef89d,69eb8f1f108d9b87368ef89d,,,,
36336,raw_position_sample,2,3,adv,20,2,17,18,113," that, ",840,461,1546724,69eb8f1f108d9b87368ef89d,69eb8f1f108d9b87368ef89d,advanced,2,69eb8f1f108d9b87368ef89d,69eb8f1f108d9b87368ef89d,spotlight_PROLIFIC,,42,brazil,Portuguese,"portuguese, english, spanish ",spanish,Portuguese:50|English:40|spanish:10,100,Portuguese:40|English:50|spanish:10,100,Portuguese:75|English:20|spanish:5,100,17,4,Bachelor's,10,10,10,6,7,9,4,20,7,17,Duolingo,150,,,,,22,25,C1,intermediate|advanced,intermediate|advanced,cambridge_22_25_intermediate_advanced,4,20,random,,441.26666259765625,827.9166870117188,465.26666259765625,871.6333465576172,9,6,,,,,,,,,,,,2026-08-09T15:58:12.658Z,C99S394L,2026-08-09,2026-08-09,12:58:12,2026-08-09 12:58:12,,,,,,,,69eb8f1f108d9b87368ef89d,69eb8f1f108d9b87368ef89d,,,,
36386,raw_position_sample,2,3,adv,20,2,17,18,113," that, ",855,461,1546775,69eb8f1f108d9b87368ef89d,69eb8f1f108d9b87368ef89d,advanced,2,69eb8f1f108d9b87368ef89d,69eb8f1f108d9b87368ef89d,spotlight_PROLIFIC,,42,brazil,Portuguese,"portuguese, english, spanish ",spanish,Portuguese:50|English:40|spanish:10,100,Portuguese:40|English:50|spanish:10,100,Portuguese:75|English:20|spanish:5,100,17,4,Bachelor's,10,10,10,6,7,9,4,20,7,17,Duolingo,150,,,,,22,25,C1,intermediate|advanced,intermediate|advanced,cambridge_22_25_intermediate_advanced,4,20,random,,441.26666259765625,827.9166870117188,465.26666259765625,871.6333465576172,9,6,,,,,,,,,,,,2026-08-09T15:58:12.658Z,C99S394L,2026-08-09,2026-08-09,12:58:12,2026-08-09 12:58:12,,,,,,,,69eb8f1f108d9b87368ef89d,69eb8f1f108d9b87368ef89d,,,,
36434,hover_association,2,3,adv,20,2,17,18,113," that, ",828,461,,69eb8f1f108d9b87368ef89d,69eb8f1f108d9b87368ef89d,advanced,2,69eb8f1f108d9b87368ef89d,69eb8f1f108d9b87368ef89d,spotlight_PROLIFIC,,42,brazil,Portuguese,"portuguese, english, spanish ",spanish,Portuguese:50|English:40|spanish:10,100,Portuguese:40|English:50|spanish:10,100,Portuguese:75|English:20|spanish:5,100,17,4,Bachelor's,10,10,10,6,7,9,4,20,7,17,Duolingo,150,,,,,22,25,C1,intermediate|advanced,intermediate|advanced,cambridge_22_25_intermediate_advanced,4,20,random,,433.26666259765625,827.9166641235352,473.26666259765625,871.6333236694336,9,6,hover,179,179,0.8711401161948541,0.6933334350585938,154,,,,,,2026-08-09T15:58:12.658Z,C99S394L,2026-08-09,2026-08-09,12:58:12,2026-08-09 12:58:12,,,,,,,,69eb8f1f108d9b87368ef89d,69eb8f1f108d9b87368ef89d,,,,
36437,raw_position_sample,2,3,adv,20,2,17,18,114, the ,872,461,1546825,69eb8f1f108d9b87368ef89d,69eb8f1f108d9b87368ef89d,advanced,2,69eb8f1f108d9b87368ef89d,69eb8f1f108d9b87368ef89d,spotlight_PROLIFIC,,42,brazil,Portuguese,"portuguese, english, spanish ",spanish,Portuguese:50|English:40|spanish:10,100,Portuguese:40|English:50|spanish:10,100,Portuguese:75|English:20|spanish:5,100,17,4,Bachelor's,10,10,10,6,7,9,4,20,7,17,Duolingo,150,,,,,22,25,C1,intermediate|advanced,intermediate|advanced,cambridge_22_25_intermediate_advanced,4,20,random,,441.26666259765625,871.63330078125,465.26666259765625,904.0832977294922,9,7,,,,,,,,,,,,2026-08-09T15:58:12.658Z,C99S394L,2026-08-09,2026-08-09,12:58:12,2026-08-09 12:58:12,,,,,,,,69eb8f1f108d9b87368ef89d,69eb8f1f108d9b87368ef89d,,,,
36487,raw_position_sample,2,3,adv,20,2,17,18,114, the ,881,461,1546875,69eb8f1f108d9b87368ef89d,69eb8f1f108d9b87368ef89d,advanced,2,69eb8f1f108d9b87368ef89d,69eb8f1f108d9b87368ef89d,spotlight_PROLIFIC,,42,brazil,Portuguese,"portuguese, english, spanish ",spanish,Portuguese:50|English:40|spanish:10,100,Portuguese:40|English:50|spanish:10,100,Portuguese:75|English:20|spanish:5,100,17,4,Bachelor's,10,10,10,6,7,9,4,20,7,17,Duolingo,150,,,,,22,25,C1,intermediate|advanced,intermediate|advanced,cambridge_22_25_intermediate_advanced,4,20,random,,441.26666259765625,871.63330078125,465.26666259765625,904.0832977294922,9,7,,,,,,,,,,,,2026-08-09T15:58:12.658Z,C99S394L,2026-08-09,2026-08-09,12:58:12,2026-08-09 12:58:12,,,,,,,,69eb8f1f108d9b87368ef89d,69eb8f1f108d9b87368ef89d,,,,
36537,raw_position_sample,2,3,adv,20,2,17,18,114, the ,883,461,1546926,69eb8f1f108d9b87368ef89d,69eb8f1f108d9b87368ef89d,advanced,2,69eb8f1f108d9b87368ef89d,69eb8f1f108d9b87368ef89d,spotlight_PROLIFIC,,42,brazil,Portuguese,"portuguese, english, spanish ",spanish,Portuguese:50|English:40|spanish:10,100,Portuguese:40|English:50|spanish:10,100,Portuguese:75|English:20|spanish:5,100,17,4,Bachelor's,10,10,10,6,7,9,4,20,7,17,Duolingo,150,,,,,22,25,C1,intermediate|advanced,intermediate|advanced,cambridge_22_25_intermediate_advanced,4,20,random,,441.26666259765625,871.63330078125,465.26666259765625,904.0832977294922,9,7,,,,,,,,,,,,2026-08-09T15:58:12.658Z,C99S394L,2026-08-09,2026-08-09,12:58:12,2026-08-09 12:58:12,,,,,,,,69eb8f1f108d9b87368ef89d,69eb8f1f108d9b87368ef89d,,,,
36587,raw_position_sample,2,3,adv,20,2,17,18,114, the ,883,461,1546975,69eb8f1f108d9b87368ef89d,69eb8f1f108d9b87368ef89d,advanced,2,69eb8f1f108d9b87368ef89d,69eb8f1f108d9b87368ef89d,spotlight_PROLIFIC,,42,brazil,Portuguese,"portuguese, english, spanish ",spanish,Portuguese:50|English:40|spanish:10,100,Portuguese:40|English:50|spanish:10,100,Portuguese:75|English:20|spanish:5,100,17,4,Bachelor's,10,10,10,6,7,9,4,20,7,17,Duolingo,150,,,,,22,25,C1,intermediate|advanced,intermediate|advanced,cambridge_22_25_intermediate_advanced,4,20,random,,441.26666259765625,871.63330078125,465.26666259765625,904.0832977294922,9,7,,,,,,,,,,,,2026-08-09T15:58:12.658Z,C99S394L,2026-08-09,2026-08-09,12:58:12,2026-08-09 12:58:12,,,,,,,,69eb8f1f108d9b87368ef89d,69eb8f1f108d9b87368ef89d,,,,
36637,raw_position_sample,2,3,adv,20,2,17,18,114, the ,883,461,1547025,69eb8f1f108d9b87368ef89d,69eb8f1f108d9b87368ef89d,advanced,2,69eb8f1f108d9b87368ef89d,69eb8f1f108d9b87368ef89d,spotlight_PROLIFIC,,42,brazil,Portuguese,"portuguese, english, spanish ",spanish,Portuguese:50|English:40|spanish:10,100,Portuguese:40|English:50|spanish:10,100,Portuguese:75|English:20|spanish:5,100,17,4,Bachelor's,10,10,10,6,7,9,4,20,7,17,Duolingo,150,,,,,22,25,C1,intermediate|advanced,intermediate|advanced,cambridge_22_25_intermediate_advanced,4,20,random,,441.26666259765625,871.63330078125,465.26666259765625,904.0832977294922,9,7,,,,,,,,,,,,2026-08-09T15:58:12.658Z,C99S394L,2026-08-09,2026-08-09,12:58:12,2026-08-09 12:58:12,,,,,,,,69eb8f1f108d9b87368ef89d,69eb8f1f108d9b87368ef89d,,,,
36688,raw_position_sample,2,3,adv,20,2,17,18,114, the ,883,460,1547076,69eb8f1f108d9b87368ef89d,69eb8f1f108d9b87368ef89d,advanced,2,69eb8f1f108d9b87368ef89d,69eb8f1f108d9b87368ef89d,spotlight_PROLIFIC,,42,brazil,Portuguese,"portuguese, english, spanish ",spanish,Portuguese:50|English:40|spanish:10,100,Portuguese:40|English:50|spanish:10,100,Portuguese:75|English:20|spanish:5,100,17,4,Bachelor's,10,10,10,6,7,9,4,20,7,17,Duolingo,150,,,,,22,25,C1,intermediate|advanced,intermediate|advanced,cambridge_22_25_intermediate_advanced,4,20,random,,441.26666259765625,871.63330078125,465.26666259765625,904.0832977294922,9,7,,,,,,,,,,,,2026-08-09T15:58:12.658Z,C99S394L,2026-08-09,2026-08-09,12:58:12,2026-08-09 12:58:12,,,,,,,,69eb8f1f108d9b87368ef89d,69eb8f1f108d9b87368ef89d,,,,
36739,raw_position_sample,2,3,adv,20,2,17,18,114, the ,890,460,1547127,69eb8f1f108d9b87368ef89d,69eb8f1f108d9b87368ef89d,advanced,2,69eb8f1f108d9b87368ef89d,69eb8f1f108d9b87368ef89d,spotlight_PROLIFIC,,42,brazil,Portuguese,"portuguese, english, spanish ",spanish,Portuguese:50|English:40|spanish:10,100,Portuguese:40|English:50|spanish:10,100,Portuguese:75|English:20|spanish:5,100,17,4,Bachelor's,10,10,10,6,7,9,4,20,7,17,Duolingo,150,,,,,22,25,C1,intermediate|advanced,intermediate|advanced,cambridge_22_25_intermediate_advanced,4,20,random,,441.26666259765625,871.63330078125,465.26666259765625,904.0832977294922,9,7,,,,,,,,,,,,2026-08-09T15:58:12.658Z,C99S394L,2026-08-09,2026-08-09,12:58:12,2026-08-09 12:58:12,,,,,,,,69eb8f1f108d9b87368ef89d,69eb8f1f108d9b87368ef89d,,,,
36789,raw_position_sample,2,3,adv,20,2,17,18,114, the ,902,460,1547177,69eb8f1f108d9b87368ef89d,69eb8f1f108d9b87368ef89d,advanced,2,69eb8f1f108d9b87368ef89d,69eb8f1f108d9b87368ef89d,spotlight_PROLIFIC,,42,brazil,Portuguese,"portuguese, english, spanish ",spanish,Portuguese:50|English:40|spanish:10,100,Portuguese:40|English:50|spanish:10,100,Portuguese:75|English:20|spanish:5,100,17,4,Bachelor's,10,10,10,6,7,9,4,20,7,17,Duolingo,150,,,,,22,25,C1,intermediate|advanced,intermediate|advanced,cambridge_22_25_intermediate_advanced,4,20,random,,441.26666259765625,871.63330078125,465.26666259765625,904.0832977294922,9,7,,,,,,,,,,,,2026-08-09T15:58:12.658Z,C99S394L,2026-08-09,2026-08-09,12:58:12,2026-08-09 12:58:12,,,,,,,,69eb8f1f108d9b87368ef89d,69eb8f1f108d9b87368ef89d,,,,
36801,hover_association,2,3,adv,20,2,17,18,114, the ,872,461,,69eb8f1f108d9b87368ef89d,69eb8f1f108d9b87368ef89d,advanced,2,69eb8f1f108d9b87368ef89d,69eb8f1f108d9b87368ef89d,spotlight_PROLIFIC,,42,brazil,Portuguese,"portuguese, english, spanish ",spanish,Portuguese:50|English:40|spanish:10,100,Portuguese:40|English:50|spanish:10,100,Portuguese:75|English:20|spanish:5,100,17,4,Bachelor's,10,10,10,6,7,9,4,20,7,17,Duolingo,150,,,,,22,25,C1,intermediate|advanced,intermediate|advanced,cambridge_22_25_intermediate_advanced,4,20,random,,433.26666259765625,871.6333236694336,473.26666259765625,904.0833053588867,9,7,hover,367,367,0.9357994904643094,0.6683334350585938,154,,,,,,2026-08-09T15:58:12.658Z,C99S394L,2026-08-09,2026-08-09,12:58:12,2026-08-09 12:58:12,,,,,,,,69eb8f1f108d9b87368ef89d,69eb8f1f108d9b87368ef89d,,,,
36839,raw_position_sample,2,3,adv,20,2,17,18,115, possibility ,908,460,1547227,69eb8f1f108d9b87368ef89d,69eb8f1f108d9b87368ef89d,advanced,2,69eb8f1f108d9b87368ef89d,69eb8f1f108d9b87368ef89d,spotlight_PROLIFIC,,42,brazil,Portuguese,"portuguese, english, spanish ",spanish,Portuguese:50|English:40|spanish:10,100,Portuguese:40|English:50|spanish:10,100,Portuguese:75|English:20|spanish:5,100,17,4,Bachelor's,10,10,10,6,7,9,4,20,7,17,Duolingo,150,,,,,22,25,C1,intermediate|advanced,intermediate|advanced,cambridge_22_25_intermediate_advanced,4,20,random,,441.26666259765625,904.0833129882812,465.26666259765625,993.2999877929688,9,8,,,,,,,,,,,,2026-08-09T15:58:12.658Z,C99S394L,2026-08-09,2026-08-09,12:58:12,2026-08-09 12:58:12,,,,,,,,69eb8f1f108d9b87368ef89d,69eb8f1f108d9b87368ef89d,,,,
36889,raw_position_sample,2,3,adv,20,2,17,18,115, possibility ,913,460,1547277,69eb8f1f108d9b87368ef89d,69eb8f1f108d9b87368ef89d,advanced,2,69eb8f1f108d9b87368ef89d,69eb8f1f108d9b87368ef89d,spotlight_PROLIFIC,,42,brazil,Portuguese,"portuguese, english, spanish ",spanish,Portuguese:50|English:40|spanish:10,100,Portuguese:40|English:50|spanish:10,100,Portuguese:75|English:20|spanish:5,100,17,4,Bachelor's,10,10,10,6,7,9,4,20,7,17,Duolingo,150,,,,,22,25,C1,intermediate|advanced,intermediate|advanced,cambridge_22_25_intermediate_advanced,4,20,random,,441.26666259765625,904.0833129882812,465.26666259765625,993.2999877929688,9,8,,,,,,,,,,,,2026-08-09T15:58:12.658Z,C99S394L,2026-08-09,2026-08-09,12:58:12,2026-08-09 12:58:12,,,,,,,,69eb8f1f108d9b87368ef89d,69eb8f1f108d9b87368ef89d,,,,
36939,raw_position_sample,2,3,adv,20,2,17,18,115, possibility ,920,460,1547327,69eb8f1f108d9b87368ef89d,69eb8f1f108d9b87368ef89d,advanced,2,69eb8f1f108d9b87368ef89d,69eb8f1f108d9b87368ef89d,spotlight_PROLIFIC,,42,brazil,Portuguese,"portuguese, english, spanish ",spanish,Portuguese:50|English:40|spanish:10,100,Portuguese:40|English:50|spanish:10,100,Portuguese:75|English:20|spanish:5,100,17,4,Bachelor's,10,10,10,6,7,9,4,20,7,17,Duolingo,150,,,,,22,25,C1,intermediate|advanced,intermediate|advanced,cambridge_22_25_intermediate_advanced,4,20,random,,441.26666259765625,904.0833129882812,465.26666259765625,993.2999877929688,9,8,,,,,,,,,,,,2026-08-09T15:58:12.658Z,C99S394L,2026-08-09,2026-08-09,12:58:12,2026-08-09 12:58:12,,,,,,,,69eb8f1f108d9b87368ef89d,69eb8f1f108d9b87368ef89d,,,,
36989,raw_position_sample,2,3,adv,20,2,17,18,115, possibility ,926,460,1547378,69eb8f1f108d9b87368ef89d,69eb8f1f108d9b87368ef89d,advanced,2,69eb8f1f108d9b87368ef89d,69eb8f1f108d9b87368ef89d,spotlight_PROLIFIC,,42,brazil,Portuguese,"portuguese, english, spanish ",spanish,Portuguese:50|English:40|spanish:10,100,Portuguese:40|English:50|spanish:10,100,Portuguese:75|English:20|spanish:5,100,17,4,Bachelor's,10,10,10,6,7,9,4,20,7,17,Duolingo,150,,,,,22,25,C1,intermediate|advanced,intermediate|advanced,cambridge_22_25_intermediate_advanced,4,20,random,,441.26666259765625,904.0833129882812,465.26666259765625,993.2999877929688,9,8,,,,,,,,,,,,2026-08-09T15:58:12.658Z,C99S394L,2026-08-09,2026-08-09,12:58:12,2026-08-09 12:58:12,,,,,,,,69eb8f1f108d9b87368ef89d,69eb8f1f108d9b87368ef89d,,,,
37040,raw_position_sample,2,3,adv,20,2,17,18,115, possibility ,931,460,1547428,69eb8f1f108d9b87368ef89d,69eb8f1f108d9b87368ef89d,advanced,2,69eb8f1f108d9b87368ef89d,69eb8f1f108d9b87368ef89d,spotlight_PROLIFIC,,42,brazil,Portuguese,"portuguese, english, spanish ",spanish,Portuguese:50|English:40|spanish:10,100,Portuguese:40|English:50|spanish:10,100,Portuguese:75|English:20|spanish:5,100,17,4,Bachelor's,10,10,10,6,7,9,4,20,7,17,Duolingo,150,,,,,22,25,C1,intermediate|advanced,intermediate|advanced,cambridge_22_25_intermediate_advanced,4,20,random,,441.26666259765625,904.0833129882812,465.26666259765625,993.2999877929688,9,8,,,,,,,,,,,,2026-08-09T15:58:12.658Z,C99S394L,2026-08-09,2026-08-09,12:58:12,2026-08-09 12:58:12,,,,,,,,69eb8f1f108d9b87368ef89d,69eb8f1f108d9b87368ef89d,,,,
37090,raw_position_sample,2,3,adv,20,2,17,18,115, possibility ,943,460,1547478,69eb8f1f108d9b87368ef89d,69eb8f1f108d9b87368ef89d,advanced,2,69eb8f1f108d9b87368ef89d,69eb8f1f108d9b87368ef89d,spotlight_PROLIFIC,,42,brazil,Portuguese,"portuguese, english, spanish ",spanish,Portuguese:50|English:40|spanish:10,100,Portuguese:40|English:50|spanish:10,100,Portuguese:75|English:20|spanish:5,100,17,4,Bachelor's,10,10,10,6,7,9,4,20,7,17,Duolingo,150,,,,,22,25,C1,intermediate|advanced,intermediate|advanced,cambridge_22_25_intermediate_advanced,4,20,random,,441.26666259765625,904.0833129882812,465.26666259765625,993.2999877929688,9,8,,,,,,,,,,,,2026-08-09T15:58:12.658Z,C99S394L,2026-08-09,2026-08-09,12:58:12,2026-08-09 12:58:12,,,,,,,,69eb8f1f108d9b87368ef89d,69eb8f1f108d9b87368ef89d,,,,
37140,raw_position_sample,2,3,adv,20,2,17,18,115, possibility ,957,460,1547528,69eb8f1f108d9b87368ef89d,69eb8f1f108d9b87368ef89d,advanced,2,69eb8f1f108d9b87368ef89d,69eb8f1f108d9b87368ef89d,spotlight_PROLIFIC,,42,brazil,Portuguese,"portuguese, english, spanish ",spanish,Portuguese:50|English:40|spanish:10,100,Portuguese:40|English:50|spanish:10,100,Portuguese:75|English:20|spanish:5,100,17,4,Bachelor's,10,10,10,6,7,9,4,20,7,17,Duolingo,150,,,,,22,25,C1,intermediate|advanced,intermediate|advanced,cambridge_22_25_intermediate_advanced,4,20,random,,441.26666259765625,904.0833129882812,465.26666259765625,993.2999877929688,9,8,,,,,,,,,,,,2026-08-09T15:58:12.658Z,C99S394L,2026-08-09,2026-08-09,12:58:12,2026-08-09 12:58:12,,,,,,,,69eb8f1f108d9b87368ef89d,69eb8f1f108d9b87368ef89d,,,,
37190,raw_position_sample,2,3,adv,20,2,17,18,115, possibility ,973,458,1547579,69eb8f1f108d9b87368ef89d,69eb8f1f108d9b87368ef89d,advanced,2,69eb8f1f108d9b87368ef89d,69eb8f1f108d9b87368ef89d,spotlight_PROLIFIC,,42,brazil,Portuguese,"portuguese, english, spanish ",spanish,Portuguese:50|English:40|spanish:10,100,Portuguese:40|English:50|spanish:10,100,Portuguese:75|English:20|spanish:5,100,17,4,Bachelor's,10,10,10,6,7,9,4,20,7,17,Duolingo,150,,,,,22,25,C1,intermediate|advanced,intermediate|advanced,cambridge_22_25_intermediate_advanced,4,20,random,,441.26666259765625,904.0833129882812,465.26666259765625,993.2999877929688,9,8,,,,,,,,,,,,2026-08-09T15:58:12.658Z,C99S394L,2026-08-09,2026-08-09,12:58:12,2026-08-09 12:58:12,,,,,,,,69eb8f1f108d9b87368ef89d,69eb8f1f108d9b87368ef89d,,,,
37234,hover_association,2,3,adv,20,2,17,18,115, possibility ,905,460,,69eb8f1f108d9b87368ef89d,69eb8f1f108d9b87368ef89d,advanced,2,69eb8f1f108d9b87368ef89d,69eb8f1f108d9b87368ef89d,spotlight_PROLIFIC,,42,brazil,Portuguese,"portuguese, english, spanish ",spanish,Portuguese:50|English:40|spanish:10,100,Portuguese:40|English:50|spanish:10,100,Portuguese:75|English:20|spanish:5,100,17,4,Bachelor's,10,10,10,6,7,9,4,20,7,17,Duolingo,150,,,,,22,25,C1,intermediate|advanced,intermediate|advanced,cambridge_22_25_intermediate_advanced,4,20,random,,433.26666259765625,904.0833053588867,473.26666259765625,993.2999877929688,9,8,hover,434,434,0.9293855406737018,0.5933334350585937,154,,,,,,2026-08-09T15:58:12.658Z,C99S394L,2026-08-09,2026-08-09,12:58:12,2026-08-09 12:58:12,,,,,,,,69eb8f1f108d9b87368ef89d,69eb8f1f108d9b87368ef89d,,,,
37240,raw_position_sample,2,3,adv,20,2,17,18,116, of ,994,456,1547629,69eb8f1f108d9b87368ef89d,69eb8f1f108d9b87368ef89d,advanced,2,69eb8f1f108d9b87368ef89d,69eb8f1f108d9b87368ef89d,spotlight_PROLIFIC,,42,brazil,Portuguese,"portuguese, english, spanish ",spanish,Portuguese:50|English:40|spanish:10,100,Portuguese:40|English:50|spanish:10,100,Portuguese:75|English:20|spanish:5,100,17,4,Bachelor's,10,10,10,6,7,9,4,20,7,17,Duolingo,150,,,,,22,25,C1,intermediate|advanced,intermediate|advanced,cambridge_22_25_intermediate_advanced,4,20,random,,441.26666259765625,993.2999877929688,465.26666259765625,1015.066650390625,9,9,,,,,,,,,,,,2026-08-09T15:58:12.658Z,C99S394L,2026-08-09,2026-08-09,12:58:12,2026-08-09 12:58:12,,,,,,,,69eb8f1f108d9b87368ef89d,69eb8f1f108d9b87368ef89d,,,,
37284,hover_association,2,3,adv,20,2,17,18,116, of ,994,456,,69eb8f1f108d9b87368ef89d,69eb8f1f108d9b87368ef89d,advanced,2,69eb8f1f108d9b87368ef89d,69eb8f1f108d9b87368ef89d,spotlight_PROLIFIC,,42,brazil,Portuguese,"portuguese, english, spanish ",spanish,Portuguese:50|English:40|spanish:10,100,Portuguese:40|English:50|spanish:10,100,Portuguese:75|English:20|spanish:5,100,17,4,Bachelor's,10,10,10,6,7,9,4,20,7,17,Duolingo,150,,,,,22,25,C1,intermediate|advanced,intermediate|advanced,cambridge_22_25_intermediate_advanced,4,20,random,,433.26666259765625,993.2999877929688,473.26666259765625,1015.066650390625,9,9,hover,50,50,0.8591125131440589,0.49333343505859373,154,,,,,,2026-08-09T15:58:12.658Z,C99S394L,2026-08-09,2026-08-09,12:58:12,2026-08-09 12:58:12,,,,,,,,69eb8f1f108d9b87368ef89d,69eb8f1f108d9b87368ef89d,,,,
37291,raw_position_sample,2,3,adv,20,2,17,18,117, making ,1020,452,1547679,69eb8f1f108d9b87368ef89d,69eb8f1f108d9b87368ef89d,advanced,2,69eb8f1f108d9b87368ef89d,69eb8f1f108d9b87368ef89d,spotlight_PROLIFIC,,42,brazil,Portuguese,"portuguese, english, spanish ",spanish,Portuguese:50|English:40|spanish:10,100,Portuguese:40|English:50|spanish:10,100,Portuguese:75|English:20|spanish:5,100,17,4,Bachelor's,10,10,10,6,7,9,4,20,7,17,Duolingo,150,,,,,22,25,C1,intermediate|advanced,intermediate|advanced,cambridge_22_25_intermediate_advanced,4,20,random,,441.26666259765625,1015.066650390625,465.26666259765625,1083.133316040039,9,10,,,,,,,,,,,,2026-08-09T15:58:12.658Z,C99S394L,2026-08-09,2026-08-09,12:58:12,2026-08-09 12:58:12,,,,,,,,69eb8f1f108d9b87368ef89d,69eb8f1f108d9b87368ef89d,,,,
37341,raw_position_sample,2,3,adv,20,2,17,18,117, making ,1043,450,1547730,69eb8f1f108d9b87368ef89d,69eb8f1f108d9b87368ef89d,advanced,2,69eb8f1f108d9b87368ef89d,69eb8f1f108d9b87368ef89d,spotlight_PROLIFIC,,42,brazil,Portuguese,"portuguese, english, spanish ",spanish,Portuguese:50|English:40|spanish:10,100,Portuguese:40|English:50|spanish:10,100,Portuguese:75|English:20|spanish:5,100,17,4,Bachelor's,10,10,10,6,7,9,4,20,7,17,Duolingo,150,,,,,22,25,C1,intermediate|advanced,intermediate|advanced,cambridge_22_25_intermediate_advanced,4,20,random,,441.26666259765625,1015.066650390625,465.26666259765625,1083.133316040039,9,10,,,,,,,,,,,,2026-08-09T15:58:12.658Z,C99S394L,2026-08-09,2026-08-09,12:58:12,2026-08-09 12:58:12,,,,,,,,69eb8f1f108d9b87368ef89d,69eb8f1f108d9b87368ef89d,,,,
37392,raw_position_sample,2,3,adv,20,2,17,18,117, making ,1066,445,1547780,69eb8f1f108d9b87368ef89d,69eb8f1f108d9b87368ef89d,advanced,2,69eb8f1f108d9b87368ef89d,69eb8f1f108d9b87368ef89d,spotlight_PROLIFIC,,42,brazil,Portuguese,"portuguese, english, spanish ",spanish,Portuguese:50|English:40|spanish:10,100,Portuguese:40|English:50|spanish:10,100,Portuguese:75|English:20|spanish:5,100,17,4,Bachelor's,10,10,10,6,7,9,4,20,7,17,Duolingo,150,,,,,22,25,C1,intermediate|advanced,intermediate|advanced,cambridge_22_25_intermediate_advanced,4,20,random,,441.26666259765625,1015.066650390625,465.26666259765625,1083.133316040039,9,10,,,,,,,,,,,,2026-08-09T15:58:12.658Z,C99S394L,2026-08-09,2026-08-09,12:58:12,2026-08-09 12:58:12,,,,,,,,69eb8f1f108d9b87368ef89d,69eb8f1f108d9b87368ef89d,,,,
37442,raw_position_sample,2,3,adv,20,2,17,18,117, making ,1075,445,1547830,69eb8f1f108d9b87368ef89d,69eb8f1f108d9b87368ef89d,advanced,2,69eb8f1f108d9b87368ef89d,69eb8f1f108d9b87368ef89d,spotlight_PROLIFIC,,42,brazil,Portuguese,"portuguese, english, spanish ",spanish,Portuguese:50|English:40|spanish:10,100,Portuguese:40|English:50|spanish:10,100,Portuguese:75|English:20|spanish:5,100,17,4,Bachelor's,10,10,10,6,7,9,4,20,7,17,Duolingo,150,,,,,22,25,C1,intermediate|advanced,intermediate|advanced,cambridge_22_25_intermediate_advanced,4,20,random,,441.26666259765625,1015.066650390625,465.26666259765625,1083.133316040039,9,10,,,,,,,,,,,,2026-08-09T15:58:12.658Z,C99S394L,2026-08-09,2026-08-09,12:58:12,2026-08-09 12:58:12,,,,,,,,69eb8f1f108d9b87368ef89d,69eb8f1f108d9b87368ef89d,,,,
37492,raw_position_sample,2,3,adv,20,2,17,18,117, making ,1083,445,1547881,69eb8f1f108d9b87368ef89d,69eb8f1f108d9b87368ef89d,advanced,2,69eb8f1f108d9b87368ef89d,69eb8f1f108d9b87368ef89d,spotlight_PROLIFIC,,42,brazil,Portuguese,"portuguese, english, spanish ",spanish,Portuguese:50|English:40|spanish:10,100,Portuguese:40|English:50|spanish:10,100,Portuguese:75|English:20|spanish:5,100,17,4,Bachelor's,10,10,10,6,7,9,4,20,7,17,Duolingo,150,,,,,22,25,C1,intermediate|advanced,intermediate|advanced,cambridge_22_25_intermediate_advanced,4,20,random,,441.26666259765625,1015.066650390625,465.26666259765625,1083.133316040039,9,10,,,,,,,,,,,,2026-08-09T15:58:12.658Z,C99S394L,2026-08-09,2026-08-09,12:58:12,2026-08-09 12:58:12,,,,,,,,69eb8f1f108d9b87368ef89d,69eb8f1f108d9b87368ef89d,,,,
37501,hover_association,2,3,adv,20,2,17,18,117, making ,1020,452,,69eb8f1f108d9b87368ef89d,69eb8f1f108d9b87368ef89d,advanced,2,69eb8f1f108d9b87368ef89d,69eb8f1f108d9b87368ef89d,spotlight_PROLIFIC,,42,brazil,Portuguese,"portuguese, english, spanish ",spanish,Portuguese:50|English:40|spanish:10,100,Portuguese:40|English:50|spanish:10,100,Portuguese:75|English:20|spanish:5,100,17,4,Bachelor's,10,10,10,6,7,9,4,20,7,17,Duolingo,150,,,,,22,25,C1,intermediate|advanced,intermediate|advanced,cambridge_22_25_intermediate_advanced,4,20,random,,433.26666259765625,1015.066650390625,473.26666259765625,1083.1333084106445,9,10,hover,216,216,0.9980415020434039,0.29333343505859377,154,,,,,,2026-08-09T15:58:12.658Z,C99S394L,2026-08-09,2026-08-09,12:58:12,2026-08-09 12:58:12,,,,,,,,69eb8f1f108d9b87368ef89d,69eb8f1f108d9b87368ef89d,,,,
37534,hover_association,2,3,adv,20,2,17,18,118, a ,1087,445,,69eb8f1f108d9b87368ef89d,69eb8f1f108d9b87368ef89d,advanced,2,69eb8f1f108d9b87368ef89d,69eb8f1f108d9b87368ef89d,spotlight_PROLIFIC,,42,brazil,Portuguese,"portuguese, english, spanish ",spanish,Portuguese:50|English:40|spanish:10,100,Portuguese:40|English:50|spanish:10,100,Portuguese:75|English:20|spanish:5,100,17,4,Bachelor's,10,10,10,6,7,9,4,20,7,17,Duolingo,150,,,,,22,25,C1,intermediate|advanced,intermediate|advanced,cambridge_22_25_intermediate_advanced,4,20,random,,433.26666259765625,1083.1333084106445,473.26666259765625,1097.916633605957,9,11,hover,33,33,0.7350640972709632,0.29333343505859377,154,,,,,,2026-08-09T15:58:12.658Z,C99S394L,2026-08-09,2026-08-09,12:58:12,2026-08-09 12:58:12,,,,,,,,69eb8f1f108d9b87368ef89d,69eb8f1f108d9b87368ef89d,,,,
37543,raw_position_sample,2,3,adv,20,2,17,18,119, living ,1101,445,1547931,69eb8f1f108d9b87368ef89d,69eb8f1f108d9b87368ef89d,advanced,2,69eb8f1f108d9b87368ef89d,69eb8f1f108d9b87368ef89d,spotlight_PROLIFIC,,42,brazil,Portuguese,"portuguese, english, spanish ",spanish,Portuguese:50|English:40|spanish:10,100,Portuguese:40|English:50|spanish:10,100,Portuguese:75|English:20|spanish:5,100,17,4,Bachelor's,10,10,10,6,7,9,4,20,7,17,Duolingo,150,,,,,22,25,C1,intermediate|advanced,intermediate|advanced,cambridge_22_25_intermediate_advanced,4,20,random,,441.26666259765625,1097.9166259765625,465.26666259765625,1147.883285522461,9,12,,,,,,,,,,,,2026-08-09T15:58:12.658Z,C99S394L,2026-08-09,2026-08-09,12:58:12,2026-08-09 12:58:12,,,,,,,,69eb8f1f108d9b87368ef89d,69eb8f1f108d9b87368ef89d,,,,
37593,raw_position_sample,2,3,adv,20,2,17,18,119, living ,1147,448,1547981,69eb8f1f108d9b87368ef89d,69eb8f1f108d9b87368ef89d,advanced,2,69eb8f1f108d9b87368ef89d,69eb8f1f108d9b87368ef89d,spotlight_PROLIFIC,,42,brazil,Portuguese,"portuguese, english, spanish ",spanish,Portuguese:50|English:40|spanish:10,100,Portuguese:40|English:50|spanish:10,100,Portuguese:75|English:20|spanish:5,100,17,4,Bachelor's,10,10,10,6,7,9,4,20,7,17,Duolingo,150,,,,,22,25,C1,intermediate|advanced,intermediate|advanced,cambridge_22_25_intermediate_advanced,4,20,random,,441.26666259765625,1097.9166259765625,465.26666259765625,1147.883285522461,9,12,,,,,,,,,,,,2026-08-09T15:58:12.658Z,C99S394L,2026-08-09,2026-08-09,12:58:12,2026-08-09 12:58:12,,,,,,,,69eb8f1f108d9b87368ef89d,69eb8f1f108d9b87368ef89d,,,,
37601,hover_association,2,3,adv,20,2,17,18,119, living ,1101,445,,69eb8f1f108d9b87368ef89d,69eb8f1f108d9b87368ef89d,advanced,2,69eb8f1f108d9b87368ef89d,69eb8f1f108d9b87368ef89d,spotlight_PROLIFIC,,42,brazil,Portuguese,"portuguese, english, spanish ",spanish,Portuguese:50|English:40|spanish:10,100,Portuguese:40|English:50|spanish:10,100,Portuguese:75|English:20|spanish:5,100,17,4,Bachelor's,10,10,10,6,7,9,4,20,7,17,Duolingo,150,,,,,22,25,C1,intermediate|advanced,intermediate|advanced,cambridge_22_25_intermediate_advanced,4,20,random,,433.26666259765625,1097.916633605957,473.26666259765625,1147.8832931518555,9,12,hover,67,67,0.9823223493448848,0.36833343505859373,154,,,,,,2026-08-09T15:58:12.658Z,C99S394L,2026-08-09,2026-08-09,12:58:12,2026-08-09 12:58:12,,,,,,,,69eb8f1f108d9b87368ef89d,69eb8f1f108d9b87368ef89d,,,,
37643,raw_position_sample,2,3,adv,20,2,17,18,120, from ,1179,450,1548031,69eb8f1f108d9b87368ef89d,69eb8f1f108d9b87368ef89d,advanced,2,69eb8f1f108d9b87368ef89d,69eb8f1f108d9b87368ef89d,spotlight_PROLIFIC,,42,brazil,Portuguese,"portuguese, english, spanish ",spanish,Portuguese:50|English:40|spanish:10,100,Portuguese:40|English:50|spanish:10,100,Portuguese:75|English:20|spanish:5,100,17,4,Bachelor's,10,10,10,6,7,9,4,20,7,17,Duolingo,150,,,,,22,25,C1,intermediate|advanced,intermediate|advanced,cambridge_22_25_intermediate_advanced,4,20,random,,441.26666259765625,1147.88330078125,465.26666259765625,1193.5499725341797,9,13,,,,,,,,,,,,2026-08-09T15:58:12.658Z,C99S394L,2026-08-09,2026-08-09,12:58:12,2026-08-09 12:58:12,,,,,,,,69eb8f1f108d9b87368ef89d,69eb8f1f108d9b87368ef89d,,,,
37693,raw_position_sample,2,3,adv,20,2,17,18,120, from ,1184,451,1548082,69eb8f1f108d9b87368ef89d,69eb8f1f108d9b87368ef89d,advanced,2,69eb8f1f108d9b87368ef89d,69eb8f1f108d9b87368ef89d,spotlight_PROLIFIC,,42,brazil,Portuguese,"portuguese, english, spanish ",spanish,Portuguese:50|English:40|spanish:10,100,Portuguese:40|English:50|spanish:10,100,Portuguese:75|English:20|spanish:5,100,17,4,Bachelor's,10,10,10,6,7,9,4,20,7,17,Duolingo,150,,,,,22,25,C1,intermediate|advanced,intermediate|advanced,cambridge_22_25_intermediate_advanced,4,20,random,,441.26666259765625,1147.88330078125,465.26666259765625,1193.5499725341797,9,13,,,,,,,,,,,,2026-08-09T15:58:12.658Z,C99S394L,2026-08-09,2026-08-09,12:58:12,2026-08-09 12:58:12,,,,,,,,69eb8f1f108d9b87368ef89d,69eb8f1f108d9b87368ef89d,,,,
37744,raw_position_sample,2,3,adv,20,2,17,18,120, from ,1187,451,1548133,69eb8f1f108d9b87368ef89d,69eb8f1f108d9b87368ef89d,advanced,2,69eb8f1f108d9b87368ef89d,69eb8f1f108d9b87368ef89d,spotlight_PROLIFIC,,42,brazil,Portuguese,"portuguese, english, spanish ",spanish,Portuguese:50|English:40|spanish:10,100,Portuguese:40|English:50|spanish:10,100,Portuguese:75|English:20|spanish:5,100,17,4,Bachelor's,10,10,10,6,7,9,4,20,7,17,Duolingo,150,,,,,22,25,C1,intermediate|advanced,intermediate|advanced,cambridge_22_25_intermediate_advanced,4,20,random,,441.26666259765625,1147.88330078125,465.26666259765625,1193.5499725341797,9,13,,,,,,,,,,,,2026-08-09T15:58:12.658Z,C99S394L,2026-08-09,2026-08-09,12:58:12,2026-08-09 12:58:12,,,,,,,,69eb8f1f108d9b87368ef89d,69eb8f1f108d9b87368ef89d,,,,
37795,raw_position_sample,2,3,adv,20,2,17,18,120, from ,1192,451,1548183,69eb8f1f108d9b87368ef89d,69eb8f1f108d9b87368ef89d,advanced,2,69eb8f1f108d9b87368ef89d,69eb8f1f108d9b87368ef89d,spotlight_PROLIFIC,,42,brazil,Portuguese,"portuguese, english, spanish ",spanish,Portuguese:50|English:40|spanish:10,100,Portuguese:40|English:50|spanish:10,100,Portuguese:75|English:20|spanish:5,100,17,4,Bachelor's,10,10,10,6,7,9,4,20,7,17,Duolingo,150,,,,,22,25,C1,intermediate|advanced,intermediate|advanced,cambridge_22_25_intermediate_advanced,4,20,random,,441.26666259765625,1147.88330078125,465.26666259765625,1193.5499725341797,9,13,,,,,,,,,,,,2026-08-09T15:58:12.658Z,C99S394L,2026-08-09,2026-08-09,12:58:12,2026-08-09 12:58:12,,,,,,,,69eb8f1f108d9b87368ef89d,69eb8f1f108d9b87368ef89d,,,,
37801,hover_association,2,3,adv,20,2,17,18,120, from ,1158,448,,69eb8f1f108d9b87368ef89d,69eb8f1f108d9b87368ef89d,advanced,2,69eb8f1f108d9b87368ef89d,69eb8f1f108d9b87368ef89d,spotlight_PROLIFIC,,42,brazil,Portuguese,"portuguese, english, spanish ",spanish,Portuguese:50|English:40|spanish:10,100,Portuguese:40|English:50|spanish:10,100,Portuguese:75|English:20|spanish:5,100,17,4,Bachelor's,10,10,10,6,7,9,4,20,7,17,Duolingo,150,,,,,22,25,C1,intermediate|advanced,intermediate|advanced,cambridge_22_25_intermediate_advanced,4,20,random,,433.26666259765625,1147.8832931518555,473.26666259765625,1193.5500106811523,9,13,hover,200,200,0.9660581980704447,0.44333343505859374,154,,,,,,2026-08-09T15:58:12.658Z,C99S394L,2026-08-09,2026-08-09,12:58:12,2026-08-09 12:58:12,,,,,,,,69eb8f1f108d9b87368ef89d,69eb8f1f108d9b87368ef89d,,,,
37844,raw_position_sample,2,3,adv,20,2,17,18,121, it ,1201,451,1548233,69eb8f1f108d9b87368ef89d,69eb8f1f108d9b87368ef89d,advanced,2,69eb8f1f108d9b87368ef89d,69eb8f1f108d9b87368ef89d,spotlight_PROLIFIC,,42,brazil,Portuguese,"portuguese, english, spanish ",spanish,Portuguese:50|English:40|spanish:10,100,Portuguese:40|English:50|spanish:10,100,Portuguese:75|English:20|spanish:5,100,17,4,Bachelor's,10,10,10,6,7,9,4,20,7,17,Duolingo,150,,,,,22,25,C1,intermediate|advanced,intermediate|advanced,cambridge_22_25_intermediate_advanced,4,20,random,,441.26666259765625,1193.550048828125,465.26666259765625,1209.3833770751953,9,14,,,,,,,,,,,,2026-08-09T15:58:12.658Z,C99S394L,2026-08-09,2026-08-09,12:58:12,2026-08-09 12:58:12,,,,,,,,69eb8f1f108d9b87368ef89d,69eb8f1f108d9b87368ef89d,,,,
37895,raw_position_sample,2,3,adv,20,2,17,18,121, it ,1208,451,1548283,69eb8f1f108d9b87368ef89d,69eb8f1f108d9b87368ef89d,advanced,2,69eb8f1f108d9b87368ef89d,69eb8f1f108d9b87368ef89d,spotlight_PROLIFIC,,42,brazil,Portuguese,"portuguese, english, spanish ",spanish,Portuguese:50|English:40|spanish:10,100,Portuguese:40|English:50|spanish:10,100,Portuguese:75|English:20|spanish:5,100,17,4,Bachelor's,10,10,10,6,7,9,4,20,7,17,Duolingo,150,,,,,22,25,C1,intermediate|advanced,intermediate|advanced,cambridge_22_25_intermediate_advanced,4,20,random,,441.26666259765625,1193.550048828125,465.26666259765625,1209.3833770751953,9,14,,,,,,,,,,,,2026-08-09T15:58:12.658Z,C99S394L,2026-08-09,2026-08-09,12:58:12,2026-08-09 12:58:12,,,,,,,,69eb8f1f108d9b87368ef89d,69eb8f1f108d9b87368ef89d,,,,
37901,hover_association,2,3,adv,20,2,17,18,121, it ,1195,451,,69eb8f1f108d9b87368ef89d,69eb8f1f108d9b87368ef89d,advanced,2,69eb8f1f108d9b87368ef89d,69eb8f1f108d9b87368ef89d,spotlight_PROLIFIC,,42,brazil,Portuguese,"portuguese, english, spanish ",spanish,Portuguese:50|English:40|spanish:10,100,Portuguese:40|English:50|spanish:10,100,Portuguese:75|English:20|spanish:5,100,17,4,Bachelor's,10,10,10,6,7,9,4,20,7,17,Duolingo,150,,,,,22,25,C1,intermediate|advanced,intermediate|advanced,cambridge_22_25_intermediate_advanced,4,20,random,,433.26666259765625,1193.5500106811523,473.26666259765625,1209.3833389282227,9,14,hover,100,100,0.9126311975197875,0.44333343505859374,154,,,,,,2026-08-09T15:58:12.658Z,C99S394L,2026-08-09,2026-08-09,12:58:12,2026-08-09 12:58:12,,,,,,,,69eb8f1f108d9b87368ef89d,69eb8f1f108d9b87368ef89d,,,,
37945,raw_position_sample,2,3,adv,20,2,17,18,122, is ,1216,451,1548333,69eb8f1f108d9b87368ef89d,69eb8f1f108d9b87368ef89d,advanced,2,69eb8f1f108d9b87368ef89d,69eb8f1f108d9b87368ef89d,spotlight_PROLIFIC,,42,brazil,Portuguese,"portuguese, english, spanish ",spanish,Portuguese:50|English:40|spanish:10,100,Portuguese:40|English:50|spanish:10,100,Portuguese:75|English:20|spanish:5,100,17,4,Bachelor's,10,10,10,6,7,9,4,20,7,17,Duolingo,150,,,,,22,25,C1,intermediate|advanced,intermediate|advanced,cambridge_22_25_intermediate_advanced,4,20,random,,441.26666259765625,1209.38330078125,465.26666259765625,1227.3332977294922,9,15,,,,,,,,,,,,2026-08-09T15:58:12.658Z,C99S394L,2026-08-09,2026-08-09,12:58:12,2026-08-09 12:58:12,,,,,,,,69eb8f1f108d9b87368ef89d,69eb8f1f108d9b87368ef89d,,,,
37995,raw_position_sample,2,3,adv,20,2,17,18,122, is ,1224,451,1548384,69eb8f1f108d9b87368ef89d,69eb8f1f108d9b87368ef89d,advanced,2,69eb8f1f108d9b87368ef89d,69eb8f1f108d9b87368ef89d,spotlight_PROLIFIC,,42,brazil,Portuguese,"portuguese, english, spanish ",spanish,Portuguese:50|English:40|spanish:10,100,Portuguese:40|English:50|spanish:10,100,Portuguese:75|English:20|spanish:5,100,17,4,Bachelor's,10,10,10,6,7,9,4,20,7,17,Duolingo,150,,,,,22,25,C1,intermediate|advanced,intermediate|advanced,cambridge_22_25_intermediate_advanced,4,20,random,,441.26666259765625,1209.38330078125,465.26666259765625,1227.3332977294922,9,15,,,,,,,,,,,,2026-08-09T15:58:12.658Z,C99S394L,2026-08-09,2026-08-09,12:58:12,2026-08-09 12:58:12,,,,,,,,69eb8f1f108d9b87368ef89d,69eb8f1f108d9b87368ef89d,,,,
38017,hover_association,2,3,adv,20,2,17,18,122, is ,1212,451,,69eb8f1f108d9b87368ef89d,69eb8f1f108d9b87368ef89d,advanced,2,69eb8f1f108d9b87368ef89d,69eb8f1f108d9b87368ef89d,spotlight_PROLIFIC,,42,brazil,Portuguese,"portuguese, english, spanish ",spanish,Portuguese:50|English:40|spanish:10,100,Portuguese:40|English:50|spanish:10,100,Portuguese:75|English:20|spanish:5,100,17,4,Bachelor's,10,10,10,6,7,9,4,20,7,17,Duolingo,150,,,,,22,25,C1,intermediate|advanced,intermediate|advanced,cambridge_22_25_intermediate_advanced,4,20,random,,433.26666259765625,1209.3833389282227,473.26666259765625,1227.3333358764648,9,15,hover,117,117,0.9257194371503548,0.44333343505859374,154,,,,,,2026-08-09T15:58:12.658Z,C99S394L,2026-08-09,2026-08-09,12:58:12,2026-08-09 12:58:12,,,,,,,,69eb8f1f108d9b87368ef89d,69eb8f1f108d9b87368ef89d,,,,
38045,raw_position_sample,2,3,adv,20,2,17,18,123, taken ,1232,451,1548434,69eb8f1f108d9b87368ef89d,69eb8f1f108d9b87368ef89d,advanced,2,69eb8f1f108d9b87368ef89d,69eb8f1f108d9b87368ef89d,spotlight_PROLIFIC,,42,brazil,Portuguese,"portuguese, english, spanish ",spanish,Portuguese:50|English:40|spanish:10,100,Portuguese:40|English:50|spanish:10,100,Portuguese:75|English:20|spanish:5,100,17,4,Bachelor's,10,10,10,6,7,9,4,20,7,17,Duolingo,150,,,,,22,25,C1,intermediate|advanced,intermediate|advanced,cambridge_22_25_intermediate_advanced,4,20,random,,441.26666259765625,1227.3333740234375,465.26666259765625,1274.8167114257812,9,16,,,,,,,,,,,,2026-08-09T15:58:12.658Z,C99S394L,2026-08-09,2026-08-09,12:58:12,2026-08-09 12:58:12,,,,,,,,69eb8f1f108d9b87368ef89d,69eb8f1f108d9b87368ef89d,,,,
38096,raw_position_sample,2,3,adv,20,2,17,18,123, taken ,1240,451,1548484,69eb8f1f108d9b87368ef89d,69eb8f1f108d9b87368ef89d,advanced,2,69eb8f1f108d9b87368ef89d,69eb8f1f108d9b87368ef89d,spotlight_PROLIFIC,,42,brazil,Portuguese,"portuguese, english, spanish ",spanish,Portuguese:50|English:40|spanish:10,100,Portuguese:40|English:50|spanish:10,100,Portuguese:75|English:20|spanish:5,100,17,4,Bachelor's,10,10,10,6,7,9,4,20,7,17,Duolingo,150,,,,,22,25,C1,intermediate|advanced,intermediate|advanced,cambridge_22_25_intermediate_advanced,4,20,random,,441.26666259765625,1227.3333740234375,465.26666259765625,1274.8167114257812,9,16,,,,,,,,,,,,2026-08-09T15:58:12.658Z,C99S394L,2026-08-09,2026-08-09,12:58:12,2026-08-09 12:58:12,,,,,,,,69eb8f1f108d9b87368ef89d,69eb8f1f108d9b87368ef89d,,,,
38147,raw_position_sample,2,3,adv,20,2,17,18,123, taken ,1240,451,1548535,69eb8f1f108d9b87368ef89d,69eb8f1f108d9b87368ef89d,advanced,2,69eb8f1f108d9b87368ef89d,69eb8f1f108d9b87368ef89d,spotlight_PROLIFIC,,42,brazil,Portuguese,"portuguese, english, spanish ",spanish,Portuguese:50|English:40|spanish:10,100,Portuguese:40|English:50|spanish:10,100,Portuguese:75|English:20|spanish:5,100,17,4,Bachelor's,10,10,10,6,7,9,4,20,7,17,Duolingo,150,,,,,22,25,C1,intermediate|advanced,intermediate|advanced,cambridge_22_25_intermediate_advanced,4,20,random,,441.26666259765625,1227.3333740234375,465.26666259765625,1274.8167114257812,9,16,,,,,,,,,,,,2026-08-09T15:58:12.658Z,C99S394L,2026-08-09,2026-08-09,12:58:12,2026-08-09 12:58:12,,,,,,,,69eb8f1f108d9b87368ef89d,69eb8f1f108d9b87368ef89d,,,,
38184,hover_association,2,3,adv,20,2,17,18,123, taken ,1230,451,,69eb8f1f108d9b87368ef89d,69eb8f1f108d9b87368ef89d,advanced,2,69eb8f1f108d9b87368ef89d,69eb8f1f108d9b87368ef89d,spotlight_PROLIFIC,,42,brazil,Portuguese,"portuguese, english, spanish ",spanish,Portuguese:50|English:40|spanish:10,100,Portuguese:40|English:50|spanish:10,100,Portuguese:75|English:20|spanish:5,100,17,4,Bachelor's,10,10,10,6,7,9,4,20,7,17,Duolingo,150,,,,,22,25,C1,intermediate|advanced,intermediate|advanced,cambridge_22_25_intermediate_advanced,4,20,random,,433.26666259765625,1227.3333358764648,473.26666259765625,1278.380599975586,9,16,hover,167,167,0.16977725009329883,0.44333343505859374,154,,,,,,2026-08-09T15:58:12.658Z,C99S394L,2026-08-09,2026-08-09,12:58:12,2026-08-09 12:58:12,,,,,,,,69eb8f1f108d9b87368ef89d,69eb8f1f108d9b87368ef89d,,,,
38197,raw_position_sample,2,3,adv,20,2,17,18,122, is ,1222,448,1548586,69eb8f1f108d9b87368ef89d,69eb8f1f108d9b87368ef89d,advanced,2,69eb8f1f108d9b87368ef89d,69eb8f1f108d9b87368ef89d,spotlight_PROLIFIC,,42,brazil,Portuguese,"portuguese, english, spanish ",spanish,Portuguese:50|English:40|spanish:10,100,Portuguese:40|English:50|spanish:10,100,Portuguese:75|English:20|spanish:5,100,17,4,Bachelor's,10,10,10,6,7,9,4,20,7,17,Duolingo,150,,,,,22,25,C1,intermediate|advanced,intermediate|advanced,cambridge_22_25_intermediate_advanced,4,20,random,,441.26666259765625,1209.38330078125,465.26666259765625,1227.3332977294922,9,15,,,,,,,,,,,,2026-08-09T15:58:12.658Z,C99S394L,2026-08-09,2026-08-09,12:58:12,2026-08-09 12:58:12,,,,,,,,69eb8f1f108d9b87368ef89d,69eb8f1f108d9b87368ef89d,,,,
38201,hover_association,2,3,adv,20,2,17,18,122, is ,1222,448,,69eb8f1f108d9b87368ef89d,69eb8f1f108d9b87368ef89d,advanced,2,69eb8f1f108d9b87368ef89d,69eb8f1f108d9b87368ef89d,spotlight_PROLIFIC,,42,brazil,Portuguese,"portuguese, english, spanish ",spanish,Portuguese:50|English:40|spanish:10,100,Portuguese:40|English:50|spanish:10,100,Portuguese:75|English:20|spanish:5,100,17,4,Bachelor's,10,10,10,6,7,9,4,20,7,17,Duolingo,150,,,,,22,25,C1,intermediate|advanced,intermediate|advanced,cambridge_22_25_intermediate_advanced,4,20,random,,433.26666259765625,1209.3833389282227,473.26666259765625,1227.3333358764648,9,15,hover,16,16,0.7028781736373984,0.36833343505859373,154,,,,,,2026-08-09T15:58:12.658Z,C99S394L,2026-08-09,2026-08-09,12:58:12,2026-08-09 12:58:12,,,,,,,,69eb8f1f108d9b87368ef89d,69eb8f1f108d9b87368ef89d,,,,
38234,hover_association,2,3,adv,20,2,17,18,120, from ,1192,444,,69eb8f1f108d9b87368ef89d,69eb8f1f108d9b87368ef89d,advanced,2,69eb8f1f108d9b87368ef89d,69eb8f1f108d9b87368ef89d,spotlight_PROLIFIC,,42,brazil,Portuguese,"portuguese, english, spanish ",spanish,Portuguese:50|English:40|spanish:10,100,Portuguese:40|English:50|spanish:10,100,Portuguese:75|English:20|spanish:5,100,17,4,Bachelor's,10,10,10,6,7,9,4,20,7,17,Duolingo,150,,,,,22,25,C1,intermediate|advanced,intermediate|advanced,cambridge_22_25_intermediate_advanced,4,20,random,,433.26666259765625,1147.8832931518555,473.26666259765625,1193.5500106811523,9,13,hover,33,33,0.17773790820278174,0.26833343505859375,154,,,,,,2026-08-09T15:58:12.658Z,C99S394L,2026-08-09,2026-08-09,12:58:12,2026-08-09 12:58:12,,,,,,,,69eb8f1f108d9b87368ef89d,69eb8f1f108d9b87368ef89d,,,,
38248,raw_position_sample,2,3,adv,20,2,17,18,119, living ,1120,445,1548636,69eb8f1f108d9b87368ef89d,69eb8f1f108d9b87368ef89d,advanced,2,69eb8f1f108d9b87368ef89d,69eb8f1f108d9b87368ef89d,spotlight_PROLIFIC,,42,brazil,Portuguese,"portuguese, english, spanish ",spanish,Portuguese:50|English:40|spanish:10,100,Portuguese:40|English:50|spanish:10,100,Portuguese:75|English:20|spanish:5,100,17,4,Bachelor's,10,10,10,6,7,9,4,20,7,17,Duolingo,150,,,,,22,25,C1,intermediate|advanced,intermediate|advanced,cambridge_22_25_intermediate_advanced,4,20,random,,441.26666259765625,1097.9166259765625,465.26666259765625,1147.883285522461,9,12,,,,,,,,,,,,2026-08-09T15:58:12.658Z,C99S394L,2026-08-09,2026-08-09,12:58:12,2026-08-09 12:58:12,,,,,,,,69eb8f1f108d9b87368ef89d,69eb8f1f108d9b87368ef89d,,,,
38251,hover_association,2,3,adv,20,2,17,18,119, living ,1120,445,,69eb8f1f108d9b87368ef89d,69eb8f1f108d9b87368ef89d,advanced,2,69eb8f1f108d9b87368ef89d,69eb8f1f108d9b87368ef89d,spotlight_PROLIFIC,,42,brazil,Portuguese,"portuguese, english, spanish ",spanish,Portuguese:50|English:40|spanish:10,100,Portuguese:40|English:50|spanish:10,100,Portuguese:75|English:20|spanish:5,100,17,4,Bachelor's,10,10,10,6,7,9,4,20,7,17,Duolingo,150,,,,,22,25,C1,intermediate|advanced,intermediate|advanced,cambridge_22_25_intermediate_advanced,4,20,random,,433.26666259765625,1097.916633605957,473.26666259765625,1147.8832931518555,9,12,hover,17,17,0.44196203217782853,0.29333343505859377,154,,,,,,2026-08-09T15:58:12.658Z,C99S394L,2026-08-09,2026-08-09,12:58:12,2026-08-09 12:58:12,,,,,,,,69eb8f1f108d9b87368ef89d,69eb8f1f108d9b87368ef89d,,,,
38267,hover_association,2,3,adv,20,2,17,18,118, a ,1087,448,,69eb8f1f108d9b87368ef89d,69eb8f1f108d9b87368ef89d,advanced,2,69eb8f1f108d9b87368ef89d,69eb8f1f108d9b87368ef89d,spotlight_PROLIFIC,,42,brazil,Portuguese,"portuguese, english, spanish ",spanish,Portuguese:50|English:40|spanish:10,100,Portuguese:40|English:50|spanish:10,100,Portuguese:75|English:20|spanish:5,100,17,4,Bachelor's,10,10,10,6,7,9,4,20,7,17,Duolingo,150,,,,,22,25,C1,intermediate|advanced,intermediate|advanced,cambridge_22_25_intermediate_advanced,4,20,random,,433.26666259765625,1083.1333084106445,473.26666259765625,1097.916633605957,9,11,hover,17,17,0.2615576359357582,0.36833343505859373,154,,,,,,2026-08-09T15:58:12.658Z,C99S394L,2026-08-09,2026-08-09,12:58:12,2026-08-09 12:58:12,,,,,,,,69eb8f1f108d9b87368ef89d,69eb8f1f108d9b87368ef89d,,,,
38298,raw_position_sample,2,3,adv,20,2,17,18,117, making ,1034,453,1548687,69eb8f1f108d9b87368ef89d,69eb8f1f108d9b87368ef89d,advanced,2,69eb8f1f108d9b87368ef89d,69eb8f1f108d9b87368ef89d,spotlight_PROLIFIC,,42,brazil,Portuguese,"portuguese, english, spanish ",spanish,Portuguese:50|English:40|spanish:10,100,Portuguese:40|English:50|spanish:10,100,Portuguese:75|English:20|spanish:5,100,17,4,Bachelor's,10,10,10,6,7,9,4,20,7,17,Duolingo,150,,,,,22,25,C1,intermediate|advanced,intermediate|advanced,cambridge_22_25_intermediate_advanced,4,20,random,,441.26666259765625,1015.066650390625,465.26666259765625,1083.133316040039,9,10,,,,,,,,,,,,2026-08-09T15:58:12.658Z,C99S394L,2026-08-09,2026-08-09,12:58:12,2026-08-09 12:58:12,,,,,,,,69eb8f1f108d9b87368ef89d,69eb8f1f108d9b87368ef89d,,,,
38300,hover_association,2,3,adv,20,2,17,18,117, making ,1059,451,,69eb8f1f108d9b87368ef89d,69eb8f1f108d9b87368ef89d,advanced,2,69eb8f1f108d9b87368ef89d,69eb8f1f108d9b87368ef89d,spotlight_PROLIFIC,,42,brazil,Portuguese,"portuguese, english, spanish ",spanish,Portuguese:50|English:40|spanish:10,100,Portuguese:40|English:50|spanish:10,100,Portuguese:75|English:20|spanish:5,100,17,4,Bachelor's,10,10,10,6,7,9,4,20,7,17,Duolingo,150,,,,,22,25,C1,intermediate|advanced,intermediate|advanced,cambridge_22_25_intermediate_advanced,4,20,random,,433.26666259765625,1015.066650390625,473.26666259765625,1083.1333084106445,9,10,hover,33,33,0.2781589424267956,0.49333343505859373,154,,,,,,2026-08-09T15:58:12.658Z,C99S394L,2026-08-09,2026-08-09,12:58:12,2026-08-09 12:58:12,,,,,,,,69eb8f1f108d9b87368ef89d,69eb8f1f108d9b87368ef89d,,,,
38318,hover_association,2,3,adv,20,2,17,18,116, of ,1010,455,,69eb8f1f108d9b87368ef89d,69eb8f1f108d9b87368ef89d,advanced,2,69eb8f1f108d9b87368ef89d,69eb8f1f108d9b87368ef89d,spotlight_PROLIFIC,,42,brazil,Portuguese,"portuguese, english, spanish ",spanish,Portuguese:50|English:40|spanish:10,100,Portuguese:40|English:50|spanish:10,100,Portuguese:75|English:20|spanish:5,100,17,4,Bachelor's,10,10,10,6,7,9,4,20,7,17,Duolingo,150,,,,,22,25,C1,intermediate|advanced,intermediate|advanced,cambridge_22_25_intermediate_advanced,4,20,random,,433.26666259765625,993.2999877929688,473.26666259765625,1015.066650390625,9,9,hover,16,16,0.7672288818787242,0.5433334350585938,154,,,,,,2026-08-09T15:58:12.658Z,C99S394L,2026-08-09,2026-08-09,12:58:12,2026-08-09 12:58:12,,,,,,,,69eb8f1f108d9b87368ef89d,69eb8f1f108d9b87368ef89d,,,,
38348,raw_position_sample,2,3,adv,20,2,17,18,115, possibility ,952,461,1548737,69eb8f1f108d9b87368ef89d,69eb8f1f108d9b87368ef89d,advanced,2,69eb8f1f108d9b87368ef89d,69eb8f1f108d9b87368ef89d,spotlight_PROLIFIC,,42,brazil,Portuguese,"portuguese, english, spanish ",spanish,Portuguese:50|English:40|spanish:10,100,Portuguese:40|English:50|spanish:10,100,Portuguese:75|English:20|spanish:5,100,17,4,Bachelor's,10,10,10,6,7,9,4,20,7,17,Duolingo,150,,,,,22,25,C1,intermediate|advanced,intermediate|advanced,cambridge_22_25_intermediate_advanced,4,20,random,,441.26666259765625,904.0833129882812,465.26666259765625,993.2999877929688,9,8,,,,,,,,,,,,2026-08-09T15:58:12.658Z,C99S394L,2026-08-09,2026-08-09,12:58:12,2026-08-09 12:58:12,,,,,,,,69eb8f1f108d9b87368ef89d,69eb8f1f108d9b87368ef89d,,,,
38367,hover_association,2,3,adv,20,2,17,18,115, possibility ,982,458,,69eb8f1f108d9b87368ef89d,69eb8f1f108d9b87368ef89d,advanced,2,69eb8f1f108d9b87368ef89d,69eb8f1f108d9b87368ef89d,spotlight_PROLIFIC,,42,brazil,Portuguese,"portuguese, english, spanish ",spanish,Portuguese:50|English:40|spanish:10,100,Portuguese:40|English:50|spanish:10,100,Portuguese:75|English:20|spanish:5,100,17,4,Bachelor's,10,10,10,6,7,9,4,20,7,17,Duolingo,150,,,,,22,25,C1,intermediate|advanced,intermediate|advanced,cambridge_22_25_intermediate_advanced,4,20,random,,433.26666259765625,904.0833053588867,473.26666259765625,993.2999877929688,9,8,hover,51,51,0.1335702507198467,0.6933334350585938,154,,,,,,2026-08-09T15:58:12.658Z,C99S394L,2026-08-09,2026-08-09,12:58:12,2026-08-09 12:58:12,,,,,,,,69eb8f1f108d9b87368ef89d,69eb8f1f108d9b87368ef89d,,,,
38384,hover_association,2,3,adv,20,2,17,18,113," that, ",856,461,,69eb8f1f108d9b87368ef89d,69eb8f1f108d9b87368ef89d,advanced,2,69eb8f1f108d9b87368ef89d,69eb8f1f108d9b87368ef89d,spotlight_PROLIFIC,,42,brazil,Portuguese,"portuguese, english, spanish ",spanish,Portuguese:50|English:40|spanish:10,100,Portuguese:40|English:50|spanish:10,100,Portuguese:75|English:20|spanish:5,100,17,4,Bachelor's,10,10,10,6,7,9,4,20,7,17,Duolingo,150,,,,,22,25,C1,intermediate|advanced,intermediate|advanced,cambridge_22_25_intermediate_advanced,4,20,random,,433.26666259765625,827.9166641235352,473.26666259765625,871.6333236694336,9,6,hover,16,16,0.6423943679177945,0.6933334350585938,154,,,,,,2026-08-09T15:58:12.658Z,C99S394L,2026-08-09,2026-08-09,12:58:12,2026-08-09 12:58:12,,,,,,,,69eb8f1f108d9b87368ef89d,69eb8f1f108d9b87368ef89d,,,,
38398,raw_position_sample,2,3,adv,20,2,17,18,112, achieve ,769,461,1548787,69eb8f1f108d9b87368ef89d,69eb8f1f108d9b87368ef89d,advanced,2,69eb8f1f108d9b87368ef89d,69eb8f1f108d9b87368ef89d,spotlight_PROLIFIC,,42,brazil,Portuguese,"portuguese, english, spanish ",spanish,Portuguese:50|English:40|spanish:10,100,Portuguese:40|English:50|spanish:10,100,Portuguese:75|English:20|spanish:5,100,17,4,Bachelor's,10,10,10,6,7,9,4,20,7,17,Duolingo,150,,,,,22,25,C1,intermediate|advanced,intermediate|advanced,cambridge_22_25_intermediate_advanced,4,20,random,,441.26666259765625,759.63330078125,465.26666259765625,827.9166412353516,9,5,,,,,,,,,,,,2026-08-09T15:58:12.658Z,C99S394L,2026-08-09,2026-08-09,12:58:12,2026-08-09 12:58:12,,,,,,,,69eb8f1f108d9b87368ef89d,69eb8f1f108d9b87368ef89d,,,,
38401,hover_association,2,3,adv,20,2,17,18,112, achieve ,769,461,,69eb8f1f108d9b87368ef89d,69eb8f1f108d9b87368ef89d,advanced,2,69eb8f1f108d9b87368ef89d,69eb8f1f108d9b87368ef89d,spotlight_PROLIFIC,,42,brazil,Portuguese,"portuguese, english, spanish ",spanish,Portuguese:50|English:40|spanish:10,100,Portuguese:40|English:50|spanish:10,100,Portuguese:75|English:20|spanish:5,100,17,4,Bachelor's,10,10,10,6,7,9,4,20,7,17,Duolingo,150,,,,,22,25,C1,intermediate|advanced,intermediate|advanced,cambridge_22_25_intermediate_advanced,4,20,random,,433.26666259765625,759.63330078125,473.26666259765625,827.9166641235352,9,5,hover,17,17,0.13717395805179353,0.6933334350585938,154,,,,,,2026-08-09T15:58:12.658Z,C99S394L,2026-08-09,2026-08-09,12:58:12,2026-08-09 12:58:12,,,,,,,,69eb8f1f108d9b87368ef89d,69eb8f1f108d9b87368ef89d,,,,
38417,hover_association,2,3,adv,20,2,17,18,110, as ,711,462,,69eb8f1f108d9b87368ef89d,69eb8f1f108d9b87368ef89d,advanced,2,69eb8f1f108d9b87368ef89d,69eb8f1f108d9b87368ef89d,spotlight_PROLIFIC,,42,brazil,Portuguese,"portuguese, english, spanish ",spanish,Portuguese:50|English:40|spanish:10,100,Portuguese:40|English:50|spanish:10,100,Portuguese:75|English:20|spanish:5,100,17,4,Bachelor's,10,10,10,6,7,9,4,20,7,17,Duolingo,150,,,,,22,25,C1,intermediate|advanced,intermediate|advanced,cambridge_22_25_intermediate_advanced,4,20,random,,433.26666259765625,694.9500045776367,473.26666259765625,718.3499984741211,9,3,hover,17,17,0.6858974191773033,0.7183334350585937,154,,,,,,2026-08-09T15:58:12.658Z,C99S394L,2026-08-09,2026-08-09,12:58:12,2026-08-09 12:58:12,,,,,,,,69eb8f1f108d9b87368ef89d,69eb8f1f108d9b87368ef89d,,,,
38434,hover_association,2,3,adv,20,2,17,18,109, soon ,661,467,,69eb8f1f108d9b87368ef89d,69eb8f1f108d9b87368ef89d,advanced,2,69eb8f1f108d9b87368ef89d,69eb8f1f108d9b87368ef89d,spotlight_PROLIFIC,,42,brazil,Portuguese,"portuguese, english, spanish ",spanish,Portuguese:50|English:40|spanish:10,100,Portuguese:40|English:50|spanish:10,100,Portuguese:75|English:20|spanish:5,100,17,4,Bachelor's,10,10,10,6,7,9,4,20,7,17,Duolingo,150,,,,,22,25,C1,intermediate|advanced,intermediate|advanced,cambridge_22_25_intermediate_advanced,4,20,random,,433.26666259765625,648.7666778564453,473.26666259765625,694.9500045776367,9,2,hover,16,16,0.2648861182609736,0.8433334350585937,154,,,,,,2026-08-09T15:58:12.658Z,C99S394L,2026-08-09,2026-08-09,12:58:12,2026-08-09 12:58:12,,,,,,,,69eb8f1f108d9b87368ef89d,69eb8f1f108d9b87368ef89d,,,,
38449,raw_position_sample,2,3,adv,20,2,17,18,108, as ,631,468,1548837,69eb8f1f108d9b87368ef89d,69eb8f1f108d9b87368ef89d,advanced,2,69eb8f1f108d9b87368ef89d,69eb8f1f108d9b87368ef89d,spotlight_PROLIFIC,,42,brazil,Portuguese,"portuguese, english, spanish ",spanish,Portuguese:50|English:40|spanish:10,100,Portuguese:40|English:50|spanish:10,100,Portuguese:75|English:20|spanish:5,100,17,4,Bachelor's,10,10,10,6,7,9,4,20,7,17,Duolingo,150,,,,,22,25,C1,intermediate|advanced,intermediate|advanced,cambridge_22_25_intermediate_advanced,4,20,random,,441.26666259765625,625.36669921875,465.26666259765625,648.7666931152344,9,1,,,,,,,,,,,,2026-08-09T15:58:12.658Z,C99S394L,2026-08-09,2026-08-09,12:58:12,2026-08-09 12:58:12,,,,,,,,69eb8f1f108d9b87368ef89d,69eb8f1f108d9b87368ef89d,,,,
38451,hover_association,2,3,adv,20,2,17,18,108, as ,631,468,,69eb8f1f108d9b87368ef89d,69eb8f1f108d9b87368ef89d,advanced,2,69eb8f1f108d9b87368ef89d,69eb8f1f108d9b87368ef89d,spotlight_PROLIFIC,,42,brazil,Portuguese,"portuguese, english, spanish ",spanish,Portuguese:50|English:40|spanish:10,100,Portuguese:40|English:50|spanish:10,100,Portuguese:75|English:20|spanish:5,100,17,4,Bachelor's,10,10,10,6,7,9,4,20,7,17,Duolingo,150,,,,,22,25,C1,intermediate|advanced,intermediate|advanced,cambridge_22_25_intermediate_advanced,4,20,random,,433.26666259765625,621.8028106689453,473.26666259765625,648.7666778564453,9,1,hover,16,16,0.34109311053565605,0.8683334350585937,154,,,,,,2026-08-09T15:58:12.658Z,C99S394L,2026-08-09,2026-08-09,12:58:12,2026-08-09 12:58:12,,,,,,,,69eb8f1f108d9b87368ef89d,69eb8f1f108d9b87368ef89d,,,,
38499,raw_position_sample,2,3,adv,20,2,17,18,-1,999,595,472,1548887,69eb8f1f108d9b87368ef89d,69eb8f1f108d9b87368ef89d,advanced,2,69eb8f1f108d9b87368ef89d,69eb8f1f108d9b87368ef89d,spotlight_PROLIFIC,,42,brazil,Portuguese,"portuguese, english, spanish ",spanish,Portuguese:50|English:40|spanish:10,100,Portuguese:40|English:50|spanish:10,100,Portuguese:75|English:20|spanish:5,100,17,4,Bachelor's,10,10,10,6,7,9,4,20,7,17,Duolingo,150,,,,,22,25,C1,intermediate|advanced,intermediate|advanced,cambridge_22_25_intermediate_advanced,4,20,random,,,,,,,,,,,,,,,,,,,2026-08-09T15:58:12.658Z,C99S394L,2026-08-09,2026-08-09,12:58:12,2026-08-09 12:58:12,,,,,,,,69eb8f1f108d9b87368ef89d,69eb8f1f108d9b87368ef89d,,,,
38549,raw_position_sample,2,3,adv,20,2,17,18,-1,999,592,474,1548938,69eb8f1f108d9b87368ef89d,69eb8f1f108d9b87368ef89d,advanced,2,69eb8f1f108d9b87368ef89d,69eb8f1f108d9b87368ef89d,spotlight_PROLIFIC,,42,brazil,Portuguese,"portuguese, english, spanish ",spanish,Portuguese:50|English:40|spanish:10,100,Portuguese:40|English:50|spanish:10,100,Portuguese:75|English:20|spanish:5,100,17,4,Bachelor's,10,10,10,6,7,9,4,20,7,17,Duolingo,150,,,,,22,25,C1,intermediate|advanced,intermediate|advanced,cambridge_22_25_intermediate_advanced,4,20,random,,,,,,,,,,,,,,,,,,,2026-08-09T15:58:12.658Z,C99S394L,2026-08-09,2026-08-09,12:58:12,2026-08-09 12:58:12,,,,,,,,69eb8f1f108d9b87368ef89d,69eb8f1f108d9b87368ef89d,,,,
38599,raw_position_sample,2,3,adv,20,2,17,18,-1,999,590,477,1548988,69eb8f1f108d9b87368ef89d,69eb8f1f108d9b87368ef89d,advanced,2,69eb8f1f108d9b87368ef89d,69eb8f1f108d9b87368ef89d,spotlight_PROLIFIC,,42,brazil,Portuguese,"portuguese, english, spanish ",spanish,Portuguese:50|English:40|spanish:10,100,Portuguese:40|English:50|spanish:10,100,Portuguese:75|English:20|spanish:5,100,17,4,Bachelor's,10,10,10,6,7,9,4,20,7,17,Duolingo,150,,,,,22,25,C1,intermediate|advanced,intermediate|advanced,cambridge_22_25_intermediate_advanced,4,20,random,,,,,,,,,,,,,,,,,,,2026-08-09T15:58:12.658Z,C99S394L,2026-08-09,2026-08-09,12:58:12,2026-08-09 12:58:12,,,,,,,,69eb8f1f108d9b87368ef89d,69eb8f1f108d9b87368ef89d,,,,
38650,raw_position_sample,2,3,adv,20,2,17,18,-1,999,590,477,1549039,69eb8f1f108d9b87368ef89d,69eb8f1f108d9b87368ef89d,advanced,2,69eb8f1f108d9b87368ef89d,69eb8f1f108d9b87368ef89d,spotlight_PROLIFIC,,42,brazil,Portuguese,"portuguese, english, spanish ",spanish,Portuguese:50|English:40|spanish:10,100,Portuguese:40|English:50|spanish:10,100,Portuguese:75|English:20|spanish:5,100,17,4,Bachelor's,10,10,10,6,7,9,4,20,7,17,Duolingo,150,,,,,22,25,C1,intermediate|advanced,intermediate|advanced,cambridge_22_25_intermediate_advanced,4,20,random,,,,,,,,,,,,,,,,,,,2026-08-09T15:58:12.658Z,C99S394L,2026-08-09,2026-08-09,12:58:12,2026-08-09 12:58:12,,,,,,,,69eb8f1f108d9b87368ef89d,69eb8f1f108d9b87368ef89d,,,,
38700,raw_position_sample,2,3,adv,20,2,17,18,-1,999,590,478,1549088,69eb8f1f108d9b87368ef89d,69eb8f1f108d9b87368ef89d,advanced,2,69eb8f1f108d9b87368ef89d,69eb8f1f108d9b87368ef89d,spotlight_PROLIFIC,,42,brazil,Portuguese,"portuguese, english, spanish ",spanish,Portuguese:50|English:40|spanish:10,100,Portuguese:40|English:50|spanish:10,100,Portuguese:75|English:20|spanish:5,100,17,4,Bachelor's,10,10,10,6,7,9,4,20,7,17,Duolingo,150,,,,,22,25,C1,intermediate|advanced,intermediate|advanced,cambridge_22_25_intermediate_advanced,4,20,random,,,,,,,,,,,,,,,,,,,2026-08-09T15:58:12.658Z,C99S394L,2026-08-09,2026-08-09,12:58:12,2026-08-09 12:58:12,,,,,,,,69eb8f1f108d9b87368ef89d,69eb8f1f108d9b87368ef89d,,,,
38751,raw_position_sample,2,3,adv,20,2,17,18,-1,999,594,481,1549139,69eb8f1f108d9b87368ef89d,69eb8f1f108d9b87368ef89d,advanced,2,69eb8f1f108d9b87368ef89d,69eb8f1f108d9b87368ef89d,spotlight_PROLIFIC,,42,brazil,Portuguese,"portuguese, english, spanish ",spanish,Portuguese:50|English:40|spanish:10,100,Portuguese:40|English:50|spanish:10,100,Portuguese:75|English:20|spanish:5,100,17,4,Bachelor's,10,10,10,6,7,9,4,20,7,17,Duolingo,150,,,,,22,25,C1,intermediate|advanced,intermediate|advanced,cambridge_22_25_intermediate_advanced,4,20,random,,,,,,,,,,,,,,,,,,,2026-08-09T15:58:12.658Z,C99S394L,2026-08-09,2026-08-09,12:58:12,2026-08-09 12:58:12,,,,,,,,69eb8f1f108d9b87368ef89d,69eb8f1f108d9b87368ef89d,,,,
38801,raw_position_sample,2,3,adv,20,2,17,18,-1,999,619,489,1549189,69eb8f1f108d9b87368ef89d,69eb8f1f108d9b87368ef89d,advanced,2,69eb8f1f108d9b87368ef89d,69eb8f1f108d9b87368ef89d,spotlight_PROLIFIC,,42,brazil,Portuguese,"portuguese, english, spanish ",spanish,Portuguese:50|English:40|spanish:10,100,Portuguese:40|English:50|spanish:10,100,Portuguese:75|English:20|spanish:5,100,17,4,Bachelor's,10,10,10,6,7,9,4,20,7,17,Duolingo,150,,,,,22,25,C1,intermediate|advanced,intermediate|advanced,cambridge_22_25_intermediate_advanced,4,20,random,,,,,,,,,,,,,,,,,,,2026-08-09T15:58:12.658Z,C99S394L,2026-08-09,2026-08-09,12:58:12,2026-08-09 12:58:12,,,,,,,,69eb8f1f108d9b87368ef89d,69eb8f1f108d9b87368ef89d,,,,
38852,raw_position_sample,2,3,adv,20,2,17,18,124, away ,652,492,1549240,69eb8f1f108d9b87368ef89d,69eb8f1f108d9b87368ef89d,advanced,2,69eb8f1f108d9b87368ef89d,69eb8f1f108d9b87368ef89d,spotlight_PROLIFIC,,42,brazil,Portuguese,"portuguese, english, spanish ",spanish,Portuguese:50|English:40|spanish:10,100,Portuguese:40|English:50|spanish:10,100,Portuguese:75|English:20|spanish:5,100,17,4,Bachelor's,10,10,10,6,7,9,4,20,7,17,Duolingo,150,,,,,22,25,C1,intermediate|advanced,intermediate|advanced,cambridge_22_25_intermediate_advanced,4,20,random,,481.26666259765625,625.36669921875,505.26666259765625,673.5833587646484,10,1,,,,,,,,,,,,2026-08-09T15:58:12.658Z,C99S394L,2026-08-09,2026-08-09,12:58:12,2026-08-09 12:58:12,,,,,,,,69eb8f1f108d9b87368ef89d,69eb8f1f108d9b87368ef89d,,,,
38902,raw_position_sample,2,3,adv,20,2,17,18,124, away ,666,492,1549290,69eb8f1f108d9b87368ef89d,69eb8f1f108d9b87368ef89d,advanced,2,69eb8f1f108d9b87368ef89d,69eb8f1f108d9b87368ef89d,spotlight_PROLIFIC,,42,brazil,Portuguese,"portuguese, english, spanish ",spanish,Portuguese:50|English:40|spanish:10,100,Portuguese:40|English:50|spanish:10,100,Portuguese:75|English:20|spanish:5,100,17,4,Bachelor's,10,10,10,6,7,9,4,20,7,17,Duolingo,150,,,,,22,25,C1,intermediate|advanced,intermediate|advanced,cambridge_22_25_intermediate_advanced,4,20,random,,481.26666259765625,625.36669921875,505.26666259765625,673.5833587646484,10,1,,,,,,,,,,,,2026-08-09T15:58:12.658Z,C99S394L,2026-08-09,2026-08-09,12:58:12,2026-08-09 12:58:12,,,,,,,,69eb8f1f108d9b87368ef89d,69eb8f1f108d9b87368ef89d,,,,
38952,raw_position_sample,2,3,adv,20,2,17,18,124, away ,671,491,1549341,69eb8f1f108d9b87368ef89d,69eb8f1f108d9b87368ef89d,advanced,2,69eb8f1f108d9b87368ef89d,69eb8f1f108d9b87368ef89d,spotlight_PROLIFIC,,42,brazil,Portuguese,"portuguese, english, spanish ",spanish,Portuguese:50|English:40|spanish:10,100,Portuguese:40|English:50|spanish:10,100,Portuguese:75|English:20|spanish:5,100,17,4,Bachelor's,10,10,10,6,7,9,4,20,7,17,Duolingo,150,,,,,22,25,C1,intermediate|advanced,intermediate|advanced,cambridge_22_25_intermediate_advanced,4,20,random,,481.26666259765625,625.36669921875,505.26666259765625,673.5833587646484,10,1,,,,,,,,,,,,2026-08-09T15:58:12.658Z,C99S394L,2026-08-09,2026-08-09,12:58:12,2026-08-09 12:58:12,,,,,,,,69eb8f1f108d9b87368ef89d,69eb8f1f108d9b87368ef89d,,,,
39002,raw_position_sample,2,3,adv,20,2,17,18,124, away ,633,494,1549391,69eb8f1f108d9b87368ef89d,69eb8f1f108d9b87368ef89d,advanced,2,69eb8f1f108d9b87368ef89d,69eb8f1f108d9b87368ef89d,spotlight_PROLIFIC,,42,brazil,Portuguese,"portuguese, english, spanish ",spanish,Portuguese:50|English:40|spanish:10,100,Portuguese:40|English:50|spanish:10,100,Portuguese:75|English:20|spanish:5,100,17,4,Bachelor's,10,10,10,6,7,9,4,20,7,17,Duolingo,150,,,,,22,25,C1,intermediate|advanced,intermediate|advanced,cambridge_22_25_intermediate_advanced,4,20,random,,481.26666259765625,625.36669921875,505.26666259765625,673.5833587646484,10,1,,,,,,,,,,,,2026-08-09T15:58:12.658Z,C99S394L,2026-08-09,2026-08-09,12:58:12,2026-08-09 12:58:12,,,,,,,,69eb8f1f108d9b87368ef89d,69eb8f1f108d9b87368ef89d,,,,
39017,hover_association,2,3,adv,20,2,17,18,124, away ,629,490,,69eb8f1f108d9b87368ef89d,69eb8f1f108d9b87368ef89d,advanced,2,69eb8f1f108d9b87368ef89d,69eb8f1f108d9b87368ef89d,spotlight_PROLIFIC,,42,brazil,Portuguese,"portuguese, english, spanish ",spanish,Portuguese:50|English:40|spanish:10,100,Portuguese:40|English:50|spanish:10,100,Portuguese:75|English:20|spanish:5,100,17,4,Bachelor's,10,10,10,6,7,9,4,20,7,17,Duolingo,150,,,,,22,25,C1,intermediate|advanced,intermediate|advanced,cambridge_22_25_intermediate_advanced,4,20,random,,473.26666259765625,621.8028106689453,513.2666625976562,673.5833358764648,10,1,hover,201,201,0.21624325528140143,0.5183334350585938,154,,,,,,2026-08-09T15:58:12.658Z,C99S394L,2026-08-09,2026-08-09,12:58:12,2026-08-09 12:58:12,,,,,,,,69eb8f1f108d9b87368ef89d,69eb8f1f108d9b87368ef89d,,,,
39053,raw_position_sample,2,3,adv,20,2,17,18,-1,999,575,494,1549442,69eb8f1f108d9b87368ef89d,69eb8f1f108d9b87368ef89d,advanced,2,69eb8f1f108d9b87368ef89d,69eb8f1f108d9b87368ef89d,spotlight_PROLIFIC,,42,brazil,Portuguese,"portuguese, english, spanish ",spanish,Portuguese:50|English:40|spanish:10,100,Portuguese:40|English:50|spanish:10,100,Portuguese:75|English:20|spanish:5,100,17,4,Bachelor's,10,10,10,6,7,9,4,20,7,17,Duolingo,150,,,,,22,25,C1,intermediate|advanced,intermediate|advanced,cambridge_22_25_intermediate_advanced,4,20,random,,,,,,,,,,,,,,,,,,,2026-08-09T15:58:12.658Z,C99S394L,2026-08-09,2026-08-09,12:58:12,2026-08-09 12:58:12,,,,,,,,69eb8f1f108d9b87368ef89d,69eb8f1f108d9b87368ef89d,,,,
39103,raw_position_sample,2,3,adv,20,2,17,18,-1,999,575,494,1549492,69eb8f1f108d9b87368ef89d,69eb8f1f108d9b87368ef89d,advanced,2,69eb8f1f108d9b87368ef89d,69eb8f1f108d9b87368ef89d,spotlight_PROLIFIC,,42,brazil,Portuguese,"portuguese, english, spanish ",spanish,Portuguese:50|English:40|spanish:10,100,Portuguese:40|English:50|spanish:10,100,Portuguese:75|English:20|spanish:5,100,17,4,Bachelor's,10,10,10,6,7,9,4,20,7,17,Duolingo,150,,,,,22,25,C1,intermediate|advanced,intermediate|advanced,cambridge_22_25_intermediate_advanced,4,20,random,,,,,,,,,,,,,,,,,,,2026-08-09T15:58:12.658Z,C99S394L,2026-08-09,2026-08-09,12:58:12,2026-08-09 12:58:12,,,,,,,,69eb8f1f108d9b87368ef89d,69eb8f1f108d9b87368ef89d,,,,
39153,raw_position_sample,2,3,adv,20,2,17,18,-1,999,575,494,1549542,69eb8f1f108d9b87368ef89d,69eb8f1f108d9b87368ef89d,advanced,2,69eb8f1f108d9b87368ef89d,69eb8f1f108d9b87368ef89d,spotlight_PROLIFIC,,42,brazil,Portuguese,"portuguese, english, spanish ",spanish,Portuguese:50|English:40|spanish:10,100,Portuguese:40|English:50|spanish:10,100,Portuguese:75|English:20|spanish:5,100,17,4,Bachelor's,10,10,10,6,7,9,4,20,7,17,Duolingo,150,,,,,22,25,C1,intermediate|advanced,intermediate|advanced,cambridge_22_25_intermediate_advanced,4,20,random,,,,,,,,,,,,,,,,,,,2026-08-09T15:58:12.658Z,C99S394L,2026-08-09,2026-08-09,12:58:12,2026-08-09 12:58:12,,,,,,,,69eb8f1f108d9b87368ef89d,69eb8f1f108d9b87368ef89d,,,,
39204,raw_position_sample,2,3,adv,20,2,17,18,-1,999,575,494,1549592,69eb8f1f108d9b87368ef89d,69eb8f1f108d9b87368ef89d,advanced,2,69eb8f1f108d9b87368ef89d,69eb8f1f108d9b87368ef89d,spotlight_PROLIFIC,,42,brazil,Portuguese,"portuguese, english, spanish ",spanish,Portuguese:50|English:40|spanish:10,100,Portuguese:40|English:50|spanish:10,100,Portuguese:75|English:20|spanish:5,100,17,4,Bachelor's,10,10,10,6,7,9,4,20,7,17,Duolingo,150,,,,,22,25,C1,intermediate|advanced,intermediate|advanced,cambridge_22_25_intermediate_advanced,4,20,random,,,,,,,,,,,,,,,,,,,2026-08-09T15:58:12.658Z,C99S394L,2026-08-09,2026-08-09,12:58:12,2026-08-09 12:58:12,,,,,,,,69eb8f1f108d9b87368ef89d,69eb8f1f108d9b87368ef89d,,,,
39254,raw_position_sample,2,3,adv,20,2,17,18,-1,999,575,494,1549642,69eb8f1f108d9b87368ef89d,69eb8f1f108d9b87368ef89d,advanced,2,69eb8f1f108d9b87368ef89d,69eb8f1f108d9b87368ef89d,spotlight_PROLIFIC,,42,brazil,Portuguese,"portuguese, english, spanish ",spanish,Portuguese:50|English:40|spanish:10,100,Portuguese:40|English:50|spanish:10,100,Portuguese:75|English:20|spanish:5,100,17,4,Bachelor's,10,10,10,6,7,9,4,20,7,17,Duolingo,150,,,,,22,25,C1,intermediate|advanced,intermediate|advanced,cambridge_22_25_intermediate_advanced,4,20,random,,,,,,,,,,,,,,,,,,,2026-08-09T15:58:12.658Z,C99S394L,2026-08-09,2026-08-09,12:58:12,2026-08-09 12:58:12,,,,,,,,69eb8f1f108d9b87368ef89d,69eb8f1f108d9b87368ef89d,,,,
39304,raw_position_sample,2,3,adv,20,2,17,18,-1,999,575,494,1549693,69eb8f1f108d9b87368ef89d,69eb8f1f108d9b87368ef89d,advanced,2,69eb8f1f108d9b87368ef89d,69eb8f1f108d9b87368ef89d,spotlight_PROLIFIC,,42,brazil,Portuguese,"portuguese, english, spanish ",spanish,Portuguese:50|English:40|spanish:10,100,Portuguese:40|English:50|spanish:10,100,Portuguese:75|English:20|spanish:5,100,17,4,Bachelor's,10,10,10,6,7,9,4,20,7,17,Duolingo,150,,,,,22,25,C1,intermediate|advanced,intermediate|advanced,cambridge_22_25_intermediate_advanced,4,20,random,,,,,,,,,,,,,,,,,,,2026-08-09T15:58:12.658Z,C99S394L,2026-08-09,2026-08-09,12:58:12,2026-08-09 12:58:12,,,,,,,,69eb8f1f108d9b87368ef89d,69eb8f1f108d9b87368ef89d,,,,
39354,raw_position_sample,2,3,adv,20,2,17,18,-1,999,596,491,1549743,69eb8f1f108d9b87368ef89d,69eb8f1f108d9b87368ef89d,advanced,2,69eb8f1f108d9b87368ef89d,69eb8f1f108d9b87368ef89d,spotlight_PROLIFIC,,42,brazil,Portuguese,"portuguese, english, spanish ",spanish,Portuguese:50|English:40|spanish:10,100,Portuguese:40|English:50|spanish:10,100,Portuguese:75|English:20|spanish:5,100,17,4,Bachelor's,10,10,10,6,7,9,4,20,7,17,Duolingo,150,,,,,22,25,C1,intermediate|advanced,intermediate|advanced,cambridge_22_25_intermediate_advanced,4,20,random,,,,,,,,,,,,,,,,,,,2026-08-09T15:58:12.658Z,C99S394L,2026-08-09,2026-08-09,12:58:12,2026-08-09 12:58:12,,,,,,,,69eb8f1f108d9b87368ef89d,69eb8f1f108d9b87368ef89d,,,,
39401,hover_association,2,3,adv,20,2,17,18,124, away ,637,474,,69eb8f1f108d9b87368ef89d,69eb8f1f108d9b87368ef89d,advanced,2,69eb8f1f108d9b87368ef89d,69eb8f1f108d9b87368ef89d,spotlight_PROLIFIC,,42,brazil,Portuguese,"portuguese, english, spanish ",spanish,Portuguese:50|English:40|spanish:10,100,Portuguese:40|English:50|spanish:10,100,Portuguese:75|English:20|spanish:5,100,17,4,Bachelor's,10,10,10,6,7,9,4,20,7,17,Duolingo,150,,,,,22,25,C1,intermediate|advanced,intermediate|advanced,cambridge_22_25_intermediate_advanced,4,20,random,,473.26666259765625,621.8028106689453,513.2666625976562,673.5833358764648,10,1,hover,17,17,0.293492375176754,0.01833343505859375,154,,,,,,2026-08-09T15:58:12.658Z,C99S394L,2026-08-09,2026-08-09,12:58:12,2026-08-09 12:58:12,,,,,,,,69eb8f1f108d9b87368ef89d,69eb8f1f108d9b87368ef89d,,,,
39405,raw_position_sample,2,3,adv,20,2,17,18,109, soon ,666,473,1549793,69eb8f1f108d9b87368ef89d,69eb8f1f108d9b87368ef89d,advanced,2,69eb8f1f108d9b87368ef89d,69eb8f1f108d9b87368ef89d,spotlight_PROLIFIC,,42,brazil,Portuguese,"portuguese, english, spanish ",spanish,Portuguese:50|English:40|spanish:10,100,Portuguese:40|English:50|spanish:10,100,Portuguese:75|English:20|spanish:5,100,17,4,Bachelor's,10,10,10,6,7,9,4,20,7,17,Duolingo,150,,,,,22,25,C1,intermediate|advanced,intermediate|advanced,cambridge_22_25_intermediate_advanced,4,20,random,,441.26666259765625,648.7666625976562,465.26666259765625,694.9499969482422,9,2,,,,,,,,,,,,2026-08-09T15:58:12.658Z,C99S394L,2026-08-09,2026-08-09,12:58:12,2026-08-09 12:58:12,,,,,,,,69eb8f1f108d9b87368ef89d,69eb8f1f108d9b87368ef89d,,,,
39417,hover_association,2,3,adv,20,2,17,18,109, soon ,666,473,,69eb8f1f108d9b87368ef89d,69eb8f1f108d9b87368ef89d,advanced,2,69eb8f1f108d9b87368ef89d,69eb8f1f108d9b87368ef89d,spotlight_PROLIFIC,,42,brazil,Portuguese,"portuguese, english, spanish ",spanish,Portuguese:50|English:40|spanish:10,100,Portuguese:40|English:50|spanish:10,100,Portuguese:75|English:20|spanish:5,100,17,4,Bachelor's,10,10,10,6,7,9,4,20,7,17,Duolingo,150,,,,,22,25,C1,intermediate|advanced,intermediate|advanced,cambridge_22_25_intermediate_advanced,4,20,random,,433.26666259765625,648.7666778564453,473.26666259765625,694.9500045776367,9,2,hover,16,16,0.37315029832286006,0.9933334350585937,154,,,,,,2026-08-09T15:58:12.658Z,C99S394L,2026-08-09,2026-08-09,12:58:12,2026-08-09 12:58:12,,,,,,,,69eb8f1f108d9b87368ef89d,69eb8f1f108d9b87368ef89d,,,,
39455,raw_position_sample,2,3,adv,20,2,17,18,125, from ,705,480,1549844,69eb8f1f108d9b87368ef89d,69eb8f1f108d9b87368ef89d,advanced,2,69eb8f1f108d9b87368ef89d,69eb8f1f108d9b87368ef89d,spotlight_PROLIFIC,,42,brazil,Portuguese,"portuguese, english, spanish ",spanish,Portuguese:50|English:40|spanish:10,100,Portuguese:40|English:50|spanish:10,100,Portuguese:75|English:20|spanish:5,100,17,4,Bachelor's,10,10,10,6,7,9,4,20,7,17,Duolingo,150,,,,,22,25,C1,intermediate|advanced,intermediate|advanced,cambridge_22_25_intermediate_advanced,4,20,random,,481.26666259765625,673.5833129882812,505.26666259765625,719.2499847412109,10,2,,,,,,,,,,,,2026-08-09T15:58:12.658Z,C99S394L,2026-08-09,2026-08-09,12:58:12,2026-08-09 12:58:12,,,,,,,,69eb8f1f108d9b87368ef89d,69eb8f1f108d9b87368ef89d,,,,
39505,raw_position_sample,2,3,adv,20,2,17,18,125, from ,716,480,1549893,69eb8f1f108d9b87368ef89d,69eb8f1f108d9b87368ef89d,advanced,2,69eb8f1f108d9b87368ef89d,69eb8f1f108d9b87368ef89d,spotlight_PROLIFIC,,42,brazil,Portuguese,"portuguese, english, spanish ",spanish,Portuguese:50|English:40|spanish:10,100,Portuguese:40|English:50|spanish:10,100,Portuguese:75|English:20|spanish:5,100,17,4,Bachelor's,10,10,10,6,7,9,4,20,7,17,Duolingo,150,,,,,22,25,C1,intermediate|advanced,intermediate|advanced,cambridge_22_25_intermediate_advanced,4,20,random,,481.26666259765625,673.5833129882812,505.26666259765625,719.2499847412109,10,2,,,,,,,,,,,,2026-08-09T15:58:12.658Z,C99S394L,2026-08-09,2026-08-09,12:58:12,2026-08-09 12:58:12,,,,,,,,69eb8f1f108d9b87368ef89d,69eb8f1f108d9b87368ef89d,,,,
39534,hover_association,2,3,adv,20,2,17,18,125, from ,686,475,,69eb8f1f108d9b87368ef89d,69eb8f1f108d9b87368ef89d,advanced,2,69eb8f1f108d9b87368ef89d,69eb8f1f108d9b87368ef89d,spotlight_PROLIFIC,,42,brazil,Portuguese,"portuguese, english, spanish ",spanish,Portuguese:50|English:40|spanish:10,100,Portuguese:40|English:50|spanish:10,100,Portuguese:75|English:20|spanish:5,100,17,4,Bachelor's,10,10,10,6,7,9,4,20,7,17,Duolingo,150,,,,,22,25,C1,intermediate|advanced,intermediate|advanced,cambridge_22_25_intermediate_advanced,4,20,random,,473.26666259765625,673.5833358764648,513.2666625976562,719.2499923706055,10,2,hover,117,117,0.9945257132928585,0.16833343505859374,154,,,,,,2026-08-09T15:58:12.658Z,C99S394L,2026-08-09,2026-08-09,12:58:12,2026-08-09 12:58:12,,,,,,,,69eb8f1f108d9b87368ef89d,69eb8f1f108d9b87368ef89d,,,,
39556,raw_position_sample,2,3,adv,20,2,17,18,126, them”. ,725,480,1549944,69eb8f1f108d9b87368ef89d,69eb8f1f108d9b87368ef89d,advanced,2,69eb8f1f108d9b87368ef89d,69eb8f1f108d9b87368ef89d,spotlight_PROLIFIC,,42,brazil,Portuguese,"portuguese, english, spanish ",spanish,Portuguese:50|English:40|spanish:10,100,Portuguese:40|English:50|spanish:10,100,Portuguese:75|English:20|spanish:5,100,17,4,Bachelor's,10,10,10,6,7,9,4,20,7,17,Duolingo,150,,,,,22,25,C1,intermediate|advanced,intermediate|advanced,cambridge_22_25_intermediate_advanced,4,20,random,,481.26666259765625,719.25,505.26666259765625,779.6333312988281,10,3,,,,,,,,,,,,2026-08-09T15:58:12.658Z,C99S394L,2026-08-09,2026-08-09,12:58:12,2026-08-09 12:58:12,,,,,,,,69eb8f1f108d9b87368ef89d,69eb8f1f108d9b87368ef89d,,,,
39606,raw_position_sample,2,3,adv,20,2,17,18,126, them”. ,727,480,1549994,69eb8f1f108d9b87368ef89d,69eb8f1f108d9b87368ef89d,advanced,2,69eb8f1f108d9b87368ef89d,69eb8f1f108d9b87368ef89d,spotlight_PROLIFIC,,42,brazil,Portuguese,"portuguese, english, spanish ",spanish,Portuguese:50|English:40|spanish:10,100,Portuguese:40|English:50|spanish:10,100,Portuguese:75|English:20|spanish:5,100,17,4,Bachelor's,10,10,10,6,7,9,4,20,7,17,Duolingo,150,,,,,22,25,C1,intermediate|advanced,intermediate|advanced,cambridge_22_25_intermediate_advanced,4,20,random,,481.26666259765625,719.25,505.26666259765625,779.6333312988281,10,3,,,,,,,,,,,,2026-08-09T15:58:12.658Z,C99S394L,2026-08-09,2026-08-09,12:58:12,2026-08-09 12:58:12,,,,,,,,69eb8f1f108d9b87368ef89d,69eb8f1f108d9b87368ef89d,,,,
39656,raw_position_sample,2,3,adv,20,2,17,18,126, them”. ,727,480,1550044,69eb8f1f108d9b87368ef89d,69eb8f1f108d9b87368ef89d,advanced,2,69eb8f1f108d9b87368ef89d,69eb8f1f108d9b87368ef89d,spotlight_PROLIFIC,,42,brazil,Portuguese,"portuguese, english, spanish ",spanish,Portuguese:50|English:40|spanish:10,100,Portuguese:40|English:50|spanish:10,100,Portuguese:75|English:20|spanish:5,100,17,4,Bachelor's,10,10,10,6,7,9,4,20,7,17,Duolingo,150,,,,,22,25,C1,intermediate|advanced,intermediate|advanced,cambridge_22_25_intermediate_advanced,4,20,random,,481.26666259765625,719.25,505.26666259765625,779.6333312988281,10,3,,,,,,,,,,,,2026-08-09T15:58:12.658Z,C99S394L,2026-08-09,2026-08-09,12:58:12,2026-08-09 12:58:12,,,,,,,,69eb8f1f108d9b87368ef89d,69eb8f1f108d9b87368ef89d,,,,
39706,raw_position_sample,2,3,adv,20,2,17,18,126, them”. ,727,480,1550095,69eb8f1f108d9b87368ef89d,69eb8f1f108d9b87368ef89d,advanced,2,69eb8f1f108d9b87368ef89d,69eb8f1f108d9b87368ef89d,spotlight_PROLIFIC,,42,brazil,Portuguese,"portuguese, english, spanish ",spanish,Portuguese:50|English:40|spanish:10,100,Portuguese:40|English:50|spanish:10,100,Portuguese:75|English:20|spanish:5,100,17,4,Bachelor's,10,10,10,6,7,9,4,20,7,17,Duolingo,150,,,,,22,25,C1,intermediate|advanced,intermediate|advanced,cambridge_22_25_intermediate_advanced,4,20,random,,481.26666259765625,719.25,505.26666259765625,779.6333312988281,10,3,,,,,,,,,,,,2026-08-09T15:58:12.658Z,C99S394L,2026-08-09,2026-08-09,12:58:12,2026-08-09 12:58:12,,,,,,,,69eb8f1f108d9b87368ef89d,69eb8f1f108d9b87368ef89d,,,,
39757,raw_position_sample,2,3,adv,20,2,17,18,126, them”. ,728,483,1550145,69eb8f1f108d9b87368ef89d,69eb8f1f108d9b87368ef89d,advanced,2,69eb8f1f108d9b87368ef89d,69eb8f1f108d9b87368ef89d,spotlight_PROLIFIC,,42,brazil,Portuguese,"portuguese, english, spanish ",spanish,Portuguese:50|English:40|spanish:10,100,Portuguese:40|English:50|spanish:10,100,Portuguese:75|English:20|spanish:5,100,17,4,Bachelor's,10,10,10,6,7,9,4,20,7,17,Duolingo,150,,,,,22,25,C1,intermediate|advanced,intermediate|advanced,cambridge_22_25_intermediate_advanced,4,20,random,,481.26666259765625,719.25,505.26666259765625,779.6333312988281,10,3,,,,,,,,,,,,2026-08-09T15:58:12.658Z,C99S394L,2026-08-09,2026-08-09,12:58:12,2026-08-09 12:58:12,,,,,,,,69eb8f1f108d9b87368ef89d,69eb8f1f108d9b87368ef89d,,,,
39807,raw_position_sample,2,3,adv,20,2,17,18,126, them”. ,731,486,1550196,69eb8f1f108d9b87368ef89d,69eb8f1f108d9b87368ef89d,advanced,2,69eb8f1f108d9b87368ef89d,69eb8f1f108d9b87368ef89d,spotlight_PROLIFIC,,42,brazil,Portuguese,"portuguese, english, spanish ",spanish,Portuguese:50|English:40|spanish:10,100,Portuguese:40|English:50|spanish:10,100,Portuguese:75|English:20|spanish:5,100,17,4,Bachelor's,10,10,10,6,7,9,4,20,7,17,Duolingo,150,,,,,22,25,C1,intermediate|advanced,intermediate|advanced,cambridge_22_25_intermediate_advanced,4,20,random,,481.26666259765625,719.25,505.26666259765625,779.6333312988281,10,3,,,,,,,,,,,,2026-08-09T15:58:12.658Z,C99S394L,2026-08-09,2026-08-09,12:58:12,2026-08-09 12:58:12,,,,,,,,69eb8f1f108d9b87368ef89d,69eb8f1f108d9b87368ef89d,,,,
39858,raw_position_sample,2,3,adv,20,2,17,18,126, them”. ,755,488,1550246,69eb8f1f108d9b87368ef89d,69eb8f1f108d9b87368ef89d,advanced,2,69eb8f1f108d9b87368ef89d,69eb8f1f108d9b87368ef89d,spotlight_PROLIFIC,,42,brazil,Portuguese,"portuguese, english, spanish ",spanish,Portuguese:50|English:40|spanish:10,100,Portuguese:40|English:50|spanish:10,100,Portuguese:75|English:20|spanish:5,100,17,4,Bachelor's,10,10,10,6,7,9,4,20,7,17,Duolingo,150,,,,,22,25,C1,intermediate|advanced,intermediate|advanced,cambridge_22_25_intermediate_advanced,4,20,random,,481.26666259765625,719.25,505.26666259765625,779.6333312988281,10,3,,,,,,,,,,,,2026-08-09T15:58:12.658Z,C99S394L,2026-08-09,2026-08-09,12:58:12,2026-08-09 12:58:12,,,,,,,,69eb8f1f108d9b87368ef89d,69eb8f1f108d9b87368ef89d,,,,
39884,hover_association,2,3,adv,20,2,17,18,126, them”. ,722,480,,69eb8f1f108d9b87368ef89d,69eb8f1f108d9b87368ef89d,advanced,2,69eb8f1f108d9b87368ef89d,69eb8f1f108d9b87368ef89d,spotlight_PROLIFIC,,42,brazil,Portuguese,"portuguese, english, spanish ",spanish,Portuguese:50|English:40|spanish:10,100,Portuguese:40|English:50|spanish:10,100,Portuguese:75|English:20|spanish:5,100,17,4,Bachelor's,10,10,10,6,7,9,4,20,7,17,Duolingo,150,,,,,22,25,C1,intermediate|advanced,intermediate|advanced,cambridge_22_25_intermediate_advanced,4,20,random,,473.26666259765625,719.2499923706055,513.2666625976562,779.6333160400391,10,3,hover,351,351,0.9232682840480264,0.41833343505859377,154,,,,,,2026-08-09T15:58:12.658Z,C99S394L,2026-08-09,2026-08-09,12:58:12,2026-08-09 12:58:12,,,,,,,,69eb8f1f108d9b87368ef89d,69eb8f1f108d9b87368ef89d,,,,
39901,hover_association,2,3,adv,20,2,17,18,127, He ,801,494,,69eb8f1f108d9b87368ef89d,69eb8f1f108d9b87368ef89d,advanced,2,69eb8f1f108d9b87368ef89d,69eb8f1f108d9b87368ef89d,spotlight_PROLIFIC,,42,brazil,Portuguese,"portuguese, english, spanish ",spanish,Portuguese:50|English:40|spanish:10,100,Portuguese:40|English:50|spanish:10,100,Portuguese:75|English:20|spanish:5,100,17,4,Bachelor's,10,10,10,6,7,9,4,20,7,17,Duolingo,150,,,,,22,25,C1,intermediate|advanced,intermediate|advanced,cambridge_22_25_intermediate_advanced,4,20,random,,473.26666259765625,779.6333160400391,513.2666625976562,807.7999801635742,10,4,hover,16,16,0.7585805641111624,0.5183334350585938,154,,,,,,2026-08-09T15:58:12.658Z,C99S394L,2026-08-09,2026-08-09,12:58:12,2026-08-09 12:58:12,,,,,,,,69eb8f1f108d9b87368ef89d,69eb8f1f108d9b87368ef89d,,,,
39908,raw_position_sample,2,3,adv,20,2,17,18,128, concludes: ,826,495,1550296,69eb8f1f108d9b87368ef89d,69eb8f1f108d9b87368ef89d,advanced,2,69eb8f1f108d9b87368ef89d,69eb8f1f108d9b87368ef89d,spotlight_PROLIFIC,,42,brazil,Portuguese,"portuguese, english, spanish ",spanish,Portuguese:50|English:40|spanish:10,100,Portuguese:40|English:50|spanish:10,100,Portuguese:75|English:20|spanish:5,100,17,4,Bachelor's,10,10,10,6,7,9,4,20,7,17,Duolingo,150,,,,,22,25,C1,intermediate|advanced,intermediate|advanced,cambridge_22_25_intermediate_advanced,4,20,random,,481.26666259765625,807.7999877929688,505.26666259765625,902.1666564941406,10,5,,,,,,,,,,,,2026-08-09T15:58:12.658Z,C99S394L,2026-08-09,2026-08-09,12:58:12,2026-08-09 12:58:12,,,,,,,,69eb8f1f108d9b87368ef89d,69eb8f1f108d9b87368ef89d,,,,
39958,raw_position_sample,2,3,adv,20,2,17,18,128, concludes: ,881,500,1550346,69eb8f1f108d9b87368ef89d,69eb8f1f108d9b87368ef89d,advanced,2,69eb8f1f108d9b87368ef89d,69eb8f1f108d9b87368ef89d,spotlight_PROLIFIC,,42,brazil,Portuguese,"portuguese, english, spanish ",spanish,Portuguese:50|English:40|spanish:10,100,Portuguese:40|English:50|spanish:10,100,Portuguese:75|English:20|spanish:5,100,17,4,Bachelor's,10,10,10,6,7,9,4,20,7,17,Duolingo,150,,,,,22,25,C1,intermediate|advanced,intermediate|advanced,cambridge_22_25_intermediate_advanced,4,20,random,,481.26666259765625,807.7999877929688,505.26666259765625,902.1666564941406,10,5,,,,,,,,,,,,2026-08-09T15:58:12.658Z,C99S394L,2026-08-09,2026-08-09,12:58:12,2026-08-09 12:58:12,,,,,,,,69eb8f1f108d9b87368ef89d,69eb8f1f108d9b87368ef89d,,,,
40008,raw_position_sample,2,3,adv,20,2,17,18,128, concludes: ,900,502,1550396,69eb8f1f108d9b87368ef89d,69eb8f1f108d9b87368ef89d,advanced,2,69eb8f1f108d9b87368ef89d,69eb8f1f108d9b87368ef89d,spotlight_PROLIFIC,,42,brazil,Portuguese,"portuguese, english, spanish ",spanish,Portuguese:50|English:40|spanish:10,100,Portuguese:40|English:50|spanish:10,100,Portuguese:75|English:20|spanish:5,100,17,4,Bachelor's,10,10,10,6,7,9,4,20,7,17,Duolingo,150,,,,,22,25,C1,intermediate|advanced,intermediate|advanced,cambridge_22_25_intermediate_advanced,4,20,random,,481.26666259765625,807.7999877929688,505.26666259765625,902.1666564941406,10,5,,,,,,,,,,,,2026-08-09T15:58:12.658Z,C99S394L,2026-08-09,2026-08-09,12:58:12,2026-08-09 12:58:12,,,,,,,,69eb8f1f108d9b87368ef89d,69eb8f1f108d9b87368ef89d,,,,
40058,raw_position_sample,2,3,adv,20,2,17,18,128, concludes: ,902,503,1550447,69eb8f1f108d9b87368ef89d,69eb8f1f108d9b87368ef89d,advanced,2,69eb8f1f108d9b87368ef89d,69eb8f1f108d9b87368ef89d,spotlight_PROLIFIC,,42,brazil,Portuguese,"portuguese, english, spanish ",spanish,Portuguese:50|English:40|spanish:10,100,Portuguese:40|English:50|spanish:10,100,Portuguese:75|English:20|spanish:5,100,17,4,Bachelor's,10,10,10,6,7,9,4,20,7,17,Duolingo,150,,,,,22,25,C1,intermediate|advanced,intermediate|advanced,cambridge_22_25_intermediate_advanced,4,20,random,,481.26666259765625,807.7999877929688,505.26666259765625,902.1666564941406,10,5,,,,,,,,,,,,2026-08-09T15:58:12.658Z,C99S394L,2026-08-09,2026-08-09,12:58:12,2026-08-09 12:58:12,,,,,,,,69eb8f1f108d9b87368ef89d,69eb8f1f108d9b87368ef89d,,,,
40109,raw_position_sample,2,3,adv,20,2,17,18,128, concludes: ,902,503,1550497,69eb8f1f108d9b87368ef89d,69eb8f1f108d9b87368ef89d,advanced,2,69eb8f1f108d9b87368ef89d,69eb8f1f108d9b87368ef89d,spotlight_PROLIFIC,,42,brazil,Portuguese,"portuguese, english, spanish ",spanish,Portuguese:50|English:40|spanish:10,100,Portuguese:40|English:50|spanish:10,100,Portuguese:75|English:20|spanish:5,100,17,4,Bachelor's,10,10,10,6,7,9,4,20,7,17,Duolingo,150,,,,,22,25,C1,intermediate|advanced,intermediate|advanced,cambridge_22_25_intermediate_advanced,4,20,random,,481.26666259765625,807.7999877929688,505.26666259765625,902.1666564941406,10,5,,,,,,,,,,,,2026-08-09T15:58:12.658Z,C99S394L,2026-08-09,2026-08-09,12:58:12,2026-08-09 12:58:12,,,,,,,,69eb8f1f108d9b87368ef89d,69eb8f1f108d9b87368ef89d,,,,
40159,raw_position_sample,2,3,adv,20,2,17,18,128, concludes: ,902,503,1550547,69eb8f1f108d9b87368ef89d,69eb8f1f108d9b87368ef89d,advanced,2,69eb8f1f108d9b87368ef89d,69eb8f1f108d9b87368ef89d,spotlight_PROLIFIC,,42,brazil,Portuguese,"portuguese, english, spanish ",spanish,Portuguese:50|English:40|spanish:10,100,Portuguese:40|English:50|spanish:10,100,Portuguese:75|English:20|spanish:5,100,17,4,Bachelor's,10,10,10,6,7,9,4,20,7,17,Duolingo,150,,,,,22,25,C1,intermediate|advanced,intermediate|advanced,cambridge_22_25_intermediate_advanced,4,20,random,,481.26666259765625,807.7999877929688,505.26666259765625,902.1666564941406,10,5,,,,,,,,,,,,2026-08-09T15:58:12.658Z,C99S394L,2026-08-09,2026-08-09,12:58:12,2026-08-09 12:58:12,,,,,,,,69eb8f1f108d9b87368ef89d,69eb8f1f108d9b87368ef89d,,,,
40209,raw_position_sample,2,3,adv,20,2,17,18,128, concludes: ,902,503,1550598,69eb8f1f108d9b87368ef89d,69eb8f1f108d9b87368ef89d,advanced,2,69eb8f1f108d9b87368ef89d,69eb8f1f108d9b87368ef89d,spotlight_PROLIFIC,,42,brazil,Portuguese,"portuguese, english, spanish ",spanish,Portuguese:50|English:40|spanish:10,100,Portuguese:40|English:50|spanish:10,100,Portuguese:75|English:20|spanish:5,100,17,4,Bachelor's,10,10,10,6,7,9,4,20,7,17,Duolingo,150,,,,,22,25,C1,intermediate|advanced,intermediate|advanced,cambridge_22_25_intermediate_advanced,4,20,random,,481.26666259765625,807.7999877929688,505.26666259765625,902.1666564941406,10,5,,,,,,,,,,,,2026-08-09T15:58:12.658Z,C99S394L,2026-08-09,2026-08-09,12:58:12,2026-08-09 12:58:12,,,,,,,,69eb8f1f108d9b87368ef89d,69eb8f1f108d9b87368ef89d,,,,
40260,raw_position_sample,2,3,adv,20,2,17,18,128, concludes: ,902,503,1550648,69eb8f1f108d9b87368ef89d,69eb8f1f108d9b87368ef89d,advanced,2,69eb8f1f108d9b87368ef89d,69eb8f1f108d9b87368ef89d,spotlight_PROLIFIC,,42,brazil,Portuguese,"portuguese, english, spanish ",spanish,Portuguese:50|English:40|spanish:10,100,Portuguese:40|English:50|spanish:10,100,Portuguese:75|English:20|spanish:5,100,17,4,Bachelor's,10,10,10,6,7,9,4,20,7,17,Duolingo,150,,,,,22,25,C1,intermediate|advanced,intermediate|advanced,cambridge_22_25_intermediate_advanced,4,20,random,,481.26666259765625,807.7999877929688,505.26666259765625,902.1666564941406,10,5,,,,,,,,,,,,2026-08-09T15:58:12.658Z,C99S394L,2026-08-09,2026-08-09,12:58:12,2026-08-09 12:58:12,,,,,,,,69eb8f1f108d9b87368ef89d,69eb8f1f108d9b87368ef89d,,,,
40310,raw_position_sample,2,3,adv,20,2,17,18,128, concludes: ,897,503,1550699,69eb8f1f108d9b87368ef89d,69eb8f1f108d9b87368ef89d,advanced,2,69eb8f1f108d9b87368ef89d,69eb8f1f108d9b87368ef89d,spotlight_PROLIFIC,,42,brazil,Portuguese,"portuguese, english, spanish ",spanish,Portuguese:50|English:40|spanish:10,100,Portuguese:40|English:50|spanish:10,100,Portuguese:75|English:20|spanish:5,100,17,4,Bachelor's,10,10,10,6,7,9,4,20,7,17,Duolingo,150,,,,,22,25,C1,intermediate|advanced,intermediate|advanced,cambridge_22_25_intermediate_advanced,4,20,random,,481.26666259765625,807.7999877929688,505.26666259765625,902.1666564941406,10,5,,,,,,,,,,,,2026-08-09T15:58:12.658Z,C99S394L,2026-08-09,2026-08-09,12:58:12,2026-08-09 12:58:12,,,,,,,,69eb8f1f108d9b87368ef89d,69eb8f1f108d9b87368ef89d,,,,
40360,raw_position_sample,2,3,adv,20,2,17,18,128, concludes: ,862,501,1550748,69eb8f1f108d9b87368ef89d,69eb8f1f108d9b87368ef89d,advanced,2,69eb8f1f108d9b87368ef89d,69eb8f1f108d9b87368ef89d,spotlight_PROLIFIC,,42,brazil,Portuguese,"portuguese, english, spanish ",spanish,Portuguese:50|English:40|spanish:10,100,Portuguese:40|English:50|spanish:10,100,Portuguese:75|English:20|spanish:5,100,17,4,Bachelor's,10,10,10,6,7,9,4,20,7,17,Duolingo,150,,,,,22,25,C1,intermediate|advanced,intermediate|advanced,cambridge_22_25_intermediate_advanced,4,20,random,,481.26666259765625,807.7999877929688,505.26666259765625,902.1666564941406,10,5,,,,,,,,,,,,2026-08-09T15:58:12.658Z,C99S394L,2026-08-09,2026-08-09,12:58:12,2026-08-09 12:58:12,,,,,,,,69eb8f1f108d9b87368ef89d,69eb8f1f108d9b87368ef89d,,,,
40410,raw_position_sample,2,3,adv,20,2,17,18,128, concludes: ,845,501,1550798,69eb8f1f108d9b87368ef89d,69eb8f1f108d9b87368ef89d,advanced,2,69eb8f1f108d9b87368ef89d,69eb8f1f108d9b87368ef89d,spotlight_PROLIFIC,,42,brazil,Portuguese,"portuguese, english, spanish ",spanish,Portuguese:50|English:40|spanish:10,100,Portuguese:40|English:50|spanish:10,100,Portuguese:75|English:20|spanish:5,100,17,4,Bachelor's,10,10,10,6,7,9,4,20,7,17,Duolingo,150,,,,,22,25,C1,intermediate|advanced,intermediate|advanced,cambridge_22_25_intermediate_advanced,4,20,random,,481.26666259765625,807.7999877929688,505.26666259765625,902.1666564941406,10,5,,,,,,,,,,,,2026-08-09T15:58:12.658Z,C99S394L,2026-08-09,2026-08-09,12:58:12,2026-08-09 12:58:12,,,,,,,,69eb8f1f108d9b87368ef89d,69eb8f1f108d9b87368ef89d,,,,
40461,raw_position_sample,2,3,adv,20,2,17,18,128, concludes: ,847,501,1550850,69eb8f1f108d9b87368ef89d,69eb8f1f108d9b87368ef89d,advanced,2,69eb8f1f108d9b87368ef89d,69eb8f1f108d9b87368ef89d,spotlight_PROLIFIC,,42,brazil,Portuguese,"portuguese, english, spanish ",spanish,Portuguese:50|English:40|spanish:10,100,Portuguese:40|English:50|spanish:10,100,Portuguese:75|English:20|spanish:5,100,17,4,Bachelor's,10,10,10,6,7,9,4,20,7,17,Duolingo,150,,,,,22,25,C1,intermediate|advanced,intermediate|advanced,cambridge_22_25_intermediate_advanced,4,20,random,,481.26666259765625,807.7999877929688,505.26666259765625,902.1666564941406,10,5,,,,,,,,,,,,2026-08-09T15:58:12.658Z,C99S394L,2026-08-09,2026-08-09,12:58:12,2026-08-09 12:58:12,,,,,,,,69eb8f1f108d9b87368ef89d,69eb8f1f108d9b87368ef89d,,,,
40511,raw_position_sample,2,3,adv,20,2,17,18,128, concludes: ,872,501,1550900,69eb8f1f108d9b87368ef89d,69eb8f1f108d9b87368ef89d,advanced,2,69eb8f1f108d9b87368ef89d,69eb8f1f108d9b87368ef89d,spotlight_PROLIFIC,,42,brazil,Portuguese,"portuguese, english, spanish ",spanish,Portuguese:50|English:40|spanish:10,100,Portuguese:40|English:50|spanish:10,100,Portuguese:75|English:20|spanish:5,100,17,4,Bachelor's,10,10,10,6,7,9,4,20,7,17,Duolingo,150,,,,,22,25,C1,intermediate|advanced,intermediate|advanced,cambridge_22_25_intermediate_advanced,4,20,random,,481.26666259765625,807.7999877929688,505.26666259765625,902.1666564941406,10,5,,,,,,,,,,,,2026-08-09T15:58:12.658Z,C99S394L,2026-08-09,2026-08-09,12:58:12,2026-08-09 12:58:12,,,,,,,,69eb8f1f108d9b87368ef89d,69eb8f1f108d9b87368ef89d,,,,
40534,hover_association,2,3,adv,20,2,17,18,128, concludes: ,826,495,,69eb8f1f108d9b87368ef89d,69eb8f1f108d9b87368ef89d,advanced,2,69eb8f1f108d9b87368ef89d,69eb8f1f108d9b87368ef89d,spotlight_PROLIFIC,,42,brazil,Portuguese,"portuguese, english, spanish ",spanish,Portuguese:50|English:40|spanish:10,100,Portuguese:40|English:50|spanish:10,100,Portuguese:75|English:20|spanish:5,100,17,4,Bachelor's,10,10,10,6,7,9,4,20,7,17,Duolingo,150,,,,,22,25,C1,intermediate|advanced,intermediate|advanced,cambridge_22_25_intermediate_advanced,4,20,random,,473.26666259765625,807.7999801635742,513.2666625976562,902.1666717529297,10,5,hover,634,634,0.9134581109564841,0.6933334350585938,154,,,,,,2026-08-09T15:58:12.658Z,C99S394L,2026-08-09,2026-08-09,12:58:12,2026-08-09 12:58:12,,,,,,,,69eb8f1f108d9b87368ef89d,69eb8f1f108d9b87368ef89d,,,,
40551,hover_association,2,3,adv,20,2,17,18,129, “The ,920,501,,69eb8f1f108d9b87368ef89d,69eb8f1f108d9b87368ef89d,advanced,2,69eb8f1f108d9b87368ef89d,69eb8f1f108d9b87368ef89d,spotlight_PROLIFIC,,42,brazil,Portuguese,"portuguese, english, spanish ",spanish,Portuguese:50|English:40|spanish:10,100,Portuguese:40|English:50|spanish:10,100,Portuguese:75|English:20|spanish:5,100,17,4,Bachelor's,10,10,10,6,7,9,4,20,7,17,Duolingo,150,,,,,22,25,C1,intermediate|advanced,intermediate|advanced,cambridge_22_25_intermediate_advanced,4,20,random,,473.26666259765625,902.1666717529297,513.2666625976562,944.933349609375,10,6,hover,16,16,0.4169911983093789,0.6933334350585938,154,,,,,,2026-08-09T15:58:12.658Z,C99S394L,2026-08-09,2026-08-09,12:58:12,2026-08-09 12:58:12,,,,,,,,69eb8f1f108d9b87368ef89d,69eb8f1f108d9b87368ef89d,,,,
40561,raw_position_sample,2,3,adv,20,2,17,18,130, principle ,957,501,1550950,69eb8f1f108d9b87368ef89d,69eb8f1f108d9b87368ef89d,advanced,2,69eb8f1f108d9b87368ef89d,69eb8f1f108d9b87368ef89d,spotlight_PROLIFIC,,42,brazil,Portuguese,"portuguese, english, spanish ",spanish,Portuguese:50|English:40|spanish:10,100,Portuguese:40|English:50|spanish:10,100,Portuguese:75|English:20|spanish:5,100,17,4,Bachelor's,10,10,10,6,7,9,4,20,7,17,Duolingo,150,,,,,22,25,C1,intermediate|advanced,intermediate|advanced,cambridge_22_25_intermediate_advanced,4,20,random,,481.26666259765625,944.933349609375,505.26666259765625,1023.0333557128906,10,7,,,,,,,,,,,,2026-08-09T15:58:12.658Z,C99S394L,2026-08-09,2026-08-09,12:58:12,2026-08-09 12:58:12,,,,,,,,69eb8f1f108d9b87368ef89d,69eb8f1f108d9b87368ef89d,,,,
40584,hover_association,2,3,adv,20,2,17,18,130, principle ,957,501,,69eb8f1f108d9b87368ef89d,69eb8f1f108d9b87368ef89d,advanced,2,69eb8f1f108d9b87368ef89d,69eb8f1f108d9b87368ef89d,spotlight_PROLIFIC,,42,brazil,Portuguese,"portuguese, english, spanish ",spanish,Portuguese:50|English:40|spanish:10,100,Portuguese:40|English:50|spanish:10,100,Portuguese:75|English:20|spanish:5,100,17,4,Bachelor's,10,10,10,6,7,9,4,20,7,17,Duolingo,150,,,,,22,25,C1,intermediate|advanced,intermediate|advanced,cambridge_22_25_intermediate_advanced,4,20,random,,473.26666259765625,944.933349609375,513.2666625976562,1023.0333404541016,10,7,hover,33,33,0.6026460423561371,0.5933334350585937,154,,,,,,2026-08-09T15:58:12.658Z,C99S394L,2026-08-09,2026-08-09,12:58:12,2026-08-09 12:58:12,,,,,,,,69eb8f1f108d9b87368ef89d,69eb8f1f108d9b87368ef89d,,,,
40601,hover_association,2,3,adv,20,2,17,18,131, is ,1028,491,,69eb8f1f108d9b87368ef89d,69eb8f1f108d9b87368ef89d,advanced,2,69eb8f1f108d9b87368ef89d,69eb8f1f108d9b87368ef89d,spotlight_PROLIFIC,,42,brazil,Portuguese,"portuguese, english, spanish ",spanish,Portuguese:50|English:40|spanish:10,100,Portuguese:40|English:50|spanish:10,100,Portuguese:75|English:20|spanish:5,100,17,4,Bachelor's,10,10,10,6,7,9,4,20,7,17,Duolingo,150,,,,,22,25,C1,intermediate|advanced,intermediate|advanced,cambridge_22_25_intermediate_advanced,4,20,random,,473.26666259765625,1023.0333404541016,513.2666625976562,1040.9833602905273,10,8,hover,17,17,0.27669381934718806,0.44333343505859374,154,,,,,,2026-08-09T15:58:12.658Z,C99S394L,2026-08-09,2026-08-09,12:58:12,2026-08-09 12:58:12,,,,,,,,69eb8f1f108d9b87368ef89d,69eb8f1f108d9b87368ef89d,,,,
40612,raw_position_sample,2,3,adv,20,2,17,18,132," simple, ",1041,490,1551000,69eb8f1f108d9b87368ef89d,69eb8f1f108d9b87368ef89d,advanced,2,69eb8f1f108d9b87368ef89d,69eb8f1f108d9b87368ef89d,spotlight_PROLIFIC,,42,brazil,Portuguese,"portuguese, english, spanish ",spanish,Portuguese:50|English:40|spanish:10,100,Portuguese:40|English:50|spanish:10,100,Portuguese:75|English:20|spanish:5,100,17,4,Bachelor's,10,10,10,6,7,9,4,20,7,17,Duolingo,150,,,,,22,25,C1,intermediate|advanced,intermediate|advanced,cambridge_22_25_intermediate_advanced,4,20,random,,481.26666259765625,1040.9833984375,505.26666259765625,1106.4500579833984,10,9,,,,,,,,,,,,2026-08-09T15:58:12.658Z,C99S394L,2026-08-09,2026-08-09,12:58:12,2026-08-09 12:58:12,,,,,,,,69eb8f1f108d9b87368ef89d,69eb8f1f108d9b87368ef89d,,,,
40662,raw_position_sample,2,3,adv,20,2,17,18,132," simple, ",1044,488,1551050,69eb8f1f108d9b87368ef89d,69eb8f1f108d9b87368ef89d,advanced,2,69eb8f1f108d9b87368ef89d,69eb8f1f108d9b87368ef89d,spotlight_PROLIFIC,,42,brazil,Portuguese,"portuguese, english, spanish ",spanish,Portuguese:50|English:40|spanish:10,100,Portuguese:40|English:50|spanish:10,100,Portuguese:75|English:20|spanish:5,100,17,4,Bachelor's,10,10,10,6,7,9,4,20,7,17,Duolingo,150,,,,,22,25,C1,intermediate|advanced,intermediate|advanced,cambridge_22_25_intermediate_advanced,4,20,random,,481.26666259765625,1040.9833984375,505.26666259765625,1106.4500579833984,10,9,,,,,,,,,,,,2026-08-09T15:58:12.658Z,C99S394L,2026-08-09,2026-08-09,12:58:12,2026-08-09 12:58:12,,,,,,,,69eb8f1f108d9b87368ef89d,69eb8f1f108d9b87368ef89d,,,,
40712,raw_position_sample,2,3,adv,20,2,17,18,132," simple, ",1044,488,1551100,69eb8f1f108d9b87368ef89d,69eb8f1f108d9b87368ef89d,advanced,2,69eb8f1f108d9b87368ef89d,69eb8f1f108d9b87368ef89d,spotlight_PROLIFIC,,42,brazil,Portuguese,"portuguese, english, spanish ",spanish,Portuguese:50|English:40|spanish:10,100,Portuguese:40|English:50|spanish:10,100,Portuguese:75|English:20|spanish:5,100,17,4,Bachelor's,10,10,10,6,7,9,4,20,7,17,Duolingo,150,,,,,22,25,C1,intermediate|advanced,intermediate|advanced,cambridge_22_25_intermediate_advanced,4,20,random,,481.26666259765625,1040.9833984375,505.26666259765625,1106.4500579833984,10,9,,,,,,,,,,,,2026-08-09T15:58:12.658Z,C99S394L,2026-08-09,2026-08-09,12:58:12,2026-08-09 12:58:12,,,,,,,,69eb8f1f108d9b87368ef89d,69eb8f1f108d9b87368ef89d,,,,
40762,raw_position_sample,2,3,adv,20,2,17,18,132," simple, ",1044,488,1551151,69eb8f1f108d9b87368ef89d,69eb8f1f108d9b87368ef89d,advanced,2,69eb8f1f108d9b87368ef89d,69eb8f1f108d9b87368ef89d,spotlight_PROLIFIC,,42,brazil,Portuguese,"portuguese, english, spanish ",spanish,Portuguese:50|English:40|spanish:10,100,Portuguese:40|English:50|spanish:10,100,Portuguese:75|English:20|spanish:5,100,17,4,Bachelor's,10,10,10,6,7,9,4,20,7,17,Duolingo,150,,,,,22,25,C1,intermediate|advanced,intermediate|advanced,cambridge_22_25_intermediate_advanced,4,20,random,,481.26666259765625,1040.9833984375,505.26666259765625,1106.4500579833984,10,9,,,,,,,,,,,,2026-08-09T15:58:12.658Z,C99S394L,2026-08-09,2026-08-09,12:58:12,2026-08-09 12:58:12,,,,,,,,69eb8f1f108d9b87368ef89d,69eb8f1f108d9b87368ef89d,,,,
40813,raw_position_sample,2,3,adv,20,2,17,18,132," simple, ",1044,488,1551201,69eb8f1f108d9b87368ef89d,69eb8f1f108d9b87368ef89d,advanced,2,69eb8f1f108d9b87368ef89d,69eb8f1f108d9b87368ef89d,spotlight_PROLIFIC,,42,brazil,Portuguese,"portuguese, english, spanish ",spanish,Portuguese:50|English:40|spanish:10,100,Portuguese:40|English:50|spanish:10,100,Portuguese:75|English:20|spanish:5,100,17,4,Bachelor's,10,10,10,6,7,9,4,20,7,17,Duolingo,150,,,,,22,25,C1,intermediate|advanced,intermediate|advanced,cambridge_22_25_intermediate_advanced,4,20,random,,481.26666259765625,1040.9833984375,505.26666259765625,1106.4500579833984,10,9,,,,,,,,,,,,2026-08-09T15:58:12.658Z,C99S394L,2026-08-09,2026-08-09,12:58:12,2026-08-09 12:58:12,,,,,,,,69eb8f1f108d9b87368ef89d,69eb8f1f108d9b87368ef89d,,,,
40862,raw_position_sample,2,3,adv,20,2,17,18,132," simple, ",1044,488,1551251,69eb8f1f108d9b87368ef89d,69eb8f1f108d9b87368ef89d,advanced,2,69eb8f1f108d9b87368ef89d,69eb8f1f108d9b87368ef89d,spotlight_PROLIFIC,,42,brazil,Portuguese,"portuguese, english, spanish ",spanish,Portuguese:50|English:40|spanish:10,100,Portuguese:40|English:50|spanish:10,100,Portuguese:75|English:20|spanish:5,100,17,4,Bachelor's,10,10,10,6,7,9,4,20,7,17,Duolingo,150,,,,,22,25,C1,intermediate|advanced,intermediate|advanced,cambridge_22_25_intermediate_advanced,4,20,random,,481.26666259765625,1040.9833984375,505.26666259765625,1106.4500579833984,10,9,,,,,,,,,,,,2026-08-09T15:58:12.658Z,C99S394L,2026-08-09,2026-08-09,12:58:12,2026-08-09 12:58:12,,,,,,,,69eb8f1f108d9b87368ef89d,69eb8f1f108d9b87368ef89d,,,,
40913,raw_position_sample,2,3,adv,20,2,17,18,132," simple, ",1048,488,1551301,69eb8f1f108d9b87368ef89d,69eb8f1f108d9b87368ef89d,advanced,2,69eb8f1f108d9b87368ef89d,69eb8f1f108d9b87368ef89d,spotlight_PROLIFIC,,42,brazil,Portuguese,"portuguese, english, spanish ",spanish,Portuguese:50|English:40|spanish:10,100,Portuguese:40|English:50|spanish:10,100,Portuguese:75|English:20|spanish:5,100,17,4,Bachelor's,10,10,10,6,7,9,4,20,7,17,Duolingo,150,,,,,22,25,C1,intermediate|advanced,intermediate|advanced,cambridge_22_25_intermediate_advanced,4,20,random,,481.26666259765625,1040.9833984375,505.26666259765625,1106.4500579833984,10,9,,,,,,,,,,,,2026-08-09T15:58:12.658Z,C99S394L,2026-08-09,2026-08-09,12:58:12,2026-08-09 12:58:12,,,,,,,,69eb8f1f108d9b87368ef89d,69eb8f1f108d9b87368ef89d,,,,
40963,raw_position_sample,2,3,adv,20,2,17,18,132," simple, ",1049,488,1551352,69eb8f1f108d9b87368ef89d,69eb8f1f108d9b87368ef89d,advanced,2,69eb8f1f108d9b87368ef89d,69eb8f1f108d9b87368ef89d,spotlight_PROLIFIC,,42,brazil,Portuguese,"portuguese, english, spanish ",spanish,Portuguese:50|English:40|spanish:10,100,Portuguese:40|English:50|spanish:10,100,Portuguese:75|English:20|spanish:5,100,17,4,Bachelor's,10,10,10,6,7,9,4,20,7,17,Duolingo,150,,,,,22,25,C1,intermediate|advanced,intermediate|advanced,cambridge_22_25_intermediate_advanced,4,20,random,,481.26666259765625,1040.9833984375,505.26666259765625,1106.4500579833984,10,9,,,,,,,,,,,,2026-08-09T15:58:12.658Z,C99S394L,2026-08-09,2026-08-09,12:58:12,2026-08-09 12:58:12,,,,,,,,69eb8f1f108d9b87368ef89d,69eb8f1f108d9b87368ef89d,,,,
41014,raw_position_sample,2,3,adv,20,2,17,18,132," simple, ",1049,488,1551402,69eb8f1f108d9b87368ef89d,69eb8f1f108d9b87368ef89d,advanced,2,69eb8f1f108d9b87368ef89d,69eb8f1f108d9b87368ef89d,spotlight_PROLIFIC,,42,brazil,Portuguese,"portuguese, english, spanish ",spanish,Portuguese:50|English:40|spanish:10,100,Portuguese:40|English:50|spanish:10,100,Portuguese:75|English:20|spanish:5,100,17,4,Bachelor's,10,10,10,6,7,9,4,20,7,17,Duolingo,150,,,,,22,25,C1,intermediate|advanced,intermediate|advanced,cambridge_22_25_intermediate_advanced,4,20,random,,481.26666259765625,1040.9833984375,505.26666259765625,1106.4500579833984,10,9,,,,,,,,,,,,2026-08-09T15:58:12.658Z,C99S394L,2026-08-09,2026-08-09,12:58:12,2026-08-09 12:58:12,,,,,,,,69eb8f1f108d9b87368ef89d,69eb8f1f108d9b87368ef89d,,,,
41051,hover_association,2,3,adv,20,2,17,18,132," simple, ",1041,490,,69eb8f1f108d9b87368ef89d,69eb8f1f108d9b87368ef89d,advanced,2,69eb8f1f108d9b87368ef89d,69eb8f1f108d9b87368ef89d,spotlight_PROLIFIC,,42,brazil,Portuguese,"portuguese, english, spanish ",spanish,Portuguese:50|English:40|spanish:10,100,Portuguese:40|English:50|spanish:10,100,Portuguese:75|English:20|spanish:5,100,17,4,Bachelor's,10,10,10,6,7,9,4,20,7,17,Duolingo,150,,,,,22,25,C1,intermediate|advanced,intermediate|advanced,cambridge_22_25_intermediate_advanced,4,20,random,,473.26666259765625,1040.9833602905273,513.2666625976562,1106.4500045776367,10,9,hover,450,450,0.030804079412234973,0.36833343505859373,154,,,,,,2026-08-09T15:58:12.658Z,C99S394L,2026-08-09,2026-08-09,12:58:12,2026-08-09 12:58:12,,,,,,,,69eb8f1f108d9b87368ef89d,69eb8f1f108d9b87368ef89d,,,,
41064,raw_position_sample,2,3,adv,20,2,17,18,131, is ,1028,488,1551452,69eb8f1f108d9b87368ef89d,69eb8f1f108d9b87368ef89d,advanced,2,69eb8f1f108d9b87368ef89d,69eb8f1f108d9b87368ef89d,spotlight_PROLIFIC,,42,brazil,Portuguese,"portuguese, english, spanish ",spanish,Portuguese:50|English:40|spanish:10,100,Portuguese:40|English:50|spanish:10,100,Portuguese:75|English:20|spanish:5,100,17,4,Bachelor's,10,10,10,6,7,9,4,20,7,17,Duolingo,150,,,,,22,25,C1,intermediate|advanced,intermediate|advanced,cambridge_22_25_intermediate_advanced,4,20,random,,481.26666259765625,1023.0333251953125,505.26666259765625,1040.9833221435547,10,8,,,,,,,,,,,,2026-08-09T15:58:12.658Z,C99S394L,2026-08-09,2026-08-09,12:58:12,2026-08-09 12:58:12,,,,,,,,69eb8f1f108d9b87368ef89d,69eb8f1f108d9b87368ef89d,,,,
41067,hover_association,2,3,adv,20,2,17,18,131, is ,1028,488,,69eb8f1f108d9b87368ef89d,69eb8f1f108d9b87368ef89d,advanced,2,69eb8f1f108d9b87368ef89d,69eb8f1f108d9b87368ef89d,spotlight_PROLIFIC,,42,brazil,Portuguese,"portuguese, english, spanish ",spanish,Portuguese:50|English:40|spanish:10,100,Portuguese:40|English:50|spanish:10,100,Portuguese:75|English:20|spanish:5,100,17,4,Bachelor's,10,10,10,6,7,9,4,20,7,17,Duolingo,150,,,,,22,25,C1,intermediate|advanced,intermediate|advanced,cambridge_22_25_intermediate_advanced,4,20,random,,473.26666259765625,1023.0333404541016,513.2666625976562,1040.9833602905273,10,8,hover,17,17,0.27669381934718806,0.36833343505859373,154,,,,,,2026-08-09T15:58:12.658Z,C99S394L,2026-08-09,2026-08-09,12:58:12,2026-08-09 12:58:12,,,,,,,,69eb8f1f108d9b87368ef89d,69eb8f1f108d9b87368ef89d,,,,
41114,raw_position_sample,2,3,adv,20,2,17,18,130, principle ,968,489,1551503,69eb8f1f108d9b87368ef89d,69eb8f1f108d9b87368ef89d,advanced,2,69eb8f1f108d9b87368ef89d,69eb8f1f108d9b87368ef89d,spotlight_PROLIFIC,,42,brazil,Portuguese,"portuguese, english, spanish ",spanish,Portuguese:50|English:40|spanish:10,100,Portuguese:40|English:50|spanish:10,100,Portuguese:75|English:20|spanish:5,100,17,4,Bachelor's,10,10,10,6,7,9,4,20,7,17,Duolingo,150,,,,,22,25,C1,intermediate|advanced,intermediate|advanced,cambridge_22_25_intermediate_advanced,4,20,random,,481.26666259765625,944.933349609375,505.26666259765625,1023.0333557128906,10,7,,,,,,,,,,,,2026-08-09T15:58:12.658Z,C99S394L,2026-08-09,2026-08-09,12:58:12,2026-08-09 12:58:12,,,,,,,,69eb8f1f108d9b87368ef89d,69eb8f1f108d9b87368ef89d,,,,
41134,hover_association,2,3,adv,20,2,17,18,130, principle ,1009,488,,69eb8f1f108d9b87368ef89d,69eb8f1f108d9b87368ef89d,advanced,2,69eb8f1f108d9b87368ef89d,69eb8f1f108d9b87368ef89d,spotlight_PROLIFIC,,42,brazil,Portuguese,"portuguese, english, spanish ",spanish,Portuguese:50|English:40|spanish:10,100,Portuguese:40|English:50|spanish:10,100,Portuguese:75|English:20|spanish:5,100,17,4,Bachelor's,10,10,10,6,7,9,4,20,7,17,Duolingo,150,,,,,22,25,C1,intermediate|advanced,intermediate|advanced,cambridge_22_25_intermediate_advanced,4,20,random,,473.26666259765625,944.933349609375,513.2666625976562,1023.0333404541016,10,7,hover,66,66,0.09048208987212898,0.44333343505859374,154,,,,,,2026-08-09T15:58:12.658Z,C99S394L,2026-08-09,2026-08-09,12:58:12,2026-08-09 12:58:12,,,,,,,,69eb8f1f108d9b87368ef89d,69eb8f1f108d9b87368ef89d,,,,
41164,raw_position_sample,2,3,adv,20,2,17,18,129, “The ,940,493,1551552,69eb8f1f108d9b87368ef89d,69eb8f1f108d9b87368ef89d,advanced,2,69eb8f1f108d9b87368ef89d,69eb8f1f108d9b87368ef89d,spotlight_PROLIFIC,,42,brazil,Portuguese,"portuguese, english, spanish ",spanish,Portuguese:50|English:40|spanish:10,100,Portuguese:40|English:50|spanish:10,100,Portuguese:75|English:20|spanish:5,100,17,4,Bachelor's,10,10,10,6,7,9,4,20,7,17,Duolingo,150,,,,,22,25,C1,intermediate|advanced,intermediate|advanced,cambridge_22_25_intermediate_advanced,4,20,random,,481.26666259765625,902.1666870117188,505.26666259765625,944.933349609375,10,6,,,,,,,,,,,,2026-08-09T15:58:12.658Z,C99S394L,2026-08-09,2026-08-09,12:58:12,2026-08-09 12:58:12,,,,,,,,69eb8f1f108d9b87368ef89d,69eb8f1f108d9b87368ef89d,,,,
41215,raw_position_sample,2,3,adv,20,2,17,18,129, “The ,940,493,1551603,69eb8f1f108d9b87368ef89d,69eb8f1f108d9b87368ef89d,advanced,2,69eb8f1f108d9b87368ef89d,69eb8f1f108d9b87368ef89d,spotlight_PROLIFIC,,42,brazil,Portuguese,"portuguese, english, spanish ",spanish,Portuguese:50|English:40|spanish:10,100,Portuguese:40|English:50|spanish:10,100,Portuguese:75|English:20|spanish:5,100,17,4,Bachelor's,10,10,10,6,7,9,4,20,7,17,Duolingo,150,,,,,22,25,C1,intermediate|advanced,intermediate|advanced,cambridge_22_25_intermediate_advanced,4,20,random,,481.26666259765625,902.1666870117188,505.26666259765625,944.933349609375,10,6,,,,,,,,,,,,2026-08-09T15:58:12.658Z,C99S394L,2026-08-09,2026-08-09,12:58:12,2026-08-09 12:58:12,,,,,,,,69eb8f1f108d9b87368ef89d,69eb8f1f108d9b87368ef89d,,,,
41265,raw_position_sample,2,3,adv,20,2,17,18,129, “The ,940,493,1551653,69eb8f1f108d9b87368ef89d,69eb8f1f108d9b87368ef89d,advanced,2,69eb8f1f108d9b87368ef89d,69eb8f1f108d9b87368ef89d,spotlight_PROLIFIC,,42,brazil,Portuguese,"portuguese, english, spanish ",spanish,Portuguese:50|English:40|spanish:10,100,Portuguese:40|English:50|spanish:10,100,Portuguese:75|English:20|spanish:5,100,17,4,Bachelor's,10,10,10,6,7,9,4,20,7,17,Duolingo,150,,,,,22,25,C1,intermediate|advanced,intermediate|advanced,cambridge_22_25_intermediate_advanced,4,20,random,,481.26666259765625,902.1666870117188,505.26666259765625,944.933349609375,10,6,,,,,,,,,,,,2026-08-09T15:58:12.658Z,C99S394L,2026-08-09,2026-08-09,12:58:12,2026-08-09 12:58:12,,,,,,,,69eb8f1f108d9b87368ef89d,69eb8f1f108d9b87368ef89d,,,,
41315,raw_position_sample,2,3,adv,20,2,17,18,129, “The ,940,493,1551704,69eb8f1f108d9b87368ef89d,69eb8f1f108d9b87368ef89d,advanced,2,69eb8f1f108d9b87368ef89d,69eb8f1f108d9b87368ef89d,spotlight_PROLIFIC,,42,brazil,Portuguese,"portuguese, english, spanish ",spanish,Portuguese:50|English:40|spanish:10,100,Portuguese:40|English:50|spanish:10,100,Portuguese:75|English:20|spanish:5,100,17,4,Bachelor's,10,10,10,6,7,9,4,20,7,17,Duolingo,150,,,,,22,25,C1,intermediate|advanced,intermediate|advanced,cambridge_22_25_intermediate_advanced,4,20,random,,481.26666259765625,902.1666870117188,505.26666259765625,944.933349609375,10,6,,,,,,,,,,,,2026-08-09T15:58:12.658Z,C99S394L,2026-08-09,2026-08-09,12:58:12,2026-08-09 12:58:12,,,,,,,,69eb8f1f108d9b87368ef89d,69eb8f1f108d9b87368ef89d,,,,
41365,raw_position_sample,2,3,adv,20,2,17,18,129, “The ,940,493,1551754,69eb8f1f108d9b87368ef89d,69eb8f1f108d9b87368ef89d,advanced,2,69eb8f1f108d9b87368ef89d,69eb8f1f108d9b87368ef89d,spotlight_PROLIFIC,,42,brazil,Portuguese,"portuguese, english, spanish ",spanish,Portuguese:50|English:40|spanish:10,100,Portuguese:40|English:50|spanish:10,100,Portuguese:75|English:20|spanish:5,100,17,4,Bachelor's,10,10,10,6,7,9,4,20,7,17,Duolingo,150,,,,,22,25,C1,intermediate|advanced,intermediate|advanced,cambridge_22_25_intermediate_advanced,4,20,random,,481.26666259765625,902.1666870117188,505.26666259765625,944.933349609375,10,6,,,,,,,,,,,,2026-08-09T15:58:12.658Z,C99S394L,2026-08-09,2026-08-09,12:58:12,2026-08-09 12:58:12,,,,,,,,69eb8f1f108d9b87368ef89d,69eb8f1f108d9b87368ef89d,,,,
41415,raw_position_sample,2,3,adv,20,2,17,18,129, “The ,944,493,1551805,69eb8f1f108d9b87368ef89d,69eb8f1f108d9b87368ef89d,advanced,2,69eb8f1f108d9b87368ef89d,69eb8f1f108d9b87368ef89d,spotlight_PROLIFIC,,42,brazil,Portuguese,"portuguese, english, spanish ",spanish,Portuguese:50|English:40|spanish:10,100,Portuguese:40|English:50|spanish:10,100,Portuguese:75|English:20|spanish:5,100,17,4,Bachelor's,10,10,10,6,7,9,4,20,7,17,Duolingo,150,,,,,22,25,C1,intermediate|advanced,intermediate|advanced,cambridge_22_25_intermediate_advanced,4,20,random,,481.26666259765625,902.1666870117188,505.26666259765625,944.933349609375,10,6,,,,,,,,,,,,2026-08-09T15:58:12.658Z,C99S394L,2026-08-09,2026-08-09,12:58:12,2026-08-09 12:58:12,,,,,,,,69eb8f1f108d9b87368ef89d,69eb8f1f108d9b87368ef89d,,,,
41417,hover_association,2,3,adv,20,2,17,18,129, “The ,942,492,,69eb8f1f108d9b87368ef89d,69eb8f1f108d9b87368ef89d,advanced,2,69eb8f1f108d9b87368ef89d,69eb8f1f108d9b87368ef89d,spotlight_PROLIFIC,,42,brazil,Portuguese,"portuguese, english, spanish ",spanish,Portuguese:50|English:40|spanish:10,100,Portuguese:40|English:50|spanish:10,100,Portuguese:75|English:20|spanish:5,100,17,4,Bachelor's,10,10,10,6,7,9,4,20,7,17,Duolingo,150,,,,,22,25,C1,intermediate|advanced,intermediate|advanced,cambridge_22_25_intermediate_advanced,4,20,random,,473.26666259765625,902.1666717529297,513.2666625976562,944.933349609375,10,6,hover,284,284,0.9781757747817595,0.49333343505859373,154,,,,,,2026-08-09T15:58:12.658Z,C99S394L,2026-08-09,2026-08-09,12:58:12,2026-08-09 12:58:12,,,,,,,,69eb8f1f108d9b87368ef89d,69eb8f1f108d9b87368ef89d,,,,
41466,raw_position_sample,2,3,adv,20,2,17,18,130, principle ,963,493,1551854,69eb8f1f108d9b87368ef89d,69eb8f1f108d9b87368ef89d,advanced,2,69eb8f1f108d9b87368ef89d,69eb8f1f108d9b87368ef89d,spotlight_PROLIFIC,,42,brazil,Portuguese,"portuguese, english, spanish ",spanish,Portuguese:50|English:40|spanish:10,100,Portuguese:40|English:50|spanish:10,100,Portuguese:75|English:20|spanish:5,100,17,4,Bachelor's,10,10,10,6,7,9,4,20,7,17,Duolingo,150,,,,,22,25,C1,intermediate|advanced,intermediate|advanced,cambridge_22_25_intermediate_advanced,4,20,random,,481.26666259765625,944.933349609375,505.26666259765625,1023.0333557128906,10,7,,,,,,,,,,,,2026-08-09T15:58:12.658Z,C99S394L,2026-08-09,2026-08-09,12:58:12,2026-08-09 12:58:12,,,,,,,,69eb8f1f108d9b87368ef89d,69eb8f1f108d9b87368ef89d,,,,
41516,raw_position_sample,2,3,adv,20,2,17,18,130, principle ,998,492,1551904,69eb8f1f108d9b87368ef89d,69eb8f1f108d9b87368ef89d,advanced,2,69eb8f1f108d9b87368ef89d,69eb8f1f108d9b87368ef89d,spotlight_PROLIFIC,,42,brazil,Portuguese,"portuguese, english, spanish ",spanish,Portuguese:50|English:40|spanish:10,100,Portuguese:40|English:50|spanish:10,100,Portuguese:75|English:20|spanish:5,100,17,4,Bachelor's,10,10,10,6,7,9,4,20,7,17,Duolingo,150,,,,,22,25,C1,intermediate|advanced,intermediate|advanced,cambridge_22_25_intermediate_advanced,4,20,random,,481.26666259765625,944.933349609375,505.26666259765625,1023.0333557128906,10,7,,,,,,,,,,,,2026-08-09T15:58:12.658Z,C99S394L,2026-08-09,2026-08-09,12:58:12,2026-08-09 12:58:12,,,,,,,,69eb8f1f108d9b87368ef89d,69eb8f1f108d9b87368ef89d,,,,
41566,raw_position_sample,2,3,adv,20,2,17,18,130, principle ,1006,492,1551954,69eb8f1f108d9b87368ef89d,69eb8f1f108d9b87368ef89d,advanced,2,69eb8f1f108d9b87368ef89d,69eb8f1f108d9b87368ef89d,spotlight_PROLIFIC,,42,brazil,Portuguese,"portuguese, english, spanish ",spanish,Portuguese:50|English:40|spanish:10,100,Portuguese:40|English:50|spanish:10,100,Portuguese:75|English:20|spanish:5,100,17,4,Bachelor's,10,10,10,6,7,9,4,20,7,17,Duolingo,150,,,,,22,25,C1,intermediate|advanced,intermediate|advanced,cambridge_22_25_intermediate_advanced,4,20,random,,481.26666259765625,944.933349609375,505.26666259765625,1023.0333557128906,10,7,,,,,,,,,,,,2026-08-09T15:58:12.658Z,C99S394L,2026-08-09,2026-08-09,12:58:12,2026-08-09 12:58:12,,,,,,,,69eb8f1f108d9b87368ef89d,69eb8f1f108d9b87368ef89d,,,,
41617,raw_position_sample,2,3,adv,20,2,17,18,130, principle ,1006,492,1552005,69eb8f1f108d9b87368ef89d,69eb8f1f108d9b87368ef89d,advanced,2,69eb8f1f108d9b87368ef89d,69eb8f1f108d9b87368ef89d,spotlight_PROLIFIC,,42,brazil,Portuguese,"portuguese, english, spanish ",spanish,Portuguese:50|English:40|spanish:10,100,Portuguese:40|English:50|spanish:10,100,Portuguese:75|English:20|spanish:5,100,17,4,Bachelor's,10,10,10,6,7,9,4,20,7,17,Duolingo,150,,,,,22,25,C1,intermediate|advanced,intermediate|advanced,cambridge_22_25_intermediate_advanced,4,20,random,,481.26666259765625,944.933349609375,505.26666259765625,1023.0333557128906,10,7,,,,,,,,,,,,2026-08-09T15:58:12.658Z,C99S394L,2026-08-09,2026-08-09,12:58:12,2026-08-09 12:58:12,,,,,,,,69eb8f1f108d9b87368ef89d,69eb8f1f108d9b87368ef89d,,,,
41667,raw_position_sample,2,3,adv,20,2,17,18,130, principle ,1006,492,1552055,69eb8f1f108d9b87368ef89d,69eb8f1f108d9b87368ef89d,advanced,2,69eb8f1f108d9b87368ef89d,69eb8f1f108d9b87368ef89d,spotlight_PROLIFIC,,42,brazil,Portuguese,"portuguese, english, spanish ",spanish,Portuguese:50|English:40|spanish:10,100,Portuguese:40|English:50|spanish:10,100,Portuguese:75|English:20|spanish:5,100,17,4,Bachelor's,10,10,10,6,7,9,4,20,7,17,Duolingo,150,,,,,22,25,C1,intermediate|advanced,intermediate|advanced,cambridge_22_25_intermediate_advanced,4,20,random,,481.26666259765625,944.933349609375,505.26666259765625,1023.0333557128906,10,7,,,,,,,,,,,,2026-08-09T15:58:12.658Z,C99S394L,2026-08-09,2026-08-09,12:58:12,2026-08-09 12:58:12,,,,,,,,69eb8f1f108d9b87368ef89d,69eb8f1f108d9b87368ef89d,,,,
41718,raw_position_sample,2,3,adv,20,2,17,18,130, principle ,1012,492,1552107,69eb8f1f108d9b87368ef89d,69eb8f1f108d9b87368ef89d,advanced,2,69eb8f1f108d9b87368ef89d,69eb8f1f108d9b87368ef89d,spotlight_PROLIFIC,,42,brazil,Portuguese,"portuguese, english, spanish ",spanish,Portuguese:50|English:40|spanish:10,100,Portuguese:40|English:50|spanish:10,100,Portuguese:75|English:20|spanish:5,100,17,4,Bachelor's,10,10,10,6,7,9,4,20,7,17,Duolingo,150,,,,,22,25,C1,intermediate|advanced,intermediate|advanced,cambridge_22_25_intermediate_advanced,4,20,random,,481.26666259765625,944.933349609375,505.26666259765625,1023.0333557128906,10,7,,,,,,,,,,,,2026-08-09T15:58:12.658Z,C99S394L,2026-08-09,2026-08-09,12:58:12,2026-08-09 12:58:12,,,,,,,,69eb8f1f108d9b87368ef89d,69eb8f1f108d9b87368ef89d,,,,
41767,hover_association,2,3,adv,20,2,17,18,130, principle ,946,493,,69eb8f1f108d9b87368ef89d,69eb8f1f108d9b87368ef89d,advanced,2,69eb8f1f108d9b87368ef89d,69eb8f1f108d9b87368ef89d,spotlight_PROLIFIC,,42,brazil,Portuguese,"portuguese, english, spanish ",spanish,Portuguese:50|English:40|spanish:10,100,Portuguese:40|English:50|spanish:10,100,Portuguese:75|English:20|spanish:5,100,17,4,Bachelor's,10,10,10,6,7,9,4,20,7,17,Duolingo,150,,,,,22,25,C1,intermediate|advanced,intermediate|advanced,cambridge_22_25_intermediate_advanced,4,20,random,,473.26666259765625,944.933349609375,513.2666625976562,1023.0333404541016,10,7,hover,349,349,0.9867690067191431,0.46833343505859376,154,,,,,,2026-08-09T15:58:12.658Z,C99S394L,2026-08-09,2026-08-09,12:58:12,2026-08-09 12:58:12,,,,,,,,69eb8f1f108d9b87368ef89d,69eb8f1f108d9b87368ef89d,,,,
41768,raw_position_sample,2,3,adv,20,2,17,18,131, is ,1034,493,1552156,69eb8f1f108d9b87368ef89d,69eb8f1f108d9b87368ef89d,advanced,2,69eb8f1f108d9b87368ef89d,69eb8f1f108d9b87368ef89d,spotlight_PROLIFIC,,42,brazil,Portuguese,"portuguese, english, spanish ",spanish,Portuguese:50|English:40|spanish:10,100,Portuguese:40|English:50|spanish:10,100,Portuguese:75|English:20|spanish:5,100,17,4,Bachelor's,10,10,10,6,7,9,4,20,7,17,Duolingo,150,,,,,22,25,C1,intermediate|advanced,intermediate|advanced,cambridge_22_25_intermediate_advanced,4,20,random,,481.26666259765625,1023.0333251953125,505.26666259765625,1040.9833221435547,10,8,,,,,,,,,,,,2026-08-09T15:58:12.658Z,C99S394L,2026-08-09,2026-08-09,12:58:12,2026-08-09 12:58:12,,,,,,,,69eb8f1f108d9b87368ef89d,69eb8f1f108d9b87368ef89d,,,,
41784,hover_association,2,3,adv,20,2,17,18,131, is ,1034,493,,69eb8f1f108d9b87368ef89d,69eb8f1f108d9b87368ef89d,advanced,2,69eb8f1f108d9b87368ef89d,69eb8f1f108d9b87368ef89d,spotlight_PROLIFIC,,42,brazil,Portuguese,"portuguese, english, spanish ",spanish,Portuguese:50|English:40|spanish:10,100,Portuguese:40|English:50|spanish:10,100,Portuguese:75|English:20|spanish:5,100,17,4,Bachelor's,10,10,10,6,7,9,4,20,7,17,Duolingo,150,,,,,22,25,C1,intermediate|advanced,intermediate|advanced,cambridge_22_25_intermediate_advanced,4,20,random,,473.26666259765625,1023.0333404541016,513.2666625976562,1040.9833602905273,10,8,hover,17,17,0.6109552883971701,0.49333343505859373,154,,,,,,2026-08-09T15:58:12.658Z,C99S394L,2026-08-09,2026-08-09,12:58:12,2026-08-09 12:58:12,,,,,,,,69eb8f1f108d9b87368ef89d,69eb8f1f108d9b87368ef89d,,,,
41818,raw_position_sample,2,3,adv,20,2,17,18,132," simple, ",1101,497,1552207,69eb8f1f108d9b87368ef89d,69eb8f1f108d9b87368ef89d,advanced,2,69eb8f1f108d9b87368ef89d,69eb8f1f108d9b87368ef89d,spotlight_PROLIFIC,,42,brazil,Portuguese,"portuguese, english, spanish ",spanish,Portuguese:50|English:40|spanish:10,100,Portuguese:40|English:50|spanish:10,100,Portuguese:75|English:20|spanish:5,100,17,4,Bachelor's,10,10,10,6,7,9,4,20,7,17,Duolingo,150,,,,,22,25,C1,intermediate|advanced,intermediate|advanced,cambridge_22_25_intermediate_advanced,4,20,random,,481.26666259765625,1040.9833984375,505.26666259765625,1106.4500579833984,10,9,,,,,,,,,,,,2026-08-09T15:58:12.658Z,C99S394L,2026-08-09,2026-08-09,12:58:12,2026-08-09 12:58:12,,,,,,,,69eb8f1f108d9b87368ef89d,69eb8f1f108d9b87368ef89d,,,,
41834,hover_association,2,3,adv,20,2,17,18,132," simple, ",1064,495,,69eb8f1f108d9b87368ef89d,69eb8f1f108d9b87368ef89d,advanced,2,69eb8f1f108d9b87368ef89d,69eb8f1f108d9b87368ef89d,spotlight_PROLIFIC,,42,brazil,Portuguese,"portuguese, english, spanish ",spanish,Portuguese:50|English:40|spanish:10,100,Portuguese:40|English:50|spanish:10,100,Portuguese:75|English:20|spanish:5,100,17,4,Bachelor's,10,10,10,6,7,9,4,20,7,17,Duolingo,150,,,,,22,25,C1,intermediate|advanced,intermediate|advanced,cambridge_22_25_intermediate_advanced,4,20,random,,473.26666259765625,1040.9833602905273,513.2666625976562,1106.4500045776367,10,9,hover,51,51,0.9167514291134998,0.5933334350585937,154,,,,,,2026-08-09T15:58:12.658Z,C99S394L,2026-08-09,2026-08-09,12:58:12,2026-08-09 12:58:12,,,,,,,,69eb8f1f108d9b87368ef89d,69eb8f1f108d9b87368ef89d,,,,
41869,raw_position_sample,2,3,adv,20,2,17,18,133, and ,1132,497,1552257,69eb8f1f108d9b87368ef89d,69eb8f1f108d9b87368ef89d,advanced,2,69eb8f1f108d9b87368ef89d,69eb8f1f108d9b87368ef89d,spotlight_PROLIFIC,,42,brazil,Portuguese,"portuguese, english, spanish ",spanish,Portuguese:50|English:40|spanish:10,100,Portuguese:40|English:50|spanish:10,100,Portuguese:75|English:20|spanish:5,100,17,4,Bachelor's,10,10,10,6,7,9,4,20,7,17,Duolingo,150,,,,,22,25,C1,intermediate|advanced,intermediate|advanced,cambridge_22_25_intermediate_advanced,4,20,random,,481.26666259765625,1106.449951171875,505.26666259765625,1143.4166259765625,10,10,,,,,,,,,,,,2026-08-09T15:58:12.658Z,C99S394L,2026-08-09,2026-08-09,12:58:12,2026-08-09 12:58:12,,,,,,,,69eb8f1f108d9b87368ef89d,69eb8f1f108d9b87368ef89d,,,,
41919,raw_position_sample,2,3,adv,20,2,17,18,133, and ,1132,497,1552307,69eb8f1f108d9b87368ef89d,69eb8f1f108d9b87368ef89d,advanced,2,69eb8f1f108d9b87368ef89d,69eb8f1f108d9b87368ef89d,spotlight_PROLIFIC,,42,brazil,Portuguese,"portuguese, english, spanish ",spanish,Portuguese:50|English:40|spanish:10,100,Portuguese:40|English:50|spanish:10,100,Portuguese:75|English:20|spanish:5,100,17,4,Bachelor's,10,10,10,6,7,9,4,20,7,17,Duolingo,150,,,,,22,25,C1,intermediate|advanced,intermediate|advanced,cambridge_22_25_intermediate_advanced,4,20,random,,481.26666259765625,1106.449951171875,505.26666259765625,1143.4166259765625,10,10,,,,,,,,,,,,2026-08-09T15:58:12.658Z,C99S394L,2026-08-09,2026-08-09,12:58:12,2026-08-09 12:58:12,,,,,,,,69eb8f1f108d9b87368ef89d,69eb8f1f108d9b87368ef89d,,,,
41969,raw_position_sample,2,3,adv,20,2,17,18,133, and ,1132,497,1552357,69eb8f1f108d9b87368ef89d,69eb8f1f108d9b87368ef89d,advanced,2,69eb8f1f108d9b87368ef89d,69eb8f1f108d9b87368ef89d,spotlight_PROLIFIC,,42,brazil,Portuguese,"portuguese, english, spanish ",spanish,Portuguese:50|English:40|spanish:10,100,Portuguese:40|English:50|spanish:10,100,Portuguese:75|English:20|spanish:5,100,17,4,Bachelor's,10,10,10,6,7,9,4,20,7,17,Duolingo,150,,,,,22,25,C1,intermediate|advanced,intermediate|advanced,cambridge_22_25_intermediate_advanced,4,20,random,,481.26666259765625,1106.449951171875,505.26666259765625,1143.4166259765625,10,10,,,,,,,,,,,,2026-08-09T15:58:12.658Z,C99S394L,2026-08-09,2026-08-09,12:58:12,2026-08-09 12:58:12,,,,,,,,69eb8f1f108d9b87368ef89d,69eb8f1f108d9b87368ef89d,,,,
42019,raw_position_sample,2,3,adv,20,2,17,18,133, and ,1132,497,1552408,69eb8f1f108d9b87368ef89d,69eb8f1f108d9b87368ef89d,advanced,2,69eb8f1f108d9b87368ef89d,69eb8f1f108d9b87368ef89d,spotlight_PROLIFIC,,42,brazil,Portuguese,"portuguese, english, spanish ",spanish,Portuguese:50|English:40|spanish:10,100,Portuguese:40|English:50|spanish:10,100,Portuguese:75|English:20|spanish:5,100,17,4,Bachelor's,10,10,10,6,7,9,4,20,7,17,Duolingo,150,,,,,22,25,C1,intermediate|advanced,intermediate|advanced,cambridge_22_25_intermediate_advanced,4,20,random,,481.26666259765625,1106.449951171875,505.26666259765625,1143.4166259765625,10,10,,,,,,,,,,,,2026-08-09T15:58:12.658Z,C99S394L,2026-08-09,2026-08-09,12:58:12,2026-08-09 12:58:12,,,,,,,,69eb8f1f108d9b87368ef89d,69eb8f1f108d9b87368ef89d,,,,
42070,raw_position_sample,2,3,adv,20,2,17,18,133, and ,1132,497,1552459,69eb8f1f108d9b87368ef89d,69eb8f1f108d9b87368ef89d,advanced,2,69eb8f1f108d9b87368ef89d,69eb8f1f108d9b87368ef89d,spotlight_PROLIFIC,,42,brazil,Portuguese,"portuguese, english, spanish ",spanish,Portuguese:50|English:40|spanish:10,100,Portuguese:40|English:50|spanish:10,100,Portuguese:75|English:20|spanish:5,100,17,4,Bachelor's,10,10,10,6,7,9,4,20,7,17,Duolingo,150,,,,,22,25,C1,intermediate|advanced,intermediate|advanced,cambridge_22_25_intermediate_advanced,4,20,random,,481.26666259765625,1106.449951171875,505.26666259765625,1143.4166259765625,10,10,,,,,,,,,,,,2026-08-09T15:58:12.658Z,C99S394L,2026-08-09,2026-08-09,12:58:12,2026-08-09 12:58:12,,,,,,,,69eb8f1f108d9b87368ef89d,69eb8f1f108d9b87368ef89d,,,,
42120,raw_position_sample,2,3,adv,20,2,17,18,133, and ,1143,497,1552509,69eb8f1f108d9b87368ef89d,69eb8f1f108d9b87368ef89d,advanced,2,69eb8f1f108d9b87368ef89d,69eb8f1f108d9b87368ef89d,spotlight_PROLIFIC,,42,brazil,Portuguese,"portuguese, english, spanish ",spanish,Portuguese:50|English:40|spanish:10,100,Portuguese:40|English:50|spanish:10,100,Portuguese:75|English:20|spanish:5,100,17,4,Bachelor's,10,10,10,6,7,9,4,20,7,17,Duolingo,150,,,,,22,25,C1,intermediate|advanced,intermediate|advanced,cambridge_22_25_intermediate_advanced,4,20,random,,481.26666259765625,1106.449951171875,505.26666259765625,1143.4166259765625,10,10,,,,,,,,,,,,2026-08-09T15:58:12.658Z,C99S394L,2026-08-09,2026-08-09,12:58:12,2026-08-09 12:58:12,,,,,,,,69eb8f1f108d9b87368ef89d,69eb8f1f108d9b87368ef89d,,,,
42134,hover_association,2,3,adv,20,2,17,18,133, and ,1116,497,,69eb8f1f108d9b87368ef89d,69eb8f1f108d9b87368ef89d,advanced,2,69eb8f1f108d9b87368ef89d,69eb8f1f108d9b87368ef89d,spotlight_PROLIFIC,,42,brazil,Portuguese,"portuguese, english, spanish ",spanish,Portuguese:50|English:40|spanish:10,100,Portuguese:40|English:50|spanish:10,100,Portuguese:75|English:20|spanish:5,100,17,4,Bachelor's,10,10,10,6,7,9,4,20,7,17,Duolingo,150,,,,,22,25,C1,intermediate|advanced,intermediate|advanced,cambridge_22_25_intermediate_advanced,4,20,random,,473.26666259765625,1106.4500045776367,513.2666625976562,1143.4166259765625,10,10,hover,299,299,0.988729671233233,0.5933334350585937,154,,,,,,2026-08-09T15:58:12.658Z,C99S394L,2026-08-09,2026-08-09,12:58:12,2026-08-09 12:58:12,,,,,,,,69eb8f1f108d9b87368ef89d,69eb8f1f108d9b87368ef89d,,,,
42171,raw_position_sample,2,3,adv,20,2,17,18,134, unaltered ,1182,497,1552559,69eb8f1f108d9b87368ef89d,69eb8f1f108d9b87368ef89d,advanced,2,69eb8f1f108d9b87368ef89d,69eb8f1f108d9b87368ef89d,spotlight_PROLIFIC,,42,brazil,Portuguese,"portuguese, english, spanish ",spanish,Portuguese:50|English:40|spanish:10,100,Portuguese:40|English:50|spanish:10,100,Portuguese:75|English:20|spanish:5,100,17,4,Bachelor's,10,10,10,6,7,9,4,20,7,17,Duolingo,150,,,,,22,25,C1,intermediate|advanced,intermediate|advanced,cambridge_22_25_intermediate_advanced,4,20,random,,481.26666259765625,1143.4166259765625,505.26666259765625,1230.016616821289,10,11,,,,,,,,,,,,2026-08-09T15:58:12.658Z,C99S394L,2026-08-09,2026-08-09,12:58:12,2026-08-09 12:58:12,,,,,,,,69eb8f1f108d9b87368ef89d,69eb8f1f108d9b87368ef89d,,,,
42221,raw_position_sample,2,3,adv,20,2,17,18,134, unaltered ,1222,493,1552610,69eb8f1f108d9b87368ef89d,69eb8f1f108d9b87368ef89d,advanced,2,69eb8f1f108d9b87368ef89d,69eb8f1f108d9b87368ef89d,spotlight_PROLIFIC,,42,brazil,Portuguese,"portuguese, english, spanish ",spanish,Portuguese:50|English:40|spanish:10,100,Portuguese:40|English:50|spanish:10,100,Portuguese:75|English:20|spanish:5,100,17,4,Bachelor's,10,10,10,6,7,9,4,20,7,17,Duolingo,150,,,,,22,25,C1,intermediate|advanced,intermediate|advanced,cambridge_22_25_intermediate_advanced,4,20,random,,481.26666259765625,1143.4166259765625,505.26666259765625,1230.016616821289,10,11,,,,,,,,,,,,2026-08-09T15:58:12.658Z,C99S394L,2026-08-09,2026-08-09,12:58:12,2026-08-09 12:58:12,,,,,,,,69eb8f1f108d9b87368ef89d,69eb8f1f108d9b87368ef89d,,,,
42272,raw_position_sample,2,3,adv,20,2,17,18,134, unaltered ,1226,491,1552659,69eb8f1f108d9b87368ef89d,69eb8f1f108d9b87368ef89d,advanced,2,69eb8f1f108d9b87368ef89d,69eb8f1f108d9b87368ef89d,spotlight_PROLIFIC,,42,brazil,Portuguese,"portuguese, english, spanish ",spanish,Portuguese:50|English:40|spanish:10,100,Portuguese:40|English:50|spanish:10,100,Portuguese:75|English:20|spanish:5,100,17,4,Bachelor's,10,10,10,6,7,9,4,20,7,17,Duolingo,150,,,,,22,25,C1,intermediate|advanced,intermediate|advanced,cambridge_22_25_intermediate_advanced,4,20,random,,481.26666259765625,1143.4166259765625,505.26666259765625,1230.016616821289,10,11,,,,,,,,,,,,2026-08-09T15:58:12.658Z,C99S394L,2026-08-09,2026-08-09,12:58:12,2026-08-09 12:58:12,,,,,,,,69eb8f1f108d9b87368ef89d,69eb8f1f108d9b87368ef89d,,,,
42321,raw_position_sample,2,3,adv,20,2,17,18,134, unaltered ,1226,491,1552710,69eb8f1f108d9b87368ef89d,69eb8f1f108d9b87368ef89d,advanced,2,69eb8f1f108d9b87368ef89d,69eb8f1f108d9b87368ef89d,spotlight_PROLIFIC,,42,brazil,Portuguese,"portuguese, english, spanish ",spanish,Portuguese:50|English:40|spanish:10,100,Portuguese:40|English:50|spanish:10,100,Portuguese:75|English:20|spanish:5,100,17,4,Bachelor's,10,10,10,6,7,9,4,20,7,17,Duolingo,150,,,,,22,25,C1,intermediate|advanced,intermediate|advanced,cambridge_22_25_intermediate_advanced,4,20,random,,481.26666259765625,1143.4166259765625,505.26666259765625,1230.016616821289,10,11,,,,,,,,,,,,2026-08-09T15:58:12.658Z,C99S394L,2026-08-09,2026-08-09,12:58:12,2026-08-09 12:58:12,,,,,,,,69eb8f1f108d9b87368ef89d,69eb8f1f108d9b87368ef89d,,,,
42376,raw_position_sample,2,3,adv,20,2,17,18,134, unaltered ,1226,491,1552764,69eb8f1f108d9b87368ef89d,69eb8f1f108d9b87368ef89d,advanced,2,69eb8f1f108d9b87368ef89d,69eb8f1f108d9b87368ef89d,spotlight_PROLIFIC,,42,brazil,Portuguese,"portuguese, english, spanish ",spanish,Portuguese:50|English:40|spanish:10,100,Portuguese:40|English:50|spanish:10,100,Portuguese:75|English:20|spanish:5,100,17,4,Bachelor's,10,10,10,6,7,9,4,20,7,17,Duolingo,150,,,,,22,25,C1,intermediate|advanced,intermediate|advanced,cambridge_22_25_intermediate_advanced,4,20,random,,481.26666259765625,1143.4166259765625,505.26666259765625,1230.016616821289,10,11,,,,,,,,,,,,2026-08-09T15:58:12.658Z,C99S394L,2026-08-09,2026-08-09,12:58:12,2026-08-09 12:58:12,,,,,,,,69eb8f1f108d9b87368ef89d,69eb8f1f108d9b87368ef89d,,,,
42426,raw_position_sample,2,3,adv,20,2,17,18,134, unaltered ,1226,491,1552814,69eb8f1f108d9b87368ef89d,69eb8f1f108d9b87368ef89d,advanced,2,69eb8f1f108d9b87368ef89d,69eb8f1f108d9b87368ef89d,spotlight_PROLIFIC,,42,brazil,Portuguese,"portuguese, english, spanish ",spanish,Portuguese:50|English:40|spanish:10,100,Portuguese:40|English:50|spanish:10,100,Portuguese:75|English:20|spanish:5,100,17,4,Bachelor's,10,10,10,6,7,9,4,20,7,17,Duolingo,150,,,,,22,25,C1,intermediate|advanced,intermediate|advanced,cambridge_22_25_intermediate_advanced,4,20,random,,481.26666259765625,1143.4166259765625,505.26666259765625,1230.016616821289,10,11,,,,,,,,,,,,2026-08-09T15:58:12.658Z,C99S394L,2026-08-09,2026-08-09,12:58:12,2026-08-09 12:58:12,,,,,,,,69eb8f1f108d9b87368ef89d,69eb8f1f108d9b87368ef89d,,,,
42476,raw_position_sample,2,3,adv,20,2,17,18,134, unaltered ,1223,491,1552865,69eb8f1f108d9b87368ef89d,69eb8f1f108d9b87368ef89d,advanced,2,69eb8f1f108d9b87368ef89d,69eb8f1f108d9b87368ef89d,spotlight_PROLIFIC,,42,brazil,Portuguese,"portuguese, english, spanish ",spanish,Portuguese:50|English:40|spanish:10,100,Portuguese:40|English:50|spanish:10,100,Portuguese:75|English:20|spanish:5,100,17,4,Bachelor's,10,10,10,6,7,9,4,20,7,17,Duolingo,150,,,,,22,25,C1,intermediate|advanced,intermediate|advanced,cambridge_22_25_intermediate_advanced,4,20,random,,481.26666259765625,1143.4166259765625,505.26666259765625,1230.016616821289,10,11,,,,,,,,,,,,2026-08-09T15:58:12.658Z,C99S394L,2026-08-09,2026-08-09,12:58:12,2026-08-09 12:58:12,,,,,,,,69eb8f1f108d9b87368ef89d,69eb8f1f108d9b87368ef89d,,,,
42526,raw_position_sample,2,3,adv,20,2,17,18,134, unaltered ,1212,491,1552915,69eb8f1f108d9b87368ef89d,69eb8f1f108d9b87368ef89d,advanced,2,69eb8f1f108d9b87368ef89d,69eb8f1f108d9b87368ef89d,spotlight_PROLIFIC,,42,brazil,Portuguese,"portuguese, english, spanish ",spanish,Portuguese:50|English:40|spanish:10,100,Portuguese:40|English:50|spanish:10,100,Portuguese:75|English:20|spanish:5,100,17,4,Bachelor's,10,10,10,6,7,9,4,20,7,17,Duolingo,150,,,,,22,25,C1,intermediate|advanced,intermediate|advanced,cambridge_22_25_intermediate_advanced,4,20,random,,481.26666259765625,1143.4166259765625,505.26666259765625,1230.016616821289,10,11,,,,,,,,,,,,2026-08-09T15:58:12.658Z,C99S394L,2026-08-09,2026-08-09,12:58:12,2026-08-09 12:58:12,,,,,,,,69eb8f1f108d9b87368ef89d,69eb8f1f108d9b87368ef89d,,,,
42577,raw_position_sample,2,3,adv,20,2,17,18,134, unaltered ,1160,493,1552966,69eb8f1f108d9b87368ef89d,69eb8f1f108d9b87368ef89d,advanced,2,69eb8f1f108d9b87368ef89d,69eb8f1f108d9b87368ef89d,spotlight_PROLIFIC,,42,brazil,Portuguese,"portuguese, english, spanish ",spanish,Portuguese:50|English:40|spanish:10,100,Portuguese:40|English:50|spanish:10,100,Portuguese:75|English:20|spanish:5,100,17,4,Bachelor's,10,10,10,6,7,9,4,20,7,17,Duolingo,150,,,,,22,25,C1,intermediate|advanced,intermediate|advanced,cambridge_22_25_intermediate_advanced,4,20,random,,481.26666259765625,1143.4166259765625,505.26666259765625,1230.016616821289,10,11,,,,,,,,,,,,2026-08-09T15:58:12.658Z,C99S394L,2026-08-09,2026-08-09,12:58:12,2026-08-09 12:58:12,,,,,,,,69eb8f1f108d9b87368ef89d,69eb8f1f108d9b87368ef89d,,,,
42584,hover_association,2,3,adv,20,2,17,18,134, unaltered ,1151,497,,69eb8f1f108d9b87368ef89d,69eb8f1f108d9b87368ef89d,advanced,2,69eb8f1f108d9b87368ef89d,69eb8f1f108d9b87368ef89d,spotlight_PROLIFIC,,42,brazil,Portuguese,"portuguese, english, spanish ",spanish,Portuguese:50|English:40|spanish:10,100,Portuguese:40|English:50|spanish:10,100,Portuguese:75|English:20|spanish:5,100,17,4,Bachelor's,10,10,10,6,7,9,4,20,7,17,Duolingo,150,,,,,22,25,C1,intermediate|advanced,intermediate|advanced,cambridge_22_25_intermediate_advanced,4,20,random,,473.26666259765625,1143.4166259765625,513.2666625976562,1230.0166091918945,10,11,hover,450,450,0.19149396348268008,0.49333343505859373,154,,,,,,2026-08-09T15:58:12.658Z,C99S394L,2026-08-09,2026-08-09,12:58:12,2026-08-09 12:58:12,,,,,,,,69eb8f1f108d9b87368ef89d,69eb8f1f108d9b87368ef89d,,,,
42601,hover_association,2,3,adv,20,2,17,18,133, and ,1111,497,,69eb8f1f108d9b87368ef89d,69eb8f1f108d9b87368ef89d,advanced,2,69eb8f1f108d9b87368ef89d,69eb8f1f108d9b87368ef89d,spotlight_PROLIFIC,,42,brazil,Portuguese,"portuguese, english, spanish ",spanish,Portuguese:50|English:40|spanish:10,100,Portuguese:40|English:50|spanish:10,100,Portuguese:75|English:20|spanish:5,100,17,4,Bachelor's,10,10,10,6,7,9,4,20,7,17,Duolingo,150,,,,,22,25,C1,intermediate|advanced,intermediate|advanced,cambridge_22_25_intermediate_advanced,4,20,random,,473.26666259765625,1106.4500045776367,513.2666625976562,1143.4166259765625,10,10,hover,17,17,0.12308388622433047,0.5933334350585937,154,,,,,,2026-08-09T15:58:12.658Z,C99S394L,2026-08-09,2026-08-09,12:58:12,2026-08-09 12:58:12,,,,,,,,69eb8f1f108d9b87368ef89d,69eb8f1f108d9b87368ef89d,,,,
42617,hover_association,2,3,adv,20,2,17,18,132," simple, ",1057,497,,69eb8f1f108d9b87368ef89d,69eb8f1f108d9b87368ef89d,advanced,2,69eb8f1f108d9b87368ef89d,69eb8f1f108d9b87368ef89d,spotlight_PROLIFIC,,42,brazil,Portuguese,"portuguese, english, spanish ",spanish,Portuguese:50|English:40|spanish:10,100,Portuguese:40|English:50|spanish:10,100,Portuguese:75|English:20|spanish:5,100,17,4,Bachelor's,10,10,10,6,7,9,4,20,7,17,Duolingo,150,,,,,22,25,C1,intermediate|advanced,intermediate|advanced,cambridge_22_25_intermediate_advanced,4,20,random,,473.26666259765625,1040.9833602905273,513.2666625976562,1106.4500045776367,10,9,hover,16,16,0.24465343968495407,0.5933334350585937,154,,,,,,2026-08-09T15:58:12.658Z,C99S394L,2026-08-09,2026-08-09,12:58:12,2026-08-09 12:58:12,,,,,,,,69eb8f1f108d9b87368ef89d,69eb8f1f108d9b87368ef89d,,,,
42627,raw_position_sample,2,3,adv,20,2,17,18,130, principle ,983,499,1553016,69eb8f1f108d9b87368ef89d,69eb8f1f108d9b87368ef89d,advanced,2,69eb8f1f108d9b87368ef89d,69eb8f1f108d9b87368ef89d,spotlight_PROLIFIC,,42,brazil,Portuguese,"portuguese, english, spanish ",spanish,Portuguese:50|English:40|spanish:10,100,Portuguese:40|English:50|spanish:10,100,Portuguese:75|English:20|spanish:5,100,17,4,Bachelor's,10,10,10,6,7,9,4,20,7,17,Duolingo,150,,,,,22,25,C1,intermediate|advanced,intermediate|advanced,cambridge_22_25_intermediate_advanced,4,20,random,,481.26666259765625,944.933349609375,505.26666259765625,1023.0333557128906,10,7,,,,,,,,,,,,2026-08-09T15:58:12.658Z,C99S394L,2026-08-09,2026-08-09,12:58:12,2026-08-09 12:58:12,,,,,,,,69eb8f1f108d9b87368ef89d,69eb8f1f108d9b87368ef89d,,,,
42634,hover_association,2,3,adv,20,2,17,18,130, principle ,983,499,,69eb8f1f108d9b87368ef89d,69eb8f1f108d9b87368ef89d,advanced,2,69eb8f1f108d9b87368ef89d,69eb8f1f108d9b87368ef89d,spotlight_PROLIFIC,,42,brazil,Portuguese,"portuguese, english, spanish ",spanish,Portuguese:50|English:40|spanish:10,100,Portuguese:40|English:50|spanish:10,100,Portuguese:75|English:20|spanish:5,100,17,4,Bachelor's,10,10,10,6,7,9,4,20,7,17,Duolingo,150,,,,,22,25,C1,intermediate|advanced,intermediate|advanced,cambridge_22_25_intermediate_advanced,4,20,random,,473.26666259765625,944.933349609375,513.2666625976562,1023.0333404541016,10,7,hover,17,17,0.48740915304723526,0.6433334350585938,154,,,,,,2026-08-09T15:58:12.658Z,C99S394L,2026-08-09,2026-08-09,12:58:12,2026-08-09 12:58:12,,,,,,,,69eb8f1f108d9b87368ef89d,69eb8f1f108d9b87368ef89d,,,,
42650,hover_association,2,3,adv,20,2,17,18,129, “The ,904,500,,69eb8f1f108d9b87368ef89d,69eb8f1f108d9b87368ef89d,advanced,2,69eb8f1f108d9b87368ef89d,69eb8f1f108d9b87368ef89d,spotlight_PROLIFIC,,42,brazil,Portuguese,"portuguese, english, spanish ",spanish,Portuguese:50|English:40|spanish:10,100,Portuguese:40|English:50|spanish:10,100,Portuguese:75|English:20|spanish:5,100,17,4,Bachelor's,10,10,10,6,7,9,4,20,7,17,Duolingo,150,,,,,22,25,C1,intermediate|advanced,intermediate|advanced,cambridge_22_25_intermediate_advanced,4,20,random,,473.26666259765625,902.1666717529297,513.2666625976562,944.933349609375,10,6,hover,17,17,0.042868147327791886,0.6683334350585938,154,,,,,,2026-08-09T15:58:12.658Z,C99S394L,2026-08-09,2026-08-09,12:58:12,2026-08-09 12:58:12,,,,,,,,69eb8f1f108d9b87368ef89d,69eb8f1f108d9b87368ef89d,,,,
42667,hover_association,2,3,adv,20,2,17,18,128, concludes: ,833,500,,69eb8f1f108d9b87368ef89d,69eb8f1f108d9b87368ef89d,advanced,2,69eb8f1f108d9b87368ef89d,69eb8f1f108d9b87368ef89d,spotlight_PROLIFIC,,42,brazil,Portuguese,"portuguese, english, spanish ",spanish,Portuguese:50|English:40|spanish:10,100,Portuguese:40|English:50|spanish:10,100,Portuguese:75|English:20|spanish:5,100,17,4,Bachelor's,10,10,10,6,7,9,4,20,7,17,Duolingo,150,,,,,22,25,C1,intermediate|advanced,intermediate|advanced,cambridge_22_25_intermediate_advanced,4,20,random,,473.26666259765625,807.7999801635742,513.2666625976562,902.1666717529297,10,5,hover,16,16,0.2670435872234005,0.6683334350585938,154,,,,,,2026-08-09T15:58:12.658Z,C99S394L,2026-08-09,2026-08-09,12:58:12,2026-08-09 12:58:12,,,,,,,,69eb8f1f108d9b87368ef89d,69eb8f1f108d9b87368ef89d,,,,
42678,raw_position_sample,2,3,adv,20,2,17,18,126, them”. ,763,500,1553066,69eb8f1f108d9b87368ef89d,69eb8f1f108d9b87368ef89d,advanced,2,69eb8f1f108d9b87368ef89d,69eb8f1f108d9b87368ef89d,spotlight_PROLIFIC,,42,brazil,Portuguese,"portuguese, english, spanish ",spanish,Portuguese:50|English:40|spanish:10,100,Portuguese:40|English:50|spanish:10,100,Portuguese:75|English:20|spanish:5,100,17,4,Bachelor's,10,10,10,6,7,9,4,20,7,17,Duolingo,150,,,,,22,25,C1,intermediate|advanced,intermediate|advanced,cambridge_22_25_intermediate_advanced,4,20,random,,481.26666259765625,719.25,505.26666259765625,779.6333312988281,10,3,,,,,,,,,,,,2026-08-09T15:58:12.658Z,C99S394L,2026-08-09,2026-08-09,12:58:12,2026-08-09 12:58:12,,,,,,,,69eb8f1f108d9b87368ef89d,69eb8f1f108d9b87368ef89d,,,,
42684,hover_association,2,3,adv,20,2,17,18,126, them”. ,763,500,,69eb8f1f108d9b87368ef89d,69eb8f1f108d9b87368ef89d,advanced,2,69eb8f1f108d9b87368ef89d,69eb8f1f108d9b87368ef89d,spotlight_PROLIFIC,,42,brazil,Portuguese,"portuguese, english, spanish ",spanish,Portuguese:50|English:40|spanish:10,100,Portuguese:40|English:50|spanish:10,100,Portuguese:75|English:20|spanish:5,100,17,4,Bachelor's,10,10,10,6,7,9,4,20,7,17,Duolingo,150,,,,,22,25,C1,intermediate|advanced,intermediate|advanced,cambridge_22_25_intermediate_advanced,4,20,random,,473.26666259765625,719.2499923706055,513.2666625976562,779.6333160400391,10,3,hover,17,17,0.7245379182653546,0.6683334350585938,154,,,,,,2026-08-09T15:58:12.658Z,C99S394L,2026-08-09,2026-08-09,12:58:12,2026-08-09 12:58:12,,,,,,,,69eb8f1f108d9b87368ef89d,69eb8f1f108d9b87368ef89d,,,,
42717,hover_association,2,3,adv,20,2,17,18,125, from ,711,500,,69eb8f1f108d9b87368ef89d,69eb8f1f108d9b87368ef89d,advanced,2,69eb8f1f108d9b87368ef89d,69eb8f1f108d9b87368ef89d,spotlight_PROLIFIC,,42,brazil,Portuguese,"portuguese, english, spanish ",spanish,Portuguese:50|English:40|spanish:10,100,Portuguese:40|English:50|spanish:10,100,Portuguese:75|English:20|spanish:5,100,17,4,Bachelor's,10,10,10,6,7,9,4,20,7,17,Duolingo,150,,,,,22,25,C1,intermediate|advanced,intermediate|advanced,cambridge_22_25_intermediate_advanced,4,20,random,,473.26666259765625,673.5833358764648,513.2666625976562,719.2499923706055,10,2,hover,33,33,0.16240873961260488,0.6683334350585938,154,,,,,,2026-08-09T15:58:12.658Z,C99S394L,2026-08-09,2026-08-09,12:58:12,2026-08-09 12:58:12,,,,,,,,69eb8f1f108d9b87368ef89d,69eb8f1f108d9b87368ef89d,,,,
42727,raw_position_sample,2,3,adv,20,2,17,18,124, away ,660,500,1553116,69eb8f1f108d9b87368ef89d,69eb8f1f108d9b87368ef89d,advanced,2,69eb8f1f108d9b87368ef89d,69eb8f1f108d9b87368ef89d,spotlight_PROLIFIC,,42,brazil,Portuguese,"portuguese, english, spanish ",spanish,Portuguese:50|English:40|spanish:10,100,Portuguese:40|English:50|spanish:10,100,Portuguese:75|English:20|spanish:5,100,17,4,Bachelor's,10,10,10,6,7,9,4,20,7,17,Duolingo,150,,,,,22,25,C1,intermediate|advanced,intermediate|advanced,cambridge_22_25_intermediate_advanced,4,20,random,,481.26666259765625,625.36669921875,505.26666259765625,673.5833587646484,10,1,,,,,,,,,,,,2026-08-09T15:58:12.658Z,C99S394L,2026-08-09,2026-08-09,12:58:12,2026-08-09 12:58:12,,,,,,,,69eb8f1f108d9b87368ef89d,69eb8f1f108d9b87368ef89d,,,,
42778,raw_position_sample,2,3,adv,20,2,17,18,124, away ,645,503,1553167,69eb8f1f108d9b87368ef89d,69eb8f1f108d9b87368ef89d,advanced,2,69eb8f1f108d9b87368ef89d,69eb8f1f108d9b87368ef89d,spotlight_PROLIFIC,,42,brazil,Portuguese,"portuguese, english, spanish ",spanish,Portuguese:50|English:40|spanish:10,100,Portuguese:40|English:50|spanish:10,100,Portuguese:75|English:20|spanish:5,100,17,4,Bachelor's,10,10,10,6,7,9,4,20,7,17,Duolingo,150,,,,,22,25,C1,intermediate|advanced,intermediate|advanced,cambridge_22_25_intermediate_advanced,4,20,random,,481.26666259765625,625.36669921875,505.26666259765625,673.5833587646484,10,1,,,,,,,,,,,,2026-08-09T15:58:12.658Z,C99S394L,2026-08-09,2026-08-09,12:58:12,2026-08-09 12:58:12,,,,,,,,69eb8f1f108d9b87368ef89d,69eb8f1f108d9b87368ef89d,,,,
42828,raw_position_sample,2,3,adv,20,2,17,18,124, away ,645,503,1553217,69eb8f1f108d9b87368ef89d,69eb8f1f108d9b87368ef89d,advanced,2,69eb8f1f108d9b87368ef89d,69eb8f1f108d9b87368ef89d,spotlight_PROLIFIC,,42,brazil,Portuguese,"portuguese, english, spanish ",spanish,Portuguese:50|English:40|spanish:10,100,Portuguese:40|English:50|spanish:10,100,Portuguese:75|English:20|spanish:5,100,17,4,Bachelor's,10,10,10,6,7,9,4,20,7,17,Duolingo,150,,,,,22,25,C1,intermediate|advanced,intermediate|advanced,cambridge_22_25_intermediate_advanced,4,20,random,,481.26666259765625,625.36669921875,505.26666259765625,673.5833587646484,10,1,,,,,,,,,,,,2026-08-09T15:58:12.658Z,C99S394L,2026-08-09,2026-08-09,12:58:12,2026-08-09 12:58:12,,,,,,,,69eb8f1f108d9b87368ef89d,69eb8f1f108d9b87368ef89d,,,,
42878,raw_position_sample,2,3,adv,20,2,17,18,124, away ,645,504,1553267,69eb8f1f108d9b87368ef89d,69eb8f1f108d9b87368ef89d,advanced,2,69eb8f1f108d9b87368ef89d,69eb8f1f108d9b87368ef89d,spotlight_PROLIFIC,,42,brazil,Portuguese,"portuguese, english, spanish ",spanish,Portuguese:50|English:40|spanish:10,100,Portuguese:40|English:50|spanish:10,100,Portuguese:75|English:20|spanish:5,100,17,4,Bachelor's,10,10,10,6,7,9,4,20,7,17,Duolingo,150,,,,,22,25,C1,intermediate|advanced,intermediate|advanced,cambridge_22_25_intermediate_advanced,4,20,random,,481.26666259765625,625.36669921875,505.26666259765625,673.5833587646484,10,1,,,,,,,,,,,,2026-08-09T15:58:12.658Z,C99S394L,2026-08-09,2026-08-09,12:58:12,2026-08-09 12:58:12,,,,,,,,69eb8f1f108d9b87368ef89d,69eb8f1f108d9b87368ef89d,,,,
42930,raw_position_sample,2,3,adv,20,2,17,18,124, away ,645,504,1553318,69eb8f1f108d9b87368ef89d,69eb8f1f108d9b87368ef89d,advanced,2,69eb8f1f108d9b87368ef89d,69eb8f1f108d9b87368ef89d,spotlight_PROLIFIC,,42,brazil,Portuguese,"portuguese, english, spanish ",spanish,Portuguese:50|English:40|spanish:10,100,Portuguese:40|English:50|spanish:10,100,Portuguese:75|English:20|spanish:5,100,17,4,Bachelor's,10,10,10,6,7,9,4,20,7,17,Duolingo,150,,,,,22,25,C1,intermediate|advanced,intermediate|advanced,cambridge_22_25_intermediate_advanced,4,20,random,,481.26666259765625,625.36669921875,505.26666259765625,673.5833587646484,10,1,,,,,,,,,,,,2026-08-09T15:58:12.658Z,C99S394L,2026-08-09,2026-08-09,12:58:12,2026-08-09 12:58:12,,,,,,,,69eb8f1f108d9b87368ef89d,69eb8f1f108d9b87368ef89d,,,,
42980,raw_position_sample,2,3,adv,20,2,17,18,124, away ,645,509,1553368,69eb8f1f108d9b87368ef89d,69eb8f1f108d9b87368ef89d,advanced,2,69eb8f1f108d9b87368ef89d,69eb8f1f108d9b87368ef89d,spotlight_PROLIFIC,,42,brazil,Portuguese,"portuguese, english, spanish ",spanish,Portuguese:50|English:40|spanish:10,100,Portuguese:40|English:50|spanish:10,100,Portuguese:75|English:20|spanish:5,100,17,4,Bachelor's,10,10,10,6,7,9,4,20,7,17,Duolingo,150,,,,,22,25,C1,intermediate|advanced,intermediate|advanced,cambridge_22_25_intermediate_advanced,4,20,random,,481.26666259765625,625.36669921875,505.26666259765625,673.5833587646484,10,1,,,,,,,,,,,,2026-08-09T15:58:12.658Z,C99S394L,2026-08-09,2026-08-09,12:58:12,2026-08-09 12:58:12,,,,,,,,69eb8f1f108d9b87368ef89d,69eb8f1f108d9b87368ef89d,,,,
43000,hover_association,2,3,adv,20,2,17,18,124, away ,660,500,,69eb8f1f108d9b87368ef89d,69eb8f1f108d9b87368ef89d,advanced,2,69eb8f1f108d9b87368ef89d,69eb8f1f108d9b87368ef89d,spotlight_PROLIFIC,,42,brazil,Portuguese,"portuguese, english, spanish ",spanish,Portuguese:50|English:40|spanish:10,100,Portuguese:40|English:50|spanish:10,100,Portuguese:75|English:20|spanish:5,100,17,4,Bachelor's,10,10,10,6,7,9,4,20,7,17,Duolingo,150,,,,,22,25,C1,intermediate|advanced,intermediate|advanced,cambridge_22_25_intermediate_advanced,4,20,random,,473.26666259765625,621.8028106689453,513.2666625976562,673.5833358764648,10,1,hover,284,284,0.42867833499362085,0.9433334350585938,154,,,,,,2026-08-09T15:58:12.658Z,C99S394L,2026-08-09,2026-08-09,12:58:12,2026-08-09 12:58:12,,,,,,,,69eb8f1f108d9b87368ef89d,69eb8f1f108d9b87368ef89d,,,,
43030,raw_position_sample,2,3,adv,20,2,17,18,136," technology, ",638,519,1553418,69eb8f1f108d9b87368ef89d,69eb8f1f108d9b87368ef89d,advanced,2,69eb8f1f108d9b87368ef89d,69eb8f1f108d9b87368ef89d,spotlight_PROLIFIC,,42,brazil,Portuguese,"portuguese, english, spanish ",spanish,Portuguese:50|English:40|spanish:10,100,Portuguese:40|English:50|spanish:10,100,Portuguese:75|English:20|spanish:5,100,17,4,Bachelor's,10,10,10,6,7,9,4,20,7,17,Duolingo,150,,,,,22,25,C1,intermediate|advanced,intermediate|advanced,cambridge_22_25_intermediate_advanced,4,20,random,,521.2666625976562,625.36669921875,545.2666625976562,728.3333587646484,11,1,,,,,,,,,,,,2026-08-09T15:58:12.658Z,C99S394L,2026-08-09,2026-08-09,12:58:12,2026-08-09 12:58:12,,,,,,,,69eb8f1f108d9b87368ef89d,69eb8f1f108d9b87368ef89d,,,,
43080,raw_position_sample,2,3,adv,20,2,17,18,136," technology, ",633,526,1553469,69eb8f1f108d9b87368ef89d,69eb8f1f108d9b87368ef89d,advanced,2,69eb8f1f108d9b87368ef89d,69eb8f1f108d9b87368ef89d,spotlight_PROLIFIC,,42,brazil,Portuguese,"portuguese, english, spanish ",spanish,Portuguese:50|English:40|spanish:10,100,Portuguese:40|English:50|spanish:10,100,Portuguese:75|English:20|spanish:5,100,17,4,Bachelor's,10,10,10,6,7,9,4,20,7,17,Duolingo,150,,,,,22,25,C1,intermediate|advanced,intermediate|advanced,cambridge_22_25_intermediate_advanced,4,20,random,,521.2666625976562,625.36669921875,545.2666625976562,728.3333587646484,11,1,,,,,,,,,,,,2026-08-09T15:58:12.658Z,C99S394L,2026-08-09,2026-08-09,12:58:12,2026-08-09 12:58:12,,,,,,,,69eb8f1f108d9b87368ef89d,69eb8f1f108d9b87368ef89d,,,,
43131,raw_position_sample,2,3,adv,20,2,17,18,136," technology, ",629,531,1553519,69eb8f1f108d9b87368ef89d,69eb8f1f108d9b87368ef89d,advanced,2,69eb8f1f108d9b87368ef89d,69eb8f1f108d9b87368ef89d,spotlight_PROLIFIC,,42,brazil,Portuguese,"portuguese, english, spanish ",spanish,Portuguese:50|English:40|spanish:10,100,Portuguese:40|English:50|spanish:10,100,Portuguese:75|English:20|spanish:5,100,17,4,Bachelor's,10,10,10,6,7,9,4,20,7,17,Duolingo,150,,,,,22,25,C1,intermediate|advanced,intermediate|advanced,cambridge_22_25_intermediate_advanced,4,20,random,,521.2666625976562,625.36669921875,545.2666625976562,728.3333587646484,11,1,,,,,,,,,,,,2026-08-09T15:58:12.658Z,C99S394L,2026-08-09,2026-08-09,12:58:12,2026-08-09 12:58:12,,,,,,,,69eb8f1f108d9b87368ef89d,69eb8f1f108d9b87368ef89d,,,,
43184,raw_position_sample,2,3,adv,20,2,17,18,136," technology, ",626,533,1553572,69eb8f1f108d9b87368ef89d,69eb8f1f108d9b87368ef89d,advanced,2,69eb8f1f108d9b87368ef89d,69eb8f1f108d9b87368ef89d,spotlight_PROLIFIC,,42,brazil,Portuguese,"portuguese, english, spanish ",spanish,Portuguese:50|English:40|spanish:10,100,Portuguese:40|English:50|spanish:10,100,Portuguese:75|English:20|spanish:5,100,17,4,Bachelor's,10,10,10,6,7,9,4,20,7,17,Duolingo,150,,,,,22,25,C1,intermediate|advanced,intermediate|advanced,cambridge_22_25_intermediate_advanced,4,20,random,,521.2666625976562,625.36669921875,545.2666625976562,728.3333587646484,11,1,,,,,,,,,,,,2026-08-09T15:58:12.658Z,C99S394L,2026-08-09,2026-08-09,12:58:12,2026-08-09 12:58:12,,,,,,,,69eb8f1f108d9b87368ef89d,69eb8f1f108d9b87368ef89d,,,,
43235,raw_position_sample,2,3,adv,20,2,17,18,136," technology, ",628,535,1553623,69eb8f1f108d9b87368ef89d,69eb8f1f108d9b87368ef89d,advanced,2,69eb8f1f108d9b87368ef89d,69eb8f1f108d9b87368ef89d,spotlight_PROLIFIC,,42,brazil,Portuguese,"portuguese, english, spanish ",spanish,Portuguese:50|English:40|spanish:10,100,Portuguese:40|English:50|spanish:10,100,Portuguese:75|English:20|spanish:5,100,17,4,Bachelor's,10,10,10,6,7,9,4,20,7,17,Duolingo,150,,,,,22,25,C1,intermediate|advanced,intermediate|advanced,cambridge_22_25_intermediate_advanced,4,20,random,,521.2666625976562,625.36669921875,545.2666625976562,728.3333587646484,11,1,,,,,,,,,,,,2026-08-09T15:58:12.658Z,C99S394L,2026-08-09,2026-08-09,12:58:12,2026-08-09 12:58:12,,,,,,,,69eb8f1f108d9b87368ef89d,69eb8f1f108d9b87368ef89d,,,,
43285,raw_position_sample,2,3,adv,20,2,17,18,136," technology, ",631,536,1553674,69eb8f1f108d9b87368ef89d,69eb8f1f108d9b87368ef89d,advanced,2,69eb8f1f108d9b87368ef89d,69eb8f1f108d9b87368ef89d,spotlight_PROLIFIC,,42,brazil,Portuguese,"portuguese, english, spanish ",spanish,Portuguese:50|English:40|spanish:10,100,Portuguese:40|English:50|spanish:10,100,Portuguese:75|English:20|spanish:5,100,17,4,Bachelor's,10,10,10,6,7,9,4,20,7,17,Duolingo,150,,,,,22,25,C1,intermediate|advanced,intermediate|advanced,cambridge_22_25_intermediate_advanced,4,20,random,,521.2666625976562,625.36669921875,545.2666625976562,728.3333587646484,11,1,,,,,,,,,,,,2026-08-09T15:58:12.658Z,C99S394L,2026-08-09,2026-08-09,12:58:12,2026-08-09 12:58:12,,,,,,,,69eb8f1f108d9b87368ef89d,69eb8f1f108d9b87368ef89d,,,,
43335,raw_position_sample,2,3,adv,20,2,17,18,136," technology, ",640,538,1553724,69eb8f1f108d9b87368ef89d,69eb8f1f108d9b87368ef89d,advanced,2,69eb8f1f108d9b87368ef89d,69eb8f1f108d9b87368ef89d,spotlight_PROLIFIC,,42,brazil,Portuguese,"portuguese, english, spanish ",spanish,Portuguese:50|English:40|spanish:10,100,Portuguese:40|English:50|spanish:10,100,Portuguese:75|English:20|spanish:5,100,17,4,Bachelor's,10,10,10,6,7,9,4,20,7,17,Duolingo,150,,,,,22,25,C1,intermediate|advanced,intermediate|advanced,cambridge_22_25_intermediate_advanced,4,20,random,,521.2666625976562,625.36669921875,545.2666625976562,728.3333587646484,11,1,,,,,,,,,,,,2026-08-09T15:58:12.658Z,C99S394L,2026-08-09,2026-08-09,12:58:12,2026-08-09 12:58:12,,,,,,,,69eb8f1f108d9b87368ef89d,69eb8f1f108d9b87368ef89d,,,,
43386,raw_position_sample,2,3,adv,20,2,17,18,136," technology, ",673,538,1553774,69eb8f1f108d9b87368ef89d,69eb8f1f108d9b87368ef89d,advanced,2,69eb8f1f108d9b87368ef89d,69eb8f1f108d9b87368ef89d,spotlight_PROLIFIC,,42,brazil,Portuguese,"portuguese, english, spanish ",spanish,Portuguese:50|English:40|spanish:10,100,Portuguese:40|English:50|spanish:10,100,Portuguese:75|English:20|spanish:5,100,17,4,Bachelor's,10,10,10,6,7,9,4,20,7,17,Duolingo,150,,,,,22,25,C1,intermediate|advanced,intermediate|advanced,cambridge_22_25_intermediate_advanced,4,20,random,,521.2666625976562,625.36669921875,545.2666625976562,728.3333587646484,11,1,,,,,,,,,,,,2026-08-09T15:58:12.658Z,C99S394L,2026-08-09,2026-08-09,12:58:12,2026-08-09 12:58:12,,,,,,,,69eb8f1f108d9b87368ef89d,69eb8f1f108d9b87368ef89d,,,,
43436,raw_position_sample,2,3,adv,20,2,17,18,136," technology, ",727,538,1553825,69eb8f1f108d9b87368ef89d,69eb8f1f108d9b87368ef89d,advanced,2,69eb8f1f108d9b87368ef89d,69eb8f1f108d9b87368ef89d,spotlight_PROLIFIC,,42,brazil,Portuguese,"portuguese, english, spanish ",spanish,Portuguese:50|English:40|spanish:10,100,Portuguese:40|English:50|spanish:10,100,Portuguese:75|English:20|spanish:5,100,17,4,Bachelor's,10,10,10,6,7,9,4,20,7,17,Duolingo,150,,,,,22,25,C1,intermediate|advanced,intermediate|advanced,cambridge_22_25_intermediate_advanced,4,20,random,,521.2666625976562,625.36669921875,545.2666625976562,728.3333587646484,11,1,,,,,,,,,,,,2026-08-09T15:58:12.658Z,C99S394L,2026-08-09,2026-08-09,12:58:12,2026-08-09 12:58:12,,,,,,,,69eb8f1f108d9b87368ef89d,69eb8f1f108d9b87368ef89d,,,,
43451,hover_association,2,3,adv,20,2,17,18,136," technology, ",642,514,,69eb8f1f108d9b87368ef89d,69eb8f1f108d9b87368ef89d,advanced,2,69eb8f1f108d9b87368ef89d,69eb8f1f108d9b87368ef89d,spotlight_PROLIFIC,,42,brazil,Portuguese,"portuguese, english, spanish ",spanish,Portuguese:50|English:40|spanish:10,100,Portuguese:40|English:50|spanish:10,100,Portuguese:75|English:20|spanish:5,100,17,4,Bachelor's,10,10,10,6,7,9,4,20,7,17,Duolingo,150,,,,,22,25,C1,intermediate|advanced,intermediate|advanced,cambridge_22_25_intermediate_advanced,4,20,random,,513.2666625976562,621.8028106689453,553.2666625976562,728.3333358764648,11,1,hover,450,450,0.9874840016618004,0.6183334350585937,154,,,,,,2026-08-09T15:58:12.658Z,C99S394L,2026-08-09,2026-08-09,12:58:12,2026-08-09 12:58:12,,,,,,,,69eb8f1f108d9b87368ef89d,69eb8f1f108d9b87368ef89d,,,,
43487,raw_position_sample,2,3,adv,20,2,17,18,137, science ,776,538,1553874,69eb8f1f108d9b87368ef89d,69eb8f1f108d9b87368ef89d,advanced,2,69eb8f1f108d9b87368ef89d,69eb8f1f108d9b87368ef89d,spotlight_PROLIFIC,,42,brazil,Portuguese,"portuguese, english, spanish ",spanish,Portuguese:50|English:40|spanish:10,100,Portuguese:40|English:50|spanish:10,100,Portuguese:75|English:20|spanish:5,100,17,4,Bachelor's,10,10,10,6,7,9,4,20,7,17,Duolingo,150,,,,,22,25,C1,intermediate|advanced,intermediate|advanced,cambridge_22_25_intermediate_advanced,4,20,random,,521.2666625976562,728.3333129882812,545.2666625976562,794.9666442871094,11,2,,,,,,,,,,,,2026-08-09T15:58:12.658Z,C99S394L,2026-08-09,2026-08-09,12:58:12,2026-08-09 12:58:12,,,,,,,,69eb8f1f108d9b87368ef89d,69eb8f1f108d9b87368ef89d,,,,
43536,raw_position_sample,2,3,adv,20,2,17,18,137, science ,784,538,1553925,69eb8f1f108d9b87368ef89d,69eb8f1f108d9b87368ef89d,advanced,2,69eb8f1f108d9b87368ef89d,69eb8f1f108d9b87368ef89d,spotlight_PROLIFIC,,42,brazil,Portuguese,"portuguese, english, spanish ",spanish,Portuguese:50|English:40|spanish:10,100,Portuguese:40|English:50|spanish:10,100,Portuguese:75|English:20|spanish:5,100,17,4,Bachelor's,10,10,10,6,7,9,4,20,7,17,Duolingo,150,,,,,22,25,C1,intermediate|advanced,intermediate|advanced,cambridge_22_25_intermediate_advanced,4,20,random,,521.2666625976562,728.3333129882812,545.2666625976562,794.9666442871094,11,2,,,,,,,,,,,,2026-08-09T15:58:12.658Z,C99S394L,2026-08-09,2026-08-09,12:58:12,2026-08-09 12:58:12,,,,,,,,69eb8f1f108d9b87368ef89d,69eb8f1f108d9b87368ef89d,,,,
43587,raw_position_sample,2,3,adv,20,2,17,18,137, science ,786,538,1553976,69eb8f1f108d9b87368ef89d,69eb8f1f108d9b87368ef89d,advanced,2,69eb8f1f108d9b87368ef89d,69eb8f1f108d9b87368ef89d,spotlight_PROLIFIC,,42,brazil,Portuguese,"portuguese, english, spanish ",spanish,Portuguese:50|English:40|spanish:10,100,Portuguese:40|English:50|spanish:10,100,Portuguese:75|English:20|spanish:5,100,17,4,Bachelor's,10,10,10,6,7,9,4,20,7,17,Duolingo,150,,,,,22,25,C1,intermediate|advanced,intermediate|advanced,cambridge_22_25_intermediate_advanced,4,20,random,,521.2666625976562,728.3333129882812,545.2666625976562,794.9666442871094,11,2,,,,,,,,,,,,2026-08-09T15:58:12.658Z,C99S394L,2026-08-09,2026-08-09,12:58:12,2026-08-09 12:58:12,,,,,,,,69eb8f1f108d9b87368ef89d,69eb8f1f108d9b87368ef89d,,,,
43637,raw_position_sample,2,3,adv,20,2,17,18,137, science ,786,538,1554026,69eb8f1f108d9b87368ef89d,69eb8f1f108d9b87368ef89d,advanced,2,69eb8f1f108d9b87368ef89d,69eb8f1f108d9b87368ef89d,spotlight_PROLIFIC,,42,brazil,Portuguese,"portuguese, english, spanish ",spanish,Portuguese:50|English:40|spanish:10,100,Portuguese:40|English:50|spanish:10,100,Portuguese:75|English:20|spanish:5,100,17,4,Bachelor's,10,10,10,6,7,9,4,20,7,17,Duolingo,150,,,,,22,25,C1,intermediate|advanced,intermediate|advanced,cambridge_22_25_intermediate_advanced,4,20,random,,521.2666625976562,728.3333129882812,545.2666625976562,794.9666442871094,11,2,,,,,,,,,,,,2026-08-09T15:58:12.658Z,C99S394L,2026-08-09,2026-08-09,12:58:12,2026-08-09 12:58:12,,,,,,,,69eb8f1f108d9b87368ef89d,69eb8f1f108d9b87368ef89d,,,,
43687,raw_position_sample,2,3,adv,20,2,17,18,137, science ,786,538,1554076,69eb8f1f108d9b87368ef89d,69eb8f1f108d9b87368ef89d,advanced,2,69eb8f1f108d9b87368ef89d,69eb8f1f108d9b87368ef89d,spotlight_PROLIFIC,,42,brazil,Portuguese,"portuguese, english, spanish ",spanish,Portuguese:50|English:40|spanish:10,100,Portuguese:40|English:50|spanish:10,100,Portuguese:75|English:20|spanish:5,100,17,4,Bachelor's,10,10,10,6,7,9,4,20,7,17,Duolingo,150,,,,,22,25,C1,intermediate|advanced,intermediate|advanced,cambridge_22_25_intermediate_advanced,4,20,random,,521.2666625976562,728.3333129882812,545.2666625976562,794.9666442871094,11,2,,,,,,,,,,,,2026-08-09T15:58:12.658Z,C99S394L,2026-08-09,2026-08-09,12:58:12,2026-08-09 12:58:12,,,,,,,,69eb8f1f108d9b87368ef89d,69eb8f1f108d9b87368ef89d,,,,
43737,raw_position_sample,2,3,adv,20,2,17,18,137, science ,786,538,1554126,69eb8f1f108d9b87368ef89d,69eb8f1f108d9b87368ef89d,advanced,2,69eb8f1f108d9b87368ef89d,69eb8f1f108d9b87368ef89d,spotlight_PROLIFIC,,42,brazil,Portuguese,"portuguese, english, spanish ",spanish,Portuguese:50|English:40|spanish:10,100,Portuguese:40|English:50|spanish:10,100,Portuguese:75|English:20|spanish:5,100,17,4,Bachelor's,10,10,10,6,7,9,4,20,7,17,Duolingo,150,,,,,22,25,C1,intermediate|advanced,intermediate|advanced,cambridge_22_25_intermediate_advanced,4,20,random,,521.2666625976562,728.3333129882812,545.2666625976562,794.9666442871094,11,2,,,,,,,,,,,,2026-08-09T15:58:12.658Z,C99S394L,2026-08-09,2026-08-09,12:58:12,2026-08-09 12:58:12,,,,,,,,69eb8f1f108d9b87368ef89d,69eb8f1f108d9b87368ef89d,,,,
43788,raw_position_sample,2,3,adv,20,2,17,18,137, science ,786,538,1554177,69eb8f1f108d9b87368ef89d,69eb8f1f108d9b87368ef89d,advanced,2,69eb8f1f108d9b87368ef89d,69eb8f1f108d9b87368ef89d,spotlight_PROLIFIC,,42,brazil,Portuguese,"portuguese, english, spanish ",spanish,Portuguese:50|English:40|spanish:10,100,Portuguese:40|English:50|spanish:10,100,Portuguese:75|English:20|spanish:5,100,17,4,Bachelor's,10,10,10,6,7,9,4,20,7,17,Duolingo,150,,,,,22,25,C1,intermediate|advanced,intermediate|advanced,cambridge_22_25_intermediate_advanced,4,20,random,,521.2666625976562,728.3333129882812,545.2666625976562,794.9666442871094,11,2,,,,,,,,,,,,2026-08-09T15:58:12.658Z,C99S394L,2026-08-09,2026-08-09,12:58:12,2026-08-09 12:58:12,,,,,,,,69eb8f1f108d9b87368ef89d,69eb8f1f108d9b87368ef89d,,,,
43838,raw_position_sample,2,3,adv,20,2,17,18,137, science ,786,538,1554226,69eb8f1f108d9b87368ef89d,69eb8f1f108d9b87368ef89d,advanced,2,69eb8f1f108d9b87368ef89d,69eb8f1f108d9b87368ef89d,spotlight_PROLIFIC,,42,brazil,Portuguese,"portuguese, english, spanish ",spanish,Portuguese:50|English:40|spanish:10,100,Portuguese:40|English:50|spanish:10,100,Portuguese:75|English:20|spanish:5,100,17,4,Bachelor's,10,10,10,6,7,9,4,20,7,17,Duolingo,150,,,,,22,25,C1,intermediate|advanced,intermediate|advanced,cambridge_22_25_intermediate_advanced,4,20,random,,521.2666625976562,728.3333129882812,545.2666625976562,794.9666442871094,11,2,,,,,,,,,,,,2026-08-09T15:58:12.658Z,C99S394L,2026-08-09,2026-08-09,12:58:12,2026-08-09 12:58:12,,,,,,,,69eb8f1f108d9b87368ef89d,69eb8f1f108d9b87368ef89d,,,,
43889,raw_position_sample,2,3,adv,20,2,17,18,137, science ,782,538,1554276,69eb8f1f108d9b87368ef89d,69eb8f1f108d9b87368ef89d,advanced,2,69eb8f1f108d9b87368ef89d,69eb8f1f108d9b87368ef89d,spotlight_PROLIFIC,,42,brazil,Portuguese,"portuguese, english, spanish ",spanish,Portuguese:50|English:40|spanish:10,100,Portuguese:40|English:50|spanish:10,100,Portuguese:75|English:20|spanish:5,100,17,4,Bachelor's,10,10,10,6,7,9,4,20,7,17,Duolingo,150,,,,,22,25,C1,intermediate|advanced,intermediate|advanced,cambridge_22_25_intermediate_advanced,4,20,random,,521.2666625976562,728.3333129882812,545.2666625976562,794.9666442871094,11,2,,,,,,,,,,,,2026-08-09T15:58:12.658Z,C99S394L,2026-08-09,2026-08-09,12:58:12,2026-08-09 12:58:12,,,,,,,,69eb8f1f108d9b87368ef89d,69eb8f1f108d9b87368ef89d,,,,
43938,raw_position_sample,2,3,adv,20,2,17,18,137, science ,763,538,1554327,69eb8f1f108d9b87368ef89d,69eb8f1f108d9b87368ef89d,advanced,2,69eb8f1f108d9b87368ef89d,69eb8f1f108d9b87368ef89d,spotlight_PROLIFIC,,42,brazil,Portuguese,"portuguese, english, spanish ",spanish,Portuguese:50|English:40|spanish:10,100,Portuguese:40|English:50|spanish:10,100,Portuguese:75|English:20|spanish:5,100,17,4,Bachelor's,10,10,10,6,7,9,4,20,7,17,Duolingo,150,,,,,22,25,C1,intermediate|advanced,intermediate|advanced,cambridge_22_25_intermediate_advanced,4,20,random,,521.2666625976562,728.3333129882812,545.2666625976562,794.9666442871094,11,2,,,,,,,,,,,,2026-08-09T15:58:12.658Z,C99S394L,2026-08-09,2026-08-09,12:58:12,2026-08-09 12:58:12,,,,,,,,69eb8f1f108d9b87368ef89d,69eb8f1f108d9b87368ef89d,,,,
43989,raw_position_sample,2,3,adv,20,2,17,18,137, science ,739,538,1554377,69eb8f1f108d9b87368ef89d,69eb8f1f108d9b87368ef89d,advanced,2,69eb8f1f108d9b87368ef89d,69eb8f1f108d9b87368ef89d,spotlight_PROLIFIC,,42,brazil,Portuguese,"portuguese, english, spanish ",spanish,Portuguese:50|English:40|spanish:10,100,Portuguese:40|English:50|spanish:10,100,Portuguese:75|English:20|spanish:5,100,17,4,Bachelor's,10,10,10,6,7,9,4,20,7,17,Duolingo,150,,,,,22,25,C1,intermediate|advanced,intermediate|advanced,cambridge_22_25_intermediate_advanced,4,20,random,,521.2666625976562,728.3333129882812,545.2666625976562,794.9666442871094,11,2,,,,,,,,,,,,2026-08-09T15:58:12.658Z,C99S394L,2026-08-09,2026-08-09,12:58:12,2026-08-09 12:58:12,,,,,,,,69eb8f1f108d9b87368ef89d,69eb8f1f108d9b87368ef89d,,,,
44039,raw_position_sample,2,3,adv,20,2,17,18,137, science ,739,538,1554427,69eb8f1f108d9b87368ef89d,69eb8f1f108d9b87368ef89d,advanced,2,69eb8f1f108d9b87368ef89d,69eb8f1f108d9b87368ef89d,spotlight_PROLIFIC,,42,brazil,Portuguese,"portuguese, english, spanish ",spanish,Portuguese:50|English:40|spanish:10,100,Portuguese:40|English:50|spanish:10,100,Portuguese:75|English:20|spanish:5,100,17,4,Bachelor's,10,10,10,6,7,9,4,20,7,17,Duolingo,150,,,,,22,25,C1,intermediate|advanced,intermediate|advanced,cambridge_22_25_intermediate_advanced,4,20,random,,521.2666625976562,728.3333129882812,545.2666625976562,794.9666442871094,11,2,,,,,,,,,,,,2026-08-09T15:58:12.658Z,C99S394L,2026-08-09,2026-08-09,12:58:12,2026-08-09 12:58:12,,,,,,,,69eb8f1f108d9b87368ef89d,69eb8f1f108d9b87368ef89d,,,,
44089,raw_position_sample,2,3,adv,20,2,17,18,137, science ,745,538,1554477,69eb8f1f108d9b87368ef89d,69eb8f1f108d9b87368ef89d,advanced,2,69eb8f1f108d9b87368ef89d,69eb8f1f108d9b87368ef89d,spotlight_PROLIFIC,,42,brazil,Portuguese,"portuguese, english, spanish ",spanish,Portuguese:50|English:40|spanish:10,100,Portuguese:40|English:50|spanish:10,100,Portuguese:75|English:20|spanish:5,100,17,4,Bachelor's,10,10,10,6,7,9,4,20,7,17,Duolingo,150,,,,,22,25,C1,intermediate|advanced,intermediate|advanced,cambridge_22_25_intermediate_advanced,4,20,random,,521.2666625976562,728.3333129882812,545.2666625976562,794.9666442871094,11,2,,,,,,,,,,,,2026-08-09T15:58:12.658Z,C99S394L,2026-08-09,2026-08-09,12:58:12,2026-08-09 12:58:12,,,,,,,,69eb8f1f108d9b87368ef89d,69eb8f1f108d9b87368ef89d,,,,
44140,raw_position_sample,2,3,adv,20,2,17,18,137, science ,787,538,1554528,69eb8f1f108d9b87368ef89d,69eb8f1f108d9b87368ef89d,advanced,2,69eb8f1f108d9b87368ef89d,69eb8f1f108d9b87368ef89d,spotlight_PROLIFIC,,42,brazil,Portuguese,"portuguese, english, spanish ",spanish,Portuguese:50|English:40|spanish:10,100,Portuguese:40|English:50|spanish:10,100,Portuguese:75|English:20|spanish:5,100,17,4,Bachelor's,10,10,10,6,7,9,4,20,7,17,Duolingo,150,,,,,22,25,C1,intermediate|advanced,intermediate|advanced,cambridge_22_25_intermediate_advanced,4,20,random,,521.2666625976562,728.3333129882812,545.2666625976562,794.9666442871094,11,2,,,,,,,,,,,,2026-08-09T15:58:12.658Z,C99S394L,2026-08-09,2026-08-09,12:58:12,2026-08-09 12:58:12,,,,,,,,69eb8f1f108d9b87368ef89d,69eb8f1f108d9b87368ef89d,,,,
44150,hover_association,2,3,adv,20,2,17,18,137, science ,747,538,,69eb8f1f108d9b87368ef89d,69eb8f1f108d9b87368ef89d,advanced,2,69eb8f1f108d9b87368ef89d,69eb8f1f108d9b87368ef89d,spotlight_PROLIFIC,,42,brazil,Portuguese,"portuguese, english, spanish ",spanish,Portuguese:50|English:40|spanish:10,100,Portuguese:40|English:50|spanish:10,100,Portuguese:75|English:20|spanish:5,100,17,4,Bachelor's,10,10,10,6,7,9,4,20,7,17,Duolingo,150,,,,,22,25,C1,intermediate|advanced,intermediate|advanced,cambridge_22_25_intermediate_advanced,4,20,random,,513.2666625976562,728.3333358764648,553.2666625976562,794.9666595458984,11,2,hover,699,699,0.8804403096351481,0.6183334350585937,154,,,,,,2026-08-09T15:58:12.658Z,C99S394L,2026-08-09,2026-08-09,12:58:12,2026-08-09 12:58:12,,,,,,,,69eb8f1f108d9b87368ef89d,69eb8f1f108d9b87368ef89d,,,,
44184,hover_association,2,3,adv,20,2,17,18,138, or ,800,538,,69eb8f1f108d9b87368ef89d,69eb8f1f108d9b87368ef89d,advanced,2,69eb8f1f108d9b87368ef89d,69eb8f1f108d9b87368ef89d,spotlight_PROLIFIC,,42,brazil,Portuguese,"portuguese, english, spanish ",spanish,Portuguese:50|English:40|spanish:10,100,Portuguese:40|English:50|spanish:10,100,Portuguese:75|English:20|spanish:5,100,17,4,Bachelor's,10,10,10,6,7,9,4,20,7,17,Duolingo,150,,,,,22,25,C1,intermediate|advanced,intermediate|advanced,cambridge_22_25_intermediate_advanced,4,20,random,,513.2666625976562,794.9666595458984,553.2666625976562,817.9666748046875,11,3,hover,34,34,0.7405795284241198,0.6183334350585937,154,,,,,,2026-08-09T15:58:12.658Z,C99S394L,2026-08-09,2026-08-09,12:58:12,2026-08-09 12:58:12,,,,,,,,69eb8f1f108d9b87368ef89d,69eb8f1f108d9b87368ef89d,,,,
44190,raw_position_sample,2,3,adv,20,2,17,18,139, magic: ,825,538,1554578,69eb8f1f108d9b87368ef89d,69eb8f1f108d9b87368ef89d,advanced,2,69eb8f1f108d9b87368ef89d,69eb8f1f108d9b87368ef89d,spotlight_PROLIFIC,,42,brazil,Portuguese,"portuguese, english, spanish ",spanish,Portuguese:50|English:40|spanish:10,100,Portuguese:40|English:50|spanish:10,100,Portuguese:75|English:20|spanish:5,100,17,4,Bachelor's,10,10,10,6,7,9,4,20,7,17,Duolingo,150,,,,,22,25,C1,intermediate|advanced,intermediate|advanced,cambridge_22_25_intermediate_advanced,4,20,random,,521.2666625976562,817.9666748046875,545.2666625976562,878.7500152587891,11,4,,,,,,,,,,,,2026-08-09T15:58:12.658Z,C99S394L,2026-08-09,2026-08-09,12:58:12,2026-08-09 12:58:12,,,,,,,,69eb8f1f108d9b87368ef89d,69eb8f1f108d9b87368ef89d,,,,
44240,raw_position_sample,2,3,adv,20,2,17,18,139, magic: ,844,538,1554628,69eb8f1f108d9b87368ef89d,69eb8f1f108d9b87368ef89d,advanced,2,69eb8f1f108d9b87368ef89d,69eb8f1f108d9b87368ef89d,spotlight_PROLIFIC,,42,brazil,Portuguese,"portuguese, english, spanish ",spanish,Portuguese:50|English:40|spanish:10,100,Portuguese:40|English:50|spanish:10,100,Portuguese:75|English:20|spanish:5,100,17,4,Bachelor's,10,10,10,6,7,9,4,20,7,17,Duolingo,150,,,,,22,25,C1,intermediate|advanced,intermediate|advanced,cambridge_22_25_intermediate_advanced,4,20,random,,521.2666625976562,817.9666748046875,545.2666625976562,878.7500152587891,11,4,,,,,,,,,,,,2026-08-09T15:58:12.658Z,C99S394L,2026-08-09,2026-08-09,12:58:12,2026-08-09 12:58:12,,,,,,,,69eb8f1f108d9b87368ef89d,69eb8f1f108d9b87368ef89d,,,,
44290,raw_position_sample,2,3,adv,20,2,17,18,139, magic: ,853,538,1554678,69eb8f1f108d9b87368ef89d,69eb8f1f108d9b87368ef89d,advanced,2,69eb8f1f108d9b87368ef89d,69eb8f1f108d9b87368ef89d,spotlight_PROLIFIC,,42,brazil,Portuguese,"portuguese, english, spanish ",spanish,Portuguese:50|English:40|spanish:10,100,Portuguese:40|English:50|spanish:10,100,Portuguese:75|English:20|spanish:5,100,17,4,Bachelor's,10,10,10,6,7,9,4,20,7,17,Duolingo,150,,,,,22,25,C1,intermediate|advanced,intermediate|advanced,cambridge_22_25_intermediate_advanced,4,20,random,,521.2666625976562,817.9666748046875,545.2666625976562,878.7500152587891,11,4,,,,,,,,,,,,2026-08-09T15:58:12.658Z,C99S394L,2026-08-09,2026-08-09,12:58:12,2026-08-09 12:58:12,,,,,,,,69eb8f1f108d9b87368ef89d,69eb8f1f108d9b87368ef89d,,,,
44341,raw_position_sample,2,3,adv,20,2,17,18,139, magic: ,858,537,1554729,69eb8f1f108d9b87368ef89d,69eb8f1f108d9b87368ef89d,advanced,2,69eb8f1f108d9b87368ef89d,69eb8f1f108d9b87368ef89d,spotlight_PROLIFIC,,42,brazil,Portuguese,"portuguese, english, spanish ",spanish,Portuguese:50|English:40|spanish:10,100,Portuguese:40|English:50|spanish:10,100,Portuguese:75|English:20|spanish:5,100,17,4,Bachelor's,10,10,10,6,7,9,4,20,7,17,Duolingo,150,,,,,22,25,C1,intermediate|advanced,intermediate|advanced,cambridge_22_25_intermediate_advanced,4,20,random,,521.2666625976562,817.9666748046875,545.2666625976562,878.7500152587891,11,4,,,,,,,,,,,,2026-08-09T15:58:12.658Z,C99S394L,2026-08-09,2026-08-09,12:58:12,2026-08-09 12:58:12,,,,,,,,69eb8f1f108d9b87368ef89d,69eb8f1f108d9b87368ef89d,,,,
44391,raw_position_sample,2,3,adv,20,2,17,18,139, magic: ,861,537,1554779,69eb8f1f108d9b87368ef89d,69eb8f1f108d9b87368ef89d,advanced,2,69eb8f1f108d9b87368ef89d,69eb8f1f108d9b87368ef89d,spotlight_PROLIFIC,,42,brazil,Portuguese,"portuguese, english, spanish ",spanish,Portuguese:50|English:40|spanish:10,100,Portuguese:40|English:50|spanish:10,100,Portuguese:75|English:20|spanish:5,100,17,4,Bachelor's,10,10,10,6,7,9,4,20,7,17,Duolingo,150,,,,,22,25,C1,intermediate|advanced,intermediate|advanced,cambridge_22_25_intermediate_advanced,4,20,random,,521.2666625976562,817.9666748046875,545.2666625976562,878.7500152587891,11,4,,,,,,,,,,,,2026-08-09T15:58:12.658Z,C99S394L,2026-08-09,2026-08-09,12:58:12,2026-08-09 12:58:12,,,,,,,,69eb8f1f108d9b87368ef89d,69eb8f1f108d9b87368ef89d,,,,
44441,raw_position_sample,2,3,adv,20,2,17,18,139, magic: ,861,537,1554829,69eb8f1f108d9b87368ef89d,69eb8f1f108d9b87368ef89d,advanced,2,69eb8f1f108d9b87368ef89d,69eb8f1f108d9b87368ef89d,spotlight_PROLIFIC,,42,brazil,Portuguese,"portuguese, english, spanish ",spanish,Portuguese:50|English:40|spanish:10,100,Portuguese:40|English:50|spanish:10,100,Portuguese:75|English:20|spanish:5,100,17,4,Bachelor's,10,10,10,6,7,9,4,20,7,17,Duolingo,150,,,,,22,25,C1,intermediate|advanced,intermediate|advanced,cambridge_22_25_intermediate_advanced,4,20,random,,521.2666625976562,817.9666748046875,545.2666625976562,878.7500152587891,11,4,,,,,,,,,,,,2026-08-09T15:58:12.658Z,C99S394L,2026-08-09,2026-08-09,12:58:12,2026-08-09 12:58:12,,,,,,,,69eb8f1f108d9b87368ef89d,69eb8f1f108d9b87368ef89d,,,,
44491,raw_position_sample,2,3,adv,20,2,17,18,139, magic: ,861,537,1554879,69eb8f1f108d9b87368ef89d,69eb8f1f108d9b87368ef89d,advanced,2,69eb8f1f108d9b87368ef89d,69eb8f1f108d9b87368ef89d,spotlight_PROLIFIC,,42,brazil,Portuguese,"portuguese, english, spanish ",spanish,Portuguese:50|English:40|spanish:10,100,Portuguese:40|English:50|spanish:10,100,Portuguese:75|English:20|spanish:5,100,17,4,Bachelor's,10,10,10,6,7,9,4,20,7,17,Duolingo,150,,,,,22,25,C1,intermediate|advanced,intermediate|advanced,cambridge_22_25_intermediate_advanced,4,20,random,,521.2666625976562,817.9666748046875,545.2666625976562,878.7500152587891,11,4,,,,,,,,,,,,2026-08-09T15:58:12.658Z,C99S394L,2026-08-09,2026-08-09,12:58:12,2026-08-09 12:58:12,,,,,,,,69eb8f1f108d9b87368ef89d,69eb8f1f108d9b87368ef89d,,,,
44541,raw_position_sample,2,3,adv,20,2,17,18,139, magic: ,861,537,1554930,69eb8f1f108d9b87368ef89d,69eb8f1f108d9b87368ef89d,advanced,2,69eb8f1f108d9b87368ef89d,69eb8f1f108d9b87368ef89d,spotlight_PROLIFIC,,42,brazil,Portuguese,"portuguese, english, spanish ",spanish,Portuguese:50|English:40|spanish:10,100,Portuguese:40|English:50|spanish:10,100,Portuguese:75|English:20|spanish:5,100,17,4,Bachelor's,10,10,10,6,7,9,4,20,7,17,Duolingo,150,,,,,22,25,C1,intermediate|advanced,intermediate|advanced,cambridge_22_25_intermediate_advanced,4,20,random,,521.2666625976562,817.9666748046875,545.2666625976562,878.7500152587891,11,4,,,,,,,,,,,,2026-08-09T15:58:12.658Z,C99S394L,2026-08-09,2026-08-09,12:58:12,2026-08-09 12:58:12,,,,,,,,69eb8f1f108d9b87368ef89d,69eb8f1f108d9b87368ef89d,,,,
44591,raw_position_sample,2,3,adv,20,2,17,18,139, magic: ,861,537,1554980,69eb8f1f108d9b87368ef89d,69eb8f1f108d9b87368ef89d,advanced,2,69eb8f1f108d9b87368ef89d,69eb8f1f108d9b87368ef89d,spotlight_PROLIFIC,,42,brazil,Portuguese,"portuguese, english, spanish ",spanish,Portuguese:50|English:40|spanish:10,100,Portuguese:40|English:50|spanish:10,100,Portuguese:75|English:20|spanish:5,100,17,4,Bachelor's,10,10,10,6,7,9,4,20,7,17,Duolingo,150,,,,,22,25,C1,intermediate|advanced,intermediate|advanced,cambridge_22_25_intermediate_advanced,4,20,random,,521.2666625976562,817.9666748046875,545.2666625976562,878.7500152587891,11,4,,,,,,,,,,,,2026-08-09T15:58:12.658Z,C99S394L,2026-08-09,2026-08-09,12:58:12,2026-08-09 12:58:12,,,,,,,,69eb8f1f108d9b87368ef89d,69eb8f1f108d9b87368ef89d,,,,
44642,raw_position_sample,2,3,adv,20,2,17,18,139, magic: ,861,537,1555031,69eb8f1f108d9b87368ef89d,69eb8f1f108d9b87368ef89d,advanced,2,69eb8f1f108d9b87368ef89d,69eb8f1f108d9b87368ef89d,spotlight_PROLIFIC,,42,brazil,Portuguese,"portuguese, english, spanish ",spanish,Portuguese:50|English:40|spanish:10,100,Portuguese:40|English:50|spanish:10,100,Portuguese:75|English:20|spanish:5,100,17,4,Bachelor's,10,10,10,6,7,9,4,20,7,17,Duolingo,150,,,,,22,25,C1,intermediate|advanced,intermediate|advanced,cambridge_22_25_intermediate_advanced,4,20,random,,521.2666625976562,817.9666748046875,545.2666625976562,878.7500152587891,11,4,,,,,,,,,,,,2026-08-09T15:58:12.658Z,C99S394L,2026-08-09,2026-08-09,12:58:12,2026-08-09 12:58:12,,,,,,,,69eb8f1f108d9b87368ef89d,69eb8f1f108d9b87368ef89d,,,,
44692,raw_position_sample,2,3,adv,20,2,17,18,139, magic: ,861,537,1555081,69eb8f1f108d9b87368ef89d,69eb8f1f108d9b87368ef89d,advanced,2,69eb8f1f108d9b87368ef89d,69eb8f1f108d9b87368ef89d,spotlight_PROLIFIC,,42,brazil,Portuguese,"portuguese, english, spanish ",spanish,Portuguese:50|English:40|spanish:10,100,Portuguese:40|English:50|spanish:10,100,Portuguese:75|English:20|spanish:5,100,17,4,Bachelor's,10,10,10,6,7,9,4,20,7,17,Duolingo,150,,,,,22,25,C1,intermediate|advanced,intermediate|advanced,cambridge_22_25_intermediate_advanced,4,20,random,,521.2666625976562,817.9666748046875,545.2666625976562,878.7500152587891,11,4,,,,,,,,,,,,2026-08-09T15:58:12.658Z,C99S394L,2026-08-09,2026-08-09,12:58:12,2026-08-09 12:58:12,,,,,,,,69eb8f1f108d9b87368ef89d,69eb8f1f108d9b87368ef89d,,,,
44743,raw_position_sample,2,3,adv,20,2,17,18,139, magic: ,862,537,1555131,69eb8f1f108d9b87368ef89d,69eb8f1f108d9b87368ef89d,advanced,2,69eb8f1f108d9b87368ef89d,69eb8f1f108d9b87368ef89d,spotlight_PROLIFIC,,42,brazil,Portuguese,"portuguese, english, spanish ",spanish,Portuguese:50|English:40|spanish:10,100,Portuguese:40|English:50|spanish:10,100,Portuguese:75|English:20|spanish:5,100,17,4,Bachelor's,10,10,10,6,7,9,4,20,7,17,Duolingo,150,,,,,22,25,C1,intermediate|advanced,intermediate|advanced,cambridge_22_25_intermediate_advanced,4,20,random,,521.2666625976562,817.9666748046875,545.2666625976562,878.7500152587891,11,4,,,,,,,,,,,,2026-08-09T15:58:12.658Z,C99S394L,2026-08-09,2026-08-09,12:58:12,2026-08-09 12:58:12,,,,,,,,69eb8f1f108d9b87368ef89d,69eb8f1f108d9b87368ef89d,,,,
44792,raw_position_sample,2,3,adv,20,2,17,18,139, magic: ,862,537,1555181,69eb8f1f108d9b87368ef89d,69eb8f1f108d9b87368ef89d,advanced,2,69eb8f1f108d9b87368ef89d,69eb8f1f108d9b87368ef89d,spotlight_PROLIFIC,,42,brazil,Portuguese,"portuguese, english, spanish ",spanish,Portuguese:50|English:40|spanish:10,100,Portuguese:40|English:50|spanish:10,100,Portuguese:75|English:20|spanish:5,100,17,4,Bachelor's,10,10,10,6,7,9,4,20,7,17,Duolingo,150,,,,,22,25,C1,intermediate|advanced,intermediate|advanced,cambridge_22_25_intermediate_advanced,4,20,random,,521.2666625976562,817.9666748046875,545.2666625976562,878.7500152587891,11,4,,,,,,,,,,,,2026-08-09T15:58:12.658Z,C99S394L,2026-08-09,2026-08-09,12:58:12,2026-08-09 12:58:12,,,,,,,,69eb8f1f108d9b87368ef89d,69eb8f1f108d9b87368ef89d,,,,
44842,raw_position_sample,2,3,adv,20,2,17,18,139, magic: ,862,537,1555231,69eb8f1f108d9b87368ef89d,69eb8f1f108d9b87368ef89d,advanced,2,69eb8f1f108d9b87368ef89d,69eb8f1f108d9b87368ef89d,spotlight_PROLIFIC,,42,brazil,Portuguese,"portuguese, english, spanish ",spanish,Portuguese:50|English:40|spanish:10,100,Portuguese:40|English:50|spanish:10,100,Portuguese:75|English:20|spanish:5,100,17,4,Bachelor's,10,10,10,6,7,9,4,20,7,17,Duolingo,150,,,,,22,25,C1,intermediate|advanced,intermediate|advanced,cambridge_22_25_intermediate_advanced,4,20,random,,521.2666625976562,817.9666748046875,545.2666625976562,878.7500152587891,11,4,,,,,,,,,,,,2026-08-09T15:58:12.658Z,C99S394L,2026-08-09,2026-08-09,12:58:12,2026-08-09 12:58:12,,,,,,,,69eb8f1f108d9b87368ef89d,69eb8f1f108d9b87368ef89d,,,,
44893,raw_position_sample,2,3,adv,20,2,17,18,139, magic: ,862,537,1555282,69eb8f1f108d9b87368ef89d,69eb8f1f108d9b87368ef89d,advanced,2,69eb8f1f108d9b87368ef89d,69eb8f1f108d9b87368ef89d,spotlight_PROLIFIC,,42,brazil,Portuguese,"portuguese, english, spanish ",spanish,Portuguese:50|English:40|spanish:10,100,Portuguese:40|English:50|spanish:10,100,Portuguese:75|English:20|spanish:5,100,17,4,Bachelor's,10,10,10,6,7,9,4,20,7,17,Duolingo,150,,,,,22,25,C1,intermediate|advanced,intermediate|advanced,cambridge_22_25_intermediate_advanced,4,20,random,,521.2666625976562,817.9666748046875,545.2666625976562,878.7500152587891,11,4,,,,,,,,,,,,2026-08-09T15:58:12.658Z,C99S394L,2026-08-09,2026-08-09,12:58:12,2026-08-09 12:58:12,,,,,,,,69eb8f1f108d9b87368ef89d,69eb8f1f108d9b87368ef89d,,,,
44943,raw_position_sample,2,3,adv,20,2,17,18,139, magic: ,862,537,1555332,69eb8f1f108d9b87368ef89d,69eb8f1f108d9b87368ef89d,advanced,2,69eb8f1f108d9b87368ef89d,69eb8f1f108d9b87368ef89d,spotlight_PROLIFIC,,42,brazil,Portuguese,"portuguese, english, spanish ",spanish,Portuguese:50|English:40|spanish:10,100,Portuguese:40|English:50|spanish:10,100,Portuguese:75|English:20|spanish:5,100,17,4,Bachelor's,10,10,10,6,7,9,4,20,7,17,Duolingo,150,,,,,22,25,C1,intermediate|advanced,intermediate|advanced,cambridge_22_25_intermediate_advanced,4,20,random,,521.2666625976562,817.9666748046875,545.2666625976562,878.7500152587891,11,4,,,,,,,,,,,,2026-08-09T15:58:12.658Z,C99S394L,2026-08-09,2026-08-09,12:58:12,2026-08-09 12:58:12,,,,,,,,69eb8f1f108d9b87368ef89d,69eb8f1f108d9b87368ef89d,,,,
44994,raw_position_sample,2,3,adv,20,2,17,18,139, magic: ,862,537,1555382,69eb8f1f108d9b87368ef89d,69eb8f1f108d9b87368ef89d,advanced,2,69eb8f1f108d9b87368ef89d,69eb8f1f108d9b87368ef89d,spotlight_PROLIFIC,,42,brazil,Portuguese,"portuguese, english, spanish ",spanish,Portuguese:50|English:40|spanish:10,100,Portuguese:40|English:50|spanish:10,100,Portuguese:75|English:20|spanish:5,100,17,4,Bachelor's,10,10,10,6,7,9,4,20,7,17,Duolingo,150,,,,,22,25,C1,intermediate|advanced,intermediate|advanced,cambridge_22_25_intermediate_advanced,4,20,random,,521.2666625976562,817.9666748046875,545.2666625976562,878.7500152587891,11,4,,,,,,,,,,,,2026-08-09T15:58:12.658Z,C99S394L,2026-08-09,2026-08-09,12:58:12,2026-08-09 12:58:12,,,,,,,,69eb8f1f108d9b87368ef89d,69eb8f1f108d9b87368ef89d,,,,
45044,raw_position_sample,2,3,adv,20,2,17,18,139, magic: ,862,537,1555432,69eb8f1f108d9b87368ef89d,69eb8f1f108d9b87368ef89d,advanced,2,69eb8f1f108d9b87368ef89d,69eb8f1f108d9b87368ef89d,spotlight_PROLIFIC,,42,brazil,Portuguese,"portuguese, english, spanish ",spanish,Portuguese:50|English:40|spanish:10,100,Portuguese:40|English:50|spanish:10,100,Portuguese:75|English:20|spanish:5,100,17,4,Bachelor's,10,10,10,6,7,9,4,20,7,17,Duolingo,150,,,,,22,25,C1,intermediate|advanced,intermediate|advanced,cambridge_22_25_intermediate_advanced,4,20,random,,521.2666625976562,817.9666748046875,545.2666625976562,878.7500152587891,11,4,,,,,,,,,,,,2026-08-09T15:58:12.658Z,C99S394L,2026-08-09,2026-08-09,12:58:12,2026-08-09 12:58:12,,,,,,,,69eb8f1f108d9b87368ef89d,69eb8f1f108d9b87368ef89d,,,,
45094,raw_position_sample,2,3,adv,20,2,17,18,139, magic: ,862,537,1555482,69eb8f1f108d9b87368ef89d,69eb8f1f108d9b87368ef89d,advanced,2,69eb8f1f108d9b87368ef89d,69eb8f1f108d9b87368ef89d,spotlight_PROLIFIC,,42,brazil,Portuguese,"portuguese, english, spanish ",spanish,Portuguese:50|English:40|spanish:10,100,Portuguese:40|English:50|spanish:10,100,Portuguese:75|English:20|spanish:5,100,17,4,Bachelor's,10,10,10,6,7,9,4,20,7,17,Duolingo,150,,,,,22,25,C1,intermediate|advanced,intermediate|advanced,cambridge_22_25_intermediate_advanced,4,20,random,,521.2666625976562,817.9666748046875,545.2666625976562,878.7500152587891,11,4,,,,,,,,,,,,2026-08-09T15:58:12.658Z,C99S394L,2026-08-09,2026-08-09,12:58:12,2026-08-09 12:58:12,,,,,,,,69eb8f1f108d9b87368ef89d,69eb8f1f108d9b87368ef89d,,,,
45144,raw_position_sample,2,3,adv,20,2,17,18,139, magic: ,863,536,1555533,69eb8f1f108d9b87368ef89d,69eb8f1f108d9b87368ef89d,advanced,2,69eb8f1f108d9b87368ef89d,69eb8f1f108d9b87368ef89d,spotlight_PROLIFIC,,42,brazil,Portuguese,"portuguese, english, spanish ",spanish,Portuguese:50|English:40|spanish:10,100,Portuguese:40|English:50|spanish:10,100,Portuguese:75|English:20|spanish:5,100,17,4,Bachelor's,10,10,10,6,7,9,4,20,7,17,Duolingo,150,,,,,22,25,C1,intermediate|advanced,intermediate|advanced,cambridge_22_25_intermediate_advanced,4,20,random,,521.2666625976562,817.9666748046875,545.2666625976562,878.7500152587891,11,4,,,,,,,,,,,,2026-08-09T15:58:12.658Z,C99S394L,2026-08-09,2026-08-09,12:58:12,2026-08-09 12:58:12,,,,,,,,69eb8f1f108d9b87368ef89d,69eb8f1f108d9b87368ef89d,,,,
45195,raw_position_sample,2,3,adv,20,2,17,18,139, magic: ,863,536,1555583,69eb8f1f108d9b87368ef89d,69eb8f1f108d9b87368ef89d,advanced,2,69eb8f1f108d9b87368ef89d,69eb8f1f108d9b87368ef89d,spotlight_PROLIFIC,,42,brazil,Portuguese,"portuguese, english, spanish ",spanish,Portuguese:50|English:40|spanish:10,100,Portuguese:40|English:50|spanish:10,100,Portuguese:75|English:20|spanish:5,100,17,4,Bachelor's,10,10,10,6,7,9,4,20,7,17,Duolingo,150,,,,,22,25,C1,intermediate|advanced,intermediate|advanced,cambridge_22_25_intermediate_advanced,4,20,random,,521.2666625976562,817.9666748046875,545.2666625976562,878.7500152587891,11,4,,,,,,,,,,,,2026-08-09T15:58:12.658Z,C99S394L,2026-08-09,2026-08-09,12:58:12,2026-08-09 12:58:12,,,,,,,,69eb8f1f108d9b87368ef89d,69eb8f1f108d9b87368ef89d,,,,
45245,raw_position_sample,2,3,adv,20,2,17,18,139, magic: ,862,536,1555634,69eb8f1f108d9b87368ef89d,69eb8f1f108d9b87368ef89d,advanced,2,69eb8f1f108d9b87368ef89d,69eb8f1f108d9b87368ef89d,spotlight_PROLIFIC,,42,brazil,Portuguese,"portuguese, english, spanish ",spanish,Portuguese:50|English:40|spanish:10,100,Portuguese:40|English:50|spanish:10,100,Portuguese:75|English:20|spanish:5,100,17,4,Bachelor's,10,10,10,6,7,9,4,20,7,17,Duolingo,150,,,,,22,25,C1,intermediate|advanced,intermediate|advanced,cambridge_22_25_intermediate_advanced,4,20,random,,521.2666625976562,817.9666748046875,545.2666625976562,878.7500152587891,11,4,,,,,,,,,,,,2026-08-09T15:58:12.658Z,C99S394L,2026-08-09,2026-08-09,12:58:12,2026-08-09 12:58:12,,,,,,,,69eb8f1f108d9b87368ef89d,69eb8f1f108d9b87368ef89d,,,,
45296,raw_position_sample,2,3,adv,20,2,17,18,139, magic: ,862,536,1555684,69eb8f1f108d9b87368ef89d,69eb8f1f108d9b87368ef89d,advanced,2,69eb8f1f108d9b87368ef89d,69eb8f1f108d9b87368ef89d,spotlight_PROLIFIC,,42,brazil,Portuguese,"portuguese, english, spanish ",spanish,Portuguese:50|English:40|spanish:10,100,Portuguese:40|English:50|spanish:10,100,Portuguese:75|English:20|spanish:5,100,17,4,Bachelor's,10,10,10,6,7,9,4,20,7,17,Duolingo,150,,,,,22,25,C1,intermediate|advanced,intermediate|advanced,cambridge_22_25_intermediate_advanced,4,20,random,,521.2666625976562,817.9666748046875,545.2666625976562,878.7500152587891,11,4,,,,,,,,,,,,2026-08-09T15:58:12.658Z,C99S394L,2026-08-09,2026-08-09,12:58:12,2026-08-09 12:58:12,,,,,,,,69eb8f1f108d9b87368ef89d,69eb8f1f108d9b87368ef89d,,,,
45345,raw_position_sample,2,3,adv,20,2,17,18,139, magic: ,861,536,1555734,69eb8f1f108d9b87368ef89d,69eb8f1f108d9b87368ef89d,advanced,2,69eb8f1f108d9b87368ef89d,69eb8f1f108d9b87368ef89d,spotlight_PROLIFIC,,42,brazil,Portuguese,"portuguese, english, spanish ",spanish,Portuguese:50|English:40|spanish:10,100,Portuguese:40|English:50|spanish:10,100,Portuguese:75|English:20|spanish:5,100,17,4,Bachelor's,10,10,10,6,7,9,4,20,7,17,Duolingo,150,,,,,22,25,C1,intermediate|advanced,intermediate|advanced,cambridge_22_25_intermediate_advanced,4,20,random,,521.2666625976562,817.9666748046875,545.2666625976562,878.7500152587891,11,4,,,,,,,,,,,,2026-08-09T15:58:12.658Z,C99S394L,2026-08-09,2026-08-09,12:58:12,2026-08-09 12:58:12,,,,,,,,69eb8f1f108d9b87368ef89d,69eb8f1f108d9b87368ef89d,,,,
45396,raw_position_sample,2,3,adv,20,2,17,18,139, magic: ,855,536,1555785,69eb8f1f108d9b87368ef89d,69eb8f1f108d9b87368ef89d,advanced,2,69eb8f1f108d9b87368ef89d,69eb8f1f108d9b87368ef89d,spotlight_PROLIFIC,,42,brazil,Portuguese,"portuguese, english, spanish ",spanish,Portuguese:50|English:40|spanish:10,100,Portuguese:40|English:50|spanish:10,100,Portuguese:75|English:20|spanish:5,100,17,4,Bachelor's,10,10,10,6,7,9,4,20,7,17,Duolingo,150,,,,,22,25,C1,intermediate|advanced,intermediate|advanced,cambridge_22_25_intermediate_advanced,4,20,random,,521.2666625976562,817.9666748046875,545.2666625976562,878.7500152587891,11,4,,,,,,,,,,,,2026-08-09T15:58:12.658Z,C99S394L,2026-08-09,2026-08-09,12:58:12,2026-08-09 12:58:12,,,,,,,,69eb8f1f108d9b87368ef89d,69eb8f1f108d9b87368ef89d,,,,
45446,raw_position_sample,2,3,adv,20,2,17,18,139, magic: ,844,541,1555835,69eb8f1f108d9b87368ef89d,69eb8f1f108d9b87368ef89d,advanced,2,69eb8f1f108d9b87368ef89d,69eb8f1f108d9b87368ef89d,spotlight_PROLIFIC,,42,brazil,Portuguese,"portuguese, english, spanish ",spanish,Portuguese:50|English:40|spanish:10,100,Portuguese:40|English:50|spanish:10,100,Portuguese:75|English:20|spanish:5,100,17,4,Bachelor's,10,10,10,6,7,9,4,20,7,17,Duolingo,150,,,,,22,25,C1,intermediate|advanced,intermediate|advanced,cambridge_22_25_intermediate_advanced,4,20,random,,521.2666625976562,817.9666748046875,545.2666625976562,878.7500152587891,11,4,,,,,,,,,,,,2026-08-09T15:58:12.658Z,C99S394L,2026-08-09,2026-08-09,12:58:12,2026-08-09 12:58:12,,,,,,,,69eb8f1f108d9b87368ef89d,69eb8f1f108d9b87368ef89d,,,,
45497,raw_position_sample,2,3,adv,20,2,17,18,139, magic: ,838,543,1555885,69eb8f1f108d9b87368ef89d,69eb8f1f108d9b87368ef89d,advanced,2,69eb8f1f108d9b87368ef89d,69eb8f1f108d9b87368ef89d,spotlight_PROLIFIC,,42,brazil,Portuguese,"portuguese, english, spanish ",spanish,Portuguese:50|English:40|spanish:10,100,Portuguese:40|English:50|spanish:10,100,Portuguese:75|English:20|spanish:5,100,17,4,Bachelor's,10,10,10,6,7,9,4,20,7,17,Duolingo,150,,,,,22,25,C1,intermediate|advanced,intermediate|advanced,cambridge_22_25_intermediate_advanced,4,20,random,,521.2666625976562,817.9666748046875,545.2666625976562,878.7500152587891,11,4,,,,,,,,,,,,2026-08-09T15:58:12.658Z,C99S394L,2026-08-09,2026-08-09,12:58:12,2026-08-09 12:58:12,,,,,,,,69eb8f1f108d9b87368ef89d,69eb8f1f108d9b87368ef89d,,,,
45547,raw_position_sample,2,3,adv,20,2,17,18,139, magic: ,830,544,1555935,69eb8f1f108d9b87368ef89d,69eb8f1f108d9b87368ef89d,advanced,2,69eb8f1f108d9b87368ef89d,69eb8f1f108d9b87368ef89d,spotlight_PROLIFIC,,42,brazil,Portuguese,"portuguese, english, spanish ",spanish,Portuguese:50|English:40|spanish:10,100,Portuguese:40|English:50|spanish:10,100,Portuguese:75|English:20|spanish:5,100,17,4,Bachelor's,10,10,10,6,7,9,4,20,7,17,Duolingo,150,,,,,22,25,C1,intermediate|advanced,intermediate|advanced,cambridge_22_25_intermediate_advanced,4,20,random,,521.2666625976562,817.9666748046875,545.2666625976562,878.7500152587891,11,4,,,,,,,,,,,,2026-08-09T15:58:12.658Z,C99S394L,2026-08-09,2026-08-09,12:58:12,2026-08-09 12:58:12,,,,,,,,69eb8f1f108d9b87368ef89d,69eb8f1f108d9b87368ef89d,,,,
45597,raw_position_sample,2,3,adv,20,2,17,18,139, magic: ,822,546,1555985,69eb8f1f108d9b87368ef89d,69eb8f1f108d9b87368ef89d,advanced,2,69eb8f1f108d9b87368ef89d,69eb8f1f108d9b87368ef89d,spotlight_PROLIFIC,,42,brazil,Portuguese,"portuguese, english, spanish ",spanish,Portuguese:50|English:40|spanish:10,100,Portuguese:40|English:50|spanish:10,100,Portuguese:75|English:20|spanish:5,100,17,4,Bachelor's,10,10,10,6,7,9,4,20,7,17,Duolingo,150,,,,,22,25,C1,intermediate|advanced,intermediate|advanced,cambridge_22_25_intermediate_advanced,4,20,random,,521.2666625976562,817.9666748046875,545.2666625976562,878.7500152587891,11,4,,,,,,,,,,,,2026-08-09T15:58:12.658Z,C99S394L,2026-08-09,2026-08-09,12:58:12,2026-08-09 12:58:12,,,,,,,,69eb8f1f108d9b87368ef89d,69eb8f1f108d9b87368ef89d,,,,
45647,raw_position_sample,2,3,adv,20,2,17,18,139, magic: ,822,546,1556035,69eb8f1f108d9b87368ef89d,69eb8f1f108d9b87368ef89d,advanced,2,69eb8f1f108d9b87368ef89d,69eb8f1f108d9b87368ef89d,spotlight_PROLIFIC,,42,brazil,Portuguese,"portuguese, english, spanish ",spanish,Portuguese:50|English:40|spanish:10,100,Portuguese:40|English:50|spanish:10,100,Portuguese:75|English:20|spanish:5,100,17,4,Bachelor's,10,10,10,6,7,9,4,20,7,17,Duolingo,150,,,,,22,25,C1,intermediate|advanced,intermediate|advanced,cambridge_22_25_intermediate_advanced,4,20,random,,521.2666625976562,817.9666748046875,545.2666625976562,878.7500152587891,11,4,,,,,,,,,,,,2026-08-09T15:58:12.658Z,C99S394L,2026-08-09,2026-08-09,12:58:12,2026-08-09 12:58:12,,,,,,,,69eb8f1f108d9b87368ef89d,69eb8f1f108d9b87368ef89d,,,,
45698,raw_position_sample,2,3,adv,20,2,17,18,139, magic: ,822,546,1556086,69eb8f1f108d9b87368ef89d,69eb8f1f108d9b87368ef89d,advanced,2,69eb8f1f108d9b87368ef89d,69eb8f1f108d9b87368ef89d,spotlight_PROLIFIC,,42,brazil,Portuguese,"portuguese, english, spanish ",spanish,Portuguese:50|English:40|spanish:10,100,Portuguese:40|English:50|spanish:10,100,Portuguese:75|English:20|spanish:5,100,17,4,Bachelor's,10,10,10,6,7,9,4,20,7,17,Duolingo,150,,,,,22,25,C1,intermediate|advanced,intermediate|advanced,cambridge_22_25_intermediate_advanced,4,20,random,,521.2666625976562,817.9666748046875,545.2666625976562,878.7500152587891,11,4,,,,,,,,,,,,2026-08-09T15:58:12.658Z,C99S394L,2026-08-09,2026-08-09,12:58:12,2026-08-09 12:58:12,,,,,,,,69eb8f1f108d9b87368ef89d,69eb8f1f108d9b87368ef89d,,,,
45748,raw_position_sample,2,3,adv,20,2,17,18,139, magic: ,819,546,1556136,69eb8f1f108d9b87368ef89d,69eb8f1f108d9b87368ef89d,advanced,2,69eb8f1f108d9b87368ef89d,69eb8f1f108d9b87368ef89d,spotlight_PROLIFIC,,42,brazil,Portuguese,"portuguese, english, spanish ",spanish,Portuguese:50|English:40|spanish:10,100,Portuguese:40|English:50|spanish:10,100,Portuguese:75|English:20|spanish:5,100,17,4,Bachelor's,10,10,10,6,7,9,4,20,7,17,Duolingo,150,,,,,22,25,C1,intermediate|advanced,intermediate|advanced,cambridge_22_25_intermediate_advanced,4,20,random,,521.2666625976562,817.9666748046875,545.2666625976562,878.7500152587891,11,4,,,,,,,,,,,,2026-08-09T15:58:12.658Z,C99S394L,2026-08-09,2026-08-09,12:58:12,2026-08-09 12:58:12,,,,,,,,69eb8f1f108d9b87368ef89d,69eb8f1f108d9b87368ef89d,,,,
45759,hover_association,2,3,adv,20,2,17,18,139, magic: ,825,538,,69eb8f1f108d9b87368ef89d,69eb8f1f108d9b87368ef89d,advanced,2,69eb8f1f108d9b87368ef89d,69eb8f1f108d9b87368ef89d,spotlight_PROLIFIC,,42,brazil,Portuguese,"portuguese, english, spanish ",spanish,Portuguese:50|English:40|spanish:10,100,Portuguese:40|English:50|spanish:10,100,Portuguese:75|English:20|spanish:5,100,17,4,Bachelor's,10,10,10,6,7,9,4,20,7,17,Duolingo,150,,,,,22,25,C1,intermediate|advanced,intermediate|advanced,cambridge_22_25_intermediate_advanced,4,20,random,,513.2666625976562,817.9666748046875,553.2666625976562,878.7500076293945,11,4,hover,1576,1576,0.0170001404544977,0.8183334350585938,154,,,,,,2026-08-09T15:58:12.658Z,C99S394L,2026-08-09,2026-08-09,12:58:12,2026-08-09 12:58:12,,,,,,,,69eb8f1f108d9b87368ef89d,69eb8f1f108d9b87368ef89d,,,,
45798,raw_position_sample,2,3,adv,20,2,17,18,138, or ,817,546,1556186,69eb8f1f108d9b87368ef89d,69eb8f1f108d9b87368ef89d,advanced,2,69eb8f1f108d9b87368ef89d,69eb8f1f108d9b87368ef89d,spotlight_PROLIFIC,,42,brazil,Portuguese,"portuguese, english, spanish ",spanish,Portuguese:50|English:40|spanish:10,100,Portuguese:40|English:50|spanish:10,100,Portuguese:75|English:20|spanish:5,100,17,4,Bachelor's,10,10,10,6,7,9,4,20,7,17,Duolingo,150,,,,,22,25,C1,intermediate|advanced,intermediate|advanced,cambridge_22_25_intermediate_advanced,4,20,random,,521.2666625976562,794.9666748046875,545.2666625976562,817.9666748046875,11,3,,,,,,,,,,,,2026-08-09T15:58:12.658Z,C99S394L,2026-08-09,2026-08-09,12:58:12,2026-08-09 12:58:12,,,,,,,,69eb8f1f108d9b87368ef89d,69eb8f1f108d9b87368ef89d,,,,
45848,raw_position_sample,2,3,adv,20,2,17,18,138, or ,817,546,1556237,69eb8f1f108d9b87368ef89d,69eb8f1f108d9b87368ef89d,advanced,2,69eb8f1f108d9b87368ef89d,69eb8f1f108d9b87368ef89d,spotlight_PROLIFIC,,42,brazil,Portuguese,"portuguese, english, spanish ",spanish,Portuguese:50|English:40|spanish:10,100,Portuguese:40|English:50|spanish:10,100,Portuguese:75|English:20|spanish:5,100,17,4,Bachelor's,10,10,10,6,7,9,4,20,7,17,Duolingo,150,,,,,22,25,C1,intermediate|advanced,intermediate|advanced,cambridge_22_25_intermediate_advanced,4,20,random,,521.2666625976562,794.9666748046875,545.2666625976562,817.9666748046875,11,3,,,,,,,,,,,,2026-08-09T15:58:12.658Z,C99S394L,2026-08-09,2026-08-09,12:58:12,2026-08-09 12:58:12,,,,,,,,69eb8f1f108d9b87368ef89d,69eb8f1f108d9b87368ef89d,,,,
45899,raw_position_sample,2,3,adv,20,2,17,18,138, or ,817,546,1556287,69eb8f1f108d9b87368ef89d,69eb8f1f108d9b87368ef89d,advanced,2,69eb8f1f108d9b87368ef89d,69eb8f1f108d9b87368ef89d,spotlight_PROLIFIC,,42,brazil,Portuguese,"portuguese, english, spanish ",spanish,Portuguese:50|English:40|spanish:10,100,Portuguese:40|English:50|spanish:10,100,Portuguese:75|English:20|spanish:5,100,17,4,Bachelor's,10,10,10,6,7,9,4,20,7,17,Duolingo,150,,,,,22,25,C1,intermediate|advanced,intermediate|advanced,cambridge_22_25_intermediate_advanced,4,20,random,,521.2666625976562,794.9666748046875,545.2666625976562,817.9666748046875,11,3,,,,,,,,,,,,2026-08-09T15:58:12.658Z,C99S394L,2026-08-09,2026-08-09,12:58:12,2026-08-09 12:58:12,,,,,,,,69eb8f1f108d9b87368ef89d,69eb8f1f108d9b87368ef89d,,,,
45904,hover_association,2,3,adv,20,2,17,18,138, or ,817,546,,69eb8f1f108d9b87368ef89d,69eb8f1f108d9b87368ef89d,advanced,2,69eb8f1f108d9b87368ef89d,69eb8f1f108d9b87368ef89d,spotlight_PROLIFIC,,42,brazil,Portuguese,"portuguese, english, spanish ",spanish,Portuguese:50|English:40|spanish:10,100,Portuguese:40|English:50|spanish:10,100,Portuguese:75|English:20|spanish:5,100,17,4,Bachelor's,10,10,10,6,7,9,4,20,7,17,Duolingo,150,,,,,22,25,C1,intermediate|advanced,intermediate|advanced,cambridge_22_25_intermediate_advanced,4,20,random,,513.2666625976562,794.9666595458984,553.2666625976562,817.9666748046875,11,3,hover,144,144,0.9579706885490825,0.8183334350585938,154,,,,,,2026-08-09T15:58:12.658Z,C99S394L,2026-08-09,2026-08-09,12:58:12,2026-08-09 12:58:12,,,,,,,,69eb8f1f108d9b87368ef89d,69eb8f1f108d9b87368ef89d,,,,
45949,raw_position_sample,2,3,adv,20,2,17,18,139, magic: ,821,546,1556337,69eb8f1f108d9b87368ef89d,69eb8f1f108d9b87368ef89d,advanced,2,69eb8f1f108d9b87368ef89d,69eb8f1f108d9b87368ef89d,spotlight_PROLIFIC,,42,brazil,Portuguese,"portuguese, english, spanish ",spanish,Portuguese:50|English:40|spanish:10,100,Portuguese:40|English:50|spanish:10,100,Portuguese:75|English:20|spanish:5,100,17,4,Bachelor's,10,10,10,6,7,9,4,20,7,17,Duolingo,150,,,,,22,25,C1,intermediate|advanced,intermediate|advanced,cambridge_22_25_intermediate_advanced,4,20,random,,521.2666625976562,817.9666748046875,545.2666625976562,878.7500152587891,11,4,,,,,,,,,,,,2026-08-09T15:58:12.658Z,C99S394L,2026-08-09,2026-08-09,12:58:12,2026-08-09 12:58:12,,,,,,,,69eb8f1f108d9b87368ef89d,69eb8f1f108d9b87368ef89d,,,,
45999,raw_position_sample,2,3,adv,20,2,17,18,139, magic: ,840,548,1556387,69eb8f1f108d9b87368ef89d,69eb8f1f108d9b87368ef89d,advanced,2,69eb8f1f108d9b87368ef89d,69eb8f1f108d9b87368ef89d,spotlight_PROLIFIC,,42,brazil,Portuguese,"portuguese, english, spanish ",spanish,Portuguese:50|English:40|spanish:10,100,Portuguese:40|English:50|spanish:10,100,Portuguese:75|English:20|spanish:5,100,17,4,Bachelor's,10,10,10,6,7,9,4,20,7,17,Duolingo,150,,,,,22,25,C1,intermediate|advanced,intermediate|advanced,cambridge_22_25_intermediate_advanced,4,20,random,,521.2666625976562,817.9666748046875,545.2666625976562,878.7500152587891,11,4,,,,,,,,,,,,2026-08-09T15:58:12.658Z,C99S394L,2026-08-09,2026-08-09,12:58:12,2026-08-09 12:58:12,,,,,,,,69eb8f1f108d9b87368ef89d,69eb8f1f108d9b87368ef89d,,,,
46057,raw_position_sample,2,3,adv,20,2,17,18,139, magic: ,848,548,1556445,69eb8f1f108d9b87368ef89d,69eb8f1f108d9b87368ef89d,advanced,2,69eb8f1f108d9b87368ef89d,69eb8f1f108d9b87368ef89d,spotlight_PROLIFIC,,42,brazil,Portuguese,"portuguese, english, spanish ",spanish,Portuguese:50|English:40|spanish:10,100,Portuguese:40|English:50|spanish:10,100,Portuguese:75|English:20|spanish:5,100,17,4,Bachelor's,10,10,10,6,7,9,4,20,7,17,Duolingo,150,,,,,22,25,C1,intermediate|advanced,intermediate|advanced,cambridge_22_25_intermediate_advanced,4,20,random,,521.2666625976562,817.9666748046875,545.2666625976562,878.7500152587891,11,4,,,,,,,,,,,,2026-08-09T15:58:12.658Z,C99S394L,2026-08-09,2026-08-09,12:58:12,2026-08-09 12:58:12,,,,,,,,69eb8f1f108d9b87368ef89d,69eb8f1f108d9b87368ef89d,,,,
46107,raw_position_sample,2,3,adv,20,2,17,18,139, magic: ,848,548,1556496,69eb8f1f108d9b87368ef89d,69eb8f1f108d9b87368ef89d,advanced,2,69eb8f1f108d9b87368ef89d,69eb8f1f108d9b87368ef89d,spotlight_PROLIFIC,,42,brazil,Portuguese,"portuguese, english, spanish ",spanish,Portuguese:50|English:40|spanish:10,100,Portuguese:40|English:50|spanish:10,100,Portuguese:75|English:20|spanish:5,100,17,4,Bachelor's,10,10,10,6,7,9,4,20,7,17,Duolingo,150,,,,,22,25,C1,intermediate|advanced,intermediate|advanced,cambridge_22_25_intermediate_advanced,4,20,random,,521.2666625976562,817.9666748046875,545.2666625976562,878.7500152587891,11,4,,,,,,,,,,,,2026-08-09T15:58:12.658Z,C99S394L,2026-08-09,2026-08-09,12:58:12,2026-08-09 12:58:12,,,,,,,,69eb8f1f108d9b87368ef89d,69eb8f1f108d9b87368ef89d,,,,
46158,raw_position_sample,2,3,adv,20,2,17,18,139, magic: ,853,548,1556547,69eb8f1f108d9b87368ef89d,69eb8f1f108d9b87368ef89d,advanced,2,69eb8f1f108d9b87368ef89d,69eb8f1f108d9b87368ef89d,spotlight_PROLIFIC,,42,brazil,Portuguese,"portuguese, english, spanish ",spanish,Portuguese:50|English:40|spanish:10,100,Portuguese:40|English:50|spanish:10,100,Portuguese:75|English:20|spanish:5,100,17,4,Bachelor's,10,10,10,6,7,9,4,20,7,17,Duolingo,150,,,,,22,25,C1,intermediate|advanced,intermediate|advanced,cambridge_22_25_intermediate_advanced,4,20,random,,521.2666625976562,817.9666748046875,545.2666625976562,878.7500152587891,11,4,,,,,,,,,,,,2026-08-09T15:58:12.658Z,C99S394L,2026-08-09,2026-08-09,12:58:12,2026-08-09 12:58:12,,,,,,,,69eb8f1f108d9b87368ef89d,69eb8f1f108d9b87368ef89d,,,,
46208,raw_position_sample,2,3,adv,20,2,17,18,139, magic: ,873,549,1556597,69eb8f1f108d9b87368ef89d,69eb8f1f108d9b87368ef89d,advanced,2,69eb8f1f108d9b87368ef89d,69eb8f1f108d9b87368ef89d,spotlight_PROLIFIC,,42,brazil,Portuguese,"portuguese, english, spanish ",spanish,Portuguese:50|English:40|spanish:10,100,Portuguese:40|English:50|spanish:10,100,Portuguese:75|English:20|spanish:5,100,17,4,Bachelor's,10,10,10,6,7,9,4,20,7,17,Duolingo,150,,,,,22,25,C1,intermediate|advanced,intermediate|advanced,cambridge_22_25_intermediate_advanced,4,20,random,,521.2666625976562,817.9666748046875,545.2666625976562,878.7500152587891,11,4,,,,,,,,,,,,2026-08-09T15:58:12.658Z,C99S394L,2026-08-09,2026-08-09,12:58:12,2026-08-09 12:58:12,,,,,,,,69eb8f1f108d9b87368ef89d,69eb8f1f108d9b87368ef89d,,,,
46217,hover_association,2,3,adv,20,2,17,18,139, magic: ,818,546,,69eb8f1f108d9b87368ef89d,69eb8f1f108d9b87368ef89d,advanced,2,69eb8f1f108d9b87368ef89d,69eb8f1f108d9b87368ef89d,spotlight_PROLIFIC,,42,brazil,Portuguese,"portuguese, english, spanish ",spanish,Portuguese:50|English:40|spanish:10,100,Portuguese:40|English:50|spanish:10,100,Portuguese:75|English:20|spanish:5,100,17,4,Bachelor's,10,10,10,6,7,9,4,20,7,17,Duolingo,150,,,,,22,25,C1,intermediate|advanced,intermediate|advanced,cambridge_22_25_intermediate_advanced,4,20,random,,513.2666625976562,817.9666748046875,553.2666625976562,878.7500076293945,11,4,hover,313,313,0.9054015737179636,0.8933334350585938,154,,,,,,2026-08-09T15:58:12.658Z,C99S394L,2026-08-09,2026-08-09,12:58:12,2026-08-09 12:58:12,,,,,,,,69eb8f1f108d9b87368ef89d,69eb8f1f108d9b87368ef89d,,,,
46259,raw_position_sample,2,3,adv,20,2,17,18,140, if ,884,551,1556647,69eb8f1f108d9b87368ef89d,69eb8f1f108d9b87368ef89d,advanced,2,69eb8f1f108d9b87368ef89d,69eb8f1f108d9b87368ef89d,spotlight_PROLIFIC,,42,brazil,Portuguese,"portuguese, english, spanish ",spanish,Portuguese:50|English:40|spanish:10,100,Portuguese:40|English:50|spanish:10,100,Portuguese:75|English:20|spanish:5,100,17,4,Bachelor's,10,10,10,6,7,9,4,20,7,17,Duolingo,150,,,,,22,25,C1,intermediate|advanced,intermediate|advanced,cambridge_22_25_intermediate_advanced,4,20,random,,521.2666625976562,878.75,545.2666625976562,894.2833404541016,11,5,,,,,,,,,,,,2026-08-09T15:58:12.658Z,C99S394L,2026-08-09,2026-08-09,12:58:12,2026-08-09 12:58:12,,,,,,,,69eb8f1f108d9b87368ef89d,69eb8f1f108d9b87368ef89d,,,,
46309,raw_position_sample,2,3,adv,20,2,17,18,140, if ,891,551,1556697,69eb8f1f108d9b87368ef89d,69eb8f1f108d9b87368ef89d,advanced,2,69eb8f1f108d9b87368ef89d,69eb8f1f108d9b87368ef89d,spotlight_PROLIFIC,,42,brazil,Portuguese,"portuguese, english, spanish ",spanish,Portuguese:50|English:40|spanish:10,100,Portuguese:40|English:50|spanish:10,100,Portuguese:75|English:20|spanish:5,100,17,4,Bachelor's,10,10,10,6,7,9,4,20,7,17,Duolingo,150,,,,,22,25,C1,intermediate|advanced,intermediate|advanced,cambridge_22_25_intermediate_advanced,4,20,random,,521.2666625976562,878.75,545.2666625976562,894.2833404541016,11,5,,,,,,,,,,,,2026-08-09T15:58:12.658Z,C99S394L,2026-08-09,2026-08-09,12:58:12,2026-08-09 12:58:12,,,,,,,,69eb8f1f108d9b87368ef89d,69eb8f1f108d9b87368ef89d,,,,
46334,hover_association,2,3,adv,20,2,17,18,140, if ,879,550,,69eb8f1f108d9b87368ef89d,69eb8f1f108d9b87368ef89d,advanced,2,69eb8f1f108d9b87368ef89d,69eb8f1f108d9b87368ef89d,spotlight_PROLIFIC,,42,brazil,Portuguese,"portuguese, english, spanish ",spanish,Portuguese:50|English:40|spanish:10,100,Portuguese:40|English:50|spanish:10,100,Portuguese:75|English:20|spanish:5,100,17,4,Bachelor's,10,10,10,6,7,9,4,20,7,17,Duolingo,150,,,,,22,25,C1,intermediate|advanced,intermediate|advanced,cambridge_22_25_intermediate_advanced,4,20,random,,513.2666625976562,878.7500076293945,553.2666625976562,894.283332824707,11,5,hover,118,118,0.9817596798403131,0.9433334350585938,154,,,,,,2026-08-09T15:58:12.658Z,C99S394L,2026-08-09,2026-08-09,12:58:12,2026-08-09 12:58:12,,,,,,,,69eb8f1f108d9b87368ef89d,69eb8f1f108d9b87368ef89d,,,,
46359,raw_position_sample,2,3,adv,20,2,17,18,141, we ,905,549,1556747,69eb8f1f108d9b87368ef89d,69eb8f1f108d9b87368ef89d,advanced,2,69eb8f1f108d9b87368ef89d,69eb8f1f108d9b87368ef89d,spotlight_PROLIFIC,,42,brazil,Portuguese,"portuguese, english, spanish ",spanish,Portuguese:50|English:40|spanish:10,100,Portuguese:40|English:50|spanish:10,100,Portuguese:75|English:20|spanish:5,100,17,4,Bachelor's,10,10,10,6,7,9,4,20,7,17,Duolingo,150,,,,,22,25,C1,intermediate|advanced,intermediate|advanced,cambridge_22_25_intermediate_advanced,4,20,random,,521.2666625976562,894.2833251953125,545.2666625976562,923.2666473388672,11,6,,,,,,,,,,,,2026-08-09T15:58:12.658Z,C99S394L,2026-08-09,2026-08-09,12:58:12,2026-08-09 12:58:12,,,,,,,,69eb8f1f108d9b87368ef89d,69eb8f1f108d9b87368ef89d,,,,
46384,hover_association,2,3,adv,20,2,17,18,141, we ,899,551,,69eb8f1f108d9b87368ef89d,69eb8f1f108d9b87368ef89d,advanced,2,69eb8f1f108d9b87368ef89d,69eb8f1f108d9b87368ef89d,spotlight_PROLIFIC,,42,brazil,Portuguese,"portuguese, english, spanish ",spanish,Portuguese:50|English:40|spanish:10,100,Portuguese:40|English:50|spanish:10,100,Portuguese:75|English:20|spanish:5,100,17,4,Bachelor's,10,10,10,6,7,9,4,20,7,17,Duolingo,150,,,,,22,25,C1,intermediate|advanced,intermediate|advanced,cambridge_22_25_intermediate_advanced,4,20,random,,513.2666625976562,894.283332824707,553.2666625976562,923.2666549682617,11,6,hover,50,50,0.6112710988596178,0.8933334350585938,154,,,,,,2026-08-09T15:58:12.658Z,C99S394L,2026-08-09,2026-08-09,12:58:12,2026-08-09 12:58:12,,,,,,,,69eb8f1f108d9b87368ef89d,69eb8f1f108d9b87368ef89d,,,,
46409,raw_position_sample,2,3,adv,20,2,17,18,142, want ,934,548,1556798,69eb8f1f108d9b87368ef89d,69eb8f1f108d9b87368ef89d,advanced,2,69eb8f1f108d9b87368ef89d,69eb8f1f108d9b87368ef89d,spotlight_PROLIFIC,,42,brazil,Portuguese,"portuguese, english, spanish ",spanish,Portuguese:50|English:40|spanish:10,100,Portuguese:40|English:50|spanish:10,100,Portuguese:75|English:20|spanish:5,100,17,4,Bachelor's,10,10,10,6,7,9,4,20,7,17,Duolingo,150,,,,,22,25,C1,intermediate|advanced,intermediate|advanced,cambridge_22_25_intermediate_advanced,4,20,random,,521.2666625976562,923.2666625976562,545.2666625976562,969.8166656494141,11,7,,,,,,,,,,,,2026-08-09T15:58:12.658Z,C99S394L,2026-08-09,2026-08-09,12:58:12,2026-08-09 12:58:12,,,,,,,,69eb8f1f108d9b87368ef89d,69eb8f1f108d9b87368ef89d,,,,
46460,raw_position_sample,2,3,adv,20,2,17,18,142, want ,960,545,1556848,69eb8f1f108d9b87368ef89d,69eb8f1f108d9b87368ef89d,advanced,2,69eb8f1f108d9b87368ef89d,69eb8f1f108d9b87368ef89d,spotlight_PROLIFIC,,42,brazil,Portuguese,"portuguese, english, spanish ",spanish,Portuguese:50|English:40|spanish:10,100,Portuguese:40|English:50|spanish:10,100,Portuguese:75|English:20|spanish:5,100,17,4,Bachelor's,10,10,10,6,7,9,4,20,7,17,Duolingo,150,,,,,22,25,C1,intermediate|advanced,intermediate|advanced,cambridge_22_25_intermediate_advanced,4,20,random,,521.2666625976562,923.2666625976562,545.2666625976562,969.8166656494141,11,7,,,,,,,,,,,,2026-08-09T15:58:12.658Z,C99S394L,2026-08-09,2026-08-09,12:58:12,2026-08-09 12:58:12,,,,,,,,69eb8f1f108d9b87368ef89d,69eb8f1f108d9b87368ef89d,,,,
46501,hover_association,2,3,adv,20,2,17,18,142, want ,926,549,,69eb8f1f108d9b87368ef89d,69eb8f1f108d9b87368ef89d,advanced,2,69eb8f1f108d9b87368ef89d,69eb8f1f108d9b87368ef89d,spotlight_PROLIFIC,,42,brazil,Portuguese,"portuguese, english, spanish ",spanish,Portuguese:50|English:40|spanish:10,100,Portuguese:40|English:50|spanish:10,100,Portuguese:75|English:20|spanish:5,100,17,4,Bachelor's,10,10,10,6,7,9,4,20,7,17,Duolingo,150,,,,,22,25,C1,intermediate|advanced,intermediate|advanced,cambridge_22_25_intermediate_advanced,4,20,random,,513.2666625976562,923.2666549682617,553.2666625976562,969.8166580200195,11,7,hover,116,116,0.9824563272506877,0.7933334350585938,154,,,,,,2026-08-09T15:58:12.658Z,C99S394L,2026-08-09,2026-08-09,12:58:12,2026-08-09 12:58:12,,,,,,,,69eb8f1f108d9b87368ef89d,69eb8f1f108d9b87368ef89d,,,,
46510,raw_position_sample,2,3,adv,20,2,17,18,143, to ,971,545,1556898,69eb8f1f108d9b87368ef89d,69eb8f1f108d9b87368ef89d,advanced,2,69eb8f1f108d9b87368ef89d,69eb8f1f108d9b87368ef89d,spotlight_PROLIFIC,,42,brazil,Portuguese,"portuguese, english, spanish ",spanish,Portuguese:50|English:40|spanish:10,100,Portuguese:40|English:50|spanish:10,100,Portuguese:75|English:20|spanish:5,100,17,4,Bachelor's,10,10,10,6,7,9,4,20,7,17,Duolingo,150,,,,,22,25,C1,intermediate|advanced,intermediate|advanced,cambridge_22_25_intermediate_advanced,4,20,random,,521.2666625976562,969.816650390625,545.2666625976562,991.8833160400391,11,8,,,,,,,,,,,,2026-08-09T15:58:12.658Z,C99S394L,2026-08-09,2026-08-09,12:58:12,2026-08-09 12:58:12,,,,,,,,69eb8f1f108d9b87368ef89d,69eb8f1f108d9b87368ef89d,,,,
46560,raw_position_sample,2,3,adv,20,2,17,18,143, to ,974,545,1556948,69eb8f1f108d9b87368ef89d,69eb8f1f108d9b87368ef89d,advanced,2,69eb8f1f108d9b87368ef89d,69eb8f1f108d9b87368ef89d,spotlight_PROLIFIC,,42,brazil,Portuguese,"portuguese, english, spanish ",spanish,Portuguese:50|English:40|spanish:10,100,Portuguese:40|English:50|spanish:10,100,Portuguese:75|English:20|spanish:5,100,17,4,Bachelor's,10,10,10,6,7,9,4,20,7,17,Duolingo,150,,,,,22,25,C1,intermediate|advanced,intermediate|advanced,cambridge_22_25_intermediate_advanced,4,20,random,,521.2666625976562,969.816650390625,545.2666625976562,991.8833160400391,11,8,,,,,,,,,,,,2026-08-09T15:58:12.658Z,C99S394L,2026-08-09,2026-08-09,12:58:12,2026-08-09 12:58:12,,,,,,,,69eb8f1f108d9b87368ef89d,69eb8f1f108d9b87368ef89d,,,,
46610,raw_position_sample,2,3,adv,20,2,17,18,143, to ,974,545,1556999,69eb8f1f108d9b87368ef89d,69eb8f1f108d9b87368ef89d,advanced,2,69eb8f1f108d9b87368ef89d,69eb8f1f108d9b87368ef89d,spotlight_PROLIFIC,,42,brazil,Portuguese,"portuguese, english, spanish ",spanish,Portuguese:50|English:40|spanish:10,100,Portuguese:40|English:50|spanish:10,100,Portuguese:75|English:20|spanish:5,100,17,4,Bachelor's,10,10,10,6,7,9,4,20,7,17,Duolingo,150,,,,,22,25,C1,intermediate|advanced,intermediate|advanced,cambridge_22_25_intermediate_advanced,4,20,random,,521.2666625976562,969.816650390625,545.2666625976562,991.8833160400391,11,8,,,,,,,,,,,,2026-08-09T15:58:12.658Z,C99S394L,2026-08-09,2026-08-09,12:58:12,2026-08-09 12:58:12,,,,,,,,69eb8f1f108d9b87368ef89d,69eb8f1f108d9b87368ef89d,,,,
46660,raw_position_sample,2,3,adv,20,2,17,18,143, to ,979,545,1557049,69eb8f1f108d9b87368ef89d,69eb8f1f108d9b87368ef89d,advanced,2,69eb8f1f108d9b87368ef89d,69eb8f1f108d9b87368ef89d,spotlight_PROLIFIC,,42,brazil,Portuguese,"portuguese, english, spanish ",spanish,Portuguese:50|English:40|spanish:10,100,Portuguese:40|English:50|spanish:10,100,Portuguese:75|English:20|spanish:5,100,17,4,Bachelor's,10,10,10,6,7,9,4,20,7,17,Duolingo,150,,,,,22,25,C1,intermediate|advanced,intermediate|advanced,cambridge_22_25_intermediate_advanced,4,20,random,,521.2666625976562,969.816650390625,545.2666625976562,991.8833160400391,11,8,,,,,,,,,,,,2026-08-09T15:58:12.658Z,C99S394L,2026-08-09,2026-08-09,12:58:12,2026-08-09 12:58:12,,,,,,,,69eb8f1f108d9b87368ef89d,69eb8f1f108d9b87368ef89d,,,,
46711,raw_position_sample,2,3,adv,20,2,17,18,143, to ,990,545,1557099,69eb8f1f108d9b87368ef89d,69eb8f1f108d9b87368ef89d,advanced,2,69eb8f1f108d9b87368ef89d,69eb8f1f108d9b87368ef89d,spotlight_PROLIFIC,,42,brazil,Portuguese,"portuguese, english, spanish ",spanish,Portuguese:50|English:40|spanish:10,100,Portuguese:40|English:50|spanish:10,100,Portuguese:75|English:20|spanish:5,100,17,4,Bachelor's,10,10,10,6,7,9,4,20,7,17,Duolingo,150,,,,,22,25,C1,intermediate|advanced,intermediate|advanced,cambridge_22_25_intermediate_advanced,4,20,random,,521.2666625976562,969.816650390625,545.2666625976562,991.8833160400391,11,8,,,,,,,,,,,,2026-08-09T15:58:12.658Z,C99S394L,2026-08-09,2026-08-09,12:58:12,2026-08-09 12:58:12,,,,,,,,69eb8f1f108d9b87368ef89d,69eb8f1f108d9b87368ef89d,,,,
46718,hover_association,2,3,adv,20,2,17,18,143, to ,971,545,,69eb8f1f108d9b87368ef89d,69eb8f1f108d9b87368ef89d,advanced,2,69eb8f1f108d9b87368ef89d,69eb8f1f108d9b87368ef89d,spotlight_PROLIFIC,,42,brazil,Portuguese,"portuguese, english, spanish ",spanish,Portuguese:50|English:40|spanish:10,100,Portuguese:40|English:50|spanish:10,100,Portuguese:75|English:20|spanish:5,100,17,4,Bachelor's,10,10,10,6,7,9,4,20,7,17,Duolingo,150,,,,,22,25,C1,intermediate|advanced,intermediate|advanced,cambridge_22_25_intermediate_advanced,4,20,random,,513.2666625976562,969.8166580200195,553.2666625976562,991.8833084106445,11,8,hover,216,216,0.9146536344526194,0.7933334350585938,154,,,,,,2026-08-09T15:58:12.658Z,C99S394L,2026-08-09,2026-08-09,12:58:12,2026-08-09 12:58:12,,,,,,,,69eb8f1f108d9b87368ef89d,69eb8f1f108d9b87368ef89d,,,,
46761,raw_position_sample,2,3,adv,20,2,17,18,144, enjoy ,1026,545,1557150,69eb8f1f108d9b87368ef89d,69eb8f1f108d9b87368ef89d,advanced,2,69eb8f1f108d9b87368ef89d,69eb8f1f108d9b87368ef89d,spotlight_PROLIFIC,,42,brazil,Portuguese,"portuguese, english, spanish ",spanish,Portuguese:50|English:40|spanish:10,100,Portuguese:40|English:50|spanish:10,100,Portuguese:75|English:20|spanish:5,100,17,4,Bachelor's,10,10,10,6,7,9,4,20,7,17,Duolingo,150,,,,,22,25,C1,intermediate|advanced,intermediate|advanced,cambridge_22_25_intermediate_advanced,4,20,random,,521.2666625976562,991.88330078125,545.2666625976562,1042.199966430664,11,9,,,,,,,,,,,,2026-08-09T15:58:12.658Z,C99S394L,2026-08-09,2026-08-09,12:58:12,2026-08-09 12:58:12,,,,,,,,69eb8f1f108d9b87368ef89d,69eb8f1f108d9b87368ef89d,,,,
46784,hover_association,2,3,adv,20,2,17,18,144, enjoy ,1000,545,,69eb8f1f108d9b87368ef89d,69eb8f1f108d9b87368ef89d,advanced,2,69eb8f1f108d9b87368ef89d,69eb8f1f108d9b87368ef89d,spotlight_PROLIFIC,,42,brazil,Portuguese,"portuguese, english, spanish ",spanish,Portuguese:50|English:40|spanish:10,100,Portuguese:40|English:50|spanish:10,100,Portuguese:75|English:20|spanish:5,100,17,4,Bachelor's,10,10,10,6,7,9,4,20,7,17,Duolingo,150,,,,,22,25,C1,intermediate|advanced,intermediate|advanced,cambridge_22_25_intermediate_advanced,4,20,random,,513.2666625976562,991.8833084106445,553.2666625976562,1042.1999588012695,11,9,hover,67,67,0.8966553067245036,0.7933334350585938,154,,,,,,2026-08-09T15:58:12.658Z,C99S394L,2026-08-09,2026-08-09,12:58:12,2026-08-09 12:58:12,,,,,,,,69eb8f1f108d9b87368ef89d,69eb8f1f108d9b87368ef89d,,,,
46811,raw_position_sample,2,3,adv,20,2,17,18,145, the ,1052,545,1557200,69eb8f1f108d9b87368ef89d,69eb8f1f108d9b87368ef89d,advanced,2,69eb8f1f108d9b87368ef89d,69eb8f1f108d9b87368ef89d,spotlight_PROLIFIC,,42,brazil,Portuguese,"portuguese, english, spanish ",spanish,Portuguese:50|English:40|spanish:10,100,Portuguese:40|English:50|spanish:10,100,Portuguese:75|English:20|spanish:5,100,17,4,Bachelor's,10,10,10,6,7,9,4,20,7,17,Duolingo,150,,,,,22,25,C1,intermediate|advanced,intermediate|advanced,cambridge_22_25_intermediate_advanced,4,20,random,,521.2666625976562,1042.199951171875,545.2666625976562,1074.6499481201172,11,10,,,,,,,,,,,,2026-08-09T15:58:12.658Z,C99S394L,2026-08-09,2026-08-09,12:58:12,2026-08-09 12:58:12,,,,,,,,69eb8f1f108d9b87368ef89d,69eb8f1f108d9b87368ef89d,,,,
46862,raw_position_sample,2,3,adv,20,2,17,18,145, the ,1057,544,1557250,69eb8f1f108d9b87368ef89d,69eb8f1f108d9b87368ef89d,advanced,2,69eb8f1f108d9b87368ef89d,69eb8f1f108d9b87368ef89d,spotlight_PROLIFIC,,42,brazil,Portuguese,"portuguese, english, spanish ",spanish,Portuguese:50|English:40|spanish:10,100,Portuguese:40|English:50|spanish:10,100,Portuguese:75|English:20|spanish:5,100,17,4,Bachelor's,10,10,10,6,7,9,4,20,7,17,Duolingo,150,,,,,22,25,C1,intermediate|advanced,intermediate|advanced,cambridge_22_25_intermediate_advanced,4,20,random,,521.2666625976562,1042.199951171875,545.2666625976562,1074.6499481201172,11,10,,,,,,,,,,,,2026-08-09T15:58:12.658Z,C99S394L,2026-08-09,2026-08-09,12:58:12,2026-08-09 12:58:12,,,,,,,,69eb8f1f108d9b87368ef89d,69eb8f1f108d9b87368ef89d,,,,
46912,raw_position_sample,2,3,adv,20,2,17,18,145, the ,1062,542,1557300,69eb8f1f108d9b87368ef89d,69eb8f1f108d9b87368ef89d,advanced,2,69eb8f1f108d9b87368ef89d,69eb8f1f108d9b87368ef89d,spotlight_PROLIFIC,,42,brazil,Portuguese,"portuguese, english, spanish ",spanish,Portuguese:50|English:40|spanish:10,100,Portuguese:40|English:50|spanish:10,100,Portuguese:75|English:20|spanish:5,100,17,4,Bachelor's,10,10,10,6,7,9,4,20,7,17,Duolingo,150,,,,,22,25,C1,intermediate|advanced,intermediate|advanced,cambridge_22_25_intermediate_advanced,4,20,random,,521.2666625976562,1042.199951171875,545.2666625976562,1074.6499481201172,11,10,,,,,,,,,,,,2026-08-09T15:58:12.658Z,C99S394L,2026-08-09,2026-08-09,12:58:12,2026-08-09 12:58:12,,,,,,,,69eb8f1f108d9b87368ef89d,69eb8f1f108d9b87368ef89d,,,,
46962,raw_position_sample,2,3,adv,20,2,17,18,145, the ,1068,542,1557351,69eb8f1f108d9b87368ef89d,69eb8f1f108d9b87368ef89d,advanced,2,69eb8f1f108d9b87368ef89d,69eb8f1f108d9b87368ef89d,spotlight_PROLIFIC,,42,brazil,Portuguese,"portuguese, english, spanish ",spanish,Portuguese:50|English:40|spanish:10,100,Portuguese:40|English:50|spanish:10,100,Portuguese:75|English:20|spanish:5,100,17,4,Bachelor's,10,10,10,6,7,9,4,20,7,17,Duolingo,150,,,,,22,25,C1,intermediate|advanced,intermediate|advanced,cambridge_22_25_intermediate_advanced,4,20,random,,521.2666625976562,1042.199951171875,545.2666625976562,1074.6499481201172,11,10,,,,,,,,,,,,2026-08-09T15:58:12.658Z,C99S394L,2026-08-09,2026-08-09,12:58:12,2026-08-09 12:58:12,,,,,,,,69eb8f1f108d9b87368ef89d,69eb8f1f108d9b87368ef89d,,,,
46984,hover_association,2,3,adv,20,2,17,18,145, the ,1047,545,,69eb8f1f108d9b87368ef89d,69eb8f1f108d9b87368ef89d,advanced,2,69eb8f1f108d9b87368ef89d,69eb8f1f108d9b87368ef89d,spotlight_PROLIFIC,,42,brazil,Portuguese,"portuguese, english, spanish ",spanish,Portuguese:50|English:40|spanish:10,100,Portuguese:40|English:50|spanish:10,100,Portuguese:75|English:20|spanish:5,100,17,4,Bachelor's,10,10,10,6,7,9,4,20,7,17,Duolingo,150,,,,,22,25,C1,intermediate|advanced,intermediate|advanced,cambridge_22_25_intermediate_advanced,4,20,random,,513.2666625976562,1042.1999588012695,553.2666625976562,1074.6499862670898,11,10,hover,201,201,0.8875197788065239,0.7183334350585937,154,,,,,,2026-08-09T15:58:12.658Z,C99S394L,2026-08-09,2026-08-09,12:58:12,2026-08-09 12:58:12,,,,,,,,69eb8f1f108d9b87368ef89d,69eb8f1f108d9b87368ef89d,,,,
47013,raw_position_sample,2,3,adv,20,2,17,18,146, work ,1091,542,1557401,69eb8f1f108d9b87368ef89d,69eb8f1f108d9b87368ef89d,advanced,2,69eb8f1f108d9b87368ef89d,69eb8f1f108d9b87368ef89d,spotlight_PROLIFIC,,42,brazil,Portuguese,"portuguese, english, spanish ",spanish,Portuguese:50|English:40|spanish:10,100,Portuguese:40|English:50|spanish:10,100,Portuguese:75|English:20|spanish:5,100,17,4,Bachelor's,10,10,10,6,7,9,4,20,7,17,Duolingo,150,,,,,22,25,C1,intermediate|advanced,intermediate|advanced,cambridge_22_25_intermediate_advanced,4,20,random,,521.2666625976562,1074.6500244140625,545.2666625976562,1121.4167022705078,11,11,,,,,,,,,,,,2026-08-09T15:58:12.658Z,C99S394L,2026-08-09,2026-08-09,12:58:12,2026-08-09 12:58:12,,,,,,,,69eb8f1f108d9b87368ef89d,69eb8f1f108d9b87368ef89d,,,,
47051,hover_association,2,3,adv,20,2,17,18,146, work ,1080,542,,69eb8f1f108d9b87368ef89d,69eb8f1f108d9b87368ef89d,advanced,2,69eb8f1f108d9b87368ef89d,69eb8f1f108d9b87368ef89d,spotlight_PROLIFIC,,42,brazil,Portuguese,"portuguese, english, spanish ",spanish,Portuguese:50|English:40|spanish:10,100,Portuguese:40|English:50|spanish:10,100,Portuguese:75|English:20|spanish:5,100,17,4,Bachelor's,10,10,10,6,7,9,4,20,7,17,Duolingo,150,,,,,22,25,C1,intermediate|advanced,intermediate|advanced,cambridge_22_25_intermediate_advanced,4,20,random,,513.2666625976562,1074.6499862670898,553.2666625976562,1121.4166641235352,11,11,hover,66,66,0.8200286077755856,0.7183334350585937,154,,,,,,2026-08-09T15:58:12.658Z,C99S394L,2026-08-09,2026-08-09,12:58:12,2026-08-09 12:58:12,,,,,,,,69eb8f1f108d9b87368ef89d,69eb8f1f108d9b87368ef89d,,,,
47063,raw_position_sample,2,3,adv,20,2,17,18,147, that ,1126,542,1557451,69eb8f1f108d9b87368ef89d,69eb8f1f108d9b87368ef89d,advanced,2,69eb8f1f108d9b87368ef89d,69eb8f1f108d9b87368ef89d,spotlight_PROLIFIC,,42,brazil,Portuguese,"portuguese, english, spanish ",spanish,Portuguese:50|English:40|spanish:10,100,Portuguese:40|English:50|spanish:10,100,Portuguese:75|English:20|spanish:5,100,17,4,Bachelor's,10,10,10,6,7,9,4,20,7,17,Duolingo,150,,,,,22,25,C1,intermediate|advanced,intermediate|advanced,cambridge_22_25_intermediate_advanced,4,20,random,,521.2666625976562,1121.4166259765625,545.2666625976562,1160.3166198730469,11,12,,,,,,,,,,,,2026-08-09T15:58:12.658Z,C99S394L,2026-08-09,2026-08-09,12:58:12,2026-08-09 12:58:12,,,,,,,,69eb8f1f108d9b87368ef89d,69eb8f1f108d9b87368ef89d,,,,
47113,raw_position_sample,2,3,adv,20,2,17,18,147, that ,1158,542,1557502,69eb8f1f108d9b87368ef89d,69eb8f1f108d9b87368ef89d,advanced,2,69eb8f1f108d9b87368ef89d,69eb8f1f108d9b87368ef89d,spotlight_PROLIFIC,,42,brazil,Portuguese,"portuguese, english, spanish ",spanish,Portuguese:50|English:40|spanish:10,100,Portuguese:40|English:50|spanish:10,100,Portuguese:75|English:20|spanish:5,100,17,4,Bachelor's,10,10,10,6,7,9,4,20,7,17,Duolingo,150,,,,,22,25,C1,intermediate|advanced,intermediate|advanced,cambridge_22_25_intermediate_advanced,4,20,random,,521.2666625976562,1121.4166259765625,545.2666625976562,1160.3166198730469,11,12,,,,,,,,,,,,2026-08-09T15:58:12.658Z,C99S394L,2026-08-09,2026-08-09,12:58:12,2026-08-09 12:58:12,,,,,,,,69eb8f1f108d9b87368ef89d,69eb8f1f108d9b87368ef89d,,,,
47118,hover_association,2,3,adv,20,2,17,18,147, that ,1126,542,,69eb8f1f108d9b87368ef89d,69eb8f1f108d9b87368ef89d,advanced,2,69eb8f1f108d9b87368ef89d,69eb8f1f108d9b87368ef89d,spotlight_PROLIFIC,,42,brazil,Portuguese,"portuguese, english, spanish ",spanish,Portuguese:50|English:40|spanish:10,100,Portuguese:40|English:50|spanish:10,100,Portuguese:75|English:20|spanish:5,100,17,4,Bachelor's,10,10,10,6,7,9,4,20,7,17,Duolingo,150,,,,,22,25,C1,intermediate|advanced,intermediate|advanced,cambridge_22_25_intermediate_advanced,4,20,random,,513.2666625976562,1121.4166641235352,553.2666625976562,1160.316635131836,11,12,hover,66,66,0.9404463532545668,0.7183334350585937,154,,,,,,2026-08-09T15:58:12.658Z,C99S394L,2026-08-09,2026-08-09,12:58:12,2026-08-09 12:58:12,,,,,,,,69eb8f1f108d9b87368ef89d,69eb8f1f108d9b87368ef89d,,,,
47163,raw_position_sample,2,3,adv,20,2,17,18,148, someone ,1173,540,1557552,69eb8f1f108d9b87368ef89d,69eb8f1f108d9b87368ef89d,advanced,2,69eb8f1f108d9b87368ef89d,69eb8f1f108d9b87368ef89d,spotlight_PROLIFIC,,42,brazil,Portuguese,"portuguese, english, spanish ",spanish,Portuguese:50|English:40|spanish:10,100,Portuguese:40|English:50|spanish:10,100,Portuguese:75|English:20|spanish:5,100,17,4,Bachelor's,10,10,10,6,7,9,4,20,7,17,Duolingo,150,,,,,22,25,C1,intermediate|advanced,intermediate|advanced,cambridge_22_25_intermediate_advanced,4,20,random,,521.2666625976562,1160.316650390625,545.2666625976562,1243.633316040039,11,13,,,,,,,,,,,,2026-08-09T15:58:12.658Z,C99S394L,2026-08-09,2026-08-09,12:58:12,2026-08-09 12:58:12,,,,,,,,69eb8f1f108d9b87368ef89d,69eb8f1f108d9b87368ef89d,,,,
47213,raw_position_sample,2,3,adv,20,2,17,18,148, someone ,1184,537,1557601,69eb8f1f108d9b87368ef89d,69eb8f1f108d9b87368ef89d,advanced,2,69eb8f1f108d9b87368ef89d,69eb8f1f108d9b87368ef89d,spotlight_PROLIFIC,,42,brazil,Portuguese,"portuguese, english, spanish ",spanish,Portuguese:50|English:40|spanish:10,100,Portuguese:40|English:50|spanish:10,100,Portuguese:75|English:20|spanish:5,100,17,4,Bachelor's,10,10,10,6,7,9,4,20,7,17,Duolingo,150,,,,,22,25,C1,intermediate|advanced,intermediate|advanced,cambridge_22_25_intermediate_advanced,4,20,random,,521.2666625976562,1160.316650390625,545.2666625976562,1243.633316040039,11,13,,,,,,,,,,,,2026-08-09T15:58:12.658Z,C99S394L,2026-08-09,2026-08-09,12:58:12,2026-08-09 12:58:12,,,,,,,,69eb8f1f108d9b87368ef89d,69eb8f1f108d9b87368ef89d,,,,
47264,raw_position_sample,2,3,adv,20,2,17,18,148, someone ,1194,537,1557652,69eb8f1f108d9b87368ef89d,69eb8f1f108d9b87368ef89d,advanced,2,69eb8f1f108d9b87368ef89d,69eb8f1f108d9b87368ef89d,spotlight_PROLIFIC,,42,brazil,Portuguese,"portuguese, english, spanish ",spanish,Portuguese:50|English:40|spanish:10,100,Portuguese:40|English:50|spanish:10,100,Portuguese:75|English:20|spanish:5,100,17,4,Bachelor's,10,10,10,6,7,9,4,20,7,17,Duolingo,150,,,,,22,25,C1,intermediate|advanced,intermediate|advanced,cambridge_22_25_intermediate_advanced,4,20,random,,521.2666625976562,1160.316650390625,545.2666625976562,1243.633316040039,11,13,,,,,,,,,,,,2026-08-09T15:58:12.658Z,C99S394L,2026-08-09,2026-08-09,12:58:12,2026-08-09 12:58:12,,,,,,,,69eb8f1f108d9b87368ef89d,69eb8f1f108d9b87368ef89d,,,,
47314,raw_position_sample,2,3,adv,20,2,17,18,148, someone ,1199,536,1557702,69eb8f1f108d9b87368ef89d,69eb8f1f108d9b87368ef89d,advanced,2,69eb8f1f108d9b87368ef89d,69eb8f1f108d9b87368ef89d,spotlight_PROLIFIC,,42,brazil,Portuguese,"portuguese, english, spanish ",spanish,Portuguese:50|English:40|spanish:10,100,Portuguese:40|English:50|spanish:10,100,Portuguese:75|English:20|spanish:5,100,17,4,Bachelor's,10,10,10,6,7,9,4,20,7,17,Duolingo,150,,,,,22,25,C1,intermediate|advanced,intermediate|advanced,cambridge_22_25_intermediate_advanced,4,20,random,,521.2666625976562,1160.316650390625,545.2666625976562,1243.633316040039,11,13,,,,,,,,,,,,2026-08-09T15:58:12.658Z,C99S394L,2026-08-09,2026-08-09,12:58:12,2026-08-09 12:58:12,,,,,,,,69eb8f1f108d9b87368ef89d,69eb8f1f108d9b87368ef89d,,,,
47365,raw_position_sample,2,3,adv,20,2,17,18,148, someone ,1208,536,1557752,69eb8f1f108d9b87368ef89d,69eb8f1f108d9b87368ef89d,advanced,2,69eb8f1f108d9b87368ef89d,69eb8f1f108d9b87368ef89d,spotlight_PROLIFIC,,42,brazil,Portuguese,"portuguese, english, spanish ",spanish,Portuguese:50|English:40|spanish:10,100,Portuguese:40|English:50|spanish:10,100,Portuguese:75|English:20|spanish:5,100,17,4,Bachelor's,10,10,10,6,7,9,4,20,7,17,Duolingo,150,,,,,22,25,C1,intermediate|advanced,intermediate|advanced,cambridge_22_25_intermediate_advanced,4,20,random,,521.2666625976562,1160.316650390625,545.2666625976562,1243.633316040039,11,13,,,,,,,,,,,,2026-08-09T15:58:12.658Z,C99S394L,2026-08-09,2026-08-09,12:58:12,2026-08-09 12:58:12,,,,,,,,69eb8f1f108d9b87368ef89d,69eb8f1f108d9b87368ef89d,,,,
47414,raw_position_sample,2,3,adv,20,2,17,18,148, someone ,1217,536,1557802,69eb8f1f108d9b87368ef89d,69eb8f1f108d9b87368ef89d,advanced,2,69eb8f1f108d9b87368ef89d,69eb8f1f108d9b87368ef89d,spotlight_PROLIFIC,,42,brazil,Portuguese,"portuguese, english, spanish ",spanish,Portuguese:50|English:40|spanish:10,100,Portuguese:40|English:50|spanish:10,100,Portuguese:75|English:20|spanish:5,100,17,4,Bachelor's,10,10,10,6,7,9,4,20,7,17,Duolingo,150,,,,,22,25,C1,intermediate|advanced,intermediate|advanced,cambridge_22_25_intermediate_advanced,4,20,random,,521.2666625976562,1160.316650390625,545.2666625976562,1243.633316040039,11,13,,,,,,,,,,,,2026-08-09T15:58:12.658Z,C99S394L,2026-08-09,2026-08-09,12:58:12,2026-08-09 12:58:12,,,,,,,,69eb8f1f108d9b87368ef89d,69eb8f1f108d9b87368ef89d,,,,
47464,raw_position_sample,2,3,adv,20,2,17,18,148, someone ,1220,536,1557853,69eb8f1f108d9b87368ef89d,69eb8f1f108d9b87368ef89d,advanced,2,69eb8f1f108d9b87368ef89d,69eb8f1f108d9b87368ef89d,spotlight_PROLIFIC,,42,brazil,Portuguese,"portuguese, english, spanish ",spanish,Portuguese:50|English:40|spanish:10,100,Portuguese:40|English:50|spanish:10,100,Portuguese:75|English:20|spanish:5,100,17,4,Bachelor's,10,10,10,6,7,9,4,20,7,17,Duolingo,150,,,,,22,25,C1,intermediate|advanced,intermediate|advanced,cambridge_22_25_intermediate_advanced,4,20,random,,521.2666625976562,1160.316650390625,545.2666625976562,1243.633316040039,11,13,,,,,,,,,,,,2026-08-09T15:58:12.658Z,C99S394L,2026-08-09,2026-08-09,12:58:12,2026-08-09 12:58:12,,,,,,,,69eb8f1f108d9b87368ef89d,69eb8f1f108d9b87368ef89d,,,,
47514,raw_position_sample,2,3,adv,20,2,17,18,148, someone ,1225,536,1557903,69eb8f1f108d9b87368ef89d,69eb8f1f108d9b87368ef89d,advanced,2,69eb8f1f108d9b87368ef89d,69eb8f1f108d9b87368ef89d,spotlight_PROLIFIC,,42,brazil,Portuguese,"portuguese, english, spanish ",spanish,Portuguese:50|English:40|spanish:10,100,Portuguese:40|English:50|spanish:10,100,Portuguese:75|English:20|spanish:5,100,17,4,Bachelor's,10,10,10,6,7,9,4,20,7,17,Duolingo,150,,,,,22,25,C1,intermediate|advanced,intermediate|advanced,cambridge_22_25_intermediate_advanced,4,20,random,,521.2666625976562,1160.316650390625,545.2666625976562,1243.633316040039,11,13,,,,,,,,,,,,2026-08-09T15:58:12.658Z,C99S394L,2026-08-09,2026-08-09,12:58:12,2026-08-09 12:58:12,,,,,,,,69eb8f1f108d9b87368ef89d,69eb8f1f108d9b87368ef89d,,,,
47565,raw_position_sample,2,3,adv,20,2,17,18,148, someone ,1232,536,1557953,69eb8f1f108d9b87368ef89d,69eb8f1f108d9b87368ef89d,advanced,2,69eb8f1f108d9b87368ef89d,69eb8f1f108d9b87368ef89d,spotlight_PROLIFIC,,42,brazil,Portuguese,"portuguese, english, spanish ",spanish,Portuguese:50|English:40|spanish:10,100,Portuguese:40|English:50|spanish:10,100,Portuguese:75|English:20|spanish:5,100,17,4,Bachelor's,10,10,10,6,7,9,4,20,7,17,Duolingo,150,,,,,22,25,C1,intermediate|advanced,intermediate|advanced,cambridge_22_25_intermediate_advanced,4,20,random,,521.2666625976562,1160.316650390625,545.2666625976562,1243.633316040039,11,13,,,,,,,,,,,,2026-08-09T15:58:12.658Z,C99S394L,2026-08-09,2026-08-09,12:58:12,2026-08-09 12:58:12,,,,,,,,69eb8f1f108d9b87368ef89d,69eb8f1f108d9b87368ef89d,,,,
47601,hover_association,2,3,adv,20,2,17,18,148, someone ,1164,541,,69eb8f1f108d9b87368ef89d,69eb8f1f108d9b87368ef89d,advanced,2,69eb8f1f108d9b87368ef89d,69eb8f1f108d9b87368ef89d,spotlight_PROLIFIC,,42,brazil,Portuguese,"portuguese, english, spanish ",spanish,Portuguese:50|English:40|spanish:10,100,Portuguese:40|English:50|spanish:10,100,Portuguese:75|English:20|spanish:5,100,17,4,Bachelor's,10,10,10,6,7,9,4,20,7,17,Duolingo,150,,,,,22,25,C1,intermediate|advanced,intermediate|advanced,cambridge_22_25_intermediate_advanced,4,20,random,,513.2666625976562,1160.316635131836,553.2666625976562,1243.6333084106445,11,13,hover,484,484,0.9803963799037094,0.5683334350585938,154,,,,,,2026-08-09T15:58:12.658Z,C99S394L,2026-08-09,2026-08-09,12:58:12,2026-08-09 12:58:12,,,,,,,,69eb8f1f108d9b87368ef89d,69eb8f1f108d9b87368ef89d,,,,
47615,raw_position_sample,2,3,adv,20,2,17,18,149," does, ",1244,536,1558003,69eb8f1f108d9b87368ef89d,69eb8f1f108d9b87368ef89d,advanced,2,69eb8f1f108d9b87368ef89d,69eb8f1f108d9b87368ef89d,spotlight_PROLIFIC,,42,brazil,Portuguese,"portuguese, english, spanish ",spanish,Portuguese:50|English:40|spanish:10,100,Portuguese:40|English:50|spanish:10,100,Portuguese:75|English:20|spanish:5,100,17,4,Bachelor's,10,10,10,6,7,9,4,20,7,17,Duolingo,150,,,,,22,25,C1,intermediate|advanced,intermediate|advanced,cambridge_22_25_intermediate_advanced,4,20,random,,521.2666625976562,1243.63330078125,545.2666625976562,1289.1666412353516,11,14,,,,,,,,,,,,2026-08-09T15:58:12.658Z,C99S394L,2026-08-09,2026-08-09,12:58:12,2026-08-09 12:58:12,,,,,,,,69eb8f1f108d9b87368ef89d,69eb8f1f108d9b87368ef89d,,,,
47665,raw_position_sample,2,3,adv,20,2,17,18,149," does, ",1249,536,1558054,69eb8f1f108d9b87368ef89d,69eb8f1f108d9b87368ef89d,advanced,2,69eb8f1f108d9b87368ef89d,69eb8f1f108d9b87368ef89d,spotlight_PROLIFIC,,42,brazil,Portuguese,"portuguese, english, spanish ",spanish,Portuguese:50|English:40|spanish:10,100,Portuguese:40|English:50|spanish:10,100,Portuguese:75|English:20|spanish:5,100,17,4,Bachelor's,10,10,10,6,7,9,4,20,7,17,Duolingo,150,,,,,22,25,C1,intermediate|advanced,intermediate|advanced,cambridge_22_25_intermediate_advanced,4,20,random,,521.2666625976562,1243.63330078125,545.2666625976562,1289.1666412353516,11,14,,,,,,,,,,,,2026-08-09T15:58:12.658Z,C99S394L,2026-08-09,2026-08-09,12:58:12,2026-08-09 12:58:12,,,,,,,,69eb8f1f108d9b87368ef89d,69eb8f1f108d9b87368ef89d,,,,
47716,raw_position_sample,2,3,adv,20,2,17,18,149," does, ",1249,536,1558104,69eb8f1f108d9b87368ef89d,69eb8f1f108d9b87368ef89d,advanced,2,69eb8f1f108d9b87368ef89d,69eb8f1f108d9b87368ef89d,spotlight_PROLIFIC,,42,brazil,Portuguese,"portuguese, english, spanish ",spanish,Portuguese:50|English:40|spanish:10,100,Portuguese:40|English:50|spanish:10,100,Portuguese:75|English:20|spanish:5,100,17,4,Bachelor's,10,10,10,6,7,9,4,20,7,17,Duolingo,150,,,,,22,25,C1,intermediate|advanced,intermediate|advanced,cambridge_22_25_intermediate_advanced,4,20,random,,521.2666625976562,1243.63330078125,545.2666625976562,1289.1666412353516,11,14,,,,,,,,,,,,2026-08-09T15:58:12.658Z,C99S394L,2026-08-09,2026-08-09,12:58:12,2026-08-09 12:58:12,,,,,,,,69eb8f1f108d9b87368ef89d,69eb8f1f108d9b87368ef89d,,,,
47766,raw_position_sample,2,3,adv,20,2,17,18,149," does, ",1249,536,1558155,69eb8f1f108d9b87368ef89d,69eb8f1f108d9b87368ef89d,advanced,2,69eb8f1f108d9b87368ef89d,69eb8f1f108d9b87368ef89d,spotlight_PROLIFIC,,42,brazil,Portuguese,"portuguese, english, spanish ",spanish,Portuguese:50|English:40|spanish:10,100,Portuguese:40|English:50|spanish:10,100,Portuguese:75|English:20|spanish:5,100,17,4,Bachelor's,10,10,10,6,7,9,4,20,7,17,Duolingo,150,,,,,22,25,C1,intermediate|advanced,intermediate|advanced,cambridge_22_25_intermediate_advanced,4,20,random,,521.2666625976562,1243.63330078125,545.2666625976562,1289.1666412353516,11,14,,,,,,,,,,,,2026-08-09T15:58:12.658Z,C99S394L,2026-08-09,2026-08-09,12:58:12,2026-08-09 12:58:12,,,,,,,,69eb8f1f108d9b87368ef89d,69eb8f1f108d9b87368ef89d,,,,
47801,hover_association,2,3,adv,20,2,17,18,149," does, ",1244,536,,69eb8f1f108d9b87368ef89d,69eb8f1f108d9b87368ef89d,advanced,2,69eb8f1f108d9b87368ef89d,69eb8f1f108d9b87368ef89d,spotlight_PROLIFIC,,42,brazil,Portuguese,"portuguese, english, spanish ",spanish,Portuguese:50|English:40|spanish:10,100,Portuguese:40|English:50|spanish:10,100,Portuguese:75|English:20|spanish:5,100,17,4,Bachelor's,10,10,10,6,7,9,4,20,7,17,Duolingo,150,,,,,22,25,C1,intermediate|advanced,intermediate|advanced,cambridge_22_25_intermediate_advanced,4,20,random,,513.2666625976562,1243.6333084106445,553.2666625976562,1292.7305297851562,11,14,hover,200,200,0.027836434549531792,0.5683334350585938,154,,,,,,2026-08-09T15:58:12.658Z,C99S394L,2026-08-09,2026-08-09,12:58:12,2026-08-09 12:58:12,,,,,,,,69eb8f1f108d9b87368ef89d,69eb8f1f108d9b87368ef89d,,,,
47817,raw_position_sample,2,3,adv,20,2,17,18,148, someone ,1233,536,1558205,69eb8f1f108d9b87368ef89d,69eb8f1f108d9b87368ef89d,advanced,2,69eb8f1f108d9b87368ef89d,69eb8f1f108d9b87368ef89d,spotlight_PROLIFIC,,42,brazil,Portuguese,"portuguese, english, spanish ",spanish,Portuguese:50|English:40|spanish:10,100,Portuguese:40|English:50|spanish:10,100,Portuguese:75|English:20|spanish:5,100,17,4,Bachelor's,10,10,10,6,7,9,4,20,7,17,Duolingo,150,,,,,22,25,C1,intermediate|advanced,intermediate|advanced,cambridge_22_25_intermediate_advanced,4,20,random,,521.2666625976562,1160.316650390625,545.2666625976562,1243.633316040039,11,13,,,,,,,,,,,,2026-08-09T15:58:12.658Z,C99S394L,2026-08-09,2026-08-09,12:58:12,2026-08-09 12:58:12,,,,,,,,69eb8f1f108d9b87368ef89d,69eb8f1f108d9b87368ef89d,,,,
47850,hover_association,2,3,adv,20,2,17,18,148, someone ,1233,536,,69eb8f1f108d9b87368ef89d,69eb8f1f108d9b87368ef89d,advanced,2,69eb8f1f108d9b87368ef89d,69eb8f1f108d9b87368ef89d,spotlight_PROLIFIC,,42,brazil,Portuguese,"portuguese, english, spanish ",spanish,Portuguese:50|English:40|spanish:10,100,Portuguese:40|English:50|spanish:10,100,Portuguese:75|English:20|spanish:5,100,17,4,Bachelor's,10,10,10,6,7,9,4,20,7,17,Duolingo,150,,,,,22,25,C1,intermediate|advanced,intermediate|advanced,cambridge_22_25_intermediate_advanced,4,20,random,,513.2666625976562,1160.316635131836,553.2666625976562,1243.6333084106445,11,13,hover,50,50,0.020204417698374697,0.5683334350585938,154,,,,,,2026-08-09T15:58:12.658Z,C99S394L,2026-08-09,2026-08-09,12:58:12,2026-08-09 12:58:12,,,,,,,,69eb8f1f108d9b87368ef89d,69eb8f1f108d9b87368ef89d,,,,
47866,raw_position_sample,2,3,adv,20,2,17,18,146, work ,1084,543,1558255,69eb8f1f108d9b87368ef89d,69eb8f1f108d9b87368ef89d,advanced,2,69eb8f1f108d9b87368ef89d,69eb8f1f108d9b87368ef89d,spotlight_PROLIFIC,,42,brazil,Portuguese,"portuguese, english, spanish ",spanish,Portuguese:50|English:40|spanish:10,100,Portuguese:40|English:50|spanish:10,100,Portuguese:75|English:20|spanish:5,100,17,4,Bachelor's,10,10,10,6,7,9,4,20,7,17,Duolingo,150,,,,,22,25,C1,intermediate|advanced,intermediate|advanced,cambridge_22_25_intermediate_advanced,4,20,random,,521.2666625976562,1074.6500244140625,545.2666625976562,1121.4167022705078,11,11,,,,,,,,,,,,2026-08-09T15:58:12.658Z,C99S394L,2026-08-09,2026-08-09,12:58:12,2026-08-09 12:58:12,,,,,,,,69eb8f1f108d9b87368ef89d,69eb8f1f108d9b87368ef89d,,,,
47867,hover_association,2,3,adv,20,2,17,18,146, work ,1084,543,,69eb8f1f108d9b87368ef89d,69eb8f1f108d9b87368ef89d,advanced,2,69eb8f1f108d9b87368ef89d,69eb8f1f108d9b87368ef89d,spotlight_PROLIFIC,,42,brazil,Portuguese,"portuguese, english, spanish ",spanish,Portuguese:50|English:40|spanish:10,100,Portuguese:40|English:50|spanish:10,100,Portuguese:75|English:20|spanish:5,100,17,4,Bachelor's,10,10,10,6,7,9,4,20,7,17,Duolingo,150,,,,,22,25,C1,intermediate|advanced,intermediate|advanced,cambridge_22_25_intermediate_advanced,4,20,random,,513.2666625976562,1074.6499862670898,553.2666625976562,1121.4166641235352,11,11,hover,17,17,0.19992896997325527,0.7433334350585937,154,,,,,,2026-08-09T15:58:12.658Z,C99S394L,2026-08-09,2026-08-09,12:58:12,2026-08-09 12:58:12,,,,,,,,69eb8f1f108d9b87368ef89d,69eb8f1f108d9b87368ef89d,,,,
47884,hover_association,2,3,adv,20,2,17,18,143, to ,988,551,,69eb8f1f108d9b87368ef89d,69eb8f1f108d9b87368ef89d,advanced,2,69eb8f1f108d9b87368ef89d,69eb8f1f108d9b87368ef89d,spotlight_PROLIFIC,,42,brazil,Portuguese,"portuguese, english, spanish ",spanish,Portuguese:50|English:40|spanish:10,100,Portuguese:40|English:50|spanish:10,100,Portuguese:75|English:20|spanish:5,100,17,4,Bachelor's,10,10,10,6,7,9,4,20,7,17,Duolingo,150,,,,,22,25,C1,intermediate|advanced,intermediate|advanced,cambridge_22_25_intermediate_advanced,4,20,random,,513.2666625976562,969.8166580200195,553.2666625976562,991.8833084106445,11,8,hover,16,16,0.8240191265143553,0.9433334350585938,154,,,,,,2026-08-09T15:58:12.658Z,C99S394L,2026-08-09,2026-08-09,12:58:12,2026-08-09 12:58:12,,,,,,,,69eb8f1f108d9b87368ef89d,69eb8f1f108d9b87368ef89d,,,,
47917,raw_position_sample,2,3,adv,20,2,17,18,154, it.” ,805,568,1558306,69eb8f1f108d9b87368ef89d,69eb8f1f108d9b87368ef89d,advanced,2,69eb8f1f108d9b87368ef89d,69eb8f1f108d9b87368ef89d,spotlight_PROLIFIC,,42,brazil,Portuguese,"portuguese, english, spanish ",spanish,Portuguese:50|English:40|spanish:10,100,Portuguese:40|English:50|spanish:10,100,Portuguese:75|English:20|spanish:5,100,17,4,Bachelor's,10,10,10,6,7,9,4,20,7,17,Duolingo,150,,,,,22,25,C1,intermediate|advanced,intermediate|advanced,cambridge_22_25_intermediate_advanced,4,20,random,,561.2666625976562,780.7166748046875,585.2666625976562,803.1500091552734,12,5,,,,,,,,,,,,2026-08-09T15:58:12.658Z,C99S394L,2026-08-09,2026-08-09,12:58:12,2026-08-09 12:58:12,,,,,,,,69eb8f1f108d9b87368ef89d,69eb8f1f108d9b87368ef89d,,,,
47917,hover_association,2,3,adv,20,2,17,18,154, it.” ,805,568,,69eb8f1f108d9b87368ef89d,69eb8f1f108d9b87368ef89d,advanced,2,69eb8f1f108d9b87368ef89d,69eb8f1f108d9b87368ef89d,spotlight_PROLIFIC,,42,brazil,Portuguese,"portuguese, english, spanish ",spanish,Portuguese:50|English:40|spanish:10,100,Portuguese:40|English:50|spanish:10,100,Portuguese:75|English:20|spanish:5,100,17,4,Bachelor's,10,10,10,6,7,9,4,20,7,17,Duolingo,150,,,,,22,25,C1,intermediate|advanced,intermediate|advanced,cambridge_22_25_intermediate_advanced,4,20,random,,553.2666625976562,780.716667175293,593.2666625976562,806.7138977050781,12,5,hover,17,17,0.9340738351681537,0.36833343505859373,154,,,,,,2026-08-09T15:58:12.658Z,C99S394L,2026-08-09,2026-08-09,12:58:12,2026-08-09 12:58:12,,,,,,,,69eb8f1f108d9b87368ef89d,69eb8f1f108d9b87368ef89d,,,,
47934,hover_association,2,3,adv,20,2,17,18,152, pay ,722,577,,69eb8f1f108d9b87368ef89d,69eb8f1f108d9b87368ef89d,advanced,2,69eb8f1f108d9b87368ef89d,69eb8f1f108d9b87368ef89d,spotlight_PROLIFIC,,42,brazil,Portuguese,"portuguese, english, spanish ",spanish,Portuguese:50|English:40|spanish:10,100,Portuguese:40|English:50|spanish:10,100,Portuguese:75|English:20|spanish:5,100,17,4,Bachelor's,10,10,10,6,7,9,4,20,7,17,Duolingo,150,,,,,22,25,C1,intermediate|advanced,intermediate|advanced,cambridge_22_25_intermediate_advanced,4,20,random,,553.2666625976562,716.4833221435547,593.2666625976562,751.5166625976562,12,3,hover,17,17,0.1574693644664833,0.5933334350585937,154,,,,,,2026-08-09T15:58:12.658Z,C99S394L,2026-08-09,2026-08-09,12:58:12,2026-08-09 12:58:12,,,,,,,,69eb8f1f108d9b87368ef89d,69eb8f1f108d9b87368ef89d,,,,
47950,hover_association,2,3,adv,20,2,17,18,151, should ,675,578,,69eb8f1f108d9b87368ef89d,69eb8f1f108d9b87368ef89d,advanced,2,69eb8f1f108d9b87368ef89d,69eb8f1f108d9b87368ef89d,spotlight_PROLIFIC,,42,brazil,Portuguese,"portuguese, english, spanish ",spanish,Portuguese:50|English:40|spanish:10,100,Portuguese:40|English:50|spanish:10,100,Portuguese:75|English:20|spanish:5,100,17,4,Bachelor's,10,10,10,6,7,9,4,20,7,17,Duolingo,150,,,,,22,25,C1,intermediate|advanced,intermediate|advanced,cambridge_22_25_intermediate_advanced,4,20,random,,553.2666625976562,654.3500061035156,593.2666625976562,716.4833221435547,12,2,hover,16,16,0.33234977967661344,0.6183334350585937,154,,,,,,2026-08-09T15:58:12.658Z,C99S394L,2026-08-09,2026-08-09,12:58:12,2026-08-09 12:58:12,,,,,,,,69eb8f1f108d9b87368ef89d,69eb8f1f108d9b87368ef89d,,,,
47968,raw_position_sample,2,3,adv,20,2,17,18,150, we ,640,582,1558357,69eb8f1f108d9b87368ef89d,69eb8f1f108d9b87368ef89d,advanced,2,69eb8f1f108d9b87368ef89d,69eb8f1f108d9b87368ef89d,spotlight_PROLIFIC,,42,brazil,Portuguese,"portuguese, english, spanish ",spanish,Portuguese:50|English:40|spanish:10,100,Portuguese:40|English:50|spanish:10,100,Portuguese:75|English:20|spanish:5,100,17,4,Bachelor's,10,10,10,6,7,9,4,20,7,17,Duolingo,150,,,,,22,25,C1,intermediate|advanced,intermediate|advanced,cambridge_22_25_intermediate_advanced,4,20,random,,561.2666625976562,625.36669921875,585.2666625976562,654.3500366210938,12,1,,,,,,,,,,,,2026-08-09T15:58:12.658Z,C99S394L,2026-08-09,2026-08-09,12:58:12,2026-08-09 12:58:12,,,,,,,,69eb8f1f108d9b87368ef89d,69eb8f1f108d9b87368ef89d,,,,
48018,raw_position_sample,2,3,adv,20,2,17,18,150, we ,637,582,1558407,69eb8f1f108d9b87368ef89d,69eb8f1f108d9b87368ef89d,advanced,2,69eb8f1f108d9b87368ef89d,69eb8f1f108d9b87368ef89d,spotlight_PROLIFIC,,42,brazil,Portuguese,"portuguese, english, spanish ",spanish,Portuguese:50|English:40|spanish:10,100,Portuguese:40|English:50|spanish:10,100,Portuguese:75|English:20|spanish:5,100,17,4,Bachelor's,10,10,10,6,7,9,4,20,7,17,Duolingo,150,,,,,22,25,C1,intermediate|advanced,intermediate|advanced,cambridge_22_25_intermediate_advanced,4,20,random,,561.2666625976562,625.36669921875,585.2666625976562,654.3500366210938,12,1,,,,,,,,,,,,2026-08-09T15:58:12.658Z,C99S394L,2026-08-09,2026-08-09,12:58:12,2026-08-09 12:58:12,,,,,,,,69eb8f1f108d9b87368ef89d,69eb8f1f108d9b87368ef89d,,,,
48078,raw_position_sample,2,3,adv,20,2,17,18,150, we ,627,582,1558466,69eb8f1f108d9b87368ef89d,69eb8f1f108d9b87368ef89d,advanced,2,69eb8f1f108d9b87368ef89d,69eb8f1f108d9b87368ef89d,spotlight_PROLIFIC,,42,brazil,Portuguese,"portuguese, english, spanish ",spanish,Portuguese:50|English:40|spanish:10,100,Portuguese:40|English:50|spanish:10,100,Portuguese:75|English:20|spanish:5,100,17,4,Bachelor's,10,10,10,6,7,9,4,20,7,17,Duolingo,150,,,,,22,25,C1,intermediate|advanced,intermediate|advanced,cambridge_22_25_intermediate_advanced,4,20,random,,561.2666625976562,625.36669921875,585.2666625976562,654.3500366210938,12,1,,,,,,,,,,,,2026-08-09T15:58:12.658Z,C99S394L,2026-08-09,2026-08-09,12:58:12,2026-08-09 12:58:12,,,,,,,,69eb8f1f108d9b87368ef89d,69eb8f1f108d9b87368ef89d,,,,
48128,raw_position_sample,2,3,adv,20,2,17,18,150, we ,622,582,1558517,69eb8f1f108d9b87368ef89d,69eb8f1f108d9b87368ef89d,advanced,2,69eb8f1f108d9b87368ef89d,69eb8f1f108d9b87368ef89d,spotlight_PROLIFIC,,42,brazil,Portuguese,"portuguese, english, spanish ",spanish,Portuguese:50|English:40|spanish:10,100,Portuguese:40|English:50|spanish:10,100,Portuguese:75|English:20|spanish:5,100,17,4,Bachelor's,10,10,10,6,7,9,4,20,7,17,Duolingo,150,,,,,22,25,C1,intermediate|advanced,intermediate|advanced,cambridge_22_25_intermediate_advanced,4,20,random,,561.2666625976562,625.36669921875,585.2666625976562,654.3500366210938,12,1,,,,,,,,,,,,2026-08-09T15:58:12.658Z,C99S394L,2026-08-09,2026-08-09,12:58:12,2026-08-09 12:58:12,,,,,,,,69eb8f1f108d9b87368ef89d,69eb8f1f108d9b87368ef89d,,,,
48179,raw_position_sample,2,3,adv,20,2,17,18,150, we ,622,583,1558566,69eb8f1f108d9b87368ef89d,69eb8f1f108d9b87368ef89d,advanced,2,69eb8f1f108d9b87368ef89d,69eb8f1f108d9b87368ef89d,spotlight_PROLIFIC,,42,brazil,Portuguese,"portuguese, english, spanish ",spanish,Portuguese:50|English:40|spanish:10,100,Portuguese:40|English:50|spanish:10,100,Portuguese:75|English:20|spanish:5,100,17,4,Bachelor's,10,10,10,6,7,9,4,20,7,17,Duolingo,150,,,,,22,25,C1,intermediate|advanced,intermediate|advanced,cambridge_22_25_intermediate_advanced,4,20,random,,561.2666625976562,625.36669921875,585.2666625976562,654.3500366210938,12,1,,,,,,,,,,,,2026-08-09T15:58:12.658Z,C99S394L,2026-08-09,2026-08-09,12:58:12,2026-08-09 12:58:12,,,,,,,,69eb8f1f108d9b87368ef89d,69eb8f1f108d9b87368ef89d,,,,
48228,raw_position_sample,2,3,adv,20,2,17,18,150, we ,623,584,1558616,69eb8f1f108d9b87368ef89d,69eb8f1f108d9b87368ef89d,advanced,2,69eb8f1f108d9b87368ef89d,69eb8f1f108d9b87368ef89d,spotlight_PROLIFIC,,42,brazil,Portuguese,"portuguese, english, spanish ",spanish,Portuguese:50|English:40|spanish:10,100,Portuguese:40|English:50|spanish:10,100,Portuguese:75|English:20|spanish:5,100,17,4,Bachelor's,10,10,10,6,7,9,4,20,7,17,Duolingo,150,,,,,22,25,C1,intermediate|advanced,intermediate|advanced,cambridge_22_25_intermediate_advanced,4,20,random,,561.2666625976562,625.36669921875,585.2666625976562,654.3500366210938,12,1,,,,,,,,,,,,2026-08-09T15:58:12.658Z,C99S394L,2026-08-09,2026-08-09,12:58:12,2026-08-09 12:58:12,,,,,,,,69eb8f1f108d9b87368ef89d,69eb8f1f108d9b87368ef89d,,,,
48279,raw_position_sample,2,3,adv,20,2,17,18,150, we ,628,584,1558667,69eb8f1f108d9b87368ef89d,69eb8f1f108d9b87368ef89d,advanced,2,69eb8f1f108d9b87368ef89d,69eb8f1f108d9b87368ef89d,spotlight_PROLIFIC,,42,brazil,Portuguese,"portuguese, english, spanish ",spanish,Portuguese:50|English:40|spanish:10,100,Portuguese:40|English:50|spanish:10,100,Portuguese:75|English:20|spanish:5,100,17,4,Bachelor's,10,10,10,6,7,9,4,20,7,17,Duolingo,150,,,,,22,25,C1,intermediate|advanced,intermediate|advanced,cambridge_22_25_intermediate_advanced,4,20,random,,561.2666625976562,625.36669921875,585.2666625976562,654.3500366210938,12,1,,,,,,,,,,,,2026-08-09T15:58:12.658Z,C99S394L,2026-08-09,2026-08-09,12:58:12,2026-08-09 12:58:12,,,,,,,,69eb8f1f108d9b87368ef89d,69eb8f1f108d9b87368ef89d,,,,
48329,raw_position_sample,2,3,adv,20,2,17,18,150, we ,644,584,1558717,69eb8f1f108d9b87368ef89d,69eb8f1f108d9b87368ef89d,advanced,2,69eb8f1f108d9b87368ef89d,69eb8f1f108d9b87368ef89d,spotlight_PROLIFIC,,42,brazil,Portuguese,"portuguese, english, spanish ",spanish,Portuguese:50|English:40|spanish:10,100,Portuguese:40|English:50|spanish:10,100,Portuguese:75|English:20|spanish:5,100,17,4,Bachelor's,10,10,10,6,7,9,4,20,7,17,Duolingo,150,,,,,22,25,C1,intermediate|advanced,intermediate|advanced,cambridge_22_25_intermediate_advanced,4,20,random,,561.2666625976562,625.36669921875,585.2666625976562,654.3500366210938,12,1,,,,,,,,,,,,2026-08-09T15:58:12.658Z,C99S394L,2026-08-09,2026-08-09,12:58:12,2026-08-09 12:58:12,,,,,,,,69eb8f1f108d9b87368ef89d,69eb8f1f108d9b87368ef89d,,,,
48350,hover_association,2,3,adv,20,2,17,18,150, we ,651,581,,69eb8f1f108d9b87368ef89d,69eb8f1f108d9b87368ef89d,advanced,2,69eb8f1f108d9b87368ef89d,69eb8f1f108d9b87368ef89d,spotlight_PROLIFIC,,42,brazil,Portuguese,"portuguese, english, spanish ",spanish,Portuguese:50|English:40|spanish:10,100,Portuguese:40|English:50|spanish:10,100,Portuguese:75|English:20|spanish:5,100,17,4,Bachelor's,10,10,10,6,7,9,4,20,7,17,Duolingo,150,,,,,22,25,C1,intermediate|advanced,intermediate|advanced,cambridge_22_25_intermediate_advanced,4,20,random,,553.2666625976562,621.8028106689453,593.2666625976562,654.3500061035156,12,1,hover,400,400,0.8970723572711465,0.7683334350585938,154,,,,,,2026-08-09T15:58:12.658Z,C99S394L,2026-08-09,2026-08-09,12:58:12,2026-08-09 12:58:12,,,,,,,,69eb8f1f108d9b87368ef89d,69eb8f1f108d9b87368ef89d,,,,
48379,raw_position_sample,2,3,adv,20,2,17,18,151, should ,666,584,1558767,69eb8f1f108d9b87368ef89d,69eb8f1f108d9b87368ef89d,advanced,2,69eb8f1f108d9b87368ef89d,69eb8f1f108d9b87368ef89d,spotlight_PROLIFIC,,42,brazil,Portuguese,"portuguese, english, spanish ",spanish,Portuguese:50|English:40|spanish:10,100,Portuguese:40|English:50|spanish:10,100,Portuguese:75|English:20|spanish:5,100,17,4,Bachelor's,10,10,10,6,7,9,4,20,7,17,Duolingo,150,,,,,22,25,C1,intermediate|advanced,intermediate|advanced,cambridge_22_25_intermediate_advanced,4,20,random,,561.2666625976562,654.3499755859375,585.2666625976562,716.4833068847656,12,2,,,,,,,,,,,,2026-08-09T15:58:12.658Z,C99S394L,2026-08-09,2026-08-09,12:58:12,2026-08-09 12:58:12,,,,,,,,69eb8f1f108d9b87368ef89d,69eb8f1f108d9b87368ef89d,,,,
48430,raw_position_sample,2,3,adv,20,2,17,18,151, should ,682,583,1558818,69eb8f1f108d9b87368ef89d,69eb8f1f108d9b87368ef89d,advanced,2,69eb8f1f108d9b87368ef89d,69eb8f1f108d9b87368ef89d,spotlight_PROLIFIC,,42,brazil,Portuguese,"portuguese, english, spanish ",spanish,Portuguese:50|English:40|spanish:10,100,Portuguese:40|English:50|spanish:10,100,Portuguese:75|English:20|spanish:5,100,17,4,Bachelor's,10,10,10,6,7,9,4,20,7,17,Duolingo,150,,,,,22,25,C1,intermediate|advanced,intermediate|advanced,cambridge_22_25_intermediate_advanced,4,20,random,,561.2666625976562,654.3499755859375,585.2666625976562,716.4833068847656,12,2,,,,,,,,,,,,2026-08-09T15:58:12.658Z,C99S394L,2026-08-09,2026-08-09,12:58:12,2026-08-09 12:58:12,,,,,,,,69eb8f1f108d9b87368ef89d,69eb8f1f108d9b87368ef89d,,,,
48480,raw_position_sample,2,3,adv,20,2,17,18,151, should ,688,583,1558868,69eb8f1f108d9b87368ef89d,69eb8f1f108d9b87368ef89d,advanced,2,69eb8f1f108d9b87368ef89d,69eb8f1f108d9b87368ef89d,spotlight_PROLIFIC,,42,brazil,Portuguese,"portuguese, english, spanish ",spanish,Portuguese:50|English:40|spanish:10,100,Portuguese:40|English:50|spanish:10,100,Portuguese:75|English:20|spanish:5,100,17,4,Bachelor's,10,10,10,6,7,9,4,20,7,17,Duolingo,150,,,,,22,25,C1,intermediate|advanced,intermediate|advanced,cambridge_22_25_intermediate_advanced,4,20,random,,561.2666625976562,654.3499755859375,585.2666625976562,716.4833068847656,12,2,,,,,,,,,,,,2026-08-09T15:58:12.658Z,C99S394L,2026-08-09,2026-08-09,12:58:12,2026-08-09 12:58:12,,,,,,,,69eb8f1f108d9b87368ef89d,69eb8f1f108d9b87368ef89d,,,,
48531,raw_position_sample,2,3,adv,20,2,17,18,151, should ,701,583,1558919,69eb8f1f108d9b87368ef89d,69eb8f1f108d9b87368ef89d,advanced,2,69eb8f1f108d9b87368ef89d,69eb8f1f108d9b87368ef89d,spotlight_PROLIFIC,,42,brazil,Portuguese,"portuguese, english, spanish ",spanish,Portuguese:50|English:40|spanish:10,100,Portuguese:40|English:50|spanish:10,100,Portuguese:75|English:20|spanish:5,100,17,4,Bachelor's,10,10,10,6,7,9,4,20,7,17,Duolingo,150,,,,,22,25,C1,intermediate|advanced,intermediate|advanced,cambridge_22_25_intermediate_advanced,4,20,random,,561.2666625976562,654.3499755859375,585.2666625976562,716.4833068847656,12,2,,,,,,,,,,,,2026-08-09T15:58:12.658Z,C99S394L,2026-08-09,2026-08-09,12:58:12,2026-08-09 12:58:12,,,,,,,,69eb8f1f108d9b87368ef89d,69eb8f1f108d9b87368ef89d,,,,
48567,hover_association,2,3,adv,20,2,17,18,151, should ,659,584,,69eb8f1f108d9b87368ef89d,69eb8f1f108d9b87368ef89d,advanced,2,69eb8f1f108d9b87368ef89d,69eb8f1f108d9b87368ef89d,spotlight_PROLIFIC,,42,brazil,Portuguese,"portuguese, english, spanish ",spanish,Portuguese:50|English:40|spanish:10,100,Portuguese:40|English:50|spanish:10,100,Portuguese:75|English:20|spanish:5,100,17,4,Bachelor's,10,10,10,6,7,9,4,20,7,17,Duolingo,150,,,,,22,25,C1,intermediate|advanced,intermediate|advanced,cambridge_22_25_intermediate_advanced,4,20,random,,553.2666625976562,654.3500061035156,593.2666625976562,716.4833221435547,12,2,hover,216,216,0.9600323578101896,0.7433334350585937,154,,,,,,2026-08-09T15:58:12.658Z,C99S394L,2026-08-09,2026-08-09,12:58:12,2026-08-09 12:58:12,,,,,,,,69eb8f1f108d9b87368ef89d,69eb8f1f108d9b87368ef89d,,,,
48581,raw_position_sample,2,3,adv,20,2,17,18,152, pay ,725,583,1558969,69eb8f1f108d9b87368ef89d,69eb8f1f108d9b87368ef89d,advanced,2,69eb8f1f108d9b87368ef89d,69eb8f1f108d9b87368ef89d,spotlight_PROLIFIC,,42,brazil,Portuguese,"portuguese, english, spanish ",spanish,Portuguese:50|English:40|spanish:10,100,Portuguese:40|English:50|spanish:10,100,Portuguese:75|English:20|spanish:5,100,17,4,Bachelor's,10,10,10,6,7,9,4,20,7,17,Duolingo,150,,,,,22,25,C1,intermediate|advanced,intermediate|advanced,cambridge_22_25_intermediate_advanced,4,20,random,,561.2666625976562,716.4833374023438,585.2666625976562,751.5166625976562,12,3,,,,,,,,,,,,2026-08-09T15:58:12.658Z,C99S394L,2026-08-09,2026-08-09,12:58:12,2026-08-09 12:58:12,,,,,,,,69eb8f1f108d9b87368ef89d,69eb8f1f108d9b87368ef89d,,,,
48601,hover_association,2,3,adv,20,2,17,18,152, pay ,725,583,,69eb8f1f108d9b87368ef89d,69eb8f1f108d9b87368ef89d,advanced,2,69eb8f1f108d9b87368ef89d,69eb8f1f108d9b87368ef89d,spotlight_PROLIFIC,,42,brazil,Portuguese,"portuguese, english, spanish ",spanish,Portuguese:50|English:40|spanish:10,100,Portuguese:40|English:50|spanish:10,100,Portuguese:75|English:20|spanish:5,100,17,4,Bachelor's,10,10,10,6,7,9,4,20,7,17,Duolingo,150,,,,,22,25,C1,intermediate|advanced,intermediate|advanced,cambridge_22_25_intermediate_advanced,4,20,random,,553.2666625976562,716.4833221435547,593.2666625976562,751.5166625976562,12,3,hover,34,34,0.7854425955325585,0.7433334350585937,154,,,,,,2026-08-09T15:58:12.658Z,C99S394L,2026-08-09,2026-08-09,12:58:12,2026-08-09 12:58:12,,,,,,,,69eb8f1f108d9b87368ef89d,69eb8f1f108d9b87368ef89d,,,,
48631,raw_position_sample,2,3,adv,20,2,17,18,153, for ,770,583,1559020,69eb8f1f108d9b87368ef89d,69eb8f1f108d9b87368ef89d,advanced,2,69eb8f1f108d9b87368ef89d,69eb8f1f108d9b87368ef89d,spotlight_PROLIFIC,,42,brazil,Portuguese,"portuguese, english, spanish ",spanish,Portuguese:50|English:40|spanish:10,100,Portuguese:40|English:50|spanish:10,100,Portuguese:75|English:20|spanish:5,100,17,4,Bachelor's,10,10,10,6,7,9,4,20,7,17,Duolingo,150,,,,,22,25,C1,intermediate|advanced,intermediate|advanced,cambridge_22_25_intermediate_advanced,4,20,random,,561.2666625976562,751.5166625976562,585.2666625976562,780.7166595458984,12,4,,,,,,,,,,,,2026-08-09T15:58:12.658Z,C99S394L,2026-08-09,2026-08-09,12:58:12,2026-08-09 12:58:12,,,,,,,,69eb8f1f108d9b87368ef89d,69eb8f1f108d9b87368ef89d,,,,
48634,hover_association,2,3,adv,20,2,17,18,153, for ,754,583,,69eb8f1f108d9b87368ef89d,69eb8f1f108d9b87368ef89d,advanced,2,69eb8f1f108d9b87368ef89d,69eb8f1f108d9b87368ef89d,spotlight_PROLIFIC,,42,brazil,Portuguese,"portuguese, english, spanish ",spanish,Portuguese:50|English:40|spanish:10,100,Portuguese:40|English:50|spanish:10,100,Portuguese:75|English:20|spanish:5,100,17,4,Bachelor's,10,10,10,6,7,9,4,20,7,17,Duolingo,150,,,,,22,25,C1,intermediate|advanced,intermediate|advanced,cambridge_22_25_intermediate_advanced,4,20,random,,553.2666625976562,751.5166625976562,593.2666625976562,780.716667175293,12,4,hover,34,34,0.6329909076966208,0.7433334350585937,154,,,,,,2026-08-09T15:58:12.658Z,C99S394L,2026-08-09,2026-08-09,12:58:12,2026-08-09 12:58:12,,,,,,,,69eb8f1f108d9b87368ef89d,69eb8f1f108d9b87368ef89d,,,,
48667,hover_association,2,3,adv,20,2,17,18,154, it.” ,785,583,,69eb8f1f108d9b87368ef89d,69eb8f1f108d9b87368ef89d,advanced,2,69eb8f1f108d9b87368ef89d,69eb8f1f108d9b87368ef89d,spotlight_PROLIFIC,,42,brazil,Portuguese,"portuguese, english, spanish ",spanish,Portuguese:50|English:40|spanish:10,100,Portuguese:40|English:50|spanish:10,100,Portuguese:75|English:20|spanish:5,100,17,4,Bachelor's,10,10,10,6,7,9,4,20,7,17,Duolingo,150,,,,,22,25,C1,intermediate|advanced,intermediate|advanced,cambridge_22_25_intermediate_advanced,4,20,random,,553.2666625976562,780.716667175293,593.2666625976562,806.7138977050781,12,5,hover,32,32,0.7417456564311349,0.7433334350585937,154,,,,,,2026-08-09T15:58:12.658Z,C99S394L,2026-08-09,2026-08-09,12:58:12,2026-08-09 12:58:12,,,,,,,,69eb8f1f108d9b87368ef89d,69eb8f1f108d9b87368ef89d,,,,
48681,raw_position_sample,2,3,adv,20,2,17,18,-1,999,814,585,1559069,69eb8f1f108d9b87368ef89d,69eb8f1f108d9b87368ef89d,advanced,2,69eb8f1f108d9b87368ef89d,69eb8f1f108d9b87368ef89d,spotlight_PROLIFIC,,42,brazil,Portuguese,"portuguese, english, spanish ",spanish,Portuguese:50|English:40|spanish:10,100,Portuguese:40|English:50|spanish:10,100,Portuguese:75|English:20|spanish:5,100,17,4,Bachelor's,10,10,10,6,7,9,4,20,7,17,Duolingo,150,,,,,22,25,C1,intermediate|advanced,intermediate|advanced,cambridge_22_25_intermediate_advanced,4,20,random,,,,,,,,,,,,,,,,,,,2026-08-09T15:58:12.658Z,C99S394L,2026-08-09,2026-08-09,12:58:12,2026-08-09 12:58:12,,,,,,,,69eb8f1f108d9b87368ef89d,69eb8f1f108d9b87368ef89d,,,,
48731,raw_position_sample,2,3,adv,20,2,17,18,-1,999,851,594,1559120,69eb8f1f108d9b87368ef89d,69eb8f1f108d9b87368ef89d,advanced,2,69eb8f1f108d9b87368ef89d,69eb8f1f108d9b87368ef89d,spotlight_PROLIFIC,,42,brazil,Portuguese,"portuguese, english, spanish ",spanish,Portuguese:50|English:40|spanish:10,100,Portuguese:40|English:50|spanish:10,100,Portuguese:75|English:20|spanish:5,100,17,4,Bachelor's,10,10,10,6,7,9,4,20,7,17,Duolingo,150,,,,,22,25,C1,intermediate|advanced,intermediate|advanced,cambridge_22_25_intermediate_advanced,4,20,random,,,,,,,,,,,,,,,,,,,2026-08-09T15:58:12.658Z,C99S394L,2026-08-09,2026-08-09,12:58:12,2026-08-09 12:58:12,,,,,,,,69eb8f1f108d9b87368ef89d,69eb8f1f108d9b87368ef89d,,,,
48782,raw_position_sample,2,3,adv,20,2,17,18,-1,999,905,604,1559170,69eb8f1f108d9b87368ef89d,69eb8f1f108d9b87368ef89d,advanced,2,69eb8f1f108d9b87368ef89d,69eb8f1f108d9b87368ef89d,spotlight_PROLIFIC,,42,brazil,Portuguese,"portuguese, english, spanish ",spanish,Portuguese:50|English:40|spanish:10,100,Portuguese:40|English:50|spanish:10,100,Portuguese:75|English:20|spanish:5,100,17,4,Bachelor's,10,10,10,6,7,9,4,20,7,17,Duolingo,150,,,,,22,25,C1,intermediate|advanced,intermediate|advanced,cambridge_22_25_intermediate_advanced,4,20,random,,,,,,,,,,,,,,,,,,,2026-08-09T15:58:12.658Z,C99S394L,2026-08-09,2026-08-09,12:58:12,2026-08-09 12:58:12,,,,,,,,69eb8f1f108d9b87368ef89d,69eb8f1f108d9b87368ef89d,,,,
48832,raw_position_sample,2,3,adv,20,2,17,18,-1,999,934,610,1559220,69eb8f1f108d9b87368ef89d,69eb8f1f108d9b87368ef89d,advanced,2,69eb8f1f108d9b87368ef89d,69eb8f1f108d9b87368ef89d,spotlight_PROLIFIC,,42,brazil,Portuguese,"portuguese, english, spanish ",spanish,Portuguese:50|English:40|spanish:10,100,Portuguese:40|English:50|spanish:10,100,Portuguese:75|English:20|spanish:5,100,17,4,Bachelor's,10,10,10,6,7,9,4,20,7,17,Duolingo,150,,,,,22,25,C1,intermediate|advanced,intermediate|advanced,cambridge_22_25_intermediate_advanced,4,20,random,,,,,,,,,,,,,,,,,,,2026-08-09T15:58:12.658Z,C99S394L,2026-08-09,2026-08-09,12:58:12,2026-08-09 12:58:12,,,,,,,,69eb8f1f108d9b87368ef89d,69eb8f1f108d9b87368ef89d,,,,
48882,raw_position_sample,2,3,adv,20,2,17,18,-1,999,934,610,1559271,69eb8f1f108d9b87368ef89d,69eb8f1f108d9b87368ef89d,advanced,2,69eb8f1f108d9b87368ef89d,69eb8f1f108d9b87368ef89d,spotlight_PROLIFIC,,42,brazil,Portuguese,"portuguese, english, spanish ",spanish,Portuguese:50|English:40|spanish:10,100,Portuguese:40|English:50|spanish:10,100,Portuguese:75|English:20|spanish:5,100,17,4,Bachelor's,10,10,10,6,7,9,4,20,7,17,Duolingo,150,,,,,22,25,C1,intermediate|advanced,intermediate|advanced,cambridge_22_25_intermediate_advanced,4,20,random,,,,,,,,,,,,,,,,,,,2026-08-09T15:58:12.658Z,C99S394L,2026-08-09,2026-08-09,12:58:12,2026-08-09 12:58:12,,,,,,,,69eb8f1f108d9b87368ef89d,69eb8f1f108d9b87368ef89d,,,,
48932,raw_position_sample,2,3,adv,20,2,17,18,-1,999,934,610,1559321,69eb8f1f108d9b87368ef89d,69eb8f1f108d9b87368ef89d,advanced,2,69eb8f1f108d9b87368ef89d,69eb8f1f108d9b87368ef89d,spotlight_PROLIFIC,,42,brazil,Portuguese,"portuguese, english, spanish ",spanish,Portuguese:50|English:40|spanish:10,100,Portuguese:40|English:50|spanish:10,100,Portuguese:75|English:20|spanish:5,100,17,4,Bachelor's,10,10,10,6,7,9,4,20,7,17,Duolingo,150,,,,,22,25,C1,intermediate|advanced,intermediate|advanced,cambridge_22_25_intermediate_advanced,4,20,random,,,,,,,,,,,,,,,,,,,2026-08-09T15:58:12.658Z,C99S394L,2026-08-09,2026-08-09,12:58:12,2026-08-09 12:58:12,,,,,,,,69eb8f1f108d9b87368ef89d,69eb8f1f108d9b87368ef89d,,,,
48983,raw_position_sample,2,3,adv,20,2,17,18,-1,999,934,610,1559371,69eb8f1f108d9b87368ef89d,69eb8f1f108d9b87368ef89d,advanced,2,69eb8f1f108d9b87368ef89d,69eb8f1f108d9b87368ef89d,spotlight_PROLIFIC,,42,brazil,Portuguese,"portuguese, english, spanish ",spanish,Portuguese:50|English:40|spanish:10,100,Portuguese:40|English:50|spanish:10,100,Portuguese:75|English:20|spanish:5,100,17,4,Bachelor's,10,10,10,6,7,9,4,20,7,17,Duolingo,150,,,,,22,25,C1,intermediate|advanced,intermediate|advanced,cambridge_22_25_intermediate_advanced,4,20,random,,,,,,,,,,,,,,,,,,,2026-08-09T15:58:12.658Z,C99S394L,2026-08-09,2026-08-09,12:58:12,2026-08-09 12:58:12,,,,,,,,69eb8f1f108d9b87368ef89d,69eb8f1f108d9b87368ef89d,,,,
49033,raw_position_sample,2,3,adv,20,2,17,18,-1,999,934,610,1559421,69eb8f1f108d9b87368ef89d,69eb8f1f108d9b87368ef89d,advanced,2,69eb8f1f108d9b87368ef89d,69eb8f1f108d9b87368ef89d,spotlight_PROLIFIC,,42,brazil,Portuguese,"portuguese, english, spanish ",spanish,Portuguese:50|English:40|spanish:10,100,Portuguese:40|English:50|spanish:10,100,Portuguese:75|English:20|spanish:5,100,17,4,Bachelor's,10,10,10,6,7,9,4,20,7,17,Duolingo,150,,,,,22,25,C1,intermediate|advanced,intermediate|advanced,cambridge_22_25_intermediate_advanced,4,20,random,,,,,,,,,,,,,,,,,,,2026-08-09T15:58:12.658Z,C99S394L,2026-08-09,2026-08-09,12:58:12,2026-08-09 12:58:12,,,,,,,,69eb8f1f108d9b87368ef89d,69eb8f1f108d9b87368ef89d,,,,
49083,raw_position_sample,2,3,adv,20,2,17,18,-1,999,934,610,1559471,69eb8f1f108d9b87368ef89d,69eb8f1f108d9b87368ef89d,advanced,2,69eb8f1f108d9b87368ef89d,69eb8f1f108d9b87368ef89d,spotlight_PROLIFIC,,42,brazil,Portuguese,"portuguese, english, spanish ",spanish,Portuguese:50|English:40|spanish:10,100,Portuguese:40|English:50|spanish:10,100,Portuguese:75|English:20|spanish:5,100,17,4,Bachelor's,10,10,10,6,7,9,4,20,7,17,Duolingo,150,,,,,22,25,C1,intermediate|advanced,intermediate|advanced,cambridge_22_25_intermediate_advanced,4,20,random,,,,,,,,,,,,,,,,,,,2026-08-09T15:58:12.658Z,C99S394L,2026-08-09,2026-08-09,12:58:12,2026-08-09 12:58:12,,,,,,,,69eb8f1f108d9b87368ef89d,69eb8f1f108d9b87368ef89d,,,,
49134,raw_position_sample,2,3,adv,20,2,17,18,-1,999,934,610,1559522,69eb8f1f108d9b87368ef89d,69eb8f1f108d9b87368ef89d,advanced,2,69eb8f1f108d9b87368ef89d,69eb8f1f108d9b87368ef89d,spotlight_PROLIFIC,,42,brazil,Portuguese,"portuguese, english, spanish ",spanish,Portuguese:50|English:40|spanish:10,100,Portuguese:40|English:50|spanish:10,100,Portuguese:75|English:20|spanish:5,100,17,4,Bachelor's,10,10,10,6,7,9,4,20,7,17,Duolingo,150,,,,,22,25,C1,intermediate|advanced,intermediate|advanced,cambridge_22_25_intermediate_advanced,4,20,random,,,,,,,,,,,,,,,,,,,2026-08-09T15:58:12.658Z,C99S394L,2026-08-09,2026-08-09,12:58:12,2026-08-09 12:58:12,,,,,,,,69eb8f1f108d9b87368ef89d,69eb8f1f108d9b87368ef89d,,,,
49186,raw_position_sample,2,3,adv,20,2,17,18,-1,999,934,610,1559575,69eb8f1f108d9b87368ef89d,69eb8f1f108d9b87368ef89d,advanced,2,69eb8f1f108d9b87368ef89d,69eb8f1f108d9b87368ef89d,spotlight_PROLIFIC,,42,brazil,Portuguese,"portuguese, english, spanish ",spanish,Portuguese:50|English:40|spanish:10,100,Portuguese:40|English:50|spanish:10,100,Portuguese:75|English:20|spanish:5,100,17,4,Bachelor's,10,10,10,6,7,9,4,20,7,17,Duolingo,150,,,,,22,25,C1,intermediate|advanced,intermediate|advanced,cambridge_22_25_intermediate_advanced,4,20,random,,,,,,,,,,,,,,,,,,,2026-08-09T15:58:12.658Z,C99S394L,2026-08-09,2026-08-09,12:58:12,2026-08-09 12:58:12,,,,,,,,69eb8f1f108d9b87368ef89d,69eb8f1f108d9b87368ef89d,,,,
49236,raw_position_sample,2,3,adv,20,2,17,18,-1,999,934,610,1559625,69eb8f1f108d9b87368ef89d,69eb8f1f108d9b87368ef89d,advanced,2,69eb8f1f108d9b87368ef89d,69eb8f1f108d9b87368ef89d,spotlight_PROLIFIC,,42,brazil,Portuguese,"portuguese, english, spanish ",spanish,Portuguese:50|English:40|spanish:10,100,Portuguese:40|English:50|spanish:10,100,Portuguese:75|English:20|spanish:5,100,17,4,Bachelor's,10,10,10,6,7,9,4,20,7,17,Duolingo,150,,,,,22,25,C1,intermediate|advanced,intermediate|advanced,cambridge_22_25_intermediate_advanced,4,20,random,,,,,,,,,,,,,,,,,,,2026-08-09T15:58:12.658Z,C99S394L,2026-08-09,2026-08-09,12:58:12,2026-08-09 12:58:12,,,,,,,,69eb8f1f108d9b87368ef89d,69eb8f1f108d9b87368ef89d,,,,
49287,raw_position_sample,2,3,adv,20,2,17,18,-1,999,934,610,1559675,69eb8f1f108d9b87368ef89d,69eb8f1f108d9b87368ef89d,advanced,2,69eb8f1f108d9b87368ef89d,69eb8f1f108d9b87368ef89d,spotlight_PROLIFIC,,42,brazil,Portuguese,"portuguese, english, spanish ",spanish,Portuguese:50|English:40|spanish:10,100,Portuguese:40|English:50|spanish:10,100,Portuguese:75|English:20|spanish:5,100,17,4,Bachelor's,10,10,10,6,7,9,4,20,7,17,Duolingo,150,,,,,22,25,C1,intermediate|advanced,intermediate|advanced,cambridge_22_25_intermediate_advanced,4,20,random,,,,,,,,,,,,,,,,,,,2026-08-09T15:58:12.658Z,C99S394L,2026-08-09,2026-08-09,12:58:12,2026-08-09 12:58:12,,,,,,,,69eb8f1f108d9b87368ef89d,69eb8f1f108d9b87368ef89d,,,,
49337,raw_position_sample,2,3,adv,20,2,17,18,-1,999,934,610,1559725,69eb8f1f108d9b87368ef89d,69eb8f1f108d9b87368ef89d,advanced,2,69eb8f1f108d9b87368ef89d,69eb8f1f108d9b87368ef89d,spotlight_PROLIFIC,,42,brazil,Portuguese,"portuguese, english, spanish ",spanish,Portuguese:50|English:40|spanish:10,100,Portuguese:40|English:50|spanish:10,100,Portuguese:75|English:20|spanish:5,100,17,4,Bachelor's,10,10,10,6,7,9,4,20,7,17,Duolingo,150,,,,,22,25,C1,intermediate|advanced,intermediate|advanced,cambridge_22_25_intermediate_advanced,4,20,random,,,,,,,,,,,,,,,,,,,2026-08-09T15:58:12.658Z,C99S394L,2026-08-09,2026-08-09,12:58:12,2026-08-09 12:58:12,,,,,,,,69eb8f1f108d9b87368ef89d,69eb8f1f108d9b87368ef89d,,,,
49387,raw_position_sample,2,3,adv,20,2,17,18,-1,999,934,610,1559776,69eb8f1f108d9b87368ef89d,69eb8f1f108d9b87368ef89d,advanced,2,69eb8f1f108d9b87368ef89d,69eb8f1f108d9b87368ef89d,spotlight_PROLIFIC,,42,brazil,Portuguese,"portuguese, english, spanish ",spanish,Portuguese:50|English:40|spanish:10,100,Portuguese:40|English:50|spanish:10,100,Portuguese:75|English:20|spanish:5,100,17,4,Bachelor's,10,10,10,6,7,9,4,20,7,17,Duolingo,150,,,,,22,25,C1,intermediate|advanced,intermediate|advanced,cambridge_22_25_intermediate_advanced,4,20,random,,,,,,,,,,,,,,,,,,,2026-08-09T15:58:12.658Z,C99S394L,2026-08-09,2026-08-09,12:58:12,2026-08-09 12:58:12,,,,,,,,69eb8f1f108d9b87368ef89d,69eb8f1f108d9b87368ef89d,,,,
49438,raw_position_sample,2,3,adv,20,2,17,18,-1,999,934,610,1559826,69eb8f1f108d9b87368ef89d,69eb8f1f108d9b87368ef89d,advanced,2,69eb8f1f108d9b87368ef89d,69eb8f1f108d9b87368ef89d,spotlight_PROLIFIC,,42,brazil,Portuguese,"portuguese, english, spanish ",spanish,Portuguese:50|English:40|spanish:10,100,Portuguese:40|English:50|spanish:10,100,Portuguese:75|English:20|spanish:5,100,17,4,Bachelor's,10,10,10,6,7,9,4,20,7,17,Duolingo,150,,,,,22,25,C1,intermediate|advanced,intermediate|advanced,cambridge_22_25_intermediate_advanced,4,20,random,,,,,,,,,,,,,,,,,,,2026-08-09T15:58:12.658Z,C99S394L,2026-08-09,2026-08-09,12:58:12,2026-08-09 12:58:12,,,,,,,,69eb8f1f108d9b87368ef89d,69eb8f1f108d9b87368ef89d,,,,
78256,,,,adv,20,2,17,,,,,,,69eb8f1f108d9b87368ef89d,69eb8f1f108d9b87368ef89d,,,69eb8f1f108d9b87368ef89d,69eb8f1f108d9b87368ef89d,spotlight_PROLIFIC,,42,brazil,Portuguese,"portuguese, english, spanish ",spanish,Portuguese:50|English:40|spanish:10,100,Portuguese:40|English:50|spanish:10,100,Portuguese:75|English:20|spanish:5,100,17,4,Bachelor's,10,10,10,6,7,9,4,20,7,17,Duolingo,150,,,,,22,25,C1,intermediate|advanced,intermediate|advanced,cambridge_22_25_intermediate_advanced,4,20,random,,,,,,,,,,,,,,That authors and musicians work in poverty for years,0,,,,2026-08-09T15:58:12.658Z,C99S394L,2026-08-09,2026-08-09,12:58:12,2026-08-09 12:58:12,,,,,,,,69eb8f1f108d9b87368ef89d,69eb8f1f108d9b87368ef89d,,,,
