responseTime,recordType,Experiment,Condition,onestop_level,onestop_article_number,onestop_paragraph_number,ItemId,presentation_order,Index,Word,mousePositionX,mousePositionY,sampleTimeMs,SubjectId,SubjectID,onestop_block_level,onestop_paragraph_index,ProlificId,ProlificID,study_key,source,demo_age,demo_country,demo_native_language,demo_other_languages,demo_other_languages_parsed,demo_exposure_pcts,demo_exposure_total_pct,demo_read_pcts,demo_read_total_pct,demo_speak_pcts,demo_speak_total_pct,demo_formal_education_years,demo_years_current_institution,demo_highest_education,demo_native_speaking,demo_native_understanding,demo_native_reading,demo_english_speaking,demo_english_understanding,demo_english_reading,demo_english_acquire_start_age,demo_english_fluent_age,demo_english_read_start_age,demo_english_read_fluent_age,demo_other_english_test,demo_other_english_test_score,cambridge_item,cambridge_selected,cambridge_correct_answer,cambridge_item_correct,cambridge_score,cambridge_max,cambridge_cefr,onestop_level_pair,onestop_level_block_order,onestop_level_assignment_rule,onestop_reading_article_count,onestop_reading_trial_count,onestop_article_selection_mode,onestop_manual_article_numbers,wordPositionTop,wordPositionLeft,wordPositionBottom,wordPositionRight,line_number,position_in_line,revealMode,clickDurationMs,hoverDurationMs,relativeXInWord,relativeYInWord,totalWordsInItem,response,response_correct,prolific_pid,prolific_study_id,prolific_session_id,experiment_start_time,ParticipantId,experiment_start_date,experiment_date,experiment_start_clock_time,experiment_start_time_local,experiment_end_time,experiment_duration,glb_ProlificId,glb_ProlificID,glb_SubjectId,glb_SubjectID,glb_study_key,SONAId,SonaId,experiment_end_date,experiment_end_clock_time,experiment_end_time_local,experiment_duration_ms
316,raw_position_sample,2,2,int,18,3,17,18,-1,999,139,67,4358502,697a707b5bc42b2987347880,697a707b5bc42b2987347880,intermediate,3,697a707b5bc42b2987347880,697a707b5bc42b2987347880,spotlight_PROLIFIC,,30,Brasil,Português Brasil ,"Português Brasil, inglês ",inglês,Português Brasil:80|English:10|inglês:10,100,Português Brasil:80|English:10|inglês:10,100,Português Brasil:100|English:0|inglês:0,100,17,5,Bachelor's,10,10,10,5,6,8,12,28,28,28,Duolingo,90,,,,,16,25,B1,elementary|intermediate,elementary|intermediate,cambridge_15_21_random_elementary_intermediate,4,19,random,,,,,,,,,,,,,,,,,,,2026-07-06T21:59:09.647Z,QGFAEPFN,2026-07-06,2026-07-06,18:59:09,2026-07-06 18:59:09,,,,,,,,697a707b5bc42b2987347880,697a707b5bc42b2987347880,,,,
344,raw_position_sample,2,2,int,18,3,17,18,-1,999,139,67,4358530.5,697a707b5bc42b2987347880,697a707b5bc42b2987347880,intermediate,3,697a707b5bc42b2987347880,697a707b5bc42b2987347880,spotlight_PROLIFIC,,30,Brasil,Português Brasil ,"Português Brasil, inglês ",inglês,Português Brasil:80|English:10|inglês:10,100,Português Brasil:80|English:10|inglês:10,100,Português Brasil:100|English:0|inglês:0,100,17,5,Bachelor's,10,10,10,5,6,8,12,28,28,28,Duolingo,90,,,,,16,25,B1,elementary|intermediate,elementary|intermediate,cambridge_15_21_random_elementary_intermediate,4,19,random,,,,,,,,,,,,,,,,,,,2026-07-06T21:59:09.647Z,QGFAEPFN,2026-07-06,2026-07-06,18:59:09,2026-07-06 18:59:09,,,,,,,,697a707b5bc42b2987347880,697a707b5bc42b2987347880,,,,
396,raw_position_sample,2,2,int,18,3,17,18,-1,999,139,67,4358581.8999999985,697a707b5bc42b2987347880,697a707b5bc42b2987347880,intermediate,3,697a707b5bc42b2987347880,697a707b5bc42b2987347880,spotlight_PROLIFIC,,30,Brasil,Português Brasil ,"Português Brasil, inglês ",inglês,Português Brasil:80|English:10|inglês:10,100,Português Brasil:80|English:10|inglês:10,100,Português Brasil:100|English:0|inglês:0,100,17,5,Bachelor's,10,10,10,5,6,8,12,28,28,28,Duolingo,90,,,,,16,25,B1,elementary|intermediate,elementary|intermediate,cambridge_15_21_random_elementary_intermediate,4,19,random,,,,,,,,,,,,,,,,,,,2026-07-06T21:59:09.647Z,QGFAEPFN,2026-07-06,2026-07-06,18:59:09,2026-07-06 18:59:09,,,,,,,,697a707b5bc42b2987347880,697a707b5bc42b2987347880,,,,
445,raw_position_sample,2,2,int,18,3,17,18,-1,999,139,67,4358631.099999998,697a707b5bc42b2987347880,697a707b5bc42b2987347880,intermediate,3,697a707b5bc42b2987347880,697a707b5bc42b2987347880,spotlight_PROLIFIC,,30,Brasil,Português Brasil ,"Português Brasil, inglês ",inglês,Português Brasil:80|English:10|inglês:10,100,Português Brasil:80|English:10|inglês:10,100,Português Brasil:100|English:0|inglês:0,100,17,5,Bachelor's,10,10,10,5,6,8,12,28,28,28,Duolingo,90,,,,,16,25,B1,elementary|intermediate,elementary|intermediate,cambridge_15_21_random_elementary_intermediate,4,19,random,,,,,,,,,,,,,,,,,,,2026-07-06T21:59:09.647Z,QGFAEPFN,2026-07-06,2026-07-06,18:59:09,2026-07-06 18:59:09,,,,,,,,697a707b5bc42b2987347880,697a707b5bc42b2987347880,,,,
497,raw_position_sample,2,2,int,18,3,17,18,-1,999,139,67,4358683.599999998,697a707b5bc42b2987347880,697a707b5bc42b2987347880,intermediate,3,697a707b5bc42b2987347880,697a707b5bc42b2987347880,spotlight_PROLIFIC,,30,Brasil,Português Brasil ,"Português Brasil, inglês ",inglês,Português Brasil:80|English:10|inglês:10,100,Português Brasil:80|English:10|inglês:10,100,Português Brasil:100|English:0|inglês:0,100,17,5,Bachelor's,10,10,10,5,6,8,12,28,28,28,Duolingo,90,,,,,16,25,B1,elementary|intermediate,elementary|intermediate,cambridge_15_21_random_elementary_intermediate,4,19,random,,,,,,,,,,,,,,,,,,,2026-07-06T21:59:09.647Z,QGFAEPFN,2026-07-06,2026-07-06,18:59:09,2026-07-06 18:59:09,,,,,,,,697a707b5bc42b2987347880,697a707b5bc42b2987347880,,,,
545,raw_position_sample,2,2,int,18,3,17,18,-1,999,139,67,4358731.5,697a707b5bc42b2987347880,697a707b5bc42b2987347880,intermediate,3,697a707b5bc42b2987347880,697a707b5bc42b2987347880,spotlight_PROLIFIC,,30,Brasil,Português Brasil ,"Português Brasil, inglês ",inglês,Português Brasil:80|English:10|inglês:10,100,Português Brasil:80|English:10|inglês:10,100,Português Brasil:100|English:0|inglês:0,100,17,5,Bachelor's,10,10,10,5,6,8,12,28,28,28,Duolingo,90,,,,,16,25,B1,elementary|intermediate,elementary|intermediate,cambridge_15_21_random_elementary_intermediate,4,19,random,,,,,,,,,,,,,,,,,,,2026-07-06T21:59:09.647Z,QGFAEPFN,2026-07-06,2026-07-06,18:59:09,2026-07-06 18:59:09,,,,,,,,697a707b5bc42b2987347880,697a707b5bc42b2987347880,,,,
595,raw_position_sample,2,2,int,18,3,17,18,-1,999,139,67,4358781.299999997,697a707b5bc42b2987347880,697a707b5bc42b2987347880,intermediate,3,697a707b5bc42b2987347880,697a707b5bc42b2987347880,spotlight_PROLIFIC,,30,Brasil,Português Brasil ,"Português Brasil, inglês ",inglês,Português Brasil:80|English:10|inglês:10,100,Português Brasil:80|English:10|inglês:10,100,Português Brasil:100|English:0|inglês:0,100,17,5,Bachelor's,10,10,10,5,6,8,12,28,28,28,Duolingo,90,,,,,16,25,B1,elementary|intermediate,elementary|intermediate,cambridge_15_21_random_elementary_intermediate,4,19,random,,,,,,,,,,,,,,,,,,,2026-07-06T21:59:09.647Z,QGFAEPFN,2026-07-06,2026-07-06,18:59:09,2026-07-06 18:59:09,,,,,,,,697a707b5bc42b2987347880,697a707b5bc42b2987347880,,,,
647,raw_position_sample,2,2,int,18,3,17,18,-1,999,140,67,4358833.5,697a707b5bc42b2987347880,697a707b5bc42b2987347880,intermediate,3,697a707b5bc42b2987347880,697a707b5bc42b2987347880,spotlight_PROLIFIC,,30,Brasil,Português Brasil ,"Português Brasil, inglês ",inglês,Português Brasil:80|English:10|inglês:10,100,Português Brasil:80|English:10|inglês:10,100,Português Brasil:100|English:0|inglês:0,100,17,5,Bachelor's,10,10,10,5,6,8,12,28,28,28,Duolingo,90,,,,,16,25,B1,elementary|intermediate,elementary|intermediate,cambridge_15_21_random_elementary_intermediate,4,19,random,,,,,,,,,,,,,,,,,,,2026-07-06T21:59:09.647Z,QGFAEPFN,2026-07-06,2026-07-06,18:59:09,2026-07-06 18:59:09,,,,,,,,697a707b5bc42b2987347880,697a707b5bc42b2987347880,,,,
694,raw_position_sample,2,2,int,18,3,17,18,-1,999,140,70,4358880.699999999,697a707b5bc42b2987347880,697a707b5bc42b2987347880,intermediate,3,697a707b5bc42b2987347880,697a707b5bc42b2987347880,spotlight_PROLIFIC,,30,Brasil,Português Brasil ,"Português Brasil, inglês ",inglês,Português Brasil:80|English:10|inglês:10,100,Português Brasil:80|English:10|inglês:10,100,Português Brasil:100|English:0|inglês:0,100,17,5,Bachelor's,10,10,10,5,6,8,12,28,28,28,Duolingo,90,,,,,16,25,B1,elementary|intermediate,elementary|intermediate,cambridge_15_21_random_elementary_intermediate,4,19,random,,,,,,,,,,,,,,,,,,,2026-07-06T21:59:09.647Z,QGFAEPFN,2026-07-06,2026-07-06,18:59:09,2026-07-06 18:59:09,,,,,,,,697a707b5bc42b2987347880,697a707b5bc42b2987347880,,,,
744,raw_position_sample,2,2,int,18,3,17,18,-1,999,140,70,4358930.599999998,697a707b5bc42b2987347880,697a707b5bc42b2987347880,intermediate,3,697a707b5bc42b2987347880,697a707b5bc42b2987347880,spotlight_PROLIFIC,,30,Brasil,Português Brasil ,"Português Brasil, inglês ",inglês,Português Brasil:80|English:10|inglês:10,100,Português Brasil:80|English:10|inglês:10,100,Português Brasil:100|English:0|inglês:0,100,17,5,Bachelor's,10,10,10,5,6,8,12,28,28,28,Duolingo,90,,,,,16,25,B1,elementary|intermediate,elementary|intermediate,cambridge_15_21_random_elementary_intermediate,4,19,random,,,,,,,,,,,,,,,,,,,2026-07-06T21:59:09.647Z,QGFAEPFN,2026-07-06,2026-07-06,18:59:09,2026-07-06 18:59:09,,,,,,,,697a707b5bc42b2987347880,697a707b5bc42b2987347880,,,,
795,raw_position_sample,2,2,int,18,3,17,18,-1,999,140,70,4358981,697a707b5bc42b2987347880,697a707b5bc42b2987347880,intermediate,3,697a707b5bc42b2987347880,697a707b5bc42b2987347880,spotlight_PROLIFIC,,30,Brasil,Português Brasil ,"Português Brasil, inglês ",inglês,Português Brasil:80|English:10|inglês:10,100,Português Brasil:80|English:10|inglês:10,100,Português Brasil:100|English:0|inglês:0,100,17,5,Bachelor's,10,10,10,5,6,8,12,28,28,28,Duolingo,90,,,,,16,25,B1,elementary|intermediate,elementary|intermediate,cambridge_15_21_random_elementary_intermediate,4,19,random,,,,,,,,,,,,,,,,,,,2026-07-06T21:59:09.647Z,QGFAEPFN,2026-07-06,2026-07-06,18:59:09,2026-07-06 18:59:09,,,,,,,,697a707b5bc42b2987347880,697a707b5bc42b2987347880,,,,
845,raw_position_sample,2,2,int,18,3,17,18,-1,999,140,70,4359031.099999998,697a707b5bc42b2987347880,697a707b5bc42b2987347880,intermediate,3,697a707b5bc42b2987347880,697a707b5bc42b2987347880,spotlight_PROLIFIC,,30,Brasil,Português Brasil ,"Português Brasil, inglês ",inglês,Português Brasil:80|English:10|inglês:10,100,Português Brasil:80|English:10|inglês:10,100,Português Brasil:100|English:0|inglês:0,100,17,5,Bachelor's,10,10,10,5,6,8,12,28,28,28,Duolingo,90,,,,,16,25,B1,elementary|intermediate,elementary|intermediate,cambridge_15_21_random_elementary_intermediate,4,19,random,,,,,,,,,,,,,,,,,,,2026-07-06T21:59:09.647Z,QGFAEPFN,2026-07-06,2026-07-06,18:59:09,2026-07-06 18:59:09,,,,,,,,697a707b5bc42b2987347880,697a707b5bc42b2987347880,,,,
897,raw_position_sample,2,2,int,18,3,17,18,-1,999,140,70,4359082.8999999985,697a707b5bc42b2987347880,697a707b5bc42b2987347880,intermediate,3,697a707b5bc42b2987347880,697a707b5bc42b2987347880,spotlight_PROLIFIC,,30,Brasil,Português Brasil ,"Português Brasil, inglês ",inglês,Português Brasil:80|English:10|inglês:10,100,Português Brasil:80|English:10|inglês:10,100,Português Brasil:100|English:0|inglês:0,100,17,5,Bachelor's,10,10,10,5,6,8,12,28,28,28,Duolingo,90,,,,,16,25,B1,elementary|intermediate,elementary|intermediate,cambridge_15_21_random_elementary_intermediate,4,19,random,,,,,,,,,,,,,,,,,,,2026-07-06T21:59:09.647Z,QGFAEPFN,2026-07-06,2026-07-06,18:59:09,2026-07-06 18:59:09,,,,,,,,697a707b5bc42b2987347880,697a707b5bc42b2987347880,,,,
945,raw_position_sample,2,2,int,18,3,17,18,-1,999,140,70,4359131.099999998,697a707b5bc42b2987347880,697a707b5bc42b2987347880,intermediate,3,697a707b5bc42b2987347880,697a707b5bc42b2987347880,spotlight_PROLIFIC,,30,Brasil,Português Brasil ,"Português Brasil, inglês ",inglês,Português Brasil:80|English:10|inglês:10,100,Português Brasil:80|English:10|inglês:10,100,Português Brasil:100|English:0|inglês:0,100,17,5,Bachelor's,10,10,10,5,6,8,12,28,28,28,Duolingo,90,,,,,16,25,B1,elementary|intermediate,elementary|intermediate,cambridge_15_21_random_elementary_intermediate,4,19,random,,,,,,,,,,,,,,,,,,,2026-07-06T21:59:09.647Z,QGFAEPFN,2026-07-06,2026-07-06,18:59:09,2026-07-06 18:59:09,,,,,,,,697a707b5bc42b2987347880,697a707b5bc42b2987347880,,,,
995,raw_position_sample,2,2,int,18,3,17,18,-1,999,140,70,4359181.299999997,697a707b5bc42b2987347880,697a707b5bc42b2987347880,intermediate,3,697a707b5bc42b2987347880,697a707b5bc42b2987347880,spotlight_PROLIFIC,,30,Brasil,Português Brasil ,"Português Brasil, inglês ",inglês,Português Brasil:80|English:10|inglês:10,100,Português Brasil:80|English:10|inglês:10,100,Português Brasil:100|English:0|inglês:0,100,17,5,Bachelor's,10,10,10,5,6,8,12,28,28,28,Duolingo,90,,,,,16,25,B1,elementary|intermediate,elementary|intermediate,cambridge_15_21_random_elementary_intermediate,4,19,random,,,,,,,,,,,,,,,,,,,2026-07-06T21:59:09.647Z,QGFAEPFN,2026-07-06,2026-07-06,18:59:09,2026-07-06 18:59:09,,,,,,,,697a707b5bc42b2987347880,697a707b5bc42b2987347880,,,,
1045,raw_position_sample,2,2,int,18,3,17,18,-1,999,140,70,4359230.8999999985,697a707b5bc42b2987347880,697a707b5bc42b2987347880,intermediate,3,697a707b5bc42b2987347880,697a707b5bc42b2987347880,spotlight_PROLIFIC,,30,Brasil,Português Brasil ,"Português Brasil, inglês ",inglês,Português Brasil:80|English:10|inglês:10,100,Português Brasil:80|English:10|inglês:10,100,Português Brasil:100|English:0|inglês:0,100,17,5,Bachelor's,10,10,10,5,6,8,12,28,28,28,Duolingo,90,,,,,16,25,B1,elementary|intermediate,elementary|intermediate,cambridge_15_21_random_elementary_intermediate,4,19,random,,,,,,,,,,,,,,,,,,,2026-07-06T21:59:09.647Z,QGFAEPFN,2026-07-06,2026-07-06,18:59:09,2026-07-06 18:59:09,,,,,,,,697a707b5bc42b2987347880,697a707b5bc42b2987347880,,,,
1095,raw_position_sample,2,2,int,18,3,17,18,-1,999,140,70,4359281.299999997,697a707b5bc42b2987347880,697a707b5bc42b2987347880,intermediate,3,697a707b5bc42b2987347880,697a707b5bc42b2987347880,spotlight_PROLIFIC,,30,Brasil,Português Brasil ,"Português Brasil, inglês ",inglês,Português Brasil:80|English:10|inglês:10,100,Português Brasil:80|English:10|inglês:10,100,Português Brasil:100|English:0|inglês:0,100,17,5,Bachelor's,10,10,10,5,6,8,12,28,28,28,Duolingo,90,,,,,16,25,B1,elementary|intermediate,elementary|intermediate,cambridge_15_21_random_elementary_intermediate,4,19,random,,,,,,,,,,,,,,,,,,,2026-07-06T21:59:09.647Z,QGFAEPFN,2026-07-06,2026-07-06,18:59:09,2026-07-06 18:59:09,,,,,,,,697a707b5bc42b2987347880,697a707b5bc42b2987347880,,,,
1147,raw_position_sample,2,2,int,18,3,17,18,-1,999,140,70,4359333.099999998,697a707b5bc42b2987347880,697a707b5bc42b2987347880,intermediate,3,697a707b5bc42b2987347880,697a707b5bc42b2987347880,spotlight_PROLIFIC,,30,Brasil,Português Brasil ,"Português Brasil, inglês ",inglês,Português Brasil:80|English:10|inglês:10,100,Português Brasil:80|English:10|inglês:10,100,Português Brasil:100|English:0|inglês:0,100,17,5,Bachelor's,10,10,10,5,6,8,12,28,28,28,Duolingo,90,,,,,16,25,B1,elementary|intermediate,elementary|intermediate,cambridge_15_21_random_elementary_intermediate,4,19,random,,,,,,,,,,,,,,,,,,,2026-07-06T21:59:09.647Z,QGFAEPFN,2026-07-06,2026-07-06,18:59:09,2026-07-06 18:59:09,,,,,,,,697a707b5bc42b2987347880,697a707b5bc42b2987347880,,,,
1197,raw_position_sample,2,2,int,18,3,17,18,-1,999,140,70,4359382.8999999985,697a707b5bc42b2987347880,697a707b5bc42b2987347880,intermediate,3,697a707b5bc42b2987347880,697a707b5bc42b2987347880,spotlight_PROLIFIC,,30,Brasil,Português Brasil ,"Português Brasil, inglês ",inglês,Português Brasil:80|English:10|inglês:10,100,Português Brasil:80|English:10|inglês:10,100,Português Brasil:100|English:0|inglês:0,100,17,5,Bachelor's,10,10,10,5,6,8,12,28,28,28,Duolingo,90,,,,,16,25,B1,elementary|intermediate,elementary|intermediate,cambridge_15_21_random_elementary_intermediate,4,19,random,,,,,,,,,,,,,,,,,,,2026-07-06T21:59:09.647Z,QGFAEPFN,2026-07-06,2026-07-06,18:59:09,2026-07-06 18:59:09,,,,,,,,697a707b5bc42b2987347880,697a707b5bc42b2987347880,,,,
1247,raw_position_sample,2,2,int,18,3,17,18,-1,999,140,70,4359433.099999998,697a707b5bc42b2987347880,697a707b5bc42b2987347880,intermediate,3,697a707b5bc42b2987347880,697a707b5bc42b2987347880,spotlight_PROLIFIC,,30,Brasil,Português Brasil ,"Português Brasil, inglês ",inglês,Português Brasil:80|English:10|inglês:10,100,Português Brasil:80|English:10|inglês:10,100,Português Brasil:100|English:0|inglês:0,100,17,5,Bachelor's,10,10,10,5,6,8,12,28,28,28,Duolingo,90,,,,,16,25,B1,elementary|intermediate,elementary|intermediate,cambridge_15_21_random_elementary_intermediate,4,19,random,,,,,,,,,,,,,,,,,,,2026-07-06T21:59:09.647Z,QGFAEPFN,2026-07-06,2026-07-06,18:59:09,2026-07-06 18:59:09,,,,,,,,697a707b5bc42b2987347880,697a707b5bc42b2987347880,,,,
1297,raw_position_sample,2,2,int,18,3,17,18,-1,999,140,70,4359483,697a707b5bc42b2987347880,697a707b5bc42b2987347880,intermediate,3,697a707b5bc42b2987347880,697a707b5bc42b2987347880,spotlight_PROLIFIC,,30,Brasil,Português Brasil ,"Português Brasil, inglês ",inglês,Português Brasil:80|English:10|inglês:10,100,Português Brasil:80|English:10|inglês:10,100,Português Brasil:100|English:0|inglês:0,100,17,5,Bachelor's,10,10,10,5,6,8,12,28,28,28,Duolingo,90,,,,,16,25,B1,elementary|intermediate,elementary|intermediate,cambridge_15_21_random_elementary_intermediate,4,19,random,,,,,,,,,,,,,,,,,,,2026-07-06T21:59:09.647Z,QGFAEPFN,2026-07-06,2026-07-06,18:59:09,2026-07-06 18:59:09,,,,,,,,697a707b5bc42b2987347880,697a707b5bc42b2987347880,,,,
1347,raw_position_sample,2,2,int,18,3,17,18,-1,999,140,70,4359532.799999997,697a707b5bc42b2987347880,697a707b5bc42b2987347880,intermediate,3,697a707b5bc42b2987347880,697a707b5bc42b2987347880,spotlight_PROLIFIC,,30,Brasil,Português Brasil ,"Português Brasil, inglês ",inglês,Português Brasil:80|English:10|inglês:10,100,Português Brasil:80|English:10|inglês:10,100,Português Brasil:100|English:0|inglês:0,100,17,5,Bachelor's,10,10,10,5,6,8,12,28,28,28,Duolingo,90,,,,,16,25,B1,elementary|intermediate,elementary|intermediate,cambridge_15_21_random_elementary_intermediate,4,19,random,,,,,,,,,,,,,,,,,,,2026-07-06T21:59:09.647Z,QGFAEPFN,2026-07-06,2026-07-06,18:59:09,2026-07-06 18:59:09,,,,,,,,697a707b5bc42b2987347880,697a707b5bc42b2987347880,,,,
1397,raw_position_sample,2,2,int,18,3,17,18,-1,999,140,70,4359583.5,697a707b5bc42b2987347880,697a707b5bc42b2987347880,intermediate,3,697a707b5bc42b2987347880,697a707b5bc42b2987347880,spotlight_PROLIFIC,,30,Brasil,Português Brasil ,"Português Brasil, inglês ",inglês,Português Brasil:80|English:10|inglês:10,100,Português Brasil:80|English:10|inglês:10,100,Português Brasil:100|English:0|inglês:0,100,17,5,Bachelor's,10,10,10,5,6,8,12,28,28,28,Duolingo,90,,,,,16,25,B1,elementary|intermediate,elementary|intermediate,cambridge_15_21_random_elementary_intermediate,4,19,random,,,,,,,,,,,,,,,,,,,2026-07-06T21:59:09.647Z,QGFAEPFN,2026-07-06,2026-07-06,18:59:09,2026-07-06 18:59:09,,,,,,,,697a707b5bc42b2987347880,697a707b5bc42b2987347880,,,,
1445,raw_position_sample,2,2,int,18,3,17,18,-1,999,140,70,4359631.299999997,697a707b5bc42b2987347880,697a707b5bc42b2987347880,intermediate,3,697a707b5bc42b2987347880,697a707b5bc42b2987347880,spotlight_PROLIFIC,,30,Brasil,Português Brasil ,"Português Brasil, inglês ",inglês,Português Brasil:80|English:10|inglês:10,100,Português Brasil:80|English:10|inglês:10,100,Português Brasil:100|English:0|inglês:0,100,17,5,Bachelor's,10,10,10,5,6,8,12,28,28,28,Duolingo,90,,,,,16,25,B1,elementary|intermediate,elementary|intermediate,cambridge_15_21_random_elementary_intermediate,4,19,random,,,,,,,,,,,,,,,,,,,2026-07-06T21:59:09.647Z,QGFAEPFN,2026-07-06,2026-07-06,18:59:09,2026-07-06 18:59:09,,,,,,,,697a707b5bc42b2987347880,697a707b5bc42b2987347880,,,,
1497,raw_position_sample,2,2,int,18,3,17,18,-1,999,140,70,4359682.8999999985,697a707b5bc42b2987347880,697a707b5bc42b2987347880,intermediate,3,697a707b5bc42b2987347880,697a707b5bc42b2987347880,spotlight_PROLIFIC,,30,Brasil,Português Brasil ,"Português Brasil, inglês ",inglês,Português Brasil:80|English:10|inglês:10,100,Português Brasil:80|English:10|inglês:10,100,Português Brasil:100|English:0|inglês:0,100,17,5,Bachelor's,10,10,10,5,6,8,12,28,28,28,Duolingo,90,,,,,16,25,B1,elementary|intermediate,elementary|intermediate,cambridge_15_21_random_elementary_intermediate,4,19,random,,,,,,,,,,,,,,,,,,,2026-07-06T21:59:09.647Z,QGFAEPFN,2026-07-06,2026-07-06,18:59:09,2026-07-06 18:59:09,,,,,,,,697a707b5bc42b2987347880,697a707b5bc42b2987347880,,,,
1545,raw_position_sample,2,2,int,18,3,17,18,-1,999,140,70,4359731.099999998,697a707b5bc42b2987347880,697a707b5bc42b2987347880,intermediate,3,697a707b5bc42b2987347880,697a707b5bc42b2987347880,spotlight_PROLIFIC,,30,Brasil,Português Brasil ,"Português Brasil, inglês ",inglês,Português Brasil:80|English:10|inglês:10,100,Português Brasil:80|English:10|inglês:10,100,Português Brasil:100|English:0|inglês:0,100,17,5,Bachelor's,10,10,10,5,6,8,12,28,28,28,Duolingo,90,,,,,16,25,B1,elementary|intermediate,elementary|intermediate,cambridge_15_21_random_elementary_intermediate,4,19,random,,,,,,,,,,,,,,,,,,,2026-07-06T21:59:09.647Z,QGFAEPFN,2026-07-06,2026-07-06,18:59:09,2026-07-06 18:59:09,,,,,,,,697a707b5bc42b2987347880,697a707b5bc42b2987347880,,,,
1597,raw_position_sample,2,2,int,18,3,17,18,-1,999,140,70,4359782.8999999985,697a707b5bc42b2987347880,697a707b5bc42b2987347880,intermediate,3,697a707b5bc42b2987347880,697a707b5bc42b2987347880,spotlight_PROLIFIC,,30,Brasil,Português Brasil ,"Português Brasil, inglês ",inglês,Português Brasil:80|English:10|inglês:10,100,Português Brasil:80|English:10|inglês:10,100,Português Brasil:100|English:0|inglês:0,100,17,5,Bachelor's,10,10,10,5,6,8,12,28,28,28,Duolingo,90,,,,,16,25,B1,elementary|intermediate,elementary|intermediate,cambridge_15_21_random_elementary_intermediate,4,19,random,,,,,,,,,,,,,,,,,,,2026-07-06T21:59:09.647Z,QGFAEPFN,2026-07-06,2026-07-06,18:59:09,2026-07-06 18:59:09,,,,,,,,697a707b5bc42b2987347880,697a707b5bc42b2987347880,,,,
1647,raw_position_sample,2,2,int,18,3,17,18,-1,999,140,70,4359833.099999998,697a707b5bc42b2987347880,697a707b5bc42b2987347880,intermediate,3,697a707b5bc42b2987347880,697a707b5bc42b2987347880,spotlight_PROLIFIC,,30,Brasil,Português Brasil ,"Português Brasil, inglês ",inglês,Português Brasil:80|English:10|inglês:10,100,Português Brasil:80|English:10|inglês:10,100,Português Brasil:100|English:0|inglês:0,100,17,5,Bachelor's,10,10,10,5,6,8,12,28,28,28,Duolingo,90,,,,,16,25,B1,elementary|intermediate,elementary|intermediate,cambridge_15_21_random_elementary_intermediate,4,19,random,,,,,,,,,,,,,,,,,,,2026-07-06T21:59:09.647Z,QGFAEPFN,2026-07-06,2026-07-06,18:59:09,2026-07-06 18:59:09,,,,,,,,697a707b5bc42b2987347880,697a707b5bc42b2987347880,,,,
1695,raw_position_sample,2,2,int,18,3,17,18,-1,999,140,70,4359881.299999997,697a707b5bc42b2987347880,697a707b5bc42b2987347880,intermediate,3,697a707b5bc42b2987347880,697a707b5bc42b2987347880,spotlight_PROLIFIC,,30,Brasil,Português Brasil ,"Português Brasil, inglês ",inglês,Português Brasil:80|English:10|inglês:10,100,Português Brasil:80|English:10|inglês:10,100,Português Brasil:100|English:0|inglês:0,100,17,5,Bachelor's,10,10,10,5,6,8,12,28,28,28,Duolingo,90,,,,,16,25,B1,elementary|intermediate,elementary|intermediate,cambridge_15_21_random_elementary_intermediate,4,19,random,,,,,,,,,,,,,,,,,,,2026-07-06T21:59:09.647Z,QGFAEPFN,2026-07-06,2026-07-06,18:59:09,2026-07-06 18:59:09,,,,,,,,697a707b5bc42b2987347880,697a707b5bc42b2987347880,,,,
1746,raw_position_sample,2,2,int,18,3,17,18,-1,999,140,70,4359932.099999998,697a707b5bc42b2987347880,697a707b5bc42b2987347880,intermediate,3,697a707b5bc42b2987347880,697a707b5bc42b2987347880,spotlight_PROLIFIC,,30,Brasil,Português Brasil ,"Português Brasil, inglês ",inglês,Português Brasil:80|English:10|inglês:10,100,Português Brasil:80|English:10|inglês:10,100,Português Brasil:100|English:0|inglês:0,100,17,5,Bachelor's,10,10,10,5,6,8,12,28,28,28,Duolingo,90,,,,,16,25,B1,elementary|intermediate,elementary|intermediate,cambridge_15_21_random_elementary_intermediate,4,19,random,,,,,,,,,,,,,,,,,,,2026-07-06T21:59:09.647Z,QGFAEPFN,2026-07-06,2026-07-06,18:59:09,2026-07-06 18:59:09,,,,,,,,697a707b5bc42b2987347880,697a707b5bc42b2987347880,,,,
1795,raw_position_sample,2,2,int,18,3,17,18,-1,999,140,70,4359981.299999997,697a707b5bc42b2987347880,697a707b5bc42b2987347880,intermediate,3,697a707b5bc42b2987347880,697a707b5bc42b2987347880,spotlight_PROLIFIC,,30,Brasil,Português Brasil ,"Português Brasil, inglês ",inglês,Português Brasil:80|English:10|inglês:10,100,Português Brasil:80|English:10|inglês:10,100,Português Brasil:100|English:0|inglês:0,100,17,5,Bachelor's,10,10,10,5,6,8,12,28,28,28,Duolingo,90,,,,,16,25,B1,elementary|intermediate,elementary|intermediate,cambridge_15_21_random_elementary_intermediate,4,19,random,,,,,,,,,,,,,,,,,,,2026-07-06T21:59:09.647Z,QGFAEPFN,2026-07-06,2026-07-06,18:59:09,2026-07-06 18:59:09,,,,,,,,697a707b5bc42b2987347880,697a707b5bc42b2987347880,,,,
1845,raw_position_sample,2,2,int,18,3,17,18,-1,999,140,70,4360030.8999999985,697a707b5bc42b2987347880,697a707b5bc42b2987347880,intermediate,3,697a707b5bc42b2987347880,697a707b5bc42b2987347880,spotlight_PROLIFIC,,30,Brasil,Português Brasil ,"Português Brasil, inglês ",inglês,Português Brasil:80|English:10|inglês:10,100,Português Brasil:80|English:10|inglês:10,100,Português Brasil:100|English:0|inglês:0,100,17,5,Bachelor's,10,10,10,5,6,8,12,28,28,28,Duolingo,90,,,,,16,25,B1,elementary|intermediate,elementary|intermediate,cambridge_15_21_random_elementary_intermediate,4,19,random,,,,,,,,,,,,,,,,,,,2026-07-06T21:59:09.647Z,QGFAEPFN,2026-07-06,2026-07-06,18:59:09,2026-07-06 18:59:09,,,,,,,,697a707b5bc42b2987347880,697a707b5bc42b2987347880,,,,
1896,raw_position_sample,2,2,int,18,3,17,18,-1,999,140,70,4360082.599999998,697a707b5bc42b2987347880,697a707b5bc42b2987347880,intermediate,3,697a707b5bc42b2987347880,697a707b5bc42b2987347880,spotlight_PROLIFIC,,30,Brasil,Português Brasil ,"Português Brasil, inglês ",inglês,Português Brasil:80|English:10|inglês:10,100,Português Brasil:80|English:10|inglês:10,100,Português Brasil:100|English:0|inglês:0,100,17,5,Bachelor's,10,10,10,5,6,8,12,28,28,28,Duolingo,90,,,,,16,25,B1,elementary|intermediate,elementary|intermediate,cambridge_15_21_random_elementary_intermediate,4,19,random,,,,,,,,,,,,,,,,,,,2026-07-06T21:59:09.647Z,QGFAEPFN,2026-07-06,2026-07-06,18:59:09,2026-07-06 18:59:09,,,,,,,,697a707b5bc42b2987347880,697a707b5bc42b2987347880,,,,
1945,raw_position_sample,2,2,int,18,3,17,18,-1,999,140,70,4360131,697a707b5bc42b2987347880,697a707b5bc42b2987347880,intermediate,3,697a707b5bc42b2987347880,697a707b5bc42b2987347880,spotlight_PROLIFIC,,30,Brasil,Português Brasil ,"Português Brasil, inglês ",inglês,Português Brasil:80|English:10|inglês:10,100,Português Brasil:80|English:10|inglês:10,100,Português Brasil:100|English:0|inglês:0,100,17,5,Bachelor's,10,10,10,5,6,8,12,28,28,28,Duolingo,90,,,,,16,25,B1,elementary|intermediate,elementary|intermediate,cambridge_15_21_random_elementary_intermediate,4,19,random,,,,,,,,,,,,,,,,,,,2026-07-06T21:59:09.647Z,QGFAEPFN,2026-07-06,2026-07-06,18:59:09,2026-07-06 18:59:09,,,,,,,,697a707b5bc42b2987347880,697a707b5bc42b2987347880,,,,
1995,raw_position_sample,2,2,int,18,3,17,18,-1,999,140,70,4360180.8999999985,697a707b5bc42b2987347880,697a707b5bc42b2987347880,intermediate,3,697a707b5bc42b2987347880,697a707b5bc42b2987347880,spotlight_PROLIFIC,,30,Brasil,Português Brasil ,"Português Brasil, inglês ",inglês,Português Brasil:80|English:10|inglês:10,100,Português Brasil:80|English:10|inglês:10,100,Português Brasil:100|English:0|inglês:0,100,17,5,Bachelor's,10,10,10,5,6,8,12,28,28,28,Duolingo,90,,,,,16,25,B1,elementary|intermediate,elementary|intermediate,cambridge_15_21_random_elementary_intermediate,4,19,random,,,,,,,,,,,,,,,,,,,2026-07-06T21:59:09.647Z,QGFAEPFN,2026-07-06,2026-07-06,18:59:09,2026-07-06 18:59:09,,,,,,,,697a707b5bc42b2987347880,697a707b5bc42b2987347880,,,,
2046,raw_position_sample,2,2,int,18,3,17,18,-1,999,140,70,4360232.3999999985,697a707b5bc42b2987347880,697a707b5bc42b2987347880,intermediate,3,697a707b5bc42b2987347880,697a707b5bc42b2987347880,spotlight_PROLIFIC,,30,Brasil,Português Brasil ,"Português Brasil, inglês ",inglês,Português Brasil:80|English:10|inglês:10,100,Português Brasil:80|English:10|inglês:10,100,Português Brasil:100|English:0|inglês:0,100,17,5,Bachelor's,10,10,10,5,6,8,12,28,28,28,Duolingo,90,,,,,16,25,B1,elementary|intermediate,elementary|intermediate,cambridge_15_21_random_elementary_intermediate,4,19,random,,,,,,,,,,,,,,,,,,,2026-07-06T21:59:09.647Z,QGFAEPFN,2026-07-06,2026-07-06,18:59:09,2026-07-06 18:59:09,,,,,,,,697a707b5bc42b2987347880,697a707b5bc42b2987347880,,,,
2095,raw_position_sample,2,2,int,18,3,17,18,-1,999,140,70,4360281,697a707b5bc42b2987347880,697a707b5bc42b2987347880,intermediate,3,697a707b5bc42b2987347880,697a707b5bc42b2987347880,spotlight_PROLIFIC,,30,Brasil,Português Brasil ,"Português Brasil, inglês ",inglês,Português Brasil:80|English:10|inglês:10,100,Português Brasil:80|English:10|inglês:10,100,Português Brasil:100|English:0|inglês:0,100,17,5,Bachelor's,10,10,10,5,6,8,12,28,28,28,Duolingo,90,,,,,16,25,B1,elementary|intermediate,elementary|intermediate,cambridge_15_21_random_elementary_intermediate,4,19,random,,,,,,,,,,,,,,,,,,,2026-07-06T21:59:09.647Z,QGFAEPFN,2026-07-06,2026-07-06,18:59:09,2026-07-06 18:59:09,,,,,,,,697a707b5bc42b2987347880,697a707b5bc42b2987347880,,,,
2145,raw_position_sample,2,2,int,18,3,17,18,-1,999,140,70,4360331.099999998,697a707b5bc42b2987347880,697a707b5bc42b2987347880,intermediate,3,697a707b5bc42b2987347880,697a707b5bc42b2987347880,spotlight_PROLIFIC,,30,Brasil,Português Brasil ,"Português Brasil, inglês ",inglês,Português Brasil:80|English:10|inglês:10,100,Português Brasil:80|English:10|inglês:10,100,Português Brasil:100|English:0|inglês:0,100,17,5,Bachelor's,10,10,10,5,6,8,12,28,28,28,Duolingo,90,,,,,16,25,B1,elementary|intermediate,elementary|intermediate,cambridge_15_21_random_elementary_intermediate,4,19,random,,,,,,,,,,,,,,,,,,,2026-07-06T21:59:09.647Z,QGFAEPFN,2026-07-06,2026-07-06,18:59:09,2026-07-06 18:59:09,,,,,,,,697a707b5bc42b2987347880,697a707b5bc42b2987347880,,,,
2196,raw_position_sample,2,2,int,18,3,17,18,-1,999,140,70,4360381.799999997,697a707b5bc42b2987347880,697a707b5bc42b2987347880,intermediate,3,697a707b5bc42b2987347880,697a707b5bc42b2987347880,spotlight_PROLIFIC,,30,Brasil,Português Brasil ,"Português Brasil, inglês ",inglês,Português Brasil:80|English:10|inglês:10,100,Português Brasil:80|English:10|inglês:10,100,Português Brasil:100|English:0|inglês:0,100,17,5,Bachelor's,10,10,10,5,6,8,12,28,28,28,Duolingo,90,,,,,16,25,B1,elementary|intermediate,elementary|intermediate,cambridge_15_21_random_elementary_intermediate,4,19,random,,,,,,,,,,,,,,,,,,,2026-07-06T21:59:09.647Z,QGFAEPFN,2026-07-06,2026-07-06,18:59:09,2026-07-06 18:59:09,,,,,,,,697a707b5bc42b2987347880,697a707b5bc42b2987347880,,,,
2245,raw_position_sample,2,2,int,18,3,17,18,-1,999,140,70,4360430.8999999985,697a707b5bc42b2987347880,697a707b5bc42b2987347880,intermediate,3,697a707b5bc42b2987347880,697a707b5bc42b2987347880,spotlight_PROLIFIC,,30,Brasil,Português Brasil ,"Português Brasil, inglês ",inglês,Português Brasil:80|English:10|inglês:10,100,Português Brasil:80|English:10|inglês:10,100,Português Brasil:100|English:0|inglês:0,100,17,5,Bachelor's,10,10,10,5,6,8,12,28,28,28,Duolingo,90,,,,,16,25,B1,elementary|intermediate,elementary|intermediate,cambridge_15_21_random_elementary_intermediate,4,19,random,,,,,,,,,,,,,,,,,,,2026-07-06T21:59:09.647Z,QGFAEPFN,2026-07-06,2026-07-06,18:59:09,2026-07-06 18:59:09,,,,,,,,697a707b5bc42b2987347880,697a707b5bc42b2987347880,,,,
2297,raw_position_sample,2,2,int,18,3,17,18,-1,999,140,70,4360482.799999997,697a707b5bc42b2987347880,697a707b5bc42b2987347880,intermediate,3,697a707b5bc42b2987347880,697a707b5bc42b2987347880,spotlight_PROLIFIC,,30,Brasil,Português Brasil ,"Português Brasil, inglês ",inglês,Português Brasil:80|English:10|inglês:10,100,Português Brasil:80|English:10|inglês:10,100,Português Brasil:100|English:0|inglês:0,100,17,5,Bachelor's,10,10,10,5,6,8,12,28,28,28,Duolingo,90,,,,,16,25,B1,elementary|intermediate,elementary|intermediate,cambridge_15_21_random_elementary_intermediate,4,19,random,,,,,,,,,,,,,,,,,,,2026-07-06T21:59:09.647Z,QGFAEPFN,2026-07-06,2026-07-06,18:59:09,2026-07-06 18:59:09,,,,,,,,697a707b5bc42b2987347880,697a707b5bc42b2987347880,,,,
2347,raw_position_sample,2,2,int,18,3,17,18,-1,999,140,70,4360533,697a707b5bc42b2987347880,697a707b5bc42b2987347880,intermediate,3,697a707b5bc42b2987347880,697a707b5bc42b2987347880,spotlight_PROLIFIC,,30,Brasil,Português Brasil ,"Português Brasil, inglês ",inglês,Português Brasil:80|English:10|inglês:10,100,Português Brasil:80|English:10|inglês:10,100,Português Brasil:100|English:0|inglês:0,100,17,5,Bachelor's,10,10,10,5,6,8,12,28,28,28,Duolingo,90,,,,,16,25,B1,elementary|intermediate,elementary|intermediate,cambridge_15_21_random_elementary_intermediate,4,19,random,,,,,,,,,,,,,,,,,,,2026-07-06T21:59:09.647Z,QGFAEPFN,2026-07-06,2026-07-06,18:59:09,2026-07-06 18:59:09,,,,,,,,697a707b5bc42b2987347880,697a707b5bc42b2987347880,,,,
2395,raw_position_sample,2,2,int,18,3,17,18,-1,999,140,70,4360581.299999997,697a707b5bc42b2987347880,697a707b5bc42b2987347880,intermediate,3,697a707b5bc42b2987347880,697a707b5bc42b2987347880,spotlight_PROLIFIC,,30,Brasil,Português Brasil ,"Português Brasil, inglês ",inglês,Português Brasil:80|English:10|inglês:10,100,Português Brasil:80|English:10|inglês:10,100,Português Brasil:100|English:0|inglês:0,100,17,5,Bachelor's,10,10,10,5,6,8,12,28,28,28,Duolingo,90,,,,,16,25,B1,elementary|intermediate,elementary|intermediate,cambridge_15_21_random_elementary_intermediate,4,19,random,,,,,,,,,,,,,,,,,,,2026-07-06T21:59:09.647Z,QGFAEPFN,2026-07-06,2026-07-06,18:59:09,2026-07-06 18:59:09,,,,,,,,697a707b5bc42b2987347880,697a707b5bc42b2987347880,,,,
2446,raw_position_sample,2,2,int,18,3,17,18,-1,999,140,70,4360632.199999999,697a707b5bc42b2987347880,697a707b5bc42b2987347880,intermediate,3,697a707b5bc42b2987347880,697a707b5bc42b2987347880,spotlight_PROLIFIC,,30,Brasil,Português Brasil ,"Português Brasil, inglês ",inglês,Português Brasil:80|English:10|inglês:10,100,Português Brasil:80|English:10|inglês:10,100,Português Brasil:100|English:0|inglês:0,100,17,5,Bachelor's,10,10,10,5,6,8,12,28,28,28,Duolingo,90,,,,,16,25,B1,elementary|intermediate,elementary|intermediate,cambridge_15_21_random_elementary_intermediate,4,19,random,,,,,,,,,,,,,,,,,,,2026-07-06T21:59:09.647Z,QGFAEPFN,2026-07-06,2026-07-06,18:59:09,2026-07-06 18:59:09,,,,,,,,697a707b5bc42b2987347880,697a707b5bc42b2987347880,,,,
2496,raw_position_sample,2,2,int,18,3,17,18,-1,999,140,70,4360682.599999998,697a707b5bc42b2987347880,697a707b5bc42b2987347880,intermediate,3,697a707b5bc42b2987347880,697a707b5bc42b2987347880,spotlight_PROLIFIC,,30,Brasil,Português Brasil ,"Português Brasil, inglês ",inglês,Português Brasil:80|English:10|inglês:10,100,Português Brasil:80|English:10|inglês:10,100,Português Brasil:100|English:0|inglês:0,100,17,5,Bachelor's,10,10,10,5,6,8,12,28,28,28,Duolingo,90,,,,,16,25,B1,elementary|intermediate,elementary|intermediate,cambridge_15_21_random_elementary_intermediate,4,19,random,,,,,,,,,,,,,,,,,,,2026-07-06T21:59:09.647Z,QGFAEPFN,2026-07-06,2026-07-06,18:59:09,2026-07-06 18:59:09,,,,,,,,697a707b5bc42b2987347880,697a707b5bc42b2987347880,,,,
2545,raw_position_sample,2,2,int,18,3,17,18,-1,999,140,70,4360731.199999999,697a707b5bc42b2987347880,697a707b5bc42b2987347880,intermediate,3,697a707b5bc42b2987347880,697a707b5bc42b2987347880,spotlight_PROLIFIC,,30,Brasil,Português Brasil ,"Português Brasil, inglês ",inglês,Português Brasil:80|English:10|inglês:10,100,Português Brasil:80|English:10|inglês:10,100,Português Brasil:100|English:0|inglês:0,100,17,5,Bachelor's,10,10,10,5,6,8,12,28,28,28,Duolingo,90,,,,,16,25,B1,elementary|intermediate,elementary|intermediate,cambridge_15_21_random_elementary_intermediate,4,19,random,,,,,,,,,,,,,,,,,,,2026-07-06T21:59:09.647Z,QGFAEPFN,2026-07-06,2026-07-06,18:59:09,2026-07-06 18:59:09,,,,,,,,697a707b5bc42b2987347880,697a707b5bc42b2987347880,,,,
2595,raw_position_sample,2,2,int,18,3,17,18,-1,999,140,70,4360781,697a707b5bc42b2987347880,697a707b5bc42b2987347880,intermediate,3,697a707b5bc42b2987347880,697a707b5bc42b2987347880,spotlight_PROLIFIC,,30,Brasil,Português Brasil ,"Português Brasil, inglês ",inglês,Português Brasil:80|English:10|inglês:10,100,Português Brasil:80|English:10|inglês:10,100,Português Brasil:100|English:0|inglês:0,100,17,5,Bachelor's,10,10,10,5,6,8,12,28,28,28,Duolingo,90,,,,,16,25,B1,elementary|intermediate,elementary|intermediate,cambridge_15_21_random_elementary_intermediate,4,19,random,,,,,,,,,,,,,,,,,,,2026-07-06T21:59:09.647Z,QGFAEPFN,2026-07-06,2026-07-06,18:59:09,2026-07-06 18:59:09,,,,,,,,697a707b5bc42b2987347880,697a707b5bc42b2987347880,,,,
2647,raw_position_sample,2,2,int,18,3,17,18,-1,999,140,70,4360833.099999998,697a707b5bc42b2987347880,697a707b5bc42b2987347880,intermediate,3,697a707b5bc42b2987347880,697a707b5bc42b2987347880,spotlight_PROLIFIC,,30,Brasil,Português Brasil ,"Português Brasil, inglês ",inglês,Português Brasil:80|English:10|inglês:10,100,Português Brasil:80|English:10|inglês:10,100,Português Brasil:100|English:0|inglês:0,100,17,5,Bachelor's,10,10,10,5,6,8,12,28,28,28,Duolingo,90,,,,,16,25,B1,elementary|intermediate,elementary|intermediate,cambridge_15_21_random_elementary_intermediate,4,19,random,,,,,,,,,,,,,,,,,,,2026-07-06T21:59:09.647Z,QGFAEPFN,2026-07-06,2026-07-06,18:59:09,2026-07-06 18:59:09,,,,,,,,697a707b5bc42b2987347880,697a707b5bc42b2987347880,,,,
2697,raw_position_sample,2,2,int,18,3,17,18,-1,999,140,70,4360882.799999997,697a707b5bc42b2987347880,697a707b5bc42b2987347880,intermediate,3,697a707b5bc42b2987347880,697a707b5bc42b2987347880,spotlight_PROLIFIC,,30,Brasil,Português Brasil ,"Português Brasil, inglês ",inglês,Português Brasil:80|English:10|inglês:10,100,Português Brasil:80|English:10|inglês:10,100,Português Brasil:100|English:0|inglês:0,100,17,5,Bachelor's,10,10,10,5,6,8,12,28,28,28,Duolingo,90,,,,,16,25,B1,elementary|intermediate,elementary|intermediate,cambridge_15_21_random_elementary_intermediate,4,19,random,,,,,,,,,,,,,,,,,,,2026-07-06T21:59:09.647Z,QGFAEPFN,2026-07-06,2026-07-06,18:59:09,2026-07-06 18:59:09,,,,,,,,697a707b5bc42b2987347880,697a707b5bc42b2987347880,,,,
2747,raw_position_sample,2,2,int,18,3,17,18,-1,999,140,70,4360933.099999998,697a707b5bc42b2987347880,697a707b5bc42b2987347880,intermediate,3,697a707b5bc42b2987347880,697a707b5bc42b2987347880,spotlight_PROLIFIC,,30,Brasil,Português Brasil ,"Português Brasil, inglês ",inglês,Português Brasil:80|English:10|inglês:10,100,Português Brasil:80|English:10|inglês:10,100,Português Brasil:100|English:0|inglês:0,100,17,5,Bachelor's,10,10,10,5,6,8,12,28,28,28,Duolingo,90,,,,,16,25,B1,elementary|intermediate,elementary|intermediate,cambridge_15_21_random_elementary_intermediate,4,19,random,,,,,,,,,,,,,,,,,,,2026-07-06T21:59:09.647Z,QGFAEPFN,2026-07-06,2026-07-06,18:59:09,2026-07-06 18:59:09,,,,,,,,697a707b5bc42b2987347880,697a707b5bc42b2987347880,,,,
2796,raw_position_sample,2,2,int,18,3,17,18,-1,999,140,70,4360982.3999999985,697a707b5bc42b2987347880,697a707b5bc42b2987347880,intermediate,3,697a707b5bc42b2987347880,697a707b5bc42b2987347880,spotlight_PROLIFIC,,30,Brasil,Português Brasil ,"Português Brasil, inglês ",inglês,Português Brasil:80|English:10|inglês:10,100,Português Brasil:80|English:10|inglês:10,100,Português Brasil:100|English:0|inglês:0,100,17,5,Bachelor's,10,10,10,5,6,8,12,28,28,28,Duolingo,90,,,,,16,25,B1,elementary|intermediate,elementary|intermediate,cambridge_15_21_random_elementary_intermediate,4,19,random,,,,,,,,,,,,,,,,,,,2026-07-06T21:59:09.647Z,QGFAEPFN,2026-07-06,2026-07-06,18:59:09,2026-07-06 18:59:09,,,,,,,,697a707b5bc42b2987347880,697a707b5bc42b2987347880,,,,
2847,raw_position_sample,2,2,int,18,3,17,18,-1,999,140,70,4361033.699999999,697a707b5bc42b2987347880,697a707b5bc42b2987347880,intermediate,3,697a707b5bc42b2987347880,697a707b5bc42b2987347880,spotlight_PROLIFIC,,30,Brasil,Português Brasil ,"Português Brasil, inglês ",inglês,Português Brasil:80|English:10|inglês:10,100,Português Brasil:80|English:10|inglês:10,100,Português Brasil:100|English:0|inglês:0,100,17,5,Bachelor's,10,10,10,5,6,8,12,28,28,28,Duolingo,90,,,,,16,25,B1,elementary|intermediate,elementary|intermediate,cambridge_15_21_random_elementary_intermediate,4,19,random,,,,,,,,,,,,,,,,,,,2026-07-06T21:59:09.647Z,QGFAEPFN,2026-07-06,2026-07-06,18:59:09,2026-07-06 18:59:09,,,,,,,,697a707b5bc42b2987347880,697a707b5bc42b2987347880,,,,
2903,raw_position_sample,2,2,int,18,3,17,18,-1,999,140,70,4361089,697a707b5bc42b2987347880,697a707b5bc42b2987347880,intermediate,3,697a707b5bc42b2987347880,697a707b5bc42b2987347880,spotlight_PROLIFIC,,30,Brasil,Português Brasil ,"Português Brasil, inglês ",inglês,Português Brasil:80|English:10|inglês:10,100,Português Brasil:80|English:10|inglês:10,100,Português Brasil:100|English:0|inglês:0,100,17,5,Bachelor's,10,10,10,5,6,8,12,28,28,28,Duolingo,90,,,,,16,25,B1,elementary|intermediate,elementary|intermediate,cambridge_15_21_random_elementary_intermediate,4,19,random,,,,,,,,,,,,,,,,,,,2026-07-06T21:59:09.647Z,QGFAEPFN,2026-07-06,2026-07-06,18:59:09,2026-07-06 18:59:09,,,,,,,,697a707b5bc42b2987347880,697a707b5bc42b2987347880,,,,
2966,raw_position_sample,2,2,int,18,3,17,18,-1,999,140,70,4361152.299999997,697a707b5bc42b2987347880,697a707b5bc42b2987347880,intermediate,3,697a707b5bc42b2987347880,697a707b5bc42b2987347880,spotlight_PROLIFIC,,30,Brasil,Português Brasil ,"Português Brasil, inglês ",inglês,Português Brasil:80|English:10|inglês:10,100,Português Brasil:80|English:10|inglês:10,100,Português Brasil:100|English:0|inglês:0,100,17,5,Bachelor's,10,10,10,5,6,8,12,28,28,28,Duolingo,90,,,,,16,25,B1,elementary|intermediate,elementary|intermediate,cambridge_15_21_random_elementary_intermediate,4,19,random,,,,,,,,,,,,,,,,,,,2026-07-06T21:59:09.647Z,QGFAEPFN,2026-07-06,2026-07-06,18:59:09,2026-07-06 18:59:09,,,,,,,,697a707b5bc42b2987347880,697a707b5bc42b2987347880,,,,
2995,raw_position_sample,2,2,int,18,3,17,18,-1,999,140,70,4361181,697a707b5bc42b2987347880,697a707b5bc42b2987347880,intermediate,3,697a707b5bc42b2987347880,697a707b5bc42b2987347880,spotlight_PROLIFIC,,30,Brasil,Português Brasil ,"Português Brasil, inglês ",inglês,Português Brasil:80|English:10|inglês:10,100,Português Brasil:80|English:10|inglês:10,100,Português Brasil:100|English:0|inglês:0,100,17,5,Bachelor's,10,10,10,5,6,8,12,28,28,28,Duolingo,90,,,,,16,25,B1,elementary|intermediate,elementary|intermediate,cambridge_15_21_random_elementary_intermediate,4,19,random,,,,,,,,,,,,,,,,,,,2026-07-06T21:59:09.647Z,QGFAEPFN,2026-07-06,2026-07-06,18:59:09,2026-07-06 18:59:09,,,,,,,,697a707b5bc42b2987347880,697a707b5bc42b2987347880,,,,
3046,raw_position_sample,2,2,int,18,3,17,18,-1,999,140,70,4361232.199999999,697a707b5bc42b2987347880,697a707b5bc42b2987347880,intermediate,3,697a707b5bc42b2987347880,697a707b5bc42b2987347880,spotlight_PROLIFIC,,30,Brasil,Português Brasil ,"Português Brasil, inglês ",inglês,Português Brasil:80|English:10|inglês:10,100,Português Brasil:80|English:10|inglês:10,100,Português Brasil:100|English:0|inglês:0,100,17,5,Bachelor's,10,10,10,5,6,8,12,28,28,28,Duolingo,90,,,,,16,25,B1,elementary|intermediate,elementary|intermediate,cambridge_15_21_random_elementary_intermediate,4,19,random,,,,,,,,,,,,,,,,,,,2026-07-06T21:59:09.647Z,QGFAEPFN,2026-07-06,2026-07-06,18:59:09,2026-07-06 18:59:09,,,,,,,,697a707b5bc42b2987347880,697a707b5bc42b2987347880,,,,
3096,raw_position_sample,2,2,int,18,3,17,18,-1,999,140,70,4361282.299999997,697a707b5bc42b2987347880,697a707b5bc42b2987347880,intermediate,3,697a707b5bc42b2987347880,697a707b5bc42b2987347880,spotlight_PROLIFIC,,30,Brasil,Português Brasil ,"Português Brasil, inglês ",inglês,Português Brasil:80|English:10|inglês:10,100,Português Brasil:80|English:10|inglês:10,100,Português Brasil:100|English:0|inglês:0,100,17,5,Bachelor's,10,10,10,5,6,8,12,28,28,28,Duolingo,90,,,,,16,25,B1,elementary|intermediate,elementary|intermediate,cambridge_15_21_random_elementary_intermediate,4,19,random,,,,,,,,,,,,,,,,,,,2026-07-06T21:59:09.647Z,QGFAEPFN,2026-07-06,2026-07-06,18:59:09,2026-07-06 18:59:09,,,,,,,,697a707b5bc42b2987347880,697a707b5bc42b2987347880,,,,
3144,raw_position_sample,2,2,int,18,3,17,18,-1,999,140,70,4361330.699999999,697a707b5bc42b2987347880,697a707b5bc42b2987347880,intermediate,3,697a707b5bc42b2987347880,697a707b5bc42b2987347880,spotlight_PROLIFIC,,30,Brasil,Português Brasil ,"Português Brasil, inglês ",inglês,Português Brasil:80|English:10|inglês:10,100,Português Brasil:80|English:10|inglês:10,100,Português Brasil:100|English:0|inglês:0,100,17,5,Bachelor's,10,10,10,5,6,8,12,28,28,28,Duolingo,90,,,,,16,25,B1,elementary|intermediate,elementary|intermediate,cambridge_15_21_random_elementary_intermediate,4,19,random,,,,,,,,,,,,,,,,,,,2026-07-06T21:59:09.647Z,QGFAEPFN,2026-07-06,2026-07-06,18:59:09,2026-07-06 18:59:09,,,,,,,,697a707b5bc42b2987347880,697a707b5bc42b2987347880,,,,
3197,raw_position_sample,2,2,int,18,3,17,18,-1,999,140,70,4361383.5,697a707b5bc42b2987347880,697a707b5bc42b2987347880,intermediate,3,697a707b5bc42b2987347880,697a707b5bc42b2987347880,spotlight_PROLIFIC,,30,Brasil,Português Brasil ,"Português Brasil, inglês ",inglês,Português Brasil:80|English:10|inglês:10,100,Português Brasil:80|English:10|inglês:10,100,Português Brasil:100|English:0|inglês:0,100,17,5,Bachelor's,10,10,10,5,6,8,12,28,28,28,Duolingo,90,,,,,16,25,B1,elementary|intermediate,elementary|intermediate,cambridge_15_21_random_elementary_intermediate,4,19,random,,,,,,,,,,,,,,,,,,,2026-07-06T21:59:09.647Z,QGFAEPFN,2026-07-06,2026-07-06,18:59:09,2026-07-06 18:59:09,,,,,,,,697a707b5bc42b2987347880,697a707b5bc42b2987347880,,,,
3245,raw_position_sample,2,2,int,18,3,17,18,-1,999,140,70,4361431.299999997,697a707b5bc42b2987347880,697a707b5bc42b2987347880,intermediate,3,697a707b5bc42b2987347880,697a707b5bc42b2987347880,spotlight_PROLIFIC,,30,Brasil,Português Brasil ,"Português Brasil, inglês ",inglês,Português Brasil:80|English:10|inglês:10,100,Português Brasil:80|English:10|inglês:10,100,Português Brasil:100|English:0|inglês:0,100,17,5,Bachelor's,10,10,10,5,6,8,12,28,28,28,Duolingo,90,,,,,16,25,B1,elementary|intermediate,elementary|intermediate,cambridge_15_21_random_elementary_intermediate,4,19,random,,,,,,,,,,,,,,,,,,,2026-07-06T21:59:09.647Z,QGFAEPFN,2026-07-06,2026-07-06,18:59:09,2026-07-06 18:59:09,,,,,,,,697a707b5bc42b2987347880,697a707b5bc42b2987347880,,,,
3296,raw_position_sample,2,2,int,18,3,17,18,-1,999,140,70,4361482.199999999,697a707b5bc42b2987347880,697a707b5bc42b2987347880,intermediate,3,697a707b5bc42b2987347880,697a707b5bc42b2987347880,spotlight_PROLIFIC,,30,Brasil,Português Brasil ,"Português Brasil, inglês ",inglês,Português Brasil:80|English:10|inglês:10,100,Português Brasil:80|English:10|inglês:10,100,Português Brasil:100|English:0|inglês:0,100,17,5,Bachelor's,10,10,10,5,6,8,12,28,28,28,Duolingo,90,,,,,16,25,B1,elementary|intermediate,elementary|intermediate,cambridge_15_21_random_elementary_intermediate,4,19,random,,,,,,,,,,,,,,,,,,,2026-07-06T21:59:09.647Z,QGFAEPFN,2026-07-06,2026-07-06,18:59:09,2026-07-06 18:59:09,,,,,,,,697a707b5bc42b2987347880,697a707b5bc42b2987347880,,,,
3345,raw_position_sample,2,2,int,18,3,17,18,-1,999,140,70,4361531.199999999,697a707b5bc42b2987347880,697a707b5bc42b2987347880,intermediate,3,697a707b5bc42b2987347880,697a707b5bc42b2987347880,spotlight_PROLIFIC,,30,Brasil,Português Brasil ,"Português Brasil, inglês ",inglês,Português Brasil:80|English:10|inglês:10,100,Português Brasil:80|English:10|inglês:10,100,Português Brasil:100|English:0|inglês:0,100,17,5,Bachelor's,10,10,10,5,6,8,12,28,28,28,Duolingo,90,,,,,16,25,B1,elementary|intermediate,elementary|intermediate,cambridge_15_21_random_elementary_intermediate,4,19,random,,,,,,,,,,,,,,,,,,,2026-07-06T21:59:09.647Z,QGFAEPFN,2026-07-06,2026-07-06,18:59:09,2026-07-06 18:59:09,,,,,,,,697a707b5bc42b2987347880,697a707b5bc42b2987347880,,,,
3395,raw_position_sample,2,2,int,18,3,17,18,-1,999,140,70,4361581.099999998,697a707b5bc42b2987347880,697a707b5bc42b2987347880,intermediate,3,697a707b5bc42b2987347880,697a707b5bc42b2987347880,spotlight_PROLIFIC,,30,Brasil,Português Brasil ,"Português Brasil, inglês ",inglês,Português Brasil:80|English:10|inglês:10,100,Português Brasil:80|English:10|inglês:10,100,Português Brasil:100|English:0|inglês:0,100,17,5,Bachelor's,10,10,10,5,6,8,12,28,28,28,Duolingo,90,,,,,16,25,B1,elementary|intermediate,elementary|intermediate,cambridge_15_21_random_elementary_intermediate,4,19,random,,,,,,,,,,,,,,,,,,,2026-07-06T21:59:09.647Z,QGFAEPFN,2026-07-06,2026-07-06,18:59:09,2026-07-06 18:59:09,,,,,,,,697a707b5bc42b2987347880,697a707b5bc42b2987347880,,,,
3445,raw_position_sample,2,2,int,18,3,17,18,-1,999,140,70,4361630.799999997,697a707b5bc42b2987347880,697a707b5bc42b2987347880,intermediate,3,697a707b5bc42b2987347880,697a707b5bc42b2987347880,spotlight_PROLIFIC,,30,Brasil,Português Brasil ,"Português Brasil, inglês ",inglês,Português Brasil:80|English:10|inglês:10,100,Português Brasil:80|English:10|inglês:10,100,Português Brasil:100|English:0|inglês:0,100,17,5,Bachelor's,10,10,10,5,6,8,12,28,28,28,Duolingo,90,,,,,16,25,B1,elementary|intermediate,elementary|intermediate,cambridge_15_21_random_elementary_intermediate,4,19,random,,,,,,,,,,,,,,,,,,,2026-07-06T21:59:09.647Z,QGFAEPFN,2026-07-06,2026-07-06,18:59:09,2026-07-06 18:59:09,,,,,,,,697a707b5bc42b2987347880,697a707b5bc42b2987347880,,,,
3496,raw_position_sample,2,2,int,18,3,17,18,-1,999,140,70,4361682.3999999985,697a707b5bc42b2987347880,697a707b5bc42b2987347880,intermediate,3,697a707b5bc42b2987347880,697a707b5bc42b2987347880,spotlight_PROLIFIC,,30,Brasil,Português Brasil ,"Português Brasil, inglês ",inglês,Português Brasil:80|English:10|inglês:10,100,Português Brasil:80|English:10|inglês:10,100,Português Brasil:100|English:0|inglês:0,100,17,5,Bachelor's,10,10,10,5,6,8,12,28,28,28,Duolingo,90,,,,,16,25,B1,elementary|intermediate,elementary|intermediate,cambridge_15_21_random_elementary_intermediate,4,19,random,,,,,,,,,,,,,,,,,,,2026-07-06T21:59:09.647Z,QGFAEPFN,2026-07-06,2026-07-06,18:59:09,2026-07-06 18:59:09,,,,,,,,697a707b5bc42b2987347880,697a707b5bc42b2987347880,,,,
3545,raw_position_sample,2,2,int,18,3,17,18,-1,999,140,70,4361730.8999999985,697a707b5bc42b2987347880,697a707b5bc42b2987347880,intermediate,3,697a707b5bc42b2987347880,697a707b5bc42b2987347880,spotlight_PROLIFIC,,30,Brasil,Português Brasil ,"Português Brasil, inglês ",inglês,Português Brasil:80|English:10|inglês:10,100,Português Brasil:80|English:10|inglês:10,100,Português Brasil:100|English:0|inglês:0,100,17,5,Bachelor's,10,10,10,5,6,8,12,28,28,28,Duolingo,90,,,,,16,25,B1,elementary|intermediate,elementary|intermediate,cambridge_15_21_random_elementary_intermediate,4,19,random,,,,,,,,,,,,,,,,,,,2026-07-06T21:59:09.647Z,QGFAEPFN,2026-07-06,2026-07-06,18:59:09,2026-07-06 18:59:09,,,,,,,,697a707b5bc42b2987347880,697a707b5bc42b2987347880,,,,
3605,raw_position_sample,2,2,int,18,3,17,18,-1,999,140,70,4361791.5,697a707b5bc42b2987347880,697a707b5bc42b2987347880,intermediate,3,697a707b5bc42b2987347880,697a707b5bc42b2987347880,spotlight_PROLIFIC,,30,Brasil,Português Brasil ,"Português Brasil, inglês ",inglês,Português Brasil:80|English:10|inglês:10,100,Português Brasil:80|English:10|inglês:10,100,Português Brasil:100|English:0|inglês:0,100,17,5,Bachelor's,10,10,10,5,6,8,12,28,28,28,Duolingo,90,,,,,16,25,B1,elementary|intermediate,elementary|intermediate,cambridge_15_21_random_elementary_intermediate,4,19,random,,,,,,,,,,,,,,,,,,,2026-07-06T21:59:09.647Z,QGFAEPFN,2026-07-06,2026-07-06,18:59:09,2026-07-06 18:59:09,,,,,,,,697a707b5bc42b2987347880,697a707b5bc42b2987347880,,,,
3645,raw_position_sample,2,2,int,18,3,17,18,-1,999,140,70,4361831.3999999985,697a707b5bc42b2987347880,697a707b5bc42b2987347880,intermediate,3,697a707b5bc42b2987347880,697a707b5bc42b2987347880,spotlight_PROLIFIC,,30,Brasil,Português Brasil ,"Português Brasil, inglês ",inglês,Português Brasil:80|English:10|inglês:10,100,Português Brasil:80|English:10|inglês:10,100,Português Brasil:100|English:0|inglês:0,100,17,5,Bachelor's,10,10,10,5,6,8,12,28,28,28,Duolingo,90,,,,,16,25,B1,elementary|intermediate,elementary|intermediate,cambridge_15_21_random_elementary_intermediate,4,19,random,,,,,,,,,,,,,,,,,,,2026-07-06T21:59:09.647Z,QGFAEPFN,2026-07-06,2026-07-06,18:59:09,2026-07-06 18:59:09,,,,,,,,697a707b5bc42b2987347880,697a707b5bc42b2987347880,,,,
3696,raw_position_sample,2,2,int,18,3,17,18,-1,999,140,70,4361881.8999999985,697a707b5bc42b2987347880,697a707b5bc42b2987347880,intermediate,3,697a707b5bc42b2987347880,697a707b5bc42b2987347880,spotlight_PROLIFIC,,30,Brasil,Português Brasil ,"Português Brasil, inglês ",inglês,Português Brasil:80|English:10|inglês:10,100,Português Brasil:80|English:10|inglês:10,100,Português Brasil:100|English:0|inglês:0,100,17,5,Bachelor's,10,10,10,5,6,8,12,28,28,28,Duolingo,90,,,,,16,25,B1,elementary|intermediate,elementary|intermediate,cambridge_15_21_random_elementary_intermediate,4,19,random,,,,,,,,,,,,,,,,,,,2026-07-06T21:59:09.647Z,QGFAEPFN,2026-07-06,2026-07-06,18:59:09,2026-07-06 18:59:09,,,,,,,,697a707b5bc42b2987347880,697a707b5bc42b2987347880,,,,
3746,raw_position_sample,2,2,int,18,3,17,18,-1,999,140,70,4361932.599999998,697a707b5bc42b2987347880,697a707b5bc42b2987347880,intermediate,3,697a707b5bc42b2987347880,697a707b5bc42b2987347880,spotlight_PROLIFIC,,30,Brasil,Português Brasil ,"Português Brasil, inglês ",inglês,Português Brasil:80|English:10|inglês:10,100,Português Brasil:80|English:10|inglês:10,100,Português Brasil:100|English:0|inglês:0,100,17,5,Bachelor's,10,10,10,5,6,8,12,28,28,28,Duolingo,90,,,,,16,25,B1,elementary|intermediate,elementary|intermediate,cambridge_15_21_random_elementary_intermediate,4,19,random,,,,,,,,,,,,,,,,,,,2026-07-06T21:59:09.647Z,QGFAEPFN,2026-07-06,2026-07-06,18:59:09,2026-07-06 18:59:09,,,,,,,,697a707b5bc42b2987347880,697a707b5bc42b2987347880,,,,
3796,raw_position_sample,2,2,int,18,3,17,18,-1,999,140,70,4361982.599999998,697a707b5bc42b2987347880,697a707b5bc42b2987347880,intermediate,3,697a707b5bc42b2987347880,697a707b5bc42b2987347880,spotlight_PROLIFIC,,30,Brasil,Português Brasil ,"Português Brasil, inglês ",inglês,Português Brasil:80|English:10|inglês:10,100,Português Brasil:80|English:10|inglês:10,100,Português Brasil:100|English:0|inglês:0,100,17,5,Bachelor's,10,10,10,5,6,8,12,28,28,28,Duolingo,90,,,,,16,25,B1,elementary|intermediate,elementary|intermediate,cambridge_15_21_random_elementary_intermediate,4,19,random,,,,,,,,,,,,,,,,,,,2026-07-06T21:59:09.647Z,QGFAEPFN,2026-07-06,2026-07-06,18:59:09,2026-07-06 18:59:09,,,,,,,,697a707b5bc42b2987347880,697a707b5bc42b2987347880,,,,
3845,raw_position_sample,2,2,int,18,3,17,18,-1,999,140,70,4362031.299999997,697a707b5bc42b2987347880,697a707b5bc42b2987347880,intermediate,3,697a707b5bc42b2987347880,697a707b5bc42b2987347880,spotlight_PROLIFIC,,30,Brasil,Português Brasil ,"Português Brasil, inglês ",inglês,Português Brasil:80|English:10|inglês:10,100,Português Brasil:80|English:10|inglês:10,100,Português Brasil:100|English:0|inglês:0,100,17,5,Bachelor's,10,10,10,5,6,8,12,28,28,28,Duolingo,90,,,,,16,25,B1,elementary|intermediate,elementary|intermediate,cambridge_15_21_random_elementary_intermediate,4,19,random,,,,,,,,,,,,,,,,,,,2026-07-06T21:59:09.647Z,QGFAEPFN,2026-07-06,2026-07-06,18:59:09,2026-07-06 18:59:09,,,,,,,,697a707b5bc42b2987347880,697a707b5bc42b2987347880,,,,
3895,raw_position_sample,2,2,int,18,3,17,18,-1,999,140,70,4362081.099999998,697a707b5bc42b2987347880,697a707b5bc42b2987347880,intermediate,3,697a707b5bc42b2987347880,697a707b5bc42b2987347880,spotlight_PROLIFIC,,30,Brasil,Português Brasil ,"Português Brasil, inglês ",inglês,Português Brasil:80|English:10|inglês:10,100,Português Brasil:80|English:10|inglês:10,100,Português Brasil:100|English:0|inglês:0,100,17,5,Bachelor's,10,10,10,5,6,8,12,28,28,28,Duolingo,90,,,,,16,25,B1,elementary|intermediate,elementary|intermediate,cambridge_15_21_random_elementary_intermediate,4,19,random,,,,,,,,,,,,,,,,,,,2026-07-06T21:59:09.647Z,QGFAEPFN,2026-07-06,2026-07-06,18:59:09,2026-07-06 18:59:09,,,,,,,,697a707b5bc42b2987347880,697a707b5bc42b2987347880,,,,
3945,raw_position_sample,2,2,int,18,3,17,18,-1,999,140,70,4362131,697a707b5bc42b2987347880,697a707b5bc42b2987347880,intermediate,3,697a707b5bc42b2987347880,697a707b5bc42b2987347880,spotlight_PROLIFIC,,30,Brasil,Português Brasil ,"Português Brasil, inglês ",inglês,Português Brasil:80|English:10|inglês:10,100,Português Brasil:80|English:10|inglês:10,100,Português Brasil:100|English:0|inglês:0,100,17,5,Bachelor's,10,10,10,5,6,8,12,28,28,28,Duolingo,90,,,,,16,25,B1,elementary|intermediate,elementary|intermediate,cambridge_15_21_random_elementary_intermediate,4,19,random,,,,,,,,,,,,,,,,,,,2026-07-06T21:59:09.647Z,QGFAEPFN,2026-07-06,2026-07-06,18:59:09,2026-07-06 18:59:09,,,,,,,,697a707b5bc42b2987347880,697a707b5bc42b2987347880,,,,
3994,raw_position_sample,2,2,int,18,3,17,18,-1,999,140,70,4362180.699999999,697a707b5bc42b2987347880,697a707b5bc42b2987347880,intermediate,3,697a707b5bc42b2987347880,697a707b5bc42b2987347880,spotlight_PROLIFIC,,30,Brasil,Português Brasil ,"Português Brasil, inglês ",inglês,Português Brasil:80|English:10|inglês:10,100,Português Brasil:80|English:10|inglês:10,100,Português Brasil:100|English:0|inglês:0,100,17,5,Bachelor's,10,10,10,5,6,8,12,28,28,28,Duolingo,90,,,,,16,25,B1,elementary|intermediate,elementary|intermediate,cambridge_15_21_random_elementary_intermediate,4,19,random,,,,,,,,,,,,,,,,,,,2026-07-06T21:59:09.647Z,QGFAEPFN,2026-07-06,2026-07-06,18:59:09,2026-07-06 18:59:09,,,,,,,,697a707b5bc42b2987347880,697a707b5bc42b2987347880,,,,
4047,raw_position_sample,2,2,int,18,3,17,18,-1,999,173,112,4362233.799999997,697a707b5bc42b2987347880,697a707b5bc42b2987347880,intermediate,3,697a707b5bc42b2987347880,697a707b5bc42b2987347880,spotlight_PROLIFIC,,30,Brasil,Português Brasil ,"Português Brasil, inglês ",inglês,Português Brasil:80|English:10|inglês:10,100,Português Brasil:80|English:10|inglês:10,100,Português Brasil:100|English:0|inglês:0,100,17,5,Bachelor's,10,10,10,5,6,8,12,28,28,28,Duolingo,90,,,,,16,25,B1,elementary|intermediate,elementary|intermediate,cambridge_15_21_random_elementary_intermediate,4,19,random,,,,,,,,,,,,,,,,,,,2026-07-06T21:59:09.647Z,QGFAEPFN,2026-07-06,2026-07-06,18:59:09,2026-07-06 18:59:09,,,,,,,,697a707b5bc42b2987347880,697a707b5bc42b2987347880,,,,
4094,raw_position_sample,2,2,int,18,3,17,18,-1,999,176,116,4362280.5,697a707b5bc42b2987347880,697a707b5bc42b2987347880,intermediate,3,697a707b5bc42b2987347880,697a707b5bc42b2987347880,spotlight_PROLIFIC,,30,Brasil,Português Brasil ,"Português Brasil, inglês ",inglês,Português Brasil:80|English:10|inglês:10,100,Português Brasil:80|English:10|inglês:10,100,Português Brasil:100|English:0|inglês:0,100,17,5,Bachelor's,10,10,10,5,6,8,12,28,28,28,Duolingo,90,,,,,16,25,B1,elementary|intermediate,elementary|intermediate,cambridge_15_21_random_elementary_intermediate,4,19,random,,,,,,,,,,,,,,,,,,,2026-07-06T21:59:09.647Z,QGFAEPFN,2026-07-06,2026-07-06,18:59:09,2026-07-06 18:59:09,,,,,,,,697a707b5bc42b2987347880,697a707b5bc42b2987347880,,,,
4146,raw_position_sample,2,2,int,18,3,17,18,-1,999,176,116,4362332.699999999,697a707b5bc42b2987347880,697a707b5bc42b2987347880,intermediate,3,697a707b5bc42b2987347880,697a707b5bc42b2987347880,spotlight_PROLIFIC,,30,Brasil,Português Brasil ,"Português Brasil, inglês ",inglês,Português Brasil:80|English:10|inglês:10,100,Português Brasil:80|English:10|inglês:10,100,Português Brasil:100|English:0|inglês:0,100,17,5,Bachelor's,10,10,10,5,6,8,12,28,28,28,Duolingo,90,,,,,16,25,B1,elementary|intermediate,elementary|intermediate,cambridge_15_21_random_elementary_intermediate,4,19,random,,,,,,,,,,,,,,,,,,,2026-07-06T21:59:09.647Z,QGFAEPFN,2026-07-06,2026-07-06,18:59:09,2026-07-06 18:59:09,,,,,,,,697a707b5bc42b2987347880,697a707b5bc42b2987347880,,,,
4195,raw_position_sample,2,2,int,18,3,17,18,-1,999,176,116,4362380.799999997,697a707b5bc42b2987347880,697a707b5bc42b2987347880,intermediate,3,697a707b5bc42b2987347880,697a707b5bc42b2987347880,spotlight_PROLIFIC,,30,Brasil,Português Brasil ,"Português Brasil, inglês ",inglês,Português Brasil:80|English:10|inglês:10,100,Português Brasil:80|English:10|inglês:10,100,Português Brasil:100|English:0|inglês:0,100,17,5,Bachelor's,10,10,10,5,6,8,12,28,28,28,Duolingo,90,,,,,16,25,B1,elementary|intermediate,elementary|intermediate,cambridge_15_21_random_elementary_intermediate,4,19,random,,,,,,,,,,,,,,,,,,,2026-07-06T21:59:09.647Z,QGFAEPFN,2026-07-06,2026-07-06,18:59:09,2026-07-06 18:59:09,,,,,,,,697a707b5bc42b2987347880,697a707b5bc42b2987347880,,,,
4244,raw_position_sample,2,2,int,18,3,17,18,-1,999,185,129,4362430.3999999985,697a707b5bc42b2987347880,697a707b5bc42b2987347880,intermediate,3,697a707b5bc42b2987347880,697a707b5bc42b2987347880,spotlight_PROLIFIC,,30,Brasil,Português Brasil ,"Português Brasil, inglês ",inglês,Português Brasil:80|English:10|inglês:10,100,Português Brasil:80|English:10|inglês:10,100,Português Brasil:100|English:0|inglês:0,100,17,5,Bachelor's,10,10,10,5,6,8,12,28,28,28,Duolingo,90,,,,,16,25,B1,elementary|intermediate,elementary|intermediate,cambridge_15_21_random_elementary_intermediate,4,19,random,,,,,,,,,,,,,,,,,,,2026-07-06T21:59:09.647Z,QGFAEPFN,2026-07-06,2026-07-06,18:59:09,2026-07-06 18:59:09,,,,,,,,697a707b5bc42b2987347880,697a707b5bc42b2987347880,,,,
4294,raw_position_sample,2,2,int,18,3,17,18,-1,999,210,149,4362480.5,697a707b5bc42b2987347880,697a707b5bc42b2987347880,intermediate,3,697a707b5bc42b2987347880,697a707b5bc42b2987347880,spotlight_PROLIFIC,,30,Brasil,Português Brasil ,"Português Brasil, inglês ",inglês,Português Brasil:80|English:10|inglês:10,100,Português Brasil:80|English:10|inglês:10,100,Português Brasil:100|English:0|inglês:0,100,17,5,Bachelor's,10,10,10,5,6,8,12,28,28,28,Duolingo,90,,,,,16,25,B1,elementary|intermediate,elementary|intermediate,cambridge_15_21_random_elementary_intermediate,4,19,random,,,,,,,,,,,,,,,,,,,2026-07-06T21:59:09.647Z,QGFAEPFN,2026-07-06,2026-07-06,18:59:09,2026-07-06 18:59:09,,,,,,,,697a707b5bc42b2987347880,697a707b5bc42b2987347880,,,,
4351,raw_position_sample,2,2,int,18,3,17,18,27, where ,233,162,4362537.699999999,697a707b5bc42b2987347880,697a707b5bc42b2987347880,intermediate,3,697a707b5bc42b2987347880,697a707b5bc42b2987347880,spotlight_PROLIFIC,,30,Brasil,Português Brasil ,"Português Brasil, inglês ",inglês,Português Brasil:80|English:10|inglês:10,100,Português Brasil:80|English:10|inglês:10,100,Português Brasil:100|English:0|inglês:0,100,17,5,Bachelor's,10,10,10,5,6,8,12,28,28,28,Duolingo,90,,,,,16,25,B1,elementary|intermediate,elementary|intermediate,cambridge_15_21_random_elementary_intermediate,4,19,random,,145.25694274902344,234.18055725097656,166.59027671813965,287.00000381469727,3,1,,,,,,,,,,,,2026-07-06T21:59:09.647Z,QGFAEPFN,2026-07-06,2026-07-06,18:59:09,2026-07-06 18:59:09,,,,,,,,697a707b5bc42b2987347880,697a707b5bc42b2987347880,,,,
4366,hover_association,2,2,int,18,3,17,18,27, where ,233,162,,697a707b5bc42b2987347880,697a707b5bc42b2987347880,intermediate,3,697a707b5bc42b2987347880,697a707b5bc42b2987347880,spotlight_PROLIFIC,,30,Brasil,Português Brasil ,"Português Brasil, inglês ",inglês,Português Brasil:80|English:10|inglês:10,100,Português Brasil:80|English:10|inglês:10,100,Português Brasil:100|English:0|inglês:0,100,17,5,Bachelor's,10,10,10,5,6,8,12,28,28,28,Duolingo,90,,,,,16,25,B1,elementary|intermediate,elementary|intermediate,cambridge_15_21_random_elementary_intermediate,4,19,random,,135.92360973358154,230.25173786708288,175.92360973358154,287.00000190734863,3,1,hover,32.5,32.5,0.3656193274598705,0.9019097566604615,106,,,,,,2026-07-06T21:59:09.647Z,QGFAEPFN,2026-07-06,2026-07-06,18:59:09,2026-07-06 18:59:09,,,,,,,,697a707b5bc42b2987347880,697a707b5bc42b2987347880,,,,
4384,hover_association,2,2,int,18,3,17,18,44, the ,259,177,,697a707b5bc42b2987347880,697a707b5bc42b2987347880,intermediate,3,697a707b5bc42b2987347880,697a707b5bc42b2987347880,spotlight_PROLIFIC,,30,Brasil,Português Brasil ,"Português Brasil, inglês ",inglês,Português Brasil:80|English:10|inglês:10,100,Português Brasil:80|English:10|inglês:10,100,Português Brasil:100|English:0|inglês:0,100,17,5,Bachelor's,10,10,10,5,6,8,12,28,28,28,Duolingo,90,,,,,16,25,B1,elementary|intermediate,elementary|intermediate,cambridge_15_21_random_elementary_intermediate,4,19,random,,175.92360973358154,230.25173786708288,215.92360973358154,263.9097261428833,4,1,hover,18.300000000745058,18.300000000745058,0.8541289484489684,0.026909756660461425,106,,,,,,2026-07-06T21:59:09.647Z,QGFAEPFN,2026-07-06,2026-07-06,18:59:09,2026-07-06 18:59:09,,,,,,,,697a707b5bc42b2987347880,697a707b5bc42b2987347880,,,,
4397,raw_position_sample,2,2,int,18,3,17,18,45, habitat ,264,180,4362583.099999998,697a707b5bc42b2987347880,697a707b5bc42b2987347880,intermediate,3,697a707b5bc42b2987347880,697a707b5bc42b2987347880,spotlight_PROLIFIC,,30,Brasil,Português Brasil ,"Português Brasil, inglês ",inglês,Português Brasil:80|English:10|inglês:10,100,Português Brasil:80|English:10|inglês:10,100,Português Brasil:100|English:0|inglês:0,100,17,5,Bachelor's,10,10,10,5,6,8,12,28,28,28,Duolingo,90,,,,,16,25,B1,elementary|intermediate,elementary|intermediate,cambridge_15_21_random_elementary_intermediate,4,19,random,,185.25694274902344,263.90972900390625,206.59027671813965,323.9236183166504,4,2,,,,,,,,,,,,2026-07-06T21:59:09.647Z,QGFAEPFN,2026-07-06,2026-07-06,18:59:09,2026-07-06 18:59:09,,,,,,,,697a707b5bc42b2987347880,697a707b5bc42b2987347880,,,,
4446,raw_position_sample,2,2,int,18,3,17,18,45, habitat ,264,180,4362632.199999999,697a707b5bc42b2987347880,697a707b5bc42b2987347880,intermediate,3,697a707b5bc42b2987347880,697a707b5bc42b2987347880,spotlight_PROLIFIC,,30,Brasil,Português Brasil ,"Português Brasil, inglês ",inglês,Português Brasil:80|English:10|inglês:10,100,Português Brasil:80|English:10|inglês:10,100,Português Brasil:100|English:0|inglês:0,100,17,5,Bachelor's,10,10,10,5,6,8,12,28,28,28,Duolingo,90,,,,,16,25,B1,elementary|intermediate,elementary|intermediate,cambridge_15_21_random_elementary_intermediate,4,19,random,,185.25694274902344,263.90972900390625,206.59027671813965,323.9236183166504,4,2,,,,,,,,,,,,2026-07-06T21:59:09.647Z,QGFAEPFN,2026-07-06,2026-07-06,18:59:09,2026-07-06 18:59:09,,,,,,,,697a707b5bc42b2987347880,697a707b5bc42b2987347880,,,,
4466,hover_association,2,2,int,18,3,17,18,45, habitat ,264,180,,697a707b5bc42b2987347880,697a707b5bc42b2987347880,intermediate,3,697a707b5bc42b2987347880,697a707b5bc42b2987347880,spotlight_PROLIFIC,,30,Brasil,Português Brasil ,"Português Brasil, inglês ",inglês,Português Brasil:80|English:10|inglês:10,100,Português Brasil:80|English:10|inglês:10,100,Português Brasil:100|English:0|inglês:0,100,17,5,Bachelor's,10,10,10,5,6,8,12,28,28,28,Duolingo,90,,,,,16,25,B1,elementary|intermediate,elementary|intermediate,cambridge_15_21_random_elementary_intermediate,4,19,random,,175.92360973358154,263.9097261428833,215.92360973358154,323.92361640930176,4,2,hover,81.69999999925494,81.69999999925494,0.0015042160525829654,0.10190975666046143,106,,,,,,2026-07-06T21:59:09.647Z,QGFAEPFN,2026-07-06,2026-07-06,18:59:09,2026-07-06 18:59:09,,,,,,,,697a707b5bc42b2987347880,697a707b5bc42b2987347880,,,,
4499,raw_position_sample,2,2,int,18,3,17,18,27, where ,258,162,4362684.8999999985,697a707b5bc42b2987347880,697a707b5bc42b2987347880,intermediate,3,697a707b5bc42b2987347880,697a707b5bc42b2987347880,spotlight_PROLIFIC,,30,Brasil,Português Brasil ,"Português Brasil, inglês ",inglês,Português Brasil:80|English:10|inglês:10,100,Português Brasil:80|English:10|inglês:10,100,Português Brasil:100|English:0|inglês:0,100,17,5,Bachelor's,10,10,10,5,6,8,12,28,28,28,Duolingo,90,,,,,16,25,B1,elementary|intermediate,elementary|intermediate,cambridge_15_21_random_elementary_intermediate,4,19,random,,145.25694274902344,234.18055725097656,166.59027671813965,287.00000381469727,3,1,,,,,,,,,,,,2026-07-06T21:59:09.647Z,QGFAEPFN,2026-07-06,2026-07-06,18:59:09,2026-07-06 18:59:09,,,,,,,,697a707b5bc42b2987347880,697a707b5bc42b2987347880,,,,
4545,raw_position_sample,2,2,int,18,3,17,18,27, where ,255,152,4362731.299999997,697a707b5bc42b2987347880,697a707b5bc42b2987347880,intermediate,3,697a707b5bc42b2987347880,697a707b5bc42b2987347880,spotlight_PROLIFIC,,30,Brasil,Português Brasil ,"Português Brasil, inglês ",inglês,Português Brasil:80|English:10|inglês:10,100,Português Brasil:80|English:10|inglês:10,100,Português Brasil:100|English:0|inglês:0,100,17,5,Bachelor's,10,10,10,5,6,8,12,28,28,28,Duolingo,90,,,,,16,25,B1,elementary|intermediate,elementary|intermediate,cambridge_15_21_random_elementary_intermediate,4,19,random,,145.25694274902344,234.18055725097656,166.59027671813965,287.00000381469727,3,1,,,,,,,,,,,,2026-07-06T21:59:09.647Z,QGFAEPFN,2026-07-06,2026-07-06,18:59:09,2026-07-06 18:59:09,,,,,,,,697a707b5bc42b2987347880,697a707b5bc42b2987347880,,,,
4595,raw_position_sample,2,2,int,18,3,17,18,27, where ,251,141,4362781.299999997,697a707b5bc42b2987347880,697a707b5bc42b2987347880,intermediate,3,697a707b5bc42b2987347880,697a707b5bc42b2987347880,spotlight_PROLIFIC,,30,Brasil,Português Brasil ,"Português Brasil, inglês ",inglês,Português Brasil:80|English:10|inglês:10,100,Português Brasil:80|English:10|inglês:10,100,Português Brasil:100|English:0|inglês:0,100,17,5,Bachelor's,10,10,10,5,6,8,12,28,28,28,Duolingo,90,,,,,16,25,B1,elementary|intermediate,elementary|intermediate,cambridge_15_21_random_elementary_intermediate,4,19,random,,145.25694274902344,234.18055725097656,166.59027671813965,287.00000381469727,3,1,,,,,,,,,,,,2026-07-06T21:59:09.647Z,QGFAEPFN,2026-07-06,2026-07-06,18:59:09,2026-07-06 18:59:09,,,,,,,,697a707b5bc42b2987347880,697a707b5bc42b2987347880,,,,
4598,hover_association,2,2,int,18,3,17,18,27, where ,262,174,,697a707b5bc42b2987347880,697a707b5bc42b2987347880,intermediate,3,697a707b5bc42b2987347880,697a707b5bc42b2987347880,spotlight_PROLIFIC,,30,Brasil,Português Brasil ,"Português Brasil, inglês ",inglês,Português Brasil:80|English:10|inglês:10,100,Português Brasil:80|English:10|inglês:10,100,Português Brasil:100|English:0|inglês:0,100,17,5,Bachelor's,10,10,10,5,6,8,12,28,28,28,Duolingo,90,,,,,16,25,B1,elementary|intermediate,elementary|intermediate,cambridge_15_21_random_elementary_intermediate,4,19,random,,135.92360973358154,230.25173786708288,175.92360973358154,287.00000190734863,3,1,hover,133,133,0.3656193274598705,0.12690975666046142,106,,,,,,2026-07-06T21:59:09.647Z,QGFAEPFN,2026-07-06,2026-07-06,18:59:09,2026-07-06 18:59:09,,,,,,,,697a707b5bc42b2987347880,697a707b5bc42b2987347880,,,,
4645,raw_position_sample,2,2,int,18,3,17,18,14, better ,244,129,4362831.3999999985,697a707b5bc42b2987347880,697a707b5bc42b2987347880,intermediate,3,697a707b5bc42b2987347880,697a707b5bc42b2987347880,spotlight_PROLIFIC,,30,Brasil,Português Brasil ,"Português Brasil, inglês ",inglês,Português Brasil:80|English:10|inglês:10,100,Português Brasil:80|English:10|inglês:10,100,Português Brasil:100|English:0|inglês:0,100,17,5,Bachelor's,10,10,10,5,6,8,12,28,28,28,Duolingo,90,,,,,16,25,B1,elementary|intermediate,elementary|intermediate,cambridge_15_21_random_elementary_intermediate,4,19,random,,105.25694274902344,234.18055725097656,126.59027671813965,285.5486145019531,2,1,,,,,,,,,,,,2026-07-06T21:59:09.647Z,QGFAEPFN,2026-07-06,2026-07-06,18:59:09,2026-07-06 18:59:09,,,,,,,,697a707b5bc42b2987347880,697a707b5bc42b2987347880,,,,
4695,raw_position_sample,2,2,int,18,3,17,18,14, better ,234,116,4362881,697a707b5bc42b2987347880,697a707b5bc42b2987347880,intermediate,3,697a707b5bc42b2987347880,697a707b5bc42b2987347880,spotlight_PROLIFIC,,30,Brasil,Português Brasil ,"Português Brasil, inglês ",inglês,Português Brasil:80|English:10|inglês:10,100,Português Brasil:80|English:10|inglês:10,100,Português Brasil:100|English:0|inglês:0,100,17,5,Bachelor's,10,10,10,5,6,8,12,28,28,28,Duolingo,90,,,,,16,25,B1,elementary|intermediate,elementary|intermediate,cambridge_15_21_random_elementary_intermediate,4,19,random,,105.25694274902344,234.18055725097656,126.59027671813965,285.5486145019531,2,1,,,,,,,,,,,,2026-07-06T21:59:09.647Z,QGFAEPFN,2026-07-06,2026-07-06,18:59:09,2026-07-06 18:59:09,,,,,,,,697a707b5bc42b2987347880,697a707b5bc42b2987347880,,,,
4698,hover_association,2,2,int,18,3,17,18,14, better ,248,135,,697a707b5bc42b2987347880,697a707b5bc42b2987347880,intermediate,3,697a707b5bc42b2987347880,697a707b5bc42b2987347880,spotlight_PROLIFIC,,30,Brasil,Português Brasil ,"Português Brasil, inglês ",inglês,Português Brasil:80|English:10|inglês:10,100,Português Brasil:80|English:10|inglês:10,100,Português Brasil:100|English:0|inglês:0,100,17,5,Bachelor's,10,10,10,5,6,8,12,28,28,28,Duolingo,90,,,,,16,25,B1,elementary|intermediate,elementary|intermediate,cambridge_15_21_random_elementary_intermediate,4,19,random,,95.92360973358154,230.25173786708288,135.92360973358154,285.5486145019531,2,1,hover,99.40000000223517,99.40000000223517,0.06778433721794448,0.5019097566604614,106,,,,,,2026-07-06T21:59:09.647Z,QGFAEPFN,2026-07-06,2026-07-06,18:59:09,2026-07-06 18:59:09,,,,,,,,697a707b5bc42b2987347880,697a707b5bc42b2987347880,,,,
4744,raw_position_sample,2,2,int,18,3,17,18,-1,999,224,100,4362930.3999999985,697a707b5bc42b2987347880,697a707b5bc42b2987347880,intermediate,3,697a707b5bc42b2987347880,697a707b5bc42b2987347880,spotlight_PROLIFIC,,30,Brasil,Português Brasil ,"Português Brasil, inglês ",inglês,Português Brasil:80|English:10|inglês:10,100,Português Brasil:80|English:10|inglês:10,100,Português Brasil:100|English:0|inglês:0,100,17,5,Bachelor's,10,10,10,5,6,8,12,28,28,28,Duolingo,90,,,,,16,25,B1,elementary|intermediate,elementary|intermediate,cambridge_15_21_random_elementary_intermediate,4,19,random,,,,,,,,,,,,,,,,,,,2026-07-06T21:59:09.647Z,QGFAEPFN,2026-07-06,2026-07-06,18:59:09,2026-07-06 18:59:09,,,,,,,,697a707b5bc42b2987347880,697a707b5bc42b2987347880,,,,
4794,raw_position_sample,2,2,int,18,3,17,18,-1,999,218,91,4362980.3999999985,697a707b5bc42b2987347880,697a707b5bc42b2987347880,intermediate,3,697a707b5bc42b2987347880,697a707b5bc42b2987347880,spotlight_PROLIFIC,,30,Brasil,Português Brasil ,"Português Brasil, inglês ",inglês,Português Brasil:80|English:10|inglês:10,100,Português Brasil:80|English:10|inglês:10,100,Português Brasil:100|English:0|inglês:0,100,17,5,Bachelor's,10,10,10,5,6,8,12,28,28,28,Duolingo,90,,,,,16,25,B1,elementary|intermediate,elementary|intermediate,cambridge_15_21_random_elementary_intermediate,4,19,random,,,,,,,,,,,,,,,,,,,2026-07-06T21:59:09.647Z,QGFAEPFN,2026-07-06,2026-07-06,18:59:09,2026-07-06 18:59:09,,,,,,,,697a707b5bc42b2987347880,697a707b5bc42b2987347880,,,,
4844,raw_position_sample,2,2,int,18,3,17,18,-1,999,212,80,4363030.299999997,697a707b5bc42b2987347880,697a707b5bc42b2987347880,intermediate,3,697a707b5bc42b2987347880,697a707b5bc42b2987347880,spotlight_PROLIFIC,,30,Brasil,Português Brasil ,"Português Brasil, inglês ",inglês,Português Brasil:80|English:10|inglês:10,100,Português Brasil:80|English:10|inglês:10,100,Português Brasil:100|English:0|inglês:0,100,17,5,Bachelor's,10,10,10,5,6,8,12,28,28,28,Duolingo,90,,,,,16,25,B1,elementary|intermediate,elementary|intermediate,cambridge_15_21_random_elementary_intermediate,4,19,random,,,,,,,,,,,,,,,,,,,2026-07-06T21:59:09.647Z,QGFAEPFN,2026-07-06,2026-07-06,18:59:09,2026-07-06 18:59:09,,,,,,,,697a707b5bc42b2987347880,697a707b5bc42b2987347880,,,,
4894,raw_position_sample,2,2,int,18,3,17,18,-1,999,203,69,4363080.3999999985,697a707b5bc42b2987347880,697a707b5bc42b2987347880,intermediate,3,697a707b5bc42b2987347880,697a707b5bc42b2987347880,spotlight_PROLIFIC,,30,Brasil,Português Brasil ,"Português Brasil, inglês ",inglês,Português Brasil:80|English:10|inglês:10,100,Português Brasil:80|English:10|inglês:10,100,Português Brasil:100|English:0|inglês:0,100,17,5,Bachelor's,10,10,10,5,6,8,12,28,28,28,Duolingo,90,,,,,16,25,B1,elementary|intermediate,elementary|intermediate,cambridge_15_21_random_elementary_intermediate,4,19,random,,,,,,,,,,,,,,,,,,,2026-07-06T21:59:09.647Z,QGFAEPFN,2026-07-06,2026-07-06,18:59:09,2026-07-06 18:59:09,,,,,,,,697a707b5bc42b2987347880,697a707b5bc42b2987347880,,,,
4944,raw_position_sample,2,2,int,18,3,17,18,-1,999,200,64,4363130.5,697a707b5bc42b2987347880,697a707b5bc42b2987347880,intermediate,3,697a707b5bc42b2987347880,697a707b5bc42b2987347880,spotlight_PROLIFIC,,30,Brasil,Português Brasil ,"Português Brasil, inglês ",inglês,Português Brasil:80|English:10|inglês:10,100,Português Brasil:80|English:10|inglês:10,100,Português Brasil:100|English:0|inglês:0,100,17,5,Bachelor's,10,10,10,5,6,8,12,28,28,28,Duolingo,90,,,,,16,25,B1,elementary|intermediate,elementary|intermediate,cambridge_15_21_random_elementary_intermediate,4,19,random,,,,,,,,,,,,,,,,,,,2026-07-06T21:59:09.647Z,QGFAEPFN,2026-07-06,2026-07-06,18:59:09,2026-07-06 18:59:09,,,,,,,,697a707b5bc42b2987347880,697a707b5bc42b2987347880,,,,
4994,raw_position_sample,2,2,int,18,3,17,18,-1,999,200,62,4363180.699999999,697a707b5bc42b2987347880,697a707b5bc42b2987347880,intermediate,3,697a707b5bc42b2987347880,697a707b5bc42b2987347880,spotlight_PROLIFIC,,30,Brasil,Português Brasil ,"Português Brasil, inglês ",inglês,Português Brasil:80|English:10|inglês:10,100,Português Brasil:80|English:10|inglês:10,100,Português Brasil:100|English:0|inglês:0,100,17,5,Bachelor's,10,10,10,5,6,8,12,28,28,28,Duolingo,90,,,,,16,25,B1,elementary|intermediate,elementary|intermediate,cambridge_15_21_random_elementary_intermediate,4,19,random,,,,,,,,,,,,,,,,,,,2026-07-06T21:59:09.647Z,QGFAEPFN,2026-07-06,2026-07-06,18:59:09,2026-07-06 18:59:09,,,,,,,,697a707b5bc42b2987347880,697a707b5bc42b2987347880,,,,
5046,raw_position_sample,2,2,int,18,3,17,18,-1,999,200,62,4363232.5,697a707b5bc42b2987347880,697a707b5bc42b2987347880,intermediate,3,697a707b5bc42b2987347880,697a707b5bc42b2987347880,spotlight_PROLIFIC,,30,Brasil,Português Brasil ,"Português Brasil, inglês ",inglês,Português Brasil:80|English:10|inglês:10,100,Português Brasil:80|English:10|inglês:10,100,Português Brasil:100|English:0|inglês:0,100,17,5,Bachelor's,10,10,10,5,6,8,12,28,28,28,Duolingo,90,,,,,16,25,B1,elementary|intermediate,elementary|intermediate,cambridge_15_21_random_elementary_intermediate,4,19,random,,,,,,,,,,,,,,,,,,,2026-07-06T21:59:09.647Z,QGFAEPFN,2026-07-06,2026-07-06,18:59:09,2026-07-06 18:59:09,,,,,,,,697a707b5bc42b2987347880,697a707b5bc42b2987347880,,,,
5096,raw_position_sample,2,2,int,18,3,17,18,-1,999,200,62,4363282.599999998,697a707b5bc42b2987347880,697a707b5bc42b2987347880,intermediate,3,697a707b5bc42b2987347880,697a707b5bc42b2987347880,spotlight_PROLIFIC,,30,Brasil,Português Brasil ,"Português Brasil, inglês ",inglês,Português Brasil:80|English:10|inglês:10,100,Português Brasil:80|English:10|inglês:10,100,Português Brasil:100|English:0|inglês:0,100,17,5,Bachelor's,10,10,10,5,6,8,12,28,28,28,Duolingo,90,,,,,16,25,B1,elementary|intermediate,elementary|intermediate,cambridge_15_21_random_elementary_intermediate,4,19,random,,,,,,,,,,,,,,,,,,,2026-07-06T21:59:09.647Z,QGFAEPFN,2026-07-06,2026-07-06,18:59:09,2026-07-06 18:59:09,,,,,,,,697a707b5bc42b2987347880,697a707b5bc42b2987347880,,,,
5145,raw_position_sample,2,2,int,18,3,17,18,-1,999,200,62,4363330.8999999985,697a707b5bc42b2987347880,697a707b5bc42b2987347880,intermediate,3,697a707b5bc42b2987347880,697a707b5bc42b2987347880,spotlight_PROLIFIC,,30,Brasil,Português Brasil ,"Português Brasil, inglês ",inglês,Português Brasil:80|English:10|inglês:10,100,Português Brasil:80|English:10|inglês:10,100,Português Brasil:100|English:0|inglês:0,100,17,5,Bachelor's,10,10,10,5,6,8,12,28,28,28,Duolingo,90,,,,,16,25,B1,elementary|intermediate,elementary|intermediate,cambridge_15_21_random_elementary_intermediate,4,19,random,,,,,,,,,,,,,,,,,,,2026-07-06T21:59:09.647Z,QGFAEPFN,2026-07-06,2026-07-06,18:59:09,2026-07-06 18:59:09,,,,,,,,697a707b5bc42b2987347880,697a707b5bc42b2987347880,,,,
5195,raw_position_sample,2,2,int,18,3,17,18,-1,999,200,62,4363381.199999999,697a707b5bc42b2987347880,697a707b5bc42b2987347880,intermediate,3,697a707b5bc42b2987347880,697a707b5bc42b2987347880,spotlight_PROLIFIC,,30,Brasil,Português Brasil ,"Português Brasil, inglês ",inglês,Português Brasil:80|English:10|inglês:10,100,Português Brasil:80|English:10|inglês:10,100,Português Brasil:100|English:0|inglês:0,100,17,5,Bachelor's,10,10,10,5,6,8,12,28,28,28,Duolingo,90,,,,,16,25,B1,elementary|intermediate,elementary|intermediate,cambridge_15_21_random_elementary_intermediate,4,19,random,,,,,,,,,,,,,,,,,,,2026-07-06T21:59:09.647Z,QGFAEPFN,2026-07-06,2026-07-06,18:59:09,2026-07-06 18:59:09,,,,,,,,697a707b5bc42b2987347880,697a707b5bc42b2987347880,,,,
5245,raw_position_sample,2,2,int,18,3,17,18,-1,999,200,62,4363431.3999999985,697a707b5bc42b2987347880,697a707b5bc42b2987347880,intermediate,3,697a707b5bc42b2987347880,697a707b5bc42b2987347880,spotlight_PROLIFIC,,30,Brasil,Português Brasil ,"Português Brasil, inglês ",inglês,Português Brasil:80|English:10|inglês:10,100,Português Brasil:80|English:10|inglês:10,100,Português Brasil:100|English:0|inglês:0,100,17,5,Bachelor's,10,10,10,5,6,8,12,28,28,28,Duolingo,90,,,,,16,25,B1,elementary|intermediate,elementary|intermediate,cambridge_15_21_random_elementary_intermediate,4,19,random,,,,,,,,,,,,,,,,,,,2026-07-06T21:59:09.647Z,QGFAEPFN,2026-07-06,2026-07-06,18:59:09,2026-07-06 18:59:09,,,,,,,,697a707b5bc42b2987347880,697a707b5bc42b2987347880,,,,
5294,raw_position_sample,2,2,int,18,3,17,18,-1,999,204,64,4363480.599999998,697a707b5bc42b2987347880,697a707b5bc42b2987347880,intermediate,3,697a707b5bc42b2987347880,697a707b5bc42b2987347880,spotlight_PROLIFIC,,30,Brasil,Português Brasil ,"Português Brasil, inglês ",inglês,Português Brasil:80|English:10|inglês:10,100,Português Brasil:80|English:10|inglês:10,100,Português Brasil:100|English:0|inglês:0,100,17,5,Bachelor's,10,10,10,5,6,8,12,28,28,28,Duolingo,90,,,,,16,25,B1,elementary|intermediate,elementary|intermediate,cambridge_15_21_random_elementary_intermediate,4,19,random,,,,,,,,,,,,,,,,,,,2026-07-06T21:59:09.647Z,QGFAEPFN,2026-07-06,2026-07-06,18:59:09,2026-07-06 18:59:09,,,,,,,,697a707b5bc42b2987347880,697a707b5bc42b2987347880,,,,
5344,raw_position_sample,2,2,int,18,3,17,18,-1,999,214,70,4363530.3999999985,697a707b5bc42b2987347880,697a707b5bc42b2987347880,intermediate,3,697a707b5bc42b2987347880,697a707b5bc42b2987347880,spotlight_PROLIFIC,,30,Brasil,Português Brasil ,"Português Brasil, inglês ",inglês,Português Brasil:80|English:10|inglês:10,100,Português Brasil:80|English:10|inglês:10,100,Português Brasil:100|English:0|inglês:0,100,17,5,Bachelor's,10,10,10,5,6,8,12,28,28,28,Duolingo,90,,,,,16,25,B1,elementary|intermediate,elementary|intermediate,cambridge_15_21_random_elementary_intermediate,4,19,random,,,,,,,,,,,,,,,,,,,2026-07-06T21:59:09.647Z,QGFAEPFN,2026-07-06,2026-07-06,18:59:09,2026-07-06 18:59:09,,,,,,,,697a707b5bc42b2987347880,697a707b5bc42b2987347880,,,,
5394,raw_position_sample,2,2,int,18,3,17,18,-1,999,221,74,4363580.5,697a707b5bc42b2987347880,697a707b5bc42b2987347880,intermediate,3,697a707b5bc42b2987347880,697a707b5bc42b2987347880,spotlight_PROLIFIC,,30,Brasil,Português Brasil ,"Português Brasil, inglês ",inglês,Português Brasil:80|English:10|inglês:10,100,Português Brasil:80|English:10|inglês:10,100,Português Brasil:100|English:0|inglês:0,100,17,5,Bachelor's,10,10,10,5,6,8,12,28,28,28,Duolingo,90,,,,,16,25,B1,elementary|intermediate,elementary|intermediate,cambridge_15_21_random_elementary_intermediate,4,19,random,,,,,,,,,,,,,,,,,,,2026-07-06T21:59:09.647Z,QGFAEPFN,2026-07-06,2026-07-06,18:59:09,2026-07-06 18:59:09,,,,,,,,697a707b5bc42b2987347880,697a707b5bc42b2987347880,,,,
5444,raw_position_sample,2,2,int,18,3,17,18,-1,999,221,74,4363630.599999998,697a707b5bc42b2987347880,697a707b5bc42b2987347880,intermediate,3,697a707b5bc42b2987347880,697a707b5bc42b2987347880,spotlight_PROLIFIC,,30,Brasil,Português Brasil ,"Português Brasil, inglês ",inglês,Português Brasil:80|English:10|inglês:10,100,Português Brasil:80|English:10|inglês:10,100,Português Brasil:100|English:0|inglês:0,100,17,5,Bachelor's,10,10,10,5,6,8,12,28,28,28,Duolingo,90,,,,,16,25,B1,elementary|intermediate,elementary|intermediate,cambridge_15_21_random_elementary_intermediate,4,19,random,,,,,,,,,,,,,,,,,,,2026-07-06T21:59:09.647Z,QGFAEPFN,2026-07-06,2026-07-06,18:59:09,2026-07-06 18:59:09,,,,,,,,697a707b5bc42b2987347880,697a707b5bc42b2987347880,,,,
5495,raw_position_sample,2,2,int,18,3,17,18,-1,999,221,74,4363680.8999999985,697a707b5bc42b2987347880,697a707b5bc42b2987347880,intermediate,3,697a707b5bc42b2987347880,697a707b5bc42b2987347880,spotlight_PROLIFIC,,30,Brasil,Português Brasil ,"Português Brasil, inglês ",inglês,Português Brasil:80|English:10|inglês:10,100,Português Brasil:80|English:10|inglês:10,100,Português Brasil:100|English:0|inglês:0,100,17,5,Bachelor's,10,10,10,5,6,8,12,28,28,28,Duolingo,90,,,,,16,25,B1,elementary|intermediate,elementary|intermediate,cambridge_15_21_random_elementary_intermediate,4,19,random,,,,,,,,,,,,,,,,,,,2026-07-06T21:59:09.647Z,QGFAEPFN,2026-07-06,2026-07-06,18:59:09,2026-07-06 18:59:09,,,,,,,,697a707b5bc42b2987347880,697a707b5bc42b2987347880,,,,
5545,raw_position_sample,2,2,int,18,3,17,18,-1,999,221,74,4363731,697a707b5bc42b2987347880,697a707b5bc42b2987347880,intermediate,3,697a707b5bc42b2987347880,697a707b5bc42b2987347880,spotlight_PROLIFIC,,30,Brasil,Português Brasil ,"Português Brasil, inglês ",inglês,Português Brasil:80|English:10|inglês:10,100,Português Brasil:80|English:10|inglês:10,100,Português Brasil:100|English:0|inglês:0,100,17,5,Bachelor's,10,10,10,5,6,8,12,28,28,28,Duolingo,90,,,,,16,25,B1,elementary|intermediate,elementary|intermediate,cambridge_15_21_random_elementary_intermediate,4,19,random,,,,,,,,,,,,,,,,,,,2026-07-06T21:59:09.647Z,QGFAEPFN,2026-07-06,2026-07-06,18:59:09,2026-07-06 18:59:09,,,,,,,,697a707b5bc42b2987347880,697a707b5bc42b2987347880,,,,
5595,raw_position_sample,2,2,int,18,3,17,18,-1,999,221,74,4363781,697a707b5bc42b2987347880,697a707b5bc42b2987347880,intermediate,3,697a707b5bc42b2987347880,697a707b5bc42b2987347880,spotlight_PROLIFIC,,30,Brasil,Português Brasil ,"Português Brasil, inglês ",inglês,Português Brasil:80|English:10|inglês:10,100,Português Brasil:80|English:10|inglês:10,100,Português Brasil:100|English:0|inglês:0,100,17,5,Bachelor's,10,10,10,5,6,8,12,28,28,28,Duolingo,90,,,,,16,25,B1,elementary|intermediate,elementary|intermediate,cambridge_15_21_random_elementary_intermediate,4,19,random,,,,,,,,,,,,,,,,,,,2026-07-06T21:59:09.647Z,QGFAEPFN,2026-07-06,2026-07-06,18:59:09,2026-07-06 18:59:09,,,,,,,,697a707b5bc42b2987347880,697a707b5bc42b2987347880,,,,
5645,raw_position_sample,2,2,int,18,3,17,18,-1,999,221,74,4363830.8999999985,697a707b5bc42b2987347880,697a707b5bc42b2987347880,intermediate,3,697a707b5bc42b2987347880,697a707b5bc42b2987347880,spotlight_PROLIFIC,,30,Brasil,Português Brasil ,"Português Brasil, inglês ",inglês,Português Brasil:80|English:10|inglês:10,100,Português Brasil:80|English:10|inglês:10,100,Português Brasil:100|English:0|inglês:0,100,17,5,Bachelor's,10,10,10,5,6,8,12,28,28,28,Duolingo,90,,,,,16,25,B1,elementary|intermediate,elementary|intermediate,cambridge_15_21_random_elementary_intermediate,4,19,random,,,,,,,,,,,,,,,,,,,2026-07-06T21:59:09.647Z,QGFAEPFN,2026-07-06,2026-07-06,18:59:09,2026-07-06 18:59:09,,,,,,,,697a707b5bc42b2987347880,697a707b5bc42b2987347880,,,,
5695,raw_position_sample,2,2,int,18,3,17,18,-1,999,221,74,4363881.099999998,697a707b5bc42b2987347880,697a707b5bc42b2987347880,intermediate,3,697a707b5bc42b2987347880,697a707b5bc42b2987347880,spotlight_PROLIFIC,,30,Brasil,Português Brasil ,"Português Brasil, inglês ",inglês,Português Brasil:80|English:10|inglês:10,100,Português Brasil:80|English:10|inglês:10,100,Português Brasil:100|English:0|inglês:0,100,17,5,Bachelor's,10,10,10,5,6,8,12,28,28,28,Duolingo,90,,,,,16,25,B1,elementary|intermediate,elementary|intermediate,cambridge_15_21_random_elementary_intermediate,4,19,random,,,,,,,,,,,,,,,,,,,2026-07-06T21:59:09.647Z,QGFAEPFN,2026-07-06,2026-07-06,18:59:09,2026-07-06 18:59:09,,,,,,,,697a707b5bc42b2987347880,697a707b5bc42b2987347880,,,,
5745,raw_position_sample,2,2,int,18,3,17,18,-1,999,221,74,4363930.8999999985,697a707b5bc42b2987347880,697a707b5bc42b2987347880,intermediate,3,697a707b5bc42b2987347880,697a707b5bc42b2987347880,spotlight_PROLIFIC,,30,Brasil,Português Brasil ,"Português Brasil, inglês ",inglês,Português Brasil:80|English:10|inglês:10,100,Português Brasil:80|English:10|inglês:10,100,Português Brasil:100|English:0|inglês:0,100,17,5,Bachelor's,10,10,10,5,6,8,12,28,28,28,Duolingo,90,,,,,16,25,B1,elementary|intermediate,elementary|intermediate,cambridge_15_21_random_elementary_intermediate,4,19,random,,,,,,,,,,,,,,,,,,,2026-07-06T21:59:09.647Z,QGFAEPFN,2026-07-06,2026-07-06,18:59:09,2026-07-06 18:59:09,,,,,,,,697a707b5bc42b2987347880,697a707b5bc42b2987347880,,,,
5795,raw_position_sample,2,2,int,18,3,17,18,-1,999,221,74,4363980.8999999985,697a707b5bc42b2987347880,697a707b5bc42b2987347880,intermediate,3,697a707b5bc42b2987347880,697a707b5bc42b2987347880,spotlight_PROLIFIC,,30,Brasil,Português Brasil ,"Português Brasil, inglês ",inglês,Português Brasil:80|English:10|inglês:10,100,Português Brasil:80|English:10|inglês:10,100,Português Brasil:100|English:0|inglês:0,100,17,5,Bachelor's,10,10,10,5,6,8,12,28,28,28,Duolingo,90,,,,,16,25,B1,elementary|intermediate,elementary|intermediate,cambridge_15_21_random_elementary_intermediate,4,19,random,,,,,,,,,,,,,,,,,,,2026-07-06T21:59:09.647Z,QGFAEPFN,2026-07-06,2026-07-06,18:59:09,2026-07-06 18:59:09,,,,,,,,697a707b5bc42b2987347880,697a707b5bc42b2987347880,,,,
5845,raw_position_sample,2,2,int,18,3,17,18,-1,999,221,74,4364031.199999999,697a707b5bc42b2987347880,697a707b5bc42b2987347880,intermediate,3,697a707b5bc42b2987347880,697a707b5bc42b2987347880,spotlight_PROLIFIC,,30,Brasil,Português Brasil ,"Português Brasil, inglês ",inglês,Português Brasil:80|English:10|inglês:10,100,Português Brasil:80|English:10|inglês:10,100,Português Brasil:100|English:0|inglês:0,100,17,5,Bachelor's,10,10,10,5,6,8,12,28,28,28,Duolingo,90,,,,,16,25,B1,elementary|intermediate,elementary|intermediate,cambridge_15_21_random_elementary_intermediate,4,19,random,,,,,,,,,,,,,,,,,,,2026-07-06T21:59:09.647Z,QGFAEPFN,2026-07-06,2026-07-06,18:59:09,2026-07-06 18:59:09,,,,,,,,697a707b5bc42b2987347880,697a707b5bc42b2987347880,,,,
5895,raw_position_sample,2,2,int,18,3,17,18,-1,999,221,74,4364081.199999999,697a707b5bc42b2987347880,697a707b5bc42b2987347880,intermediate,3,697a707b5bc42b2987347880,697a707b5bc42b2987347880,spotlight_PROLIFIC,,30,Brasil,Português Brasil ,"Português Brasil, inglês ",inglês,Português Brasil:80|English:10|inglês:10,100,Português Brasil:80|English:10|inglês:10,100,Português Brasil:100|English:0|inglês:0,100,17,5,Bachelor's,10,10,10,5,6,8,12,28,28,28,Duolingo,90,,,,,16,25,B1,elementary|intermediate,elementary|intermediate,cambridge_15_21_random_elementary_intermediate,4,19,random,,,,,,,,,,,,,,,,,,,2026-07-06T21:59:09.647Z,QGFAEPFN,2026-07-06,2026-07-06,18:59:09,2026-07-06 18:59:09,,,,,,,,697a707b5bc42b2987347880,697a707b5bc42b2987347880,,,,
5947,raw_position_sample,2,2,int,18,3,17,18,-1,999,221,74,4364132.8999999985,697a707b5bc42b2987347880,697a707b5bc42b2987347880,intermediate,3,697a707b5bc42b2987347880,697a707b5bc42b2987347880,spotlight_PROLIFIC,,30,Brasil,Português Brasil ,"Português Brasil, inglês ",inglês,Português Brasil:80|English:10|inglês:10,100,Português Brasil:80|English:10|inglês:10,100,Português Brasil:100|English:0|inglês:0,100,17,5,Bachelor's,10,10,10,5,6,8,12,28,28,28,Duolingo,90,,,,,16,25,B1,elementary|intermediate,elementary|intermediate,cambridge_15_21_random_elementary_intermediate,4,19,random,,,,,,,,,,,,,,,,,,,2026-07-06T21:59:09.647Z,QGFAEPFN,2026-07-06,2026-07-06,18:59:09,2026-07-06 18:59:09,,,,,,,,697a707b5bc42b2987347880,697a707b5bc42b2987347880,,,,
5997,raw_position_sample,2,2,int,18,3,17,18,-1,999,221,74,4364182.799999997,697a707b5bc42b2987347880,697a707b5bc42b2987347880,intermediate,3,697a707b5bc42b2987347880,697a707b5bc42b2987347880,spotlight_PROLIFIC,,30,Brasil,Português Brasil ,"Português Brasil, inglês ",inglês,Português Brasil:80|English:10|inglês:10,100,Português Brasil:80|English:10|inglês:10,100,Português Brasil:100|English:0|inglês:0,100,17,5,Bachelor's,10,10,10,5,6,8,12,28,28,28,Duolingo,90,,,,,16,25,B1,elementary|intermediate,elementary|intermediate,cambridge_15_21_random_elementary_intermediate,4,19,random,,,,,,,,,,,,,,,,,,,2026-07-06T21:59:09.647Z,QGFAEPFN,2026-07-06,2026-07-06,18:59:09,2026-07-06 18:59:09,,,,,,,,697a707b5bc42b2987347880,697a707b5bc42b2987347880,,,,
6047,raw_position_sample,2,2,int,18,3,17,18,-1,999,221,74,4364233.099999998,697a707b5bc42b2987347880,697a707b5bc42b2987347880,intermediate,3,697a707b5bc42b2987347880,697a707b5bc42b2987347880,spotlight_PROLIFIC,,30,Brasil,Português Brasil ,"Português Brasil, inglês ",inglês,Português Brasil:80|English:10|inglês:10,100,Português Brasil:80|English:10|inglês:10,100,Português Brasil:100|English:0|inglês:0,100,17,5,Bachelor's,10,10,10,5,6,8,12,28,28,28,Duolingo,90,,,,,16,25,B1,elementary|intermediate,elementary|intermediate,cambridge_15_21_random_elementary_intermediate,4,19,random,,,,,,,,,,,,,,,,,,,2026-07-06T21:59:09.647Z,QGFAEPFN,2026-07-06,2026-07-06,18:59:09,2026-07-06 18:59:09,,,,,,,,697a707b5bc42b2987347880,697a707b5bc42b2987347880,,,,
6097,raw_position_sample,2,2,int,18,3,17,18,-1,999,221,74,4364282.8999999985,697a707b5bc42b2987347880,697a707b5bc42b2987347880,intermediate,3,697a707b5bc42b2987347880,697a707b5bc42b2987347880,spotlight_PROLIFIC,,30,Brasil,Português Brasil ,"Português Brasil, inglês ",inglês,Português Brasil:80|English:10|inglês:10,100,Português Brasil:80|English:10|inglês:10,100,Português Brasil:100|English:0|inglês:0,100,17,5,Bachelor's,10,10,10,5,6,8,12,28,28,28,Duolingo,90,,,,,16,25,B1,elementary|intermediate,elementary|intermediate,cambridge_15_21_random_elementary_intermediate,4,19,random,,,,,,,,,,,,,,,,,,,2026-07-06T21:59:09.647Z,QGFAEPFN,2026-07-06,2026-07-06,18:59:09,2026-07-06 18:59:09,,,,,,,,697a707b5bc42b2987347880,697a707b5bc42b2987347880,,,,
6147,raw_position_sample,2,2,int,18,3,17,18,-1,999,221,74,4364333.099999998,697a707b5bc42b2987347880,697a707b5bc42b2987347880,intermediate,3,697a707b5bc42b2987347880,697a707b5bc42b2987347880,spotlight_PROLIFIC,,30,Brasil,Português Brasil ,"Português Brasil, inglês ",inglês,Português Brasil:80|English:10|inglês:10,100,Português Brasil:80|English:10|inglês:10,100,Português Brasil:100|English:0|inglês:0,100,17,5,Bachelor's,10,10,10,5,6,8,12,28,28,28,Duolingo,90,,,,,16,25,B1,elementary|intermediate,elementary|intermediate,cambridge_15_21_random_elementary_intermediate,4,19,random,,,,,,,,,,,,,,,,,,,2026-07-06T21:59:09.647Z,QGFAEPFN,2026-07-06,2026-07-06,18:59:09,2026-07-06 18:59:09,,,,,,,,697a707b5bc42b2987347880,697a707b5bc42b2987347880,,,,
6198,raw_position_sample,2,2,int,18,3,17,18,-1,999,221,74,4364383.8999999985,697a707b5bc42b2987347880,697a707b5bc42b2987347880,intermediate,3,697a707b5bc42b2987347880,697a707b5bc42b2987347880,spotlight_PROLIFIC,,30,Brasil,Português Brasil ,"Português Brasil, inglês ",inglês,Português Brasil:80|English:10|inglês:10,100,Português Brasil:80|English:10|inglês:10,100,Português Brasil:100|English:0|inglês:0,100,17,5,Bachelor's,10,10,10,5,6,8,12,28,28,28,Duolingo,90,,,,,16,25,B1,elementary|intermediate,elementary|intermediate,cambridge_15_21_random_elementary_intermediate,4,19,random,,,,,,,,,,,,,,,,,,,2026-07-06T21:59:09.647Z,QGFAEPFN,2026-07-06,2026-07-06,18:59:09,2026-07-06 18:59:09,,,,,,,,697a707b5bc42b2987347880,697a707b5bc42b2987347880,,,,
6247,raw_position_sample,2,2,int,18,3,17,18,-1,999,221,74,4364433,697a707b5bc42b2987347880,697a707b5bc42b2987347880,intermediate,3,697a707b5bc42b2987347880,697a707b5bc42b2987347880,spotlight_PROLIFIC,,30,Brasil,Português Brasil ,"Português Brasil, inglês ",inglês,Português Brasil:80|English:10|inglês:10,100,Português Brasil:80|English:10|inglês:10,100,Português Brasil:100|English:0|inglês:0,100,17,5,Bachelor's,10,10,10,5,6,8,12,28,28,28,Duolingo,90,,,,,16,25,B1,elementary|intermediate,elementary|intermediate,cambridge_15_21_random_elementary_intermediate,4,19,random,,,,,,,,,,,,,,,,,,,2026-07-06T21:59:09.647Z,QGFAEPFN,2026-07-06,2026-07-06,18:59:09,2026-07-06 18:59:09,,,,,,,,697a707b5bc42b2987347880,697a707b5bc42b2987347880,,,,
6297,raw_position_sample,2,2,int,18,3,17,18,-1,999,221,74,4364482.799999997,697a707b5bc42b2987347880,697a707b5bc42b2987347880,intermediate,3,697a707b5bc42b2987347880,697a707b5bc42b2987347880,spotlight_PROLIFIC,,30,Brasil,Português Brasil ,"Português Brasil, inglês ",inglês,Português Brasil:80|English:10|inglês:10,100,Português Brasil:80|English:10|inglês:10,100,Português Brasil:100|English:0|inglês:0,100,17,5,Bachelor's,10,10,10,5,6,8,12,28,28,28,Duolingo,90,,,,,16,25,B1,elementary|intermediate,elementary|intermediate,cambridge_15_21_random_elementary_intermediate,4,19,random,,,,,,,,,,,,,,,,,,,2026-07-06T21:59:09.647Z,QGFAEPFN,2026-07-06,2026-07-06,18:59:09,2026-07-06 18:59:09,,,,,,,,697a707b5bc42b2987347880,697a707b5bc42b2987347880,,,,
6347,raw_position_sample,2,2,int,18,3,17,18,-1,999,221,74,4364533,697a707b5bc42b2987347880,697a707b5bc42b2987347880,intermediate,3,697a707b5bc42b2987347880,697a707b5bc42b2987347880,spotlight_PROLIFIC,,30,Brasil,Português Brasil ,"Português Brasil, inglês ",inglês,Português Brasil:80|English:10|inglês:10,100,Português Brasil:80|English:10|inglês:10,100,Português Brasil:100|English:0|inglês:0,100,17,5,Bachelor's,10,10,10,5,6,8,12,28,28,28,Duolingo,90,,,,,16,25,B1,elementary|intermediate,elementary|intermediate,cambridge_15_21_random_elementary_intermediate,4,19,random,,,,,,,,,,,,,,,,,,,2026-07-06T21:59:09.647Z,QGFAEPFN,2026-07-06,2026-07-06,18:59:09,2026-07-06 18:59:09,,,,,,,,697a707b5bc42b2987347880,697a707b5bc42b2987347880,,,,
6395,raw_position_sample,2,2,int,18,3,17,18,-1,999,221,74,4364581.199999999,697a707b5bc42b2987347880,697a707b5bc42b2987347880,intermediate,3,697a707b5bc42b2987347880,697a707b5bc42b2987347880,spotlight_PROLIFIC,,30,Brasil,Português Brasil ,"Português Brasil, inglês ",inglês,Português Brasil:80|English:10|inglês:10,100,Português Brasil:80|English:10|inglês:10,100,Português Brasil:100|English:0|inglês:0,100,17,5,Bachelor's,10,10,10,5,6,8,12,28,28,28,Duolingo,90,,,,,16,25,B1,elementary|intermediate,elementary|intermediate,cambridge_15_21_random_elementary_intermediate,4,19,random,,,,,,,,,,,,,,,,,,,2026-07-06T21:59:09.647Z,QGFAEPFN,2026-07-06,2026-07-06,18:59:09,2026-07-06 18:59:09,,,,,,,,697a707b5bc42b2987347880,697a707b5bc42b2987347880,,,,
6444,raw_position_sample,2,2,int,18,3,17,18,-1,999,221,72,4364630.3999999985,697a707b5bc42b2987347880,697a707b5bc42b2987347880,intermediate,3,697a707b5bc42b2987347880,697a707b5bc42b2987347880,spotlight_PROLIFIC,,30,Brasil,Português Brasil ,"Português Brasil, inglês ",inglês,Português Brasil:80|English:10|inglês:10,100,Português Brasil:80|English:10|inglês:10,100,Português Brasil:100|English:0|inglês:0,100,17,5,Bachelor's,10,10,10,5,6,8,12,28,28,28,Duolingo,90,,,,,16,25,B1,elementary|intermediate,elementary|intermediate,cambridge_15_21_random_elementary_intermediate,4,19,random,,,,,,,,,,,,,,,,,,,2026-07-06T21:59:09.647Z,QGFAEPFN,2026-07-06,2026-07-06,18:59:09,2026-07-06 18:59:09,,,,,,,,697a707b5bc42b2987347880,697a707b5bc42b2987347880,,,,
6496,raw_position_sample,2,2,int,18,3,17,18,-1,999,221,72,4364681.8999999985,697a707b5bc42b2987347880,697a707b5bc42b2987347880,intermediate,3,697a707b5bc42b2987347880,697a707b5bc42b2987347880,spotlight_PROLIFIC,,30,Brasil,Português Brasil ,"Português Brasil, inglês ",inglês,Português Brasil:80|English:10|inglês:10,100,Português Brasil:80|English:10|inglês:10,100,Português Brasil:100|English:0|inglês:0,100,17,5,Bachelor's,10,10,10,5,6,8,12,28,28,28,Duolingo,90,,,,,16,25,B1,elementary|intermediate,elementary|intermediate,cambridge_15_21_random_elementary_intermediate,4,19,random,,,,,,,,,,,,,,,,,,,2026-07-06T21:59:09.647Z,QGFAEPFN,2026-07-06,2026-07-06,18:59:09,2026-07-06 18:59:09,,,,,,,,697a707b5bc42b2987347880,697a707b5bc42b2987347880,,,,
6546,raw_position_sample,2,2,int,18,3,17,18,-1,999,221,72,4364732.5,697a707b5bc42b2987347880,697a707b5bc42b2987347880,intermediate,3,697a707b5bc42b2987347880,697a707b5bc42b2987347880,spotlight_PROLIFIC,,30,Brasil,Português Brasil ,"Português Brasil, inglês ",inglês,Português Brasil:80|English:10|inglês:10,100,Português Brasil:80|English:10|inglês:10,100,Português Brasil:100|English:0|inglês:0,100,17,5,Bachelor's,10,10,10,5,6,8,12,28,28,28,Duolingo,90,,,,,16,25,B1,elementary|intermediate,elementary|intermediate,cambridge_15_21_random_elementary_intermediate,4,19,random,,,,,,,,,,,,,,,,,,,2026-07-06T21:59:09.647Z,QGFAEPFN,2026-07-06,2026-07-06,18:59:09,2026-07-06 18:59:09,,,,,,,,697a707b5bc42b2987347880,697a707b5bc42b2987347880,,,,
6595,raw_position_sample,2,2,int,18,3,17,18,-1,999,221,72,4364781,697a707b5bc42b2987347880,697a707b5bc42b2987347880,intermediate,3,697a707b5bc42b2987347880,697a707b5bc42b2987347880,spotlight_PROLIFIC,,30,Brasil,Português Brasil ,"Português Brasil, inglês ",inglês,Português Brasil:80|English:10|inglês:10,100,Português Brasil:80|English:10|inglês:10,100,Português Brasil:100|English:0|inglês:0,100,17,5,Bachelor's,10,10,10,5,6,8,12,28,28,28,Duolingo,90,,,,,16,25,B1,elementary|intermediate,elementary|intermediate,cambridge_15_21_random_elementary_intermediate,4,19,random,,,,,,,,,,,,,,,,,,,2026-07-06T21:59:09.647Z,QGFAEPFN,2026-07-06,2026-07-06,18:59:09,2026-07-06 18:59:09,,,,,,,,697a707b5bc42b2987347880,697a707b5bc42b2987347880,,,,
6645,raw_position_sample,2,2,int,18,3,17,18,-1,999,221,72,4364831.099999998,697a707b5bc42b2987347880,697a707b5bc42b2987347880,intermediate,3,697a707b5bc42b2987347880,697a707b5bc42b2987347880,spotlight_PROLIFIC,,30,Brasil,Português Brasil ,"Português Brasil, inglês ",inglês,Português Brasil:80|English:10|inglês:10,100,Português Brasil:80|English:10|inglês:10,100,Português Brasil:100|English:0|inglês:0,100,17,5,Bachelor's,10,10,10,5,6,8,12,28,28,28,Duolingo,90,,,,,16,25,B1,elementary|intermediate,elementary|intermediate,cambridge_15_21_random_elementary_intermediate,4,19,random,,,,,,,,,,,,,,,,,,,2026-07-06T21:59:09.647Z,QGFAEPFN,2026-07-06,2026-07-06,18:59:09,2026-07-06 18:59:09,,,,,,,,697a707b5bc42b2987347880,697a707b5bc42b2987347880,,,,
6695,raw_position_sample,2,2,int,18,3,17,18,-1,999,221,72,4364881,697a707b5bc42b2987347880,697a707b5bc42b2987347880,intermediate,3,697a707b5bc42b2987347880,697a707b5bc42b2987347880,spotlight_PROLIFIC,,30,Brasil,Português Brasil ,"Português Brasil, inglês ",inglês,Português Brasil:80|English:10|inglês:10,100,Português Brasil:80|English:10|inglês:10,100,Português Brasil:100|English:0|inglês:0,100,17,5,Bachelor's,10,10,10,5,6,8,12,28,28,28,Duolingo,90,,,,,16,25,B1,elementary|intermediate,elementary|intermediate,cambridge_15_21_random_elementary_intermediate,4,19,random,,,,,,,,,,,,,,,,,,,2026-07-06T21:59:09.647Z,QGFAEPFN,2026-07-06,2026-07-06,18:59:09,2026-07-06 18:59:09,,,,,,,,697a707b5bc42b2987347880,697a707b5bc42b2987347880,,,,
6745,raw_position_sample,2,2,int,18,3,17,18,-1,999,221,72,4364931,697a707b5bc42b2987347880,697a707b5bc42b2987347880,intermediate,3,697a707b5bc42b2987347880,697a707b5bc42b2987347880,spotlight_PROLIFIC,,30,Brasil,Português Brasil ,"Português Brasil, inglês ",inglês,Português Brasil:80|English:10|inglês:10,100,Português Brasil:80|English:10|inglês:10,100,Português Brasil:100|English:0|inglês:0,100,17,5,Bachelor's,10,10,10,5,6,8,12,28,28,28,Duolingo,90,,,,,16,25,B1,elementary|intermediate,elementary|intermediate,cambridge_15_21_random_elementary_intermediate,4,19,random,,,,,,,,,,,,,,,,,,,2026-07-06T21:59:09.647Z,QGFAEPFN,2026-07-06,2026-07-06,18:59:09,2026-07-06 18:59:09,,,,,,,,697a707b5bc42b2987347880,697a707b5bc42b2987347880,,,,
6797,raw_position_sample,2,2,int,18,3,17,18,-1,999,221,72,4364982.8999999985,697a707b5bc42b2987347880,697a707b5bc42b2987347880,intermediate,3,697a707b5bc42b2987347880,697a707b5bc42b2987347880,spotlight_PROLIFIC,,30,Brasil,Português Brasil ,"Português Brasil, inglês ",inglês,Português Brasil:80|English:10|inglês:10,100,Português Brasil:80|English:10|inglês:10,100,Português Brasil:100|English:0|inglês:0,100,17,5,Bachelor's,10,10,10,5,6,8,12,28,28,28,Duolingo,90,,,,,16,25,B1,elementary|intermediate,elementary|intermediate,cambridge_15_21_random_elementary_intermediate,4,19,random,,,,,,,,,,,,,,,,,,,2026-07-06T21:59:09.647Z,QGFAEPFN,2026-07-06,2026-07-06,18:59:09,2026-07-06 18:59:09,,,,,,,,697a707b5bc42b2987347880,697a707b5bc42b2987347880,,,,
6845,raw_position_sample,2,2,int,18,3,17,18,-1,999,221,72,4365030.8999999985,697a707b5bc42b2987347880,697a707b5bc42b2987347880,intermediate,3,697a707b5bc42b2987347880,697a707b5bc42b2987347880,spotlight_PROLIFIC,,30,Brasil,Português Brasil ,"Português Brasil, inglês ",inglês,Português Brasil:80|English:10|inglês:10,100,Português Brasil:80|English:10|inglês:10,100,Português Brasil:100|English:0|inglês:0,100,17,5,Bachelor's,10,10,10,5,6,8,12,28,28,28,Duolingo,90,,,,,16,25,B1,elementary|intermediate,elementary|intermediate,cambridge_15_21_random_elementary_intermediate,4,19,random,,,,,,,,,,,,,,,,,,,2026-07-06T21:59:09.647Z,QGFAEPFN,2026-07-06,2026-07-06,18:59:09,2026-07-06 18:59:09,,,,,,,,697a707b5bc42b2987347880,697a707b5bc42b2987347880,,,,
6895,raw_position_sample,2,2,int,18,3,17,18,-1,999,221,72,4365081.099999998,697a707b5bc42b2987347880,697a707b5bc42b2987347880,intermediate,3,697a707b5bc42b2987347880,697a707b5bc42b2987347880,spotlight_PROLIFIC,,30,Brasil,Português Brasil ,"Português Brasil, inglês ",inglês,Português Brasil:80|English:10|inglês:10,100,Português Brasil:80|English:10|inglês:10,100,Português Brasil:100|English:0|inglês:0,100,17,5,Bachelor's,10,10,10,5,6,8,12,28,28,28,Duolingo,90,,,,,16,25,B1,elementary|intermediate,elementary|intermediate,cambridge_15_21_random_elementary_intermediate,4,19,random,,,,,,,,,,,,,,,,,,,2026-07-06T21:59:09.647Z,QGFAEPFN,2026-07-06,2026-07-06,18:59:09,2026-07-06 18:59:09,,,,,,,,697a707b5bc42b2987347880,697a707b5bc42b2987347880,,,,
6945,raw_position_sample,2,2,int,18,3,17,18,-1,999,221,72,4365131.099999998,697a707b5bc42b2987347880,697a707b5bc42b2987347880,intermediate,3,697a707b5bc42b2987347880,697a707b5bc42b2987347880,spotlight_PROLIFIC,,30,Brasil,Português Brasil ,"Português Brasil, inglês ",inglês,Português Brasil:80|English:10|inglês:10,100,Português Brasil:80|English:10|inglês:10,100,Português Brasil:100|English:0|inglês:0,100,17,5,Bachelor's,10,10,10,5,6,8,12,28,28,28,Duolingo,90,,,,,16,25,B1,elementary|intermediate,elementary|intermediate,cambridge_15_21_random_elementary_intermediate,4,19,random,,,,,,,,,,,,,,,,,,,2026-07-06T21:59:09.647Z,QGFAEPFN,2026-07-06,2026-07-06,18:59:09,2026-07-06 18:59:09,,,,,,,,697a707b5bc42b2987347880,697a707b5bc42b2987347880,,,,
6995,raw_position_sample,2,2,int,18,3,17,18,-1,999,221,73,4365181.799999997,697a707b5bc42b2987347880,697a707b5bc42b2987347880,intermediate,3,697a707b5bc42b2987347880,697a707b5bc42b2987347880,spotlight_PROLIFIC,,30,Brasil,Português Brasil ,"Português Brasil, inglês ",inglês,Português Brasil:80|English:10|inglês:10,100,Português Brasil:80|English:10|inglês:10,100,Português Brasil:100|English:0|inglês:0,100,17,5,Bachelor's,10,10,10,5,6,8,12,28,28,28,Duolingo,90,,,,,16,25,B1,elementary|intermediate,elementary|intermediate,cambridge_15_21_random_elementary_intermediate,4,19,random,,,,,,,,,,,,,,,,,,,2026-07-06T21:59:09.647Z,QGFAEPFN,2026-07-06,2026-07-06,18:59:09,2026-07-06 18:59:09,,,,,,,,697a707b5bc42b2987347880,697a707b5bc42b2987347880,,,,
7046,raw_position_sample,2,2,int,18,3,17,18,-1,999,221,73,4365232.599999998,697a707b5bc42b2987347880,697a707b5bc42b2987347880,intermediate,3,697a707b5bc42b2987347880,697a707b5bc42b2987347880,spotlight_PROLIFIC,,30,Brasil,Português Brasil ,"Português Brasil, inglês ",inglês,Português Brasil:80|English:10|inglês:10,100,Português Brasil:80|English:10|inglês:10,100,Português Brasil:100|English:0|inglês:0,100,17,5,Bachelor's,10,10,10,5,6,8,12,28,28,28,Duolingo,90,,,,,16,25,B1,elementary|intermediate,elementary|intermediate,cambridge_15_21_random_elementary_intermediate,4,19,random,,,,,,,,,,,,,,,,,,,2026-07-06T21:59:09.647Z,QGFAEPFN,2026-07-06,2026-07-06,18:59:09,2026-07-06 18:59:09,,,,,,,,697a707b5bc42b2987347880,697a707b5bc42b2987347880,,,,
7096,raw_position_sample,2,2,int,18,3,17,18,-1,999,221,73,4365282.299999997,697a707b5bc42b2987347880,697a707b5bc42b2987347880,intermediate,3,697a707b5bc42b2987347880,697a707b5bc42b2987347880,spotlight_PROLIFIC,,30,Brasil,Português Brasil ,"Português Brasil, inglês ",inglês,Português Brasil:80|English:10|inglês:10,100,Português Brasil:80|English:10|inglês:10,100,Português Brasil:100|English:0|inglês:0,100,17,5,Bachelor's,10,10,10,5,6,8,12,28,28,28,Duolingo,90,,,,,16,25,B1,elementary|intermediate,elementary|intermediate,cambridge_15_21_random_elementary_intermediate,4,19,random,,,,,,,,,,,,,,,,,,,2026-07-06T21:59:09.647Z,QGFAEPFN,2026-07-06,2026-07-06,18:59:09,2026-07-06 18:59:09,,,,,,,,697a707b5bc42b2987347880,697a707b5bc42b2987347880,,,,
7147,raw_position_sample,2,2,int,18,3,17,18,-1,999,221,73,4365332.8999999985,697a707b5bc42b2987347880,697a707b5bc42b2987347880,intermediate,3,697a707b5bc42b2987347880,697a707b5bc42b2987347880,spotlight_PROLIFIC,,30,Brasil,Português Brasil ,"Português Brasil, inglês ",inglês,Português Brasil:80|English:10|inglês:10,100,Português Brasil:80|English:10|inglês:10,100,Português Brasil:100|English:0|inglês:0,100,17,5,Bachelor's,10,10,10,5,6,8,12,28,28,28,Duolingo,90,,,,,16,25,B1,elementary|intermediate,elementary|intermediate,cambridge_15_21_random_elementary_intermediate,4,19,random,,,,,,,,,,,,,,,,,,,2026-07-06T21:59:09.647Z,QGFAEPFN,2026-07-06,2026-07-06,18:59:09,2026-07-06 18:59:09,,,,,,,,697a707b5bc42b2987347880,697a707b5bc42b2987347880,,,,
7196,raw_position_sample,2,2,int,18,3,17,18,-1,999,221,73,4365381.799999997,697a707b5bc42b2987347880,697a707b5bc42b2987347880,intermediate,3,697a707b5bc42b2987347880,697a707b5bc42b2987347880,spotlight_PROLIFIC,,30,Brasil,Português Brasil ,"Português Brasil, inglês ",inglês,Português Brasil:80|English:10|inglês:10,100,Português Brasil:80|English:10|inglês:10,100,Português Brasil:100|English:0|inglês:0,100,17,5,Bachelor's,10,10,10,5,6,8,12,28,28,28,Duolingo,90,,,,,16,25,B1,elementary|intermediate,elementary|intermediate,cambridge_15_21_random_elementary_intermediate,4,19,random,,,,,,,,,,,,,,,,,,,2026-07-06T21:59:09.647Z,QGFAEPFN,2026-07-06,2026-07-06,18:59:09,2026-07-06 18:59:09,,,,,,,,697a707b5bc42b2987347880,697a707b5bc42b2987347880,,,,
7246,raw_position_sample,2,2,int,18,3,17,18,-1,999,221,73,4365432.3999999985,697a707b5bc42b2987347880,697a707b5bc42b2987347880,intermediate,3,697a707b5bc42b2987347880,697a707b5bc42b2987347880,spotlight_PROLIFIC,,30,Brasil,Português Brasil ,"Português Brasil, inglês ",inglês,Português Brasil:80|English:10|inglês:10,100,Português Brasil:80|English:10|inglês:10,100,Português Brasil:100|English:0|inglês:0,100,17,5,Bachelor's,10,10,10,5,6,8,12,28,28,28,Duolingo,90,,,,,16,25,B1,elementary|intermediate,elementary|intermediate,cambridge_15_21_random_elementary_intermediate,4,19,random,,,,,,,,,,,,,,,,,,,2026-07-06T21:59:09.647Z,QGFAEPFN,2026-07-06,2026-07-06,18:59:09,2026-07-06 18:59:09,,,,,,,,697a707b5bc42b2987347880,697a707b5bc42b2987347880,,,,
7297,raw_position_sample,2,2,int,18,3,17,18,-1,999,221,73,4365482.799999997,697a707b5bc42b2987347880,697a707b5bc42b2987347880,intermediate,3,697a707b5bc42b2987347880,697a707b5bc42b2987347880,spotlight_PROLIFIC,,30,Brasil,Português Brasil ,"Português Brasil, inglês ",inglês,Português Brasil:80|English:10|inglês:10,100,Português Brasil:80|English:10|inglês:10,100,Português Brasil:100|English:0|inglês:0,100,17,5,Bachelor's,10,10,10,5,6,8,12,28,28,28,Duolingo,90,,,,,16,25,B1,elementary|intermediate,elementary|intermediate,cambridge_15_21_random_elementary_intermediate,4,19,random,,,,,,,,,,,,,,,,,,,2026-07-06T21:59:09.647Z,QGFAEPFN,2026-07-06,2026-07-06,18:59:09,2026-07-06 18:59:09,,,,,,,,697a707b5bc42b2987347880,697a707b5bc42b2987347880,,,,
7346,raw_position_sample,2,2,int,18,3,17,18,-1,999,221,73,4365532.299999997,697a707b5bc42b2987347880,697a707b5bc42b2987347880,intermediate,3,697a707b5bc42b2987347880,697a707b5bc42b2987347880,spotlight_PROLIFIC,,30,Brasil,Português Brasil ,"Português Brasil, inglês ",inglês,Português Brasil:80|English:10|inglês:10,100,Português Brasil:80|English:10|inglês:10,100,Português Brasil:100|English:0|inglês:0,100,17,5,Bachelor's,10,10,10,5,6,8,12,28,28,28,Duolingo,90,,,,,16,25,B1,elementary|intermediate,elementary|intermediate,cambridge_15_21_random_elementary_intermediate,4,19,random,,,,,,,,,,,,,,,,,,,2026-07-06T21:59:09.647Z,QGFAEPFN,2026-07-06,2026-07-06,18:59:09,2026-07-06 18:59:09,,,,,,,,697a707b5bc42b2987347880,697a707b5bc42b2987347880,,,,
7395,raw_position_sample,2,2,int,18,3,17,18,-1,999,221,73,4365581,697a707b5bc42b2987347880,697a707b5bc42b2987347880,intermediate,3,697a707b5bc42b2987347880,697a707b5bc42b2987347880,spotlight_PROLIFIC,,30,Brasil,Português Brasil ,"Português Brasil, inglês ",inglês,Português Brasil:80|English:10|inglês:10,100,Português Brasil:80|English:10|inglês:10,100,Português Brasil:100|English:0|inglês:0,100,17,5,Bachelor's,10,10,10,5,6,8,12,28,28,28,Duolingo,90,,,,,16,25,B1,elementary|intermediate,elementary|intermediate,cambridge_15_21_random_elementary_intermediate,4,19,random,,,,,,,,,,,,,,,,,,,2026-07-06T21:59:09.647Z,QGFAEPFN,2026-07-06,2026-07-06,18:59:09,2026-07-06 18:59:09,,,,,,,,697a707b5bc42b2987347880,697a707b5bc42b2987347880,,,,
7445,raw_position_sample,2,2,int,18,3,17,18,-1,999,222,73,4365630.799999997,697a707b5bc42b2987347880,697a707b5bc42b2987347880,intermediate,3,697a707b5bc42b2987347880,697a707b5bc42b2987347880,spotlight_PROLIFIC,,30,Brasil,Português Brasil ,"Português Brasil, inglês ",inglês,Português Brasil:80|English:10|inglês:10,100,Português Brasil:80|English:10|inglês:10,100,Português Brasil:100|English:0|inglês:0,100,17,5,Bachelor's,10,10,10,5,6,8,12,28,28,28,Duolingo,90,,,,,16,25,B1,elementary|intermediate,elementary|intermediate,cambridge_15_21_random_elementary_intermediate,4,19,random,,,,,,,,,,,,,,,,,,,2026-07-06T21:59:09.647Z,QGFAEPFN,2026-07-06,2026-07-06,18:59:09,2026-07-06 18:59:09,,,,,,,,697a707b5bc42b2987347880,697a707b5bc42b2987347880,,,,
7495,raw_position_sample,2,2,int,18,3,17,18,-1,999,222,73,4365680.799999997,697a707b5bc42b2987347880,697a707b5bc42b2987347880,intermediate,3,697a707b5bc42b2987347880,697a707b5bc42b2987347880,spotlight_PROLIFIC,,30,Brasil,Português Brasil ,"Português Brasil, inglês ",inglês,Português Brasil:80|English:10|inglês:10,100,Português Brasil:80|English:10|inglês:10,100,Português Brasil:100|English:0|inglês:0,100,17,5,Bachelor's,10,10,10,5,6,8,12,28,28,28,Duolingo,90,,,,,16,25,B1,elementary|intermediate,elementary|intermediate,cambridge_15_21_random_elementary_intermediate,4,19,random,,,,,,,,,,,,,,,,,,,2026-07-06T21:59:09.647Z,QGFAEPFN,2026-07-06,2026-07-06,18:59:09,2026-07-06 18:59:09,,,,,,,,697a707b5bc42b2987347880,697a707b5bc42b2987347880,,,,
7552,raw_position_sample,2,2,int,18,3,17,18,-1,999,224,73,4365738.699999999,697a707b5bc42b2987347880,697a707b5bc42b2987347880,intermediate,3,697a707b5bc42b2987347880,697a707b5bc42b2987347880,spotlight_PROLIFIC,,30,Brasil,Português Brasil ,"Português Brasil, inglês ",inglês,Português Brasil:80|English:10|inglês:10,100,Português Brasil:80|English:10|inglês:10,100,Português Brasil:100|English:0|inglês:0,100,17,5,Bachelor's,10,10,10,5,6,8,12,28,28,28,Duolingo,90,,,,,16,25,B1,elementary|intermediate,elementary|intermediate,cambridge_15_21_random_elementary_intermediate,4,19,random,,,,,,,,,,,,,,,,,,,2026-07-06T21:59:09.647Z,QGFAEPFN,2026-07-06,2026-07-06,18:59:09,2026-07-06 18:59:09,,,,,,,,697a707b5bc42b2987347880,697a707b5bc42b2987347880,,,,
7595,raw_position_sample,2,2,int,18,3,17,18,-1,999,225,73,4365781.099999998,697a707b5bc42b2987347880,697a707b5bc42b2987347880,intermediate,3,697a707b5bc42b2987347880,697a707b5bc42b2987347880,spotlight_PROLIFIC,,30,Brasil,Português Brasil ,"Português Brasil, inglês ",inglês,Português Brasil:80|English:10|inglês:10,100,Português Brasil:80|English:10|inglês:10,100,Português Brasil:100|English:0|inglês:0,100,17,5,Bachelor's,10,10,10,5,6,8,12,28,28,28,Duolingo,90,,,,,16,25,B1,elementary|intermediate,elementary|intermediate,cambridge_15_21_random_elementary_intermediate,4,19,random,,,,,,,,,,,,,,,,,,,2026-07-06T21:59:09.647Z,QGFAEPFN,2026-07-06,2026-07-06,18:59:09,2026-07-06 18:59:09,,,,,,,,697a707b5bc42b2987347880,697a707b5bc42b2987347880,,,,
7644,raw_position_sample,2,2,int,18,3,17,18,-1,999,229,73,4365830.3999999985,697a707b5bc42b2987347880,697a707b5bc42b2987347880,intermediate,3,697a707b5bc42b2987347880,697a707b5bc42b2987347880,spotlight_PROLIFIC,,30,Brasil,Português Brasil ,"Português Brasil, inglês ",inglês,Português Brasil:80|English:10|inglês:10,100,Português Brasil:80|English:10|inglês:10,100,Português Brasil:100|English:0|inglês:0,100,17,5,Bachelor's,10,10,10,5,6,8,12,28,28,28,Duolingo,90,,,,,16,25,B1,elementary|intermediate,elementary|intermediate,cambridge_15_21_random_elementary_intermediate,4,19,random,,,,,,,,,,,,,,,,,,,2026-07-06T21:59:09.647Z,QGFAEPFN,2026-07-06,2026-07-06,18:59:09,2026-07-06 18:59:09,,,,,,,,697a707b5bc42b2987347880,697a707b5bc42b2987347880,,,,
7698,raw_position_sample,2,2,int,18,3,17,18,1, Conservation ,238,73,4365884.699999999,697a707b5bc42b2987347880,697a707b5bc42b2987347880,intermediate,3,697a707b5bc42b2987347880,697a707b5bc42b2987347880,spotlight_PROLIFIC,,30,Brasil,Português Brasil ,"Português Brasil, inglês ",inglês,Português Brasil:80|English:10|inglês:10,100,Português Brasil:80|English:10|inglês:10,100,Português Brasil:100|English:0|inglês:0,100,17,5,Bachelor's,10,10,10,5,6,8,12,28,28,28,Duolingo,90,,,,,16,25,B1,elementary|intermediate,elementary|intermediate,cambridge_15_21_random_elementary_intermediate,4,19,random,,65.25694274902344,234.18055725097656,86.59027671813965,344.1875,1,1,,,,,,,,,,,,2026-07-06T21:59:09.647Z,QGFAEPFN,2026-07-06,2026-07-06,18:59:09,2026-07-06 18:59:09,,,,,,,,697a707b5bc42b2987347880,697a707b5bc42b2987347880,,,,
7745,raw_position_sample,2,2,int,18,3,17,18,1, Conservation ,247,73,4365931.699999999,697a707b5bc42b2987347880,697a707b5bc42b2987347880,intermediate,3,697a707b5bc42b2987347880,697a707b5bc42b2987347880,spotlight_PROLIFIC,,30,Brasil,Português Brasil ,"Português Brasil, inglês ",inglês,Português Brasil:80|English:10|inglês:10,100,Português Brasil:80|English:10|inglês:10,100,Português Brasil:100|English:0|inglês:0,100,17,5,Bachelor's,10,10,10,5,6,8,12,28,28,28,Duolingo,90,,,,,16,25,B1,elementary|intermediate,elementary|intermediate,cambridge_15_21_random_elementary_intermediate,4,19,random,,65.25694274902344,234.18055725097656,86.59027671813965,344.1875,1,1,,,,,,,,,,,,2026-07-06T21:59:09.647Z,QGFAEPFN,2026-07-06,2026-07-06,18:59:09,2026-07-06 18:59:09,,,,,,,,697a707b5bc42b2987347880,697a707b5bc42b2987347880,,,,
7795,raw_position_sample,2,2,int,18,3,17,18,1, Conservation ,252,73,4365981,697a707b5bc42b2987347880,697a707b5bc42b2987347880,intermediate,3,697a707b5bc42b2987347880,697a707b5bc42b2987347880,spotlight_PROLIFIC,,30,Brasil,Português Brasil ,"Português Brasil, inglês ",inglês,Português Brasil:80|English:10|inglês:10,100,Português Brasil:80|English:10|inglês:10,100,Português Brasil:100|English:0|inglês:0,100,17,5,Bachelor's,10,10,10,5,6,8,12,28,28,28,Duolingo,90,,,,,16,25,B1,elementary|intermediate,elementary|intermediate,cambridge_15_21_random_elementary_intermediate,4,19,random,,65.25694274902344,234.18055725097656,86.59027671813965,344.1875,1,1,,,,,,,,,,,,2026-07-06T21:59:09.647Z,QGFAEPFN,2026-07-06,2026-07-06,18:59:09,2026-07-06 18:59:09,,,,,,,,697a707b5bc42b2987347880,697a707b5bc42b2987347880,,,,
7847,raw_position_sample,2,2,int,18,3,17,18,1, Conservation ,254,73,4366033.299999997,697a707b5bc42b2987347880,697a707b5bc42b2987347880,intermediate,3,697a707b5bc42b2987347880,697a707b5bc42b2987347880,spotlight_PROLIFIC,,30,Brasil,Português Brasil ,"Português Brasil, inglês ",inglês,Português Brasil:80|English:10|inglês:10,100,Português Brasil:80|English:10|inglês:10,100,Português Brasil:100|English:0|inglês:0,100,17,5,Bachelor's,10,10,10,5,6,8,12,28,28,28,Duolingo,90,,,,,16,25,B1,elementary|intermediate,elementary|intermediate,cambridge_15_21_random_elementary_intermediate,4,19,random,,65.25694274902344,234.18055725097656,86.59027671813965,344.1875,1,1,,,,,,,,,,,,2026-07-06T21:59:09.647Z,QGFAEPFN,2026-07-06,2026-07-06,18:59:09,2026-07-06 18:59:09,,,,,,,,697a707b5bc42b2987347880,697a707b5bc42b2987347880,,,,
7896,raw_position_sample,2,2,int,18,3,17,18,1, Conservation ,254,73,4366082.099999998,697a707b5bc42b2987347880,697a707b5bc42b2987347880,intermediate,3,697a707b5bc42b2987347880,697a707b5bc42b2987347880,spotlight_PROLIFIC,,30,Brasil,Português Brasil ,"Português Brasil, inglês ",inglês,Português Brasil:80|English:10|inglês:10,100,Português Brasil:80|English:10|inglês:10,100,Português Brasil:100|English:0|inglês:0,100,17,5,Bachelor's,10,10,10,5,6,8,12,28,28,28,Duolingo,90,,,,,16,25,B1,elementary|intermediate,elementary|intermediate,cambridge_15_21_random_elementary_intermediate,4,19,random,,65.25694274902344,234.18055725097656,86.59027671813965,344.1875,1,1,,,,,,,,,,,,2026-07-06T21:59:09.647Z,QGFAEPFN,2026-07-06,2026-07-06,18:59:09,2026-07-06 18:59:09,,,,,,,,697a707b5bc42b2987347880,697a707b5bc42b2987347880,,,,
7945,raw_position_sample,2,2,int,18,3,17,18,1, Conservation ,258,73,4366131.299999997,697a707b5bc42b2987347880,697a707b5bc42b2987347880,intermediate,3,697a707b5bc42b2987347880,697a707b5bc42b2987347880,spotlight_PROLIFIC,,30,Brasil,Português Brasil ,"Português Brasil, inglês ",inglês,Português Brasil:80|English:10|inglês:10,100,Português Brasil:80|English:10|inglês:10,100,Português Brasil:100|English:0|inglês:0,100,17,5,Bachelor's,10,10,10,5,6,8,12,28,28,28,Duolingo,90,,,,,16,25,B1,elementary|intermediate,elementary|intermediate,cambridge_15_21_random_elementary_intermediate,4,19,random,,65.25694274902344,234.18055725097656,86.59027671813965,344.1875,1,1,,,,,,,,,,,,2026-07-06T21:59:09.647Z,QGFAEPFN,2026-07-06,2026-07-06,18:59:09,2026-07-06 18:59:09,,,,,,,,697a707b5bc42b2987347880,697a707b5bc42b2987347880,,,,
7995,raw_position_sample,2,2,int,18,3,17,18,1, Conservation ,263,73,4366181.299999997,697a707b5bc42b2987347880,697a707b5bc42b2987347880,intermediate,3,697a707b5bc42b2987347880,697a707b5bc42b2987347880,spotlight_PROLIFIC,,30,Brasil,Português Brasil ,"Português Brasil, inglês ",inglês,Português Brasil:80|English:10|inglês:10,100,Português Brasil:80|English:10|inglês:10,100,Português Brasil:100|English:0|inglês:0,100,17,5,Bachelor's,10,10,10,5,6,8,12,28,28,28,Duolingo,90,,,,,16,25,B1,elementary|intermediate,elementary|intermediate,cambridge_15_21_random_elementary_intermediate,4,19,random,,65.25694274902344,234.18055725097656,86.59027671813965,344.1875,1,1,,,,,,,,,,,,2026-07-06T21:59:09.647Z,QGFAEPFN,2026-07-06,2026-07-06,18:59:09,2026-07-06 18:59:09,,,,,,,,697a707b5bc42b2987347880,697a707b5bc42b2987347880,,,,
8045,raw_position_sample,2,2,int,18,3,17,18,1, Conservation ,269,73,4366231.599999998,697a707b5bc42b2987347880,697a707b5bc42b2987347880,intermediate,3,697a707b5bc42b2987347880,697a707b5bc42b2987347880,spotlight_PROLIFIC,,30,Brasil,Português Brasil ,"Português Brasil, inglês ",inglês,Português Brasil:80|English:10|inglês:10,100,Português Brasil:80|English:10|inglês:10,100,Português Brasil:100|English:0|inglês:0,100,17,5,Bachelor's,10,10,10,5,6,8,12,28,28,28,Duolingo,90,,,,,16,25,B1,elementary|intermediate,elementary|intermediate,cambridge_15_21_random_elementary_intermediate,4,19,random,,65.25694274902344,234.18055725097656,86.59027671813965,344.1875,1,1,,,,,,,,,,,,2026-07-06T21:59:09.647Z,QGFAEPFN,2026-07-06,2026-07-06,18:59:09,2026-07-06 18:59:09,,,,,,,,697a707b5bc42b2987347880,697a707b5bc42b2987347880,,,,
8095,raw_position_sample,2,2,int,18,3,17,18,1, Conservation ,279,73,4366281.5,697a707b5bc42b2987347880,697a707b5bc42b2987347880,intermediate,3,697a707b5bc42b2987347880,697a707b5bc42b2987347880,spotlight_PROLIFIC,,30,Brasil,Português Brasil ,"Português Brasil, inglês ",inglês,Português Brasil:80|English:10|inglês:10,100,Português Brasil:80|English:10|inglês:10,100,Português Brasil:100|English:0|inglês:0,100,17,5,Bachelor's,10,10,10,5,6,8,12,28,28,28,Duolingo,90,,,,,16,25,B1,elementary|intermediate,elementary|intermediate,cambridge_15_21_random_elementary_intermediate,4,19,random,,65.25694274902344,234.18055725097656,86.59027671813965,344.1875,1,1,,,,,,,,,,,,2026-07-06T21:59:09.647Z,QGFAEPFN,2026-07-06,2026-07-06,18:59:09,2026-07-06 18:59:09,,,,,,,,697a707b5bc42b2987347880,697a707b5bc42b2987347880,,,,
8145,raw_position_sample,2,2,int,18,3,17,18,1, Conservation ,286,73,4366331.599999998,697a707b5bc42b2987347880,697a707b5bc42b2987347880,intermediate,3,697a707b5bc42b2987347880,697a707b5bc42b2987347880,spotlight_PROLIFIC,,30,Brasil,Português Brasil ,"Português Brasil, inglês ",inglês,Português Brasil:80|English:10|inglês:10,100,Português Brasil:80|English:10|inglês:10,100,Português Brasil:100|English:0|inglês:0,100,17,5,Bachelor's,10,10,10,5,6,8,12,28,28,28,Duolingo,90,,,,,16,25,B1,elementary|intermediate,elementary|intermediate,cambridge_15_21_random_elementary_intermediate,4,19,random,,65.25694274902344,234.18055725097656,86.59027671813965,344.1875,1,1,,,,,,,,,,,,2026-07-06T21:59:09.647Z,QGFAEPFN,2026-07-06,2026-07-06,18:59:09,2026-07-06 18:59:09,,,,,,,,697a707b5bc42b2987347880,697a707b5bc42b2987347880,,,,
8196,raw_position_sample,2,2,int,18,3,17,18,1, Conservation ,288,73,4366382.099999998,697a707b5bc42b2987347880,697a707b5bc42b2987347880,intermediate,3,697a707b5bc42b2987347880,697a707b5bc42b2987347880,spotlight_PROLIFIC,,30,Brasil,Português Brasil ,"Português Brasil, inglês ",inglês,Português Brasil:80|English:10|inglês:10,100,Português Brasil:80|English:10|inglês:10,100,Português Brasil:100|English:0|inglês:0,100,17,5,Bachelor's,10,10,10,5,6,8,12,28,28,28,Duolingo,90,,,,,16,25,B1,elementary|intermediate,elementary|intermediate,cambridge_15_21_random_elementary_intermediate,4,19,random,,65.25694274902344,234.18055725097656,86.59027671813965,344.1875,1,1,,,,,,,,,,,,2026-07-06T21:59:09.647Z,QGFAEPFN,2026-07-06,2026-07-06,18:59:09,2026-07-06 18:59:09,,,,,,,,697a707b5bc42b2987347880,697a707b5bc42b2987347880,,,,
8245,raw_position_sample,2,2,int,18,3,17,18,1, Conservation ,292,73,4366431.699999999,697a707b5bc42b2987347880,697a707b5bc42b2987347880,intermediate,3,697a707b5bc42b2987347880,697a707b5bc42b2987347880,spotlight_PROLIFIC,,30,Brasil,Português Brasil ,"Português Brasil, inglês ",inglês,Português Brasil:80|English:10|inglês:10,100,Português Brasil:80|English:10|inglês:10,100,Português Brasil:100|English:0|inglês:0,100,17,5,Bachelor's,10,10,10,5,6,8,12,28,28,28,Duolingo,90,,,,,16,25,B1,elementary|intermediate,elementary|intermediate,cambridge_15_21_random_elementary_intermediate,4,19,random,,65.25694274902344,234.18055725097656,86.59027671813965,344.1875,1,1,,,,,,,,,,,,2026-07-06T21:59:09.647Z,QGFAEPFN,2026-07-06,2026-07-06,18:59:09,2026-07-06 18:59:09,,,,,,,,697a707b5bc42b2987347880,697a707b5bc42b2987347880,,,,
8296,raw_position_sample,2,2,int,18,3,17,18,1, Conservation ,294,73,4366482,697a707b5bc42b2987347880,697a707b5bc42b2987347880,intermediate,3,697a707b5bc42b2987347880,697a707b5bc42b2987347880,spotlight_PROLIFIC,,30,Brasil,Português Brasil ,"Português Brasil, inglês ",inglês,Português Brasil:80|English:10|inglês:10,100,Português Brasil:80|English:10|inglês:10,100,Português Brasil:100|English:0|inglês:0,100,17,5,Bachelor's,10,10,10,5,6,8,12,28,28,28,Duolingo,90,,,,,16,25,B1,elementary|intermediate,elementary|intermediate,cambridge_15_21_random_elementary_intermediate,4,19,random,,65.25694274902344,234.18055725097656,86.59027671813965,344.1875,1,1,,,,,,,,,,,,2026-07-06T21:59:09.647Z,QGFAEPFN,2026-07-06,2026-07-06,18:59:09,2026-07-06 18:59:09,,,,,,,,697a707b5bc42b2987347880,697a707b5bc42b2987347880,,,,
8346,raw_position_sample,2,2,int,18,3,17,18,1, Conservation ,295,73,4366532.099999998,697a707b5bc42b2987347880,697a707b5bc42b2987347880,intermediate,3,697a707b5bc42b2987347880,697a707b5bc42b2987347880,spotlight_PROLIFIC,,30,Brasil,Português Brasil ,"Português Brasil, inglês ",inglês,Português Brasil:80|English:10|inglês:10,100,Português Brasil:80|English:10|inglês:10,100,Português Brasil:100|English:0|inglês:0,100,17,5,Bachelor's,10,10,10,5,6,8,12,28,28,28,Duolingo,90,,,,,16,25,B1,elementary|intermediate,elementary|intermediate,cambridge_15_21_random_elementary_intermediate,4,19,random,,65.25694274902344,234.18055725097656,86.59027671813965,344.1875,1,1,,,,,,,,,,,,2026-07-06T21:59:09.647Z,QGFAEPFN,2026-07-06,2026-07-06,18:59:09,2026-07-06 18:59:09,,,,,,,,697a707b5bc42b2987347880,697a707b5bc42b2987347880,,,,
8397,raw_position_sample,2,2,int,18,3,17,18,1, Conservation ,295,73,4366583.5,697a707b5bc42b2987347880,697a707b5bc42b2987347880,intermediate,3,697a707b5bc42b2987347880,697a707b5bc42b2987347880,spotlight_PROLIFIC,,30,Brasil,Português Brasil ,"Português Brasil, inglês ",inglês,Português Brasil:80|English:10|inglês:10,100,Português Brasil:80|English:10|inglês:10,100,Português Brasil:100|English:0|inglês:0,100,17,5,Bachelor's,10,10,10,5,6,8,12,28,28,28,Duolingo,90,,,,,16,25,B1,elementary|intermediate,elementary|intermediate,cambridge_15_21_random_elementary_intermediate,4,19,random,,65.25694274902344,234.18055725097656,86.59027671813965,344.1875,1,1,,,,,,,,,,,,2026-07-06T21:59:09.647Z,QGFAEPFN,2026-07-06,2026-07-06,18:59:09,2026-07-06 18:59:09,,,,,,,,697a707b5bc42b2987347880,697a707b5bc42b2987347880,,,,
8448,raw_position_sample,2,2,int,18,3,17,18,1, Conservation ,295,73,4366633.799999997,697a707b5bc42b2987347880,697a707b5bc42b2987347880,intermediate,3,697a707b5bc42b2987347880,697a707b5bc42b2987347880,spotlight_PROLIFIC,,30,Brasil,Português Brasil ,"Português Brasil, inglês ",inglês,Português Brasil:80|English:10|inglês:10,100,Português Brasil:80|English:10|inglês:10,100,Português Brasil:100|English:0|inglês:0,100,17,5,Bachelor's,10,10,10,5,6,8,12,28,28,28,Duolingo,90,,,,,16,25,B1,elementary|intermediate,elementary|intermediate,cambridge_15_21_random_elementary_intermediate,4,19,random,,65.25694274902344,234.18055725097656,86.59027671813965,344.1875,1,1,,,,,,,,,,,,2026-07-06T21:59:09.647Z,QGFAEPFN,2026-07-06,2026-07-06,18:59:09,2026-07-06 18:59:09,,,,,,,,697a707b5bc42b2987347880,697a707b5bc42b2987347880,,,,
8499,raw_position_sample,2,2,int,18,3,17,18,1, Conservation ,295,73,4366684.8999999985,697a707b5bc42b2987347880,697a707b5bc42b2987347880,intermediate,3,697a707b5bc42b2987347880,697a707b5bc42b2987347880,spotlight_PROLIFIC,,30,Brasil,Português Brasil ,"Português Brasil, inglês ",inglês,Português Brasil:80|English:10|inglês:10,100,Português Brasil:80|English:10|inglês:10,100,Português Brasil:100|English:0|inglês:0,100,17,5,Bachelor's,10,10,10,5,6,8,12,28,28,28,Duolingo,90,,,,,16,25,B1,elementary|intermediate,elementary|intermediate,cambridge_15_21_random_elementary_intermediate,4,19,random,,65.25694274902344,234.18055725097656,86.59027671813965,344.1875,1,1,,,,,,,,,,,,2026-07-06T21:59:09.647Z,QGFAEPFN,2026-07-06,2026-07-06,18:59:09,2026-07-06 18:59:09,,,,,,,,697a707b5bc42b2987347880,697a707b5bc42b2987347880,,,,
8549,raw_position_sample,2,2,int,18,3,17,18,1, Conservation ,295,73,4366735.3999999985,697a707b5bc42b2987347880,697a707b5bc42b2987347880,intermediate,3,697a707b5bc42b2987347880,697a707b5bc42b2987347880,spotlight_PROLIFIC,,30,Brasil,Português Brasil ,"Português Brasil, inglês ",inglês,Português Brasil:80|English:10|inglês:10,100,Português Brasil:80|English:10|inglês:10,100,Português Brasil:100|English:0|inglês:0,100,17,5,Bachelor's,10,10,10,5,6,8,12,28,28,28,Duolingo,90,,,,,16,25,B1,elementary|intermediate,elementary|intermediate,cambridge_15_21_random_elementary_intermediate,4,19,random,,65.25694274902344,234.18055725097656,86.59027671813965,344.1875,1,1,,,,,,,,,,,,2026-07-06T21:59:09.647Z,QGFAEPFN,2026-07-06,2026-07-06,18:59:09,2026-07-06 18:59:09,,,,,,,,697a707b5bc42b2987347880,697a707b5bc42b2987347880,,,,
8602,raw_position_sample,2,2,int,18,3,17,18,1, Conservation ,295,73,4366787.699999999,697a707b5bc42b2987347880,697a707b5bc42b2987347880,intermediate,3,697a707b5bc42b2987347880,697a707b5bc42b2987347880,spotlight_PROLIFIC,,30,Brasil,Português Brasil ,"Português Brasil, inglês ",inglês,Português Brasil:80|English:10|inglês:10,100,Português Brasil:80|English:10|inglês:10,100,Português Brasil:100|English:0|inglês:0,100,17,5,Bachelor's,10,10,10,5,6,8,12,28,28,28,Duolingo,90,,,,,16,25,B1,elementary|intermediate,elementary|intermediate,cambridge_15_21_random_elementary_intermediate,4,19,random,,65.25694274902344,234.18055725097656,86.59027671813965,344.1875,1,1,,,,,,,,,,,,2026-07-06T21:59:09.647Z,QGFAEPFN,2026-07-06,2026-07-06,18:59:09,2026-07-06 18:59:09,,,,,,,,697a707b5bc42b2987347880,697a707b5bc42b2987347880,,,,
8650,raw_position_sample,2,2,int,18,3,17,18,1, Conservation ,295,73,4366836.099999998,697a707b5bc42b2987347880,697a707b5bc42b2987347880,intermediate,3,697a707b5bc42b2987347880,697a707b5bc42b2987347880,spotlight_PROLIFIC,,30,Brasil,Português Brasil ,"Português Brasil, inglês ",inglês,Português Brasil:80|English:10|inglês:10,100,Português Brasil:80|English:10|inglês:10,100,Português Brasil:100|English:0|inglês:0,100,17,5,Bachelor's,10,10,10,5,6,8,12,28,28,28,Duolingo,90,,,,,16,25,B1,elementary|intermediate,elementary|intermediate,cambridge_15_21_random_elementary_intermediate,4,19,random,,65.25694274902344,234.18055725097656,86.59027671813965,344.1875,1,1,,,,,,,,,,,,2026-07-06T21:59:09.647Z,QGFAEPFN,2026-07-06,2026-07-06,18:59:09,2026-07-06 18:59:09,,,,,,,,697a707b5bc42b2987347880,697a707b5bc42b2987347880,,,,
8701,raw_position_sample,2,2,int,18,3,17,18,1, Conservation ,295,73,4366887.3999999985,697a707b5bc42b2987347880,697a707b5bc42b2987347880,intermediate,3,697a707b5bc42b2987347880,697a707b5bc42b2987347880,spotlight_PROLIFIC,,30,Brasil,Português Brasil ,"Português Brasil, inglês ",inglês,Português Brasil:80|English:10|inglês:10,100,Português Brasil:80|English:10|inglês:10,100,Português Brasil:100|English:0|inglês:0,100,17,5,Bachelor's,10,10,10,5,6,8,12,28,28,28,Duolingo,90,,,,,16,25,B1,elementary|intermediate,elementary|intermediate,cambridge_15_21_random_elementary_intermediate,4,19,random,,65.25694274902344,234.18055725097656,86.59027671813965,344.1875,1,1,,,,,,,,,,,,2026-07-06T21:59:09.647Z,QGFAEPFN,2026-07-06,2026-07-06,18:59:09,2026-07-06 18:59:09,,,,,,,,697a707b5bc42b2987347880,697a707b5bc42b2987347880,,,,
8749,raw_position_sample,2,2,int,18,3,17,18,1, Conservation ,295,73,4366935.5,697a707b5bc42b2987347880,697a707b5bc42b2987347880,intermediate,3,697a707b5bc42b2987347880,697a707b5bc42b2987347880,spotlight_PROLIFIC,,30,Brasil,Português Brasil ,"Português Brasil, inglês ",inglês,Português Brasil:80|English:10|inglês:10,100,Português Brasil:80|English:10|inglês:10,100,Português Brasil:100|English:0|inglês:0,100,17,5,Bachelor's,10,10,10,5,6,8,12,28,28,28,Duolingo,90,,,,,16,25,B1,elementary|intermediate,elementary|intermediate,cambridge_15_21_random_elementary_intermediate,4,19,random,,65.25694274902344,234.18055725097656,86.59027671813965,344.1875,1,1,,,,,,,,,,,,2026-07-06T21:59:09.647Z,QGFAEPFN,2026-07-06,2026-07-06,18:59:09,2026-07-06 18:59:09,,,,,,,,697a707b5bc42b2987347880,697a707b5bc42b2987347880,,,,
8800,raw_position_sample,2,2,int,18,3,17,18,1, Conservation ,295,73,4366986.099999998,697a707b5bc42b2987347880,697a707b5bc42b2987347880,intermediate,3,697a707b5bc42b2987347880,697a707b5bc42b2987347880,spotlight_PROLIFIC,,30,Brasil,Português Brasil ,"Português Brasil, inglês ",inglês,Português Brasil:80|English:10|inglês:10,100,Português Brasil:80|English:10|inglês:10,100,Português Brasil:100|English:0|inglês:0,100,17,5,Bachelor's,10,10,10,5,6,8,12,28,28,28,Duolingo,90,,,,,16,25,B1,elementary|intermediate,elementary|intermediate,cambridge_15_21_random_elementary_intermediate,4,19,random,,65.25694274902344,234.18055725097656,86.59027671813965,344.1875,1,1,,,,,,,,,,,,2026-07-06T21:59:09.647Z,QGFAEPFN,2026-07-06,2026-07-06,18:59:09,2026-07-06 18:59:09,,,,,,,,697a707b5bc42b2987347880,697a707b5bc42b2987347880,,,,
8850,raw_position_sample,2,2,int,18,3,17,18,1, Conservation ,295,73,4367036,697a707b5bc42b2987347880,697a707b5bc42b2987347880,intermediate,3,697a707b5bc42b2987347880,697a707b5bc42b2987347880,spotlight_PROLIFIC,,30,Brasil,Português Brasil ,"Português Brasil, inglês ",inglês,Português Brasil:80|English:10|inglês:10,100,Português Brasil:80|English:10|inglês:10,100,Português Brasil:100|English:0|inglês:0,100,17,5,Bachelor's,10,10,10,5,6,8,12,28,28,28,Duolingo,90,,,,,16,25,B1,elementary|intermediate,elementary|intermediate,cambridge_15_21_random_elementary_intermediate,4,19,random,,65.25694274902344,234.18055725097656,86.59027671813965,344.1875,1,1,,,,,,,,,,,,2026-07-06T21:59:09.647Z,QGFAEPFN,2026-07-06,2026-07-06,18:59:09,2026-07-06 18:59:09,,,,,,,,697a707b5bc42b2987347880,697a707b5bc42b2987347880,,,,
8895,raw_position_sample,2,2,int,18,3,17,18,1, Conservation ,295,73,4367081.3999999985,697a707b5bc42b2987347880,697a707b5bc42b2987347880,intermediate,3,697a707b5bc42b2987347880,697a707b5bc42b2987347880,spotlight_PROLIFIC,,30,Brasil,Português Brasil ,"Português Brasil, inglês ",inglês,Português Brasil:80|English:10|inglês:10,100,Português Brasil:80|English:10|inglês:10,100,Português Brasil:100|English:0|inglês:0,100,17,5,Bachelor's,10,10,10,5,6,8,12,28,28,28,Duolingo,90,,,,,16,25,B1,elementary|intermediate,elementary|intermediate,cambridge_15_21_random_elementary_intermediate,4,19,random,,65.25694274902344,234.18055725097656,86.59027671813965,344.1875,1,1,,,,,,,,,,,,2026-07-06T21:59:09.647Z,QGFAEPFN,2026-07-06,2026-07-06,18:59:09,2026-07-06 18:59:09,,,,,,,,697a707b5bc42b2987347880,697a707b5bc42b2987347880,,,,
8947,raw_position_sample,2,2,int,18,3,17,18,1, Conservation ,295,73,4367133.599999998,697a707b5bc42b2987347880,697a707b5bc42b2987347880,intermediate,3,697a707b5bc42b2987347880,697a707b5bc42b2987347880,spotlight_PROLIFIC,,30,Brasil,Português Brasil ,"Português Brasil, inglês ",inglês,Português Brasil:80|English:10|inglês:10,100,Português Brasil:80|English:10|inglês:10,100,Português Brasil:100|English:0|inglês:0,100,17,5,Bachelor's,10,10,10,5,6,8,12,28,28,28,Duolingo,90,,,,,16,25,B1,elementary|intermediate,elementary|intermediate,cambridge_15_21_random_elementary_intermediate,4,19,random,,65.25694274902344,234.18055725097656,86.59027671813965,344.1875,1,1,,,,,,,,,,,,2026-07-06T21:59:09.647Z,QGFAEPFN,2026-07-06,2026-07-06,18:59:09,2026-07-06 18:59:09,,,,,,,,697a707b5bc42b2987347880,697a707b5bc42b2987347880,,,,
8999,raw_position_sample,2,2,int,18,3,17,18,1, Conservation ,295,73,4367185.3999999985,697a707b5bc42b2987347880,697a707b5bc42b2987347880,intermediate,3,697a707b5bc42b2987347880,697a707b5bc42b2987347880,spotlight_PROLIFIC,,30,Brasil,Português Brasil ,"Português Brasil, inglês ",inglês,Português Brasil:80|English:10|inglês:10,100,Português Brasil:80|English:10|inglês:10,100,Português Brasil:100|English:0|inglês:0,100,17,5,Bachelor's,10,10,10,5,6,8,12,28,28,28,Duolingo,90,,,,,16,25,B1,elementary|intermediate,elementary|intermediate,cambridge_15_21_random_elementary_intermediate,4,19,random,,65.25694274902344,234.18055725097656,86.59027671813965,344.1875,1,1,,,,,,,,,,,,2026-07-06T21:59:09.647Z,QGFAEPFN,2026-07-06,2026-07-06,18:59:09,2026-07-06 18:59:09,,,,,,,,697a707b5bc42b2987347880,697a707b5bc42b2987347880,,,,
9049,raw_position_sample,2,2,int,18,3,17,18,1, Conservation ,295,73,4367235.599999998,697a707b5bc42b2987347880,697a707b5bc42b2987347880,intermediate,3,697a707b5bc42b2987347880,697a707b5bc42b2987347880,spotlight_PROLIFIC,,30,Brasil,Português Brasil ,"Português Brasil, inglês ",inglês,Português Brasil:80|English:10|inglês:10,100,Português Brasil:80|English:10|inglês:10,100,Português Brasil:100|English:0|inglês:0,100,17,5,Bachelor's,10,10,10,5,6,8,12,28,28,28,Duolingo,90,,,,,16,25,B1,elementary|intermediate,elementary|intermediate,cambridge_15_21_random_elementary_intermediate,4,19,random,,65.25694274902344,234.18055725097656,86.59027671813965,344.1875,1,1,,,,,,,,,,,,2026-07-06T21:59:09.647Z,QGFAEPFN,2026-07-06,2026-07-06,18:59:09,2026-07-06 18:59:09,,,,,,,,697a707b5bc42b2987347880,697a707b5bc42b2987347880,,,,
9099,raw_position_sample,2,2,int,18,3,17,18,1, Conservation ,295,73,4367284.8999999985,697a707b5bc42b2987347880,697a707b5bc42b2987347880,intermediate,3,697a707b5bc42b2987347880,697a707b5bc42b2987347880,spotlight_PROLIFIC,,30,Brasil,Português Brasil ,"Português Brasil, inglês ",inglês,Português Brasil:80|English:10|inglês:10,100,Português Brasil:80|English:10|inglês:10,100,Português Brasil:100|English:0|inglês:0,100,17,5,Bachelor's,10,10,10,5,6,8,12,28,28,28,Duolingo,90,,,,,16,25,B1,elementary|intermediate,elementary|intermediate,cambridge_15_21_random_elementary_intermediate,4,19,random,,65.25694274902344,234.18055725097656,86.59027671813965,344.1875,1,1,,,,,,,,,,,,2026-07-06T21:59:09.647Z,QGFAEPFN,2026-07-06,2026-07-06,18:59:09,2026-07-06 18:59:09,,,,,,,,697a707b5bc42b2987347880,697a707b5bc42b2987347880,,,,
9149,raw_position_sample,2,2,int,18,3,17,18,1, Conservation ,295,73,4367335.599999998,697a707b5bc42b2987347880,697a707b5bc42b2987347880,intermediate,3,697a707b5bc42b2987347880,697a707b5bc42b2987347880,spotlight_PROLIFIC,,30,Brasil,Português Brasil ,"Português Brasil, inglês ",inglês,Português Brasil:80|English:10|inglês:10,100,Português Brasil:80|English:10|inglês:10,100,Português Brasil:100|English:0|inglês:0,100,17,5,Bachelor's,10,10,10,5,6,8,12,28,28,28,Duolingo,90,,,,,16,25,B1,elementary|intermediate,elementary|intermediate,cambridge_15_21_random_elementary_intermediate,4,19,random,,65.25694274902344,234.18055725097656,86.59027671813965,344.1875,1,1,,,,,,,,,,,,2026-07-06T21:59:09.647Z,QGFAEPFN,2026-07-06,2026-07-06,18:59:09,2026-07-06 18:59:09,,,,,,,,697a707b5bc42b2987347880,697a707b5bc42b2987347880,,,,
9202,raw_position_sample,2,2,int,18,3,17,18,1, Conservation ,295,73,4367388.299999997,697a707b5bc42b2987347880,697a707b5bc42b2987347880,intermediate,3,697a707b5bc42b2987347880,697a707b5bc42b2987347880,spotlight_PROLIFIC,,30,Brasil,Português Brasil ,"Português Brasil, inglês ",inglês,Português Brasil:80|English:10|inglês:10,100,Português Brasil:80|English:10|inglês:10,100,Português Brasil:100|English:0|inglês:0,100,17,5,Bachelor's,10,10,10,5,6,8,12,28,28,28,Duolingo,90,,,,,16,25,B1,elementary|intermediate,elementary|intermediate,cambridge_15_21_random_elementary_intermediate,4,19,random,,65.25694274902344,234.18055725097656,86.59027671813965,344.1875,1,1,,,,,,,,,,,,2026-07-06T21:59:09.647Z,QGFAEPFN,2026-07-06,2026-07-06,18:59:09,2026-07-06 18:59:09,,,,,,,,697a707b5bc42b2987347880,697a707b5bc42b2987347880,,,,
9251,raw_position_sample,2,2,int,18,3,17,18,1, Conservation ,295,73,4367437.299999997,697a707b5bc42b2987347880,697a707b5bc42b2987347880,intermediate,3,697a707b5bc42b2987347880,697a707b5bc42b2987347880,spotlight_PROLIFIC,,30,Brasil,Português Brasil ,"Português Brasil, inglês ",inglês,Português Brasil:80|English:10|inglês:10,100,Português Brasil:80|English:10|inglês:10,100,Português Brasil:100|English:0|inglês:0,100,17,5,Bachelor's,10,10,10,5,6,8,12,28,28,28,Duolingo,90,,,,,16,25,B1,elementary|intermediate,elementary|intermediate,cambridge_15_21_random_elementary_intermediate,4,19,random,,65.25694274902344,234.18055725097656,86.59027671813965,344.1875,1,1,,,,,,,,,,,,2026-07-06T21:59:09.647Z,QGFAEPFN,2026-07-06,2026-07-06,18:59:09,2026-07-06 18:59:09,,,,,,,,697a707b5bc42b2987347880,697a707b5bc42b2987347880,,,,
9301,raw_position_sample,2,2,int,18,3,17,18,1, Conservation ,295,73,4367487.199999999,697a707b5bc42b2987347880,697a707b5bc42b2987347880,intermediate,3,697a707b5bc42b2987347880,697a707b5bc42b2987347880,spotlight_PROLIFIC,,30,Brasil,Português Brasil ,"Português Brasil, inglês ",inglês,Português Brasil:80|English:10|inglês:10,100,Português Brasil:80|English:10|inglês:10,100,Português Brasil:100|English:0|inglês:0,100,17,5,Bachelor's,10,10,10,5,6,8,12,28,28,28,Duolingo,90,,,,,16,25,B1,elementary|intermediate,elementary|intermediate,cambridge_15_21_random_elementary_intermediate,4,19,random,,65.25694274902344,234.18055725097656,86.59027671813965,344.1875,1,1,,,,,,,,,,,,2026-07-06T21:59:09.647Z,QGFAEPFN,2026-07-06,2026-07-06,18:59:09,2026-07-06 18:59:09,,,,,,,,697a707b5bc42b2987347880,697a707b5bc42b2987347880,,,,
9350,raw_position_sample,2,2,int,18,3,17,18,1, Conservation ,295,73,4367535.699999999,697a707b5bc42b2987347880,697a707b5bc42b2987347880,intermediate,3,697a707b5bc42b2987347880,697a707b5bc42b2987347880,spotlight_PROLIFIC,,30,Brasil,Português Brasil ,"Português Brasil, inglês ",inglês,Português Brasil:80|English:10|inglês:10,100,Português Brasil:80|English:10|inglês:10,100,Português Brasil:100|English:0|inglês:0,100,17,5,Bachelor's,10,10,10,5,6,8,12,28,28,28,Duolingo,90,,,,,16,25,B1,elementary|intermediate,elementary|intermediate,cambridge_15_21_random_elementary_intermediate,4,19,random,,65.25694274902344,234.18055725097656,86.59027671813965,344.1875,1,1,,,,,,,,,,,,2026-07-06T21:59:09.647Z,QGFAEPFN,2026-07-06,2026-07-06,18:59:09,2026-07-06 18:59:09,,,,,,,,697a707b5bc42b2987347880,697a707b5bc42b2987347880,,,,
9401,raw_position_sample,2,2,int,18,3,17,18,1, Conservation ,295,73,4367587.299999997,697a707b5bc42b2987347880,697a707b5bc42b2987347880,intermediate,3,697a707b5bc42b2987347880,697a707b5bc42b2987347880,spotlight_PROLIFIC,,30,Brasil,Português Brasil ,"Português Brasil, inglês ",inglês,Português Brasil:80|English:10|inglês:10,100,Português Brasil:80|English:10|inglês:10,100,Português Brasil:100|English:0|inglês:0,100,17,5,Bachelor's,10,10,10,5,6,8,12,28,28,28,Duolingo,90,,,,,16,25,B1,elementary|intermediate,elementary|intermediate,cambridge_15_21_random_elementary_intermediate,4,19,random,,65.25694274902344,234.18055725097656,86.59027671813965,344.1875,1,1,,,,,,,,,,,,2026-07-06T21:59:09.647Z,QGFAEPFN,2026-07-06,2026-07-06,18:59:09,2026-07-06 18:59:09,,,,,,,,697a707b5bc42b2987347880,697a707b5bc42b2987347880,,,,
9449,raw_position_sample,2,2,int,18,3,17,18,1, Conservation ,295,73,4367635,697a707b5bc42b2987347880,697a707b5bc42b2987347880,intermediate,3,697a707b5bc42b2987347880,697a707b5bc42b2987347880,spotlight_PROLIFIC,,30,Brasil,Português Brasil ,"Português Brasil, inglês ",inglês,Português Brasil:80|English:10|inglês:10,100,Português Brasil:80|English:10|inglês:10,100,Português Brasil:100|English:0|inglês:0,100,17,5,Bachelor's,10,10,10,5,6,8,12,28,28,28,Duolingo,90,,,,,16,25,B1,elementary|intermediate,elementary|intermediate,cambridge_15_21_random_elementary_intermediate,4,19,random,,65.25694274902344,234.18055725097656,86.59027671813965,344.1875,1,1,,,,,,,,,,,,2026-07-06T21:59:09.647Z,QGFAEPFN,2026-07-06,2026-07-06,18:59:09,2026-07-06 18:59:09,,,,,,,,697a707b5bc42b2987347880,697a707b5bc42b2987347880,,,,
9497,raw_position_sample,2,2,int,18,3,17,18,1, Conservation ,295,73,4367683.699999999,697a707b5bc42b2987347880,697a707b5bc42b2987347880,intermediate,3,697a707b5bc42b2987347880,697a707b5bc42b2987347880,spotlight_PROLIFIC,,30,Brasil,Português Brasil ,"Português Brasil, inglês ",inglês,Português Brasil:80|English:10|inglês:10,100,Português Brasil:80|English:10|inglês:10,100,Português Brasil:100|English:0|inglês:0,100,17,5,Bachelor's,10,10,10,5,6,8,12,28,28,28,Duolingo,90,,,,,16,25,B1,elementary|intermediate,elementary|intermediate,cambridge_15_21_random_elementary_intermediate,4,19,random,,65.25694274902344,234.18055725097656,86.59027671813965,344.1875,1,1,,,,,,,,,,,,2026-07-06T21:59:09.647Z,QGFAEPFN,2026-07-06,2026-07-06,18:59:09,2026-07-06 18:59:09,,,,,,,,697a707b5bc42b2987347880,697a707b5bc42b2987347880,,,,
9551,raw_position_sample,2,2,int,18,3,17,18,1, Conservation ,295,73,4367737.099999998,697a707b5bc42b2987347880,697a707b5bc42b2987347880,intermediate,3,697a707b5bc42b2987347880,697a707b5bc42b2987347880,spotlight_PROLIFIC,,30,Brasil,Português Brasil ,"Português Brasil, inglês ",inglês,Português Brasil:80|English:10|inglês:10,100,Português Brasil:80|English:10|inglês:10,100,Português Brasil:100|English:0|inglês:0,100,17,5,Bachelor's,10,10,10,5,6,8,12,28,28,28,Duolingo,90,,,,,16,25,B1,elementary|intermediate,elementary|intermediate,cambridge_15_21_random_elementary_intermediate,4,19,random,,65.25694274902344,234.18055725097656,86.59027671813965,344.1875,1,1,,,,,,,,,,,,2026-07-06T21:59:09.647Z,QGFAEPFN,2026-07-06,2026-07-06,18:59:09,2026-07-06 18:59:09,,,,,,,,697a707b5bc42b2987347880,697a707b5bc42b2987347880,,,,
9601,raw_position_sample,2,2,int,18,3,17,18,1, Conservation ,295,73,4367786.699999999,697a707b5bc42b2987347880,697a707b5bc42b2987347880,intermediate,3,697a707b5bc42b2987347880,697a707b5bc42b2987347880,spotlight_PROLIFIC,,30,Brasil,Português Brasil ,"Português Brasil, inglês ",inglês,Português Brasil:80|English:10|inglês:10,100,Português Brasil:80|English:10|inglês:10,100,Português Brasil:100|English:0|inglês:0,100,17,5,Bachelor's,10,10,10,5,6,8,12,28,28,28,Duolingo,90,,,,,16,25,B1,elementary|intermediate,elementary|intermediate,cambridge_15_21_random_elementary_intermediate,4,19,random,,65.25694274902344,234.18055725097656,86.59027671813965,344.1875,1,1,,,,,,,,,,,,2026-07-06T21:59:09.647Z,QGFAEPFN,2026-07-06,2026-07-06,18:59:09,2026-07-06 18:59:09,,,,,,,,697a707b5bc42b2987347880,697a707b5bc42b2987347880,,,,
9649,raw_position_sample,2,2,int,18,3,17,18,1, Conservation ,295,73,4367835.199999999,697a707b5bc42b2987347880,697a707b5bc42b2987347880,intermediate,3,697a707b5bc42b2987347880,697a707b5bc42b2987347880,spotlight_PROLIFIC,,30,Brasil,Português Brasil ,"Português Brasil, inglês ",inglês,Português Brasil:80|English:10|inglês:10,100,Português Brasil:80|English:10|inglês:10,100,Português Brasil:100|English:0|inglês:0,100,17,5,Bachelor's,10,10,10,5,6,8,12,28,28,28,Duolingo,90,,,,,16,25,B1,elementary|intermediate,elementary|intermediate,cambridge_15_21_random_elementary_intermediate,4,19,random,,65.25694274902344,234.18055725097656,86.59027671813965,344.1875,1,1,,,,,,,,,,,,2026-07-06T21:59:09.647Z,QGFAEPFN,2026-07-06,2026-07-06,18:59:09,2026-07-06 18:59:09,,,,,,,,697a707b5bc42b2987347880,697a707b5bc42b2987347880,,,,
9700,raw_position_sample,2,2,int,18,3,17,18,1, Conservation ,295,73,4367886.5,697a707b5bc42b2987347880,697a707b5bc42b2987347880,intermediate,3,697a707b5bc42b2987347880,697a707b5bc42b2987347880,spotlight_PROLIFIC,,30,Brasil,Português Brasil ,"Português Brasil, inglês ",inglês,Português Brasil:80|English:10|inglês:10,100,Português Brasil:80|English:10|inglês:10,100,Português Brasil:100|English:0|inglês:0,100,17,5,Bachelor's,10,10,10,5,6,8,12,28,28,28,Duolingo,90,,,,,16,25,B1,elementary|intermediate,elementary|intermediate,cambridge_15_21_random_elementary_intermediate,4,19,random,,65.25694274902344,234.18055725097656,86.59027671813965,344.1875,1,1,,,,,,,,,,,,2026-07-06T21:59:09.647Z,QGFAEPFN,2026-07-06,2026-07-06,18:59:09,2026-07-06 18:59:09,,,,,,,,697a707b5bc42b2987347880,697a707b5bc42b2987347880,,,,
9749,raw_position_sample,2,2,int,18,3,17,18,1, Conservation ,295,73,4367935.199999999,697a707b5bc42b2987347880,697a707b5bc42b2987347880,intermediate,3,697a707b5bc42b2987347880,697a707b5bc42b2987347880,spotlight_PROLIFIC,,30,Brasil,Português Brasil ,"Português Brasil, inglês ",inglês,Português Brasil:80|English:10|inglês:10,100,Português Brasil:80|English:10|inglês:10,100,Português Brasil:100|English:0|inglês:0,100,17,5,Bachelor's,10,10,10,5,6,8,12,28,28,28,Duolingo,90,,,,,16,25,B1,elementary|intermediate,elementary|intermediate,cambridge_15_21_random_elementary_intermediate,4,19,random,,65.25694274902344,234.18055725097656,86.59027671813965,344.1875,1,1,,,,,,,,,,,,2026-07-06T21:59:09.647Z,QGFAEPFN,2026-07-06,2026-07-06,18:59:09,2026-07-06 18:59:09,,,,,,,,697a707b5bc42b2987347880,697a707b5bc42b2987347880,,,,
9798,raw_position_sample,2,2,int,18,3,17,18,1, Conservation ,295,73,4367984.099999998,697a707b5bc42b2987347880,697a707b5bc42b2987347880,intermediate,3,697a707b5bc42b2987347880,697a707b5bc42b2987347880,spotlight_PROLIFIC,,30,Brasil,Português Brasil ,"Português Brasil, inglês ",inglês,Português Brasil:80|English:10|inglês:10,100,Português Brasil:80|English:10|inglês:10,100,Português Brasil:100|English:0|inglês:0,100,17,5,Bachelor's,10,10,10,5,6,8,12,28,28,28,Duolingo,90,,,,,16,25,B1,elementary|intermediate,elementary|intermediate,cambridge_15_21_random_elementary_intermediate,4,19,random,,65.25694274902344,234.18055725097656,86.59027671813965,344.1875,1,1,,,,,,,,,,,,2026-07-06T21:59:09.647Z,QGFAEPFN,2026-07-06,2026-07-06,18:59:09,2026-07-06 18:59:09,,,,,,,,697a707b5bc42b2987347880,697a707b5bc42b2987347880,,,,
9848,raw_position_sample,2,2,int,18,3,17,18,1, Conservation ,295,73,4368033.8999999985,697a707b5bc42b2987347880,697a707b5bc42b2987347880,intermediate,3,697a707b5bc42b2987347880,697a707b5bc42b2987347880,spotlight_PROLIFIC,,30,Brasil,Português Brasil ,"Português Brasil, inglês ",inglês,Português Brasil:80|English:10|inglês:10,100,Português Brasil:80|English:10|inglês:10,100,Português Brasil:100|English:0|inglês:0,100,17,5,Bachelor's,10,10,10,5,6,8,12,28,28,28,Duolingo,90,,,,,16,25,B1,elementary|intermediate,elementary|intermediate,cambridge_15_21_random_elementary_intermediate,4,19,random,,65.25694274902344,234.18055725097656,86.59027671813965,344.1875,1,1,,,,,,,,,,,,2026-07-06T21:59:09.647Z,QGFAEPFN,2026-07-06,2026-07-06,18:59:09,2026-07-06 18:59:09,,,,,,,,697a707b5bc42b2987347880,697a707b5bc42b2987347880,,,,
9900,raw_position_sample,2,2,int,18,3,17,18,1, Conservation ,295,73,4368086.3999999985,697a707b5bc42b2987347880,697a707b5bc42b2987347880,intermediate,3,697a707b5bc42b2987347880,697a707b5bc42b2987347880,spotlight_PROLIFIC,,30,Brasil,Português Brasil ,"Português Brasil, inglês ",inglês,Português Brasil:80|English:10|inglês:10,100,Português Brasil:80|English:10|inglês:10,100,Português Brasil:100|English:0|inglês:0,100,17,5,Bachelor's,10,10,10,5,6,8,12,28,28,28,Duolingo,90,,,,,16,25,B1,elementary|intermediate,elementary|intermediate,cambridge_15_21_random_elementary_intermediate,4,19,random,,65.25694274902344,234.18055725097656,86.59027671813965,344.1875,1,1,,,,,,,,,,,,2026-07-06T21:59:09.647Z,QGFAEPFN,2026-07-06,2026-07-06,18:59:09,2026-07-06 18:59:09,,,,,,,,697a707b5bc42b2987347880,697a707b5bc42b2987347880,,,,
9950,raw_position_sample,2,2,int,18,3,17,18,1, Conservation ,295,73,4368136.599999998,697a707b5bc42b2987347880,697a707b5bc42b2987347880,intermediate,3,697a707b5bc42b2987347880,697a707b5bc42b2987347880,spotlight_PROLIFIC,,30,Brasil,Português Brasil ,"Português Brasil, inglês ",inglês,Português Brasil:80|English:10|inglês:10,100,Português Brasil:80|English:10|inglês:10,100,Português Brasil:100|English:0|inglês:0,100,17,5,Bachelor's,10,10,10,5,6,8,12,28,28,28,Duolingo,90,,,,,16,25,B1,elementary|intermediate,elementary|intermediate,cambridge_15_21_random_elementary_intermediate,4,19,random,,65.25694274902344,234.18055725097656,86.59027671813965,344.1875,1,1,,,,,,,,,,,,2026-07-06T21:59:09.647Z,QGFAEPFN,2026-07-06,2026-07-06,18:59:09,2026-07-06 18:59:09,,,,,,,,697a707b5bc42b2987347880,697a707b5bc42b2987347880,,,,
9997,raw_position_sample,2,2,int,18,3,17,18,1, Conservation ,295,73,4368183.599999998,697a707b5bc42b2987347880,697a707b5bc42b2987347880,intermediate,3,697a707b5bc42b2987347880,697a707b5bc42b2987347880,spotlight_PROLIFIC,,30,Brasil,Português Brasil ,"Português Brasil, inglês ",inglês,Português Brasil:80|English:10|inglês:10,100,Português Brasil:80|English:10|inglês:10,100,Português Brasil:100|English:0|inglês:0,100,17,5,Bachelor's,10,10,10,5,6,8,12,28,28,28,Duolingo,90,,,,,16,25,B1,elementary|intermediate,elementary|intermediate,cambridge_15_21_random_elementary_intermediate,4,19,random,,65.25694274902344,234.18055725097656,86.59027671813965,344.1875,1,1,,,,,,,,,,,,2026-07-06T21:59:09.647Z,QGFAEPFN,2026-07-06,2026-07-06,18:59:09,2026-07-06 18:59:09,,,,,,,,697a707b5bc42b2987347880,697a707b5bc42b2987347880,,,,
10045,raw_position_sample,2,2,int,18,3,17,18,1, Conservation ,300,73,4368231.099999998,697a707b5bc42b2987347880,697a707b5bc42b2987347880,intermediate,3,697a707b5bc42b2987347880,697a707b5bc42b2987347880,spotlight_PROLIFIC,,30,Brasil,Português Brasil ,"Português Brasil, inglês ",inglês,Português Brasil:80|English:10|inglês:10,100,Português Brasil:80|English:10|inglês:10,100,Português Brasil:100|English:0|inglês:0,100,17,5,Bachelor's,10,10,10,5,6,8,12,28,28,28,Duolingo,90,,,,,16,25,B1,elementary|intermediate,elementary|intermediate,cambridge_15_21_random_elementary_intermediate,4,19,random,,65.25694274902344,234.18055725097656,86.59027671813965,344.1875,1,1,,,,,,,,,,,,2026-07-06T21:59:09.647Z,QGFAEPFN,2026-07-06,2026-07-06,18:59:09,2026-07-06 18:59:09,,,,,,,,697a707b5bc42b2987347880,697a707b5bc42b2987347880,,,,
10095,raw_position_sample,2,2,int,18,3,17,18,1, Conservation ,308,74,4368281.799999997,697a707b5bc42b2987347880,697a707b5bc42b2987347880,intermediate,3,697a707b5bc42b2987347880,697a707b5bc42b2987347880,spotlight_PROLIFIC,,30,Brasil,Português Brasil ,"Português Brasil, inglês ",inglês,Português Brasil:80|English:10|inglês:10,100,Português Brasil:80|English:10|inglês:10,100,Português Brasil:100|English:0|inglês:0,100,17,5,Bachelor's,10,10,10,5,6,8,12,28,28,28,Duolingo,90,,,,,16,25,B1,elementary|intermediate,elementary|intermediate,cambridge_15_21_random_elementary_intermediate,4,19,random,,65.25694274902344,234.18055725097656,86.59027671813965,344.1875,1,1,,,,,,,,,,,,2026-07-06T21:59:09.647Z,QGFAEPFN,2026-07-06,2026-07-06,18:59:09,2026-07-06 18:59:09,,,,,,,,697a707b5bc42b2987347880,697a707b5bc42b2987347880,,,,
10148,raw_position_sample,2,2,int,18,3,17,18,1, Conservation ,322,74,4368334.3999999985,697a707b5bc42b2987347880,697a707b5bc42b2987347880,intermediate,3,697a707b5bc42b2987347880,697a707b5bc42b2987347880,spotlight_PROLIFIC,,30,Brasil,Português Brasil ,"Português Brasil, inglês ",inglês,Português Brasil:80|English:10|inglês:10,100,Português Brasil:80|English:10|inglês:10,100,Português Brasil:100|English:0|inglês:0,100,17,5,Bachelor's,10,10,10,5,6,8,12,28,28,28,Duolingo,90,,,,,16,25,B1,elementary|intermediate,elementary|intermediate,cambridge_15_21_random_elementary_intermediate,4,19,random,,65.25694274902344,234.18055725097656,86.59027671813965,344.1875,1,1,,,,,,,,,,,,2026-07-06T21:59:09.647Z,QGFAEPFN,2026-07-06,2026-07-06,18:59:09,2026-07-06 18:59:09,,,,,,,,697a707b5bc42b2987347880,697a707b5bc42b2987347880,,,,
10197,raw_position_sample,2,2,int,18,3,17,18,1, Conservation ,332,74,4368383.5,697a707b5bc42b2987347880,697a707b5bc42b2987347880,intermediate,3,697a707b5bc42b2987347880,697a707b5bc42b2987347880,spotlight_PROLIFIC,,30,Brasil,Português Brasil ,"Português Brasil, inglês ",inglês,Português Brasil:80|English:10|inglês:10,100,Português Brasil:80|English:10|inglês:10,100,Português Brasil:100|English:0|inglês:0,100,17,5,Bachelor's,10,10,10,5,6,8,12,28,28,28,Duolingo,90,,,,,16,25,B1,elementary|intermediate,elementary|intermediate,cambridge_15_21_random_elementary_intermediate,4,19,random,,65.25694274902344,234.18055725097656,86.59027671813965,344.1875,1,1,,,,,,,,,,,,2026-07-06T21:59:09.647Z,QGFAEPFN,2026-07-06,2026-07-06,18:59:09,2026-07-06 18:59:09,,,,,,,,697a707b5bc42b2987347880,697a707b5bc42b2987347880,,,,
10247,raw_position_sample,2,2,int,18,3,17,18,1, Conservation ,343,74,4368433.199999999,697a707b5bc42b2987347880,697a707b5bc42b2987347880,intermediate,3,697a707b5bc42b2987347880,697a707b5bc42b2987347880,spotlight_PROLIFIC,,30,Brasil,Português Brasil ,"Português Brasil, inglês ",inglês,Português Brasil:80|English:10|inglês:10,100,Português Brasil:80|English:10|inglês:10,100,Português Brasil:100|English:0|inglês:0,100,17,5,Bachelor's,10,10,10,5,6,8,12,28,28,28,Duolingo,90,,,,,16,25,B1,elementary|intermediate,elementary|intermediate,cambridge_15_21_random_elementary_intermediate,4,19,random,,65.25694274902344,234.18055725097656,86.59027671813965,344.1875,1,1,,,,,,,,,,,,2026-07-06T21:59:09.647Z,QGFAEPFN,2026-07-06,2026-07-06,18:59:09,2026-07-06 18:59:09,,,,,,,,697a707b5bc42b2987347880,697a707b5bc42b2987347880,,,,
10253,hover_association,2,2,int,18,3,17,18,1, Conservation ,233,73,,697a707b5bc42b2987347880,697a707b5bc42b2987347880,intermediate,3,697a707b5bc42b2987347880,697a707b5bc42b2987347880,spotlight_PROLIFIC,,30,Brasil,Português Brasil ,"Português Brasil, inglês ",inglês,Português Brasil:80|English:10|inglês:10,100,Português Brasil:80|English:10|inglês:10,100,Português Brasil:100|English:0|inglês:0,100,17,5,Bachelor's,10,10,10,5,6,8,12,28,28,28,Duolingo,90,,,,,16,25,B1,elementary|intermediate,elementary|intermediate,cambridge_15_21_random_elementary_intermediate,4,19,random,,55.92360973358154,230.25173786708288,95.92360973358154,344.1875,1,1,hover,2605.699999999255,2605.699999999255,0.9895774603358104,0.4519097566604614,106,,,,,,2026-07-06T21:59:09.647Z,QGFAEPFN,2026-07-06,2026-07-06,18:59:09,2026-07-06 18:59:09,,,,,,,,697a707b5bc42b2987347880,697a707b5bc42b2987347880,,,,
10295,raw_position_sample,2,2,int,18,3,17,18,2, experts ,353,74,4368481.699999999,697a707b5bc42b2987347880,697a707b5bc42b2987347880,intermediate,3,697a707b5bc42b2987347880,697a707b5bc42b2987347880,spotlight_PROLIFIC,,30,Brasil,Português Brasil ,"Português Brasil, inglês ",inglês,Português Brasil:80|English:10|inglês:10,100,Português Brasil:80|English:10|inglês:10,100,Português Brasil:100|English:0|inglês:0,100,17,5,Bachelor's,10,10,10,5,6,8,12,28,28,28,Duolingo,90,,,,,16,25,B1,elementary|intermediate,elementary|intermediate,cambridge_15_21_random_elementary_intermediate,4,19,random,,65.25694274902344,344.1875,86.59027671813965,408.27083587646484,1,2,,,,,,,,,,,,2026-07-06T21:59:09.647Z,QGFAEPFN,2026-07-06,2026-07-06,18:59:09,2026-07-06 18:59:09,,,,,,,,697a707b5bc42b2987347880,697a707b5bc42b2987347880,,,,
10347,raw_position_sample,2,2,int,18,3,17,18,2, experts ,361,72,4368533.199999999,697a707b5bc42b2987347880,697a707b5bc42b2987347880,intermediate,3,697a707b5bc42b2987347880,697a707b5bc42b2987347880,spotlight_PROLIFIC,,30,Brasil,Português Brasil ,"Português Brasil, inglês ",inglês,Português Brasil:80|English:10|inglês:10,100,Português Brasil:80|English:10|inglês:10,100,Português Brasil:100|English:0|inglês:0,100,17,5,Bachelor's,10,10,10,5,6,8,12,28,28,28,Duolingo,90,,,,,16,25,B1,elementary|intermediate,elementary|intermediate,cambridge_15_21_random_elementary_intermediate,4,19,random,,65.25694274902344,344.1875,86.59027671813965,408.27083587646484,1,2,,,,,,,,,,,,2026-07-06T21:59:09.647Z,QGFAEPFN,2026-07-06,2026-07-06,18:59:09,2026-07-06 18:59:09,,,,,,,,697a707b5bc42b2987347880,697a707b5bc42b2987347880,,,,
10396,raw_position_sample,2,2,int,18,3,17,18,2, experts ,368,71,4368582.599999998,697a707b5bc42b2987347880,697a707b5bc42b2987347880,intermediate,3,697a707b5bc42b2987347880,697a707b5bc42b2987347880,spotlight_PROLIFIC,,30,Brasil,Português Brasil ,"Português Brasil, inglês ",inglês,Português Brasil:80|English:10|inglês:10,100,Português Brasil:80|English:10|inglês:10,100,Português Brasil:100|English:0|inglês:0,100,17,5,Bachelor's,10,10,10,5,6,8,12,28,28,28,Duolingo,90,,,,,16,25,B1,elementary|intermediate,elementary|intermediate,cambridge_15_21_random_elementary_intermediate,4,19,random,,65.25694274902344,344.1875,86.59027671813965,408.27083587646484,1,2,,,,,,,,,,,,2026-07-06T21:59:09.647Z,QGFAEPFN,2026-07-06,2026-07-06,18:59:09,2026-07-06 18:59:09,,,,,,,,697a707b5bc42b2987347880,697a707b5bc42b2987347880,,,,
10445,raw_position_sample,2,2,int,18,3,17,18,2, experts ,378,68,4368631,697a707b5bc42b2987347880,697a707b5bc42b2987347880,intermediate,3,697a707b5bc42b2987347880,697a707b5bc42b2987347880,spotlight_PROLIFIC,,30,Brasil,Português Brasil ,"Português Brasil, inglês ",inglês,Português Brasil:80|English:10|inglês:10,100,Português Brasil:80|English:10|inglês:10,100,Português Brasil:100|English:0|inglês:0,100,17,5,Bachelor's,10,10,10,5,6,8,12,28,28,28,Duolingo,90,,,,,16,25,B1,elementary|intermediate,elementary|intermediate,cambridge_15_21_random_elementary_intermediate,4,19,random,,65.25694274902344,344.1875,86.59027671813965,408.27083587646484,1,2,,,,,,,,,,,,2026-07-06T21:59:09.647Z,QGFAEPFN,2026-07-06,2026-07-06,18:59:09,2026-07-06 18:59:09,,,,,,,,697a707b5bc42b2987347880,697a707b5bc42b2987347880,,,,
10496,raw_position_sample,2,2,int,18,3,17,18,2, experts ,383,65,4368682.5,697a707b5bc42b2987347880,697a707b5bc42b2987347880,intermediate,3,697a707b5bc42b2987347880,697a707b5bc42b2987347880,spotlight_PROLIFIC,,30,Brasil,Português Brasil ,"Português Brasil, inglês ",inglês,Português Brasil:80|English:10|inglês:10,100,Português Brasil:80|English:10|inglês:10,100,Português Brasil:100|English:0|inglês:0,100,17,5,Bachelor's,10,10,10,5,6,8,12,28,28,28,Duolingo,90,,,,,16,25,B1,elementary|intermediate,elementary|intermediate,cambridge_15_21_random_elementary_intermediate,4,19,random,,65.25694274902344,344.1875,86.59027671813965,408.27083587646484,1,2,,,,,,,,,,,,2026-07-06T21:59:09.647Z,QGFAEPFN,2026-07-06,2026-07-06,18:59:09,2026-07-06 18:59:09,,,,,,,,697a707b5bc42b2987347880,697a707b5bc42b2987347880,,,,
10548,raw_position_sample,2,2,int,18,3,17,18,2, experts ,388,64,4368734.599999998,697a707b5bc42b2987347880,697a707b5bc42b2987347880,intermediate,3,697a707b5bc42b2987347880,697a707b5bc42b2987347880,spotlight_PROLIFIC,,30,Brasil,Português Brasil ,"Português Brasil, inglês ",inglês,Português Brasil:80|English:10|inglês:10,100,Português Brasil:80|English:10|inglês:10,100,Português Brasil:100|English:0|inglês:0,100,17,5,Bachelor's,10,10,10,5,6,8,12,28,28,28,Duolingo,90,,,,,16,25,B1,elementary|intermediate,elementary|intermediate,cambridge_15_21_random_elementary_intermediate,4,19,random,,65.25694274902344,344.1875,86.59027671813965,408.27083587646484,1,2,,,,,,,,,,,,2026-07-06T21:59:09.647Z,QGFAEPFN,2026-07-06,2026-07-06,18:59:09,2026-07-06 18:59:09,,,,,,,,697a707b5bc42b2987347880,697a707b5bc42b2987347880,,,,
10595,raw_position_sample,2,2,int,18,3,17,18,2, experts ,396,63,4368781.5,697a707b5bc42b2987347880,697a707b5bc42b2987347880,intermediate,3,697a707b5bc42b2987347880,697a707b5bc42b2987347880,spotlight_PROLIFIC,,30,Brasil,Português Brasil ,"Português Brasil, inglês ",inglês,Português Brasil:80|English:10|inglês:10,100,Português Brasil:80|English:10|inglês:10,100,Português Brasil:100|English:0|inglês:0,100,17,5,Bachelor's,10,10,10,5,6,8,12,28,28,28,Duolingo,90,,,,,16,25,B1,elementary|intermediate,elementary|intermediate,cambridge_15_21_random_elementary_intermediate,4,19,random,,65.25694274902344,344.1875,86.59027671813965,408.27083587646484,1,2,,,,,,,,,,,,2026-07-06T21:59:09.647Z,QGFAEPFN,2026-07-06,2026-07-06,18:59:09,2026-07-06 18:59:09,,,,,,,,697a707b5bc42b2987347880,697a707b5bc42b2987347880,,,,
10647,raw_position_sample,2,2,int,18,3,17,18,2, experts ,402,61,4368833.699999999,697a707b5bc42b2987347880,697a707b5bc42b2987347880,intermediate,3,697a707b5bc42b2987347880,697a707b5bc42b2987347880,spotlight_PROLIFIC,,30,Brasil,Português Brasil ,"Português Brasil, inglês ",inglês,Português Brasil:80|English:10|inglês:10,100,Português Brasil:80|English:10|inglês:10,100,Português Brasil:100|English:0|inglês:0,100,17,5,Bachelor's,10,10,10,5,6,8,12,28,28,28,Duolingo,90,,,,,16,25,B1,elementary|intermediate,elementary|intermediate,cambridge_15_21_random_elementary_intermediate,4,19,random,,65.25694274902344,344.1875,86.59027671813965,408.27083587646484,1,2,,,,,,,,,,,,2026-07-06T21:59:09.647Z,QGFAEPFN,2026-07-06,2026-07-06,18:59:09,2026-07-06 18:59:09,,,,,,,,697a707b5bc42b2987347880,697a707b5bc42b2987347880,,,,
10700,raw_position_sample,2,2,int,18,3,17,18,2, experts ,406,61,4368886.5,697a707b5bc42b2987347880,697a707b5bc42b2987347880,intermediate,3,697a707b5bc42b2987347880,697a707b5bc42b2987347880,spotlight_PROLIFIC,,30,Brasil,Português Brasil ,"Português Brasil, inglês ",inglês,Português Brasil:80|English:10|inglês:10,100,Português Brasil:80|English:10|inglês:10,100,Português Brasil:100|English:0|inglês:0,100,17,5,Bachelor's,10,10,10,5,6,8,12,28,28,28,Duolingo,90,,,,,16,25,B1,elementary|intermediate,elementary|intermediate,cambridge_15_21_random_elementary_intermediate,4,19,random,,65.25694274902344,344.1875,86.59027671813965,408.27083587646484,1,2,,,,,,,,,,,,2026-07-06T21:59:09.647Z,QGFAEPFN,2026-07-06,2026-07-06,18:59:09,2026-07-06 18:59:09,,,,,,,,697a707b5bc42b2987347880,697a707b5bc42b2987347880,,,,
10736,hover_association,2,2,int,18,3,17,18,2, experts ,346,74,,697a707b5bc42b2987347880,697a707b5bc42b2987347880,intermediate,3,697a707b5bc42b2987347880,697a707b5bc42b2987347880,spotlight_PROLIFIC,,30,Brasil,Português Brasil ,"Português Brasil, inglês ",inglês,Português Brasil:80|English:10|inglês:10,100,Português Brasil:80|English:10|inglês:10,100,Português Brasil:100|English:0|inglês:0,100,17,5,Bachelor's,10,10,10,5,6,8,12,28,28,28,Duolingo,90,,,,,16,25,B1,elementary|intermediate,elementary|intermediate,cambridge_15_21_random_elementary_intermediate,4,19,random,,55.92360973358154,344.1875,95.92360973358154,408.2708396911621,1,2,hover,482.80000000074506,482.80000000074506,0.9957736333270493,0.12690975666046142,106,,,,,,2026-07-06T21:59:09.647Z,QGFAEPFN,2026-07-06,2026-07-06,18:59:09,2026-07-06 18:59:09,,,,,,,,697a707b5bc42b2987347880,697a707b5bc42b2987347880,,,,
10746,raw_position_sample,2,2,int,18,3,17,18,3, believe ,411,61,4368932.099999998,697a707b5bc42b2987347880,697a707b5bc42b2987347880,intermediate,3,697a707b5bc42b2987347880,697a707b5bc42b2987347880,spotlight_PROLIFIC,,30,Brasil,Português Brasil ,"Português Brasil, inglês ",inglês,Português Brasil:80|English:10|inglês:10,100,Português Brasil:80|English:10|inglês:10,100,Português Brasil:100|English:0|inglês:0,100,17,5,Bachelor's,10,10,10,5,6,8,12,28,28,28,Duolingo,90,,,,,16,25,B1,elementary|intermediate,elementary|intermediate,cambridge_15_21_random_elementary_intermediate,4,19,random,,65.25694274902344,408.2708435058594,86.59027671813965,468.4027900695801,1,3,,,,,,,,,,,,2026-07-06T21:59:09.647Z,QGFAEPFN,2026-07-06,2026-07-06,18:59:09,2026-07-06 18:59:09,,,,,,,,697a707b5bc42b2987347880,697a707b5bc42b2987347880,,,,
10798,raw_position_sample,2,2,int,18,3,17,18,3, believe ,419,61,4368984.599999998,697a707b5bc42b2987347880,697a707b5bc42b2987347880,intermediate,3,697a707b5bc42b2987347880,697a707b5bc42b2987347880,spotlight_PROLIFIC,,30,Brasil,Português Brasil ,"Português Brasil, inglês ",inglês,Português Brasil:80|English:10|inglês:10,100,Português Brasil:80|English:10|inglês:10,100,Português Brasil:100|English:0|inglês:0,100,17,5,Bachelor's,10,10,10,5,6,8,12,28,28,28,Duolingo,90,,,,,16,25,B1,elementary|intermediate,elementary|intermediate,cambridge_15_21_random_elementary_intermediate,4,19,random,,65.25694274902344,408.2708435058594,86.59027671813965,468.4027900695801,1,3,,,,,,,,,,,,2026-07-06T21:59:09.647Z,QGFAEPFN,2026-07-06,2026-07-06,18:59:09,2026-07-06 18:59:09,,,,,,,,697a707b5bc42b2987347880,697a707b5bc42b2987347880,,,,
10847,raw_position_sample,2,2,int,18,3,17,18,3, believe ,425,61,4369033.5,697a707b5bc42b2987347880,697a707b5bc42b2987347880,intermediate,3,697a707b5bc42b2987347880,697a707b5bc42b2987347880,spotlight_PROLIFIC,,30,Brasil,Português Brasil ,"Português Brasil, inglês ",inglês,Português Brasil:80|English:10|inglês:10,100,Português Brasil:80|English:10|inglês:10,100,Português Brasil:100|English:0|inglês:0,100,17,5,Bachelor's,10,10,10,5,6,8,12,28,28,28,Duolingo,90,,,,,16,25,B1,elementary|intermediate,elementary|intermediate,cambridge_15_21_random_elementary_intermediate,4,19,random,,65.25694274902344,408.2708435058594,86.59027671813965,468.4027900695801,1,3,,,,,,,,,,,,2026-07-06T21:59:09.647Z,QGFAEPFN,2026-07-06,2026-07-06,18:59:09,2026-07-06 18:59:09,,,,,,,,697a707b5bc42b2987347880,697a707b5bc42b2987347880,,,,
10895,raw_position_sample,2,2,int,18,3,17,18,3, believe ,433,62,4369081.5,697a707b5bc42b2987347880,697a707b5bc42b2987347880,intermediate,3,697a707b5bc42b2987347880,697a707b5bc42b2987347880,spotlight_PROLIFIC,,30,Brasil,Português Brasil ,"Português Brasil, inglês ",inglês,Português Brasil:80|English:10|inglês:10,100,Português Brasil:80|English:10|inglês:10,100,Português Brasil:100|English:0|inglês:0,100,17,5,Bachelor's,10,10,10,5,6,8,12,28,28,28,Duolingo,90,,,,,16,25,B1,elementary|intermediate,elementary|intermediate,cambridge_15_21_random_elementary_intermediate,4,19,random,,65.25694274902344,408.2708435058594,86.59027671813965,468.4027900695801,1,3,,,,,,,,,,,,2026-07-06T21:59:09.647Z,QGFAEPFN,2026-07-06,2026-07-06,18:59:09,2026-07-06 18:59:09,,,,,,,,697a707b5bc42b2987347880,697a707b5bc42b2987347880,,,,
10945,raw_position_sample,2,2,int,18,3,17,18,3, believe ,441,63,4369131.199999999,697a707b5bc42b2987347880,697a707b5bc42b2987347880,intermediate,3,697a707b5bc42b2987347880,697a707b5bc42b2987347880,spotlight_PROLIFIC,,30,Brasil,Português Brasil ,"Português Brasil, inglês ",inglês,Português Brasil:80|English:10|inglês:10,100,Português Brasil:80|English:10|inglês:10,100,Português Brasil:100|English:0|inglês:0,100,17,5,Bachelor's,10,10,10,5,6,8,12,28,28,28,Duolingo,90,,,,,16,25,B1,elementary|intermediate,elementary|intermediate,cambridge_15_21_random_elementary_intermediate,4,19,random,,65.25694274902344,408.2708435058594,86.59027671813965,468.4027900695801,1,3,,,,,,,,,,,,2026-07-06T21:59:09.647Z,QGFAEPFN,2026-07-06,2026-07-06,18:59:09,2026-07-06 18:59:09,,,,,,,,697a707b5bc42b2987347880,697a707b5bc42b2987347880,,,,
10995,raw_position_sample,2,2,int,18,3,17,18,3, believe ,448,64,4369181,697a707b5bc42b2987347880,697a707b5bc42b2987347880,intermediate,3,697a707b5bc42b2987347880,697a707b5bc42b2987347880,spotlight_PROLIFIC,,30,Brasil,Português Brasil ,"Português Brasil, inglês ",inglês,Português Brasil:80|English:10|inglês:10,100,Português Brasil:80|English:10|inglês:10,100,Português Brasil:100|English:0|inglês:0,100,17,5,Bachelor's,10,10,10,5,6,8,12,28,28,28,Duolingo,90,,,,,16,25,B1,elementary|intermediate,elementary|intermediate,cambridge_15_21_random_elementary_intermediate,4,19,random,,65.25694274902344,408.2708435058594,86.59027671813965,468.4027900695801,1,3,,,,,,,,,,,,2026-07-06T21:59:09.647Z,QGFAEPFN,2026-07-06,2026-07-06,18:59:09,2026-07-06 18:59:09,,,,,,,,697a707b5bc42b2987347880,697a707b5bc42b2987347880,,,,
11046,raw_position_sample,2,2,int,18,3,17,18,3, believe ,456,66,4369232.199999999,697a707b5bc42b2987347880,697a707b5bc42b2987347880,intermediate,3,697a707b5bc42b2987347880,697a707b5bc42b2987347880,spotlight_PROLIFIC,,30,Brasil,Português Brasil ,"Português Brasil, inglês ",inglês,Português Brasil:80|English:10|inglês:10,100,Português Brasil:80|English:10|inglês:10,100,Português Brasil:100|English:0|inglês:0,100,17,5,Bachelor's,10,10,10,5,6,8,12,28,28,28,Duolingo,90,,,,,16,25,B1,elementary|intermediate,elementary|intermediate,cambridge_15_21_random_elementary_intermediate,4,19,random,,65.25694274902344,408.2708435058594,86.59027671813965,468.4027900695801,1,3,,,,,,,,,,,,2026-07-06T21:59:09.647Z,QGFAEPFN,2026-07-06,2026-07-06,18:59:09,2026-07-06 18:59:09,,,,,,,,697a707b5bc42b2987347880,697a707b5bc42b2987347880,,,,
11098,raw_position_sample,2,2,int,18,3,17,18,3, believe ,463,68,4369283.799999997,697a707b5bc42b2987347880,697a707b5bc42b2987347880,intermediate,3,697a707b5bc42b2987347880,697a707b5bc42b2987347880,spotlight_PROLIFIC,,30,Brasil,Português Brasil ,"Português Brasil, inglês ",inglês,Português Brasil:80|English:10|inglês:10,100,Português Brasil:80|English:10|inglês:10,100,Português Brasil:100|English:0|inglês:0,100,17,5,Bachelor's,10,10,10,5,6,8,12,28,28,28,Duolingo,90,,,,,16,25,B1,elementary|intermediate,elementary|intermediate,cambridge_15_21_random_elementary_intermediate,4,19,random,,65.25694274902344,408.2708435058594,86.59027671813965,468.4027900695801,1,3,,,,,,,,,,,,2026-07-06T21:59:09.647Z,QGFAEPFN,2026-07-06,2026-07-06,18:59:09,2026-07-06 18:59:09,,,,,,,,697a707b5bc42b2987347880,697a707b5bc42b2987347880,,,,
11119,hover_association,2,2,int,18,3,17,18,3, believe ,411,61,,697a707b5bc42b2987347880,697a707b5bc42b2987347880,intermediate,3,697a707b5bc42b2987347880,697a707b5bc42b2987347880,spotlight_PROLIFIC,,30,Brasil,Português Brasil ,"Português Brasil, inglês ",inglês,Português Brasil:80|English:10|inglês:10,100,Português Brasil:80|English:10|inglês:10,100,Português Brasil:100|English:0|inglês:0,100,17,5,Bachelor's,10,10,10,5,6,8,12,28,28,28,Duolingo,90,,,,,16,25,B1,elementary|intermediate,elementary|intermediate,cambridge_15_21_random_elementary_intermediate,4,19,random,,55.92360973358154,408.2708396911621,95.92360973358154,468.4027805328369,1,3,hover,383.5999999977648,383.5999999977648,0.9766716238790565,0.3269097566604614,106,,,,,,2026-07-06T21:59:09.647Z,QGFAEPFN,2026-07-06,2026-07-06,18:59:09,2026-07-06 18:59:09,,,,,,,,697a707b5bc42b2987347880,697a707b5bc42b2987347880,,,,
11149,raw_position_sample,2,2,int,18,3,17,18,4, that ,472,71,4369335,697a707b5bc42b2987347880,697a707b5bc42b2987347880,intermediate,3,697a707b5bc42b2987347880,697a707b5bc42b2987347880,spotlight_PROLIFIC,,30,Brasil,Português Brasil ,"Português Brasil, inglês ",inglês,Português Brasil:80|English:10|inglês:10,100,Português Brasil:80|English:10|inglês:10,100,Português Brasil:100|English:0|inglês:0,100,17,5,Bachelor's,10,10,10,5,6,8,12,28,28,28,Duolingo,90,,,,,16,25,B1,elementary|intermediate,elementary|intermediate,cambridge_15_21_random_elementary_intermediate,4,19,random,,65.25694274902344,468.40277099609375,86.59027671813965,504.2638816833496,1,4,,,,,,,,,,,,2026-07-06T21:59:09.647Z,QGFAEPFN,2026-07-06,2026-07-06,18:59:09,2026-07-06 18:59:09,,,,,,,,697a707b5bc42b2987347880,697a707b5bc42b2987347880,,,,
11197,raw_position_sample,2,2,int,18,3,17,18,4, that ,478,74,4369382.799999997,697a707b5bc42b2987347880,697a707b5bc42b2987347880,intermediate,3,697a707b5bc42b2987347880,697a707b5bc42b2987347880,spotlight_PROLIFIC,,30,Brasil,Português Brasil ,"Português Brasil, inglês ",inglês,Português Brasil:80|English:10|inglês:10,100,Português Brasil:80|English:10|inglês:10,100,Português Brasil:100|English:0|inglês:0,100,17,5,Bachelor's,10,10,10,5,6,8,12,28,28,28,Duolingo,90,,,,,16,25,B1,elementary|intermediate,elementary|intermediate,cambridge_15_21_random_elementary_intermediate,4,19,random,,65.25694274902344,468.40277099609375,86.59027671813965,504.2638816833496,1,4,,,,,,,,,,,,2026-07-06T21:59:09.647Z,QGFAEPFN,2026-07-06,2026-07-06,18:59:09,2026-07-06 18:59:09,,,,,,,,697a707b5bc42b2987347880,697a707b5bc42b2987347880,,,,
11246,raw_position_sample,2,2,int,18,3,17,18,4, that ,484,74,4369432.5,697a707b5bc42b2987347880,697a707b5bc42b2987347880,intermediate,3,697a707b5bc42b2987347880,697a707b5bc42b2987347880,spotlight_PROLIFIC,,30,Brasil,Português Brasil ,"Português Brasil, inglês ",inglês,Português Brasil:80|English:10|inglês:10,100,Português Brasil:80|English:10|inglês:10,100,Português Brasil:100|English:0|inglês:0,100,17,5,Bachelor's,10,10,10,5,6,8,12,28,28,28,Duolingo,90,,,,,16,25,B1,elementary|intermediate,elementary|intermediate,cambridge_15_21_random_elementary_intermediate,4,19,random,,65.25694274902344,468.40277099609375,86.59027671813965,504.2638816833496,1,4,,,,,,,,,,,,2026-07-06T21:59:09.647Z,QGFAEPFN,2026-07-06,2026-07-06,18:59:09,2026-07-06 18:59:09,,,,,,,,697a707b5bc42b2987347880,697a707b5bc42b2987347880,,,,
11295,raw_position_sample,2,2,int,18,3,17,18,4, that ,490,75,4369481.699999999,697a707b5bc42b2987347880,697a707b5bc42b2987347880,intermediate,3,697a707b5bc42b2987347880,697a707b5bc42b2987347880,spotlight_PROLIFIC,,30,Brasil,Português Brasil ,"Português Brasil, inglês ",inglês,Português Brasil:80|English:10|inglês:10,100,Português Brasil:80|English:10|inglês:10,100,Português Brasil:100|English:0|inglês:0,100,17,5,Bachelor's,10,10,10,5,6,8,12,28,28,28,Duolingo,90,,,,,16,25,B1,elementary|intermediate,elementary|intermediate,cambridge_15_21_random_elementary_intermediate,4,19,random,,65.25694274902344,468.40277099609375,86.59027671813965,504.2638816833496,1,4,,,,,,,,,,,,2026-07-06T21:59:09.647Z,QGFAEPFN,2026-07-06,2026-07-06,18:59:09,2026-07-06 18:59:09,,,,,,,,697a707b5bc42b2987347880,697a707b5bc42b2987347880,,,,
11347,raw_position_sample,2,2,int,18,3,17,18,4, that ,495,78,4369532.8999999985,697a707b5bc42b2987347880,697a707b5bc42b2987347880,intermediate,3,697a707b5bc42b2987347880,697a707b5bc42b2987347880,spotlight_PROLIFIC,,30,Brasil,Português Brasil ,"Português Brasil, inglês ",inglês,Português Brasil:80|English:10|inglês:10,100,Português Brasil:80|English:10|inglês:10,100,Português Brasil:100|English:0|inglês:0,100,17,5,Bachelor's,10,10,10,5,6,8,12,28,28,28,Duolingo,90,,,,,16,25,B1,elementary|intermediate,elementary|intermediate,cambridge_15_21_random_elementary_intermediate,4,19,random,,65.25694274902344,468.40277099609375,86.59027671813965,504.2638816833496,1,4,,,,,,,,,,,,2026-07-06T21:59:09.647Z,QGFAEPFN,2026-07-06,2026-07-06,18:59:09,2026-07-06 18:59:09,,,,,,,,697a707b5bc42b2987347880,697a707b5bc42b2987347880,,,,
11395,raw_position_sample,2,2,int,18,3,17,18,4, that ,498,79,4369581,697a707b5bc42b2987347880,697a707b5bc42b2987347880,intermediate,3,697a707b5bc42b2987347880,697a707b5bc42b2987347880,spotlight_PROLIFIC,,30,Brasil,Português Brasil ,"Português Brasil, inglês ",inglês,Português Brasil:80|English:10|inglês:10,100,Português Brasil:80|English:10|inglês:10,100,Português Brasil:100|English:0|inglês:0,100,17,5,Bachelor's,10,10,10,5,6,8,12,28,28,28,Duolingo,90,,,,,16,25,B1,elementary|intermediate,elementary|intermediate,cambridge_15_21_random_elementary_intermediate,4,19,random,,65.25694274902344,468.40277099609375,86.59027671813965,504.2638816833496,1,4,,,,,,,,,,,,2026-07-06T21:59:09.647Z,QGFAEPFN,2026-07-06,2026-07-06,18:59:09,2026-07-06 18:59:09,,,,,,,,697a707b5bc42b2987347880,697a707b5bc42b2987347880,,,,
11448,raw_position_sample,2,2,int,18,3,17,18,4, that ,504,80,4369634.099999998,697a707b5bc42b2987347880,697a707b5bc42b2987347880,intermediate,3,697a707b5bc42b2987347880,697a707b5bc42b2987347880,spotlight_PROLIFIC,,30,Brasil,Português Brasil ,"Português Brasil, inglês ",inglês,Português Brasil:80|English:10|inglês:10,100,Português Brasil:80|English:10|inglês:10,100,Português Brasil:100|English:0|inglês:0,100,17,5,Bachelor's,10,10,10,5,6,8,12,28,28,28,Duolingo,90,,,,,16,25,B1,elementary|intermediate,elementary|intermediate,cambridge_15_21_random_elementary_intermediate,4,19,random,,65.25694274902344,468.40277099609375,86.59027671813965,504.2638816833496,1,4,,,,,,,,,,,,2026-07-06T21:59:09.647Z,QGFAEPFN,2026-07-06,2026-07-06,18:59:09,2026-07-06 18:59:09,,,,,,,,697a707b5bc42b2987347880,697a707b5bc42b2987347880,,,,
11453,hover_association,2,2,int,18,3,17,18,4, that ,469,71,,697a707b5bc42b2987347880,697a707b5bc42b2987347880,intermediate,3,697a707b5bc42b2987347880,697a707b5bc42b2987347880,spotlight_PROLIFIC,,30,Brasil,Português Brasil ,"Português Brasil, inglês ",inglês,Português Brasil:80|English:10|inglês:10,100,Português Brasil:80|English:10|inglês:10,100,Português Brasil:100|English:0|inglês:0,100,17,5,Bachelor's,10,10,10,5,6,8,12,28,28,28,Duolingo,90,,,,,16,25,B1,elementary|intermediate,elementary|intermediate,cambridge_15_21_random_elementary_intermediate,4,19,random,,55.92360973358154,468.4027805328369,95.92360973358154,504.26388359069824,1,4,hover,333.70000000298023,333.70000000298023,0.9926415093737504,0.6019097566604614,106,,,,,,2026-07-06T21:59:09.647Z,QGFAEPFN,2026-07-06,2026-07-06,18:59:09,2026-07-06 18:59:09,,,,,,,,697a707b5bc42b2987347880,697a707b5bc42b2987347880,,,,
11496,raw_position_sample,2,2,int,18,3,17,18,5, the ,506,80,4369682.199999999,697a707b5bc42b2987347880,697a707b5bc42b2987347880,intermediate,3,697a707b5bc42b2987347880,697a707b5bc42b2987347880,spotlight_PROLIFIC,,30,Brasil,Português Brasil ,"Português Brasil, inglês ",inglês,Português Brasil:80|English:10|inglês:10,100,Português Brasil:80|English:10|inglês:10,100,Português Brasil:100|English:0|inglês:0,100,17,5,Bachelor's,10,10,10,5,6,8,12,28,28,28,Duolingo,90,,,,,16,25,B1,elementary|intermediate,elementary|intermediate,cambridge_15_21_random_elementary_intermediate,4,19,random,,65.25694274902344,504.2638854980469,86.59027671813965,533.9930515289307,1,5,,,,,,,,,,,,2026-07-06T21:59:09.647Z,QGFAEPFN,2026-07-06,2026-07-06,18:59:09,2026-07-06 18:59:09,,,,,,,,697a707b5bc42b2987347880,697a707b5bc42b2987347880,,,,
11552,raw_position_sample,2,2,int,18,3,17,18,5, the ,512,81,4369738.3999999985,697a707b5bc42b2987347880,697a707b5bc42b2987347880,intermediate,3,697a707b5bc42b2987347880,697a707b5bc42b2987347880,spotlight_PROLIFIC,,30,Brasil,Português Brasil ,"Português Brasil, inglês ",inglês,Português Brasil:80|English:10|inglês:10,100,Português Brasil:80|English:10|inglês:10,100,Português Brasil:100|English:0|inglês:0,100,17,5,Bachelor's,10,10,10,5,6,8,12,28,28,28,Duolingo,90,,,,,16,25,B1,elementary|intermediate,elementary|intermediate,cambridge_15_21_random_elementary_intermediate,4,19,random,,65.25694274902344,504.2638854980469,86.59027671813965,533.9930515289307,1,5,,,,,,,,,,,,2026-07-06T21:59:09.647Z,QGFAEPFN,2026-07-06,2026-07-06,18:59:09,2026-07-06 18:59:09,,,,,,,,697a707b5bc42b2987347880,697a707b5bc42b2987347880,,,,
11599,raw_position_sample,2,2,int,18,3,17,18,5, the ,517,81,4369785.199999999,697a707b5bc42b2987347880,697a707b5bc42b2987347880,intermediate,3,697a707b5bc42b2987347880,697a707b5bc42b2987347880,spotlight_PROLIFIC,,30,Brasil,Português Brasil ,"Português Brasil, inglês ",inglês,Português Brasil:80|English:10|inglês:10,100,Português Brasil:80|English:10|inglês:10,100,Português Brasil:100|English:0|inglês:0,100,17,5,Bachelor's,10,10,10,5,6,8,12,28,28,28,Duolingo,90,,,,,16,25,B1,elementary|intermediate,elementary|intermediate,cambridge_15_21_random_elementary_intermediate,4,19,random,,65.25694274902344,504.2638854980469,86.59027671813965,533.9930515289307,1,5,,,,,,,,,,,,2026-07-06T21:59:09.647Z,QGFAEPFN,2026-07-06,2026-07-06,18:59:09,2026-07-06 18:59:09,,,,,,,,697a707b5bc42b2987347880,697a707b5bc42b2987347880,,,,
11646,raw_position_sample,2,2,int,18,3,17,18,5, the ,520,81,4369832,697a707b5bc42b2987347880,697a707b5bc42b2987347880,intermediate,3,697a707b5bc42b2987347880,697a707b5bc42b2987347880,spotlight_PROLIFIC,,30,Brasil,Português Brasil ,"Português Brasil, inglês ",inglês,Português Brasil:80|English:10|inglês:10,100,Português Brasil:80|English:10|inglês:10,100,Português Brasil:100|English:0|inglês:0,100,17,5,Bachelor's,10,10,10,5,6,8,12,28,28,28,Duolingo,90,,,,,16,25,B1,elementary|intermediate,elementary|intermediate,cambridge_15_21_random_elementary_intermediate,4,19,random,,65.25694274902344,504.2638854980469,86.59027671813965,533.9930515289307,1,5,,,,,,,,,,,,2026-07-06T21:59:09.647Z,QGFAEPFN,2026-07-06,2026-07-06,18:59:09,2026-07-06 18:59:09,,,,,,,,697a707b5bc42b2987347880,697a707b5bc42b2987347880,,,,
11695,raw_position_sample,2,2,int,18,3,17,18,5, the ,527,81,4369881.3999999985,697a707b5bc42b2987347880,697a707b5bc42b2987347880,intermediate,3,697a707b5bc42b2987347880,697a707b5bc42b2987347880,spotlight_PROLIFIC,,30,Brasil,Português Brasil ,"Português Brasil, inglês ",inglês,Português Brasil:80|English:10|inglês:10,100,Português Brasil:80|English:10|inglês:10,100,Português Brasil:100|English:0|inglês:0,100,17,5,Bachelor's,10,10,10,5,6,8,12,28,28,28,Duolingo,90,,,,,16,25,B1,elementary|intermediate,elementary|intermediate,cambridge_15_21_random_elementary_intermediate,4,19,random,,65.25694274902344,504.2638854980469,86.59027671813965,533.9930515289307,1,5,,,,,,,,,,,,2026-07-06T21:59:09.647Z,QGFAEPFN,2026-07-06,2026-07-06,18:59:09,2026-07-06 18:59:09,,,,,,,,697a707b5bc42b2987347880,697a707b5bc42b2987347880,,,,
11738,hover_association,2,2,int,18,3,17,18,5, the ,505,80,,697a707b5bc42b2987347880,697a707b5bc42b2987347880,intermediate,3,697a707b5bc42b2987347880,697a707b5bc42b2987347880,spotlight_PROLIFIC,,30,Brasil,Português Brasil ,"Português Brasil, inglês ",inglês,Português Brasil:80|English:10|inglês:10,100,Português Brasil:80|English:10|inglês:10,100,Português Brasil:100|English:0|inglês:0,100,17,5,Bachelor's,10,10,10,5,6,8,12,28,28,28,Duolingo,90,,,,,16,25,B1,elementary|intermediate,elementary|intermediate,cambridge_15_21_random_elementary_intermediate,4,19,random,,55.92360973358154,504.26388359069824,95.92360973358154,533.9930467605591,1,5,hover,284.69999999925494,284.69999999925494,0.9329598768330077,0.6269097566604614,106,,,,,,2026-07-06T21:59:09.647Z,QGFAEPFN,2026-07-06,2026-07-06,18:59:09,2026-07-06 18:59:09,,,,,,,,697a707b5bc42b2987347880,697a707b5bc42b2987347880,,,,
11747,raw_position_sample,2,2,int,18,3,17,18,6, increase ,536,81,4369933.699999999,697a707b5bc42b2987347880,697a707b5bc42b2987347880,intermediate,3,697a707b5bc42b2987347880,697a707b5bc42b2987347880,spotlight_PROLIFIC,,30,Brasil,Português Brasil ,"Português Brasil, inglês ",inglês,Português Brasil:80|English:10|inglês:10,100,Português Brasil:80|English:10|inglês:10,100,Português Brasil:100|English:0|inglês:0,100,17,5,Bachelor's,10,10,10,5,6,8,12,28,28,28,Duolingo,90,,,,,16,25,B1,elementary|intermediate,elementary|intermediate,cambridge_15_21_random_elementary_intermediate,4,19,random,,65.25694274902344,533.9930419921875,86.59027671813965,606.0208206176758,1,6,,,,,,,,,,,,2026-07-06T21:59:09.647Z,QGFAEPFN,2026-07-06,2026-07-06,18:59:09,2026-07-06 18:59:09,,,,,,,,697a707b5bc42b2987347880,697a707b5bc42b2987347880,,,,
11795,raw_position_sample,2,2,int,18,3,17,18,6, increase ,543,81,4369981.199999999,697a707b5bc42b2987347880,697a707b5bc42b2987347880,intermediate,3,697a707b5bc42b2987347880,697a707b5bc42b2987347880,spotlight_PROLIFIC,,30,Brasil,Português Brasil ,"Português Brasil, inglês ",inglês,Português Brasil:80|English:10|inglês:10,100,Português Brasil:80|English:10|inglês:10,100,Português Brasil:100|English:0|inglês:0,100,17,5,Bachelor's,10,10,10,5,6,8,12,28,28,28,Duolingo,90,,,,,16,25,B1,elementary|intermediate,elementary|intermediate,cambridge_15_21_random_elementary_intermediate,4,19,random,,65.25694274902344,533.9930419921875,86.59027671813965,606.0208206176758,1,6,,,,,,,,,,,,2026-07-06T21:59:09.647Z,QGFAEPFN,2026-07-06,2026-07-06,18:59:09,2026-07-06 18:59:09,,,,,,,,697a707b5bc42b2987347880,697a707b5bc42b2987347880,,,,
11849,raw_position_sample,2,2,int,18,3,17,18,6, increase ,553,81,4370034.799999997,697a707b5bc42b2987347880,697a707b5bc42b2987347880,intermediate,3,697a707b5bc42b2987347880,697a707b5bc42b2987347880,spotlight_PROLIFIC,,30,Brasil,Português Brasil ,"Português Brasil, inglês ",inglês,Português Brasil:80|English:10|inglês:10,100,Português Brasil:80|English:10|inglês:10,100,Português Brasil:100|English:0|inglês:0,100,17,5,Bachelor's,10,10,10,5,6,8,12,28,28,28,Duolingo,90,,,,,16,25,B1,elementary|intermediate,elementary|intermediate,cambridge_15_21_random_elementary_intermediate,4,19,random,,65.25694274902344,533.9930419921875,86.59027671813965,606.0208206176758,1,6,,,,,,,,,,,,2026-07-06T21:59:09.647Z,QGFAEPFN,2026-07-06,2026-07-06,18:59:09,2026-07-06 18:59:09,,,,,,,,697a707b5bc42b2987347880,697a707b5bc42b2987347880,,,,
11897,raw_position_sample,2,2,int,18,3,17,18,6, increase ,562,81,4370083.299999997,697a707b5bc42b2987347880,697a707b5bc42b2987347880,intermediate,3,697a707b5bc42b2987347880,697a707b5bc42b2987347880,spotlight_PROLIFIC,,30,Brasil,Português Brasil ,"Português Brasil, inglês ",inglês,Português Brasil:80|English:10|inglês:10,100,Português Brasil:80|English:10|inglês:10,100,Português Brasil:100|English:0|inglês:0,100,17,5,Bachelor's,10,10,10,5,6,8,12,28,28,28,Duolingo,90,,,,,16,25,B1,elementary|intermediate,elementary|intermediate,cambridge_15_21_random_elementary_intermediate,4,19,random,,65.25694274902344,533.9930419921875,86.59027671813965,606.0208206176758,1,6,,,,,,,,,,,,2026-07-06T21:59:09.647Z,QGFAEPFN,2026-07-06,2026-07-06,18:59:09,2026-07-06 18:59:09,,,,,,,,697a707b5bc42b2987347880,697a707b5bc42b2987347880,,,,
11949,raw_position_sample,2,2,int,18,3,17,18,6, increase ,570,79,4370135.799999997,697a707b5bc42b2987347880,697a707b5bc42b2987347880,intermediate,3,697a707b5bc42b2987347880,697a707b5bc42b2987347880,spotlight_PROLIFIC,,30,Brasil,Português Brasil ,"Português Brasil, inglês ",inglês,Português Brasil:80|English:10|inglês:10,100,Português Brasil:80|English:10|inglês:10,100,Português Brasil:100|English:0|inglês:0,100,17,5,Bachelor's,10,10,10,5,6,8,12,28,28,28,Duolingo,90,,,,,16,25,B1,elementary|intermediate,elementary|intermediate,cambridge_15_21_random_elementary_intermediate,4,19,random,,65.25694274902344,533.9930419921875,86.59027671813965,606.0208206176758,1,6,,,,,,,,,,,,2026-07-06T21:59:09.647Z,QGFAEPFN,2026-07-06,2026-07-06,18:59:09,2026-07-06 18:59:09,,,,,,,,697a707b5bc42b2987347880,697a707b5bc42b2987347880,,,,
11998,raw_position_sample,2,2,int,18,3,17,18,6, increase ,581,76,4370184.099999998,697a707b5bc42b2987347880,697a707b5bc42b2987347880,intermediate,3,697a707b5bc42b2987347880,697a707b5bc42b2987347880,spotlight_PROLIFIC,,30,Brasil,Português Brasil ,"Português Brasil, inglês ",inglês,Português Brasil:80|English:10|inglês:10,100,Português Brasil:80|English:10|inglês:10,100,Português Brasil:100|English:0|inglês:0,100,17,5,Bachelor's,10,10,10,5,6,8,12,28,28,28,Duolingo,90,,,,,16,25,B1,elementary|intermediate,elementary|intermediate,cambridge_15_21_random_elementary_intermediate,4,19,random,,65.25694274902344,533.9930419921875,86.59027671813965,606.0208206176758,1,6,,,,,,,,,,,,2026-07-06T21:59:09.647Z,QGFAEPFN,2026-07-06,2026-07-06,18:59:09,2026-07-06 18:59:09,,,,,,,,697a707b5bc42b2987347880,697a707b5bc42b2987347880,,,,
12047,raw_position_sample,2,2,int,18,3,17,18,6, increase ,588,74,4370232.8999999985,697a707b5bc42b2987347880,697a707b5bc42b2987347880,intermediate,3,697a707b5bc42b2987347880,697a707b5bc42b2987347880,spotlight_PROLIFIC,,30,Brasil,Português Brasil ,"Português Brasil, inglês ",inglês,Português Brasil:80|English:10|inglês:10,100,Português Brasil:80|English:10|inglês:10,100,Português Brasil:100|English:0|inglês:0,100,17,5,Bachelor's,10,10,10,5,6,8,12,28,28,28,Duolingo,90,,,,,16,25,B1,elementary|intermediate,elementary|intermediate,cambridge_15_21_random_elementary_intermediate,4,19,random,,65.25694274902344,533.9930419921875,86.59027671813965,606.0208206176758,1,6,,,,,,,,,,,,2026-07-06T21:59:09.647Z,QGFAEPFN,2026-07-06,2026-07-06,18:59:09,2026-07-06 18:59:09,,,,,,,,697a707b5bc42b2987347880,697a707b5bc42b2987347880,,,,
12100,raw_position_sample,2,2,int,18,3,17,18,6, increase ,602,74,4370286.699999999,697a707b5bc42b2987347880,697a707b5bc42b2987347880,intermediate,3,697a707b5bc42b2987347880,697a707b5bc42b2987347880,spotlight_PROLIFIC,,30,Brasil,Português Brasil ,"Português Brasil, inglês ",inglês,Português Brasil:80|English:10|inglês:10,100,Português Brasil:80|English:10|inglês:10,100,Português Brasil:100|English:0|inglês:0,100,17,5,Bachelor's,10,10,10,5,6,8,12,28,28,28,Duolingo,90,,,,,16,25,B1,elementary|intermediate,elementary|intermediate,cambridge_15_21_random_elementary_intermediate,4,19,random,,65.25694274902344,533.9930419921875,86.59027671813965,606.0208206176758,1,6,,,,,,,,,,,,2026-07-06T21:59:09.647Z,QGFAEPFN,2026-07-06,2026-07-06,18:59:09,2026-07-06 18:59:09,,,,,,,,697a707b5bc42b2987347880,697a707b5bc42b2987347880,,,,
12122,hover_association,2,2,int,18,3,17,18,6, increase ,536,81,,697a707b5bc42b2987347880,697a707b5bc42b2987347880,intermediate,3,697a707b5bc42b2987347880,697a707b5bc42b2987347880,spotlight_PROLIFIC,,30,Brasil,Português Brasil ,"Português Brasil, inglês ",inglês,Português Brasil:80|English:10|inglês:10,100,Português Brasil:80|English:10|inglês:10,100,Português Brasil:100|English:0|inglês:0,100,17,5,Bachelor's,10,10,10,5,6,8,12,28,28,28,Duolingo,90,,,,,16,25,B1,elementary|intermediate,elementary|intermediate,cambridge_15_21_random_elementary_intermediate,4,19,random,,55.92360973358154,533.9930467605591,95.92360973358154,606.0208168029785,1,6,hover,383.3999999985099,383.3999999985099,0.9719439210489456,0.4519097566604614,106,,,,,,2026-07-06T21:59:09.647Z,QGFAEPFN,2026-07-06,2026-07-06,18:59:09,2026-07-06 18:59:09,,,,,,,,697a707b5bc42b2987347880,697a707b5bc42b2987347880,,,,
12147,raw_position_sample,2,2,int,18,3,17,18,7, in ,609,73,4370332.8999999985,697a707b5bc42b2987347880,697a707b5bc42b2987347880,intermediate,3,697a707b5bc42b2987347880,697a707b5bc42b2987347880,spotlight_PROLIFIC,,30,Brasil,Português Brasil ,"Português Brasil, inglês ",inglês,Português Brasil:80|English:10|inglês:10,100,Português Brasil:80|English:10|inglês:10,100,Português Brasil:100|English:0|inglês:0,100,17,5,Bachelor's,10,10,10,5,6,8,12,28,28,28,Duolingo,90,,,,,16,25,B1,elementary|intermediate,elementary|intermediate,cambridge_15_21_random_elementary_intermediate,4,19,random,,65.25694274902344,606.0208129882812,86.59027671813965,624.7083129882812,1,7,,,,,,,,,,,,2026-07-06T21:59:09.647Z,QGFAEPFN,2026-07-06,2026-07-06,18:59:09,2026-07-06 18:59:09,,,,,,,,697a707b5bc42b2987347880,697a707b5bc42b2987347880,,,,
12196,raw_position_sample,2,2,int,18,3,17,18,7, in ,613,73,4370382,697a707b5bc42b2987347880,697a707b5bc42b2987347880,intermediate,3,697a707b5bc42b2987347880,697a707b5bc42b2987347880,spotlight_PROLIFIC,,30,Brasil,Português Brasil ,"Português Brasil, inglês ",inglês,Português Brasil:80|English:10|inglês:10,100,Português Brasil:80|English:10|inglês:10,100,Português Brasil:100|English:0|inglês:0,100,17,5,Bachelor's,10,10,10,5,6,8,12,28,28,28,Duolingo,90,,,,,16,25,B1,elementary|intermediate,elementary|intermediate,cambridge_15_21_random_elementary_intermediate,4,19,random,,65.25694274902344,606.0208129882812,86.59027671813965,624.7083129882812,1,7,,,,,,,,,,,,2026-07-06T21:59:09.647Z,QGFAEPFN,2026-07-06,2026-07-06,18:59:09,2026-07-06 18:59:09,,,,,,,,697a707b5bc42b2987347880,697a707b5bc42b2987347880,,,,
12245,raw_position_sample,2,2,int,18,3,17,18,7, in ,616,71,4370431.599999998,697a707b5bc42b2987347880,697a707b5bc42b2987347880,intermediate,3,697a707b5bc42b2987347880,697a707b5bc42b2987347880,spotlight_PROLIFIC,,30,Brasil,Português Brasil ,"Português Brasil, inglês ",inglês,Português Brasil:80|English:10|inglês:10,100,Português Brasil:80|English:10|inglês:10,100,Português Brasil:100|English:0|inglês:0,100,17,5,Bachelor's,10,10,10,5,6,8,12,28,28,28,Duolingo,90,,,,,16,25,B1,elementary|intermediate,elementary|intermediate,cambridge_15_21_random_elementary_intermediate,4,19,random,,65.25694274902344,606.0208129882812,86.59027671813965,624.7083129882812,1,7,,,,,,,,,,,,2026-07-06T21:59:09.647Z,QGFAEPFN,2026-07-06,2026-07-06,18:59:09,2026-07-06 18:59:09,,,,,,,,697a707b5bc42b2987347880,697a707b5bc42b2987347880,,,,
12299,raw_position_sample,2,2,int,18,3,17,18,7, in ,616,71,4370484.8999999985,697a707b5bc42b2987347880,697a707b5bc42b2987347880,intermediate,3,697a707b5bc42b2987347880,697a707b5bc42b2987347880,spotlight_PROLIFIC,,30,Brasil,Português Brasil ,"Português Brasil, inglês ",inglês,Português Brasil:80|English:10|inglês:10,100,Português Brasil:80|English:10|inglês:10,100,Português Brasil:100|English:0|inglês:0,100,17,5,Bachelor's,10,10,10,5,6,8,12,28,28,28,Duolingo,90,,,,,16,25,B1,elementary|intermediate,elementary|intermediate,cambridge_15_21_random_elementary_intermediate,4,19,random,,65.25694274902344,606.0208129882812,86.59027671813965,624.7083129882812,1,7,,,,,,,,,,,,2026-07-06T21:59:09.647Z,QGFAEPFN,2026-07-06,2026-07-06,18:59:09,2026-07-06 18:59:09,,,,,,,,697a707b5bc42b2987347880,697a707b5bc42b2987347880,,,,
12347,raw_position_sample,2,2,int,18,3,17,18,7, in ,616,71,4370533.299999997,697a707b5bc42b2987347880,697a707b5bc42b2987347880,intermediate,3,697a707b5bc42b2987347880,697a707b5bc42b2987347880,spotlight_PROLIFIC,,30,Brasil,Português Brasil ,"Português Brasil, inglês ",inglês,Português Brasil:80|English:10|inglês:10,100,Português Brasil:80|English:10|inglês:10,100,Português Brasil:100|English:0|inglês:0,100,17,5,Bachelor's,10,10,10,5,6,8,12,28,28,28,Duolingo,90,,,,,16,25,B1,elementary|intermediate,elementary|intermediate,cambridge_15_21_random_elementary_intermediate,4,19,random,,65.25694274902344,606.0208129882812,86.59027671813965,624.7083129882812,1,7,,,,,,,,,,,,2026-07-06T21:59:09.647Z,QGFAEPFN,2026-07-06,2026-07-06,18:59:09,2026-07-06 18:59:09,,,,,,,,697a707b5bc42b2987347880,697a707b5bc42b2987347880,,,,
12395,raw_position_sample,2,2,int,18,3,17,18,7, in ,621,71,4370581.099999998,697a707b5bc42b2987347880,697a707b5bc42b2987347880,intermediate,3,697a707b5bc42b2987347880,697a707b5bc42b2987347880,spotlight_PROLIFIC,,30,Brasil,Português Brasil ,"Português Brasil, inglês ",inglês,Português Brasil:80|English:10|inglês:10,100,Português Brasil:80|English:10|inglês:10,100,Português Brasil:100|English:0|inglês:0,100,17,5,Bachelor's,10,10,10,5,6,8,12,28,28,28,Duolingo,90,,,,,16,25,B1,elementary|intermediate,elementary|intermediate,cambridge_15_21_random_elementary_intermediate,4,19,random,,65.25694274902344,606.0208129882812,86.59027671813965,624.7083129882812,1,7,,,,,,,,,,,,2026-07-06T21:59:09.647Z,QGFAEPFN,2026-07-06,2026-07-06,18:59:09,2026-07-06 18:59:09,,,,,,,,697a707b5bc42b2987347880,697a707b5bc42b2987347880,,,,
12420,hover_association,2,2,int,18,3,17,18,7, in ,608,73,,697a707b5bc42b2987347880,697a707b5bc42b2987347880,intermediate,3,697a707b5bc42b2987347880,697a707b5bc42b2987347880,spotlight_PROLIFIC,,30,Brasil,Português Brasil ,"Português Brasil, inglês ",inglês,Português Brasil:80|English:10|inglês:10,100,Português Brasil:80|English:10|inglês:10,100,Português Brasil:100|English:0|inglês:0,100,17,5,Bachelor's,10,10,10,5,6,8,12,28,28,28,Duolingo,90,,,,,16,25,B1,elementary|intermediate,elementary|intermediate,cambridge_15_21_random_elementary_intermediate,4,19,random,,55.92360973358154,606.0208168029785,95.92360973358154,624.7083129882812,1,7,hover,298.6000000014901,298.6000000014901,0.962096956100608,0.37690975666046145,106,,,,,,2026-07-06T21:59:09.647Z,QGFAEPFN,2026-07-06,2026-07-06,18:59:09,2026-07-06 18:59:09,,,,,,,,697a707b5bc42b2987347880,697a707b5bc42b2987347880,,,,
12445,raw_position_sample,2,2,int,18,3,17,18,8, tiger ,632,71,4370631.199999999,697a707b5bc42b2987347880,697a707b5bc42b2987347880,intermediate,3,697a707b5bc42b2987347880,697a707b5bc42b2987347880,spotlight_PROLIFIC,,30,Brasil,Português Brasil ,"Português Brasil, inglês ",inglês,Português Brasil:80|English:10|inglês:10,100,Português Brasil:80|English:10|inglês:10,100,Português Brasil:100|English:0|inglês:0,100,17,5,Bachelor's,10,10,10,5,6,8,12,28,28,28,Duolingo,90,,,,,16,25,B1,elementary|intermediate,elementary|intermediate,cambridge_15_21_random_elementary_intermediate,4,19,random,,65.25694274902344,624.7083129882812,86.59027671813965,665.0069236755371,1,8,,,,,,,,,,,,2026-07-06T21:59:09.647Z,QGFAEPFN,2026-07-06,2026-07-06,18:59:09,2026-07-06 18:59:09,,,,,,,,697a707b5bc42b2987347880,697a707b5bc42b2987347880,,,,
12497,raw_position_sample,2,2,int,18,3,17,18,8, tiger ,642,71,4370683.699999999,697a707b5bc42b2987347880,697a707b5bc42b2987347880,intermediate,3,697a707b5bc42b2987347880,697a707b5bc42b2987347880,spotlight_PROLIFIC,,30,Brasil,Português Brasil ,"Português Brasil, inglês ",inglês,Português Brasil:80|English:10|inglês:10,100,Português Brasil:80|English:10|inglês:10,100,Português Brasil:100|English:0|inglês:0,100,17,5,Bachelor's,10,10,10,5,6,8,12,28,28,28,Duolingo,90,,,,,16,25,B1,elementary|intermediate,elementary|intermediate,cambridge_15_21_random_elementary_intermediate,4,19,random,,65.25694274902344,624.7083129882812,86.59027671813965,665.0069236755371,1,8,,,,,,,,,,,,2026-07-06T21:59:09.647Z,QGFAEPFN,2026-07-06,2026-07-06,18:59:09,2026-07-06 18:59:09,,,,,,,,697a707b5bc42b2987347880,697a707b5bc42b2987347880,,,,
12547,raw_position_sample,2,2,int,18,3,17,18,8, tiger ,656,71,4370733.599999998,697a707b5bc42b2987347880,697a707b5bc42b2987347880,intermediate,3,697a707b5bc42b2987347880,697a707b5bc42b2987347880,spotlight_PROLIFIC,,30,Brasil,Português Brasil ,"Português Brasil, inglês ",inglês,Português Brasil:80|English:10|inglês:10,100,Português Brasil:80|English:10|inglês:10,100,Português Brasil:100|English:0|inglês:0,100,17,5,Bachelor's,10,10,10,5,6,8,12,28,28,28,Duolingo,90,,,,,16,25,B1,elementary|intermediate,elementary|intermediate,cambridge_15_21_random_elementary_intermediate,4,19,random,,65.25694274902344,624.7083129882812,86.59027671813965,665.0069236755371,1,8,,,,,,,,,,,,2026-07-06T21:59:09.647Z,QGFAEPFN,2026-07-06,2026-07-06,18:59:09,2026-07-06 18:59:09,,,,,,,,697a707b5bc42b2987347880,697a707b5bc42b2987347880,,,,
12597,raw_position_sample,2,2,int,18,3,17,18,8, tiger ,664,71,4370782.799999997,697a707b5bc42b2987347880,697a707b5bc42b2987347880,intermediate,3,697a707b5bc42b2987347880,697a707b5bc42b2987347880,spotlight_PROLIFIC,,30,Brasil,Português Brasil ,"Português Brasil, inglês ",inglês,Português Brasil:80|English:10|inglês:10,100,Português Brasil:80|English:10|inglês:10,100,Português Brasil:100|English:0|inglês:0,100,17,5,Bachelor's,10,10,10,5,6,8,12,28,28,28,Duolingo,90,,,,,16,25,B1,elementary|intermediate,elementary|intermediate,cambridge_15_21_random_elementary_intermediate,4,19,random,,65.25694274902344,624.7083129882812,86.59027671813965,665.0069236755371,1,8,,,,,,,,,,,,2026-07-06T21:59:09.647Z,QGFAEPFN,2026-07-06,2026-07-06,18:59:09,2026-07-06 18:59:09,,,,,,,,697a707b5bc42b2987347880,697a707b5bc42b2987347880,,,,
12603,hover_association,2,2,int,18,3,17,18,8, tiger ,630,71,,697a707b5bc42b2987347880,697a707b5bc42b2987347880,intermediate,3,697a707b5bc42b2987347880,697a707b5bc42b2987347880,spotlight_PROLIFIC,,30,Brasil,Português Brasil ,"Português Brasil, inglês ",inglês,Português Brasil:80|English:10|inglês:10,100,Português Brasil:80|English:10|inglês:10,100,Português Brasil:100|English:0|inglês:0,100,17,5,Bachelor's,10,10,10,5,6,8,12,28,28,28,Duolingo,90,,,,,16,25,B1,elementary|intermediate,elementary|intermediate,cambridge_15_21_random_elementary_intermediate,4,19,random,,55.92360973358154,624.7083129882812,95.92360973358154,665.0069408416748,1,8,hover,183.09999999776483,183.09999999776483,0.9750130241322842,0.37690975666046145,106,,,,,,2026-07-06T21:59:09.647Z,QGFAEPFN,2026-07-06,2026-07-06,18:59:09,2026-07-06 18:59:09,,,,,,,,697a707b5bc42b2987347880,697a707b5bc42b2987347880,,,,
12648,raw_position_sample,2,2,int,18,3,17,18,9, numbers ,672,71,4370833.799999997,697a707b5bc42b2987347880,697a707b5bc42b2987347880,intermediate,3,697a707b5bc42b2987347880,697a707b5bc42b2987347880,spotlight_PROLIFIC,,30,Brasil,Português Brasil ,"Português Brasil, inglês ",inglês,Português Brasil:80|English:10|inglês:10,100,Português Brasil:80|English:10|inglês:10,100,Português Brasil:100|English:0|inglês:0,100,17,5,Bachelor's,10,10,10,5,6,8,12,28,28,28,Duolingo,90,,,,,16,25,B1,elementary|intermediate,elementary|intermediate,cambridge_15_21_random_elementary_intermediate,4,19,random,,65.25694274902344,665.0069580078125,86.59027671813965,740.0486221313477,1,9,,,,,,,,,,,,2026-07-06T21:59:09.647Z,QGFAEPFN,2026-07-06,2026-07-06,18:59:09,2026-07-06 18:59:09,,,,,,,,697a707b5bc42b2987347880,697a707b5bc42b2987347880,,,,
12696,raw_position_sample,2,2,int,18,3,17,18,9, numbers ,686,71,4370882.099999998,697a707b5bc42b2987347880,697a707b5bc42b2987347880,intermediate,3,697a707b5bc42b2987347880,697a707b5bc42b2987347880,spotlight_PROLIFIC,,30,Brasil,Português Brasil ,"Português Brasil, inglês ",inglês,Português Brasil:80|English:10|inglês:10,100,Português Brasil:80|English:10|inglês:10,100,Português Brasil:100|English:0|inglês:0,100,17,5,Bachelor's,10,10,10,5,6,8,12,28,28,28,Duolingo,90,,,,,16,25,B1,elementary|intermediate,elementary|intermediate,cambridge_15_21_random_elementary_intermediate,4,19,random,,65.25694274902344,665.0069580078125,86.59027671813965,740.0486221313477,1,9,,,,,,,,,,,,2026-07-06T21:59:09.647Z,QGFAEPFN,2026-07-06,2026-07-06,18:59:09,2026-07-06 18:59:09,,,,,,,,697a707b5bc42b2987347880,697a707b5bc42b2987347880,,,,
12745,raw_position_sample,2,2,int,18,3,17,18,9, numbers ,702,71,4370930.8999999985,697a707b5bc42b2987347880,697a707b5bc42b2987347880,intermediate,3,697a707b5bc42b2987347880,697a707b5bc42b2987347880,spotlight_PROLIFIC,,30,Brasil,Português Brasil ,"Português Brasil, inglês ",inglês,Português Brasil:80|English:10|inglês:10,100,Português Brasil:80|English:10|inglês:10,100,Português Brasil:100|English:0|inglês:0,100,17,5,Bachelor's,10,10,10,5,6,8,12,28,28,28,Duolingo,90,,,,,16,25,B1,elementary|intermediate,elementary|intermediate,cambridge_15_21_random_elementary_intermediate,4,19,random,,65.25694274902344,665.0069580078125,86.59027671813965,740.0486221313477,1,9,,,,,,,,,,,,2026-07-06T21:59:09.647Z,QGFAEPFN,2026-07-06,2026-07-06,18:59:09,2026-07-06 18:59:09,,,,,,,,697a707b5bc42b2987347880,697a707b5bc42b2987347880,,,,
12798,raw_position_sample,2,2,int,18,3,17,18,9, numbers ,719,71,4370984.3999999985,697a707b5bc42b2987347880,697a707b5bc42b2987347880,intermediate,3,697a707b5bc42b2987347880,697a707b5bc42b2987347880,spotlight_PROLIFIC,,30,Brasil,Português Brasil ,"Português Brasil, inglês ",inglês,Português Brasil:80|English:10|inglês:10,100,Português Brasil:80|English:10|inglês:10,100,Português Brasil:100|English:0|inglês:0,100,17,5,Bachelor's,10,10,10,5,6,8,12,28,28,28,Duolingo,90,,,,,16,25,B1,elementary|intermediate,elementary|intermediate,cambridge_15_21_random_elementary_intermediate,4,19,random,,65.25694274902344,665.0069580078125,86.59027671813965,740.0486221313477,1,9,,,,,,,,,,,,2026-07-06T21:59:09.647Z,QGFAEPFN,2026-07-06,2026-07-06,18:59:09,2026-07-06 18:59:09,,,,,,,,697a707b5bc42b2987347880,697a707b5bc42b2987347880,,,,
12845,raw_position_sample,2,2,int,18,3,17,18,9, numbers ,727,71,4371031.599999998,697a707b5bc42b2987347880,697a707b5bc42b2987347880,intermediate,3,697a707b5bc42b2987347880,697a707b5bc42b2987347880,spotlight_PROLIFIC,,30,Brasil,Português Brasil ,"Português Brasil, inglês ",inglês,Português Brasil:80|English:10|inglês:10,100,Português Brasil:80|English:10|inglês:10,100,Português Brasil:100|English:0|inglês:0,100,17,5,Bachelor's,10,10,10,5,6,8,12,28,28,28,Duolingo,90,,,,,16,25,B1,elementary|intermediate,elementary|intermediate,cambridge_15_21_random_elementary_intermediate,4,19,random,,65.25694274902344,665.0069580078125,86.59027671813965,740.0486221313477,1,9,,,,,,,,,,,,2026-07-06T21:59:09.647Z,QGFAEPFN,2026-07-06,2026-07-06,18:59:09,2026-07-06 18:59:09,,,,,,,,697a707b5bc42b2987347880,697a707b5bc42b2987347880,,,,
12896,raw_position_sample,2,2,int,18,3,17,18,9, numbers ,740,71,4371082.3999999985,697a707b5bc42b2987347880,697a707b5bc42b2987347880,intermediate,3,697a707b5bc42b2987347880,697a707b5bc42b2987347880,spotlight_PROLIFIC,,30,Brasil,Português Brasil ,"Português Brasil, inglês ",inglês,Português Brasil:80|English:10|inglês:10,100,Português Brasil:80|English:10|inglês:10,100,Português Brasil:100|English:0|inglês:0,100,17,5,Bachelor's,10,10,10,5,6,8,12,28,28,28,Duolingo,90,,,,,16,25,B1,elementary|intermediate,elementary|intermediate,cambridge_15_21_random_elementary_intermediate,4,19,random,,65.25694274902344,665.0069580078125,86.59027671813965,740.0486221313477,1,9,,,,,,,,,,,,2026-07-06T21:59:09.647Z,QGFAEPFN,2026-07-06,2026-07-06,18:59:09,2026-07-06 18:59:09,,,,,,,,697a707b5bc42b2987347880,697a707b5bc42b2987347880,,,,
12905,hover_association,2,2,int,18,3,17,18,9, numbers ,666,71,,697a707b5bc42b2987347880,697a707b5bc42b2987347880,intermediate,3,697a707b5bc42b2987347880,697a707b5bc42b2987347880,spotlight_PROLIFIC,,30,Brasil,Português Brasil ,"Português Brasil, inglês ",inglês,Português Brasil:80|English:10|inglês:10,100,Português Brasil:80|English:10|inglês:10,100,Português Brasil:100|English:0|inglês:0,100,17,5,Bachelor's,10,10,10,5,6,8,12,28,28,28,Duolingo,90,,,,,16,25,B1,elementary|intermediate,elementary|intermediate,cambridge_15_21_random_elementary_intermediate,4,19,random,,55.92360973358154,665.0069408416748,95.92360973358154,740.0486335754395,1,9,hover,301.5,301.5,0.9993519126012789,0.37690975666046145,106,,,,,,2026-07-06T21:59:09.647Z,QGFAEPFN,2026-07-06,2026-07-06,18:59:09,2026-07-06 18:59:09,,,,,,,,697a707b5bc42b2987347880,697a707b5bc42b2987347880,,,,
12947,raw_position_sample,2,2,int,18,3,17,18,10, is ,752,71,4371133.5,697a707b5bc42b2987347880,697a707b5bc42b2987347880,intermediate,3,697a707b5bc42b2987347880,697a707b5bc42b2987347880,spotlight_PROLIFIC,,30,Brasil,Português Brasil ,"Português Brasil, inglês ",inglês,Português Brasil:80|English:10|inglês:10,100,Português Brasil:80|English:10|inglês:10,100,Português Brasil:100|English:0|inglês:0,100,17,5,Bachelor's,10,10,10,5,6,8,12,28,28,28,Duolingo,90,,,,,16,25,B1,elementary|intermediate,elementary|intermediate,cambridge_15_21_random_elementary_intermediate,4,19,random,,65.25694274902344,740.0486450195312,86.59027671813965,758.0625343322754,1,10,,,,,,,,,,,,2026-07-06T21:59:09.647Z,QGFAEPFN,2026-07-06,2026-07-06,18:59:09,2026-07-06 18:59:09,,,,,,,,697a707b5bc42b2987347880,697a707b5bc42b2987347880,,,,
12971,hover_association,2,2,int,18,3,17,18,10, is ,743,71,,697a707b5bc42b2987347880,697a707b5bc42b2987347880,intermediate,3,697a707b5bc42b2987347880,697a707b5bc42b2987347880,spotlight_PROLIFIC,,30,Brasil,Português Brasil ,"Português Brasil, inglês ",inglês,Português Brasil:80|English:10|inglês:10,100,Português Brasil:80|English:10|inglês:10,100,Português Brasil:100|English:0|inglês:0,100,17,5,Bachelor's,10,10,10,5,6,8,12,28,28,28,Duolingo,90,,,,,16,25,B1,elementary|intermediate,elementary|intermediate,cambridge_15_21_random_elementary_intermediate,4,19,random,,55.92360973358154,740.0486335754395,95.92360973358154,758.0625171661377,1,10,hover,66.80000000074506,66.80000000074506,0.996529500936157,0.37690975666046145,106,,,,,,2026-07-06T21:59:09.647Z,QGFAEPFN,2026-07-06,2026-07-06,18:59:09,2026-07-06 18:59:09,,,,,,,,697a707b5bc42b2987347880,697a707b5bc42b2987347880,,,,
12998,raw_position_sample,2,2,int,18,3,17,18,11, the ,765,71,4371183.8999999985,697a707b5bc42b2987347880,697a707b5bc42b2987347880,intermediate,3,697a707b5bc42b2987347880,697a707b5bc42b2987347880,spotlight_PROLIFIC,,30,Brasil,Português Brasil ,"Português Brasil, inglês ",inglês,Português Brasil:80|English:10|inglês:10,100,Português Brasil:80|English:10|inglês:10,100,Português Brasil:100|English:0|inglês:0,100,17,5,Bachelor's,10,10,10,5,6,8,12,28,28,28,Duolingo,90,,,,,16,25,B1,elementary|intermediate,elementary|intermediate,cambridge_15_21_random_elementary_intermediate,4,19,random,,65.25694274902344,758.0625,86.59027671813965,787.7916660308838,1,11,,,,,,,,,,,,2026-07-06T21:59:09.647Z,QGFAEPFN,2026-07-06,2026-07-06,18:59:09,2026-07-06 18:59:09,,,,,,,,697a707b5bc42b2987347880,697a707b5bc42b2987347880,,,,
13046,raw_position_sample,2,2,int,18,3,17,18,11, the ,783,73,4371232,697a707b5bc42b2987347880,697a707b5bc42b2987347880,intermediate,3,697a707b5bc42b2987347880,697a707b5bc42b2987347880,spotlight_PROLIFIC,,30,Brasil,Português Brasil ,"Português Brasil, inglês ",inglês,Português Brasil:80|English:10|inglês:10,100,Português Brasil:80|English:10|inglês:10,100,Português Brasil:100|English:0|inglês:0,100,17,5,Bachelor's,10,10,10,5,6,8,12,28,28,28,Duolingo,90,,,,,16,25,B1,elementary|intermediate,elementary|intermediate,cambridge_15_21_random_elementary_intermediate,4,19,random,,65.25694274902344,758.0625,86.59027671813965,787.7916660308838,1,11,,,,,,,,,,,,2026-07-06T21:59:09.647Z,QGFAEPFN,2026-07-06,2026-07-06,18:59:09,2026-07-06 18:59:09,,,,,,,,697a707b5bc42b2987347880,697a707b5bc42b2987347880,,,,
13055,hover_association,2,2,int,18,3,17,18,11, the ,760,71,,697a707b5bc42b2987347880,697a707b5bc42b2987347880,intermediate,3,697a707b5bc42b2987347880,697a707b5bc42b2987347880,spotlight_PROLIFIC,,30,Brasil,Português Brasil ,"Português Brasil, inglês ",inglês,Português Brasil:80|English:10|inglês:10,100,Português Brasil:80|English:10|inglês:10,100,Português Brasil:100|English:0|inglês:0,100,17,5,Bachelor's,10,10,10,5,6,8,12,28,28,28,Duolingo,90,,,,,16,25,B1,elementary|intermediate,elementary|intermediate,cambridge_15_21_random_elementary_intermediate,4,19,random,,55.92360973358154,758.0625171661377,95.92360973358154,787.7916765213013,1,11,hover,84,84,0.8388223338555647,0.42690975666046144,106,,,,,,2026-07-06T21:59:09.647Z,QGFAEPFN,2026-07-06,2026-07-06,18:59:09,2026-07-06 18:59:09,,,,,,,,697a707b5bc42b2987347880,697a707b5bc42b2987347880,,,,
13101,raw_position_sample,2,2,int,18,3,17,18,12, result ,794,74,4371287.699999999,697a707b5bc42b2987347880,697a707b5bc42b2987347880,intermediate,3,697a707b5bc42b2987347880,697a707b5bc42b2987347880,spotlight_PROLIFIC,,30,Brasil,Português Brasil ,"Português Brasil, inglês ",inglês,Português Brasil:80|English:10|inglês:10,100,Português Brasil:80|English:10|inglês:10,100,Português Brasil:100|English:0|inglês:0,100,17,5,Bachelor's,10,10,10,5,6,8,12,28,28,28,Duolingo,90,,,,,16,25,B1,elementary|intermediate,elementary|intermediate,cambridge_15_21_random_elementary_intermediate,4,19,random,,65.25694274902344,787.7916870117188,86.59027671813965,837.0139083862305,1,12,,,,,,,,,,,,2026-07-06T21:59:09.647Z,QGFAEPFN,2026-07-06,2026-07-06,18:59:09,2026-07-06 18:59:09,,,,,,,,697a707b5bc42b2987347880,697a707b5bc42b2987347880,,,,
13154,raw_position_sample,2,2,int,18,3,17,18,12, result ,795,74,4371339.8999999985,697a707b5bc42b2987347880,697a707b5bc42b2987347880,intermediate,3,697a707b5bc42b2987347880,697a707b5bc42b2987347880,spotlight_PROLIFIC,,30,Brasil,Português Brasil ,"Português Brasil, inglês ",inglês,Português Brasil:80|English:10|inglês:10,100,Português Brasil:80|English:10|inglês:10,100,Português Brasil:100|English:0|inglês:0,100,17,5,Bachelor's,10,10,10,5,6,8,12,28,28,28,Duolingo,90,,,,,16,25,B1,elementary|intermediate,elementary|intermediate,cambridge_15_21_random_elementary_intermediate,4,19,random,,65.25694274902344,787.7916870117188,86.59027671813965,837.0139083862305,1,12,,,,,,,,,,,,2026-07-06T21:59:09.647Z,QGFAEPFN,2026-07-06,2026-07-06,18:59:09,2026-07-06 18:59:09,,,,,,,,697a707b5bc42b2987347880,697a707b5bc42b2987347880,,,,
13195,raw_position_sample,2,2,int,18,3,17,18,12, result ,800,74,4371381.599999998,697a707b5bc42b2987347880,697a707b5bc42b2987347880,intermediate,3,697a707b5bc42b2987347880,697a707b5bc42b2987347880,spotlight_PROLIFIC,,30,Brasil,Português Brasil ,"Português Brasil, inglês ",inglês,Português Brasil:80|English:10|inglês:10,100,Português Brasil:80|English:10|inglês:10,100,Português Brasil:100|English:0|inglês:0,100,17,5,Bachelor's,10,10,10,5,6,8,12,28,28,28,Duolingo,90,,,,,16,25,B1,elementary|intermediate,elementary|intermediate,cambridge_15_21_random_elementary_intermediate,4,19,random,,65.25694274902344,787.7916870117188,86.59027671813965,837.0139083862305,1,12,,,,,,,,,,,,2026-07-06T21:59:09.647Z,QGFAEPFN,2026-07-06,2026-07-06,18:59:09,2026-07-06 18:59:09,,,,,,,,697a707b5bc42b2987347880,697a707b5bc42b2987347880,,,,
13251,raw_position_sample,2,2,int,18,3,17,18,12, result ,803,74,4371437.599999998,697a707b5bc42b2987347880,697a707b5bc42b2987347880,intermediate,3,697a707b5bc42b2987347880,697a707b5bc42b2987347880,spotlight_PROLIFIC,,30,Brasil,Português Brasil ,"Português Brasil, inglês ",inglês,Português Brasil:80|English:10|inglês:10,100,Português Brasil:80|English:10|inglês:10,100,Português Brasil:100|English:0|inglês:0,100,17,5,Bachelor's,10,10,10,5,6,8,12,28,28,28,Duolingo,90,,,,,16,25,B1,elementary|intermediate,elementary|intermediate,cambridge_15_21_random_elementary_intermediate,4,19,random,,65.25694274902344,787.7916870117188,86.59027671813965,837.0139083862305,1,12,,,,,,,,,,,,2026-07-06T21:59:09.647Z,QGFAEPFN,2026-07-06,2026-07-06,18:59:09,2026-07-06 18:59:09,,,,,,,,697a707b5bc42b2987347880,697a707b5bc42b2987347880,,,,
13295,raw_position_sample,2,2,int,18,3,17,18,12, result ,809,74,4371481.299999997,697a707b5bc42b2987347880,697a707b5bc42b2987347880,intermediate,3,697a707b5bc42b2987347880,697a707b5bc42b2987347880,spotlight_PROLIFIC,,30,Brasil,Português Brasil ,"Português Brasil, inglês ",inglês,Português Brasil:80|English:10|inglês:10,100,Português Brasil:80|English:10|inglês:10,100,Português Brasil:100|English:0|inglês:0,100,17,5,Bachelor's,10,10,10,5,6,8,12,28,28,28,Duolingo,90,,,,,16,25,B1,elementary|intermediate,elementary|intermediate,cambridge_15_21_random_elementary_intermediate,4,19,random,,65.25694274902344,787.7916870117188,86.59027671813965,837.0139083862305,1,12,,,,,,,,,,,,2026-07-06T21:59:09.647Z,QGFAEPFN,2026-07-06,2026-07-06,18:59:09,2026-07-06 18:59:09,,,,,,,,697a707b5bc42b2987347880,697a707b5bc42b2987347880,,,,
13346,raw_position_sample,2,2,int,18,3,17,18,12, result ,818,74,4371532,697a707b5bc42b2987347880,697a707b5bc42b2987347880,intermediate,3,697a707b5bc42b2987347880,697a707b5bc42b2987347880,spotlight_PROLIFIC,,30,Brasil,Português Brasil ,"Português Brasil, inglês ",inglês,Português Brasil:80|English:10|inglês:10,100,Português Brasil:80|English:10|inglês:10,100,Português Brasil:100|English:0|inglês:0,100,17,5,Bachelor's,10,10,10,5,6,8,12,28,28,28,Duolingo,90,,,,,16,25,B1,elementary|intermediate,elementary|intermediate,cambridge_15_21_random_elementary_intermediate,4,19,random,,65.25694274902344,787.7916870117188,86.59027671813965,837.0139083862305,1,12,,,,,,,,,,,,2026-07-06T21:59:09.647Z,QGFAEPFN,2026-07-06,2026-07-06,18:59:09,2026-07-06 18:59:09,,,,,,,,697a707b5bc42b2987347880,697a707b5bc42b2987347880,,,,
13397,raw_position_sample,2,2,int,18,3,17,18,12, result ,829,74,4371583.099999998,697a707b5bc42b2987347880,697a707b5bc42b2987347880,intermediate,3,697a707b5bc42b2987347880,697a707b5bc42b2987347880,spotlight_PROLIFIC,,30,Brasil,Português Brasil ,"Português Brasil, inglês ",inglês,Português Brasil:80|English:10|inglês:10,100,Português Brasil:80|English:10|inglês:10,100,Português Brasil:100|English:0|inglês:0,100,17,5,Bachelor's,10,10,10,5,6,8,12,28,28,28,Duolingo,90,,,,,16,25,B1,elementary|intermediate,elementary|intermediate,cambridge_15_21_random_elementary_intermediate,4,19,random,,65.25694274902344,787.7916870117188,86.59027671813965,837.0139083862305,1,12,,,,,,,,,,,,2026-07-06T21:59:09.647Z,QGFAEPFN,2026-07-06,2026-07-06,18:59:09,2026-07-06 18:59:09,,,,,,,,697a707b5bc42b2987347880,697a707b5bc42b2987347880,,,,
13446,raw_position_sample,2,2,int,18,3,17,18,12, result ,834,74,4371631.8999999985,697a707b5bc42b2987347880,697a707b5bc42b2987347880,intermediate,3,697a707b5bc42b2987347880,697a707b5bc42b2987347880,spotlight_PROLIFIC,,30,Brasil,Português Brasil ,"Português Brasil, inglês ",inglês,Português Brasil:80|English:10|inglês:10,100,Português Brasil:80|English:10|inglês:10,100,Português Brasil:100|English:0|inglês:0,100,17,5,Bachelor's,10,10,10,5,6,8,12,28,28,28,Duolingo,90,,,,,16,25,B1,elementary|intermediate,elementary|intermediate,cambridge_15_21_random_elementary_intermediate,4,19,random,,65.25694274902344,787.7916870117188,86.59027671813965,837.0139083862305,1,12,,,,,,,,,,,,2026-07-06T21:59:09.647Z,QGFAEPFN,2026-07-06,2026-07-06,18:59:09,2026-07-06 18:59:09,,,,,,,,697a707b5bc42b2987347880,697a707b5bc42b2987347880,,,,
13475,hover_association,2,2,int,18,3,17,18,12, result ,791,74,,697a707b5bc42b2987347880,697a707b5bc42b2987347880,intermediate,3,697a707b5bc42b2987347880,697a707b5bc42b2987347880,spotlight_PROLIFIC,,30,Brasil,Português Brasil ,"Português Brasil, inglês ",inglês,Português Brasil:80|English:10|inglês:10,100,Português Brasil:80|English:10|inglês:10,100,Português Brasil:100|English:0|inglês:0,100,17,5,Bachelor's,10,10,10,5,6,8,12,28,28,28,Duolingo,90,,,,,16,25,B1,elementary|intermediate,elementary|intermediate,cambridge_15_21_random_elementary_intermediate,4,19,random,,55.92360973358154,787.7916765213013,95.92360973358154,837.0139122009277,1,12,hover,419.19999999925494,419.19999999925494,0.9590853163591407,0.4519097566604614,106,,,,,,2026-07-06T21:59:09.647Z,QGFAEPFN,2026-07-06,2026-07-06,18:59:09,2026-07-06 18:59:09,,,,,,,,697a707b5bc42b2987347880,697a707b5bc42b2987347880,,,,
13500,raw_position_sample,2,2,int,18,3,17,18,13, of ,841,75,4371686.199999999,697a707b5bc42b2987347880,697a707b5bc42b2987347880,intermediate,3,697a707b5bc42b2987347880,697a707b5bc42b2987347880,spotlight_PROLIFIC,,30,Brasil,Português Brasil ,"Português Brasil, inglês ",inglês,Português Brasil:80|English:10|inglês:10,100,Português Brasil:80|English:10|inglês:10,100,Português Brasil:100|English:0|inglês:0,100,17,5,Bachelor's,10,10,10,5,6,8,12,28,28,28,Duolingo,90,,,,,16,25,B1,elementary|intermediate,elementary|intermediate,cambridge_15_21_random_elementary_intermediate,4,19,random,,65.25694274902344,837.013916015625,86.59027671813965,853.4444713592529,1,13,,,,,,,,,,,,2026-07-06T21:59:09.647Z,QGFAEPFN,2026-07-06,2026-07-06,18:59:09,2026-07-06 18:59:09,,,,,,,,697a707b5bc42b2987347880,697a707b5bc42b2987347880,,,,
13547,raw_position_sample,2,2,int,18,3,17,18,13, of ,849,74,4371733.5,697a707b5bc42b2987347880,697a707b5bc42b2987347880,intermediate,3,697a707b5bc42b2987347880,697a707b5bc42b2987347880,spotlight_PROLIFIC,,30,Brasil,Português Brasil ,"Português Brasil, inglês ",inglês,Português Brasil:80|English:10|inglês:10,100,Português Brasil:80|English:10|inglês:10,100,Português Brasil:100|English:0|inglês:0,100,17,5,Bachelor's,10,10,10,5,6,8,12,28,28,28,Duolingo,90,,,,,16,25,B1,elementary|intermediate,elementary|intermediate,cambridge_15_21_random_elementary_intermediate,4,19,random,,65.25694274902344,837.013916015625,86.59027671813965,853.4444713592529,1,13,,,,,,,,,,,,2026-07-06T21:59:09.647Z,QGFAEPFN,2026-07-06,2026-07-06,18:59:09,2026-07-06 18:59:09,,,,,,,,697a707b5bc42b2987347880,697a707b5bc42b2987347880,,,,
13596,raw_position_sample,2,2,int,18,3,17,18,13, of ,851,74,4371781.799999997,697a707b5bc42b2987347880,697a707b5bc42b2987347880,intermediate,3,697a707b5bc42b2987347880,697a707b5bc42b2987347880,spotlight_PROLIFIC,,30,Brasil,Português Brasil ,"Português Brasil, inglês ",inglês,Português Brasil:80|English:10|inglês:10,100,Português Brasil:80|English:10|inglês:10,100,Português Brasil:100|English:0|inglês:0,100,17,5,Bachelor's,10,10,10,5,6,8,12,28,28,28,Duolingo,90,,,,,16,25,B1,elementary|intermediate,elementary|intermediate,cambridge_15_21_random_elementary_intermediate,4,19,random,,65.25694274902344,837.013916015625,86.59027671813965,853.4444713592529,1,13,,,,,,,,,,,,2026-07-06T21:59:09.647Z,QGFAEPFN,2026-07-06,2026-07-06,18:59:09,2026-07-06 18:59:09,,,,,,,,697a707b5bc42b2987347880,697a707b5bc42b2987347880,,,,
13659,raw_position_sample,2,2,int,18,3,17,18,13, of ,856,73,4371845,697a707b5bc42b2987347880,697a707b5bc42b2987347880,intermediate,3,697a707b5bc42b2987347880,697a707b5bc42b2987347880,spotlight_PROLIFIC,,30,Brasil,Português Brasil ,"Português Brasil, inglês ",inglês,Português Brasil:80|English:10|inglês:10,100,Português Brasil:80|English:10|inglês:10,100,Português Brasil:100|English:0|inglês:0,100,17,5,Bachelor's,10,10,10,5,6,8,12,28,28,28,Duolingo,90,,,,,16,25,B1,elementary|intermediate,elementary|intermediate,cambridge_15_21_random_elementary_intermediate,4,19,random,,65.25694274902344,837.013916015625,86.59027671813965,853.4444713592529,1,13,,,,,,,,,,,,2026-07-06T21:59:09.647Z,QGFAEPFN,2026-07-06,2026-07-06,18:59:09,2026-07-06 18:59:09,,,,,,,,697a707b5bc42b2987347880,697a707b5bc42b2987347880,,,,
13695,raw_position_sample,2,2,int,18,3,17,18,13, of ,857,73,4371881.699999999,697a707b5bc42b2987347880,697a707b5bc42b2987347880,intermediate,3,697a707b5bc42b2987347880,697a707b5bc42b2987347880,spotlight_PROLIFIC,,30,Brasil,Português Brasil ,"Português Brasil, inglês ",inglês,Português Brasil:80|English:10|inglês:10,100,Português Brasil:80|English:10|inglês:10,100,Português Brasil:100|English:0|inglês:0,100,17,5,Bachelor's,10,10,10,5,6,8,12,28,28,28,Duolingo,90,,,,,16,25,B1,elementary|intermediate,elementary|intermediate,cambridge_15_21_random_elementary_intermediate,4,19,random,,65.25694274902344,837.013916015625,86.59027671813965,853.4444713592529,1,13,,,,,,,,,,,,2026-07-06T21:59:09.647Z,QGFAEPFN,2026-07-06,2026-07-06,18:59:09,2026-07-06 18:59:09,,,,,,,,697a707b5bc42b2987347880,697a707b5bc42b2987347880,,,,
13747,raw_position_sample,2,2,int,18,3,17,18,13, of ,857,73,4371933.299999997,697a707b5bc42b2987347880,697a707b5bc42b2987347880,intermediate,3,697a707b5bc42b2987347880,697a707b5bc42b2987347880,spotlight_PROLIFIC,,30,Brasil,Português Brasil ,"Português Brasil, inglês ",inglês,Português Brasil:80|English:10|inglês:10,100,Português Brasil:80|English:10|inglês:10,100,Português Brasil:100|English:0|inglês:0,100,17,5,Bachelor's,10,10,10,5,6,8,12,28,28,28,Duolingo,90,,,,,16,25,B1,elementary|intermediate,elementary|intermediate,cambridge_15_21_random_elementary_intermediate,4,19,random,,65.25694274902344,837.013916015625,86.59027671813965,853.4444713592529,1,13,,,,,,,,,,,,2026-07-06T21:59:09.647Z,QGFAEPFN,2026-07-06,2026-07-06,18:59:09,2026-07-06 18:59:09,,,,,,,,697a707b5bc42b2987347880,697a707b5bc42b2987347880,,,,
13798,raw_position_sample,2,2,int,18,3,17,18,13, of ,857,73,4371983.8999999985,697a707b5bc42b2987347880,697a707b5bc42b2987347880,intermediate,3,697a707b5bc42b2987347880,697a707b5bc42b2987347880,spotlight_PROLIFIC,,30,Brasil,Português Brasil ,"Português Brasil, inglês ",inglês,Português Brasil:80|English:10|inglês:10,100,Português Brasil:80|English:10|inglês:10,100,Português Brasil:100|English:0|inglês:0,100,17,5,Bachelor's,10,10,10,5,6,8,12,28,28,28,Duolingo,90,,,,,16,25,B1,elementary|intermediate,elementary|intermediate,cambridge_15_21_random_elementary_intermediate,4,19,random,,65.25694274902344,837.013916015625,86.59027671813965,853.4444713592529,1,13,,,,,,,,,,,,2026-07-06T21:59:09.647Z,QGFAEPFN,2026-07-06,2026-07-06,18:59:09,2026-07-06 18:59:09,,,,,,,,697a707b5bc42b2987347880,697a707b5bc42b2987347880,,,,
13850,raw_position_sample,2,2,int,18,3,17,18,13, of ,841,73,4372035.8999999985,697a707b5bc42b2987347880,697a707b5bc42b2987347880,intermediate,3,697a707b5bc42b2987347880,697a707b5bc42b2987347880,spotlight_PROLIFIC,,30,Brasil,Português Brasil ,"Português Brasil, inglês ",inglês,Português Brasil:80|English:10|inglês:10,100,Português Brasil:80|English:10|inglês:10,100,Português Brasil:100|English:0|inglês:0,100,17,5,Bachelor's,10,10,10,5,6,8,12,28,28,28,Duolingo,90,,,,,16,25,B1,elementary|intermediate,elementary|intermediate,cambridge_15_21_random_elementary_intermediate,4,19,random,,65.25694274902344,837.013916015625,86.59027671813965,853.4444713592529,1,13,,,,,,,,,,,,2026-07-06T21:59:09.647Z,QGFAEPFN,2026-07-06,2026-07-06,18:59:09,2026-07-06 18:59:09,,,,,,,,697a707b5bc42b2987347880,697a707b5bc42b2987347880,,,,
13856,hover_association,2,2,int,18,3,17,18,13, of ,838,74,,697a707b5bc42b2987347880,697a707b5bc42b2987347880,intermediate,3,697a707b5bc42b2987347880,697a707b5bc42b2987347880,spotlight_PROLIFIC,,30,Brasil,Português Brasil ,"Português Brasil, inglês ",inglês,Português Brasil:80|English:10|inglês:10,100,Português Brasil:80|English:10|inglês:10,100,Português Brasil:100|English:0|inglês:0,100,17,5,Bachelor's,10,10,10,5,6,8,12,28,28,28,Duolingo,90,,,,,16,25,B1,elementary|intermediate,elementary|intermediate,cambridge_15_21_random_elementary_intermediate,4,19,random,,55.92360973358154,837.0139122009277,95.92360973358154,857.3732907431466,1,13,hover,380.80000000074506,380.80000000074506,0.1957863198430336,0.42690975666046144,106,,,,,,2026-07-06T21:59:09.647Z,QGFAEPFN,2026-07-06,2026-07-06,18:59:09,2026-07-06 18:59:09,,,,,,,,697a707b5bc42b2987347880,697a707b5bc42b2987347880,,,,
13897,raw_position_sample,2,2,int,18,3,17,18,12, result ,804,73,4372083.299999997,697a707b5bc42b2987347880,697a707b5bc42b2987347880,intermediate,3,697a707b5bc42b2987347880,697a707b5bc42b2987347880,spotlight_PROLIFIC,,30,Brasil,Português Brasil ,"Português Brasil, inglês ",inglês,Português Brasil:80|English:10|inglês:10,100,Português Brasil:80|English:10|inglês:10,100,Português Brasil:100|English:0|inglês:0,100,17,5,Bachelor's,10,10,10,5,6,8,12,28,28,28,Duolingo,90,,,,,16,25,B1,elementary|intermediate,elementary|intermediate,cambridge_15_21_random_elementary_intermediate,4,19,random,,65.25694274902344,787.7916870117188,86.59027671813965,837.0139083862305,1,12,,,,,,,,,,,,2026-07-06T21:59:09.647Z,QGFAEPFN,2026-07-06,2026-07-06,18:59:09,2026-07-06 18:59:09,,,,,,,,697a707b5bc42b2987347880,697a707b5bc42b2987347880,,,,
13920,hover_association,2,2,int,18,3,17,18,12, result ,828,73,,697a707b5bc42b2987347880,697a707b5bc42b2987347880,intermediate,3,697a707b5bc42b2987347880,697a707b5bc42b2987347880,spotlight_PROLIFIC,,30,Brasil,Português Brasil ,"Português Brasil, inglês ",inglês,Português Brasil:80|English:10|inglês:10,100,Português Brasil:80|English:10|inglês:10,100,Português Brasil:100|English:0|inglês:0,100,17,5,Bachelor's,10,10,10,5,6,8,12,28,28,28,Duolingo,90,,,,,16,25,B1,elementary|intermediate,elementary|intermediate,cambridge_15_21_random_elementary_intermediate,4,19,random,,55.92360973358154,787.7916765213013,95.92360973358154,837.0139122009277,1,12,hover,64.5,64.5,0.12612843348089556,0.42690975666046144,106,,,,,,2026-07-06T21:59:09.647Z,QGFAEPFN,2026-07-06,2026-07-06,18:59:09,2026-07-06 18:59:09,,,,,,,,697a707b5bc42b2987347880,697a707b5bc42b2987347880,,,,
13939,hover_association,2,2,int,18,3,17,18,11, the ,771,73,,697a707b5bc42b2987347880,697a707b5bc42b2987347880,intermediate,3,697a707b5bc42b2987347880,697a707b5bc42b2987347880,spotlight_PROLIFIC,,30,Brasil,Português Brasil ,"Português Brasil, inglês ",inglês,Português Brasil:80|English:10|inglês:10,100,Português Brasil:80|English:10|inglês:10,100,Português Brasil:100|English:0|inglês:0,100,17,5,Bachelor's,10,10,10,5,6,8,12,28,28,28,Duolingo,90,,,,,16,25,B1,elementary|intermediate,elementary|intermediate,cambridge_15_21_random_elementary_intermediate,4,19,random,,55.92360973358154,758.0625171661377,95.92360973358154,787.7916765213013,1,11,hover,19.199999999254942,19.199999999254942,0.4351782261752796,0.42690975666046144,106,,,,,,2026-07-06T21:59:09.647Z,QGFAEPFN,2026-07-06,2026-07-06,18:59:09,2026-07-06 18:59:09,,,,,,,,697a707b5bc42b2987347880,697a707b5bc42b2987347880,,,,
13952,raw_position_sample,2,2,int,18,3,17,18,10, is ,758,73,4372138.099999998,697a707b5bc42b2987347880,697a707b5bc42b2987347880,intermediate,3,697a707b5bc42b2987347880,697a707b5bc42b2987347880,spotlight_PROLIFIC,,30,Brasil,Português Brasil ,"Português Brasil, inglês ",inglês,Português Brasil:80|English:10|inglês:10,100,Português Brasil:80|English:10|inglês:10,100,Português Brasil:100|English:0|inglês:0,100,17,5,Bachelor's,10,10,10,5,6,8,12,28,28,28,Duolingo,90,,,,,16,25,B1,elementary|intermediate,elementary|intermediate,cambridge_15_21_random_elementary_intermediate,4,19,random,,65.25694274902344,740.0486450195312,86.59027671813965,758.0625343322754,1,10,,,,,,,,,,,,2026-07-06T21:59:09.647Z,QGFAEPFN,2026-07-06,2026-07-06,18:59:09,2026-07-06 18:59:09,,,,,,,,697a707b5bc42b2987347880,697a707b5bc42b2987347880,,,,
13954,hover_association,2,2,int,18,3,17,18,10, is ,758,73,,697a707b5bc42b2987347880,697a707b5bc42b2987347880,intermediate,3,697a707b5bc42b2987347880,697a707b5bc42b2987347880,spotlight_PROLIFIC,,30,Brasil,Português Brasil ,"Português Brasil, inglês ",inglês,Português Brasil:80|English:10|inglês:10,100,Português Brasil:80|English:10|inglês:10,100,Português Brasil:100|English:0|inglês:0,100,17,5,Bachelor's,10,10,10,5,6,8,12,28,28,28,Duolingo,90,,,,,16,25,B1,elementary|intermediate,elementary|intermediate,cambridge_15_21_random_elementary_intermediate,4,19,random,,55.92360973358154,740.0486335754395,95.92360973358154,758.0625171661377,1,10,hover,15.100000001490116,15.100000001490116,0.996529500936157,0.42690975666046144,106,,,,,,2026-07-06T21:59:09.647Z,QGFAEPFN,2026-07-06,2026-07-06,18:59:09,2026-07-06 18:59:09,,,,,,,,697a707b5bc42b2987347880,697a707b5bc42b2987347880,,,,
13995,raw_position_sample,2,2,int,18,3,17,18,9, numbers ,714,73,4372180.8999999985,697a707b5bc42b2987347880,697a707b5bc42b2987347880,intermediate,3,697a707b5bc42b2987347880,697a707b5bc42b2987347880,spotlight_PROLIFIC,,30,Brasil,Português Brasil ,"Português Brasil, inglês ",inglês,Português Brasil:80|English:10|inglês:10,100,Português Brasil:80|English:10|inglês:10,100,Português Brasil:100|English:0|inglês:0,100,17,5,Bachelor's,10,10,10,5,6,8,12,28,28,28,Duolingo,90,,,,,16,25,B1,elementary|intermediate,elementary|intermediate,cambridge_15_21_random_elementary_intermediate,4,19,random,,65.25694274902344,665.0069580078125,86.59027671813965,740.0486221313477,1,9,,,,,,,,,,,,2026-07-06T21:59:09.647Z,QGFAEPFN,2026-07-06,2026-07-06,18:59:09,2026-07-06 18:59:09,,,,,,,,697a707b5bc42b2987347880,697a707b5bc42b2987347880,,,,
14038,hover_association,2,2,int,18,3,17,18,9, numbers ,736,73,,697a707b5bc42b2987347880,697a707b5bc42b2987347880,intermediate,3,697a707b5bc42b2987347880,697a707b5bc42b2987347880,spotlight_PROLIFIC,,30,Brasil,Português Brasil ,"Português Brasil, inglês ",inglês,Português Brasil:80|English:10|inglês:10,100,Português Brasil:80|English:10|inglês:10,100,Português Brasil:100|English:0|inglês:0,100,17,5,Bachelor's,10,10,10,5,6,8,12,28,28,28,Duolingo,90,,,,,16,25,B1,elementary|intermediate,elementary|intermediate,cambridge_15_21_random_elementary_intermediate,4,19,random,,55.92360973358154,665.0069408416748,95.92360973358154,740.0486335754395,1,9,hover,84.10000000149012,84.10000000149012,0.23977416423909245,0.42690975666046144,106,,,,,,2026-07-06T21:59:09.647Z,QGFAEPFN,2026-07-06,2026-07-06,18:59:09,2026-07-06 18:59:09,,,,,,,,697a707b5bc42b2987347880,697a707b5bc42b2987347880,,,,
14047,raw_position_sample,2,2,int,18,3,17,18,8, tiger ,664,73,4372233.199999999,697a707b5bc42b2987347880,697a707b5bc42b2987347880,intermediate,3,697a707b5bc42b2987347880,697a707b5bc42b2987347880,spotlight_PROLIFIC,,30,Brasil,Português Brasil ,"Português Brasil, inglês ",inglês,Português Brasil:80|English:10|inglês:10,100,Português Brasil:80|English:10|inglês:10,100,Português Brasil:100|English:0|inglês:0,100,17,5,Bachelor's,10,10,10,5,6,8,12,28,28,28,Duolingo,90,,,,,16,25,B1,elementary|intermediate,elementary|intermediate,cambridge_15_21_random_elementary_intermediate,4,19,random,,65.25694274902344,624.7083129882812,86.59027671813965,665.0069236755371,1,8,,,,,,,,,,,,2026-07-06T21:59:09.647Z,QGFAEPFN,2026-07-06,2026-07-06,18:59:09,2026-07-06 18:59:09,,,,,,,,697a707b5bc42b2987347880,697a707b5bc42b2987347880,,,,
14088,hover_association,2,2,int,18,3,17,18,8, tiger ,664,73,,697a707b5bc42b2987347880,697a707b5bc42b2987347880,intermediate,3,697a707b5bc42b2987347880,697a707b5bc42b2987347880,spotlight_PROLIFIC,,30,Brasil,Português Brasil ,"Português Brasil, inglês ",inglês,Português Brasil:80|English:10|inglês:10,100,Português Brasil:80|English:10|inglês:10,100,Português Brasil:100|English:0|inglês:0,100,17,5,Bachelor's,10,10,10,5,6,8,12,28,28,28,Duolingo,90,,,,,16,25,B1,elementary|intermediate,elementary|intermediate,cambridge_15_21_random_elementary_intermediate,4,19,random,,55.92360973358154,624.7083129882812,95.92360973358154,665.0069408416748,1,8,hover,49.29999999701977,49.29999999701977,0.23057080368894733,0.42690975666046144,106,,,,,,2026-07-06T21:59:09.647Z,QGFAEPFN,2026-07-06,2026-07-06,18:59:09,2026-07-06 18:59:09,,,,,,,,697a707b5bc42b2987347880,697a707b5bc42b2987347880,,,,
14098,raw_position_sample,2,2,int,18,3,17,18,7, in ,623,73,4372283.8999999985,697a707b5bc42b2987347880,697a707b5bc42b2987347880,intermediate,3,697a707b5bc42b2987347880,697a707b5bc42b2987347880,spotlight_PROLIFIC,,30,Brasil,Português Brasil ,"Português Brasil, inglês ",inglês,Português Brasil:80|English:10|inglês:10,100,Português Brasil:80|English:10|inglês:10,100,Português Brasil:100|English:0|inglês:0,100,17,5,Bachelor's,10,10,10,5,6,8,12,28,28,28,Duolingo,90,,,,,16,25,B1,elementary|intermediate,elementary|intermediate,cambridge_15_21_random_elementary_intermediate,4,19,random,,65.25694274902344,606.0208129882812,86.59027671813965,624.7083129882812,1,7,,,,,,,,,,,,2026-07-06T21:59:09.647Z,QGFAEPFN,2026-07-06,2026-07-06,18:59:09,2026-07-06 18:59:09,,,,,,,,697a707b5bc42b2987347880,697a707b5bc42b2987347880,,,,
14106,hover_association,2,2,int,18,3,17,18,7, in ,623,73,,697a707b5bc42b2987347880,697a707b5bc42b2987347880,intermediate,3,697a707b5bc42b2987347880,697a707b5bc42b2987347880,spotlight_PROLIFIC,,30,Brasil,Português Brasil ,"Português Brasil, inglês ",inglês,Português Brasil:80|English:10|inglês:10,100,Português Brasil:80|English:10|inglês:10,100,Português Brasil:100|English:0|inglês:0,100,17,5,Bachelor's,10,10,10,5,6,8,12,28,28,28,Duolingo,90,,,,,16,25,B1,elementary|intermediate,elementary|intermediate,cambridge_15_21_random_elementary_intermediate,4,19,random,,55.92360973358154,606.0208168029785,95.92360973358154,624.7083129882812,1,7,hover,17.800000000745058,17.800000000745058,0.9085852394915913,0.42690975666046144,106,,,,,,2026-07-06T21:59:09.647Z,QGFAEPFN,2026-07-06,2026-07-06,18:59:09,2026-07-06 18:59:09,,,,,,,,697a707b5bc42b2987347880,697a707b5bc42b2987347880,,,,
14148,raw_position_sample,2,2,int,18,3,17,18,6, increase ,566,73,4372334.699999999,697a707b5bc42b2987347880,697a707b5bc42b2987347880,intermediate,3,697a707b5bc42b2987347880,697a707b5bc42b2987347880,spotlight_PROLIFIC,,30,Brasil,Português Brasil ,"Português Brasil, inglês ",inglês,Português Brasil:80|English:10|inglês:10,100,Português Brasil:80|English:10|inglês:10,100,Português Brasil:100|English:0|inglês:0,100,17,5,Bachelor's,10,10,10,5,6,8,12,28,28,28,Duolingo,90,,,,,16,25,B1,elementary|intermediate,elementary|intermediate,cambridge_15_21_random_elementary_intermediate,4,19,random,,65.25694274902344,533.9930419921875,86.59027671813965,606.0208206176758,1,6,,,,,,,,,,,,2026-07-06T21:59:09.647Z,QGFAEPFN,2026-07-06,2026-07-06,18:59:09,2026-07-06 18:59:09,,,,,,,,697a707b5bc42b2987347880,697a707b5bc42b2987347880,,,,
14195,raw_position_sample,2,2,int,18,3,17,18,6, increase ,535,73,4372381.099999998,697a707b5bc42b2987347880,697a707b5bc42b2987347880,intermediate,3,697a707b5bc42b2987347880,697a707b5bc42b2987347880,spotlight_PROLIFIC,,30,Brasil,Português Brasil ,"Português Brasil, inglês ",inglês,Português Brasil:80|English:10|inglês:10,100,Português Brasil:80|English:10|inglês:10,100,Português Brasil:100|English:0|inglês:0,100,17,5,Bachelor's,10,10,10,5,6,8,12,28,28,28,Duolingo,90,,,,,16,25,B1,elementary|intermediate,elementary|intermediate,cambridge_15_21_random_elementary_intermediate,4,19,random,,65.25694274902344,533.9930419921875,86.59027671813965,606.0208206176758,1,6,,,,,,,,,,,,2026-07-06T21:59:09.647Z,QGFAEPFN,2026-07-06,2026-07-06,18:59:09,2026-07-06 18:59:09,,,,,,,,697a707b5bc42b2987347880,697a707b5bc42b2987347880,,,,
14204,hover_association,2,2,int,18,3,17,18,6, increase ,600,73,,697a707b5bc42b2987347880,697a707b5bc42b2987347880,intermediate,3,697a707b5bc42b2987347880,697a707b5bc42b2987347880,spotlight_PROLIFIC,,30,Brasil,Português Brasil ,"Português Brasil, inglês ",inglês,Português Brasil:80|English:10|inglês:10,100,Português Brasil:80|English:10|inglês:10,100,Português Brasil:100|English:0|inglês:0,100,17,5,Bachelor's,10,10,10,5,6,8,12,28,28,28,Duolingo,90,,,,,16,25,B1,elementary|intermediate,elementary|intermediate,cambridge_15_21_random_elementary_intermediate,4,19,random,,55.92360973358154,533.9930467605591,95.92360973358154,606.0208168029785,1,6,hover,98.69999999925494,98.69999999925494,0.01398006961548152,0.42690975666046144,106,,,,,,2026-07-06T21:59:09.647Z,QGFAEPFN,2026-07-06,2026-07-06,18:59:09,2026-07-06 18:59:09,,,,,,,,697a707b5bc42b2987347880,697a707b5bc42b2987347880,,,,
14248,raw_position_sample,2,2,int,18,3,17,18,5, the ,510,74,4372434.199999999,697a707b5bc42b2987347880,697a707b5bc42b2987347880,intermediate,3,697a707b5bc42b2987347880,697a707b5bc42b2987347880,spotlight_PROLIFIC,,30,Brasil,Português Brasil ,"Português Brasil, inglês ",inglês,Português Brasil:80|English:10|inglês:10,100,Português Brasil:80|English:10|inglês:10,100,Português Brasil:100|English:0|inglês:0,100,17,5,Bachelor's,10,10,10,5,6,8,12,28,28,28,Duolingo,90,,,,,16,25,B1,elementary|intermediate,elementary|intermediate,cambridge_15_21_random_elementary_intermediate,4,19,random,,65.25694274902344,504.2638854980469,86.59027671813965,533.9930515289307,1,5,,,,,,,,,,,,2026-07-06T21:59:09.647Z,QGFAEPFN,2026-07-06,2026-07-06,18:59:09,2026-07-06 18:59:09,,,,,,,,697a707b5bc42b2987347880,697a707b5bc42b2987347880,,,,
14255,hover_association,2,2,int,18,3,17,18,5, the ,526,73,,697a707b5bc42b2987347880,697a707b5bc42b2987347880,intermediate,3,697a707b5bc42b2987347880,697a707b5bc42b2987347880,spotlight_PROLIFIC,,30,Brasil,Português Brasil ,"Português Brasil, inglês ",inglês,Português Brasil:80|English:10|inglês:10,100,Português Brasil:80|English:10|inglês:10,100,Português Brasil:100|English:0|inglês:0,100,17,5,Bachelor's,10,10,10,5,6,8,12,28,28,28,Duolingo,90,,,,,16,25,B1,elementary|intermediate,elementary|intermediate,cambridge_15_21_random_elementary_intermediate,4,19,random,,55.92360973358154,504.26388359069824,95.92360973358154,533.9930467605591,1,5,hover,50.80000000074506,50.80000000074506,0.19294577437406585,0.4519097566604614,106,,,,,,2026-07-06T21:59:09.647Z,QGFAEPFN,2026-07-06,2026-07-06,18:59:09,2026-07-06 18:59:09,,,,,,,,697a707b5bc42b2987347880,697a707b5bc42b2987347880,,,,
14295,raw_position_sample,2,2,int,18,3,17,18,4, that ,486,76,4372481.5,697a707b5bc42b2987347880,697a707b5bc42b2987347880,intermediate,3,697a707b5bc42b2987347880,697a707b5bc42b2987347880,spotlight_PROLIFIC,,30,Brasil,Português Brasil ,"Português Brasil, inglês ",inglês,Português Brasil:80|English:10|inglês:10,100,Português Brasil:80|English:10|inglês:10,100,Português Brasil:100|English:0|inglês:0,100,17,5,Bachelor's,10,10,10,5,6,8,12,28,28,28,Duolingo,90,,,,,16,25,B1,elementary|intermediate,elementary|intermediate,cambridge_15_21_random_elementary_intermediate,4,19,random,,65.25694274902344,468.40277099609375,86.59027671813965,504.2638816833496,1,4,,,,,,,,,,,,2026-07-06T21:59:09.647Z,QGFAEPFN,2026-07-06,2026-07-06,18:59:09,2026-07-06 18:59:09,,,,,,,,697a707b5bc42b2987347880,697a707b5bc42b2987347880,,,,
14304,hover_association,2,2,int,18,3,17,18,4, that ,504,74,,697a707b5bc42b2987347880,697a707b5bc42b2987347880,intermediate,3,697a707b5bc42b2987347880,697a707b5bc42b2987347880,spotlight_PROLIFIC,,30,Brasil,Português Brasil ,"Português Brasil, inglês ",inglês,Português Brasil:80|English:10|inglês:10,100,Português Brasil:80|English:10|inglês:10,100,Português Brasil:100|English:0|inglês:0,100,17,5,Bachelor's,10,10,10,5,6,8,12,28,28,28,Duolingo,90,,,,,16,25,B1,elementary|intermediate,elementary|intermediate,cambridge_15_21_random_elementary_intermediate,4,19,random,,55.92360973358154,468.4027805328369,95.92360973358154,504.26388359069824,1,4,hover,49.19999999925494,49.19999999925494,0.49070491330872473,0.5019097566604614,106,,,,,,2026-07-06T21:59:09.647Z,QGFAEPFN,2026-07-06,2026-07-06,18:59:09,2026-07-06 18:59:09,,,,,,,,697a707b5bc42b2987347880,697a707b5bc42b2987347880,,,,
14350,raw_position_sample,2,2,int,18,3,17,18,3, believe ,439,76,4372536.599999998,697a707b5bc42b2987347880,697a707b5bc42b2987347880,intermediate,3,697a707b5bc42b2987347880,697a707b5bc42b2987347880,spotlight_PROLIFIC,,30,Brasil,Português Brasil ,"Português Brasil, inglês ",inglês,Português Brasil:80|English:10|inglês:10,100,Português Brasil:80|English:10|inglês:10,100,Português Brasil:100|English:0|inglês:0,100,17,5,Bachelor's,10,10,10,5,6,8,12,28,28,28,Duolingo,90,,,,,16,25,B1,elementary|intermediate,elementary|intermediate,cambridge_15_21_random_elementary_intermediate,4,19,random,,65.25694274902344,408.2708435058594,86.59027671813965,468.4027900695801,1,3,,,,,,,,,,,,2026-07-06T21:59:09.647Z,QGFAEPFN,2026-07-06,2026-07-06,18:59:09,2026-07-06 18:59:09,,,,,,,,697a707b5bc42b2987347880,697a707b5bc42b2987347880,,,,
14395,raw_position_sample,2,2,int,18,3,17,18,3, believe ,426,77,4372581.099999998,697a707b5bc42b2987347880,697a707b5bc42b2987347880,intermediate,3,697a707b5bc42b2987347880,697a707b5bc42b2987347880,spotlight_PROLIFIC,,30,Brasil,Português Brasil ,"Português Brasil, inglês ",inglês,Português Brasil:80|English:10|inglês:10,100,Português Brasil:80|English:10|inglês:10,100,Português Brasil:100|English:0|inglês:0,100,17,5,Bachelor's,10,10,10,5,6,8,12,28,28,28,Duolingo,90,,,,,16,25,B1,elementary|intermediate,elementary|intermediate,cambridge_15_21_random_elementary_intermediate,4,19,random,,65.25694274902344,408.2708435058594,86.59027671813965,468.4027900695801,1,3,,,,,,,,,,,,2026-07-06T21:59:09.647Z,QGFAEPFN,2026-07-06,2026-07-06,18:59:09,2026-07-06 18:59:09,,,,,,,,697a707b5bc42b2987347880,697a707b5bc42b2987347880,,,,
14452,raw_position_sample,2,2,int,18,3,17,18,3, believe ,425,77,4372638.5,697a707b5bc42b2987347880,697a707b5bc42b2987347880,intermediate,3,697a707b5bc42b2987347880,697a707b5bc42b2987347880,spotlight_PROLIFIC,,30,Brasil,Português Brasil ,"Português Brasil, inglês ",inglês,Português Brasil:80|English:10|inglês:10,100,Português Brasil:80|English:10|inglês:10,100,Português Brasil:100|English:0|inglês:0,100,17,5,Bachelor's,10,10,10,5,6,8,12,28,28,28,Duolingo,90,,,,,16,25,B1,elementary|intermediate,elementary|intermediate,cambridge_15_21_random_elementary_intermediate,4,19,random,,65.25694274902344,408.2708435058594,86.59027671813965,468.4027900695801,1,3,,,,,,,,,,,,2026-07-06T21:59:09.647Z,QGFAEPFN,2026-07-06,2026-07-06,18:59:09,2026-07-06 18:59:09,,,,,,,,697a707b5bc42b2987347880,697a707b5bc42b2987347880,,,,
14495,raw_position_sample,2,2,int,18,3,17,18,3, believe ,422,77,4372681.599999998,697a707b5bc42b2987347880,697a707b5bc42b2987347880,intermediate,3,697a707b5bc42b2987347880,697a707b5bc42b2987347880,spotlight_PROLIFIC,,30,Brasil,Português Brasil ,"Português Brasil, inglês ",inglês,Português Brasil:80|English:10|inglês:10,100,Português Brasil:80|English:10|inglês:10,100,Português Brasil:100|English:0|inglês:0,100,17,5,Bachelor's,10,10,10,5,6,8,12,28,28,28,Duolingo,90,,,,,16,25,B1,elementary|intermediate,elementary|intermediate,cambridge_15_21_random_elementary_intermediate,4,19,random,,65.25694274902344,408.2708435058594,86.59027671813965,468.4027900695801,1,3,,,,,,,,,,,,2026-07-06T21:59:09.647Z,QGFAEPFN,2026-07-06,2026-07-06,18:59:09,2026-07-06 18:59:09,,,,,,,,697a707b5bc42b2987347880,697a707b5bc42b2987347880,,,,
14552,raw_position_sample,2,2,int,18,3,17,18,3, believe ,418,77,4372738.5,697a707b5bc42b2987347880,697a707b5bc42b2987347880,intermediate,3,697a707b5bc42b2987347880,697a707b5bc42b2987347880,spotlight_PROLIFIC,,30,Brasil,Português Brasil ,"Português Brasil, inglês ",inglês,Português Brasil:80|English:10|inglês:10,100,Português Brasil:80|English:10|inglês:10,100,Português Brasil:100|English:0|inglês:0,100,17,5,Bachelor's,10,10,10,5,6,8,12,28,28,28,Duolingo,90,,,,,16,25,B1,elementary|intermediate,elementary|intermediate,cambridge_15_21_random_elementary_intermediate,4,19,random,,65.25694274902344,408.2708435058594,86.59027671813965,468.4027900695801,1,3,,,,,,,,,,,,2026-07-06T21:59:09.647Z,QGFAEPFN,2026-07-06,2026-07-06,18:59:09,2026-07-06 18:59:09,,,,,,,,697a707b5bc42b2987347880,697a707b5bc42b2987347880,,,,
14573,hover_association,2,2,int,18,3,17,18,3, believe ,468,76,,697a707b5bc42b2987347880,697a707b5bc42b2987347880,intermediate,3,697a707b5bc42b2987347880,697a707b5bc42b2987347880,spotlight_PROLIFIC,,30,Brasil,Português Brasil ,"Português Brasil, inglês ",inglês,Português Brasil:80|English:10|inglês:10,100,Português Brasil:80|English:10|inglês:10,100,Português Brasil:100|English:0|inglês:0,100,17,5,Bachelor's,10,10,10,5,6,8,12,28,28,28,Duolingo,90,,,,,16,25,B1,elementary|intermediate,elementary|intermediate,cambridge_15_21_random_elementary_intermediate,4,19,random,,55.92360973358154,408.2708396911621,95.92360973358154,468.4027805328369,1,3,hover,267.30000000074506,267.30000000074506,0.12853668450829628,0.5269097566604615,106,,,,,,2026-07-06T21:59:09.647Z,QGFAEPFN,2026-07-06,2026-07-06,18:59:09,2026-07-06 18:59:09,,,,,,,,697a707b5bc42b2987347880,697a707b5bc42b2987347880,,,,
14596,raw_position_sample,2,2,int,18,3,17,18,2, experts ,364,81,4372782.299999997,697a707b5bc42b2987347880,697a707b5bc42b2987347880,intermediate,3,697a707b5bc42b2987347880,697a707b5bc42b2987347880,spotlight_PROLIFIC,,30,Brasil,Português Brasil ,"Português Brasil, inglês ",inglês,Português Brasil:80|English:10|inglês:10,100,Português Brasil:80|English:10|inglês:10,100,Português Brasil:100|English:0|inglês:0,100,17,5,Bachelor's,10,10,10,5,6,8,12,28,28,28,Duolingo,90,,,,,16,25,B1,elementary|intermediate,elementary|intermediate,cambridge_15_21_random_elementary_intermediate,4,19,random,,65.25694274902344,344.1875,86.59027671813965,408.27083587646484,1,2,,,,,,,,,,,,2026-07-06T21:59:09.647Z,QGFAEPFN,2026-07-06,2026-07-06,18:59:09,2026-07-06 18:59:09,,,,,,,,697a707b5bc42b2987347880,697a707b5bc42b2987347880,,,,
14619,hover_association,2,2,int,18,3,17,18,2, experts ,403,77,,697a707b5bc42b2987347880,697a707b5bc42b2987347880,intermediate,3,697a707b5bc42b2987347880,697a707b5bc42b2987347880,spotlight_PROLIFIC,,30,Brasil,Português Brasil ,"Português Brasil, inglês ",inglês,Português Brasil:80|English:10|inglês:10,100,Português Brasil:80|English:10|inglês:10,100,Português Brasil:100|English:0|inglês:0,100,17,5,Bachelor's,10,10,10,5,6,8,12,28,28,28,Duolingo,90,,,,,16,25,B1,elementary|intermediate,elementary|intermediate,cambridge_15_21_random_elementary_intermediate,4,19,random,,55.92360973358154,344.1875,95.92360973358154,408.2708396911621,1,2,hover,48.80000000074506,48.80000000074506,0.01267880238320435,0.6269097566604614,106,,,,,,2026-07-06T21:59:09.647Z,QGFAEPFN,2026-07-06,2026-07-06,18:59:09,2026-07-06 18:59:09,,,,,,,,697a707b5bc42b2987347880,697a707b5bc42b2987347880,,,,
14645,raw_position_sample,2,2,int,18,3,17,18,1, Conservation ,298,82,4372831.599999998,697a707b5bc42b2987347880,697a707b5bc42b2987347880,intermediate,3,697a707b5bc42b2987347880,697a707b5bc42b2987347880,spotlight_PROLIFIC,,30,Brasil,Português Brasil ,"Português Brasil, inglês ",inglês,Português Brasil:80|English:10|inglês:10,100,Português Brasil:80|English:10|inglês:10,100,Português Brasil:100|English:0|inglês:0,100,17,5,Bachelor's,10,10,10,5,6,8,12,28,28,28,Duolingo,90,,,,,16,25,B1,elementary|intermediate,elementary|intermediate,cambridge_15_21_random_elementary_intermediate,4,19,random,,65.25694274902344,234.18055725097656,86.59027671813965,344.1875,1,1,,,,,,,,,,,,2026-07-06T21:59:09.647Z,QGFAEPFN,2026-07-06,2026-07-06,18:59:09,2026-07-06 18:59:09,,,,,,,,697a707b5bc42b2987347880,697a707b5bc42b2987347880,,,,
14700,raw_position_sample,2,2,int,18,3,17,18,1, Conservation ,282,82,4372885.8999999985,697a707b5bc42b2987347880,697a707b5bc42b2987347880,intermediate,3,697a707b5bc42b2987347880,697a707b5bc42b2987347880,spotlight_PROLIFIC,,30,Brasil,Português Brasil ,"Português Brasil, inglês ",inglês,Português Brasil:80|English:10|inglês:10,100,Português Brasil:80|English:10|inglês:10,100,Português Brasil:100|English:0|inglês:0,100,17,5,Bachelor's,10,10,10,5,6,8,12,28,28,28,Duolingo,90,,,,,16,25,B1,elementary|intermediate,elementary|intermediate,cambridge_15_21_random_elementary_intermediate,4,19,random,,65.25694274902344,234.18055725097656,86.59027671813965,344.1875,1,1,,,,,,,,,,,,2026-07-06T21:59:09.647Z,QGFAEPFN,2026-07-06,2026-07-06,18:59:09,2026-07-06 18:59:09,,,,,,,,697a707b5bc42b2987347880,697a707b5bc42b2987347880,,,,
14746,raw_position_sample,2,2,int,18,3,17,18,1, Conservation ,282,82,4372932,697a707b5bc42b2987347880,697a707b5bc42b2987347880,intermediate,3,697a707b5bc42b2987347880,697a707b5bc42b2987347880,spotlight_PROLIFIC,,30,Brasil,Português Brasil ,"Português Brasil, inglês ",inglês,Português Brasil:80|English:10|inglês:10,100,Português Brasil:80|English:10|inglês:10,100,Português Brasil:100|English:0|inglês:0,100,17,5,Bachelor's,10,10,10,5,6,8,12,28,28,28,Duolingo,90,,,,,16,25,B1,elementary|intermediate,elementary|intermediate,cambridge_15_21_random_elementary_intermediate,4,19,random,,65.25694274902344,234.18055725097656,86.59027671813965,344.1875,1,1,,,,,,,,,,,,2026-07-06T21:59:09.647Z,QGFAEPFN,2026-07-06,2026-07-06,18:59:09,2026-07-06 18:59:09,,,,,,,,697a707b5bc42b2987347880,697a707b5bc42b2987347880,,,,
14795,raw_position_sample,2,2,int,18,3,17,18,1, Conservation ,278,83,4372981.299999997,697a707b5bc42b2987347880,697a707b5bc42b2987347880,intermediate,3,697a707b5bc42b2987347880,697a707b5bc42b2987347880,spotlight_PROLIFIC,,30,Brasil,Português Brasil ,"Português Brasil, inglês ",inglês,Português Brasil:80|English:10|inglês:10,100,Português Brasil:80|English:10|inglês:10,100,Português Brasil:100|English:0|inglês:0,100,17,5,Bachelor's,10,10,10,5,6,8,12,28,28,28,Duolingo,90,,,,,16,25,B1,elementary|intermediate,elementary|intermediate,cambridge_15_21_random_elementary_intermediate,4,19,random,,65.25694274902344,234.18055725097656,86.59027671813965,344.1875,1,1,,,,,,,,,,,,2026-07-06T21:59:09.647Z,QGFAEPFN,2026-07-06,2026-07-06,18:59:09,2026-07-06 18:59:09,,,,,,,,697a707b5bc42b2987347880,697a707b5bc42b2987347880,,,,
14845,raw_position_sample,2,2,int,18,3,17,18,1, Conservation ,269,89,4373031.199999999,697a707b5bc42b2987347880,697a707b5bc42b2987347880,intermediate,3,697a707b5bc42b2987347880,697a707b5bc42b2987347880,spotlight_PROLIFIC,,30,Brasil,Português Brasil ,"Português Brasil, inglês ",inglês,Português Brasil:80|English:10|inglês:10,100,Português Brasil:80|English:10|inglês:10,100,Português Brasil:100|English:0|inglês:0,100,17,5,Bachelor's,10,10,10,5,6,8,12,28,28,28,Duolingo,90,,,,,16,25,B1,elementary|intermediate,elementary|intermediate,cambridge_15_21_random_elementary_intermediate,4,19,random,,65.25694274902344,234.18055725097656,86.59027671813965,344.1875,1,1,,,,,,,,,,,,2026-07-06T21:59:09.647Z,QGFAEPFN,2026-07-06,2026-07-06,18:59:09,2026-07-06 18:59:09,,,,,,,,697a707b5bc42b2987347880,697a707b5bc42b2987347880,,,,
14869,hover_association,2,2,int,18,3,17,18,1, Conservation ,310,82,,697a707b5bc42b2987347880,697a707b5bc42b2987347880,intermediate,3,697a707b5bc42b2987347880,697a707b5bc42b2987347880,spotlight_PROLIFIC,,30,Brasil,Português Brasil ,"Português Brasil, inglês ",inglês,Português Brasil:80|English:10|inglês:10,100,Português Brasil:80|English:10|inglês:10,100,Português Brasil:100|English:0|inglês:0,100,17,5,Bachelor's,10,10,10,5,6,8,12,28,28,28,Duolingo,90,,,,,16,25,B1,elementary|intermediate,elementary|intermediate,cambridge_15_21_random_elementary_intermediate,4,19,random,,55.92360973358154,230.25173786708288,95.92360973358154,344.1875,1,1,hover,249.19999999925494,249.19999999925494,0.3137580463209901,0.8769097566604614,106,,,,,,2026-07-06T21:59:09.647Z,QGFAEPFN,2026-07-06,2026-07-06,18:59:09,2026-07-06 18:59:09,,,,,,,,697a707b5bc42b2987347880,697a707b5bc42b2987347880,,,,
14896,raw_position_sample,2,2,int,18,3,17,18,14, better ,247,103,4373082.599999998,697a707b5bc42b2987347880,697a707b5bc42b2987347880,intermediate,3,697a707b5bc42b2987347880,697a707b5bc42b2987347880,spotlight_PROLIFIC,,30,Brasil,Português Brasil ,"Português Brasil, inglês ",inglês,Português Brasil:80|English:10|inglês:10,100,Português Brasil:80|English:10|inglês:10,100,Português Brasil:100|English:0|inglês:0,100,17,5,Bachelor's,10,10,10,5,6,8,12,28,28,28,Duolingo,90,,,,,16,25,B1,elementary|intermediate,elementary|intermediate,cambridge_15_21_random_elementary_intermediate,4,19,random,,105.25694274902344,234.18055725097656,126.59027671813965,285.5486145019531,2,1,,,,,,,,,,,,2026-07-06T21:59:09.647Z,QGFAEPFN,2026-07-06,2026-07-06,18:59:09,2026-07-06 18:59:09,,,,,,,,697a707b5bc42b2987347880,697a707b5bc42b2987347880,,,,
14922,hover_association,2,2,int,18,3,17,18,14, better ,255,99,,697a707b5bc42b2987347880,697a707b5bc42b2987347880,intermediate,3,697a707b5bc42b2987347880,697a707b5bc42b2987347880,spotlight_PROLIFIC,,30,Brasil,Português Brasil ,"Português Brasil, inglês ",inglês,Português Brasil:80|English:10|inglês:10,100,Português Brasil:80|English:10|inglês:10,100,Português Brasil:100|English:0|inglês:0,100,17,5,Bachelor's,10,10,10,5,6,8,12,28,28,28,Duolingo,90,,,,,16,25,B1,elementary|intermediate,elementary|intermediate,cambridge_15_21_random_elementary_intermediate,4,19,random,,95.92360973358154,230.25173786708288,135.92360973358154,285.5486145019531,2,1,hover,51.900000002235174,51.900000002235174,0.08586854126084334,0.37690975666046145,106,,,,,,2026-07-06T21:59:09.647Z,QGFAEPFN,2026-07-06,2026-07-06,18:59:09,2026-07-06 18:59:09,,,,,,,,697a707b5bc42b2987347880,697a707b5bc42b2987347880,,,,
14944,raw_position_sample,2,2,int,18,3,17,18,-1,999,227,116,4373130.3999999985,697a707b5bc42b2987347880,697a707b5bc42b2987347880,intermediate,3,697a707b5bc42b2987347880,697a707b5bc42b2987347880,spotlight_PROLIFIC,,30,Brasil,Português Brasil ,"Português Brasil, inglês ",inglês,Português Brasil:80|English:10|inglês:10,100,Português Brasil:80|English:10|inglês:10,100,Português Brasil:100|English:0|inglês:0,100,17,5,Bachelor's,10,10,10,5,6,8,12,28,28,28,Duolingo,90,,,,,16,25,B1,elementary|intermediate,elementary|intermediate,cambridge_15_21_random_elementary_intermediate,4,19,random,,,,,,,,,,,,,,,,,,,2026-07-06T21:59:09.647Z,QGFAEPFN,2026-07-06,2026-07-06,18:59:09,2026-07-06 18:59:09,,,,,,,,697a707b5bc42b2987347880,697a707b5bc42b2987347880,,,,
14994,raw_position_sample,2,2,int,18,3,17,18,-1,999,224,116,4373180.699999999,697a707b5bc42b2987347880,697a707b5bc42b2987347880,intermediate,3,697a707b5bc42b2987347880,697a707b5bc42b2987347880,spotlight_PROLIFIC,,30,Brasil,Português Brasil ,"Português Brasil, inglês ",inglês,Português Brasil:80|English:10|inglês:10,100,Português Brasil:80|English:10|inglês:10,100,Português Brasil:100|English:0|inglês:0,100,17,5,Bachelor's,10,10,10,5,6,8,12,28,28,28,Duolingo,90,,,,,16,25,B1,elementary|intermediate,elementary|intermediate,cambridge_15_21_random_elementary_intermediate,4,19,random,,,,,,,,,,,,,,,,,,,2026-07-06T21:59:09.647Z,QGFAEPFN,2026-07-06,2026-07-06,18:59:09,2026-07-06 18:59:09,,,,,,,,697a707b5bc42b2987347880,697a707b5bc42b2987347880,,,,
15044,raw_position_sample,2,2,int,18,3,17,18,-1,999,222,116,4373230.599999998,697a707b5bc42b2987347880,697a707b5bc42b2987347880,intermediate,3,697a707b5bc42b2987347880,697a707b5bc42b2987347880,spotlight_PROLIFIC,,30,Brasil,Português Brasil ,"Português Brasil, inglês ",inglês,Português Brasil:80|English:10|inglês:10,100,Português Brasil:80|English:10|inglês:10,100,Português Brasil:100|English:0|inglês:0,100,17,5,Bachelor's,10,10,10,5,6,8,12,28,28,28,Duolingo,90,,,,,16,25,B1,elementary|intermediate,elementary|intermediate,cambridge_15_21_random_elementary_intermediate,4,19,random,,,,,,,,,,,,,,,,,,,2026-07-06T21:59:09.647Z,QGFAEPFN,2026-07-06,2026-07-06,18:59:09,2026-07-06 18:59:09,,,,,,,,697a707b5bc42b2987347880,697a707b5bc42b2987347880,,,,
15095,raw_position_sample,2,2,int,18,3,17,18,-1,999,222,116,4373281,697a707b5bc42b2987347880,697a707b5bc42b2987347880,intermediate,3,697a707b5bc42b2987347880,697a707b5bc42b2987347880,spotlight_PROLIFIC,,30,Brasil,Português Brasil ,"Português Brasil, inglês ",inglês,Português Brasil:80|English:10|inglês:10,100,Português Brasil:80|English:10|inglês:10,100,Português Brasil:100|English:0|inglês:0,100,17,5,Bachelor's,10,10,10,5,6,8,12,28,28,28,Duolingo,90,,,,,16,25,B1,elementary|intermediate,elementary|intermediate,cambridge_15_21_random_elementary_intermediate,4,19,random,,,,,,,,,,,,,,,,,,,2026-07-06T21:59:09.647Z,QGFAEPFN,2026-07-06,2026-07-06,18:59:09,2026-07-06 18:59:09,,,,,,,,697a707b5bc42b2987347880,697a707b5bc42b2987347880,,,,
15145,raw_position_sample,2,2,int,18,3,17,18,-1,999,222,116,4373331,697a707b5bc42b2987347880,697a707b5bc42b2987347880,intermediate,3,697a707b5bc42b2987347880,697a707b5bc42b2987347880,spotlight_PROLIFIC,,30,Brasil,Português Brasil ,"Português Brasil, inglês ",inglês,Português Brasil:80|English:10|inglês:10,100,Português Brasil:80|English:10|inglês:10,100,Português Brasil:100|English:0|inglês:0,100,17,5,Bachelor's,10,10,10,5,6,8,12,28,28,28,Duolingo,90,,,,,16,25,B1,elementary|intermediate,elementary|intermediate,cambridge_15_21_random_elementary_intermediate,4,19,random,,,,,,,,,,,,,,,,,,,2026-07-06T21:59:09.647Z,QGFAEPFN,2026-07-06,2026-07-06,18:59:09,2026-07-06 18:59:09,,,,,,,,697a707b5bc42b2987347880,697a707b5bc42b2987347880,,,,
15197,raw_position_sample,2,2,int,18,3,17,18,-1,999,222,116,4373382.8999999985,697a707b5bc42b2987347880,697a707b5bc42b2987347880,intermediate,3,697a707b5bc42b2987347880,697a707b5bc42b2987347880,spotlight_PROLIFIC,,30,Brasil,Português Brasil ,"Português Brasil, inglês ",inglês,Português Brasil:80|English:10|inglês:10,100,Português Brasil:80|English:10|inglês:10,100,Português Brasil:100|English:0|inglês:0,100,17,5,Bachelor's,10,10,10,5,6,8,12,28,28,28,Duolingo,90,,,,,16,25,B1,elementary|intermediate,elementary|intermediate,cambridge_15_21_random_elementary_intermediate,4,19,random,,,,,,,,,,,,,,,,,,,2026-07-06T21:59:09.647Z,QGFAEPFN,2026-07-06,2026-07-06,18:59:09,2026-07-06 18:59:09,,,,,,,,697a707b5bc42b2987347880,697a707b5bc42b2987347880,,,,
15254,raw_position_sample,2,2,int,18,3,17,18,-1,999,222,117,4373440.099999998,697a707b5bc42b2987347880,697a707b5bc42b2987347880,intermediate,3,697a707b5bc42b2987347880,697a707b5bc42b2987347880,spotlight_PROLIFIC,,30,Brasil,Português Brasil ,"Português Brasil, inglês ",inglês,Português Brasil:80|English:10|inglês:10,100,Português Brasil:80|English:10|inglês:10,100,Português Brasil:100|English:0|inglês:0,100,17,5,Bachelor's,10,10,10,5,6,8,12,28,28,28,Duolingo,90,,,,,16,25,B1,elementary|intermediate,elementary|intermediate,cambridge_15_21_random_elementary_intermediate,4,19,random,,,,,,,,,,,,,,,,,,,2026-07-06T21:59:09.647Z,QGFAEPFN,2026-07-06,2026-07-06,18:59:09,2026-07-06 18:59:09,,,,,,,,697a707b5bc42b2987347880,697a707b5bc42b2987347880,,,,
15295,raw_position_sample,2,2,int,18,3,17,18,-1,999,222,117,4373481,697a707b5bc42b2987347880,697a707b5bc42b2987347880,intermediate,3,697a707b5bc42b2987347880,697a707b5bc42b2987347880,spotlight_PROLIFIC,,30,Brasil,Português Brasil ,"Português Brasil, inglês ",inglês,Português Brasil:80|English:10|inglês:10,100,Português Brasil:80|English:10|inglês:10,100,Português Brasil:100|English:0|inglês:0,100,17,5,Bachelor's,10,10,10,5,6,8,12,28,28,28,Duolingo,90,,,,,16,25,B1,elementary|intermediate,elementary|intermediate,cambridge_15_21_random_elementary_intermediate,4,19,random,,,,,,,,,,,,,,,,,,,2026-07-06T21:59:09.647Z,QGFAEPFN,2026-07-06,2026-07-06,18:59:09,2026-07-06 18:59:09,,,,,,,,697a707b5bc42b2987347880,697a707b5bc42b2987347880,,,,
15345,raw_position_sample,2,2,int,18,3,17,18,-1,999,222,117,4373531.199999999,697a707b5bc42b2987347880,697a707b5bc42b2987347880,intermediate,3,697a707b5bc42b2987347880,697a707b5bc42b2987347880,spotlight_PROLIFIC,,30,Brasil,Português Brasil ,"Português Brasil, inglês ",inglês,Português Brasil:80|English:10|inglês:10,100,Português Brasil:80|English:10|inglês:10,100,Português Brasil:100|English:0|inglês:0,100,17,5,Bachelor's,10,10,10,5,6,8,12,28,28,28,Duolingo,90,,,,,16,25,B1,elementary|intermediate,elementary|intermediate,cambridge_15_21_random_elementary_intermediate,4,19,random,,,,,,,,,,,,,,,,,,,2026-07-06T21:59:09.647Z,QGFAEPFN,2026-07-06,2026-07-06,18:59:09,2026-07-06 18:59:09,,,,,,,,697a707b5bc42b2987347880,697a707b5bc42b2987347880,,,,
15394,raw_position_sample,2,2,int,18,3,17,18,-1,999,227,117,4373580.3999999985,697a707b5bc42b2987347880,697a707b5bc42b2987347880,intermediate,3,697a707b5bc42b2987347880,697a707b5bc42b2987347880,spotlight_PROLIFIC,,30,Brasil,Português Brasil ,"Português Brasil, inglês ",inglês,Português Brasil:80|English:10|inglês:10,100,Português Brasil:80|English:10|inglês:10,100,Português Brasil:100|English:0|inglês:0,100,17,5,Bachelor's,10,10,10,5,6,8,12,28,28,28,Duolingo,90,,,,,16,25,B1,elementary|intermediate,elementary|intermediate,cambridge_15_21_random_elementary_intermediate,4,19,random,,,,,,,,,,,,,,,,,,,2026-07-06T21:59:09.647Z,QGFAEPFN,2026-07-06,2026-07-06,18:59:09,2026-07-06 18:59:09,,,,,,,,697a707b5bc42b2987347880,697a707b5bc42b2987347880,,,,
15453,raw_position_sample,2,2,int,18,3,17,18,-1,999,230,116,4373639.799999997,697a707b5bc42b2987347880,697a707b5bc42b2987347880,intermediate,3,697a707b5bc42b2987347880,697a707b5bc42b2987347880,spotlight_PROLIFIC,,30,Brasil,Português Brasil ,"Português Brasil, inglês ",inglês,Português Brasil:80|English:10|inglês:10,100,Português Brasil:80|English:10|inglês:10,100,Português Brasil:100|English:0|inglês:0,100,17,5,Bachelor's,10,10,10,5,6,8,12,28,28,28,Duolingo,90,,,,,16,25,B1,elementary|intermediate,elementary|intermediate,cambridge_15_21_random_elementary_intermediate,4,19,random,,,,,,,,,,,,,,,,,,,2026-07-06T21:59:09.647Z,QGFAEPFN,2026-07-06,2026-07-06,18:59:09,2026-07-06 18:59:09,,,,,,,,697a707b5bc42b2987347880,697a707b5bc42b2987347880,,,,
15497,raw_position_sample,2,2,int,18,3,17,18,14, better ,235,114,4373683.3999999985,697a707b5bc42b2987347880,697a707b5bc42b2987347880,intermediate,3,697a707b5bc42b2987347880,697a707b5bc42b2987347880,spotlight_PROLIFIC,,30,Brasil,Português Brasil ,"Português Brasil, inglês ",inglês,Português Brasil:80|English:10|inglês:10,100,Português Brasil:80|English:10|inglês:10,100,Português Brasil:100|English:0|inglês:0,100,17,5,Bachelor's,10,10,10,5,6,8,12,28,28,28,Duolingo,90,,,,,16,25,B1,elementary|intermediate,elementary|intermediate,cambridge_15_21_random_elementary_intermediate,4,19,random,,105.25694274902344,234.18055725097656,126.59027671813965,285.5486145019531,2,1,,,,,,,,,,,,2026-07-06T21:59:09.647Z,QGFAEPFN,2026-07-06,2026-07-06,18:59:09,2026-07-06 18:59:09,,,,,,,,697a707b5bc42b2987347880,697a707b5bc42b2987347880,,,,
15548,raw_position_sample,2,2,int,18,3,17,18,14, better ,243,112,4373734.099999998,697a707b5bc42b2987347880,697a707b5bc42b2987347880,intermediate,3,697a707b5bc42b2987347880,697a707b5bc42b2987347880,spotlight_PROLIFIC,,30,Brasil,Português Brasil ,"Português Brasil, inglês ",inglês,Português Brasil:80|English:10|inglês:10,100,Português Brasil:80|English:10|inglês:10,100,Português Brasil:100|English:0|inglês:0,100,17,5,Bachelor's,10,10,10,5,6,8,12,28,28,28,Duolingo,90,,,,,16,25,B1,elementary|intermediate,elementary|intermediate,cambridge_15_21_random_elementary_intermediate,4,19,random,,105.25694274902344,234.18055725097656,126.59027671813965,285.5486145019531,2,1,,,,,,,,,,,,2026-07-06T21:59:09.647Z,QGFAEPFN,2026-07-06,2026-07-06,18:59:09,2026-07-06 18:59:09,,,,,,,,697a707b5bc42b2987347880,697a707b5bc42b2987347880,,,,
15595,raw_position_sample,2,2,int,18,3,17,18,14, better ,256,109,4373780.8999999985,697a707b5bc42b2987347880,697a707b5bc42b2987347880,intermediate,3,697a707b5bc42b2987347880,697a707b5bc42b2987347880,spotlight_PROLIFIC,,30,Brasil,Português Brasil ,"Português Brasil, inglês ",inglês,Português Brasil:80|English:10|inglês:10,100,Português Brasil:80|English:10|inglês:10,100,Português Brasil:100|English:0|inglês:0,100,17,5,Bachelor's,10,10,10,5,6,8,12,28,28,28,Duolingo,90,,,,,16,25,B1,elementary|intermediate,elementary|intermediate,cambridge_15_21_random_elementary_intermediate,4,19,random,,105.25694274902344,234.18055725097656,126.59027671813965,285.5486145019531,2,1,,,,,,,,,,,,2026-07-06T21:59:09.647Z,QGFAEPFN,2026-07-06,2026-07-06,18:59:09,2026-07-06 18:59:09,,,,,,,,697a707b5bc42b2987347880,697a707b5bc42b2987347880,,,,
15648,raw_position_sample,2,2,int,18,3,17,18,14, better ,265,107,4373833.8999999985,697a707b5bc42b2987347880,697a707b5bc42b2987347880,intermediate,3,697a707b5bc42b2987347880,697a707b5bc42b2987347880,spotlight_PROLIFIC,,30,Brasil,Português Brasil ,"Português Brasil, inglês ",inglês,Português Brasil:80|English:10|inglês:10,100,Português Brasil:80|English:10|inglês:10,100,Português Brasil:100|English:0|inglês:0,100,17,5,Bachelor's,10,10,10,5,6,8,12,28,28,28,Duolingo,90,,,,,16,25,B1,elementary|intermediate,elementary|intermediate,cambridge_15_21_random_elementary_intermediate,4,19,random,,105.25694274902344,234.18055725097656,126.59027671813965,285.5486145019531,2,1,,,,,,,,,,,,2026-07-06T21:59:09.647Z,QGFAEPFN,2026-07-06,2026-07-06,18:59:09,2026-07-06 18:59:09,,,,,,,,697a707b5bc42b2987347880,697a707b5bc42b2987347880,,,,
15698,raw_position_sample,2,2,int,18,3,17,18,14, better ,271,106,4373884.599999998,697a707b5bc42b2987347880,697a707b5bc42b2987347880,intermediate,3,697a707b5bc42b2987347880,697a707b5bc42b2987347880,spotlight_PROLIFIC,,30,Brasil,Português Brasil ,"Português Brasil, inglês ",inglês,Português Brasil:80|English:10|inglês:10,100,Português Brasil:80|English:10|inglês:10,100,Português Brasil:100|English:0|inglês:0,100,17,5,Bachelor's,10,10,10,5,6,8,12,28,28,28,Duolingo,90,,,,,16,25,B1,elementary|intermediate,elementary|intermediate,cambridge_15_21_random_elementary_intermediate,4,19,random,,105.25694274902344,234.18055725097656,126.59027671813965,285.5486145019531,2,1,,,,,,,,,,,,2026-07-06T21:59:09.647Z,QGFAEPFN,2026-07-06,2026-07-06,18:59:09,2026-07-06 18:59:09,,,,,,,,697a707b5bc42b2987347880,697a707b5bc42b2987347880,,,,
15746,raw_position_sample,2,2,int,18,3,17,18,14, better ,272,104,4373932.299999997,697a707b5bc42b2987347880,697a707b5bc42b2987347880,intermediate,3,697a707b5bc42b2987347880,697a707b5bc42b2987347880,spotlight_PROLIFIC,,30,Brasil,Português Brasil ,"Português Brasil, inglês ",inglês,Português Brasil:80|English:10|inglês:10,100,Português Brasil:80|English:10|inglês:10,100,Português Brasil:100|English:0|inglês:0,100,17,5,Bachelor's,10,10,10,5,6,8,12,28,28,28,Duolingo,90,,,,,16,25,B1,elementary|intermediate,elementary|intermediate,cambridge_15_21_random_elementary_intermediate,4,19,random,,105.25694274902344,234.18055725097656,126.59027671813965,285.5486145019531,2,1,,,,,,,,,,,,2026-07-06T21:59:09.647Z,QGFAEPFN,2026-07-06,2026-07-06,18:59:09,2026-07-06 18:59:09,,,,,,,,697a707b5bc42b2987347880,697a707b5bc42b2987347880,,,,
15795,raw_position_sample,2,2,int,18,3,17,18,14, better ,275,104,4373981.799999997,697a707b5bc42b2987347880,697a707b5bc42b2987347880,intermediate,3,697a707b5bc42b2987347880,697a707b5bc42b2987347880,spotlight_PROLIFIC,,30,Brasil,Português Brasil ,"Português Brasil, inglês ",inglês,Português Brasil:80|English:10|inglês:10,100,Português Brasil:80|English:10|inglês:10,100,Português Brasil:100|English:0|inglês:0,100,17,5,Bachelor's,10,10,10,5,6,8,12,28,28,28,Duolingo,90,,,,,16,25,B1,elementary|intermediate,elementary|intermediate,cambridge_15_21_random_elementary_intermediate,4,19,random,,105.25694274902344,234.18055725097656,126.59027671813965,285.5486145019531,2,1,,,,,,,,,,,,2026-07-06T21:59:09.647Z,QGFAEPFN,2026-07-06,2026-07-06,18:59:09,2026-07-06 18:59:09,,,,,,,,697a707b5bc42b2987347880,697a707b5bc42b2987347880,,,,
15851,raw_position_sample,2,2,int,18,3,17,18,14, better ,279,104,4374037.099999998,697a707b5bc42b2987347880,697a707b5bc42b2987347880,intermediate,3,697a707b5bc42b2987347880,697a707b5bc42b2987347880,spotlight_PROLIFIC,,30,Brasil,Português Brasil ,"Português Brasil, inglês ",inglês,Português Brasil:80|English:10|inglês:10,100,Português Brasil:80|English:10|inglês:10,100,Português Brasil:100|English:0|inglês:0,100,17,5,Bachelor's,10,10,10,5,6,8,12,28,28,28,Duolingo,90,,,,,16,25,B1,elementary|intermediate,elementary|intermediate,cambridge_15_21_random_elementary_intermediate,4,19,random,,105.25694274902344,234.18055725097656,126.59027671813965,285.5486145019531,2,1,,,,,,,,,,,,2026-07-06T21:59:09.647Z,QGFAEPFN,2026-07-06,2026-07-06,18:59:09,2026-07-06 18:59:09,,,,,,,,697a707b5bc42b2987347880,697a707b5bc42b2987347880,,,,
15895,raw_position_sample,2,2,int,18,3,17,18,14, better ,283,104,4374081,697a707b5bc42b2987347880,697a707b5bc42b2987347880,intermediate,3,697a707b5bc42b2987347880,697a707b5bc42b2987347880,spotlight_PROLIFIC,,30,Brasil,Português Brasil ,"Português Brasil, inglês ",inglês,Português Brasil:80|English:10|inglês:10,100,Português Brasil:80|English:10|inglês:10,100,Português Brasil:100|English:0|inglês:0,100,17,5,Bachelor's,10,10,10,5,6,8,12,28,28,28,Duolingo,90,,,,,16,25,B1,elementary|intermediate,elementary|intermediate,cambridge_15_21_random_elementary_intermediate,4,19,random,,105.25694274902344,234.18055725097656,126.59027671813965,285.5486145019531,2,1,,,,,,,,,,,,2026-07-06T21:59:09.647Z,QGFAEPFN,2026-07-06,2026-07-06,18:59:09,2026-07-06 18:59:09,,,,,,,,697a707b5bc42b2987347880,697a707b5bc42b2987347880,,,,
15921,hover_association,2,2,int,18,3,17,18,14, better ,233,116,,697a707b5bc42b2987347880,697a707b5bc42b2987347880,intermediate,3,697a707b5bc42b2987347880,697a707b5bc42b2987347880,spotlight_PROLIFIC,,30,Brasil,Português Brasil ,"Português Brasil, inglês ",inglês,Português Brasil:80|English:10|inglês:10,100,Português Brasil:80|English:10|inglês:10,100,Português Brasil:100|English:0|inglês:0,100,17,5,Bachelor's,10,10,10,5,6,8,12,28,28,28,Duolingo,90,,,,,16,25,B1,elementary|intermediate,elementary|intermediate,cambridge_15_21_random_elementary_intermediate,4,19,random,,95.92360973358154,230.25173786708288,135.92360973358154,285.5486145019531,2,1,hover,443.80000000074506,443.80000000074506,0.9900787434057864,0.20190975666046143,106,,,,,,2026-07-06T21:59:09.647Z,QGFAEPFN,2026-07-06,2026-07-06,18:59:09,2026-07-06 18:59:09,,,,,,,,697a707b5bc42b2987347880,697a707b5bc42b2987347880,,,,
15948,raw_position_sample,2,2,int,18,3,17,18,15, policing ,292,106,4374134.599999998,697a707b5bc42b2987347880,697a707b5bc42b2987347880,intermediate,3,697a707b5bc42b2987347880,697a707b5bc42b2987347880,spotlight_PROLIFIC,,30,Brasil,Português Brasil ,"Português Brasil, inglês ",inglês,Português Brasil:80|English:10|inglês:10,100,Português Brasil:80|English:10|inglês:10,100,Português Brasil:100|English:0|inglês:0,100,17,5,Bachelor's,10,10,10,5,6,8,12,28,28,28,Duolingo,90,,,,,16,25,B1,elementary|intermediate,elementary|intermediate,cambridge_15_21_random_elementary_intermediate,4,19,random,,105.25694274902344,285.5486145019531,126.59027671813965,352.6388931274414,2,2,,,,,,,,,,,,2026-07-06T21:59:09.647Z,QGFAEPFN,2026-07-06,2026-07-06,18:59:09,2026-07-06 18:59:09,,,,,,,,697a707b5bc42b2987347880,697a707b5bc42b2987347880,,,,
15995,raw_position_sample,2,2,int,18,3,17,18,15, policing ,299,106,4374181.699999999,697a707b5bc42b2987347880,697a707b5bc42b2987347880,intermediate,3,697a707b5bc42b2987347880,697a707b5bc42b2987347880,spotlight_PROLIFIC,,30,Brasil,Português Brasil ,"Português Brasil, inglês ",inglês,Português Brasil:80|English:10|inglês:10,100,Português Brasil:80|English:10|inglês:10,100,Português Brasil:100|English:0|inglês:0,100,17,5,Bachelor's,10,10,10,5,6,8,12,28,28,28,Duolingo,90,,,,,16,25,B1,elementary|intermediate,elementary|intermediate,cambridge_15_21_random_elementary_intermediate,4,19,random,,105.25694274902344,285.5486145019531,126.59027671813965,352.6388931274414,2,2,,,,,,,,,,,,2026-07-06T21:59:09.647Z,QGFAEPFN,2026-07-06,2026-07-06,18:59:09,2026-07-06 18:59:09,,,,,,,,697a707b5bc42b2987347880,697a707b5bc42b2987347880,,,,
16048,raw_position_sample,2,2,int,18,3,17,18,15, policing ,309,106,4374234.599999998,697a707b5bc42b2987347880,697a707b5bc42b2987347880,intermediate,3,697a707b5bc42b2987347880,697a707b5bc42b2987347880,spotlight_PROLIFIC,,30,Brasil,Português Brasil ,"Português Brasil, inglês ",inglês,Português Brasil:80|English:10|inglês:10,100,Português Brasil:80|English:10|inglês:10,100,Português Brasil:100|English:0|inglês:0,100,17,5,Bachelor's,10,10,10,5,6,8,12,28,28,28,Duolingo,90,,,,,16,25,B1,elementary|intermediate,elementary|intermediate,cambridge_15_21_random_elementary_intermediate,4,19,random,,105.25694274902344,285.5486145019531,126.59027671813965,352.6388931274414,2,2,,,,,,,,,,,,2026-07-06T21:59:09.647Z,QGFAEPFN,2026-07-06,2026-07-06,18:59:09,2026-07-06 18:59:09,,,,,,,,697a707b5bc42b2987347880,697a707b5bc42b2987347880,,,,
16095,raw_position_sample,2,2,int,18,3,17,18,15, policing ,318,106,4374281.699999999,697a707b5bc42b2987347880,697a707b5bc42b2987347880,intermediate,3,697a707b5bc42b2987347880,697a707b5bc42b2987347880,spotlight_PROLIFIC,,30,Brasil,Português Brasil ,"Português Brasil, inglês ",inglês,Português Brasil:80|English:10|inglês:10,100,Português Brasil:80|English:10|inglês:10,100,Português Brasil:100|English:0|inglês:0,100,17,5,Bachelor's,10,10,10,5,6,8,12,28,28,28,Duolingo,90,,,,,16,25,B1,elementary|intermediate,elementary|intermediate,cambridge_15_21_random_elementary_intermediate,4,19,random,,105.25694274902344,285.5486145019531,126.59027671813965,352.6388931274414,2,2,,,,,,,,,,,,2026-07-06T21:59:09.647Z,QGFAEPFN,2026-07-06,2026-07-06,18:59:09,2026-07-06 18:59:09,,,,,,,,697a707b5bc42b2987347880,697a707b5bc42b2987347880,,,,
16146,raw_position_sample,2,2,int,18,3,17,18,15, policing ,331,106,4374332.699999999,697a707b5bc42b2987347880,697a707b5bc42b2987347880,intermediate,3,697a707b5bc42b2987347880,697a707b5bc42b2987347880,spotlight_PROLIFIC,,30,Brasil,Português Brasil ,"Português Brasil, inglês ",inglês,Português Brasil:80|English:10|inglês:10,100,Português Brasil:80|English:10|inglês:10,100,Português Brasil:100|English:0|inglês:0,100,17,5,Bachelor's,10,10,10,5,6,8,12,28,28,28,Duolingo,90,,,,,16,25,B1,elementary|intermediate,elementary|intermediate,cambridge_15_21_random_elementary_intermediate,4,19,random,,105.25694274902344,285.5486145019531,126.59027671813965,352.6388931274414,2,2,,,,,,,,,,,,2026-07-06T21:59:09.647Z,QGFAEPFN,2026-07-06,2026-07-06,18:59:09,2026-07-06 18:59:09,,,,,,,,697a707b5bc42b2987347880,697a707b5bc42b2987347880,,,,
16197,raw_position_sample,2,2,int,18,3,17,18,15, policing ,335,108,4374382.8999999985,697a707b5bc42b2987347880,697a707b5bc42b2987347880,intermediate,3,697a707b5bc42b2987347880,697a707b5bc42b2987347880,spotlight_PROLIFIC,,30,Brasil,Português Brasil ,"Português Brasil, inglês ",inglês,Português Brasil:80|English:10|inglês:10,100,Português Brasil:80|English:10|inglês:10,100,Português Brasil:100|English:0|inglês:0,100,17,5,Bachelor's,10,10,10,5,6,8,12,28,28,28,Duolingo,90,,,,,16,25,B1,elementary|intermediate,elementary|intermediate,cambridge_15_21_random_elementary_intermediate,4,19,random,,105.25694274902344,285.5486145019531,126.59027671813965,352.6388931274414,2,2,,,,,,,,,,,,2026-07-06T21:59:09.647Z,QGFAEPFN,2026-07-06,2026-07-06,18:59:09,2026-07-06 18:59:09,,,,,,,,697a707b5bc42b2987347880,697a707b5bc42b2987347880,,,,
16249,raw_position_sample,2,2,int,18,3,17,18,15, policing ,346,111,4374435.099999998,697a707b5bc42b2987347880,697a707b5bc42b2987347880,intermediate,3,697a707b5bc42b2987347880,697a707b5bc42b2987347880,spotlight_PROLIFIC,,30,Brasil,Português Brasil ,"Português Brasil, inglês ",inglês,Português Brasil:80|English:10|inglês:10,100,Português Brasil:80|English:10|inglês:10,100,Português Brasil:100|English:0|inglês:0,100,17,5,Bachelor's,10,10,10,5,6,8,12,28,28,28,Duolingo,90,,,,,16,25,B1,elementary|intermediate,elementary|intermediate,cambridge_15_21_random_elementary_intermediate,4,19,random,,105.25694274902344,285.5486145019531,126.59027671813965,352.6388931274414,2,2,,,,,,,,,,,,2026-07-06T21:59:09.647Z,QGFAEPFN,2026-07-06,2026-07-06,18:59:09,2026-07-06 18:59:09,,,,,,,,697a707b5bc42b2987347880,697a707b5bc42b2987347880,,,,
16287,hover_association,2,2,int,18,3,17,18,15, policing ,288,106,,697a707b5bc42b2987347880,697a707b5bc42b2987347880,intermediate,3,697a707b5bc42b2987347880,697a707b5bc42b2987347880,spotlight_PROLIFIC,,30,Brasil,Português Brasil ,"Português Brasil, inglês ",inglês,Português Brasil:80|English:10|inglês:10,100,Português Brasil:80|English:10|inglês:10,100,Português Brasil:100|English:0|inglês:0,100,17,5,Bachelor's,10,10,10,5,6,8,12,28,28,28,Duolingo,90,,,,,16,25,B1,elementary|intermediate,elementary|intermediate,cambridge_15_21_random_elementary_intermediate,4,19,random,,95.92360973358154,285.5486145019531,135.92360973358154,352.63888931274414,2,2,hover,364.69999999925494,364.69999999925494,0.990477169536927,0.42690975666046144,106,,,,,,2026-07-06T21:59:09.647Z,QGFAEPFN,2026-07-06,2026-07-06,18:59:09,2026-07-06 18:59:09,,,,,,,,697a707b5bc42b2987347880,697a707b5bc42b2987347880,,,,
16299,raw_position_sample,2,2,int,18,3,17,18,16, of ,356,115,4374485.099999998,697a707b5bc42b2987347880,697a707b5bc42b2987347880,intermediate,3,697a707b5bc42b2987347880,697a707b5bc42b2987347880,spotlight_PROLIFIC,,30,Brasil,Português Brasil ,"Português Brasil, inglês ",inglês,Português Brasil:80|English:10|inglês:10,100,Português Brasil:80|English:10|inglês:10,100,Português Brasil:100|English:0|inglês:0,100,17,5,Bachelor's,10,10,10,5,6,8,12,28,28,28,Duolingo,90,,,,,16,25,B1,elementary|intermediate,elementary|intermediate,cambridge_15_21_random_elementary_intermediate,4,19,random,,105.25694274902344,352.6388854980469,126.59027671813965,373.5138854980469,2,3,,,,,,,,,,,,2026-07-06T21:59:09.647Z,QGFAEPFN,2026-07-06,2026-07-06,18:59:09,2026-07-06 18:59:09,,,,,,,,697a707b5bc42b2987347880,697a707b5bc42b2987347880,,,,
16347,raw_position_sample,2,2,int,18,3,17,18,16, of ,366,118,4374533.3999999985,697a707b5bc42b2987347880,697a707b5bc42b2987347880,intermediate,3,697a707b5bc42b2987347880,697a707b5bc42b2987347880,spotlight_PROLIFIC,,30,Brasil,Português Brasil ,"Português Brasil, inglês ",inglês,Português Brasil:80|English:10|inglês:10,100,Português Brasil:80|English:10|inglês:10,100,Português Brasil:100|English:0|inglês:0,100,17,5,Bachelor's,10,10,10,5,6,8,12,28,28,28,Duolingo,90,,,,,16,25,B1,elementary|intermediate,elementary|intermediate,cambridge_15_21_random_elementary_intermediate,4,19,random,,105.25694274902344,352.6388854980469,126.59027671813965,373.5138854980469,2,3,,,,,,,,,,,,2026-07-06T21:59:09.647Z,QGFAEPFN,2026-07-06,2026-07-06,18:59:09,2026-07-06 18:59:09,,,,,,,,697a707b5bc42b2987347880,697a707b5bc42b2987347880,,,,
16396,raw_position_sample,2,2,int,18,3,17,18,16, of ,369,118,4374581.8999999985,697a707b5bc42b2987347880,697a707b5bc42b2987347880,intermediate,3,697a707b5bc42b2987347880,697a707b5bc42b2987347880,spotlight_PROLIFIC,,30,Brasil,Português Brasil ,"Português Brasil, inglês ",inglês,Português Brasil:80|English:10|inglês:10,100,Português Brasil:80|English:10|inglês:10,100,Português Brasil:100|English:0|inglês:0,100,17,5,Bachelor's,10,10,10,5,6,8,12,28,28,28,Duolingo,90,,,,,16,25,B1,elementary|intermediate,elementary|intermediate,cambridge_15_21_random_elementary_intermediate,4,19,random,,105.25694274902344,352.6388854980469,126.59027671813965,373.5138854980469,2,3,,,,,,,,,,,,2026-07-06T21:59:09.647Z,QGFAEPFN,2026-07-06,2026-07-06,18:59:09,2026-07-06 18:59:09,,,,,,,,697a707b5bc42b2987347880,697a707b5bc42b2987347880,,,,
16421,hover_association,2,2,int,18,3,17,18,16, of ,356,115,,697a707b5bc42b2987347880,697a707b5bc42b2987347880,intermediate,3,697a707b5bc42b2987347880,697a707b5bc42b2987347880,spotlight_PROLIFIC,,30,Brasil,Português Brasil ,"Português Brasil, inglês ",inglês,Português Brasil:80|English:10|inglês:10,100,Português Brasil:80|English:10|inglês:10,100,Português Brasil:100|English:0|inglês:0,100,17,5,Bachelor's,10,10,10,5,6,8,12,28,28,28,Duolingo,90,,,,,16,25,B1,elementary|intermediate,elementary|intermediate,cambridge_15_21_random_elementary_intermediate,4,19,random,,95.92360973358154,352.63888931274414,135.92360973358154,373.5138854980469,2,3,hover,134.80000000074506,134.80000000074506,0.9274785257631452,0.5769097566604614,106,,,,,,2026-07-06T21:59:09.647Z,QGFAEPFN,2026-07-06,2026-07-06,18:59:09,2026-07-06 18:59:09,,,,,,,,697a707b5bc42b2987347880,697a707b5bc42b2987347880,,,,
16447,raw_position_sample,2,2,int,18,3,17,18,17, national ,380,120,4374633.5,697a707b5bc42b2987347880,697a707b5bc42b2987347880,intermediate,3,697a707b5bc42b2987347880,697a707b5bc42b2987347880,spotlight_PROLIFIC,,30,Brasil,Português Brasil ,"Português Brasil, inglês ",inglês,Português Brasil:80|English:10|inglês:10,100,Português Brasil:80|English:10|inglês:10,100,Português Brasil:100|English:0|inglês:0,100,17,5,Bachelor's,10,10,10,5,6,8,12,28,28,28,Duolingo,90,,,,,16,25,B1,elementary|intermediate,elementary|intermediate,cambridge_15_21_random_elementary_intermediate,4,19,random,,105.25694274902344,373.5138854980469,126.59027671813965,442.06944274902344,2,4,,,,,,,,,,,,2026-07-06T21:59:09.647Z,QGFAEPFN,2026-07-06,2026-07-06,18:59:09,2026-07-06 18:59:09,,,,,,,,697a707b5bc42b2987347880,697a707b5bc42b2987347880,,,,
16499,raw_position_sample,2,2,int,18,3,17,18,17, national ,386,120,4374684.8999999985,697a707b5bc42b2987347880,697a707b5bc42b2987347880,intermediate,3,697a707b5bc42b2987347880,697a707b5bc42b2987347880,spotlight_PROLIFIC,,30,Brasil,Português Brasil ,"Português Brasil, inglês ",inglês,Português Brasil:80|English:10|inglês:10,100,Português Brasil:80|English:10|inglês:10,100,Português Brasil:100|English:0|inglês:0,100,17,5,Bachelor's,10,10,10,5,6,8,12,28,28,28,Duolingo,90,,,,,16,25,B1,elementary|intermediate,elementary|intermediate,cambridge_15_21_random_elementary_intermediate,4,19,random,,105.25694274902344,373.5138854980469,126.59027671813965,442.06944274902344,2,4,,,,,,,,,,,,2026-07-06T21:59:09.647Z,QGFAEPFN,2026-07-06,2026-07-06,18:59:09,2026-07-06 18:59:09,,,,,,,,697a707b5bc42b2987347880,697a707b5bc42b2987347880,,,,
16546,raw_position_sample,2,2,int,18,3,17,18,17, national ,388,120,4374731.799999997,697a707b5bc42b2987347880,697a707b5bc42b2987347880,intermediate,3,697a707b5bc42b2987347880,697a707b5bc42b2987347880,spotlight_PROLIFIC,,30,Brasil,Português Brasil ,"Português Brasil, inglês ",inglês,Português Brasil:80|English:10|inglês:10,100,Português Brasil:80|English:10|inglês:10,100,Português Brasil:100|English:0|inglês:0,100,17,5,Bachelor's,10,10,10,5,6,8,12,28,28,28,Duolingo,90,,,,,16,25,B1,elementary|intermediate,elementary|intermediate,cambridge_15_21_random_elementary_intermediate,4,19,random,,105.25694274902344,373.5138854980469,126.59027671813965,442.06944274902344,2,4,,,,,,,,,,,,2026-07-06T21:59:09.647Z,QGFAEPFN,2026-07-06,2026-07-06,18:59:09,2026-07-06 18:59:09,,,,,,,,697a707b5bc42b2987347880,697a707b5bc42b2987347880,,,,
16607,raw_position_sample,2,2,int,18,3,17,18,17, national ,390,120,4374793,697a707b5bc42b2987347880,697a707b5bc42b2987347880,intermediate,3,697a707b5bc42b2987347880,697a707b5bc42b2987347880,spotlight_PROLIFIC,,30,Brasil,Português Brasil ,"Português Brasil, inglês ",inglês,Português Brasil:80|English:10|inglês:10,100,Português Brasil:80|English:10|inglês:10,100,Português Brasil:100|English:0|inglês:0,100,17,5,Bachelor's,10,10,10,5,6,8,12,28,28,28,Duolingo,90,,,,,16,25,B1,elementary|intermediate,elementary|intermediate,cambridge_15_21_random_elementary_intermediate,4,19,random,,105.25694274902344,373.5138854980469,126.59027671813965,442.06944274902344,2,4,,,,,,,,,,,,2026-07-06T21:59:09.647Z,QGFAEPFN,2026-07-06,2026-07-06,18:59:09,2026-07-06 18:59:09,,,,,,,,697a707b5bc42b2987347880,697a707b5bc42b2987347880,,,,
16645,raw_position_sample,2,2,int,18,3,17,18,17, national ,395,120,4374831.5,697a707b5bc42b2987347880,697a707b5bc42b2987347880,intermediate,3,697a707b5bc42b2987347880,697a707b5bc42b2987347880,spotlight_PROLIFIC,,30,Brasil,Português Brasil ,"Português Brasil, inglês ",inglês,Português Brasil:80|English:10|inglês:10,100,Português Brasil:80|English:10|inglês:10,100,Português Brasil:100|English:0|inglês:0,100,17,5,Bachelor's,10,10,10,5,6,8,12,28,28,28,Duolingo,90,,,,,16,25,B1,elementary|intermediate,elementary|intermediate,cambridge_15_21_random_elementary_intermediate,4,19,random,,105.25694274902344,373.5138854980469,126.59027671813965,442.06944274902344,2,4,,,,,,,,,,,,2026-07-06T21:59:09.647Z,QGFAEPFN,2026-07-06,2026-07-06,18:59:09,2026-07-06 18:59:09,,,,,,,,697a707b5bc42b2987347880,697a707b5bc42b2987347880,,,,
16695,raw_position_sample,2,2,int,18,3,17,18,17, national ,405,120,4374881.099999998,697a707b5bc42b2987347880,697a707b5bc42b2987347880,intermediate,3,697a707b5bc42b2987347880,697a707b5bc42b2987347880,spotlight_PROLIFIC,,30,Brasil,Português Brasil ,"Português Brasil, inglês ",inglês,Português Brasil:80|English:10|inglês:10,100,Português Brasil:80|English:10|inglês:10,100,Português Brasil:100|English:0|inglês:0,100,17,5,Bachelor's,10,10,10,5,6,8,12,28,28,28,Duolingo,90,,,,,16,25,B1,elementary|intermediate,elementary|intermediate,cambridge_15_21_random_elementary_intermediate,4,19,random,,105.25694274902344,373.5138854980469,126.59027671813965,442.06944274902344,2,4,,,,,,,,,,,,2026-07-06T21:59:09.647Z,QGFAEPFN,2026-07-06,2026-07-06,18:59:09,2026-07-06 18:59:09,,,,,,,,697a707b5bc42b2987347880,697a707b5bc42b2987347880,,,,
16751,raw_position_sample,2,2,int,18,3,17,18,17, national ,415,120,4374937.199999999,697a707b5bc42b2987347880,697a707b5bc42b2987347880,intermediate,3,697a707b5bc42b2987347880,697a707b5bc42b2987347880,spotlight_PROLIFIC,,30,Brasil,Português Brasil ,"Português Brasil, inglês ",inglês,Português Brasil:80|English:10|inglês:10,100,Português Brasil:80|English:10|inglês:10,100,Português Brasil:100|English:0|inglês:0,100,17,5,Bachelor's,10,10,10,5,6,8,12,28,28,28,Duolingo,90,,,,,16,25,B1,elementary|intermediate,elementary|intermediate,cambridge_15_21_random_elementary_intermediate,4,19,random,,105.25694274902344,373.5138854980469,126.59027671813965,442.06944274902344,2,4,,,,,,,,,,,,2026-07-06T21:59:09.647Z,QGFAEPFN,2026-07-06,2026-07-06,18:59:09,2026-07-06 18:59:09,,,,,,,,697a707b5bc42b2987347880,697a707b5bc42b2987347880,,,,
16795,raw_position_sample,2,2,int,18,3,17,18,17, national ,425,120,4374981.099999998,697a707b5bc42b2987347880,697a707b5bc42b2987347880,intermediate,3,697a707b5bc42b2987347880,697a707b5bc42b2987347880,spotlight_PROLIFIC,,30,Brasil,Português Brasil ,"Português Brasil, inglês ",inglês,Português Brasil:80|English:10|inglês:10,100,Português Brasil:80|English:10|inglês:10,100,Português Brasil:100|English:0|inglês:0,100,17,5,Bachelor's,10,10,10,5,6,8,12,28,28,28,Duolingo,90,,,,,16,25,B1,elementary|intermediate,elementary|intermediate,cambridge_15_21_random_elementary_intermediate,4,19,random,,105.25694274902344,373.5138854980469,126.59027671813965,442.06944274902344,2,4,,,,,,,,,,,,2026-07-06T21:59:09.647Z,QGFAEPFN,2026-07-06,2026-07-06,18:59:09,2026-07-06 18:59:09,,,,,,,,697a707b5bc42b2987347880,697a707b5bc42b2987347880,,,,
16845,raw_position_sample,2,2,int,18,3,17,18,17, national ,434,120,4375031.199999999,697a707b5bc42b2987347880,697a707b5bc42b2987347880,intermediate,3,697a707b5bc42b2987347880,697a707b5bc42b2987347880,spotlight_PROLIFIC,,30,Brasil,Português Brasil ,"Português Brasil, inglês ",inglês,Português Brasil:80|English:10|inglês:10,100,Português Brasil:80|English:10|inglês:10,100,Português Brasil:100|English:0|inglês:0,100,17,5,Bachelor's,10,10,10,5,6,8,12,28,28,28,Duolingo,90,,,,,16,25,B1,elementary|intermediate,elementary|intermediate,cambridge_15_21_random_elementary_intermediate,4,19,random,,105.25694274902344,373.5138854980469,126.59027671813965,442.06944274902344,2,4,,,,,,,,,,,,2026-07-06T21:59:09.647Z,QGFAEPFN,2026-07-06,2026-07-06,18:59:09,2026-07-06 18:59:09,,,,,,,,697a707b5bc42b2987347880,697a707b5bc42b2987347880,,,,
16895,raw_position_sample,2,2,int,18,3,17,18,17, national ,442,120,4375081.099999998,697a707b5bc42b2987347880,697a707b5bc42b2987347880,intermediate,3,697a707b5bc42b2987347880,697a707b5bc42b2987347880,spotlight_PROLIFIC,,30,Brasil,Português Brasil ,"Português Brasil, inglês ",inglês,Português Brasil:80|English:10|inglês:10,100,Português Brasil:80|English:10|inglês:10,100,Português Brasil:100|English:0|inglês:0,100,17,5,Bachelor's,10,10,10,5,6,8,12,28,28,28,Duolingo,90,,,,,16,25,B1,elementary|intermediate,elementary|intermediate,cambridge_15_21_random_elementary_intermediate,4,19,random,,105.25694274902344,373.5138854980469,126.59027671813965,442.06944274902344,2,4,,,,,,,,,,,,2026-07-06T21:59:09.647Z,QGFAEPFN,2026-07-06,2026-07-06,18:59:09,2026-07-06 18:59:09,,,,,,,,697a707b5bc42b2987347880,697a707b5bc42b2987347880,,,,
16904,hover_association,2,2,int,18,3,17,18,17, national ,378,120,,697a707b5bc42b2987347880,697a707b5bc42b2987347880,intermediate,3,697a707b5bc42b2987347880,697a707b5bc42b2987347880,spotlight_PROLIFIC,,30,Brasil,Português Brasil ,"Português Brasil, inglês ",inglês,Português Brasil:80|English:10|inglês:10,100,Português Brasil:80|English:10|inglês:10,100,Português Brasil:100|English:0|inglês:0,100,17,5,Bachelor's,10,10,10,5,6,8,12,28,28,28,Duolingo,90,,,,,16,25,B1,elementary|intermediate,elementary|intermediate,cambridge_15_21_random_elementary_intermediate,4,19,random,,95.92360973358154,373.5138854980469,135.92360973358154,442.06945037841797,2,4,hover,481.69999999925494,481.69999999925494,0.9989869476162999,0.6019097566604614,106,,,,,,2026-07-06T21:59:09.647Z,QGFAEPFN,2026-07-06,2026-07-06,18:59:09,2026-07-06 18:59:09,,,,,,,,697a707b5bc42b2987347880,697a707b5bc42b2987347880,,,,
16946,raw_position_sample,2,2,int,18,3,17,18,18, parks ,451,120,4375132.3999999985,697a707b5bc42b2987347880,697a707b5bc42b2987347880,intermediate,3,697a707b5bc42b2987347880,697a707b5bc42b2987347880,spotlight_PROLIFIC,,30,Brasil,Português Brasil ,"Português Brasil, inglês ",inglês,Português Brasil:80|English:10|inglês:10,100,Português Brasil:80|English:10|inglês:10,100,Português Brasil:100|English:0|inglês:0,100,17,5,Bachelor's,10,10,10,5,6,8,12,28,28,28,Duolingo,90,,,,,16,25,B1,elementary|intermediate,elementary|intermediate,cambridge_15_21_random_elementary_intermediate,4,19,random,,105.25694274902344,442.0694580078125,126.59027671813965,490.77084732055664,2,5,,,,,,,,,,,,2026-07-06T21:59:09.647Z,QGFAEPFN,2026-07-06,2026-07-06,18:59:09,2026-07-06 18:59:09,,,,,,,,697a707b5bc42b2987347880,697a707b5bc42b2987347880,,,,
16996,raw_position_sample,2,2,int,18,3,17,18,18, parks ,458,118,4375182.099999998,697a707b5bc42b2987347880,697a707b5bc42b2987347880,intermediate,3,697a707b5bc42b2987347880,697a707b5bc42b2987347880,spotlight_PROLIFIC,,30,Brasil,Português Brasil ,"Português Brasil, inglês ",inglês,Português Brasil:80|English:10|inglês:10,100,Português Brasil:80|English:10|inglês:10,100,Português Brasil:100|English:0|inglês:0,100,17,5,Bachelor's,10,10,10,5,6,8,12,28,28,28,Duolingo,90,,,,,16,25,B1,elementary|intermediate,elementary|intermediate,cambridge_15_21_random_elementary_intermediate,4,19,random,,105.25694274902344,442.0694580078125,126.59027671813965,490.77084732055664,2,5,,,,,,,,,,,,2026-07-06T21:59:09.647Z,QGFAEPFN,2026-07-06,2026-07-06,18:59:09,2026-07-06 18:59:09,,,,,,,,697a707b5bc42b2987347880,697a707b5bc42b2987347880,,,,
17046,raw_position_sample,2,2,int,18,3,17,18,18, parks ,459,118,4375232,697a707b5bc42b2987347880,697a707b5bc42b2987347880,intermediate,3,697a707b5bc42b2987347880,697a707b5bc42b2987347880,spotlight_PROLIFIC,,30,Brasil,Português Brasil ,"Português Brasil, inglês ",inglês,Português Brasil:80|English:10|inglês:10,100,Português Brasil:80|English:10|inglês:10,100,Português Brasil:100|English:0|inglês:0,100,17,5,Bachelor's,10,10,10,5,6,8,12,28,28,28,Duolingo,90,,,,,16,25,B1,elementary|intermediate,elementary|intermediate,cambridge_15_21_random_elementary_intermediate,4,19,random,,105.25694274902344,442.0694580078125,126.59027671813965,490.77084732055664,2,5,,,,,,,,,,,,2026-07-06T21:59:09.647Z,QGFAEPFN,2026-07-06,2026-07-06,18:59:09,2026-07-06 18:59:09,,,,,,,,697a707b5bc42b2987347880,697a707b5bc42b2987347880,,,,
17095,raw_position_sample,2,2,int,18,3,17,18,18, parks ,463,118,4375281,697a707b5bc42b2987347880,697a707b5bc42b2987347880,intermediate,3,697a707b5bc42b2987347880,697a707b5bc42b2987347880,spotlight_PROLIFIC,,30,Brasil,Português Brasil ,"Português Brasil, inglês ",inglês,Português Brasil:80|English:10|inglês:10,100,Português Brasil:80|English:10|inglês:10,100,Português Brasil:100|English:0|inglês:0,100,17,5,Bachelor's,10,10,10,5,6,8,12,28,28,28,Duolingo,90,,,,,16,25,B1,elementary|intermediate,elementary|intermediate,cambridge_15_21_random_elementary_intermediate,4,19,random,,105.25694274902344,442.0694580078125,126.59027671813965,490.77084732055664,2,5,,,,,,,,,,,,2026-07-06T21:59:09.647Z,QGFAEPFN,2026-07-06,2026-07-06,18:59:09,2026-07-06 18:59:09,,,,,,,,697a707b5bc42b2987347880,697a707b5bc42b2987347880,,,,
17146,raw_position_sample,2,2,int,18,3,17,18,18, parks ,465,116,4375331.8999999985,697a707b5bc42b2987347880,697a707b5bc42b2987347880,intermediate,3,697a707b5bc42b2987347880,697a707b5bc42b2987347880,spotlight_PROLIFIC,,30,Brasil,Português Brasil ,"Português Brasil, inglês ",inglês,Português Brasil:80|English:10|inglês:10,100,Português Brasil:80|English:10|inglês:10,100,Português Brasil:100|English:0|inglês:0,100,17,5,Bachelor's,10,10,10,5,6,8,12,28,28,28,Duolingo,90,,,,,16,25,B1,elementary|intermediate,elementary|intermediate,cambridge_15_21_random_elementary_intermediate,4,19,random,,105.25694274902344,442.0694580078125,126.59027671813965,490.77084732055664,2,5,,,,,,,,,,,,2026-07-06T21:59:09.647Z,QGFAEPFN,2026-07-06,2026-07-06,18:59:09,2026-07-06 18:59:09,,,,,,,,697a707b5bc42b2987347880,697a707b5bc42b2987347880,,,,
17203,raw_position_sample,2,2,int,18,3,17,18,18, parks ,468,116,4375389.099999998,697a707b5bc42b2987347880,697a707b5bc42b2987347880,intermediate,3,697a707b5bc42b2987347880,697a707b5bc42b2987347880,spotlight_PROLIFIC,,30,Brasil,Português Brasil ,"Português Brasil, inglês ",inglês,Português Brasil:80|English:10|inglês:10,100,Português Brasil:80|English:10|inglês:10,100,Português Brasil:100|English:0|inglês:0,100,17,5,Bachelor's,10,10,10,5,6,8,12,28,28,28,Duolingo,90,,,,,16,25,B1,elementary|intermediate,elementary|intermediate,cambridge_15_21_random_elementary_intermediate,4,19,random,,105.25694274902344,442.0694580078125,126.59027671813965,490.77084732055664,2,5,,,,,,,,,,,,2026-07-06T21:59:09.647Z,QGFAEPFN,2026-07-06,2026-07-06,18:59:09,2026-07-06 18:59:09,,,,,,,,697a707b5bc42b2987347880,697a707b5bc42b2987347880,,,,
17247,raw_position_sample,2,2,int,18,3,17,18,18, parks ,476,115,4375432.8999999985,697a707b5bc42b2987347880,697a707b5bc42b2987347880,intermediate,3,697a707b5bc42b2987347880,697a707b5bc42b2987347880,spotlight_PROLIFIC,,30,Brasil,Português Brasil ,"Português Brasil, inglês ",inglês,Português Brasil:80|English:10|inglês:10,100,Português Brasil:80|English:10|inglês:10,100,Português Brasil:100|English:0|inglês:0,100,17,5,Bachelor's,10,10,10,5,6,8,12,28,28,28,Duolingo,90,,,,,16,25,B1,elementary|intermediate,elementary|intermediate,cambridge_15_21_random_elementary_intermediate,4,19,random,,105.25694274902344,442.0694580078125,126.59027671813965,490.77084732055664,2,5,,,,,,,,,,,,2026-07-06T21:59:09.647Z,QGFAEPFN,2026-07-06,2026-07-06,18:59:09,2026-07-06 18:59:09,,,,,,,,697a707b5bc42b2987347880,697a707b5bc42b2987347880,,,,
17296,raw_position_sample,2,2,int,18,3,17,18,18, parks ,488,115,4375482.299999997,697a707b5bc42b2987347880,697a707b5bc42b2987347880,intermediate,3,697a707b5bc42b2987347880,697a707b5bc42b2987347880,spotlight_PROLIFIC,,30,Brasil,Português Brasil ,"Português Brasil, inglês ",inglês,Português Brasil:80|English:10|inglês:10,100,Português Brasil:80|English:10|inglês:10,100,Português Brasil:100|English:0|inglês:0,100,17,5,Bachelor's,10,10,10,5,6,8,12,28,28,28,Duolingo,90,,,,,16,25,B1,elementary|intermediate,elementary|intermediate,cambridge_15_21_random_elementary_intermediate,4,19,random,,105.25694274902344,442.0694580078125,126.59027671813965,490.77084732055664,2,5,,,,,,,,,,,,2026-07-06T21:59:09.647Z,QGFAEPFN,2026-07-06,2026-07-06,18:59:09,2026-07-06 18:59:09,,,,,,,,697a707b5bc42b2987347880,697a707b5bc42b2987347880,,,,
17320,hover_association,2,2,int,18,3,17,18,18, parks ,447,120,,697a707b5bc42b2987347880,697a707b5bc42b2987347880,intermediate,3,697a707b5bc42b2987347880,697a707b5bc42b2987347880,spotlight_PROLIFIC,,30,Brasil,Português Brasil ,"Português Brasil, inglês ",inglês,Português Brasil:80|English:10|inglês:10,100,Português Brasil:80|English:10|inglês:10,100,Português Brasil:100|English:0|inglês:0,100,17,5,Bachelor's,10,10,10,5,6,8,12,28,28,28,Duolingo,90,,,,,16,25,B1,elementary|intermediate,elementary|intermediate,cambridge_15_21_random_elementary_intermediate,4,19,random,,95.92360973358154,442.06945037841797,135.92360973358154,490.770845413208,2,5,hover,416.6000000014901,416.6000000014901,0.9636387127731557,0.4769097566604614,106,,,,,,2026-07-06T21:59:09.647Z,QGFAEPFN,2026-07-06,2026-07-06,18:59:09,2026-07-06 18:59:09,,,,,,,,697a707b5bc42b2987347880,697a707b5bc42b2987347880,,,,
17346,raw_position_sample,2,2,int,18,3,17,18,19, and ,498,116,4375532.5,697a707b5bc42b2987347880,697a707b5bc42b2987347880,intermediate,3,697a707b5bc42b2987347880,697a707b5bc42b2987347880,spotlight_PROLIFIC,,30,Brasil,Português Brasil ,"Português Brasil, inglês ",inglês,Português Brasil:80|English:10|inglês:10,100,Português Brasil:80|English:10|inglês:10,100,Português Brasil:100|English:0|inglês:0,100,17,5,Bachelor's,10,10,10,5,6,8,12,28,28,28,Duolingo,90,,,,,16,25,B1,elementary|intermediate,elementary|intermediate,cambridge_15_21_random_elementary_intermediate,4,19,random,,105.25694274902344,490.7708435058594,126.59027671813965,525.041675567627,2,6,,,,,,,,,,,,2026-07-06T21:59:09.647Z,QGFAEPFN,2026-07-06,2026-07-06,18:59:09,2026-07-06 18:59:09,,,,,,,,697a707b5bc42b2987347880,697a707b5bc42b2987347880,,,,
17402,raw_position_sample,2,2,int,18,3,17,18,19, and ,510,118,4375587.699999999,697a707b5bc42b2987347880,697a707b5bc42b2987347880,intermediate,3,697a707b5bc42b2987347880,697a707b5bc42b2987347880,spotlight_PROLIFIC,,30,Brasil,Português Brasil ,"Português Brasil, inglês ",inglês,Português Brasil:80|English:10|inglês:10,100,Português Brasil:80|English:10|inglês:10,100,Português Brasil:100|English:0|inglês:0,100,17,5,Bachelor's,10,10,10,5,6,8,12,28,28,28,Duolingo,90,,,,,16,25,B1,elementary|intermediate,elementary|intermediate,cambridge_15_21_random_elementary_intermediate,4,19,random,,105.25694274902344,490.7708435058594,126.59027671813965,525.041675567627,2,6,,,,,,,,,,,,2026-07-06T21:59:09.647Z,QGFAEPFN,2026-07-06,2026-07-06,18:59:09,2026-07-06 18:59:09,,,,,,,,697a707b5bc42b2987347880,697a707b5bc42b2987347880,,,,
17448,raw_position_sample,2,2,int,18,3,17,18,19, and ,519,120,4375633.8999999985,697a707b5bc42b2987347880,697a707b5bc42b2987347880,intermediate,3,697a707b5bc42b2987347880,697a707b5bc42b2987347880,spotlight_PROLIFIC,,30,Brasil,Português Brasil ,"Português Brasil, inglês ",inglês,Português Brasil:80|English:10|inglês:10,100,Português Brasil:80|English:10|inglês:10,100,Português Brasil:100|English:0|inglês:0,100,17,5,Bachelor's,10,10,10,5,6,8,12,28,28,28,Duolingo,90,,,,,16,25,B1,elementary|intermediate,elementary|intermediate,cambridge_15_21_random_elementary_intermediate,4,19,random,,105.25694274902344,490.7708435058594,126.59027671813965,525.041675567627,2,6,,,,,,,,,,,,2026-07-06T21:59:09.647Z,QGFAEPFN,2026-07-06,2026-07-06,18:59:09,2026-07-06 18:59:09,,,,,,,,697a707b5bc42b2987347880,697a707b5bc42b2987347880,,,,
17496,raw_position_sample,2,2,int,18,3,17,18,19, and ,520,120,4375682,697a707b5bc42b2987347880,697a707b5bc42b2987347880,intermediate,3,697a707b5bc42b2987347880,697a707b5bc42b2987347880,spotlight_PROLIFIC,,30,Brasil,Português Brasil ,"Português Brasil, inglês ",inglês,Português Brasil:80|English:10|inglês:10,100,Português Brasil:80|English:10|inglês:10,100,Português Brasil:100|English:0|inglês:0,100,17,5,Bachelor's,10,10,10,5,6,8,12,28,28,28,Duolingo,90,,,,,16,25,B1,elementary|intermediate,elementary|intermediate,cambridge_15_21_random_elementary_intermediate,4,19,random,,105.25694274902344,490.7708435058594,126.59027671813965,525.041675567627,2,6,,,,,,,,,,,,2026-07-06T21:59:09.647Z,QGFAEPFN,2026-07-06,2026-07-06,18:59:09,2026-07-06 18:59:09,,,,,,,,697a707b5bc42b2987347880,697a707b5bc42b2987347880,,,,
17546,raw_position_sample,2,2,int,18,3,17,18,19, and ,522,120,4375731.799999997,697a707b5bc42b2987347880,697a707b5bc42b2987347880,intermediate,3,697a707b5bc42b2987347880,697a707b5bc42b2987347880,spotlight_PROLIFIC,,30,Brasil,Português Brasil ,"Português Brasil, inglês ",inglês,Português Brasil:80|English:10|inglês:10,100,Português Brasil:80|English:10|inglês:10,100,Português Brasil:100|English:0|inglês:0,100,17,5,Bachelor's,10,10,10,5,6,8,12,28,28,28,Duolingo,90,,,,,16,25,B1,elementary|intermediate,elementary|intermediate,cambridge_15_21_random_elementary_intermediate,4,19,random,,105.25694274902344,490.7708435058594,126.59027671813965,525.041675567627,2,6,,,,,,,,,,,,2026-07-06T21:59:09.647Z,QGFAEPFN,2026-07-06,2026-07-06,18:59:09,2026-07-06 18:59:09,,,,,,,,697a707b5bc42b2987347880,697a707b5bc42b2987347880,,,,
17600,raw_position_sample,2,2,int,18,3,17,18,19, and ,525,122,4375786,697a707b5bc42b2987347880,697a707b5bc42b2987347880,intermediate,3,697a707b5bc42b2987347880,697a707b5bc42b2987347880,spotlight_PROLIFIC,,30,Brasil,Português Brasil ,"Português Brasil, inglês ",inglês,Português Brasil:80|English:10|inglês:10,100,Português Brasil:80|English:10|inglês:10,100,Português Brasil:100|English:0|inglês:0,100,17,5,Bachelor's,10,10,10,5,6,8,12,28,28,28,Duolingo,90,,,,,16,25,B1,elementary|intermediate,elementary|intermediate,cambridge_15_21_random_elementary_intermediate,4,19,random,,105.25694274902344,490.7708435058594,126.59027671813965,525.041675567627,2,6,,,,,,,,,,,,2026-07-06T21:59:09.647Z,QGFAEPFN,2026-07-06,2026-07-06,18:59:09,2026-07-06 18:59:09,,,,,,,,697a707b5bc42b2987347880,697a707b5bc42b2987347880,,,,
17602,hover_association,2,2,int,18,3,17,18,19, and ,495,116,,697a707b5bc42b2987347880,697a707b5bc42b2987347880,intermediate,3,697a707b5bc42b2987347880,697a707b5bc42b2987347880,spotlight_PROLIFIC,,30,Brasil,Português Brasil ,"Português Brasil, inglês ",inglês,Português Brasil:80|English:10|inglês:10,100,Português Brasil:80|English:10|inglês:10,100,Português Brasil:100|English:0|inglês:0,100,17,5,Bachelor's,10,10,10,5,6,8,12,28,28,28,Duolingo,90,,,,,16,25,B1,elementary|intermediate,elementary|intermediate,cambridge_15_21_random_elementary_intermediate,4,19,random,,95.92360973358154,490.770845413208,135.92360973358154,525.0416812896729,2,6,hover,282.80000000074506,282.80000000074506,0.998783767929586,0.6519097566604615,106,,,,,,2026-07-06T21:59:09.647Z,QGFAEPFN,2026-07-06,2026-07-06,18:59:09,2026-07-06 18:59:09,,,,,,,,697a707b5bc42b2987347880,697a707b5bc42b2987347880,,,,
17651,raw_position_sample,2,2,int,18,3,17,18,20, better ,531,122,4375837,697a707b5bc42b2987347880,697a707b5bc42b2987347880,intermediate,3,697a707b5bc42b2987347880,697a707b5bc42b2987347880,spotlight_PROLIFIC,,30,Brasil,Português Brasil ,"Português Brasil, inglês ",inglês,Português Brasil:80|English:10|inglês:10,100,Português Brasil:80|English:10|inglês:10,100,Português Brasil:100|English:0|inglês:0,100,17,5,Bachelor's,10,10,10,5,6,8,12,28,28,28,Duolingo,90,,,,,16,25,B1,elementary|intermediate,elementary|intermediate,cambridge_15_21_random_elementary_intermediate,4,19,random,,105.25694274902344,525.0416870117188,126.59027671813965,576.4097442626953,2,7,,,,,,,,,,,,2026-07-06T21:59:09.647Z,QGFAEPFN,2026-07-06,2026-07-06,18:59:09,2026-07-06 18:59:09,,,,,,,,697a707b5bc42b2987347880,697a707b5bc42b2987347880,,,,
17699,raw_position_sample,2,2,int,18,3,17,18,20, better ,536,122,4375885.099999998,697a707b5bc42b2987347880,697a707b5bc42b2987347880,intermediate,3,697a707b5bc42b2987347880,697a707b5bc42b2987347880,spotlight_PROLIFIC,,30,Brasil,Português Brasil ,"Português Brasil, inglês ",inglês,Português Brasil:80|English:10|inglês:10,100,Português Brasil:80|English:10|inglês:10,100,Português Brasil:100|English:0|inglês:0,100,17,5,Bachelor's,10,10,10,5,6,8,12,28,28,28,Duolingo,90,,,,,16,25,B1,elementary|intermediate,elementary|intermediate,cambridge_15_21_random_elementary_intermediate,4,19,random,,105.25694274902344,525.0416870117188,126.59027671813965,576.4097442626953,2,7,,,,,,,,,,,,2026-07-06T21:59:09.647Z,QGFAEPFN,2026-07-06,2026-07-06,18:59:09,2026-07-06 18:59:09,,,,,,,,697a707b5bc42b2987347880,697a707b5bc42b2987347880,,,,
17747,raw_position_sample,2,2,int,18,3,17,18,20, better ,541,123,4375932.8999999985,697a707b5bc42b2987347880,697a707b5bc42b2987347880,intermediate,3,697a707b5bc42b2987347880,697a707b5bc42b2987347880,spotlight_PROLIFIC,,30,Brasil,Português Brasil ,"Português Brasil, inglês ",inglês,Português Brasil:80|English:10|inglês:10,100,Português Brasil:80|English:10|inglês:10,100,Português Brasil:100|English:0|inglês:0,100,17,5,Bachelor's,10,10,10,5,6,8,12,28,28,28,Duolingo,90,,,,,16,25,B1,elementary|intermediate,elementary|intermediate,cambridge_15_21_random_elementary_intermediate,4,19,random,,105.25694274902344,525.0416870117188,126.59027671813965,576.4097442626953,2,7,,,,,,,,,,,,2026-07-06T21:59:09.647Z,QGFAEPFN,2026-07-06,2026-07-06,18:59:09,2026-07-06 18:59:09,,,,,,,,697a707b5bc42b2987347880,697a707b5bc42b2987347880,,,,
17795,raw_position_sample,2,2,int,18,3,17,18,20, better ,549,125,4375981.099999998,697a707b5bc42b2987347880,697a707b5bc42b2987347880,intermediate,3,697a707b5bc42b2987347880,697a707b5bc42b2987347880,spotlight_PROLIFIC,,30,Brasil,Português Brasil ,"Português Brasil, inglês ",inglês,Português Brasil:80|English:10|inglês:10,100,Português Brasil:80|English:10|inglês:10,100,Português Brasil:100|English:0|inglês:0,100,17,5,Bachelor's,10,10,10,5,6,8,12,28,28,28,Duolingo,90,,,,,16,25,B1,elementary|intermediate,elementary|intermediate,cambridge_15_21_random_elementary_intermediate,4,19,random,,105.25694274902344,525.0416870117188,126.59027671813965,576.4097442626953,2,7,,,,,,,,,,,,2026-07-06T21:59:09.647Z,QGFAEPFN,2026-07-06,2026-07-06,18:59:09,2026-07-06 18:59:09,,,,,,,,697a707b5bc42b2987347880,697a707b5bc42b2987347880,,,,
17848,raw_position_sample,2,2,int,18,3,17,18,20, better ,557,127,4376034.199999999,697a707b5bc42b2987347880,697a707b5bc42b2987347880,intermediate,3,697a707b5bc42b2987347880,697a707b5bc42b2987347880,spotlight_PROLIFIC,,30,Brasil,Português Brasil ,"Português Brasil, inglês ",inglês,Português Brasil:80|English:10|inglês:10,100,Português Brasil:80|English:10|inglês:10,100,Português Brasil:100|English:0|inglês:0,100,17,5,Bachelor's,10,10,10,5,6,8,12,28,28,28,Duolingo,90,,,,,16,25,B1,elementary|intermediate,elementary|intermediate,cambridge_15_21_random_elementary_intermediate,4,19,random,,105.25694274902344,525.0416870117188,126.59027671813965,576.4097442626953,2,7,,,,,,,,,,,,2026-07-06T21:59:09.647Z,QGFAEPFN,2026-07-06,2026-07-06,18:59:09,2026-07-06 18:59:09,,,,,,,,697a707b5bc42b2987347880,697a707b5bc42b2987347880,,,,
17895,raw_position_sample,2,2,int,18,3,17,18,20, better ,566,129,4376081,697a707b5bc42b2987347880,697a707b5bc42b2987347880,intermediate,3,697a707b5bc42b2987347880,697a707b5bc42b2987347880,spotlight_PROLIFIC,,30,Brasil,Português Brasil ,"Português Brasil, inglês ",inglês,Português Brasil:80|English:10|inglês:10,100,Português Brasil:80|English:10|inglês:10,100,Português Brasil:100|English:0|inglês:0,100,17,5,Bachelor's,10,10,10,5,6,8,12,28,28,28,Duolingo,90,,,,,16,25,B1,elementary|intermediate,elementary|intermediate,cambridge_15_21_random_elementary_intermediate,4,19,random,,105.25694274902344,525.0416870117188,126.59027671813965,576.4097442626953,2,7,,,,,,,,,,,,2026-07-06T21:59:09.647Z,QGFAEPFN,2026-07-06,2026-07-06,18:59:09,2026-07-06 18:59:09,,,,,,,,697a707b5bc42b2987347880,697a707b5bc42b2987347880,,,,
17936,hover_association,2,2,int,18,3,17,18,20, better ,526,122,,697a707b5bc42b2987347880,697a707b5bc42b2987347880,intermediate,3,697a707b5bc42b2987347880,697a707b5bc42b2987347880,spotlight_PROLIFIC,,30,Brasil,Português Brasil ,"Português Brasil, inglês ",inglês,Português Brasil:80|English:10|inglês:10,100,Português Brasil:80|English:10|inglês:10,100,Português Brasil:100|English:0|inglês:0,100,17,5,Bachelor's,10,10,10,5,6,8,12,28,28,28,Duolingo,90,,,,,16,25,B1,elementary|intermediate,elementary|intermediate,cambridge_15_21_random_elementary_intermediate,4,19,random,,95.92360973358154,525.0416812896729,135.92360973358154,576.4097366333008,2,7,hover,333.3999999985099,333.3999999985099,0.9725561611419722,0.8269097566604614,106,,,,,,2026-07-06T21:59:09.647Z,QGFAEPFN,2026-07-06,2026-07-06,18:59:09,2026-07-06 18:59:09,,,,,,,,697a707b5bc42b2987347880,697a707b5bc42b2987347880,,,,
17945,raw_position_sample,2,2,int,18,3,17,18,21, management ,578,130,4376131.099999998,697a707b5bc42b2987347880,697a707b5bc42b2987347880,intermediate,3,697a707b5bc42b2987347880,697a707b5bc42b2987347880,spotlight_PROLIFIC,,30,Brasil,Português Brasil ,"Português Brasil, inglês ",inglês,Português Brasil:80|English:10|inglês:10,100,Português Brasil:80|English:10|inglês:10,100,Português Brasil:100|English:0|inglês:0,100,17,5,Bachelor's,10,10,10,5,6,8,12,28,28,28,Duolingo,90,,,,,16,25,B1,elementary|intermediate,elementary|intermediate,cambridge_15_21_random_elementary_intermediate,4,19,random,,105.25694274902344,576.4097290039062,126.59027671813965,686.8472290039062,2,8,,,,,,,,,,,,2026-07-06T21:59:09.647Z,QGFAEPFN,2026-07-06,2026-07-06,18:59:09,2026-07-06 18:59:09,,,,,,,,697a707b5bc42b2987347880,697a707b5bc42b2987347880,,,,
17995,raw_position_sample,2,2,int,18,3,17,18,21, management ,583,130,4376181.5,697a707b5bc42b2987347880,697a707b5bc42b2987347880,intermediate,3,697a707b5bc42b2987347880,697a707b5bc42b2987347880,spotlight_PROLIFIC,,30,Brasil,Português Brasil ,"Português Brasil, inglês ",inglês,Português Brasil:80|English:10|inglês:10,100,Português Brasil:80|English:10|inglês:10,100,Português Brasil:100|English:0|inglês:0,100,17,5,Bachelor's,10,10,10,5,6,8,12,28,28,28,Duolingo,90,,,,,16,25,B1,elementary|intermediate,elementary|intermediate,cambridge_15_21_random_elementary_intermediate,4,19,random,,105.25694274902344,576.4097290039062,126.59027671813965,686.8472290039062,2,8,,,,,,,,,,,,2026-07-06T21:59:09.647Z,QGFAEPFN,2026-07-06,2026-07-06,18:59:09,2026-07-06 18:59:09,,,,,,,,697a707b5bc42b2987347880,697a707b5bc42b2987347880,,,,
18048,raw_position_sample,2,2,int,18,3,17,18,21, management ,591,130,4376234.799999997,697a707b5bc42b2987347880,697a707b5bc42b2987347880,intermediate,3,697a707b5bc42b2987347880,697a707b5bc42b2987347880,spotlight_PROLIFIC,,30,Brasil,Português Brasil ,"Português Brasil, inglês ",inglês,Português Brasil:80|English:10|inglês:10,100,Português Brasil:80|English:10|inglês:10,100,Português Brasil:100|English:0|inglês:0,100,17,5,Bachelor's,10,10,10,5,6,8,12,28,28,28,Duolingo,90,,,,,16,25,B1,elementary|intermediate,elementary|intermediate,cambridge_15_21_random_elementary_intermediate,4,19,random,,105.25694274902344,576.4097290039062,126.59027671813965,686.8472290039062,2,8,,,,,,,,,,,,2026-07-06T21:59:09.647Z,QGFAEPFN,2026-07-06,2026-07-06,18:59:09,2026-07-06 18:59:09,,,,,,,,697a707b5bc42b2987347880,697a707b5bc42b2987347880,,,,
18099,raw_position_sample,2,2,int,18,3,17,18,21, management ,603,130,4376285.099999998,697a707b5bc42b2987347880,697a707b5bc42b2987347880,intermediate,3,697a707b5bc42b2987347880,697a707b5bc42b2987347880,spotlight_PROLIFIC,,30,Brasil,Português Brasil ,"Português Brasil, inglês ",inglês,Português Brasil:80|English:10|inglês:10,100,Português Brasil:80|English:10|inglês:10,100,Português Brasil:100|English:0|inglês:0,100,17,5,Bachelor's,10,10,10,5,6,8,12,28,28,28,Duolingo,90,,,,,16,25,B1,elementary|intermediate,elementary|intermediate,cambridge_15_21_random_elementary_intermediate,4,19,random,,105.25694274902344,576.4097290039062,126.59027671813965,686.8472290039062,2,8,,,,,,,,,,,,2026-07-06T21:59:09.647Z,QGFAEPFN,2026-07-06,2026-07-06,18:59:09,2026-07-06 18:59:09,,,,,,,,697a707b5bc42b2987347880,697a707b5bc42b2987347880,,,,
18149,raw_position_sample,2,2,int,18,3,17,18,21, management ,610,130,4376335.3999999985,697a707b5bc42b2987347880,697a707b5bc42b2987347880,intermediate,3,697a707b5bc42b2987347880,697a707b5bc42b2987347880,spotlight_PROLIFIC,,30,Brasil,Português Brasil ,"Português Brasil, inglês ",inglês,Português Brasil:80|English:10|inglês:10,100,Português Brasil:80|English:10|inglês:10,100,Português Brasil:100|English:0|inglês:0,100,17,5,Bachelor's,10,10,10,5,6,8,12,28,28,28,Duolingo,90,,,,,16,25,B1,elementary|intermediate,elementary|intermediate,cambridge_15_21_random_elementary_intermediate,4,19,random,,105.25694274902344,576.4097290039062,126.59027671813965,686.8472290039062,2,8,,,,,,,,,,,,2026-07-06T21:59:09.647Z,QGFAEPFN,2026-07-06,2026-07-06,18:59:09,2026-07-06 18:59:09,,,,,,,,697a707b5bc42b2987347880,697a707b5bc42b2987347880,,,,
18195,raw_position_sample,2,2,int,18,3,17,18,21, management ,620,130,4376381,697a707b5bc42b2987347880,697a707b5bc42b2987347880,intermediate,3,697a707b5bc42b2987347880,697a707b5bc42b2987347880,spotlight_PROLIFIC,,30,Brasil,Português Brasil ,"Português Brasil, inglês ",inglês,Português Brasil:80|English:10|inglês:10,100,Português Brasil:80|English:10|inglês:10,100,Português Brasil:100|English:0|inglês:0,100,17,5,Bachelor's,10,10,10,5,6,8,12,28,28,28,Duolingo,90,,,,,16,25,B1,elementary|intermediate,elementary|intermediate,cambridge_15_21_random_elementary_intermediate,4,19,random,,105.25694274902344,576.4097290039062,126.59027671813965,686.8472290039062,2,8,,,,,,,,,,,,2026-07-06T21:59:09.647Z,QGFAEPFN,2026-07-06,2026-07-06,18:59:09,2026-07-06 18:59:09,,,,,,,,697a707b5bc42b2987347880,697a707b5bc42b2987347880,,,,
18245,raw_position_sample,2,2,int,18,3,17,18,21, management ,625,130,4376431.5,697a707b5bc42b2987347880,697a707b5bc42b2987347880,intermediate,3,697a707b5bc42b2987347880,697a707b5bc42b2987347880,spotlight_PROLIFIC,,30,Brasil,Português Brasil ,"Português Brasil, inglês ",inglês,Português Brasil:80|English:10|inglês:10,100,Português Brasil:80|English:10|inglês:10,100,Português Brasil:100|English:0|inglês:0,100,17,5,Bachelor's,10,10,10,5,6,8,12,28,28,28,Duolingo,90,,,,,16,25,B1,elementary|intermediate,elementary|intermediate,cambridge_15_21_random_elementary_intermediate,4,19,random,,105.25694274902344,576.4097290039062,126.59027671813965,686.8472290039062,2,8,,,,,,,,,,,,2026-07-06T21:59:09.647Z,QGFAEPFN,2026-07-06,2026-07-06,18:59:09,2026-07-06 18:59:09,,,,,,,,697a707b5bc42b2987347880,697a707b5bc42b2987347880,,,,
18299,raw_position_sample,2,2,int,18,3,17,18,21, management ,630,130,4376485.599999998,697a707b5bc42b2987347880,697a707b5bc42b2987347880,intermediate,3,697a707b5bc42b2987347880,697a707b5bc42b2987347880,spotlight_PROLIFIC,,30,Brasil,Português Brasil ,"Português Brasil, inglês ",inglês,Português Brasil:80|English:10|inglês:10,100,Português Brasil:80|English:10|inglês:10,100,Português Brasil:100|English:0|inglês:0,100,17,5,Bachelor's,10,10,10,5,6,8,12,28,28,28,Duolingo,90,,,,,16,25,B1,elementary|intermediate,elementary|intermediate,cambridge_15_21_random_elementary_intermediate,4,19,random,,105.25694274902344,576.4097290039062,126.59027671813965,686.8472290039062,2,8,,,,,,,,,,,,2026-07-06T21:59:09.647Z,QGFAEPFN,2026-07-06,2026-07-06,18:59:09,2026-07-06 18:59:09,,,,,,,,697a707b5bc42b2987347880,697a707b5bc42b2987347880,,,,
18346,raw_position_sample,2,2,int,18,3,17,18,21, management ,630,130,4376531.799999997,697a707b5bc42b2987347880,697a707b5bc42b2987347880,intermediate,3,697a707b5bc42b2987347880,697a707b5bc42b2987347880,spotlight_PROLIFIC,,30,Brasil,Português Brasil ,"Português Brasil, inglês ",inglês,Português Brasil:80|English:10|inglês:10,100,Português Brasil:80|English:10|inglês:10,100,Português Brasil:100|English:0|inglês:0,100,17,5,Bachelor's,10,10,10,5,6,8,12,28,28,28,Duolingo,90,,,,,16,25,B1,elementary|intermediate,elementary|intermediate,cambridge_15_21_random_elementary_intermediate,4,19,random,,105.25694274902344,576.4097290039062,126.59027671813965,686.8472290039062,2,8,,,,,,,,,,,,2026-07-06T21:59:09.647Z,QGFAEPFN,2026-07-06,2026-07-06,18:59:09,2026-07-06 18:59:09,,,,,,,,697a707b5bc42b2987347880,697a707b5bc42b2987347880,,,,
18407,raw_position_sample,2,2,int,18,3,17,18,21, management ,635,130,4376593.5,697a707b5bc42b2987347880,697a707b5bc42b2987347880,intermediate,3,697a707b5bc42b2987347880,697a707b5bc42b2987347880,spotlight_PROLIFIC,,30,Brasil,Português Brasil ,"Português Brasil, inglês ",inglês,Português Brasil:80|English:10|inglês:10,100,Português Brasil:80|English:10|inglês:10,100,Português Brasil:100|English:0|inglês:0,100,17,5,Bachelor's,10,10,10,5,6,8,12,28,28,28,Duolingo,90,,,,,16,25,B1,elementary|intermediate,elementary|intermediate,cambridge_15_21_random_elementary_intermediate,4,19,random,,105.25694274902344,576.4097290039062,126.59027671813965,686.8472290039062,2,8,,,,,,,,,,,,2026-07-06T21:59:09.647Z,QGFAEPFN,2026-07-06,2026-07-06,18:59:09,2026-07-06 18:59:09,,,,,,,,697a707b5bc42b2987347880,697a707b5bc42b2987347880,,,,
18445,raw_position_sample,2,2,int,18,3,17,18,21, management ,638,129,4376631,697a707b5bc42b2987347880,697a707b5bc42b2987347880,intermediate,3,697a707b5bc42b2987347880,697a707b5bc42b2987347880,spotlight_PROLIFIC,,30,Brasil,Português Brasil ,"Português Brasil, inglês ",inglês,Português Brasil:80|English:10|inglês:10,100,Português Brasil:80|English:10|inglês:10,100,Português Brasil:100|English:0|inglês:0,100,17,5,Bachelor's,10,10,10,5,6,8,12,28,28,28,Duolingo,90,,,,,16,25,B1,elementary|intermediate,elementary|intermediate,cambridge_15_21_random_elementary_intermediate,4,19,random,,105.25694274902344,576.4097290039062,126.59027671813965,686.8472290039062,2,8,,,,,,,,,,,,2026-07-06T21:59:09.647Z,QGFAEPFN,2026-07-06,2026-07-06,18:59:09,2026-07-06 18:59:09,,,,,,,,697a707b5bc42b2987347880,697a707b5bc42b2987347880,,,,
18495,raw_position_sample,2,2,int,18,3,17,18,21, management ,644,129,4376680.8999999985,697a707b5bc42b2987347880,697a707b5bc42b2987347880,intermediate,3,697a707b5bc42b2987347880,697a707b5bc42b2987347880,spotlight_PROLIFIC,,30,Brasil,Português Brasil ,"Português Brasil, inglês ",inglês,Português Brasil:80|English:10|inglês:10,100,Português Brasil:80|English:10|inglês:10,100,Português Brasil:100|English:0|inglês:0,100,17,5,Bachelor's,10,10,10,5,6,8,12,28,28,28,Duolingo,90,,,,,16,25,B1,elementary|intermediate,elementary|intermediate,cambridge_15_21_random_elementary_intermediate,4,19,random,,105.25694274902344,576.4097290039062,126.59027671813965,686.8472290039062,2,8,,,,,,,,,,,,2026-07-06T21:59:09.647Z,QGFAEPFN,2026-07-06,2026-07-06,18:59:09,2026-07-06 18:59:09,,,,,,,,697a707b5bc42b2987347880,697a707b5bc42b2987347880,,,,
18547,raw_position_sample,2,2,int,18,3,17,18,21, management ,655,127,4376733.199999999,697a707b5bc42b2987347880,697a707b5bc42b2987347880,intermediate,3,697a707b5bc42b2987347880,697a707b5bc42b2987347880,spotlight_PROLIFIC,,30,Brasil,Português Brasil ,"Português Brasil, inglês ",inglês,Português Brasil:80|English:10|inglês:10,100,Português Brasil:80|English:10|inglês:10,100,Português Brasil:100|English:0|inglês:0,100,17,5,Bachelor's,10,10,10,5,6,8,12,28,28,28,Duolingo,90,,,,,16,25,B1,elementary|intermediate,elementary|intermediate,cambridge_15_21_random_elementary_intermediate,4,19,random,,105.25694274902344,576.4097290039062,126.59027671813965,686.8472290039062,2,8,,,,,,,,,,,,2026-07-06T21:59:09.647Z,QGFAEPFN,2026-07-06,2026-07-06,18:59:09,2026-07-06 18:59:09,,,,,,,,697a707b5bc42b2987347880,697a707b5bc42b2987347880,,,,
18595,raw_position_sample,2,2,int,18,3,17,18,21, management ,664,127,4376781.099999998,697a707b5bc42b2987347880,697a707b5bc42b2987347880,intermediate,3,697a707b5bc42b2987347880,697a707b5bc42b2987347880,spotlight_PROLIFIC,,30,Brasil,Português Brasil ,"Português Brasil, inglês ",inglês,Português Brasil:80|English:10|inglês:10,100,Português Brasil:80|English:10|inglês:10,100,Português Brasil:100|English:0|inglês:0,100,17,5,Bachelor's,10,10,10,5,6,8,12,28,28,28,Duolingo,90,,,,,16,25,B1,elementary|intermediate,elementary|intermediate,cambridge_15_21_random_elementary_intermediate,4,19,random,,105.25694274902344,576.4097290039062,126.59027671813965,686.8472290039062,2,8,,,,,,,,,,,,2026-07-06T21:59:09.647Z,QGFAEPFN,2026-07-06,2026-07-06,18:59:09,2026-07-06 18:59:09,,,,,,,,697a707b5bc42b2987347880,697a707b5bc42b2987347880,,,,
18647,raw_position_sample,2,2,int,18,3,17,18,21, management ,674,127,4376832.8999999985,697a707b5bc42b2987347880,697a707b5bc42b2987347880,intermediate,3,697a707b5bc42b2987347880,697a707b5bc42b2987347880,spotlight_PROLIFIC,,30,Brasil,Português Brasil ,"Português Brasil, inglês ",inglês,Português Brasil:80|English:10|inglês:10,100,Português Brasil:80|English:10|inglês:10,100,Português Brasil:100|English:0|inglês:0,100,17,5,Bachelor's,10,10,10,5,6,8,12,28,28,28,Duolingo,90,,,,,16,25,B1,elementary|intermediate,elementary|intermediate,cambridge_15_21_random_elementary_intermediate,4,19,random,,105.25694274902344,576.4097290039062,126.59027671813965,686.8472290039062,2,8,,,,,,,,,,,,2026-07-06T21:59:09.647Z,QGFAEPFN,2026-07-06,2026-07-06,18:59:09,2026-07-06 18:59:09,,,,,,,,697a707b5bc42b2987347880,697a707b5bc42b2987347880,,,,
18695,raw_position_sample,2,2,int,18,3,17,18,21, management ,685,127,4376881,697a707b5bc42b2987347880,697a707b5bc42b2987347880,intermediate,3,697a707b5bc42b2987347880,697a707b5bc42b2987347880,spotlight_PROLIFIC,,30,Brasil,Português Brasil ,"Português Brasil, inglês ",inglês,Português Brasil:80|English:10|inglês:10,100,Português Brasil:80|English:10|inglês:10,100,Português Brasil:100|English:0|inglês:0,100,17,5,Bachelor's,10,10,10,5,6,8,12,28,28,28,Duolingo,90,,,,,16,25,B1,elementary|intermediate,elementary|intermediate,cambridge_15_21_random_elementary_intermediate,4,19,random,,105.25694274902344,576.4097290039062,126.59027671813965,686.8472290039062,2,8,,,,,,,,,,,,2026-07-06T21:59:09.647Z,QGFAEPFN,2026-07-06,2026-07-06,18:59:09,2026-07-06 18:59:09,,,,,,,,697a707b5bc42b2987347880,697a707b5bc42b2987347880,,,,
18703,hover_association,2,2,int,18,3,17,18,21, management ,578,130,,697a707b5bc42b2987347880,697a707b5bc42b2987347880,intermediate,3,697a707b5bc42b2987347880,697a707b5bc42b2987347880,spotlight_PROLIFIC,,30,Brasil,Português Brasil ,"Português Brasil, inglês ",inglês,Português Brasil:80|English:10|inglês:10,100,Português Brasil:80|English:10|inglês:10,100,Português Brasil:100|English:0|inglês:0,100,17,5,Bachelor's,10,10,10,5,6,8,12,28,28,28,Duolingo,90,,,,,16,25,B1,elementary|intermediate,elementary|intermediate,cambridge_15_21_random_elementary_intermediate,4,19,random,,95.92360973358154,576.4097366333008,135.92360973358154,686.8472290039062,2,8,hover,766.5,766.5,0.9832735336138625,0.7769097566604615,106,,,,,,2026-07-06T21:59:09.647Z,QGFAEPFN,2026-07-06,2026-07-06,18:59:09,2026-07-06 18:59:09,,,,,,,,697a707b5bc42b2987347880,697a707b5bc42b2987347880,,,,
18747,raw_position_sample,2,2,int,18,3,17,18,22, of ,699,127,4376933.799999997,697a707b5bc42b2987347880,697a707b5bc42b2987347880,intermediate,3,697a707b5bc42b2987347880,697a707b5bc42b2987347880,spotlight_PROLIFIC,,30,Brasil,Português Brasil ,"Português Brasil, inglês ",inglês,Português Brasil:80|English:10|inglês:10,100,Português Brasil:80|English:10|inglês:10,100,Português Brasil:100|English:0|inglês:0,100,17,5,Bachelor's,10,10,10,5,6,8,12,28,28,28,Duolingo,90,,,,,16,25,B1,elementary|intermediate,elementary|intermediate,cambridge_15_21_random_elementary_intermediate,4,19,random,,105.25694274902344,686.8472290039062,126.59027671813965,707.7222290039062,2,9,,,,,,,,,,,,2026-07-06T21:59:09.647Z,QGFAEPFN,2026-07-06,2026-07-06,18:59:09,2026-07-06 18:59:09,,,,,,,,697a707b5bc42b2987347880,697a707b5bc42b2987347880,,,,
18786,hover_association,2,2,int,18,3,17,18,22, of ,691,127,,697a707b5bc42b2987347880,697a707b5bc42b2987347880,intermediate,3,697a707b5bc42b2987347880,697a707b5bc42b2987347880,spotlight_PROLIFIC,,30,Brasil,Português Brasil ,"Português Brasil, inglês ",inglês,Português Brasil:80|English:10|inglês:10,100,Português Brasil:80|English:10|inglês:10,100,Português Brasil:100|English:0|inglês:0,100,17,5,Bachelor's,10,10,10,5,6,8,12,28,28,28,Duolingo,90,,,,,16,25,B1,elementary|intermediate,elementary|intermediate,cambridge_15_21_random_elementary_intermediate,4,19,random,,95.92360973358154,686.8472290039062,135.92360973358154,707.7222290039062,2,9,hover,83.39999999850988,83.39999999850988,0.9174980117889222,0.7769097566604615,106,,,,,,2026-07-06T21:59:09.647Z,QGFAEPFN,2026-07-06,2026-07-06,18:59:09,2026-07-06 18:59:09,,,,,,,,697a707b5bc42b2987347880,697a707b5bc42b2987347880,,,,
18797,raw_position_sample,2,2,int,18,3,17,18,23, tiger ,709,127,4376983.3999999985,697a707b5bc42b2987347880,697a707b5bc42b2987347880,intermediate,3,697a707b5bc42b2987347880,697a707b5bc42b2987347880,spotlight_PROLIFIC,,30,Brasil,Português Brasil ,"Português Brasil, inglês ",inglês,Português Brasil:80|English:10|inglês:10,100,Português Brasil:80|English:10|inglês:10,100,Português Brasil:100|English:0|inglês:0,100,17,5,Bachelor's,10,10,10,5,6,8,12,28,28,28,Duolingo,90,,,,,16,25,B1,elementary|intermediate,elementary|intermediate,cambridge_15_21_random_elementary_intermediate,4,19,random,,105.25694274902344,707.7222290039062,126.59027671813965,748.0208396911621,2,10,,,,,,,,,,,,2026-07-06T21:59:09.647Z,QGFAEPFN,2026-07-06,2026-07-06,18:59:09,2026-07-06 18:59:09,,,,,,,,697a707b5bc42b2987347880,697a707b5bc42b2987347880,,,,
18846,raw_position_sample,2,2,int,18,3,17,18,23, tiger ,722,127,4377032.299999997,697a707b5bc42b2987347880,697a707b5bc42b2987347880,intermediate,3,697a707b5bc42b2987347880,697a707b5bc42b2987347880,spotlight_PROLIFIC,,30,Brasil,Português Brasil ,"Português Brasil, inglês ",inglês,Português Brasil:80|English:10|inglês:10,100,Português Brasil:80|English:10|inglês:10,100,Português Brasil:100|English:0|inglês:0,100,17,5,Bachelor's,10,10,10,5,6,8,12,28,28,28,Duolingo,90,,,,,16,25,B1,elementary|intermediate,elementary|intermediate,cambridge_15_21_random_elementary_intermediate,4,19,random,,105.25694274902344,707.7222290039062,126.59027671813965,748.0208396911621,2,10,,,,,,,,,,,,2026-07-06T21:59:09.647Z,QGFAEPFN,2026-07-06,2026-07-06,18:59:09,2026-07-06 18:59:09,,,,,,,,697a707b5bc42b2987347880,697a707b5bc42b2987347880,,,,
18897,raw_position_sample,2,2,int,18,3,17,18,23, tiger ,731,127,4377083.599999998,697a707b5bc42b2987347880,697a707b5bc42b2987347880,intermediate,3,697a707b5bc42b2987347880,697a707b5bc42b2987347880,spotlight_PROLIFIC,,30,Brasil,Português Brasil ,"Português Brasil, inglês ",inglês,Português Brasil:80|English:10|inglês:10,100,Português Brasil:80|English:10|inglês:10,100,Português Brasil:100|English:0|inglês:0,100,17,5,Bachelor's,10,10,10,5,6,8,12,28,28,28,Duolingo,90,,,,,16,25,B1,elementary|intermediate,elementary|intermediate,cambridge_15_21_random_elementary_intermediate,4,19,random,,105.25694274902344,707.7222290039062,126.59027671813965,748.0208396911621,2,10,,,,,,,,,,,,2026-07-06T21:59:09.647Z,QGFAEPFN,2026-07-06,2026-07-06,18:59:09,2026-07-06 18:59:09,,,,,,,,697a707b5bc42b2987347880,697a707b5bc42b2987347880,,,,
18950,raw_position_sample,2,2,int,18,3,17,18,23, tiger ,737,127,4377136.199999999,697a707b5bc42b2987347880,697a707b5bc42b2987347880,intermediate,3,697a707b5bc42b2987347880,697a707b5bc42b2987347880,spotlight_PROLIFIC,,30,Brasil,Português Brasil ,"Português Brasil, inglês ",inglês,Português Brasil:80|English:10|inglês:10,100,Português Brasil:80|English:10|inglês:10,100,Português Brasil:100|English:0|inglês:0,100,17,5,Bachelor's,10,10,10,5,6,8,12,28,28,28,Duolingo,90,,,,,16,25,B1,elementary|intermediate,elementary|intermediate,cambridge_15_21_random_elementary_intermediate,4,19,random,,105.25694274902344,707.7222290039062,126.59027671813965,748.0208396911621,2,10,,,,,,,,,,,,2026-07-06T21:59:09.647Z,QGFAEPFN,2026-07-06,2026-07-06,18:59:09,2026-07-06 18:59:09,,,,,,,,697a707b5bc42b2987347880,697a707b5bc42b2987347880,,,,
18986,hover_association,2,2,int,18,3,17,18,23, tiger ,709,127,,697a707b5bc42b2987347880,697a707b5bc42b2987347880,intermediate,3,697a707b5bc42b2987347880,697a707b5bc42b2987347880,spotlight_PROLIFIC,,30,Brasil,Português Brasil ,"Português Brasil, inglês ",inglês,Português Brasil:80|English:10|inglês:10,100,Português Brasil:80|English:10|inglês:10,100,Português Brasil:100|English:0|inglês:0,100,17,5,Bachelor's,10,10,10,5,6,8,12,28,28,28,Duolingo,90,,,,,16,25,B1,elementary|intermediate,elementary|intermediate,cambridge_15_21_random_elementary_intermediate,4,19,random,,95.92360973358154,707.7222290039062,135.92360973358154,748.0208263397217,2,10,hover,200.80000000074506,200.80000000074506,0.9250389209691694,0.7769097566604615,106,,,,,,2026-07-06T21:59:09.647Z,QGFAEPFN,2026-07-06,2026-07-06,18:59:09,2026-07-06 18:59:09,,,,,,,,697a707b5bc42b2987347880,697a707b5bc42b2987347880,,,,
18996,raw_position_sample,2,2,int,18,3,17,18,24, habitats ,750,127,4377182.699999999,697a707b5bc42b2987347880,697a707b5bc42b2987347880,intermediate,3,697a707b5bc42b2987347880,697a707b5bc42b2987347880,spotlight_PROLIFIC,,30,Brasil,Português Brasil ,"Português Brasil, inglês ",inglês,Português Brasil:80|English:10|inglês:10,100,Português Brasil:80|English:10|inglês:10,100,Português Brasil:100|English:0|inglês:0,100,17,5,Bachelor's,10,10,10,5,6,8,12,28,28,28,Duolingo,90,,,,,16,25,B1,elementary|intermediate,elementary|intermediate,cambridge_15_21_random_elementary_intermediate,4,19,random,,105.25694274902344,748.0208129882812,126.59027671813965,817.2916488647461,2,11,,,,,,,,,,,,2026-07-06T21:59:09.647Z,QGFAEPFN,2026-07-06,2026-07-06,18:59:09,2026-07-06 18:59:09,,,,,,,,697a707b5bc42b2987347880,697a707b5bc42b2987347880,,,,
19046,raw_position_sample,2,2,int,18,3,17,18,24, habitats ,753,127,4377231.8999999985,697a707b5bc42b2987347880,697a707b5bc42b2987347880,intermediate,3,697a707b5bc42b2987347880,697a707b5bc42b2987347880,spotlight_PROLIFIC,,30,Brasil,Português Brasil ,"Português Brasil, inglês ",inglês,Português Brasil:80|English:10|inglês:10,100,Português Brasil:80|English:10|inglês:10,100,Português Brasil:100|English:0|inglês:0,100,17,5,Bachelor's,10,10,10,5,6,8,12,28,28,28,Duolingo,90,,,,,16,25,B1,elementary|intermediate,elementary|intermediate,cambridge_15_21_random_elementary_intermediate,4,19,random,,105.25694274902344,748.0208129882812,126.59027671813965,817.2916488647461,2,11,,,,,,,,,,,,2026-07-06T21:59:09.647Z,QGFAEPFN,2026-07-06,2026-07-06,18:59:09,2026-07-06 18:59:09,,,,,,,,697a707b5bc42b2987347880,697a707b5bc42b2987347880,,,,
19095,raw_position_sample,2,2,int,18,3,17,18,24, habitats ,757,127,4377281,697a707b5bc42b2987347880,697a707b5bc42b2987347880,intermediate,3,697a707b5bc42b2987347880,697a707b5bc42b2987347880,spotlight_PROLIFIC,,30,Brasil,Português Brasil ,"Português Brasil, inglês ",inglês,Português Brasil:80|English:10|inglês:10,100,Português Brasil:80|English:10|inglês:10,100,Português Brasil:100|English:0|inglês:0,100,17,5,Bachelor's,10,10,10,5,6,8,12,28,28,28,Duolingo,90,,,,,16,25,B1,elementary|intermediate,elementary|intermediate,cambridge_15_21_random_elementary_intermediate,4,19,random,,105.25694274902344,748.0208129882812,126.59027671813965,817.2916488647461,2,11,,,,,,,,,,,,2026-07-06T21:59:09.647Z,QGFAEPFN,2026-07-06,2026-07-06,18:59:09,2026-07-06 18:59:09,,,,,,,,697a707b5bc42b2987347880,697a707b5bc42b2987347880,,,,
19146,raw_position_sample,2,2,int,18,3,17,18,24, habitats ,762,127,4377332.299999997,697a707b5bc42b2987347880,697a707b5bc42b2987347880,intermediate,3,697a707b5bc42b2987347880,697a707b5bc42b2987347880,spotlight_PROLIFIC,,30,Brasil,Português Brasil ,"Português Brasil, inglês ",inglês,Português Brasil:80|English:10|inglês:10,100,Português Brasil:80|English:10|inglês:10,100,Português Brasil:100|English:0|inglês:0,100,17,5,Bachelor's,10,10,10,5,6,8,12,28,28,28,Duolingo,90,,,,,16,25,B1,elementary|intermediate,elementary|intermediate,cambridge_15_21_random_elementary_intermediate,4,19,random,,105.25694274902344,748.0208129882812,126.59027671813965,817.2916488647461,2,11,,,,,,,,,,,,2026-07-06T21:59:09.647Z,QGFAEPFN,2026-07-06,2026-07-06,18:59:09,2026-07-06 18:59:09,,,,,,,,697a707b5bc42b2987347880,697a707b5bc42b2987347880,,,,
19197,raw_position_sample,2,2,int,18,3,17,18,24, habitats ,768,127,4377383.5,697a707b5bc42b2987347880,697a707b5bc42b2987347880,intermediate,3,697a707b5bc42b2987347880,697a707b5bc42b2987347880,spotlight_PROLIFIC,,30,Brasil,Português Brasil ,"Português Brasil, inglês ",inglês,Português Brasil:80|English:10|inglês:10,100,Português Brasil:80|English:10|inglês:10,100,Português Brasil:100|English:0|inglês:0,100,17,5,Bachelor's,10,10,10,5,6,8,12,28,28,28,Duolingo,90,,,,,16,25,B1,elementary|intermediate,elementary|intermediate,cambridge_15_21_random_elementary_intermediate,4,19,random,,105.25694274902344,748.0208129882812,126.59027671813965,817.2916488647461,2,11,,,,,,,,,,,,2026-07-06T21:59:09.647Z,QGFAEPFN,2026-07-06,2026-07-06,18:59:09,2026-07-06 18:59:09,,,,,,,,697a707b5bc42b2987347880,697a707b5bc42b2987347880,,,,
19249,raw_position_sample,2,2,int,18,3,17,18,24, habitats ,772,127,4377435.699999999,697a707b5bc42b2987347880,697a707b5bc42b2987347880,intermediate,3,697a707b5bc42b2987347880,697a707b5bc42b2987347880,spotlight_PROLIFIC,,30,Brasil,Português Brasil ,"Português Brasil, inglês ",inglês,Português Brasil:80|English:10|inglês:10,100,Português Brasil:80|English:10|inglês:10,100,Português Brasil:100|English:0|inglês:0,100,17,5,Bachelor's,10,10,10,5,6,8,12,28,28,28,Duolingo,90,,,,,16,25,B1,elementary|intermediate,elementary|intermediate,cambridge_15_21_random_elementary_intermediate,4,19,random,,105.25694274902344,748.0208129882812,126.59027671813965,817.2916488647461,2,11,,,,,,,,,,,,2026-07-06T21:59:09.647Z,QGFAEPFN,2026-07-06,2026-07-06,18:59:09,2026-07-06 18:59:09,,,,,,,,697a707b5bc42b2987347880,697a707b5bc42b2987347880,,,,
19299,raw_position_sample,2,2,int,18,3,17,18,24, habitats ,779,127,4377485.3999999985,697a707b5bc42b2987347880,697a707b5bc42b2987347880,intermediate,3,697a707b5bc42b2987347880,697a707b5bc42b2987347880,spotlight_PROLIFIC,,30,Brasil,Português Brasil ,"Português Brasil, inglês ",inglês,Português Brasil:80|English:10|inglês:10,100,Português Brasil:80|English:10|inglês:10,100,Português Brasil:100|English:0|inglês:0,100,17,5,Bachelor's,10,10,10,5,6,8,12,28,28,28,Duolingo,90,,,,,16,25,B1,elementary|intermediate,elementary|intermediate,cambridge_15_21_random_elementary_intermediate,4,19,random,,105.25694274902344,748.0208129882812,126.59027671813965,817.2916488647461,2,11,,,,,,,,,,,,2026-07-06T21:59:09.647Z,QGFAEPFN,2026-07-06,2026-07-06,18:59:09,2026-07-06 18:59:09,,,,,,,,697a707b5bc42b2987347880,697a707b5bc42b2987347880,,,,
19345,raw_position_sample,2,2,int,18,3,17,18,24, habitats ,789,127,4377531.099999998,697a707b5bc42b2987347880,697a707b5bc42b2987347880,intermediate,3,697a707b5bc42b2987347880,697a707b5bc42b2987347880,spotlight_PROLIFIC,,30,Brasil,Português Brasil ,"Português Brasil, inglês ",inglês,Português Brasil:80|English:10|inglês:10,100,Português Brasil:80|English:10|inglês:10,100,Português Brasil:100|English:0|inglês:0,100,17,5,Bachelor's,10,10,10,5,6,8,12,28,28,28,Duolingo,90,,,,,16,25,B1,elementary|intermediate,elementary|intermediate,cambridge_15_21_random_elementary_intermediate,4,19,random,,105.25694274902344,748.0208129882812,126.59027671813965,817.2916488647461,2,11,,,,,,,,,,,,2026-07-06T21:59:09.647Z,QGFAEPFN,2026-07-06,2026-07-06,18:59:09,2026-07-06 18:59:09,,,,,,,,697a707b5bc42b2987347880,697a707b5bc42b2987347880,,,,
19395,raw_position_sample,2,2,int,18,3,17,18,24, habitats ,799,127,4377580.8999999985,697a707b5bc42b2987347880,697a707b5bc42b2987347880,intermediate,3,697a707b5bc42b2987347880,697a707b5bc42b2987347880,spotlight_PROLIFIC,,30,Brasil,Português Brasil ,"Português Brasil, inglês ",inglês,Português Brasil:80|English:10|inglês:10,100,Português Brasil:80|English:10|inglês:10,100,Português Brasil:100|English:0|inglês:0,100,17,5,Bachelor's,10,10,10,5,6,8,12,28,28,28,Duolingo,90,,,,,16,25,B1,elementary|intermediate,elementary|intermediate,cambridge_15_21_random_elementary_intermediate,4,19,random,,105.25694274902344,748.0208129882812,126.59027671813965,817.2916488647461,2,11,,,,,,,,,,,,2026-07-06T21:59:09.647Z,QGFAEPFN,2026-07-06,2026-07-06,18:59:09,2026-07-06 18:59:09,,,,,,,,697a707b5bc42b2987347880,697a707b5bc42b2987347880,,,,
19453,raw_position_sample,2,2,int,18,3,17,18,24, habitats ,811,127,4377639,697a707b5bc42b2987347880,697a707b5bc42b2987347880,intermediate,3,697a707b5bc42b2987347880,697a707b5bc42b2987347880,spotlight_PROLIFIC,,30,Brasil,Português Brasil ,"Português Brasil, inglês ",inglês,Português Brasil:80|English:10|inglês:10,100,Português Brasil:80|English:10|inglês:10,100,Português Brasil:100|English:0|inglês:0,100,17,5,Bachelor's,10,10,10,5,6,8,12,28,28,28,Duolingo,90,,,,,16,25,B1,elementary|intermediate,elementary|intermediate,cambridge_15_21_random_elementary_intermediate,4,19,random,,105.25694274902344,748.0208129882812,126.59027671813965,817.2916488647461,2,11,,,,,,,,,,,,2026-07-06T21:59:09.647Z,QGFAEPFN,2026-07-06,2026-07-06,18:59:09,2026-07-06 18:59:09,,,,,,,,697a707b5bc42b2987347880,697a707b5bc42b2987347880,,,,
19496,raw_position_sample,2,2,int,18,3,17,18,24, habitats ,817,127,4377681.8999999985,697a707b5bc42b2987347880,697a707b5bc42b2987347880,intermediate,3,697a707b5bc42b2987347880,697a707b5bc42b2987347880,spotlight_PROLIFIC,,30,Brasil,Português Brasil ,"Português Brasil, inglês ",inglês,Português Brasil:80|English:10|inglês:10,100,Português Brasil:80|English:10|inglês:10,100,Português Brasil:100|English:0|inglês:0,100,17,5,Bachelor's,10,10,10,5,6,8,12,28,28,28,Duolingo,90,,,,,16,25,B1,elementary|intermediate,elementary|intermediate,cambridge_15_21_random_elementary_intermediate,4,19,random,,105.25694274902344,748.0208129882812,126.59027671813965,817.2916488647461,2,11,,,,,,,,,,,,2026-07-06T21:59:09.647Z,QGFAEPFN,2026-07-06,2026-07-06,18:59:09,2026-07-06 18:59:09,,,,,,,,697a707b5bc42b2987347880,697a707b5bc42b2987347880,,,,
19547,raw_position_sample,2,2,int,18,3,17,18,24, habitats ,817,127,4377732.799999997,697a707b5bc42b2987347880,697a707b5bc42b2987347880,intermediate,3,697a707b5bc42b2987347880,697a707b5bc42b2987347880,spotlight_PROLIFIC,,30,Brasil,Português Brasil ,"Português Brasil, inglês ",inglês,Português Brasil:80|English:10|inglês:10,100,Português Brasil:80|English:10|inglês:10,100,Português Brasil:100|English:0|inglês:0,100,17,5,Bachelor's,10,10,10,5,6,8,12,28,28,28,Duolingo,90,,,,,16,25,B1,elementary|intermediate,elementary|intermediate,cambridge_15_21_random_elementary_intermediate,4,19,random,,105.25694274902344,748.0208129882812,126.59027671813965,817.2916488647461,2,11,,,,,,,,,,,,2026-07-06T21:59:09.647Z,QGFAEPFN,2026-07-06,2026-07-06,18:59:09,2026-07-06 18:59:09,,,,,,,,697a707b5bc42b2987347880,697a707b5bc42b2987347880,,,,
19570,hover_association,2,2,int,18,3,17,18,24, habitats ,750,127,,697a707b5bc42b2987347880,697a707b5bc42b2987347880,intermediate,3,697a707b5bc42b2987347880,697a707b5bc42b2987347880,spotlight_PROLIFIC,,30,Brasil,Português Brasil ,"Português Brasil, inglês ",inglês,Português Brasil:80|English:10|inglês:10,100,Português Brasil:80|English:10|inglês:10,100,Português Brasil:100|English:0|inglês:0,100,17,5,Bachelor's,10,10,10,5,6,8,12,28,28,28,Duolingo,90,,,,,16,25,B1,elementary|intermediate,elementary|intermediate,cambridge_15_21_random_elementary_intermediate,4,19,random,,95.92360973358154,748.0208263397217,135.92360973358154,817.2916679382324,2,11,hover,583.1000000014901,583.1000000014901,0.9957894558301614,0.7769097566604615,106,,,,,,2026-07-06T21:59:09.647Z,QGFAEPFN,2026-07-06,2026-07-06,18:59:09,2026-07-06 18:59:09,,,,,,,,697a707b5bc42b2987347880,697a707b5bc42b2987347880,,,,
19595,raw_position_sample,2,2,int,18,3,17,18,25, in ,821,127,4377781.3999999985,697a707b5bc42b2987347880,697a707b5bc42b2987347880,intermediate,3,697a707b5bc42b2987347880,697a707b5bc42b2987347880,spotlight_PROLIFIC,,30,Brasil,Português Brasil ,"Português Brasil, inglês ",inglês,Português Brasil:80|English:10|inglês:10,100,Português Brasil:80|English:10|inglês:10,100,Português Brasil:100|English:0|inglês:0,100,17,5,Bachelor's,10,10,10,5,6,8,12,28,28,28,Duolingo,90,,,,,16,25,B1,elementary|intermediate,elementary|intermediate,cambridge_15_21_random_elementary_intermediate,4,19,random,,105.25694274902344,817.2916870117188,126.59027671813965,835.9791870117188,2,12,,,,,,,,,,,,2026-07-06T21:59:09.647Z,QGFAEPFN,2026-07-06,2026-07-06,18:59:09,2026-07-06 18:59:09,,,,,,,,697a707b5bc42b2987347880,697a707b5bc42b2987347880,,,,
19650,raw_position_sample,2,2,int,18,3,17,18,25, in ,827,125,4377836.599999998,697a707b5bc42b2987347880,697a707b5bc42b2987347880,intermediate,3,697a707b5bc42b2987347880,697a707b5bc42b2987347880,spotlight_PROLIFIC,,30,Brasil,Português Brasil ,"Português Brasil, inglês ",inglês,Português Brasil:80|English:10|inglês:10,100,Português Brasil:80|English:10|inglês:10,100,Português Brasil:100|English:0|inglês:0,100,17,5,Bachelor's,10,10,10,5,6,8,12,28,28,28,Duolingo,90,,,,,16,25,B1,elementary|intermediate,elementary|intermediate,cambridge_15_21_random_elementary_intermediate,4,19,random,,105.25694274902344,817.2916870117188,126.59027671813965,835.9791870117188,2,12,,,,,,,,,,,,2026-07-06T21:59:09.647Z,QGFAEPFN,2026-07-06,2026-07-06,18:59:09,2026-07-06 18:59:09,,,,,,,,697a707b5bc42b2987347880,697a707b5bc42b2987347880,,,,
19696,raw_position_sample,2,2,int,18,3,17,18,25, in ,830,124,4377882,697a707b5bc42b2987347880,697a707b5bc42b2987347880,intermediate,3,697a707b5bc42b2987347880,697a707b5bc42b2987347880,spotlight_PROLIFIC,,30,Brasil,Português Brasil ,"Português Brasil, inglês ",inglês,Português Brasil:80|English:10|inglês:10,100,Português Brasil:80|English:10|inglês:10,100,Português Brasil:100|English:0|inglês:0,100,17,5,Bachelor's,10,10,10,5,6,8,12,28,28,28,Duolingo,90,,,,,16,25,B1,elementary|intermediate,elementary|intermediate,cambridge_15_21_random_elementary_intermediate,4,19,random,,105.25694274902344,817.2916870117188,126.59027671813965,835.9791870117188,2,12,,,,,,,,,,,,2026-07-06T21:59:09.647Z,QGFAEPFN,2026-07-06,2026-07-06,18:59:09,2026-07-06 18:59:09,,,,,,,,697a707b5bc42b2987347880,697a707b5bc42b2987347880,,,,
19745,raw_position_sample,2,2,int,18,3,17,18,25, in ,835,122,4377931.199999999,697a707b5bc42b2987347880,697a707b5bc42b2987347880,intermediate,3,697a707b5bc42b2987347880,697a707b5bc42b2987347880,spotlight_PROLIFIC,,30,Brasil,Português Brasil ,"Português Brasil, inglês ",inglês,Português Brasil:80|English:10|inglês:10,100,Português Brasil:80|English:10|inglês:10,100,Português Brasil:100|English:0|inglês:0,100,17,5,Bachelor's,10,10,10,5,6,8,12,28,28,28,Duolingo,90,,,,,16,25,B1,elementary|intermediate,elementary|intermediate,cambridge_15_21_random_elementary_intermediate,4,19,random,,105.25694274902344,817.2916870117188,126.59027671813965,835.9791870117188,2,12,,,,,,,,,,,,2026-07-06T21:59:09.647Z,QGFAEPFN,2026-07-06,2026-07-06,18:59:09,2026-07-06 18:59:09,,,,,,,,697a707b5bc42b2987347880,697a707b5bc42b2987347880,,,,
19752,hover_association,2,2,int,18,3,17,18,25, in ,819,127,,697a707b5bc42b2987347880,697a707b5bc42b2987347880,intermediate,3,697a707b5bc42b2987347880,697a707b5bc42b2987347880,spotlight_PROLIFIC,,30,Brasil,Português Brasil ,"Português Brasil, inglês ",inglês,Português Brasil:80|English:10|inglês:10,100,Português Brasil:80|English:10|inglês:10,100,Português Brasil:100|English:0|inglês:0,100,17,5,Bachelor's,10,10,10,5,6,8,12,28,28,28,Duolingo,90,,,,,16,25,B1,elementary|intermediate,elementary|intermediate,cambridge_15_21_random_elementary_intermediate,4,19,random,,95.92360973358154,817.2916679382324,135.92360973358154,835.9791870117188,2,12,hover,181.59999999776483,181.59999999776483,0.9476020862979072,0.6519097566604615,106,,,,,,2026-07-06T21:59:09.647Z,QGFAEPFN,2026-07-06,2026-07-06,18:59:09,2026-07-06 18:59:09,,,,,,,,697a707b5bc42b2987347880,697a707b5bc42b2987347880,,,,
19799,raw_position_sample,2,2,int,18,3,17,18,26," Nepal, ",842,121,4377985.5,697a707b5bc42b2987347880,697a707b5bc42b2987347880,intermediate,3,697a707b5bc42b2987347880,697a707b5bc42b2987347880,spotlight_PROLIFIC,,30,Brasil,Português Brasil ,"Português Brasil, inglês ",inglês,Português Brasil:80|English:10|inglês:10,100,Português Brasil:80|English:10|inglês:10,100,Português Brasil:100|English:0|inglês:0,100,17,5,Bachelor's,10,10,10,5,6,8,12,28,28,28,Duolingo,90,,,,,16,25,B1,elementary|intermediate,elementary|intermediate,cambridge_15_21_random_elementary_intermediate,4,19,random,,105.25694274902344,835.9791870117188,126.59027671813965,885.9930763244629,2,13,,,,,,,,,,,,2026-07-06T21:59:09.647Z,QGFAEPFN,2026-07-06,2026-07-06,18:59:09,2026-07-06 18:59:09,,,,,,,,697a707b5bc42b2987347880,697a707b5bc42b2987347880,,,,
19848,raw_position_sample,2,2,int,18,3,17,18,26," Nepal, ",848,119,4378034.199999999,697a707b5bc42b2987347880,697a707b5bc42b2987347880,intermediate,3,697a707b5bc42b2987347880,697a707b5bc42b2987347880,spotlight_PROLIFIC,,30,Brasil,Português Brasil ,"Português Brasil, inglês ",inglês,Português Brasil:80|English:10|inglês:10,100,Português Brasil:80|English:10|inglês:10,100,Português Brasil:100|English:0|inglês:0,100,17,5,Bachelor's,10,10,10,5,6,8,12,28,28,28,Duolingo,90,,,,,16,25,B1,elementary|intermediate,elementary|intermediate,cambridge_15_21_random_elementary_intermediate,4,19,random,,105.25694274902344,835.9791870117188,126.59027671813965,885.9930763244629,2,13,,,,,,,,,,,,2026-07-06T21:59:09.647Z,QGFAEPFN,2026-07-06,2026-07-06,18:59:09,2026-07-06 18:59:09,,,,,,,,697a707b5bc42b2987347880,697a707b5bc42b2987347880,,,,
19900,raw_position_sample,2,2,int,18,3,17,18,26," Nepal, ",854,119,4378086.199999999,697a707b5bc42b2987347880,697a707b5bc42b2987347880,intermediate,3,697a707b5bc42b2987347880,697a707b5bc42b2987347880,spotlight_PROLIFIC,,30,Brasil,Português Brasil ,"Português Brasil, inglês ",inglês,Português Brasil:80|English:10|inglês:10,100,Português Brasil:80|English:10|inglês:10,100,Português Brasil:100|English:0|inglês:0,100,17,5,Bachelor's,10,10,10,5,6,8,12,28,28,28,Duolingo,90,,,,,16,25,B1,elementary|intermediate,elementary|intermediate,cambridge_15_21_random_elementary_intermediate,4,19,random,,105.25694274902344,835.9791870117188,126.59027671813965,885.9930763244629,2,13,,,,,,,,,,,,2026-07-06T21:59:09.647Z,QGFAEPFN,2026-07-06,2026-07-06,18:59:09,2026-07-06 18:59:09,,,,,,,,697a707b5bc42b2987347880,697a707b5bc42b2987347880,,,,
19946,raw_position_sample,2,2,int,18,3,17,18,26," Nepal, ",854,119,4378131.8999999985,697a707b5bc42b2987347880,697a707b5bc42b2987347880,intermediate,3,697a707b5bc42b2987347880,697a707b5bc42b2987347880,spotlight_PROLIFIC,,30,Brasil,Português Brasil ,"Português Brasil, inglês ",inglês,Português Brasil:80|English:10|inglês:10,100,Português Brasil:80|English:10|inglês:10,100,Português Brasil:100|English:0|inglês:0,100,17,5,Bachelor's,10,10,10,5,6,8,12,28,28,28,Duolingo,90,,,,,16,25,B1,elementary|intermediate,elementary|intermediate,cambridge_15_21_random_elementary_intermediate,4,19,random,,105.25694274902344,835.9791870117188,126.59027671813965,885.9930763244629,2,13,,,,,,,,,,,,2026-07-06T21:59:09.647Z,QGFAEPFN,2026-07-06,2026-07-06,18:59:09,2026-07-06 18:59:09,,,,,,,,697a707b5bc42b2987347880,697a707b5bc42b2987347880,,,,
19998,raw_position_sample,2,2,int,18,3,17,18,26," Nepal, ",854,119,4378183.8999999985,697a707b5bc42b2987347880,697a707b5bc42b2987347880,intermediate,3,697a707b5bc42b2987347880,697a707b5bc42b2987347880,spotlight_PROLIFIC,,30,Brasil,Português Brasil ,"Português Brasil, inglês ",inglês,Português Brasil:80|English:10|inglês:10,100,Português Brasil:80|English:10|inglês:10,100,Português Brasil:100|English:0|inglês:0,100,17,5,Bachelor's,10,10,10,5,6,8,12,28,28,28,Duolingo,90,,,,,16,25,B1,elementary|intermediate,elementary|intermediate,cambridge_15_21_random_elementary_intermediate,4,19,random,,105.25694274902344,835.9791870117188,126.59027671813965,885.9930763244629,2,13,,,,,,,,,,,,2026-07-06T21:59:09.647Z,QGFAEPFN,2026-07-06,2026-07-06,18:59:09,2026-07-06 18:59:09,,,,,,,,697a707b5bc42b2987347880,697a707b5bc42b2987347880,,,,
20049,raw_position_sample,2,2,int,18,3,17,18,26," Nepal, ",854,119,4378235.3999999985,697a707b5bc42b2987347880,697a707b5bc42b2987347880,intermediate,3,697a707b5bc42b2987347880,697a707b5bc42b2987347880,spotlight_PROLIFIC,,30,Brasil,Português Brasil ,"Português Brasil, inglês ",inglês,Português Brasil:80|English:10|inglês:10,100,Português Brasil:80|English:10|inglês:10,100,Português Brasil:100|English:0|inglês:0,100,17,5,Bachelor's,10,10,10,5,6,8,12,28,28,28,Duolingo,90,,,,,16,25,B1,elementary|intermediate,elementary|intermediate,cambridge_15_21_random_elementary_intermediate,4,19,random,,105.25694274902344,835.9791870117188,126.59027671813965,885.9930763244629,2,13,,,,,,,,,,,,2026-07-06T21:59:09.647Z,QGFAEPFN,2026-07-06,2026-07-06,18:59:09,2026-07-06 18:59:09,,,,,,,,697a707b5bc42b2987347880,697a707b5bc42b2987347880,,,,
20100,raw_position_sample,2,2,int,18,3,17,18,26," Nepal, ",854,119,4378286,697a707b5bc42b2987347880,697a707b5bc42b2987347880,intermediate,3,697a707b5bc42b2987347880,697a707b5bc42b2987347880,spotlight_PROLIFIC,,30,Brasil,Português Brasil ,"Português Brasil, inglês ",inglês,Português Brasil:80|English:10|inglês:10,100,Português Brasil:80|English:10|inglês:10,100,Português Brasil:100|English:0|inglês:0,100,17,5,Bachelor's,10,10,10,5,6,8,12,28,28,28,Duolingo,90,,,,,16,25,B1,elementary|intermediate,elementary|intermediate,cambridge_15_21_random_elementary_intermediate,4,19,random,,105.25694274902344,835.9791870117188,126.59027671813965,885.9930763244629,2,13,,,,,,,,,,,,2026-07-06T21:59:09.647Z,QGFAEPFN,2026-07-06,2026-07-06,18:59:09,2026-07-06 18:59:09,,,,,,,,697a707b5bc42b2987347880,697a707b5bc42b2987347880,,,,
20149,raw_position_sample,2,2,int,18,3,17,18,26," Nepal, ",854,119,4378335.3999999985,697a707b5bc42b2987347880,697a707b5bc42b2987347880,intermediate,3,697a707b5bc42b2987347880,697a707b5bc42b2987347880,spotlight_PROLIFIC,,30,Brasil,Português Brasil ,"Português Brasil, inglês ",inglês,Português Brasil:80|English:10|inglês:10,100,Português Brasil:80|English:10|inglês:10,100,Português Brasil:100|English:0|inglês:0,100,17,5,Bachelor's,10,10,10,5,6,8,12,28,28,28,Duolingo,90,,,,,16,25,B1,elementary|intermediate,elementary|intermediate,cambridge_15_21_random_elementary_intermediate,4,19,random,,105.25694274902344,835.9791870117188,126.59027671813965,885.9930763244629,2,13,,,,,,,,,,,,2026-07-06T21:59:09.647Z,QGFAEPFN,2026-07-06,2026-07-06,18:59:09,2026-07-06 18:59:09,,,,,,,,697a707b5bc42b2987347880,697a707b5bc42b2987347880,,,,
20200,raw_position_sample,2,2,int,18,3,17,18,26," Nepal, ",854,119,4378385.8999999985,697a707b5bc42b2987347880,697a707b5bc42b2987347880,intermediate,3,697a707b5bc42b2987347880,697a707b5bc42b2987347880,spotlight_PROLIFIC,,30,Brasil,Português Brasil ,"Português Brasil, inglês ",inglês,Português Brasil:80|English:10|inglês:10,100,Português Brasil:80|English:10|inglês:10,100,Português Brasil:100|English:0|inglês:0,100,17,5,Bachelor's,10,10,10,5,6,8,12,28,28,28,Duolingo,90,,,,,16,25,B1,elementary|intermediate,elementary|intermediate,cambridge_15_21_random_elementary_intermediate,4,19,random,,105.25694274902344,835.9791870117188,126.59027671813965,885.9930763244629,2,13,,,,,,,,,,,,2026-07-06T21:59:09.647Z,QGFAEPFN,2026-07-06,2026-07-06,18:59:09,2026-07-06 18:59:09,,,,,,,,697a707b5bc42b2987347880,697a707b5bc42b2987347880,,,,
20252,raw_position_sample,2,2,int,18,3,17,18,26," Nepal, ",854,119,4378437.8999999985,697a707b5bc42b2987347880,697a707b5bc42b2987347880,intermediate,3,697a707b5bc42b2987347880,697a707b5bc42b2987347880,spotlight_PROLIFIC,,30,Brasil,Português Brasil ,"Português Brasil, inglês ",inglês,Português Brasil:80|English:10|inglês:10,100,Português Brasil:80|English:10|inglês:10,100,Português Brasil:100|English:0|inglês:0,100,17,5,Bachelor's,10,10,10,5,6,8,12,28,28,28,Duolingo,90,,,,,16,25,B1,elementary|intermediate,elementary|intermediate,cambridge_15_21_random_elementary_intermediate,4,19,random,,105.25694274902344,835.9791870117188,126.59027671813965,885.9930763244629,2,13,,,,,,,,,,,,2026-07-06T21:59:09.647Z,QGFAEPFN,2026-07-06,2026-07-06,18:59:09,2026-07-06 18:59:09,,,,,,,,697a707b5bc42b2987347880,697a707b5bc42b2987347880,,,,
20299,raw_position_sample,2,2,int,18,3,17,18,26," Nepal, ",844,119,4378485,697a707b5bc42b2987347880,697a707b5bc42b2987347880,intermediate,3,697a707b5bc42b2987347880,697a707b5bc42b2987347880,spotlight_PROLIFIC,,30,Brasil,Português Brasil ,"Português Brasil, inglês ",inglês,Português Brasil:80|English:10|inglês:10,100,Português Brasil:80|English:10|inglês:10,100,Português Brasil:100|English:0|inglês:0,100,17,5,Bachelor's,10,10,10,5,6,8,12,28,28,28,Duolingo,90,,,,,16,25,B1,elementary|intermediate,elementary|intermediate,cambridge_15_21_random_elementary_intermediate,4,19,random,,105.25694274902344,835.9791870117188,126.59027671813965,885.9930763244629,2,13,,,,,,,,,,,,2026-07-06T21:59:09.647Z,QGFAEPFN,2026-07-06,2026-07-06,18:59:09,2026-07-06 18:59:09,,,,,,,,697a707b5bc42b2987347880,697a707b5bc42b2987347880,,,,
20302,hover_association,2,2,int,18,3,17,18,26," Nepal, ",838,122,,697a707b5bc42b2987347880,697a707b5bc42b2987347880,intermediate,3,697a707b5bc42b2987347880,697a707b5bc42b2987347880,spotlight_PROLIFIC,,30,Brasil,Português Brasil ,"Português Brasil, inglês ",inglês,Português Brasil:80|English:10|inglês:10,100,Português Brasil:80|English:10|inglês:10,100,Português Brasil:100|English:0|inglês:0,100,17,5,Bachelor's,10,10,10,5,6,8,12,28,28,28,Duolingo,90,,,,,16,25,B1,elementary|intermediate,elementary|intermediate,cambridge_15_21_random_elementary_intermediate,4,19,random,,95.92360973358154,835.9791870117188,135.92360973358154,889.9218957083566,2,13,hover,551.1000000014901,551.1000000014901,0.14869132793068607,0.5769097566604614,106,,,,,,2026-07-06T21:59:09.647Z,QGFAEPFN,2026-07-06,2026-07-06,18:59:09,2026-07-06 18:59:09,,,,,,,,697a707b5bc42b2987347880,697a707b5bc42b2987347880,,,,
20336,hover_association,2,2,int,18,3,17,18,25, in ,829,119,,697a707b5bc42b2987347880,697a707b5bc42b2987347880,intermediate,3,697a707b5bc42b2987347880,697a707b5bc42b2987347880,spotlight_PROLIFIC,,30,Brasil,Português Brasil ,"Português Brasil, inglês ",inglês,Português Brasil:80|English:10|inglês:10,100,Português Brasil:80|English:10|inglês:10,100,Português Brasil:100|English:0|inglês:0,100,17,5,Bachelor's,10,10,10,5,6,8,12,28,28,28,Duolingo,90,,,,,16,25,B1,elementary|intermediate,elementary|intermediate,cambridge_15_21_random_elementary_intermediate,4,19,random,,95.92360973358154,817.2916679382324,135.92360973358154,835.9791870117188,2,12,hover,34.100000001490116,34.100000001490116,0.19843897133616437,0.6019097566604614,106,,,,,,2026-07-06T21:59:09.647Z,QGFAEPFN,2026-07-06,2026-07-06,18:59:09,2026-07-06 18:59:09,,,,,,,,697a707b5bc42b2987347880,697a707b5bc42b2987347880,,,,
20345,raw_position_sample,2,2,int,18,3,17,18,24, habitats ,810,122,4378531.5,697a707b5bc42b2987347880,697a707b5bc42b2987347880,intermediate,3,697a707b5bc42b2987347880,697a707b5bc42b2987347880,spotlight_PROLIFIC,,30,Brasil,Português Brasil ,"Português Brasil, inglês ",inglês,Português Brasil:80|English:10|inglês:10,100,Português Brasil:80|English:10|inglês:10,100,Português Brasil:100|English:0|inglês:0,100,17,5,Bachelor's,10,10,10,5,6,8,12,28,28,28,Duolingo,90,,,,,16,25,B1,elementary|intermediate,elementary|intermediate,cambridge_15_21_random_elementary_intermediate,4,19,random,,105.25694274902344,748.0208129882812,126.59027671813965,817.2916488647461,2,11,,,,,,,,,,,,2026-07-06T21:59:09.647Z,QGFAEPFN,2026-07-06,2026-07-06,18:59:09,2026-07-06 18:59:09,,,,,,,,697a707b5bc42b2987347880,697a707b5bc42b2987347880,,,,
20399,raw_position_sample,2,2,int,18,3,17,18,24, habitats ,783,124,4378585.199999999,697a707b5bc42b2987347880,697a707b5bc42b2987347880,intermediate,3,697a707b5bc42b2987347880,697a707b5bc42b2987347880,spotlight_PROLIFIC,,30,Brasil,Português Brasil ,"Português Brasil, inglês ",inglês,Português Brasil:80|English:10|inglês:10,100,Português Brasil:80|English:10|inglês:10,100,Português Brasil:100|English:0|inglês:0,100,17,5,Bachelor's,10,10,10,5,6,8,12,28,28,28,Duolingo,90,,,,,16,25,B1,elementary|intermediate,elementary|intermediate,cambridge_15_21_random_elementary_intermediate,4,19,random,,105.25694274902344,748.0208129882812,126.59027671813965,817.2916488647461,2,11,,,,,,,,,,,,2026-07-06T21:59:09.647Z,QGFAEPFN,2026-07-06,2026-07-06,18:59:09,2026-07-06 18:59:09,,,,,,,,697a707b5bc42b2987347880,697a707b5bc42b2987347880,,,,
20436,hover_association,2,2,int,18,3,17,18,24, habitats ,810,122,,697a707b5bc42b2987347880,697a707b5bc42b2987347880,intermediate,3,697a707b5bc42b2987347880,697a707b5bc42b2987347880,spotlight_PROLIFIC,,30,Brasil,Português Brasil ,"Português Brasil, inglês ",inglês,Português Brasil:80|English:10|inglês:10,100,Português Brasil:80|English:10|inglês:10,100,Português Brasil:100|English:0|inglês:0,100,17,5,Bachelor's,10,10,10,5,6,8,12,28,28,28,Duolingo,90,,,,,16,25,B1,elementary|intermediate,elementary|intermediate,cambridge_15_21_random_elementary_intermediate,4,19,random,,95.92360973358154,748.0208263397217,135.92360973358154,817.2916679382324,2,11,hover,100.29999999701977,100.29999999701977,0.0574437031289637,0.7019097566604614,106,,,,,,2026-07-06T21:59:09.647Z,QGFAEPFN,2026-07-06,2026-07-06,18:59:09,2026-07-06 18:59:09,,,,,,,,697a707b5bc42b2987347880,697a707b5bc42b2987347880,,,,
20445,raw_position_sample,2,2,int,18,3,17,18,23, tiger ,731,125,4378631.099999998,697a707b5bc42b2987347880,697a707b5bc42b2987347880,intermediate,3,697a707b5bc42b2987347880,697a707b5bc42b2987347880,spotlight_PROLIFIC,,30,Brasil,Português Brasil ,"Português Brasil, inglês ",inglês,Português Brasil:80|English:10|inglês:10,100,Português Brasil:80|English:10|inglês:10,100,Português Brasil:100|English:0|inglês:0,100,17,5,Bachelor's,10,10,10,5,6,8,12,28,28,28,Duolingo,90,,,,,16,25,B1,elementary|intermediate,elementary|intermediate,cambridge_15_21_random_elementary_intermediate,4,19,random,,105.25694274902344,707.7222290039062,126.59027671813965,748.0208396911621,2,10,,,,,,,,,,,,2026-07-06T21:59:09.647Z,QGFAEPFN,2026-07-06,2026-07-06,18:59:09,2026-07-06 18:59:09,,,,,,,,697a707b5bc42b2987347880,697a707b5bc42b2987347880,,,,
20470,hover_association,2,2,int,18,3,17,18,23, tiger ,731,125,,697a707b5bc42b2987347880,697a707b5bc42b2987347880,intermediate,3,697a707b5bc42b2987347880,697a707b5bc42b2987347880,spotlight_PROLIFIC,,30,Brasil,Português Brasil ,"Português Brasil, inglês ",inglês,Português Brasil:80|English:10|inglês:10,100,Português Brasil:80|English:10|inglês:10,100,Português Brasil:100|English:0|inglês:0,100,17,5,Bachelor's,10,10,10,5,6,8,12,28,28,28,Duolingo,90,,,,,16,25,B1,elementary|intermediate,elementary|intermediate,cambridge_15_21_random_elementary_intermediate,4,19,random,,95.92360973358154,707.7222290039062,135.92360973358154,748.0208263397217,2,10,hover,33,33,0.2798551746631294,0.7269097566604614,106,,,,,,2026-07-06T21:59:09.647Z,QGFAEPFN,2026-07-06,2026-07-06,18:59:09,2026-07-06 18:59:09,,,,,,,,697a707b5bc42b2987347880,697a707b5bc42b2987347880,,,,
20487,hover_association,2,2,int,18,3,17,18,22, of ,694,125,,697a707b5bc42b2987347880,697a707b5bc42b2987347880,intermediate,3,697a707b5bc42b2987347880,697a707b5bc42b2987347880,spotlight_PROLIFIC,,30,Brasil,Português Brasil ,"Português Brasil, inglês ",inglês,Português Brasil:80|English:10|inglês:10,100,Português Brasil:80|English:10|inglês:10,100,Português Brasil:100|English:0|inglês:0,100,17,5,Bachelor's,10,10,10,5,6,8,12,28,28,28,Duolingo,90,,,,,16,25,B1,elementary|intermediate,elementary|intermediate,cambridge_15_21_random_elementary_intermediate,4,19,random,,95.92360973358154,686.8472290039062,135.92360973358154,707.7222290039062,2,9,hover,16.900000002235174,16.900000002235174,0.34264771238772457,0.7269097566604614,106,,,,,,2026-07-06T21:59:09.647Z,QGFAEPFN,2026-07-06,2026-07-06,18:59:09,2026-07-06 18:59:09,,,,,,,,697a707b5bc42b2987347880,697a707b5bc42b2987347880,,,,
20495,raw_position_sample,2,2,int,18,3,17,18,21, management ,681,125,4378681.599999998,697a707b5bc42b2987347880,697a707b5bc42b2987347880,intermediate,3,697a707b5bc42b2987347880,697a707b5bc42b2987347880,spotlight_PROLIFIC,,30,Brasil,Português Brasil ,"Português Brasil, inglês ",inglês,Português Brasil:80|English:10|inglês:10,100,Português Brasil:80|English:10|inglês:10,100,Português Brasil:100|English:0|inglês:0,100,17,5,Bachelor's,10,10,10,5,6,8,12,28,28,28,Duolingo,90,,,,,16,25,B1,elementary|intermediate,elementary|intermediate,cambridge_15_21_random_elementary_intermediate,4,19,random,,105.25694274902344,576.4097290039062,126.59027671813965,686.8472290039062,2,8,,,,,,,,,,,,2026-07-06T21:59:09.647Z,QGFAEPFN,2026-07-06,2026-07-06,18:59:09,2026-07-06 18:59:09,,,,,,,,697a707b5bc42b2987347880,697a707b5bc42b2987347880,,,,
20545,raw_position_sample,2,2,int,18,3,17,18,21, management ,609,125,4378731.199999999,697a707b5bc42b2987347880,697a707b5bc42b2987347880,intermediate,3,697a707b5bc42b2987347880,697a707b5bc42b2987347880,spotlight_PROLIFIC,,30,Brasil,Português Brasil ,"Português Brasil, inglês ",inglês,Português Brasil:80|English:10|inglês:10,100,Português Brasil:80|English:10|inglês:10,100,Português Brasil:100|English:0|inglês:0,100,17,5,Bachelor's,10,10,10,5,6,8,12,28,28,28,Duolingo,90,,,,,16,25,B1,elementary|intermediate,elementary|intermediate,cambridge_15_21_random_elementary_intermediate,4,19,random,,105.25694274902344,576.4097290039062,126.59027671813965,686.8472290039062,2,8,,,,,,,,,,,,2026-07-06T21:59:09.647Z,QGFAEPFN,2026-07-06,2026-07-06,18:59:09,2026-07-06 18:59:09,,,,,,,,697a707b5bc42b2987347880,697a707b5bc42b2987347880,,,,
20570,hover_association,2,2,int,18,3,17,18,21, management ,681,125,,697a707b5bc42b2987347880,697a707b5bc42b2987347880,intermediate,3,697a707b5bc42b2987347880,697a707b5bc42b2987347880,spotlight_PROLIFIC,,30,Brasil,Português Brasil ,"Português Brasil, inglês ",inglês,Português Brasil:80|English:10|inglês:10,100,Português Brasil:80|English:10|inglês:10,100,Português Brasil:100|English:0|inglês:0,100,17,5,Bachelor's,10,10,10,5,6,8,12,28,28,28,Duolingo,90,,,,,16,25,B1,elementary|intermediate,elementary|intermediate,cambridge_15_21_random_elementary_intermediate,4,19,random,,95.92360973358154,576.4097366333008,135.92360973358154,686.8472290039062,2,8,hover,82.80000000074506,82.80000000074506,0.17738779599375845,0.7269097566604614,106,,,,,,2026-07-06T21:59:09.647Z,QGFAEPFN,2026-07-06,2026-07-06,18:59:09,2026-07-06 18:59:09,,,,,,,,697a707b5bc42b2987347880,697a707b5bc42b2987347880,,,,
20598,raw_position_sample,2,2,int,18,3,17,18,20, better ,560,125,4378784.799999997,697a707b5bc42b2987347880,697a707b5bc42b2987347880,intermediate,3,697a707b5bc42b2987347880,697a707b5bc42b2987347880,spotlight_PROLIFIC,,30,Brasil,Português Brasil ,"Português Brasil, inglês ",inglês,Português Brasil:80|English:10|inglês:10,100,Português Brasil:80|English:10|inglês:10,100,Português Brasil:100|English:0|inglês:0,100,17,5,Bachelor's,10,10,10,5,6,8,12,28,28,28,Duolingo,90,,,,,16,25,B1,elementary|intermediate,elementary|intermediate,cambridge_15_21_random_elementary_intermediate,4,19,random,,105.25694274902344,525.0416870117188,126.59027671813965,576.4097442626953,2,7,,,,,,,,,,,,2026-07-06T21:59:09.647Z,QGFAEPFN,2026-07-06,2026-07-06,18:59:09,2026-07-06 18:59:09,,,,,,,,697a707b5bc42b2987347880,697a707b5bc42b2987347880,,,,
20636,hover_association,2,2,int,18,3,17,18,20, better ,572,125,,697a707b5bc42b2987347880,697a707b5bc42b2987347880,intermediate,3,697a707b5bc42b2987347880,697a707b5bc42b2987347880,spotlight_PROLIFIC,,30,Brasil,Português Brasil ,"Português Brasil, inglês ",inglês,Português Brasil:80|English:10|inglês:10,100,Português Brasil:80|English:10|inglês:10,100,Português Brasil:100|English:0|inglês:0,100,17,5,Bachelor's,10,10,10,5,6,8,12,28,28,28,Duolingo,90,,,,,16,25,B1,elementary|intermediate,elementary|intermediate,cambridge_15_21_random_elementary_intermediate,4,19,random,,95.92360973358154,525.0416812896729,135.92360973358154,576.4097366333008,2,7,hover,66.5,66.5,0.17439474105843106,0.7269097566604614,106,,,,,,2026-07-06T21:59:09.647Z,QGFAEPFN,2026-07-06,2026-07-06,18:59:09,2026-07-06 18:59:09,,,,,,,,697a707b5bc42b2987347880,697a707b5bc42b2987347880,,,,
20646,raw_position_sample,2,2,int,18,3,17,18,19, and ,525,125,4378832.699999999,697a707b5bc42b2987347880,697a707b5bc42b2987347880,intermediate,3,697a707b5bc42b2987347880,697a707b5bc42b2987347880,spotlight_PROLIFIC,,30,Brasil,Português Brasil ,"Português Brasil, inglês ",inglês,Português Brasil:80|English:10|inglês:10,100,Português Brasil:80|English:10|inglês:10,100,Português Brasil:100|English:0|inglês:0,100,17,5,Bachelor's,10,10,10,5,6,8,12,28,28,28,Duolingo,90,,,,,16,25,B1,elementary|intermediate,elementary|intermediate,cambridge_15_21_random_elementary_intermediate,4,19,random,,105.25694274902344,490.7708435058594,126.59027671813965,525.041675567627,2,6,,,,,,,,,,,,2026-07-06T21:59:09.647Z,QGFAEPFN,2026-07-06,2026-07-06,18:59:09,2026-07-06 18:59:09,,,,,,,,697a707b5bc42b2987347880,697a707b5bc42b2987347880,,,,
20687,hover_association,2,2,int,18,3,17,18,19, and ,525,125,,697a707b5bc42b2987347880,697a707b5bc42b2987347880,intermediate,3,697a707b5bc42b2987347880,697a707b5bc42b2987347880,spotlight_PROLIFIC,,30,Brasil,Português Brasil ,"Português Brasil, inglês ",inglês,Português Brasil:80|English:10|inglês:10,100,Português Brasil:80|English:10|inglês:10,100,Português Brasil:100|English:0|inglês:0,100,17,5,Bachelor's,10,10,10,5,6,8,12,28,28,28,Duolingo,90,,,,,16,25,B1,elementary|intermediate,elementary|intermediate,cambridge_15_21_random_elementary_intermediate,4,19,random,,95.92360973358154,490.770845413208,135.92360973358154,525.0416812896729,2,6,hover,50.29999999701977,50.29999999701977,0.06504523539569812,0.7519097566604614,106,,,,,,2026-07-06T21:59:09.647Z,QGFAEPFN,2026-07-06,2026-07-06,18:59:09,2026-07-06 18:59:09,,,,,,,,697a707b5bc42b2987347880,697a707b5bc42b2987347880,,,,
20699,raw_position_sample,2,2,int,18,3,17,18,18, parks ,465,126,4378885.099999998,697a707b5bc42b2987347880,697a707b5bc42b2987347880,intermediate,3,697a707b5bc42b2987347880,697a707b5bc42b2987347880,spotlight_PROLIFIC,,30,Brasil,Português Brasil ,"Português Brasil, inglês ",inglês,Português Brasil:80|English:10|inglês:10,100,Português Brasil:80|English:10|inglês:10,100,Português Brasil:100|English:0|inglês:0,100,17,5,Bachelor's,10,10,10,5,6,8,12,28,28,28,Duolingo,90,,,,,16,25,B1,elementary|intermediate,elementary|intermediate,cambridge_15_21_random_elementary_intermediate,4,19,random,,105.25694274902344,442.0694580078125,126.59027671813965,490.77084732055664,2,5,,,,,,,,,,,,2026-07-06T21:59:09.647Z,QGFAEPFN,2026-07-06,2026-07-06,18:59:09,2026-07-06 18:59:09,,,,,,,,697a707b5bc42b2987347880,697a707b5bc42b2987347880,,,,
20719,hover_association,2,2,int,18,3,17,18,18, parks ,465,126,,697a707b5bc42b2987347880,697a707b5bc42b2987347880,intermediate,3,697a707b5bc42b2987347880,697a707b5bc42b2987347880,spotlight_PROLIFIC,,30,Brasil,Português Brasil ,"Português Brasil, inglês ",inglês,Português Brasil:80|English:10|inglês:10,100,Português Brasil:80|English:10|inglês:10,100,Português Brasil:100|English:0|inglês:0,100,17,5,Bachelor's,10,10,10,5,6,8,12,28,28,28,Duolingo,90,,,,,16,25,B1,elementary|intermediate,elementary|intermediate,cambridge_15_21_random_elementary_intermediate,4,19,random,,95.92360973358154,442.06945037841797,135.92360973358154,490.770845413208,2,5,hover,32.900000002235174,32.900000002235174,0.14230700407311053,0.7519097566604614,106,,,,,,2026-07-06T21:59:09.647Z,QGFAEPFN,2026-07-06,2026-07-06,18:59:09,2026-07-06 18:59:09,,,,,,,,697a707b5bc42b2987347880,697a707b5bc42b2987347880,,,,
20747,raw_position_sample,2,2,int,18,3,17,18,17, national ,402,128,4378932.699999999,697a707b5bc42b2987347880,697a707b5bc42b2987347880,intermediate,3,697a707b5bc42b2987347880,697a707b5bc42b2987347880,spotlight_PROLIFIC,,30,Brasil,Português Brasil ,"Português Brasil, inglês ",inglês,Português Brasil:80|English:10|inglês:10,100,Português Brasil:80|English:10|inglês:10,100,Português Brasil:100|English:0|inglês:0,100,17,5,Bachelor's,10,10,10,5,6,8,12,28,28,28,Duolingo,90,,,,,16,25,B1,elementary|intermediate,elementary|intermediate,cambridge_15_21_random_elementary_intermediate,4,19,random,,105.25694274902344,373.5138854980469,126.59027671813965,442.06944274902344,2,4,,,,,,,,,,,,2026-07-06T21:59:09.647Z,QGFAEPFN,2026-07-06,2026-07-06,18:59:09,2026-07-06 18:59:09,,,,,,,,697a707b5bc42b2987347880,697a707b5bc42b2987347880,,,,
20769,hover_association,2,2,int,18,3,17,18,17, national ,416,127,,697a707b5bc42b2987347880,697a707b5bc42b2987347880,intermediate,3,697a707b5bc42b2987347880,697a707b5bc42b2987347880,spotlight_PROLIFIC,,30,Brasil,Português Brasil ,"Português Brasil, inglês ",inglês,Português Brasil:80|English:10|inglês:10,100,Português Brasil:80|English:10|inglês:10,100,Português Brasil:100|English:0|inglês:0,100,17,5,Bachelor's,10,10,10,5,6,8,12,28,28,28,Duolingo,90,,,,,16,25,B1,elementary|intermediate,elementary|intermediate,cambridge_15_21_random_elementary_intermediate,4,19,random,,95.92360973358154,373.5138854980469,135.92360973358154,442.06945037841797,2,4,hover,50.19999999925494,50.19999999925494,0.021677518149640848,0.8269097566604614,106,,,,,,2026-07-06T21:59:09.647Z,QGFAEPFN,2026-07-06,2026-07-06,18:59:09,2026-07-06 18:59:09,,,,,,,,697a707b5bc42b2987347880,697a707b5bc42b2987347880,,,,
20787,hover_association,2,2,int,18,3,17,18,16, of ,365,131,,697a707b5bc42b2987347880,697a707b5bc42b2987347880,intermediate,3,697a707b5bc42b2987347880,697a707b5bc42b2987347880,spotlight_PROLIFIC,,30,Brasil,Português Brasil ,"Português Brasil, inglês ",inglês,Português Brasil:80|English:10|inglês:10,100,Português Brasil:80|English:10|inglês:10,100,Português Brasil:100|English:0|inglês:0,100,17,5,Bachelor's,10,10,10,5,6,8,12,28,28,28,Duolingo,90,,,,,16,25,B1,elementary|intermediate,elementary|intermediate,cambridge_15_21_random_elementary_intermediate,4,19,random,,95.92360973358154,352.63888931274414,135.92360973358154,373.5138854980469,2,3,hover,17.399999998509884,17.399999998509884,0.5921491231676886,0.8769097566604614,106,,,,,,2026-07-06T21:59:09.647Z,QGFAEPFN,2026-07-06,2026-07-06,18:59:09,2026-07-06 18:59:09,,,,,,,,697a707b5bc42b2987347880,697a707b5bc42b2987347880,,,,
20799,raw_position_sample,2,2,int,18,3,17,18,15, policing ,345,132,4378985.099999998,697a707b5bc42b2987347880,697a707b5bc42b2987347880,intermediate,3,697a707b5bc42b2987347880,697a707b5bc42b2987347880,spotlight_PROLIFIC,,30,Brasil,Português Brasil ,"Português Brasil, inglês ",inglês,Português Brasil:80|English:10|inglês:10,100,Português Brasil:80|English:10|inglês:10,100,Português Brasil:100|English:0|inglês:0,100,17,5,Bachelor's,10,10,10,5,6,8,12,28,28,28,Duolingo,90,,,,,16,25,B1,elementary|intermediate,elementary|intermediate,cambridge_15_21_random_elementary_intermediate,4,19,random,,105.25694274902344,285.5486145019531,126.59027671813965,352.6388931274414,2,2,,,,,,,,,,,,2026-07-06T21:59:09.647Z,QGFAEPFN,2026-07-06,2026-07-06,18:59:09,2026-07-06 18:59:09,,,,,,,,697a707b5bc42b2987347880,697a707b5bc42b2987347880,,,,
20847,raw_position_sample,2,2,int,18,3,17,18,15, policing ,306,134,4379033.099999998,697a707b5bc42b2987347880,697a707b5bc42b2987347880,intermediate,3,697a707b5bc42b2987347880,697a707b5bc42b2987347880,spotlight_PROLIFIC,,30,Brasil,Português Brasil ,"Português Brasil, inglês ",inglês,Português Brasil:80|English:10|inglês:10,100,Português Brasil:80|English:10|inglês:10,100,Português Brasil:100|English:0|inglês:0,100,17,5,Bachelor's,10,10,10,5,6,8,12,28,28,28,Duolingo,90,,,,,16,25,B1,elementary|intermediate,elementary|intermediate,cambridge_15_21_random_elementary_intermediate,4,19,random,,105.25694274902344,285.5486145019531,126.59027671813965,352.6388931274414,2,2,,,,,,,,,,,,2026-07-06T21:59:09.647Z,QGFAEPFN,2026-07-06,2026-07-06,18:59:09,2026-07-06 18:59:09,,,,,,,,697a707b5bc42b2987347880,697a707b5bc42b2987347880,,,,
20869,hover_association,2,2,int,18,3,17,18,15, policing ,345,132,,697a707b5bc42b2987347880,697a707b5bc42b2987347880,intermediate,3,697a707b5bc42b2987347880,697a707b5bc42b2987347880,spotlight_PROLIFIC,,30,Brasil,Português Brasil ,"Português Brasil, inglês ",inglês,Português Brasil:80|English:10|inglês:10,100,Português Brasil:80|English:10|inglês:10,100,Português Brasil:100|English:0|inglês:0,100,17,5,Bachelor's,10,10,10,5,6,8,12,28,28,28,Duolingo,90,,,,,16,25,B1,elementary|intermediate,elementary|intermediate,cambridge_15_21_random_elementary_intermediate,4,19,random,,95.92360973358154,285.5486145019531,135.92360973358154,352.63888931274414,2,2,hover,82.20000000298023,82.20000000298023,0.0514439016352299,0.9769097566604614,106,,,,,,2026-07-06T21:59:09.647Z,QGFAEPFN,2026-07-06,2026-07-06,18:59:09,2026-07-06 18:59:09,,,,,,,,697a707b5bc42b2987347880,697a707b5bc42b2987347880,,,,
20896,raw_position_sample,2,2,int,18,3,17,18,14, better ,263,135,4379082.599999998,697a707b5bc42b2987347880,697a707b5bc42b2987347880,intermediate,3,697a707b5bc42b2987347880,697a707b5bc42b2987347880,spotlight_PROLIFIC,,30,Brasil,Português Brasil ,"Português Brasil, inglês ",inglês,Português Brasil:80|English:10|inglês:10,100,Português Brasil:80|English:10|inglês:10,100,Português Brasil:100|English:0|inglês:0,100,17,5,Bachelor's,10,10,10,5,6,8,12,28,28,28,Duolingo,90,,,,,16,25,B1,elementary|intermediate,elementary|intermediate,cambridge_15_21_random_elementary_intermediate,4,19,random,,105.25694274902344,234.18055725097656,126.59027671813965,285.5486145019531,2,1,,,,,,,,,,,,2026-07-06T21:59:09.647Z,QGFAEPFN,2026-07-06,2026-07-06,18:59:09,2026-07-06 18:59:09,,,,,,,,697a707b5bc42b2987347880,697a707b5bc42b2987347880,,,,
20920,hover_association,2,2,int,18,3,17,18,14, better ,280,135,,697a707b5bc42b2987347880,697a707b5bc42b2987347880,intermediate,3,697a707b5bc42b2987347880,697a707b5bc42b2987347880,spotlight_PROLIFIC,,30,Brasil,Português Brasil ,"Português Brasil, inglês ",inglês,Português Brasil:80|English:10|inglês:10,100,Português Brasil:80|English:10|inglês:10,100,Português Brasil:100|English:0|inglês:0,100,17,5,Bachelor's,10,10,10,5,6,8,12,28,28,28,Duolingo,90,,,,,16,25,B1,elementary|intermediate,elementary|intermediate,cambridge_15_21_random_elementary_intermediate,4,19,random,,95.92360973358154,230.25173786708288,135.92360973358154,285.5486145019531,2,1,hover,51.399999998509884,51.399999998509884,0.48372103020461826,0.9769097566604614,106,,,,,,2026-07-06T21:59:09.647Z,QGFAEPFN,2026-07-06,2026-07-06,18:59:09,2026-07-06 18:59:09,,,,,,,,697a707b5bc42b2987347880,697a707b5bc42b2987347880,,,,
20945,raw_position_sample,2,2,int,18,3,17,18,27, where ,243,137,4379131.699999999,697a707b5bc42b2987347880,697a707b5bc42b2987347880,intermediate,3,697a707b5bc42b2987347880,697a707b5bc42b2987347880,spotlight_PROLIFIC,,30,Brasil,Português Brasil ,"Português Brasil, inglês ",inglês,Português Brasil:80|English:10|inglês:10,100,Português Brasil:80|English:10|inglês:10,100,Português Brasil:100|English:0|inglês:0,100,17,5,Bachelor's,10,10,10,5,6,8,12,28,28,28,Duolingo,90,,,,,16,25,B1,elementary|intermediate,elementary|intermediate,cambridge_15_21_random_elementary_intermediate,4,19,random,,145.25694274902344,234.18055725097656,166.59027671813965,287.00000381469727,3,1,,,,,,,,,,,,2026-07-06T21:59:09.647Z,QGFAEPFN,2026-07-06,2026-07-06,18:59:09,2026-07-06 18:59:09,,,,,,,,697a707b5bc42b2987347880,697a707b5bc42b2987347880,,,,
20971,hover_association,2,2,int,18,3,17,18,27, where ,248,136,,697a707b5bc42b2987347880,697a707b5bc42b2987347880,intermediate,3,697a707b5bc42b2987347880,697a707b5bc42b2987347880,spotlight_PROLIFIC,,30,Brasil,Português Brasil ,"Português Brasil, inglês ",inglês,Português Brasil:80|English:10|inglês:10,100,Português Brasil:80|English:10|inglês:10,100,Português Brasil:100|English:0|inglês:0,100,17,5,Bachelor's,10,10,10,5,6,8,12,28,28,28,Duolingo,90,,,,,16,25,B1,elementary|intermediate,elementary|intermediate,cambridge_15_21_random_elementary_intermediate,4,19,random,,135.92360973358154,230.25173786708288,175.92360973358154,287.00000190734863,3,1,hover,49.69999999925494,49.69999999925494,0.08367237682456662,0.07690975666046143,106,,,,,,2026-07-06T21:59:09.647Z,QGFAEPFN,2026-07-06,2026-07-06,18:59:09,2026-07-06 18:59:09,,,,,,,,697a707b5bc42b2987347880,697a707b5bc42b2987347880,,,,
20995,raw_position_sample,2,2,int,18,3,17,18,-1,999,225,140,4379181.199999999,697a707b5bc42b2987347880,697a707b5bc42b2987347880,intermediate,3,697a707b5bc42b2987347880,697a707b5bc42b2987347880,spotlight_PROLIFIC,,30,Brasil,Português Brasil ,"Português Brasil, inglês ",inglês,Português Brasil:80|English:10|inglês:10,100,Português Brasil:80|English:10|inglês:10,100,Português Brasil:100|English:0|inglês:0,100,17,5,Bachelor's,10,10,10,5,6,8,12,28,28,28,Duolingo,90,,,,,16,25,B1,elementary|intermediate,elementary|intermediate,cambridge_15_21_random_elementary_intermediate,4,19,random,,,,,,,,,,,,,,,,,,,2026-07-06T21:59:09.647Z,QGFAEPFN,2026-07-06,2026-07-06,18:59:09,2026-07-06 18:59:09,,,,,,,,697a707b5bc42b2987347880,697a707b5bc42b2987347880,,,,
21045,raw_position_sample,2,2,int,18,3,17,18,-1,999,204,145,4379231.299999997,697a707b5bc42b2987347880,697a707b5bc42b2987347880,intermediate,3,697a707b5bc42b2987347880,697a707b5bc42b2987347880,spotlight_PROLIFIC,,30,Brasil,Português Brasil ,"Português Brasil, inglês ",inglês,Português Brasil:80|English:10|inglês:10,100,Português Brasil:80|English:10|inglês:10,100,Português Brasil:100|English:0|inglês:0,100,17,5,Bachelor's,10,10,10,5,6,8,12,28,28,28,Duolingo,90,,,,,16,25,B1,elementary|intermediate,elementary|intermediate,cambridge_15_21_random_elementary_intermediate,4,19,random,,,,,,,,,,,,,,,,,,,2026-07-06T21:59:09.647Z,QGFAEPFN,2026-07-06,2026-07-06,18:59:09,2026-07-06 18:59:09,,,,,,,,697a707b5bc42b2987347880,697a707b5bc42b2987347880,,,,
21095,raw_position_sample,2,2,int,18,3,17,18,-1,999,191,149,4379281.099999998,697a707b5bc42b2987347880,697a707b5bc42b2987347880,intermediate,3,697a707b5bc42b2987347880,697a707b5bc42b2987347880,spotlight_PROLIFIC,,30,Brasil,Português Brasil ,"Português Brasil, inglês ",inglês,Português Brasil:80|English:10|inglês:10,100,Português Brasil:80|English:10|inglês:10,100,Português Brasil:100|English:0|inglês:0,100,17,5,Bachelor's,10,10,10,5,6,8,12,28,28,28,Duolingo,90,,,,,16,25,B1,elementary|intermediate,elementary|intermediate,cambridge_15_21_random_elementary_intermediate,4,19,random,,,,,,,,,,,,,,,,,,,2026-07-06T21:59:09.647Z,QGFAEPFN,2026-07-06,2026-07-06,18:59:09,2026-07-06 18:59:09,,,,,,,,697a707b5bc42b2987347880,697a707b5bc42b2987347880,,,,
21144,raw_position_sample,2,2,int,18,3,17,18,-1,999,173,153,4379330.5,697a707b5bc42b2987347880,697a707b5bc42b2987347880,intermediate,3,697a707b5bc42b2987347880,697a707b5bc42b2987347880,spotlight_PROLIFIC,,30,Brasil,Português Brasil ,"Português Brasil, inglês ",inglês,Português Brasil:80|English:10|inglês:10,100,Português Brasil:80|English:10|inglês:10,100,Português Brasil:100|English:0|inglês:0,100,17,5,Bachelor's,10,10,10,5,6,8,12,28,28,28,Duolingo,90,,,,,16,25,B1,elementary|intermediate,elementary|intermediate,cambridge_15_21_random_elementary_intermediate,4,19,random,,,,,,,,,,,,,,,,,,,2026-07-06T21:59:09.647Z,QGFAEPFN,2026-07-06,2026-07-06,18:59:09,2026-07-06 18:59:09,,,,,,,,697a707b5bc42b2987347880,697a707b5bc42b2987347880,,,,
21194,raw_position_sample,2,2,int,18,3,17,18,-1,999,171,153,4379380.599999998,697a707b5bc42b2987347880,697a707b5bc42b2987347880,intermediate,3,697a707b5bc42b2987347880,697a707b5bc42b2987347880,spotlight_PROLIFIC,,30,Brasil,Português Brasil ,"Português Brasil, inglês ",inglês,Português Brasil:80|English:10|inglês:10,100,Português Brasil:80|English:10|inglês:10,100,Português Brasil:100|English:0|inglês:0,100,17,5,Bachelor's,10,10,10,5,6,8,12,28,28,28,Duolingo,90,,,,,16,25,B1,elementary|intermediate,elementary|intermediate,cambridge_15_21_random_elementary_intermediate,4,19,random,,,,,,,,,,,,,,,,,,,2026-07-06T21:59:09.647Z,QGFAEPFN,2026-07-06,2026-07-06,18:59:09,2026-07-06 18:59:09,,,,,,,,697a707b5bc42b2987347880,697a707b5bc42b2987347880,,,,
21245,raw_position_sample,2,2,int,18,3,17,18,-1,999,171,153,4379430.8999999985,697a707b5bc42b2987347880,697a707b5bc42b2987347880,intermediate,3,697a707b5bc42b2987347880,697a707b5bc42b2987347880,spotlight_PROLIFIC,,30,Brasil,Português Brasil ,"Português Brasil, inglês ",inglês,Português Brasil:80|English:10|inglês:10,100,Português Brasil:80|English:10|inglês:10,100,Português Brasil:100|English:0|inglês:0,100,17,5,Bachelor's,10,10,10,5,6,8,12,28,28,28,Duolingo,90,,,,,16,25,B1,elementary|intermediate,elementary|intermediate,cambridge_15_21_random_elementary_intermediate,4,19,random,,,,,,,,,,,,,,,,,,,2026-07-06T21:59:09.647Z,QGFAEPFN,2026-07-06,2026-07-06,18:59:09,2026-07-06 18:59:09,,,,,,,,697a707b5bc42b2987347880,697a707b5bc42b2987347880,,,,
21294,raw_position_sample,2,2,int,18,3,17,18,-1,999,171,155,4379480.599999998,697a707b5bc42b2987347880,697a707b5bc42b2987347880,intermediate,3,697a707b5bc42b2987347880,697a707b5bc42b2987347880,spotlight_PROLIFIC,,30,Brasil,Português Brasil ,"Português Brasil, inglês ",inglês,Português Brasil:80|English:10|inglês:10,100,Português Brasil:80|English:10|inglês:10,100,Português Brasil:100|English:0|inglês:0,100,17,5,Bachelor's,10,10,10,5,6,8,12,28,28,28,Duolingo,90,,,,,16,25,B1,elementary|intermediate,elementary|intermediate,cambridge_15_21_random_elementary_intermediate,4,19,random,,,,,,,,,,,,,,,,,,,2026-07-06T21:59:09.647Z,QGFAEPFN,2026-07-06,2026-07-06,18:59:09,2026-07-06 18:59:09,,,,,,,,697a707b5bc42b2987347880,697a707b5bc42b2987347880,,,,
21345,raw_position_sample,2,2,int,18,3,17,18,-1,999,171,155,4379531.099999998,697a707b5bc42b2987347880,697a707b5bc42b2987347880,intermediate,3,697a707b5bc42b2987347880,697a707b5bc42b2987347880,spotlight_PROLIFIC,,30,Brasil,Português Brasil ,"Português Brasil, inglês ",inglês,Português Brasil:80|English:10|inglês:10,100,Português Brasil:80|English:10|inglês:10,100,Português Brasil:100|English:0|inglês:0,100,17,5,Bachelor's,10,10,10,5,6,8,12,28,28,28,Duolingo,90,,,,,16,25,B1,elementary|intermediate,elementary|intermediate,cambridge_15_21_random_elementary_intermediate,4,19,random,,,,,,,,,,,,,,,,,,,2026-07-06T21:59:09.647Z,QGFAEPFN,2026-07-06,2026-07-06,18:59:09,2026-07-06 18:59:09,,,,,,,,697a707b5bc42b2987347880,697a707b5bc42b2987347880,,,,
21399,raw_position_sample,2,2,int,18,3,17,18,-1,999,176,156,4379585,697a707b5bc42b2987347880,697a707b5bc42b2987347880,intermediate,3,697a707b5bc42b2987347880,697a707b5bc42b2987347880,spotlight_PROLIFIC,,30,Brasil,Português Brasil ,"Português Brasil, inglês ",inglês,Português Brasil:80|English:10|inglês:10,100,Português Brasil:80|English:10|inglês:10,100,Português Brasil:100|English:0|inglês:0,100,17,5,Bachelor's,10,10,10,5,6,8,12,28,28,28,Duolingo,90,,,,,16,25,B1,elementary|intermediate,elementary|intermediate,cambridge_15_21_random_elementary_intermediate,4,19,random,,,,,,,,,,,,,,,,,,,2026-07-06T21:59:09.647Z,QGFAEPFN,2026-07-06,2026-07-06,18:59:09,2026-07-06 18:59:09,,,,,,,,697a707b5bc42b2987347880,697a707b5bc42b2987347880,,,,
21445,raw_position_sample,2,2,int,18,3,17,18,-1,999,185,155,4379631.5,697a707b5bc42b2987347880,697a707b5bc42b2987347880,intermediate,3,697a707b5bc42b2987347880,697a707b5bc42b2987347880,spotlight_PROLIFIC,,30,Brasil,Português Brasil ,"Português Brasil, inglês ",inglês,Português Brasil:80|English:10|inglês:10,100,Português Brasil:80|English:10|inglês:10,100,Português Brasil:100|English:0|inglês:0,100,17,5,Bachelor's,10,10,10,5,6,8,12,28,28,28,Duolingo,90,,,,,16,25,B1,elementary|intermediate,elementary|intermediate,cambridge_15_21_random_elementary_intermediate,4,19,random,,,,,,,,,,,,,,,,,,,2026-07-06T21:59:09.647Z,QGFAEPFN,2026-07-06,2026-07-06,18:59:09,2026-07-06 18:59:09,,,,,,,,697a707b5bc42b2987347880,697a707b5bc42b2987347880,,,,
21495,raw_position_sample,2,2,int,18,3,17,18,-1,999,190,153,4379681.199999999,697a707b5bc42b2987347880,697a707b5bc42b2987347880,intermediate,3,697a707b5bc42b2987347880,697a707b5bc42b2987347880,spotlight_PROLIFIC,,30,Brasil,Português Brasil ,"Português Brasil, inglês ",inglês,Português Brasil:80|English:10|inglês:10,100,Português Brasil:80|English:10|inglês:10,100,Português Brasil:100|English:0|inglês:0,100,17,5,Bachelor's,10,10,10,5,6,8,12,28,28,28,Duolingo,90,,,,,16,25,B1,elementary|intermediate,elementary|intermediate,cambridge_15_21_random_elementary_intermediate,4,19,random,,,,,,,,,,,,,,,,,,,2026-07-06T21:59:09.647Z,QGFAEPFN,2026-07-06,2026-07-06,18:59:09,2026-07-06 18:59:09,,,,,,,,697a707b5bc42b2987347880,697a707b5bc42b2987347880,,,,
21546,raw_position_sample,2,2,int,18,3,17,18,-1,999,194,153,4379732.299999997,697a707b5bc42b2987347880,697a707b5bc42b2987347880,intermediate,3,697a707b5bc42b2987347880,697a707b5bc42b2987347880,spotlight_PROLIFIC,,30,Brasil,Português Brasil ,"Português Brasil, inglês ",inglês,Português Brasil:80|English:10|inglês:10,100,Português Brasil:80|English:10|inglês:10,100,Português Brasil:100|English:0|inglês:0,100,17,5,Bachelor's,10,10,10,5,6,8,12,28,28,28,Duolingo,90,,,,,16,25,B1,elementary|intermediate,elementary|intermediate,cambridge_15_21_random_elementary_intermediate,4,19,random,,,,,,,,,,,,,,,,,,,2026-07-06T21:59:09.647Z,QGFAEPFN,2026-07-06,2026-07-06,18:59:09,2026-07-06 18:59:09,,,,,,,,697a707b5bc42b2987347880,697a707b5bc42b2987347880,,,,
21595,raw_position_sample,2,2,int,18,3,17,18,-1,999,203,151,4379781,697a707b5bc42b2987347880,697a707b5bc42b2987347880,intermediate,3,697a707b5bc42b2987347880,697a707b5bc42b2987347880,spotlight_PROLIFIC,,30,Brasil,Português Brasil ,"Português Brasil, inglês ",inglês,Português Brasil:80|English:10|inglês:10,100,Português Brasil:80|English:10|inglês:10,100,Português Brasil:100|English:0|inglês:0,100,17,5,Bachelor's,10,10,10,5,6,8,12,28,28,28,Duolingo,90,,,,,16,25,B1,elementary|intermediate,elementary|intermediate,cambridge_15_21_random_elementary_intermediate,4,19,random,,,,,,,,,,,,,,,,,,,2026-07-06T21:59:09.647Z,QGFAEPFN,2026-07-06,2026-07-06,18:59:09,2026-07-06 18:59:09,,,,,,,,697a707b5bc42b2987347880,697a707b5bc42b2987347880,,,,
21644,raw_position_sample,2,2,int,18,3,17,18,-1,999,216,148,4379830.3999999985,697a707b5bc42b2987347880,697a707b5bc42b2987347880,intermediate,3,697a707b5bc42b2987347880,697a707b5bc42b2987347880,spotlight_PROLIFIC,,30,Brasil,Português Brasil ,"Português Brasil, inglês ",inglês,Português Brasil:80|English:10|inglês:10,100,Português Brasil:80|English:10|inglês:10,100,Português Brasil:100|English:0|inglês:0,100,17,5,Bachelor's,10,10,10,5,6,8,12,28,28,28,Duolingo,90,,,,,16,25,B1,elementary|intermediate,elementary|intermediate,cambridge_15_21_random_elementary_intermediate,4,19,random,,,,,,,,,,,,,,,,,,,2026-07-06T21:59:09.647Z,QGFAEPFN,2026-07-06,2026-07-06,18:59:09,2026-07-06 18:59:09,,,,,,,,697a707b5bc42b2987347880,697a707b5bc42b2987347880,,,,
21697,raw_position_sample,2,2,int,18,3,17,18,27, where ,233,148,4379883,697a707b5bc42b2987347880,697a707b5bc42b2987347880,intermediate,3,697a707b5bc42b2987347880,697a707b5bc42b2987347880,spotlight_PROLIFIC,,30,Brasil,Português Brasil ,"Português Brasil, inglês ",inglês,Português Brasil:80|English:10|inglês:10,100,Português Brasil:80|English:10|inglês:10,100,Português Brasil:100|English:0|inglês:0,100,17,5,Bachelor's,10,10,10,5,6,8,12,28,28,28,Duolingo,90,,,,,16,25,B1,elementary|intermediate,elementary|intermediate,cambridge_15_21_random_elementary_intermediate,4,19,random,,145.25694274902344,234.18055725097656,166.59027671813965,287.00000381469727,3,1,,,,,,,,,,,,2026-07-06T21:59:09.647Z,QGFAEPFN,2026-07-06,2026-07-06,18:59:09,2026-07-06 18:59:09,,,,,,,,697a707b5bc42b2987347880,697a707b5bc42b2987347880,,,,
21746,raw_position_sample,2,2,int,18,3,17,18,27, where ,241,148,4379932.5,697a707b5bc42b2987347880,697a707b5bc42b2987347880,intermediate,3,697a707b5bc42b2987347880,697a707b5bc42b2987347880,spotlight_PROLIFIC,,30,Brasil,Português Brasil ,"Português Brasil, inglês ",inglês,Português Brasil:80|English:10|inglês:10,100,Português Brasil:80|English:10|inglês:10,100,Português Brasil:100|English:0|inglês:0,100,17,5,Bachelor's,10,10,10,5,6,8,12,28,28,28,Duolingo,90,,,,,16,25,B1,elementary|intermediate,elementary|intermediate,cambridge_15_21_random_elementary_intermediate,4,19,random,,145.25694274902344,234.18055725097656,166.59027671813965,287.00000381469727,3,1,,,,,,,,,,,,2026-07-06T21:59:09.647Z,QGFAEPFN,2026-07-06,2026-07-06,18:59:09,2026-07-06 18:59:09,,,,,,,,697a707b5bc42b2987347880,697a707b5bc42b2987347880,,,,
21796,raw_position_sample,2,2,int,18,3,17,18,27, where ,250,149,4379982.299999997,697a707b5bc42b2987347880,697a707b5bc42b2987347880,intermediate,3,697a707b5bc42b2987347880,697a707b5bc42b2987347880,spotlight_PROLIFIC,,30,Brasil,Português Brasil ,"Português Brasil, inglês ",inglês,Português Brasil:80|English:10|inglês:10,100,Português Brasil:80|English:10|inglês:10,100,Português Brasil:100|English:0|inglês:0,100,17,5,Bachelor's,10,10,10,5,6,8,12,28,28,28,Duolingo,90,,,,,16,25,B1,elementary|intermediate,elementary|intermediate,cambridge_15_21_random_elementary_intermediate,4,19,random,,145.25694274902344,234.18055725097656,166.59027671813965,287.00000381469727,3,1,,,,,,,,,,,,2026-07-06T21:59:09.647Z,QGFAEPFN,2026-07-06,2026-07-06,18:59:09,2026-07-06 18:59:09,,,,,,,,697a707b5bc42b2987347880,697a707b5bc42b2987347880,,,,
21845,raw_position_sample,2,2,int,18,3,17,18,27, where ,255,151,4380031.599999998,697a707b5bc42b2987347880,697a707b5bc42b2987347880,intermediate,3,697a707b5bc42b2987347880,697a707b5bc42b2987347880,spotlight_PROLIFIC,,30,Brasil,Português Brasil ,"Português Brasil, inglês ",inglês,Português Brasil:80|English:10|inglês:10,100,Português Brasil:80|English:10|inglês:10,100,Português Brasil:100|English:0|inglês:0,100,17,5,Bachelor's,10,10,10,5,6,8,12,28,28,28,Duolingo,90,,,,,16,25,B1,elementary|intermediate,elementary|intermediate,cambridge_15_21_random_elementary_intermediate,4,19,random,,145.25694274902344,234.18055725097656,166.59027671813965,287.00000381469727,3,1,,,,,,,,,,,,2026-07-06T21:59:09.647Z,QGFAEPFN,2026-07-06,2026-07-06,18:59:09,2026-07-06 18:59:09,,,,,,,,697a707b5bc42b2987347880,697a707b5bc42b2987347880,,,,
21896,raw_position_sample,2,2,int,18,3,17,18,27, where ,253,148,4380081.799999997,697a707b5bc42b2987347880,697a707b5bc42b2987347880,intermediate,3,697a707b5bc42b2987347880,697a707b5bc42b2987347880,spotlight_PROLIFIC,,30,Brasil,Português Brasil ,"Português Brasil, inglês ",inglês,Português Brasil:80|English:10|inglês:10,100,Português Brasil:80|English:10|inglês:10,100,Português Brasil:100|English:0|inglês:0,100,17,5,Bachelor's,10,10,10,5,6,8,12,28,28,28,Duolingo,90,,,,,16,25,B1,elementary|intermediate,elementary|intermediate,cambridge_15_21_random_elementary_intermediate,4,19,random,,145.25694274902344,234.18055725097656,166.59027671813965,287.00000381469727,3,1,,,,,,,,,,,,2026-07-06T21:59:09.647Z,QGFAEPFN,2026-07-06,2026-07-06,18:59:09,2026-07-06 18:59:09,,,,,,,,697a707b5bc42b2987347880,697a707b5bc42b2987347880,,,,
21954,raw_position_sample,2,2,int,18,3,17,18,27, where ,253,146,4380140.299999997,697a707b5bc42b2987347880,697a707b5bc42b2987347880,intermediate,3,697a707b5bc42b2987347880,697a707b5bc42b2987347880,spotlight_PROLIFIC,,30,Brasil,Português Brasil ,"Português Brasil, inglês ",inglês,Português Brasil:80|English:10|inglês:10,100,Português Brasil:80|English:10|inglês:10,100,Português Brasil:100|English:0|inglês:0,100,17,5,Bachelor's,10,10,10,5,6,8,12,28,28,28,Duolingo,90,,,,,16,25,B1,elementary|intermediate,elementary|intermediate,cambridge_15_21_random_elementary_intermediate,4,19,random,,145.25694274902344,234.18055725097656,166.59027671813965,287.00000381469727,3,1,,,,,,,,,,,,2026-07-06T21:59:09.647Z,QGFAEPFN,2026-07-06,2026-07-06,18:59:09,2026-07-06 18:59:09,,,,,,,,697a707b5bc42b2987347880,697a707b5bc42b2987347880,,,,
21999,raw_position_sample,2,2,int,18,3,17,18,27, where ,255,146,4380185.599999998,697a707b5bc42b2987347880,697a707b5bc42b2987347880,intermediate,3,697a707b5bc42b2987347880,697a707b5bc42b2987347880,spotlight_PROLIFIC,,30,Brasil,Português Brasil ,"Português Brasil, inglês ",inglês,Português Brasil:80|English:10|inglês:10,100,Português Brasil:80|English:10|inglês:10,100,Português Brasil:100|English:0|inglês:0,100,17,5,Bachelor's,10,10,10,5,6,8,12,28,28,28,Duolingo,90,,,,,16,25,B1,elementary|intermediate,elementary|intermediate,cambridge_15_21_random_elementary_intermediate,4,19,random,,145.25694274902344,234.18055725097656,166.59027671813965,287.00000381469727,3,1,,,,,,,,,,,,2026-07-06T21:59:09.647Z,QGFAEPFN,2026-07-06,2026-07-06,18:59:09,2026-07-06 18:59:09,,,,,,,,697a707b5bc42b2987347880,697a707b5bc42b2987347880,,,,
22051,raw_position_sample,2,2,int,18,3,17,18,27, where ,261,147,4380237.3999999985,697a707b5bc42b2987347880,697a707b5bc42b2987347880,intermediate,3,697a707b5bc42b2987347880,697a707b5bc42b2987347880,spotlight_PROLIFIC,,30,Brasil,Português Brasil ,"Português Brasil, inglês ",inglês,Português Brasil:80|English:10|inglês:10,100,Português Brasil:80|English:10|inglês:10,100,Português Brasil:100|English:0|inglês:0,100,17,5,Bachelor's,10,10,10,5,6,8,12,28,28,28,Duolingo,90,,,,,16,25,B1,elementary|intermediate,elementary|intermediate,cambridge_15_21_random_elementary_intermediate,4,19,random,,145.25694274902344,234.18055725097656,166.59027671813965,287.00000381469727,3,1,,,,,,,,,,,,2026-07-06T21:59:09.647Z,QGFAEPFN,2026-07-06,2026-07-06,18:59:09,2026-07-06 18:59:09,,,,,,,,697a707b5bc42b2987347880,697a707b5bc42b2987347880,,,,
22100,raw_position_sample,2,2,int,18,3,17,18,27, where ,266,150,4380286,697a707b5bc42b2987347880,697a707b5bc42b2987347880,intermediate,3,697a707b5bc42b2987347880,697a707b5bc42b2987347880,spotlight_PROLIFIC,,30,Brasil,Português Brasil ,"Português Brasil, inglês ",inglês,Português Brasil:80|English:10|inglês:10,100,Português Brasil:80|English:10|inglês:10,100,Português Brasil:100|English:0|inglês:0,100,17,5,Bachelor's,10,10,10,5,6,8,12,28,28,28,Duolingo,90,,,,,16,25,B1,elementary|intermediate,elementary|intermediate,cambridge_15_21_random_elementary_intermediate,4,19,random,,145.25694274902344,234.18055725097656,166.59027671813965,287.00000381469727,3,1,,,,,,,,,,,,2026-07-06T21:59:09.647Z,QGFAEPFN,2026-07-06,2026-07-06,18:59:09,2026-07-06 18:59:09,,,,,,,,697a707b5bc42b2987347880,697a707b5bc42b2987347880,,,,
22145,raw_position_sample,2,2,int,18,3,17,18,27, where ,269,149,4380330.8999999985,697a707b5bc42b2987347880,697a707b5bc42b2987347880,intermediate,3,697a707b5bc42b2987347880,697a707b5bc42b2987347880,spotlight_PROLIFIC,,30,Brasil,Português Brasil ,"Português Brasil, inglês ",inglês,Português Brasil:80|English:10|inglês:10,100,Português Brasil:80|English:10|inglês:10,100,Português Brasil:100|English:0|inglês:0,100,17,5,Bachelor's,10,10,10,5,6,8,12,28,28,28,Duolingo,90,,,,,16,25,B1,elementary|intermediate,elementary|intermediate,cambridge_15_21_random_elementary_intermediate,4,19,random,,145.25694274902344,234.18055725097656,166.59027671813965,287.00000381469727,3,1,,,,,,,,,,,,2026-07-06T21:59:09.647Z,QGFAEPFN,2026-07-06,2026-07-06,18:59:09,2026-07-06 18:59:09,,,,,,,,697a707b5bc42b2987347880,697a707b5bc42b2987347880,,,,
22200,raw_position_sample,2,2,int,18,3,17,18,27, where ,266,144,4380385.8999999985,697a707b5bc42b2987347880,697a707b5bc42b2987347880,intermediate,3,697a707b5bc42b2987347880,697a707b5bc42b2987347880,spotlight_PROLIFIC,,30,Brasil,Português Brasil ,"Português Brasil, inglês ",inglês,Português Brasil:80|English:10|inglês:10,100,Português Brasil:80|English:10|inglês:10,100,Português Brasil:100|English:0|inglês:0,100,17,5,Bachelor's,10,10,10,5,6,8,12,28,28,28,Duolingo,90,,,,,16,25,B1,elementary|intermediate,elementary|intermediate,cambridge_15_21_random_elementary_intermediate,4,19,random,,145.25694274902344,234.18055725097656,166.59027671813965,287.00000381469727,3,1,,,,,,,,,,,,2026-07-06T21:59:09.647Z,QGFAEPFN,2026-07-06,2026-07-06,18:59:09,2026-07-06 18:59:09,,,,,,,,697a707b5bc42b2987347880,697a707b5bc42b2987347880,,,,
22248,raw_position_sample,2,2,int,18,3,17,18,27, where ,279,146,4380434.299999997,697a707b5bc42b2987347880,697a707b5bc42b2987347880,intermediate,3,697a707b5bc42b2987347880,697a707b5bc42b2987347880,spotlight_PROLIFIC,,30,Brasil,Português Brasil ,"Português Brasil, inglês ",inglês,Português Brasil:80|English:10|inglês:10,100,Português Brasil:80|English:10|inglês:10,100,Português Brasil:100|English:0|inglês:0,100,17,5,Bachelor's,10,10,10,5,6,8,12,28,28,28,Duolingo,90,,,,,16,25,B1,elementary|intermediate,elementary|intermediate,cambridge_15_21_random_elementary_intermediate,4,19,random,,145.25694274902344,234.18055725097656,166.59027671813965,287.00000381469727,3,1,,,,,,,,,,,,2026-07-06T21:59:09.647Z,QGFAEPFN,2026-07-06,2026-07-06,18:59:09,2026-07-06 18:59:09,,,,,,,,697a707b5bc42b2987347880,697a707b5bc42b2987347880,,,,
22286,hover_association,2,2,int,18,3,17,18,27, where ,233,148,,697a707b5bc42b2987347880,697a707b5bc42b2987347880,intermediate,3,697a707b5bc42b2987347880,697a707b5bc42b2987347880,spotlight_PROLIFIC,,30,Brasil,Português Brasil ,"Português Brasil, inglês ",inglês,Português Brasil:80|English:10|inglês:10,100,Português Brasil:80|English:10|inglês:10,100,Português Brasil:100|English:0|inglês:0,100,17,5,Bachelor's,10,10,10,5,6,8,12,28,28,28,Duolingo,90,,,,,16,25,B1,elementary|intermediate,elementary|intermediate,cambridge_15_21_random_elementary_intermediate,4,19,random,,135.92360973358154,230.25173786708288,175.92360973358154,287.00000190734863,3,1,hover,599.1000000014901,599.1000000014901,0.9823782819745979,0.3269097566604614,106,,,,,,2026-07-06T21:59:09.647Z,QGFAEPFN,2026-07-06,2026-07-06,18:59:09,2026-07-06 18:59:09,,,,,,,,697a707b5bc42b2987347880,697a707b5bc42b2987347880,,,,
22295,raw_position_sample,2,2,int,18,3,17,18,28, forests ,289,149,4380481.199999999,697a707b5bc42b2987347880,697a707b5bc42b2987347880,intermediate,3,697a707b5bc42b2987347880,697a707b5bc42b2987347880,spotlight_PROLIFIC,,30,Brasil,Português Brasil ,"Português Brasil, inglês ",inglês,Português Brasil:80|English:10|inglês:10,100,Português Brasil:80|English:10|inglês:10,100,Português Brasil:100|English:0|inglês:0,100,17,5,Bachelor's,10,10,10,5,6,8,12,28,28,28,Duolingo,90,,,,,16,25,B1,elementary|intermediate,elementary|intermediate,cambridge_15_21_random_elementary_intermediate,4,19,random,,145.25694274902344,287,166.59027671813965,347.68055725097656,3,2,,,,,,,,,,,,2026-07-06T21:59:09.647Z,QGFAEPFN,2026-07-06,2026-07-06,18:59:09,2026-07-06 18:59:09,,,,,,,,697a707b5bc42b2987347880,697a707b5bc42b2987347880,,,,
22348,raw_position_sample,2,2,int,18,3,17,18,28, forests ,302,152,4380534,697a707b5bc42b2987347880,697a707b5bc42b2987347880,intermediate,3,697a707b5bc42b2987347880,697a707b5bc42b2987347880,spotlight_PROLIFIC,,30,Brasil,Português Brasil ,"Português Brasil, inglês ",inglês,Português Brasil:80|English:10|inglês:10,100,Português Brasil:80|English:10|inglês:10,100,Português Brasil:100|English:0|inglês:0,100,17,5,Bachelor's,10,10,10,5,6,8,12,28,28,28,Duolingo,90,,,,,16,25,B1,elementary|intermediate,elementary|intermediate,cambridge_15_21_random_elementary_intermediate,4,19,random,,145.25694274902344,287,166.59027671813965,347.68055725097656,3,2,,,,,,,,,,,,2026-07-06T21:59:09.647Z,QGFAEPFN,2026-07-06,2026-07-06,18:59:09,2026-07-06 18:59:09,,,,,,,,697a707b5bc42b2987347880,697a707b5bc42b2987347880,,,,
22397,raw_position_sample,2,2,int,18,3,17,18,28, forests ,308,153,4380583.5,697a707b5bc42b2987347880,697a707b5bc42b2987347880,intermediate,3,697a707b5bc42b2987347880,697a707b5bc42b2987347880,spotlight_PROLIFIC,,30,Brasil,Português Brasil ,"Português Brasil, inglês ",inglês,Português Brasil:80|English:10|inglês:10,100,Português Brasil:80|English:10|inglês:10,100,Português Brasil:100|English:0|inglês:0,100,17,5,Bachelor's,10,10,10,5,6,8,12,28,28,28,Duolingo,90,,,,,16,25,B1,elementary|intermediate,elementary|intermediate,cambridge_15_21_random_elementary_intermediate,4,19,random,,145.25694274902344,287,166.59027671813965,347.68055725097656,3,2,,,,,,,,,,,,2026-07-06T21:59:09.647Z,QGFAEPFN,2026-07-06,2026-07-06,18:59:09,2026-07-06 18:59:09,,,,,,,,697a707b5bc42b2987347880,697a707b5bc42b2987347880,,,,
22452,raw_position_sample,2,2,int,18,3,17,18,28, forests ,311,156,4380638.3999999985,697a707b5bc42b2987347880,697a707b5bc42b2987347880,intermediate,3,697a707b5bc42b2987347880,697a707b5bc42b2987347880,spotlight_PROLIFIC,,30,Brasil,Português Brasil ,"Português Brasil, inglês ",inglês,Português Brasil:80|English:10|inglês:10,100,Português Brasil:80|English:10|inglês:10,100,Português Brasil:100|English:0|inglês:0,100,17,5,Bachelor's,10,10,10,5,6,8,12,28,28,28,Duolingo,90,,,,,16,25,B1,elementary|intermediate,elementary|intermediate,cambridge_15_21_random_elementary_intermediate,4,19,random,,145.25694274902344,287,166.59027671813965,347.68055725097656,3,2,,,,,,,,,,,,2026-07-06T21:59:09.647Z,QGFAEPFN,2026-07-06,2026-07-06,18:59:09,2026-07-06 18:59:09,,,,,,,,697a707b5bc42b2987347880,697a707b5bc42b2987347880,,,,
22499,raw_position_sample,2,2,int,18,3,17,18,28, forests ,318,157,4380685.099999998,697a707b5bc42b2987347880,697a707b5bc42b2987347880,intermediate,3,697a707b5bc42b2987347880,697a707b5bc42b2987347880,spotlight_PROLIFIC,,30,Brasil,Português Brasil ,"Português Brasil, inglês ",inglês,Português Brasil:80|English:10|inglês:10,100,Português Brasil:80|English:10|inglês:10,100,Português Brasil:100|English:0|inglês:0,100,17,5,Bachelor's,10,10,10,5,6,8,12,28,28,28,Duolingo,90,,,,,16,25,B1,elementary|intermediate,elementary|intermediate,cambridge_15_21_random_elementary_intermediate,4,19,random,,145.25694274902344,287,166.59027671813965,347.68055725097656,3,2,,,,,,,,,,,,2026-07-06T21:59:09.647Z,QGFAEPFN,2026-07-06,2026-07-06,18:59:09,2026-07-06 18:59:09,,,,,,,,697a707b5bc42b2987347880,697a707b5bc42b2987347880,,,,
22546,raw_position_sample,2,2,int,18,3,17,18,28, forests ,323,159,4380732,697a707b5bc42b2987347880,697a707b5bc42b2987347880,intermediate,3,697a707b5bc42b2987347880,697a707b5bc42b2987347880,spotlight_PROLIFIC,,30,Brasil,Português Brasil ,"Português Brasil, inglês ",inglês,Português Brasil:80|English:10|inglês:10,100,Português Brasil:80|English:10|inglês:10,100,Português Brasil:100|English:0|inglês:0,100,17,5,Bachelor's,10,10,10,5,6,8,12,28,28,28,Duolingo,90,,,,,16,25,B1,elementary|intermediate,elementary|intermediate,cambridge_15_21_random_elementary_intermediate,4,19,random,,145.25694274902344,287,166.59027671813965,347.68055725097656,3,2,,,,,,,,,,,,2026-07-06T21:59:09.647Z,QGFAEPFN,2026-07-06,2026-07-06,18:59:09,2026-07-06 18:59:09,,,,,,,,697a707b5bc42b2987347880,697a707b5bc42b2987347880,,,,
22596,raw_position_sample,2,2,int,18,3,17,18,28, forests ,325,160,4380782.099999998,697a707b5bc42b2987347880,697a707b5bc42b2987347880,intermediate,3,697a707b5bc42b2987347880,697a707b5bc42b2987347880,spotlight_PROLIFIC,,30,Brasil,Português Brasil ,"Português Brasil, inglês ",inglês,Português Brasil:80|English:10|inglês:10,100,Português Brasil:80|English:10|inglês:10,100,Português Brasil:100|English:0|inglês:0,100,17,5,Bachelor's,10,10,10,5,6,8,12,28,28,28,Duolingo,90,,,,,16,25,B1,elementary|intermediate,elementary|intermediate,cambridge_15_21_random_elementary_intermediate,4,19,random,,145.25694274902344,287,166.59027671813965,347.68055725097656,3,2,,,,,,,,,,,,2026-07-06T21:59:09.647Z,QGFAEPFN,2026-07-06,2026-07-06,18:59:09,2026-07-06 18:59:09,,,,,,,,697a707b5bc42b2987347880,697a707b5bc42b2987347880,,,,
22645,raw_position_sample,2,2,int,18,3,17,18,28, forests ,332,161,4380831.3999999985,697a707b5bc42b2987347880,697a707b5bc42b2987347880,intermediate,3,697a707b5bc42b2987347880,697a707b5bc42b2987347880,spotlight_PROLIFIC,,30,Brasil,Português Brasil ,"Português Brasil, inglês ",inglês,Português Brasil:80|English:10|inglês:10,100,Português Brasil:80|English:10|inglês:10,100,Português Brasil:100|English:0|inglês:0,100,17,5,Bachelor's,10,10,10,5,6,8,12,28,28,28,Duolingo,90,,,,,16,25,B1,elementary|intermediate,elementary|intermediate,cambridge_15_21_random_elementary_intermediate,4,19,random,,145.25694274902344,287,166.59027671813965,347.68055725097656,3,2,,,,,,,,,,,,2026-07-06T21:59:09.647Z,QGFAEPFN,2026-07-06,2026-07-06,18:59:09,2026-07-06 18:59:09,,,,,,,,697a707b5bc42b2987347880,697a707b5bc42b2987347880,,,,
22695,raw_position_sample,2,2,int,18,3,17,18,28, forests ,337,161,4380881.699999999,697a707b5bc42b2987347880,697a707b5bc42b2987347880,intermediate,3,697a707b5bc42b2987347880,697a707b5bc42b2987347880,spotlight_PROLIFIC,,30,Brasil,Português Brasil ,"Português Brasil, inglês ",inglês,Português Brasil:80|English:10|inglês:10,100,Português Brasil:80|English:10|inglês:10,100,Português Brasil:100|English:0|inglês:0,100,17,5,Bachelor's,10,10,10,5,6,8,12,28,28,28,Duolingo,90,,,,,16,25,B1,elementary|intermediate,elementary|intermediate,cambridge_15_21_random_elementary_intermediate,4,19,random,,145.25694274902344,287,166.59027671813965,347.68055725097656,3,2,,,,,,,,,,,,2026-07-06T21:59:09.647Z,QGFAEPFN,2026-07-06,2026-07-06,18:59:09,2026-07-06 18:59:09,,,,,,,,697a707b5bc42b2987347880,697a707b5bc42b2987347880,,,,
22747,raw_position_sample,2,2,int,18,3,17,18,28, forests ,340,161,4380933.099999998,697a707b5bc42b2987347880,697a707b5bc42b2987347880,intermediate,3,697a707b5bc42b2987347880,697a707b5bc42b2987347880,spotlight_PROLIFIC,,30,Brasil,Português Brasil ,"Português Brasil, inglês ",inglês,Português Brasil:80|English:10|inglês:10,100,Português Brasil:80|English:10|inglês:10,100,Português Brasil:100|English:0|inglês:0,100,17,5,Bachelor's,10,10,10,5,6,8,12,28,28,28,Duolingo,90,,,,,16,25,B1,elementary|intermediate,elementary|intermediate,cambridge_15_21_random_elementary_intermediate,4,19,random,,145.25694274902344,287,166.59027671813965,347.68055725097656,3,2,,,,,,,,,,,,2026-07-06T21:59:09.647Z,QGFAEPFN,2026-07-06,2026-07-06,18:59:09,2026-07-06 18:59:09,,,,,,,,697a707b5bc42b2987347880,697a707b5bc42b2987347880,,,,
22795,raw_position_sample,2,2,int,18,3,17,18,28, forests ,346,163,4380981.099999998,697a707b5bc42b2987347880,697a707b5bc42b2987347880,intermediate,3,697a707b5bc42b2987347880,697a707b5bc42b2987347880,spotlight_PROLIFIC,,30,Brasil,Português Brasil ,"Português Brasil, inglês ",inglês,Português Brasil:80|English:10|inglês:10,100,Português Brasil:80|English:10|inglês:10,100,Português Brasil:100|English:0|inglês:0,100,17,5,Bachelor's,10,10,10,5,6,8,12,28,28,28,Duolingo,90,,,,,16,25,B1,elementary|intermediate,elementary|intermediate,cambridge_15_21_random_elementary_intermediate,4,19,random,,145.25694274902344,287,166.59027671813965,347.68055725097656,3,2,,,,,,,,,,,,2026-07-06T21:59:09.647Z,QGFAEPFN,2026-07-06,2026-07-06,18:59:09,2026-07-06 18:59:09,,,,,,,,697a707b5bc42b2987347880,697a707b5bc42b2987347880,,,,
22802,hover_association,2,2,int,18,3,17,18,28, forests ,289,149,,697a707b5bc42b2987347880,697a707b5bc42b2987347880,intermediate,3,697a707b5bc42b2987347880,697a707b5bc42b2987347880,spotlight_PROLIFIC,,30,Brasil,Português Brasil ,"Português Brasil, inglês ",inglês,Português Brasil:80|English:10|inglês:10,100,Português Brasil:80|English:10|inglês:10,100,Português Brasil:100|English:0|inglês:0,100,17,5,Bachelor's,10,10,10,5,6,8,12,28,28,28,Duolingo,90,,,,,16,25,B1,elementary|intermediate,elementary|intermediate,cambridge_15_21_random_elementary_intermediate,4,19,random,,135.92360973358154,287.00000190734863,175.92360973358154,347.6805648803711,3,2,hover,515.8999999985099,515.8999999985099,0.9723047249723401,0.6769097566604614,106,,,,,,2026-07-06T21:59:09.647Z,QGFAEPFN,2026-07-06,2026-07-06,18:59:09,2026-07-06 18:59:09,,,,,,,,697a707b5bc42b2987347880,697a707b5bc42b2987347880,,,,
22845,raw_position_sample,2,2,int,18,3,17,18,29, cover ,354,164,4381031.299999997,697a707b5bc42b2987347880,697a707b5bc42b2987347880,intermediate,3,697a707b5bc42b2987347880,697a707b5bc42b2987347880,spotlight_PROLIFIC,,30,Brasil,Português Brasil ,"Português Brasil, inglês ",inglês,Português Brasil:80|English:10|inglês:10,100,Português Brasil:80|English:10|inglês:10,100,Português Brasil:100|English:0|inglês:0,100,17,5,Bachelor's,10,10,10,5,6,8,12,28,28,28,Duolingo,90,,,,,16,25,B1,elementary|intermediate,elementary|intermediate,cambridge_15_21_random_elementary_intermediate,4,19,random,,145.25694274902344,347.6805725097656,166.59027671813965,395.8125190734863,3,3,,,,,,,,,,,,2026-07-06T21:59:09.647Z,QGFAEPFN,2026-07-06,2026-07-06,18:59:09,2026-07-06 18:59:09,,,,,,,,697a707b5bc42b2987347880,697a707b5bc42b2987347880,,,,
22897,raw_position_sample,2,2,int,18,3,17,18,29, cover ,354,164,4381082.699999999,697a707b5bc42b2987347880,697a707b5bc42b2987347880,intermediate,3,697a707b5bc42b2987347880,697a707b5bc42b2987347880,spotlight_PROLIFIC,,30,Brasil,Português Brasil ,"Português Brasil, inglês ",inglês,Português Brasil:80|English:10|inglês:10,100,Português Brasil:80|English:10|inglês:10,100,Português Brasil:100|English:0|inglês:0,100,17,5,Bachelor's,10,10,10,5,6,8,12,28,28,28,Duolingo,90,,,,,16,25,B1,elementary|intermediate,elementary|intermediate,cambridge_15_21_random_elementary_intermediate,4,19,random,,145.25694274902344,347.6805725097656,166.59027671813965,395.8125190734863,3,3,,,,,,,,,,,,2026-07-06T21:59:09.647Z,QGFAEPFN,2026-07-06,2026-07-06,18:59:09,2026-07-06 18:59:09,,,,,,,,697a707b5bc42b2987347880,697a707b5bc42b2987347880,,,,
22951,raw_position_sample,2,2,int,18,3,17,18,29, cover ,360,164,4381137.5,697a707b5bc42b2987347880,697a707b5bc42b2987347880,intermediate,3,697a707b5bc42b2987347880,697a707b5bc42b2987347880,spotlight_PROLIFIC,,30,Brasil,Português Brasil ,"Português Brasil, inglês ",inglês,Português Brasil:80|English:10|inglês:10,100,Português Brasil:80|English:10|inglês:10,100,Português Brasil:100|English:0|inglês:0,100,17,5,Bachelor's,10,10,10,5,6,8,12,28,28,28,Duolingo,90,,,,,16,25,B1,elementary|intermediate,elementary|intermediate,cambridge_15_21_random_elementary_intermediate,4,19,random,,145.25694274902344,347.6805725097656,166.59027671813965,395.8125190734863,3,3,,,,,,,,,,,,2026-07-06T21:59:09.647Z,QGFAEPFN,2026-07-06,2026-07-06,18:59:09,2026-07-06 18:59:09,,,,,,,,697a707b5bc42b2987347880,697a707b5bc42b2987347880,,,,
22997,raw_position_sample,2,2,int,18,3,17,18,29, cover ,366,164,4381183,697a707b5bc42b2987347880,697a707b5bc42b2987347880,intermediate,3,697a707b5bc42b2987347880,697a707b5bc42b2987347880,spotlight_PROLIFIC,,30,Brasil,Português Brasil ,"Português Brasil, inglês ",inglês,Português Brasil:80|English:10|inglês:10,100,Português Brasil:80|English:10|inglês:10,100,Português Brasil:100|English:0|inglês:0,100,17,5,Bachelor's,10,10,10,5,6,8,12,28,28,28,Duolingo,90,,,,,16,25,B1,elementary|intermediate,elementary|intermediate,cambridge_15_21_random_elementary_intermediate,4,19,random,,145.25694274902344,347.6805725097656,166.59027671813965,395.8125190734863,3,3,,,,,,,,,,,,2026-07-06T21:59:09.647Z,QGFAEPFN,2026-07-06,2026-07-06,18:59:09,2026-07-06 18:59:09,,,,,,,,697a707b5bc42b2987347880,697a707b5bc42b2987347880,,,,
23049,raw_position_sample,2,2,int,18,3,17,18,29, cover ,372,163,4381235.299999997,697a707b5bc42b2987347880,697a707b5bc42b2987347880,intermediate,3,697a707b5bc42b2987347880,697a707b5bc42b2987347880,spotlight_PROLIFIC,,30,Brasil,Português Brasil ,"Português Brasil, inglês ",inglês,Português Brasil:80|English:10|inglês:10,100,Português Brasil:80|English:10|inglês:10,100,Português Brasil:100|English:0|inglês:0,100,17,5,Bachelor's,10,10,10,5,6,8,12,28,28,28,Duolingo,90,,,,,16,25,B1,elementary|intermediate,elementary|intermediate,cambridge_15_21_random_elementary_intermediate,4,19,random,,145.25694274902344,347.6805725097656,166.59027671813965,395.8125190734863,3,3,,,,,,,,,,,,2026-07-06T21:59:09.647Z,QGFAEPFN,2026-07-06,2026-07-06,18:59:09,2026-07-06 18:59:09,,,,,,,,697a707b5bc42b2987347880,697a707b5bc42b2987347880,,,,
23096,raw_position_sample,2,2,int,18,3,17,18,29, cover ,381,162,4381282.199999999,697a707b5bc42b2987347880,697a707b5bc42b2987347880,intermediate,3,697a707b5bc42b2987347880,697a707b5bc42b2987347880,spotlight_PROLIFIC,,30,Brasil,Português Brasil ,"Português Brasil, inglês ",inglês,Português Brasil:80|English:10|inglês:10,100,Português Brasil:80|English:10|inglês:10,100,Português Brasil:100|English:0|inglês:0,100,17,5,Bachelor's,10,10,10,5,6,8,12,28,28,28,Duolingo,90,,,,,16,25,B1,elementary|intermediate,elementary|intermediate,cambridge_15_21_random_elementary_intermediate,4,19,random,,145.25694274902344,347.6805725097656,166.59027671813965,395.8125190734863,3,3,,,,,,,,,,,,2026-07-06T21:59:09.647Z,QGFAEPFN,2026-07-06,2026-07-06,18:59:09,2026-07-06 18:59:09,,,,,,,,697a707b5bc42b2987347880,697a707b5bc42b2987347880,,,,
23147,raw_position_sample,2,2,int,18,3,17,18,29, cover ,388,160,4381333.199999999,697a707b5bc42b2987347880,697a707b5bc42b2987347880,intermediate,3,697a707b5bc42b2987347880,697a707b5bc42b2987347880,spotlight_PROLIFIC,,30,Brasil,Português Brasil ,"Português Brasil, inglês ",inglês,Português Brasil:80|English:10|inglês:10,100,Português Brasil:80|English:10|inglês:10,100,Português Brasil:100|English:0|inglês:0,100,17,5,Bachelor's,10,10,10,5,6,8,12,28,28,28,Duolingo,90,,,,,16,25,B1,elementary|intermediate,elementary|intermediate,cambridge_15_21_random_elementary_intermediate,4,19,random,,145.25694274902344,347.6805725097656,166.59027671813965,395.8125190734863,3,3,,,,,,,,,,,,2026-07-06T21:59:09.647Z,QGFAEPFN,2026-07-06,2026-07-06,18:59:09,2026-07-06 18:59:09,,,,,,,,697a707b5bc42b2987347880,697a707b5bc42b2987347880,,,,
23195,raw_position_sample,2,2,int,18,3,17,18,29, cover ,394,159,4381381.099999998,697a707b5bc42b2987347880,697a707b5bc42b2987347880,intermediate,3,697a707b5bc42b2987347880,697a707b5bc42b2987347880,spotlight_PROLIFIC,,30,Brasil,Português Brasil ,"Português Brasil, inglês ",inglês,Português Brasil:80|English:10|inglês:10,100,Português Brasil:80|English:10|inglês:10,100,Português Brasil:100|English:0|inglês:0,100,17,5,Bachelor's,10,10,10,5,6,8,12,28,28,28,Duolingo,90,,,,,16,25,B1,elementary|intermediate,elementary|intermediate,cambridge_15_21_random_elementary_intermediate,4,19,random,,145.25694274902344,347.6805725097656,166.59027671813965,395.8125190734863,3,3,,,,,,,,,,,,2026-07-06T21:59:09.647Z,QGFAEPFN,2026-07-06,2026-07-06,18:59:09,2026-07-06 18:59:09,,,,,,,,697a707b5bc42b2987347880,697a707b5bc42b2987347880,,,,
23202,hover_association,2,2,int,18,3,17,18,29, cover ,349,163,,697a707b5bc42b2987347880,697a707b5bc42b2987347880,intermediate,3,697a707b5bc42b2987347880,697a707b5bc42b2987347880,spotlight_PROLIFIC,,30,Brasil,Português Brasil ,"Português Brasil, inglês ",inglês,Português Brasil:80|English:10|inglês:10,100,Português Brasil:80|English:10|inglês:10,100,Português Brasil:100|English:0|inglês:0,100,17,5,Bachelor's,10,10,10,5,6,8,12,28,28,28,Duolingo,90,,,,,16,25,B1,elementary|intermediate,elementary|intermediate,cambridge_15_21_random_elementary_intermediate,4,19,random,,135.92360973358154,347.6805648803711,175.92360973358154,395.81250953674316,3,3,hover,400.30000000074506,400.30000000074506,0.9623428982626154,0.5769097566604614,106,,,,,,2026-07-06T21:59:09.647Z,QGFAEPFN,2026-07-06,2026-07-06,18:59:09,2026-07-06 18:59:09,,,,,,,,697a707b5bc42b2987347880,697a707b5bc42b2987347880,,,,
23245,raw_position_sample,2,2,int,18,3,17,18,30, 29% ,404,159,4381430.8999999985,697a707b5bc42b2987347880,697a707b5bc42b2987347880,intermediate,3,697a707b5bc42b2987347880,697a707b5bc42b2987347880,spotlight_PROLIFIC,,30,Brasil,Português Brasil ,"Português Brasil, inglês ",inglês,Português Brasil:80|English:10|inglês:10,100,Português Brasil:80|English:10|inglês:10,100,Português Brasil:100|English:0|inglês:0,100,17,5,Bachelor's,10,10,10,5,6,8,12,28,28,28,Duolingo,90,,,,,16,25,B1,elementary|intermediate,elementary|intermediate,cambridge_15_21_random_elementary_intermediate,4,19,random,,145.25694274902344,395.8125,166.59027671813965,433.6527786254883,3,4,,,,,,,,,,,,2026-07-06T21:59:09.647Z,QGFAEPFN,2026-07-06,2026-07-06,18:59:09,2026-07-06 18:59:09,,,,,,,,697a707b5bc42b2987347880,697a707b5bc42b2987347880,,,,
23295,raw_position_sample,2,2,int,18,3,17,18,30, 29% ,411,159,4381481.199999999,697a707b5bc42b2987347880,697a707b5bc42b2987347880,intermediate,3,697a707b5bc42b2987347880,697a707b5bc42b2987347880,spotlight_PROLIFIC,,30,Brasil,Português Brasil ,"Português Brasil, inglês ",inglês,Português Brasil:80|English:10|inglês:10,100,Português Brasil:80|English:10|inglês:10,100,Português Brasil:100|English:0|inglês:0,100,17,5,Bachelor's,10,10,10,5,6,8,12,28,28,28,Duolingo,90,,,,,16,25,B1,elementary|intermediate,elementary|intermediate,cambridge_15_21_random_elementary_intermediate,4,19,random,,145.25694274902344,395.8125,166.59027671813965,433.6527786254883,3,4,,,,,,,,,,,,2026-07-06T21:59:09.647Z,QGFAEPFN,2026-07-06,2026-07-06,18:59:09,2026-07-06 18:59:09,,,,,,,,697a707b5bc42b2987347880,697a707b5bc42b2987347880,,,,
23346,raw_position_sample,2,2,int,18,3,17,18,30, 29% ,420,161,4381532.799999997,697a707b5bc42b2987347880,697a707b5bc42b2987347880,intermediate,3,697a707b5bc42b2987347880,697a707b5bc42b2987347880,spotlight_PROLIFIC,,30,Brasil,Português Brasil ,"Português Brasil, inglês ",inglês,Português Brasil:80|English:10|inglês:10,100,Português Brasil:80|English:10|inglês:10,100,Português Brasil:100|English:0|inglês:0,100,17,5,Bachelor's,10,10,10,5,6,8,12,28,28,28,Duolingo,90,,,,,16,25,B1,elementary|intermediate,elementary|intermediate,cambridge_15_21_random_elementary_intermediate,4,19,random,,145.25694274902344,395.8125,166.59027671813965,433.6527786254883,3,4,,,,,,,,,,,,2026-07-06T21:59:09.647Z,QGFAEPFN,2026-07-06,2026-07-06,18:59:09,2026-07-06 18:59:09,,,,,,,,697a707b5bc42b2987347880,697a707b5bc42b2987347880,,,,
23397,raw_position_sample,2,2,int,18,3,17,18,30, 29% ,430,162,4381583.599999998,697a707b5bc42b2987347880,697a707b5bc42b2987347880,intermediate,3,697a707b5bc42b2987347880,697a707b5bc42b2987347880,spotlight_PROLIFIC,,30,Brasil,Português Brasil ,"Português Brasil, inglês ",inglês,Português Brasil:80|English:10|inglês:10,100,Português Brasil:80|English:10|inglês:10,100,Português Brasil:100|English:0|inglês:0,100,17,5,Bachelor's,10,10,10,5,6,8,12,28,28,28,Duolingo,90,,,,,16,25,B1,elementary|intermediate,elementary|intermediate,cambridge_15_21_random_elementary_intermediate,4,19,random,,145.25694274902344,395.8125,166.59027671813965,433.6527786254883,3,4,,,,,,,,,,,,2026-07-06T21:59:09.647Z,QGFAEPFN,2026-07-06,2026-07-06,18:59:09,2026-07-06 18:59:09,,,,,,,,697a707b5bc42b2987347880,697a707b5bc42b2987347880,,,,
23420,hover_association,2,2,int,18,3,17,18,30, 29% ,398,159,,697a707b5bc42b2987347880,697a707b5bc42b2987347880,intermediate,3,697a707b5bc42b2987347880,697a707b5bc42b2987347880,spotlight_PROLIFIC,,30,Brasil,Português Brasil ,"Português Brasil, inglês ",inglês,Português Brasil:80|English:10|inglês:10,100,Português Brasil:80|English:10|inglês:10,100,Português Brasil:100|English:0|inglês:0,100,17,5,Bachelor's,10,10,10,5,6,8,12,28,28,28,Duolingo,90,,,,,16,25,B1,elementary|intermediate,elementary|intermediate,cambridge_15_21_random_elementary_intermediate,4,19,random,,135.92360973358154,395.81250953674316,175.92360973358154,433.652774810791,3,4,hover,217.89999999850988,217.89999999850988,0.9298954488934205,0.6519097566604615,106,,,,,,2026-07-06T21:59:09.647Z,QGFAEPFN,2026-07-06,2026-07-06,18:59:09,2026-07-06 18:59:09,,,,,,,,697a707b5bc42b2987347880,697a707b5bc42b2987347880,,,,
23446,raw_position_sample,2,2,int,18,3,17,18,31, of ,436,162,4381631.8999999985,697a707b5bc42b2987347880,697a707b5bc42b2987347880,intermediate,3,697a707b5bc42b2987347880,697a707b5bc42b2987347880,spotlight_PROLIFIC,,30,Brasil,Português Brasil ,"Português Brasil, inglês ",inglês,Português Brasil:80|English:10|inglês:10,100,Português Brasil:80|English:10|inglês:10,100,Português Brasil:100|English:0|inglês:0,100,17,5,Bachelor's,10,10,10,5,6,8,12,28,28,28,Duolingo,90,,,,,16,25,B1,elementary|intermediate,elementary|intermediate,cambridge_15_21_random_elementary_intermediate,4,19,random,,145.25694274902344,433.65277099609375,166.59027671813965,454.52777099609375,3,5,,,,,,,,,,,,2026-07-06T21:59:09.647Z,QGFAEPFN,2026-07-06,2026-07-06,18:59:09,2026-07-06 18:59:09,,,,,,,,697a707b5bc42b2987347880,697a707b5bc42b2987347880,,,,
23496,raw_position_sample,2,2,int,18,3,17,18,31, of ,447,162,4381682.099999998,697a707b5bc42b2987347880,697a707b5bc42b2987347880,intermediate,3,697a707b5bc42b2987347880,697a707b5bc42b2987347880,spotlight_PROLIFIC,,30,Brasil,Português Brasil ,"Português Brasil, inglês ",inglês,Português Brasil:80|English:10|inglês:10,100,Português Brasil:80|English:10|inglês:10,100,Português Brasil:100|English:0|inglês:0,100,17,5,Bachelor's,10,10,10,5,6,8,12,28,28,28,Duolingo,90,,,,,16,25,B1,elementary|intermediate,elementary|intermediate,cambridge_15_21_random_elementary_intermediate,4,19,random,,145.25694274902344,433.65277099609375,166.59027671813965,454.52777099609375,3,5,,,,,,,,,,,,2026-07-06T21:59:09.647Z,QGFAEPFN,2026-07-06,2026-07-06,18:59:09,2026-07-06 18:59:09,,,,,,,,697a707b5bc42b2987347880,697a707b5bc42b2987347880,,,,
23536,hover_association,2,2,int,18,3,17,18,31, of ,435,162,,697a707b5bc42b2987347880,697a707b5bc42b2987347880,intermediate,3,697a707b5bc42b2987347880,697a707b5bc42b2987347880,spotlight_PROLIFIC,,30,Brasil,Português Brasil ,"Português Brasil, inglês ",inglês,Português Brasil:80|English:10|inglês:10,100,Português Brasil:80|English:10|inglês:10,100,Português Brasil:100|English:0|inglês:0,100,17,5,Bachelor's,10,10,10,5,6,8,12,28,28,28,Duolingo,90,,,,,16,25,B1,elementary|intermediate,elementary|intermediate,cambridge_15_21_random_elementary_intermediate,4,19,random,,135.92360973358154,433.652774810791,175.92360973358154,454.52777099609375,3,5,hover,116.10000000149012,116.10000000149012,0.9747175524532391,0.6519097566604615,106,,,,,,2026-07-06T21:59:09.647Z,QGFAEPFN,2026-07-06,2026-07-06,18:59:09,2026-07-06 18:59:09,,,,,,,,697a707b5bc42b2987347880,697a707b5bc42b2987347880,,,,
23548,raw_position_sample,2,2,int,18,3,17,18,32, the ,456,162,4381733.799999997,697a707b5bc42b2987347880,697a707b5bc42b2987347880,intermediate,3,697a707b5bc42b2987347880,697a707b5bc42b2987347880,spotlight_PROLIFIC,,30,Brasil,Português Brasil ,"Português Brasil, inglês ",inglês,Português Brasil:80|English:10|inglês:10,100,Português Brasil:80|English:10|inglês:10,100,Português Brasil:100|English:0|inglês:0,100,17,5,Bachelor's,10,10,10,5,6,8,12,28,28,28,Duolingo,90,,,,,16,25,B1,elementary|intermediate,elementary|intermediate,cambridge_15_21_random_elementary_intermediate,4,19,random,,145.25694274902344,454.52777099609375,166.59027671813965,484.25693702697754,3,6,,,,,,,,,,,,2026-07-06T21:59:09.647Z,QGFAEPFN,2026-07-06,2026-07-06,18:59:09,2026-07-06 18:59:09,,,,,,,,697a707b5bc42b2987347880,697a707b5bc42b2987347880,,,,
23598,raw_position_sample,2,2,int,18,3,17,18,32, the ,467,162,4381784.699999999,697a707b5bc42b2987347880,697a707b5bc42b2987347880,intermediate,3,697a707b5bc42b2987347880,697a707b5bc42b2987347880,spotlight_PROLIFIC,,30,Brasil,Português Brasil ,"Português Brasil, inglês ",inglês,Português Brasil:80|English:10|inglês:10,100,Português Brasil:80|English:10|inglês:10,100,Português Brasil:100|English:0|inglês:0,100,17,5,Bachelor's,10,10,10,5,6,8,12,28,28,28,Duolingo,90,,,,,16,25,B1,elementary|intermediate,elementary|intermediate,cambridge_15_21_random_elementary_intermediate,4,19,random,,145.25694274902344,454.52777099609375,166.59027671813965,484.25693702697754,3,6,,,,,,,,,,,,2026-07-06T21:59:09.647Z,QGFAEPFN,2026-07-06,2026-07-06,18:59:09,2026-07-06 18:59:09,,,,,,,,697a707b5bc42b2987347880,697a707b5bc42b2987347880,,,,
23646,raw_position_sample,2,2,int,18,3,17,18,32, the ,482,162,4381832.5,697a707b5bc42b2987347880,697a707b5bc42b2987347880,intermediate,3,697a707b5bc42b2987347880,697a707b5bc42b2987347880,spotlight_PROLIFIC,,30,Brasil,Português Brasil ,"Português Brasil, inglês ",inglês,Português Brasil:80|English:10|inglês:10,100,Português Brasil:80|English:10|inglês:10,100,Português Brasil:100|English:0|inglês:0,100,17,5,Bachelor's,10,10,10,5,6,8,12,28,28,28,Duolingo,90,,,,,16,25,B1,elementary|intermediate,elementary|intermediate,cambridge_15_21_random_elementary_intermediate,4,19,random,,145.25694274902344,454.52777099609375,166.59027671813965,484.25693702697754,3,6,,,,,,,,,,,,2026-07-06T21:59:09.647Z,QGFAEPFN,2026-07-06,2026-07-06,18:59:09,2026-07-06 18:59:09,,,,,,,,697a707b5bc42b2987347880,697a707b5bc42b2987347880,,,,
23652,hover_association,2,2,int,18,3,17,18,32, the ,456,162,,697a707b5bc42b2987347880,697a707b5bc42b2987347880,intermediate,3,697a707b5bc42b2987347880,697a707b5bc42b2987347880,spotlight_PROLIFIC,,30,Brasil,Português Brasil ,"Português Brasil, inglês ",inglês,Português Brasil:80|English:10|inglês:10,100,Português Brasil:80|English:10|inglês:10,100,Português Brasil:100|English:0|inglês:0,100,17,5,Bachelor's,10,10,10,5,6,8,12,28,28,28,Duolingo,90,,,,,16,25,B1,elementary|intermediate,elementary|intermediate,cambridge_15_21_random_elementary_intermediate,4,19,random,,135.92360973358154,454.52777099609375,175.92360973358154,484.256947517395,3,6,hover,115.60000000149012,115.60000000149012,0.924083079940748,0.6519097566604615,106,,,,,,2026-07-06T21:59:09.647Z,QGFAEPFN,2026-07-06,2026-07-06,18:59:09,2026-07-06 18:59:09,,,,,,,,697a707b5bc42b2987347880,697a707b5bc42b2987347880,,,,
23696,raw_position_sample,2,2,int,18,3,17,18,33, land. ,504,162,4381882,697a707b5bc42b2987347880,697a707b5bc42b2987347880,intermediate,3,697a707b5bc42b2987347880,697a707b5bc42b2987347880,spotlight_PROLIFIC,,30,Brasil,Português Brasil ,"Português Brasil, inglês ",inglês,Português Brasil:80|English:10|inglês:10,100,Português Brasil:80|English:10|inglês:10,100,Português Brasil:100|English:0|inglês:0,100,17,5,Bachelor's,10,10,10,5,6,8,12,28,28,28,Duolingo,90,,,,,16,25,B1,elementary|intermediate,elementary|intermediate,cambridge_15_21_random_elementary_intermediate,4,19,random,,145.25694274902344,484.2569580078125,166.59027671813965,527.4930686950684,3,7,,,,,,,,,,,,2026-07-06T21:59:09.647Z,QGFAEPFN,2026-07-06,2026-07-06,18:59:09,2026-07-06 18:59:09,,,,,,,,697a707b5bc42b2987347880,697a707b5bc42b2987347880,,,,
23748,raw_position_sample,2,2,int,18,3,17,18,33, land. ,516,163,4381934.599999998,697a707b5bc42b2987347880,697a707b5bc42b2987347880,intermediate,3,697a707b5bc42b2987347880,697a707b5bc42b2987347880,spotlight_PROLIFIC,,30,Brasil,Português Brasil ,"Português Brasil, inglês ",inglês,Português Brasil:80|English:10|inglês:10,100,Português Brasil:80|English:10|inglês:10,100,Português Brasil:100|English:0|inglês:0,100,17,5,Bachelor's,10,10,10,5,6,8,12,28,28,28,Duolingo,90,,,,,16,25,B1,elementary|intermediate,elementary|intermediate,cambridge_15_21_random_elementary_intermediate,4,19,random,,145.25694274902344,484.2569580078125,166.59027671813965,527.4930686950684,3,7,,,,,,,,,,,,2026-07-06T21:59:09.647Z,QGFAEPFN,2026-07-06,2026-07-06,18:59:09,2026-07-06 18:59:09,,,,,,,,697a707b5bc42b2987347880,697a707b5bc42b2987347880,,,,
23797,raw_position_sample,2,2,int,18,3,17,18,33, land. ,525,165,4381983.599999998,697a707b5bc42b2987347880,697a707b5bc42b2987347880,intermediate,3,697a707b5bc42b2987347880,697a707b5bc42b2987347880,spotlight_PROLIFIC,,30,Brasil,Português Brasil ,"Português Brasil, inglês ",inglês,Português Brasil:80|English:10|inglês:10,100,Português Brasil:80|English:10|inglês:10,100,Português Brasil:100|English:0|inglês:0,100,17,5,Bachelor's,10,10,10,5,6,8,12,28,28,28,Duolingo,90,,,,,16,25,B1,elementary|intermediate,elementary|intermediate,cambridge_15_21_random_elementary_intermediate,4,19,random,,145.25694274902344,484.2569580078125,166.59027671813965,527.4930686950684,3,7,,,,,,,,,,,,2026-07-06T21:59:09.647Z,QGFAEPFN,2026-07-06,2026-07-06,18:59:09,2026-07-06 18:59:09,,,,,,,,697a707b5bc42b2987347880,697a707b5bc42b2987347880,,,,
23819,hover_association,2,2,int,18,3,17,18,33, land. ,491,162,,697a707b5bc42b2987347880,697a707b5bc42b2987347880,intermediate,3,697a707b5bc42b2987347880,697a707b5bc42b2987347880,spotlight_PROLIFIC,,30,Brasil,Português Brasil ,"Português Brasil, inglês ",inglês,Português Brasil:80|English:10|inglês:10,100,Português Brasil:80|English:10|inglês:10,100,Português Brasil:100|English:0|inglês:0,100,17,5,Bachelor's,10,10,10,5,6,8,12,28,28,28,Duolingo,90,,,,,16,25,B1,elementary|intermediate,elementary|intermediate,cambridge_15_21_random_elementary_intermediate,4,19,random,,135.92360973358154,484.256947517395,175.92360973358154,527.4930553436279,3,7,hover,167.79999999701977,167.79999999701977,0.9885962134794942,0.7769097566604615,106,,,,,,2026-07-06T21:59:09.647Z,QGFAEPFN,2026-07-06,2026-07-06,18:59:09,2026-07-06 18:59:09,,,,,,,,697a707b5bc42b2987347880,697a707b5bc42b2987347880,,,,
23847,raw_position_sample,2,2,int,18,3,17,18,34, But ,529,167,4382033.299999997,697a707b5bc42b2987347880,697a707b5bc42b2987347880,intermediate,3,697a707b5bc42b2987347880,697a707b5bc42b2987347880,spotlight_PROLIFIC,,30,Brasil,Português Brasil ,"Português Brasil, inglês ",inglês,Português Brasil:80|English:10|inglês:10,100,Português Brasil:80|English:10|inglês:10,100,Português Brasil:100|English:0|inglês:0,100,17,5,Bachelor's,10,10,10,5,6,8,12,28,28,28,Duolingo,90,,,,,16,25,B1,elementary|intermediate,elementary|intermediate,cambridge_15_21_random_elementary_intermediate,4,19,random,,145.25694274902344,527.4930419921875,166.59027671813965,558.9097080230713,3,8,,,,,,,,,,,,2026-07-06T21:59:09.647Z,QGFAEPFN,2026-07-06,2026-07-06,18:59:09,2026-07-06 18:59:09,,,,,,,,697a707b5bc42b2987347880,697a707b5bc42b2987347880,,,,
23895,raw_position_sample,2,2,int,18,3,17,18,34, But ,537,167,4382081.199999999,697a707b5bc42b2987347880,697a707b5bc42b2987347880,intermediate,3,697a707b5bc42b2987347880,697a707b5bc42b2987347880,spotlight_PROLIFIC,,30,Brasil,Português Brasil ,"Português Brasil, inglês ",inglês,Português Brasil:80|English:10|inglês:10,100,Português Brasil:80|English:10|inglês:10,100,Português Brasil:100|English:0|inglês:0,100,17,5,Bachelor's,10,10,10,5,6,8,12,28,28,28,Duolingo,90,,,,,16,25,B1,elementary|intermediate,elementary|intermediate,cambridge_15_21_random_elementary_intermediate,4,19,random,,145.25694274902344,527.4930419921875,166.59027671813965,558.9097080230713,3,8,,,,,,,,,,,,2026-07-06T21:59:09.647Z,QGFAEPFN,2026-07-06,2026-07-06,18:59:09,2026-07-06 18:59:09,,,,,,,,697a707b5bc42b2987347880,697a707b5bc42b2987347880,,,,
23946,raw_position_sample,2,2,int,18,3,17,18,34, But ,539,167,4382131.8999999985,697a707b5bc42b2987347880,697a707b5bc42b2987347880,intermediate,3,697a707b5bc42b2987347880,697a707b5bc42b2987347880,spotlight_PROLIFIC,,30,Brasil,Português Brasil ,"Português Brasil, inglês ",inglês,Português Brasil:80|English:10|inglês:10,100,Português Brasil:80|English:10|inglês:10,100,Português Brasil:100|English:0|inglês:0,100,17,5,Bachelor's,10,10,10,5,6,8,12,28,28,28,Duolingo,90,,,,,16,25,B1,elementary|intermediate,elementary|intermediate,cambridge_15_21_random_elementary_intermediate,4,19,random,,145.25694274902344,527.4930419921875,166.59027671813965,558.9097080230713,3,8,,,,,,,,,,,,2026-07-06T21:59:09.647Z,QGFAEPFN,2026-07-06,2026-07-06,18:59:09,2026-07-06 18:59:09,,,,,,,,697a707b5bc42b2987347880,697a707b5bc42b2987347880,,,,
24008,raw_position_sample,2,2,int,18,3,17,18,34, But ,542,167,4382194.3999999985,697a707b5bc42b2987347880,697a707b5bc42b2987347880,intermediate,3,697a707b5bc42b2987347880,697a707b5bc42b2987347880,spotlight_PROLIFIC,,30,Brasil,Português Brasil ,"Português Brasil, inglês ",inglês,Português Brasil:80|English:10|inglês:10,100,Português Brasil:80|English:10|inglês:10,100,Português Brasil:100|English:0|inglês:0,100,17,5,Bachelor's,10,10,10,5,6,8,12,28,28,28,Duolingo,90,,,,,16,25,B1,elementary|intermediate,elementary|intermediate,cambridge_15_21_random_elementary_intermediate,4,19,random,,145.25694274902344,527.4930419921875,166.59027671813965,558.9097080230713,3,8,,,,,,,,,,,,2026-07-06T21:59:09.647Z,QGFAEPFN,2026-07-06,2026-07-06,18:59:09,2026-07-06 18:59:09,,,,,,,,697a707b5bc42b2987347880,697a707b5bc42b2987347880,,,,
24049,raw_position_sample,2,2,int,18,3,17,18,34, But ,545,167,4382234.8999999985,697a707b5bc42b2987347880,697a707b5bc42b2987347880,intermediate,3,697a707b5bc42b2987347880,697a707b5bc42b2987347880,spotlight_PROLIFIC,,30,Brasil,Português Brasil ,"Português Brasil, inglês ",inglês,Português Brasil:80|English:10|inglês:10,100,Português Brasil:80|English:10|inglês:10,100,Português Brasil:100|English:0|inglês:0,100,17,5,Bachelor's,10,10,10,5,6,8,12,28,28,28,Duolingo,90,,,,,16,25,B1,elementary|intermediate,elementary|intermediate,cambridge_15_21_random_elementary_intermediate,4,19,random,,145.25694274902344,527.4930419921875,166.59027671813965,558.9097080230713,3,8,,,,,,,,,,,,2026-07-06T21:59:09.647Z,QGFAEPFN,2026-07-06,2026-07-06,18:59:09,2026-07-06 18:59:09,,,,,,,,697a707b5bc42b2987347880,697a707b5bc42b2987347880,,,,
24100,raw_position_sample,2,2,int,18,3,17,18,34, But ,546,167,4382286.299999997,697a707b5bc42b2987347880,697a707b5bc42b2987347880,intermediate,3,697a707b5bc42b2987347880,697a707b5bc42b2987347880,spotlight_PROLIFIC,,30,Brasil,Português Brasil ,"Português Brasil, inglês ",inglês,Português Brasil:80|English:10|inglês:10,100,Português Brasil:80|English:10|inglês:10,100,Português Brasil:100|English:0|inglês:0,100,17,5,Bachelor's,10,10,10,5,6,8,12,28,28,28,Duolingo,90,,,,,16,25,B1,elementary|intermediate,elementary|intermediate,cambridge_15_21_random_elementary_intermediate,4,19,random,,145.25694274902344,527.4930419921875,166.59027671813965,558.9097080230713,3,8,,,,,,,,,,,,2026-07-06T21:59:09.647Z,QGFAEPFN,2026-07-06,2026-07-06,18:59:09,2026-07-06 18:59:09,,,,,,,,697a707b5bc42b2987347880,697a707b5bc42b2987347880,,,,
24145,raw_position_sample,2,2,int,18,3,17,18,34, But ,550,167,4382331.599999998,697a707b5bc42b2987347880,697a707b5bc42b2987347880,intermediate,3,697a707b5bc42b2987347880,697a707b5bc42b2987347880,spotlight_PROLIFIC,,30,Brasil,Português Brasil ,"Português Brasil, inglês ",inglês,Português Brasil:80|English:10|inglês:10,100,Português Brasil:80|English:10|inglês:10,100,Português Brasil:100|English:0|inglês:0,100,17,5,Bachelor's,10,10,10,5,6,8,12,28,28,28,Duolingo,90,,,,,16,25,B1,elementary|intermediate,elementary|intermediate,cambridge_15_21_random_elementary_intermediate,4,19,random,,145.25694274902344,527.4930419921875,166.59027671813965,558.9097080230713,3,8,,,,,,,,,,,,2026-07-06T21:59:09.647Z,QGFAEPFN,2026-07-06,2026-07-06,18:59:09,2026-07-06 18:59:09,,,,,,,,697a707b5bc42b2987347880,697a707b5bc42b2987347880,,,,
24195,raw_position_sample,2,2,int,18,3,17,18,34, But ,555,167,4382381.299999997,697a707b5bc42b2987347880,697a707b5bc42b2987347880,intermediate,3,697a707b5bc42b2987347880,697a707b5bc42b2987347880,spotlight_PROLIFIC,,30,Brasil,Português Brasil ,"Português Brasil, inglês ",inglês,Português Brasil:80|English:10|inglês:10,100,Português Brasil:80|English:10|inglês:10,100,Português Brasil:100|English:0|inglês:0,100,17,5,Bachelor's,10,10,10,5,6,8,12,28,28,28,Duolingo,90,,,,,16,25,B1,elementary|intermediate,elementary|intermediate,cambridge_15_21_random_elementary_intermediate,4,19,random,,145.25694274902344,527.4930419921875,166.59027671813965,558.9097080230713,3,8,,,,,,,,,,,,2026-07-06T21:59:09.647Z,QGFAEPFN,2026-07-06,2026-07-06,18:59:09,2026-07-06 18:59:09,,,,,,,,697a707b5bc42b2987347880,697a707b5bc42b2987347880,,,,
24245,raw_position_sample,2,2,int,18,3,17,18,34, But ,558,166,4382431.3999999985,697a707b5bc42b2987347880,697a707b5bc42b2987347880,intermediate,3,697a707b5bc42b2987347880,697a707b5bc42b2987347880,spotlight_PROLIFIC,,30,Brasil,Português Brasil ,"Português Brasil, inglês ",inglês,Português Brasil:80|English:10|inglês:10,100,Português Brasil:80|English:10|inglês:10,100,Português Brasil:100|English:0|inglês:0,100,17,5,Bachelor's,10,10,10,5,6,8,12,28,28,28,Duolingo,90,,,,,16,25,B1,elementary|intermediate,elementary|intermediate,cambridge_15_21_random_elementary_intermediate,4,19,random,,145.25694274902344,527.4930419921875,166.59027671813965,558.9097080230713,3,8,,,,,,,,,,,,2026-07-06T21:59:09.647Z,QGFAEPFN,2026-07-06,2026-07-06,18:59:09,2026-07-06 18:59:09,,,,,,,,697a707b5bc42b2987347880,697a707b5bc42b2987347880,,,,
24252,hover_association,2,2,int,18,3,17,18,34, But ,528,167,,697a707b5bc42b2987347880,697a707b5bc42b2987347880,intermediate,3,697a707b5bc42b2987347880,697a707b5bc42b2987347880,spotlight_PROLIFIC,,30,Brasil,Português Brasil ,"Português Brasil, inglês ",inglês,Português Brasil:80|English:10|inglês:10,100,Português Brasil:80|English:10|inglês:10,100,Português Brasil:100|English:0|inglês:0,100,17,5,Bachelor's,10,10,10,5,6,8,12,28,28,28,Duolingo,90,,,,,16,25,B1,elementary|intermediate,elementary|intermediate,cambridge_15_21_random_elementary_intermediate,4,19,random,,135.92360973358154,527.4930553436279,175.92360973358154,558.9097185134888,3,8,hover,432.20000000298023,432.20000000298023,0.9710434393184857,0.7519097566604614,106,,,,,,2026-07-06T21:59:09.647Z,QGFAEPFN,2026-07-06,2026-07-06,18:59:09,2026-07-06 18:59:09,,,,,,,,697a707b5bc42b2987347880,697a707b5bc42b2987347880,,,,
24296,raw_position_sample,2,2,int,18,3,17,18,35, they ,560,166,4382481.8999999985,697a707b5bc42b2987347880,697a707b5bc42b2987347880,intermediate,3,697a707b5bc42b2987347880,697a707b5bc42b2987347880,spotlight_PROLIFIC,,30,Brasil,Português Brasil ,"Português Brasil, inglês ",inglês,Português Brasil:80|English:10|inglês:10,100,Português Brasil:80|English:10|inglês:10,100,Português Brasil:100|English:0|inglês:0,100,17,5,Bachelor's,10,10,10,5,6,8,12,28,28,28,Duolingo,90,,,,,16,25,B1,elementary|intermediate,elementary|intermediate,cambridge_15_21_random_elementary_intermediate,4,19,random,,145.25694274902344,558.9097290039062,166.59027671813965,597.0486183166504,3,9,,,,,,,,,,,,2026-07-06T21:59:09.647Z,QGFAEPFN,2026-07-06,2026-07-06,18:59:09,2026-07-06 18:59:09,,,,,,,,697a707b5bc42b2987347880,697a707b5bc42b2987347880,,,,
24345,raw_position_sample,2,2,int,18,3,17,18,35, they ,569,167,4382531.699999999,697a707b5bc42b2987347880,697a707b5bc42b2987347880,intermediate,3,697a707b5bc42b2987347880,697a707b5bc42b2987347880,spotlight_PROLIFIC,,30,Brasil,Português Brasil ,"Português Brasil, inglês ",inglês,Português Brasil:80|English:10|inglês:10,100,Português Brasil:80|English:10|inglês:10,100,Português Brasil:100|English:0|inglês:0,100,17,5,Bachelor's,10,10,10,5,6,8,12,28,28,28,Duolingo,90,,,,,16,25,B1,elementary|intermediate,elementary|intermediate,cambridge_15_21_random_elementary_intermediate,4,19,random,,145.25694274902344,558.9097290039062,166.59027671813965,597.0486183166504,3,9,,,,,,,,,,,,2026-07-06T21:59:09.647Z,QGFAEPFN,2026-07-06,2026-07-06,18:59:09,2026-07-06 18:59:09,,,,,,,,697a707b5bc42b2987347880,697a707b5bc42b2987347880,,,,
24396,raw_position_sample,2,2,int,18,3,17,18,35, they ,575,169,4382581.8999999985,697a707b5bc42b2987347880,697a707b5bc42b2987347880,intermediate,3,697a707b5bc42b2987347880,697a707b5bc42b2987347880,spotlight_PROLIFIC,,30,Brasil,Português Brasil ,"Português Brasil, inglês ",inglês,Português Brasil:80|English:10|inglês:10,100,Português Brasil:80|English:10|inglês:10,100,Português Brasil:100|English:0|inglês:0,100,17,5,Bachelor's,10,10,10,5,6,8,12,28,28,28,Duolingo,90,,,,,16,25,B1,elementary|intermediate,elementary|intermediate,cambridge_15_21_random_elementary_intermediate,4,19,random,,145.25694274902344,558.9097290039062,166.59027671813965,597.0486183166504,3,9,,,,,,,,,,,,2026-07-06T21:59:09.647Z,QGFAEPFN,2026-07-06,2026-07-06,18:59:09,2026-07-06 18:59:09,,,,,,,,697a707b5bc42b2987347880,697a707b5bc42b2987347880,,,,
24445,raw_position_sample,2,2,int,18,3,17,18,35, they ,578,169,4382631.3999999985,697a707b5bc42b2987347880,697a707b5bc42b2987347880,intermediate,3,697a707b5bc42b2987347880,697a707b5bc42b2987347880,spotlight_PROLIFIC,,30,Brasil,Português Brasil ,"Português Brasil, inglês ",inglês,Português Brasil:80|English:10|inglês:10,100,Português Brasil:80|English:10|inglês:10,100,Português Brasil:100|English:0|inglês:0,100,17,5,Bachelor's,10,10,10,5,6,8,12,28,28,28,Duolingo,90,,,,,16,25,B1,elementary|intermediate,elementary|intermediate,cambridge_15_21_random_elementary_intermediate,4,19,random,,145.25694274902344,558.9097290039062,166.59027671813965,597.0486183166504,3,9,,,,,,,,,,,,2026-07-06T21:59:09.647Z,QGFAEPFN,2026-07-06,2026-07-06,18:59:09,2026-07-06 18:59:09,,,,,,,,697a707b5bc42b2987347880,697a707b5bc42b2987347880,,,,
24497,raw_position_sample,2,2,int,18,3,17,18,35, they ,585,169,4382683.699999999,697a707b5bc42b2987347880,697a707b5bc42b2987347880,intermediate,3,697a707b5bc42b2987347880,697a707b5bc42b2987347880,spotlight_PROLIFIC,,30,Brasil,Português Brasil ,"Português Brasil, inglês ",inglês,Português Brasil:80|English:10|inglês:10,100,Português Brasil:80|English:10|inglês:10,100,Português Brasil:100|English:0|inglês:0,100,17,5,Bachelor's,10,10,10,5,6,8,12,28,28,28,Duolingo,90,,,,,16,25,B1,elementary|intermediate,elementary|intermediate,cambridge_15_21_random_elementary_intermediate,4,19,random,,145.25694274902344,558.9097290039062,166.59027671813965,597.0486183166504,3,9,,,,,,,,,,,,2026-07-06T21:59:09.647Z,QGFAEPFN,2026-07-06,2026-07-06,18:59:09,2026-07-06 18:59:09,,,,,,,,697a707b5bc42b2987347880,697a707b5bc42b2987347880,,,,
24547,raw_position_sample,2,2,int,18,3,17,18,35, they ,596,169,4382733.299999997,697a707b5bc42b2987347880,697a707b5bc42b2987347880,intermediate,3,697a707b5bc42b2987347880,697a707b5bc42b2987347880,spotlight_PROLIFIC,,30,Brasil,Português Brasil ,"Português Brasil, inglês ",inglês,Português Brasil:80|English:10|inglês:10,100,Português Brasil:80|English:10|inglês:10,100,Português Brasil:100|English:0|inglês:0,100,17,5,Bachelor's,10,10,10,5,6,8,12,28,28,28,Duolingo,90,,,,,16,25,B1,elementary|intermediate,elementary|intermediate,cambridge_15_21_random_elementary_intermediate,4,19,random,,145.25694274902344,558.9097290039062,166.59027671813965,597.0486183166504,3,9,,,,,,,,,,,,2026-07-06T21:59:09.647Z,QGFAEPFN,2026-07-06,2026-07-06,18:59:09,2026-07-06 18:59:09,,,,,,,,697a707b5bc42b2987347880,697a707b5bc42b2987347880,,,,
24568,hover_association,2,2,int,18,3,17,18,35, they ,560,166,,697a707b5bc42b2987347880,697a707b5bc42b2987347880,intermediate,3,697a707b5bc42b2987347880,697a707b5bc42b2987347880,spotlight_PROLIFIC,,30,Brasil,Português Brasil ,"Português Brasil, inglês ",inglês,Português Brasil:80|English:10|inglês:10,100,Português Brasil:80|English:10|inglês:10,100,Português Brasil:100|English:0|inglês:0,100,17,5,Bachelor's,10,10,10,5,6,8,12,28,28,28,Duolingo,90,,,,,16,25,B1,elementary|intermediate,elementary|intermediate,cambridge_15_21_random_elementary_intermediate,4,19,random,,135.92360973358154,558.9097185134888,175.92360973358154,597.0486316680908,3,9,hover,316.19999999925494,316.19999999925494,0.9987248805991485,0.8269097566604614,106,,,,,,2026-07-06T21:59:09.647Z,QGFAEPFN,2026-07-06,2026-07-06,18:59:09,2026-07-06 18:59:09,,,,,,,,697a707b5bc42b2987347880,697a707b5bc42b2987347880,,,,
24595,raw_position_sample,2,2,int,18,3,17,18,36, say ,601,169,4382781.3999999985,697a707b5bc42b2987347880,697a707b5bc42b2987347880,intermediate,3,697a707b5bc42b2987347880,697a707b5bc42b2987347880,spotlight_PROLIFIC,,30,Brasil,Português Brasil ,"Português Brasil, inglês ",inglês,Português Brasil:80|English:10|inglês:10,100,Português Brasil:80|English:10|inglês:10,100,Português Brasil:100|English:0|inglês:0,100,17,5,Bachelor's,10,10,10,5,6,8,12,28,28,28,Duolingo,90,,,,,16,25,B1,elementary|intermediate,elementary|intermediate,cambridge_15_21_random_elementary_intermediate,4,19,random,,145.25694274902344,597.0486450195312,166.59027671813965,628.9097557067871,3,10,,,,,,,,,,,,2026-07-06T21:59:09.647Z,QGFAEPFN,2026-07-06,2026-07-06,18:59:09,2026-07-06 18:59:09,,,,,,,,697a707b5bc42b2987347880,697a707b5bc42b2987347880,,,,
24646,raw_position_sample,2,2,int,18,3,17,18,36, say ,603,169,4382832,697a707b5bc42b2987347880,697a707b5bc42b2987347880,intermediate,3,697a707b5bc42b2987347880,697a707b5bc42b2987347880,spotlight_PROLIFIC,,30,Brasil,Português Brasil ,"Português Brasil, inglês ",inglês,Português Brasil:80|English:10|inglês:10,100,Português Brasil:80|English:10|inglês:10,100,Português Brasil:100|English:0|inglês:0,100,17,5,Bachelor's,10,10,10,5,6,8,12,28,28,28,Duolingo,90,,,,,16,25,B1,elementary|intermediate,elementary|intermediate,cambridge_15_21_random_elementary_intermediate,4,19,random,,145.25694274902344,597.0486450195312,166.59027671813965,628.9097557067871,3,10,,,,,,,,,,,,2026-07-06T21:59:09.647Z,QGFAEPFN,2026-07-06,2026-07-06,18:59:09,2026-07-06 18:59:09,,,,,,,,697a707b5bc42b2987347880,697a707b5bc42b2987347880,,,,
24701,raw_position_sample,2,2,int,18,3,17,18,36, say ,611,169,4382887,697a707b5bc42b2987347880,697a707b5bc42b2987347880,intermediate,3,697a707b5bc42b2987347880,697a707b5bc42b2987347880,spotlight_PROLIFIC,,30,Brasil,Português Brasil ,"Português Brasil, inglês ",inglês,Português Brasil:80|English:10|inglês:10,100,Português Brasil:80|English:10|inglês:10,100,Português Brasil:100|English:0|inglês:0,100,17,5,Bachelor's,10,10,10,5,6,8,12,28,28,28,Duolingo,90,,,,,16,25,B1,elementary|intermediate,elementary|intermediate,cambridge_15_21_random_elementary_intermediate,4,19,random,,145.25694274902344,597.0486450195312,166.59027671813965,628.9097557067871,3,10,,,,,,,,,,,,2026-07-06T21:59:09.647Z,QGFAEPFN,2026-07-06,2026-07-06,18:59:09,2026-07-06 18:59:09,,,,,,,,697a707b5bc42b2987347880,697a707b5bc42b2987347880,,,,
24735,hover_association,2,2,int,18,3,17,18,36, say ,600,169,,697a707b5bc42b2987347880,697a707b5bc42b2987347880,intermediate,3,697a707b5bc42b2987347880,697a707b5bc42b2987347880,spotlight_PROLIFIC,,30,Brasil,Português Brasil ,"Português Brasil, inglês ",inglês,Português Brasil:80|English:10|inglês:10,100,Português Brasil:80|English:10|inglês:10,100,Português Brasil:100|English:0|inglês:0,100,17,5,Bachelor's,10,10,10,5,6,8,12,28,28,28,Duolingo,90,,,,,16,25,B1,elementary|intermediate,elementary|intermediate,cambridge_15_21_random_elementary_intermediate,4,19,random,,135.92360973358154,597.0486316680908,175.92360973358154,628.9097423553467,3,10,hover,167.30000000074506,167.30000000074506,0.7203568186054954,0.7769097566604615,106,,,,,,2026-07-06T21:59:09.647Z,QGFAEPFN,2026-07-06,2026-07-06,18:59:09,2026-07-06 18:59:09,,,,,,,,697a707b5bc42b2987347880,697a707b5bc42b2987347880,,,,
24746,raw_position_sample,2,2,int,18,3,17,18,37, Nepal ,630,167,4382932.699999999,697a707b5bc42b2987347880,697a707b5bc42b2987347880,intermediate,3,697a707b5bc42b2987347880,697a707b5bc42b2987347880,spotlight_PROLIFIC,,30,Brasil,Português Brasil ,"Português Brasil, inglês ",inglês,Português Brasil:80|English:10|inglês:10,100,Português Brasil:80|English:10|inglês:10,100,Português Brasil:100|English:0|inglês:0,100,17,5,Bachelor's,10,10,10,5,6,8,12,28,28,28,Duolingo,90,,,,,16,25,B1,elementary|intermediate,elementary|intermediate,cambridge_15_21_random_elementary_intermediate,4,19,random,,145.25694274902344,628.9097290039062,166.59027671813965,679.8472290039062,3,11,,,,,,,,,,,,2026-07-06T21:59:09.647Z,QGFAEPFN,2026-07-06,2026-07-06,18:59:09,2026-07-06 18:59:09,,,,,,,,697a707b5bc42b2987347880,697a707b5bc42b2987347880,,,,
24795,raw_position_sample,2,2,int,18,3,17,18,37, Nepal ,646,167,4382981.599999998,697a707b5bc42b2987347880,697a707b5bc42b2987347880,intermediate,3,697a707b5bc42b2987347880,697a707b5bc42b2987347880,spotlight_PROLIFIC,,30,Brasil,Português Brasil ,"Português Brasil, inglês ",inglês,Português Brasil:80|English:10|inglês:10,100,Português Brasil:80|English:10|inglês:10,100,Português Brasil:100|English:0|inglês:0,100,17,5,Bachelor's,10,10,10,5,6,8,12,28,28,28,Duolingo,90,,,,,16,25,B1,elementary|intermediate,elementary|intermediate,cambridge_15_21_random_elementary_intermediate,4,19,random,,145.25694274902344,628.9097290039062,166.59027671813965,679.8472290039062,3,11,,,,,,,,,,,,2026-07-06T21:59:09.647Z,QGFAEPFN,2026-07-06,2026-07-06,18:59:09,2026-07-06 18:59:09,,,,,,,,697a707b5bc42b2987347880,697a707b5bc42b2987347880,,,,
24845,raw_position_sample,2,2,int,18,3,17,18,37, Nepal ,657,167,4383031.799999997,697a707b5bc42b2987347880,697a707b5bc42b2987347880,intermediate,3,697a707b5bc42b2987347880,697a707b5bc42b2987347880,spotlight_PROLIFIC,,30,Brasil,Português Brasil ,"Português Brasil, inglês ",inglês,Português Brasil:80|English:10|inglês:10,100,Português Brasil:80|English:10|inglês:10,100,Português Brasil:100|English:0|inglês:0,100,17,5,Bachelor's,10,10,10,5,6,8,12,28,28,28,Duolingo,90,,,,,16,25,B1,elementary|intermediate,elementary|intermediate,cambridge_15_21_random_elementary_intermediate,4,19,random,,145.25694274902344,628.9097290039062,166.59027671813965,679.8472290039062,3,11,,,,,,,,,,,,2026-07-06T21:59:09.647Z,QGFAEPFN,2026-07-06,2026-07-06,18:59:09,2026-07-06 18:59:09,,,,,,,,697a707b5bc42b2987347880,697a707b5bc42b2987347880,,,,
24895,raw_position_sample,2,2,int,18,3,17,18,37, Nepal ,663,167,4383081.299999997,697a707b5bc42b2987347880,697a707b5bc42b2987347880,intermediate,3,697a707b5bc42b2987347880,697a707b5bc42b2987347880,spotlight_PROLIFIC,,30,Brasil,Português Brasil ,"Português Brasil, inglês ",inglês,Português Brasil:80|English:10|inglês:10,100,Português Brasil:80|English:10|inglês:10,100,Português Brasil:100|English:0|inglês:0,100,17,5,Bachelor's,10,10,10,5,6,8,12,28,28,28,Duolingo,90,,,,,16,25,B1,elementary|intermediate,elementary|intermediate,cambridge_15_21_random_elementary_intermediate,4,19,random,,145.25694274902344,628.9097290039062,166.59027671813965,679.8472290039062,3,11,,,,,,,,,,,,2026-07-06T21:59:09.647Z,QGFAEPFN,2026-07-06,2026-07-06,18:59:09,2026-07-06 18:59:09,,,,,,,,697a707b5bc42b2987347880,697a707b5bc42b2987347880,,,,
24947,raw_position_sample,2,2,int,18,3,17,18,37, Nepal ,672,170,4383133.299999997,697a707b5bc42b2987347880,697a707b5bc42b2987347880,intermediate,3,697a707b5bc42b2987347880,697a707b5bc42b2987347880,spotlight_PROLIFIC,,30,Brasil,Português Brasil ,"Português Brasil, inglês ",inglês,Português Brasil:80|English:10|inglês:10,100,Português Brasil:80|English:10|inglês:10,100,Português Brasil:100|English:0|inglês:0,100,17,5,Bachelor's,10,10,10,5,6,8,12,28,28,28,Duolingo,90,,,,,16,25,B1,elementary|intermediate,elementary|intermediate,cambridge_15_21_random_elementary_intermediate,4,19,random,,145.25694274902344,628.9097290039062,166.59027671813965,679.8472290039062,3,11,,,,,,,,,,,,2026-07-06T21:59:09.647Z,QGFAEPFN,2026-07-06,2026-07-06,18:59:09,2026-07-06 18:59:09,,,,,,,,697a707b5bc42b2987347880,697a707b5bc42b2987347880,,,,
24996,raw_position_sample,2,2,int,18,3,17,18,37, Nepal ,679,171,4383181.8999999985,697a707b5bc42b2987347880,697a707b5bc42b2987347880,intermediate,3,697a707b5bc42b2987347880,697a707b5bc42b2987347880,spotlight_PROLIFIC,,30,Brasil,Português Brasil ,"Português Brasil, inglês ",inglês,Português Brasil:80|English:10|inglês:10,100,Português Brasil:80|English:10|inglês:10,100,Português Brasil:100|English:0|inglês:0,100,17,5,Bachelor's,10,10,10,5,6,8,12,28,28,28,Duolingo,90,,,,,16,25,B1,elementary|intermediate,elementary|intermediate,cambridge_15_21_random_elementary_intermediate,4,19,random,,145.25694274902344,628.9097290039062,166.59027671813965,679.8472290039062,3,11,,,,,,,,,,,,2026-07-06T21:59:09.647Z,QGFAEPFN,2026-07-06,2026-07-06,18:59:09,2026-07-06 18:59:09,,,,,,,,697a707b5bc42b2987347880,697a707b5bc42b2987347880,,,,
25003,hover_association,2,2,int,18,3,17,18,37, Nepal ,630,167,,697a707b5bc42b2987347880,697a707b5bc42b2987347880,intermediate,3,697a707b5bc42b2987347880,697a707b5bc42b2987347880,spotlight_PROLIFIC,,30,Brasil,Português Brasil ,"Português Brasil, inglês ",inglês,Português Brasil:80|English:10|inglês:10,100,Português Brasil:80|English:10|inglês:10,100,Português Brasil:100|English:0|inglês:0,100,17,5,Bachelor's,10,10,10,5,6,8,12,28,28,28,Duolingo,90,,,,,16,25,B1,elementary|intermediate,elementary|intermediate,cambridge_15_21_random_elementary_intermediate,4,19,random,,135.92360973358154,628.9097423553467,175.92360973358154,679.8472290039062,3,11,hover,267.19999999925494,267.19999999925494,0.9833672789992238,0.8769097566604614,106,,,,,,2026-07-06T21:59:09.647Z,QGFAEPFN,2026-07-06,2026-07-06,18:59:09,2026-07-06 18:59:09,,,,,,,,697a707b5bc42b2987347880,697a707b5bc42b2987347880,,,,
25045,raw_position_sample,2,2,int,18,3,17,18,38, needs ,684,171,4383231.199999999,697a707b5bc42b2987347880,697a707b5bc42b2987347880,intermediate,3,697a707b5bc42b2987347880,697a707b5bc42b2987347880,spotlight_PROLIFIC,,30,Brasil,Português Brasil ,"Português Brasil, inglês ",inglês,Português Brasil:80|English:10|inglês:10,100,Português Brasil:80|English:10|inglês:10,100,Português Brasil:100|English:0|inglês:0,100,17,5,Bachelor's,10,10,10,5,6,8,12,28,28,28,Duolingo,90,,,,,16,25,B1,elementary|intermediate,elementary|intermediate,cambridge_15_21_random_elementary_intermediate,4,19,random,,145.25694274902344,679.8472290039062,166.59027671813965,732.6111183166504,3,12,,,,,,,,,,,,2026-07-06T21:59:09.647Z,QGFAEPFN,2026-07-06,2026-07-06,18:59:09,2026-07-06 18:59:09,,,,,,,,697a707b5bc42b2987347880,697a707b5bc42b2987347880,,,,
25095,raw_position_sample,2,2,int,18,3,17,18,38, needs ,697,171,4383281.199999999,697a707b5bc42b2987347880,697a707b5bc42b2987347880,intermediate,3,697a707b5bc42b2987347880,697a707b5bc42b2987347880,spotlight_PROLIFIC,,30,Brasil,Português Brasil ,"Português Brasil, inglês ",inglês,Português Brasil:80|English:10|inglês:10,100,Português Brasil:80|English:10|inglês:10,100,Português Brasil:100|English:0|inglês:0,100,17,5,Bachelor's,10,10,10,5,6,8,12,28,28,28,Duolingo,90,,,,,16,25,B1,elementary|intermediate,elementary|intermediate,cambridge_15_21_random_elementary_intermediate,4,19,random,,145.25694274902344,679.8472290039062,166.59027671813965,732.6111183166504,3,12,,,,,,,,,,,,2026-07-06T21:59:09.647Z,QGFAEPFN,2026-07-06,2026-07-06,18:59:09,2026-07-06 18:59:09,,,,,,,,697a707b5bc42b2987347880,697a707b5bc42b2987347880,,,,
25146,raw_position_sample,2,2,int,18,3,17,18,38, needs ,703,171,4383331.799999997,697a707b5bc42b2987347880,697a707b5bc42b2987347880,intermediate,3,697a707b5bc42b2987347880,697a707b5bc42b2987347880,spotlight_PROLIFIC,,30,Brasil,Português Brasil ,"Português Brasil, inglês ",inglês,Português Brasil:80|English:10|inglês:10,100,Português Brasil:80|English:10|inglês:10,100,Português Brasil:100|English:0|inglês:0,100,17,5,Bachelor's,10,10,10,5,6,8,12,28,28,28,Duolingo,90,,,,,16,25,B1,elementary|intermediate,elementary|intermediate,cambridge_15_21_random_elementary_intermediate,4,19,random,,145.25694274902344,679.8472290039062,166.59027671813965,732.6111183166504,3,12,,,,,,,,,,,,2026-07-06T21:59:09.647Z,QGFAEPFN,2026-07-06,2026-07-06,18:59:09,2026-07-06 18:59:09,,,,,,,,697a707b5bc42b2987347880,697a707b5bc42b2987347880,,,,
25198,raw_position_sample,2,2,int,18,3,17,18,38, needs ,712,171,4383384.3999999985,697a707b5bc42b2987347880,697a707b5bc42b2987347880,intermediate,3,697a707b5bc42b2987347880,697a707b5bc42b2987347880,spotlight_PROLIFIC,,30,Brasil,Português Brasil ,"Português Brasil, inglês ",inglês,Português Brasil:80|English:10|inglês:10,100,Português Brasil:80|English:10|inglês:10,100,Português Brasil:100|English:0|inglês:0,100,17,5,Bachelor's,10,10,10,5,6,8,12,28,28,28,Duolingo,90,,,,,16,25,B1,elementary|intermediate,elementary|intermediate,cambridge_15_21_random_elementary_intermediate,4,19,random,,145.25694274902344,679.8472290039062,166.59027671813965,732.6111183166504,3,12,,,,,,,,,,,,2026-07-06T21:59:09.647Z,QGFAEPFN,2026-07-06,2026-07-06,18:59:09,2026-07-06 18:59:09,,,,,,,,697a707b5bc42b2987347880,697a707b5bc42b2987347880,,,,
25249,raw_position_sample,2,2,int,18,3,17,18,38, needs ,716,171,4383435.299999997,697a707b5bc42b2987347880,697a707b5bc42b2987347880,intermediate,3,697a707b5bc42b2987347880,697a707b5bc42b2987347880,spotlight_PROLIFIC,,30,Brasil,Português Brasil ,"Português Brasil, inglês ",inglês,Português Brasil:80|English:10|inglês:10,100,Português Brasil:80|English:10|inglês:10,100,Português Brasil:100|English:0|inglês:0,100,17,5,Bachelor's,10,10,10,5,6,8,12,28,28,28,Duolingo,90,,,,,16,25,B1,elementary|intermediate,elementary|intermediate,cambridge_15_21_random_elementary_intermediate,4,19,random,,145.25694274902344,679.8472290039062,166.59027671813965,732.6111183166504,3,12,,,,,,,,,,,,2026-07-06T21:59:09.647Z,QGFAEPFN,2026-07-06,2026-07-06,18:59:09,2026-07-06 18:59:09,,,,,,,,697a707b5bc42b2987347880,697a707b5bc42b2987347880,,,,
25295,raw_position_sample,2,2,int,18,3,17,18,38, needs ,727,172,4383481.199999999,697a707b5bc42b2987347880,697a707b5bc42b2987347880,intermediate,3,697a707b5bc42b2987347880,697a707b5bc42b2987347880,spotlight_PROLIFIC,,30,Brasil,Português Brasil ,"Português Brasil, inglês ",inglês,Português Brasil:80|English:10|inglês:10,100,Português Brasil:80|English:10|inglês:10,100,Português Brasil:100|English:0|inglês:0,100,17,5,Bachelor's,10,10,10,5,6,8,12,28,28,28,Duolingo,90,,,,,16,25,B1,elementary|intermediate,elementary|intermediate,cambridge_15_21_random_elementary_intermediate,4,19,random,,145.25694274902344,679.8472290039062,166.59027671813965,732.6111183166504,3,12,,,,,,,,,,,,2026-07-06T21:59:09.647Z,QGFAEPFN,2026-07-06,2026-07-06,18:59:09,2026-07-06 18:59:09,,,,,,,,697a707b5bc42b2987347880,697a707b5bc42b2987347880,,,,
25319,hover_association,2,2,int,18,3,17,18,38, needs ,682,171,,697a707b5bc42b2987347880,697a707b5bc42b2987347880,intermediate,3,697a707b5bc42b2987347880,697a707b5bc42b2987347880,spotlight_PROLIFIC,,30,Brasil,Português Brasil ,"Português Brasil, inglês ",inglês,Português Brasil:80|English:10|inglês:10,100,Português Brasil:80|English:10|inglês:10,100,Português Brasil:100|English:0|inglês:0,100,17,5,Bachelor's,10,10,10,5,6,8,12,28,28,28,Duolingo,90,,,,,16,25,B1,elementary|intermediate,elementary|intermediate,cambridge_15_21_random_elementary_intermediate,4,19,random,,135.92360973358154,679.8472290039062,175.92360973358154,732.6111316680908,3,12,hover,316.5,316.5,0.9505129162884454,0.9019097566604615,106,,,,,,2026-07-06T21:59:09.647Z,QGFAEPFN,2026-07-06,2026-07-06,18:59:09,2026-07-06 18:59:09,,,,,,,,697a707b5bc42b2987347880,697a707b5bc42b2987347880,,,,
25345,raw_position_sample,2,2,int,18,3,17,18,39, to ,739,172,4383530.8999999985,697a707b5bc42b2987347880,697a707b5bc42b2987347880,intermediate,3,697a707b5bc42b2987347880,697a707b5bc42b2987347880,spotlight_PROLIFIC,,30,Brasil,Português Brasil ,"Português Brasil, inglês ",inglês,Português Brasil:80|English:10|inglês:10,100,Português Brasil:80|English:10|inglês:10,100,Português Brasil:100|English:0|inglês:0,100,17,5,Bachelor's,10,10,10,5,6,8,12,28,28,28,Duolingo,90,,,,,16,25,B1,elementary|intermediate,elementary|intermediate,cambridge_15_21_random_elementary_intermediate,4,19,random,,145.25694274902344,732.6111450195312,166.59027671813965,752.9861450195312,3,13,,,,,,,,,,,,2026-07-06T21:59:09.647Z,QGFAEPFN,2026-07-06,2026-07-06,18:59:09,2026-07-06 18:59:09,,,,,,,,697a707b5bc42b2987347880,697a707b5bc42b2987347880,,,,
25386,hover_association,2,2,int,18,3,17,18,39, to ,735,172,,697a707b5bc42b2987347880,697a707b5bc42b2987347880,intermediate,3,697a707b5bc42b2987347880,697a707b5bc42b2987347880,spotlight_PROLIFIC,,30,Brasil,Português Brasil ,"Português Brasil, inglês ",inglês,Português Brasil:80|English:10|inglês:10,100,Português Brasil:80|English:10|inglês:10,100,Português Brasil:100|English:0|inglês:0,100,17,5,Bachelor's,10,10,10,5,6,8,12,28,28,28,Duolingo,90,,,,,16,25,B1,elementary|intermediate,elementary|intermediate,cambridge_15_21_random_elementary_intermediate,4,19,random,,135.92360973358154,732.6111316680908,175.92360973358154,752.9861450195312,3,13,hover,67.09999999776483,67.09999999776483,0.9516002761558174,0.9019097566604615,106,,,,,,2026-07-06T21:59:09.647Z,QGFAEPFN,2026-07-06,2026-07-06,18:59:09,2026-07-06 18:59:09,,,,,,,,697a707b5bc42b2987347880,697a707b5bc42b2987347880,,,,
25395,raw_position_sample,2,2,int,18,3,17,18,40, do ,756,172,4383581.199999999,697a707b5bc42b2987347880,697a707b5bc42b2987347880,intermediate,3,697a707b5bc42b2987347880,697a707b5bc42b2987347880,spotlight_PROLIFIC,,30,Brasil,Português Brasil ,"Português Brasil, inglês ",inglês,Português Brasil:80|English:10|inglês:10,100,Português Brasil:80|English:10|inglês:10,100,Português Brasil:100|English:0|inglês:0,100,17,5,Bachelor's,10,10,10,5,6,8,12,28,28,28,Duolingo,90,,,,,16,25,B1,elementary|intermediate,elementary|intermediate,cambridge_15_21_random_elementary_intermediate,4,19,random,,145.25694274902344,752.9861450195312,166.59027671813965,777.7917003631592,3,14,,,,,,,,,,,,2026-07-06T21:59:09.647Z,QGFAEPFN,2026-07-06,2026-07-06,18:59:09,2026-07-06 18:59:09,,,,,,,,697a707b5bc42b2987347880,697a707b5bc42b2987347880,,,,
25445,raw_position_sample,2,2,int,18,3,17,18,40, do ,765,172,4383631.3999999985,697a707b5bc42b2987347880,697a707b5bc42b2987347880,intermediate,3,697a707b5bc42b2987347880,697a707b5bc42b2987347880,spotlight_PROLIFIC,,30,Brasil,Português Brasil ,"Português Brasil, inglês ",inglês,Português Brasil:80|English:10|inglês:10,100,Português Brasil:80|English:10|inglês:10,100,Português Brasil:100|English:0|inglês:0,100,17,5,Bachelor's,10,10,10,5,6,8,12,28,28,28,Duolingo,90,,,,,16,25,B1,elementary|intermediate,elementary|intermediate,cambridge_15_21_random_elementary_intermediate,4,19,random,,145.25694274902344,752.9861450195312,166.59027671813965,777.7917003631592,3,14,,,,,,,,,,,,2026-07-06T21:59:09.647Z,QGFAEPFN,2026-07-06,2026-07-06,18:59:09,2026-07-06 18:59:09,,,,,,,,697a707b5bc42b2987347880,697a707b5bc42b2987347880,,,,
25487,hover_association,2,2,int,18,3,17,18,40, do ,756,172,,697a707b5bc42b2987347880,697a707b5bc42b2987347880,intermediate,3,697a707b5bc42b2987347880,697a707b5bc42b2987347880,spotlight_PROLIFIC,,30,Brasil,Português Brasil ,"Português Brasil, inglês ",inglês,Português Brasil:80|English:10|inglês:10,100,Português Brasil:80|English:10|inglês:10,100,Português Brasil:100|English:0|inglês:0,100,17,5,Bachelor's,10,10,10,5,6,8,12,28,28,28,Duolingo,90,,,,,16,25,B1,elementary|intermediate,elementary|intermediate,cambridge_15_21_random_elementary_intermediate,4,19,random,,135.92360973358154,752.9861450195312,175.92360973358154,777.791693687439,3,14,hover,100.40000000223517,100.40000000223517,0.8874568861663306,0.9019097566604615,106,,,,,,2026-07-06T21:59:09.647Z,QGFAEPFN,2026-07-06,2026-07-06,18:59:09,2026-07-06 18:59:09,,,,,,,,697a707b5bc42b2987347880,697a707b5bc42b2987347880,,,,
25502,raw_position_sample,2,2,int,18,3,17,18,41, more ,779,172,4383687.8999999985,697a707b5bc42b2987347880,697a707b5bc42b2987347880,intermediate,3,697a707b5bc42b2987347880,697a707b5bc42b2987347880,spotlight_PROLIFIC,,30,Brasil,Português Brasil ,"Português Brasil, inglês ",inglês,Português Brasil:80|English:10|inglês:10,100,Português Brasil:80|English:10|inglês:10,100,Português Brasil:100|English:0|inglês:0,100,17,5,Bachelor's,10,10,10,5,6,8,12,28,28,28,Duolingo,90,,,,,16,25,B1,elementary|intermediate,elementary|intermediate,cambridge_15_21_random_elementary_intermediate,4,19,random,,145.25694274902344,777.7916870117188,166.59027671813965,823.7152976989746,3,15,,,,,,,,,,,,2026-07-06T21:59:09.647Z,QGFAEPFN,2026-07-06,2026-07-06,18:59:09,2026-07-06 18:59:09,,,,,,,,697a707b5bc42b2987347880,697a707b5bc42b2987347880,,,,
25545,raw_position_sample,2,2,int,18,3,17,18,41, more ,797,169,4383731.099999998,697a707b5bc42b2987347880,697a707b5bc42b2987347880,intermediate,3,697a707b5bc42b2987347880,697a707b5bc42b2987347880,spotlight_PROLIFIC,,30,Brasil,Português Brasil ,"Português Brasil, inglês ",inglês,Português Brasil:80|English:10|inglês:10,100,Português Brasil:80|English:10|inglês:10,100,Português Brasil:100|English:0|inglês:0,100,17,5,Bachelor's,10,10,10,5,6,8,12,28,28,28,Duolingo,90,,,,,16,25,B1,elementary|intermediate,elementary|intermediate,cambridge_15_21_random_elementary_intermediate,4,19,random,,145.25694274902344,777.7916870117188,166.59027671813965,823.7152976989746,3,15,,,,,,,,,,,,2026-07-06T21:59:09.647Z,QGFAEPFN,2026-07-06,2026-07-06,18:59:09,2026-07-06 18:59:09,,,,,,,,697a707b5bc42b2987347880,697a707b5bc42b2987347880,,,,
25597,raw_position_sample,2,2,int,18,3,17,18,41, more ,812,167,4383782.8999999985,697a707b5bc42b2987347880,697a707b5bc42b2987347880,intermediate,3,697a707b5bc42b2987347880,697a707b5bc42b2987347880,spotlight_PROLIFIC,,30,Brasil,Português Brasil ,"Português Brasil, inglês ",inglês,Português Brasil:80|English:10|inglês:10,100,Português Brasil:80|English:10|inglês:10,100,Português Brasil:100|English:0|inglês:0,100,17,5,Bachelor's,10,10,10,5,6,8,12,28,28,28,Duolingo,90,,,,,16,25,B1,elementary|intermediate,elementary|intermediate,cambridge_15_21_random_elementary_intermediate,4,19,random,,145.25694274902344,777.7916870117188,166.59027671813965,823.7152976989746,3,15,,,,,,,,,,,,2026-07-06T21:59:09.647Z,QGFAEPFN,2026-07-06,2026-07-06,18:59:09,2026-07-06 18:59:09,,,,,,,,697a707b5bc42b2987347880,697a707b5bc42b2987347880,,,,
25645,raw_position_sample,2,2,int,18,3,17,18,41, more ,823,163,4383831.199999999,697a707b5bc42b2987347880,697a707b5bc42b2987347880,intermediate,3,697a707b5bc42b2987347880,697a707b5bc42b2987347880,spotlight_PROLIFIC,,30,Brasil,Português Brasil ,"Português Brasil, inglês ",inglês,Português Brasil:80|English:10|inglês:10,100,Português Brasil:80|English:10|inglês:10,100,Português Brasil:100|English:0|inglês:0,100,17,5,Bachelor's,10,10,10,5,6,8,12,28,28,28,Duolingo,90,,,,,16,25,B1,elementary|intermediate,elementary|intermediate,cambridge_15_21_random_elementary_intermediate,4,19,random,,145.25694274902344,777.7916870117188,166.59027671813965,823.7152976989746,3,15,,,,,,,,,,,,2026-07-06T21:59:09.647Z,QGFAEPFN,2026-07-06,2026-07-06,18:59:09,2026-07-06 18:59:09,,,,,,,,697a707b5bc42b2987347880,697a707b5bc42b2987347880,,,,
25652,hover_association,2,2,int,18,3,17,18,41, more ,779,172,,697a707b5bc42b2987347880,697a707b5bc42b2987347880,intermediate,3,697a707b5bc42b2987347880,697a707b5bc42b2987347880,spotlight_PROLIFIC,,30,Brasil,Português Brasil ,"Português Brasil, inglês ",inglês,Português Brasil:80|English:10|inglês:10,100,Português Brasil:80|English:10|inglês:10,100,Português Brasil:100|English:0|inglês:0,100,17,5,Bachelor's,10,10,10,5,6,8,12,28,28,28,Duolingo,90,,,,,16,25,B1,elementary|intermediate,elementary|intermediate,cambridge_15_21_random_elementary_intermediate,4,19,random,,135.92360973358154,777.791693687439,175.92360973358154,823.7152843475342,3,15,hover,165.30000000074506,165.30000000074506,0.9844244681817592,0.6769097566604614,106,,,,,,2026-07-06T21:59:09.647Z,QGFAEPFN,2026-07-06,2026-07-06,18:59:09,2026-07-06 18:59:09,,,,,,,,697a707b5bc42b2987347880,697a707b5bc42b2987347880,,,,
25696,raw_position_sample,2,2,int,18,3,17,18,42, to ,832,161,4383882.599999998,697a707b5bc42b2987347880,697a707b5bc42b2987347880,intermediate,3,697a707b5bc42b2987347880,697a707b5bc42b2987347880,spotlight_PROLIFIC,,30,Brasil,Português Brasil ,"Português Brasil, inglês ",inglês,Português Brasil:80|English:10|inglês:10,100,Português Brasil:80|English:10|inglês:10,100,Português Brasil:100|English:0|inglês:0,100,17,5,Bachelor's,10,10,10,5,6,8,12,28,28,28,Duolingo,90,,,,,16,25,B1,elementary|intermediate,elementary|intermediate,cambridge_15_21_random_elementary_intermediate,4,19,random,,145.25694274902344,823.7152709960938,166.59027671813965,844.0902709960938,3,16,,,,,,,,,,,,2026-07-06T21:59:09.647Z,QGFAEPFN,2026-07-06,2026-07-06,18:59:09,2026-07-06 18:59:09,,,,,,,,697a707b5bc42b2987347880,697a707b5bc42b2987347880,,,,
25736,hover_association,2,2,int,18,3,17,18,42, to ,826,163,,697a707b5bc42b2987347880,697a707b5bc42b2987347880,intermediate,3,697a707b5bc42b2987347880,697a707b5bc42b2987347880,spotlight_PROLIFIC,,30,Brasil,Português Brasil ,"Português Brasil, inglês ",inglês,Português Brasil:80|English:10|inglês:10,100,Português Brasil:80|English:10|inglês:10,100,Português Brasil:100|English:0|inglês:0,100,17,5,Bachelor's,10,10,10,5,6,8,12,28,28,28,Duolingo,90,,,,,16,25,B1,elementary|intermediate,elementary|intermediate,cambridge_15_21_random_elementary_intermediate,4,19,random,,135.92360973358154,823.7152843475342,175.92360973358154,844.0902709960938,3,16,hover,83.59999999776483,83.59999999776483,0.8483301584733937,0.6019097566604614,106,,,,,,2026-07-06T21:59:09.647Z,QGFAEPFN,2026-07-06,2026-07-06,18:59:09,2026-07-06 18:59:09,,,,,,,,697a707b5bc42b2987347880,697a707b5bc42b2987347880,,,,
25746,raw_position_sample,2,2,int,18,3,17,18,43, protect ,845,160,4383932.5,697a707b5bc42b2987347880,697a707b5bc42b2987347880,intermediate,3,697a707b5bc42b2987347880,697a707b5bc42b2987347880,spotlight_PROLIFIC,,30,Brasil,Português Brasil ,"Português Brasil, inglês ",inglês,Português Brasil:80|English:10|inglês:10,100,Português Brasil:80|English:10|inglês:10,100,Português Brasil:100|English:0|inglês:0,100,17,5,Bachelor's,10,10,10,5,6,8,12,28,28,28,Duolingo,90,,,,,16,25,B1,elementary|intermediate,elementary|intermediate,cambridge_15_21_random_elementary_intermediate,4,19,random,,145.25694274902344,844.0902709960938,166.59027671813965,900.9583282470703,3,17,,,,,,,,,,,,2026-07-06T21:59:09.647Z,QGFAEPFN,2026-07-06,2026-07-06,18:59:09,2026-07-06 18:59:09,,,,,,,,697a707b5bc42b2987347880,697a707b5bc42b2987347880,,,,
25795,raw_position_sample,2,2,int,18,3,17,18,43, protect ,857,158,4383981,697a707b5bc42b2987347880,697a707b5bc42b2987347880,intermediate,3,697a707b5bc42b2987347880,697a707b5bc42b2987347880,spotlight_PROLIFIC,,30,Brasil,Português Brasil ,"Português Brasil, inglês ",inglês,Português Brasil:80|English:10|inglês:10,100,Português Brasil:80|English:10|inglês:10,100,Português Brasil:100|English:0|inglês:0,100,17,5,Bachelor's,10,10,10,5,6,8,12,28,28,28,Duolingo,90,,,,,16,25,B1,elementary|intermediate,elementary|intermediate,cambridge_15_21_random_elementary_intermediate,4,19,random,,145.25694274902344,844.0902709960938,166.59027671813965,900.9583282470703,3,17,,,,,,,,,,,,2026-07-06T21:59:09.647Z,QGFAEPFN,2026-07-06,2026-07-06,18:59:09,2026-07-06 18:59:09,,,,,,,,697a707b5bc42b2987347880,697a707b5bc42b2987347880,,,,
25850,raw_position_sample,2,2,int,18,3,17,18,43, protect ,880,158,4384036.5,697a707b5bc42b2987347880,697a707b5bc42b2987347880,intermediate,3,697a707b5bc42b2987347880,697a707b5bc42b2987347880,spotlight_PROLIFIC,,30,Brasil,Português Brasil ,"Português Brasil, inglês ",inglês,Português Brasil:80|English:10|inglês:10,100,Português Brasil:80|English:10|inglês:10,100,Português Brasil:100|English:0|inglês:0,100,17,5,Bachelor's,10,10,10,5,6,8,12,28,28,28,Duolingo,90,,,,,16,25,B1,elementary|intermediate,elementary|intermediate,cambridge_15_21_random_elementary_intermediate,4,19,random,,145.25694274902344,844.0902709960938,166.59027671813965,900.9583282470703,3,17,,,,,,,,,,,,2026-07-06T21:59:09.647Z,QGFAEPFN,2026-07-06,2026-07-06,18:59:09,2026-07-06 18:59:09,,,,,,,,697a707b5bc42b2987347880,697a707b5bc42b2987347880,,,,
25896,raw_position_sample,2,2,int,18,3,17,18,43, protect ,900,159,4384082.5,697a707b5bc42b2987347880,697a707b5bc42b2987347880,intermediate,3,697a707b5bc42b2987347880,697a707b5bc42b2987347880,spotlight_PROLIFIC,,30,Brasil,Português Brasil ,"Português Brasil, inglês ",inglês,Português Brasil:80|English:10|inglês:10,100,Português Brasil:80|English:10|inglês:10,100,Português Brasil:100|English:0|inglês:0,100,17,5,Bachelor's,10,10,10,5,6,8,12,28,28,28,Duolingo,90,,,,,16,25,B1,elementary|intermediate,elementary|intermediate,cambridge_15_21_random_elementary_intermediate,4,19,random,,145.25694274902344,844.0902709960938,166.59027671813965,900.9583282470703,3,17,,,,,,,,,,,,2026-07-06T21:59:09.647Z,QGFAEPFN,2026-07-06,2026-07-06,18:59:09,2026-07-06 18:59:09,,,,,,,,697a707b5bc42b2987347880,697a707b5bc42b2987347880,,,,
25904,hover_association,2,2,int,18,3,17,18,43, protect ,845,160,,697a707b5bc42b2987347880,697a707b5bc42b2987347880,intermediate,3,697a707b5bc42b2987347880,697a707b5bc42b2987347880,spotlight_PROLIFIC,,30,Brasil,Português Brasil ,"Português Brasil, inglês ",inglês,Português Brasil:80|English:10|inglês:10,100,Português Brasil:80|English:10|inglês:10,100,Português Brasil:100|English:0|inglês:0,100,17,5,Bachelor's,10,10,10,5,6,8,12,28,28,28,Duolingo,90,,,,,16,25,B1,elementary|intermediate,elementary|intermediate,cambridge_15_21_random_elementary_intermediate,4,19,random,,135.92360973358154,844.0902709960938,175.92360973358154,904.887147630964,3,17,hover,167.80000000074506,167.80000000074506,0.9196151529244682,0.5769097566604614,106,,,,,,2026-07-06T21:59:09.647Z,QGFAEPFN,2026-07-06,2026-07-06,18:59:09,2026-07-06 18:59:09,,,,,,,,697a707b5bc42b2987347880,697a707b5bc42b2987347880,,,,
25944,raw_position_sample,2,2,int,18,3,17,18,-1,999,921,159,4384130.3999999985,697a707b5bc42b2987347880,697a707b5bc42b2987347880,intermediate,3,697a707b5bc42b2987347880,697a707b5bc42b2987347880,spotlight_PROLIFIC,,30,Brasil,Português Brasil ,"Português Brasil, inglês ",inglês,Português Brasil:80|English:10|inglês:10,100,Português Brasil:80|English:10|inglês:10,100,Português Brasil:100|English:0|inglês:0,100,17,5,Bachelor's,10,10,10,5,6,8,12,28,28,28,Duolingo,90,,,,,16,25,B1,elementary|intermediate,elementary|intermediate,cambridge_15_21_random_elementary_intermediate,4,19,random,,,,,,,,,,,,,,,,,,,2026-07-06T21:59:09.647Z,QGFAEPFN,2026-07-06,2026-07-06,18:59:09,2026-07-06 18:59:09,,,,,,,,697a707b5bc42b2987347880,697a707b5bc42b2987347880,,,,
25994,raw_position_sample,2,2,int,18,3,17,18,-1,999,925,159,4384180.599999998,697a707b5bc42b2987347880,697a707b5bc42b2987347880,intermediate,3,697a707b5bc42b2987347880,697a707b5bc42b2987347880,spotlight_PROLIFIC,,30,Brasil,Português Brasil ,"Português Brasil, inglês ",inglês,Português Brasil:80|English:10|inglês:10,100,Português Brasil:80|English:10|inglês:10,100,Português Brasil:100|English:0|inglês:0,100,17,5,Bachelor's,10,10,10,5,6,8,12,28,28,28,Duolingo,90,,,,,16,25,B1,elementary|intermediate,elementary|intermediate,cambridge_15_21_random_elementary_intermediate,4,19,random,,,,,,,,,,,,,,,,,,,2026-07-06T21:59:09.647Z,QGFAEPFN,2026-07-06,2026-07-06,18:59:09,2026-07-06 18:59:09,,,,,,,,697a707b5bc42b2987347880,697a707b5bc42b2987347880,,,,
26045,raw_position_sample,2,2,int,18,3,17,18,-1,999,925,159,4384230.8999999985,697a707b5bc42b2987347880,697a707b5bc42b2987347880,intermediate,3,697a707b5bc42b2987347880,697a707b5bc42b2987347880,spotlight_PROLIFIC,,30,Brasil,Português Brasil ,"Português Brasil, inglês ",inglês,Português Brasil:80|English:10|inglês:10,100,Português Brasil:80|English:10|inglês:10,100,Português Brasil:100|English:0|inglês:0,100,17,5,Bachelor's,10,10,10,5,6,8,12,28,28,28,Duolingo,90,,,,,16,25,B1,elementary|intermediate,elementary|intermediate,cambridge_15_21_random_elementary_intermediate,4,19,random,,,,,,,,,,,,,,,,,,,2026-07-06T21:59:09.647Z,QGFAEPFN,2026-07-06,2026-07-06,18:59:09,2026-07-06 18:59:09,,,,,,,,697a707b5bc42b2987347880,697a707b5bc42b2987347880,,,,
26094,raw_position_sample,2,2,int,18,3,17,18,-1,999,932,159,4384280.299999997,697a707b5bc42b2987347880,697a707b5bc42b2987347880,intermediate,3,697a707b5bc42b2987347880,697a707b5bc42b2987347880,spotlight_PROLIFIC,,30,Brasil,Português Brasil ,"Português Brasil, inglês ",inglês,Português Brasil:80|English:10|inglês:10,100,Português Brasil:80|English:10|inglês:10,100,Português Brasil:100|English:0|inglês:0,100,17,5,Bachelor's,10,10,10,5,6,8,12,28,28,28,Duolingo,90,,,,,16,25,B1,elementary|intermediate,elementary|intermediate,cambridge_15_21_random_elementary_intermediate,4,19,random,,,,,,,,,,,,,,,,,,,2026-07-06T21:59:09.647Z,QGFAEPFN,2026-07-06,2026-07-06,18:59:09,2026-07-06 18:59:09,,,,,,,,697a707b5bc42b2987347880,697a707b5bc42b2987347880,,,,
26144,raw_position_sample,2,2,int,18,3,17,18,-1,999,936,159,4384330.5,697a707b5bc42b2987347880,697a707b5bc42b2987347880,intermediate,3,697a707b5bc42b2987347880,697a707b5bc42b2987347880,spotlight_PROLIFIC,,30,Brasil,Português Brasil ,"Português Brasil, inglês ",inglês,Português Brasil:80|English:10|inglês:10,100,Português Brasil:80|English:10|inglês:10,100,Português Brasil:100|English:0|inglês:0,100,17,5,Bachelor's,10,10,10,5,6,8,12,28,28,28,Duolingo,90,,,,,16,25,B1,elementary|intermediate,elementary|intermediate,cambridge_15_21_random_elementary_intermediate,4,19,random,,,,,,,,,,,,,,,,,,,2026-07-06T21:59:09.647Z,QGFAEPFN,2026-07-06,2026-07-06,18:59:09,2026-07-06 18:59:09,,,,,,,,697a707b5bc42b2987347880,697a707b5bc42b2987347880,,,,
26195,raw_position_sample,2,2,int,18,3,17,18,-1,999,936,159,4384381,697a707b5bc42b2987347880,697a707b5bc42b2987347880,intermediate,3,697a707b5bc42b2987347880,697a707b5bc42b2987347880,spotlight_PROLIFIC,,30,Brasil,Português Brasil ,"Português Brasil, inglês ",inglês,Português Brasil:80|English:10|inglês:10,100,Português Brasil:80|English:10|inglês:10,100,Português Brasil:100|English:0|inglês:0,100,17,5,Bachelor's,10,10,10,5,6,8,12,28,28,28,Duolingo,90,,,,,16,25,B1,elementary|intermediate,elementary|intermediate,cambridge_15_21_random_elementary_intermediate,4,19,random,,,,,,,,,,,,,,,,,,,2026-07-06T21:59:09.647Z,QGFAEPFN,2026-07-06,2026-07-06,18:59:09,2026-07-06 18:59:09,,,,,,,,697a707b5bc42b2987347880,697a707b5bc42b2987347880,,,,
26245,raw_position_sample,2,2,int,18,3,17,18,-1,999,936,159,4384431.199999999,697a707b5bc42b2987347880,697a707b5bc42b2987347880,intermediate,3,697a707b5bc42b2987347880,697a707b5bc42b2987347880,spotlight_PROLIFIC,,30,Brasil,Português Brasil ,"Português Brasil, inglês ",inglês,Português Brasil:80|English:10|inglês:10,100,Português Brasil:80|English:10|inglês:10,100,Português Brasil:100|English:0|inglês:0,100,17,5,Bachelor's,10,10,10,5,6,8,12,28,28,28,Duolingo,90,,,,,16,25,B1,elementary|intermediate,elementary|intermediate,cambridge_15_21_random_elementary_intermediate,4,19,random,,,,,,,,,,,,,,,,,,,2026-07-06T21:59:09.647Z,QGFAEPFN,2026-07-06,2026-07-06,18:59:09,2026-07-06 18:59:09,,,,,,,,697a707b5bc42b2987347880,697a707b5bc42b2987347880,,,,
26295,raw_position_sample,2,2,int,18,3,17,18,-1,999,936,159,4384481.199999999,697a707b5bc42b2987347880,697a707b5bc42b2987347880,intermediate,3,697a707b5bc42b2987347880,697a707b5bc42b2987347880,spotlight_PROLIFIC,,30,Brasil,Português Brasil ,"Português Brasil, inglês ",inglês,Português Brasil:80|English:10|inglês:10,100,Português Brasil:80|English:10|inglês:10,100,Português Brasil:100|English:0|inglês:0,100,17,5,Bachelor's,10,10,10,5,6,8,12,28,28,28,Duolingo,90,,,,,16,25,B1,elementary|intermediate,elementary|intermediate,cambridge_15_21_random_elementary_intermediate,4,19,random,,,,,,,,,,,,,,,,,,,2026-07-06T21:59:09.647Z,QGFAEPFN,2026-07-06,2026-07-06,18:59:09,2026-07-06 18:59:09,,,,,,,,697a707b5bc42b2987347880,697a707b5bc42b2987347880,,,,
26345,raw_position_sample,2,2,int,18,3,17,18,-1,999,936,159,4384531.299999997,697a707b5bc42b2987347880,697a707b5bc42b2987347880,intermediate,3,697a707b5bc42b2987347880,697a707b5bc42b2987347880,spotlight_PROLIFIC,,30,Brasil,Português Brasil ,"Português Brasil, inglês ",inglês,Português Brasil:80|English:10|inglês:10,100,Português Brasil:80|English:10|inglês:10,100,Português Brasil:100|English:0|inglês:0,100,17,5,Bachelor's,10,10,10,5,6,8,12,28,28,28,Duolingo,90,,,,,16,25,B1,elementary|intermediate,elementary|intermediate,cambridge_15_21_random_elementary_intermediate,4,19,random,,,,,,,,,,,,,,,,,,,2026-07-06T21:59:09.647Z,QGFAEPFN,2026-07-06,2026-07-06,18:59:09,2026-07-06 18:59:09,,,,,,,,697a707b5bc42b2987347880,697a707b5bc42b2987347880,,,,
26394,raw_position_sample,2,2,int,18,3,17,18,-1,999,925,164,4384580.599999998,697a707b5bc42b2987347880,697a707b5bc42b2987347880,intermediate,3,697a707b5bc42b2987347880,697a707b5bc42b2987347880,spotlight_PROLIFIC,,30,Brasil,Português Brasil ,"Português Brasil, inglês ",inglês,Português Brasil:80|English:10|inglês:10,100,Português Brasil:80|English:10|inglês:10,100,Português Brasil:100|English:0|inglês:0,100,17,5,Bachelor's,10,10,10,5,6,8,12,28,28,28,Duolingo,90,,,,,16,25,B1,elementary|intermediate,elementary|intermediate,cambridge_15_21_random_elementary_intermediate,4,19,random,,,,,,,,,,,,,,,,,,,2026-07-06T21:59:09.647Z,QGFAEPFN,2026-07-06,2026-07-06,18:59:09,2026-07-06 18:59:09,,,,,,,,697a707b5bc42b2987347880,697a707b5bc42b2987347880,,,,
26444,raw_position_sample,2,2,int,18,3,17,18,-1,999,908,166,4384630.299999997,697a707b5bc42b2987347880,697a707b5bc42b2987347880,intermediate,3,697a707b5bc42b2987347880,697a707b5bc42b2987347880,spotlight_PROLIFIC,,30,Brasil,Português Brasil ,"Português Brasil, inglês ",inglês,Português Brasil:80|English:10|inglês:10,100,Português Brasil:80|English:10|inglês:10,100,Português Brasil:100|English:0|inglês:0,100,17,5,Bachelor's,10,10,10,5,6,8,12,28,28,28,Duolingo,90,,,,,16,25,B1,elementary|intermediate,elementary|intermediate,cambridge_15_21_random_elementary_intermediate,4,19,random,,,,,,,,,,,,,,,,,,,2026-07-06T21:59:09.647Z,QGFAEPFN,2026-07-06,2026-07-06,18:59:09,2026-07-06 18:59:09,,,,,,,,697a707b5bc42b2987347880,697a707b5bc42b2987347880,,,,
26503,raw_position_sample,2,2,int,18,3,17,18,43, protect ,884,170,4384688.799999997,697a707b5bc42b2987347880,697a707b5bc42b2987347880,intermediate,3,697a707b5bc42b2987347880,697a707b5bc42b2987347880,spotlight_PROLIFIC,,30,Brasil,Português Brasil ,"Português Brasil, inglês ",inglês,Português Brasil:80|English:10|inglês:10,100,Português Brasil:80|English:10|inglês:10,100,Português Brasil:100|English:0|inglês:0,100,17,5,Bachelor's,10,10,10,5,6,8,12,28,28,28,Duolingo,90,,,,,16,25,B1,elementary|intermediate,elementary|intermediate,cambridge_15_21_random_elementary_intermediate,4,19,random,,145.25694274902344,844.0902709960938,166.59027671813965,900.9583282470703,3,17,,,,,,,,,,,,2026-07-06T21:59:09.647Z,QGFAEPFN,2026-07-06,2026-07-06,18:59:09,2026-07-06 18:59:09,,,,,,,,697a707b5bc42b2987347880,697a707b5bc42b2987347880,,,,
26535,hover_association,2,2,int,18,3,17,18,43, protect ,903,168,,697a707b5bc42b2987347880,697a707b5bc42b2987347880,intermediate,3,697a707b5bc42b2987347880,697a707b5bc42b2987347880,spotlight_PROLIFIC,,30,Brasil,Português Brasil ,"Português Brasil, inglês ",inglês,Português Brasil:80|English:10|inglês:10,100,Português Brasil:80|English:10|inglês:10,100,Português Brasil:100|English:0|inglês:0,100,17,5,Bachelor's,10,10,10,5,6,8,12,28,28,28,Duolingo,90,,,,,16,25,B1,elementary|intermediate,elementary|intermediate,cambridge_15_21_random_elementary_intermediate,4,19,random,,135.92360973358154,844.0902709960938,175.92360973358154,904.887147630964,3,17,hover,84,84,0.2452384041609585,0.8769097566604614,106,,,,,,2026-07-06T21:59:09.647Z,QGFAEPFN,2026-07-06,2026-07-06,18:59:09,2026-07-06 18:59:09,,,,,,,,697a707b5bc42b2987347880,697a707b5bc42b2987347880,,,,
26545,raw_position_sample,2,2,int,18,3,17,18,42, to ,841,172,4384730.8999999985,697a707b5bc42b2987347880,697a707b5bc42b2987347880,intermediate,3,697a707b5bc42b2987347880,697a707b5bc42b2987347880,spotlight_PROLIFIC,,30,Brasil,Português Brasil ,"Português Brasil, inglês ",inglês,Português Brasil:80|English:10|inglês:10,100,Português Brasil:80|English:10|inglês:10,100,Português Brasil:100|English:0|inglês:0,100,17,5,Bachelor's,10,10,10,5,6,8,12,28,28,28,Duolingo,90,,,,,16,25,B1,elementary|intermediate,elementary|intermediate,cambridge_15_21_random_elementary_intermediate,4,19,random,,145.25694274902344,823.7152709960938,166.59027671813965,844.0902709960938,3,16,,,,,,,,,,,,2026-07-06T21:59:09.647Z,QGFAEPFN,2026-07-06,2026-07-06,18:59:09,2026-07-06 18:59:09,,,,,,,,697a707b5bc42b2987347880,697a707b5bc42b2987347880,,,,
26570,hover_association,2,2,int,18,3,17,18,42, to ,841,172,,697a707b5bc42b2987347880,697a707b5bc42b2987347880,intermediate,3,697a707b5bc42b2987347880,697a707b5bc42b2987347880,spotlight_PROLIFIC,,30,Brasil,Português Brasil ,"Português Brasil, inglês ",inglês,Português Brasil:80|English:10|inglês:10,100,Português Brasil:80|English:10|inglês:10,100,Português Brasil:100|English:0|inglês:0,100,17,5,Bachelor's,10,10,10,5,6,8,12,28,28,28,Duolingo,90,,,,,16,25,B1,elementary|intermediate,elementary|intermediate,cambridge_15_21_random_elementary_intermediate,4,19,random,,135.92360973358154,823.7152843475342,175.92360973358154,844.0902709960938,3,16,hover,34.20000000298023,34.20000000298023,0.5047716511359239,0.9269097566604614,106,,,,,,2026-07-06T21:59:09.647Z,QGFAEPFN,2026-07-06,2026-07-06,18:59:09,2026-07-06 18:59:09,,,,,,,,697a707b5bc42b2987347880,697a707b5bc42b2987347880,,,,
26595,raw_position_sample,2,2,int,18,3,17,18,41, more ,818,174,4384781.099999998,697a707b5bc42b2987347880,697a707b5bc42b2987347880,intermediate,3,697a707b5bc42b2987347880,697a707b5bc42b2987347880,spotlight_PROLIFIC,,30,Brasil,Português Brasil ,"Português Brasil, inglês ",inglês,Português Brasil:80|English:10|inglês:10,100,Português Brasil:80|English:10|inglês:10,100,Português Brasil:100|English:0|inglês:0,100,17,5,Bachelor's,10,10,10,5,6,8,12,28,28,28,Duolingo,90,,,,,16,25,B1,elementary|intermediate,elementary|intermediate,cambridge_15_21_random_elementary_intermediate,4,19,random,,145.25694274902344,777.7916870117188,166.59027671813965,823.7152976989746,3,15,,,,,,,,,,,,2026-07-06T21:59:09.647Z,QGFAEPFN,2026-07-06,2026-07-06,18:59:09,2026-07-06 18:59:09,,,,,,,,697a707b5bc42b2987347880,697a707b5bc42b2987347880,,,,
26635,hover_association,2,2,int,18,3,17,18,41, more ,822,173,,697a707b5bc42b2987347880,697a707b5bc42b2987347880,intermediate,3,697a707b5bc42b2987347880,697a707b5bc42b2987347880,spotlight_PROLIFIC,,30,Brasil,Português Brasil ,"Português Brasil, inglês ",inglês,Português Brasil:80|English:10|inglês:10,100,Português Brasil:80|English:10|inglês:10,100,Português Brasil:100|English:0|inglês:0,100,17,5,Bachelor's,10,10,10,5,6,8,12,28,28,28,Duolingo,90,,,,,16,25,B1,elementary|intermediate,elementary|intermediate,cambridge_15_21_random_elementary_intermediate,4,19,random,,135.92360973358154,777.791693687439,175.92360973358154,823.7152843475342,3,15,hover,65.29999999701977,65.29999999701977,0.5053678507923735,0.9769097566604614,106,,,,,,2026-07-06T21:59:09.647Z,QGFAEPFN,2026-07-06,2026-07-06,18:59:09,2026-07-06 18:59:09,,,,,,,,697a707b5bc42b2987347880,697a707b5bc42b2987347880,,,,
26647,raw_position_sample,2,2,int,18,3,17,18,57, enough ,786,177,4384833.599999998,697a707b5bc42b2987347880,697a707b5bc42b2987347880,intermediate,3,697a707b5bc42b2987347880,697a707b5bc42b2987347880,spotlight_PROLIFIC,,30,Brasil,Português Brasil ,"Português Brasil, inglês ",inglês,Português Brasil:80|English:10|inglês:10,100,Português Brasil:80|English:10|inglês:10,100,Português Brasil:100|English:0|inglês:0,100,17,5,Bachelor's,10,10,10,5,6,8,12,28,28,28,Duolingo,90,,,,,16,25,B1,elementary|intermediate,elementary|intermediate,cambridge_15_21_random_elementary_intermediate,4,19,random,,185.25694274902344,754.4236450195312,206.59027671813965,818.4375381469727,4,14,,,,,,,,,,,,2026-07-06T21:59:09.647Z,QGFAEPFN,2026-07-06,2026-07-06,18:59:09,2026-07-06 18:59:09,,,,,,,,697a707b5bc42b2987347880,697a707b5bc42b2987347880,,,,
26686,hover_association,2,2,int,18,3,17,18,57, enough ,786,177,,697a707b5bc42b2987347880,697a707b5bc42b2987347880,intermediate,3,697a707b5bc42b2987347880,697a707b5bc42b2987347880,spotlight_PROLIFIC,,30,Brasil,Português Brasil ,"Português Brasil, inglês ",inglês,Português Brasil:80|English:10|inglês:10,100,Português Brasil:80|English:10|inglês:10,100,Português Brasil:100|English:0|inglês:0,100,17,5,Bachelor's,10,10,10,5,6,8,12,28,28,28,Duolingo,90,,,,,16,25,B1,elementary|intermediate,elementary|intermediate,cambridge_15_21_random_elementary_intermediate,4,19,random,,175.92360973358154,754.4236240386963,215.92360973358154,818.4375190734863,4,14,hover,51.400000002235174,51.400000002235174,0.08711196152449531,0.05190975666046142,106,,,,,,2026-07-06T21:59:09.647Z,QGFAEPFN,2026-07-06,2026-07-06,18:59:09,2026-07-06 18:59:09,,,,,,,,697a707b5bc42b2987347880,697a707b5bc42b2987347880,,,,
26696,raw_position_sample,2,2,int,18,3,17,18,56, have ,749,179,4384882.299999997,697a707b5bc42b2987347880,697a707b5bc42b2987347880,intermediate,3,697a707b5bc42b2987347880,697a707b5bc42b2987347880,spotlight_PROLIFIC,,30,Brasil,Português Brasil ,"Português Brasil, inglês ",inglês,Português Brasil:80|English:10|inglês:10,100,Português Brasil:80|English:10|inglês:10,100,Português Brasil:100|English:0|inglês:0,100,17,5,Bachelor's,10,10,10,5,6,8,12,28,28,28,Duolingo,90,,,,,16,25,B1,elementary|intermediate,elementary|intermediate,cambridge_15_21_random_elementary_intermediate,4,19,random,,185.25694274902344,712.3402709960938,206.59027671813965,754.4236030578613,4,13,,,,,,,,,,,,2026-07-06T21:59:09.647Z,QGFAEPFN,2026-07-06,2026-07-06,18:59:09,2026-07-06 18:59:09,,,,,,,,697a707b5bc42b2987347880,697a707b5bc42b2987347880,,,,
26720,hover_association,2,2,int,18,3,17,18,56, have ,749,179,,697a707b5bc42b2987347880,697a707b5bc42b2987347880,intermediate,3,697a707b5bc42b2987347880,697a707b5bc42b2987347880,spotlight_PROLIFIC,,30,Brasil,Português Brasil ,"Português Brasil, inglês ",inglês,Português Brasil:80|English:10|inglês:10,100,Português Brasil:80|English:10|inglês:10,100,Português Brasil:100|English:0|inglês:0,100,17,5,Bachelor's,10,10,10,5,6,8,12,28,28,28,Duolingo,90,,,,,16,25,B1,elementary|intermediate,elementary|intermediate,cambridge_15_21_random_elementary_intermediate,4,19,random,,175.92360973358154,712.3402843475342,215.92360973358154,754.4236240386963,4,13,hover,33.5,33.5,0.3245872535951439,0.07690975666046143,106,,,,,,2026-07-06T21:59:09.647Z,QGFAEPFN,2026-07-06,2026-07-06,18:59:09,2026-07-06 18:59:09,,,,,,,,697a707b5bc42b2987347880,697a707b5bc42b2987347880,,,,
26745,raw_position_sample,2,2,int,18,3,17,18,55, cats ,680,179,4384931.299999997,697a707b5bc42b2987347880,697a707b5bc42b2987347880,intermediate,3,697a707b5bc42b2987347880,697a707b5bc42b2987347880,spotlight_PROLIFIC,,30,Brasil,Português Brasil ,"Português Brasil, inglês ",inglês,Português Brasil:80|English:10|inglês:10,100,Português Brasil:80|English:10|inglês:10,100,Português Brasil:100|English:0|inglês:0,100,17,5,Bachelor's,10,10,10,5,6,8,12,28,28,28,Duolingo,90,,,,,16,25,B1,elementary|intermediate,elementary|intermediate,cambridge_15_21_random_elementary_intermediate,4,19,random,,185.25694274902344,673.6041870117188,206.59027671813965,712.3402976989746,4,12,,,,,,,,,,,,2026-07-06T21:59:09.647Z,QGFAEPFN,2026-07-06,2026-07-06,18:59:09,2026-07-06 18:59:09,,,,,,,,697a707b5bc42b2987347880,697a707b5bc42b2987347880,,,,
26754,hover_association,2,2,int,18,3,17,18,55, cats ,712,179,,697a707b5bc42b2987347880,697a707b5bc42b2987347880,intermediate,3,697a707b5bc42b2987347880,697a707b5bc42b2987347880,spotlight_PROLIFIC,,30,Brasil,Português Brasil ,"Português Brasil, inglês ",inglês,Português Brasil:80|English:10|inglês:10,100,Português Brasil:80|English:10|inglês:10,100,Português Brasil:100|English:0|inglês:0,100,17,5,Bachelor's,10,10,10,5,6,8,12,28,28,28,Duolingo,90,,,,,16,25,B1,elementary|intermediate,elementary|intermediate,cambridge_15_21_random_elementary_intermediate,4,19,random,,175.92360973358154,673.6041765213013,215.92360973358154,712.3402843475342,4,12,hover,33.5,33.5,0.16511270330488248,0.07690975666046143,106,,,,,,2026-07-06T21:59:09.647Z,QGFAEPFN,2026-07-06,2026-07-06,18:59:09,2026-07-06 18:59:09,,,,,,,,697a707b5bc42b2987347880,697a707b5bc42b2987347880,,,,
26770,hover_association,2,2,int,18,3,17,18,54, big ,664,179,,697a707b5bc42b2987347880,697a707b5bc42b2987347880,intermediate,3,697a707b5bc42b2987347880,697a707b5bc42b2987347880,spotlight_PROLIFIC,,30,Brasil,Português Brasil ,"Português Brasil, inglês ",inglês,Português Brasil:80|English:10|inglês:10,100,Português Brasil:80|English:10|inglês:10,100,Português Brasil:100|English:0|inglês:0,100,17,5,Bachelor's,10,10,10,5,6,8,12,28,28,28,Duolingo,90,,,,,16,25,B1,elementary|intermediate,elementary|intermediate,cambridge_15_21_random_elementary_intermediate,4,19,random,,175.92360973358154,644.6874895095825,215.92360973358154,673.6041765213013,4,11,hover,15.899999998509884,15.899999998509884,0.6678673280445616,0.07690975666046143,106,,,,,,2026-07-06T21:59:09.647Z,QGFAEPFN,2026-07-06,2026-07-06,18:59:09,2026-07-06 18:59:09,,,,,,,,697a707b5bc42b2987347880,697a707b5bc42b2987347880,,,,
26795,raw_position_sample,2,2,int,18,3,17,18,53, the ,616,179,4384981.199999999,697a707b5bc42b2987347880,697a707b5bc42b2987347880,intermediate,3,697a707b5bc42b2987347880,697a707b5bc42b2987347880,spotlight_PROLIFIC,,30,Brasil,Português Brasil ,"Português Brasil, inglês ",inglês,Português Brasil:80|English:10|inglês:10,100,Português Brasil:80|English:10|inglês:10,100,Português Brasil:100|English:0|inglês:0,100,17,5,Bachelor's,10,10,10,5,6,8,12,28,28,28,Duolingo,90,,,,,16,25,B1,elementary|intermediate,elementary|intermediate,cambridge_15_21_random_elementary_intermediate,4,19,random,,185.25694274902344,614.9583129882812,206.59027671813965,644.687479019165,4,10,,,,,,,,,,,,2026-07-06T21:59:09.647Z,QGFAEPFN,2026-07-06,2026-07-06,18:59:09,2026-07-06 18:59:09,,,,,,,,697a707b5bc42b2987347880,697a707b5bc42b2987347880,,,,
26802,hover_association,2,2,int,18,3,17,18,53, the ,632,179,,697a707b5bc42b2987347880,697a707b5bc42b2987347880,intermediate,3,697a707b5bc42b2987347880,697a707b5bc42b2987347880,spotlight_PROLIFIC,,30,Brasil,Português Brasil ,"Português Brasil, inglês ",inglês,Português Brasil:80|English:10|inglês:10,100,Português Brasil:80|English:10|inglês:10,100,Português Brasil:100|English:0|inglês:0,100,17,5,Bachelor's,10,10,10,5,6,8,12,28,28,28,Duolingo,90,,,,,16,25,B1,elementary|intermediate,elementary|intermediate,cambridge_15_21_random_elementary_intermediate,4,19,random,,175.92360973358154,614.9583129882812,215.92360973358154,644.6874895095825,4,10,hover,32.5,32.5,0.03503921512835615,0.07690975666046143,106,,,,,,2026-07-06T21:59:09.647Z,QGFAEPFN,2026-07-06,2026-07-06,18:59:09,2026-07-06 18:59:09,,,,,,,,697a707b5bc42b2987347880,697a707b5bc42b2987347880,,,,
26845,raw_position_sample,2,2,int,18,3,17,18,51, feed ,556,179,4385030.8999999985,697a707b5bc42b2987347880,697a707b5bc42b2987347880,intermediate,3,697a707b5bc42b2987347880,697a707b5bc42b2987347880,spotlight_PROLIFIC,,30,Brasil,Português Brasil ,"Português Brasil, inglês ",inglês,Português Brasil:80|English:10|inglês:10,100,Português Brasil:80|English:10|inglês:10,100,Português Brasil:100|English:0|inglês:0,100,17,5,Bachelor's,10,10,10,5,6,8,12,28,28,28,Duolingo,90,,,,,16,25,B1,elementary|intermediate,elementary|intermediate,cambridge_15_21_random_elementary_intermediate,4,19,random,,185.25694274902344,551.4583129882812,206.59027671813965,591.0208129882812,4,8,,,,,,,,,,,,2026-07-06T21:59:09.647Z,QGFAEPFN,2026-07-06,2026-07-06,18:59:09,2026-07-06 18:59:09,,,,,,,,697a707b5bc42b2987347880,697a707b5bc42b2987347880,,,,
26851,hover_association,2,2,int,18,3,17,18,51, feed ,586,179,,697a707b5bc42b2987347880,697a707b5bc42b2987347880,intermediate,3,697a707b5bc42b2987347880,697a707b5bc42b2987347880,spotlight_PROLIFIC,,30,Brasil,Português Brasil ,"Português Brasil, inglês ",inglês,Português Brasil:80|English:10|inglês:10,100,Português Brasil:80|English:10|inglês:10,100,Português Brasil:100|English:0|inglês:0,100,17,5,Bachelor's,10,10,10,5,6,8,12,28,28,28,Duolingo,90,,,,,16,25,B1,elementary|intermediate,elementary|intermediate,cambridge_15_21_random_elementary_intermediate,4,19,random,,175.92360973358154,551.4583206176758,215.92360973358154,591.0208129882812,4,8,hover,49.900000002235174,49.900000002235174,0.11479760526155931,0.07690975666046143,106,,,,,,2026-07-06T21:59:09.647Z,QGFAEPFN,2026-07-06,2026-07-06,18:59:09,2026-07-06 18:59:09,,,,,,,,697a707b5bc42b2987347880,697a707b5bc42b2987347880,,,,
26886,hover_association,2,2,int,18,3,17,18,50, tigers ,530,179,,697a707b5bc42b2987347880,697a707b5bc42b2987347880,intermediate,3,697a707b5bc42b2987347880,697a707b5bc42b2987347880,spotlight_PROLIFIC,,30,Brasil,Português Brasil ,"Português Brasil, inglês ",inglês,Português Brasil:80|English:10|inglês:10,100,Português Brasil:80|English:10|inglês:10,100,Português Brasil:100|English:0|inglês:0,100,17,5,Bachelor's,10,10,10,5,6,8,12,28,28,28,Duolingo,90,,,,,16,25,B1,elementary|intermediate,elementary|intermediate,cambridge_15_21_random_elementary_intermediate,4,19,random,,175.92360973358154,501.90277099609375,215.92360973358154,551.4583206176758,4,7,hover,33.599999997764826,33.599999997764826,0.3046526396981223,0.07690975666046143,106,,,,,,2026-07-06T21:59:09.647Z,QGFAEPFN,2026-07-06,2026-07-06,18:59:09,2026-07-06 18:59:09,,,,,,,,697a707b5bc42b2987347880,697a707b5bc42b2987347880,,,,
26895,raw_position_sample,2,2,int,18,3,17,18,49, which ,492,179,4385081.3999999985,697a707b5bc42b2987347880,697a707b5bc42b2987347880,intermediate,3,697a707b5bc42b2987347880,697a707b5bc42b2987347880,spotlight_PROLIFIC,,30,Brasil,Português Brasil ,"Português Brasil, inglês ",inglês,Português Brasil:80|English:10|inglês:10,100,Português Brasil:80|English:10|inglês:10,100,Português Brasil:100|English:0|inglês:0,100,17,5,Bachelor's,10,10,10,5,6,8,12,28,28,28,Duolingo,90,,,,,16,25,B1,elementary|intermediate,elementary|intermediate,cambridge_15_21_random_elementary_intermediate,4,19,random,,185.25694274902344,450.40277099609375,206.59027671813965,501.90277099609375,4,6,,,,,,,,,,,,2026-07-06T21:59:09.647Z,QGFAEPFN,2026-07-06,2026-07-06,18:59:09,2026-07-06 18:59:09,,,,,,,,697a707b5bc42b2987347880,697a707b5bc42b2987347880,,,,
26919,hover_association,2,2,int,18,3,17,18,49, which ,492,179,,697a707b5bc42b2987347880,697a707b5bc42b2987347880,intermediate,3,697a707b5bc42b2987347880,697a707b5bc42b2987347880,spotlight_PROLIFIC,,30,Brasil,Português Brasil ,"Português Brasil, inglês ",inglês,Português Brasil:80|English:10|inglês:10,100,Português Brasil:80|English:10|inglês:10,100,Português Brasil:100|English:0|inglês:0,100,17,5,Bachelor's,10,10,10,5,6,8,12,28,28,28,Duolingo,90,,,,,16,25,B1,elementary|intermediate,elementary|intermediate,cambridge_15_21_random_elementary_intermediate,4,19,random,,175.92360973358154,450.4027690887451,215.92360973358154,501.90277099609375,4,6,hover,33.600000001490116,33.600000001490116,0.5358685415372185,0.07690975666046143,106,,,,,,2026-07-06T21:59:09.647Z,QGFAEPFN,2026-07-06,2026-07-06,18:59:09,2026-07-06 18:59:09,,,,,,,,697a707b5bc42b2987347880,697a707b5bc42b2987347880,,,,
26949,raw_position_sample,2,2,int,18,3,17,18,48, on ,433,180,4385135.099999998,697a707b5bc42b2987347880,697a707b5bc42b2987347880,intermediate,3,697a707b5bc42b2987347880,697a707b5bc42b2987347880,spotlight_PROLIFIC,,30,Brasil,Português Brasil ,"Português Brasil, inglês ",inglês,Português Brasil:80|English:10|inglês:10,100,Português Brasil:80|English:10|inglês:10,100,Português Brasil:100|English:0|inglês:0,100,17,5,Bachelor's,10,10,10,5,6,8,12,28,28,28,Duolingo,90,,,,,16,25,B1,elementary|intermediate,elementary|intermediate,cambridge_15_21_random_elementary_intermediate,4,19,random,,185.25694274902344,425.7916564941406,206.59027671813965,450.4027671813965,4,5,,,,,,,,,,,,2026-07-06T21:59:09.647Z,QGFAEPFN,2026-07-06,2026-07-06,18:59:09,2026-07-06 18:59:09,,,,,,,,697a707b5bc42b2987347880,697a707b5bc42b2987347880,,,,
26952,hover_association,2,2,int,18,3,17,18,48, on ,449,179,,697a707b5bc42b2987347880,697a707b5bc42b2987347880,intermediate,3,697a707b5bc42b2987347880,697a707b5bc42b2987347880,spotlight_PROLIFIC,,30,Brasil,Português Brasil ,"Português Brasil, inglês ",inglês,Português Brasil:80|English:10|inglês:10,100,Português Brasil:80|English:10|inglês:10,100,Português Brasil:100|English:0|inglês:0,100,17,5,Bachelor's,10,10,10,5,6,8,12,28,28,28,Duolingo,90,,,,,16,25,B1,elementary|intermediate,elementary|intermediate,cambridge_15_21_random_elementary_intermediate,4,19,random,,175.92360973358154,425.7916679382324,215.92360973358154,450.4027690887451,4,5,hover,33.19999999925494,33.19999999925494,0.2928894573909553,0.10190975666046143,106,,,,,,2026-07-06T21:59:09.647Z,QGFAEPFN,2026-07-06,2026-07-06,18:59:09,2026-07-06 18:59:09,,,,,,,,697a707b5bc42b2987347880,697a707b5bc42b2987347880,,,,
26995,raw_position_sample,2,2,int,18,3,17,18,47, animals ,374,181,4385181.299999997,697a707b5bc42b2987347880,697a707b5bc42b2987347880,intermediate,3,697a707b5bc42b2987347880,697a707b5bc42b2987347880,spotlight_PROLIFIC,,30,Brasil,Português Brasil ,"Português Brasil, inglês ",inglês,Português Brasil:80|English:10|inglês:10,100,Português Brasil:80|English:10|inglês:10,100,Português Brasil:100|English:0|inglês:0,100,17,5,Bachelor's,10,10,10,5,6,8,12,28,28,28,Duolingo,90,,,,,16,25,B1,elementary|intermediate,elementary|intermediate,cambridge_15_21_random_elementary_intermediate,4,19,random,,185.25694274902344,358.1944580078125,206.59027671813965,425.7916793823242,4,4,,,,,,,,,,,,2026-07-06T21:59:09.647Z,QGFAEPFN,2026-07-06,2026-07-06,18:59:09,2026-07-06 18:59:09,,,,,,,,697a707b5bc42b2987347880,697a707b5bc42b2987347880,,,,
27020,hover_association,2,2,int,18,3,17,18,47, animals ,408,181,,697a707b5bc42b2987347880,697a707b5bc42b2987347880,intermediate,3,697a707b5bc42b2987347880,697a707b5bc42b2987347880,spotlight_PROLIFIC,,30,Brasil,Português Brasil ,"Português Brasil, inglês ",inglês,Português Brasil:80|English:10|inglês:10,100,Português Brasil:80|English:10|inglês:10,100,Português Brasil:100|English:0|inglês:0,100,17,5,Bachelor's,10,10,10,5,6,8,12,28,28,28,Duolingo,90,,,,,16,25,B1,elementary|intermediate,elementary|intermediate,cambridge_15_21_random_elementary_intermediate,4,19,random,,175.92360973358154,358.1944522857666,215.92360973358154,425.7916679382324,4,4,hover,67.5,67.5,0.07109091207158473,0.12690975666046142,106,,,,,,2026-07-06T21:59:09.647Z,QGFAEPFN,2026-07-06,2026-07-06,18:59:09,2026-07-06 18:59:09,,,,,,,,697a707b5bc42b2987347880,697a707b5bc42b2987347880,,,,
27045,raw_position_sample,2,2,int,18,3,17,18,46, and ,334,182,4385231.099999998,697a707b5bc42b2987347880,697a707b5bc42b2987347880,intermediate,3,697a707b5bc42b2987347880,697a707b5bc42b2987347880,spotlight_PROLIFIC,,30,Brasil,Português Brasil ,"Português Brasil, inglês ",inglês,Português Brasil:80|English:10|inglês:10,100,Português Brasil:80|English:10|inglês:10,100,Português Brasil:100|English:0|inglês:0,100,17,5,Bachelor's,10,10,10,5,6,8,12,28,28,28,Duolingo,90,,,,,16,25,B1,elementary|intermediate,elementary|intermediate,cambridge_15_21_random_elementary_intermediate,4,19,random,,185.25694274902344,323.9236145019531,206.59027671813965,358.1944465637207,4,3,,,,,,,,,,,,2026-07-06T21:59:09.647Z,QGFAEPFN,2026-07-06,2026-07-06,18:59:09,2026-07-06 18:59:09,,,,,,,,697a707b5bc42b2987347880,697a707b5bc42b2987347880,,,,
27052,hover_association,2,2,int,18,3,17,18,46, and ,344,181,,697a707b5bc42b2987347880,697a707b5bc42b2987347880,intermediate,3,697a707b5bc42b2987347880,697a707b5bc42b2987347880,spotlight_PROLIFIC,,30,Brasil,Português Brasil ,"Português Brasil, inglês ",inglês,Português Brasil:80|English:10|inglês:10,100,Português Brasil:80|English:10|inglês:10,100,Português Brasil:100|English:0|inglês:0,100,17,5,Bachelor's,10,10,10,5,6,8,12,28,28,28,Duolingo,90,,,,,16,25,B1,elementary|intermediate,elementary|intermediate,cambridge_15_21_random_elementary_intermediate,4,19,random,,175.92360973358154,323.92361640930176,215.92360973358154,358.1944522857666,4,3,hover,32.19999999925494,32.19999999925494,0.29402211335084766,0.15190975666046141,106,,,,,,2026-07-06T21:59:09.647Z,QGFAEPFN,2026-07-06,2026-07-06,18:59:09,2026-07-06 18:59:09,,,,,,,,697a707b5bc42b2987347880,697a707b5bc42b2987347880,,,,
27099,raw_position_sample,2,2,int,18,3,17,18,45, habitat ,285,182,4385285.099999998,697a707b5bc42b2987347880,697a707b5bc42b2987347880,intermediate,3,697a707b5bc42b2987347880,697a707b5bc42b2987347880,spotlight_PROLIFIC,,30,Brasil,Português Brasil ,"Português Brasil, inglês ",inglês,Português Brasil:80|English:10|inglês:10,100,Português Brasil:80|English:10|inglês:10,100,Português Brasil:100|English:0|inglês:0,100,17,5,Bachelor's,10,10,10,5,6,8,12,28,28,28,Duolingo,90,,,,,16,25,B1,elementary|intermediate,elementary|intermediate,cambridge_15_21_random_elementary_intermediate,4,19,random,,185.25694274902344,263.90972900390625,206.59027671813965,323.9236183166504,4,2,,,,,,,,,,,,2026-07-06T21:59:09.647Z,QGFAEPFN,2026-07-06,2026-07-06,18:59:09,2026-07-06 18:59:09,,,,,,,,697a707b5bc42b2987347880,697a707b5bc42b2987347880,,,,
27145,raw_position_sample,2,2,int,18,3,17,18,45, habitat ,264,182,4385331.199999999,697a707b5bc42b2987347880,697a707b5bc42b2987347880,intermediate,3,697a707b5bc42b2987347880,697a707b5bc42b2987347880,spotlight_PROLIFIC,,30,Brasil,Português Brasil ,"Português Brasil, inglês ",inglês,Português Brasil:80|English:10|inglês:10,100,Português Brasil:80|English:10|inglês:10,100,Português Brasil:100|English:0|inglês:0,100,17,5,Bachelor's,10,10,10,5,6,8,12,28,28,28,Duolingo,90,,,,,16,25,B1,elementary|intermediate,elementary|intermediate,cambridge_15_21_random_elementary_intermediate,4,19,random,,185.25694274902344,263.90972900390625,206.59027671813965,323.9236183166504,4,2,,,,,,,,,,,,2026-07-06T21:59:09.647Z,QGFAEPFN,2026-07-06,2026-07-06,18:59:09,2026-07-06 18:59:09,,,,,,,,697a707b5bc42b2987347880,697a707b5bc42b2987347880,,,,
27152,hover_association,2,2,int,18,3,17,18,45, habitat ,313,182,,697a707b5bc42b2987347880,697a707b5bc42b2987347880,intermediate,3,697a707b5bc42b2987347880,697a707b5bc42b2987347880,spotlight_PROLIFIC,,30,Brasil,Português Brasil ,"Português Brasil, inglês ",inglês,Português Brasil:80|English:10|inglês:10,100,Português Brasil:80|English:10|inglês:10,100,Português Brasil:100|English:0|inglês:0,100,17,5,Bachelor's,10,10,10,5,6,8,12,28,28,28,Duolingo,90,,,,,16,25,B1,elementary|intermediate,elementary|intermediate,cambridge_15_21_random_elementary_intermediate,4,19,random,,175.92360973358154,263.9097261428833,215.92360973358154,323.92361640930176,4,2,hover,100.10000000149012,100.10000000149012,0.0015042160525829654,0.15190975666046141,106,,,,,,2026-07-06T21:59:09.647Z,QGFAEPFN,2026-07-06,2026-07-06,18:59:09,2026-07-06 18:59:09,,,,,,,,697a707b5bc42b2987347880,697a707b5bc42b2987347880,,,,
27195,raw_position_sample,2,2,int,18,3,17,18,44, the ,240,182,4385381.099999998,697a707b5bc42b2987347880,697a707b5bc42b2987347880,intermediate,3,697a707b5bc42b2987347880,697a707b5bc42b2987347880,spotlight_PROLIFIC,,30,Brasil,Português Brasil ,"Português Brasil, inglês ",inglês,Português Brasil:80|English:10|inglês:10,100,Português Brasil:80|English:10|inglês:10,100,Português Brasil:100|English:0|inglês:0,100,17,5,Bachelor's,10,10,10,5,6,8,12,28,28,28,Duolingo,90,,,,,16,25,B1,elementary|intermediate,elementary|intermediate,cambridge_15_21_random_elementary_intermediate,4,19,random,,185.25694274902344,234.18055725097656,206.59027671813965,263.90972328186035,4,1,,,,,,,,,,,,2026-07-06T21:59:09.647Z,QGFAEPFN,2026-07-06,2026-07-06,18:59:09,2026-07-06 18:59:09,,,,,,,,697a707b5bc42b2987347880,697a707b5bc42b2987347880,,,,
27201,hover_association,2,2,int,18,3,17,18,44, the ,253,182,,697a707b5bc42b2987347880,697a707b5bc42b2987347880,intermediate,3,697a707b5bc42b2987347880,697a707b5bc42b2987347880,spotlight_PROLIFIC,,30,Brasil,Português Brasil ,"Português Brasil, inglês ",inglês,Português Brasil:80|English:10|inglês:10,100,Português Brasil:80|English:10|inglês:10,100,Português Brasil:100|English:0|inglês:0,100,17,5,Bachelor's,10,10,10,5,6,8,12,28,28,28,Duolingo,90,,,,,16,25,B1,elementary|intermediate,elementary|intermediate,cambridge_15_21_random_elementary_intermediate,4,19,random,,175.92360973358154,230.25173786708288,215.92360973358154,263.9097261428833,4,1,hover,50,50,0.28962699888768967,0.15190975666046141,106,,,,,,2026-07-06T21:59:09.647Z,QGFAEPFN,2026-07-06,2026-07-06,18:59:09,2026-07-06 18:59:09,,,,,,,,697a707b5bc42b2987347880,697a707b5bc42b2987347880,,,,
27244,raw_position_sample,2,2,int,18,3,17,18,-1,999,208,179,4385430.3999999985,697a707b5bc42b2987347880,697a707b5bc42b2987347880,intermediate,3,697a707b5bc42b2987347880,697a707b5bc42b2987347880,spotlight_PROLIFIC,,30,Brasil,Português Brasil ,"Português Brasil, inglês ",inglês,Português Brasil:80|English:10|inglês:10,100,Português Brasil:80|English:10|inglês:10,100,Português Brasil:100|English:0|inglês:0,100,17,5,Bachelor's,10,10,10,5,6,8,12,28,28,28,Duolingo,90,,,,,16,25,B1,elementary|intermediate,elementary|intermediate,cambridge_15_21_random_elementary_intermediate,4,19,random,,,,,,,,,,,,,,,,,,,2026-07-06T21:59:09.647Z,QGFAEPFN,2026-07-06,2026-07-06,18:59:09,2026-07-06 18:59:09,,,,,,,,697a707b5bc42b2987347880,697a707b5bc42b2987347880,,,,
27294,raw_position_sample,2,2,int,18,3,17,18,-1,999,203,178,4385480.699999999,697a707b5bc42b2987347880,697a707b5bc42b2987347880,intermediate,3,697a707b5bc42b2987347880,697a707b5bc42b2987347880,spotlight_PROLIFIC,,30,Brasil,Português Brasil ,"Português Brasil, inglês ",inglês,Português Brasil:80|English:10|inglês:10,100,Português Brasil:80|English:10|inglês:10,100,Português Brasil:100|English:0|inglês:0,100,17,5,Bachelor's,10,10,10,5,6,8,12,28,28,28,Duolingo,90,,,,,16,25,B1,elementary|intermediate,elementary|intermediate,cambridge_15_21_random_elementary_intermediate,4,19,random,,,,,,,,,,,,,,,,,,,2026-07-06T21:59:09.647Z,QGFAEPFN,2026-07-06,2026-07-06,18:59:09,2026-07-06 18:59:09,,,,,,,,697a707b5bc42b2987347880,697a707b5bc42b2987347880,,,,
27344,raw_position_sample,2,2,int,18,3,17,18,-1,999,198,175,4385530.3999999985,697a707b5bc42b2987347880,697a707b5bc42b2987347880,intermediate,3,697a707b5bc42b2987347880,697a707b5bc42b2987347880,spotlight_PROLIFIC,,30,Brasil,Português Brasil ,"Português Brasil, inglês ",inglês,Português Brasil:80|English:10|inglês:10,100,Português Brasil:80|English:10|inglês:10,100,Português Brasil:100|English:0|inglês:0,100,17,5,Bachelor's,10,10,10,5,6,8,12,28,28,28,Duolingo,90,,,,,16,25,B1,elementary|intermediate,elementary|intermediate,cambridge_15_21_random_elementary_intermediate,4,19,random,,,,,,,,,,,,,,,,,,,2026-07-06T21:59:09.647Z,QGFAEPFN,2026-07-06,2026-07-06,18:59:09,2026-07-06 18:59:09,,,,,,,,697a707b5bc42b2987347880,697a707b5bc42b2987347880,,,,
27395,raw_position_sample,2,2,int,18,3,17,18,-1,999,198,175,4385581.099999998,697a707b5bc42b2987347880,697a707b5bc42b2987347880,intermediate,3,697a707b5bc42b2987347880,697a707b5bc42b2987347880,spotlight_PROLIFIC,,30,Brasil,Português Brasil ,"Português Brasil, inglês ",inglês,Português Brasil:80|English:10|inglês:10,100,Português Brasil:80|English:10|inglês:10,100,Português Brasil:100|English:0|inglês:0,100,17,5,Bachelor's,10,10,10,5,6,8,12,28,28,28,Duolingo,90,,,,,16,25,B1,elementary|intermediate,elementary|intermediate,cambridge_15_21_random_elementary_intermediate,4,19,random,,,,,,,,,,,,,,,,,,,2026-07-06T21:59:09.647Z,QGFAEPFN,2026-07-06,2026-07-06,18:59:09,2026-07-06 18:59:09,,,,,,,,697a707b5bc42b2987347880,697a707b5bc42b2987347880,,,,
27445,raw_position_sample,2,2,int,18,3,17,18,-1,999,198,175,4385631,697a707b5bc42b2987347880,697a707b5bc42b2987347880,intermediate,3,697a707b5bc42b2987347880,697a707b5bc42b2987347880,spotlight_PROLIFIC,,30,Brasil,Português Brasil ,"Português Brasil, inglês ",inglês,Português Brasil:80|English:10|inglês:10,100,Português Brasil:80|English:10|inglês:10,100,Português Brasil:100|English:0|inglês:0,100,17,5,Bachelor's,10,10,10,5,6,8,12,28,28,28,Duolingo,90,,,,,16,25,B1,elementary|intermediate,elementary|intermediate,cambridge_15_21_random_elementary_intermediate,4,19,random,,,,,,,,,,,,,,,,,,,2026-07-06T21:59:09.647Z,QGFAEPFN,2026-07-06,2026-07-06,18:59:09,2026-07-06 18:59:09,,,,,,,,697a707b5bc42b2987347880,697a707b5bc42b2987347880,,,,
27495,raw_position_sample,2,2,int,18,3,17,18,-1,999,198,175,4385681.3999999985,697a707b5bc42b2987347880,697a707b5bc42b2987347880,intermediate,3,697a707b5bc42b2987347880,697a707b5bc42b2987347880,spotlight_PROLIFIC,,30,Brasil,Português Brasil ,"Português Brasil, inglês ",inglês,Português Brasil:80|English:10|inglês:10,100,Português Brasil:80|English:10|inglês:10,100,Português Brasil:100|English:0|inglês:0,100,17,5,Bachelor's,10,10,10,5,6,8,12,28,28,28,Duolingo,90,,,,,16,25,B1,elementary|intermediate,elementary|intermediate,cambridge_15_21_random_elementary_intermediate,4,19,random,,,,,,,,,,,,,,,,,,,2026-07-06T21:59:09.647Z,QGFAEPFN,2026-07-06,2026-07-06,18:59:09,2026-07-06 18:59:09,,,,,,,,697a707b5bc42b2987347880,697a707b5bc42b2987347880,,,,
27545,raw_position_sample,2,2,int,18,3,17,18,-1,999,198,175,4385731.099999998,697a707b5bc42b2987347880,697a707b5bc42b2987347880,intermediate,3,697a707b5bc42b2987347880,697a707b5bc42b2987347880,spotlight_PROLIFIC,,30,Brasil,Português Brasil ,"Português Brasil, inglês ",inglês,Português Brasil:80|English:10|inglês:10,100,Português Brasil:80|English:10|inglês:10,100,Português Brasil:100|English:0|inglês:0,100,17,5,Bachelor's,10,10,10,5,6,8,12,28,28,28,Duolingo,90,,,,,16,25,B1,elementary|intermediate,elementary|intermediate,cambridge_15_21_random_elementary_intermediate,4,19,random,,,,,,,,,,,,,,,,,,,2026-07-06T21:59:09.647Z,QGFAEPFN,2026-07-06,2026-07-06,18:59:09,2026-07-06 18:59:09,,,,,,,,697a707b5bc42b2987347880,697a707b5bc42b2987347880,,,,
27601,raw_position_sample,2,2,int,18,3,17,18,-1,999,199,178,4385787.3999999985,697a707b5bc42b2987347880,697a707b5bc42b2987347880,intermediate,3,697a707b5bc42b2987347880,697a707b5bc42b2987347880,spotlight_PROLIFIC,,30,Brasil,Português Brasil ,"Português Brasil, inglês ",inglês,Português Brasil:80|English:10|inglês:10,100,Português Brasil:80|English:10|inglês:10,100,Português Brasil:100|English:0|inglês:0,100,17,5,Bachelor's,10,10,10,5,6,8,12,28,28,28,Duolingo,90,,,,,16,25,B1,elementary|intermediate,elementary|intermediate,cambridge_15_21_random_elementary_intermediate,4,19,random,,,,,,,,,,,,,,,,,,,2026-07-06T21:59:09.647Z,QGFAEPFN,2026-07-06,2026-07-06,18:59:09,2026-07-06 18:59:09,,,,,,,,697a707b5bc42b2987347880,697a707b5bc42b2987347880,,,,
27654,raw_position_sample,2,2,int,18,3,17,18,-1,999,204,183,4385840.3999999985,697a707b5bc42b2987347880,697a707b5bc42b2987347880,intermediate,3,697a707b5bc42b2987347880,697a707b5bc42b2987347880,spotlight_PROLIFIC,,30,Brasil,Português Brasil ,"Português Brasil, inglês ",inglês,Português Brasil:80|English:10|inglês:10,100,Português Brasil:80|English:10|inglês:10,100,Português Brasil:100|English:0|inglês:0,100,17,5,Bachelor's,10,10,10,5,6,8,12,28,28,28,Duolingo,90,,,,,16,25,B1,elementary|intermediate,elementary|intermediate,cambridge_15_21_random_elementary_intermediate,4,19,random,,,,,,,,,,,,,,,,,,,2026-07-06T21:59:09.647Z,QGFAEPFN,2026-07-06,2026-07-06,18:59:09,2026-07-06 18:59:09,,,,,,,,697a707b5bc42b2987347880,697a707b5bc42b2987347880,,,,
27698,raw_position_sample,2,2,int,18,3,17,18,-1,999,211,187,4385884.199999999,697a707b5bc42b2987347880,697a707b5bc42b2987347880,intermediate,3,697a707b5bc42b2987347880,697a707b5bc42b2987347880,spotlight_PROLIFIC,,30,Brasil,Português Brasil ,"Português Brasil, inglês ",inglês,Português Brasil:80|English:10|inglês:10,100,Português Brasil:80|English:10|inglês:10,100,Português Brasil:100|English:0|inglês:0,100,17,5,Bachelor's,10,10,10,5,6,8,12,28,28,28,Duolingo,90,,,,,16,25,B1,elementary|intermediate,elementary|intermediate,cambridge_15_21_random_elementary_intermediate,4,19,random,,,,,,,,,,,,,,,,,,,2026-07-06T21:59:09.647Z,QGFAEPFN,2026-07-06,2026-07-06,18:59:09,2026-07-06 18:59:09,,,,,,,,697a707b5bc42b2987347880,697a707b5bc42b2987347880,,,,
27744,raw_position_sample,2,2,int,18,3,17,18,-1,999,221,192,4385930.5,697a707b5bc42b2987347880,697a707b5bc42b2987347880,intermediate,3,697a707b5bc42b2987347880,697a707b5bc42b2987347880,spotlight_PROLIFIC,,30,Brasil,Português Brasil ,"Português Brasil, inglês ",inglês,Português Brasil:80|English:10|inglês:10,100,Português Brasil:80|English:10|inglês:10,100,Português Brasil:100|English:0|inglês:0,100,17,5,Bachelor's,10,10,10,5,6,8,12,28,28,28,Duolingo,90,,,,,16,25,B1,elementary|intermediate,elementary|intermediate,cambridge_15_21_random_elementary_intermediate,4,19,random,,,,,,,,,,,,,,,,,,,2026-07-06T21:59:09.647Z,QGFAEPFN,2026-07-06,2026-07-06,18:59:09,2026-07-06 18:59:09,,,,,,,,697a707b5bc42b2987347880,697a707b5bc42b2987347880,,,,
27796,raw_position_sample,2,2,int,18,3,17,18,-1,999,230,194,4385981.8999999985,697a707b5bc42b2987347880,697a707b5bc42b2987347880,intermediate,3,697a707b5bc42b2987347880,697a707b5bc42b2987347880,spotlight_PROLIFIC,,30,Brasil,Português Brasil ,"Português Brasil, inglês ",inglês,Português Brasil:80|English:10|inglês:10,100,Português Brasil:80|English:10|inglês:10,100,Português Brasil:100|English:0|inglês:0,100,17,5,Bachelor's,10,10,10,5,6,8,12,28,28,28,Duolingo,90,,,,,16,25,B1,elementary|intermediate,elementary|intermediate,cambridge_15_21_random_elementary_intermediate,4,19,random,,,,,,,,,,,,,,,,,,,2026-07-06T21:59:09.647Z,QGFAEPFN,2026-07-06,2026-07-06,18:59:09,2026-07-06 18:59:09,,,,,,,,697a707b5bc42b2987347880,697a707b5bc42b2987347880,,,,
27845,raw_position_sample,2,2,int,18,3,17,18,44, the ,241,196,4386031.099999998,697a707b5bc42b2987347880,697a707b5bc42b2987347880,intermediate,3,697a707b5bc42b2987347880,697a707b5bc42b2987347880,spotlight_PROLIFIC,,30,Brasil,Português Brasil ,"Português Brasil, inglês ",inglês,Português Brasil:80|English:10|inglês:10,100,Português Brasil:80|English:10|inglês:10,100,Português Brasil:100|English:0|inglês:0,100,17,5,Bachelor's,10,10,10,5,6,8,12,28,28,28,Duolingo,90,,,,,16,25,B1,elementary|intermediate,elementary|intermediate,cambridge_15_21_random_elementary_intermediate,4,19,random,,185.25694274902344,234.18055725097656,206.59027671813965,263.90972328186035,4,1,,,,,,,,,,,,2026-07-06T21:59:09.647Z,QGFAEPFN,2026-07-06,2026-07-06,18:59:09,2026-07-06 18:59:09,,,,,,,,697a707b5bc42b2987347880,697a707b5bc42b2987347880,,,,
27896,raw_position_sample,2,2,int,18,3,17,18,44, the ,245,199,4386082,697a707b5bc42b2987347880,697a707b5bc42b2987347880,intermediate,3,697a707b5bc42b2987347880,697a707b5bc42b2987347880,spotlight_PROLIFIC,,30,Brasil,Português Brasil ,"Português Brasil, inglês ",inglês,Português Brasil:80|English:10|inglês:10,100,Português Brasil:80|English:10|inglês:10,100,Português Brasil:100|English:0|inglês:0,100,17,5,Bachelor's,10,10,10,5,6,8,12,28,28,28,Duolingo,90,,,,,16,25,B1,elementary|intermediate,elementary|intermediate,cambridge_15_21_random_elementary_intermediate,4,19,random,,185.25694274902344,234.18055725097656,206.59027671813965,263.90972328186035,4,1,,,,,,,,,,,,2026-07-06T21:59:09.647Z,QGFAEPFN,2026-07-06,2026-07-06,18:59:09,2026-07-06 18:59:09,,,,,,,,697a707b5bc42b2987347880,697a707b5bc42b2987347880,,,,
27948,raw_position_sample,2,2,int,18,3,17,18,44, the ,245,199,4386134.299999997,697a707b5bc42b2987347880,697a707b5bc42b2987347880,intermediate,3,697a707b5bc42b2987347880,697a707b5bc42b2987347880,spotlight_PROLIFIC,,30,Brasil,Português Brasil ,"Português Brasil, inglês ",inglês,Português Brasil:80|English:10|inglês:10,100,Português Brasil:80|English:10|inglês:10,100,Português Brasil:100|English:0|inglês:0,100,17,5,Bachelor's,10,10,10,5,6,8,12,28,28,28,Duolingo,90,,,,,16,25,B1,elementary|intermediate,elementary|intermediate,cambridge_15_21_random_elementary_intermediate,4,19,random,,185.25694274902344,234.18055725097656,206.59027671813965,263.90972328186035,4,1,,,,,,,,,,,,2026-07-06T21:59:09.647Z,QGFAEPFN,2026-07-06,2026-07-06,18:59:09,2026-07-06 18:59:09,,,,,,,,697a707b5bc42b2987347880,697a707b5bc42b2987347880,,,,
27999,raw_position_sample,2,2,int,18,3,17,18,44, the ,245,199,4386185.199999999,697a707b5bc42b2987347880,697a707b5bc42b2987347880,intermediate,3,697a707b5bc42b2987347880,697a707b5bc42b2987347880,spotlight_PROLIFIC,,30,Brasil,Português Brasil ,"Português Brasil, inglês ",inglês,Português Brasil:80|English:10|inglês:10,100,Português Brasil:80|English:10|inglês:10,100,Português Brasil:100|English:0|inglês:0,100,17,5,Bachelor's,10,10,10,5,6,8,12,28,28,28,Duolingo,90,,,,,16,25,B1,elementary|intermediate,elementary|intermediate,cambridge_15_21_random_elementary_intermediate,4,19,random,,185.25694274902344,234.18055725097656,206.59027671813965,263.90972328186035,4,1,,,,,,,,,,,,2026-07-06T21:59:09.647Z,QGFAEPFN,2026-07-06,2026-07-06,18:59:09,2026-07-06 18:59:09,,,,,,,,697a707b5bc42b2987347880,697a707b5bc42b2987347880,,,,
28050,raw_position_sample,2,2,int,18,3,17,18,44, the ,245,199,4386236.5,697a707b5bc42b2987347880,697a707b5bc42b2987347880,intermediate,3,697a707b5bc42b2987347880,697a707b5bc42b2987347880,spotlight_PROLIFIC,,30,Brasil,Português Brasil ,"Português Brasil, inglês ",inglês,Português Brasil:80|English:10|inglês:10,100,Português Brasil:80|English:10|inglês:10,100,Português Brasil:100|English:0|inglês:0,100,17,5,Bachelor's,10,10,10,5,6,8,12,28,28,28,Duolingo,90,,,,,16,25,B1,elementary|intermediate,elementary|intermediate,cambridge_15_21_random_elementary_intermediate,4,19,random,,185.25694274902344,234.18055725097656,206.59027671813965,263.90972328186035,4,1,,,,,,,,,,,,2026-07-06T21:59:09.647Z,QGFAEPFN,2026-07-06,2026-07-06,18:59:09,2026-07-06 18:59:09,,,,,,,,697a707b5bc42b2987347880,697a707b5bc42b2987347880,,,,
28101,raw_position_sample,2,2,int,18,3,17,18,44, the ,245,199,4386287.299999997,697a707b5bc42b2987347880,697a707b5bc42b2987347880,intermediate,3,697a707b5bc42b2987347880,697a707b5bc42b2987347880,spotlight_PROLIFIC,,30,Brasil,Português Brasil ,"Português Brasil, inglês ",inglês,Português Brasil:80|English:10|inglês:10,100,Português Brasil:80|English:10|inglês:10,100,Português Brasil:100|English:0|inglês:0,100,17,5,Bachelor's,10,10,10,5,6,8,12,28,28,28,Duolingo,90,,,,,16,25,B1,elementary|intermediate,elementary|intermediate,cambridge_15_21_random_elementary_intermediate,4,19,random,,185.25694274902344,234.18055725097656,206.59027671813965,263.90972328186035,4,1,,,,,,,,,,,,2026-07-06T21:59:09.647Z,QGFAEPFN,2026-07-06,2026-07-06,18:59:09,2026-07-06 18:59:09,,,,,,,,697a707b5bc42b2987347880,697a707b5bc42b2987347880,,,,
28151,raw_position_sample,2,2,int,18,3,17,18,44, the ,245,199,4386337.5,697a707b5bc42b2987347880,697a707b5bc42b2987347880,intermediate,3,697a707b5bc42b2987347880,697a707b5bc42b2987347880,spotlight_PROLIFIC,,30,Brasil,Português Brasil ,"Português Brasil, inglês ",inglês,Português Brasil:80|English:10|inglês:10,100,Português Brasil:80|English:10|inglês:10,100,Português Brasil:100|English:0|inglês:0,100,17,5,Bachelor's,10,10,10,5,6,8,12,28,28,28,Duolingo,90,,,,,16,25,B1,elementary|intermediate,elementary|intermediate,cambridge_15_21_random_elementary_intermediate,4,19,random,,185.25694274902344,234.18055725097656,206.59027671813965,263.90972328186035,4,1,,,,,,,,,,,,2026-07-06T21:59:09.647Z,QGFAEPFN,2026-07-06,2026-07-06,18:59:09,2026-07-06 18:59:09,,,,,,,,697a707b5bc42b2987347880,697a707b5bc42b2987347880,,,,
28200,raw_position_sample,2,2,int,18,3,17,18,44, the ,245,199,4386386.099999998,697a707b5bc42b2987347880,697a707b5bc42b2987347880,intermediate,3,697a707b5bc42b2987347880,697a707b5bc42b2987347880,spotlight_PROLIFIC,,30,Brasil,Português Brasil ,"Português Brasil, inglês ",inglês,Português Brasil:80|English:10|inglês:10,100,Português Brasil:80|English:10|inglês:10,100,Português Brasil:100|English:0|inglês:0,100,17,5,Bachelor's,10,10,10,5,6,8,12,28,28,28,Duolingo,90,,,,,16,25,B1,elementary|intermediate,elementary|intermediate,cambridge_15_21_random_elementary_intermediate,4,19,random,,185.25694274902344,234.18055725097656,206.59027671813965,263.90972328186035,4,1,,,,,,,,,,,,2026-07-06T21:59:09.647Z,QGFAEPFN,2026-07-06,2026-07-06,18:59:09,2026-07-06 18:59:09,,,,,,,,697a707b5bc42b2987347880,697a707b5bc42b2987347880,,,,
28255,raw_position_sample,2,2,int,18,3,17,18,44, the ,246,199,4386441.5,697a707b5bc42b2987347880,697a707b5bc42b2987347880,intermediate,3,697a707b5bc42b2987347880,697a707b5bc42b2987347880,spotlight_PROLIFIC,,30,Brasil,Português Brasil ,"Português Brasil, inglês ",inglês,Português Brasil:80|English:10|inglês:10,100,Português Brasil:80|English:10|inglês:10,100,Português Brasil:100|English:0|inglês:0,100,17,5,Bachelor's,10,10,10,5,6,8,12,28,28,28,Duolingo,90,,,,,16,25,B1,elementary|intermediate,elementary|intermediate,cambridge_15_21_random_elementary_intermediate,4,19,random,,185.25694274902344,234.18055725097656,206.59027671813965,263.90972328186035,4,1,,,,,,,,,,,,2026-07-06T21:59:09.647Z,QGFAEPFN,2026-07-06,2026-07-06,18:59:09,2026-07-06 18:59:09,,,,,,,,697a707b5bc42b2987347880,697a707b5bc42b2987347880,,,,
28296,raw_position_sample,2,2,int,18,3,17,18,44, the ,252,200,4386481.799999997,697a707b5bc42b2987347880,697a707b5bc42b2987347880,intermediate,3,697a707b5bc42b2987347880,697a707b5bc42b2987347880,spotlight_PROLIFIC,,30,Brasil,Português Brasil ,"Português Brasil, inglês ",inglês,Português Brasil:80|English:10|inglês:10,100,Português Brasil:80|English:10|inglês:10,100,Português Brasil:100|English:0|inglês:0,100,17,5,Bachelor's,10,10,10,5,6,8,12,28,28,28,Duolingo,90,,,,,16,25,B1,elementary|intermediate,elementary|intermediate,cambridge_15_21_random_elementary_intermediate,4,19,random,,185.25694274902344,234.18055725097656,206.59027671813965,263.90972328186035,4,1,,,,,,,,,,,,2026-07-06T21:59:09.647Z,QGFAEPFN,2026-07-06,2026-07-06,18:59:09,2026-07-06 18:59:09,,,,,,,,697a707b5bc42b2987347880,697a707b5bc42b2987347880,,,,
28345,raw_position_sample,2,2,int,18,3,17,18,44, the ,257,201,4386531,697a707b5bc42b2987347880,697a707b5bc42b2987347880,intermediate,3,697a707b5bc42b2987347880,697a707b5bc42b2987347880,spotlight_PROLIFIC,,30,Brasil,Português Brasil ,"Português Brasil, inglês ",inglês,Português Brasil:80|English:10|inglês:10,100,Português Brasil:80|English:10|inglês:10,100,Português Brasil:100|English:0|inglês:0,100,17,5,Bachelor's,10,10,10,5,6,8,12,28,28,28,Duolingo,90,,,,,16,25,B1,elementary|intermediate,elementary|intermediate,cambridge_15_21_random_elementary_intermediate,4,19,random,,185.25694274902344,234.18055725097656,206.59027671813965,263.90972328186035,4,1,,,,,,,,,,,,2026-07-06T21:59:09.647Z,QGFAEPFN,2026-07-06,2026-07-06,18:59:09,2026-07-06 18:59:09,,,,,,,,697a707b5bc42b2987347880,697a707b5bc42b2987347880,,,,
28384,hover_association,2,2,int,18,3,17,18,44, the ,233,195,,697a707b5bc42b2987347880,697a707b5bc42b2987347880,intermediate,3,697a707b5bc42b2987347880,697a707b5bc42b2987347880,spotlight_PROLIFIC,,30,Brasil,Português Brasil ,"Português Brasil, inglês ",inglês,Português Brasil:80|English:10|inglês:10,100,Português Brasil:80|English:10|inglês:10,100,Português Brasil:100|English:0|inglês:0,100,17,5,Bachelor's,10,10,10,5,6,8,12,28,28,28,Duolingo,90,,,,,16,25,B1,elementary|intermediate,elementary|intermediate,cambridge_15_21_random_elementary_intermediate,4,19,random,,175.92360973358154,230.25173786708288,215.92360973358154,263.9097261428833,4,1,hover,582.3999999985099,582.3999999985099,0.9729714641460797,0.6769097566604614,106,,,,,,2026-07-06T21:59:09.647Z,QGFAEPFN,2026-07-06,2026-07-06,18:59:09,2026-07-06 18:59:09,,,,,,,,697a707b5bc42b2987347880,697a707b5bc42b2987347880,,,,
28395,raw_position_sample,2,2,int,18,3,17,18,45, habitat ,265,204,4386581.299999997,697a707b5bc42b2987347880,697a707b5bc42b2987347880,intermediate,3,697a707b5bc42b2987347880,697a707b5bc42b2987347880,spotlight_PROLIFIC,,30,Brasil,Português Brasil ,"Português Brasil, inglês ",inglês,Português Brasil:80|English:10|inglês:10,100,Português Brasil:80|English:10|inglês:10,100,Português Brasil:100|English:0|inglês:0,100,17,5,Bachelor's,10,10,10,5,6,8,12,28,28,28,Duolingo,90,,,,,16,25,B1,elementary|intermediate,elementary|intermediate,cambridge_15_21_random_elementary_intermediate,4,19,random,,185.25694274902344,263.90972900390625,206.59027671813965,323.9236183166504,4,2,,,,,,,,,,,,2026-07-06T21:59:09.647Z,QGFAEPFN,2026-07-06,2026-07-06,18:59:09,2026-07-06 18:59:09,,,,,,,,697a707b5bc42b2987347880,697a707b5bc42b2987347880,,,,
28445,raw_position_sample,2,2,int,18,3,17,18,45, habitat ,277,205,4386631.099999998,697a707b5bc42b2987347880,697a707b5bc42b2987347880,intermediate,3,697a707b5bc42b2987347880,697a707b5bc42b2987347880,spotlight_PROLIFIC,,30,Brasil,Português Brasil ,"Português Brasil, inglês ",inglês,Português Brasil:80|English:10|inglês:10,100,Português Brasil:80|English:10|inglês:10,100,Português Brasil:100|English:0|inglês:0,100,17,5,Bachelor's,10,10,10,5,6,8,12,28,28,28,Duolingo,90,,,,,16,25,B1,elementary|intermediate,elementary|intermediate,cambridge_15_21_random_elementary_intermediate,4,19,random,,185.25694274902344,263.90972900390625,206.59027671813965,323.9236183166504,4,2,,,,,,,,,,,,2026-07-06T21:59:09.647Z,QGFAEPFN,2026-07-06,2026-07-06,18:59:09,2026-07-06 18:59:09,,,,,,,,697a707b5bc42b2987347880,697a707b5bc42b2987347880,,,,
28496,raw_position_sample,2,2,int,18,3,17,18,45, habitat ,285,205,4386682,697a707b5bc42b2987347880,697a707b5bc42b2987347880,intermediate,3,697a707b5bc42b2987347880,697a707b5bc42b2987347880,spotlight_PROLIFIC,,30,Brasil,Português Brasil ,"Português Brasil, inglês ",inglês,Português Brasil:80|English:10|inglês:10,100,Português Brasil:80|English:10|inglês:10,100,Português Brasil:100|English:0|inglês:0,100,17,5,Bachelor's,10,10,10,5,6,8,12,28,28,28,Duolingo,90,,,,,16,25,B1,elementary|intermediate,elementary|intermediate,cambridge_15_21_random_elementary_intermediate,4,19,random,,185.25694274902344,263.90972900390625,206.59027671813965,323.9236183166504,4,2,,,,,,,,,,,,2026-07-06T21:59:09.647Z,QGFAEPFN,2026-07-06,2026-07-06,18:59:09,2026-07-06 18:59:09,,,,,,,,697a707b5bc42b2987347880,697a707b5bc42b2987347880,,,,
28555,raw_position_sample,2,2,int,18,3,17,18,45, habitat ,290,205,4386741.599999998,697a707b5bc42b2987347880,697a707b5bc42b2987347880,intermediate,3,697a707b5bc42b2987347880,697a707b5bc42b2987347880,spotlight_PROLIFIC,,30,Brasil,Português Brasil ,"Português Brasil, inglês ",inglês,Português Brasil:80|English:10|inglês:10,100,Português Brasil:80|English:10|inglês:10,100,Português Brasil:100|English:0|inglês:0,100,17,5,Bachelor's,10,10,10,5,6,8,12,28,28,28,Duolingo,90,,,,,16,25,B1,elementary|intermediate,elementary|intermediate,cambridge_15_21_random_elementary_intermediate,4,19,random,,185.25694274902344,263.90972900390625,206.59027671813965,323.9236183166504,4,2,,,,,,,,,,,,2026-07-06T21:59:09.647Z,QGFAEPFN,2026-07-06,2026-07-06,18:59:09,2026-07-06 18:59:09,,,,,,,,697a707b5bc42b2987347880,697a707b5bc42b2987347880,,,,
28595,raw_position_sample,2,2,int,18,3,17,18,45, habitat ,293,205,4386781.099999998,697a707b5bc42b2987347880,697a707b5bc42b2987347880,intermediate,3,697a707b5bc42b2987347880,697a707b5bc42b2987347880,spotlight_PROLIFIC,,30,Brasil,Português Brasil ,"Português Brasil, inglês ",inglês,Português Brasil:80|English:10|inglês:10,100,Português Brasil:80|English:10|inglês:10,100,Português Brasil:100|English:0|inglês:0,100,17,5,Bachelor's,10,10,10,5,6,8,12,28,28,28,Duolingo,90,,,,,16,25,B1,elementary|intermediate,elementary|intermediate,cambridge_15_21_random_elementary_intermediate,4,19,random,,185.25694274902344,263.90972900390625,206.59027671813965,323.9236183166504,4,2,,,,,,,,,,,,2026-07-06T21:59:09.647Z,QGFAEPFN,2026-07-06,2026-07-06,18:59:09,2026-07-06 18:59:09,,,,,,,,697a707b5bc42b2987347880,697a707b5bc42b2987347880,,,,
28646,raw_position_sample,2,2,int,18,3,17,18,45, habitat ,295,205,4386831.8999999985,697a707b5bc42b2987347880,697a707b5bc42b2987347880,intermediate,3,697a707b5bc42b2987347880,697a707b5bc42b2987347880,spotlight_PROLIFIC,,30,Brasil,Português Brasil ,"Português Brasil, inglês ",inglês,Português Brasil:80|English:10|inglês:10,100,Português Brasil:80|English:10|inglês:10,100,Português Brasil:100|English:0|inglês:0,100,17,5,Bachelor's,10,10,10,5,6,8,12,28,28,28,Duolingo,90,,,,,16,25,B1,elementary|intermediate,elementary|intermediate,cambridge_15_21_random_elementary_intermediate,4,19,random,,185.25694274902344,263.90972900390625,206.59027671813965,323.9236183166504,4,2,,,,,,,,,,,,2026-07-06T21:59:09.647Z,QGFAEPFN,2026-07-06,2026-07-06,18:59:09,2026-07-06 18:59:09,,,,,,,,697a707b5bc42b2987347880,697a707b5bc42b2987347880,,,,
28706,raw_position_sample,2,2,int,18,3,17,18,45, habitat ,301,205,4386892,697a707b5bc42b2987347880,697a707b5bc42b2987347880,intermediate,3,697a707b5bc42b2987347880,697a707b5bc42b2987347880,spotlight_PROLIFIC,,30,Brasil,Português Brasil ,"Português Brasil, inglês ",inglês,Português Brasil:80|English:10|inglês:10,100,Português Brasil:80|English:10|inglês:10,100,Português Brasil:100|English:0|inglês:0,100,17,5,Bachelor's,10,10,10,5,6,8,12,28,28,28,Duolingo,90,,,,,16,25,B1,elementary|intermediate,elementary|intermediate,cambridge_15_21_random_elementary_intermediate,4,19,random,,185.25694274902344,263.90972900390625,206.59027671813965,323.9236183166504,4,2,,,,,,,,,,,,2026-07-06T21:59:09.647Z,QGFAEPFN,2026-07-06,2026-07-06,18:59:09,2026-07-06 18:59:09,,,,,,,,697a707b5bc42b2987347880,697a707b5bc42b2987347880,,,,
28745,raw_position_sample,2,2,int,18,3,17,18,45, habitat ,305,203,4386931.199999999,697a707b5bc42b2987347880,697a707b5bc42b2987347880,intermediate,3,697a707b5bc42b2987347880,697a707b5bc42b2987347880,spotlight_PROLIFIC,,30,Brasil,Português Brasil ,"Português Brasil, inglês ",inglês,Português Brasil:80|English:10|inglês:10,100,Português Brasil:80|English:10|inglês:10,100,Português Brasil:100|English:0|inglês:0,100,17,5,Bachelor's,10,10,10,5,6,8,12,28,28,28,Duolingo,90,,,,,16,25,B1,elementary|intermediate,elementary|intermediate,cambridge_15_21_random_elementary_intermediate,4,19,random,,185.25694274902344,263.90972900390625,206.59027671813965,323.9236183166504,4,2,,,,,,,,,,,,2026-07-06T21:59:09.647Z,QGFAEPFN,2026-07-06,2026-07-06,18:59:09,2026-07-06 18:59:09,,,,,,,,697a707b5bc42b2987347880,697a707b5bc42b2987347880,,,,
28796,raw_position_sample,2,2,int,18,3,17,18,45, habitat ,308,203,4386981.8999999985,697a707b5bc42b2987347880,697a707b5bc42b2987347880,intermediate,3,697a707b5bc42b2987347880,697a707b5bc42b2987347880,spotlight_PROLIFIC,,30,Brasil,Português Brasil ,"Português Brasil, inglês ",inglês,Português Brasil:80|English:10|inglês:10,100,Português Brasil:80|English:10|inglês:10,100,Português Brasil:100|English:0|inglês:0,100,17,5,Bachelor's,10,10,10,5,6,8,12,28,28,28,Duolingo,90,,,,,16,25,B1,elementary|intermediate,elementary|intermediate,cambridge_15_21_random_elementary_intermediate,4,19,random,,185.25694274902344,263.90972900390625,206.59027671813965,323.9236183166504,4,2,,,,,,,,,,,,2026-07-06T21:59:09.647Z,QGFAEPFN,2026-07-06,2026-07-06,18:59:09,2026-07-06 18:59:09,,,,,,,,697a707b5bc42b2987347880,697a707b5bc42b2987347880,,,,
28845,raw_position_sample,2,2,int,18,3,17,18,45, habitat ,316,203,4387031.199999999,697a707b5bc42b2987347880,697a707b5bc42b2987347880,intermediate,3,697a707b5bc42b2987347880,697a707b5bc42b2987347880,spotlight_PROLIFIC,,30,Brasil,Português Brasil ,"Português Brasil, inglês ",inglês,Português Brasil:80|English:10|inglês:10,100,Português Brasil:80|English:10|inglês:10,100,Português Brasil:100|English:0|inglês:0,100,17,5,Bachelor's,10,10,10,5,6,8,12,28,28,28,Duolingo,90,,,,,16,25,B1,elementary|intermediate,elementary|intermediate,cambridge_15_21_random_elementary_intermediate,4,19,random,,185.25694274902344,263.90972900390625,206.59027671813965,323.9236183166504,4,2,,,,,,,,,,,,2026-07-06T21:59:09.647Z,QGFAEPFN,2026-07-06,2026-07-06,18:59:09,2026-07-06 18:59:09,,,,,,,,697a707b5bc42b2987347880,697a707b5bc42b2987347880,,,,
28886,hover_association,2,2,int,18,3,17,18,45, habitat ,265,204,,697a707b5bc42b2987347880,697a707b5bc42b2987347880,intermediate,3,697a707b5bc42b2987347880,697a707b5bc42b2987347880,spotlight_PROLIFIC,,30,Brasil,Português Brasil ,"Português Brasil, inglês ",inglês,Português Brasil:80|English:10|inglês:10,100,Português Brasil:80|English:10|inglês:10,100,Português Brasil:100|English:0|inglês:0,100,17,5,Bachelor's,10,10,10,5,6,8,12,28,28,28,Duolingo,90,,,,,16,25,B1,elementary|intermediate,elementary|intermediate,cambridge_15_21_random_elementary_intermediate,4,19,random,,175.92360973358154,263.9097261428833,215.92360973358154,323.92361640930176,4,2,hover,502,502,0.9179587194323773,0.6769097566604614,106,,,,,,2026-07-06T21:59:09.647Z,QGFAEPFN,2026-07-06,2026-07-06,18:59:09,2026-07-06 18:59:09,,,,,,,,697a707b5bc42b2987347880,697a707b5bc42b2987347880,,,,
28897,raw_position_sample,2,2,int,18,3,17,18,46, and ,324,203,4387083.099999998,697a707b5bc42b2987347880,697a707b5bc42b2987347880,intermediate,3,697a707b5bc42b2987347880,697a707b5bc42b2987347880,spotlight_PROLIFIC,,30,Brasil,Português Brasil ,"Português Brasil, inglês ",inglês,Português Brasil:80|English:10|inglês:10,100,Português Brasil:80|English:10|inglês:10,100,Português Brasil:100|English:0|inglês:0,100,17,5,Bachelor's,10,10,10,5,6,8,12,28,28,28,Duolingo,90,,,,,16,25,B1,elementary|intermediate,elementary|intermediate,cambridge_15_21_random_elementary_intermediate,4,19,random,,185.25694274902344,323.9236145019531,206.59027671813965,358.1944465637207,4,3,,,,,,,,,,,,2026-07-06T21:59:09.647Z,QGFAEPFN,2026-07-06,2026-07-06,18:59:09,2026-07-06 18:59:09,,,,,,,,697a707b5bc42b2987347880,697a707b5bc42b2987347880,,,,
28945,raw_position_sample,2,2,int,18,3,17,18,46, and ,329,203,4387131.5,697a707b5bc42b2987347880,697a707b5bc42b2987347880,intermediate,3,697a707b5bc42b2987347880,697a707b5bc42b2987347880,spotlight_PROLIFIC,,30,Brasil,Português Brasil ,"Português Brasil, inglês ",inglês,Português Brasil:80|English:10|inglês:10,100,Português Brasil:80|English:10|inglês:10,100,Português Brasil:100|English:0|inglês:0,100,17,5,Bachelor's,10,10,10,5,6,8,12,28,28,28,Duolingo,90,,,,,16,25,B1,elementary|intermediate,elementary|intermediate,cambridge_15_21_random_elementary_intermediate,4,19,random,,185.25694274902344,323.9236145019531,206.59027671813965,358.1944465637207,4,3,,,,,,,,,,,,2026-07-06T21:59:09.647Z,QGFAEPFN,2026-07-06,2026-07-06,18:59:09,2026-07-06 18:59:09,,,,,,,,697a707b5bc42b2987347880,697a707b5bc42b2987347880,,,,
28995,raw_position_sample,2,2,int,18,3,17,18,46, and ,337,203,4387181,697a707b5bc42b2987347880,697a707b5bc42b2987347880,intermediate,3,697a707b5bc42b2987347880,697a707b5bc42b2987347880,spotlight_PROLIFIC,,30,Brasil,Português Brasil ,"Português Brasil, inglês ",inglês,Português Brasil:80|English:10|inglês:10,100,Português Brasil:80|English:10|inglês:10,100,Português Brasil:100|English:0|inglês:0,100,17,5,Bachelor's,10,10,10,5,6,8,12,28,28,28,Duolingo,90,,,,,16,25,B1,elementary|intermediate,elementary|intermediate,cambridge_15_21_random_elementary_intermediate,4,19,random,,185.25694274902344,323.9236145019531,206.59027671813965,358.1944465637207,4,3,,,,,,,,,,,,2026-07-06T21:59:09.647Z,QGFAEPFN,2026-07-06,2026-07-06,18:59:09,2026-07-06 18:59:09,,,,,,,,697a707b5bc42b2987347880,697a707b5bc42b2987347880,,,,
29045,raw_position_sample,2,2,int,18,3,17,18,46, and ,344,203,4387231.299999997,697a707b5bc42b2987347880,697a707b5bc42b2987347880,intermediate,3,697a707b5bc42b2987347880,697a707b5bc42b2987347880,spotlight_PROLIFIC,,30,Brasil,Português Brasil ,"Português Brasil, inglês ",inglês,Português Brasil:80|English:10|inglês:10,100,Português Brasil:80|English:10|inglês:10,100,Português Brasil:100|English:0|inglês:0,100,17,5,Bachelor's,10,10,10,5,6,8,12,28,28,28,Duolingo,90,,,,,16,25,B1,elementary|intermediate,elementary|intermediate,cambridge_15_21_random_elementary_intermediate,4,19,random,,185.25694274902344,323.9236145019531,206.59027671813965,358.1944465637207,4,3,,,,,,,,,,,,2026-07-06T21:59:09.647Z,QGFAEPFN,2026-07-06,2026-07-06,18:59:09,2026-07-06 18:59:09,,,,,,,,697a707b5bc42b2987347880,697a707b5bc42b2987347880,,,,
29095,raw_position_sample,2,2,int,18,3,17,18,46, and ,350,203,4387281.199999999,697a707b5bc42b2987347880,697a707b5bc42b2987347880,intermediate,3,697a707b5bc42b2987347880,697a707b5bc42b2987347880,spotlight_PROLIFIC,,30,Brasil,Português Brasil ,"Português Brasil, inglês ",inglês,Português Brasil:80|English:10|inglês:10,100,Português Brasil:80|English:10|inglês:10,100,Português Brasil:100|English:0|inglês:0,100,17,5,Bachelor's,10,10,10,5,6,8,12,28,28,28,Duolingo,90,,,,,16,25,B1,elementary|intermediate,elementary|intermediate,cambridge_15_21_random_elementary_intermediate,4,19,random,,185.25694274902344,323.9236145019531,206.59027671813965,358.1944465637207,4,3,,,,,,,,,,,,2026-07-06T21:59:09.647Z,QGFAEPFN,2026-07-06,2026-07-06,18:59:09,2026-07-06 18:59:09,,,,,,,,697a707b5bc42b2987347880,697a707b5bc42b2987347880,,,,
29152,raw_position_sample,2,2,int,18,3,17,18,46, and ,356,203,4387338,697a707b5bc42b2987347880,697a707b5bc42b2987347880,intermediate,3,697a707b5bc42b2987347880,697a707b5bc42b2987347880,spotlight_PROLIFIC,,30,Brasil,Português Brasil ,"Português Brasil, inglês ",inglês,Português Brasil:80|English:10|inglês:10,100,Português Brasil:80|English:10|inglês:10,100,Português Brasil:100|English:0|inglês:0,100,17,5,Bachelor's,10,10,10,5,6,8,12,28,28,28,Duolingo,90,,,,,16,25,B1,elementary|intermediate,elementary|intermediate,cambridge_15_21_random_elementary_intermediate,4,19,random,,185.25694274902344,323.9236145019531,206.59027671813965,358.1944465637207,4,3,,,,,,,,,,,,2026-07-06T21:59:09.647Z,QGFAEPFN,2026-07-06,2026-07-06,18:59:09,2026-07-06 18:59:09,,,,,,,,697a707b5bc42b2987347880,697a707b5bc42b2987347880,,,,
29186,hover_association,2,2,int,18,3,17,18,46, and ,324,203,,697a707b5bc42b2987347880,697a707b5bc42b2987347880,intermediate,3,697a707b5bc42b2987347880,697a707b5bc42b2987347880,spotlight_PROLIFIC,,30,Brasil,Português Brasil ,"Português Brasil, inglês ",inglês,Português Brasil:80|English:10|inglês:10,100,Português Brasil:80|English:10|inglês:10,100,Português Brasil:100|English:0|inglês:0,100,17,5,Bachelor's,10,10,10,5,6,8,12,28,28,28,Duolingo,90,,,,,16,25,B1,elementary|intermediate,elementary|intermediate,cambridge_15_21_random_elementary_intermediate,4,19,random,,175.92360973358154,323.92361640930176,215.92360973358154,358.1944522857666,4,3,hover,299,299,0.9359673544678956,0.6769097566604614,106,,,,,,2026-07-06T21:59:09.647Z,QGFAEPFN,2026-07-06,2026-07-06,18:59:09,2026-07-06 18:59:09,,,,,,,,697a707b5bc42b2987347880,697a707b5bc42b2987347880,,,,
29208,raw_position_sample,2,2,int,18,3,17,18,47, animals ,362,203,4387394.599999998,697a707b5bc42b2987347880,697a707b5bc42b2987347880,intermediate,3,697a707b5bc42b2987347880,697a707b5bc42b2987347880,spotlight_PROLIFIC,,30,Brasil,Português Brasil ,"Português Brasil, inglês ",inglês,Português Brasil:80|English:10|inglês:10,100,Português Brasil:80|English:10|inglês:10,100,Português Brasil:100|English:0|inglês:0,100,17,5,Bachelor's,10,10,10,5,6,8,12,28,28,28,Duolingo,90,,,,,16,25,B1,elementary|intermediate,elementary|intermediate,cambridge_15_21_random_elementary_intermediate,4,19,random,,185.25694274902344,358.1944580078125,206.59027671813965,425.7916793823242,4,4,,,,,,,,,,,,2026-07-06T21:59:09.647Z,QGFAEPFN,2026-07-06,2026-07-06,18:59:09,2026-07-06 18:59:09,,,,,,,,697a707b5bc42b2987347880,697a707b5bc42b2987347880,,,,
29245,raw_position_sample,2,2,int,18,3,17,18,47, animals ,367,203,4387431.199999999,697a707b5bc42b2987347880,697a707b5bc42b2987347880,intermediate,3,697a707b5bc42b2987347880,697a707b5bc42b2987347880,spotlight_PROLIFIC,,30,Brasil,Português Brasil ,"Português Brasil, inglês ",inglês,Português Brasil:80|English:10|inglês:10,100,Português Brasil:80|English:10|inglês:10,100,Português Brasil:100|English:0|inglês:0,100,17,5,Bachelor's,10,10,10,5,6,8,12,28,28,28,Duolingo,90,,,,,16,25,B1,elementary|intermediate,elementary|intermediate,cambridge_15_21_random_elementary_intermediate,4,19,random,,185.25694274902344,358.1944580078125,206.59027671813965,425.7916793823242,4,4,,,,,,,,,,,,2026-07-06T21:59:09.647Z,QGFAEPFN,2026-07-06,2026-07-06,18:59:09,2026-07-06 18:59:09,,,,,,,,697a707b5bc42b2987347880,697a707b5bc42b2987347880,,,,
29295,raw_position_sample,2,2,int,18,3,17,18,47, animals ,371,203,4387481.3999999985,697a707b5bc42b2987347880,697a707b5bc42b2987347880,intermediate,3,697a707b5bc42b2987347880,697a707b5bc42b2987347880,spotlight_PROLIFIC,,30,Brasil,Português Brasil ,"Português Brasil, inglês ",inglês,Português Brasil:80|English:10|inglês:10,100,Português Brasil:80|English:10|inglês:10,100,Português Brasil:100|English:0|inglês:0,100,17,5,Bachelor's,10,10,10,5,6,8,12,28,28,28,Duolingo,90,,,,,16,25,B1,elementary|intermediate,elementary|intermediate,cambridge_15_21_random_elementary_intermediate,4,19,random,,185.25694274902344,358.1944580078125,206.59027671813965,425.7916793823242,4,4,,,,,,,,,,,,2026-07-06T21:59:09.647Z,QGFAEPFN,2026-07-06,2026-07-06,18:59:09,2026-07-06 18:59:09,,,,,,,,697a707b5bc42b2987347880,697a707b5bc42b2987347880,,,,
29345,raw_position_sample,2,2,int,18,3,17,18,47, animals ,382,203,4387531.099999998,697a707b5bc42b2987347880,697a707b5bc42b2987347880,intermediate,3,697a707b5bc42b2987347880,697a707b5bc42b2987347880,spotlight_PROLIFIC,,30,Brasil,Português Brasil ,"Português Brasil, inglês ",inglês,Português Brasil:80|English:10|inglês:10,100,Português Brasil:80|English:10|inglês:10,100,Português Brasil:100|English:0|inglês:0,100,17,5,Bachelor's,10,10,10,5,6,8,12,28,28,28,Duolingo,90,,,,,16,25,B1,elementary|intermediate,elementary|intermediate,cambridge_15_21_random_elementary_intermediate,4,19,random,,185.25694274902344,358.1944580078125,206.59027671813965,425.7916793823242,4,4,,,,,,,,,,,,2026-07-06T21:59:09.647Z,QGFAEPFN,2026-07-06,2026-07-06,18:59:09,2026-07-06 18:59:09,,,,,,,,697a707b5bc42b2987347880,697a707b5bc42b2987347880,,,,
29395,raw_position_sample,2,2,int,18,3,17,18,47, animals ,393,205,4387581.099999998,697a707b5bc42b2987347880,697a707b5bc42b2987347880,intermediate,3,697a707b5bc42b2987347880,697a707b5bc42b2987347880,spotlight_PROLIFIC,,30,Brasil,Português Brasil ,"Português Brasil, inglês ",inglês,Português Brasil:80|English:10|inglês:10,100,Português Brasil:80|English:10|inglês:10,100,Português Brasil:100|English:0|inglês:0,100,17,5,Bachelor's,10,10,10,5,6,8,12,28,28,28,Duolingo,90,,,,,16,25,B1,elementary|intermediate,elementary|intermediate,cambridge_15_21_random_elementary_intermediate,4,19,random,,185.25694274902344,358.1944580078125,206.59027671813965,425.7916793823242,4,4,,,,,,,,,,,,2026-07-06T21:59:09.647Z,QGFAEPFN,2026-07-06,2026-07-06,18:59:09,2026-07-06 18:59:09,,,,,,,,697a707b5bc42b2987347880,697a707b5bc42b2987347880,,,,
29445,raw_position_sample,2,2,int,18,3,17,18,47, animals ,402,205,4387631,697a707b5bc42b2987347880,697a707b5bc42b2987347880,intermediate,3,697a707b5bc42b2987347880,697a707b5bc42b2987347880,spotlight_PROLIFIC,,30,Brasil,Português Brasil ,"Português Brasil, inglês ",inglês,Português Brasil:80|English:10|inglês:10,100,Português Brasil:80|English:10|inglês:10,100,Português Brasil:100|English:0|inglês:0,100,17,5,Bachelor's,10,10,10,5,6,8,12,28,28,28,Duolingo,90,,,,,16,25,B1,elementary|intermediate,elementary|intermediate,cambridge_15_21_random_elementary_intermediate,4,19,random,,185.25694274902344,358.1944580078125,206.59027671813965,425.7916793823242,4,4,,,,,,,,,,,,2026-07-06T21:59:09.647Z,QGFAEPFN,2026-07-06,2026-07-06,18:59:09,2026-07-06 18:59:09,,,,,,,,697a707b5bc42b2987347880,697a707b5bc42b2987347880,,,,
29496,raw_position_sample,2,2,int,18,3,17,18,47, animals ,403,205,4387682.299999997,697a707b5bc42b2987347880,697a707b5bc42b2987347880,intermediate,3,697a707b5bc42b2987347880,697a707b5bc42b2987347880,spotlight_PROLIFIC,,30,Brasil,Português Brasil ,"Português Brasil, inglês ",inglês,Português Brasil:80|English:10|inglês:10,100,Português Brasil:80|English:10|inglês:10,100,Português Brasil:100|English:0|inglês:0,100,17,5,Bachelor's,10,10,10,5,6,8,12,28,28,28,Duolingo,90,,,,,16,25,B1,elementary|intermediate,elementary|intermediate,cambridge_15_21_random_elementary_intermediate,4,19,random,,185.25694274902344,358.1944580078125,206.59027671813965,425.7916793823242,4,4,,,,,,,,,,,,2026-07-06T21:59:09.647Z,QGFAEPFN,2026-07-06,2026-07-06,18:59:09,2026-07-06 18:59:09,,,,,,,,697a707b5bc42b2987347880,697a707b5bc42b2987347880,,,,
29548,raw_position_sample,2,2,int,18,3,17,18,47, animals ,416,205,4387734.199999999,697a707b5bc42b2987347880,697a707b5bc42b2987347880,intermediate,3,697a707b5bc42b2987347880,697a707b5bc42b2987347880,spotlight_PROLIFIC,,30,Brasil,Português Brasil ,"Português Brasil, inglês ",inglês,Português Brasil:80|English:10|inglês:10,100,Português Brasil:80|English:10|inglês:10,100,Português Brasil:100|English:0|inglês:0,100,17,5,Bachelor's,10,10,10,5,6,8,12,28,28,28,Duolingo,90,,,,,16,25,B1,elementary|intermediate,elementary|intermediate,cambridge_15_21_random_elementary_intermediate,4,19,random,,185.25694274902344,358.1944580078125,206.59027671813965,425.7916793823242,4,4,,,,,,,,,,,,2026-07-06T21:59:09.647Z,QGFAEPFN,2026-07-06,2026-07-06,18:59:09,2026-07-06 18:59:09,,,,,,,,697a707b5bc42b2987347880,697a707b5bc42b2987347880,,,,
29599,raw_position_sample,2,2,int,18,3,17,18,47, animals ,417,205,4387785.299999997,697a707b5bc42b2987347880,697a707b5bc42b2987347880,intermediate,3,697a707b5bc42b2987347880,697a707b5bc42b2987347880,spotlight_PROLIFIC,,30,Brasil,Português Brasil ,"Português Brasil, inglês ",inglês,Português Brasil:80|English:10|inglês:10,100,Português Brasil:80|English:10|inglês:10,100,Português Brasil:100|English:0|inglês:0,100,17,5,Bachelor's,10,10,10,5,6,8,12,28,28,28,Duolingo,90,,,,,16,25,B1,elementary|intermediate,elementary|intermediate,cambridge_15_21_random_elementary_intermediate,4,19,random,,185.25694274902344,358.1944580078125,206.59027671813965,425.7916793823242,4,4,,,,,,,,,,,,2026-07-06T21:59:09.647Z,QGFAEPFN,2026-07-06,2026-07-06,18:59:09,2026-07-06 18:59:09,,,,,,,,697a707b5bc42b2987347880,697a707b5bc42b2987347880,,,,
29619,hover_association,2,2,int,18,3,17,18,47, animals ,359,203,,697a707b5bc42b2987347880,697a707b5bc42b2987347880,intermediate,3,697a707b5bc42b2987347880,697a707b5bc42b2987347880,spotlight_PROLIFIC,,30,Brasil,Português Brasil ,"Português Brasil, inglês ",inglês,Português Brasil:80|English:10|inglês:10,100,Português Brasil:80|English:10|inglês:10,100,Português Brasil:100|English:0|inglês:0,100,17,5,Bachelor's,10,10,10,5,6,8,12,28,28,28,Duolingo,90,,,,,16,25,B1,elementary|intermediate,elementary|intermediate,cambridge_15_21_random_elementary_intermediate,4,19,random,,175.92360973358154,358.1944522857666,215.92360973358154,425.7916679382324,4,4,hover,433.70000000298023,433.70000000298023,0.9439079272476794,0.7269097566604614,106,,,,,,2026-07-06T21:59:09.647Z,QGFAEPFN,2026-07-06,2026-07-06,18:59:09,2026-07-06 18:59:09,,,,,,,,697a707b5bc42b2987347880,697a707b5bc42b2987347880,,,,
29645,raw_position_sample,2,2,int,18,3,17,18,48, on ,428,204,4387831.599999998,697a707b5bc42b2987347880,697a707b5bc42b2987347880,intermediate,3,697a707b5bc42b2987347880,697a707b5bc42b2987347880,spotlight_PROLIFIC,,30,Brasil,Português Brasil ,"Português Brasil, inglês ",inglês,Português Brasil:80|English:10|inglês:10,100,Português Brasil:80|English:10|inglês:10,100,Português Brasil:100|English:0|inglês:0,100,17,5,Bachelor's,10,10,10,5,6,8,12,28,28,28,Duolingo,90,,,,,16,25,B1,elementary|intermediate,elementary|intermediate,cambridge_15_21_random_elementary_intermediate,4,19,random,,185.25694274902344,425.7916564941406,206.59027671813965,450.4027671813965,4,5,,,,,,,,,,,,2026-07-06T21:59:09.647Z,QGFAEPFN,2026-07-06,2026-07-06,18:59:09,2026-07-06 18:59:09,,,,,,,,697a707b5bc42b2987347880,697a707b5bc42b2987347880,,,,
29697,raw_position_sample,2,2,int,18,3,17,18,48, on ,438,201,4387883.199999999,697a707b5bc42b2987347880,697a707b5bc42b2987347880,intermediate,3,697a707b5bc42b2987347880,697a707b5bc42b2987347880,spotlight_PROLIFIC,,30,Brasil,Português Brasil ,"Português Brasil, inglês ",inglês,Português Brasil:80|English:10|inglês:10,100,Português Brasil:80|English:10|inglês:10,100,Português Brasil:100|English:0|inglês:0,100,17,5,Bachelor's,10,10,10,5,6,8,12,28,28,28,Duolingo,90,,,,,16,25,B1,elementary|intermediate,elementary|intermediate,cambridge_15_21_random_elementary_intermediate,4,19,random,,185.25694274902344,425.7916564941406,206.59027671813965,450.4027671813965,4,5,,,,,,,,,,,,2026-07-06T21:59:09.647Z,QGFAEPFN,2026-07-06,2026-07-06,18:59:09,2026-07-06 18:59:09,,,,,,,,697a707b5bc42b2987347880,697a707b5bc42b2987347880,,,,
29745,raw_position_sample,2,2,int,18,3,17,18,48, on ,449,200,4387931.099999998,697a707b5bc42b2987347880,697a707b5bc42b2987347880,intermediate,3,697a707b5bc42b2987347880,697a707b5bc42b2987347880,spotlight_PROLIFIC,,30,Brasil,Português Brasil ,"Português Brasil, inglês ",inglês,Português Brasil:80|English:10|inglês:10,100,Português Brasil:80|English:10|inglês:10,100,Português Brasil:100|English:0|inglês:0,100,17,5,Bachelor's,10,10,10,5,6,8,12,28,28,28,Duolingo,90,,,,,16,25,B1,elementary|intermediate,elementary|intermediate,cambridge_15_21_random_elementary_intermediate,4,19,random,,185.25694274902344,425.7916564941406,206.59027671813965,450.4027671813965,4,5,,,,,,,,,,,,2026-07-06T21:59:09.647Z,QGFAEPFN,2026-07-06,2026-07-06,18:59:09,2026-07-06 18:59:09,,,,,,,,697a707b5bc42b2987347880,697a707b5bc42b2987347880,,,,
29752,hover_association,2,2,int,18,3,17,18,48, on ,427,205,,697a707b5bc42b2987347880,697a707b5bc42b2987347880,intermediate,3,697a707b5bc42b2987347880,697a707b5bc42b2987347880,spotlight_PROLIFIC,,30,Brasil,Português Brasil ,"Português Brasil, inglês ",inglês,Português Brasil:80|English:10|inglês:10,100,Português Brasil:80|English:10|inglês:10,100,Português Brasil:100|English:0|inglês:0,100,17,5,Bachelor's,10,10,10,5,6,8,12,28,28,28,Duolingo,90,,,,,16,25,B1,elementary|intermediate,elementary|intermediate,cambridge_15_21_random_elementary_intermediate,4,19,random,,175.92360973358154,425.7916679382324,215.92360973358154,450.4027690887451,4,5,hover,132.5,132.5,0.9430025873216203,0.6019097566604614,106,,,,,,2026-07-06T21:59:09.647Z,QGFAEPFN,2026-07-06,2026-07-06,18:59:09,2026-07-06 18:59:09,,,,,,,,697a707b5bc42b2987347880,697a707b5bc42b2987347880,,,,
29796,raw_position_sample,2,2,int,18,3,17,18,49, which ,460,199,4387981.799999997,697a707b5bc42b2987347880,697a707b5bc42b2987347880,intermediate,3,697a707b5bc42b2987347880,697a707b5bc42b2987347880,spotlight_PROLIFIC,,30,Brasil,Português Brasil ,"Português Brasil, inglês ",inglês,Português Brasil:80|English:10|inglês:10,100,Português Brasil:80|English:10|inglês:10,100,Português Brasil:100|English:0|inglês:0,100,17,5,Bachelor's,10,10,10,5,6,8,12,28,28,28,Duolingo,90,,,,,16,25,B1,elementary|intermediate,elementary|intermediate,cambridge_15_21_random_elementary_intermediate,4,19,random,,185.25694274902344,450.40277099609375,206.59027671813965,501.90277099609375,4,6,,,,,,,,,,,,2026-07-06T21:59:09.647Z,QGFAEPFN,2026-07-06,2026-07-06,18:59:09,2026-07-06 18:59:09,,,,,,,,697a707b5bc42b2987347880,697a707b5bc42b2987347880,,,,
29845,raw_position_sample,2,2,int,18,3,17,18,49, which ,469,199,4388031.299999997,697a707b5bc42b2987347880,697a707b5bc42b2987347880,intermediate,3,697a707b5bc42b2987347880,697a707b5bc42b2987347880,spotlight_PROLIFIC,,30,Brasil,Português Brasil ,"Português Brasil, inglês ",inglês,Português Brasil:80|English:10|inglês:10,100,Português Brasil:80|English:10|inglês:10,100,Português Brasil:100|English:0|inglês:0,100,17,5,Bachelor's,10,10,10,5,6,8,12,28,28,28,Duolingo,90,,,,,16,25,B1,elementary|intermediate,elementary|intermediate,cambridge_15_21_random_elementary_intermediate,4,19,random,,185.25694274902344,450.40277099609375,206.59027671813965,501.90277099609375,4,6,,,,,,,,,,,,2026-07-06T21:59:09.647Z,QGFAEPFN,2026-07-06,2026-07-06,18:59:09,2026-07-06 18:59:09,,,,,,,,697a707b5bc42b2987347880,697a707b5bc42b2987347880,,,,
29896,raw_position_sample,2,2,int,18,3,17,18,49, which ,476,199,4388082.5,697a707b5bc42b2987347880,697a707b5bc42b2987347880,intermediate,3,697a707b5bc42b2987347880,697a707b5bc42b2987347880,spotlight_PROLIFIC,,30,Brasil,Português Brasil ,"Português Brasil, inglês ",inglês,Português Brasil:80|English:10|inglês:10,100,Português Brasil:80|English:10|inglês:10,100,Português Brasil:100|English:0|inglês:0,100,17,5,Bachelor's,10,10,10,5,6,8,12,28,28,28,Duolingo,90,,,,,16,25,B1,elementary|intermediate,elementary|intermediate,cambridge_15_21_random_elementary_intermediate,4,19,random,,185.25694274902344,450.40277099609375,206.59027671813965,501.90277099609375,4,6,,,,,,,,,,,,2026-07-06T21:59:09.647Z,QGFAEPFN,2026-07-06,2026-07-06,18:59:09,2026-07-06 18:59:09,,,,,,,,697a707b5bc42b2987347880,697a707b5bc42b2987347880,,,,
29945,raw_position_sample,2,2,int,18,3,17,18,49, which ,485,199,4388130.8999999985,697a707b5bc42b2987347880,697a707b5bc42b2987347880,intermediate,3,697a707b5bc42b2987347880,697a707b5bc42b2987347880,spotlight_PROLIFIC,,30,Brasil,Português Brasil ,"Português Brasil, inglês ",inglês,Português Brasil:80|English:10|inglês:10,100,Português Brasil:80|English:10|inglês:10,100,Português Brasil:100|English:0|inglês:0,100,17,5,Bachelor's,10,10,10,5,6,8,12,28,28,28,Duolingo,90,,,,,16,25,B1,elementary|intermediate,elementary|intermediate,cambridge_15_21_random_elementary_intermediate,4,19,random,,185.25694274902344,450.40277099609375,206.59027671813965,501.90277099609375,4,6,,,,,,,,,,,,2026-07-06T21:59:09.647Z,QGFAEPFN,2026-07-06,2026-07-06,18:59:09,2026-07-06 18:59:09,,,,,,,,697a707b5bc42b2987347880,697a707b5bc42b2987347880,,,,
29995,raw_position_sample,2,2,int,18,3,17,18,49, which ,494,199,4388181.099999998,697a707b5bc42b2987347880,697a707b5bc42b2987347880,intermediate,3,697a707b5bc42b2987347880,697a707b5bc42b2987347880,spotlight_PROLIFIC,,30,Brasil,Português Brasil ,"Português Brasil, inglês ",inglês,Português Brasil:80|English:10|inglês:10,100,Português Brasil:80|English:10|inglês:10,100,Português Brasil:100|English:0|inglês:0,100,17,5,Bachelor's,10,10,10,5,6,8,12,28,28,28,Duolingo,90,,,,,16,25,B1,elementary|intermediate,elementary|intermediate,cambridge_15_21_random_elementary_intermediate,4,19,random,,185.25694274902344,450.40277099609375,206.59027671813965,501.90277099609375,4,6,,,,,,,,,,,,2026-07-06T21:59:09.647Z,QGFAEPFN,2026-07-06,2026-07-06,18:59:09,2026-07-06 18:59:09,,,,,,,,697a707b5bc42b2987347880,697a707b5bc42b2987347880,,,,
30034,hover_association,2,2,int,18,3,17,18,49, which ,452,199,,697a707b5bc42b2987347880,697a707b5bc42b2987347880,intermediate,3,697a707b5bc42b2987347880,697a707b5bc42b2987347880,spotlight_PROLIFIC,,30,Brasil,Português Brasil ,"Português Brasil, inglês ",inglês,Português Brasil:80|English:10|inglês:10,100,Português Brasil:80|English:10|inglês:10,100,Português Brasil:100|English:0|inglês:0,100,17,5,Bachelor's,10,10,10,5,6,8,12,28,28,28,Duolingo,90,,,,,16,25,B1,elementary|intermediate,elementary|intermediate,cambridge_15_21_random_elementary_intermediate,4,19,random,,175.92360973358154,450.4027690887451,215.92360973358154,501.90277099609375,4,6,hover,283.0999999977648,283.0999999977648,0.9630529917354772,0.6019097566604614,106,,,,,,2026-07-06T21:59:09.647Z,QGFAEPFN,2026-07-06,2026-07-06,18:59:09,2026-07-06 18:59:09,,,,,,,,697a707b5bc42b2987347880,697a707b5bc42b2987347880,,,,
30045,raw_position_sample,2,2,int,18,3,17,18,50, tigers ,505,202,4388231.199999999,697a707b5bc42b2987347880,697a707b5bc42b2987347880,intermediate,3,697a707b5bc42b2987347880,697a707b5bc42b2987347880,spotlight_PROLIFIC,,30,Brasil,Português Brasil ,"Português Brasil, inglês ",inglês,Português Brasil:80|English:10|inglês:10,100,Português Brasil:80|English:10|inglês:10,100,Português Brasil:100|English:0|inglês:0,100,17,5,Bachelor's,10,10,10,5,6,8,12,28,28,28,Duolingo,90,,,,,16,25,B1,elementary|intermediate,elementary|intermediate,cambridge_15_21_random_elementary_intermediate,4,19,random,,185.25694274902344,501.90277099609375,206.59027671813965,551.4583282470703,4,7,,,,,,,,,,,,2026-07-06T21:59:09.647Z,QGFAEPFN,2026-07-06,2026-07-06,18:59:09,2026-07-06 18:59:09,,,,,,,,697a707b5bc42b2987347880,697a707b5bc42b2987347880,,,,
30095,raw_position_sample,2,2,int,18,3,17,18,50, tigers ,517,205,4388281.199999999,697a707b5bc42b2987347880,697a707b5bc42b2987347880,intermediate,3,697a707b5bc42b2987347880,697a707b5bc42b2987347880,spotlight_PROLIFIC,,30,Brasil,Português Brasil ,"Português Brasil, inglês ",inglês,Português Brasil:80|English:10|inglês:10,100,Português Brasil:80|English:10|inglês:10,100,Português Brasil:100|English:0|inglês:0,100,17,5,Bachelor's,10,10,10,5,6,8,12,28,28,28,Duolingo,90,,,,,16,25,B1,elementary|intermediate,elementary|intermediate,cambridge_15_21_random_elementary_intermediate,4,19,random,,185.25694274902344,501.90277099609375,206.59027671813965,551.4583282470703,4,7,,,,,,,,,,,,2026-07-06T21:59:09.647Z,QGFAEPFN,2026-07-06,2026-07-06,18:59:09,2026-07-06 18:59:09,,,,,,,,697a707b5bc42b2987347880,697a707b5bc42b2987347880,,,,
30145,raw_position_sample,2,2,int,18,3,17,18,50, tigers ,527,207,4388331.199999999,697a707b5bc42b2987347880,697a707b5bc42b2987347880,intermediate,3,697a707b5bc42b2987347880,697a707b5bc42b2987347880,spotlight_PROLIFIC,,30,Brasil,Português Brasil ,"Português Brasil, inglês ",inglês,Português Brasil:80|English:10|inglês:10,100,Português Brasil:80|English:10|inglês:10,100,Português Brasil:100|English:0|inglês:0,100,17,5,Bachelor's,10,10,10,5,6,8,12,28,28,28,Duolingo,90,,,,,16,25,B1,elementary|intermediate,elementary|intermediate,cambridge_15_21_random_elementary_intermediate,4,19,random,,185.25694274902344,501.90277099609375,206.59027671813965,551.4583282470703,4,7,,,,,,,,,,,,2026-07-06T21:59:09.647Z,QGFAEPFN,2026-07-06,2026-07-06,18:59:09,2026-07-06 18:59:09,,,,,,,,697a707b5bc42b2987347880,697a707b5bc42b2987347880,,,,
30199,raw_position_sample,2,2,int,18,3,17,18,50, tigers ,528,207,4388385.199999999,697a707b5bc42b2987347880,697a707b5bc42b2987347880,intermediate,3,697a707b5bc42b2987347880,697a707b5bc42b2987347880,spotlight_PROLIFIC,,30,Brasil,Português Brasil ,"Português Brasil, inglês ",inglês,Português Brasil:80|English:10|inglês:10,100,Português Brasil:80|English:10|inglês:10,100,Português Brasil:100|English:0|inglês:0,100,17,5,Bachelor's,10,10,10,5,6,8,12,28,28,28,Duolingo,90,,,,,16,25,B1,elementary|intermediate,elementary|intermediate,cambridge_15_21_random_elementary_intermediate,4,19,random,,185.25694274902344,501.90277099609375,206.59027671813965,551.4583282470703,4,7,,,,,,,,,,,,2026-07-06T21:59:09.647Z,QGFAEPFN,2026-07-06,2026-07-06,18:59:09,2026-07-06 18:59:09,,,,,,,,697a707b5bc42b2987347880,697a707b5bc42b2987347880,,,,
30245,raw_position_sample,2,2,int,18,3,17,18,50, tigers ,533,207,4388431.5,697a707b5bc42b2987347880,697a707b5bc42b2987347880,intermediate,3,697a707b5bc42b2987347880,697a707b5bc42b2987347880,spotlight_PROLIFIC,,30,Brasil,Português Brasil ,"Português Brasil, inglês ",inglês,Português Brasil:80|English:10|inglês:10,100,Português Brasil:80|English:10|inglês:10,100,Português Brasil:100|English:0|inglês:0,100,17,5,Bachelor's,10,10,10,5,6,8,12,28,28,28,Duolingo,90,,,,,16,25,B1,elementary|intermediate,elementary|intermediate,cambridge_15_21_random_elementary_intermediate,4,19,random,,185.25694274902344,501.90277099609375,206.59027671813965,551.4583282470703,4,7,,,,,,,,,,,,2026-07-06T21:59:09.647Z,QGFAEPFN,2026-07-06,2026-07-06,18:59:09,2026-07-06 18:59:09,,,,,,,,697a707b5bc42b2987347880,697a707b5bc42b2987347880,,,,
30295,raw_position_sample,2,2,int,18,3,17,18,50, tigers ,544,207,4388481.199999999,697a707b5bc42b2987347880,697a707b5bc42b2987347880,intermediate,3,697a707b5bc42b2987347880,697a707b5bc42b2987347880,spotlight_PROLIFIC,,30,Brasil,Português Brasil ,"Português Brasil, inglês ",inglês,Português Brasil:80|English:10|inglês:10,100,Português Brasil:80|English:10|inglês:10,100,Português Brasil:100|English:0|inglês:0,100,17,5,Bachelor's,10,10,10,5,6,8,12,28,28,28,Duolingo,90,,,,,16,25,B1,elementary|intermediate,elementary|intermediate,cambridge_15_21_random_elementary_intermediate,4,19,random,,185.25694274902344,501.90277099609375,206.59027671813965,551.4583282470703,4,7,,,,,,,,,,,,2026-07-06T21:59:09.647Z,QGFAEPFN,2026-07-06,2026-07-06,18:59:09,2026-07-06 18:59:09,,,,,,,,697a707b5bc42b2987347880,697a707b5bc42b2987347880,,,,
30334,hover_association,2,2,int,18,3,17,18,50, tigers ,505,202,,697a707b5bc42b2987347880,697a707b5bc42b2987347880,intermediate,3,697a707b5bc42b2987347880,697a707b5bc42b2987347880,spotlight_PROLIFIC,,30,Brasil,Português Brasil ,"Português Brasil, inglês ",inglês,Português Brasil:80|English:10|inglês:10,100,Português Brasil:80|English:10|inglês:10,100,Português Brasil:100|English:0|inglês:0,100,17,5,Bachelor's,10,10,10,5,6,8,12,28,28,28,Duolingo,90,,,,,16,25,B1,elementary|intermediate,elementary|intermediate,cambridge_15_21_random_elementary_intermediate,4,19,random,,175.92360973358154,501.90277099609375,215.92360973358154,551.4583206176758,4,7,hover,299.30000000074506,299.30000000074506,0.9503926273354225,0.7769097566604615,106,,,,,,2026-07-06T21:59:09.647Z,QGFAEPFN,2026-07-06,2026-07-06,18:59:09,2026-07-06 18:59:09,,,,,,,,697a707b5bc42b2987347880,697a707b5bc42b2987347880,,,,
30345,raw_position_sample,2,2,int,18,3,17,18,51, feed ,557,207,4388531,697a707b5bc42b2987347880,697a707b5bc42b2987347880,intermediate,3,697a707b5bc42b2987347880,697a707b5bc42b2987347880,spotlight_PROLIFIC,,30,Brasil,Português Brasil ,"Português Brasil, inglês ",inglês,Português Brasil:80|English:10|inglês:10,100,Português Brasil:80|English:10|inglês:10,100,Português Brasil:100|English:0|inglês:0,100,17,5,Bachelor's,10,10,10,5,6,8,12,28,28,28,Duolingo,90,,,,,16,25,B1,elementary|intermediate,elementary|intermediate,cambridge_15_21_random_elementary_intermediate,4,19,random,,185.25694274902344,551.4583129882812,206.59027671813965,591.0208129882812,4,8,,,,,,,,,,,,2026-07-06T21:59:09.647Z,QGFAEPFN,2026-07-06,2026-07-06,18:59:09,2026-07-06 18:59:09,,,,,,,,697a707b5bc42b2987347880,697a707b5bc42b2987347880,,,,
30395,raw_position_sample,2,2,int,18,3,17,18,51, feed ,569,207,4388581.299999997,697a707b5bc42b2987347880,697a707b5bc42b2987347880,intermediate,3,697a707b5bc42b2987347880,697a707b5bc42b2987347880,spotlight_PROLIFIC,,30,Brasil,Português Brasil ,"Português Brasil, inglês ",inglês,Português Brasil:80|English:10|inglês:10,100,Português Brasil:80|English:10|inglês:10,100,Português Brasil:100|English:0|inglês:0,100,17,5,Bachelor's,10,10,10,5,6,8,12,28,28,28,Duolingo,90,,,,,16,25,B1,elementary|intermediate,elementary|intermediate,cambridge_15_21_random_elementary_intermediate,4,19,random,,185.25694274902344,551.4583129882812,206.59027671813965,591.0208129882812,4,8,,,,,,,,,,,,2026-07-06T21:59:09.647Z,QGFAEPFN,2026-07-06,2026-07-06,18:59:09,2026-07-06 18:59:09,,,,,,,,697a707b5bc42b2987347880,697a707b5bc42b2987347880,,,,
30447,raw_position_sample,2,2,int,18,3,17,18,51, feed ,576,210,4388632.8999999985,697a707b5bc42b2987347880,697a707b5bc42b2987347880,intermediate,3,697a707b5bc42b2987347880,697a707b5bc42b2987347880,spotlight_PROLIFIC,,30,Brasil,Português Brasil ,"Português Brasil, inglês ",inglês,Português Brasil:80|English:10|inglês:10,100,Português Brasil:80|English:10|inglês:10,100,Português Brasil:100|English:0|inglês:0,100,17,5,Bachelor's,10,10,10,5,6,8,12,28,28,28,Duolingo,90,,,,,16,25,B1,elementary|intermediate,elementary|intermediate,cambridge_15_21_random_elementary_intermediate,4,19,random,,185.25694274902344,551.4583129882812,206.59027671813965,591.0208129882812,4,8,,,,,,,,,,,,2026-07-06T21:59:09.647Z,QGFAEPFN,2026-07-06,2026-07-06,18:59:09,2026-07-06 18:59:09,,,,,,,,697a707b5bc42b2987347880,697a707b5bc42b2987347880,,,,
30498,raw_position_sample,2,2,int,18,3,17,18,51, feed ,580,210,4388684.8999999985,697a707b5bc42b2987347880,697a707b5bc42b2987347880,intermediate,3,697a707b5bc42b2987347880,697a707b5bc42b2987347880,spotlight_PROLIFIC,,30,Brasil,Português Brasil ,"Português Brasil, inglês ",inglês,Português Brasil:80|English:10|inglês:10,100,Português Brasil:80|English:10|inglês:10,100,Português Brasil:100|English:0|inglês:0,100,17,5,Bachelor's,10,10,10,5,6,8,12,28,28,28,Duolingo,90,,,,,16,25,B1,elementary|intermediate,elementary|intermediate,cambridge_15_21_random_elementary_intermediate,4,19,random,,185.25694274902344,551.4583129882812,206.59027671813965,591.0208129882812,4,8,,,,,,,,,,,,2026-07-06T21:59:09.647Z,QGFAEPFN,2026-07-06,2026-07-06,18:59:09,2026-07-06 18:59:09,,,,,,,,697a707b5bc42b2987347880,697a707b5bc42b2987347880,,,,
30545,raw_position_sample,2,2,int,18,3,17,18,51, feed ,585,211,4388731,697a707b5bc42b2987347880,697a707b5bc42b2987347880,intermediate,3,697a707b5bc42b2987347880,697a707b5bc42b2987347880,spotlight_PROLIFIC,,30,Brasil,Português Brasil ,"Português Brasil, inglês ",inglês,Português Brasil:80|English:10|inglês:10,100,Português Brasil:80|English:10|inglês:10,100,Português Brasil:100|English:0|inglês:0,100,17,5,Bachelor's,10,10,10,5,6,8,12,28,28,28,Duolingo,90,,,,,16,25,B1,elementary|intermediate,elementary|intermediate,cambridge_15_21_random_elementary_intermediate,4,19,random,,185.25694274902344,551.4583129882812,206.59027671813965,591.0208129882812,4,8,,,,,,,,,,,,2026-07-06T21:59:09.647Z,QGFAEPFN,2026-07-06,2026-07-06,18:59:09,2026-07-06 18:59:09,,,,,,,,697a707b5bc42b2987347880,697a707b5bc42b2987347880,,,,
30596,raw_position_sample,2,2,int,18,3,17,18,51, feed ,586,211,4388781.799999997,697a707b5bc42b2987347880,697a707b5bc42b2987347880,intermediate,3,697a707b5bc42b2987347880,697a707b5bc42b2987347880,spotlight_PROLIFIC,,30,Brasil,Português Brasil ,"Português Brasil, inglês ",inglês,Português Brasil:80|English:10|inglês:10,100,Português Brasil:80|English:10|inglês:10,100,Português Brasil:100|English:0|inglês:0,100,17,5,Bachelor's,10,10,10,5,6,8,12,28,28,28,Duolingo,90,,,,,16,25,B1,elementary|intermediate,elementary|intermediate,cambridge_15_21_random_elementary_intermediate,4,19,random,,185.25694274902344,551.4583129882812,206.59027671813965,591.0208129882812,4,8,,,,,,,,,,,,2026-07-06T21:59:09.647Z,QGFAEPFN,2026-07-06,2026-07-06,18:59:09,2026-07-06 18:59:09,,,,,,,,697a707b5bc42b2987347880,697a707b5bc42b2987347880,,,,
30645,raw_position_sample,2,2,int,18,3,17,18,51, feed ,591,211,4388831.299999997,697a707b5bc42b2987347880,697a707b5bc42b2987347880,intermediate,3,697a707b5bc42b2987347880,697a707b5bc42b2987347880,spotlight_PROLIFIC,,30,Brasil,Português Brasil ,"Português Brasil, inglês ",inglês,Português Brasil:80|English:10|inglês:10,100,Português Brasil:80|English:10|inglês:10,100,Português Brasil:100|English:0|inglês:0,100,17,5,Bachelor's,10,10,10,5,6,8,12,28,28,28,Duolingo,90,,,,,16,25,B1,elementary|intermediate,elementary|intermediate,cambridge_15_21_random_elementary_intermediate,4,19,random,,185.25694274902344,551.4583129882812,206.59027671813965,591.0208129882812,4,8,,,,,,,,,,,,2026-07-06T21:59:09.647Z,QGFAEPFN,2026-07-06,2026-07-06,18:59:09,2026-07-06 18:59:09,,,,,,,,697a707b5bc42b2987347880,697a707b5bc42b2987347880,,,,
30651,hover_association,2,2,int,18,3,17,18,51, feed ,557,207,,697a707b5bc42b2987347880,697a707b5bc42b2987347880,intermediate,3,697a707b5bc42b2987347880,697a707b5bc42b2987347880,spotlight_PROLIFIC,,30,Brasil,Português Brasil ,"Português Brasil, inglês ",inglês,Português Brasil:80|English:10|inglês:10,100,Português Brasil:80|English:10|inglês:10,100,Português Brasil:100|English:0|inglês:0,100,17,5,Bachelor's,10,10,10,5,6,8,12,28,28,28,Duolingo,90,,,,,16,25,B1,elementary|intermediate,elementary|intermediate,cambridge_15_21_random_elementary_intermediate,4,19,random,,175.92360973358154,551.4583206176758,215.92360973358154,591.0208129882812,4,8,hover,317,317,0.9994739212058158,0.8769097566604614,106,,,,,,2026-07-06T21:59:09.647Z,QGFAEPFN,2026-07-06,2026-07-06,18:59:09,2026-07-06 18:59:09,,,,,,,,697a707b5bc42b2987347880,697a707b5bc42b2987347880,,,,
30697,raw_position_sample,2,2,int,18,3,17,18,52, so ,597,211,4388883,697a707b5bc42b2987347880,697a707b5bc42b2987347880,intermediate,3,697a707b5bc42b2987347880,697a707b5bc42b2987347880,spotlight_PROLIFIC,,30,Brasil,Português Brasil ,"Português Brasil, inglês ",inglês,Português Brasil:80|English:10|inglês:10,100,Português Brasil:80|English:10|inglês:10,100,Português Brasil:100|English:0|inglês:0,100,17,5,Bachelor's,10,10,10,5,6,8,12,28,28,28,Duolingo,90,,,,,16,25,B1,elementary|intermediate,elementary|intermediate,cambridge_15_21_random_elementary_intermediate,4,19,random,,185.25694274902344,591.0208129882812,206.59027671813965,614.9583129882812,4,9,,,,,,,,,,,,2026-07-06T21:59:09.647Z,QGFAEPFN,2026-07-06,2026-07-06,18:59:09,2026-07-06 18:59:09,,,,,,,,697a707b5bc42b2987347880,697a707b5bc42b2987347880,,,,
30745,raw_position_sample,2,2,int,18,3,17,18,52, so ,604,211,4388931.099999998,697a707b5bc42b2987347880,697a707b5bc42b2987347880,intermediate,3,697a707b5bc42b2987347880,697a707b5bc42b2987347880,spotlight_PROLIFIC,,30,Brasil,Português Brasil ,"Português Brasil, inglês ",inglês,Português Brasil:80|English:10|inglês:10,100,Português Brasil:80|English:10|inglês:10,100,Português Brasil:100|English:0|inglês:0,100,17,5,Bachelor's,10,10,10,5,6,8,12,28,28,28,Duolingo,90,,,,,16,25,B1,elementary|intermediate,elementary|intermediate,cambridge_15_21_random_elementary_intermediate,4,19,random,,185.25694274902344,591.0208129882812,206.59027671813965,614.9583129882812,4,9,,,,,,,,,,,,2026-07-06T21:59:09.647Z,QGFAEPFN,2026-07-06,2026-07-06,18:59:09,2026-07-06 18:59:09,,,,,,,,697a707b5bc42b2987347880,697a707b5bc42b2987347880,,,,
30796,raw_position_sample,2,2,int,18,3,17,18,52, so ,609,211,4388982.099999998,697a707b5bc42b2987347880,697a707b5bc42b2987347880,intermediate,3,697a707b5bc42b2987347880,697a707b5bc42b2987347880,spotlight_PROLIFIC,,30,Brasil,Português Brasil ,"Português Brasil, inglês ",inglês,Português Brasil:80|English:10|inglês:10,100,Português Brasil:80|English:10|inglês:10,100,Português Brasil:100|English:0|inglês:0,100,17,5,Bachelor's,10,10,10,5,6,8,12,28,28,28,Duolingo,90,,,,,16,25,B1,elementary|intermediate,elementary|intermediate,cambridge_15_21_random_elementary_intermediate,4,19,random,,185.25694274902344,591.0208129882812,206.59027671813965,614.9583129882812,4,9,,,,,,,,,,,,2026-07-06T21:59:09.647Z,QGFAEPFN,2026-07-06,2026-07-06,18:59:09,2026-07-06 18:59:09,,,,,,,,697a707b5bc42b2987347880,697a707b5bc42b2987347880,,,,
30818,hover_association,2,2,int,18,3,17,18,52, so ,593,211,,697a707b5bc42b2987347880,697a707b5bc42b2987347880,intermediate,3,697a707b5bc42b2987347880,697a707b5bc42b2987347880,spotlight_PROLIFIC,,30,Brasil,Português Brasil ,"Português Brasil, inglês ",inglês,Português Brasil:80|English:10|inglês:10,100,Português Brasil:80|English:10|inglês:10,100,Português Brasil:100|English:0|inglês:0,100,17,5,Bachelor's,10,10,10,5,6,8,12,28,28,28,Duolingo,90,,,,,16,25,B1,elementary|intermediate,elementary|intermediate,cambridge_15_21_random_elementary_intermediate,4,19,random,,175.92360973358154,591.0208129882812,215.92360973358154,614.9583129882812,4,9,hover,167.89999999850988,167.89999999850988,0.9599660370430809,0.8769097566604614,106,,,,,,2026-07-06T21:59:09.647Z,QGFAEPFN,2026-07-06,2026-07-06,18:59:09,2026-07-06 18:59:09,,,,,,,,697a707b5bc42b2987347880,697a707b5bc42b2987347880,,,,
30850,raw_position_sample,2,2,int,18,3,17,18,53, the ,619,211,4389036.5,697a707b5bc42b2987347880,697a707b5bc42b2987347880,intermediate,3,697a707b5bc42b2987347880,697a707b5bc42b2987347880,spotlight_PROLIFIC,,30,Brasil,Português Brasil ,"Português Brasil, inglês ",inglês,Português Brasil:80|English:10|inglês:10,100,Português Brasil:80|English:10|inglês:10,100,Português Brasil:100|English:0|inglês:0,100,17,5,Bachelor's,10,10,10,5,6,8,12,28,28,28,Duolingo,90,,,,,16,25,B1,elementary|intermediate,elementary|intermediate,cambridge_15_21_random_elementary_intermediate,4,19,random,,185.25694274902344,614.9583129882812,206.59027671813965,644.687479019165,4,10,,,,,,,,,,,,2026-07-06T21:59:09.647Z,QGFAEPFN,2026-07-06,2026-07-06,18:59:09,2026-07-06 18:59:09,,,,,,,,697a707b5bc42b2987347880,697a707b5bc42b2987347880,,,,
30895,raw_position_sample,2,2,int,18,3,17,18,53, the ,628,211,4389081.599999998,697a707b5bc42b2987347880,697a707b5bc42b2987347880,intermediate,3,697a707b5bc42b2987347880,697a707b5bc42b2987347880,spotlight_PROLIFIC,,30,Brasil,Português Brasil ,"Português Brasil, inglês ",inglês,Português Brasil:80|English:10|inglês:10,100,Português Brasil:80|English:10|inglês:10,100,Português Brasil:100|English:0|inglês:0,100,17,5,Bachelor's,10,10,10,5,6,8,12,28,28,28,Duolingo,90,,,,,16,25,B1,elementary|intermediate,elementary|intermediate,cambridge_15_21_random_elementary_intermediate,4,19,random,,185.25694274902344,614.9583129882812,206.59027671813965,644.687479019165,4,10,,,,,,,,,,,,2026-07-06T21:59:09.647Z,QGFAEPFN,2026-07-06,2026-07-06,18:59:09,2026-07-06 18:59:09,,,,,,,,697a707b5bc42b2987347880,697a707b5bc42b2987347880,,,,
30945,raw_position_sample,2,2,int,18,3,17,18,53, the ,640,211,4389131.199999999,697a707b5bc42b2987347880,697a707b5bc42b2987347880,intermediate,3,697a707b5bc42b2987347880,697a707b5bc42b2987347880,spotlight_PROLIFIC,,30,Brasil,Português Brasil ,"Português Brasil, inglês ",inglês,Português Brasil:80|English:10|inglês:10,100,Português Brasil:80|English:10|inglês:10,100,Português Brasil:100|English:0|inglês:0,100,17,5,Bachelor's,10,10,10,5,6,8,12,28,28,28,Duolingo,90,,,,,16,25,B1,elementary|intermediate,elementary|intermediate,cambridge_15_21_random_elementary_intermediate,4,19,random,,185.25694274902344,614.9583129882812,206.59027671813965,644.687479019165,4,10,,,,,,,,,,,,2026-07-06T21:59:09.647Z,QGFAEPFN,2026-07-06,2026-07-06,18:59:09,2026-07-06 18:59:09,,,,,,,,697a707b5bc42b2987347880,697a707b5bc42b2987347880,,,,
30968,hover_association,2,2,int,18,3,17,18,53, the ,615,211,,697a707b5bc42b2987347880,697a707b5bc42b2987347880,intermediate,3,697a707b5bc42b2987347880,697a707b5bc42b2987347880,spotlight_PROLIFIC,,30,Brasil,Português Brasil ,"Português Brasil, inglês ",inglês,Português Brasil:80|English:10|inglês:10,100,Português Brasil:80|English:10|inglês:10,100,Português Brasil:100|English:0|inglês:0,100,17,5,Bachelor's,10,10,10,5,6,8,12,28,28,28,Duolingo,90,,,,,16,25,B1,elementary|intermediate,elementary|intermediate,cambridge_15_21_random_elementary_intermediate,4,19,random,,175.92360973358154,614.9583129882812,215.92360973358154,644.6874895095825,4,10,hover,148.90000000223517,148.90000000223517,0.9432379329991393,0.8769097566604614,106,,,,,,2026-07-06T21:59:09.647Z,QGFAEPFN,2026-07-06,2026-07-06,18:59:09,2026-07-06 18:59:09,,,,,,,,697a707b5bc42b2987347880,697a707b5bc42b2987347880,,,,
30995,raw_position_sample,2,2,int,18,3,17,18,54, big ,649,211,4389181.199999999,697a707b5bc42b2987347880,697a707b5bc42b2987347880,intermediate,3,697a707b5bc42b2987347880,697a707b5bc42b2987347880,spotlight_PROLIFIC,,30,Brasil,Português Brasil ,"Português Brasil, inglês ",inglês,Português Brasil:80|English:10|inglês:10,100,Português Brasil:80|English:10|inglês:10,100,Português Brasil:100|English:0|inglês:0,100,17,5,Bachelor's,10,10,10,5,6,8,12,28,28,28,Duolingo,90,,,,,16,25,B1,elementary|intermediate,elementary|intermediate,cambridge_15_21_random_elementary_intermediate,4,19,random,,185.25694274902344,644.6875,206.59027671813965,673.6041660308838,4,11,,,,,,,,,,,,2026-07-06T21:59:09.647Z,QGFAEPFN,2026-07-06,2026-07-06,18:59:09,2026-07-06 18:59:09,,,,,,,,697a707b5bc42b2987347880,697a707b5bc42b2987347880,,,,
31045,raw_position_sample,2,2,int,18,3,17,18,54, big ,662,211,4389231,697a707b5bc42b2987347880,697a707b5bc42b2987347880,intermediate,3,697a707b5bc42b2987347880,697a707b5bc42b2987347880,spotlight_PROLIFIC,,30,Brasil,Português Brasil ,"Português Brasil, inglês ",inglês,Português Brasil:80|English:10|inglês:10,100,Português Brasil:80|English:10|inglês:10,100,Português Brasil:100|English:0|inglês:0,100,17,5,Bachelor's,10,10,10,5,6,8,12,28,28,28,Duolingo,90,,,,,16,25,B1,elementary|intermediate,elementary|intermediate,cambridge_15_21_random_elementary_intermediate,4,19,random,,185.25694274902344,644.6875,206.59027671813965,673.6041660308838,4,11,,,,,,,,,,,,2026-07-06T21:59:09.647Z,QGFAEPFN,2026-07-06,2026-07-06,18:59:09,2026-07-06 18:59:09,,,,,,,,697a707b5bc42b2987347880,697a707b5bc42b2987347880,,,,
31097,raw_position_sample,2,2,int,18,3,17,18,54, big ,670,211,4389283.5,697a707b5bc42b2987347880,697a707b5bc42b2987347880,intermediate,3,697a707b5bc42b2987347880,697a707b5bc42b2987347880,spotlight_PROLIFIC,,30,Brasil,Português Brasil ,"Português Brasil, inglês ",inglês,Português Brasil:80|English:10|inglês:10,100,Português Brasil:80|English:10|inglês:10,100,Português Brasil:100|English:0|inglês:0,100,17,5,Bachelor's,10,10,10,5,6,8,12,28,28,28,Duolingo,90,,,,,16,25,B1,elementary|intermediate,elementary|intermediate,cambridge_15_21_random_elementary_intermediate,4,19,random,,185.25694274902344,644.6875,206.59027671813965,673.6041660308838,4,11,,,,,,,,,,,,2026-07-06T21:59:09.647Z,QGFAEPFN,2026-07-06,2026-07-06,18:59:09,2026-07-06 18:59:09,,,,,,,,697a707b5bc42b2987347880,697a707b5bc42b2987347880,,,,
31136,hover_association,2,2,int,18,3,17,18,54, big ,647,211,,697a707b5bc42b2987347880,697a707b5bc42b2987347880,intermediate,3,697a707b5bc42b2987347880,697a707b5bc42b2987347880,spotlight_PROLIFIC,,30,Brasil,Português Brasil ,"Português Brasil, inglês ",inglês,Português Brasil:80|English:10|inglês:10,100,Português Brasil:80|English:10|inglês:10,100,Português Brasil:100|English:0|inglês:0,100,17,5,Bachelor's,10,10,10,5,6,8,12,28,28,28,Duolingo,90,,,,,16,25,B1,elementary|intermediate,elementary|intermediate,cambridge_15_21_random_elementary_intermediate,4,19,random,,175.92360973358154,644.6874895095825,215.92360973358154,673.6041765213013,4,11,hover,168.09999999776483,168.09999999776483,0.9791063021480843,0.8769097566604614,106,,,,,,2026-07-06T21:59:09.647Z,QGFAEPFN,2026-07-06,2026-07-06,18:59:09,2026-07-06 18:59:09,,,,,,,,697a707b5bc42b2987347880,697a707b5bc42b2987347880,,,,
31148,raw_position_sample,2,2,int,18,3,17,18,55, cats ,677,211,4389333.8999999985,697a707b5bc42b2987347880,697a707b5bc42b2987347880,intermediate,3,697a707b5bc42b2987347880,697a707b5bc42b2987347880,spotlight_PROLIFIC,,30,Brasil,Português Brasil ,"Português Brasil, inglês ",inglês,Português Brasil:80|English:10|inglês:10,100,Português Brasil:80|English:10|inglês:10,100,Português Brasil:100|English:0|inglês:0,100,17,5,Bachelor's,10,10,10,5,6,8,12,28,28,28,Duolingo,90,,,,,16,25,B1,elementary|intermediate,elementary|intermediate,cambridge_15_21_random_elementary_intermediate,4,19,random,,185.25694274902344,673.6041870117188,206.59027671813965,712.3402976989746,4,12,,,,,,,,,,,,2026-07-06T21:59:09.647Z,QGFAEPFN,2026-07-06,2026-07-06,18:59:09,2026-07-06 18:59:09,,,,,,,,697a707b5bc42b2987347880,697a707b5bc42b2987347880,,,,
31195,raw_position_sample,2,2,int,18,3,17,18,55, cats ,686,211,4389381.299999997,697a707b5bc42b2987347880,697a707b5bc42b2987347880,intermediate,3,697a707b5bc42b2987347880,697a707b5bc42b2987347880,spotlight_PROLIFIC,,30,Brasil,Português Brasil ,"Português Brasil, inglês ",inglês,Português Brasil:80|English:10|inglês:10,100,Português Brasil:80|English:10|inglês:10,100,Português Brasil:100|English:0|inglês:0,100,17,5,Bachelor's,10,10,10,5,6,8,12,28,28,28,Duolingo,90,,,,,16,25,B1,elementary|intermediate,elementary|intermediate,cambridge_15_21_random_elementary_intermediate,4,19,random,,185.25694274902344,673.6041870117188,206.59027671813965,712.3402976989746,4,12,,,,,,,,,,,,2026-07-06T21:59:09.647Z,QGFAEPFN,2026-07-06,2026-07-06,18:59:09,2026-07-06 18:59:09,,,,,,,,697a707b5bc42b2987347880,697a707b5bc42b2987347880,,,,
31245,raw_position_sample,2,2,int,18,3,17,18,55, cats ,695,211,4389431.599999998,697a707b5bc42b2987347880,697a707b5bc42b2987347880,intermediate,3,697a707b5bc42b2987347880,697a707b5bc42b2987347880,spotlight_PROLIFIC,,30,Brasil,Português Brasil ,"Português Brasil, inglês ",inglês,Português Brasil:80|English:10|inglês:10,100,Português Brasil:80|English:10|inglês:10,100,Português Brasil:100|English:0|inglês:0,100,17,5,Bachelor's,10,10,10,5,6,8,12,28,28,28,Duolingo,90,,,,,16,25,B1,elementary|intermediate,elementary|intermediate,cambridge_15_21_random_elementary_intermediate,4,19,random,,185.25694274902344,673.6041870117188,206.59027671813965,712.3402976989746,4,12,,,,,,,,,,,,2026-07-06T21:59:09.647Z,QGFAEPFN,2026-07-06,2026-07-06,18:59:09,2026-07-06 18:59:09,,,,,,,,697a707b5bc42b2987347880,697a707b5bc42b2987347880,,,,
31290,hover_association,2,2,int,18,3,17,18,55, cats ,677,211,,697a707b5bc42b2987347880,697a707b5bc42b2987347880,intermediate,3,697a707b5bc42b2987347880,697a707b5bc42b2987347880,spotlight_PROLIFIC,,30,Brasil,Português Brasil ,"Português Brasil, inglês ",inglês,Português Brasil:80|English:10|inglês:10,100,Português Brasil:80|English:10|inglês:10,100,Português Brasil:100|English:0|inglês:0,100,17,5,Bachelor's,10,10,10,5,6,8,12,28,28,28,Duolingo,90,,,,,16,25,B1,elementary|intermediate,elementary|intermediate,cambridge_15_21_random_elementary_intermediate,4,19,random,,175.92360973358154,673.6041765213013,215.92360973358154,712.3402843475342,4,12,hover,155,155,0.7846896651323868,0.8769097566604614,106,,,,,,2026-07-06T21:59:09.647Z,QGFAEPFN,2026-07-06,2026-07-06,18:59:09,2026-07-06 18:59:09,,,,,,,,697a707b5bc42b2987347880,697a707b5bc42b2987347880,,,,
31303,raw_position_sample,2,2,int,18,3,17,18,56, have ,714,211,4389488.799999997,697a707b5bc42b2987347880,697a707b5bc42b2987347880,intermediate,3,697a707b5bc42b2987347880,697a707b5bc42b2987347880,spotlight_PROLIFIC,,30,Brasil,Português Brasil ,"Português Brasil, inglês ",inglês,Português Brasil:80|English:10|inglês:10,100,Português Brasil:80|English:10|inglês:10,100,Português Brasil:100|English:0|inglês:0,100,17,5,Bachelor's,10,10,10,5,6,8,12,28,28,28,Duolingo,90,,,,,16,25,B1,elementary|intermediate,elementary|intermediate,cambridge_15_21_random_elementary_intermediate,4,19,random,,185.25694274902344,712.3402709960938,206.59027671813965,754.4236030578613,4,13,,,,,,,,,,,,2026-07-06T21:59:09.647Z,QGFAEPFN,2026-07-06,2026-07-06,18:59:09,2026-07-06 18:59:09,,,,,,,,697a707b5bc42b2987347880,697a707b5bc42b2987347880,,,,
31345,raw_position_sample,2,2,int,18,3,17,18,56, have ,721,211,4389531.3999999985,697a707b5bc42b2987347880,697a707b5bc42b2987347880,intermediate,3,697a707b5bc42b2987347880,697a707b5bc42b2987347880,spotlight_PROLIFIC,,30,Brasil,Português Brasil ,"Português Brasil, inglês ",inglês,Português Brasil:80|English:10|inglês:10,100,Português Brasil:80|English:10|inglês:10,100,Português Brasil:100|English:0|inglês:0,100,17,5,Bachelor's,10,10,10,5,6,8,12,28,28,28,Duolingo,90,,,,,16,25,B1,elementary|intermediate,elementary|intermediate,cambridge_15_21_random_elementary_intermediate,4,19,random,,185.25694274902344,712.3402709960938,206.59027671813965,754.4236030578613,4,13,,,,,,,,,,,,2026-07-06T21:59:09.647Z,QGFAEPFN,2026-07-06,2026-07-06,18:59:09,2026-07-06 18:59:09,,,,,,,,697a707b5bc42b2987347880,697a707b5bc42b2987347880,,,,
31403,raw_position_sample,2,2,int,18,3,17,18,56, have ,728,211,4389589,697a707b5bc42b2987347880,697a707b5bc42b2987347880,intermediate,3,697a707b5bc42b2987347880,697a707b5bc42b2987347880,spotlight_PROLIFIC,,30,Brasil,Português Brasil ,"Português Brasil, inglês ",inglês,Português Brasil:80|English:10|inglês:10,100,Português Brasil:80|English:10|inglês:10,100,Português Brasil:100|English:0|inglês:0,100,17,5,Bachelor's,10,10,10,5,6,8,12,28,28,28,Duolingo,90,,,,,16,25,B1,elementary|intermediate,elementary|intermediate,cambridge_15_21_random_elementary_intermediate,4,19,random,,185.25694274902344,712.3402709960938,206.59027671813965,754.4236030578613,4,13,,,,,,,,,,,,2026-07-06T21:59:09.647Z,QGFAEPFN,2026-07-06,2026-07-06,18:59:09,2026-07-06 18:59:09,,,,,,,,697a707b5bc42b2987347880,697a707b5bc42b2987347880,,,,
31445,raw_position_sample,2,2,int,18,3,17,18,56, have ,735,211,4389631.199999999,697a707b5bc42b2987347880,697a707b5bc42b2987347880,intermediate,3,697a707b5bc42b2987347880,697a707b5bc42b2987347880,spotlight_PROLIFIC,,30,Brasil,Português Brasil ,"Português Brasil, inglês ",inglês,Português Brasil:80|English:10|inglês:10,100,Português Brasil:80|English:10|inglês:10,100,Português Brasil:100|English:0|inglês:0,100,17,5,Bachelor's,10,10,10,5,6,8,12,28,28,28,Duolingo,90,,,,,16,25,B1,elementary|intermediate,elementary|intermediate,cambridge_15_21_random_elementary_intermediate,4,19,random,,185.25694274902344,712.3402709960938,206.59027671813965,754.4236030578613,4,13,,,,,,,,,,,,2026-07-06T21:59:09.647Z,QGFAEPFN,2026-07-06,2026-07-06,18:59:09,2026-07-06 18:59:09,,,,,,,,697a707b5bc42b2987347880,697a707b5bc42b2987347880,,,,
31499,raw_position_sample,2,2,int,18,3,17,18,56, have ,744,211,4389685.199999999,697a707b5bc42b2987347880,697a707b5bc42b2987347880,intermediate,3,697a707b5bc42b2987347880,697a707b5bc42b2987347880,spotlight_PROLIFIC,,30,Brasil,Português Brasil ,"Português Brasil, inglês ",inglês,Português Brasil:80|English:10|inglês:10,100,Português Brasil:80|English:10|inglês:10,100,Português Brasil:100|English:0|inglês:0,100,17,5,Bachelor's,10,10,10,5,6,8,12,28,28,28,Duolingo,90,,,,,16,25,B1,elementary|intermediate,elementary|intermediate,cambridge_15_21_random_elementary_intermediate,4,19,random,,185.25694274902344,712.3402709960938,206.59027671813965,754.4236030578613,4,13,,,,,,,,,,,,2026-07-06T21:59:09.647Z,QGFAEPFN,2026-07-06,2026-07-06,18:59:09,2026-07-06 18:59:09,,,,,,,,697a707b5bc42b2987347880,697a707b5bc42b2987347880,,,,
31545,raw_position_sample,2,2,int,18,3,17,18,56, have ,754,211,4389731.3999999985,697a707b5bc42b2987347880,697a707b5bc42b2987347880,intermediate,3,697a707b5bc42b2987347880,697a707b5bc42b2987347880,spotlight_PROLIFIC,,30,Brasil,Português Brasil ,"Português Brasil, inglês ",inglês,Português Brasil:80|English:10|inglês:10,100,Português Brasil:80|English:10|inglês:10,100,Português Brasil:100|English:0|inglês:0,100,17,5,Bachelor's,10,10,10,5,6,8,12,28,28,28,Duolingo,90,,,,,16,25,B1,elementary|intermediate,elementary|intermediate,cambridge_15_21_random_elementary_intermediate,4,19,random,,185.25694274902344,712.3402709960938,206.59027671813965,754.4236030578613,4,13,,,,,,,,,,,,2026-07-06T21:59:09.647Z,QGFAEPFN,2026-07-06,2026-07-06,18:59:09,2026-07-06 18:59:09,,,,,,,,697a707b5bc42b2987347880,697a707b5bc42b2987347880,,,,
31552,hover_association,2,2,int,18,3,17,18,56, have ,714,211,,697a707b5bc42b2987347880,697a707b5bc42b2987347880,intermediate,3,697a707b5bc42b2987347880,697a707b5bc42b2987347880,spotlight_PROLIFIC,,30,Brasil,Português Brasil ,"Português Brasil, inglês ",inglês,Português Brasil:80|English:10|inglês:10,100,Português Brasil:80|English:10|inglês:10,100,Português Brasil:100|English:0|inglês:0,100,17,5,Bachelor's,10,10,10,5,6,8,12,28,28,28,Duolingo,90,,,,,16,25,B1,elementary|intermediate,elementary|intermediate,cambridge_15_21_random_elementary_intermediate,4,19,random,,175.92360973358154,712.3402843475342,215.92360973358154,754.4236240386963,4,13,hover,261.80000000074506,261.80000000074506,0.9899336877299866,0.8769097566604614,106,,,,,,2026-07-06T21:59:09.647Z,QGFAEPFN,2026-07-06,2026-07-06,18:59:09,2026-07-06 18:59:09,,,,,,,,697a707b5bc42b2987347880,697a707b5bc42b2987347880,,,,
31595,raw_position_sample,2,2,int,18,3,17,18,57, enough ,763,211,4389781,697a707b5bc42b2987347880,697a707b5bc42b2987347880,intermediate,3,697a707b5bc42b2987347880,697a707b5bc42b2987347880,spotlight_PROLIFIC,,30,Brasil,Português Brasil ,"Português Brasil, inglês ",inglês,Português Brasil:80|English:10|inglês:10,100,Português Brasil:80|English:10|inglês:10,100,Português Brasil:100|English:0|inglês:0,100,17,5,Bachelor's,10,10,10,5,6,8,12,28,28,28,Duolingo,90,,,,,16,25,B1,elementary|intermediate,elementary|intermediate,cambridge_15_21_random_elementary_intermediate,4,19,random,,185.25694274902344,754.4236450195312,206.59027671813965,818.4375381469727,4,14,,,,,,,,,,,,2026-07-06T21:59:09.647Z,QGFAEPFN,2026-07-06,2026-07-06,18:59:09,2026-07-06 18:59:09,,,,,,,,697a707b5bc42b2987347880,697a707b5bc42b2987347880,,,,
31648,raw_position_sample,2,2,int,18,3,17,18,57, enough ,774,211,4389834,697a707b5bc42b2987347880,697a707b5bc42b2987347880,intermediate,3,697a707b5bc42b2987347880,697a707b5bc42b2987347880,spotlight_PROLIFIC,,30,Brasil,Português Brasil ,"Português Brasil, inglês ",inglês,Português Brasil:80|English:10|inglês:10,100,Português Brasil:80|English:10|inglês:10,100,Português Brasil:100|English:0|inglês:0,100,17,5,Bachelor's,10,10,10,5,6,8,12,28,28,28,Duolingo,90,,,,,16,25,B1,elementary|intermediate,elementary|intermediate,cambridge_15_21_random_elementary_intermediate,4,19,random,,185.25694274902344,754.4236450195312,206.59027671813965,818.4375381469727,4,14,,,,,,,,,,,,2026-07-06T21:59:09.647Z,QGFAEPFN,2026-07-06,2026-07-06,18:59:09,2026-07-06 18:59:09,,,,,,,,697a707b5bc42b2987347880,697a707b5bc42b2987347880,,,,
31695,raw_position_sample,2,2,int,18,3,17,18,57, enough ,786,211,4389881.299999997,697a707b5bc42b2987347880,697a707b5bc42b2987347880,intermediate,3,697a707b5bc42b2987347880,697a707b5bc42b2987347880,spotlight_PROLIFIC,,30,Brasil,Português Brasil ,"Português Brasil, inglês ",inglês,Português Brasil:80|English:10|inglês:10,100,Português Brasil:80|English:10|inglês:10,100,Português Brasil:100|English:0|inglês:0,100,17,5,Bachelor's,10,10,10,5,6,8,12,28,28,28,Duolingo,90,,,,,16,25,B1,elementary|intermediate,elementary|intermediate,cambridge_15_21_random_elementary_intermediate,4,19,random,,185.25694274902344,754.4236450195312,206.59027671813965,818.4375381469727,4,14,,,,,,,,,,,,2026-07-06T21:59:09.647Z,QGFAEPFN,2026-07-06,2026-07-06,18:59:09,2026-07-06 18:59:09,,,,,,,,697a707b5bc42b2987347880,697a707b5bc42b2987347880,,,,
31745,raw_position_sample,2,2,int,18,3,17,18,57, enough ,801,211,4389931.299999997,697a707b5bc42b2987347880,697a707b5bc42b2987347880,intermediate,3,697a707b5bc42b2987347880,697a707b5bc42b2987347880,spotlight_PROLIFIC,,30,Brasil,Português Brasil ,"Português Brasil, inglês ",inglês,Português Brasil:80|English:10|inglês:10,100,Português Brasil:80|English:10|inglês:10,100,Português Brasil:100|English:0|inglês:0,100,17,5,Bachelor's,10,10,10,5,6,8,12,28,28,28,Duolingo,90,,,,,16,25,B1,elementary|intermediate,elementary|intermediate,cambridge_15_21_random_elementary_intermediate,4,19,random,,185.25694274902344,754.4236450195312,206.59027671813965,818.4375381469727,4,14,,,,,,,,,,,,2026-07-06T21:59:09.647Z,QGFAEPFN,2026-07-06,2026-07-06,18:59:09,2026-07-06 18:59:09,,,,,,,,697a707b5bc42b2987347880,697a707b5bc42b2987347880,,,,
31795,raw_position_sample,2,2,int,18,3,17,18,57, enough ,817,212,4389981.599999998,697a707b5bc42b2987347880,697a707b5bc42b2987347880,intermediate,3,697a707b5bc42b2987347880,697a707b5bc42b2987347880,spotlight_PROLIFIC,,30,Brasil,Português Brasil ,"Português Brasil, inglês ",inglês,Português Brasil:80|English:10|inglês:10,100,Português Brasil:80|English:10|inglês:10,100,Português Brasil:100|English:0|inglês:0,100,17,5,Bachelor's,10,10,10,5,6,8,12,28,28,28,Duolingo,90,,,,,16,25,B1,elementary|intermediate,elementary|intermediate,cambridge_15_21_random_elementary_intermediate,4,19,random,,185.25694274902344,754.4236450195312,206.59027671813965,818.4375381469727,4,14,,,,,,,,,,,,2026-07-06T21:59:09.647Z,QGFAEPFN,2026-07-06,2026-07-06,18:59:09,2026-07-06 18:59:09,,,,,,,,697a707b5bc42b2987347880,697a707b5bc42b2987347880,,,,
31803,hover_association,2,2,int,18,3,17,18,57, enough ,757,211,,697a707b5bc42b2987347880,697a707b5bc42b2987347880,intermediate,3,697a707b5bc42b2987347880,697a707b5bc42b2987347880,spotlight_PROLIFIC,,30,Brasil,Português Brasil ,"Português Brasil, inglês ",inglês,Português Brasil:80|English:10|inglês:10,100,Português Brasil:80|English:10|inglês:10,100,Português Brasil:100|English:0|inglês:0,100,17,5,Bachelor's,10,10,10,5,6,8,12,28,28,28,Duolingo,90,,,,,16,25,B1,elementary|intermediate,elementary|intermediate,cambridge_15_21_random_elementary_intermediate,4,19,random,,175.92360973358154,754.4236240386963,215.92360973358154,818.4375190734863,4,14,hover,250,250,0.977543639975273,0.9019097566604615,106,,,,,,2026-07-06T21:59:09.647Z,QGFAEPFN,2026-07-06,2026-07-06,18:59:09,2026-07-06 18:59:09,,,,,,,,697a707b5bc42b2987347880,697a707b5bc42b2987347880,,,,
31849,raw_position_sample,2,2,int,18,3,17,18,58, space ,825,212,4390034.8999999985,697a707b5bc42b2987347880,697a707b5bc42b2987347880,intermediate,3,697a707b5bc42b2987347880,697a707b5bc42b2987347880,spotlight_PROLIFIC,,30,Brasil,Português Brasil ,"Português Brasil, inglês ",inglês,Português Brasil:80|English:10|inglês:10,100,Português Brasil:80|English:10|inglês:10,100,Português Brasil:100|English:0|inglês:0,100,17,5,Bachelor's,10,10,10,5,6,8,12,28,28,28,Duolingo,90,,,,,16,25,B1,elementary|intermediate,elementary|intermediate,cambridge_15_21_random_elementary_intermediate,4,19,random,,185.25694274902344,818.4375,206.59027671813965,870.8819465637207,4,15,,,,,,,,,,,,2026-07-06T21:59:09.647Z,QGFAEPFN,2026-07-06,2026-07-06,18:59:09,2026-07-06 18:59:09,,,,,,,,697a707b5bc42b2987347880,697a707b5bc42b2987347880,,,,
31901,raw_position_sample,2,2,int,18,3,17,18,58, space ,828,212,4390086.8999999985,697a707b5bc42b2987347880,697a707b5bc42b2987347880,intermediate,3,697a707b5bc42b2987347880,697a707b5bc42b2987347880,spotlight_PROLIFIC,,30,Brasil,Português Brasil ,"Português Brasil, inglês ",inglês,Português Brasil:80|English:10|inglês:10,100,Português Brasil:80|English:10|inglês:10,100,Português Brasil:100|English:0|inglês:0,100,17,5,Bachelor's,10,10,10,5,6,8,12,28,28,28,Duolingo,90,,,,,16,25,B1,elementary|intermediate,elementary|intermediate,cambridge_15_21_random_elementary_intermediate,4,19,random,,185.25694274902344,818.4375,206.59027671813965,870.8819465637207,4,15,,,,,,,,,,,,2026-07-06T21:59:09.647Z,QGFAEPFN,2026-07-06,2026-07-06,18:59:09,2026-07-06 18:59:09,,,,,,,,697a707b5bc42b2987347880,697a707b5bc42b2987347880,,,,
31945,raw_position_sample,2,2,int,18,3,17,18,58, space ,833,212,4390131.299999997,697a707b5bc42b2987347880,697a707b5bc42b2987347880,intermediate,3,697a707b5bc42b2987347880,697a707b5bc42b2987347880,spotlight_PROLIFIC,,30,Brasil,Português Brasil ,"Português Brasil, inglês ",inglês,Português Brasil:80|English:10|inglês:10,100,Português Brasil:80|English:10|inglês:10,100,Português Brasil:100|English:0|inglês:0,100,17,5,Bachelor's,10,10,10,5,6,8,12,28,28,28,Duolingo,90,,,,,16,25,B1,elementary|intermediate,elementary|intermediate,cambridge_15_21_random_elementary_intermediate,4,19,random,,185.25694274902344,818.4375,206.59027671813965,870.8819465637207,4,15,,,,,,,,,,,,2026-07-06T21:59:09.647Z,QGFAEPFN,2026-07-06,2026-07-06,18:59:09,2026-07-06 18:59:09,,,,,,,,697a707b5bc42b2987347880,697a707b5bc42b2987347880,,,,
31997,raw_position_sample,2,2,int,18,3,17,18,58, space ,833,212,4390182.8999999985,697a707b5bc42b2987347880,697a707b5bc42b2987347880,intermediate,3,697a707b5bc42b2987347880,697a707b5bc42b2987347880,spotlight_PROLIFIC,,30,Brasil,Português Brasil ,"Português Brasil, inglês ",inglês,Português Brasil:80|English:10|inglês:10,100,Português Brasil:80|English:10|inglês:10,100,Português Brasil:100|English:0|inglês:0,100,17,5,Bachelor's,10,10,10,5,6,8,12,28,28,28,Duolingo,90,,,,,16,25,B1,elementary|intermediate,elementary|intermediate,cambridge_15_21_random_elementary_intermediate,4,19,random,,185.25694274902344,818.4375,206.59027671813965,870.8819465637207,4,15,,,,,,,,,,,,2026-07-06T21:59:09.647Z,QGFAEPFN,2026-07-06,2026-07-06,18:59:09,2026-07-06 18:59:09,,,,,,,,697a707b5bc42b2987347880,697a707b5bc42b2987347880,,,,
32048,raw_position_sample,2,2,int,18,3,17,18,58, space ,836,212,4390234.299999997,697a707b5bc42b2987347880,697a707b5bc42b2987347880,intermediate,3,697a707b5bc42b2987347880,697a707b5bc42b2987347880,spotlight_PROLIFIC,,30,Brasil,Português Brasil ,"Português Brasil, inglês ",inglês,Português Brasil:80|English:10|inglês:10,100,Português Brasil:80|English:10|inglês:10,100,Português Brasil:100|English:0|inglês:0,100,17,5,Bachelor's,10,10,10,5,6,8,12,28,28,28,Duolingo,90,,,,,16,25,B1,elementary|intermediate,elementary|intermediate,cambridge_15_21_random_elementary_intermediate,4,19,random,,185.25694274902344,818.4375,206.59027671813965,870.8819465637207,4,15,,,,,,,,,,,,2026-07-06T21:59:09.647Z,QGFAEPFN,2026-07-06,2026-07-06,18:59:09,2026-07-06 18:59:09,,,,,,,,697a707b5bc42b2987347880,697a707b5bc42b2987347880,,,,
32095,raw_position_sample,2,2,int,18,3,17,18,58, space ,842,210,4390281.299999997,697a707b5bc42b2987347880,697a707b5bc42b2987347880,intermediate,3,697a707b5bc42b2987347880,697a707b5bc42b2987347880,spotlight_PROLIFIC,,30,Brasil,Português Brasil ,"Português Brasil, inglês ",inglês,Português Brasil:80|English:10|inglês:10,100,Português Brasil:80|English:10|inglês:10,100,Português Brasil:100|English:0|inglês:0,100,17,5,Bachelor's,10,10,10,5,6,8,12,28,28,28,Duolingo,90,,,,,16,25,B1,elementary|intermediate,elementary|intermediate,cambridge_15_21_random_elementary_intermediate,4,19,random,,185.25694274902344,818.4375,206.59027671813965,870.8819465637207,4,15,,,,,,,,,,,,2026-07-06T21:59:09.647Z,QGFAEPFN,2026-07-06,2026-07-06,18:59:09,2026-07-06 18:59:09,,,,,,,,697a707b5bc42b2987347880,697a707b5bc42b2987347880,,,,
32151,raw_position_sample,2,2,int,18,3,17,18,58, space ,853,209,4390337,697a707b5bc42b2987347880,697a707b5bc42b2987347880,intermediate,3,697a707b5bc42b2987347880,697a707b5bc42b2987347880,spotlight_PROLIFIC,,30,Brasil,Português Brasil ,"Português Brasil, inglês ",inglês,Português Brasil:80|English:10|inglês:10,100,Português Brasil:80|English:10|inglês:10,100,Português Brasil:100|English:0|inglês:0,100,17,5,Bachelor's,10,10,10,5,6,8,12,28,28,28,Duolingo,90,,,,,16,25,B1,elementary|intermediate,elementary|intermediate,cambridge_15_21_random_elementary_intermediate,4,19,random,,185.25694274902344,818.4375,206.59027671813965,870.8819465637207,4,15,,,,,,,,,,,,2026-07-06T21:59:09.647Z,QGFAEPFN,2026-07-06,2026-07-06,18:59:09,2026-07-06 18:59:09,,,,,,,,697a707b5bc42b2987347880,697a707b5bc42b2987347880,,,,
32196,raw_position_sample,2,2,int,18,3,17,18,58, space ,854,209,4390381.799999997,697a707b5bc42b2987347880,697a707b5bc42b2987347880,intermediate,3,697a707b5bc42b2987347880,697a707b5bc42b2987347880,spotlight_PROLIFIC,,30,Brasil,Português Brasil ,"Português Brasil, inglês ",inglês,Português Brasil:80|English:10|inglês:10,100,Português Brasil:80|English:10|inglês:10,100,Português Brasil:100|English:0|inglês:0,100,17,5,Bachelor's,10,10,10,5,6,8,12,28,28,28,Duolingo,90,,,,,16,25,B1,elementary|intermediate,elementary|intermediate,cambridge_15_21_random_elementary_intermediate,4,19,random,,185.25694274902344,818.4375,206.59027671813965,870.8819465637207,4,15,,,,,,,,,,,,2026-07-06T21:59:09.647Z,QGFAEPFN,2026-07-06,2026-07-06,18:59:09,2026-07-06 18:59:09,,,,,,,,697a707b5bc42b2987347880,697a707b5bc42b2987347880,,,,
32247,raw_position_sample,2,2,int,18,3,17,18,58, space ,854,209,4390433.5,697a707b5bc42b2987347880,697a707b5bc42b2987347880,intermediate,3,697a707b5bc42b2987347880,697a707b5bc42b2987347880,spotlight_PROLIFIC,,30,Brasil,Português Brasil ,"Português Brasil, inglês ",inglês,Português Brasil:80|English:10|inglês:10,100,Português Brasil:80|English:10|inglês:10,100,Português Brasil:100|English:0|inglês:0,100,17,5,Bachelor's,10,10,10,5,6,8,12,28,28,28,Duolingo,90,,,,,16,25,B1,elementary|intermediate,elementary|intermediate,cambridge_15_21_random_elementary_intermediate,4,19,random,,185.25694274902344,818.4375,206.59027671813965,870.8819465637207,4,15,,,,,,,,,,,,2026-07-06T21:59:09.647Z,QGFAEPFN,2026-07-06,2026-07-06,18:59:09,2026-07-06 18:59:09,,,,,,,,697a707b5bc42b2987347880,697a707b5bc42b2987347880,,,,
32299,raw_position_sample,2,2,int,18,3,17,18,58, space ,856,209,4390485,697a707b5bc42b2987347880,697a707b5bc42b2987347880,intermediate,3,697a707b5bc42b2987347880,697a707b5bc42b2987347880,spotlight_PROLIFIC,,30,Brasil,Português Brasil ,"Português Brasil, inglês ",inglês,Português Brasil:80|English:10|inglês:10,100,Português Brasil:80|English:10|inglês:10,100,Português Brasil:100|English:0|inglês:0,100,17,5,Bachelor's,10,10,10,5,6,8,12,28,28,28,Duolingo,90,,,,,16,25,B1,elementary|intermediate,elementary|intermediate,cambridge_15_21_random_elementary_intermediate,4,19,random,,185.25694274902344,818.4375,206.59027671813965,870.8819465637207,4,15,,,,,,,,,,,,2026-07-06T21:59:09.647Z,QGFAEPFN,2026-07-06,2026-07-06,18:59:09,2026-07-06 18:59:09,,,,,,,,697a707b5bc42b2987347880,697a707b5bc42b2987347880,,,,
32348,raw_position_sample,2,2,int,18,3,17,18,58, space ,865,208,4390534.699999999,697a707b5bc42b2987347880,697a707b5bc42b2987347880,intermediate,3,697a707b5bc42b2987347880,697a707b5bc42b2987347880,spotlight_PROLIFIC,,30,Brasil,Português Brasil ,"Português Brasil, inglês ",inglês,Português Brasil:80|English:10|inglês:10,100,Português Brasil:80|English:10|inglês:10,100,Português Brasil:100|English:0|inglês:0,100,17,5,Bachelor's,10,10,10,5,6,8,12,28,28,28,Duolingo,90,,,,,16,25,B1,elementary|intermediate,elementary|intermediate,cambridge_15_21_random_elementary_intermediate,4,19,random,,185.25694274902344,818.4375,206.59027671813965,870.8819465637207,4,15,,,,,,,,,,,,2026-07-06T21:59:09.647Z,QGFAEPFN,2026-07-06,2026-07-06,18:59:09,2026-07-06 18:59:09,,,,,,,,697a707b5bc42b2987347880,697a707b5bc42b2987347880,,,,
32396,raw_position_sample,2,2,int,18,3,17,18,58, space ,865,208,4390582,697a707b5bc42b2987347880,697a707b5bc42b2987347880,intermediate,3,697a707b5bc42b2987347880,697a707b5bc42b2987347880,spotlight_PROLIFIC,,30,Brasil,Português Brasil ,"Português Brasil, inglês ",inglês,Português Brasil:80|English:10|inglês:10,100,Português Brasil:80|English:10|inglês:10,100,Português Brasil:100|English:0|inglês:0,100,17,5,Bachelor's,10,10,10,5,6,8,12,28,28,28,Duolingo,90,,,,,16,25,B1,elementary|intermediate,elementary|intermediate,cambridge_15_21_random_elementary_intermediate,4,19,random,,185.25694274902344,818.4375,206.59027671813965,870.8819465637207,4,15,,,,,,,,,,,,2026-07-06T21:59:09.647Z,QGFAEPFN,2026-07-06,2026-07-06,18:59:09,2026-07-06 18:59:09,,,,,,,,697a707b5bc42b2987347880,697a707b5bc42b2987347880,,,,
32450,raw_position_sample,2,2,int,18,3,17,18,58, space ,865,208,4390635.799999997,697a707b5bc42b2987347880,697a707b5bc42b2987347880,intermediate,3,697a707b5bc42b2987347880,697a707b5bc42b2987347880,spotlight_PROLIFIC,,30,Brasil,Português Brasil ,"Português Brasil, inglês ",inglês,Português Brasil:80|English:10|inglês:10,100,Português Brasil:80|English:10|inglês:10,100,Português Brasil:100|English:0|inglês:0,100,17,5,Bachelor's,10,10,10,5,6,8,12,28,28,28,Duolingo,90,,,,,16,25,B1,elementary|intermediate,elementary|intermediate,cambridge_15_21_random_elementary_intermediate,4,19,random,,185.25694274902344,818.4375,206.59027671813965,870.8819465637207,4,15,,,,,,,,,,,,2026-07-06T21:59:09.647Z,QGFAEPFN,2026-07-06,2026-07-06,18:59:09,2026-07-06 18:59:09,,,,,,,,697a707b5bc42b2987347880,697a707b5bc42b2987347880,,,,
32499,raw_position_sample,2,2,int,18,3,17,18,58, space ,865,208,4390685.5,697a707b5bc42b2987347880,697a707b5bc42b2987347880,intermediate,3,697a707b5bc42b2987347880,697a707b5bc42b2987347880,spotlight_PROLIFIC,,30,Brasil,Português Brasil ,"Português Brasil, inglês ",inglês,Português Brasil:80|English:10|inglês:10,100,Português Brasil:80|English:10|inglês:10,100,Português Brasil:100|English:0|inglês:0,100,17,5,Bachelor's,10,10,10,5,6,8,12,28,28,28,Duolingo,90,,,,,16,25,B1,elementary|intermediate,elementary|intermediate,cambridge_15_21_random_elementary_intermediate,4,19,random,,185.25694274902344,818.4375,206.59027671813965,870.8819465637207,4,15,,,,,,,,,,,,2026-07-06T21:59:09.647Z,QGFAEPFN,2026-07-06,2026-07-06,18:59:09,2026-07-06 18:59:09,,,,,,,,697a707b5bc42b2987347880,697a707b5bc42b2987347880,,,,
32549,raw_position_sample,2,2,int,18,3,17,18,58, space ,865,208,4390735.3999999985,697a707b5bc42b2987347880,697a707b5bc42b2987347880,intermediate,3,697a707b5bc42b2987347880,697a707b5bc42b2987347880,spotlight_PROLIFIC,,30,Brasil,Português Brasil ,"Português Brasil, inglês ",inglês,Português Brasil:80|English:10|inglês:10,100,Português Brasil:80|English:10|inglês:10,100,Português Brasil:100|English:0|inglês:0,100,17,5,Bachelor's,10,10,10,5,6,8,12,28,28,28,Duolingo,90,,,,,16,25,B1,elementary|intermediate,elementary|intermediate,cambridge_15_21_random_elementary_intermediate,4,19,random,,185.25694274902344,818.4375,206.59027671813965,870.8819465637207,4,15,,,,,,,,,,,,2026-07-06T21:59:09.647Z,QGFAEPFN,2026-07-06,2026-07-06,18:59:09,2026-07-06 18:59:09,,,,,,,,697a707b5bc42b2987347880,697a707b5bc42b2987347880,,,,
32598,raw_position_sample,2,2,int,18,3,17,18,58, space ,865,208,4390784,697a707b5bc42b2987347880,697a707b5bc42b2987347880,intermediate,3,697a707b5bc42b2987347880,697a707b5bc42b2987347880,spotlight_PROLIFIC,,30,Brasil,Português Brasil ,"Português Brasil, inglês ",inglês,Português Brasil:80|English:10|inglês:10,100,Português Brasil:80|English:10|inglês:10,100,Português Brasil:100|English:0|inglês:0,100,17,5,Bachelor's,10,10,10,5,6,8,12,28,28,28,Duolingo,90,,,,,16,25,B1,elementary|intermediate,elementary|intermediate,cambridge_15_21_random_elementary_intermediate,4,19,random,,185.25694274902344,818.4375,206.59027671813965,870.8819465637207,4,15,,,,,,,,,,,,2026-07-06T21:59:09.647Z,QGFAEPFN,2026-07-06,2026-07-06,18:59:09,2026-07-06 18:59:09,,,,,,,,697a707b5bc42b2987347880,697a707b5bc42b2987347880,,,,
32645,raw_position_sample,2,2,int,18,3,17,18,58, space ,854,214,4390831.299999997,697a707b5bc42b2987347880,697a707b5bc42b2987347880,intermediate,3,697a707b5bc42b2987347880,697a707b5bc42b2987347880,spotlight_PROLIFIC,,30,Brasil,Português Brasil ,"Português Brasil, inglês ",inglês,Português Brasil:80|English:10|inglês:10,100,Português Brasil:80|English:10|inglês:10,100,Português Brasil:100|English:0|inglês:0,100,17,5,Bachelor's,10,10,10,5,6,8,12,28,28,28,Duolingo,90,,,,,16,25,B1,elementary|intermediate,elementary|intermediate,cambridge_15_21_random_elementary_intermediate,4,19,random,,185.25694274902344,818.4375,206.59027671813965,870.8819465637207,4,15,,,,,,,,,,,,2026-07-06T21:59:09.647Z,QGFAEPFN,2026-07-06,2026-07-06,18:59:09,2026-07-06 18:59:09,,,,,,,,697a707b5bc42b2987347880,697a707b5bc42b2987347880,,,,
32684,hover_association,2,2,int,18,3,17,18,58, space ,823,212,,697a707b5bc42b2987347880,697a707b5bc42b2987347880,intermediate,3,697a707b5bc42b2987347880,697a707b5bc42b2987347880,spotlight_PROLIFIC,,30,Brasil,Português Brasil ,"Português Brasil, inglês ",inglês,Português Brasil:80|English:10|inglês:10,100,Português Brasil:80|English:10|inglês:10,100,Português Brasil:100|English:0|inglês:0,100,17,5,Bachelor's,10,10,10,5,6,8,12,28,28,28,Duolingo,90,,,,,16,25,B1,elementary|intermediate,elementary|intermediate,cambridge_15_21_random_elementary_intermediate,4,19,random,,175.92360973358154,818.4375190734863,215.92360973358154,870.8819522857666,4,15,hover,881.9000000022352,881.9000000022352,0.44928469016224076,0.9769097566604614,106,,,,,,2026-07-06T21:59:09.647Z,QGFAEPFN,2026-07-06,2026-07-06,18:59:09,2026-07-06 18:59:09,,,,,,,,697a707b5bc42b2987347880,697a707b5bc42b2987347880,,,,
32695,raw_position_sample,2,2,int,18,3,17,18,74," years, ",833,217,4390881.299999997,697a707b5bc42b2987347880,697a707b5bc42b2987347880,intermediate,3,697a707b5bc42b2987347880,697a707b5bc42b2987347880,spotlight_PROLIFIC,,30,Brasil,Português Brasil ,"Português Brasil, inglês ",inglês,Português Brasil:80|English:10|inglês:10,100,Português Brasil:80|English:10|inglês:10,100,Português Brasil:100|English:0|inglês:0,100,17,5,Bachelor's,10,10,10,5,6,8,12,28,28,28,Duolingo,90,,,,,16,25,B1,elementary|intermediate,elementary|intermediate,cambridge_15_21_random_elementary_intermediate,4,19,random,,225.25694274902344,785.7847290039062,246.59027671813965,836.7847290039062,5,15,,,,,,,,,,,,2026-07-06T21:59:09.647Z,QGFAEPFN,2026-07-06,2026-07-06,18:59:09,2026-07-06 18:59:09,,,,,,,,697a707b5bc42b2987347880,697a707b5bc42b2987347880,,,,
32745,raw_position_sample,2,2,int,18,3,17,18,74," years, ",814,220,4390931.299999997,697a707b5bc42b2987347880,697a707b5bc42b2987347880,intermediate,3,697a707b5bc42b2987347880,697a707b5bc42b2987347880,spotlight_PROLIFIC,,30,Brasil,Português Brasil ,"Português Brasil, inglês ",inglês,Português Brasil:80|English:10|inglês:10,100,Português Brasil:80|English:10|inglês:10,100,Português Brasil:100|English:0|inglês:0,100,17,5,Bachelor's,10,10,10,5,6,8,12,28,28,28,Duolingo,90,,,,,16,25,B1,elementary|intermediate,elementary|intermediate,cambridge_15_21_random_elementary_intermediate,4,19,random,,225.25694274902344,785.7847290039062,246.59027671813965,836.7847290039062,5,15,,,,,,,,,,,,2026-07-06T21:59:09.647Z,QGFAEPFN,2026-07-06,2026-07-06,18:59:09,2026-07-06 18:59:09,,,,,,,,697a707b5bc42b2987347880,697a707b5bc42b2987347880,,,,
32791,hover_association,2,2,int,18,3,17,18,74," years, ",833,217,,697a707b5bc42b2987347880,697a707b5bc42b2987347880,intermediate,3,697a707b5bc42b2987347880,697a707b5bc42b2987347880,spotlight_PROLIFIC,,30,Brasil,Português Brasil ,"Português Brasil, inglês ",inglês,Português Brasil:80|English:10|inglês:10,100,Português Brasil:80|English:10|inglês:10,100,Português Brasil:100|English:0|inglês:0,100,17,5,Bachelor's,10,10,10,5,6,8,12,28,28,28,Duolingo,90,,,,,16,25,B1,elementary|intermediate,elementary|intermediate,cambridge_15_21_random_elementary_intermediate,4,19,random,,215.92360973358154,785.7847185134888,255.92361736297607,836.7847290039062,5,15,hover,101.79999999701977,101.79999999701977,0.10226040026974392,0.20190971814923894,106,,,,,,2026-07-06T21:59:09.647Z,QGFAEPFN,2026-07-06,2026-07-06,18:59:09,2026-07-06 18:59:09,,,,,,,,697a707b5bc42b2987347880,697a707b5bc42b2987347880,,,,
32809,raw_position_sample,2,2,int,18,3,17,18,73, the ,784,225,4390995.299999997,697a707b5bc42b2987347880,697a707b5bc42b2987347880,intermediate,3,697a707b5bc42b2987347880,697a707b5bc42b2987347880,spotlight_PROLIFIC,,30,Brasil,Português Brasil ,"Português Brasil, inglês ",inglês,Português Brasil:80|English:10|inglês:10,100,Português Brasil:80|English:10|inglês:10,100,Português Brasil:100|English:0|inglês:0,100,17,5,Bachelor's,10,10,10,5,6,8,12,28,28,28,Duolingo,90,,,,,16,25,B1,elementary|intermediate,elementary|intermediate,cambridge_15_21_random_elementary_intermediate,4,19,random,,225.25694274902344,756.0555419921875,246.59027671813965,785.7847080230713,5,14,,,,,,,,,,,,2026-07-06T21:59:09.647Z,QGFAEPFN,2026-07-06,2026-07-06,18:59:09,2026-07-06 18:59:09,,,,,,,,697a707b5bc42b2987347880,697a707b5bc42b2987347880,,,,
32845,raw_position_sample,2,2,int,18,3,17,18,73, the ,763,227,4391031.199999999,697a707b5bc42b2987347880,697a707b5bc42b2987347880,intermediate,3,697a707b5bc42b2987347880,697a707b5bc42b2987347880,spotlight_PROLIFIC,,30,Brasil,Português Brasil ,"Português Brasil, inglês ",inglês,Português Brasil:80|English:10|inglês:10,100,Português Brasil:80|English:10|inglês:10,100,Português Brasil:100|English:0|inglês:0,100,17,5,Bachelor's,10,10,10,5,6,8,12,28,28,28,Duolingo,90,,,,,16,25,B1,elementary|intermediate,elementary|intermediate,cambridge_15_21_random_elementary_intermediate,4,19,random,,225.25694274902344,756.0555419921875,246.59027671813965,785.7847080230713,5,14,,,,,,,,,,,,2026-07-06T21:59:09.647Z,QGFAEPFN,2026-07-06,2026-07-06,18:59:09,2026-07-06 18:59:09,,,,,,,,697a707b5bc42b2987347880,697a707b5bc42b2987347880,,,,
32849,hover_association,2,2,int,18,3,17,18,73, the ,784,225,,697a707b5bc42b2987347880,697a707b5bc42b2987347880,intermediate,3,697a707b5bc42b2987347880,697a707b5bc42b2987347880,spotlight_PROLIFIC,,30,Brasil,Português Brasil ,"Português Brasil, inglês ",inglês,Português Brasil:80|English:10|inglês:10,100,Português Brasil:80|English:10|inglês:10,100,Português Brasil:100|English:0|inglês:0,100,17,5,Bachelor's,10,10,10,5,6,8,12,28,28,28,Duolingo,90,,,,,16,25,B1,elementary|intermediate,elementary|intermediate,cambridge_15_21_random_elementary_intermediate,4,19,random,,215.92360973358154,756.0555553436279,255.92361736297607,785.7847185134888,5,14,hover,63.600000001490116,63.600000001490116,0.23359031724822601,0.27690970384412694,106,,,,,,2026-07-06T21:59:09.647Z,QGFAEPFN,2026-07-06,2026-07-06,18:59:09,2026-07-06 18:59:09,,,,,,,,697a707b5bc42b2987347880,697a707b5bc42b2987347880,,,,
32883,hover_association,2,2,int,18,3,17,18,72, over ,738,229,,697a707b5bc42b2987347880,697a707b5bc42b2987347880,intermediate,3,697a707b5bc42b2987347880,697a707b5bc42b2987347880,spotlight_PROLIFIC,,30,Brasil,Português Brasil ,"Português Brasil, inglês ",inglês,Português Brasil:80|English:10|inglês:10,100,Português Brasil:80|English:10|inglês:10,100,Português Brasil:100|English:0|inglês:0,100,17,5,Bachelor's,10,10,10,5,6,8,12,28,28,28,Duolingo,90,,,,,16,25,B1,elementary|intermediate,elementary|intermediate,cambridge_15_21_random_elementary_intermediate,4,19,random,,215.92360973358154,717.3194618225098,255.92361736297607,756.0555553436279,5,13,hover,33.899999998509884,33.899999998509884,0.17246287816421485,0.3519096895390149,106,,,,,,2026-07-06T21:59:09.647Z,QGFAEPFN,2026-07-06,2026-07-06,18:59:09,2026-07-06 18:59:09,,,,,,,,697a707b5bc42b2987347880,697a707b5bc42b2987347880,,,,
32895,raw_position_sample,2,2,int,18,3,17,18,71, increased ,691,231,4391081.299999997,697a707b5bc42b2987347880,697a707b5bc42b2987347880,intermediate,3,697a707b5bc42b2987347880,697a707b5bc42b2987347880,spotlight_PROLIFIC,,30,Brasil,Português Brasil ,"Português Brasil, inglês ",inglês,Português Brasil:80|English:10|inglês:10,100,Português Brasil:80|English:10|inglês:10,100,Português Brasil:100|English:0|inglês:0,100,17,5,Bachelor's,10,10,10,5,6,8,12,28,28,28,Duolingo,90,,,,,16,25,B1,elementary|intermediate,elementary|intermediate,cambridge_15_21_random_elementary_intermediate,4,19,random,,225.25694274902344,635.1666870117188,246.59027671813965,717.319465637207,5,12,,,,,,,,,,,,2026-07-06T21:59:09.647Z,QGFAEPFN,2026-07-06,2026-07-06,18:59:09,2026-07-06 18:59:09,,,,,,,,697a707b5bc42b2987347880,697a707b5bc42b2987347880,,,,
32934,hover_association,2,2,int,18,3,17,18,71, increased ,691,231,,697a707b5bc42b2987347880,697a707b5bc42b2987347880,intermediate,3,697a707b5bc42b2987347880,697a707b5bc42b2987347880,spotlight_PROLIFIC,,30,Brasil,Português Brasil ,"Português Brasil, inglês ",inglês,Português Brasil:80|English:10|inglês:10,100,Português Brasil:80|English:10|inglês:10,100,Português Brasil:100|English:0|inglês:0,100,17,5,Bachelor's,10,10,10,5,6,8,12,28,28,28,Duolingo,90,,,,,16,25,B1,elementary|intermediate,elementary|intermediate,cambridge_15_21_random_elementary_intermediate,4,19,random,,215.92360973358154,635.1666870117188,255.92361736297607,717.3194618225098,5,12,hover,50.20000000298023,50.20000000298023,0.046660785312606784,0.40190968000227356,106,,,,,,2026-07-06T21:59:09.647Z,QGFAEPFN,2026-07-06,2026-07-06,18:59:09,2026-07-06 18:59:09,,,,,,,,697a707b5bc42b2987347880,697a707b5bc42b2987347880,,,,
32945,raw_position_sample,2,2,int,18,3,17,18,70, has ,622,232,4391131.199999999,697a707b5bc42b2987347880,697a707b5bc42b2987347880,intermediate,3,697a707b5bc42b2987347880,697a707b5bc42b2987347880,spotlight_PROLIFIC,,30,Brasil,Português Brasil ,"Português Brasil, inglês ",inglês,Português Brasil:80|English:10|inglês:10,100,Português Brasil:80|English:10|inglês:10,100,Português Brasil:100|English:0|inglês:0,100,17,5,Bachelor's,10,10,10,5,6,8,12,28,28,28,Duolingo,90,,,,,16,25,B1,elementary|intermediate,elementary|intermediate,cambridge_15_21_random_elementary_intermediate,4,19,random,,225.25694274902344,601.7916870117188,246.59027671813965,635.1666870117188,5,11,,,,,,,,,,,,2026-07-06T21:59:09.647Z,QGFAEPFN,2026-07-06,2026-07-06,18:59:09,2026-07-06 18:59:09,,,,,,,,697a707b5bc42b2987347880,697a707b5bc42b2987347880,,,,
32951,hover_association,2,2,int,18,3,17,18,70, has ,622,232,,697a707b5bc42b2987347880,697a707b5bc42b2987347880,intermediate,3,697a707b5bc42b2987347880,697a707b5bc42b2987347880,spotlight_PROLIFIC,,30,Brasil,Português Brasil ,"Português Brasil, inglês ",inglês,Português Brasil:80|English:10|inglês:10,100,Português Brasil:80|English:10|inglês:10,100,Português Brasil:100|English:0|inglês:0,100,17,5,Bachelor's,10,10,10,5,6,8,12,28,28,28,Duolingo,90,,,,,16,25,B1,elementary|intermediate,elementary|intermediate,cambridge_15_21_random_elementary_intermediate,4,19,random,,215.92360973358154,601.7916946411133,255.92361736297607,635.1666870117188,5,11,hover,17,17,0.6054924338105583,0.40190968000227356,106,,,,,,2026-07-06T21:59:09.647Z,QGFAEPFN,2026-07-06,2026-07-06,18:59:09,2026-07-06 18:59:09,,,,,,,,697a707b5bc42b2987347880,697a707b5bc42b2987347880,,,,
32995,raw_position_sample,2,2,int,18,3,17,18,69, tigers ,570,232,4391181.199999999,697a707b5bc42b2987347880,697a707b5bc42b2987347880,intermediate,3,697a707b5bc42b2987347880,697a707b5bc42b2987347880,spotlight_PROLIFIC,,30,Brasil,Português Brasil ,"Português Brasil, inglês ",inglês,Português Brasil:80|English:10|inglês:10,100,Português Brasil:80|English:10|inglês:10,100,Português Brasil:100|English:0|inglês:0,100,17,5,Bachelor's,10,10,10,5,6,8,12,28,28,28,Duolingo,90,,,,,16,25,B1,elementary|intermediate,elementary|intermediate,cambridge_15_21_random_elementary_intermediate,4,19,random,,225.25694274902344,552.2361450195312,246.59027671813965,601.7917022705078,5,10,,,,,,,,,,,,2026-07-06T21:59:09.647Z,QGFAEPFN,2026-07-06,2026-07-06,18:59:09,2026-07-06 18:59:09,,,,,,,,697a707b5bc42b2987347880,697a707b5bc42b2987347880,,,,
33045,raw_position_sample,2,2,int,18,3,17,18,69, tigers ,558,233,4391231.199999999,697a707b5bc42b2987347880,697a707b5bc42b2987347880,intermediate,3,697a707b5bc42b2987347880,697a707b5bc42b2987347880,spotlight_PROLIFIC,,30,Brasil,Português Brasil ,"Português Brasil, inglês ",inglês,Português Brasil:80|English:10|inglês:10,100,Português Brasil:80|English:10|inglês:10,100,Português Brasil:100|English:0|inglês:0,100,17,5,Bachelor's,10,10,10,5,6,8,12,28,28,28,Duolingo,90,,,,,16,25,B1,elementary|intermediate,elementary|intermediate,cambridge_15_21_random_elementary_intermediate,4,19,random,,225.25694274902344,552.2361450195312,246.59027671813965,601.7917022705078,5,10,,,,,,,,,,,,2026-07-06T21:59:09.647Z,QGFAEPFN,2026-07-06,2026-07-06,18:59:09,2026-07-06 18:59:09,,,,,,,,697a707b5bc42b2987347880,697a707b5bc42b2987347880,,,,
33067,hover_association,2,2,int,18,3,17,18,69, tigers ,593,232,,697a707b5bc42b2987347880,697a707b5bc42b2987347880,intermediate,3,697a707b5bc42b2987347880,697a707b5bc42b2987347880,spotlight_PROLIFIC,,30,Brasil,Português Brasil ,"Português Brasil, inglês ",inglês,Português Brasil:80|English:10|inglês:10,100,Português Brasil:80|English:10|inglês:10,100,Português Brasil:100|English:0|inglês:0,100,17,5,Bachelor's,10,10,10,5,6,8,12,28,28,28,Duolingo,90,,,,,16,25,B1,elementary|intermediate,elementary|intermediate,cambridge_15_21_random_elementary_intermediate,4,19,random,,215.92360973358154,552.2361450195312,255.92361736297607,601.7916946411133,5,10,hover,116.09999999776483,116.09999999776483,0.09613161425605568,0.4269096752339029,106,,,,,,2026-07-06T21:59:09.647Z,QGFAEPFN,2026-07-06,2026-07-06,18:59:09,2026-07-06 18:59:09,,,,,,,,697a707b5bc42b2987347880,697a707b5bc42b2987347880,,,,
33095,raw_position_sample,2,2,int,18,3,17,18,68, of ,550,235,4391281.199999999,697a707b5bc42b2987347880,697a707b5bc42b2987347880,intermediate,3,697a707b5bc42b2987347880,697a707b5bc42b2987347880,spotlight_PROLIFIC,,30,Brasil,Português Brasil ,"Português Brasil, inglês ",inglês,Português Brasil:80|English:10|inglês:10,100,Português Brasil:80|English:10|inglês:10,100,Português Brasil:100|English:0|inglês:0,100,17,5,Bachelor's,10,10,10,5,6,8,12,28,28,28,Duolingo,90,,,,,16,25,B1,elementary|intermediate,elementary|intermediate,cambridge_15_21_random_elementary_intermediate,4,19,random,,225.25694274902344,531.3611450195312,246.59027671813965,552.2361450195312,5,9,,,,,,,,,,,,2026-07-06T21:59:09.647Z,QGFAEPFN,2026-07-06,2026-07-06,18:59:09,2026-07-06 18:59:09,,,,,,,,697a707b5bc42b2987347880,697a707b5bc42b2987347880,,,,
33133,hover_association,2,2,int,18,3,17,18,68, of ,551,235,,697a707b5bc42b2987347880,697a707b5bc42b2987347880,intermediate,3,697a707b5bc42b2987347880,697a707b5bc42b2987347880,spotlight_PROLIFIC,,30,Brasil,Português Brasil ,"Português Brasil, inglês ",inglês,Português Brasil:80|English:10|inglês:10,100,Português Brasil:80|English:10|inglês:10,100,Português Brasil:100|English:0|inglês:0,100,17,5,Bachelor's,10,10,10,5,6,8,12,28,28,28,Duolingo,90,,,,,16,25,B1,elementary|intermediate,elementary|intermediate,cambridge_15_21_random_elementary_intermediate,4,19,random,,215.92360973358154,531.3611335754395,255.92361736297607,552.2361450195312,5,9,hover,66.5,66.5,0.22222102426073034,0.5019096609287909,106,,,,,,2026-07-06T21:59:09.647Z,QGFAEPFN,2026-07-06,2026-07-06,18:59:09,2026-07-06 18:59:09,,,,,,,,697a707b5bc42b2987347880,697a707b5bc42b2987347880,,,,
33145,raw_position_sample,2,2,int,18,3,17,18,67, number ,519,236,4391331.199999999,697a707b5bc42b2987347880,697a707b5bc42b2987347880,intermediate,3,697a707b5bc42b2987347880,697a707b5bc42b2987347880,spotlight_PROLIFIC,,30,Brasil,Português Brasil ,"Português Brasil, inglês ",inglês,Português Brasil:80|English:10|inglês:10,100,Português Brasil:80|English:10|inglês:10,100,Português Brasil:100|English:0|inglês:0,100,17,5,Bachelor's,10,10,10,5,6,8,12,28,28,28,Duolingo,90,,,,,16,25,B1,elementary|intermediate,elementary|intermediate,cambridge_15_21_random_elementary_intermediate,4,19,random,,225.25694274902344,465.5694580078125,246.59027671813965,531.3611221313477,5,8,,,,,,,,,,,,2026-07-06T21:59:09.647Z,QGFAEPFN,2026-07-06,2026-07-06,18:59:09,2026-07-06 18:59:09,,,,,,,,697a707b5bc42b2987347880,697a707b5bc42b2987347880,,,,
33183,hover_association,2,2,int,18,3,17,18,67, number ,519,236,,697a707b5bc42b2987347880,697a707b5bc42b2987347880,intermediate,3,697a707b5bc42b2987347880,697a707b5bc42b2987347880,spotlight_PROLIFIC,,30,Brasil,Português Brasil ,"Português Brasil, inglês ",inglês,Português Brasil:80|English:10|inglês:10,100,Português Brasil:80|English:10|inglês:10,100,Português Brasil:100|English:0|inglês:0,100,17,5,Bachelor's,10,10,10,5,6,8,12,28,28,28,Duolingo,90,,,,,16,25,B1,elementary|intermediate,elementary|intermediate,cambridge_15_21_random_elementary_intermediate,4,19,random,,215.92360973358154,465.569447517395,255.92361736297607,531.3611335754395,5,8,hover,49.600000001490116,49.600000001490116,0.2041375329818411,0.5519096513920495,106,,,,,,2026-07-06T21:59:09.647Z,QGFAEPFN,2026-07-06,2026-07-06,18:59:09,2026-07-06 18:59:09,,,,,,,,697a707b5bc42b2987347880,697a707b5bc42b2987347880,,,,
33195,raw_position_sample,2,2,int,18,3,17,18,66, the ,465,239,4391381.299999997,697a707b5bc42b2987347880,697a707b5bc42b2987347880,intermediate,3,697a707b5bc42b2987347880,697a707b5bc42b2987347880,spotlight_PROLIFIC,,30,Brasil,Português Brasil ,"Português Brasil, inglês ",inglês,Português Brasil:80|English:10|inglês:10,100,Português Brasil:80|English:10|inglês:10,100,Português Brasil:100|English:0|inglês:0,100,17,5,Bachelor's,10,10,10,5,6,8,12,28,28,28,Duolingo,90,,,,,16,25,B1,elementary|intermediate,elementary|intermediate,cambridge_15_21_random_elementary_intermediate,4,19,random,,225.25694274902344,435.84027099609375,246.59027671813965,465.56943702697754,5,7,,,,,,,,,,,,2026-07-06T21:59:09.647Z,QGFAEPFN,2026-07-06,2026-07-06,18:59:09,2026-07-06 18:59:09,,,,,,,,697a707b5bc42b2987347880,697a707b5bc42b2987347880,,,,
33217,hover_association,2,2,int,18,3,17,18,66, the ,465,239,,697a707b5bc42b2987347880,697a707b5bc42b2987347880,intermediate,3,697a707b5bc42b2987347880,697a707b5bc42b2987347880,spotlight_PROLIFIC,,30,Brasil,Português Brasil ,"Português Brasil, inglês ",inglês,Português Brasil:80|English:10|inglês:10,100,Português Brasil:80|English:10|inglês:10,100,Português Brasil:100|English:0|inglês:0,100,17,5,Bachelor's,10,10,10,5,6,8,12,28,28,28,Duolingo,90,,,,,16,25,B1,elementary|intermediate,elementary|intermediate,cambridge_15_21_random_elementary_intermediate,4,19,random,,215.92360973358154,435.84027576446533,255.92361736297607,465.569447517395,5,7,hover,33.80000000074506,33.80000000074506,0.17355761803307548,0.6269096370869375,106,,,,,,2026-07-06T21:59:09.647Z,QGFAEPFN,2026-07-06,2026-07-06,18:59:09,2026-07-06 18:59:09,,,,,,,,697a707b5bc42b2987347880,697a707b5bc42b2987347880,,,,
33245,raw_position_sample,2,2,int,18,3,17,18,65, As ,416,244,4391431.099999998,697a707b5bc42b2987347880,697a707b5bc42b2987347880,intermediate,3,697a707b5bc42b2987347880,697a707b5bc42b2987347880,spotlight_PROLIFIC,,30,Brasil,Português Brasil ,"Português Brasil, inglês ",inglês,Português Brasil:80|English:10|inglês:10,100,Português Brasil:80|English:10|inglês:10,100,Português Brasil:100|English:0|inglês:0,100,17,5,Bachelor's,10,10,10,5,6,8,12,28,28,28,Duolingo,90,,,,,16,25,B1,elementary|intermediate,elementary|intermediate,cambridge_15_21_random_elementary_intermediate,4,19,random,,225.25694274902344,410.4861145019531,246.59027671813965,435.8402805328369,5,6,,,,,,,,,,,,2026-07-06T21:59:09.647Z,QGFAEPFN,2026-07-06,2026-07-06,18:59:09,2026-07-06 18:59:09,,,,,,,,697a707b5bc42b2987347880,697a707b5bc42b2987347880,,,,
33251,hover_association,2,2,int,18,3,17,18,65, As ,431,242,,697a707b5bc42b2987347880,697a707b5bc42b2987347880,intermediate,3,697a707b5bc42b2987347880,697a707b5bc42b2987347880,spotlight_PROLIFIC,,30,Brasil,Português Brasil ,"Português Brasil, inglês ",inglês,Português Brasil:80|English:10|inglês:10,100,Português Brasil:80|English:10|inglês:10,100,Português Brasil:100|English:0|inglês:0,100,17,5,Bachelor's,10,10,10,5,6,8,12,28,28,28,Duolingo,90,,,,,16,25,B1,elementary|intermediate,elementary|intermediate,cambridge_15_21_random_elementary_intermediate,4,19,random,,215.92360973358154,410.48612213134766,255.92361736297607,435.84027576446533,5,6,hover,33.19999999925494,33.19999999925494,0.21747434161833346,0.7019096227818254,106,,,,,,2026-07-06T21:59:09.647Z,QGFAEPFN,2026-07-06,2026-07-06,18:59:09,2026-07-06 18:59:09,,,,,,,,697a707b5bc42b2987347880,697a707b5bc42b2987347880,,,,
33295,raw_position_sample,2,2,int,18,3,17,18,64, eat. ,382,244,4391481.299999997,697a707b5bc42b2987347880,697a707b5bc42b2987347880,intermediate,3,697a707b5bc42b2987347880,697a707b5bc42b2987347880,spotlight_PROLIFIC,,30,Brasil,Português Brasil ,"Português Brasil, inglês ",inglês,Português Brasil:80|English:10|inglês:10,100,Português Brasil:80|English:10|inglês:10,100,Português Brasil:100|English:0|inglês:0,100,17,5,Bachelor's,10,10,10,5,6,8,12,28,28,28,Duolingo,90,,,,,16,25,B1,elementary|intermediate,elementary|intermediate,cambridge_15_21_random_elementary_intermediate,4,19,random,,225.25694274902344,376.2430725097656,246.59027671813965,410.4861297607422,5,5,,,,,,,,,,,,2026-07-06T21:59:09.647Z,QGFAEPFN,2026-07-06,2026-07-06,18:59:09,2026-07-06 18:59:09,,,,,,,,697a707b5bc42b2987347880,697a707b5bc42b2987347880,,,,
33299,hover_association,2,2,int,18,3,17,18,64, eat. ,408,244,,697a707b5bc42b2987347880,697a707b5bc42b2987347880,intermediate,3,697a707b5bc42b2987347880,697a707b5bc42b2987347880,spotlight_PROLIFIC,,30,Brasil,Português Brasil ,"Português Brasil, inglês ",inglês,Português Brasil:80|English:10|inglês:10,100,Português Brasil:80|English:10|inglês:10,100,Português Brasil:100|English:0|inglês:0,100,17,5,Bachelor's,10,10,10,5,6,8,12,28,28,28,Duolingo,90,,,,,16,25,B1,elementary|intermediate,elementary|intermediate,cambridge_15_21_random_elementary_intermediate,4,19,random,,215.92360973358154,376.2430725097656,255.92361736297607,410.48612213134766,5,5,hover,49.5,49.5,0.16811959080320968,0.7019096227818254,106,,,,,,2026-07-06T21:59:09.647Z,QGFAEPFN,2026-07-06,2026-07-06,18:59:09,2026-07-06 18:59:09,,,,,,,,697a707b5bc42b2987347880,697a707b5bc42b2987347880,,,,
33333,hover_association,2,2,int,18,3,17,18,63, to ,364,244,,697a707b5bc42b2987347880,697a707b5bc42b2987347880,intermediate,3,697a707b5bc42b2987347880,697a707b5bc42b2987347880,spotlight_PROLIFIC,,30,Brasil,Português Brasil ,"Português Brasil, inglês ",inglês,Português Brasil:80|English:10|inglês:10,100,Português Brasil:80|English:10|inglês:10,100,Português Brasil:100|English:0|inglês:0,100,17,5,Bachelor's,10,10,10,5,6,8,12,28,28,28,Duolingo,90,,,,,16,25,B1,elementary|intermediate,elementary|intermediate,cambridge_15_21_random_elementary_intermediate,4,19,random,,215.92360973358154,355.868070602417,255.92361736297607,376.2430725097656,5,4,hover,33.80000000074506,33.80000000074506,0.1046345618654439,0.7019096227818254,106,,,,,,2026-07-06T21:59:09.647Z,QGFAEPFN,2026-07-06,2026-07-06,18:59:09,2026-07-06 18:59:09,,,,,,,,697a707b5bc42b2987347880,697a707b5bc42b2987347880,,,,
33347,raw_position_sample,2,2,int,18,3,17,18,62, food ,348,244,4391533,697a707b5bc42b2987347880,697a707b5bc42b2987347880,intermediate,3,697a707b5bc42b2987347880,697a707b5bc42b2987347880,spotlight_PROLIFIC,,30,Brasil,Português Brasil ,"Português Brasil, inglês ",inglês,Português Brasil:80|English:10|inglês:10,100,Português Brasil:80|English:10|inglês:10,100,Português Brasil:100|English:0|inglês:0,100,17,5,Bachelor's,10,10,10,5,6,8,12,28,28,28,Duolingo,90,,,,,16,25,B1,elementary|intermediate,elementary|intermediate,cambridge_15_21_random_elementary_intermediate,4,19,random,,225.25694274902344,314.6319580078125,246.59027671813965,355.86806869506836,5,3,,,,,,,,,,,,2026-07-06T21:59:09.647Z,QGFAEPFN,2026-07-06,2026-07-06,18:59:09,2026-07-06 18:59:09,,,,,,,,697a707b5bc42b2987347880,697a707b5bc42b2987347880,,,,
33395,raw_position_sample,2,2,int,18,3,17,18,62, food ,334,244,4391581.099999998,697a707b5bc42b2987347880,697a707b5bc42b2987347880,intermediate,3,697a707b5bc42b2987347880,697a707b5bc42b2987347880,spotlight_PROLIFIC,,30,Brasil,Português Brasil ,"Português Brasil, inglês ",inglês,Português Brasil:80|English:10|inglês:10,100,Português Brasil:80|English:10|inglês:10,100,Português Brasil:100|English:0|inglês:0,100,17,5,Bachelor's,10,10,10,5,6,8,12,28,28,28,Duolingo,90,,,,,16,25,B1,elementary|intermediate,elementary|intermediate,cambridge_15_21_random_elementary_intermediate,4,19,random,,225.25694274902344,314.6319580078125,246.59027671813965,355.86806869506836,5,3,,,,,,,,,,,,2026-07-06T21:59:09.647Z,QGFAEPFN,2026-07-06,2026-07-06,18:59:09,2026-07-06 18:59:09,,,,,,,,697a707b5bc42b2987347880,697a707b5bc42b2987347880,,,,
33445,raw_position_sample,2,2,int,18,3,17,18,62, food ,327,246,4391631.3999999985,697a707b5bc42b2987347880,697a707b5bc42b2987347880,intermediate,3,697a707b5bc42b2987347880,697a707b5bc42b2987347880,spotlight_PROLIFIC,,30,Brasil,Português Brasil ,"Português Brasil, inglês ",inglês,Português Brasil:80|English:10|inglês:10,100,Português Brasil:80|English:10|inglês:10,100,Português Brasil:100|English:0|inglês:0,100,17,5,Bachelor's,10,10,10,5,6,8,12,28,28,28,Duolingo,90,,,,,16,25,B1,elementary|intermediate,elementary|intermediate,cambridge_15_21_random_elementary_intermediate,4,19,random,,225.25694274902344,314.6319580078125,246.59027671813965,355.86806869506836,5,3,,,,,,,,,,,,2026-07-06T21:59:09.647Z,QGFAEPFN,2026-07-06,2026-07-06,18:59:09,2026-07-06 18:59:09,,,,,,,,697a707b5bc42b2987347880,697a707b5bc42b2987347880,,,,
33467,hover_association,2,2,int,18,3,17,18,62, food ,348,244,,697a707b5bc42b2987347880,697a707b5bc42b2987347880,intermediate,3,697a707b5bc42b2987347880,697a707b5bc42b2987347880,spotlight_PROLIFIC,,30,Brasil,Português Brasil ,"Português Brasil, inglês ",inglês,Português Brasil:80|English:10|inglês:10,100,Português Brasil:80|English:10|inglês:10,100,Português Brasil:100|English:0|inglês:0,100,17,5,Bachelor's,10,10,10,5,6,8,12,28,28,28,Duolingo,90,,,,,16,25,B1,elementary|intermediate,elementary|intermediate,cambridge_15_21_random_elementary_intermediate,4,19,random,,215.92360973358154,314.6319522857666,255.92361736297607,355.868070602417,5,3,hover,134,134,0.1786794687524775,0.7269096180134548,106,,,,,,2026-07-06T21:59:09.647Z,QGFAEPFN,2026-07-06,2026-07-06,18:59:09,2026-07-06 18:59:09,,,,,,,,697a707b5bc42b2987347880,697a707b5bc42b2987347880,,,,
33495,raw_position_sample,2,2,int,18,3,17,18,61, and ,306,242,4391680.8999999985,697a707b5bc42b2987347880,697a707b5bc42b2987347880,intermediate,3,697a707b5bc42b2987347880,697a707b5bc42b2987347880,spotlight_PROLIFIC,,30,Brasil,Português Brasil ,"Português Brasil, inglês ",inglês,Português Brasil:80|English:10|inglês:10,100,Português Brasil:80|English:10|inglês:10,100,Português Brasil:100|English:0|inglês:0,100,17,5,Bachelor's,10,10,10,5,6,8,12,28,28,28,Duolingo,90,,,,,16,25,B1,elementary|intermediate,elementary|intermediate,cambridge_15_21_random_elementary_intermediate,4,19,random,,225.25694274902344,280.3611145019531,246.59027671813965,314.6319465637207,5,2,,,,,,,,,,,,2026-07-06T21:59:09.647Z,QGFAEPFN,2026-07-06,2026-07-06,18:59:09,2026-07-06 18:59:09,,,,,,,,697a707b5bc42b2987347880,697a707b5bc42b2987347880,,,,
33546,raw_position_sample,2,2,int,18,3,17,18,61, and ,284,242,4391732.599999998,697a707b5bc42b2987347880,697a707b5bc42b2987347880,intermediate,3,697a707b5bc42b2987347880,697a707b5bc42b2987347880,spotlight_PROLIFIC,,30,Brasil,Português Brasil ,"Português Brasil, inglês ",inglês,Português Brasil:80|English:10|inglês:10,100,Português Brasil:80|English:10|inglês:10,100,Português Brasil:100|English:0|inglês:0,100,17,5,Bachelor's,10,10,10,5,6,8,12,28,28,28,Duolingo,90,,,,,16,25,B1,elementary|intermediate,elementary|intermediate,cambridge_15_21_random_elementary_intermediate,4,19,random,,225.25694274902344,280.3611145019531,246.59027671813965,314.6319465637207,5,2,,,,,,,,,,,,2026-07-06T21:59:09.647Z,QGFAEPFN,2026-07-06,2026-07-06,18:59:09,2026-07-06 18:59:09,,,,,,,,697a707b5bc42b2987347880,697a707b5bc42b2987347880,,,,
33551,hover_association,2,2,int,18,3,17,18,61, and ,311,243,,697a707b5bc42b2987347880,697a707b5bc42b2987347880,intermediate,3,697a707b5bc42b2987347880,697a707b5bc42b2987347880,spotlight_PROLIFIC,,30,Brasil,Português Brasil ,"Português Brasil, inglês ",inglês,Português Brasil:80|English:10|inglês:10,100,Português Brasil:80|English:10|inglês:10,100,Português Brasil:100|English:0|inglês:0,100,17,5,Bachelor's,10,10,10,5,6,8,12,28,28,28,Duolingo,90,,,,,16,25,B1,elementary|intermediate,elementary|intermediate,cambridge_15_21_random_elementary_intermediate,4,19,random,,215.92360973358154,280.3611145019531,255.92361736297607,314.6319522857666,5,2,hover,83.59999999776483,83.59999999776483,0.10618023174693336,0.6519096323185668,106,,,,,,2026-07-06T21:59:09.647Z,QGFAEPFN,2026-07-06,2026-07-06,18:59:09,2026-07-06 18:59:09,,,,,,,,697a707b5bc42b2987347880,697a707b5bc42b2987347880,,,,
33595,raw_position_sample,2,2,int,18,3,17,18,60, roam ,274,242,4391781.5,697a707b5bc42b2987347880,697a707b5bc42b2987347880,intermediate,3,697a707b5bc42b2987347880,697a707b5bc42b2987347880,spotlight_PROLIFIC,,30,Brasil,Português Brasil ,"Português Brasil, inglês ",inglês,Português Brasil:80|English:10|inglês:10,100,Português Brasil:80|English:10|inglês:10,100,Português Brasil:100|English:0|inglês:0,100,17,5,Bachelor's,10,10,10,5,6,8,12,28,28,28,Duolingo,90,,,,,16,25,B1,elementary|intermediate,elementary|intermediate,cambridge_15_21_random_elementary_intermediate,4,19,random,,225.25694274902344,234.18055725097656,246.59027671813965,280.3611145019531,5,1,,,,,,,,,,,,2026-07-06T21:59:09.647Z,QGFAEPFN,2026-07-06,2026-07-06,18:59:09,2026-07-06 18:59:09,,,,,,,,697a707b5bc42b2987347880,697a707b5bc42b2987347880,,,,
33647,raw_position_sample,2,2,int,18,3,17,18,60, roam ,274,242,4391832.8999999985,697a707b5bc42b2987347880,697a707b5bc42b2987347880,intermediate,3,697a707b5bc42b2987347880,697a707b5bc42b2987347880,spotlight_PROLIFIC,,30,Brasil,Português Brasil ,"Português Brasil, inglês ",inglês,Português Brasil:80|English:10|inglês:10,100,Português Brasil:80|English:10|inglês:10,100,Português Brasil:100|English:0|inglês:0,100,17,5,Bachelor's,10,10,10,5,6,8,12,28,28,28,Duolingo,90,,,,,16,25,B1,elementary|intermediate,elementary|intermediate,cambridge_15_21_random_elementary_intermediate,4,19,random,,225.25694274902344,234.18055725097656,246.59027671813965,280.3611145019531,5,1,,,,,,,,,,,,2026-07-06T21:59:09.647Z,QGFAEPFN,2026-07-06,2026-07-06,18:59:09,2026-07-06 18:59:09,,,,,,,,697a707b5bc42b2987347880,697a707b5bc42b2987347880,,,,
33703,raw_position_sample,2,2,int,18,3,17,18,60, roam ,268,244,4391889.3999999985,697a707b5bc42b2987347880,697a707b5bc42b2987347880,intermediate,3,697a707b5bc42b2987347880,697a707b5bc42b2987347880,spotlight_PROLIFIC,,30,Brasil,Português Brasil ,"Português Brasil, inglês ",inglês,Português Brasil:80|English:10|inglês:10,100,Português Brasil:80|English:10|inglês:10,100,Português Brasil:100|English:0|inglês:0,100,17,5,Bachelor's,10,10,10,5,6,8,12,28,28,28,Duolingo,90,,,,,16,25,B1,elementary|intermediate,elementary|intermediate,cambridge_15_21_random_elementary_intermediate,4,19,random,,225.25694274902344,234.18055725097656,246.59027671813965,280.3611145019531,5,1,,,,,,,,,,,,2026-07-06T21:59:09.647Z,QGFAEPFN,2026-07-06,2026-07-06,18:59:09,2026-07-06 18:59:09,,,,,,,,697a707b5bc42b2987347880,697a707b5bc42b2987347880,,,,
33746,raw_position_sample,2,2,int,18,3,17,18,60, roam ,268,244,4391931.799999997,697a707b5bc42b2987347880,697a707b5bc42b2987347880,intermediate,3,697a707b5bc42b2987347880,697a707b5bc42b2987347880,spotlight_PROLIFIC,,30,Brasil,Português Brasil ,"Português Brasil, inglês ",inglês,Português Brasil:80|English:10|inglês:10,100,Português Brasil:80|English:10|inglês:10,100,Português Brasil:100|English:0|inglês:0,100,17,5,Bachelor's,10,10,10,5,6,8,12,28,28,28,Duolingo,90,,,,,16,25,B1,elementary|intermediate,elementary|intermediate,cambridge_15_21_random_elementary_intermediate,4,19,random,,225.25694274902344,234.18055725097656,246.59027671813965,280.3611145019531,5,1,,,,,,,,,,,,2026-07-06T21:59:09.647Z,QGFAEPFN,2026-07-06,2026-07-06,18:59:09,2026-07-06 18:59:09,,,,,,,,697a707b5bc42b2987347880,697a707b5bc42b2987347880,,,,
33795,raw_position_sample,2,2,int,18,3,17,18,60, roam ,261,242,4391981.3999999985,697a707b5bc42b2987347880,697a707b5bc42b2987347880,intermediate,3,697a707b5bc42b2987347880,697a707b5bc42b2987347880,spotlight_PROLIFIC,,30,Brasil,Português Brasil ,"Português Brasil, inglês ",inglês,Português Brasil:80|English:10|inglês:10,100,Português Brasil:80|English:10|inglês:10,100,Português Brasil:100|English:0|inglês:0,100,17,5,Bachelor's,10,10,10,5,6,8,12,28,28,28,Duolingo,90,,,,,16,25,B1,elementary|intermediate,elementary|intermediate,cambridge_15_21_random_elementary_intermediate,4,19,random,,225.25694274902344,234.18055725097656,246.59027671813965,280.3611145019531,5,1,,,,,,,,,,,,2026-07-06T21:59:09.647Z,QGFAEPFN,2026-07-06,2026-07-06,18:59:09,2026-07-06 18:59:09,,,,,,,,697a707b5bc42b2987347880,697a707b5bc42b2987347880,,,,
33845,raw_position_sample,2,2,int,18,3,17,18,60, roam ,253,240,4392031.199999999,697a707b5bc42b2987347880,697a707b5bc42b2987347880,intermediate,3,697a707b5bc42b2987347880,697a707b5bc42b2987347880,spotlight_PROLIFIC,,30,Brasil,Português Brasil ,"Português Brasil, inglês ",inglês,Português Brasil:80|English:10|inglês:10,100,Português Brasil:80|English:10|inglês:10,100,Português Brasil:100|English:0|inglês:0,100,17,5,Bachelor's,10,10,10,5,6,8,12,28,28,28,Duolingo,90,,,,,16,25,B1,elementary|intermediate,elementary|intermediate,cambridge_15_21_random_elementary_intermediate,4,19,random,,225.25694274902344,234.18055725097656,246.59027671813965,280.3611145019531,5,1,,,,,,,,,,,,2026-07-06T21:59:09.647Z,QGFAEPFN,2026-07-06,2026-07-06,18:59:09,2026-07-06 18:59:09,,,,,,,,697a707b5bc42b2987347880,697a707b5bc42b2987347880,,,,
33897,raw_position_sample,2,2,int,18,3,17,18,60, roam ,246,240,4392083.5,697a707b5bc42b2987347880,697a707b5bc42b2987347880,intermediate,3,697a707b5bc42b2987347880,697a707b5bc42b2987347880,spotlight_PROLIFIC,,30,Brasil,Português Brasil ,"Português Brasil, inglês ",inglês,Português Brasil:80|English:10|inglês:10,100,Português Brasil:80|English:10|inglês:10,100,Português Brasil:100|English:0|inglês:0,100,17,5,Bachelor's,10,10,10,5,6,8,12,28,28,28,Duolingo,90,,,,,16,25,B1,elementary|intermediate,elementary|intermediate,cambridge_15_21_random_elementary_intermediate,4,19,random,,225.25694274902344,234.18055725097656,246.59027671813965,280.3611145019531,5,1,,,,,,,,,,,,2026-07-06T21:59:09.647Z,QGFAEPFN,2026-07-06,2026-07-06,18:59:09,2026-07-06 18:59:09,,,,,,,,697a707b5bc42b2987347880,697a707b5bc42b2987347880,,,,
33946,raw_position_sample,2,2,int,18,3,17,18,60, roam ,240,240,4392131.8999999985,697a707b5bc42b2987347880,697a707b5bc42b2987347880,intermediate,3,697a707b5bc42b2987347880,697a707b5bc42b2987347880,spotlight_PROLIFIC,,30,Brasil,Português Brasil ,"Português Brasil, inglês ",inglês,Português Brasil:80|English:10|inglês:10,100,Português Brasil:80|English:10|inglês:10,100,Português Brasil:100|English:0|inglês:0,100,17,5,Bachelor's,10,10,10,5,6,8,12,28,28,28,Duolingo,90,,,,,16,25,B1,elementary|intermediate,elementary|intermediate,cambridge_15_21_random_elementary_intermediate,4,19,random,,225.25694274902344,234.18055725097656,246.59027671813965,280.3611145019531,5,1,,,,,,,,,,,,2026-07-06T21:59:09.647Z,QGFAEPFN,2026-07-06,2026-07-06,18:59:09,2026-07-06 18:59:09,,,,,,,,697a707b5bc42b2987347880,697a707b5bc42b2987347880,,,,
33998,raw_position_sample,2,2,int,18,3,17,18,60, roam ,240,240,4392183.8999999985,697a707b5bc42b2987347880,697a707b5bc42b2987347880,intermediate,3,697a707b5bc42b2987347880,697a707b5bc42b2987347880,spotlight_PROLIFIC,,30,Brasil,Português Brasil ,"Português Brasil, inglês ",inglês,Português Brasil:80|English:10|inglês:10,100,Português Brasil:80|English:10|inglês:10,100,Português Brasil:100|English:0|inglês:0,100,17,5,Bachelor's,10,10,10,5,6,8,12,28,28,28,Duolingo,90,,,,,16,25,B1,elementary|intermediate,elementary|intermediate,cambridge_15_21_random_elementary_intermediate,4,19,random,,225.25694274902344,234.18055725097656,246.59027671813965,280.3611145019531,5,1,,,,,,,,,,,,2026-07-06T21:59:09.647Z,QGFAEPFN,2026-07-06,2026-07-06,18:59:09,2026-07-06 18:59:09,,,,,,,,697a707b5bc42b2987347880,697a707b5bc42b2987347880,,,,
34049,raw_position_sample,2,2,int,18,3,17,18,60, roam ,240,240,4392235.099999998,697a707b5bc42b2987347880,697a707b5bc42b2987347880,intermediate,3,697a707b5bc42b2987347880,697a707b5bc42b2987347880,spotlight_PROLIFIC,,30,Brasil,Português Brasil ,"Português Brasil, inglês ",inglês,Português Brasil:80|English:10|inglês:10,100,Português Brasil:80|English:10|inglês:10,100,Português Brasil:100|English:0|inglês:0,100,17,5,Bachelor's,10,10,10,5,6,8,12,28,28,28,Duolingo,90,,,,,16,25,B1,elementary|intermediate,elementary|intermediate,cambridge_15_21_random_elementary_intermediate,4,19,random,,225.25694274902344,234.18055725097656,246.59027671813965,280.3611145019531,5,1,,,,,,,,,,,,2026-07-06T21:59:09.647Z,QGFAEPFN,2026-07-06,2026-07-06,18:59:09,2026-07-06 18:59:09,,,,,,,,697a707b5bc42b2987347880,697a707b5bc42b2987347880,,,,
34099,raw_position_sample,2,2,int,18,3,17,18,60, roam ,240,240,4392285.5,697a707b5bc42b2987347880,697a707b5bc42b2987347880,intermediate,3,697a707b5bc42b2987347880,697a707b5bc42b2987347880,spotlight_PROLIFIC,,30,Brasil,Português Brasil ,"Português Brasil, inglês ",inglês,Português Brasil:80|English:10|inglês:10,100,Português Brasil:80|English:10|inglês:10,100,Português Brasil:100|English:0|inglês:0,100,17,5,Bachelor's,10,10,10,5,6,8,12,28,28,28,Duolingo,90,,,,,16,25,B1,elementary|intermediate,elementary|intermediate,cambridge_15_21_random_elementary_intermediate,4,19,random,,225.25694274902344,234.18055725097656,246.59027671813965,280.3611145019531,5,1,,,,,,,,,,,,2026-07-06T21:59:09.647Z,QGFAEPFN,2026-07-06,2026-07-06,18:59:09,2026-07-06 18:59:09,,,,,,,,697a707b5bc42b2987347880,697a707b5bc42b2987347880,,,,
34160,raw_position_sample,2,2,int,18,3,17,18,60, roam ,239,240,4392345.799999997,697a707b5bc42b2987347880,697a707b5bc42b2987347880,intermediate,3,697a707b5bc42b2987347880,697a707b5bc42b2987347880,spotlight_PROLIFIC,,30,Brasil,Português Brasil ,"Português Brasil, inglês ",inglês,Português Brasil:80|English:10|inglês:10,100,Português Brasil:80|English:10|inglês:10,100,Português Brasil:100|English:0|inglês:0,100,17,5,Bachelor's,10,10,10,5,6,8,12,28,28,28,Duolingo,90,,,,,16,25,B1,elementary|intermediate,elementary|intermediate,cambridge_15_21_random_elementary_intermediate,4,19,random,,225.25694274902344,234.18055725097656,246.59027671813965,280.3611145019531,5,1,,,,,,,,,,,,2026-07-06T21:59:09.647Z,QGFAEPFN,2026-07-06,2026-07-06,18:59:09,2026-07-06 18:59:09,,,,,,,,697a707b5bc42b2987347880,697a707b5bc42b2987347880,,,,
34196,raw_position_sample,2,2,int,18,3,17,18,60, roam ,239,240,4392382.199999999,697a707b5bc42b2987347880,697a707b5bc42b2987347880,intermediate,3,697a707b5bc42b2987347880,697a707b5bc42b2987347880,spotlight_PROLIFIC,,30,Brasil,Português Brasil ,"Português Brasil, inglês ",inglês,Português Brasil:80|English:10|inglês:10,100,Português Brasil:80|English:10|inglês:10,100,Português Brasil:100|English:0|inglês:0,100,17,5,Bachelor's,10,10,10,5,6,8,12,28,28,28,Duolingo,90,,,,,16,25,B1,elementary|intermediate,elementary|intermediate,cambridge_15_21_random_elementary_intermediate,4,19,random,,225.25694274902344,234.18055725097656,246.59027671813965,280.3611145019531,5,1,,,,,,,,,,,,2026-07-06T21:59:09.647Z,QGFAEPFN,2026-07-06,2026-07-06,18:59:09,2026-07-06 18:59:09,,,,,,,,697a707b5bc42b2987347880,697a707b5bc42b2987347880,,,,
34246,raw_position_sample,2,2,int,18,3,17,18,60, roam ,239,240,4392432.099999998,697a707b5bc42b2987347880,697a707b5bc42b2987347880,intermediate,3,697a707b5bc42b2987347880,697a707b5bc42b2987347880,spotlight_PROLIFIC,,30,Brasil,Português Brasil ,"Português Brasil, inglês ",inglês,Português Brasil:80|English:10|inglês:10,100,Português Brasil:80|English:10|inglês:10,100,Português Brasil:100|English:0|inglês:0,100,17,5,Bachelor's,10,10,10,5,6,8,12,28,28,28,Duolingo,90,,,,,16,25,B1,elementary|intermediate,elementary|intermediate,cambridge_15_21_random_elementary_intermediate,4,19,random,,225.25694274902344,234.18055725097656,246.59027671813965,280.3611145019531,5,1,,,,,,,,,,,,2026-07-06T21:59:09.647Z,QGFAEPFN,2026-07-06,2026-07-06,18:59:09,2026-07-06 18:59:09,,,,,,,,697a707b5bc42b2987347880,697a707b5bc42b2987347880,,,,
34297,raw_position_sample,2,2,int,18,3,17,18,60, roam ,239,240,4392483.3999999985,697a707b5bc42b2987347880,697a707b5bc42b2987347880,intermediate,3,697a707b5bc42b2987347880,697a707b5bc42b2987347880,spotlight_PROLIFIC,,30,Brasil,Português Brasil ,"Português Brasil, inglês ",inglês,Português Brasil:80|English:10|inglês:10,100,Português Brasil:80|English:10|inglês:10,100,Português Brasil:100|English:0|inglês:0,100,17,5,Bachelor's,10,10,10,5,6,8,12,28,28,28,Duolingo,90,,,,,16,25,B1,elementary|intermediate,elementary|intermediate,cambridge_15_21_random_elementary_intermediate,4,19,random,,225.25694274902344,234.18055725097656,246.59027671813965,280.3611145019531,5,1,,,,,,,,,,,,2026-07-06T21:59:09.647Z,QGFAEPFN,2026-07-06,2026-07-06,18:59:09,2026-07-06 18:59:09,,,,,,,,697a707b5bc42b2987347880,697a707b5bc42b2987347880,,,,
34348,raw_position_sample,2,2,int,18,3,17,18,60, roam ,239,240,4392534.299999997,697a707b5bc42b2987347880,697a707b5bc42b2987347880,intermediate,3,697a707b5bc42b2987347880,697a707b5bc42b2987347880,spotlight_PROLIFIC,,30,Brasil,Português Brasil ,"Português Brasil, inglês ",inglês,Português Brasil:80|English:10|inglês:10,100,Português Brasil:80|English:10|inglês:10,100,Português Brasil:100|English:0|inglês:0,100,17,5,Bachelor's,10,10,10,5,6,8,12,28,28,28,Duolingo,90,,,,,16,25,B1,elementary|intermediate,elementary|intermediate,cambridge_15_21_random_elementary_intermediate,4,19,random,,225.25694274902344,234.18055725097656,246.59027671813965,280.3611145019531,5,1,,,,,,,,,,,,2026-07-06T21:59:09.647Z,QGFAEPFN,2026-07-06,2026-07-06,18:59:09,2026-07-06 18:59:09,,,,,,,,697a707b5bc42b2987347880,697a707b5bc42b2987347880,,,,
34398,raw_position_sample,2,2,int,18,3,17,18,60, roam ,239,240,4392583.799999997,697a707b5bc42b2987347880,697a707b5bc42b2987347880,intermediate,3,697a707b5bc42b2987347880,697a707b5bc42b2987347880,spotlight_PROLIFIC,,30,Brasil,Português Brasil ,"Português Brasil, inglês ",inglês,Português Brasil:80|English:10|inglês:10,100,Português Brasil:80|English:10|inglês:10,100,Português Brasil:100|English:0|inglês:0,100,17,5,Bachelor's,10,10,10,5,6,8,12,28,28,28,Duolingo,90,,,,,16,25,B1,elementary|intermediate,elementary|intermediate,cambridge_15_21_random_elementary_intermediate,4,19,random,,225.25694274902344,234.18055725097656,246.59027671813965,280.3611145019531,5,1,,,,,,,,,,,,2026-07-06T21:59:09.647Z,QGFAEPFN,2026-07-06,2026-07-06,18:59:09,2026-07-06 18:59:09,,,,,,,,697a707b5bc42b2987347880,697a707b5bc42b2987347880,,,,
34449,raw_position_sample,2,2,int,18,3,17,18,60, roam ,239,240,4392635.3999999985,697a707b5bc42b2987347880,697a707b5bc42b2987347880,intermediate,3,697a707b5bc42b2987347880,697a707b5bc42b2987347880,spotlight_PROLIFIC,,30,Brasil,Português Brasil ,"Português Brasil, inglês ",inglês,Português Brasil:80|English:10|inglês:10,100,Português Brasil:80|English:10|inglês:10,100,Português Brasil:100|English:0|inglês:0,100,17,5,Bachelor's,10,10,10,5,6,8,12,28,28,28,Duolingo,90,,,,,16,25,B1,elementary|intermediate,elementary|intermediate,cambridge_15_21_random_elementary_intermediate,4,19,random,,225.25694274902344,234.18055725097656,246.59027671813965,280.3611145019531,5,1,,,,,,,,,,,,2026-07-06T21:59:09.647Z,QGFAEPFN,2026-07-06,2026-07-06,18:59:09,2026-07-06 18:59:09,,,,,,,,697a707b5bc42b2987347880,697a707b5bc42b2987347880,,,,
34500,raw_position_sample,2,2,int,18,3,17,18,60, roam ,239,240,4392686.299999997,697a707b5bc42b2987347880,697a707b5bc42b2987347880,intermediate,3,697a707b5bc42b2987347880,697a707b5bc42b2987347880,spotlight_PROLIFIC,,30,Brasil,Português Brasil ,"Português Brasil, inglês ",inglês,Português Brasil:80|English:10|inglês:10,100,Português Brasil:80|English:10|inglês:10,100,Português Brasil:100|English:0|inglês:0,100,17,5,Bachelor's,10,10,10,5,6,8,12,28,28,28,Duolingo,90,,,,,16,25,B1,elementary|intermediate,elementary|intermediate,cambridge_15_21_random_elementary_intermediate,4,19,random,,225.25694274902344,234.18055725097656,246.59027671813965,280.3611145019531,5,1,,,,,,,,,,,,2026-07-06T21:59:09.647Z,QGFAEPFN,2026-07-06,2026-07-06,18:59:09,2026-07-06 18:59:09,,,,,,,,697a707b5bc42b2987347880,697a707b5bc42b2987347880,,,,
34554,raw_position_sample,2,2,int,18,3,17,18,60, roam ,242,240,4392740.3999999985,697a707b5bc42b2987347880,697a707b5bc42b2987347880,intermediate,3,697a707b5bc42b2987347880,697a707b5bc42b2987347880,spotlight_PROLIFIC,,30,Brasil,Português Brasil ,"Português Brasil, inglês ",inglês,Português Brasil:80|English:10|inglês:10,100,Português Brasil:80|English:10|inglês:10,100,Português Brasil:100|English:0|inglês:0,100,17,5,Bachelor's,10,10,10,5,6,8,12,28,28,28,Duolingo,90,,,,,16,25,B1,elementary|intermediate,elementary|intermediate,cambridge_15_21_random_elementary_intermediate,4,19,random,,225.25694274902344,234.18055725097656,246.59027671813965,280.3611145019531,5,1,,,,,,,,,,,,2026-07-06T21:59:09.647Z,QGFAEPFN,2026-07-06,2026-07-06,18:59:09,2026-07-06 18:59:09,,,,,,,,697a707b5bc42b2987347880,697a707b5bc42b2987347880,,,,
34595,raw_position_sample,2,2,int,18,3,17,18,60, roam ,253,240,4392781,697a707b5bc42b2987347880,697a707b5bc42b2987347880,intermediate,3,697a707b5bc42b2987347880,697a707b5bc42b2987347880,spotlight_PROLIFIC,,30,Brasil,Português Brasil ,"Português Brasil, inglês ",inglês,Português Brasil:80|English:10|inglês:10,100,Português Brasil:80|English:10|inglês:10,100,Português Brasil:100|English:0|inglês:0,100,17,5,Bachelor's,10,10,10,5,6,8,12,28,28,28,Duolingo,90,,,,,16,25,B1,elementary|intermediate,elementary|intermediate,cambridge_15_21_random_elementary_intermediate,4,19,random,,225.25694274902344,234.18055725097656,246.59027671813965,280.3611145019531,5,1,,,,,,,,,,,,2026-07-06T21:59:09.647Z,QGFAEPFN,2026-07-06,2026-07-06,18:59:09,2026-07-06 18:59:09,,,,,,,,697a707b5bc42b2987347880,697a707b5bc42b2987347880,,,,
34645,raw_position_sample,2,2,int,18,3,17,18,60, roam ,263,244,4392831.799999997,697a707b5bc42b2987347880,697a707b5bc42b2987347880,intermediate,3,697a707b5bc42b2987347880,697a707b5bc42b2987347880,spotlight_PROLIFIC,,30,Brasil,Português Brasil ,"Português Brasil, inglês ",inglês,Português Brasil:80|English:10|inglês:10,100,Português Brasil:80|English:10|inglês:10,100,Português Brasil:100|English:0|inglês:0,100,17,5,Bachelor's,10,10,10,5,6,8,12,28,28,28,Duolingo,90,,,,,16,25,B1,elementary|intermediate,elementary|intermediate,cambridge_15_21_random_elementary_intermediate,4,19,random,,225.25694274902344,234.18055725097656,246.59027671813965,280.3611145019531,5,1,,,,,,,,,,,,2026-07-06T21:59:09.647Z,QGFAEPFN,2026-07-06,2026-07-06,18:59:09,2026-07-06 18:59:09,,,,,,,,697a707b5bc42b2987347880,697a707b5bc42b2987347880,,,,
34695,raw_position_sample,2,2,int,18,3,17,18,60, roam ,273,246,4392881.5,697a707b5bc42b2987347880,697a707b5bc42b2987347880,intermediate,3,697a707b5bc42b2987347880,697a707b5bc42b2987347880,spotlight_PROLIFIC,,30,Brasil,Português Brasil ,"Português Brasil, inglês ",inglês,Português Brasil:80|English:10|inglês:10,100,Português Brasil:80|English:10|inglês:10,100,Português Brasil:100|English:0|inglês:0,100,17,5,Bachelor's,10,10,10,5,6,8,12,28,28,28,Duolingo,90,,,,,16,25,B1,elementary|intermediate,elementary|intermediate,cambridge_15_21_random_elementary_intermediate,4,19,random,,225.25694274902344,234.18055725097656,246.59027671813965,280.3611145019531,5,1,,,,,,,,,,,,2026-07-06T21:59:09.647Z,QGFAEPFN,2026-07-06,2026-07-06,18:59:09,2026-07-06 18:59:09,,,,,,,,697a707b5bc42b2987347880,697a707b5bc42b2987347880,,,,
34745,raw_position_sample,2,2,int,18,3,17,18,60, roam ,278,246,4392931.299999997,697a707b5bc42b2987347880,697a707b5bc42b2987347880,intermediate,3,697a707b5bc42b2987347880,697a707b5bc42b2987347880,spotlight_PROLIFIC,,30,Brasil,Português Brasil ,"Português Brasil, inglês ",inglês,Português Brasil:80|English:10|inglês:10,100,Português Brasil:80|English:10|inglês:10,100,Português Brasil:100|English:0|inglês:0,100,17,5,Bachelor's,10,10,10,5,6,8,12,28,28,28,Duolingo,90,,,,,16,25,B1,elementary|intermediate,elementary|intermediate,cambridge_15_21_random_elementary_intermediate,4,19,random,,225.25694274902344,234.18055725097656,246.59027671813965,280.3611145019531,5,1,,,,,,,,,,,,2026-07-06T21:59:09.647Z,QGFAEPFN,2026-07-06,2026-07-06,18:59:09,2026-07-06 18:59:09,,,,,,,,697a707b5bc42b2987347880,697a707b5bc42b2987347880,,,,
34750,hover_association,2,2,int,18,3,17,18,60, roam ,279,242,,697a707b5bc42b2987347880,697a707b5bc42b2987347880,intermediate,3,697a707b5bc42b2987347880,697a707b5bc42b2987347880,spotlight_PROLIFIC,,30,Brasil,Português Brasil ,"Português Brasil, inglês ",inglês,Português Brasil:80|English:10|inglês:10,100,Português Brasil:80|English:10|inglês:10,100,Português Brasil:100|English:0|inglês:0,100,17,5,Bachelor's,10,10,10,5,6,8,12,28,28,28,Duolingo,90,,,,,16,25,B1,elementary|intermediate,elementary|intermediate,cambridge_15_21_random_elementary_intermediate,4,19,random,,215.92360973358154,230.25173786708288,255.92361736297607,280.3611145019531,5,1,hover,1199.199999999255,1199.199999999255,0.9528807847848966,0.7519096132450841,106,,,,,,2026-07-06T21:59:09.647Z,QGFAEPFN,2026-07-06,2026-07-06,18:59:09,2026-07-06 18:59:09,,,,,,,,697a707b5bc42b2987347880,697a707b5bc42b2987347880,,,,
34799,raw_position_sample,2,2,int,18,3,17,18,61, and ,288,246,4392985.099999998,697a707b5bc42b2987347880,697a707b5bc42b2987347880,intermediate,3,697a707b5bc42b2987347880,697a707b5bc42b2987347880,spotlight_PROLIFIC,,30,Brasil,Português Brasil ,"Português Brasil, inglês ",inglês,Português Brasil:80|English:10|inglês:10,100,Português Brasil:80|English:10|inglês:10,100,Português Brasil:100|English:0|inglês:0,100,17,5,Bachelor's,10,10,10,5,6,8,12,28,28,28,Duolingo,90,,,,,16,25,B1,elementary|intermediate,elementary|intermediate,cambridge_15_21_random_elementary_intermediate,4,19,random,,225.25694274902344,280.3611145019531,246.59027671813965,314.6319465637207,5,2,,,,,,,,,,,,2026-07-06T21:59:09.647Z,QGFAEPFN,2026-07-06,2026-07-06,18:59:09,2026-07-06 18:59:09,,,,,,,,697a707b5bc42b2987347880,697a707b5bc42b2987347880,,,,
34845,raw_position_sample,2,2,int,18,3,17,18,61, and ,291,246,4393031.599999998,697a707b5bc42b2987347880,697a707b5bc42b2987347880,intermediate,3,697a707b5bc42b2987347880,697a707b5bc42b2987347880,spotlight_PROLIFIC,,30,Brasil,Português Brasil ,"Português Brasil, inglês ",inglês,Português Brasil:80|English:10|inglês:10,100,Português Brasil:80|English:10|inglês:10,100,Português Brasil:100|English:0|inglês:0,100,17,5,Bachelor's,10,10,10,5,6,8,12,28,28,28,Duolingo,90,,,,,16,25,B1,elementary|intermediate,elementary|intermediate,cambridge_15_21_random_elementary_intermediate,4,19,random,,225.25694274902344,280.3611145019531,246.59027671813965,314.6319465637207,5,2,,,,,,,,,,,,2026-07-06T21:59:09.647Z,QGFAEPFN,2026-07-06,2026-07-06,18:59:09,2026-07-06 18:59:09,,,,,,,,697a707b5bc42b2987347880,697a707b5bc42b2987347880,,,,
34898,raw_position_sample,2,2,int,18,3,17,18,61, and ,293,246,4393084.699999999,697a707b5bc42b2987347880,697a707b5bc42b2987347880,intermediate,3,697a707b5bc42b2987347880,697a707b5bc42b2987347880,spotlight_PROLIFIC,,30,Brasil,Português Brasil ,"Português Brasil, inglês ",inglês,Português Brasil:80|English:10|inglês:10,100,Português Brasil:80|English:10|inglês:10,100,Português Brasil:100|English:0|inglês:0,100,17,5,Bachelor's,10,10,10,5,6,8,12,28,28,28,Duolingo,90,,,,,16,25,B1,elementary|intermediate,elementary|intermediate,cambridge_15_21_random_elementary_intermediate,4,19,random,,225.25694274902344,280.3611145019531,246.59027671813965,314.6319465637207,5,2,,,,,,,,,,,,2026-07-06T21:59:09.647Z,QGFAEPFN,2026-07-06,2026-07-06,18:59:09,2026-07-06 18:59:09,,,,,,,,697a707b5bc42b2987347880,697a707b5bc42b2987347880,,,,
34946,raw_position_sample,2,2,int,18,3,17,18,61, and ,293,246,4393131.8999999985,697a707b5bc42b2987347880,697a707b5bc42b2987347880,intermediate,3,697a707b5bc42b2987347880,697a707b5bc42b2987347880,spotlight_PROLIFIC,,30,Brasil,Português Brasil ,"Português Brasil, inglês ",inglês,Português Brasil:80|English:10|inglês:10,100,Português Brasil:80|English:10|inglês:10,100,Português Brasil:100|English:0|inglês:0,100,17,5,Bachelor's,10,10,10,5,6,8,12,28,28,28,Duolingo,90,,,,,16,25,B1,elementary|intermediate,elementary|intermediate,cambridge_15_21_random_elementary_intermediate,4,19,random,,225.25694274902344,280.3611145019531,246.59027671813965,314.6319465637207,5,2,,,,,,,,,,,,2026-07-06T21:59:09.647Z,QGFAEPFN,2026-07-06,2026-07-06,18:59:09,2026-07-06 18:59:09,,,,,,,,697a707b5bc42b2987347880,697a707b5bc42b2987347880,,,,
34997,raw_position_sample,2,2,int,18,3,17,18,61, and ,294,246,4393183.5,697a707b5bc42b2987347880,697a707b5bc42b2987347880,intermediate,3,697a707b5bc42b2987347880,697a707b5bc42b2987347880,spotlight_PROLIFIC,,30,Brasil,Português Brasil ,"Português Brasil, inglês ",inglês,Português Brasil:80|English:10|inglês:10,100,Português Brasil:80|English:10|inglês:10,100,Português Brasil:100|English:0|inglês:0,100,17,5,Bachelor's,10,10,10,5,6,8,12,28,28,28,Duolingo,90,,,,,16,25,B1,elementary|intermediate,elementary|intermediate,cambridge_15_21_random_elementary_intermediate,4,19,random,,225.25694274902344,280.3611145019531,246.59027671813965,314.6319465637207,5,2,,,,,,,,,,,,2026-07-06T21:59:09.647Z,QGFAEPFN,2026-07-06,2026-07-06,18:59:09,2026-07-06 18:59:09,,,,,,,,697a707b5bc42b2987347880,697a707b5bc42b2987347880,,,,
35049,raw_position_sample,2,2,int,18,3,17,18,61, and ,298,246,4393235.599999998,697a707b5bc42b2987347880,697a707b5bc42b2987347880,intermediate,3,697a707b5bc42b2987347880,697a707b5bc42b2987347880,spotlight_PROLIFIC,,30,Brasil,Português Brasil ,"Português Brasil, inglês ",inglês,Português Brasil:80|English:10|inglês:10,100,Português Brasil:80|English:10|inglês:10,100,Português Brasil:100|English:0|inglês:0,100,17,5,Bachelor's,10,10,10,5,6,8,12,28,28,28,Duolingo,90,,,,,16,25,B1,elementary|intermediate,elementary|intermediate,cambridge_15_21_random_elementary_intermediate,4,19,random,,225.25694274902344,280.3611145019531,246.59027671813965,314.6319465637207,5,2,,,,,,,,,,,,2026-07-06T21:59:09.647Z,QGFAEPFN,2026-07-06,2026-07-06,18:59:09,2026-07-06 18:59:09,,,,,,,,697a707b5bc42b2987347880,697a707b5bc42b2987347880,,,,
35096,raw_position_sample,2,2,int,18,3,17,18,61, and ,302,246,4393282.099999998,697a707b5bc42b2987347880,697a707b5bc42b2987347880,intermediate,3,697a707b5bc42b2987347880,697a707b5bc42b2987347880,spotlight_PROLIFIC,,30,Brasil,Português Brasil ,"Português Brasil, inglês ",inglês,Português Brasil:80|English:10|inglês:10,100,Português Brasil:80|English:10|inglês:10,100,Português Brasil:100|English:0|inglês:0,100,17,5,Bachelor's,10,10,10,5,6,8,12,28,28,28,Duolingo,90,,,,,16,25,B1,elementary|intermediate,elementary|intermediate,cambridge_15_21_random_elementary_intermediate,4,19,random,,225.25694274902344,280.3611145019531,246.59027671813965,314.6319465637207,5,2,,,,,,,,,,,,2026-07-06T21:59:09.647Z,QGFAEPFN,2026-07-06,2026-07-06,18:59:09,2026-07-06 18:59:09,,,,,,,,697a707b5bc42b2987347880,697a707b5bc42b2987347880,,,,
35146,raw_position_sample,2,2,int,18,3,17,18,61, and ,307,246,4393332.5,697a707b5bc42b2987347880,697a707b5bc42b2987347880,intermediate,3,697a707b5bc42b2987347880,697a707b5bc42b2987347880,spotlight_PROLIFIC,,30,Brasil,Português Brasil ,"Português Brasil, inglês ",inglês,Português Brasil:80|English:10|inglês:10,100,Português Brasil:80|English:10|inglês:10,100,Português Brasil:100|English:0|inglês:0,100,17,5,Bachelor's,10,10,10,5,6,8,12,28,28,28,Duolingo,90,,,,,16,25,B1,elementary|intermediate,elementary|intermediate,cambridge_15_21_random_elementary_intermediate,4,19,random,,225.25694274902344,280.3611145019531,246.59027671813965,314.6319465637207,5,2,,,,,,,,,,,,2026-07-06T21:59:09.647Z,QGFAEPFN,2026-07-06,2026-07-06,18:59:09,2026-07-06 18:59:09,,,,,,,,697a707b5bc42b2987347880,697a707b5bc42b2987347880,,,,
35182,hover_association,2,2,int,18,3,17,18,61, and ,283,246,,697a707b5bc42b2987347880,697a707b5bc42b2987347880,intermediate,3,697a707b5bc42b2987347880,697a707b5bc42b2987347880,spotlight_PROLIFIC,,30,Brasil,Português Brasil ,"Português Brasil, inglês ",inglês,Português Brasil:80|English:10|inglês:10,100,Português Brasil:80|English:10|inglês:10,100,Português Brasil:100|English:0|inglês:0,100,17,5,Bachelor's,10,10,10,5,6,8,12,28,28,28,Duolingo,90,,,,,16,25,B1,elementary|intermediate,elementary|intermediate,cambridge_15_21_random_elementary_intermediate,4,19,random,,215.92360973358154,280.3611145019531,255.92361736297607,314.6319522857666,5,2,hover,432.20000000298023,432.20000000298023,0.9232014022426466,0.7519096132450841,106,,,,,,2026-07-06T21:59:09.647Z,QGFAEPFN,2026-07-06,2026-07-06,18:59:09,2026-07-06 18:59:09,,,,,,,,697a707b5bc42b2987347880,697a707b5bc42b2987347880,,,,
35195,raw_position_sample,2,2,int,18,3,17,18,62, food ,315,246,4393381.299999997,697a707b5bc42b2987347880,697a707b5bc42b2987347880,intermediate,3,697a707b5bc42b2987347880,697a707b5bc42b2987347880,spotlight_PROLIFIC,,30,Brasil,Português Brasil ,"Português Brasil, inglês ",inglês,Português Brasil:80|English:10|inglês:10,100,Português Brasil:80|English:10|inglês:10,100,Português Brasil:100|English:0|inglês:0,100,17,5,Bachelor's,10,10,10,5,6,8,12,28,28,28,Duolingo,90,,,,,16,25,B1,elementary|intermediate,elementary|intermediate,cambridge_15_21_random_elementary_intermediate,4,19,random,,225.25694274902344,314.6319580078125,246.59027671813965,355.86806869506836,5,3,,,,,,,,,,,,2026-07-06T21:59:09.647Z,QGFAEPFN,2026-07-06,2026-07-06,18:59:09,2026-07-06 18:59:09,,,,,,,,697a707b5bc42b2987347880,697a707b5bc42b2987347880,,,,
35245,raw_position_sample,2,2,int,18,3,17,18,62, food ,323,246,4393431.699999999,697a707b5bc42b2987347880,697a707b5bc42b2987347880,intermediate,3,697a707b5bc42b2987347880,697a707b5bc42b2987347880,spotlight_PROLIFIC,,30,Brasil,Português Brasil ,"Português Brasil, inglês ",inglês,Português Brasil:80|English:10|inglês:10,100,Português Brasil:80|English:10|inglês:10,100,Português Brasil:100|English:0|inglês:0,100,17,5,Bachelor's,10,10,10,5,6,8,12,28,28,28,Duolingo,90,,,,,16,25,B1,elementary|intermediate,elementary|intermediate,cambridge_15_21_random_elementary_intermediate,4,19,random,,225.25694274902344,314.6319580078125,246.59027671813965,355.86806869506836,5,3,,,,,,,,,,,,2026-07-06T21:59:09.647Z,QGFAEPFN,2026-07-06,2026-07-06,18:59:09,2026-07-06 18:59:09,,,,,,,,697a707b5bc42b2987347880,697a707b5bc42b2987347880,,,,
35295,raw_position_sample,2,2,int,18,3,17,18,62, food ,331,246,4393481.299999997,697a707b5bc42b2987347880,697a707b5bc42b2987347880,intermediate,3,697a707b5bc42b2987347880,697a707b5bc42b2987347880,spotlight_PROLIFIC,,30,Brasil,Português Brasil ,"Português Brasil, inglês ",inglês,Português Brasil:80|English:10|inglês:10,100,Português Brasil:80|English:10|inglês:10,100,Português Brasil:100|English:0|inglês:0,100,17,5,Bachelor's,10,10,10,5,6,8,12,28,28,28,Duolingo,90,,,,,16,25,B1,elementary|intermediate,elementary|intermediate,cambridge_15_21_random_elementary_intermediate,4,19,random,,225.25694274902344,314.6319580078125,246.59027671813965,355.86806869506836,5,3,,,,,,,,,,,,2026-07-06T21:59:09.647Z,QGFAEPFN,2026-07-06,2026-07-06,18:59:09,2026-07-06 18:59:09,,,,,,,,697a707b5bc42b2987347880,697a707b5bc42b2987347880,,,,
35345,raw_position_sample,2,2,int,18,3,17,18,62, food ,339,246,4393531.199999999,697a707b5bc42b2987347880,697a707b5bc42b2987347880,intermediate,3,697a707b5bc42b2987347880,697a707b5bc42b2987347880,spotlight_PROLIFIC,,30,Brasil,Português Brasil ,"Português Brasil, inglês ",inglês,Português Brasil:80|English:10|inglês:10,100,Português Brasil:80|English:10|inglês:10,100,Português Brasil:100|English:0|inglês:0,100,17,5,Bachelor's,10,10,10,5,6,8,12,28,28,28,Duolingo,90,,,,,16,25,B1,elementary|intermediate,elementary|intermediate,cambridge_15_21_random_elementary_intermediate,4,19,random,,225.25694274902344,314.6319580078125,246.59027671813965,355.86806869506836,5,3,,,,,,,,,,,,2026-07-06T21:59:09.647Z,QGFAEPFN,2026-07-06,2026-07-06,18:59:09,2026-07-06 18:59:09,,,,,,,,697a707b5bc42b2987347880,697a707b5bc42b2987347880,,,,
35395,raw_position_sample,2,2,int,18,3,17,18,62, food ,349,246,4393580.8999999985,697a707b5bc42b2987347880,697a707b5bc42b2987347880,intermediate,3,697a707b5bc42b2987347880,697a707b5bc42b2987347880,spotlight_PROLIFIC,,30,Brasil,Português Brasil ,"Português Brasil, inglês ",inglês,Português Brasil:80|English:10|inglês:10,100,Português Brasil:80|English:10|inglês:10,100,Português Brasil:100|English:0|inglês:0,100,17,5,Bachelor's,10,10,10,5,6,8,12,28,28,28,Duolingo,90,,,,,16,25,B1,elementary|intermediate,elementary|intermediate,cambridge_15_21_random_elementary_intermediate,4,19,random,,225.25694274902344,314.6319580078125,246.59027671813965,355.86806869506836,5,3,,,,,,,,,,,,2026-07-06T21:59:09.647Z,QGFAEPFN,2026-07-06,2026-07-06,18:59:09,2026-07-06 18:59:09,,,,,,,,697a707b5bc42b2987347880,697a707b5bc42b2987347880,,,,
35415,hover_association,2,2,int,18,3,17,18,62, food ,315,246,,697a707b5bc42b2987347880,697a707b5bc42b2987347880,intermediate,3,697a707b5bc42b2987347880,697a707b5bc42b2987347880,spotlight_PROLIFIC,,30,Brasil,Português Brasil ,"Português Brasil, inglês ",inglês,Português Brasil:80|English:10|inglês:10,100,Português Brasil:80|English:10|inglês:10,100,Português Brasil:100|English:0|inglês:0,100,17,5,Bachelor's,10,10,10,5,6,8,12,28,28,28,Duolingo,90,,,,,16,25,B1,elementary|intermediate,elementary|intermediate,cambridge_15_21_random_elementary_intermediate,4,19,random,,215.92360973358154,314.6319522857666,255.92361736297607,355.868070602417,5,3,hover,233.59999999776483,233.59999999776483,0.9061970243485519,0.7519096132450841,106,,,,,,2026-07-06T21:59:09.647Z,QGFAEPFN,2026-07-06,2026-07-06,18:59:09,2026-07-06 18:59:09,,,,,,,,697a707b5bc42b2987347880,697a707b5bc42b2987347880,,,,
35445,raw_position_sample,2,2,int,18,3,17,18,63, to ,359,246,4393631.199999999,697a707b5bc42b2987347880,697a707b5bc42b2987347880,intermediate,3,697a707b5bc42b2987347880,697a707b5bc42b2987347880,spotlight_PROLIFIC,,30,Brasil,Português Brasil ,"Português Brasil, inglês ",inglês,Português Brasil:80|English:10|inglês:10,100,Português Brasil:80|English:10|inglês:10,100,Português Brasil:100|English:0|inglês:0,100,17,5,Bachelor's,10,10,10,5,6,8,12,28,28,28,Duolingo,90,,,,,16,25,B1,elementary|intermediate,elementary|intermediate,cambridge_15_21_random_elementary_intermediate,4,19,random,,225.25694274902344,355.8680725097656,246.59027671813965,376.2430725097656,5,4,,,,,,,,,,,,2026-07-06T21:59:09.647Z,QGFAEPFN,2026-07-06,2026-07-06,18:59:09,2026-07-06 18:59:09,,,,,,,,697a707b5bc42b2987347880,697a707b5bc42b2987347880,,,,
35495,raw_position_sample,2,2,int,18,3,17,18,63, to ,372,246,4393681.199999999,697a707b5bc42b2987347880,697a707b5bc42b2987347880,intermediate,3,697a707b5bc42b2987347880,697a707b5bc42b2987347880,spotlight_PROLIFIC,,30,Brasil,Português Brasil ,"Português Brasil, inglês ",inglês,Português Brasil:80|English:10|inglês:10,100,Português Brasil:80|English:10|inglês:10,100,Português Brasil:100|English:0|inglês:0,100,17,5,Bachelor's,10,10,10,5,6,8,12,28,28,28,Duolingo,90,,,,,16,25,B1,elementary|intermediate,elementary|intermediate,cambridge_15_21_random_elementary_intermediate,4,19,random,,225.25694274902344,355.8680725097656,246.59027671813965,376.2430725097656,5,4,,,,,,,,,,,,2026-07-06T21:59:09.647Z,QGFAEPFN,2026-07-06,2026-07-06,18:59:09,2026-07-06 18:59:09,,,,,,,,697a707b5bc42b2987347880,697a707b5bc42b2987347880,,,,
35515,hover_association,2,2,int,18,3,17,18,63, to ,357,246,,697a707b5bc42b2987347880,697a707b5bc42b2987347880,intermediate,3,697a707b5bc42b2987347880,697a707b5bc42b2987347880,spotlight_PROLIFIC,,30,Brasil,Português Brasil ,"Português Brasil, inglês ",inglês,Português Brasil:80|English:10|inglês:10,100,Português Brasil:80|English:10|inglês:10,100,Português Brasil:100|English:0|inglês:0,100,17,5,Bachelor's,10,10,10,5,6,8,12,28,28,28,Duolingo,90,,,,,16,25,B1,elementary|intermediate,elementary|intermediate,cambridge_15_21_random_elementary_intermediate,4,19,random,,215.92360973358154,355.868070602417,255.92361736297607,376.2430725097656,5,4,hover,100,100,0.8899105619736596,0.7519096132450841,106,,,,,,2026-07-06T21:59:09.647Z,QGFAEPFN,2026-07-06,2026-07-06,18:59:09,2026-07-06 18:59:09,,,,,,,,697a707b5bc42b2987347880,697a707b5bc42b2987347880,,,,
35545,raw_position_sample,2,2,int,18,3,17,18,64, eat. ,379,246,4393731.099999998,697a707b5bc42b2987347880,697a707b5bc42b2987347880,intermediate,3,697a707b5bc42b2987347880,697a707b5bc42b2987347880,spotlight_PROLIFIC,,30,Brasil,Português Brasil ,"Português Brasil, inglês ",inglês,Português Brasil:80|English:10|inglês:10,100,Português Brasil:80|English:10|inglês:10,100,Português Brasil:100|English:0|inglês:0,100,17,5,Bachelor's,10,10,10,5,6,8,12,28,28,28,Duolingo,90,,,,,16,25,B1,elementary|intermediate,elementary|intermediate,cambridge_15_21_random_elementary_intermediate,4,19,random,,225.25694274902344,376.2430725097656,246.59027671813965,410.4861297607422,5,5,,,,,,,,,,,,2026-07-06T21:59:09.647Z,QGFAEPFN,2026-07-06,2026-07-06,18:59:09,2026-07-06 18:59:09,,,,,,,,697a707b5bc42b2987347880,697a707b5bc42b2987347880,,,,
35595,raw_position_sample,2,2,int,18,3,17,18,64, eat. ,389,247,4393781.299999997,697a707b5bc42b2987347880,697a707b5bc42b2987347880,intermediate,3,697a707b5bc42b2987347880,697a707b5bc42b2987347880,spotlight_PROLIFIC,,30,Brasil,Português Brasil ,"Português Brasil, inglês ",inglês,Português Brasil:80|English:10|inglês:10,100,Português Brasil:80|English:10|inglês:10,100,Português Brasil:100|English:0|inglês:0,100,17,5,Bachelor's,10,10,10,5,6,8,12,28,28,28,Duolingo,90,,,,,16,25,B1,elementary|intermediate,elementary|intermediate,cambridge_15_21_random_elementary_intermediate,4,19,random,,225.25694274902344,376.2430725097656,246.59027671813965,410.4861297607422,5,5,,,,,,,,,,,,2026-07-06T21:59:09.647Z,QGFAEPFN,2026-07-06,2026-07-06,18:59:09,2026-07-06 18:59:09,,,,,,,,697a707b5bc42b2987347880,697a707b5bc42b2987347880,,,,
35645,raw_position_sample,2,2,int,18,3,17,18,64, eat. ,398,249,4393831.099999998,697a707b5bc42b2987347880,697a707b5bc42b2987347880,intermediate,3,697a707b5bc42b2987347880,697a707b5bc42b2987347880,spotlight_PROLIFIC,,30,Brasil,Português Brasil ,"Português Brasil, inglês ",inglês,Português Brasil:80|English:10|inglês:10,100,Português Brasil:80|English:10|inglês:10,100,Português Brasil:100|English:0|inglês:0,100,17,5,Bachelor's,10,10,10,5,6,8,12,28,28,28,Duolingo,90,,,,,16,25,B1,elementary|intermediate,elementary|intermediate,cambridge_15_21_random_elementary_intermediate,4,19,random,,225.25694274902344,376.2430725097656,246.59027671813965,410.4861297607422,5,5,,,,,,,,,,,,2026-07-06T21:59:09.647Z,QGFAEPFN,2026-07-06,2026-07-06,18:59:09,2026-07-06 18:59:09,,,,,,,,697a707b5bc42b2987347880,697a707b5bc42b2987347880,,,,
35695,raw_position_sample,2,2,int,18,3,17,18,64, eat. ,407,249,4393881.199999999,697a707b5bc42b2987347880,697a707b5bc42b2987347880,intermediate,3,697a707b5bc42b2987347880,697a707b5bc42b2987347880,spotlight_PROLIFIC,,30,Brasil,Português Brasil ,"Português Brasil, inglês ",inglês,Português Brasil:80|English:10|inglês:10,100,Português Brasil:80|English:10|inglês:10,100,Português Brasil:100|English:0|inglês:0,100,17,5,Bachelor's,10,10,10,5,6,8,12,28,28,28,Duolingo,90,,,,,16,25,B1,elementary|intermediate,elementary|intermediate,cambridge_15_21_random_elementary_intermediate,4,19,random,,225.25694274902344,376.2430725097656,246.59027671813965,410.4861297607422,5,5,,,,,,,,,,,,2026-07-06T21:59:09.647Z,QGFAEPFN,2026-07-06,2026-07-06,18:59:09,2026-07-06 18:59:09,,,,,,,,697a707b5bc42b2987347880,697a707b5bc42b2987347880,,,,
35699,hover_association,2,2,int,18,3,17,18,64, eat. ,377,246,,697a707b5bc42b2987347880,697a707b5bc42b2987347880,intermediate,3,697a707b5bc42b2987347880,697a707b5bc42b2987347880,spotlight_PROLIFIC,,30,Brasil,Português Brasil ,"Português Brasil, inglês ",inglês,Português Brasil:80|English:10|inglês:10,100,Português Brasil:80|English:10|inglês:10,100,Português Brasil:100|English:0|inglês:0,100,17,5,Bachelor's,10,10,10,5,6,8,12,28,28,28,Duolingo,90,,,,,16,25,B1,elementary|intermediate,elementary|intermediate,cambridge_15_21_random_elementary_intermediate,4,19,random,,215.92360973358154,376.2430725097656,255.92361736297607,410.48612213134766,5,5,hover,183.5,183.5,0.8981947528075743,0.8269095989399722,106,,,,,,2026-07-06T21:59:09.647Z,QGFAEPFN,2026-07-06,2026-07-06,18:59:09,2026-07-06 18:59:09,,,,,,,,697a707b5bc42b2987347880,697a707b5bc42b2987347880,,,,
35745,raw_position_sample,2,2,int,18,3,17,18,65, As ,423,249,4393930.8999999985,697a707b5bc42b2987347880,697a707b5bc42b2987347880,intermediate,3,697a707b5bc42b2987347880,697a707b5bc42b2987347880,spotlight_PROLIFIC,,30,Brasil,Português Brasil ,"Português Brasil, inglês ",inglês,Português Brasil:80|English:10|inglês:10,100,Português Brasil:80|English:10|inglês:10,100,Português Brasil:100|English:0|inglês:0,100,17,5,Bachelor's,10,10,10,5,6,8,12,28,28,28,Duolingo,90,,,,,16,25,B1,elementary|intermediate,elementary|intermediate,cambridge_15_21_random_elementary_intermediate,4,19,random,,225.25694274902344,410.4861145019531,246.59027671813965,435.8402805328369,5,6,,,,,,,,,,,,2026-07-06T21:59:09.647Z,QGFAEPFN,2026-07-06,2026-07-06,18:59:09,2026-07-06 18:59:09,,,,,,,,697a707b5bc42b2987347880,697a707b5bc42b2987347880,,,,
35795,raw_position_sample,2,2,int,18,3,17,18,65, As ,430,249,4393981.099999998,697a707b5bc42b2987347880,697a707b5bc42b2987347880,intermediate,3,697a707b5bc42b2987347880,697a707b5bc42b2987347880,spotlight_PROLIFIC,,30,Brasil,Português Brasil ,"Português Brasil, inglês ",inglês,Português Brasil:80|English:10|inglês:10,100,Português Brasil:80|English:10|inglês:10,100,Português Brasil:100|English:0|inglês:0,100,17,5,Bachelor's,10,10,10,5,6,8,12,28,28,28,Duolingo,90,,,,,16,25,B1,elementary|intermediate,elementary|intermediate,cambridge_15_21_random_elementary_intermediate,4,19,random,,225.25694274902344,410.4861145019531,246.59027671813965,435.8402805328369,5,6,,,,,,,,,,,,2026-07-06T21:59:09.647Z,QGFAEPFN,2026-07-06,2026-07-06,18:59:09,2026-07-06 18:59:09,,,,,,,,697a707b5bc42b2987347880,697a707b5bc42b2987347880,,,,
35817,hover_association,2,2,int,18,3,17,18,65, As ,413,249,,697a707b5bc42b2987347880,697a707b5bc42b2987347880,intermediate,3,697a707b5bc42b2987347880,697a707b5bc42b2987347880,spotlight_PROLIFIC,,30,Brasil,Português Brasil ,"Português Brasil, inglês ",inglês,Português Brasil:80|English:10|inglês:10,100,Português Brasil:80|English:10|inglês:10,100,Português Brasil:100|English:0|inglês:0,100,17,5,Bachelor's,10,10,10,5,6,8,12,28,28,28,Duolingo,90,,,,,16,25,B1,elementary|intermediate,elementary|intermediate,cambridge_15_21_random_elementary_intermediate,4,19,random,,215.92360973358154,410.48612213134766,255.92361736297607,435.84027576446533,5,6,hover,117.60000000149012,117.60000000149012,0.848534649586995,0.8269095989399722,106,,,,,,2026-07-06T21:59:09.647Z,QGFAEPFN,2026-07-06,2026-07-06,18:59:09,2026-07-06 18:59:09,,,,,,,,697a707b5bc42b2987347880,697a707b5bc42b2987347880,,,,
35846,raw_position_sample,2,2,int,18,3,17,18,66, the ,438,249,4394031.799999997,697a707b5bc42b2987347880,697a707b5bc42b2987347880,intermediate,3,697a707b5bc42b2987347880,697a707b5bc42b2987347880,spotlight_PROLIFIC,,30,Brasil,Português Brasil ,"Português Brasil, inglês ",inglês,Português Brasil:80|English:10|inglês:10,100,Português Brasil:80|English:10|inglês:10,100,Português Brasil:100|English:0|inglês:0,100,17,5,Bachelor's,10,10,10,5,6,8,12,28,28,28,Duolingo,90,,,,,16,25,B1,elementary|intermediate,elementary|intermediate,cambridge_15_21_random_elementary_intermediate,4,19,random,,225.25694274902344,435.84027099609375,246.59027671813965,465.56943702697754,5,7,,,,,,,,,,,,2026-07-06T21:59:09.647Z,QGFAEPFN,2026-07-06,2026-07-06,18:59:09,2026-07-06 18:59:09,,,,,,,,697a707b5bc42b2987347880,697a707b5bc42b2987347880,,,,
35895,raw_position_sample,2,2,int,18,3,17,18,66, the ,449,249,4394080.8999999985,697a707b5bc42b2987347880,697a707b5bc42b2987347880,intermediate,3,697a707b5bc42b2987347880,697a707b5bc42b2987347880,spotlight_PROLIFIC,,30,Brasil,Português Brasil ,"Português Brasil, inglês ",inglês,Português Brasil:80|English:10|inglês:10,100,Português Brasil:80|English:10|inglês:10,100,Português Brasil:100|English:0|inglês:0,100,17,5,Bachelor's,10,10,10,5,6,8,12,28,28,28,Duolingo,90,,,,,16,25,B1,elementary|intermediate,elementary|intermediate,cambridge_15_21_random_elementary_intermediate,4,19,random,,225.25694274902344,435.84027099609375,246.59027671813965,465.56943702697754,5,7,,,,,,,,,,,,2026-07-06T21:59:09.647Z,QGFAEPFN,2026-07-06,2026-07-06,18:59:09,2026-07-06 18:59:09,,,,,,,,697a707b5bc42b2987347880,697a707b5bc42b2987347880,,,,
35950,raw_position_sample,2,2,int,18,3,17,18,66, the ,458,249,4394135.8999999985,697a707b5bc42b2987347880,697a707b5bc42b2987347880,intermediate,3,697a707b5bc42b2987347880,697a707b5bc42b2987347880,spotlight_PROLIFIC,,30,Brasil,Português Brasil ,"Português Brasil, inglês ",inglês,Português Brasil:80|English:10|inglês:10,100,Português Brasil:80|English:10|inglês:10,100,Português Brasil:100|English:0|inglês:0,100,17,5,Bachelor's,10,10,10,5,6,8,12,28,28,28,Duolingo,90,,,,,16,25,B1,elementary|intermediate,elementary|intermediate,cambridge_15_21_random_elementary_intermediate,4,19,random,,225.25694274902344,435.84027099609375,246.59027671813965,465.56943702697754,5,7,,,,,,,,,,,,2026-07-06T21:59:09.647Z,QGFAEPFN,2026-07-06,2026-07-06,18:59:09,2026-07-06 18:59:09,,,,,,,,697a707b5bc42b2987347880,697a707b5bc42b2987347880,,,,
35967,hover_association,2,2,int,18,3,17,18,66, the ,436,249,,697a707b5bc42b2987347880,697a707b5bc42b2987347880,intermediate,3,697a707b5bc42b2987347880,697a707b5bc42b2987347880,spotlight_PROLIFIC,,30,Brasil,Português Brasil ,"Português Brasil, inglês ",inglês,Português Brasil:80|English:10|inglês:10,100,Português Brasil:80|English:10|inglês:10,100,Português Brasil:100|English:0|inglês:0,100,17,5,Bachelor's,10,10,10,5,6,8,12,28,28,28,Duolingo,90,,,,,16,25,B1,elementary|intermediate,elementary|intermediate,cambridge_15_21_random_elementary_intermediate,4,19,random,,215.92360973358154,435.84027576446533,255.92361736297607,465.569447517395,5,7,hover,150.39999999850988,150.39999999850988,0.9135715068435497,0.8269095989399722,106,,,,,,2026-07-06T21:59:09.647Z,QGFAEPFN,2026-07-06,2026-07-06,18:59:09,2026-07-06 18:59:09,,,,,,,,697a707b5bc42b2987347880,697a707b5bc42b2987347880,,,,
35995,raw_position_sample,2,2,int,18,3,17,18,67, number ,472,249,4394181,697a707b5bc42b2987347880,697a707b5bc42b2987347880,intermediate,3,697a707b5bc42b2987347880,697a707b5bc42b2987347880,spotlight_PROLIFIC,,30,Brasil,Português Brasil ,"Português Brasil, inglês ",inglês,Português Brasil:80|English:10|inglês:10,100,Português Brasil:80|English:10|inglês:10,100,Português Brasil:100|English:0|inglês:0,100,17,5,Bachelor's,10,10,10,5,6,8,12,28,28,28,Duolingo,90,,,,,16,25,B1,elementary|intermediate,elementary|intermediate,cambridge_15_21_random_elementary_intermediate,4,19,random,,225.25694274902344,465.5694580078125,246.59027671813965,531.3611221313477,5,8,,,,,,,,,,,,2026-07-06T21:59:09.647Z,QGFAEPFN,2026-07-06,2026-07-06,18:59:09,2026-07-06 18:59:09,,,,,,,,697a707b5bc42b2987347880,697a707b5bc42b2987347880,,,,
36045,raw_position_sample,2,2,int,18,3,17,18,67, number ,480,249,4394231.099999998,697a707b5bc42b2987347880,697a707b5bc42b2987347880,intermediate,3,697a707b5bc42b2987347880,697a707b5bc42b2987347880,spotlight_PROLIFIC,,30,Brasil,Português Brasil ,"Português Brasil, inglês ",inglês,Português Brasil:80|English:10|inglês:10,100,Português Brasil:80|English:10|inglês:10,100,Português Brasil:100|English:0|inglês:0,100,17,5,Bachelor's,10,10,10,5,6,8,12,28,28,28,Duolingo,90,,,,,16,25,B1,elementary|intermediate,elementary|intermediate,cambridge_15_21_random_elementary_intermediate,4,19,random,,225.25694274902344,465.5694580078125,246.59027671813965,531.3611221313477,5,8,,,,,,,,,,,,2026-07-06T21:59:09.647Z,QGFAEPFN,2026-07-06,2026-07-06,18:59:09,2026-07-06 18:59:09,,,,,,,,697a707b5bc42b2987347880,697a707b5bc42b2987347880,,,,
36095,raw_position_sample,2,2,int,18,3,17,18,67, number ,490,249,4394281,697a707b5bc42b2987347880,697a707b5bc42b2987347880,intermediate,3,697a707b5bc42b2987347880,697a707b5bc42b2987347880,spotlight_PROLIFIC,,30,Brasil,Português Brasil ,"Português Brasil, inglês ",inglês,Português Brasil:80|English:10|inglês:10,100,Português Brasil:80|English:10|inglês:10,100,Português Brasil:100|English:0|inglês:0,100,17,5,Bachelor's,10,10,10,5,6,8,12,28,28,28,Duolingo,90,,,,,16,25,B1,elementary|intermediate,elementary|intermediate,cambridge_15_21_random_elementary_intermediate,4,19,random,,225.25694274902344,465.5694580078125,246.59027671813965,531.3611221313477,5,8,,,,,,,,,,,,2026-07-06T21:59:09.647Z,QGFAEPFN,2026-07-06,2026-07-06,18:59:09,2026-07-06 18:59:09,,,,,,,,697a707b5bc42b2987347880,697a707b5bc42b2987347880,,,,
36145,raw_position_sample,2,2,int,18,3,17,18,67, number ,499,249,4394331.199999999,697a707b5bc42b2987347880,697a707b5bc42b2987347880,intermediate,3,697a707b5bc42b2987347880,697a707b5bc42b2987347880,spotlight_PROLIFIC,,30,Brasil,Português Brasil ,"Português Brasil, inglês ",inglês,Português Brasil:80|English:10|inglês:10,100,Português Brasil:80|English:10|inglês:10,100,Português Brasil:100|English:0|inglês:0,100,17,5,Bachelor's,10,10,10,5,6,8,12,28,28,28,Duolingo,90,,,,,16,25,B1,elementary|intermediate,elementary|intermediate,cambridge_15_21_random_elementary_intermediate,4,19,random,,225.25694274902344,465.5694580078125,246.59027671813965,531.3611221313477,5,8,,,,,,,,,,,,2026-07-06T21:59:09.647Z,QGFAEPFN,2026-07-06,2026-07-06,18:59:09,2026-07-06 18:59:09,,,,,,,,697a707b5bc42b2987347880,697a707b5bc42b2987347880,,,,
36195,raw_position_sample,2,2,int,18,3,17,18,67, number ,503,249,4394381.3999999985,697a707b5bc42b2987347880,697a707b5bc42b2987347880,intermediate,3,697a707b5bc42b2987347880,697a707b5bc42b2987347880,spotlight_PROLIFIC,,30,Brasil,Português Brasil ,"Português Brasil, inglês ",inglês,Português Brasil:80|English:10|inglês:10,100,Português Brasil:80|English:10|inglês:10,100,Português Brasil:100|English:0|inglês:0,100,17,5,Bachelor's,10,10,10,5,6,8,12,28,28,28,Duolingo,90,,,,,16,25,B1,elementary|intermediate,elementary|intermediate,cambridge_15_21_random_elementary_intermediate,4,19,random,,225.25694274902344,465.5694580078125,246.59027671813965,531.3611221313477,5,8,,,,,,,,,,,,2026-07-06T21:59:09.647Z,QGFAEPFN,2026-07-06,2026-07-06,18:59:09,2026-07-06 18:59:09,,,,,,,,697a707b5bc42b2987347880,697a707b5bc42b2987347880,,,,
36245,raw_position_sample,2,2,int,18,3,17,18,67, number ,511,249,4394431.199999999,697a707b5bc42b2987347880,697a707b5bc42b2987347880,intermediate,3,697a707b5bc42b2987347880,697a707b5bc42b2987347880,spotlight_PROLIFIC,,30,Brasil,Português Brasil ,"Português Brasil, inglês ",inglês,Português Brasil:80|English:10|inglês:10,100,Português Brasil:80|English:10|inglês:10,100,Português Brasil:100|English:0|inglês:0,100,17,5,Bachelor's,10,10,10,5,6,8,12,28,28,28,Duolingo,90,,,,,16,25,B1,elementary|intermediate,elementary|intermediate,cambridge_15_21_random_elementary_intermediate,4,19,random,,225.25694274902344,465.5694580078125,246.59027671813965,531.3611221313477,5,8,,,,,,,,,,,,2026-07-06T21:59:09.647Z,QGFAEPFN,2026-07-06,2026-07-06,18:59:09,2026-07-06 18:59:09,,,,,,,,697a707b5bc42b2987347880,697a707b5bc42b2987347880,,,,
36295,raw_position_sample,2,2,int,18,3,17,18,67, number ,522,249,4394481.199999999,697a707b5bc42b2987347880,697a707b5bc42b2987347880,intermediate,3,697a707b5bc42b2987347880,697a707b5bc42b2987347880,spotlight_PROLIFIC,,30,Brasil,Português Brasil ,"Português Brasil, inglês ",inglês,Português Brasil:80|English:10|inglês:10,100,Português Brasil:80|English:10|inglês:10,100,Português Brasil:100|English:0|inglês:0,100,17,5,Bachelor's,10,10,10,5,6,8,12,28,28,28,Duolingo,90,,,,,16,25,B1,elementary|intermediate,elementary|intermediate,cambridge_15_21_random_elementary_intermediate,4,19,random,,225.25694274902344,465.5694580078125,246.59027671813965,531.3611221313477,5,8,,,,,,,,,,,,2026-07-06T21:59:09.647Z,QGFAEPFN,2026-07-06,2026-07-06,18:59:09,2026-07-06 18:59:09,,,,,,,,697a707b5bc42b2987347880,697a707b5bc42b2987347880,,,,
36345,raw_position_sample,2,2,int,18,3,17,18,67, number ,528,249,4394531.299999997,697a707b5bc42b2987347880,697a707b5bc42b2987347880,intermediate,3,697a707b5bc42b2987347880,697a707b5bc42b2987347880,spotlight_PROLIFIC,,30,Brasil,Português Brasil ,"Português Brasil, inglês ",inglês,Português Brasil:80|English:10|inglês:10,100,Português Brasil:80|English:10|inglês:10,100,Português Brasil:100|English:0|inglês:0,100,17,5,Bachelor's,10,10,10,5,6,8,12,28,28,28,Duolingo,90,,,,,16,25,B1,elementary|intermediate,elementary|intermediate,cambridge_15_21_random_elementary_intermediate,4,19,random,,225.25694274902344,465.5694580078125,246.59027671813965,531.3611221313477,5,8,,,,,,,,,,,,2026-07-06T21:59:09.647Z,QGFAEPFN,2026-07-06,2026-07-06,18:59:09,2026-07-06 18:59:09,,,,,,,,697a707b5bc42b2987347880,697a707b5bc42b2987347880,,,,
36351,hover_association,2,2,int,18,3,17,18,67, number ,467,249,,697a707b5bc42b2987347880,697a707b5bc42b2987347880,intermediate,3,697a707b5bc42b2987347880,697a707b5bc42b2987347880,spotlight_PROLIFIC,,30,Brasil,Português Brasil ,"Português Brasil, inglês ",inglês,Português Brasil:80|English:10|inglês:10,100,Português Brasil:80|English:10|inglês:10,100,Português Brasil:100|English:0|inglês:0,100,17,5,Bachelor's,10,10,10,5,6,8,12,28,28,28,Duolingo,90,,,,,16,25,B1,elementary|intermediate,elementary|intermediate,cambridge_15_21_random_elementary_intermediate,4,19,random,,215.92360973358154,465.569447517395,255.92361736297607,531.3611335754395,5,8,hover,383.30000000074506,383.30000000074506,0.9489124876283896,0.8269095989399722,106,,,,,,2026-07-06T21:59:09.647Z,QGFAEPFN,2026-07-06,2026-07-06,18:59:09,2026-07-06 18:59:09,,,,,,,,697a707b5bc42b2987347880,697a707b5bc42b2987347880,,,,
36395,raw_position_sample,2,2,int,18,3,17,18,68, of ,538,249,4394581.3999999985,697a707b5bc42b2987347880,697a707b5bc42b2987347880,intermediate,3,697a707b5bc42b2987347880,697a707b5bc42b2987347880,spotlight_PROLIFIC,,30,Brasil,Português Brasil ,"Português Brasil, inglês ",inglês,Português Brasil:80|English:10|inglês:10,100,Português Brasil:80|English:10|inglês:10,100,Português Brasil:100|English:0|inglês:0,100,17,5,Bachelor's,10,10,10,5,6,8,12,28,28,28,Duolingo,90,,,,,16,25,B1,elementary|intermediate,elementary|intermediate,cambridge_15_21_random_elementary_intermediate,4,19,random,,225.25694274902344,531.3611450195312,246.59027671813965,552.2361450195312,5,9,,,,,,,,,,,,2026-07-06T21:59:09.647Z,QGFAEPFN,2026-07-06,2026-07-06,18:59:09,2026-07-06 18:59:09,,,,,,,,697a707b5bc42b2987347880,697a707b5bc42b2987347880,,,,
36450,raw_position_sample,2,2,int,18,3,17,18,68, of ,548,249,4394636.199999999,697a707b5bc42b2987347880,697a707b5bc42b2987347880,intermediate,3,697a707b5bc42b2987347880,697a707b5bc42b2987347880,spotlight_PROLIFIC,,30,Brasil,Português Brasil ,"Português Brasil, inglês ",inglês,Português Brasil:80|English:10|inglês:10,100,Português Brasil:80|English:10|inglês:10,100,Português Brasil:100|English:0|inglês:0,100,17,5,Bachelor's,10,10,10,5,6,8,12,28,28,28,Duolingo,90,,,,,16,25,B1,elementary|intermediate,elementary|intermediate,cambridge_15_21_random_elementary_intermediate,4,19,random,,225.25694274902344,531.3611450195312,246.59027671813965,552.2361450195312,5,9,,,,,,,,,,,,2026-07-06T21:59:09.647Z,QGFAEPFN,2026-07-06,2026-07-06,18:59:09,2026-07-06 18:59:09,,,,,,,,697a707b5bc42b2987347880,697a707b5bc42b2987347880,,,,
36466,hover_association,2,2,int,18,3,17,18,68, of ,532,249,,697a707b5bc42b2987347880,697a707b5bc42b2987347880,intermediate,3,697a707b5bc42b2987347880,697a707b5bc42b2987347880,spotlight_PROLIFIC,,30,Brasil,Português Brasil ,"Português Brasil, inglês ",inglês,Português Brasil:80|English:10|inglês:10,100,Português Brasil:80|English:10|inglês:10,100,Português Brasil:100|English:0|inglês:0,100,17,5,Bachelor's,10,10,10,5,6,8,12,28,28,28,Duolingo,90,,,,,16,25,B1,elementary|intermediate,elementary|intermediate,cambridge_15_21_random_elementary_intermediate,4,19,random,,215.92360973358154,531.3611335754395,255.92361736297607,552.2361450195312,5,9,hover,116.10000000149012,116.10000000149012,0.8928793392271821,0.8269095989399722,106,,,,,,2026-07-06T21:59:09.647Z,QGFAEPFN,2026-07-06,2026-07-06,18:59:09,2026-07-06 18:59:09,,,,,,,,697a707b5bc42b2987347880,697a707b5bc42b2987347880,,,,
36495,raw_position_sample,2,2,int,18,3,17,18,69, tigers ,558,249,4394681.099999998,697a707b5bc42b2987347880,697a707b5bc42b2987347880,intermediate,3,697a707b5bc42b2987347880,697a707b5bc42b2987347880,spotlight_PROLIFIC,,30,Brasil,Português Brasil ,"Português Brasil, inglês ",inglês,Português Brasil:80|English:10|inglês:10,100,Português Brasil:80|English:10|inglês:10,100,Português Brasil:100|English:0|inglês:0,100,17,5,Bachelor's,10,10,10,5,6,8,12,28,28,28,Duolingo,90,,,,,16,25,B1,elementary|intermediate,elementary|intermediate,cambridge_15_21_random_elementary_intermediate,4,19,random,,225.25694274902344,552.2361450195312,246.59027671813965,601.7917022705078,5,10,,,,,,,,,,,,2026-07-06T21:59:09.647Z,QGFAEPFN,2026-07-06,2026-07-06,18:59:09,2026-07-06 18:59:09,,,,,,,,697a707b5bc42b2987347880,697a707b5bc42b2987347880,,,,
36546,raw_position_sample,2,2,int,18,3,17,18,69, tigers ,564,249,4394732.199999999,697a707b5bc42b2987347880,697a707b5bc42b2987347880,intermediate,3,697a707b5bc42b2987347880,697a707b5bc42b2987347880,spotlight_PROLIFIC,,30,Brasil,Português Brasil ,"Português Brasil, inglês ",inglês,Português Brasil:80|English:10|inglês:10,100,Português Brasil:80|English:10|inglês:10,100,Português Brasil:100|English:0|inglês:0,100,17,5,Bachelor's,10,10,10,5,6,8,12,28,28,28,Duolingo,90,,,,,16,25,B1,elementary|intermediate,elementary|intermediate,cambridge_15_21_random_elementary_intermediate,4,19,random,,225.25694274902344,552.2361450195312,246.59027671813965,601.7917022705078,5,10,,,,,,,,,,,,2026-07-06T21:59:09.647Z,QGFAEPFN,2026-07-06,2026-07-06,18:59:09,2026-07-06 18:59:09,,,,,,,,697a707b5bc42b2987347880,697a707b5bc42b2987347880,,,,
36596,raw_position_sample,2,2,int,18,3,17,18,69, tigers ,573,249,4394781.8999999985,697a707b5bc42b2987347880,697a707b5bc42b2987347880,intermediate,3,697a707b5bc42b2987347880,697a707b5bc42b2987347880,spotlight_PROLIFIC,,30,Brasil,Português Brasil ,"Português Brasil, inglês ",inglês,Português Brasil:80|English:10|inglês:10,100,Português Brasil:80|English:10|inglês:10,100,Português Brasil:100|English:0|inglês:0,100,17,5,Bachelor's,10,10,10,5,6,8,12,28,28,28,Duolingo,90,,,,,16,25,B1,elementary|intermediate,elementary|intermediate,cambridge_15_21_random_elementary_intermediate,4,19,random,,225.25694274902344,552.2361450195312,246.59027671813965,601.7917022705078,5,10,,,,,,,,,,,,2026-07-06T21:59:09.647Z,QGFAEPFN,2026-07-06,2026-07-06,18:59:09,2026-07-06 18:59:09,,,,,,,,697a707b5bc42b2987347880,697a707b5bc42b2987347880,,,,
36645,raw_position_sample,2,2,int,18,3,17,18,69, tigers ,583,249,4394831.299999997,697a707b5bc42b2987347880,697a707b5bc42b2987347880,intermediate,3,697a707b5bc42b2987347880,697a707b5bc42b2987347880,spotlight_PROLIFIC,,30,Brasil,Português Brasil ,"Português Brasil, inglês ",inglês,Português Brasil:80|English:10|inglês:10,100,Português Brasil:80|English:10|inglês:10,100,Português Brasil:100|English:0|inglês:0,100,17,5,Bachelor's,10,10,10,5,6,8,12,28,28,28,Duolingo,90,,,,,16,25,B1,elementary|intermediate,elementary|intermediate,cambridge_15_21_random_elementary_intermediate,4,19,random,,225.25694274902344,552.2361450195312,246.59027671813965,601.7917022705078,5,10,,,,,,,,,,,,2026-07-06T21:59:09.647Z,QGFAEPFN,2026-07-06,2026-07-06,18:59:09,2026-07-06 18:59:09,,,,,,,,697a707b5bc42b2987347880,697a707b5bc42b2987347880,,,,
36695,raw_position_sample,2,2,int,18,3,17,18,69, tigers ,593,246,4394881.299999997,697a707b5bc42b2987347880,697a707b5bc42b2987347880,intermediate,3,697a707b5bc42b2987347880,697a707b5bc42b2987347880,spotlight_PROLIFIC,,30,Brasil,Português Brasil ,"Português Brasil, inglês ",inglês,Português Brasil:80|English:10|inglês:10,100,Português Brasil:80|English:10|inglês:10,100,Português Brasil:100|English:0|inglês:0,100,17,5,Bachelor's,10,10,10,5,6,8,12,28,28,28,Duolingo,90,,,,,16,25,B1,elementary|intermediate,elementary|intermediate,cambridge_15_21_random_elementary_intermediate,4,19,random,,225.25694274902344,552.2361450195312,246.59027671813965,601.7917022705078,5,10,,,,,,,,,,,,2026-07-06T21:59:09.647Z,QGFAEPFN,2026-07-06,2026-07-06,18:59:09,2026-07-06 18:59:09,,,,,,,,697a707b5bc42b2987347880,697a707b5bc42b2987347880,,,,
36717,hover_association,2,2,int,18,3,17,18,69, tigers ,555,249,,697a707b5bc42b2987347880,697a707b5bc42b2987347880,intermediate,3,697a707b5bc42b2987347880,697a707b5bc42b2987347880,spotlight_PROLIFIC,,30,Brasil,Português Brasil ,"Português Brasil, inglês ",inglês,Português Brasil:80|English:10|inglês:10,100,Português Brasil:80|English:10|inglês:10,100,Português Brasil:100|English:0|inglês:0,100,17,5,Bachelor's,10,10,10,5,6,8,12,28,28,28,Duolingo,90,,,,,16,25,B1,elementary|intermediate,elementary|intermediate,cambridge_15_21_random_elementary_intermediate,4,19,random,,215.92360973358154,552.2361450195312,255.92361736297607,601.7916946411133,5,10,hover,250.89999999850988,250.89999999850988,0.8831272241890153,0.7519096132450841,106,,,,,,2026-07-06T21:59:09.647Z,QGFAEPFN,2026-07-06,2026-07-06,18:59:09,2026-07-06 18:59:09,,,,,,,,697a707b5bc42b2987347880,697a707b5bc42b2987347880,,,,
36745,raw_position_sample,2,2,int,18,3,17,18,70, has ,608,245,4394930.799999997,697a707b5bc42b2987347880,697a707b5bc42b2987347880,intermediate,3,697a707b5bc42b2987347880,697a707b5bc42b2987347880,spotlight_PROLIFIC,,30,Brasil,Português Brasil ,"Português Brasil, inglês ",inglês,Português Brasil:80|English:10|inglês:10,100,Português Brasil:80|English:10|inglês:10,100,Português Brasil:100|English:0|inglês:0,100,17,5,Bachelor's,10,10,10,5,6,8,12,28,28,28,Duolingo,90,,,,,16,25,B1,elementary|intermediate,elementary|intermediate,cambridge_15_21_random_elementary_intermediate,4,19,random,,225.25694274902344,601.7916870117188,246.59027671813965,635.1666870117188,5,11,,,,,,,,,,,,2026-07-06T21:59:09.647Z,QGFAEPFN,2026-07-06,2026-07-06,18:59:09,2026-07-06 18:59:09,,,,,,,,697a707b5bc42b2987347880,697a707b5bc42b2987347880,,,,
36795,raw_position_sample,2,2,int,18,3,17,18,70, has ,618,243,4394981.299999997,697a707b5bc42b2987347880,697a707b5bc42b2987347880,intermediate,3,697a707b5bc42b2987347880,697a707b5bc42b2987347880,spotlight_PROLIFIC,,30,Brasil,Português Brasil ,"Português Brasil, inglês ",inglês,Português Brasil:80|English:10|inglês:10,100,Português Brasil:80|English:10|inglês:10,100,Português Brasil:100|English:0|inglês:0,100,17,5,Bachelor's,10,10,10,5,6,8,12,28,28,28,Duolingo,90,,,,,16,25,B1,elementary|intermediate,elementary|intermediate,cambridge_15_21_random_elementary_intermediate,4,19,random,,225.25694274902344,601.7916870117188,246.59027671813965,635.1666870117188,5,11,,,,,,,,,,,,2026-07-06T21:59:09.647Z,QGFAEPFN,2026-07-06,2026-07-06,18:59:09,2026-07-06 18:59:09,,,,,,,,697a707b5bc42b2987347880,697a707b5bc42b2987347880,,,,
36845,raw_position_sample,2,2,int,18,3,17,18,70, has ,626,243,4395031.5,697a707b5bc42b2987347880,697a707b5bc42b2987347880,intermediate,3,697a707b5bc42b2987347880,697a707b5bc42b2987347880,spotlight_PROLIFIC,,30,Brasil,Português Brasil ,"Português Brasil, inglês ",inglês,Português Brasil:80|English:10|inglês:10,100,Português Brasil:80|English:10|inglês:10,100,Português Brasil:100|English:0|inglês:0,100,17,5,Bachelor's,10,10,10,5,6,8,12,28,28,28,Duolingo,90,,,,,16,25,B1,elementary|intermediate,elementary|intermediate,cambridge_15_21_random_elementary_intermediate,4,19,random,,225.25694274902344,601.7916870117188,246.59027671813965,635.1666870117188,5,11,,,,,,,,,,,,2026-07-06T21:59:09.647Z,QGFAEPFN,2026-07-06,2026-07-06,18:59:09,2026-07-06 18:59:09,,,,,,,,697a707b5bc42b2987347880,697a707b5bc42b2987347880,,,,
36896,raw_position_sample,2,2,int,18,3,17,18,70, has ,629,243,4395081.8999999985,697a707b5bc42b2987347880,697a707b5bc42b2987347880,intermediate,3,697a707b5bc42b2987347880,697a707b5bc42b2987347880,spotlight_PROLIFIC,,30,Brasil,Português Brasil ,"Português Brasil, inglês ",inglês,Português Brasil:80|English:10|inglês:10,100,Português Brasil:80|English:10|inglês:10,100,Português Brasil:100|English:0|inglês:0,100,17,5,Bachelor's,10,10,10,5,6,8,12,28,28,28,Duolingo,90,,,,,16,25,B1,elementary|intermediate,elementary|intermediate,cambridge_15_21_random_elementary_intermediate,4,19,random,,225.25694274902344,601.7916870117188,246.59027671813965,635.1666870117188,5,11,,,,,,,,,,,,2026-07-06T21:59:09.647Z,QGFAEPFN,2026-07-06,2026-07-06,18:59:09,2026-07-06 18:59:09,,,,,,,,697a707b5bc42b2987347880,697a707b5bc42b2987347880,,,,
36946,raw_position_sample,2,2,int,18,3,17,18,70, has ,631,243,4395132.099999998,697a707b5bc42b2987347880,697a707b5bc42b2987347880,intermediate,3,697a707b5bc42b2987347880,697a707b5bc42b2987347880,spotlight_PROLIFIC,,30,Brasil,Português Brasil ,"Português Brasil, inglês ",inglês,Português Brasil:80|English:10|inglês:10,100,Português Brasil:80|English:10|inglês:10,100,Português Brasil:100|English:0|inglês:0,100,17,5,Bachelor's,10,10,10,5,6,8,12,28,28,28,Duolingo,90,,,,,16,25,B1,elementary|intermediate,elementary|intermediate,cambridge_15_21_random_elementary_intermediate,4,19,random,,225.25694274902344,601.7916870117188,246.59027671813965,635.1666870117188,5,11,,,,,,,,,,,,2026-07-06T21:59:09.647Z,QGFAEPFN,2026-07-06,2026-07-06,18:59:09,2026-07-06 18:59:09,,,,,,,,697a707b5bc42b2987347880,697a707b5bc42b2987347880,,,,
36982,hover_association,2,2,int,18,3,17,18,70, has ,603,245,,697a707b5bc42b2987347880,697a707b5bc42b2987347880,intermediate,3,697a707b5bc42b2987347880,697a707b5bc42b2987347880,spotlight_PROLIFIC,,30,Brasil,Português Brasil ,"Português Brasil, inglês ",inglês,Português Brasil:80|English:10|inglês:10,100,Português Brasil:80|English:10|inglês:10,100,Português Brasil:100|English:0|inglês:0,100,17,5,Bachelor's,10,10,10,5,6,8,12,28,28,28,Duolingo,90,,,,,16,25,B1,elementary|intermediate,elementary|intermediate,cambridge_15_21_random_elementary_intermediate,4,19,random,,215.92360973358154,601.7916946411133,255.92361736297607,635.1666870117188,5,11,hover,264.1000000014901,264.1000000014901,0.9950056314659848,0.6769096275501961,106,,,,,,2026-07-06T21:59:09.647Z,QGFAEPFN,2026-07-06,2026-07-06,18:59:09,2026-07-06 18:59:09,,,,,,,,697a707b5bc42b2987347880,697a707b5bc42b2987347880,,,,
36995,raw_position_sample,2,2,int,18,3,17,18,71, increased ,639,243,4395181.299999997,697a707b5bc42b2987347880,697a707b5bc42b2987347880,intermediate,3,697a707b5bc42b2987347880,697a707b5bc42b2987347880,spotlight_PROLIFIC,,30,Brasil,Português Brasil ,"Português Brasil, inglês ",inglês,Português Brasil:80|English:10|inglês:10,100,Português Brasil:80|English:10|inglês:10,100,Português Brasil:100|English:0|inglês:0,100,17,5,Bachelor's,10,10,10,5,6,8,12,28,28,28,Duolingo,90,,,,,16,25,B1,elementary|intermediate,elementary|intermediate,cambridge_15_21_random_elementary_intermediate,4,19,random,,225.25694274902344,635.1666870117188,246.59027671813965,717.319465637207,5,12,,,,,,,,,,,,2026-07-06T21:59:09.647Z,QGFAEPFN,2026-07-06,2026-07-06,18:59:09,2026-07-06 18:59:09,,,,,,,,697a707b5bc42b2987347880,697a707b5bc42b2987347880,,,,
37045,raw_position_sample,2,2,int,18,3,17,18,71, increased ,645,243,4395231.099999998,697a707b5bc42b2987347880,697a707b5bc42b2987347880,intermediate,3,697a707b5bc42b2987347880,697a707b5bc42b2987347880,spotlight_PROLIFIC,,30,Brasil,Português Brasil ,"Português Brasil, inglês ",inglês,Português Brasil:80|English:10|inglês:10,100,Português Brasil:80|English:10|inglês:10,100,Português Brasil:100|English:0|inglês:0,100,17,5,Bachelor's,10,10,10,5,6,8,12,28,28,28,Duolingo,90,,,,,16,25,B1,elementary|intermediate,elementary|intermediate,cambridge_15_21_random_elementary_intermediate,4,19,random,,225.25694274902344,635.1666870117188,246.59027671813965,717.319465637207,5,12,,,,,,,,,,,,2026-07-06T21:59:09.647Z,QGFAEPFN,2026-07-06,2026-07-06,18:59:09,2026-07-06 18:59:09,,,,,,,,697a707b5bc42b2987347880,697a707b5bc42b2987347880,,,,
37095,raw_position_sample,2,2,int,18,3,17,18,71, increased ,652,243,4395281.099999998,697a707b5bc42b2987347880,697a707b5bc42b2987347880,intermediate,3,697a707b5bc42b2987347880,697a707b5bc42b2987347880,spotlight_PROLIFIC,,30,Brasil,Português Brasil ,"Português Brasil, inglês ",inglês,Português Brasil:80|English:10|inglês:10,100,Português Brasil:80|English:10|inglês:10,100,Português Brasil:100|English:0|inglês:0,100,17,5,Bachelor's,10,10,10,5,6,8,12,28,28,28,Duolingo,90,,,,,16,25,B1,elementary|intermediate,elementary|intermediate,cambridge_15_21_random_elementary_intermediate,4,19,random,,225.25694274902344,635.1666870117188,246.59027671813965,717.319465637207,5,12,,,,,,,,,,,,2026-07-06T21:59:09.647Z,QGFAEPFN,2026-07-06,2026-07-06,18:59:09,2026-07-06 18:59:09,,,,,,,,697a707b5bc42b2987347880,697a707b5bc42b2987347880,,,,
37145,raw_position_sample,2,2,int,18,3,17,18,71, increased ,663,243,4395331.699999999,697a707b5bc42b2987347880,697a707b5bc42b2987347880,intermediate,3,697a707b5bc42b2987347880,697a707b5bc42b2987347880,spotlight_PROLIFIC,,30,Brasil,Português Brasil ,"Português Brasil, inglês ",inglês,Português Brasil:80|English:10|inglês:10,100,Português Brasil:80|English:10|inglês:10,100,Português Brasil:100|English:0|inglês:0,100,17,5,Bachelor's,10,10,10,5,6,8,12,28,28,28,Duolingo,90,,,,,16,25,B1,elementary|intermediate,elementary|intermediate,cambridge_15_21_random_elementary_intermediate,4,19,random,,225.25694274902344,635.1666870117188,246.59027671813965,717.319465637207,5,12,,,,,,,,,,,,2026-07-06T21:59:09.647Z,QGFAEPFN,2026-07-06,2026-07-06,18:59:09,2026-07-06 18:59:09,,,,,,,,697a707b5bc42b2987347880,697a707b5bc42b2987347880,,,,
37196,raw_position_sample,2,2,int,18,3,17,18,71, increased ,671,243,4395381.799999997,697a707b5bc42b2987347880,697a707b5bc42b2987347880,intermediate,3,697a707b5bc42b2987347880,697a707b5bc42b2987347880,spotlight_PROLIFIC,,30,Brasil,Português Brasil ,"Português Brasil, inglês ",inglês,Português Brasil:80|English:10|inglês:10,100,Português Brasil:80|English:10|inglês:10,100,Português Brasil:100|English:0|inglês:0,100,17,5,Bachelor's,10,10,10,5,6,8,12,28,28,28,Duolingo,90,,,,,16,25,B1,elementary|intermediate,elementary|intermediate,cambridge_15_21_random_elementary_intermediate,4,19,random,,225.25694274902344,635.1666870117188,246.59027671813965,717.319465637207,5,12,,,,,,,,,,,,2026-07-06T21:59:09.647Z,QGFAEPFN,2026-07-06,2026-07-06,18:59:09,2026-07-06 18:59:09,,,,,,,,697a707b5bc42b2987347880,697a707b5bc42b2987347880,,,,
37246,raw_position_sample,2,2,int,18,3,17,18,71, increased ,677,243,4395432,697a707b5bc42b2987347880,697a707b5bc42b2987347880,intermediate,3,697a707b5bc42b2987347880,697a707b5bc42b2987347880,spotlight_PROLIFIC,,30,Brasil,Português Brasil ,"Português Brasil, inglês ",inglês,Português Brasil:80|English:10|inglês:10,100,Português Brasil:80|English:10|inglês:10,100,Português Brasil:100|English:0|inglês:0,100,17,5,Bachelor's,10,10,10,5,6,8,12,28,28,28,Duolingo,90,,,,,16,25,B1,elementary|intermediate,elementary|intermediate,cambridge_15_21_random_elementary_intermediate,4,19,random,,225.25694274902344,635.1666870117188,246.59027671813965,717.319465637207,5,12,,,,,,,,,,,,2026-07-06T21:59:09.647Z,QGFAEPFN,2026-07-06,2026-07-06,18:59:09,2026-07-06 18:59:09,,,,,,,,697a707b5bc42b2987347880,697a707b5bc42b2987347880,,,,
37305,raw_position_sample,2,2,int,18,3,17,18,71, increased ,681,244,4395491.299999997,697a707b5bc42b2987347880,697a707b5bc42b2987347880,intermediate,3,697a707b5bc42b2987347880,697a707b5bc42b2987347880,spotlight_PROLIFIC,,30,Brasil,Português Brasil ,"Português Brasil, inglês ",inglês,Português Brasil:80|English:10|inglês:10,100,Português Brasil:80|English:10|inglês:10,100,Português Brasil:100|English:0|inglês:0,100,17,5,Bachelor's,10,10,10,5,6,8,12,28,28,28,Duolingo,90,,,,,16,25,B1,elementary|intermediate,elementary|intermediate,cambridge_15_21_random_elementary_intermediate,4,19,random,,225.25694274902344,635.1666870117188,246.59027671813965,717.319465637207,5,12,,,,,,,,,,,,2026-07-06T21:59:09.647Z,QGFAEPFN,2026-07-06,2026-07-06,18:59:09,2026-07-06 18:59:09,,,,,,,,697a707b5bc42b2987347880,697a707b5bc42b2987347880,,,,
37345,raw_position_sample,2,2,int,18,3,17,18,71, increased ,687,244,4395531.199999999,697a707b5bc42b2987347880,697a707b5bc42b2987347880,intermediate,3,697a707b5bc42b2987347880,697a707b5bc42b2987347880,spotlight_PROLIFIC,,30,Brasil,Português Brasil ,"Português Brasil, inglês ",inglês,Português Brasil:80|English:10|inglês:10,100,Português Brasil:80|English:10|inglês:10,100,Português Brasil:100|English:0|inglês:0,100,17,5,Bachelor's,10,10,10,5,6,8,12,28,28,28,Duolingo,90,,,,,16,25,B1,elementary|intermediate,elementary|intermediate,cambridge_15_21_random_elementary_intermediate,4,19,random,,225.25694274902344,635.1666870117188,246.59027671813965,717.319465637207,5,12,,,,,,,,,,,,2026-07-06T21:59:09.647Z,QGFAEPFN,2026-07-06,2026-07-06,18:59:09,2026-07-06 18:59:09,,,,,,,,697a707b5bc42b2987347880,697a707b5bc42b2987347880,,,,
37395,raw_position_sample,2,2,int,18,3,17,18,71, increased ,695,244,4395581.099999998,697a707b5bc42b2987347880,697a707b5bc42b2987347880,intermediate,3,697a707b5bc42b2987347880,697a707b5bc42b2987347880,spotlight_PROLIFIC,,30,Brasil,Português Brasil ,"Português Brasil, inglês ",inglês,Português Brasil:80|English:10|inglês:10,100,Português Brasil:80|English:10|inglês:10,100,Português Brasil:100|English:0|inglês:0,100,17,5,Bachelor's,10,10,10,5,6,8,12,28,28,28,Duolingo,90,,,,,16,25,B1,elementary|intermediate,elementary|intermediate,cambridge_15_21_random_elementary_intermediate,4,19,random,,225.25694274902344,635.1666870117188,246.59027671813965,717.319465637207,5,12,,,,,,,,,,,,2026-07-06T21:59:09.647Z,QGFAEPFN,2026-07-06,2026-07-06,18:59:09,2026-07-06 18:59:09,,,,,,,,697a707b5bc42b2987347880,697a707b5bc42b2987347880,,,,
37445,raw_position_sample,2,2,int,18,3,17,18,71, increased ,708,244,4395631.3999999985,697a707b5bc42b2987347880,697a707b5bc42b2987347880,intermediate,3,697a707b5bc42b2987347880,697a707b5bc42b2987347880,spotlight_PROLIFIC,,30,Brasil,Português Brasil ,"Português Brasil, inglês ",inglês,Português Brasil:80|English:10|inglês:10,100,Português Brasil:80|English:10|inglês:10,100,Português Brasil:100|English:0|inglês:0,100,17,5,Bachelor's,10,10,10,5,6,8,12,28,28,28,Duolingo,90,,,,,16,25,B1,elementary|intermediate,elementary|intermediate,cambridge_15_21_random_elementary_intermediate,4,19,random,,225.25694274902344,635.1666870117188,246.59027671813965,717.319465637207,5,12,,,,,,,,,,,,2026-07-06T21:59:09.647Z,QGFAEPFN,2026-07-06,2026-07-06,18:59:09,2026-07-06 18:59:09,,,,,,,,697a707b5bc42b2987347880,697a707b5bc42b2987347880,,,,
37496,raw_position_sample,2,2,int,18,3,17,18,71, increased ,717,244,4395682.099999998,697a707b5bc42b2987347880,697a707b5bc42b2987347880,intermediate,3,697a707b5bc42b2987347880,697a707b5bc42b2987347880,spotlight_PROLIFIC,,30,Brasil,Português Brasil ,"Português Brasil, inglês ",inglês,Português Brasil:80|English:10|inglês:10,100,Português Brasil:80|English:10|inglês:10,100,Português Brasil:100|English:0|inglês:0,100,17,5,Bachelor's,10,10,10,5,6,8,12,28,28,28,Duolingo,90,,,,,16,25,B1,elementary|intermediate,elementary|intermediate,cambridge_15_21_random_elementary_intermediate,4,19,random,,225.25694274902344,635.1666870117188,246.59027671813965,717.319465637207,5,12,,,,,,,,,,,,2026-07-06T21:59:09.647Z,QGFAEPFN,2026-07-06,2026-07-06,18:59:09,2026-07-06 18:59:09,,,,,,,,697a707b5bc42b2987347880,697a707b5bc42b2987347880,,,,
37548,raw_position_sample,2,2,int,18,3,17,18,71, increased ,717,244,4395734.3999999985,697a707b5bc42b2987347880,697a707b5bc42b2987347880,intermediate,3,697a707b5bc42b2987347880,697a707b5bc42b2987347880,spotlight_PROLIFIC,,30,Brasil,Português Brasil ,"Português Brasil, inglês ",inglês,Português Brasil:80|English:10|inglês:10,100,Português Brasil:80|English:10|inglês:10,100,Português Brasil:100|English:0|inglês:0,100,17,5,Bachelor's,10,10,10,5,6,8,12,28,28,28,Duolingo,90,,,,,16,25,B1,elementary|intermediate,elementary|intermediate,cambridge_15_21_random_elementary_intermediate,4,19,random,,225.25694274902344,635.1666870117188,246.59027671813965,717.319465637207,5,12,,,,,,,,,,,,2026-07-06T21:59:09.647Z,QGFAEPFN,2026-07-06,2026-07-06,18:59:09,2026-07-06 18:59:09,,,,,,,,697a707b5bc42b2987347880,697a707b5bc42b2987347880,,,,
37553,hover_association,2,2,int,18,3,17,18,71, increased ,639,243,,697a707b5bc42b2987347880,697a707b5bc42b2987347880,intermediate,3,697a707b5bc42b2987347880,697a707b5bc42b2987347880,spotlight_PROLIFIC,,30,Brasil,Português Brasil ,"Português Brasil, inglês ",inglês,Português Brasil:80|English:10|inglês:10,100,Português Brasil:80|English:10|inglês:10,100,Português Brasil:100|English:0|inglês:0,100,17,5,Bachelor's,10,10,10,5,6,8,12,28,28,28,Duolingo,90,,,,,16,25,B1,elementary|intermediate,elementary|intermediate,cambridge_15_21_random_elementary_intermediate,4,19,random,,215.92360973358154,635.1666870117188,255.92361736297607,717.3194618225098,5,12,hover,571.0999999977648,571.0999999977648,0.996111369053017,0.7019096227818254,106,,,,,,2026-07-06T21:59:09.647Z,QGFAEPFN,2026-07-06,2026-07-06,18:59:09,2026-07-06 18:59:09,,,,,,,,697a707b5bc42b2987347880,697a707b5bc42b2987347880,,,,
37595,raw_position_sample,2,2,int,18,3,17,18,72, over ,726,244,4395781.599999998,697a707b5bc42b2987347880,697a707b5bc42b2987347880,intermediate,3,697a707b5bc42b2987347880,697a707b5bc42b2987347880,spotlight_PROLIFIC,,30,Brasil,Português Brasil ,"Português Brasil, inglês ",inglês,Português Brasil:80|English:10|inglês:10,100,Português Brasil:80|English:10|inglês:10,100,Português Brasil:100|English:0|inglês:0,100,17,5,Bachelor's,10,10,10,5,6,8,12,28,28,28,Duolingo,90,,,,,16,25,B1,elementary|intermediate,elementary|intermediate,cambridge_15_21_random_elementary_intermediate,4,19,random,,225.25694274902344,717.3194580078125,246.59027671813965,756.0555686950684,5,13,,,,,,,,,,,,2026-07-06T21:59:09.647Z,QGFAEPFN,2026-07-06,2026-07-06,18:59:09,2026-07-06 18:59:09,,,,,,,,697a707b5bc42b2987347880,697a707b5bc42b2987347880,,,,
37648,raw_position_sample,2,2,int,18,3,17,18,72, over ,728,244,4395834.3999999985,697a707b5bc42b2987347880,697a707b5bc42b2987347880,intermediate,3,697a707b5bc42b2987347880,697a707b5bc42b2987347880,spotlight_PROLIFIC,,30,Brasil,Português Brasil ,"Português Brasil, inglês ",inglês,Português Brasil:80|English:10|inglês:10,100,Português Brasil:80|English:10|inglês:10,100,Português Brasil:100|English:0|inglês:0,100,17,5,Bachelor's,10,10,10,5,6,8,12,28,28,28,Duolingo,90,,,,,16,25,B1,elementary|intermediate,elementary|intermediate,cambridge_15_21_random_elementary_intermediate,4,19,random,,225.25694274902344,717.3194580078125,246.59027671813965,756.0555686950684,5,13,,,,,,,,,,,,2026-07-06T21:59:09.647Z,QGFAEPFN,2026-07-06,2026-07-06,18:59:09,2026-07-06 18:59:09,,,,,,,,697a707b5bc42b2987347880,697a707b5bc42b2987347880,,,,
37695,raw_position_sample,2,2,int,18,3,17,18,72, over ,736,244,4395881.199999999,697a707b5bc42b2987347880,697a707b5bc42b2987347880,intermediate,3,697a707b5bc42b2987347880,697a707b5bc42b2987347880,spotlight_PROLIFIC,,30,Brasil,Português Brasil ,"Português Brasil, inglês ",inglês,Português Brasil:80|English:10|inglês:10,100,Português Brasil:80|English:10|inglês:10,100,Português Brasil:100|English:0|inglês:0,100,17,5,Bachelor's,10,10,10,5,6,8,12,28,28,28,Duolingo,90,,,,,16,25,B1,elementary|intermediate,elementary|intermediate,cambridge_15_21_random_elementary_intermediate,4,19,random,,225.25694274902344,717.3194580078125,246.59027671813965,756.0555686950684,5,13,,,,,,,,,,,,2026-07-06T21:59:09.647Z,QGFAEPFN,2026-07-06,2026-07-06,18:59:09,2026-07-06 18:59:09,,,,,,,,697a707b5bc42b2987347880,697a707b5bc42b2987347880,,,,
37745,raw_position_sample,2,2,int,18,3,17,18,72, over ,746,246,4395931.299999997,697a707b5bc42b2987347880,697a707b5bc42b2987347880,intermediate,3,697a707b5bc42b2987347880,697a707b5bc42b2987347880,spotlight_PROLIFIC,,30,Brasil,Português Brasil ,"Português Brasil, inglês ",inglês,Português Brasil:80|English:10|inglês:10,100,Português Brasil:80|English:10|inglês:10,100,Português Brasil:100|English:0|inglês:0,100,17,5,Bachelor's,10,10,10,5,6,8,12,28,28,28,Duolingo,90,,,,,16,25,B1,elementary|intermediate,elementary|intermediate,cambridge_15_21_random_elementary_intermediate,4,19,random,,225.25694274902344,717.3194580078125,246.59027671813965,756.0555686950684,5,13,,,,,,,,,,,,2026-07-06T21:59:09.647Z,QGFAEPFN,2026-07-06,2026-07-06,18:59:09,2026-07-06 18:59:09,,,,,,,,697a707b5bc42b2987347880,697a707b5bc42b2987347880,,,,
37795,raw_position_sample,2,2,int,18,3,17,18,72, over ,753,246,4395981.3999999985,697a707b5bc42b2987347880,697a707b5bc42b2987347880,intermediate,3,697a707b5bc42b2987347880,697a707b5bc42b2987347880,spotlight_PROLIFIC,,30,Brasil,Português Brasil ,"Português Brasil, inglês ",inglês,Português Brasil:80|English:10|inglês:10,100,Português Brasil:80|English:10|inglês:10,100,Português Brasil:100|English:0|inglês:0,100,17,5,Bachelor's,10,10,10,5,6,8,12,28,28,28,Duolingo,90,,,,,16,25,B1,elementary|intermediate,elementary|intermediate,cambridge_15_21_random_elementary_intermediate,4,19,random,,225.25694274902344,717.3194580078125,246.59027671813965,756.0555686950684,5,13,,,,,,,,,,,,2026-07-06T21:59:09.647Z,QGFAEPFN,2026-07-06,2026-07-06,18:59:09,2026-07-06 18:59:09,,,,,,,,697a707b5bc42b2987347880,697a707b5bc42b2987347880,,,,
37817,hover_association,2,2,int,18,3,17,18,72, over ,722,244,,697a707b5bc42b2987347880,697a707b5bc42b2987347880,intermediate,3,697a707b5bc42b2987347880,697a707b5bc42b2987347880,spotlight_PROLIFIC,,30,Brasil,Português Brasil ,"Português Brasil, inglês ",inglês,Português Brasil:80|English:10|inglês:10,100,Português Brasil:80|English:10|inglês:10,100,Português Brasil:100|English:0|inglês:0,100,17,5,Bachelor's,10,10,10,5,6,8,12,28,28,28,Duolingo,90,,,,,16,25,B1,elementary|intermediate,elementary|intermediate,cambridge_15_21_random_elementary_intermediate,4,19,random,,215.92360973358154,717.3194618225098,255.92361736297607,756.0555553436279,5,13,hover,264.1000000014901,264.1000000014901,0.9985657990112595,0.7769096084767134,106,,,,,,2026-07-06T21:59:09.647Z,QGFAEPFN,2026-07-06,2026-07-06,18:59:09,2026-07-06 18:59:09,,,,,,,,697a707b5bc42b2987347880,697a707b5bc42b2987347880,,,,
37845,raw_position_sample,2,2,int,18,3,17,18,73, the ,760,247,4396031.199999999,697a707b5bc42b2987347880,697a707b5bc42b2987347880,intermediate,3,697a707b5bc42b2987347880,697a707b5bc42b2987347880,spotlight_PROLIFIC,,30,Brasil,Português Brasil ,"Português Brasil, inglês ",inglês,Português Brasil:80|English:10|inglês:10,100,Português Brasil:80|English:10|inglês:10,100,Português Brasil:100|English:0|inglês:0,100,17,5,Bachelor's,10,10,10,5,6,8,12,28,28,28,Duolingo,90,,,,,16,25,B1,elementary|intermediate,elementary|intermediate,cambridge_15_21_random_elementary_intermediate,4,19,random,,225.25694274902344,756.0555419921875,246.59027671813965,785.7847080230713,5,14,,,,,,,,,,,,2026-07-06T21:59:09.647Z,QGFAEPFN,2026-07-06,2026-07-06,18:59:09,2026-07-06 18:59:09,,,,,,,,697a707b5bc42b2987347880,697a707b5bc42b2987347880,,,,
37895,raw_position_sample,2,2,int,18,3,17,18,73, the ,772,248,4396081.199999999,697a707b5bc42b2987347880,697a707b5bc42b2987347880,intermediate,3,697a707b5bc42b2987347880,697a707b5bc42b2987347880,spotlight_PROLIFIC,,30,Brasil,Português Brasil ,"Português Brasil, inglês ",inglês,Português Brasil:80|English:10|inglês:10,100,Português Brasil:80|English:10|inglês:10,100,Português Brasil:100|English:0|inglês:0,100,17,5,Bachelor's,10,10,10,5,6,8,12,28,28,28,Duolingo,90,,,,,16,25,B1,elementary|intermediate,elementary|intermediate,cambridge_15_21_random_elementary_intermediate,4,19,random,,225.25694274902344,756.0555419921875,246.59027671813965,785.7847080230713,5,14,,,,,,,,,,,,2026-07-06T21:59:09.647Z,QGFAEPFN,2026-07-06,2026-07-06,18:59:09,2026-07-06 18:59:09,,,,,,,,697a707b5bc42b2987347880,697a707b5bc42b2987347880,,,,
37945,raw_position_sample,2,2,int,18,3,17,18,73, the ,783,248,4396131.5,697a707b5bc42b2987347880,697a707b5bc42b2987347880,intermediate,3,697a707b5bc42b2987347880,697a707b5bc42b2987347880,spotlight_PROLIFIC,,30,Brasil,Português Brasil ,"Português Brasil, inglês ",inglês,Português Brasil:80|English:10|inglês:10,100,Português Brasil:80|English:10|inglês:10,100,Português Brasil:100|English:0|inglês:0,100,17,5,Bachelor's,10,10,10,5,6,8,12,28,28,28,Duolingo,90,,,,,16,25,B1,elementary|intermediate,elementary|intermediate,cambridge_15_21_random_elementary_intermediate,4,19,random,,225.25694274902344,756.0555419921875,246.59027671813965,785.7847080230713,5,14,,,,,,,,,,,,2026-07-06T21:59:09.647Z,QGFAEPFN,2026-07-06,2026-07-06,18:59:09,2026-07-06 18:59:09,,,,,,,,697a707b5bc42b2987347880,697a707b5bc42b2987347880,,,,
37948,hover_association,2,2,int,18,3,17,18,73, the ,758,247,,697a707b5bc42b2987347880,697a707b5bc42b2987347880,intermediate,3,697a707b5bc42b2987347880,697a707b5bc42b2987347880,spotlight_PROLIFIC,,30,Brasil,Português Brasil ,"Português Brasil, inglês ",inglês,Português Brasil:80|English:10|inglês:10,100,Português Brasil:80|English:10|inglês:10,100,Português Brasil:100|English:0|inglês:0,100,17,5,Bachelor's,10,10,10,5,6,8,12,28,28,28,Duolingo,90,,,,,16,25,B1,elementary|intermediate,elementary|intermediate,cambridge_15_21_random_elementary_intermediate,4,19,random,,215.92360973358154,756.0555553436279,255.92361736297607,785.7847185134888,5,14,hover,131.30000000074506,131.30000000074506,0.9063304103927187,0.8019096037083427,106,,,,,,2026-07-06T21:59:09.647Z,QGFAEPFN,2026-07-06,2026-07-06,18:59:09,2026-07-06 18:59:09,,,,,,,,697a707b5bc42b2987347880,697a707b5bc42b2987347880,,,,
37997,raw_position_sample,2,2,int,18,3,17,18,74," years, ",797,248,4396182.799999997,697a707b5bc42b2987347880,697a707b5bc42b2987347880,intermediate,3,697a707b5bc42b2987347880,697a707b5bc42b2987347880,spotlight_PROLIFIC,,30,Brasil,Português Brasil ,"Português Brasil, inglês ",inglês,Português Brasil:80|English:10|inglês:10,100,Português Brasil:80|English:10|inglês:10,100,Português Brasil:100|English:0|inglês:0,100,17,5,Bachelor's,10,10,10,5,6,8,12,28,28,28,Duolingo,90,,,,,16,25,B1,elementary|intermediate,elementary|intermediate,cambridge_15_21_random_elementary_intermediate,4,19,random,,225.25694274902344,785.7847290039062,246.59027671813965,836.7847290039062,5,15,,,,,,,,,,,,2026-07-06T21:59:09.647Z,QGFAEPFN,2026-07-06,2026-07-06,18:59:09,2026-07-06 18:59:09,,,,,,,,697a707b5bc42b2987347880,697a707b5bc42b2987347880,,,,
38045,raw_position_sample,2,2,int,18,3,17,18,74," years, ",812,248,4396231.3999999985,697a707b5bc42b2987347880,697a707b5bc42b2987347880,intermediate,3,697a707b5bc42b2987347880,697a707b5bc42b2987347880,spotlight_PROLIFIC,,30,Brasil,Português Brasil ,"Português Brasil, inglês ",inglês,Português Brasil:80|English:10|inglês:10,100,Português Brasil:80|English:10|inglês:10,100,Português Brasil:100|English:0|inglês:0,100,17,5,Bachelor's,10,10,10,5,6,8,12,28,28,28,Duolingo,90,,,,,16,25,B1,elementary|intermediate,elementary|intermediate,cambridge_15_21_random_elementary_intermediate,4,19,random,,225.25694274902344,785.7847290039062,246.59027671813965,836.7847290039062,5,15,,,,,,,,,,,,2026-07-06T21:59:09.647Z,QGFAEPFN,2026-07-06,2026-07-06,18:59:09,2026-07-06 18:59:09,,,,,,,,697a707b5bc42b2987347880,697a707b5bc42b2987347880,,,,
38095,raw_position_sample,2,2,int,18,3,17,18,74," years, ",828,248,4396281.299999997,697a707b5bc42b2987347880,697a707b5bc42b2987347880,intermediate,3,697a707b5bc42b2987347880,697a707b5bc42b2987347880,spotlight_PROLIFIC,,30,Brasil,Português Brasil ,"Português Brasil, inglês ",inglês,Português Brasil:80|English:10|inglês:10,100,Português Brasil:80|English:10|inglês:10,100,Português Brasil:100|English:0|inglês:0,100,17,5,Bachelor's,10,10,10,5,6,8,12,28,28,28,Duolingo,90,,,,,16,25,B1,elementary|intermediate,elementary|intermediate,cambridge_15_21_random_elementary_intermediate,4,19,random,,225.25694274902344,785.7847290039062,246.59027671813965,836.7847290039062,5,15,,,,,,,,,,,,2026-07-06T21:59:09.647Z,QGFAEPFN,2026-07-06,2026-07-06,18:59:09,2026-07-06 18:59:09,,,,,,,,697a707b5bc42b2987347880,697a707b5bc42b2987347880,,,,
38145,raw_position_sample,2,2,int,18,3,17,18,74," years, ",835,248,4396331.599999998,697a707b5bc42b2987347880,697a707b5bc42b2987347880,intermediate,3,697a707b5bc42b2987347880,697a707b5bc42b2987347880,spotlight_PROLIFIC,,30,Brasil,Português Brasil ,"Português Brasil, inglês ",inglês,Português Brasil:80|English:10|inglês:10,100,Português Brasil:80|English:10|inglês:10,100,Português Brasil:100|English:0|inglês:0,100,17,5,Bachelor's,10,10,10,5,6,8,12,28,28,28,Duolingo,90,,,,,16,25,B1,elementary|intermediate,elementary|intermediate,cambridge_15_21_random_elementary_intermediate,4,19,random,,225.25694274902344,785.7847290039062,246.59027671813965,836.7847290039062,5,15,,,,,,,,,,,,2026-07-06T21:59:09.647Z,QGFAEPFN,2026-07-06,2026-07-06,18:59:09,2026-07-06 18:59:09,,,,,,,,697a707b5bc42b2987347880,697a707b5bc42b2987347880,,,,
38151,hover_association,2,2,int,18,3,17,18,74," years, ",787,248,,697a707b5bc42b2987347880,697a707b5bc42b2987347880,intermediate,3,697a707b5bc42b2987347880,697a707b5bc42b2987347880,spotlight_PROLIFIC,,30,Brasil,Português Brasil ,"Português Brasil, inglês ",inglês,Português Brasil:80|English:10|inglês:10,100,Português Brasil:80|English:10|inglês:10,100,Português Brasil:100|English:0|inglês:0,100,17,5,Bachelor's,10,10,10,5,6,8,12,28,28,28,Duolingo,90,,,,,16,25,B1,elementary|intermediate,elementary|intermediate,cambridge_15_21_random_elementary_intermediate,4,19,random,,215.92360973358154,785.7847185134888,255.92361736297607,836.7847290039062,5,15,hover,201.79999999701977,201.79999999701977,0.9650053208471087,0.8019096037083427,106,,,,,,2026-07-06T21:59:09.647Z,QGFAEPFN,2026-07-06,2026-07-06,18:59:09,2026-07-06 18:59:09,,,,,,,,697a707b5bc42b2987347880,697a707b5bc42b2987347880,,,,
38195,raw_position_sample,2,2,int,18,3,17,18,75, conflict ,850,248,4396381.3999999985,697a707b5bc42b2987347880,697a707b5bc42b2987347880,intermediate,3,697a707b5bc42b2987347880,697a707b5bc42b2987347880,spotlight_PROLIFIC,,30,Brasil,Português Brasil ,"Português Brasil, inglês ",inglês,Português Brasil:80|English:10|inglês:10,100,Português Brasil:80|English:10|inglês:10,100,Português Brasil:100|English:0|inglês:0,100,17,5,Bachelor's,10,10,10,5,6,8,12,28,28,28,Duolingo,90,,,,,16,25,B1,elementary|intermediate,elementary|intermediate,cambridge_15_21_random_elementary_intermediate,4,19,random,,225.25694274902344,836.7847290039062,246.59027671813965,896.0555610656738,5,16,,,,,,,,,,,,2026-07-06T21:59:09.647Z,QGFAEPFN,2026-07-06,2026-07-06,18:59:09,2026-07-06 18:59:09,,,,,,,,697a707b5bc42b2987347880,697a707b5bc42b2987347880,,,,
38245,raw_position_sample,2,2,int,18,3,17,18,75, conflict ,856,248,4396431.599999998,697a707b5bc42b2987347880,697a707b5bc42b2987347880,intermediate,3,697a707b5bc42b2987347880,697a707b5bc42b2987347880,spotlight_PROLIFIC,,30,Brasil,Português Brasil ,"Português Brasil, inglês ",inglês,Português Brasil:80|English:10|inglês:10,100,Português Brasil:80|English:10|inglês:10,100,Português Brasil:100|English:0|inglês:0,100,17,5,Bachelor's,10,10,10,5,6,8,12,28,28,28,Duolingo,90,,,,,16,25,B1,elementary|intermediate,elementary|intermediate,cambridge_15_21_random_elementary_intermediate,4,19,random,,225.25694274902344,836.7847290039062,246.59027671813965,896.0555610656738,5,16,,,,,,,,,,,,2026-07-06T21:59:09.647Z,QGFAEPFN,2026-07-06,2026-07-06,18:59:09,2026-07-06 18:59:09,,,,,,,,697a707b5bc42b2987347880,697a707b5bc42b2987347880,,,,
38298,raw_position_sample,2,2,int,18,3,17,18,75, conflict ,856,248,4396484,697a707b5bc42b2987347880,697a707b5bc42b2987347880,intermediate,3,697a707b5bc42b2987347880,697a707b5bc42b2987347880,spotlight_PROLIFIC,,30,Brasil,Português Brasil ,"Português Brasil, inglês ",inglês,Português Brasil:80|English:10|inglês:10,100,Português Brasil:80|English:10|inglês:10,100,Português Brasil:100|English:0|inglês:0,100,17,5,Bachelor's,10,10,10,5,6,8,12,28,28,28,Duolingo,90,,,,,16,25,B1,elementary|intermediate,elementary|intermediate,cambridge_15_21_random_elementary_intermediate,4,19,random,,225.25694274902344,836.7847290039062,246.59027671813965,896.0555610656738,5,16,,,,,,,,,,,,2026-07-06T21:59:09.647Z,QGFAEPFN,2026-07-06,2026-07-06,18:59:09,2026-07-06 18:59:09,,,,,,,,697a707b5bc42b2987347880,697a707b5bc42b2987347880,,,,
38345,raw_position_sample,2,2,int,18,3,17,18,75, conflict ,860,248,4396531.3999999985,697a707b5bc42b2987347880,697a707b5bc42b2987347880,intermediate,3,697a707b5bc42b2987347880,697a707b5bc42b2987347880,spotlight_PROLIFIC,,30,Brasil,Português Brasil ,"Português Brasil, inglês ",inglês,Português Brasil:80|English:10|inglês:10,100,Português Brasil:80|English:10|inglês:10,100,Português Brasil:100|English:0|inglês:0,100,17,5,Bachelor's,10,10,10,5,6,8,12,28,28,28,Duolingo,90,,,,,16,25,B1,elementary|intermediate,elementary|intermediate,cambridge_15_21_random_elementary_intermediate,4,19,random,,225.25694274902344,836.7847290039062,246.59027671813965,896.0555610656738,5,16,,,,,,,,,,,,2026-07-06T21:59:09.647Z,QGFAEPFN,2026-07-06,2026-07-06,18:59:09,2026-07-06 18:59:09,,,,,,,,697a707b5bc42b2987347880,697a707b5bc42b2987347880,,,,
38405,raw_position_sample,2,2,int,18,3,17,18,75, conflict ,865,248,4396591.599999998,697a707b5bc42b2987347880,697a707b5bc42b2987347880,intermediate,3,697a707b5bc42b2987347880,697a707b5bc42b2987347880,spotlight_PROLIFIC,,30,Brasil,Português Brasil ,"Português Brasil, inglês ",inglês,Português Brasil:80|English:10|inglês:10,100,Português Brasil:80|English:10|inglês:10,100,Português Brasil:100|English:0|inglês:0,100,17,5,Bachelor's,10,10,10,5,6,8,12,28,28,28,Duolingo,90,,,,,16,25,B1,elementary|intermediate,elementary|intermediate,cambridge_15_21_random_elementary_intermediate,4,19,random,,225.25694274902344,836.7847290039062,246.59027671813965,896.0555610656738,5,16,,,,,,,,,,,,2026-07-06T21:59:09.647Z,QGFAEPFN,2026-07-06,2026-07-06,18:59:09,2026-07-06 18:59:09,,,,,,,,697a707b5bc42b2987347880,697a707b5bc42b2987347880,,,,
38445,raw_position_sample,2,2,int,18,3,17,18,75, conflict ,870,247,4396631.299999997,697a707b5bc42b2987347880,697a707b5bc42b2987347880,intermediate,3,697a707b5bc42b2987347880,697a707b5bc42b2987347880,spotlight_PROLIFIC,,30,Brasil,Português Brasil ,"Português Brasil, inglês ",inglês,Português Brasil:80|English:10|inglês:10,100,Português Brasil:80|English:10|inglês:10,100,Português Brasil:100|English:0|inglês:0,100,17,5,Bachelor's,10,10,10,5,6,8,12,28,28,28,Duolingo,90,,,,,16,25,B1,elementary|intermediate,elementary|intermediate,cambridge_15_21_random_elementary_intermediate,4,19,random,,225.25694274902344,836.7847290039062,246.59027671813965,896.0555610656738,5,16,,,,,,,,,,,,2026-07-06T21:59:09.647Z,QGFAEPFN,2026-07-06,2026-07-06,18:59:09,2026-07-06 18:59:09,,,,,,,,697a707b5bc42b2987347880,697a707b5bc42b2987347880,,,,
38496,raw_position_sample,2,2,int,18,3,17,18,75, conflict ,871,247,4396682.3999999985,697a707b5bc42b2987347880,697a707b5bc42b2987347880,intermediate,3,697a707b5bc42b2987347880,697a707b5bc42b2987347880,spotlight_PROLIFIC,,30,Brasil,Português Brasil ,"Português Brasil, inglês ",inglês,Português Brasil:80|English:10|inglês:10,100,Português Brasil:80|English:10|inglês:10,100,Português Brasil:100|English:0|inglês:0,100,17,5,Bachelor's,10,10,10,5,6,8,12,28,28,28,Duolingo,90,,,,,16,25,B1,elementary|intermediate,elementary|intermediate,cambridge_15_21_random_elementary_intermediate,4,19,random,,225.25694274902344,836.7847290039062,246.59027671813965,896.0555610656738,5,16,,,,,,,,,,,,2026-07-06T21:59:09.647Z,QGFAEPFN,2026-07-06,2026-07-06,18:59:09,2026-07-06 18:59:09,,,,,,,,697a707b5bc42b2987347880,697a707b5bc42b2987347880,,,,
38545,raw_position_sample,2,2,int,18,3,17,18,75, conflict ,878,246,4396731.5,697a707b5bc42b2987347880,697a707b5bc42b2987347880,intermediate,3,697a707b5bc42b2987347880,697a707b5bc42b2987347880,spotlight_PROLIFIC,,30,Brasil,Português Brasil ,"Português Brasil, inglês ",inglês,Português Brasil:80|English:10|inglês:10,100,Português Brasil:80|English:10|inglês:10,100,Português Brasil:100|English:0|inglês:0,100,17,5,Bachelor's,10,10,10,5,6,8,12,28,28,28,Duolingo,90,,,,,16,25,B1,elementary|intermediate,elementary|intermediate,cambridge_15_21_random_elementary_intermediate,4,19,random,,225.25694274902344,836.7847290039062,246.59027671813965,896.0555610656738,5,16,,,,,,,,,,,,2026-07-06T21:59:09.647Z,QGFAEPFN,2026-07-06,2026-07-06,18:59:09,2026-07-06 18:59:09,,,,,,,,697a707b5bc42b2987347880,697a707b5bc42b2987347880,,,,
38596,raw_position_sample,2,2,int,18,3,17,18,75, conflict ,878,246,4396782.099999998,697a707b5bc42b2987347880,697a707b5bc42b2987347880,intermediate,3,697a707b5bc42b2987347880,697a707b5bc42b2987347880,spotlight_PROLIFIC,,30,Brasil,Português Brasil ,"Português Brasil, inglês ",inglês,Português Brasil:80|English:10|inglês:10,100,Português Brasil:80|English:10|inglês:10,100,Português Brasil:100|English:0|inglês:0,100,17,5,Bachelor's,10,10,10,5,6,8,12,28,28,28,Duolingo,90,,,,,16,25,B1,elementary|intermediate,elementary|intermediate,cambridge_15_21_random_elementary_intermediate,4,19,random,,225.25694274902344,836.7847290039062,246.59027671813965,896.0555610656738,5,16,,,,,,,,,,,,2026-07-06T21:59:09.647Z,QGFAEPFN,2026-07-06,2026-07-06,18:59:09,2026-07-06 18:59:09,,,,,,,,697a707b5bc42b2987347880,697a707b5bc42b2987347880,,,,
38648,raw_position_sample,2,2,int,18,3,17,18,75, conflict ,878,246,4396833.8999999985,697a707b5bc42b2987347880,697a707b5bc42b2987347880,intermediate,3,697a707b5bc42b2987347880,697a707b5bc42b2987347880,spotlight_PROLIFIC,,30,Brasil,Português Brasil ,"Português Brasil, inglês ",inglês,Português Brasil:80|English:10|inglês:10,100,Português Brasil:80|English:10|inglês:10,100,Português Brasil:100|English:0|inglês:0,100,17,5,Bachelor's,10,10,10,5,6,8,12,28,28,28,Duolingo,90,,,,,16,25,B1,elementary|intermediate,elementary|intermediate,cambridge_15_21_random_elementary_intermediate,4,19,random,,225.25694274902344,836.7847290039062,246.59027671813965,896.0555610656738,5,16,,,,,,,,,,,,2026-07-06T21:59:09.647Z,QGFAEPFN,2026-07-06,2026-07-06,18:59:09,2026-07-06 18:59:09,,,,,,,,697a707b5bc42b2987347880,697a707b5bc42b2987347880,,,,
38704,raw_position_sample,2,2,int,18,3,17,18,75, conflict ,878,246,4396889.8999999985,697a707b5bc42b2987347880,697a707b5bc42b2987347880,intermediate,3,697a707b5bc42b2987347880,697a707b5bc42b2987347880,spotlight_PROLIFIC,,30,Brasil,Português Brasil ,"Português Brasil, inglês ",inglês,Português Brasil:80|English:10|inglês:10,100,Português Brasil:80|English:10|inglês:10,100,Português Brasil:100|English:0|inglês:0,100,17,5,Bachelor's,10,10,10,5,6,8,12,28,28,28,Duolingo,90,,,,,16,25,B1,elementary|intermediate,elementary|intermediate,cambridge_15_21_random_elementary_intermediate,4,19,random,,225.25694274902344,836.7847290039062,246.59027671813965,896.0555610656738,5,16,,,,,,,,,,,,2026-07-06T21:59:09.647Z,QGFAEPFN,2026-07-06,2026-07-06,18:59:09,2026-07-06 18:59:09,,,,,,,,697a707b5bc42b2987347880,697a707b5bc42b2987347880,,,,
38745,raw_position_sample,2,2,int,18,3,17,18,75, conflict ,873,251,4396931.3999999985,697a707b5bc42b2987347880,697a707b5bc42b2987347880,intermediate,3,697a707b5bc42b2987347880,697a707b5bc42b2987347880,spotlight_PROLIFIC,,30,Brasil,Português Brasil ,"Português Brasil, inglês ",inglês,Português Brasil:80|English:10|inglês:10,100,Português Brasil:80|English:10|inglês:10,100,Português Brasil:100|English:0|inglês:0,100,17,5,Bachelor's,10,10,10,5,6,8,12,28,28,28,Duolingo,90,,,,,16,25,B1,elementary|intermediate,elementary|intermediate,cambridge_15_21_random_elementary_intermediate,4,19,random,,225.25694274902344,836.7847290039062,246.59027671813965,896.0555610656738,5,16,,,,,,,,,,,,2026-07-06T21:59:09.647Z,QGFAEPFN,2026-07-06,2026-07-06,18:59:09,2026-07-06 18:59:09,,,,,,,,697a707b5bc42b2987347880,697a707b5bc42b2987347880,,,,
38765,hover_association,2,2,int,18,3,17,18,75, conflict ,838,248,,697a707b5bc42b2987347880,697a707b5bc42b2987347880,intermediate,3,697a707b5bc42b2987347880,697a707b5bc42b2987347880,spotlight_PROLIFIC,,30,Brasil,Português Brasil ,"Português Brasil, inglês ",inglês,Português Brasil:80|English:10|inglês:10,100,Português Brasil:80|English:10|inglês:10,100,Português Brasil:100|English:0|inglês:0,100,17,5,Bachelor's,10,10,10,5,6,8,12,28,28,28,Duolingo,90,,,,,16,25,B1,elementary|intermediate,elementary|intermediate,cambridge_15_21_random_elementary_intermediate,4,19,random,,215.92360973358154,836.7847290039062,255.92361736297607,899.9843804495675,5,16,hover,614.9000000022352,614.9000000022352,0.31986364692967856,0.9769095703297481,106,,,,,,2026-07-06T21:59:09.647Z,QGFAEPFN,2026-07-06,2026-07-06,18:59:09,2026-07-06 18:59:09,,,,,,,,697a707b5bc42b2987347880,697a707b5bc42b2987347880,,,,
38795,raw_position_sample,2,2,int,18,3,17,18,88, tigers ,814,262,4396981.5,697a707b5bc42b2987347880,697a707b5bc42b2987347880,intermediate,3,697a707b5bc42b2987347880,697a707b5bc42b2987347880,spotlight_PROLIFIC,,30,Brasil,Português Brasil ,"Português Brasil, inglês ",inglês,Português Brasil:80|English:10|inglês:10,100,Português Brasil:80|English:10|inglês:10,100,Português Brasil:100|English:0|inglês:0,100,17,5,Bachelor's,10,10,10,5,6,8,12,28,28,28,Duolingo,90,,,,,16,25,B1,elementary|intermediate,elementary|intermediate,cambridge_15_21_random_elementary_intermediate,4,19,random,,265.2569580078125,802.0972290039062,286.5902919769287,847.2083396911621,6,13,,,,,,,,,,,,2026-07-06T21:59:09.647Z,QGFAEPFN,2026-07-06,2026-07-06,18:59:09,2026-07-06 18:59:09,,,,,,,,697a707b5bc42b2987347880,697a707b5bc42b2987347880,,,,
38799,hover_association,2,2,int,18,3,17,18,88, tigers ,844,257,,697a707b5bc42b2987347880,697a707b5bc42b2987347880,intermediate,3,697a707b5bc42b2987347880,697a707b5bc42b2987347880,spotlight_PROLIFIC,,30,Brasil,Português Brasil ,"Português Brasil, inglês ",inglês,Português Brasil:80|English:10|inglês:10,100,Português Brasil:80|English:10|inglês:10,100,Português Brasil:100|English:0|inglês:0,100,17,5,Bachelor's,10,10,10,5,6,8,12,28,28,28,Duolingo,90,,,,,16,25,B1,elementary|intermediate,elementary|intermediate,cambridge_15_21_random_elementary_intermediate,4,19,random,,255.92361736297607,802.0972394943237,295.9236249923706,851.1371590750558,6,13,hover,33.69999999925494,33.69999999925494,0.24271574275486565,0.1519095369511534,106,,,,,,2026-07-06T21:59:09.647Z,QGFAEPFN,2026-07-06,2026-07-06,18:59:09,2026-07-06 18:59:09,,,,,,,,697a707b5bc42b2987347880,697a707b5bc42b2987347880,,,,
38816,hover_association,2,2,int,18,3,17,18,87, by ,798,264,,697a707b5bc42b2987347880,697a707b5bc42b2987347880,intermediate,3,697a707b5bc42b2987347880,697a707b5bc42b2987347880,spotlight_PROLIFIC,,30,Brasil,Português Brasil ,"Português Brasil, inglês ",inglês,Português Brasil:80|English:10|inglês:10,100,Português Brasil:80|English:10|inglês:10,100,Português Brasil:100|English:0|inglês:0,100,17,5,Bachelor's,10,10,10,5,6,8,12,28,28,28,Duolingo,90,,,,,16,25,B1,elementary|intermediate,elementary|intermediate,cambridge_15_21_random_elementary_intermediate,4,19,random,,255.92361736297607,779.138916015625,295.9236249923706,802.0972394943237,6,12,hover,17.399999998509884,17.399999998509884,0.821535771193169,0.20190952741441204,106,,,,,,2026-07-06T21:59:09.647Z,QGFAEPFN,2026-07-06,2026-07-06,18:59:09,2026-07-06 18:59:09,,,,,,,,697a707b5bc42b2987347880,697a707b5bc42b2987347880,,,,
38852,raw_position_sample,2,2,int,18,3,17,18,86, attacks ,718,267,4397038.599999998,697a707b5bc42b2987347880,697a707b5bc42b2987347880,intermediate,3,697a707b5bc42b2987347880,697a707b5bc42b2987347880,spotlight_PROLIFIC,,30,Brasil,Português Brasil ,"Português Brasil, inglês ",inglês,Português Brasil:80|English:10|inglês:10,100,Português Brasil:80|English:10|inglês:10,100,Português Brasil:100|English:0|inglês:0,100,17,5,Bachelor's,10,10,10,5,6,8,12,28,28,28,Duolingo,90,,,,,16,25,B1,elementary|intermediate,elementary|intermediate,cambridge_15_21_random_elementary_intermediate,4,19,random,,265.2569580078125,715.701416015625,286.5902919769287,779.138916015625,6,11,,,,,,,,,,,,2026-07-06T21:59:09.647Z,QGFAEPFN,2026-07-06,2026-07-06,18:59:09,2026-07-06 18:59:09,,,,,,,,697a707b5bc42b2987347880,697a707b5bc42b2987347880,,,,
38867,hover_association,2,2,int,18,3,17,18,86, attacks ,765,267,,697a707b5bc42b2987347880,697a707b5bc42b2987347880,intermediate,3,697a707b5bc42b2987347880,697a707b5bc42b2987347880,spotlight_PROLIFIC,,30,Brasil,Português Brasil ,"Português Brasil, inglês ",inglês,Português Brasil:80|English:10|inglês:10,100,Português Brasil:80|English:10|inglês:10,100,Português Brasil:100|English:0|inglês:0,100,17,5,Bachelor's,10,10,10,5,6,8,12,28,28,28,Duolingo,90,,,,,16,25,B1,elementary|intermediate,elementary|intermediate,cambridge_15_21_random_elementary_intermediate,4,19,random,,255.92361736297607,715.701416015625,295.9236249923706,779.138916015625,6,11,hover,51.30000000074506,51.30000000074506,0.036233836206896554,0.2769095131093,106,,,,,,2026-07-06T21:59:09.647Z,QGFAEPFN,2026-07-06,2026-07-06,18:59:09,2026-07-06 18:59:09,,,,,,,,697a707b5bc42b2987347880,697a707b5bc42b2987347880,,,,
38886,hover_association,2,2,int,18,3,17,18,85, in ,705,267,,697a707b5bc42b2987347880,697a707b5bc42b2987347880,intermediate,3,697a707b5bc42b2987347880,697a707b5bc42b2987347880,spotlight_PROLIFIC,,30,Brasil,Português Brasil ,"Português Brasil, inglês ",inglês,Português Brasil:80|English:10|inglês:10,100,Português Brasil:80|English:10|inglês:10,100,Português Brasil:100|English:0|inglês:0,100,17,5,Bachelor's,10,10,10,5,6,8,12,28,28,28,Duolingo,90,,,,,16,25,B1,elementary|intermediate,elementary|intermediate,cambridge_15_21_random_elementary_intermediate,4,19,random,,255.92361736297607,697.0138931274414,295.9236249923706,715.701416015625,6,10,hover,17.699999999254942,17.699999999254942,0.4273496771264602,0.2769095131093,106,,,,,,2026-07-06T21:59:09.647Z,QGFAEPFN,2026-07-06,2026-07-06,18:59:09,2026-07-06 18:59:09,,,,,,,,697a707b5bc42b2987347880,697a707b5bc42b2987347880,,,,
38895,raw_position_sample,2,2,int,18,3,17,18,84, killed ,673,267,4397081,697a707b5bc42b2987347880,697a707b5bc42b2987347880,intermediate,3,697a707b5bc42b2987347880,697a707b5bc42b2987347880,spotlight_PROLIFIC,,30,Brasil,Português Brasil ,"Português Brasil, inglês ",inglês,Português Brasil:80|English:10|inglês:10,100,Português Brasil:80|English:10|inglês:10,100,Português Brasil:100|English:0|inglês:0,100,17,5,Bachelor's,10,10,10,5,6,8,12,28,28,28,Duolingo,90,,,,,16,25,B1,elementary|intermediate,elementary|intermediate,cambridge_15_21_random_elementary_intermediate,4,19,random,,265.2569580078125,650.9583129882812,286.5902919769287,697.0138702392578,6,9,,,,,,,,,,,,2026-07-06T21:59:09.647Z,QGFAEPFN,2026-07-06,2026-07-06,18:59:09,2026-07-06 18:59:09,,,,,,,,697a707b5bc42b2987347880,697a707b5bc42b2987347880,,,,
38917,hover_association,2,2,int,18,3,17,18,84, killed ,673,267,,697a707b5bc42b2987347880,697a707b5bc42b2987347880,intermediate,3,697a707b5bc42b2987347880,697a707b5bc42b2987347880,spotlight_PROLIFIC,,30,Brasil,Português Brasil ,"Português Brasil, inglês ",inglês,Português Brasil:80|English:10|inglês:10,100,Português Brasil:80|English:10|inglês:10,100,Português Brasil:100|English:0|inglês:0,100,17,5,Bachelor's,10,10,10,5,6,8,12,28,28,28,Duolingo,90,,,,,16,25,B1,elementary|intermediate,elementary|intermediate,cambridge_15_21_random_elementary_intermediate,4,19,random,,255.92361736297607,650.9583396911621,295.9236249923706,697.0138931274414,6,9,hover,32.80000000074506,32.80000000074506,0.13118201515473918,0.2769095131093,106,,,,,,2026-07-06T21:59:09.647Z,QGFAEPFN,2026-07-06,2026-07-06,18:59:09,2026-07-06 18:59:09,,,,,,,,697a707b5bc42b2987347880,697a707b5bc42b2987347880,,,,
38945,raw_position_sample,2,2,int,18,3,17,18,83, were ,628,267,4397131.299999997,697a707b5bc42b2987347880,697a707b5bc42b2987347880,intermediate,3,697a707b5bc42b2987347880,697a707b5bc42b2987347880,spotlight_PROLIFIC,,30,Brasil,Português Brasil ,"Português Brasil, inglês ",inglês,Português Brasil:80|English:10|inglês:10,100,Português Brasil:80|English:10|inglês:10,100,Português Brasil:100|English:0|inglês:0,100,17,5,Bachelor's,10,10,10,5,6,8,12,28,28,28,Duolingo,90,,,,,16,25,B1,elementary|intermediate,elementary|intermediate,cambridge_15_21_random_elementary_intermediate,4,19,random,,265.2569580078125,608.0486450195312,286.5902919769287,650.958366394043,6,8,,,,,,,,,,,,2026-07-06T21:59:09.647Z,QGFAEPFN,2026-07-06,2026-07-06,18:59:09,2026-07-06 18:59:09,,,,,,,,697a707b5bc42b2987347880,697a707b5bc42b2987347880,,,,
38967,hover_association,2,2,int,18,3,17,18,83, were ,647,267,,697a707b5bc42b2987347880,697a707b5bc42b2987347880,intermediate,3,697a707b5bc42b2987347880,697a707b5bc42b2987347880,spotlight_PROLIFIC,,30,Brasil,Português Brasil ,"Português Brasil, inglês ",inglês,Português Brasil:80|English:10|inglês:10,100,Português Brasil:80|English:10|inglês:10,100,Português Brasil:100|English:0|inglês:0,100,17,5,Bachelor's,10,10,10,5,6,8,12,28,28,28,Duolingo,90,,,,,16,25,B1,elementary|intermediate,elementary|intermediate,cambridge_15_21_random_elementary_intermediate,4,19,random,,255.92361736297607,608.0486183166504,295.9236249923706,650.9583396911621,6,8,hover,48.80000000074506,48.80000000074506,0.278523870594245,0.2769095131093,106,,,,,,2026-07-06T21:59:09.647Z,QGFAEPFN,2026-07-06,2026-07-06,18:59:09,2026-07-06 18:59:09,,,,,,,,697a707b5bc42b2987347880,697a707b5bc42b2987347880,,,,
38995,raw_position_sample,2,2,int,18,3,17,18,82, people ,594,268,4397181.3999999985,697a707b5bc42b2987347880,697a707b5bc42b2987347880,intermediate,3,697a707b5bc42b2987347880,697a707b5bc42b2987347880,spotlight_PROLIFIC,,30,Brasil,Português Brasil ,"Português Brasil, inglês ",inglês,Português Brasil:80|English:10|inglês:10,100,Português Brasil:80|English:10|inglês:10,100,Português Brasil:100|English:0|inglês:0,100,17,5,Bachelor's,10,10,10,5,6,8,12,28,28,28,Duolingo,90,,,,,16,25,B1,elementary|intermediate,elementary|intermediate,cambridge_15_21_random_elementary_intermediate,4,19,random,,265.2569580078125,549.8958129882812,286.5902919769287,608.0485916137695,6,7,,,,,,,,,,,,2026-07-06T21:59:09.647Z,QGFAEPFN,2026-07-06,2026-07-06,18:59:09,2026-07-06 18:59:09,,,,,,,,697a707b5bc42b2987347880,697a707b5bc42b2987347880,,,,
39045,raw_position_sample,2,2,int,18,3,17,18,82, people ,553,274,4397231.299999997,697a707b5bc42b2987347880,697a707b5bc42b2987347880,intermediate,3,697a707b5bc42b2987347880,697a707b5bc42b2987347880,spotlight_PROLIFIC,,30,Brasil,Português Brasil ,"Português Brasil, inglês ",inglês,Português Brasil:80|English:10|inglês:10,100,Português Brasil:80|English:10|inglês:10,100,Português Brasil:100|English:0|inglês:0,100,17,5,Bachelor's,10,10,10,5,6,8,12,28,28,28,Duolingo,90,,,,,16,25,B1,elementary|intermediate,elementary|intermediate,cambridge_15_21_random_elementary_intermediate,4,19,random,,265.2569580078125,549.8958129882812,286.5902919769287,608.0485916137695,6,7,,,,,,,,,,,,2026-07-06T21:59:09.647Z,QGFAEPFN,2026-07-06,2026-07-06,18:59:09,2026-07-06 18:59:09,,,,,,,,697a707b5bc42b2987347880,697a707b5bc42b2987347880,,,,
39051,hover_association,2,2,int,18,3,17,18,82, people ,603,267,,697a707b5bc42b2987347880,697a707b5bc42b2987347880,intermediate,3,697a707b5bc42b2987347880,697a707b5bc42b2987347880,spotlight_PROLIFIC,,30,Brasil,Português Brasil ,"Português Brasil, inglês ",inglês,Português Brasil:80|English:10|inglês:10,100,Português Brasil:80|English:10|inglês:10,100,Português Brasil:100|English:0|inglês:0,100,17,5,Bachelor's,10,10,10,5,6,8,12,28,28,28,Duolingo,90,,,,,16,25,B1,elementary|intermediate,elementary|intermediate,cambridge_15_21_random_elementary_intermediate,4,19,random,,255.92361736297607,549.8958206176758,295.9236249923706,608.0486183166504,6,7,hover,83.80000000074506,83.80000000074506,0.05337970837435658,0.45190947973070533,106,,,,,,2026-07-06T21:59:09.647Z,QGFAEPFN,2026-07-06,2026-07-06,18:59:09,2026-07-06 18:59:09,,,,,,,,697a707b5bc42b2987347880,697a707b5bc42b2987347880,,,,
39095,raw_position_sample,2,2,int,18,3,17,18,81, Seven ,510,278,4397281.299999997,697a707b5bc42b2987347880,697a707b5bc42b2987347880,intermediate,3,697a707b5bc42b2987347880,697a707b5bc42b2987347880,spotlight_PROLIFIC,,30,Brasil,Português Brasil ,"Português Brasil, inglês ",inglês,Português Brasil:80|English:10|inglês:10,100,Português Brasil:80|English:10|inglês:10,100,Português Brasil:100|English:0|inglês:0,100,17,5,Bachelor's,10,10,10,5,6,8,12,28,28,28,Duolingo,90,,,,,16,25,B1,elementary|intermediate,elementary|intermediate,cambridge_15_21_random_elementary_intermediate,4,19,random,,265.2569580078125,497.34027099609375,286.5902919769287,549.8958282470703,6,6,,,,,,,,,,,,2026-07-06T21:59:09.647Z,QGFAEPFN,2026-07-06,2026-07-06,18:59:09,2026-07-06 18:59:09,,,,,,,,697a707b5bc42b2987347880,697a707b5bc42b2987347880,,,,
39101,hover_association,2,2,int,18,3,17,18,81, Seven ,545,275,,697a707b5bc42b2987347880,697a707b5bc42b2987347880,intermediate,3,697a707b5bc42b2987347880,697a707b5bc42b2987347880,spotlight_PROLIFIC,,30,Brasil,Português Brasil ,"Português Brasil, inglês ",inglês,Português Brasil:80|English:10|inglês:10,100,Português Brasil:80|English:10|inglês:10,100,Português Brasil:100|English:0|inglês:0,100,17,5,Bachelor's,10,10,10,5,6,8,12,28,28,28,Duolingo,90,,,,,16,25,B1,elementary|intermediate,elementary|intermediate,cambridge_15_21_random_elementary_intermediate,4,19,random,,255.92361736297607,497.3402729034424,295.9236249923706,549.8958206176758,6,6,hover,49.599999997764826,49.599999997764826,0.2408827925339847,0.5519094606572226,106,,,,,,2026-07-06T21:59:09.647Z,QGFAEPFN,2026-07-06,2026-07-06,18:59:09,2026-07-06 18:59:09,,,,,,,,697a707b5bc42b2987347880,697a707b5bc42b2987347880,,,,
39134,hover_association,2,2,int,18,3,17,18,80, too. ,482,279,,697a707b5bc42b2987347880,697a707b5bc42b2987347880,intermediate,3,697a707b5bc42b2987347880,697a707b5bc42b2987347880,spotlight_PROLIFIC,,30,Brasil,Português Brasil ,"Português Brasil, inglês ",inglês,Português Brasil:80|English:10|inglês:10,100,Português Brasil:80|English:10|inglês:10,100,Português Brasil:100|English:0|inglês:0,100,17,5,Bachelor's,10,10,10,5,6,8,12,28,28,28,Duolingo,90,,,,,16,25,B1,elementary|intermediate,elementary|intermediate,cambridge_15_21_random_elementary_intermediate,4,19,random,,255.92361736297607,462.0763931274414,295.9236249923706,497.3402729034424,6,5,hover,33.600000001490116,33.600000001490116,0.13962181427096915,0.5769094558888519,106,,,,,,2026-07-06T21:59:09.647Z,QGFAEPFN,2026-07-06,2026-07-06,18:59:09,2026-07-06 18:59:09,,,,,,,,697a707b5bc42b2987347880,697a707b5bc42b2987347880,,,,
39149,raw_position_sample,2,2,int,18,3,17,18,79," increased, ",434,279,4397334.799999997,697a707b5bc42b2987347880,697a707b5bc42b2987347880,intermediate,3,697a707b5bc42b2987347880,697a707b5bc42b2987347880,spotlight_PROLIFIC,,30,Brasil,Português Brasil ,"Português Brasil, inglês ",inglês,Português Brasil:80|English:10|inglês:10,100,Português Brasil:80|English:10|inglês:10,100,Português Brasil:100|English:0|inglês:0,100,17,5,Bachelor's,10,10,10,5,6,8,12,28,28,28,Duolingo,90,,,,,16,25,B1,elementary|intermediate,elementary|intermediate,cambridge_15_21_random_elementary_intermediate,4,19,random,,265.2569580078125,376.3958435058594,286.5902919769287,462.07640075683594,6,4,,,,,,,,,,,,2026-07-06T21:59:09.647Z,QGFAEPFN,2026-07-06,2026-07-06,18:59:09,2026-07-06 18:59:09,,,,,,,,697a707b5bc42b2987347880,697a707b5bc42b2987347880,,,,
39184,hover_association,2,2,int,18,3,17,18,79," increased, ",434,279,,697a707b5bc42b2987347880,697a707b5bc42b2987347880,intermediate,3,697a707b5bc42b2987347880,697a707b5bc42b2987347880,spotlight_PROLIFIC,,30,Brasil,Português Brasil ,"Português Brasil, inglês ",inglês,Português Brasil:80|English:10|inglês:10,100,Português Brasil:80|English:10|inglês:10,100,Português Brasil:100|English:0|inglês:0,100,17,5,Bachelor's,10,10,10,5,6,8,12,28,28,28,Duolingo,90,,,,,16,25,B1,elementary|intermediate,elementary|intermediate,cambridge_15_21_random_elementary_intermediate,4,19,random,,255.92361736297607,376.3958435058594,295.9236249923706,462.0763931274414,6,4,hover,49.69999999925494,49.69999999925494,0.11209261070988087,0.65190944158374,106,,,,,,2026-07-06T21:59:09.647Z,QGFAEPFN,2026-07-06,2026-07-06,18:59:09,2026-07-06 18:59:09,,,,,,,,697a707b5bc42b2987347880,697a707b5bc42b2987347880,,,,
39195,raw_position_sample,2,2,int,18,3,17,18,78, has ,370,282,4397381.299999997,697a707b5bc42b2987347880,697a707b5bc42b2987347880,intermediate,3,697a707b5bc42b2987347880,697a707b5bc42b2987347880,spotlight_PROLIFIC,,30,Brasil,Português Brasil ,"Português Brasil, inglês ",inglês,Português Brasil:80|English:10|inglês:10,100,Português Brasil:80|English:10|inglês:10,100,Português Brasil:100|English:0|inglês:0,100,17,5,Bachelor's,10,10,10,5,6,8,12,28,28,28,Duolingo,90,,,,,16,25,B1,elementary|intermediate,elementary|intermediate,cambridge_15_21_random_elementary_intermediate,4,19,random,,265.2569580078125,343.0208435058594,286.5902919769287,376.3958435058594,6,3,,,,,,,,,,,,2026-07-06T21:59:09.647Z,QGFAEPFN,2026-07-06,2026-07-06,18:59:09,2026-07-06 18:59:09,,,,,,,,697a707b5bc42b2987347880,697a707b5bc42b2987347880,,,,
39217,hover_association,2,2,int,18,3,17,18,78, has ,370,282,,697a707b5bc42b2987347880,697a707b5bc42b2987347880,intermediate,3,697a707b5bc42b2987347880,697a707b5bc42b2987347880,spotlight_PROLIFIC,,30,Brasil,Português Brasil ,"Português Brasil, inglês ",inglês,Português Brasil:80|English:10|inglês:10,100,Português Brasil:80|English:10|inglês:10,100,Português Brasil:100|English:0|inglês:0,100,17,5,Bachelor's,10,10,10,5,6,8,12,28,28,28,Duolingo,90,,,,,16,25,B1,elementary|intermediate,elementary|intermediate,cambridge_15_21_random_elementary_intermediate,4,19,random,,255.92361736297607,343.0208396911621,295.9236249923706,376.3958435058594,6,3,hover,33.69999999925494,33.69999999925494,0.328963567159295,0.65190944158374,106,,,,,,2026-07-06T21:59:09.647Z,QGFAEPFN,2026-07-06,2026-07-06,18:59:09,2026-07-06 18:59:09,,,,,,,,697a707b5bc42b2987347880,697a707b5bc42b2987347880,,,,
39245,raw_position_sample,2,2,int,18,3,17,18,77, villagers ,319,282,4397431.199999999,697a707b5bc42b2987347880,697a707b5bc42b2987347880,intermediate,3,697a707b5bc42b2987347880,697a707b5bc42b2987347880,spotlight_PROLIFIC,,30,Brasil,Português Brasil ,"Português Brasil, inglês ",inglês,Português Brasil:80|English:10|inglês:10,100,Português Brasil:80|English:10|inglês:10,100,Português Brasil:100|English:0|inglês:0,100,17,5,Bachelor's,10,10,10,5,6,8,12,28,28,28,Duolingo,90,,,,,16,25,B1,elementary|intermediate,elementary|intermediate,cambridge_15_21_random_elementary_intermediate,4,19,random,,265.2569580078125,272.25,286.5902919769287,343.02083587646484,6,2,,,,,,,,,,,,2026-07-06T21:59:09.647Z,QGFAEPFN,2026-07-06,2026-07-06,18:59:09,2026-07-06 18:59:09,,,,,,,,697a707b5bc42b2987347880,697a707b5bc42b2987347880,,,,
39300,raw_position_sample,2,2,int,18,3,17,18,77, villagers ,282,282,4397485.799999997,697a707b5bc42b2987347880,697a707b5bc42b2987347880,intermediate,3,697a707b5bc42b2987347880,697a707b5bc42b2987347880,spotlight_PROLIFIC,,30,Brasil,Português Brasil ,"Português Brasil, inglês ",inglês,Português Brasil:80|English:10|inglês:10,100,Português Brasil:80|English:10|inglês:10,100,Português Brasil:100|English:0|inglês:0,100,17,5,Bachelor's,10,10,10,5,6,8,12,28,28,28,Duolingo,90,,,,,16,25,B1,elementary|intermediate,elementary|intermediate,cambridge_15_21_random_elementary_intermediate,4,19,random,,265.2569580078125,272.25,286.5902919769287,343.02083587646484,6,2,,,,,,,,,,,,2026-07-06T21:59:09.647Z,QGFAEPFN,2026-07-06,2026-07-06,18:59:09,2026-07-06 18:59:09,,,,,,,,697a707b5bc42b2987347880,697a707b5bc42b2987347880,,,,
39316,hover_association,2,2,int,18,3,17,18,77, villagers ,329,282,,697a707b5bc42b2987347880,697a707b5bc42b2987347880,intermediate,3,697a707b5bc42b2987347880,697a707b5bc42b2987347880,spotlight_PROLIFIC,,30,Brasil,Português Brasil ,"Português Brasil, inglês ",inglês,Português Brasil:80|English:10|inglês:10,100,Português Brasil:80|English:10|inglês:10,100,Português Brasil:100|English:0|inglês:0,100,17,5,Bachelor's,10,10,10,5,6,8,12,28,28,28,Duolingo,90,,,,,16,25,B1,elementary|intermediate,elementary|intermediate,cambridge_15_21_random_elementary_intermediate,4,19,random,,255.92361736297607,272.25000190734863,295.9236249923706,343.0208396911621,6,2,hover,99.70000000298023,99.70000000298023,0.05298790024369412,0.65190944158374,106,,,,,,2026-07-06T21:59:09.647Z,QGFAEPFN,2026-07-06,2026-07-06,18:59:09,2026-07-06 18:59:09,,,,,,,,697a707b5bc42b2987347880,697a707b5bc42b2987347880,,,,
39347,raw_position_sample,2,2,int,18,3,17,18,76, with ,260,282,4397533.599999998,697a707b5bc42b2987347880,697a707b5bc42b2987347880,intermediate,3,697a707b5bc42b2987347880,697a707b5bc42b2987347880,spotlight_PROLIFIC,,30,Brasil,Português Brasil ,"Português Brasil, inglês ",inglês,Português Brasil:80|English:10|inglês:10,100,Português Brasil:80|English:10|inglês:10,100,Português Brasil:100|English:0|inglês:0,100,17,5,Bachelor's,10,10,10,5,6,8,12,28,28,28,Duolingo,90,,,,,16,25,B1,elementary|intermediate,elementary|intermediate,cambridge_15_21_random_elementary_intermediate,4,19,random,,265.2569580078125,234.18055725097656,286.5902919769287,272.25000381469727,6,1,,,,,,,,,,,,2026-07-06T21:59:09.647Z,QGFAEPFN,2026-07-06,2026-07-06,18:59:09,2026-07-06 18:59:09,,,,,,,,697a707b5bc42b2987347880,697a707b5bc42b2987347880,,,,
39396,raw_position_sample,2,2,int,18,3,17,18,76, with ,245,282,4397582.3999999985,697a707b5bc42b2987347880,697a707b5bc42b2987347880,intermediate,3,697a707b5bc42b2987347880,697a707b5bc42b2987347880,spotlight_PROLIFIC,,30,Brasil,Português Brasil ,"Português Brasil, inglês ",inglês,Português Brasil:80|English:10|inglês:10,100,Português Brasil:80|English:10|inglês:10,100,Português Brasil:100|English:0|inglês:0,100,17,5,Bachelor's,10,10,10,5,6,8,12,28,28,28,Duolingo,90,,,,,16,25,B1,elementary|intermediate,elementary|intermediate,cambridge_15_21_random_elementary_intermediate,4,19,random,,265.2569580078125,234.18055725097656,286.5902919769287,272.25000381469727,6,1,,,,,,,,,,,,2026-07-06T21:59:09.647Z,QGFAEPFN,2026-07-06,2026-07-06,18:59:09,2026-07-06 18:59:09,,,,,,,,697a707b5bc42b2987347880,697a707b5bc42b2987347880,,,,
39446,raw_position_sample,2,2,int,18,3,17,18,76, with ,245,282,4397632.299999997,697a707b5bc42b2987347880,697a707b5bc42b2987347880,intermediate,3,697a707b5bc42b2987347880,697a707b5bc42b2987347880,spotlight_PROLIFIC,,30,Brasil,Português Brasil ,"Português Brasil, inglês ",inglês,Português Brasil:80|English:10|inglês:10,100,Português Brasil:80|English:10|inglês:10,100,Português Brasil:100|English:0|inglês:0,100,17,5,Bachelor's,10,10,10,5,6,8,12,28,28,28,Duolingo,90,,,,,16,25,B1,elementary|intermediate,elementary|intermediate,cambridge_15_21_random_elementary_intermediate,4,19,random,,265.2569580078125,234.18055725097656,286.5902919769287,272.25000381469727,6,1,,,,,,,,,,,,2026-07-06T21:59:09.647Z,QGFAEPFN,2026-07-06,2026-07-06,18:59:09,2026-07-06 18:59:09,,,,,,,,697a707b5bc42b2987347880,697a707b5bc42b2987347880,,,,
39496,raw_position_sample,2,2,int,18,3,17,18,76, with ,242,282,4397682.199999999,697a707b5bc42b2987347880,697a707b5bc42b2987347880,intermediate,3,697a707b5bc42b2987347880,697a707b5bc42b2987347880,spotlight_PROLIFIC,,30,Brasil,Português Brasil ,"Português Brasil, inglês ",inglês,Português Brasil:80|English:10|inglês:10,100,Português Brasil:80|English:10|inglês:10,100,Português Brasil:100|English:0|inglês:0,100,17,5,Bachelor's,10,10,10,5,6,8,12,28,28,28,Duolingo,90,,,,,16,25,B1,elementary|intermediate,elementary|intermediate,cambridge_15_21_random_elementary_intermediate,4,19,random,,265.2569580078125,234.18055725097656,286.5902919769287,272.25000381469727,6,1,,,,,,,,,,,,2026-07-06T21:59:09.647Z,QGFAEPFN,2026-07-06,2026-07-06,18:59:09,2026-07-06 18:59:09,,,,,,,,697a707b5bc42b2987347880,697a707b5bc42b2987347880,,,,
39551,raw_position_sample,2,2,int,18,3,17,18,76, with ,240,282,4397737.3999999985,697a707b5bc42b2987347880,697a707b5bc42b2987347880,intermediate,3,697a707b5bc42b2987347880,697a707b5bc42b2987347880,spotlight_PROLIFIC,,30,Brasil,Português Brasil ,"Português Brasil, inglês ",inglês,Português Brasil:80|English:10|inglês:10,100,Português Brasil:80|English:10|inglês:10,100,Português Brasil:100|English:0|inglês:0,100,17,5,Bachelor's,10,10,10,5,6,8,12,28,28,28,Duolingo,90,,,,,16,25,B1,elementary|intermediate,elementary|intermediate,cambridge_15_21_random_elementary_intermediate,4,19,random,,265.2569580078125,234.18055725097656,286.5902919769287,272.25000381469727,6,1,,,,,,,,,,,,2026-07-06T21:59:09.647Z,QGFAEPFN,2026-07-06,2026-07-06,18:59:09,2026-07-06 18:59:09,,,,,,,,697a707b5bc42b2987347880,697a707b5bc42b2987347880,,,,
39596,raw_position_sample,2,2,int,18,3,17,18,76, with ,239,282,4397782.099999998,697a707b5bc42b2987347880,697a707b5bc42b2987347880,intermediate,3,697a707b5bc42b2987347880,697a707b5bc42b2987347880,spotlight_PROLIFIC,,30,Brasil,Português Brasil ,"Português Brasil, inglês ",inglês,Português Brasil:80|English:10|inglês:10,100,Português Brasil:80|English:10|inglês:10,100,Português Brasil:100|English:0|inglês:0,100,17,5,Bachelor's,10,10,10,5,6,8,12,28,28,28,Duolingo,90,,,,,16,25,B1,elementary|intermediate,elementary|intermediate,cambridge_15_21_random_elementary_intermediate,4,19,random,,265.2569580078125,234.18055725097656,286.5902919769287,272.25000381469727,6,1,,,,,,,,,,,,2026-07-06T21:59:09.647Z,QGFAEPFN,2026-07-06,2026-07-06,18:59:09,2026-07-06 18:59:09,,,,,,,,697a707b5bc42b2987347880,697a707b5bc42b2987347880,,,,
39649,raw_position_sample,2,2,int,18,3,17,18,76, with ,239,282,4397834.8999999985,697a707b5bc42b2987347880,697a707b5bc42b2987347880,intermediate,3,697a707b5bc42b2987347880,697a707b5bc42b2987347880,spotlight_PROLIFIC,,30,Brasil,Português Brasil ,"Português Brasil, inglês ",inglês,Português Brasil:80|English:10|inglês:10,100,Português Brasil:80|English:10|inglês:10,100,Português Brasil:100|English:0|inglês:0,100,17,5,Bachelor's,10,10,10,5,6,8,12,28,28,28,Duolingo,90,,,,,16,25,B1,elementary|intermediate,elementary|intermediate,cambridge_15_21_random_elementary_intermediate,4,19,random,,265.2569580078125,234.18055725097656,286.5902919769287,272.25000381469727,6,1,,,,,,,,,,,,2026-07-06T21:59:09.647Z,QGFAEPFN,2026-07-06,2026-07-06,18:59:09,2026-07-06 18:59:09,,,,,,,,697a707b5bc42b2987347880,697a707b5bc42b2987347880,,,,
39698,raw_position_sample,2,2,int,18,3,17,18,76, with ,239,282,4397884.199999999,697a707b5bc42b2987347880,697a707b5bc42b2987347880,intermediate,3,697a707b5bc42b2987347880,697a707b5bc42b2987347880,spotlight_PROLIFIC,,30,Brasil,Português Brasil ,"Português Brasil, inglês ",inglês,Português Brasil:80|English:10|inglês:10,100,Português Brasil:80|English:10|inglês:10,100,Português Brasil:100|English:0|inglês:0,100,17,5,Bachelor's,10,10,10,5,6,8,12,28,28,28,Duolingo,90,,,,,16,25,B1,elementary|intermediate,elementary|intermediate,cambridge_15_21_random_elementary_intermediate,4,19,random,,265.2569580078125,234.18055725097656,286.5902919769287,272.25000381469727,6,1,,,,,,,,,,,,2026-07-06T21:59:09.647Z,QGFAEPFN,2026-07-06,2026-07-06,18:59:09,2026-07-06 18:59:09,,,,,,,,697a707b5bc42b2987347880,697a707b5bc42b2987347880,,,,
39751,raw_position_sample,2,2,int,18,3,17,18,76, with ,239,282,4397936.799999997,697a707b5bc42b2987347880,697a707b5bc42b2987347880,intermediate,3,697a707b5bc42b2987347880,697a707b5bc42b2987347880,spotlight_PROLIFIC,,30,Brasil,Português Brasil ,"Português Brasil, inglês ",inglês,Português Brasil:80|English:10|inglês:10,100,Português Brasil:80|English:10|inglês:10,100,Português Brasil:100|English:0|inglês:0,100,17,5,Bachelor's,10,10,10,5,6,8,12,28,28,28,Duolingo,90,,,,,16,25,B1,elementary|intermediate,elementary|intermediate,cambridge_15_21_random_elementary_intermediate,4,19,random,,265.2569580078125,234.18055725097656,286.5902919769287,272.25000381469727,6,1,,,,,,,,,,,,2026-07-06T21:59:09.647Z,QGFAEPFN,2026-07-06,2026-07-06,18:59:09,2026-07-06 18:59:09,,,,,,,,697a707b5bc42b2987347880,697a707b5bc42b2987347880,,,,
39801,raw_position_sample,2,2,int,18,3,17,18,76, with ,239,282,4397987.3999999985,697a707b5bc42b2987347880,697a707b5bc42b2987347880,intermediate,3,697a707b5bc42b2987347880,697a707b5bc42b2987347880,spotlight_PROLIFIC,,30,Brasil,Português Brasil ,"Português Brasil, inglês ",inglês,Português Brasil:80|English:10|inglês:10,100,Português Brasil:80|English:10|inglês:10,100,Português Brasil:100|English:0|inglês:0,100,17,5,Bachelor's,10,10,10,5,6,8,12,28,28,28,Duolingo,90,,,,,16,25,B1,elementary|intermediate,elementary|intermediate,cambridge_15_21_random_elementary_intermediate,4,19,random,,265.2569580078125,234.18055725097656,286.5902919769287,272.25000381469727,6,1,,,,,,,,,,,,2026-07-06T21:59:09.647Z,QGFAEPFN,2026-07-06,2026-07-06,18:59:09,2026-07-06 18:59:09,,,,,,,,697a707b5bc42b2987347880,697a707b5bc42b2987347880,,,,
39850,raw_position_sample,2,2,int,18,3,17,18,76, with ,239,282,4398036.099999998,697a707b5bc42b2987347880,697a707b5bc42b2987347880,intermediate,3,697a707b5bc42b2987347880,697a707b5bc42b2987347880,spotlight_PROLIFIC,,30,Brasil,Português Brasil ,"Português Brasil, inglês ",inglês,Português Brasil:80|English:10|inglês:10,100,Português Brasil:80|English:10|inglês:10,100,Português Brasil:100|English:0|inglês:0,100,17,5,Bachelor's,10,10,10,5,6,8,12,28,28,28,Duolingo,90,,,,,16,25,B1,elementary|intermediate,elementary|intermediate,cambridge_15_21_random_elementary_intermediate,4,19,random,,265.2569580078125,234.18055725097656,286.5902919769287,272.25000381469727,6,1,,,,,,,,,,,,2026-07-06T21:59:09.647Z,QGFAEPFN,2026-07-06,2026-07-06,18:59:09,2026-07-06 18:59:09,,,,,,,,697a707b5bc42b2987347880,697a707b5bc42b2987347880,,,,
39901,raw_position_sample,2,2,int,18,3,17,18,76, with ,239,281,4398087.3999999985,697a707b5bc42b2987347880,697a707b5bc42b2987347880,intermediate,3,697a707b5bc42b2987347880,697a707b5bc42b2987347880,spotlight_PROLIFIC,,30,Brasil,Português Brasil ,"Português Brasil, inglês ",inglês,Português Brasil:80|English:10|inglês:10,100,Português Brasil:80|English:10|inglês:10,100,Português Brasil:100|English:0|inglês:0,100,17,5,Bachelor's,10,10,10,5,6,8,12,28,28,28,Duolingo,90,,,,,16,25,B1,elementary|intermediate,elementary|intermediate,cambridge_15_21_random_elementary_intermediate,4,19,random,,265.2569580078125,234.18055725097656,286.5902919769287,272.25000381469727,6,1,,,,,,,,,,,,2026-07-06T21:59:09.647Z,QGFAEPFN,2026-07-06,2026-07-06,18:59:09,2026-07-06 18:59:09,,,,,,,,697a707b5bc42b2987347880,697a707b5bc42b2987347880,,,,
39945,raw_position_sample,2,2,int,18,3,17,18,76, with ,240,278,4398131.5,697a707b5bc42b2987347880,697a707b5bc42b2987347880,intermediate,3,697a707b5bc42b2987347880,697a707b5bc42b2987347880,spotlight_PROLIFIC,,30,Brasil,Português Brasil ,"Português Brasil, inglês ",inglês,Português Brasil:80|English:10|inglês:10,100,Português Brasil:80|English:10|inglês:10,100,Português Brasil:100|English:0|inglês:0,100,17,5,Bachelor's,10,10,10,5,6,8,12,28,28,28,Duolingo,90,,,,,16,25,B1,elementary|intermediate,elementary|intermediate,cambridge_15_21_random_elementary_intermediate,4,19,random,,265.2569580078125,234.18055725097656,286.5902919769287,272.25000381469727,6,1,,,,,,,,,,,,2026-07-06T21:59:09.647Z,QGFAEPFN,2026-07-06,2026-07-06,18:59:09,2026-07-06 18:59:09,,,,,,,,697a707b5bc42b2987347880,697a707b5bc42b2987347880,,,,
39995,raw_position_sample,2,2,int,18,3,17,18,76, with ,247,276,4398181.699999999,697a707b5bc42b2987347880,697a707b5bc42b2987347880,intermediate,3,697a707b5bc42b2987347880,697a707b5bc42b2987347880,spotlight_PROLIFIC,,30,Brasil,Português Brasil ,"Português Brasil, inglês ",inglês,Português Brasil:80|English:10|inglês:10,100,Português Brasil:80|English:10|inglês:10,100,Português Brasil:100|English:0|inglês:0,100,17,5,Bachelor's,10,10,10,5,6,8,12,28,28,28,Duolingo,90,,,,,16,25,B1,elementary|intermediate,elementary|intermediate,cambridge_15_21_random_elementary_intermediate,4,19,random,,265.2569580078125,234.18055725097656,286.5902919769287,272.25000381469727,6,1,,,,,,,,,,,,2026-07-06T21:59:09.647Z,QGFAEPFN,2026-07-06,2026-07-06,18:59:09,2026-07-06 18:59:09,,,,,,,,697a707b5bc42b2987347880,697a707b5bc42b2987347880,,,,
40046,raw_position_sample,2,2,int,18,3,17,18,76, with ,249,276,4398232.099999998,697a707b5bc42b2987347880,697a707b5bc42b2987347880,intermediate,3,697a707b5bc42b2987347880,697a707b5bc42b2987347880,spotlight_PROLIFIC,,30,Brasil,Português Brasil ,"Português Brasil, inglês ",inglês,Português Brasil:80|English:10|inglês:10,100,Português Brasil:80|English:10|inglês:10,100,Português Brasil:100|English:0|inglês:0,100,17,5,Bachelor's,10,10,10,5,6,8,12,28,28,28,Duolingo,90,,,,,16,25,B1,elementary|intermediate,elementary|intermediate,cambridge_15_21_random_elementary_intermediate,4,19,random,,265.2569580078125,234.18055725097656,286.5902919769287,272.25000381469727,6,1,,,,,,,,,,,,2026-07-06T21:59:09.647Z,QGFAEPFN,2026-07-06,2026-07-06,18:59:09,2026-07-06 18:59:09,,,,,,,,697a707b5bc42b2987347880,697a707b5bc42b2987347880,,,,
40098,raw_position_sample,2,2,int,18,3,17,18,76, with ,252,275,4398284.5,697a707b5bc42b2987347880,697a707b5bc42b2987347880,intermediate,3,697a707b5bc42b2987347880,697a707b5bc42b2987347880,spotlight_PROLIFIC,,30,Brasil,Português Brasil ,"Português Brasil, inglês ",inglês,Português Brasil:80|English:10|inglês:10,100,Português Brasil:80|English:10|inglês:10,100,Português Brasil:100|English:0|inglês:0,100,17,5,Bachelor's,10,10,10,5,6,8,12,28,28,28,Duolingo,90,,,,,16,25,B1,elementary|intermediate,elementary|intermediate,cambridge_15_21_random_elementary_intermediate,4,19,random,,265.2569580078125,234.18055725097656,286.5902919769287,272.25000381469727,6,1,,,,,,,,,,,,2026-07-06T21:59:09.647Z,QGFAEPFN,2026-07-06,2026-07-06,18:59:09,2026-07-06 18:59:09,,,,,,,,697a707b5bc42b2987347880,697a707b5bc42b2987347880,,,,
40146,raw_position_sample,2,2,int,18,3,17,18,76, with ,255,275,4398332.199999999,697a707b5bc42b2987347880,697a707b5bc42b2987347880,intermediate,3,697a707b5bc42b2987347880,697a707b5bc42b2987347880,spotlight_PROLIFIC,,30,Brasil,Português Brasil ,"Português Brasil, inglês ",inglês,Português Brasil:80|English:10|inglês:10,100,Português Brasil:80|English:10|inglês:10,100,Português Brasil:100|English:0|inglês:0,100,17,5,Bachelor's,10,10,10,5,6,8,12,28,28,28,Duolingo,90,,,,,16,25,B1,elementary|intermediate,elementary|intermediate,cambridge_15_21_random_elementary_intermediate,4,19,random,,265.2569580078125,234.18055725097656,286.5902919769287,272.25000381469727,6,1,,,,,,,,,,,,2026-07-06T21:59:09.647Z,QGFAEPFN,2026-07-06,2026-07-06,18:59:09,2026-07-06 18:59:09,,,,,,,,697a707b5bc42b2987347880,697a707b5bc42b2987347880,,,,
40202,raw_position_sample,2,2,int,18,3,17,18,76, with ,257,273,4398388.799999997,697a707b5bc42b2987347880,697a707b5bc42b2987347880,intermediate,3,697a707b5bc42b2987347880,697a707b5bc42b2987347880,spotlight_PROLIFIC,,30,Brasil,Português Brasil ,"Português Brasil, inglês ",inglês,Português Brasil:80|English:10|inglês:10,100,Português Brasil:80|English:10|inglês:10,100,Português Brasil:100|English:0|inglês:0,100,17,5,Bachelor's,10,10,10,5,6,8,12,28,28,28,Duolingo,90,,,,,16,25,B1,elementary|intermediate,elementary|intermediate,cambridge_15_21_random_elementary_intermediate,4,19,random,,265.2569580078125,234.18055725097656,286.5902919769287,272.25000381469727,6,1,,,,,,,,,,,,2026-07-06T21:59:09.647Z,QGFAEPFN,2026-07-06,2026-07-06,18:59:09,2026-07-06 18:59:09,,,,,,,,697a707b5bc42b2987347880,697a707b5bc42b2987347880,,,,
40245,raw_position_sample,2,2,int,18,3,17,18,76, with ,267,272,4398431.099999998,697a707b5bc42b2987347880,697a707b5bc42b2987347880,intermediate,3,697a707b5bc42b2987347880,697a707b5bc42b2987347880,spotlight_PROLIFIC,,30,Brasil,Português Brasil ,"Português Brasil, inglês ",inglês,Português Brasil:80|English:10|inglês:10,100,Português Brasil:80|English:10|inglês:10,100,Português Brasil:100|English:0|inglês:0,100,17,5,Bachelor's,10,10,10,5,6,8,12,28,28,28,Duolingo,90,,,,,16,25,B1,elementary|intermediate,elementary|intermediate,cambridge_15_21_random_elementary_intermediate,4,19,random,,265.2569580078125,234.18055725097656,286.5902919769287,272.25000381469727,6,1,,,,,,,,,,,,2026-07-06T21:59:09.647Z,QGFAEPFN,2026-07-06,2026-07-06,18:59:09,2026-07-06 18:59:09,,,,,,,,697a707b5bc42b2987347880,697a707b5bc42b2987347880,,,,
40250,hover_association,2,2,int,18,3,17,18,76, with ,265,282,,697a707b5bc42b2987347880,697a707b5bc42b2987347880,intermediate,3,697a707b5bc42b2987347880,697a707b5bc42b2987347880,spotlight_PROLIFIC,,30,Brasil,Português Brasil ,"Português Brasil, inglês ",inglês,Português Brasil:80|English:10|inglês:10,100,Português Brasil:80|English:10|inglês:10,100,Português Brasil:100|English:0|inglês:0,100,17,5,Bachelor's,10,10,10,5,6,8,12,28,28,28,Duolingo,90,,,,,16,25,B1,elementary|intermediate,elementary|intermediate,cambridge_15_21_random_elementary_intermediate,4,19,random,,255.92361736297607,230.25173786708288,295.9236249923706,272.25000190734863,6,1,hover,933.0999999977648,933.0999999977648,0.8749947878246777,0.4019094892674467,106,,,,,,2026-07-06T21:59:09.647Z,QGFAEPFN,2026-07-06,2026-07-06,18:59:09,2026-07-06 18:59:09,,,,,,,,697a707b5bc42b2987347880,697a707b5bc42b2987347880,,,,
40295,raw_position_sample,2,2,int,18,3,17,18,77, villagers ,279,269,4398481.199999999,697a707b5bc42b2987347880,697a707b5bc42b2987347880,intermediate,3,697a707b5bc42b2987347880,697a707b5bc42b2987347880,spotlight_PROLIFIC,,30,Brasil,Português Brasil ,"Português Brasil, inglês ",inglês,Português Brasil:80|English:10|inglês:10,100,Português Brasil:80|English:10|inglês:10,100,Português Brasil:100|English:0|inglês:0,100,17,5,Bachelor's,10,10,10,5,6,8,12,28,28,28,Duolingo,90,,,,,16,25,B1,elementary|intermediate,elementary|intermediate,cambridge_15_21_random_elementary_intermediate,4,19,random,,265.2569580078125,272.25,286.5902919769287,343.02083587646484,6,2,,,,,,,,,,,,2026-07-06T21:59:09.647Z,QGFAEPFN,2026-07-06,2026-07-06,18:59:09,2026-07-06 18:59:09,,,,,,,,697a707b5bc42b2987347880,697a707b5bc42b2987347880,,,,
40345,raw_position_sample,2,2,int,18,3,17,18,77, villagers ,287,268,4398531.3999999985,697a707b5bc42b2987347880,697a707b5bc42b2987347880,intermediate,3,697a707b5bc42b2987347880,697a707b5bc42b2987347880,spotlight_PROLIFIC,,30,Brasil,Português Brasil ,"Português Brasil, inglês ",inglês,Português Brasil:80|English:10|inglês:10,100,Português Brasil:80|English:10|inglês:10,100,Português Brasil:100|English:0|inglês:0,100,17,5,Bachelor's,10,10,10,5,6,8,12,28,28,28,Duolingo,90,,,,,16,25,B1,elementary|intermediate,elementary|intermediate,cambridge_15_21_random_elementary_intermediate,4,19,random,,265.2569580078125,272.25,286.5902919769287,343.02083587646484,6,2,,,,,,,,,,,,2026-07-06T21:59:09.647Z,QGFAEPFN,2026-07-06,2026-07-06,18:59:09,2026-07-06 18:59:09,,,,,,,,697a707b5bc42b2987347880,697a707b5bc42b2987347880,,,,
40395,raw_position_sample,2,2,int,18,3,17,18,77, villagers ,294,268,4398581.299999997,697a707b5bc42b2987347880,697a707b5bc42b2987347880,intermediate,3,697a707b5bc42b2987347880,697a707b5bc42b2987347880,spotlight_PROLIFIC,,30,Brasil,Português Brasil ,"Português Brasil, inglês ",inglês,Português Brasil:80|English:10|inglês:10,100,Português Brasil:80|English:10|inglês:10,100,Português Brasil:100|English:0|inglês:0,100,17,5,Bachelor's,10,10,10,5,6,8,12,28,28,28,Duolingo,90,,,,,16,25,B1,elementary|intermediate,elementary|intermediate,cambridge_15_21_random_elementary_intermediate,4,19,random,,265.2569580078125,272.25,286.5902919769287,343.02083587646484,6,2,,,,,,,,,,,,2026-07-06T21:59:09.647Z,QGFAEPFN,2026-07-06,2026-07-06,18:59:09,2026-07-06 18:59:09,,,,,,,,697a707b5bc42b2987347880,697a707b5bc42b2987347880,,,,
40445,raw_position_sample,2,2,int,18,3,17,18,77, villagers ,298,269,4398631.199999999,697a707b5bc42b2987347880,697a707b5bc42b2987347880,intermediate,3,697a707b5bc42b2987347880,697a707b5bc42b2987347880,spotlight_PROLIFIC,,30,Brasil,Português Brasil ,"Português Brasil, inglês ",inglês,Português Brasil:80|English:10|inglês:10,100,Português Brasil:80|English:10|inglês:10,100,Português Brasil:100|English:0|inglês:0,100,17,5,Bachelor's,10,10,10,5,6,8,12,28,28,28,Duolingo,90,,,,,16,25,B1,elementary|intermediate,elementary|intermediate,cambridge_15_21_random_elementary_intermediate,4,19,random,,265.2569580078125,272.25,286.5902919769287,343.02083587646484,6,2,,,,,,,,,,,,2026-07-06T21:59:09.647Z,QGFAEPFN,2026-07-06,2026-07-06,18:59:09,2026-07-06 18:59:09,,,,,,,,697a707b5bc42b2987347880,697a707b5bc42b2987347880,,,,
40495,raw_position_sample,2,2,int,18,3,17,18,77, villagers ,306,271,4398681.299999997,697a707b5bc42b2987347880,697a707b5bc42b2987347880,intermediate,3,697a707b5bc42b2987347880,697a707b5bc42b2987347880,spotlight_PROLIFIC,,30,Brasil,Português Brasil ,"Português Brasil, inglês ",inglês,Português Brasil:80|English:10|inglês:10,100,Português Brasil:80|English:10|inglês:10,100,Português Brasil:100|English:0|inglês:0,100,17,5,Bachelor's,10,10,10,5,6,8,12,28,28,28,Duolingo,90,,,,,16,25,B1,elementary|intermediate,elementary|intermediate,cambridge_15_21_random_elementary_intermediate,4,19,random,,265.2569580078125,272.25,286.5902919769287,343.02083587646484,6,2,,,,,,,,,,,,2026-07-06T21:59:09.647Z,QGFAEPFN,2026-07-06,2026-07-06,18:59:09,2026-07-06 18:59:09,,,,,,,,697a707b5bc42b2987347880,697a707b5bc42b2987347880,,,,
40545,raw_position_sample,2,2,int,18,3,17,18,77, villagers ,318,273,4398731.799999997,697a707b5bc42b2987347880,697a707b5bc42b2987347880,intermediate,3,697a707b5bc42b2987347880,697a707b5bc42b2987347880,spotlight_PROLIFIC,,30,Brasil,Português Brasil ,"Português Brasil, inglês ",inglês,Português Brasil:80|English:10|inglês:10,100,Português Brasil:80|English:10|inglês:10,100,Português Brasil:100|English:0|inglês:0,100,17,5,Bachelor's,10,10,10,5,6,8,12,28,28,28,Duolingo,90,,,,,16,25,B1,elementary|intermediate,elementary|intermediate,cambridge_15_21_random_elementary_intermediate,4,19,random,,265.2569580078125,272.25,286.5902919769287,343.02083587646484,6,2,,,,,,,,,,,,2026-07-06T21:59:09.647Z,QGFAEPFN,2026-07-06,2026-07-06,18:59:09,2026-07-06 18:59:09,,,,,,,,697a707b5bc42b2987347880,697a707b5bc42b2987347880,,,,
40595,raw_position_sample,2,2,int,18,3,17,18,77, villagers ,327,275,4398781.099999998,697a707b5bc42b2987347880,697a707b5bc42b2987347880,intermediate,3,697a707b5bc42b2987347880,697a707b5bc42b2987347880,spotlight_PROLIFIC,,30,Brasil,Português Brasil ,"Português Brasil, inglês ",inglês,Português Brasil:80|English:10|inglês:10,100,Português Brasil:80|English:10|inglês:10,100,Português Brasil:100|English:0|inglês:0,100,17,5,Bachelor's,10,10,10,5,6,8,12,28,28,28,Duolingo,90,,,,,16,25,B1,elementary|intermediate,elementary|intermediate,cambridge_15_21_random_elementary_intermediate,4,19,random,,265.2569580078125,272.25,286.5902919769287,343.02083587646484,6,2,,,,,,,,,,,,2026-07-06T21:59:09.647Z,QGFAEPFN,2026-07-06,2026-07-06,18:59:09,2026-07-06 18:59:09,,,,,,,,697a707b5bc42b2987347880,697a707b5bc42b2987347880,,,,
40645,raw_position_sample,2,2,int,18,3,17,18,77, villagers ,336,279,4398831.299999997,697a707b5bc42b2987347880,697a707b5bc42b2987347880,intermediate,3,697a707b5bc42b2987347880,697a707b5bc42b2987347880,spotlight_PROLIFIC,,30,Brasil,Português Brasil ,"Português Brasil, inglês ",inglês,Português Brasil:80|English:10|inglês:10,100,Português Brasil:80|English:10|inglês:10,100,Português Brasil:100|English:0|inglês:0,100,17,5,Bachelor's,10,10,10,5,6,8,12,28,28,28,Duolingo,90,,,,,16,25,B1,elementary|intermediate,elementary|intermediate,cambridge_15_21_random_elementary_intermediate,4,19,random,,265.2569580078125,272.25,286.5902919769287,343.02083587646484,6,2,,,,,,,,,,,,2026-07-06T21:59:09.647Z,QGFAEPFN,2026-07-06,2026-07-06,18:59:09,2026-07-06 18:59:09,,,,,,,,697a707b5bc42b2987347880,697a707b5bc42b2987347880,,,,
40684,hover_association,2,2,int,18,3,17,18,77, villagers ,274,271,,697a707b5bc42b2987347880,697a707b5bc42b2987347880,intermediate,3,697a707b5bc42b2987347880,697a707b5bc42b2987347880,spotlight_PROLIFIC,,30,Brasil,Português Brasil ,"Português Brasil, inglês ",inglês,Português Brasil:80|English:10|inglês:10,100,Português Brasil:80|English:10|inglês:10,100,Português Brasil:100|English:0|inglês:0,100,17,5,Bachelor's,10,10,10,5,6,8,12,28,28,28,Duolingo,90,,,,,16,25,B1,elementary|intermediate,elementary|intermediate,cambridge_15_21_random_elementary_intermediate,4,19,random,,255.92361736297607,272.25000190734863,295.9236249923706,343.0208396911621,6,2,hover,433.5,433.5,0.9855754188712517,0.6269094463521107,106,,,,,,2026-07-06T21:59:09.647Z,QGFAEPFN,2026-07-06,2026-07-06,18:59:09,2026-07-06 18:59:09,,,,,,,,697a707b5bc42b2987347880,697a707b5bc42b2987347880,,,,
40695,raw_position_sample,2,2,int,18,3,17,18,78, has ,345,282,4398881.099999998,697a707b5bc42b2987347880,697a707b5bc42b2987347880,intermediate,3,697a707b5bc42b2987347880,697a707b5bc42b2987347880,spotlight_PROLIFIC,,30,Brasil,Português Brasil ,"Português Brasil, inglês ",inglês,Português Brasil:80|English:10|inglês:10,100,Português Brasil:80|English:10|inglês:10,100,Português Brasil:100|English:0|inglês:0,100,17,5,Bachelor's,10,10,10,5,6,8,12,28,28,28,Duolingo,90,,,,,16,25,B1,elementary|intermediate,elementary|intermediate,cambridge_15_21_random_elementary_intermediate,4,19,random,,265.2569580078125,343.0208435058594,286.5902919769287,376.3958435058594,6,3,,,,,,,,,,,,2026-07-06T21:59:09.647Z,QGFAEPFN,2026-07-06,2026-07-06,18:59:09,2026-07-06 18:59:09,,,,,,,,697a707b5bc42b2987347880,697a707b5bc42b2987347880,,,,
40745,raw_position_sample,2,2,int,18,3,17,18,78, has ,357,285,4398931.3999999985,697a707b5bc42b2987347880,697a707b5bc42b2987347880,intermediate,3,697a707b5bc42b2987347880,697a707b5bc42b2987347880,spotlight_PROLIFIC,,30,Brasil,Português Brasil ,"Português Brasil, inglês ",inglês,Português Brasil:80|English:10|inglês:10,100,Português Brasil:80|English:10|inglês:10,100,Português Brasil:100|English:0|inglês:0,100,17,5,Bachelor's,10,10,10,5,6,8,12,28,28,28,Duolingo,90,,,,,16,25,B1,elementary|intermediate,elementary|intermediate,cambridge_15_21_random_elementary_intermediate,4,19,random,,265.2569580078125,343.0208435058594,286.5902919769287,376.3958435058594,6,3,,,,,,,,,,,,2026-07-06T21:59:09.647Z,QGFAEPFN,2026-07-06,2026-07-06,18:59:09,2026-07-06 18:59:09,,,,,,,,697a707b5bc42b2987347880,697a707b5bc42b2987347880,,,,
40798,raw_position_sample,2,2,int,18,3,17,18,78, has ,361,286,4398984.199999999,697a707b5bc42b2987347880,697a707b5bc42b2987347880,intermediate,3,697a707b5bc42b2987347880,697a707b5bc42b2987347880,spotlight_PROLIFIC,,30,Brasil,Português Brasil ,"Português Brasil, inglês ",inglês,Português Brasil:80|English:10|inglês:10,100,Português Brasil:80|English:10|inglês:10,100,Português Brasil:100|English:0|inglês:0,100,17,5,Bachelor's,10,10,10,5,6,8,12,28,28,28,Duolingo,90,,,,,16,25,B1,elementary|intermediate,elementary|intermediate,cambridge_15_21_random_elementary_intermediate,4,19,random,,265.2569580078125,343.0208435058594,286.5902919769287,376.3958435058594,6,3,,,,,,,,,,,,2026-07-06T21:59:09.647Z,QGFAEPFN,2026-07-06,2026-07-06,18:59:09,2026-07-06 18:59:09,,,,,,,,697a707b5bc42b2987347880,697a707b5bc42b2987347880,,,,
40845,raw_position_sample,2,2,int,18,3,17,18,78, has ,374,289,4399031.099999998,697a707b5bc42b2987347880,697a707b5bc42b2987347880,intermediate,3,697a707b5bc42b2987347880,697a707b5bc42b2987347880,spotlight_PROLIFIC,,30,Brasil,Português Brasil ,"Português Brasil, inglês ",inglês,Português Brasil:80|English:10|inglês:10,100,Português Brasil:80|English:10|inglês:10,100,Português Brasil:100|English:0|inglês:0,100,17,5,Bachelor's,10,10,10,5,6,8,12,28,28,28,Duolingo,90,,,,,16,25,B1,elementary|intermediate,elementary|intermediate,cambridge_15_21_random_elementary_intermediate,4,19,random,,265.2569580078125,343.0208435058594,286.5902919769287,376.3958435058594,6,3,,,,,,,,,,,,2026-07-06T21:59:09.647Z,QGFAEPFN,2026-07-06,2026-07-06,18:59:09,2026-07-06 18:59:09,,,,,,,,697a707b5bc42b2987347880,697a707b5bc42b2987347880,,,,
40867,hover_association,2,2,int,18,3,17,18,78, has ,345,282,,697a707b5bc42b2987347880,697a707b5bc42b2987347880,intermediate,3,697a707b5bc42b2987347880,697a707b5bc42b2987347880,spotlight_PROLIFIC,,30,Brasil,Português Brasil ,"Português Brasil, inglês ",inglês,Português Brasil:80|English:10|inglês:10,100,Português Brasil:80|English:10|inglês:10,100,Português Brasil:100|English:0|inglês:0,100,17,5,Bachelor's,10,10,10,5,6,8,12,28,28,28,Duolingo,90,,,,,16,25,B1,elementary|intermediate,elementary|intermediate,cambridge_15_21_random_elementary_intermediate,4,19,random,,255.92361736297607,343.0208396911621,295.9236249923706,376.3958435058594,6,3,hover,183.5,183.5,0.9881395217793186,0.8769093986684039,106,,,,,,2026-07-06T21:59:09.647Z,QGFAEPFN,2026-07-06,2026-07-06,18:59:09,2026-07-06 18:59:09,,,,,,,,697a707b5bc42b2987347880,697a707b5bc42b2987347880,,,,
40895,raw_position_sample,2,2,int,18,3,17,18,79," increased, ",380,292,4399081.099999998,697a707b5bc42b2987347880,697a707b5bc42b2987347880,intermediate,3,697a707b5bc42b2987347880,697a707b5bc42b2987347880,spotlight_PROLIFIC,,30,Brasil,Português Brasil ,"Português Brasil, inglês ",inglês,Português Brasil:80|English:10|inglês:10,100,Português Brasil:80|English:10|inglês:10,100,Português Brasil:100|English:0|inglês:0,100,17,5,Bachelor's,10,10,10,5,6,8,12,28,28,28,Duolingo,90,,,,,16,25,B1,elementary|intermediate,elementary|intermediate,cambridge_15_21_random_elementary_intermediate,4,19,random,,265.2569580078125,376.3958435058594,286.5902919769287,462.07640075683594,6,4,,,,,,,,,,,,2026-07-06T21:59:09.647Z,QGFAEPFN,2026-07-06,2026-07-06,18:59:09,2026-07-06 18:59:09,,,,,,,,697a707b5bc42b2987347880,697a707b5bc42b2987347880,,,,
40945,raw_position_sample,2,2,int,18,3,17,18,79," increased, ",387,292,4399130.8999999985,697a707b5bc42b2987347880,697a707b5bc42b2987347880,intermediate,3,697a707b5bc42b2987347880,697a707b5bc42b2987347880,spotlight_PROLIFIC,,30,Brasil,Português Brasil ,"Português Brasil, inglês ",inglês,Português Brasil:80|English:10|inglês:10,100,Português Brasil:80|English:10|inglês:10,100,Português Brasil:100|English:0|inglês:0,100,17,5,Bachelor's,10,10,10,5,6,8,12,28,28,28,Duolingo,90,,,,,16,25,B1,elementary|intermediate,elementary|intermediate,cambridge_15_21_random_elementary_intermediate,4,19,random,,265.2569580078125,376.3958435058594,286.5902919769287,462.07640075683594,6,4,,,,,,,,,,,,2026-07-06T21:59:09.647Z,QGFAEPFN,2026-07-06,2026-07-06,18:59:09,2026-07-06 18:59:09,,,,,,,,697a707b5bc42b2987347880,697a707b5bc42b2987347880,,,,
40997,raw_position_sample,2,2,int,18,3,17,18,79," increased, ",388,292,4399183.599999998,697a707b5bc42b2987347880,697a707b5bc42b2987347880,intermediate,3,697a707b5bc42b2987347880,697a707b5bc42b2987347880,spotlight_PROLIFIC,,30,Brasil,Português Brasil ,"Português Brasil, inglês ",inglês,Português Brasil:80|English:10|inglês:10,100,Português Brasil:80|English:10|inglês:10,100,Português Brasil:100|English:0|inglês:0,100,17,5,Bachelor's,10,10,10,5,6,8,12,28,28,28,Duolingo,90,,,,,16,25,B1,elementary|intermediate,elementary|intermediate,cambridge_15_21_random_elementary_intermediate,4,19,random,,265.2569580078125,376.3958435058594,286.5902919769287,462.07640075683594,6,4,,,,,,,,,,,,2026-07-06T21:59:09.647Z,QGFAEPFN,2026-07-06,2026-07-06,18:59:09,2026-07-06 18:59:09,,,,,,,,697a707b5bc42b2987347880,697a707b5bc42b2987347880,,,,
41045,raw_position_sample,2,2,int,18,3,17,18,79," increased, ",398,292,4399231.199999999,697a707b5bc42b2987347880,697a707b5bc42b2987347880,intermediate,3,697a707b5bc42b2987347880,697a707b5bc42b2987347880,spotlight_PROLIFIC,,30,Brasil,Português Brasil ,"Português Brasil, inglês ",inglês,Português Brasil:80|English:10|inglês:10,100,Português Brasil:80|English:10|inglês:10,100,Português Brasil:100|English:0|inglês:0,100,17,5,Bachelor's,10,10,10,5,6,8,12,28,28,28,Duolingo,90,,,,,16,25,B1,elementary|intermediate,elementary|intermediate,cambridge_15_21_random_elementary_intermediate,4,19,random,,265.2569580078125,376.3958435058594,286.5902919769287,462.07640075683594,6,4,,,,,,,,,,,,2026-07-06T21:59:09.647Z,QGFAEPFN,2026-07-06,2026-07-06,18:59:09,2026-07-06 18:59:09,,,,,,,,697a707b5bc42b2987347880,697a707b5bc42b2987347880,,,,
41096,raw_position_sample,2,2,int,18,3,17,18,79," increased, ",412,292,4399282,697a707b5bc42b2987347880,697a707b5bc42b2987347880,intermediate,3,697a707b5bc42b2987347880,697a707b5bc42b2987347880,spotlight_PROLIFIC,,30,Brasil,Português Brasil ,"Português Brasil, inglês ",inglês,Português Brasil:80|English:10|inglês:10,100,Português Brasil:80|English:10|inglês:10,100,Português Brasil:100|English:0|inglês:0,100,17,5,Bachelor's,10,10,10,5,6,8,12,28,28,28,Duolingo,90,,,,,16,25,B1,elementary|intermediate,elementary|intermediate,cambridge_15_21_random_elementary_intermediate,4,19,random,,265.2569580078125,376.3958435058594,286.5902919769287,462.07640075683594,6,4,,,,,,,,,,,,2026-07-06T21:59:09.647Z,QGFAEPFN,2026-07-06,2026-07-06,18:59:09,2026-07-06 18:59:09,,,,,,,,697a707b5bc42b2987347880,697a707b5bc42b2987347880,,,,
41145,raw_position_sample,2,2,int,18,3,17,18,79," increased, ",422,292,4399331.099999998,697a707b5bc42b2987347880,697a707b5bc42b2987347880,intermediate,3,697a707b5bc42b2987347880,697a707b5bc42b2987347880,spotlight_PROLIFIC,,30,Brasil,Português Brasil ,"Português Brasil, inglês ",inglês,Português Brasil:80|English:10|inglês:10,100,Português Brasil:80|English:10|inglês:10,100,Português Brasil:100|English:0|inglês:0,100,17,5,Bachelor's,10,10,10,5,6,8,12,28,28,28,Duolingo,90,,,,,16,25,B1,elementary|intermediate,elementary|intermediate,cambridge_15_21_random_elementary_intermediate,4,19,random,,265.2569580078125,376.3958435058594,286.5902919769287,462.07640075683594,6,4,,,,,,,,,,,,2026-07-06T21:59:09.647Z,QGFAEPFN,2026-07-06,2026-07-06,18:59:09,2026-07-06 18:59:09,,,,,,,,697a707b5bc42b2987347880,697a707b5bc42b2987347880,,,,
41195,raw_position_sample,2,2,int,18,3,17,18,79," increased, ",434,291,4399381,697a707b5bc42b2987347880,697a707b5bc42b2987347880,intermediate,3,697a707b5bc42b2987347880,697a707b5bc42b2987347880,spotlight_PROLIFIC,,30,Brasil,Português Brasil ,"Português Brasil, inglês ",inglês,Português Brasil:80|English:10|inglês:10,100,Português Brasil:80|English:10|inglês:10,100,Português Brasil:100|English:0|inglês:0,100,17,5,Bachelor's,10,10,10,5,6,8,12,28,28,28,Duolingo,90,,,,,16,25,B1,elementary|intermediate,elementary|intermediate,cambridge_15_21_random_elementary_intermediate,4,19,random,,265.2569580078125,376.3958435058594,286.5902919769287,462.07640075683594,6,4,,,,,,,,,,,,2026-07-06T21:59:09.647Z,QGFAEPFN,2026-07-06,2026-07-06,18:59:09,2026-07-06 18:59:09,,,,,,,,697a707b5bc42b2987347880,697a707b5bc42b2987347880,,,,
41245,raw_position_sample,2,2,int,18,3,17,18,79," increased, ",443,291,4399431.299999997,697a707b5bc42b2987347880,697a707b5bc42b2987347880,intermediate,3,697a707b5bc42b2987347880,697a707b5bc42b2987347880,spotlight_PROLIFIC,,30,Brasil,Português Brasil ,"Português Brasil, inglês ",inglês,Português Brasil:80|English:10|inglês:10,100,Português Brasil:80|English:10|inglês:10,100,Português Brasil:100|English:0|inglês:0,100,17,5,Bachelor's,10,10,10,5,6,8,12,28,28,28,Duolingo,90,,,,,16,25,B1,elementary|intermediate,elementary|intermediate,cambridge_15_21_random_elementary_intermediate,4,19,random,,265.2569580078125,376.3958435058594,286.5902919769287,462.07640075683594,6,4,,,,,,,,,,,,2026-07-06T21:59:09.647Z,QGFAEPFN,2026-07-06,2026-07-06,18:59:09,2026-07-06 18:59:09,,,,,,,,697a707b5bc42b2987347880,697a707b5bc42b2987347880,,,,
41295,raw_position_sample,2,2,int,18,3,17,18,79," increased, ",453,290,4399481.199999999,697a707b5bc42b2987347880,697a707b5bc42b2987347880,intermediate,3,697a707b5bc42b2987347880,697a707b5bc42b2987347880,spotlight_PROLIFIC,,30,Brasil,Português Brasil ,"Português Brasil, inglês ",inglês,Português Brasil:80|English:10|inglês:10,100,Português Brasil:80|English:10|inglês:10,100,Português Brasil:100|English:0|inglês:0,100,17,5,Bachelor's,10,10,10,5,6,8,12,28,28,28,Duolingo,90,,,,,16,25,B1,elementary|intermediate,elementary|intermediate,cambridge_15_21_random_elementary_intermediate,4,19,random,,265.2569580078125,376.3958435058594,286.5902919769287,462.07640075683594,6,4,,,,,,,,,,,,2026-07-06T21:59:09.647Z,QGFAEPFN,2026-07-06,2026-07-06,18:59:09,2026-07-06 18:59:09,,,,,,,,697a707b5bc42b2987347880,697a707b5bc42b2987347880,,,,
41334,hover_association,2,2,int,18,3,17,18,79," increased, ",379,291,,697a707b5bc42b2987347880,697a707b5bc42b2987347880,intermediate,3,697a707b5bc42b2987347880,697a707b5bc42b2987347880,spotlight_PROLIFIC,,30,Brasil,Português Brasil ,"Português Brasil, inglês ",inglês,Português Brasil:80|English:10|inglês:10,100,Português Brasil:80|English:10|inglês:10,100,Português Brasil:100|English:0|inglês:0,100,17,5,Bachelor's,10,10,10,5,6,8,12,28,28,28,Duolingo,90,,,,,16,25,B1,elementary|intermediate,elementary|intermediate,cambridge_15_21_random_elementary_intermediate,4,19,random,,255.92361736297607,376.3958435058594,295.9236249923706,462.0763931274414,6,4,hover,467,467,0.9874371355903362,0.8519094034367746,106,,,,,,2026-07-06T21:59:09.647Z,QGFAEPFN,2026-07-06,2026-07-06,18:59:09,2026-07-06 18:59:09,,,,,,,,697a707b5bc42b2987347880,697a707b5bc42b2987347880,,,,
41345,raw_position_sample,2,2,int,18,3,17,18,80, too. ,463,290,4399531.099999998,697a707b5bc42b2987347880,697a707b5bc42b2987347880,intermediate,3,697a707b5bc42b2987347880,697a707b5bc42b2987347880,spotlight_PROLIFIC,,30,Brasil,Português Brasil ,"Português Brasil, inglês ",inglês,Português Brasil:80|English:10|inglês:10,100,Português Brasil:80|English:10|inglês:10,100,Português Brasil:100|English:0|inglês:0,100,17,5,Bachelor's,10,10,10,5,6,8,12,28,28,28,Duolingo,90,,,,,16,25,B1,elementary|intermediate,elementary|intermediate,cambridge_15_21_random_elementary_intermediate,4,19,random,,265.2569580078125,462.0763854980469,286.5902919769287,497.340274810791,6,5,,,,,,,,,,,,2026-07-06T21:59:09.647Z,QGFAEPFN,2026-07-06,2026-07-06,18:59:09,2026-07-06 18:59:09,,,,,,,,697a707b5bc42b2987347880,697a707b5bc42b2987347880,,,,
41395,raw_position_sample,2,2,int,18,3,17,18,80, too. ,477,290,4399581.299999997,697a707b5bc42b2987347880,697a707b5bc42b2987347880,intermediate,3,697a707b5bc42b2987347880,697a707b5bc42b2987347880,spotlight_PROLIFIC,,30,Brasil,Português Brasil ,"Português Brasil, inglês ",inglês,Português Brasil:80|English:10|inglês:10,100,Português Brasil:80|English:10|inglês:10,100,Português Brasil:100|English:0|inglês:0,100,17,5,Bachelor's,10,10,10,5,6,8,12,28,28,28,Duolingo,90,,,,,16,25,B1,elementary|intermediate,elementary|intermediate,cambridge_15_21_random_elementary_intermediate,4,19,random,,265.2569580078125,462.0763854980469,286.5902919769287,497.340274810791,6,5,,,,,,,,,,,,2026-07-06T21:59:09.647Z,QGFAEPFN,2026-07-06,2026-07-06,18:59:09,2026-07-06 18:59:09,,,,,,,,697a707b5bc42b2987347880,697a707b5bc42b2987347880,,,,
41445,raw_position_sample,2,2,int,18,3,17,18,80, too. ,484,290,4399631,697a707b5bc42b2987347880,697a707b5bc42b2987347880,intermediate,3,697a707b5bc42b2987347880,697a707b5bc42b2987347880,spotlight_PROLIFIC,,30,Brasil,Português Brasil ,"Português Brasil, inglês ",inglês,Português Brasil:80|English:10|inglês:10,100,Português Brasil:80|English:10|inglês:10,100,Português Brasil:100|English:0|inglês:0,100,17,5,Bachelor's,10,10,10,5,6,8,12,28,28,28,Duolingo,90,,,,,16,25,B1,elementary|intermediate,elementary|intermediate,cambridge_15_21_random_elementary_intermediate,4,19,random,,265.2569580078125,462.0763854980469,286.5902919769287,497.340274810791,6,5,,,,,,,,,,,,2026-07-06T21:59:09.647Z,QGFAEPFN,2026-07-06,2026-07-06,18:59:09,2026-07-06 18:59:09,,,,,,,,697a707b5bc42b2987347880,697a707b5bc42b2987347880,,,,
41482,hover_association,2,2,int,18,3,17,18,80, too. ,463,290,,697a707b5bc42b2987347880,697a707b5bc42b2987347880,intermediate,3,697a707b5bc42b2987347880,697a707b5bc42b2987347880,spotlight_PROLIFIC,,30,Brasil,Português Brasil ,"Português Brasil, inglês ",inglês,Português Brasil:80|English:10|inglês:10,100,Português Brasil:80|English:10|inglês:10,100,Português Brasil:100|English:0|inglês:0,100,17,5,Bachelor's,10,10,10,5,6,8,12,28,28,28,Duolingo,90,,,,,16,25,B1,elementary|intermediate,elementary|intermediate,cambridge_15_21_random_elementary_intermediate,4,19,random,,255.92361736297607,462.0763931274414,295.9236249923706,497.3402729034424,6,5,hover,148.40000000223517,148.40000000223517,0.9052777821198329,0.8519094034367746,106,,,,,,2026-07-06T21:59:09.647Z,QGFAEPFN,2026-07-06,2026-07-06,18:59:09,2026-07-06 18:59:09,,,,,,,,697a707b5bc42b2987347880,697a707b5bc42b2987347880,,,,
41495,raw_position_sample,2,2,int,18,3,17,18,81, Seven ,499,290,4399681.299999997,697a707b5bc42b2987347880,697a707b5bc42b2987347880,intermediate,3,697a707b5bc42b2987347880,697a707b5bc42b2987347880,spotlight_PROLIFIC,,30,Brasil,Português Brasil ,"Português Brasil, inglês ",inglês,Português Brasil:80|English:10|inglês:10,100,Português Brasil:80|English:10|inglês:10,100,Português Brasil:100|English:0|inglês:0,100,17,5,Bachelor's,10,10,10,5,6,8,12,28,28,28,Duolingo,90,,,,,16,25,B1,elementary|intermediate,elementary|intermediate,cambridge_15_21_random_elementary_intermediate,4,19,random,,265.2569580078125,497.34027099609375,286.5902919769287,549.8958282470703,6,6,,,,,,,,,,,,2026-07-06T21:59:09.647Z,QGFAEPFN,2026-07-06,2026-07-06,18:59:09,2026-07-06 18:59:09,,,,,,,,697a707b5bc42b2987347880,697a707b5bc42b2987347880,,,,
41545,raw_position_sample,2,2,int,18,3,17,18,81, Seven ,515,290,4399731.799999997,697a707b5bc42b2987347880,697a707b5bc42b2987347880,intermediate,3,697a707b5bc42b2987347880,697a707b5bc42b2987347880,spotlight_PROLIFIC,,30,Brasil,Português Brasil ,"Português Brasil, inglês ",inglês,Português Brasil:80|English:10|inglês:10,100,Português Brasil:80|English:10|inglês:10,100,Português Brasil:100|English:0|inglês:0,100,17,5,Bachelor's,10,10,10,5,6,8,12,28,28,28,Duolingo,90,,,,,16,25,B1,elementary|intermediate,elementary|intermediate,cambridge_15_21_random_elementary_intermediate,4,19,random,,265.2569580078125,497.34027099609375,286.5902919769287,549.8958282470703,6,6,,,,,,,,,,,,2026-07-06T21:59:09.647Z,QGFAEPFN,2026-07-06,2026-07-06,18:59:09,2026-07-06 18:59:09,,,,,,,,697a707b5bc42b2987347880,697a707b5bc42b2987347880,,,,
41595,raw_position_sample,2,2,int,18,3,17,18,81, Seven ,531,290,4399781.299999997,697a707b5bc42b2987347880,697a707b5bc42b2987347880,intermediate,3,697a707b5bc42b2987347880,697a707b5bc42b2987347880,spotlight_PROLIFIC,,30,Brasil,Português Brasil ,"Português Brasil, inglês ",inglês,Português Brasil:80|English:10|inglês:10,100,Português Brasil:80|English:10|inglês:10,100,Português Brasil:100|English:0|inglês:0,100,17,5,Bachelor's,10,10,10,5,6,8,12,28,28,28,Duolingo,90,,,,,16,25,B1,elementary|intermediate,elementary|intermediate,cambridge_15_21_random_elementary_intermediate,4,19,random,,265.2569580078125,497.34027099609375,286.5902919769287,549.8958282470703,6,6,,,,,,,,,,,,2026-07-06T21:59:09.647Z,QGFAEPFN,2026-07-06,2026-07-06,18:59:09,2026-07-06 18:59:09,,,,,,,,697a707b5bc42b2987347880,697a707b5bc42b2987347880,,,,
41645,raw_position_sample,2,2,int,18,3,17,18,81, Seven ,544,290,4399831.099999998,697a707b5bc42b2987347880,697a707b5bc42b2987347880,intermediate,3,697a707b5bc42b2987347880,697a707b5bc42b2987347880,spotlight_PROLIFIC,,30,Brasil,Português Brasil ,"Português Brasil, inglês ",inglês,Português Brasil:80|English:10|inglês:10,100,Português Brasil:80|English:10|inglês:10,100,Português Brasil:100|English:0|inglês:0,100,17,5,Bachelor's,10,10,10,5,6,8,12,28,28,28,Duolingo,90,,,,,16,25,B1,elementary|intermediate,elementary|intermediate,cambridge_15_21_random_elementary_intermediate,4,19,random,,265.2569580078125,497.34027099609375,286.5902919769287,549.8958282470703,6,6,,,,,,,,,,,,2026-07-06T21:59:09.647Z,QGFAEPFN,2026-07-06,2026-07-06,18:59:09,2026-07-06 18:59:09,,,,,,,,697a707b5bc42b2987347880,697a707b5bc42b2987347880,,,,
41667,hover_association,2,2,int,18,3,17,18,81, Seven ,499,290,,697a707b5bc42b2987347880,697a707b5bc42b2987347880,intermediate,3,697a707b5bc42b2987347880,697a707b5bc42b2987347880,spotlight_PROLIFIC,,30,Brasil,Português Brasil ,"Português Brasil, inglês ",inglês,Português Brasil:80|English:10|inglês:10,100,Português Brasil:80|English:10|inglês:10,100,Português Brasil:100|English:0|inglês:0,100,17,5,Bachelor's,10,10,10,5,6,8,12,28,28,28,Duolingo,90,,,,,16,25,B1,elementary|intermediate,elementary|intermediate,cambridge_15_21_random_elementary_intermediate,4,19,random,,255.92361736297607,497.3402729034424,295.9236249923706,549.8958206176758,6,6,hover,185.39999999850988,185.39999999850988,0.9448998108930083,0.8519094034367746,106,,,,,,2026-07-06T21:59:09.647Z,QGFAEPFN,2026-07-06,2026-07-06,18:59:09,2026-07-06 18:59:09,,,,,,,,697a707b5bc42b2987347880,697a707b5bc42b2987347880,,,,
41698,raw_position_sample,2,2,int,18,3,17,18,82, people ,554,291,4399884,697a707b5bc42b2987347880,697a707b5bc42b2987347880,intermediate,3,697a707b5bc42b2987347880,697a707b5bc42b2987347880,spotlight_PROLIFIC,,30,Brasil,Português Brasil ,"Português Brasil, inglês ",inglês,Português Brasil:80|English:10|inglês:10,100,Português Brasil:80|English:10|inglês:10,100,Português Brasil:100|English:0|inglês:0,100,17,5,Bachelor's,10,10,10,5,6,8,12,28,28,28,Duolingo,90,,,,,16,25,B1,elementary|intermediate,elementary|intermediate,cambridge_15_21_random_elementary_intermediate,4,19,random,,265.2569580078125,549.8958129882812,286.5902919769287,608.0485916137695,6,7,,,,,,,,,,,,2026-07-06T21:59:09.647Z,QGFAEPFN,2026-07-06,2026-07-06,18:59:09,2026-07-06 18:59:09,,,,,,,,697a707b5bc42b2987347880,697a707b5bc42b2987347880,,,,
41745,raw_position_sample,2,2,int,18,3,17,18,82, people ,566,292,4399931.5,697a707b5bc42b2987347880,697a707b5bc42b2987347880,intermediate,3,697a707b5bc42b2987347880,697a707b5bc42b2987347880,spotlight_PROLIFIC,,30,Brasil,Português Brasil ,"Português Brasil, inglês ",inglês,Português Brasil:80|English:10|inglês:10,100,Português Brasil:80|English:10|inglês:10,100,Português Brasil:100|English:0|inglês:0,100,17,5,Bachelor's,10,10,10,5,6,8,12,28,28,28,Duolingo,90,,,,,16,25,B1,elementary|intermediate,elementary|intermediate,cambridge_15_21_random_elementary_intermediate,4,19,random,,265.2569580078125,549.8958129882812,286.5902919769287,608.0485916137695,6,7,,,,,,,,,,,,2026-07-06T21:59:09.647Z,QGFAEPFN,2026-07-06,2026-07-06,18:59:09,2026-07-06 18:59:09,,,,,,,,697a707b5bc42b2987347880,697a707b5bc42b2987347880,,,,
41798,raw_position_sample,2,2,int,18,3,17,18,82, people ,567,292,4399984.099999998,697a707b5bc42b2987347880,697a707b5bc42b2987347880,intermediate,3,697a707b5bc42b2987347880,697a707b5bc42b2987347880,spotlight_PROLIFIC,,30,Brasil,Português Brasil ,"Português Brasil, inglês ",inglês,Português Brasil:80|English:10|inglês:10,100,Português Brasil:80|English:10|inglês:10,100,Português Brasil:100|English:0|inglês:0,100,17,5,Bachelor's,10,10,10,5,6,8,12,28,28,28,Duolingo,90,,,,,16,25,B1,elementary|intermediate,elementary|intermediate,cambridge_15_21_random_elementary_intermediate,4,19,random,,265.2569580078125,549.8958129882812,286.5902919769287,608.0485916137695,6,7,,,,,,,,,,,,2026-07-06T21:59:09.647Z,QGFAEPFN,2026-07-06,2026-07-06,18:59:09,2026-07-06 18:59:09,,,,,,,,697a707b5bc42b2987347880,697a707b5bc42b2987347880,,,,
41848,raw_position_sample,2,2,int,18,3,17,18,82, people ,578,292,4400034.299999997,697a707b5bc42b2987347880,697a707b5bc42b2987347880,intermediate,3,697a707b5bc42b2987347880,697a707b5bc42b2987347880,spotlight_PROLIFIC,,30,Brasil,Português Brasil ,"Português Brasil, inglês ",inglês,Português Brasil:80|English:10|inglês:10,100,Português Brasil:80|English:10|inglês:10,100,Português Brasil:100|English:0|inglês:0,100,17,5,Bachelor's,10,10,10,5,6,8,12,28,28,28,Duolingo,90,,,,,16,25,B1,elementary|intermediate,elementary|intermediate,cambridge_15_21_random_elementary_intermediate,4,19,random,,265.2569580078125,549.8958129882812,286.5902919769287,608.0485916137695,6,7,,,,,,,,,,,,2026-07-06T21:59:09.647Z,QGFAEPFN,2026-07-06,2026-07-06,18:59:09,2026-07-06 18:59:09,,,,,,,,697a707b5bc42b2987347880,697a707b5bc42b2987347880,,,,
41895,raw_position_sample,2,2,int,18,3,17,18,82, people ,581,292,4400081.799999997,697a707b5bc42b2987347880,697a707b5bc42b2987347880,intermediate,3,697a707b5bc42b2987347880,697a707b5bc42b2987347880,spotlight_PROLIFIC,,30,Brasil,Português Brasil ,"Português Brasil, inglês ",inglês,Português Brasil:80|English:10|inglês:10,100,Português Brasil:80|English:10|inglês:10,100,Português Brasil:100|English:0|inglês:0,100,17,5,Bachelor's,10,10,10,5,6,8,12,28,28,28,Duolingo,90,,,,,16,25,B1,elementary|intermediate,elementary|intermediate,cambridge_15_21_random_elementary_intermediate,4,19,random,,265.2569580078125,549.8958129882812,286.5902919769287,608.0485916137695,6,7,,,,,,,,,,,,2026-07-06T21:59:09.647Z,QGFAEPFN,2026-07-06,2026-07-06,18:59:09,2026-07-06 18:59:09,,,,,,,,697a707b5bc42b2987347880,697a707b5bc42b2987347880,,,,
41945,raw_position_sample,2,2,int,18,3,17,18,82, people ,583,292,4400131.699999999,697a707b5bc42b2987347880,697a707b5bc42b2987347880,intermediate,3,697a707b5bc42b2987347880,697a707b5bc42b2987347880,spotlight_PROLIFIC,,30,Brasil,Português Brasil ,"Português Brasil, inglês ",inglês,Português Brasil:80|English:10|inglês:10,100,Português Brasil:80|English:10|inglês:10,100,Português Brasil:100|English:0|inglês:0,100,17,5,Bachelor's,10,10,10,5,6,8,12,28,28,28,Duolingo,90,,,,,16,25,B1,elementary|intermediate,elementary|intermediate,cambridge_15_21_random_elementary_intermediate,4,19,random,,265.2569580078125,549.8958129882812,286.5902919769287,608.0485916137695,6,7,,,,,,,,,,,,2026-07-06T21:59:09.647Z,QGFAEPFN,2026-07-06,2026-07-06,18:59:09,2026-07-06 18:59:09,,,,,,,,697a707b5bc42b2987347880,697a707b5bc42b2987347880,,,,
41995,raw_position_sample,2,2,int,18,3,17,18,82, people ,590,292,4400181.3999999985,697a707b5bc42b2987347880,697a707b5bc42b2987347880,intermediate,3,697a707b5bc42b2987347880,697a707b5bc42b2987347880,spotlight_PROLIFIC,,30,Brasil,Português Brasil ,"Português Brasil, inglês ",inglês,Português Brasil:80|English:10|inglês:10,100,Português Brasil:80|English:10|inglês:10,100,Português Brasil:100|English:0|inglês:0,100,17,5,Bachelor's,10,10,10,5,6,8,12,28,28,28,Duolingo,90,,,,,16,25,B1,elementary|intermediate,elementary|intermediate,cambridge_15_21_random_elementary_intermediate,4,19,random,,265.2569580078125,549.8958129882812,286.5902919769287,608.0485916137695,6,7,,,,,,,,,,,,2026-07-06T21:59:09.647Z,QGFAEPFN,2026-07-06,2026-07-06,18:59:09,2026-07-06 18:59:09,,,,,,,,697a707b5bc42b2987347880,697a707b5bc42b2987347880,,,,
42045,raw_position_sample,2,2,int,18,3,17,18,82, people ,600,292,4400231.299999997,697a707b5bc42b2987347880,697a707b5bc42b2987347880,intermediate,3,697a707b5bc42b2987347880,697a707b5bc42b2987347880,spotlight_PROLIFIC,,30,Brasil,Português Brasil ,"Português Brasil, inglês ",inglês,Português Brasil:80|English:10|inglês:10,100,Português Brasil:80|English:10|inglês:10,100,Português Brasil:100|English:0|inglês:0,100,17,5,Bachelor's,10,10,10,5,6,8,12,28,28,28,Duolingo,90,,,,,16,25,B1,elementary|intermediate,elementary|intermediate,cambridge_15_21_random_elementary_intermediate,4,19,random,,265.2569580078125,549.8958129882812,286.5902919769287,608.0485916137695,6,7,,,,,,,,,,,,2026-07-06T21:59:09.647Z,QGFAEPFN,2026-07-06,2026-07-06,18:59:09,2026-07-06 18:59:09,,,,,,,,697a707b5bc42b2987347880,697a707b5bc42b2987347880,,,,
42096,raw_position_sample,2,2,int,18,3,17,18,82, people ,607,292,4400281.799999997,697a707b5bc42b2987347880,697a707b5bc42b2987347880,intermediate,3,697a707b5bc42b2987347880,697a707b5bc42b2987347880,spotlight_PROLIFIC,,30,Brasil,Português Brasil ,"Português Brasil, inglês ",inglês,Português Brasil:80|English:10|inglês:10,100,Português Brasil:80|English:10|inglês:10,100,Português Brasil:100|English:0|inglês:0,100,17,5,Bachelor's,10,10,10,5,6,8,12,28,28,28,Duolingo,90,,,,,16,25,B1,elementary|intermediate,elementary|intermediate,cambridge_15_21_random_elementary_intermediate,4,19,random,,265.2569580078125,549.8958129882812,286.5902919769287,608.0485916137695,6,7,,,,,,,,,,,,2026-07-06T21:59:09.647Z,QGFAEPFN,2026-07-06,2026-07-06,18:59:09,2026-07-06 18:59:09,,,,,,,,697a707b5bc42b2987347880,697a707b5bc42b2987347880,,,,
42116,hover_association,2,2,int,18,3,17,18,82, people ,551,291,,697a707b5bc42b2987347880,697a707b5bc42b2987347880,intermediate,3,697a707b5bc42b2987347880,697a707b5bc42b2987347880,spotlight_PROLIFIC,,30,Brasil,Português Brasil ,"Português Brasil, inglês ",inglês,Português Brasil:80|English:10|inglês:10,100,Português Brasil:80|English:10|inglês:10,100,Português Brasil:100|English:0|inglês:0,100,17,5,Bachelor's,10,10,10,5,6,8,12,28,28,28,Duolingo,90,,,,,16,25,B1,elementary|intermediate,elementary|intermediate,cambridge_15_21_random_elementary_intermediate,4,19,random,,255.92361736297607,549.8958206176758,295.9236249923706,608.0486183166504,6,7,hover,448.3999999985099,448.3999999985099,0.9991639556723985,0.9019093939000332,106,,,,,,2026-07-06T21:59:09.647Z,QGFAEPFN,2026-07-06,2026-07-06,18:59:09,2026-07-06 18:59:09,,,,,,,,697a707b5bc42b2987347880,697a707b5bc42b2987347880,,,,
42146,raw_position_sample,2,2,int,18,3,17,18,83, were ,610,292,4400332.099999998,697a707b5bc42b2987347880,697a707b5bc42b2987347880,intermediate,3,697a707b5bc42b2987347880,697a707b5bc42b2987347880,spotlight_PROLIFIC,,30,Brasil,Português Brasil ,"Português Brasil, inglês ",inglês,Português Brasil:80|English:10|inglês:10,100,Português Brasil:80|English:10|inglês:10,100,Português Brasil:100|English:0|inglês:0,100,17,5,Bachelor's,10,10,10,5,6,8,12,28,28,28,Duolingo,90,,,,,16,25,B1,elementary|intermediate,elementary|intermediate,cambridge_15_21_random_elementary_intermediate,4,19,random,,265.2569580078125,608.0486450195312,286.5902919769287,650.958366394043,6,8,,,,,,,,,,,,2026-07-06T21:59:09.647Z,QGFAEPFN,2026-07-06,2026-07-06,18:59:09,2026-07-06 18:59:09,,,,,,,,697a707b5bc42b2987347880,697a707b5bc42b2987347880,,,,
42196,raw_position_sample,2,2,int,18,3,17,18,83, were ,615,291,4400382.099999998,697a707b5bc42b2987347880,697a707b5bc42b2987347880,intermediate,3,697a707b5bc42b2987347880,697a707b5bc42b2987347880,spotlight_PROLIFIC,,30,Brasil,Português Brasil ,"Português Brasil, inglês ",inglês,Português Brasil:80|English:10|inglês:10,100,Português Brasil:80|English:10|inglês:10,100,Português Brasil:100|English:0|inglês:0,100,17,5,Bachelor's,10,10,10,5,6,8,12,28,28,28,Duolingo,90,,,,,16,25,B1,elementary|intermediate,elementary|intermediate,cambridge_15_21_random_elementary_intermediate,4,19,random,,265.2569580078125,608.0486450195312,286.5902919769287,650.958366394043,6,8,,,,,,,,,,,,2026-07-06T21:59:09.647Z,QGFAEPFN,2026-07-06,2026-07-06,18:59:09,2026-07-06 18:59:09,,,,,,,,697a707b5bc42b2987347880,697a707b5bc42b2987347880,,,,
42251,raw_position_sample,2,2,int,18,3,17,18,83, were ,619,291,4400437.299999997,697a707b5bc42b2987347880,697a707b5bc42b2987347880,intermediate,3,697a707b5bc42b2987347880,697a707b5bc42b2987347880,spotlight_PROLIFIC,,30,Brasil,Português Brasil ,"Português Brasil, inglês ",inglês,Português Brasil:80|English:10|inglês:10,100,Português Brasil:80|English:10|inglês:10,100,Português Brasil:100|English:0|inglês:0,100,17,5,Bachelor's,10,10,10,5,6,8,12,28,28,28,Duolingo,90,,,,,16,25,B1,elementary|intermediate,elementary|intermediate,cambridge_15_21_random_elementary_intermediate,4,19,random,,265.2569580078125,608.0486450195312,286.5902919769287,650.958366394043,6,8,,,,,,,,,,,,2026-07-06T21:59:09.647Z,QGFAEPFN,2026-07-06,2026-07-06,18:59:09,2026-07-06 18:59:09,,,,,,,,697a707b5bc42b2987347880,697a707b5bc42b2987347880,,,,
42296,raw_position_sample,2,2,int,18,3,17,18,83, were ,619,291,4400482.199999999,697a707b5bc42b2987347880,697a707b5bc42b2987347880,intermediate,3,697a707b5bc42b2987347880,697a707b5bc42b2987347880,spotlight_PROLIFIC,,30,Brasil,Português Brasil ,"Português Brasil, inglês ",inglês,Português Brasil:80|English:10|inglês:10,100,Português Brasil:80|English:10|inglês:10,100,Português Brasil:100|English:0|inglês:0,100,17,5,Bachelor's,10,10,10,5,6,8,12,28,28,28,Duolingo,90,,,,,16,25,B1,elementary|intermediate,elementary|intermediate,cambridge_15_21_random_elementary_intermediate,4,19,random,,265.2569580078125,608.0486450195312,286.5902919769287,650.958366394043,6,8,,,,,,,,,,,,2026-07-06T21:59:09.647Z,QGFAEPFN,2026-07-06,2026-07-06,18:59:09,2026-07-06 18:59:09,,,,,,,,697a707b5bc42b2987347880,697a707b5bc42b2987347880,,,,
42351,raw_position_sample,2,2,int,18,3,17,18,83, were ,621,289,4400536.8999999985,697a707b5bc42b2987347880,697a707b5bc42b2987347880,intermediate,3,697a707b5bc42b2987347880,697a707b5bc42b2987347880,spotlight_PROLIFIC,,30,Brasil,Português Brasil ,"Português Brasil, inglês ",inglês,Português Brasil:80|English:10|inglês:10,100,Português Brasil:80|English:10|inglês:10,100,Português Brasil:100|English:0|inglês:0,100,17,5,Bachelor's,10,10,10,5,6,8,12,28,28,28,Duolingo,90,,,,,16,25,B1,elementary|intermediate,elementary|intermediate,cambridge_15_21_random_elementary_intermediate,4,19,random,,265.2569580078125,608.0486450195312,286.5902919769287,650.958366394043,6,8,,,,,,,,,,,,2026-07-06T21:59:09.647Z,QGFAEPFN,2026-07-06,2026-07-06,18:59:09,2026-07-06 18:59:09,,,,,,,,697a707b5bc42b2987347880,697a707b5bc42b2987347880,,,,
42395,raw_position_sample,2,2,int,18,3,17,18,83, were ,630,287,4400580.8999999985,697a707b5bc42b2987347880,697a707b5bc42b2987347880,intermediate,3,697a707b5bc42b2987347880,697a707b5bc42b2987347880,spotlight_PROLIFIC,,30,Brasil,Português Brasil ,"Português Brasil, inglês ",inglês,Português Brasil:80|English:10|inglês:10,100,Português Brasil:80|English:10|inglês:10,100,Português Brasil:100|English:0|inglês:0,100,17,5,Bachelor's,10,10,10,5,6,8,12,28,28,28,Duolingo,90,,,,,16,25,B1,elementary|intermediate,elementary|intermediate,cambridge_15_21_random_elementary_intermediate,4,19,random,,265.2569580078125,608.0486450195312,286.5902919769287,650.958366394043,6,8,,,,,,,,,,,,2026-07-06T21:59:09.647Z,QGFAEPFN,2026-07-06,2026-07-06,18:59:09,2026-07-06 18:59:09,,,,,,,,697a707b5bc42b2987347880,697a707b5bc42b2987347880,,,,
42445,raw_position_sample,2,2,int,18,3,17,18,83, were ,649,282,4400630.8999999985,697a707b5bc42b2987347880,697a707b5bc42b2987347880,intermediate,3,697a707b5bc42b2987347880,697a707b5bc42b2987347880,spotlight_PROLIFIC,,30,Brasil,Português Brasil ,"Português Brasil, inglês ",inglês,Português Brasil:80|English:10|inglês:10,100,Português Brasil:80|English:10|inglês:10,100,Português Brasil:100|English:0|inglês:0,100,17,5,Bachelor's,10,10,10,5,6,8,12,28,28,28,Duolingo,90,,,,,16,25,B1,elementary|intermediate,elementary|intermediate,cambridge_15_21_random_elementary_intermediate,4,19,random,,265.2569580078125,608.0486450195312,286.5902919769287,650.958366394043,6,8,,,,,,,,,,,,2026-07-06T21:59:09.647Z,QGFAEPFN,2026-07-06,2026-07-06,18:59:09,2026-07-06 18:59:09,,,,,,,,697a707b5bc42b2987347880,697a707b5bc42b2987347880,,,,
42449,hover_association,2,2,int,18,3,17,18,83, were ,610,292,,697a707b5bc42b2987347880,697a707b5bc42b2987347880,intermediate,3,697a707b5bc42b2987347880,697a707b5bc42b2987347880,spotlight_PROLIFIC,,30,Brasil,Português Brasil ,"Português Brasil, inglês ",inglês,Português Brasil:80|English:10|inglês:10,100,Português Brasil:80|English:10|inglês:10,100,Português Brasil:100|English:0|inglês:0,100,17,5,Bachelor's,10,10,10,5,6,8,12,28,28,28,Duolingo,90,,,,,16,25,B1,elementary|intermediate,elementary|intermediate,cambridge_15_21_random_elementary_intermediate,4,19,random,,255.92361736297607,608.0486183166504,295.9236249923706,650.9583396911621,6,8,hover,333.70000000298023,333.70000000298023,0.9543613981067386,0.65190944158374,106,,,,,,2026-07-06T21:59:09.647Z,QGFAEPFN,2026-07-06,2026-07-06,18:59:09,2026-07-06 18:59:09,,,,,,,,697a707b5bc42b2987347880,697a707b5bc42b2987347880,,,,
42495,raw_position_sample,2,2,int,18,3,17,18,84, killed ,656,281,4400681.099999998,697a707b5bc42b2987347880,697a707b5bc42b2987347880,intermediate,3,697a707b5bc42b2987347880,697a707b5bc42b2987347880,spotlight_PROLIFIC,,30,Brasil,Português Brasil ,"Português Brasil, inglês ",inglês,Português Brasil:80|English:10|inglês:10,100,Português Brasil:80|English:10|inglês:10,100,Português Brasil:100|English:0|inglês:0,100,17,5,Bachelor's,10,10,10,5,6,8,12,28,28,28,Duolingo,90,,,,,16,25,B1,elementary|intermediate,elementary|intermediate,cambridge_15_21_random_elementary_intermediate,4,19,random,,265.2569580078125,650.9583129882812,286.5902919769287,697.0138702392578,6,9,,,,,,,,,,,,2026-07-06T21:59:09.647Z,QGFAEPFN,2026-07-06,2026-07-06,18:59:09,2026-07-06 18:59:09,,,,,,,,697a707b5bc42b2987347880,697a707b5bc42b2987347880,,,,
42545,raw_position_sample,2,2,int,18,3,17,18,84, killed ,664,279,4400731.199999999,697a707b5bc42b2987347880,697a707b5bc42b2987347880,intermediate,3,697a707b5bc42b2987347880,697a707b5bc42b2987347880,spotlight_PROLIFIC,,30,Brasil,Português Brasil ,"Português Brasil, inglês ",inglês,Português Brasil:80|English:10|inglês:10,100,Português Brasil:80|English:10|inglês:10,100,Português Brasil:100|English:0|inglês:0,100,17,5,Bachelor's,10,10,10,5,6,8,12,28,28,28,Duolingo,90,,,,,16,25,B1,elementary|intermediate,elementary|intermediate,cambridge_15_21_random_elementary_intermediate,4,19,random,,265.2569580078125,650.9583129882812,286.5902919769287,697.0138702392578,6,9,,,,,,,,,,,,2026-07-06T21:59:09.647Z,QGFAEPFN,2026-07-06,2026-07-06,18:59:09,2026-07-06 18:59:09,,,,,,,,697a707b5bc42b2987347880,697a707b5bc42b2987347880,,,,
42595,raw_position_sample,2,2,int,18,3,17,18,84, killed ,672,279,4400781.5,697a707b5bc42b2987347880,697a707b5bc42b2987347880,intermediate,3,697a707b5bc42b2987347880,697a707b5bc42b2987347880,spotlight_PROLIFIC,,30,Brasil,Português Brasil ,"Português Brasil, inglês ",inglês,Português Brasil:80|English:10|inglês:10,100,Português Brasil:80|English:10|inglês:10,100,Português Brasil:100|English:0|inglês:0,100,17,5,Bachelor's,10,10,10,5,6,8,12,28,28,28,Duolingo,90,,,,,16,25,B1,elementary|intermediate,elementary|intermediate,cambridge_15_21_random_elementary_intermediate,4,19,random,,265.2569580078125,650.9583129882812,286.5902919769287,697.0138702392578,6,9,,,,,,,,,,,,2026-07-06T21:59:09.647Z,QGFAEPFN,2026-07-06,2026-07-06,18:59:09,2026-07-06 18:59:09,,,,,,,,697a707b5bc42b2987347880,697a707b5bc42b2987347880,,,,
42650,raw_position_sample,2,2,int,18,3,17,18,84, killed ,679,278,4400836.199999999,697a707b5bc42b2987347880,697a707b5bc42b2987347880,intermediate,3,697a707b5bc42b2987347880,697a707b5bc42b2987347880,spotlight_PROLIFIC,,30,Brasil,Português Brasil ,"Português Brasil, inglês ",inglês,Português Brasil:80|English:10|inglês:10,100,Português Brasil:80|English:10|inglês:10,100,Português Brasil:100|English:0|inglês:0,100,17,5,Bachelor's,10,10,10,5,6,8,12,28,28,28,Duolingo,90,,,,,16,25,B1,elementary|intermediate,elementary|intermediate,cambridge_15_21_random_elementary_intermediate,4,19,random,,265.2569580078125,650.9583129882812,286.5902919769287,697.0138702392578,6,9,,,,,,,,,,,,2026-07-06T21:59:09.647Z,QGFAEPFN,2026-07-06,2026-07-06,18:59:09,2026-07-06 18:59:09,,,,,,,,697a707b5bc42b2987347880,697a707b5bc42b2987347880,,,,
42696,raw_position_sample,2,2,int,18,3,17,18,84, killed ,684,280,4400881.8999999985,697a707b5bc42b2987347880,697a707b5bc42b2987347880,intermediate,3,697a707b5bc42b2987347880,697a707b5bc42b2987347880,spotlight_PROLIFIC,,30,Brasil,Português Brasil ,"Português Brasil, inglês ",inglês,Português Brasil:80|English:10|inglês:10,100,Português Brasil:80|English:10|inglês:10,100,Português Brasil:100|English:0|inglês:0,100,17,5,Bachelor's,10,10,10,5,6,8,12,28,28,28,Duolingo,90,,,,,16,25,B1,elementary|intermediate,elementary|intermediate,cambridge_15_21_random_elementary_intermediate,4,19,random,,265.2569580078125,650.9583129882812,286.5902919769287,697.0138702392578,6,9,,,,,,,,,,,,2026-07-06T21:59:09.647Z,QGFAEPFN,2026-07-06,2026-07-06,18:59:09,2026-07-06 18:59:09,,,,,,,,697a707b5bc42b2987347880,697a707b5bc42b2987347880,,,,
42754,raw_position_sample,2,2,int,18,3,17,18,84, killed ,687,280,4400940.699999999,697a707b5bc42b2987347880,697a707b5bc42b2987347880,intermediate,3,697a707b5bc42b2987347880,697a707b5bc42b2987347880,spotlight_PROLIFIC,,30,Brasil,Português Brasil ,"Português Brasil, inglês ",inglês,Português Brasil:80|English:10|inglês:10,100,Português Brasil:80|English:10|inglês:10,100,Português Brasil:100|English:0|inglês:0,100,17,5,Bachelor's,10,10,10,5,6,8,12,28,28,28,Duolingo,90,,,,,16,25,B1,elementary|intermediate,elementary|intermediate,cambridge_15_21_random_elementary_intermediate,4,19,random,,265.2569580078125,650.9583129882812,286.5902919769287,697.0138702392578,6,9,,,,,,,,,,,,2026-07-06T21:59:09.647Z,QGFAEPFN,2026-07-06,2026-07-06,18:59:09,2026-07-06 18:59:09,,,,,,,,697a707b5bc42b2987347880,697a707b5bc42b2987347880,,,,
42796,raw_position_sample,2,2,int,18,3,17,18,84, killed ,687,280,4400982.099999998,697a707b5bc42b2987347880,697a707b5bc42b2987347880,intermediate,3,697a707b5bc42b2987347880,697a707b5bc42b2987347880,spotlight_PROLIFIC,,30,Brasil,Português Brasil ,"Português Brasil, inglês ",inglês,Português Brasil:80|English:10|inglês:10,100,Português Brasil:80|English:10|inglês:10,100,Português Brasil:100|English:0|inglês:0,100,17,5,Bachelor's,10,10,10,5,6,8,12,28,28,28,Duolingo,90,,,,,16,25,B1,elementary|intermediate,elementary|intermediate,cambridge_15_21_random_elementary_intermediate,4,19,random,,265.2569580078125,650.9583129882812,286.5902919769287,697.0138702392578,6,9,,,,,,,,,,,,2026-07-06T21:59:09.647Z,QGFAEPFN,2026-07-06,2026-07-06,18:59:09,2026-07-06 18:59:09,,,,,,,,697a707b5bc42b2987347880,697a707b5bc42b2987347880,,,,
42845,raw_position_sample,2,2,int,18,3,17,18,84, killed ,690,281,4401031.099999998,697a707b5bc42b2987347880,697a707b5bc42b2987347880,intermediate,3,697a707b5bc42b2987347880,697a707b5bc42b2987347880,spotlight_PROLIFIC,,30,Brasil,Português Brasil ,"Português Brasil, inglês ",inglês,Português Brasil:80|English:10|inglês:10,100,Português Brasil:80|English:10|inglês:10,100,Português Brasil:100|English:0|inglês:0,100,17,5,Bachelor's,10,10,10,5,6,8,12,28,28,28,Duolingo,90,,,,,16,25,B1,elementary|intermediate,elementary|intermediate,cambridge_15_21_random_elementary_intermediate,4,19,random,,265.2569580078125,650.9583129882812,286.5902919769287,697.0138702392578,6,9,,,,,,,,,,,,2026-07-06T21:59:09.647Z,QGFAEPFN,2026-07-06,2026-07-06,18:59:09,2026-07-06 18:59:09,,,,,,,,697a707b5bc42b2987347880,697a707b5bc42b2987347880,,,,
42883,hover_association,2,2,int,18,3,17,18,84, killed ,651,282,,697a707b5bc42b2987347880,697a707b5bc42b2987347880,intermediate,3,697a707b5bc42b2987347880,697a707b5bc42b2987347880,spotlight_PROLIFIC,,30,Brasil,Português Brasil ,"Português Brasil, inglês ",inglês,Português Brasil:80|English:10|inglês:10,100,Português Brasil:80|English:10|inglês:10,100,Português Brasil:100|English:0|inglês:0,100,17,5,Bachelor's,10,10,10,5,6,8,12,28,28,28,Duolingo,90,,,,,16,25,B1,elementary|intermediate,elementary|intermediate,cambridge_15_21_random_elementary_intermediate,4,19,random,,255.92361736297607,650.9583396911621,295.9236249923706,697.0138931274414,6,9,hover,433.19999999925494,433.19999999925494,0.9779854316842769,0.6269094463521107,106,,,,,,2026-07-06T21:59:09.647Z,QGFAEPFN,2026-07-06,2026-07-06,18:59:09,2026-07-06 18:59:09,,,,,,,,697a707b5bc42b2987347880,697a707b5bc42b2987347880,,,,
42895,raw_position_sample,2,2,int,18,3,17,18,85, in ,700,281,4401081.299999997,697a707b5bc42b2987347880,697a707b5bc42b2987347880,intermediate,3,697a707b5bc42b2987347880,697a707b5bc42b2987347880,spotlight_PROLIFIC,,30,Brasil,Português Brasil ,"Português Brasil, inglês ",inglês,Português Brasil:80|English:10|inglês:10,100,Português Brasil:80|English:10|inglês:10,100,Português Brasil:100|English:0|inglês:0,100,17,5,Bachelor's,10,10,10,5,6,8,12,28,28,28,Duolingo,90,,,,,16,25,B1,elementary|intermediate,elementary|intermediate,cambridge_15_21_random_elementary_intermediate,4,19,random,,265.2569580078125,697.013916015625,286.5902919769287,715.701416015625,6,10,,,,,,,,,,,,2026-07-06T21:59:09.647Z,QGFAEPFN,2026-07-06,2026-07-06,18:59:09,2026-07-06 18:59:09,,,,,,,,697a707b5bc42b2987347880,697a707b5bc42b2987347880,,,,
42948,raw_position_sample,2,2,int,18,3,17,18,85, in ,711,281,4401134.599999998,697a707b5bc42b2987347880,697a707b5bc42b2987347880,intermediate,3,697a707b5bc42b2987347880,697a707b5bc42b2987347880,spotlight_PROLIFIC,,30,Brasil,Português Brasil ,"Português Brasil, inglês ",inglês,Português Brasil:80|English:10|inglês:10,100,Português Brasil:80|English:10|inglês:10,100,Português Brasil:100|English:0|inglês:0,100,17,5,Bachelor's,10,10,10,5,6,8,12,28,28,28,Duolingo,90,,,,,16,25,B1,elementary|intermediate,elementary|intermediate,cambridge_15_21_random_elementary_intermediate,4,19,random,,265.2569580078125,697.013916015625,286.5902919769287,715.701416015625,6,10,,,,,,,,,,,,2026-07-06T21:59:09.647Z,QGFAEPFN,2026-07-06,2026-07-06,18:59:09,2026-07-06 18:59:09,,,,,,,,697a707b5bc42b2987347880,697a707b5bc42b2987347880,,,,
42950,hover_association,2,2,int,18,3,17,18,85, in ,700,281,,697a707b5bc42b2987347880,697a707b5bc42b2987347880,intermediate,3,697a707b5bc42b2987347880,697a707b5bc42b2987347880,spotlight_PROLIFIC,,30,Brasil,Português Brasil ,"Português Brasil, inglês ",inglês,Português Brasil:80|English:10|inglês:10,100,Português Brasil:80|English:10|inglês:10,100,Português Brasil:100|English:0|inglês:0,100,17,5,Bachelor's,10,10,10,5,6,8,12,28,28,28,Duolingo,90,,,,,16,25,B1,elementary|intermediate,elementary|intermediate,cambridge_15_21_random_elementary_intermediate,4,19,random,,255.92361736297607,697.0138931274414,295.9236249923706,715.701416015625,6,10,hover,67.59999999776483,67.59999999776483,0.7484195179984086,0.6269094463521107,106,,,,,,2026-07-06T21:59:09.647Z,QGFAEPFN,2026-07-06,2026-07-06,18:59:09,2026-07-06 18:59:09,,,,,,,,697a707b5bc42b2987347880,697a707b5bc42b2987347880,,,,
42995,raw_position_sample,2,2,int,18,3,17,18,86, attacks ,723,281,4401181.099999998,697a707b5bc42b2987347880,697a707b5bc42b2987347880,intermediate,3,697a707b5bc42b2987347880,697a707b5bc42b2987347880,spotlight_PROLIFIC,,30,Brasil,Português Brasil ,"Português Brasil, inglês ",inglês,Português Brasil:80|English:10|inglês:10,100,Português Brasil:80|English:10|inglês:10,100,Português Brasil:100|English:0|inglês:0,100,17,5,Bachelor's,10,10,10,5,6,8,12,28,28,28,Duolingo,90,,,,,16,25,B1,elementary|intermediate,elementary|intermediate,cambridge_15_21_random_elementary_intermediate,4,19,random,,265.2569580078125,715.701416015625,286.5902919769287,779.138916015625,6,11,,,,,,,,,,,,2026-07-06T21:59:09.647Z,QGFAEPFN,2026-07-06,2026-07-06,18:59:09,2026-07-06 18:59:09,,,,,,,,697a707b5bc42b2987347880,697a707b5bc42b2987347880,,,,
43046,raw_position_sample,2,2,int,18,3,17,18,86, attacks ,725,281,4401232,697a707b5bc42b2987347880,697a707b5bc42b2987347880,intermediate,3,697a707b5bc42b2987347880,697a707b5bc42b2987347880,spotlight_PROLIFIC,,30,Brasil,Português Brasil ,"Português Brasil, inglês ",inglês,Português Brasil:80|English:10|inglês:10,100,Português Brasil:80|English:10|inglês:10,100,Português Brasil:100|English:0|inglês:0,100,17,5,Bachelor's,10,10,10,5,6,8,12,28,28,28,Duolingo,90,,,,,16,25,B1,elementary|intermediate,elementary|intermediate,cambridge_15_21_random_elementary_intermediate,4,19,random,,265.2569580078125,715.701416015625,286.5902919769287,779.138916015625,6,11,,,,,,,,,,,,2026-07-06T21:59:09.647Z,QGFAEPFN,2026-07-06,2026-07-06,18:59:09,2026-07-06 18:59:09,,,,,,,,697a707b5bc42b2987347880,697a707b5bc42b2987347880,,,,
43096,raw_position_sample,2,2,int,18,3,17,18,86, attacks ,731,281,4401281.799999997,697a707b5bc42b2987347880,697a707b5bc42b2987347880,intermediate,3,697a707b5bc42b2987347880,697a707b5bc42b2987347880,spotlight_PROLIFIC,,30,Brasil,Português Brasil ,"Português Brasil, inglês ",inglês,Português Brasil:80|English:10|inglês:10,100,Português Brasil:80|English:10|inglês:10,100,Português Brasil:100|English:0|inglês:0,100,17,5,Bachelor's,10,10,10,5,6,8,12,28,28,28,Duolingo,90,,,,,16,25,B1,elementary|intermediate,elementary|intermediate,cambridge_15_21_random_elementary_intermediate,4,19,random,,265.2569580078125,715.701416015625,286.5902919769287,779.138916015625,6,11,,,,,,,,,,,,2026-07-06T21:59:09.647Z,QGFAEPFN,2026-07-06,2026-07-06,18:59:09,2026-07-06 18:59:09,,,,,,,,697a707b5bc42b2987347880,697a707b5bc42b2987347880,,,,
43145,raw_position_sample,2,2,int,18,3,17,18,86, attacks ,740,281,4401331.3999999985,697a707b5bc42b2987347880,697a707b5bc42b2987347880,intermediate,3,697a707b5bc42b2987347880,697a707b5bc42b2987347880,spotlight_PROLIFIC,,30,Brasil,Português Brasil ,"Português Brasil, inglês ",inglês,Português Brasil:80|English:10|inglês:10,100,Português Brasil:80|English:10|inglês:10,100,Português Brasil:100|English:0|inglês:0,100,17,5,Bachelor's,10,10,10,5,6,8,12,28,28,28,Duolingo,90,,,,,16,25,B1,elementary|intermediate,elementary|intermediate,cambridge_15_21_random_elementary_intermediate,4,19,random,,265.2569580078125,715.701416015625,286.5902919769287,779.138916015625,6,11,,,,,,,,,,,,2026-07-06T21:59:09.647Z,QGFAEPFN,2026-07-06,2026-07-06,18:59:09,2026-07-06 18:59:09,,,,,,,,697a707b5bc42b2987347880,697a707b5bc42b2987347880,,,,
43195,raw_position_sample,2,2,int,18,3,17,18,86, attacks ,748,282,4401381.599999998,697a707b5bc42b2987347880,697a707b5bc42b2987347880,intermediate,3,697a707b5bc42b2987347880,697a707b5bc42b2987347880,spotlight_PROLIFIC,,30,Brasil,Português Brasil ,"Português Brasil, inglês ",inglês,Português Brasil:80|English:10|inglês:10,100,Português Brasil:80|English:10|inglês:10,100,Português Brasil:100|English:0|inglês:0,100,17,5,Bachelor's,10,10,10,5,6,8,12,28,28,28,Duolingo,90,,,,,16,25,B1,elementary|intermediate,elementary|intermediate,cambridge_15_21_random_elementary_intermediate,4,19,random,,265.2569580078125,715.701416015625,286.5902919769287,779.138916015625,6,11,,,,,,,,,,,,2026-07-06T21:59:09.647Z,QGFAEPFN,2026-07-06,2026-07-06,18:59:09,2026-07-06 18:59:09,,,,,,,,697a707b5bc42b2987347880,697a707b5bc42b2987347880,,,,
43246,raw_position_sample,2,2,int,18,3,17,18,86, attacks ,757,284,4401432,697a707b5bc42b2987347880,697a707b5bc42b2987347880,intermediate,3,697a707b5bc42b2987347880,697a707b5bc42b2987347880,spotlight_PROLIFIC,,30,Brasil,Português Brasil ,"Português Brasil, inglês ",inglês,Português Brasil:80|English:10|inglês:10,100,Português Brasil:80|English:10|inglês:10,100,Português Brasil:100|English:0|inglês:0,100,17,5,Bachelor's,10,10,10,5,6,8,12,28,28,28,Duolingo,90,,,,,16,25,B1,elementary|intermediate,elementary|intermediate,cambridge_15_21_random_elementary_intermediate,4,19,random,,265.2569580078125,715.701416015625,286.5902919769287,779.138916015625,6,11,,,,,,,,,,,,2026-07-06T21:59:09.647Z,QGFAEPFN,2026-07-06,2026-07-06,18:59:09,2026-07-06 18:59:09,,,,,,,,697a707b5bc42b2987347880,697a707b5bc42b2987347880,,,,
43295,raw_position_sample,2,2,int,18,3,17,18,86, attacks ,769,288,4401481.5,697a707b5bc42b2987347880,697a707b5bc42b2987347880,intermediate,3,697a707b5bc42b2987347880,697a707b5bc42b2987347880,spotlight_PROLIFIC,,30,Brasil,Português Brasil ,"Português Brasil, inglês ",inglês,Português Brasil:80|English:10|inglês:10,100,Português Brasil:80|English:10|inglês:10,100,Português Brasil:100|English:0|inglês:0,100,17,5,Bachelor's,10,10,10,5,6,8,12,28,28,28,Duolingo,90,,,,,16,25,B1,elementary|intermediate,elementary|intermediate,cambridge_15_21_random_elementary_intermediate,4,19,random,,265.2569580078125,715.701416015625,286.5902919769287,779.138916015625,6,11,,,,,,,,,,,,2026-07-06T21:59:09.647Z,QGFAEPFN,2026-07-06,2026-07-06,18:59:09,2026-07-06 18:59:09,,,,,,,,697a707b5bc42b2987347880,697a707b5bc42b2987347880,,,,
43345,raw_position_sample,2,2,int,18,3,17,18,86, attacks ,778,290,4401531.699999999,697a707b5bc42b2987347880,697a707b5bc42b2987347880,intermediate,3,697a707b5bc42b2987347880,697a707b5bc42b2987347880,spotlight_PROLIFIC,,30,Brasil,Português Brasil ,"Português Brasil, inglês ",inglês,Português Brasil:80|English:10|inglês:10,100,Português Brasil:80|English:10|inglês:10,100,Português Brasil:100|English:0|inglês:0,100,17,5,Bachelor's,10,10,10,5,6,8,12,28,28,28,Duolingo,90,,,,,16,25,B1,elementary|intermediate,elementary|intermediate,cambridge_15_21_random_elementary_intermediate,4,19,random,,265.2569580078125,715.701416015625,286.5902919769287,779.138916015625,6,11,,,,,,,,,,,,2026-07-06T21:59:09.647Z,QGFAEPFN,2026-07-06,2026-07-06,18:59:09,2026-07-06 18:59:09,,,,,,,,697a707b5bc42b2987347880,697a707b5bc42b2987347880,,,,
43347,hover_association,2,2,int,18,3,17,18,86, attacks ,716,281,,697a707b5bc42b2987347880,697a707b5bc42b2987347880,intermediate,3,697a707b5bc42b2987347880,697a707b5bc42b2987347880,spotlight_PROLIFIC,,30,Brasil,Português Brasil ,"Português Brasil, inglês ",inglês,Português Brasil:80|English:10|inglês:10,100,Português Brasil:80|English:10|inglês:10,100,Português Brasil:100|English:0|inglês:0,100,17,5,Bachelor's,10,10,10,5,6,8,12,28,28,28,Duolingo,90,,,,,16,25,B1,elementary|intermediate,elementary|intermediate,cambridge_15_21_random_elementary_intermediate,4,19,random,,255.92361736297607,715.701416015625,295.9236249923706,779.138916015625,6,11,hover,397,397,0.9820466440886699,0.8519094034367746,106,,,,,,2026-07-06T21:59:09.647Z,QGFAEPFN,2026-07-06,2026-07-06,18:59:09,2026-07-06 18:59:09,,,,,,,,697a707b5bc42b2987347880,697a707b5bc42b2987347880,,,,
43399,raw_position_sample,2,2,int,18,3,17,18,87, by ,784,292,4401585.699999999,697a707b5bc42b2987347880,697a707b5bc42b2987347880,intermediate,3,697a707b5bc42b2987347880,697a707b5bc42b2987347880,spotlight_PROLIFIC,,30,Brasil,Português Brasil ,"Português Brasil, inglês ",inglês,Português Brasil:80|English:10|inglês:10,100,Português Brasil:80|English:10|inglês:10,100,Português Brasil:100|English:0|inglês:0,100,17,5,Bachelor's,10,10,10,5,6,8,12,28,28,28,Duolingo,90,,,,,16,25,B1,elementary|intermediate,elementary|intermediate,cambridge_15_21_random_elementary_intermediate,4,19,random,,265.2569580078125,779.138916015625,286.5902919769287,802.0972499847412,6,12,,,,,,,,,,,,2026-07-06T21:59:09.647Z,QGFAEPFN,2026-07-06,2026-07-06,18:59:09,2026-07-06 18:59:09,,,,,,,,697a707b5bc42b2987347880,697a707b5bc42b2987347880,,,,
43445,raw_position_sample,2,2,int,18,3,17,18,87, by ,786,292,4401631.699999999,697a707b5bc42b2987347880,697a707b5bc42b2987347880,intermediate,3,697a707b5bc42b2987347880,697a707b5bc42b2987347880,spotlight_PROLIFIC,,30,Brasil,Português Brasil ,"Português Brasil, inglês ",inglês,Português Brasil:80|English:10|inglês:10,100,Português Brasil:80|English:10|inglês:10,100,Português Brasil:100|English:0|inglês:0,100,17,5,Bachelor's,10,10,10,5,6,8,12,28,28,28,Duolingo,90,,,,,16,25,B1,elementary|intermediate,elementary|intermediate,cambridge_15_21_random_elementary_intermediate,4,19,random,,265.2569580078125,779.138916015625,286.5902919769287,802.0972499847412,6,12,,,,,,,,,,,,2026-07-06T21:59:09.647Z,QGFAEPFN,2026-07-06,2026-07-06,18:59:09,2026-07-06 18:59:09,,,,,,,,697a707b5bc42b2987347880,697a707b5bc42b2987347880,,,,
43496,raw_position_sample,2,2,int,18,3,17,18,87, by ,786,292,4401682.199999999,697a707b5bc42b2987347880,697a707b5bc42b2987347880,intermediate,3,697a707b5bc42b2987347880,697a707b5bc42b2987347880,spotlight_PROLIFIC,,30,Brasil,Português Brasil ,"Português Brasil, inglês ",inglês,Português Brasil:80|English:10|inglês:10,100,Português Brasil:80|English:10|inglês:10,100,Português Brasil:100|English:0|inglês:0,100,17,5,Bachelor's,10,10,10,5,6,8,12,28,28,28,Duolingo,90,,,,,16,25,B1,elementary|intermediate,elementary|intermediate,cambridge_15_21_random_elementary_intermediate,4,19,random,,265.2569580078125,779.138916015625,286.5902919769287,802.0972499847412,6,12,,,,,,,,,,,,2026-07-06T21:59:09.647Z,QGFAEPFN,2026-07-06,2026-07-06,18:59:09,2026-07-06 18:59:09,,,,,,,,697a707b5bc42b2987347880,697a707b5bc42b2987347880,,,,
43545,raw_position_sample,2,2,int,18,3,17,18,87, by ,799,292,4401731,697a707b5bc42b2987347880,697a707b5bc42b2987347880,intermediate,3,697a707b5bc42b2987347880,697a707b5bc42b2987347880,spotlight_PROLIFIC,,30,Brasil,Português Brasil ,"Português Brasil, inglês ",inglês,Português Brasil:80|English:10|inglês:10,100,Português Brasil:80|English:10|inglês:10,100,Português Brasil:100|English:0|inglês:0,100,17,5,Bachelor's,10,10,10,5,6,8,12,28,28,28,Duolingo,90,,,,,16,25,B1,elementary|intermediate,elementary|intermediate,cambridge_15_21_random_elementary_intermediate,4,19,random,,265.2569580078125,779.138916015625,286.5902919769287,802.0972499847412,6,12,,,,,,,,,,,,2026-07-06T21:59:09.647Z,QGFAEPFN,2026-07-06,2026-07-06,18:59:09,2026-07-06 18:59:09,,,,,,,,697a707b5bc42b2987347880,697a707b5bc42b2987347880,,,,
43547,hover_association,2,2,int,18,3,17,18,87, by ,781,292,,697a707b5bc42b2987347880,697a707b5bc42b2987347880,intermediate,3,697a707b5bc42b2987347880,697a707b5bc42b2987347880,spotlight_PROLIFIC,,30,Brasil,Português Brasil ,"Português Brasil, inglês ",inglês,Português Brasil:80|English:10|inglês:10,100,Português Brasil:80|English:10|inglês:10,100,Português Brasil:100|English:0|inglês:0,100,17,5,Bachelor's,10,10,10,5,6,8,12,28,28,28,Duolingo,90,,,,,16,25,B1,elementary|intermediate,elementary|intermediate,cambridge_15_21_random_elementary_intermediate,4,19,random,,255.92361736297607,779.138916015625,295.9236249923706,802.0972394943237,6,12,hover,199.80000000074506,199.80000000074506,0.8650929586736844,0.9019093939000332,106,,,,,,2026-07-06T21:59:09.647Z,QGFAEPFN,2026-07-06,2026-07-06,18:59:09,2026-07-06 18:59:09,,,,,,,,697a707b5bc42b2987347880,697a707b5bc42b2987347880,,,,
43595,raw_position_sample,2,2,int,18,3,17,18,88, tigers ,819,292,4401781.299999997,697a707b5bc42b2987347880,697a707b5bc42b2987347880,intermediate,3,697a707b5bc42b2987347880,697a707b5bc42b2987347880,spotlight_PROLIFIC,,30,Brasil,Português Brasil ,"Português Brasil, inglês ",inglês,Português Brasil:80|English:10|inglês:10,100,Português Brasil:80|English:10|inglês:10,100,Português Brasil:100|English:0|inglês:0,100,17,5,Bachelor's,10,10,10,5,6,8,12,28,28,28,Duolingo,90,,,,,16,25,B1,elementary|intermediate,elementary|intermediate,cambridge_15_21_random_elementary_intermediate,4,19,random,,265.2569580078125,802.0972290039062,286.5902919769287,847.2083396911621,6,13,,,,,,,,,,,,2026-07-06T21:59:09.647Z,QGFAEPFN,2026-07-06,2026-07-06,18:59:09,2026-07-06 18:59:09,,,,,,,,697a707b5bc42b2987347880,697a707b5bc42b2987347880,,,,
43645,raw_position_sample,2,2,int,18,3,17,18,88, tigers ,830,292,4401831.3999999985,697a707b5bc42b2987347880,697a707b5bc42b2987347880,intermediate,3,697a707b5bc42b2987347880,697a707b5bc42b2987347880,spotlight_PROLIFIC,,30,Brasil,Português Brasil ,"Português Brasil, inglês ",inglês,Português Brasil:80|English:10|inglês:10,100,Português Brasil:80|English:10|inglês:10,100,Português Brasil:100|English:0|inglês:0,100,17,5,Bachelor's,10,10,10,5,6,8,12,28,28,28,Duolingo,90,,,,,16,25,B1,elementary|intermediate,elementary|intermediate,cambridge_15_21_random_elementary_intermediate,4,19,random,,265.2569580078125,802.0972290039062,286.5902919769287,847.2083396911621,6,13,,,,,,,,,,,,2026-07-06T21:59:09.647Z,QGFAEPFN,2026-07-06,2026-07-06,18:59:09,2026-07-06 18:59:09,,,,,,,,697a707b5bc42b2987347880,697a707b5bc42b2987347880,,,,
43695,raw_position_sample,2,2,int,18,3,17,18,88, tigers ,848,292,4401881.5,697a707b5bc42b2987347880,697a707b5bc42b2987347880,intermediate,3,697a707b5bc42b2987347880,697a707b5bc42b2987347880,spotlight_PROLIFIC,,30,Brasil,Português Brasil ,"Português Brasil, inglês ",inglês,Português Brasil:80|English:10|inglês:10,100,Português Brasil:80|English:10|inglês:10,100,Português Brasil:100|English:0|inglês:0,100,17,5,Bachelor's,10,10,10,5,6,8,12,28,28,28,Duolingo,90,,,,,16,25,B1,elementary|intermediate,elementary|intermediate,cambridge_15_21_random_elementary_intermediate,4,19,random,,265.2569580078125,802.0972290039062,286.5902919769287,847.2083396911621,6,13,,,,,,,,,,,,2026-07-06T21:59:09.647Z,QGFAEPFN,2026-07-06,2026-07-06,18:59:09,2026-07-06 18:59:09,,,,,,,,697a707b5bc42b2987347880,697a707b5bc42b2987347880,,,,
43698,hover_association,2,2,int,18,3,17,18,88, tigers ,807,292,,697a707b5bc42b2987347880,697a707b5bc42b2987347880,intermediate,3,697a707b5bc42b2987347880,697a707b5bc42b2987347880,spotlight_PROLIFIC,,30,Brasil,Português Brasil ,"Português Brasil, inglês ",inglês,Português Brasil:80|English:10|inglês:10,100,Português Brasil:80|English:10|inglês:10,100,Português Brasil:100|English:0|inglês:0,100,17,5,Bachelor's,10,10,10,5,6,8,12,28,28,28,Duolingo,90,,,,,16,25,B1,elementary|intermediate,elementary|intermediate,cambridge_15_21_random_elementary_intermediate,4,19,random,,255.92361736297607,802.0972394943237,295.9236249923706,851.1371590750558,6,13,hover,150.5,150.5,0.9360284620799334,0.9019093939000332,106,,,,,,2026-07-06T21:59:09.647Z,QGFAEPFN,2026-07-06,2026-07-06,18:59:09,2026-07-06 18:59:09,,,,,,,,697a707b5bc42b2987347880,697a707b5bc42b2987347880,,,,
43744,raw_position_sample,2,2,int,18,3,17,18,-1,999,852,293,4401930.5,697a707b5bc42b2987347880,697a707b5bc42b2987347880,intermediate,3,697a707b5bc42b2987347880,697a707b5bc42b2987347880,spotlight_PROLIFIC,,30,Brasil,Português Brasil ,"Português Brasil, inglês ",inglês,Português Brasil:80|English:10|inglês:10,100,Português Brasil:80|English:10|inglês:10,100,Português Brasil:100|English:0|inglês:0,100,17,5,Bachelor's,10,10,10,5,6,8,12,28,28,28,Duolingo,90,,,,,16,25,B1,elementary|intermediate,elementary|intermediate,cambridge_15_21_random_elementary_intermediate,4,19,random,,,,,,,,,,,,,,,,,,,2026-07-06T21:59:09.647Z,QGFAEPFN,2026-07-06,2026-07-06,18:59:09,2026-07-06 18:59:09,,,,,,,,697a707b5bc42b2987347880,697a707b5bc42b2987347880,,,,
43795,raw_position_sample,2,2,int,18,3,17,18,-1,999,852,293,4401981.099999998,697a707b5bc42b2987347880,697a707b5bc42b2987347880,intermediate,3,697a707b5bc42b2987347880,697a707b5bc42b2987347880,spotlight_PROLIFIC,,30,Brasil,Português Brasil ,"Português Brasil, inglês ",inglês,Português Brasil:80|English:10|inglês:10,100,Português Brasil:80|English:10|inglês:10,100,Português Brasil:100|English:0|inglês:0,100,17,5,Bachelor's,10,10,10,5,6,8,12,28,28,28,Duolingo,90,,,,,16,25,B1,elementary|intermediate,elementary|intermediate,cambridge_15_21_random_elementary_intermediate,4,19,random,,,,,,,,,,,,,,,,,,,2026-07-06T21:59:09.647Z,QGFAEPFN,2026-07-06,2026-07-06,18:59:09,2026-07-06 18:59:09,,,,,,,,697a707b5bc42b2987347880,697a707b5bc42b2987347880,,,,
43845,raw_position_sample,2,2,int,18,3,17,18,-1,999,852,293,4402030.799999997,697a707b5bc42b2987347880,697a707b5bc42b2987347880,intermediate,3,697a707b5bc42b2987347880,697a707b5bc42b2987347880,spotlight_PROLIFIC,,30,Brasil,Português Brasil ,"Português Brasil, inglês ",inglês,Português Brasil:80|English:10|inglês:10,100,Português Brasil:80|English:10|inglês:10,100,Português Brasil:100|English:0|inglês:0,100,17,5,Bachelor's,10,10,10,5,6,8,12,28,28,28,Duolingo,90,,,,,16,25,B1,elementary|intermediate,elementary|intermediate,cambridge_15_21_random_elementary_intermediate,4,19,random,,,,,,,,,,,,,,,,,,,2026-07-06T21:59:09.647Z,QGFAEPFN,2026-07-06,2026-07-06,18:59:09,2026-07-06 18:59:09,,,,,,,,697a707b5bc42b2987347880,697a707b5bc42b2987347880,,,,
43894,raw_position_sample,2,2,int,18,3,17,18,-1,999,854,293,4402080.599999998,697a707b5bc42b2987347880,697a707b5bc42b2987347880,intermediate,3,697a707b5bc42b2987347880,697a707b5bc42b2987347880,spotlight_PROLIFIC,,30,Brasil,Português Brasil ,"Português Brasil, inglês ",inglês,Português Brasil:80|English:10|inglês:10,100,Português Brasil:80|English:10|inglês:10,100,Português Brasil:100|English:0|inglês:0,100,17,5,Bachelor's,10,10,10,5,6,8,12,28,28,28,Duolingo,90,,,,,16,25,B1,elementary|intermediate,elementary|intermediate,cambridge_15_21_random_elementary_intermediate,4,19,random,,,,,,,,,,,,,,,,,,,2026-07-06T21:59:09.647Z,QGFAEPFN,2026-07-06,2026-07-06,18:59:09,2026-07-06 18:59:09,,,,,,,,697a707b5bc42b2987347880,697a707b5bc42b2987347880,,,,
43945,raw_position_sample,2,2,int,18,3,17,18,-1,999,854,293,4402131.199999999,697a707b5bc42b2987347880,697a707b5bc42b2987347880,intermediate,3,697a707b5bc42b2987347880,697a707b5bc42b2987347880,spotlight_PROLIFIC,,30,Brasil,Português Brasil ,"Português Brasil, inglês ",inglês,Português Brasil:80|English:10|inglês:10,100,Português Brasil:80|English:10|inglês:10,100,Português Brasil:100|English:0|inglês:0,100,17,5,Bachelor's,10,10,10,5,6,8,12,28,28,28,Duolingo,90,,,,,16,25,B1,elementary|intermediate,elementary|intermediate,cambridge_15_21_random_elementary_intermediate,4,19,random,,,,,,,,,,,,,,,,,,,2026-07-06T21:59:09.647Z,QGFAEPFN,2026-07-06,2026-07-06,18:59:09,2026-07-06 18:59:09,,,,,,,,697a707b5bc42b2987347880,697a707b5bc42b2987347880,,,,
43995,raw_position_sample,2,2,int,18,3,17,18,88, tigers ,843,291,4402181.299999997,697a707b5bc42b2987347880,697a707b5bc42b2987347880,intermediate,3,697a707b5bc42b2987347880,697a707b5bc42b2987347880,spotlight_PROLIFIC,,30,Brasil,Português Brasil ,"Português Brasil, inglês ",inglês,Português Brasil:80|English:10|inglês:10,100,Português Brasil:80|English:10|inglês:10,100,Português Brasil:100|English:0|inglês:0,100,17,5,Bachelor's,10,10,10,5,6,8,12,28,28,28,Duolingo,90,,,,,16,25,B1,elementary|intermediate,elementary|intermediate,cambridge_15_21_random_elementary_intermediate,4,19,random,,265.2569580078125,802.0972290039062,286.5902919769287,847.2083396911621,6,13,,,,,,,,,,,,2026-07-06T21:59:09.647Z,QGFAEPFN,2026-07-06,2026-07-06,18:59:09,2026-07-06 18:59:09,,,,,,,,697a707b5bc42b2987347880,697a707b5bc42b2987347880,,,,
44045,raw_position_sample,2,2,int,18,3,17,18,88, tigers ,821,290,4402231.5,697a707b5bc42b2987347880,697a707b5bc42b2987347880,intermediate,3,697a707b5bc42b2987347880,697a707b5bc42b2987347880,spotlight_PROLIFIC,,30,Brasil,Português Brasil ,"Português Brasil, inglês ",inglês,Português Brasil:80|English:10|inglês:10,100,Português Brasil:80|English:10|inglês:10,100,Português Brasil:100|English:0|inglês:0,100,17,5,Bachelor's,10,10,10,5,6,8,12,28,28,28,Duolingo,90,,,,,16,25,B1,elementary|intermediate,elementary|intermediate,cambridge_15_21_random_elementary_intermediate,4,19,random,,265.2569580078125,802.0972290039062,286.5902919769287,847.2083396911621,6,13,,,,,,,,,,,,2026-07-06T21:59:09.647Z,QGFAEPFN,2026-07-06,2026-07-06,18:59:09,2026-07-06 18:59:09,,,,,,,,697a707b5bc42b2987347880,697a707b5bc42b2987347880,,,,
44068,hover_association,2,2,int,18,3,17,18,88, tigers ,848,291,,697a707b5bc42b2987347880,697a707b5bc42b2987347880,intermediate,3,697a707b5bc42b2987347880,697a707b5bc42b2987347880,spotlight_PROLIFIC,,30,Brasil,Português Brasil ,"Português Brasil, inglês ",inglês,Português Brasil:80|English:10|inglês:10,100,Português Brasil:80|English:10|inglês:10,100,Português Brasil:100|English:0|inglês:0,100,17,5,Bachelor's,10,10,10,5,6,8,12,28,28,28,Duolingo,90,,,,,16,25,B1,elementary|intermediate,elementary|intermediate,cambridge_15_21_random_elementary_intermediate,4,19,random,,255.92361736297607,802.0972394943237,295.9236249923706,851.1371590750558,6,13,hover,98.89999999850988,98.89999999850988,0.1203664393445596,0.8519094034367746,106,,,,,,2026-07-06T21:59:09.647Z,QGFAEPFN,2026-07-06,2026-07-06,18:59:09,2026-07-06 18:59:09,,,,,,,,697a707b5bc42b2987347880,697a707b5bc42b2987347880,,,,
44095,raw_position_sample,2,2,int,18,3,17,18,87, by ,793,291,4402281.299999997,697a707b5bc42b2987347880,697a707b5bc42b2987347880,intermediate,3,697a707b5bc42b2987347880,697a707b5bc42b2987347880,spotlight_PROLIFIC,,30,Brasil,Português Brasil ,"Português Brasil, inglês ",inglês,Português Brasil:80|English:10|inglês:10,100,Português Brasil:80|English:10|inglês:10,100,Português Brasil:100|English:0|inglês:0,100,17,5,Bachelor's,10,10,10,5,6,8,12,28,28,28,Duolingo,90,,,,,16,25,B1,elementary|intermediate,elementary|intermediate,cambridge_15_21_random_elementary_intermediate,4,19,random,,265.2569580078125,779.138916015625,286.5902919769287,802.0972499847412,6,12,,,,,,,,,,,,2026-07-06T21:59:09.647Z,QGFAEPFN,2026-07-06,2026-07-06,18:59:09,2026-07-06 18:59:09,,,,,,,,697a707b5bc42b2987347880,697a707b5bc42b2987347880,,,,
44099,hover_association,2,2,int,18,3,17,18,87, by ,802,290,,697a707b5bc42b2987347880,697a707b5bc42b2987347880,intermediate,3,697a707b5bc42b2987347880,697a707b5bc42b2987347880,spotlight_PROLIFIC,,30,Brasil,Português Brasil ,"Português Brasil, inglês ",inglês,Português Brasil:80|English:10|inglês:10,100,Português Brasil:80|English:10|inglês:10,100,Português Brasil:100|English:0|inglês:0,100,17,5,Bachelor's,10,10,10,5,6,8,12,28,28,28,Duolingo,90,,,,,16,25,B1,elementary|intermediate,elementary|intermediate,cambridge_15_21_random_elementary_intermediate,4,19,random,,255.92361736297607,779.138916015625,295.9236249923706,802.0972394943237,6,12,hover,31.200000002980232,31.200000002980232,0.6037498337905918,0.8769093986684039,106,,,,,,2026-07-06T21:59:09.647Z,QGFAEPFN,2026-07-06,2026-07-06,18:59:09,2026-07-06 18:59:09,,,,,,,,697a707b5bc42b2987347880,697a707b5bc42b2987347880,,,,
44146,raw_position_sample,2,2,int,18,3,17,18,86, attacks ,720,295,4402332.299999997,697a707b5bc42b2987347880,697a707b5bc42b2987347880,intermediate,3,697a707b5bc42b2987347880,697a707b5bc42b2987347880,spotlight_PROLIFIC,,30,Brasil,Português Brasil ,"Português Brasil, inglês ",inglês,Português Brasil:80|English:10|inglês:10,100,Português Brasil:80|English:10|inglês:10,100,Português Brasil:100|English:0|inglês:0,100,17,5,Bachelor's,10,10,10,5,6,8,12,28,28,28,Duolingo,90,,,,,16,25,B1,elementary|intermediate,elementary|intermediate,cambridge_15_21_random_elementary_intermediate,4,19,random,,265.2569580078125,715.701416015625,286.5902919769287,779.138916015625,6,11,,,,,,,,,,,,2026-07-06T21:59:09.647Z,QGFAEPFN,2026-07-06,2026-07-06,18:59:09,2026-07-06 18:59:09,,,,,,,,697a707b5bc42b2987347880,697a707b5bc42b2987347880,,,,
44149,hover_association,2,2,int,18,3,17,18,86, attacks ,770,292,,697a707b5bc42b2987347880,697a707b5bc42b2987347880,intermediate,3,697a707b5bc42b2987347880,697a707b5bc42b2987347880,spotlight_PROLIFIC,,30,Brasil,Português Brasil ,"Português Brasil, inglês ",inglês,Português Brasil:80|English:10|inglês:10,100,Português Brasil:80|English:10|inglês:10,100,Português Brasil:100|English:0|inglês:0,100,17,5,Bachelor's,10,10,10,5,6,8,12,28,28,28,Duolingo,90,,,,,16,25,B1,elementary|intermediate,elementary|intermediate,cambridge_15_21_random_elementary_intermediate,4,19,random,,255.92361736297607,715.701416015625,295.9236249923706,779.138916015625,6,11,hover,50.19999999925494,50.19999999925494,0.06776092980295567,0.9769093795949212,106,,,,,,2026-07-06T21:59:09.647Z,QGFAEPFN,2026-07-06,2026-07-06,18:59:09,2026-07-06 18:59:09,,,,,,,,697a707b5bc42b2987347880,697a707b5bc42b2987347880,,,,
44167,hover_association,2,2,int,18,3,17,18,99, park ,705,296,,697a707b5bc42b2987347880,697a707b5bc42b2987347880,intermediate,3,697a707b5bc42b2987347880,697a707b5bc42b2987347880,spotlight_PROLIFIC,,30,Brasil,Português Brasil ,"Português Brasil, inglês ",inglês,Português Brasil:80|English:10|inglês:10,100,Português Brasil:80|English:10|inglês:10,100,Português Brasil:100|English:0|inglês:0,100,17,5,Bachelor's,10,10,10,5,6,8,12,28,28,28,Duolingo,90,,,,,16,25,B1,elementary|intermediate,elementary|intermediate,cambridge_15_21_random_elementary_intermediate,4,19,random,,295.9236249923706,684.8402805328369,335.9236249923706,724.2916736602783,7,11,hover,16.899999998509884,16.899999998509884,0.5110014594932134,0.0019093751907348633,106,,,,,,2026-07-06T21:59:09.647Z,QGFAEPFN,2026-07-06,2026-07-06,18:59:09,2026-07-06 18:59:09,,,,,,,,697a707b5bc42b2987347880,697a707b5bc42b2987347880,,,,
44195,raw_position_sample,2,2,int,18,3,17,18,98," 2011, ",672,299,4402381,697a707b5bc42b2987347880,697a707b5bc42b2987347880,intermediate,3,697a707b5bc42b2987347880,697a707b5bc42b2987347880,spotlight_PROLIFIC,,30,Brasil,Português Brasil ,"Português Brasil, inglês ",inglês,Português Brasil:80|English:10|inglês:10,100,Português Brasil:80|English:10|inglês:10,100,Português Brasil:100|English:0|inglês:0,100,17,5,Bachelor's,10,10,10,5,6,8,12,28,28,28,Duolingo,90,,,,,16,25,B1,elementary|intermediate,elementary|intermediate,cambridge_15_21_random_elementary_intermediate,4,19,random,,305.2569580078125,636.5069580078125,326.5902919769287,684.8402900695801,7,10,,,,,,,,,,,,2026-07-06T21:59:09.647Z,QGFAEPFN,2026-07-06,2026-07-06,18:59:09,2026-07-06 18:59:09,,,,,,,,697a707b5bc42b2987347880,697a707b5bc42b2987347880,,,,
44234,hover_association,2,2,int,18,3,17,18,98," 2011, ",680,298,,697a707b5bc42b2987347880,697a707b5bc42b2987347880,intermediate,3,697a707b5bc42b2987347880,697a707b5bc42b2987347880,spotlight_PROLIFIC,,30,Brasil,Português Brasil ,"Português Brasil, inglês ",inglês,Português Brasil:80|English:10|inglês:10,100,Português Brasil:80|English:10|inglês:10,100,Português Brasil:100|English:0|inglês:0,100,17,5,Bachelor's,10,10,10,5,6,8,12,28,28,28,Duolingo,90,,,,,16,25,B1,elementary|intermediate,elementary|intermediate,cambridge_15_21_random_elementary_intermediate,4,19,random,,295.9236249923706,636.5069580078125,335.9236249923706,684.8402805328369,7,10,hover,67,67,0.134338829879236,0.15190937519073486,106,,,,,,2026-07-06T21:59:09.647Z,QGFAEPFN,2026-07-06,2026-07-06,18:59:09,2026-07-06 18:59:09,,,,,,,,697a707b5bc42b2987347880,697a707b5bc42b2987347880,,,,
44245,raw_position_sample,2,2,int,18,3,17,18,96, four ,615,305,4402431.199999999,697a707b5bc42b2987347880,697a707b5bc42b2987347880,intermediate,3,697a707b5bc42b2987347880,697a707b5bc42b2987347880,spotlight_PROLIFIC,,30,Brasil,Português Brasil ,"Português Brasil, inglês ",inglês,Português Brasil:80|English:10|inglês:10,100,Português Brasil:80|English:10|inglês:10,100,Português Brasil:100|English:0|inglês:0,100,17,5,Bachelor's,10,10,10,5,6,8,12,28,28,28,Duolingo,90,,,,,16,25,B1,elementary|intermediate,elementary|intermediate,cambridge_15_21_random_elementary_intermediate,4,19,random,,305.2569580078125,580.9375,326.5902919769287,617.8194465637207,7,8,,,,,,,,,,,,2026-07-06T21:59:09.647Z,QGFAEPFN,2026-07-06,2026-07-06,18:59:09,2026-07-06 18:59:09,,,,,,,,697a707b5bc42b2987347880,697a707b5bc42b2987347880,,,,
44267,hover_association,2,2,int,18,3,17,18,96, four ,615,305,,697a707b5bc42b2987347880,697a707b5bc42b2987347880,intermediate,3,697a707b5bc42b2987347880,697a707b5bc42b2987347880,spotlight_PROLIFIC,,30,Brasil,Português Brasil ,"Português Brasil, inglês ",inglês,Português Brasil:80|English:10|inglês:10,100,Português Brasil:80|English:10|inglês:10,100,Português Brasil:100|English:0|inglês:0,100,17,5,Bachelor's,10,10,10,5,6,8,12,28,28,28,Duolingo,90,,,,,16,25,B1,elementary|intermediate,elementary|intermediate,cambridge_15_21_random_elementary_intermediate,4,19,random,,295.9236249923706,580.9375,335.9236249923706,617.8194522857666,7,8,hover,33.80000000074506,33.80000000074506,0.5439652392734773,0.2769093751907349,106,,,,,,2026-07-06T21:59:09.647Z,QGFAEPFN,2026-07-06,2026-07-06,18:59:09,2026-07-06 18:59:09,,,,,,,,697a707b5bc42b2987347880,697a707b5bc42b2987347880,,,,
44283,hover_association,2,2,int,18,3,17,18,95, to ,568,311,,697a707b5bc42b2987347880,697a707b5bc42b2987347880,intermediate,3,697a707b5bc42b2987347880,697a707b5bc42b2987347880,spotlight_PROLIFIC,,30,Brasil,Português Brasil ,"Português Brasil, inglês ",inglês,Português Brasil:80|English:10|inglês:10,100,Português Brasil:80|English:10|inglês:10,100,Português Brasil:100|English:0|inglês:0,100,17,5,Bachelor's,10,10,10,5,6,8,12,28,28,28,Duolingo,90,,,,,16,25,B1,elementary|intermediate,elementary|intermediate,cambridge_15_21_random_elementary_intermediate,4,19,random,,295.9236249923706,560.5625038146973,335.9236249923706,580.9375,7,7,hover,15.800000000745058,15.800000000745058,0.365030555964849,0.37690937519073486,106,,,,,,2026-07-06T21:59:09.647Z,QGFAEPFN,2026-07-06,2026-07-06,18:59:09,2026-07-06 18:59:09,,,,,,,,697a707b5bc42b2987347880,697a707b5bc42b2987347880,,,,
44295,raw_position_sample,2,2,int,18,3,17,18,94, compared ,549,314,4402481.199999999,697a707b5bc42b2987347880,697a707b5bc42b2987347880,intermediate,3,697a707b5bc42b2987347880,697a707b5bc42b2987347880,spotlight_PROLIFIC,,30,Brasil,Português Brasil ,"Português Brasil, inglês ",inglês,Português Brasil:80|English:10|inglês:10,100,Português Brasil:80|English:10|inglês:10,100,Português Brasil:100|English:0|inglês:0,100,17,5,Bachelor's,10,10,10,5,6,8,12,28,28,28,Duolingo,90,,,,,16,25,B1,elementary|intermediate,elementary|intermediate,cambridge_15_21_random_elementary_intermediate,4,19,random,,305.2569580078125,475.2708435058594,326.5902919769287,560.5625076293945,7,6,,,,,,,,,,,,2026-07-06T21:59:09.647Z,QGFAEPFN,2026-07-06,2026-07-06,18:59:09,2026-07-06 18:59:09,,,,,,,,697a707b5bc42b2987347880,697a707b5bc42b2987347880,,,,
44345,raw_position_sample,2,2,int,18,3,17,18,94, compared ,481,316,4402531.099999998,697a707b5bc42b2987347880,697a707b5bc42b2987347880,intermediate,3,697a707b5bc42b2987347880,697a707b5bc42b2987347880,spotlight_PROLIFIC,,30,Brasil,Português Brasil ,"Português Brasil, inglês ",inglês,Português Brasil:80|English:10|inglês:10,100,Português Brasil:80|English:10|inglês:10,100,Português Brasil:100|English:0|inglês:0,100,17,5,Bachelor's,10,10,10,5,6,8,12,28,28,28,Duolingo,90,,,,,16,25,B1,elementary|intermediate,elementary|intermediate,cambridge_15_21_random_elementary_intermediate,4,19,random,,305.2569580078125,475.2708435058594,326.5902919769287,560.5625076293945,7,6,,,,,,,,,,,,2026-07-06T21:59:09.647Z,QGFAEPFN,2026-07-06,2026-07-06,18:59:09,2026-07-06 18:59:09,,,,,,,,697a707b5bc42b2987347880,697a707b5bc42b2987347880,,,,
44365,hover_association,2,2,int,18,3,17,18,94, compared ,549,314,,697a707b5bc42b2987347880,697a707b5bc42b2987347880,intermediate,3,697a707b5bc42b2987347880,697a707b5bc42b2987347880,spotlight_PROLIFIC,,30,Brasil,Português Brasil ,"Português Brasil, inglês ",inglês,Português Brasil:80|English:10|inglês:10,100,Português Brasil:80|English:10|inglês:10,100,Português Brasil:100|English:0|inglês:0,100,17,5,Bachelor's,10,10,10,5,6,8,12,28,28,28,Duolingo,90,,,,,16,25,B1,elementary|intermediate,elementary|intermediate,cambridge_15_21_random_elementary_intermediate,4,19,random,,295.9236249923706,475.2708435058594,335.9236249923706,560.5625038146973,7,6,hover,82.59999999776483,82.59999999776483,0.04372240475372961,0.5019093751907349,106,,,,,,2026-07-06T21:59:09.647Z,QGFAEPFN,2026-07-06,2026-07-06,18:59:09,2026-07-06 18:59:09,,,,,,,,697a707b5bc42b2987347880,697a707b5bc42b2987347880,,,,
44395,raw_position_sample,2,2,int,18,3,17,18,93, 2012 ,468,316,4402581,697a707b5bc42b2987347880,697a707b5bc42b2987347880,intermediate,3,697a707b5bc42b2987347880,697a707b5bc42b2987347880,spotlight_PROLIFIC,,30,Brasil,Português Brasil ,"Português Brasil, inglês ",inglês,Português Brasil:80|English:10|inglês:10,100,Português Brasil:80|English:10|inglês:10,100,Português Brasil:100|English:0|inglês:0,100,17,5,Bachelor's,10,10,10,5,6,8,12,28,28,28,Duolingo,90,,,,,16,25,B1,elementary|intermediate,elementary|intermediate,cambridge_15_21_random_elementary_intermediate,4,19,random,,305.2569580078125,430.4583435058594,326.5902919769287,475.2708435058594,7,5,,,,,,,,,,,,2026-07-06T21:59:09.647Z,QGFAEPFN,2026-07-06,2026-07-06,18:59:09,2026-07-06 18:59:09,,,,,,,,697a707b5bc42b2987347880,697a707b5bc42b2987347880,,,,
44445,raw_position_sample,2,2,int,18,3,17,18,93, 2012 ,450,316,4402631.199999999,697a707b5bc42b2987347880,697a707b5bc42b2987347880,intermediate,3,697a707b5bc42b2987347880,697a707b5bc42b2987347880,spotlight_PROLIFIC,,30,Brasil,Português Brasil ,"Português Brasil, inglês ",inglês,Português Brasil:80|English:10|inglês:10,100,Português Brasil:80|English:10|inglês:10,100,Português Brasil:100|English:0|inglês:0,100,17,5,Bachelor's,10,10,10,5,6,8,12,28,28,28,Duolingo,90,,,,,16,25,B1,elementary|intermediate,elementary|intermediate,cambridge_15_21_random_elementary_intermediate,4,19,random,,305.2569580078125,430.4583435058594,326.5902919769287,475.2708435058594,7,5,,,,,,,,,,,,2026-07-06T21:59:09.647Z,QGFAEPFN,2026-07-06,2026-07-06,18:59:09,2026-07-06 18:59:09,,,,,,,,697a707b5bc42b2987347880,697a707b5bc42b2987347880,,,,
44496,raw_position_sample,2,2,int,18,3,17,18,93, 2012 ,445,316,4402682.099999998,697a707b5bc42b2987347880,697a707b5bc42b2987347880,intermediate,3,697a707b5bc42b2987347880,697a707b5bc42b2987347880,spotlight_PROLIFIC,,30,Brasil,Português Brasil ,"Português Brasil, inglês ",inglês,Português Brasil:80|English:10|inglês:10,100,Português Brasil:80|English:10|inglês:10,100,Português Brasil:100|English:0|inglês:0,100,17,5,Bachelor's,10,10,10,5,6,8,12,28,28,28,Duolingo,90,,,,,16,25,B1,elementary|intermediate,elementary|intermediate,cambridge_15_21_random_elementary_intermediate,4,19,random,,305.2569580078125,430.4583435058594,326.5902919769287,475.2708435058594,7,5,,,,,,,,,,,,2026-07-06T21:59:09.647Z,QGFAEPFN,2026-07-06,2026-07-06,18:59:09,2026-07-06 18:59:09,,,,,,,,697a707b5bc42b2987347880,697a707b5bc42b2987347880,,,,
44545,raw_position_sample,2,2,int,18,3,17,18,93, 2012 ,440,313,4402731.099999998,697a707b5bc42b2987347880,697a707b5bc42b2987347880,intermediate,3,697a707b5bc42b2987347880,697a707b5bc42b2987347880,spotlight_PROLIFIC,,30,Brasil,Português Brasil ,"Português Brasil, inglês ",inglês,Português Brasil:80|English:10|inglês:10,100,Português Brasil:80|English:10|inglês:10,100,Português Brasil:100|English:0|inglês:0,100,17,5,Bachelor's,10,10,10,5,6,8,12,28,28,28,Duolingo,90,,,,,16,25,B1,elementary|intermediate,elementary|intermediate,cambridge_15_21_random_elementary_intermediate,4,19,random,,305.2569580078125,430.4583435058594,326.5902919769287,475.2708435058594,7,5,,,,,,,,,,,,2026-07-06T21:59:09.647Z,QGFAEPFN,2026-07-06,2026-07-06,18:59:09,2026-07-06 18:59:09,,,,,,,,697a707b5bc42b2987347880,697a707b5bc42b2987347880,,,,
44581,hover_association,2,2,int,18,3,17,18,93, 2012 ,472,316,,697a707b5bc42b2987347880,697a707b5bc42b2987347880,intermediate,3,697a707b5bc42b2987347880,697a707b5bc42b2987347880,spotlight_PROLIFIC,,30,Brasil,Português Brasil ,"Português Brasil, inglês ",inglês,Português Brasil:80|English:10|inglês:10,100,Português Brasil:80|English:10|inglês:10,100,Português Brasil:100|English:0|inglês:0,100,17,5,Bachelor's,10,10,10,5,6,8,12,28,28,28,Duolingo,90,,,,,16,25,B1,elementary|intermediate,elementary|intermediate,cambridge_15_21_random_elementary_intermediate,4,19,random,,295.9236249923706,430.4583435058594,335.9236249923706,475.2708435058594,7,5,hover,215.60000000149012,215.60000000149012,0.03440237643828452,0.35190937519073484,106,,,,,,2026-07-06T21:59:09.647Z,QGFAEPFN,2026-07-06,2026-07-06,18:59:09,2026-07-06 18:59:09,,,,,,,,697a707b5bc42b2987347880,697a707b5bc42b2987347880,,,,
44595,raw_position_sample,2,2,int,18,3,17,18,92, in ,429,310,4402781.5,697a707b5bc42b2987347880,697a707b5bc42b2987347880,intermediate,3,697a707b5bc42b2987347880,697a707b5bc42b2987347880,spotlight_PROLIFIC,,30,Brasil,Português Brasil ,"Português Brasil, inglês ",inglês,Português Brasil:80|English:10|inglês:10,100,Português Brasil:80|English:10|inglês:10,100,Português Brasil:100|English:0|inglês:0,100,17,5,Bachelor's,10,10,10,5,6,8,12,28,28,28,Duolingo,90,,,,,16,25,B1,elementary|intermediate,elementary|intermediate,cambridge_15_21_random_elementary_intermediate,4,19,random,,305.2569580078125,411.7708435058594,326.5902919769287,430.4583435058594,7,4,,,,,,,,,,,,2026-07-06T21:59:09.647Z,QGFAEPFN,2026-07-06,2026-07-06,18:59:09,2026-07-06 18:59:09,,,,,,,,697a707b5bc42b2987347880,697a707b5bc42b2987347880,,,,
44615,hover_association,2,2,int,18,3,17,18,92, in ,429,310,,697a707b5bc42b2987347880,697a707b5bc42b2987347880,intermediate,3,697a707b5bc42b2987347880,697a707b5bc42b2987347880,spotlight_PROLIFIC,,30,Brasil,Português Brasil ,"Português Brasil, inglês ",inglês,Português Brasil:80|English:10|inglês:10,100,Português Brasil:80|English:10|inglês:10,100,Português Brasil:100|English:0|inglês:0,100,17,5,Bachelor's,10,10,10,5,6,8,12,28,28,28,Duolingo,90,,,,,16,25,B1,elementary|intermediate,elementary|intermediate,cambridge_15_21_random_elementary_intermediate,4,19,random,,295.9236249923706,411.770845413208,335.9236249923706,430.4583435058594,7,4,hover,33.69999999925494,33.69999999925494,0.33333272094039873,0.3269093751907349,106,,,,,,2026-07-06T21:59:09.647Z,QGFAEPFN,2026-07-06,2026-07-06,18:59:09,2026-07-06 18:59:09,,,,,,,,697a707b5bc42b2987347880,697a707b5bc42b2987347880,,,,
44645,raw_position_sample,2,2,int,18,3,17,18,91, parks ,397,308,4402831.099999998,697a707b5bc42b2987347880,697a707b5bc42b2987347880,intermediate,3,697a707b5bc42b2987347880,697a707b5bc42b2987347880,spotlight_PROLIFIC,,30,Brasil,Português Brasil ,"Português Brasil, inglês ",inglês,Português Brasil:80|English:10|inglês:10,100,Português Brasil:80|English:10|inglês:10,100,Português Brasil:100|English:0|inglês:0,100,17,5,Bachelor's,10,10,10,5,6,8,12,28,28,28,Duolingo,90,,,,,16,25,B1,elementary|intermediate,elementary|intermediate,cambridge_15_21_random_elementary_intermediate,4,19,random,,305.2569580078125,363.0694580078125,326.5902919769287,411.77084732055664,7,3,,,,,,,,,,,,2026-07-06T21:59:09.647Z,QGFAEPFN,2026-07-06,2026-07-06,18:59:09,2026-07-06 18:59:09,,,,,,,,697a707b5bc42b2987347880,697a707b5bc42b2987347880,,,,
44665,hover_association,2,2,int,18,3,17,18,91, parks ,411,308,,697a707b5bc42b2987347880,697a707b5bc42b2987347880,intermediate,3,697a707b5bc42b2987347880,697a707b5bc42b2987347880,spotlight_PROLIFIC,,30,Brasil,Português Brasil ,"Português Brasil, inglês ",inglês,Português Brasil:80|English:10|inglês:10,100,Português Brasil:80|English:10|inglês:10,100,Português Brasil:100|English:0|inglês:0,100,17,5,Bachelor's,10,10,10,5,6,8,12,28,28,28,Duolingo,90,,,,,16,25,B1,elementary|intermediate,elementary|intermediate,cambridge_15_21_random_elementary_intermediate,4,19,random,,295.9236249923706,363.06945037841797,335.9236249923706,411.770845413208,7,3,hover,50.5,50.5,0.532439565705632,0.30190937519073485,106,,,,,,2026-07-06T21:59:09.647Z,QGFAEPFN,2026-07-06,2026-07-06,18:59:09,2026-07-06 18:59:09,,,,,,,,697a707b5bc42b2987347880,697a707b5bc42b2987347880,,,,
44695,raw_position_sample,2,2,int,18,3,17,18,90, national ,350,308,4402881,697a707b5bc42b2987347880,697a707b5bc42b2987347880,intermediate,3,697a707b5bc42b2987347880,697a707b5bc42b2987347880,spotlight_PROLIFIC,,30,Brasil,Português Brasil ,"Português Brasil, inglês ",inglês,Português Brasil:80|English:10|inglês:10,100,Português Brasil:80|English:10|inglês:10,100,Português Brasil:100|English:0|inglês:0,100,17,5,Bachelor's,10,10,10,5,6,8,12,28,28,28,Duolingo,90,,,,,16,25,B1,elementary|intermediate,elementary|intermediate,cambridge_15_21_random_elementary_intermediate,4,19,random,,305.2569580078125,294.5138854980469,326.5902919769287,363.06944274902344,7,2,,,,,,,,,,,,2026-07-06T21:59:09.647Z,QGFAEPFN,2026-07-06,2026-07-06,18:59:09,2026-07-06 18:59:09,,,,,,,,697a707b5bc42b2987347880,697a707b5bc42b2987347880,,,,
44746,raw_position_sample,2,2,int,18,3,17,18,90, national ,342,308,4402932.099999998,697a707b5bc42b2987347880,697a707b5bc42b2987347880,intermediate,3,697a707b5bc42b2987347880,697a707b5bc42b2987347880,spotlight_PROLIFIC,,30,Brasil,Português Brasil ,"Português Brasil, inglês ",inglês,Português Brasil:80|English:10|inglês:10,100,Português Brasil:80|English:10|inglês:10,100,Português Brasil:100|English:0|inglês:0,100,17,5,Bachelor's,10,10,10,5,6,8,12,28,28,28,Duolingo,90,,,,,16,25,B1,elementary|intermediate,elementary|intermediate,cambridge_15_21_random_elementary_intermediate,4,19,random,,305.2569580078125,294.5138854980469,326.5902919769287,363.06944274902344,7,2,,,,,,,,,,,,2026-07-06T21:59:09.647Z,QGFAEPFN,2026-07-06,2026-07-06,18:59:09,2026-07-06 18:59:09,,,,,,,,697a707b5bc42b2987347880,697a707b5bc42b2987347880,,,,
44803,raw_position_sample,2,2,int,18,3,17,18,90, national ,337,308,4402989.099999998,697a707b5bc42b2987347880,697a707b5bc42b2987347880,intermediate,3,697a707b5bc42b2987347880,697a707b5bc42b2987347880,spotlight_PROLIFIC,,30,Brasil,Português Brasil ,"Português Brasil, inglês ",inglês,Português Brasil:80|English:10|inglês:10,100,Português Brasil:80|English:10|inglês:10,100,Português Brasil:100|English:0|inglês:0,100,17,5,Bachelor's,10,10,10,5,6,8,12,28,28,28,Duolingo,90,,,,,16,25,B1,elementary|intermediate,elementary|intermediate,cambridge_15_21_random_elementary_intermediate,4,19,random,,305.2569580078125,294.5138854980469,326.5902919769287,363.06944274902344,7,2,,,,,,,,,,,,2026-07-06T21:59:09.647Z,QGFAEPFN,2026-07-06,2026-07-06,18:59:09,2026-07-06 18:59:09,,,,,,,,697a707b5bc42b2987347880,697a707b5bc42b2987347880,,,,
44846,raw_position_sample,2,2,int,18,3,17,18,90, national ,330,308,4403031.799999997,697a707b5bc42b2987347880,697a707b5bc42b2987347880,intermediate,3,697a707b5bc42b2987347880,697a707b5bc42b2987347880,spotlight_PROLIFIC,,30,Brasil,Português Brasil ,"Português Brasil, inglês ",inglês,Português Brasil:80|English:10|inglês:10,100,Português Brasil:80|English:10|inglês:10,100,Português Brasil:100|English:0|inglês:0,100,17,5,Bachelor's,10,10,10,5,6,8,12,28,28,28,Duolingo,90,,,,,16,25,B1,elementary|intermediate,elementary|intermediate,cambridge_15_21_random_elementary_intermediate,4,19,random,,305.2569580078125,294.5138854980469,326.5902919769287,363.06944274902344,7,2,,,,,,,,,,,,2026-07-06T21:59:09.647Z,QGFAEPFN,2026-07-06,2026-07-06,18:59:09,2026-07-06 18:59:09,,,,,,,,697a707b5bc42b2987347880,697a707b5bc42b2987347880,,,,
44896,raw_position_sample,2,2,int,18,3,17,18,90, national ,324,308,4403081.799999997,697a707b5bc42b2987347880,697a707b5bc42b2987347880,intermediate,3,697a707b5bc42b2987347880,697a707b5bc42b2987347880,spotlight_PROLIFIC,,30,Brasil,Português Brasil ,"Português Brasil, inglês ",inglês,Português Brasil:80|English:10|inglês:10,100,Português Brasil:80|English:10|inglês:10,100,Português Brasil:100|English:0|inglês:0,100,17,5,Bachelor's,10,10,10,5,6,8,12,28,28,28,Duolingo,90,,,,,16,25,B1,elementary|intermediate,elementary|intermediate,cambridge_15_21_random_elementary_intermediate,4,19,random,,305.2569580078125,294.5138854980469,326.5902919769287,363.06944274902344,7,2,,,,,,,,,,,,2026-07-06T21:59:09.647Z,QGFAEPFN,2026-07-06,2026-07-06,18:59:09,2026-07-06 18:59:09,,,,,,,,697a707b5bc42b2987347880,697a707b5bc42b2987347880,,,,
44945,raw_position_sample,2,2,int,18,3,17,18,90, national ,305,308,4403131.5,697a707b5bc42b2987347880,697a707b5bc42b2987347880,intermediate,3,697a707b5bc42b2987347880,697a707b5bc42b2987347880,spotlight_PROLIFIC,,30,Brasil,Português Brasil ,"Português Brasil, inglês ",inglês,Português Brasil:80|English:10|inglês:10,100,Português Brasil:80|English:10|inglês:10,100,Português Brasil:100|English:0|inglês:0,100,17,5,Bachelor's,10,10,10,5,6,8,12,28,28,28,Duolingo,90,,,,,16,25,B1,elementary|intermediate,elementary|intermediate,cambridge_15_21_random_elementary_intermediate,4,19,random,,305.2569580078125,294.5138854980469,326.5902919769287,363.06944274902344,7,2,,,,,,,,,,,,2026-07-06T21:59:09.647Z,QGFAEPFN,2026-07-06,2026-07-06,18:59:09,2026-07-06 18:59:09,,,,,,,,697a707b5bc42b2987347880,697a707b5bc42b2987347880,,,,
44981,hover_association,2,2,int,18,3,17,18,90, national ,363,308,,697a707b5bc42b2987347880,697a707b5bc42b2987347880,intermediate,3,697a707b5bc42b2987347880,697a707b5bc42b2987347880,spotlight_PROLIFIC,,30,Brasil,Português Brasil ,"Português Brasil, inglês ",inglês,Português Brasil:80|English:10|inglês:10,100,Português Brasil:80|English:10|inglês:10,100,Português Brasil:100|English:0|inglês:0,100,17,5,Bachelor's,10,10,10,5,6,8,12,28,28,28,Duolingo,90,,,,,16,25,B1,elementary|intermediate,elementary|intermediate,cambridge_15_21_random_elementary_intermediate,4,19,random,,295.9236249923706,294.5138874053955,335.9236249923706,363.06945037841797,7,2,hover,316.4000000022352,316.4000000022352,0.0362641992391312,0.30190937519073485,106,,,,,,2026-07-06T21:59:09.647Z,QGFAEPFN,2026-07-06,2026-07-06,18:59:09,2026-07-06 18:59:09,,,,,,,,697a707b5bc42b2987347880,697a707b5bc42b2987347880,,,,
44995,raw_position_sample,2,2,int,18,3,17,18,89, around ,285,308,4403181.599999998,697a707b5bc42b2987347880,697a707b5bc42b2987347880,intermediate,3,697a707b5bc42b2987347880,697a707b5bc42b2987347880,spotlight_PROLIFIC,,30,Brasil,Português Brasil ,"Português Brasil, inglês ",inglês,Português Brasil:80|English:10|inglês:10,100,Português Brasil:80|English:10|inglês:10,100,Português Brasil:100|English:0|inglês:0,100,17,5,Bachelor's,10,10,10,5,6,8,12,28,28,28,Duolingo,90,,,,,16,25,B1,elementary|intermediate,elementary|intermediate,cambridge_15_21_random_elementary_intermediate,4,19,random,,305.2569580078125,234.18055725097656,326.5902919769287,294.51388931274414,7,1,,,,,,,,,,,,2026-07-06T21:59:09.647Z,QGFAEPFN,2026-07-06,2026-07-06,18:59:09,2026-07-06 18:59:09,,,,,,,,697a707b5bc42b2987347880,697a707b5bc42b2987347880,,,,
45046,raw_position_sample,2,2,int,18,3,17,18,89, around ,279,308,4403231.8999999985,697a707b5bc42b2987347880,697a707b5bc42b2987347880,intermediate,3,697a707b5bc42b2987347880,697a707b5bc42b2987347880,spotlight_PROLIFIC,,30,Brasil,Português Brasil ,"Português Brasil, inglês ",inglês,Português Brasil:80|English:10|inglês:10,100,Português Brasil:80|English:10|inglês:10,100,Português Brasil:100|English:0|inglês:0,100,17,5,Bachelor's,10,10,10,5,6,8,12,28,28,28,Duolingo,90,,,,,16,25,B1,elementary|intermediate,elementary|intermediate,cambridge_15_21_random_elementary_intermediate,4,19,random,,305.2569580078125,234.18055725097656,326.5902919769287,294.51388931274414,7,1,,,,,,,,,,,,2026-07-06T21:59:09.647Z,QGFAEPFN,2026-07-06,2026-07-06,18:59:09,2026-07-06 18:59:09,,,,,,,,697a707b5bc42b2987347880,697a707b5bc42b2987347880,,,,
45095,raw_position_sample,2,2,int,18,3,17,18,89, around ,265,308,4403281.299999997,697a707b5bc42b2987347880,697a707b5bc42b2987347880,intermediate,3,697a707b5bc42b2987347880,697a707b5bc42b2987347880,spotlight_PROLIFIC,,30,Brasil,Português Brasil ,"Português Brasil, inglês ",inglês,Português Brasil:80|English:10|inglês:10,100,Português Brasil:80|English:10|inglês:10,100,Português Brasil:100|English:0|inglês:0,100,17,5,Bachelor's,10,10,10,5,6,8,12,28,28,28,Duolingo,90,,,,,16,25,B1,elementary|intermediate,elementary|intermediate,cambridge_15_21_random_elementary_intermediate,4,19,random,,305.2569580078125,234.18055725097656,326.5902919769287,294.51388931274414,7,1,,,,,,,,,,,,2026-07-06T21:59:09.647Z,QGFAEPFN,2026-07-06,2026-07-06,18:59:09,2026-07-06 18:59:09,,,,,,,,697a707b5bc42b2987347880,697a707b5bc42b2987347880,,,,
45145,raw_position_sample,2,2,int,18,3,17,18,89, around ,260,308,4403331.799999997,697a707b5bc42b2987347880,697a707b5bc42b2987347880,intermediate,3,697a707b5bc42b2987347880,697a707b5bc42b2987347880,spotlight_PROLIFIC,,30,Brasil,Português Brasil ,"Português Brasil, inglês ",inglês,Português Brasil:80|English:10|inglês:10,100,Português Brasil:80|English:10|inglês:10,100,Português Brasil:100|English:0|inglês:0,100,17,5,Bachelor's,10,10,10,5,6,8,12,28,28,28,Duolingo,90,,,,,16,25,B1,elementary|intermediate,elementary|intermediate,cambridge_15_21_random_elementary_intermediate,4,19,random,,305.2569580078125,234.18055725097656,326.5902919769287,294.51388931274414,7,1,,,,,,,,,,,,2026-07-06T21:59:09.647Z,QGFAEPFN,2026-07-06,2026-07-06,18:59:09,2026-07-06 18:59:09,,,,,,,,697a707b5bc42b2987347880,697a707b5bc42b2987347880,,,,
45196,raw_position_sample,2,2,int,18,3,17,18,89, around ,250,308,4403382.5,697a707b5bc42b2987347880,697a707b5bc42b2987347880,intermediate,3,697a707b5bc42b2987347880,697a707b5bc42b2987347880,spotlight_PROLIFIC,,30,Brasil,Português Brasil ,"Português Brasil, inglês ",inglês,Português Brasil:80|English:10|inglês:10,100,Português Brasil:80|English:10|inglês:10,100,Português Brasil:100|English:0|inglês:0,100,17,5,Bachelor's,10,10,10,5,6,8,12,28,28,28,Duolingo,90,,,,,16,25,B1,elementary|intermediate,elementary|intermediate,cambridge_15_21_random_elementary_intermediate,4,19,random,,305.2569580078125,234.18055725097656,326.5902919769287,294.51388931274414,7,1,,,,,,,,,,,,2026-07-06T21:59:09.647Z,QGFAEPFN,2026-07-06,2026-07-06,18:59:09,2026-07-06 18:59:09,,,,,,,,697a707b5bc42b2987347880,697a707b5bc42b2987347880,,,,
45245,raw_position_sample,2,2,int,18,3,17,18,89, around ,246,308,4403431.199999999,697a707b5bc42b2987347880,697a707b5bc42b2987347880,intermediate,3,697a707b5bc42b2987347880,697a707b5bc42b2987347880,spotlight_PROLIFIC,,30,Brasil,Português Brasil ,"Português Brasil, inglês ",inglês,Português Brasil:80|English:10|inglês:10,100,Português Brasil:80|English:10|inglês:10,100,Português Brasil:100|English:0|inglês:0,100,17,5,Bachelor's,10,10,10,5,6,8,12,28,28,28,Duolingo,90,,,,,16,25,B1,elementary|intermediate,elementary|intermediate,cambridge_15_21_random_elementary_intermediate,4,19,random,,305.2569580078125,234.18055725097656,326.5902919769287,294.51388931274414,7,1,,,,,,,,,,,,2026-07-06T21:59:09.647Z,QGFAEPFN,2026-07-06,2026-07-06,18:59:09,2026-07-06 18:59:09,,,,,,,,697a707b5bc42b2987347880,697a707b5bc42b2987347880,,,,
45295,raw_position_sample,2,2,int,18,3,17,18,89, around ,239,308,4403481.3999999985,697a707b5bc42b2987347880,697a707b5bc42b2987347880,intermediate,3,697a707b5bc42b2987347880,697a707b5bc42b2987347880,spotlight_PROLIFIC,,30,Brasil,Português Brasil ,"Português Brasil, inglês ",inglês,Português Brasil:80|English:10|inglês:10,100,Português Brasil:80|English:10|inglês:10,100,Português Brasil:100|English:0|inglês:0,100,17,5,Bachelor's,10,10,10,5,6,8,12,28,28,28,Duolingo,90,,,,,16,25,B1,elementary|intermediate,elementary|intermediate,cambridge_15_21_random_elementary_intermediate,4,19,random,,305.2569580078125,234.18055725097656,326.5902919769287,294.51388931274414,7,1,,,,,,,,,,,,2026-07-06T21:59:09.647Z,QGFAEPFN,2026-07-06,2026-07-06,18:59:09,2026-07-06 18:59:09,,,,,,,,697a707b5bc42b2987347880,697a707b5bc42b2987347880,,,,
45347,raw_position_sample,2,2,int,18,3,17,18,89, around ,239,308,4403533.099999998,697a707b5bc42b2987347880,697a707b5bc42b2987347880,intermediate,3,697a707b5bc42b2987347880,697a707b5bc42b2987347880,spotlight_PROLIFIC,,30,Brasil,Português Brasil ,"Português Brasil, inglês ",inglês,Português Brasil:80|English:10|inglês:10,100,Português Brasil:80|English:10|inglês:10,100,Português Brasil:100|English:0|inglês:0,100,17,5,Bachelor's,10,10,10,5,6,8,12,28,28,28,Duolingo,90,,,,,16,25,B1,elementary|intermediate,elementary|intermediate,cambridge_15_21_random_elementary_intermediate,4,19,random,,305.2569580078125,234.18055725097656,326.5902919769287,294.51388931274414,7,1,,,,,,,,,,,,2026-07-06T21:59:09.647Z,QGFAEPFN,2026-07-06,2026-07-06,18:59:09,2026-07-06 18:59:09,,,,,,,,697a707b5bc42b2987347880,697a707b5bc42b2987347880,,,,
45397,raw_position_sample,2,2,int,18,3,17,18,89, around ,239,308,4403583.099999998,697a707b5bc42b2987347880,697a707b5bc42b2987347880,intermediate,3,697a707b5bc42b2987347880,697a707b5bc42b2987347880,spotlight_PROLIFIC,,30,Brasil,Português Brasil ,"Português Brasil, inglês ",inglês,Português Brasil:80|English:10|inglês:10,100,Português Brasil:80|English:10|inglês:10,100,Português Brasil:100|English:0|inglês:0,100,17,5,Bachelor's,10,10,10,5,6,8,12,28,28,28,Duolingo,90,,,,,16,25,B1,elementary|intermediate,elementary|intermediate,cambridge_15_21_random_elementary_intermediate,4,19,random,,305.2569580078125,234.18055725097656,326.5902919769287,294.51388931274414,7,1,,,,,,,,,,,,2026-07-06T21:59:09.647Z,QGFAEPFN,2026-07-06,2026-07-06,18:59:09,2026-07-06 18:59:09,,,,,,,,697a707b5bc42b2987347880,697a707b5bc42b2987347880,,,,
45449,raw_position_sample,2,2,int,18,3,17,18,89, around ,239,308,4403635.299999997,697a707b5bc42b2987347880,697a707b5bc42b2987347880,intermediate,3,697a707b5bc42b2987347880,697a707b5bc42b2987347880,spotlight_PROLIFIC,,30,Brasil,Português Brasil ,"Português Brasil, inglês ",inglês,Português Brasil:80|English:10|inglês:10,100,Português Brasil:80|English:10|inglês:10,100,Português Brasil:100|English:0|inglês:0,100,17,5,Bachelor's,10,10,10,5,6,8,12,28,28,28,Duolingo,90,,,,,16,25,B1,elementary|intermediate,elementary|intermediate,cambridge_15_21_random_elementary_intermediate,4,19,random,,305.2569580078125,234.18055725097656,326.5902919769287,294.51388931274414,7,1,,,,,,,,,,,,2026-07-06T21:59:09.647Z,QGFAEPFN,2026-07-06,2026-07-06,18:59:09,2026-07-06 18:59:09,,,,,,,,697a707b5bc42b2987347880,697a707b5bc42b2987347880,,,,
45501,raw_position_sample,2,2,int,18,3,17,18,89, around ,239,308,4403687.699999999,697a707b5bc42b2987347880,697a707b5bc42b2987347880,intermediate,3,697a707b5bc42b2987347880,697a707b5bc42b2987347880,spotlight_PROLIFIC,,30,Brasil,Português Brasil ,"Português Brasil, inglês ",inglês,Português Brasil:80|English:10|inglês:10,100,Português Brasil:80|English:10|inglês:10,100,Português Brasil:100|English:0|inglês:0,100,17,5,Bachelor's,10,10,10,5,6,8,12,28,28,28,Duolingo,90,,,,,16,25,B1,elementary|intermediate,elementary|intermediate,cambridge_15_21_random_elementary_intermediate,4,19,random,,305.2569580078125,234.18055725097656,326.5902919769287,294.51388931274414,7,1,,,,,,,,,,,,2026-07-06T21:59:09.647Z,QGFAEPFN,2026-07-06,2026-07-06,18:59:09,2026-07-06 18:59:09,,,,,,,,697a707b5bc42b2987347880,697a707b5bc42b2987347880,,,,
45551,raw_position_sample,2,2,int,18,3,17,18,89, around ,239,308,4403737.099999998,697a707b5bc42b2987347880,697a707b5bc42b2987347880,intermediate,3,697a707b5bc42b2987347880,697a707b5bc42b2987347880,spotlight_PROLIFIC,,30,Brasil,Português Brasil ,"Português Brasil, inglês ",inglês,Português Brasil:80|English:10|inglês:10,100,Português Brasil:80|English:10|inglês:10,100,Português Brasil:100|English:0|inglês:0,100,17,5,Bachelor's,10,10,10,5,6,8,12,28,28,28,Duolingo,90,,,,,16,25,B1,elementary|intermediate,elementary|intermediate,cambridge_15_21_random_elementary_intermediate,4,19,random,,305.2569580078125,234.18055725097656,326.5902919769287,294.51388931274414,7,1,,,,,,,,,,,,2026-07-06T21:59:09.647Z,QGFAEPFN,2026-07-06,2026-07-06,18:59:09,2026-07-06 18:59:09,,,,,,,,697a707b5bc42b2987347880,697a707b5bc42b2987347880,,,,
45607,raw_position_sample,2,2,int,18,3,17,18,89, around ,239,310,4403793.299999997,697a707b5bc42b2987347880,697a707b5bc42b2987347880,intermediate,3,697a707b5bc42b2987347880,697a707b5bc42b2987347880,spotlight_PROLIFIC,,30,Brasil,Português Brasil ,"Português Brasil, inglês ",inglês,Português Brasil:80|English:10|inglês:10,100,Português Brasil:80|English:10|inglês:10,100,Português Brasil:100|English:0|inglês:0,100,17,5,Bachelor's,10,10,10,5,6,8,12,28,28,28,Duolingo,90,,,,,16,25,B1,elementary|intermediate,elementary|intermediate,cambridge_15_21_random_elementary_intermediate,4,19,random,,305.2569580078125,234.18055725097656,326.5902919769287,294.51388931274414,7,1,,,,,,,,,,,,2026-07-06T21:59:09.647Z,QGFAEPFN,2026-07-06,2026-07-06,18:59:09,2026-07-06 18:59:09,,,,,,,,697a707b5bc42b2987347880,697a707b5bc42b2987347880,,,,
45645,raw_position_sample,2,2,int,18,3,17,18,89, around ,242,313,4403831.599999998,697a707b5bc42b2987347880,697a707b5bc42b2987347880,intermediate,3,697a707b5bc42b2987347880,697a707b5bc42b2987347880,spotlight_PROLIFIC,,30,Brasil,Português Brasil ,"Português Brasil, inglês ",inglês,Português Brasil:80|English:10|inglês:10,100,Português Brasil:80|English:10|inglês:10,100,Português Brasil:100|English:0|inglês:0,100,17,5,Bachelor's,10,10,10,5,6,8,12,28,28,28,Duolingo,90,,,,,16,25,B1,elementary|intermediate,elementary|intermediate,cambridge_15_21_random_elementary_intermediate,4,19,random,,305.2569580078125,234.18055725097656,326.5902919769287,294.51388931274414,7,1,,,,,,,,,,,,2026-07-06T21:59:09.647Z,QGFAEPFN,2026-07-06,2026-07-06,18:59:09,2026-07-06 18:59:09,,,,,,,,697a707b5bc42b2987347880,697a707b5bc42b2987347880,,,,
45696,raw_position_sample,2,2,int,18,3,17,18,89, around ,242,314,4403882.099999998,697a707b5bc42b2987347880,697a707b5bc42b2987347880,intermediate,3,697a707b5bc42b2987347880,697a707b5bc42b2987347880,spotlight_PROLIFIC,,30,Brasil,Português Brasil ,"Português Brasil, inglês ",inglês,Português Brasil:80|English:10|inglês:10,100,Português Brasil:80|English:10|inglês:10,100,Português Brasil:100|English:0|inglês:0,100,17,5,Bachelor's,10,10,10,5,6,8,12,28,28,28,Duolingo,90,,,,,16,25,B1,elementary|intermediate,elementary|intermediate,cambridge_15_21_random_elementary_intermediate,4,19,random,,305.2569580078125,234.18055725097656,326.5902919769287,294.51388931274414,7,1,,,,,,,,,,,,2026-07-06T21:59:09.647Z,QGFAEPFN,2026-07-06,2026-07-06,18:59:09,2026-07-06 18:59:09,,,,,,,,697a707b5bc42b2987347880,697a707b5bc42b2987347880,,,,
45745,raw_position_sample,2,2,int,18,3,17,18,89, around ,243,318,4403931.699999999,697a707b5bc42b2987347880,697a707b5bc42b2987347880,intermediate,3,697a707b5bc42b2987347880,697a707b5bc42b2987347880,spotlight_PROLIFIC,,30,Brasil,Português Brasil ,"Português Brasil, inglês ",inglês,Português Brasil:80|English:10|inglês:10,100,Português Brasil:80|English:10|inglês:10,100,Português Brasil:100|English:0|inglês:0,100,17,5,Bachelor's,10,10,10,5,6,8,12,28,28,28,Duolingo,90,,,,,16,25,B1,elementary|intermediate,elementary|intermediate,cambridge_15_21_random_elementary_intermediate,4,19,random,,305.2569580078125,234.18055725097656,326.5902919769287,294.51388931274414,7,1,,,,,,,,,,,,2026-07-06T21:59:09.647Z,QGFAEPFN,2026-07-06,2026-07-06,18:59:09,2026-07-06 18:59:09,,,,,,,,697a707b5bc42b2987347880,697a707b5bc42b2987347880,,,,
45795,raw_position_sample,2,2,int,18,3,17,18,89, around ,244,325,4403981.199999999,697a707b5bc42b2987347880,697a707b5bc42b2987347880,intermediate,3,697a707b5bc42b2987347880,697a707b5bc42b2987347880,spotlight_PROLIFIC,,30,Brasil,Português Brasil ,"Português Brasil, inglês ",inglês,Português Brasil:80|English:10|inglês:10,100,Português Brasil:80|English:10|inglês:10,100,Português Brasil:100|English:0|inglês:0,100,17,5,Bachelor's,10,10,10,5,6,8,12,28,28,28,Duolingo,90,,,,,16,25,B1,elementary|intermediate,elementary|intermediate,cambridge_15_21_random_elementary_intermediate,4,19,random,,305.2569580078125,234.18055725097656,326.5902919769287,294.51388931274414,7,1,,,,,,,,,,,,2026-07-06T21:59:09.647Z,QGFAEPFN,2026-07-06,2026-07-06,18:59:09,2026-07-06 18:59:09,,,,,,,,697a707b5bc42b2987347880,697a707b5bc42b2987347880,,,,
45845,raw_position_sample,2,2,int,18,3,17,18,89, around ,247,330,4404031.699999999,697a707b5bc42b2987347880,697a707b5bc42b2987347880,intermediate,3,697a707b5bc42b2987347880,697a707b5bc42b2987347880,spotlight_PROLIFIC,,30,Brasil,Português Brasil ,"Português Brasil, inglês ",inglês,Português Brasil:80|English:10|inglês:10,100,Português Brasil:80|English:10|inglês:10,100,Português Brasil:100|English:0|inglês:0,100,17,5,Bachelor's,10,10,10,5,6,8,12,28,28,28,Duolingo,90,,,,,16,25,B1,elementary|intermediate,elementary|intermediate,cambridge_15_21_random_elementary_intermediate,4,19,random,,305.2569580078125,234.18055725097656,326.5902919769287,294.51388931274414,7,1,,,,,,,,,,,,2026-07-06T21:59:09.647Z,QGFAEPFN,2026-07-06,2026-07-06,18:59:09,2026-07-06 18:59:09,,,,,,,,697a707b5bc42b2987347880,697a707b5bc42b2987347880,,,,
45895,raw_position_sample,2,2,int,18,3,17,18,89, around ,249,334,4404081.599999998,697a707b5bc42b2987347880,697a707b5bc42b2987347880,intermediate,3,697a707b5bc42b2987347880,697a707b5bc42b2987347880,spotlight_PROLIFIC,,30,Brasil,Português Brasil ,"Português Brasil, inglês ",inglês,Português Brasil:80|English:10|inglês:10,100,Português Brasil:80|English:10|inglês:10,100,Português Brasil:100|English:0|inglês:0,100,17,5,Bachelor's,10,10,10,5,6,8,12,28,28,28,Duolingo,90,,,,,16,25,B1,elementary|intermediate,elementary|intermediate,cambridge_15_21_random_elementary_intermediate,4,19,random,,305.2569580078125,234.18055725097656,326.5902919769287,294.51388931274414,7,1,,,,,,,,,,,,2026-07-06T21:59:09.647Z,QGFAEPFN,2026-07-06,2026-07-06,18:59:09,2026-07-06 18:59:09,,,,,,,,697a707b5bc42b2987347880,697a707b5bc42b2987347880,,,,
45946,raw_position_sample,2,2,int,18,3,17,18,89, around ,249,334,4404132.099999998,697a707b5bc42b2987347880,697a707b5bc42b2987347880,intermediate,3,697a707b5bc42b2987347880,697a707b5bc42b2987347880,spotlight_PROLIFIC,,30,Brasil,Português Brasil ,"Português Brasil, inglês ",inglês,Português Brasil:80|English:10|inglês:10,100,Português Brasil:80|English:10|inglês:10,100,Português Brasil:100|English:0|inglês:0,100,17,5,Bachelor's,10,10,10,5,6,8,12,28,28,28,Duolingo,90,,,,,16,25,B1,elementary|intermediate,elementary|intermediate,cambridge_15_21_random_elementary_intermediate,4,19,random,,305.2569580078125,234.18055725097656,326.5902919769287,294.51388931274414,7,1,,,,,,,,,,,,2026-07-06T21:59:09.647Z,QGFAEPFN,2026-07-06,2026-07-06,18:59:09,2026-07-06 18:59:09,,,,,,,,697a707b5bc42b2987347880,697a707b5bc42b2987347880,,,,
45950,hover_association,2,2,int,18,3,17,18,89, around ,285,308,,697a707b5bc42b2987347880,697a707b5bc42b2987347880,intermediate,3,697a707b5bc42b2987347880,697a707b5bc42b2987347880,spotlight_PROLIFIC,,30,Brasil,Português Brasil ,"Português Brasil, inglês ",inglês,Português Brasil:80|English:10|inglês:10,100,Português Brasil:80|English:10|inglês:10,100,Português Brasil:100|English:0|inglês:0,100,17,5,Bachelor's,10,10,10,5,6,8,12,28,28,28,Duolingo,90,,,,,16,25,B1,elementary|intermediate,elementary|intermediate,cambridge_15_21_random_elementary_intermediate,4,19,random,,295.9236249923706,230.25173786708288,335.9236249923706,294.5138874053955,7,1,hover,967.5,967.5,0.2917465766024453,0.9519093751907348,106,,,,,,2026-07-06T21:59:09.647Z,QGFAEPFN,2026-07-06,2026-07-06,18:59:09,2026-07-06 18:59:09,,,,,,,,697a707b5bc42b2987347880,697a707b5bc42b2987347880,,,,
45996,raw_position_sample,2,2,int,18,3,17,18,103, also ,252,337,4404182.099999998,697a707b5bc42b2987347880,697a707b5bc42b2987347880,intermediate,3,697a707b5bc42b2987347880,697a707b5bc42b2987347880,spotlight_PROLIFIC,,30,Brasil,Português Brasil ,"Português Brasil, inglês ",inglês,Português Brasil:80|English:10|inglês:10,100,Português Brasil:80|English:10|inglês:10,100,Português Brasil:100|English:0|inglês:0,100,17,5,Bachelor's,10,10,10,5,6,8,12,28,28,28,Duolingo,90,,,,,16,25,B1,elementary|intermediate,elementary|intermediate,cambridge_15_21_random_elementary_intermediate,4,19,random,,345.2569580078125,234.18055725097656,366.5902919769287,272.18750381469727,8,1,,,,,,,,,,,,2026-07-06T21:59:09.647Z,QGFAEPFN,2026-07-06,2026-07-06,18:59:09,2026-07-06 18:59:09,,,,,,,,697a707b5bc42b2987347880,697a707b5bc42b2987347880,,,,
46045,raw_position_sample,2,2,int,18,3,17,18,103, also ,254,338,4404231.699999999,697a707b5bc42b2987347880,697a707b5bc42b2987347880,intermediate,3,697a707b5bc42b2987347880,697a707b5bc42b2987347880,spotlight_PROLIFIC,,30,Brasil,Português Brasil ,"Português Brasil, inglês ",inglês,Português Brasil:80|English:10|inglês:10,100,Português Brasil:80|English:10|inglês:10,100,Português Brasil:100|English:0|inglês:0,100,17,5,Bachelor's,10,10,10,5,6,8,12,28,28,28,Duolingo,90,,,,,16,25,B1,elementary|intermediate,elementary|intermediate,cambridge_15_21_random_elementary_intermediate,4,19,random,,345.2569580078125,234.18055725097656,366.5902919769287,272.18750381469727,8,1,,,,,,,,,,,,2026-07-06T21:59:09.647Z,QGFAEPFN,2026-07-06,2026-07-06,18:59:09,2026-07-06 18:59:09,,,,,,,,697a707b5bc42b2987347880,697a707b5bc42b2987347880,,,,
46096,raw_position_sample,2,2,int,18,3,17,18,103, also ,254,338,4404282,697a707b5bc42b2987347880,697a707b5bc42b2987347880,intermediate,3,697a707b5bc42b2987347880,697a707b5bc42b2987347880,spotlight_PROLIFIC,,30,Brasil,Português Brasil ,"Português Brasil, inglês ",inglês,Português Brasil:80|English:10|inglês:10,100,Português Brasil:80|English:10|inglês:10,100,Português Brasil:100|English:0|inglês:0,100,17,5,Bachelor's,10,10,10,5,6,8,12,28,28,28,Duolingo,90,,,,,16,25,B1,elementary|intermediate,elementary|intermediate,cambridge_15_21_random_elementary_intermediate,4,19,random,,345.2569580078125,234.18055725097656,366.5902919769287,272.18750381469727,8,1,,,,,,,,,,,,2026-07-06T21:59:09.647Z,QGFAEPFN,2026-07-06,2026-07-06,18:59:09,2026-07-06 18:59:09,,,,,,,,697a707b5bc42b2987347880,697a707b5bc42b2987347880,,,,
46156,raw_position_sample,2,2,int,18,3,17,18,103, also ,255,338,4404342.199999999,697a707b5bc42b2987347880,697a707b5bc42b2987347880,intermediate,3,697a707b5bc42b2987347880,697a707b5bc42b2987347880,spotlight_PROLIFIC,,30,Brasil,Português Brasil ,"Português Brasil, inglês ",inglês,Português Brasil:80|English:10|inglês:10,100,Português Brasil:80|English:10|inglês:10,100,Português Brasil:100|English:0|inglês:0,100,17,5,Bachelor's,10,10,10,5,6,8,12,28,28,28,Duolingo,90,,,,,16,25,B1,elementary|intermediate,elementary|intermediate,cambridge_15_21_random_elementary_intermediate,4,19,random,,345.2569580078125,234.18055725097656,366.5902919769287,272.18750381469727,8,1,,,,,,,,,,,,2026-07-06T21:59:09.647Z,QGFAEPFN,2026-07-06,2026-07-06,18:59:09,2026-07-06 18:59:09,,,,,,,,697a707b5bc42b2987347880,697a707b5bc42b2987347880,,,,
46200,raw_position_sample,2,2,int,18,3,17,18,103, also ,257,338,4404385.8999999985,697a707b5bc42b2987347880,697a707b5bc42b2987347880,intermediate,3,697a707b5bc42b2987347880,697a707b5bc42b2987347880,spotlight_PROLIFIC,,30,Brasil,Português Brasil ,"Português Brasil, inglês ",inglês,Português Brasil:80|English:10|inglês:10,100,Português Brasil:80|English:10|inglês:10,100,Português Brasil:100|English:0|inglês:0,100,17,5,Bachelor's,10,10,10,5,6,8,12,28,28,28,Duolingo,90,,,,,16,25,B1,elementary|intermediate,elementary|intermediate,cambridge_15_21_random_elementary_intermediate,4,19,random,,345.2569580078125,234.18055725097656,366.5902919769287,272.18750381469727,8,1,,,,,,,,,,,,2026-07-06T21:59:09.647Z,QGFAEPFN,2026-07-06,2026-07-06,18:59:09,2026-07-06 18:59:09,,,,,,,,697a707b5bc42b2987347880,697a707b5bc42b2987347880,,,,
46245,raw_position_sample,2,2,int,18,3,17,18,103, also ,258,338,4404431.699999999,697a707b5bc42b2987347880,697a707b5bc42b2987347880,intermediate,3,697a707b5bc42b2987347880,697a707b5bc42b2987347880,spotlight_PROLIFIC,,30,Brasil,Português Brasil ,"Português Brasil, inglês ",inglês,Português Brasil:80|English:10|inglês:10,100,Português Brasil:80|English:10|inglês:10,100,Português Brasil:100|English:0|inglês:0,100,17,5,Bachelor's,10,10,10,5,6,8,12,28,28,28,Duolingo,90,,,,,16,25,B1,elementary|intermediate,elementary|intermediate,cambridge_15_21_random_elementary_intermediate,4,19,random,,345.2569580078125,234.18055725097656,366.5902919769287,272.18750381469727,8,1,,,,,,,,,,,,2026-07-06T21:59:09.647Z,QGFAEPFN,2026-07-06,2026-07-06,18:59:09,2026-07-06 18:59:09,,,,,,,,697a707b5bc42b2987347880,697a707b5bc42b2987347880,,,,
46295,raw_position_sample,2,2,int,18,3,17,18,103, also ,260,338,4404481.699999999,697a707b5bc42b2987347880,697a707b5bc42b2987347880,intermediate,3,697a707b5bc42b2987347880,697a707b5bc42b2987347880,spotlight_PROLIFIC,,30,Brasil,Português Brasil ,"Português Brasil, inglês ",inglês,Português Brasil:80|English:10|inglês:10,100,Português Brasil:80|English:10|inglês:10,100,Português Brasil:100|English:0|inglês:0,100,17,5,Bachelor's,10,10,10,5,6,8,12,28,28,28,Duolingo,90,,,,,16,25,B1,elementary|intermediate,elementary|intermediate,cambridge_15_21_random_elementary_intermediate,4,19,random,,345.2569580078125,234.18055725097656,366.5902919769287,272.18750381469727,8,1,,,,,,,,,,,,2026-07-06T21:59:09.647Z,QGFAEPFN,2026-07-06,2026-07-06,18:59:09,2026-07-06 18:59:09,,,,,,,,697a707b5bc42b2987347880,697a707b5bc42b2987347880,,,,
46345,raw_position_sample,2,2,int,18,3,17,18,103, also ,264,338,4404531.199999999,697a707b5bc42b2987347880,697a707b5bc42b2987347880,intermediate,3,697a707b5bc42b2987347880,697a707b5bc42b2987347880,spotlight_PROLIFIC,,30,Brasil,Português Brasil ,"Português Brasil, inglês ",inglês,Português Brasil:80|English:10|inglês:10,100,Português Brasil:80|English:10|inglês:10,100,Português Brasil:100|English:0|inglês:0,100,17,5,Bachelor's,10,10,10,5,6,8,12,28,28,28,Duolingo,90,,,,,16,25,B1,elementary|intermediate,elementary|intermediate,cambridge_15_21_random_elementary_intermediate,4,19,random,,345.2569580078125,234.18055725097656,366.5902919769287,272.18750381469727,8,1,,,,,,,,,,,,2026-07-06T21:59:09.647Z,QGFAEPFN,2026-07-06,2026-07-06,18:59:09,2026-07-06 18:59:09,,,,,,,,697a707b5bc42b2987347880,697a707b5bc42b2987347880,,,,
46395,raw_position_sample,2,2,int,18,3,17,18,103, also ,271,338,4404581.299999997,697a707b5bc42b2987347880,697a707b5bc42b2987347880,intermediate,3,697a707b5bc42b2987347880,697a707b5bc42b2987347880,spotlight_PROLIFIC,,30,Brasil,Português Brasil ,"Português Brasil, inglês ",inglês,Português Brasil:80|English:10|inglês:10,100,Português Brasil:80|English:10|inglês:10,100,Português Brasil:100|English:0|inglês:0,100,17,5,Bachelor's,10,10,10,5,6,8,12,28,28,28,Duolingo,90,,,,,16,25,B1,elementary|intermediate,elementary|intermediate,cambridge_15_21_random_elementary_intermediate,4,19,random,,345.2569580078125,234.18055725097656,366.5902919769287,272.18750381469727,8,1,,,,,,,,,,,,2026-07-06T21:59:09.647Z,QGFAEPFN,2026-07-06,2026-07-06,18:59:09,2026-07-06 18:59:09,,,,,,,,697a707b5bc42b2987347880,697a707b5bc42b2987347880,,,,
46446,raw_position_sample,2,2,int,18,3,17,18,103, also ,271,337,4404631.8999999985,697a707b5bc42b2987347880,697a707b5bc42b2987347880,intermediate,3,697a707b5bc42b2987347880,697a707b5bc42b2987347880,spotlight_PROLIFIC,,30,Brasil,Português Brasil ,"Português Brasil, inglês ",inglês,Português Brasil:80|English:10|inglês:10,100,Português Brasil:80|English:10|inglês:10,100,Português Brasil:100|English:0|inglês:0,100,17,5,Bachelor's,10,10,10,5,6,8,12,28,28,28,Duolingo,90,,,,,16,25,B1,elementary|intermediate,elementary|intermediate,cambridge_15_21_random_elementary_intermediate,4,19,random,,345.2569580078125,234.18055725097656,366.5902919769287,272.18750381469727,8,1,,,,,,,,,,,,2026-07-06T21:59:09.647Z,QGFAEPFN,2026-07-06,2026-07-06,18:59:09,2026-07-06 18:59:09,,,,,,,,697a707b5bc42b2987347880,697a707b5bc42b2987347880,,,,
46483,hover_association,2,2,int,18,3,17,18,103, also ,252,337,,697a707b5bc42b2987347880,697a707b5bc42b2987347880,intermediate,3,697a707b5bc42b2987347880,697a707b5bc42b2987347880,spotlight_PROLIFIC,,30,Brasil,Português Brasil ,"Português Brasil, inglês ",inglês,Português Brasil:80|English:10|inglês:10,100,Português Brasil:80|English:10|inglês:10,100,Português Brasil:100|English:0|inglês:0,100,17,5,Bachelor's,10,10,10,5,6,8,12,28,28,28,Duolingo,90,,,,,16,25,B1,elementary|intermediate,elementary|intermediate,cambridge_15_21_random_elementary_intermediate,4,19,random,,335.9236249923706,230.25173786708288,375.9236249923706,272.18750190734863,8,1,hover,532.8999999985099,532.8999999985099,0.9716828360106085,0.026909375190734865,106,,,,,,2026-07-06T21:59:09.647Z,QGFAEPFN,2026-07-06,2026-07-06,18:59:09,2026-07-06 18:59:09,,,,,,,,697a707b5bc42b2987347880,697a707b5bc42b2987347880,,,,
46499,raw_position_sample,2,2,int,18,3,17,18,89, around ,271,335,4404684.799999997,697a707b5bc42b2987347880,697a707b5bc42b2987347880,intermediate,3,697a707b5bc42b2987347880,697a707b5bc42b2987347880,spotlight_PROLIFIC,,30,Brasil,Português Brasil ,"Português Brasil, inglês ",inglês,Português Brasil:80|English:10|inglês:10,100,Português Brasil:80|English:10|inglês:10,100,Português Brasil:100|English:0|inglês:0,100,17,5,Bachelor's,10,10,10,5,6,8,12,28,28,28,Duolingo,90,,,,,16,25,B1,elementary|intermediate,elementary|intermediate,cambridge_15_21_random_elementary_intermediate,4,19,random,,305.2569580078125,234.18055725097656,326.5902919769287,294.51388931274414,7,1,,,,,,,,,,,,2026-07-06T21:59:09.647Z,QGFAEPFN,2026-07-06,2026-07-06,18:59:09,2026-07-06 18:59:09,,,,,,,,697a707b5bc42b2987347880,697a707b5bc42b2987347880,,,,
46549,raw_position_sample,2,2,int,18,3,17,18,89, around ,271,331,4404735.3999999985,697a707b5bc42b2987347880,697a707b5bc42b2987347880,intermediate,3,697a707b5bc42b2987347880,697a707b5bc42b2987347880,spotlight_PROLIFIC,,30,Brasil,Português Brasil ,"Português Brasil, inglês ",inglês,Português Brasil:80|English:10|inglês:10,100,Português Brasil:80|English:10|inglês:10,100,Português Brasil:100|English:0|inglês:0,100,17,5,Bachelor's,10,10,10,5,6,8,12,28,28,28,Duolingo,90,,,,,16,25,B1,elementary|intermediate,elementary|intermediate,cambridge_15_21_random_elementary_intermediate,4,19,random,,305.2569580078125,234.18055725097656,326.5902919769287,294.51388931274414,7,1,,,,,,,,,,,,2026-07-06T21:59:09.647Z,QGFAEPFN,2026-07-06,2026-07-06,18:59:09,2026-07-06 18:59:09,,,,,,,,697a707b5bc42b2987347880,697a707b5bc42b2987347880,,,,
46598,raw_position_sample,2,2,int,18,3,17,18,89, around ,268,328,4404784.099999998,697a707b5bc42b2987347880,697a707b5bc42b2987347880,intermediate,3,697a707b5bc42b2987347880,697a707b5bc42b2987347880,spotlight_PROLIFIC,,30,Brasil,Português Brasil ,"Português Brasil, inglês ",inglês,Português Brasil:80|English:10|inglês:10,100,Português Brasil:80|English:10|inglês:10,100,Português Brasil:100|English:0|inglês:0,100,17,5,Bachelor's,10,10,10,5,6,8,12,28,28,28,Duolingo,90,,,,,16,25,B1,elementary|intermediate,elementary|intermediate,cambridge_15_21_random_elementary_intermediate,4,19,random,,305.2569580078125,234.18055725097656,326.5902919769287,294.51388931274414,7,1,,,,,,,,,,,,2026-07-06T21:59:09.647Z,QGFAEPFN,2026-07-06,2026-07-06,18:59:09,2026-07-06 18:59:09,,,,,,,,697a707b5bc42b2987347880,697a707b5bc42b2987347880,,,,
46646,raw_position_sample,2,2,int,18,3,17,18,89, around ,268,327,4404832,697a707b5bc42b2987347880,697a707b5bc42b2987347880,intermediate,3,697a707b5bc42b2987347880,697a707b5bc42b2987347880,spotlight_PROLIFIC,,30,Brasil,Português Brasil ,"Português Brasil, inglês ",inglês,Português Brasil:80|English:10|inglês:10,100,Português Brasil:80|English:10|inglês:10,100,Português Brasil:100|English:0|inglês:0,100,17,5,Bachelor's,10,10,10,5,6,8,12,28,28,28,Duolingo,90,,,,,16,25,B1,elementary|intermediate,elementary|intermediate,cambridge_15_21_random_elementary_intermediate,4,19,random,,305.2569580078125,234.18055725097656,326.5902919769287,294.51388931274414,7,1,,,,,,,,,,,,2026-07-06T21:59:09.647Z,QGFAEPFN,2026-07-06,2026-07-06,18:59:09,2026-07-06 18:59:09,,,,,,,,697a707b5bc42b2987347880,697a707b5bc42b2987347880,,,,
46695,raw_position_sample,2,2,int,18,3,17,18,89, around ,264,321,4404881.299999997,697a707b5bc42b2987347880,697a707b5bc42b2987347880,intermediate,3,697a707b5bc42b2987347880,697a707b5bc42b2987347880,spotlight_PROLIFIC,,30,Brasil,Português Brasil ,"Português Brasil, inglês ",inglês,Português Brasil:80|English:10|inglês:10,100,Português Brasil:80|English:10|inglês:10,100,Português Brasil:100|English:0|inglês:0,100,17,5,Bachelor's,10,10,10,5,6,8,12,28,28,28,Duolingo,90,,,,,16,25,B1,elementary|intermediate,elementary|intermediate,cambridge_15_21_random_elementary_intermediate,4,19,random,,305.2569580078125,234.18055725097656,326.5902919769287,294.51388931274414,7,1,,,,,,,,,,,,2026-07-06T21:59:09.647Z,QGFAEPFN,2026-07-06,2026-07-06,18:59:09,2026-07-06 18:59:09,,,,,,,,697a707b5bc42b2987347880,697a707b5bc42b2987347880,,,,
46746,raw_position_sample,2,2,int,18,3,17,18,89, around ,262,318,4404932,697a707b5bc42b2987347880,697a707b5bc42b2987347880,intermediate,3,697a707b5bc42b2987347880,697a707b5bc42b2987347880,spotlight_PROLIFIC,,30,Brasil,Português Brasil ,"Português Brasil, inglês ",inglês,Português Brasil:80|English:10|inglês:10,100,Português Brasil:80|English:10|inglês:10,100,Português Brasil:100|English:0|inglês:0,100,17,5,Bachelor's,10,10,10,5,6,8,12,28,28,28,Duolingo,90,,,,,16,25,B1,elementary|intermediate,elementary|intermediate,cambridge_15_21_random_elementary_intermediate,4,19,random,,305.2569580078125,234.18055725097656,326.5902919769287,294.51388931274414,7,1,,,,,,,,,,,,2026-07-06T21:59:09.647Z,QGFAEPFN,2026-07-06,2026-07-06,18:59:09,2026-07-06 18:59:09,,,,,,,,697a707b5bc42b2987347880,697a707b5bc42b2987347880,,,,
46803,raw_position_sample,2,2,int,18,3,17,18,89, around ,254,313,4404988.8999999985,697a707b5bc42b2987347880,697a707b5bc42b2987347880,intermediate,3,697a707b5bc42b2987347880,697a707b5bc42b2987347880,spotlight_PROLIFIC,,30,Brasil,Português Brasil ,"Português Brasil, inglês ",inglês,Português Brasil:80|English:10|inglês:10,100,Português Brasil:80|English:10|inglês:10,100,Português Brasil:100|English:0|inglês:0,100,17,5,Bachelor's,10,10,10,5,6,8,12,28,28,28,Duolingo,90,,,,,16,25,B1,elementary|intermediate,elementary|intermediate,cambridge_15_21_random_elementary_intermediate,4,19,random,,305.2569580078125,234.18055725097656,326.5902919769287,294.51388931274414,7,1,,,,,,,,,,,,2026-07-06T21:59:09.647Z,QGFAEPFN,2026-07-06,2026-07-06,18:59:09,2026-07-06 18:59:09,,,,,,,,697a707b5bc42b2987347880,697a707b5bc42b2987347880,,,,
46846,raw_position_sample,2,2,int,18,3,17,18,89, around ,254,313,4405031.8999999985,697a707b5bc42b2987347880,697a707b5bc42b2987347880,intermediate,3,697a707b5bc42b2987347880,697a707b5bc42b2987347880,spotlight_PROLIFIC,,30,Brasil,Português Brasil ,"Português Brasil, inglês ",inglês,Português Brasil:80|English:10|inglês:10,100,Português Brasil:80|English:10|inglês:10,100,Português Brasil:100|English:0|inglês:0,100,17,5,Bachelor's,10,10,10,5,6,8,12,28,28,28,Duolingo,90,,,,,16,25,B1,elementary|intermediate,elementary|intermediate,cambridge_15_21_random_elementary_intermediate,4,19,random,,305.2569580078125,234.18055725097656,326.5902919769287,294.51388931274414,7,1,,,,,,,,,,,,2026-07-06T21:59:09.647Z,QGFAEPFN,2026-07-06,2026-07-06,18:59:09,2026-07-06 18:59:09,,,,,,,,697a707b5bc42b2987347880,697a707b5bc42b2987347880,,,,
46895,raw_position_sample,2,2,int,18,3,17,18,89, around ,251,310,4405081.299999997,697a707b5bc42b2987347880,697a707b5bc42b2987347880,intermediate,3,697a707b5bc42b2987347880,697a707b5bc42b2987347880,spotlight_PROLIFIC,,30,Brasil,Português Brasil ,"Português Brasil, inglês ",inglês,Português Brasil:80|English:10|inglês:10,100,Português Brasil:80|English:10|inglês:10,100,Português Brasil:100|English:0|inglês:0,100,17,5,Bachelor's,10,10,10,5,6,8,12,28,28,28,Duolingo,90,,,,,16,25,B1,elementary|intermediate,elementary|intermediate,cambridge_15_21_random_elementary_intermediate,4,19,random,,305.2569580078125,234.18055725097656,326.5902919769287,294.51388931274414,7,1,,,,,,,,,,,,2026-07-06T21:59:09.647Z,QGFAEPFN,2026-07-06,2026-07-06,18:59:09,2026-07-06 18:59:09,,,,,,,,697a707b5bc42b2987347880,697a707b5bc42b2987347880,,,,
46946,raw_position_sample,2,2,int,18,3,17,18,89, around ,251,310,4405131.8999999985,697a707b5bc42b2987347880,697a707b5bc42b2987347880,intermediate,3,697a707b5bc42b2987347880,697a707b5bc42b2987347880,spotlight_PROLIFIC,,30,Brasil,Português Brasil ,"Português Brasil, inglês ",inglês,Português Brasil:80|English:10|inglês:10,100,Português Brasil:80|English:10|inglês:10,100,Português Brasil:100|English:0|inglês:0,100,17,5,Bachelor's,10,10,10,5,6,8,12,28,28,28,Duolingo,90,,,,,16,25,B1,elementary|intermediate,elementary|intermediate,cambridge_15_21_random_elementary_intermediate,4,19,random,,305.2569580078125,234.18055725097656,326.5902919769287,294.51388931274414,7,1,,,,,,,,,,,,2026-07-06T21:59:09.647Z,QGFAEPFN,2026-07-06,2026-07-06,18:59:09,2026-07-06 18:59:09,,,,,,,,697a707b5bc42b2987347880,697a707b5bc42b2987347880,,,,
46998,raw_position_sample,2,2,int,18,3,17,18,89, around ,251,310,4405184,697a707b5bc42b2987347880,697a707b5bc42b2987347880,intermediate,3,697a707b5bc42b2987347880,697a707b5bc42b2987347880,spotlight_PROLIFIC,,30,Brasil,Português Brasil ,"Português Brasil, inglês ",inglês,Português Brasil:80|English:10|inglês:10,100,Português Brasil:80|English:10|inglês:10,100,Português Brasil:100|English:0|inglês:0,100,17,5,Bachelor's,10,10,10,5,6,8,12,28,28,28,Duolingo,90,,,,,16,25,B1,elementary|intermediate,elementary|intermediate,cambridge_15_21_random_elementary_intermediate,4,19,random,,305.2569580078125,234.18055725097656,326.5902919769287,294.51388931274414,7,1,,,,,,,,,,,,2026-07-06T21:59:09.647Z,QGFAEPFN,2026-07-06,2026-07-06,18:59:09,2026-07-06 18:59:09,,,,,,,,697a707b5bc42b2987347880,697a707b5bc42b2987347880,,,,
47046,raw_position_sample,2,2,int,18,3,17,18,89, around ,251,310,4405232.199999999,697a707b5bc42b2987347880,697a707b5bc42b2987347880,intermediate,3,697a707b5bc42b2987347880,697a707b5bc42b2987347880,spotlight_PROLIFIC,,30,Brasil,Português Brasil ,"Português Brasil, inglês ",inglês,Português Brasil:80|English:10|inglês:10,100,Português Brasil:80|English:10|inglês:10,100,Português Brasil:100|English:0|inglês:0,100,17,5,Bachelor's,10,10,10,5,6,8,12,28,28,28,Duolingo,90,,,,,16,25,B1,elementary|intermediate,elementary|intermediate,cambridge_15_21_random_elementary_intermediate,4,19,random,,305.2569580078125,234.18055725097656,326.5902919769287,294.51388931274414,7,1,,,,,,,,,,,,2026-07-06T21:59:09.647Z,QGFAEPFN,2026-07-06,2026-07-06,18:59:09,2026-07-06 18:59:09,,,,,,,,697a707b5bc42b2987347880,697a707b5bc42b2987347880,,,,
47096,raw_position_sample,2,2,int,18,3,17,18,89, around ,251,310,4405282,697a707b5bc42b2987347880,697a707b5bc42b2987347880,intermediate,3,697a707b5bc42b2987347880,697a707b5bc42b2987347880,spotlight_PROLIFIC,,30,Brasil,Português Brasil ,"Português Brasil, inglês ",inglês,Português Brasil:80|English:10|inglês:10,100,Português Brasil:80|English:10|inglês:10,100,Português Brasil:100|English:0|inglês:0,100,17,5,Bachelor's,10,10,10,5,6,8,12,28,28,28,Duolingo,90,,,,,16,25,B1,elementary|intermediate,elementary|intermediate,cambridge_15_21_random_elementary_intermediate,4,19,random,,305.2569580078125,234.18055725097656,326.5902919769287,294.51388931274414,7,1,,,,,,,,,,,,2026-07-06T21:59:09.647Z,QGFAEPFN,2026-07-06,2026-07-06,18:59:09,2026-07-06 18:59:09,,,,,,,,697a707b5bc42b2987347880,697a707b5bc42b2987347880,,,,
47147,raw_position_sample,2,2,int,18,3,17,18,89, around ,251,310,4405333.199999999,697a707b5bc42b2987347880,697a707b5bc42b2987347880,intermediate,3,697a707b5bc42b2987347880,697a707b5bc42b2987347880,spotlight_PROLIFIC,,30,Brasil,Português Brasil ,"Português Brasil, inglês ",inglês,Português Brasil:80|English:10|inglês:10,100,Português Brasil:80|English:10|inglês:10,100,Português Brasil:100|English:0|inglês:0,100,17,5,Bachelor's,10,10,10,5,6,8,12,28,28,28,Duolingo,90,,,,,16,25,B1,elementary|intermediate,elementary|intermediate,cambridge_15_21_random_elementary_intermediate,4,19,random,,305.2569580078125,234.18055725097656,326.5902919769287,294.51388931274414,7,1,,,,,,,,,,,,2026-07-06T21:59:09.647Z,QGFAEPFN,2026-07-06,2026-07-06,18:59:09,2026-07-06 18:59:09,,,,,,,,697a707b5bc42b2987347880,697a707b5bc42b2987347880,,,,
47197,raw_position_sample,2,2,int,18,3,17,18,89, around ,251,310,4405383.5,697a707b5bc42b2987347880,697a707b5bc42b2987347880,intermediate,3,697a707b5bc42b2987347880,697a707b5bc42b2987347880,spotlight_PROLIFIC,,30,Brasil,Português Brasil ,"Português Brasil, inglês ",inglês,Português Brasil:80|English:10|inglês:10,100,Português Brasil:80|English:10|inglês:10,100,Português Brasil:100|English:0|inglês:0,100,17,5,Bachelor's,10,10,10,5,6,8,12,28,28,28,Duolingo,90,,,,,16,25,B1,elementary|intermediate,elementary|intermediate,cambridge_15_21_random_elementary_intermediate,4,19,random,,305.2569580078125,234.18055725097656,326.5902919769287,294.51388931274414,7,1,,,,,,,,,,,,2026-07-06T21:59:09.647Z,QGFAEPFN,2026-07-06,2026-07-06,18:59:09,2026-07-06 18:59:09,,,,,,,,697a707b5bc42b2987347880,697a707b5bc42b2987347880,,,,
47245,raw_position_sample,2,2,int,18,3,17,18,89, around ,248,310,4405431.699999999,697a707b5bc42b2987347880,697a707b5bc42b2987347880,intermediate,3,697a707b5bc42b2987347880,697a707b5bc42b2987347880,spotlight_PROLIFIC,,30,Brasil,Português Brasil ,"Português Brasil, inglês ",inglês,Português Brasil:80|English:10|inglês:10,100,Português Brasil:80|English:10|inglês:10,100,Português Brasil:100|English:0|inglês:0,100,17,5,Bachelor's,10,10,10,5,6,8,12,28,28,28,Duolingo,90,,,,,16,25,B1,elementary|intermediate,elementary|intermediate,cambridge_15_21_random_elementary_intermediate,4,19,random,,305.2569580078125,234.18055725097656,326.5902919769287,294.51388931274414,7,1,,,,,,,,,,,,2026-07-06T21:59:09.647Z,QGFAEPFN,2026-07-06,2026-07-06,18:59:09,2026-07-06 18:59:09,,,,,,,,697a707b5bc42b2987347880,697a707b5bc42b2987347880,,,,
47297,raw_position_sample,2,2,int,18,3,17,18,89, around ,248,310,4405483.199999999,697a707b5bc42b2987347880,697a707b5bc42b2987347880,intermediate,3,697a707b5bc42b2987347880,697a707b5bc42b2987347880,spotlight_PROLIFIC,,30,Brasil,Português Brasil ,"Português Brasil, inglês ",inglês,Português Brasil:80|English:10|inglês:10,100,Português Brasil:80|English:10|inglês:10,100,Português Brasil:100|English:0|inglês:0,100,17,5,Bachelor's,10,10,10,5,6,8,12,28,28,28,Duolingo,90,,,,,16,25,B1,elementary|intermediate,elementary|intermediate,cambridge_15_21_random_elementary_intermediate,4,19,random,,305.2569580078125,234.18055725097656,326.5902919769287,294.51388931274414,7,1,,,,,,,,,,,,2026-07-06T21:59:09.647Z,QGFAEPFN,2026-07-06,2026-07-06,18:59:09,2026-07-06 18:59:09,,,,,,,,697a707b5bc42b2987347880,697a707b5bc42b2987347880,,,,
47349,raw_position_sample,2,2,int,18,3,17,18,89, around ,248,310,4405535.599999998,697a707b5bc42b2987347880,697a707b5bc42b2987347880,intermediate,3,697a707b5bc42b2987347880,697a707b5bc42b2987347880,spotlight_PROLIFIC,,30,Brasil,Português Brasil ,"Português Brasil, inglês ",inglês,Português Brasil:80|English:10|inglês:10,100,Português Brasil:80|English:10|inglês:10,100,Português Brasil:100|English:0|inglês:0,100,17,5,Bachelor's,10,10,10,5,6,8,12,28,28,28,Duolingo,90,,,,,16,25,B1,elementary|intermediate,elementary|intermediate,cambridge_15_21_random_elementary_intermediate,4,19,random,,305.2569580078125,234.18055725097656,326.5902919769287,294.51388931274414,7,1,,,,,,,,,,,,2026-07-06T21:59:09.647Z,QGFAEPFN,2026-07-06,2026-07-06,18:59:09,2026-07-06 18:59:09,,,,,,,,697a707b5bc42b2987347880,697a707b5bc42b2987347880,,,,
47400,raw_position_sample,2,2,int,18,3,17,18,89, around ,248,310,4405586,697a707b5bc42b2987347880,697a707b5bc42b2987347880,intermediate,3,697a707b5bc42b2987347880,697a707b5bc42b2987347880,spotlight_PROLIFIC,,30,Brasil,Português Brasil ,"Português Brasil, inglês ",inglês,Português Brasil:80|English:10|inglês:10,100,Português Brasil:80|English:10|inglês:10,100,Português Brasil:100|English:0|inglês:0,100,17,5,Bachelor's,10,10,10,5,6,8,12,28,28,28,Duolingo,90,,,,,16,25,B1,elementary|intermediate,elementary|intermediate,cambridge_15_21_random_elementary_intermediate,4,19,random,,305.2569580078125,234.18055725097656,326.5902919769287,294.51388931274414,7,1,,,,,,,,,,,,2026-07-06T21:59:09.647Z,QGFAEPFN,2026-07-06,2026-07-06,18:59:09,2026-07-06 18:59:09,,,,,,,,697a707b5bc42b2987347880,697a707b5bc42b2987347880,,,,
47445,raw_position_sample,2,2,int,18,3,17,18,89, around ,253,310,4405631.199999999,697a707b5bc42b2987347880,697a707b5bc42b2987347880,intermediate,3,697a707b5bc42b2987347880,697a707b5bc42b2987347880,spotlight_PROLIFIC,,30,Brasil,Português Brasil ,"Português Brasil, inglês ",inglês,Português Brasil:80|English:10|inglês:10,100,Português Brasil:80|English:10|inglês:10,100,Português Brasil:100|English:0|inglês:0,100,17,5,Bachelor's,10,10,10,5,6,8,12,28,28,28,Duolingo,90,,,,,16,25,B1,elementary|intermediate,elementary|intermediate,cambridge_15_21_random_elementary_intermediate,4,19,random,,305.2569580078125,234.18055725097656,326.5902919769287,294.51388931274414,7,1,,,,,,,,,,,,2026-07-06T21:59:09.647Z,QGFAEPFN,2026-07-06,2026-07-06,18:59:09,2026-07-06 18:59:09,,,,,,,,697a707b5bc42b2987347880,697a707b5bc42b2987347880,,,,
47495,raw_position_sample,2,2,int,18,3,17,18,89, around ,267,311,4405681.199999999,697a707b5bc42b2987347880,697a707b5bc42b2987347880,intermediate,3,697a707b5bc42b2987347880,697a707b5bc42b2987347880,spotlight_PROLIFIC,,30,Brasil,Português Brasil ,"Português Brasil, inglês ",inglês,Português Brasil:80|English:10|inglês:10,100,Português Brasil:80|English:10|inglês:10,100,Português Brasil:100|English:0|inglês:0,100,17,5,Bachelor's,10,10,10,5,6,8,12,28,28,28,Duolingo,90,,,,,16,25,B1,elementary|intermediate,elementary|intermediate,cambridge_15_21_random_elementary_intermediate,4,19,random,,305.2569580078125,234.18055725097656,326.5902919769287,294.51388931274414,7,1,,,,,,,,,,,,2026-07-06T21:59:09.647Z,QGFAEPFN,2026-07-06,2026-07-06,18:59:09,2026-07-06 18:59:09,,,,,,,,697a707b5bc42b2987347880,697a707b5bc42b2987347880,,,,
47545,raw_position_sample,2,2,int,18,3,17,18,89, around ,277,311,4405731.799999997,697a707b5bc42b2987347880,697a707b5bc42b2987347880,intermediate,3,697a707b5bc42b2987347880,697a707b5bc42b2987347880,spotlight_PROLIFIC,,30,Brasil,Português Brasil ,"Português Brasil, inglês ",inglês,Português Brasil:80|English:10|inglês:10,100,Português Brasil:80|English:10|inglês:10,100,Português Brasil:100|English:0|inglês:0,100,17,5,Bachelor's,10,10,10,5,6,8,12,28,28,28,Duolingo,90,,,,,16,25,B1,elementary|intermediate,elementary|intermediate,cambridge_15_21_random_elementary_intermediate,4,19,random,,305.2569580078125,234.18055725097656,326.5902919769287,294.51388931274414,7,1,,,,,,,,,,,,2026-07-06T21:59:09.647Z,QGFAEPFN,2026-07-06,2026-07-06,18:59:09,2026-07-06 18:59:09,,,,,,,,697a707b5bc42b2987347880,697a707b5bc42b2987347880,,,,
47595,raw_position_sample,2,2,int,18,3,17,18,89, around ,288,311,4405781.099999998,697a707b5bc42b2987347880,697a707b5bc42b2987347880,intermediate,3,697a707b5bc42b2987347880,697a707b5bc42b2987347880,spotlight_PROLIFIC,,30,Brasil,Português Brasil ,"Português Brasil, inglês ",inglês,Português Brasil:80|English:10|inglês:10,100,Português Brasil:80|English:10|inglês:10,100,Português Brasil:100|English:0|inglês:0,100,17,5,Bachelor's,10,10,10,5,6,8,12,28,28,28,Duolingo,90,,,,,16,25,B1,elementary|intermediate,elementary|intermediate,cambridge_15_21_random_elementary_intermediate,4,19,random,,305.2569580078125,234.18055725097656,326.5902919769287,294.51388931274414,7,1,,,,,,,,,,,,2026-07-06T21:59:09.647Z,QGFAEPFN,2026-07-06,2026-07-06,18:59:09,2026-07-06 18:59:09,,,,,,,,697a707b5bc42b2987347880,697a707b5bc42b2987347880,,,,
47633,hover_association,2,2,int,18,3,17,18,89, around ,271,335,,697a707b5bc42b2987347880,697a707b5bc42b2987347880,intermediate,3,697a707b5bc42b2987347880,697a707b5bc42b2987347880,spotlight_PROLIFIC,,30,Brasil,Português Brasil ,"Português Brasil, inglês ",inglês,Português Brasil:80|English:10|inglês:10,100,Português Brasil:80|English:10|inglês:10,100,Português Brasil:100|English:0|inglês:0,100,17,5,Bachelor's,10,10,10,5,6,8,12,28,28,28,Duolingo,90,,,,,16,25,B1,elementary|intermediate,elementary|intermediate,cambridge_15_21_random_elementary_intermediate,4,19,random,,295.9236249923706,230.25173786708288,335.9236249923706,294.5138874053955,7,1,hover,1151.199999999255,1151.199999999255,0.9764420048773355,0.3269093751907349,106,,,,,,2026-07-06T21:59:09.647Z,QGFAEPFN,2026-07-06,2026-07-06,18:59:09,2026-07-06 18:59:09,,,,,,,,697a707b5bc42b2987347880,697a707b5bc42b2987347880,,,,
47645,raw_position_sample,2,2,int,18,3,17,18,90, national ,296,309,4405831.299999997,697a707b5bc42b2987347880,697a707b5bc42b2987347880,intermediate,3,697a707b5bc42b2987347880,697a707b5bc42b2987347880,spotlight_PROLIFIC,,30,Brasil,Português Brasil ,"Português Brasil, inglês ",inglês,Português Brasil:80|English:10|inglês:10,100,Português Brasil:80|English:10|inglês:10,100,Português Brasil:100|English:0|inglês:0,100,17,5,Bachelor's,10,10,10,5,6,8,12,28,28,28,Duolingo,90,,,,,16,25,B1,elementary|intermediate,elementary|intermediate,cambridge_15_21_random_elementary_intermediate,4,19,random,,305.2569580078125,294.5138854980469,326.5902919769287,363.06944274902344,7,2,,,,,,,,,,,,2026-07-06T21:59:09.647Z,QGFAEPFN,2026-07-06,2026-07-06,18:59:09,2026-07-06 18:59:09,,,,,,,,697a707b5bc42b2987347880,697a707b5bc42b2987347880,,,,
47695,raw_position_sample,2,2,int,18,3,17,18,90, national ,302,309,4405881.699999999,697a707b5bc42b2987347880,697a707b5bc42b2987347880,intermediate,3,697a707b5bc42b2987347880,697a707b5bc42b2987347880,spotlight_PROLIFIC,,30,Brasil,Português Brasil ,"Português Brasil, inglês ",inglês,Português Brasil:80|English:10|inglês:10,100,Português Brasil:80|English:10|inglês:10,100,Português Brasil:100|English:0|inglês:0,100,17,5,Bachelor's,10,10,10,5,6,8,12,28,28,28,Duolingo,90,,,,,16,25,B1,elementary|intermediate,elementary|intermediate,cambridge_15_21_random_elementary_intermediate,4,19,random,,305.2569580078125,294.5138854980469,326.5902919769287,363.06944274902344,7,2,,,,,,,,,,,,2026-07-06T21:59:09.647Z,QGFAEPFN,2026-07-06,2026-07-06,18:59:09,2026-07-06 18:59:09,,,,,,,,697a707b5bc42b2987347880,697a707b5bc42b2987347880,,,,
47745,raw_position_sample,2,2,int,18,3,17,18,90, national ,306,309,4405931,697a707b5bc42b2987347880,697a707b5bc42b2987347880,intermediate,3,697a707b5bc42b2987347880,697a707b5bc42b2987347880,spotlight_PROLIFIC,,30,Brasil,Português Brasil ,"Português Brasil, inglês ",inglês,Português Brasil:80|English:10|inglês:10,100,Português Brasil:80|English:10|inglês:10,100,Português Brasil:100|English:0|inglês:0,100,17,5,Bachelor's,10,10,10,5,6,8,12,28,28,28,Duolingo,90,,,,,16,25,B1,elementary|intermediate,elementary|intermediate,cambridge_15_21_random_elementary_intermediate,4,19,random,,305.2569580078125,294.5138854980469,326.5902919769287,363.06944274902344,7,2,,,,,,,,,,,,2026-07-06T21:59:09.647Z,QGFAEPFN,2026-07-06,2026-07-06,18:59:09,2026-07-06 18:59:09,,,,,,,,697a707b5bc42b2987347880,697a707b5bc42b2987347880,,,,
47797,raw_position_sample,2,2,int,18,3,17,18,90, national ,309,311,4405983.799999997,697a707b5bc42b2987347880,697a707b5bc42b2987347880,intermediate,3,697a707b5bc42b2987347880,697a707b5bc42b2987347880,spotlight_PROLIFIC,,30,Brasil,Português Brasil ,"Português Brasil, inglês ",inglês,Português Brasil:80|English:10|inglês:10,100,Português Brasil:80|English:10|inglês:10,100,Português Brasil:100|English:0|inglês:0,100,17,5,Bachelor's,10,10,10,5,6,8,12,28,28,28,Duolingo,90,,,,,16,25,B1,elementary|intermediate,elementary|intermediate,cambridge_15_21_random_elementary_intermediate,4,19,random,,305.2569580078125,294.5138854980469,326.5902919769287,363.06944274902344,7,2,,,,,,,,,,,,2026-07-06T21:59:09.647Z,QGFAEPFN,2026-07-06,2026-07-06,18:59:09,2026-07-06 18:59:09,,,,,,,,697a707b5bc42b2987347880,697a707b5bc42b2987347880,,,,
47845,raw_position_sample,2,2,int,18,3,17,18,90, national ,325,314,4406031.5,697a707b5bc42b2987347880,697a707b5bc42b2987347880,intermediate,3,697a707b5bc42b2987347880,697a707b5bc42b2987347880,spotlight_PROLIFIC,,30,Brasil,Português Brasil ,"Português Brasil, inglês ",inglês,Português Brasil:80|English:10|inglês:10,100,Português Brasil:80|English:10|inglês:10,100,Português Brasil:100|English:0|inglês:0,100,17,5,Bachelor's,10,10,10,5,6,8,12,28,28,28,Duolingo,90,,,,,16,25,B1,elementary|intermediate,elementary|intermediate,cambridge_15_21_random_elementary_intermediate,4,19,random,,305.2569580078125,294.5138854980469,326.5902919769287,363.06944274902344,7,2,,,,,,,,,,,,2026-07-06T21:59:09.647Z,QGFAEPFN,2026-07-06,2026-07-06,18:59:09,2026-07-06 18:59:09,,,,,,,,697a707b5bc42b2987347880,697a707b5bc42b2987347880,,,,
47897,raw_position_sample,2,2,int,18,3,17,18,90, national ,334,315,4406083.3999999985,697a707b5bc42b2987347880,697a707b5bc42b2987347880,intermediate,3,697a707b5bc42b2987347880,697a707b5bc42b2987347880,spotlight_PROLIFIC,,30,Brasil,Português Brasil ,"Português Brasil, inglês ",inglês,Português Brasil:80|English:10|inglês:10,100,Português Brasil:80|English:10|inglês:10,100,Português Brasil:100|English:0|inglês:0,100,17,5,Bachelor's,10,10,10,5,6,8,12,28,28,28,Duolingo,90,,,,,16,25,B1,elementary|intermediate,elementary|intermediate,cambridge_15_21_random_elementary_intermediate,4,19,random,,305.2569580078125,294.5138854980469,326.5902919769287,363.06944274902344,7,2,,,,,,,,,,,,2026-07-06T21:59:09.647Z,QGFAEPFN,2026-07-06,2026-07-06,18:59:09,2026-07-06 18:59:09,,,,,,,,697a707b5bc42b2987347880,697a707b5bc42b2987347880,,,,
47945,raw_position_sample,2,2,int,18,3,17,18,90, national ,341,317,4406131.5,697a707b5bc42b2987347880,697a707b5bc42b2987347880,intermediate,3,697a707b5bc42b2987347880,697a707b5bc42b2987347880,spotlight_PROLIFIC,,30,Brasil,Português Brasil ,"Português Brasil, inglês ",inglês,Português Brasil:80|English:10|inglês:10,100,Português Brasil:80|English:10|inglês:10,100,Português Brasil:100|English:0|inglês:0,100,17,5,Bachelor's,10,10,10,5,6,8,12,28,28,28,Duolingo,90,,,,,16,25,B1,elementary|intermediate,elementary|intermediate,cambridge_15_21_random_elementary_intermediate,4,19,random,,305.2569580078125,294.5138854980469,326.5902919769287,363.06944274902344,7,2,,,,,,,,,,,,2026-07-06T21:59:09.647Z,QGFAEPFN,2026-07-06,2026-07-06,18:59:09,2026-07-06 18:59:09,,,,,,,,697a707b5bc42b2987347880,697a707b5bc42b2987347880,,,,
47997,raw_position_sample,2,2,int,18,3,17,18,90, national ,350,317,4406183.199999999,697a707b5bc42b2987347880,697a707b5bc42b2987347880,intermediate,3,697a707b5bc42b2987347880,697a707b5bc42b2987347880,spotlight_PROLIFIC,,30,Brasil,Português Brasil ,"Português Brasil, inglês ",inglês,Português Brasil:80|English:10|inglês:10,100,Português Brasil:80|English:10|inglês:10,100,Português Brasil:100|English:0|inglês:0,100,17,5,Bachelor's,10,10,10,5,6,8,12,28,28,28,Duolingo,90,,,,,16,25,B1,elementary|intermediate,elementary|intermediate,cambridge_15_21_random_elementary_intermediate,4,19,random,,305.2569580078125,294.5138854980469,326.5902919769287,363.06944274902344,7,2,,,,,,,,,,,,2026-07-06T21:59:09.647Z,QGFAEPFN,2026-07-06,2026-07-06,18:59:09,2026-07-06 18:59:09,,,,,,,,697a707b5bc42b2987347880,697a707b5bc42b2987347880,,,,
48045,raw_position_sample,2,2,int,18,3,17,18,90, national ,363,316,4406231.3999999985,697a707b5bc42b2987347880,697a707b5bc42b2987347880,intermediate,3,697a707b5bc42b2987347880,697a707b5bc42b2987347880,spotlight_PROLIFIC,,30,Brasil,Português Brasil ,"Português Brasil, inglês ",inglês,Português Brasil:80|English:10|inglês:10,100,Português Brasil:80|English:10|inglês:10,100,Português Brasil:100|English:0|inglês:0,100,17,5,Bachelor's,10,10,10,5,6,8,12,28,28,28,Duolingo,90,,,,,16,25,B1,elementary|intermediate,elementary|intermediate,cambridge_15_21_random_elementary_intermediate,4,19,random,,305.2569580078125,294.5138854980469,326.5902919769287,363.06944274902344,7,2,,,,,,,,,,,,2026-07-06T21:59:09.647Z,QGFAEPFN,2026-07-06,2026-07-06,18:59:09,2026-07-06 18:59:09,,,,,,,,697a707b5bc42b2987347880,697a707b5bc42b2987347880,,,,
48047,hover_association,2,2,int,18,3,17,18,90, national ,296,309,,697a707b5bc42b2987347880,697a707b5bc42b2987347880,intermediate,3,697a707b5bc42b2987347880,697a707b5bc42b2987347880,spotlight_PROLIFIC,,30,Brasil,Português Brasil ,"Português Brasil, inglês ",inglês,Português Brasil:80|English:10|inglês:10,100,Português Brasil:80|English:10|inglês:10,100,Português Brasil:100|English:0|inglês:0,100,17,5,Bachelor's,10,10,10,5,6,8,12,28,28,28,Duolingo,90,,,,,16,25,B1,elementary|intermediate,elementary|intermediate,cambridge_15_21_random_elementary_intermediate,4,19,random,,295.9236249923706,294.5138874053955,335.9236249923706,363.06945037841797,7,2,hover,414.5,414.5,0.9989869475881148,0.5019093751907349,106,,,,,,2026-07-06T21:59:09.647Z,QGFAEPFN,2026-07-06,2026-07-06,18:59:09,2026-07-06 18:59:09,,,,,,,,697a707b5bc42b2987347880,697a707b5bc42b2987347880,,,,
48097,raw_position_sample,2,2,int,18,3,17,18,91, parks ,375,316,4406283.5,697a707b5bc42b2987347880,697a707b5bc42b2987347880,intermediate,3,697a707b5bc42b2987347880,697a707b5bc42b2987347880,spotlight_PROLIFIC,,30,Brasil,Português Brasil ,"Português Brasil, inglês ",inglês,Português Brasil:80|English:10|inglês:10,100,Português Brasil:80|English:10|inglês:10,100,Português Brasil:100|English:0|inglês:0,100,17,5,Bachelor's,10,10,10,5,6,8,12,28,28,28,Duolingo,90,,,,,16,25,B1,elementary|intermediate,elementary|intermediate,cambridge_15_21_random_elementary_intermediate,4,19,random,,305.2569580078125,363.0694580078125,326.5902919769287,411.77084732055664,7,3,,,,,,,,,,,,2026-07-06T21:59:09.647Z,QGFAEPFN,2026-07-06,2026-07-06,18:59:09,2026-07-06 18:59:09,,,,,,,,697a707b5bc42b2987347880,697a707b5bc42b2987347880,,,,
48145,raw_position_sample,2,2,int,18,3,17,18,91, parks ,388,316,4406331.799999997,697a707b5bc42b2987347880,697a707b5bc42b2987347880,intermediate,3,697a707b5bc42b2987347880,697a707b5bc42b2987347880,spotlight_PROLIFIC,,30,Brasil,Português Brasil ,"Português Brasil, inglês ",inglês,Português Brasil:80|English:10|inglês:10,100,Português Brasil:80|English:10|inglês:10,100,Português Brasil:100|English:0|inglês:0,100,17,5,Bachelor's,10,10,10,5,6,8,12,28,28,28,Duolingo,90,,,,,16,25,B1,elementary|intermediate,elementary|intermediate,cambridge_15_21_random_elementary_intermediate,4,19,random,,305.2569580078125,363.0694580078125,326.5902919769287,411.77084732055664,7,3,,,,,,,,,,,,2026-07-06T21:59:09.647Z,QGFAEPFN,2026-07-06,2026-07-06,18:59:09,2026-07-06 18:59:09,,,,,,,,697a707b5bc42b2987347880,697a707b5bc42b2987347880,,,,
48196,raw_position_sample,2,2,int,18,3,17,18,91, parks ,399,316,4406382.199999999,697a707b5bc42b2987347880,697a707b5bc42b2987347880,intermediate,3,697a707b5bc42b2987347880,697a707b5bc42b2987347880,spotlight_PROLIFIC,,30,Brasil,Português Brasil ,"Português Brasil, inglês ",inglês,Português Brasil:80|English:10|inglês:10,100,Português Brasil:80|English:10|inglês:10,100,Português Brasil:100|English:0|inglês:0,100,17,5,Bachelor's,10,10,10,5,6,8,12,28,28,28,Duolingo,90,,,,,16,25,B1,elementary|intermediate,elementary|intermediate,cambridge_15_21_random_elementary_intermediate,4,19,random,,305.2569580078125,363.0694580078125,326.5902919769287,411.77084732055664,7,3,,,,,,,,,,,,2026-07-06T21:59:09.647Z,QGFAEPFN,2026-07-06,2026-07-06,18:59:09,2026-07-06 18:59:09,,,,,,,,697a707b5bc42b2987347880,697a707b5bc42b2987347880,,,,
48246,raw_position_sample,2,2,int,18,3,17,18,91, parks ,401,316,4406432.199999999,697a707b5bc42b2987347880,697a707b5bc42b2987347880,intermediate,3,697a707b5bc42b2987347880,697a707b5bc42b2987347880,spotlight_PROLIFIC,,30,Brasil,Português Brasil ,"Português Brasil, inglês ",inglês,Português Brasil:80|English:10|inglês:10,100,Português Brasil:80|English:10|inglês:10,100,Português Brasil:100|English:0|inglês:0,100,17,5,Bachelor's,10,10,10,5,6,8,12,28,28,28,Duolingo,90,,,,,16,25,B1,elementary|intermediate,elementary|intermediate,cambridge_15_21_random_elementary_intermediate,4,19,random,,305.2569580078125,363.0694580078125,326.5902919769287,411.77084732055664,7,3,,,,,,,,,,,,2026-07-06T21:59:09.647Z,QGFAEPFN,2026-07-06,2026-07-06,18:59:09,2026-07-06 18:59:09,,,,,,,,697a707b5bc42b2987347880,697a707b5bc42b2987347880,,,,
48298,raw_position_sample,2,2,int,18,3,17,18,91, parks ,409,317,4406484,697a707b5bc42b2987347880,697a707b5bc42b2987347880,intermediate,3,697a707b5bc42b2987347880,697a707b5bc42b2987347880,spotlight_PROLIFIC,,30,Brasil,Português Brasil ,"Português Brasil, inglês ",inglês,Português Brasil:80|English:10|inglês:10,100,Português Brasil:80|English:10|inglês:10,100,Português Brasil:100|English:0|inglês:0,100,17,5,Bachelor's,10,10,10,5,6,8,12,28,28,28,Duolingo,90,,,,,16,25,B1,elementary|intermediate,elementary|intermediate,cambridge_15_21_random_elementary_intermediate,4,19,random,,305.2569580078125,363.0694580078125,326.5902919769287,411.77084732055664,7,3,,,,,,,,,,,,2026-07-06T21:59:09.647Z,QGFAEPFN,2026-07-06,2026-07-06,18:59:09,2026-07-06 18:59:09,,,,,,,,697a707b5bc42b2987347880,697a707b5bc42b2987347880,,,,
48346,raw_position_sample,2,2,int,18,3,17,18,91, parks ,409,317,4406531.8999999985,697a707b5bc42b2987347880,697a707b5bc42b2987347880,intermediate,3,697a707b5bc42b2987347880,697a707b5bc42b2987347880,spotlight_PROLIFIC,,30,Brasil,Português Brasil ,"Português Brasil, inglês ",inglês,Português Brasil:80|English:10|inglês:10,100,Português Brasil:80|English:10|inglês:10,100,Português Brasil:100|English:0|inglês:0,100,17,5,Bachelor's,10,10,10,5,6,8,12,28,28,28,Duolingo,90,,,,,16,25,B1,elementary|intermediate,elementary|intermediate,cambridge_15_21_random_elementary_intermediate,4,19,random,,305.2569580078125,363.0694580078125,326.5902919769287,411.77084732055664,7,3,,,,,,,,,,,,2026-07-06T21:59:09.647Z,QGFAEPFN,2026-07-06,2026-07-06,18:59:09,2026-07-06 18:59:09,,,,,,,,697a707b5bc42b2987347880,697a707b5bc42b2987347880,,,,
48363,hover_association,2,2,int,18,3,17,18,91, parks ,366,316,,697a707b5bc42b2987347880,697a707b5bc42b2987347880,intermediate,3,697a707b5bc42b2987347880,697a707b5bc42b2987347880,spotlight_PROLIFIC,,30,Brasil,Português Brasil ,"Português Brasil, inglês ",inglês,Português Brasil:80|English:10|inglês:10,100,Português Brasil:80|English:10|inglês:10,100,Português Brasil:100|English:0|inglês:0,100,17,5,Bachelor's,10,10,10,5,6,8,12,28,28,28,Duolingo,90,,,,,16,25,B1,elementary|intermediate,elementary|intermediate,cambridge_15_21_random_elementary_intermediate,4,19,random,,295.9236249923706,363.06945037841797,335.9236249923706,411.770845413208,7,3,hover,315.69999999925494,315.69999999925494,0.9636387127731557,0.5269093751907349,106,,,,,,2026-07-06T21:59:09.647Z,QGFAEPFN,2026-07-06,2026-07-06,18:59:09,2026-07-06 18:59:09,,,,,,,,697a707b5bc42b2987347880,697a707b5bc42b2987347880,,,,
48395,raw_position_sample,2,2,int,18,3,17,18,92, in ,413,319,4406581.599999998,697a707b5bc42b2987347880,697a707b5bc42b2987347880,intermediate,3,697a707b5bc42b2987347880,697a707b5bc42b2987347880,spotlight_PROLIFIC,,30,Brasil,Português Brasil ,"Português Brasil, inglês ",inglês,Português Brasil:80|English:10|inglês:10,100,Português Brasil:80|English:10|inglês:10,100,Português Brasil:100|English:0|inglês:0,100,17,5,Bachelor's,10,10,10,5,6,8,12,28,28,28,Duolingo,90,,,,,16,25,B1,elementary|intermediate,elementary|intermediate,cambridge_15_21_random_elementary_intermediate,4,19,random,,305.2569580078125,411.7708435058594,326.5902919769287,430.4583435058594,7,4,,,,,,,,,,,,2026-07-06T21:59:09.647Z,QGFAEPFN,2026-07-06,2026-07-06,18:59:09,2026-07-06 18:59:09,,,,,,,,697a707b5bc42b2987347880,697a707b5bc42b2987347880,,,,
48445,raw_position_sample,2,2,int,18,3,17,18,92, in ,421,321,4406631.099999998,697a707b5bc42b2987347880,697a707b5bc42b2987347880,intermediate,3,697a707b5bc42b2987347880,697a707b5bc42b2987347880,spotlight_PROLIFIC,,30,Brasil,Português Brasil ,"Português Brasil, inglês ",inglês,Português Brasil:80|English:10|inglês:10,100,Português Brasil:80|English:10|inglês:10,100,Português Brasil:100|English:0|inglês:0,100,17,5,Bachelor's,10,10,10,5,6,8,12,28,28,28,Duolingo,90,,,,,16,25,B1,elementary|intermediate,elementary|intermediate,cambridge_15_21_random_elementary_intermediate,4,19,random,,305.2569580078125,411.7708435058594,326.5902919769287,430.4583435058594,7,4,,,,,,,,,,,,2026-07-06T21:59:09.647Z,QGFAEPFN,2026-07-06,2026-07-06,18:59:09,2026-07-06 18:59:09,,,,,,,,697a707b5bc42b2987347880,697a707b5bc42b2987347880,,,,
48495,raw_position_sample,2,2,int,18,3,17,18,92, in ,428,321,4406681,697a707b5bc42b2987347880,697a707b5bc42b2987347880,intermediate,3,697a707b5bc42b2987347880,697a707b5bc42b2987347880,spotlight_PROLIFIC,,30,Brasil,Português Brasil ,"Português Brasil, inglês ",inglês,Português Brasil:80|English:10|inglês:10,100,Português Brasil:80|English:10|inglês:10,100,Português Brasil:100|English:0|inglês:0,100,17,5,Bachelor's,10,10,10,5,6,8,12,28,28,28,Duolingo,90,,,,,16,25,B1,elementary|intermediate,elementary|intermediate,cambridge_15_21_random_elementary_intermediate,4,19,random,,305.2569580078125,411.7708435058594,326.5902919769287,430.4583435058594,7,4,,,,,,,,,,,,2026-07-06T21:59:09.647Z,QGFAEPFN,2026-07-06,2026-07-06,18:59:09,2026-07-06 18:59:09,,,,,,,,697a707b5bc42b2987347880,697a707b5bc42b2987347880,,,,
48515,hover_association,2,2,int,18,3,17,18,92, in ,412,319,,697a707b5bc42b2987347880,697a707b5bc42b2987347880,intermediate,3,697a707b5bc42b2987347880,697a707b5bc42b2987347880,spotlight_PROLIFIC,,30,Brasil,Português Brasil ,"Português Brasil, inglês ",inglês,Português Brasil:80|English:10|inglês:10,100,Português Brasil:80|English:10|inglês:10,100,Português Brasil:100|English:0|inglês:0,100,17,5,Bachelor's,10,10,10,5,6,8,12,28,28,28,Duolingo,90,,,,,16,25,B1,elementary|intermediate,elementary|intermediate,cambridge_15_21_random_elementary_intermediate,4,19,random,,295.9236249923706,411.770845413208,335.9236249923706,430.4583435058594,7,4,hover,151.30000000074506,151.30000000074506,0.9754732547082045,0.6269093751907349,106,,,,,,2026-07-06T21:59:09.647Z,QGFAEPFN,2026-07-06,2026-07-06,18:59:09,2026-07-06 18:59:09,,,,,,,,697a707b5bc42b2987347880,697a707b5bc42b2987347880,,,,
48545,raw_position_sample,2,2,int,18,3,17,18,93, 2012 ,436,321,4406731.799999997,697a707b5bc42b2987347880,697a707b5bc42b2987347880,intermediate,3,697a707b5bc42b2987347880,697a707b5bc42b2987347880,spotlight_PROLIFIC,,30,Brasil,Português Brasil ,"Português Brasil, inglês ",inglês,Português Brasil:80|English:10|inglês:10,100,Português Brasil:80|English:10|inglês:10,100,Português Brasil:100|English:0|inglês:0,100,17,5,Bachelor's,10,10,10,5,6,8,12,28,28,28,Duolingo,90,,,,,16,25,B1,elementary|intermediate,elementary|intermediate,cambridge_15_21_random_elementary_intermediate,4,19,random,,305.2569580078125,430.4583435058594,326.5902919769287,475.2708435058594,7,5,,,,,,,,,,,,2026-07-06T21:59:09.647Z,QGFAEPFN,2026-07-06,2026-07-06,18:59:09,2026-07-06 18:59:09,,,,,,,,697a707b5bc42b2987347880,697a707b5bc42b2987347880,,,,
48595,raw_position_sample,2,2,int,18,3,17,18,93, 2012 ,442,321,4406781.299999997,697a707b5bc42b2987347880,697a707b5bc42b2987347880,intermediate,3,697a707b5bc42b2987347880,697a707b5bc42b2987347880,spotlight_PROLIFIC,,30,Brasil,Português Brasil ,"Português Brasil, inglês ",inglês,Português Brasil:80|English:10|inglês:10,100,Português Brasil:80|English:10|inglês:10,100,Português Brasil:100|English:0|inglês:0,100,17,5,Bachelor's,10,10,10,5,6,8,12,28,28,28,Duolingo,90,,,,,16,25,B1,elementary|intermediate,elementary|intermediate,cambridge_15_21_random_elementary_intermediate,4,19,random,,305.2569580078125,430.4583435058594,326.5902919769287,475.2708435058594,7,5,,,,,,,,,,,,2026-07-06T21:59:09.647Z,QGFAEPFN,2026-07-06,2026-07-06,18:59:09,2026-07-06 18:59:09,,,,,,,,697a707b5bc42b2987347880,697a707b5bc42b2987347880,,,,
48645,raw_position_sample,2,2,int,18,3,17,18,93, 2012 ,450,321,4406831.5,697a707b5bc42b2987347880,697a707b5bc42b2987347880,intermediate,3,697a707b5bc42b2987347880,697a707b5bc42b2987347880,spotlight_PROLIFIC,,30,Brasil,Português Brasil ,"Português Brasil, inglês ",inglês,Português Brasil:80|English:10|inglês:10,100,Português Brasil:80|English:10|inglês:10,100,Português Brasil:100|English:0|inglês:0,100,17,5,Bachelor's,10,10,10,5,6,8,12,28,28,28,Duolingo,90,,,,,16,25,B1,elementary|intermediate,elementary|intermediate,cambridge_15_21_random_elementary_intermediate,4,19,random,,305.2569580078125,430.4583435058594,326.5902919769287,475.2708435058594,7,5,,,,,,,,,,,,2026-07-06T21:59:09.647Z,QGFAEPFN,2026-07-06,2026-07-06,18:59:09,2026-07-06 18:59:09,,,,,,,,697a707b5bc42b2987347880,697a707b5bc42b2987347880,,,,
48695,raw_position_sample,2,2,int,18,3,17,18,93, 2012 ,457,321,4406881.3999999985,697a707b5bc42b2987347880,697a707b5bc42b2987347880,intermediate,3,697a707b5bc42b2987347880,697a707b5bc42b2987347880,spotlight_PROLIFIC,,30,Brasil,Português Brasil ,"Português Brasil, inglês ",inglês,Português Brasil:80|English:10|inglês:10,100,Português Brasil:80|English:10|inglês:10,100,Português Brasil:100|English:0|inglês:0,100,17,5,Bachelor's,10,10,10,5,6,8,12,28,28,28,Duolingo,90,,,,,16,25,B1,elementary|intermediate,elementary|intermediate,cambridge_15_21_random_elementary_intermediate,4,19,random,,305.2569580078125,430.4583435058594,326.5902919769287,475.2708435058594,7,5,,,,,,,,,,,,2026-07-06T21:59:09.647Z,QGFAEPFN,2026-07-06,2026-07-06,18:59:09,2026-07-06 18:59:09,,,,,,,,697a707b5bc42b2987347880,697a707b5bc42b2987347880,,,,
48745,raw_position_sample,2,2,int,18,3,17,18,93, 2012 ,469,321,4406931.099999998,697a707b5bc42b2987347880,697a707b5bc42b2987347880,intermediate,3,697a707b5bc42b2987347880,697a707b5bc42b2987347880,spotlight_PROLIFIC,,30,Brasil,Português Brasil ,"Português Brasil, inglês ",inglês,Português Brasil:80|English:10|inglês:10,100,Português Brasil:80|English:10|inglês:10,100,Português Brasil:100|English:0|inglês:0,100,17,5,Bachelor's,10,10,10,5,6,8,12,28,28,28,Duolingo,90,,,,,16,25,B1,elementary|intermediate,elementary|intermediate,cambridge_15_21_random_elementary_intermediate,4,19,random,,305.2569580078125,430.4583435058594,326.5902919769287,475.2708435058594,7,5,,,,,,,,,,,,2026-07-06T21:59:09.647Z,QGFAEPFN,2026-07-06,2026-07-06,18:59:09,2026-07-06 18:59:09,,,,,,,,697a707b5bc42b2987347880,697a707b5bc42b2987347880,,,,
48783,hover_association,2,2,int,18,3,17,18,93, 2012 ,433,321,,697a707b5bc42b2987347880,697a707b5bc42b2987347880,intermediate,3,697a707b5bc42b2987347880,697a707b5bc42b2987347880,spotlight_PROLIFIC,,30,Brasil,Português Brasil ,"Português Brasil, inglês ",inglês,Português Brasil:80|English:10|inglês:10,100,Português Brasil:80|English:10|inglês:10,100,Português Brasil:100|English:0|inglês:0,100,17,5,Bachelor's,10,10,10,5,6,8,12,28,28,28,Duolingo,90,,,,,16,25,B1,elementary|intermediate,elementary|intermediate,cambridge_15_21_random_elementary_intermediate,4,19,random,,295.9236249923706,430.4583435058594,335.9236249923706,475.2708435058594,7,5,hover,268.19999999925494,268.19999999925494,0.9493256679306137,0.6269093751907349,106,,,,,,2026-07-06T21:59:09.647Z,QGFAEPFN,2026-07-06,2026-07-06,18:59:09,2026-07-06 18:59:09,,,,,,,,697a707b5bc42b2987347880,697a707b5bc42b2987347880,,,,
48795,raw_position_sample,2,2,int,18,3,17,18,94, compared ,476,321,4406981,697a707b5bc42b2987347880,697a707b5bc42b2987347880,intermediate,3,697a707b5bc42b2987347880,697a707b5bc42b2987347880,spotlight_PROLIFIC,,30,Brasil,Português Brasil ,"Português Brasil, inglês ",inglês,Português Brasil:80|English:10|inglês:10,100,Português Brasil:80|English:10|inglês:10,100,Português Brasil:100|English:0|inglês:0,100,17,5,Bachelor's,10,10,10,5,6,8,12,28,28,28,Duolingo,90,,,,,16,25,B1,elementary|intermediate,elementary|intermediate,cambridge_15_21_random_elementary_intermediate,4,19,random,,305.2569580078125,475.2708435058594,326.5902919769287,560.5625076293945,7,6,,,,,,,,,,,,2026-07-06T21:59:09.647Z,QGFAEPFN,2026-07-06,2026-07-06,18:59:09,2026-07-06 18:59:09,,,,,,,,697a707b5bc42b2987347880,697a707b5bc42b2987347880,,,,
48847,raw_position_sample,2,2,int,18,3,17,18,94, compared ,482,321,4407032.8999999985,697a707b5bc42b2987347880,697a707b5bc42b2987347880,intermediate,3,697a707b5bc42b2987347880,697a707b5bc42b2987347880,spotlight_PROLIFIC,,30,Brasil,Português Brasil ,"Português Brasil, inglês ",inglês,Português Brasil:80|English:10|inglês:10,100,Português Brasil:80|English:10|inglês:10,100,Português Brasil:100|English:0|inglês:0,100,17,5,Bachelor's,10,10,10,5,6,8,12,28,28,28,Duolingo,90,,,,,16,25,B1,elementary|intermediate,elementary|intermediate,cambridge_15_21_random_elementary_intermediate,4,19,random,,305.2569580078125,475.2708435058594,326.5902919769287,560.5625076293945,7,6,,,,,,,,,,,,2026-07-06T21:59:09.647Z,QGFAEPFN,2026-07-06,2026-07-06,18:59:09,2026-07-06 18:59:09,,,,,,,,697a707b5bc42b2987347880,697a707b5bc42b2987347880,,,,
48895,raw_position_sample,2,2,int,18,3,17,18,94, compared ,491,321,4407081.299999997,697a707b5bc42b2987347880,697a707b5bc42b2987347880,intermediate,3,697a707b5bc42b2987347880,697a707b5bc42b2987347880,spotlight_PROLIFIC,,30,Brasil,Português Brasil ,"Português Brasil, inglês ",inglês,Português Brasil:80|English:10|inglês:10,100,Português Brasil:80|English:10|inglês:10,100,Português Brasil:100|English:0|inglês:0,100,17,5,Bachelor's,10,10,10,5,6,8,12,28,28,28,Duolingo,90,,,,,16,25,B1,elementary|intermediate,elementary|intermediate,cambridge_15_21_random_elementary_intermediate,4,19,random,,305.2569580078125,475.2708435058594,326.5902919769287,560.5625076293945,7,6,,,,,,,,,,,,2026-07-06T21:59:09.647Z,QGFAEPFN,2026-07-06,2026-07-06,18:59:09,2026-07-06 18:59:09,,,,,,,,697a707b5bc42b2987347880,697a707b5bc42b2987347880,,,,
48945,raw_position_sample,2,2,int,18,3,17,18,94, compared ,499,318,4407131.799999997,697a707b5bc42b2987347880,697a707b5bc42b2987347880,intermediate,3,697a707b5bc42b2987347880,697a707b5bc42b2987347880,spotlight_PROLIFIC,,30,Brasil,Português Brasil ,"Português Brasil, inglês ",inglês,Português Brasil:80|English:10|inglês:10,100,Português Brasil:80|English:10|inglês:10,100,Português Brasil:100|English:0|inglês:0,100,17,5,Bachelor's,10,10,10,5,6,8,12,28,28,28,Duolingo,90,,,,,16,25,B1,elementary|intermediate,elementary|intermediate,cambridge_15_21_random_elementary_intermediate,4,19,random,,305.2569580078125,475.2708435058594,326.5902919769287,560.5625076293945,7,6,,,,,,,,,,,,2026-07-06T21:59:09.647Z,QGFAEPFN,2026-07-06,2026-07-06,18:59:09,2026-07-06 18:59:09,,,,,,,,697a707b5bc42b2987347880,697a707b5bc42b2987347880,,,,
48997,raw_position_sample,2,2,int,18,3,17,18,94, compared ,509,316,4407183.5,697a707b5bc42b2987347880,697a707b5bc42b2987347880,intermediate,3,697a707b5bc42b2987347880,697a707b5bc42b2987347880,spotlight_PROLIFIC,,30,Brasil,Português Brasil ,"Português Brasil, inglês ",inglês,Português Brasil:80|English:10|inglês:10,100,Português Brasil:80|English:10|inglês:10,100,Português Brasil:100|English:0|inglês:0,100,17,5,Bachelor's,10,10,10,5,6,8,12,28,28,28,Duolingo,90,,,,,16,25,B1,elementary|intermediate,elementary|intermediate,cambridge_15_21_random_elementary_intermediate,4,19,random,,305.2569580078125,475.2708435058594,326.5902919769287,560.5625076293945,7,6,,,,,,,,,,,,2026-07-06T21:59:09.647Z,QGFAEPFN,2026-07-06,2026-07-06,18:59:09,2026-07-06 18:59:09,,,,,,,,697a707b5bc42b2987347880,697a707b5bc42b2987347880,,,,
49045,raw_position_sample,2,2,int,18,3,17,18,94, compared ,519,313,4407231,697a707b5bc42b2987347880,697a707b5bc42b2987347880,intermediate,3,697a707b5bc42b2987347880,697a707b5bc42b2987347880,spotlight_PROLIFIC,,30,Brasil,Português Brasil ,"Português Brasil, inglês ",inglês,Português Brasil:80|English:10|inglês:10,100,Português Brasil:80|English:10|inglês:10,100,Português Brasil:100|English:0|inglês:0,100,17,5,Bachelor's,10,10,10,5,6,8,12,28,28,28,Duolingo,90,,,,,16,25,B1,elementary|intermediate,elementary|intermediate,cambridge_15_21_random_elementary_intermediate,4,19,random,,305.2569580078125,475.2708435058594,326.5902919769287,560.5625076293945,7,6,,,,,,,,,,,,2026-07-06T21:59:09.647Z,QGFAEPFN,2026-07-06,2026-07-06,18:59:09,2026-07-06 18:59:09,,,,,,,,697a707b5bc42b2987347880,697a707b5bc42b2987347880,,,,
49095,raw_position_sample,2,2,int,18,3,17,18,94, compared ,531,311,4407281.299999997,697a707b5bc42b2987347880,697a707b5bc42b2987347880,intermediate,3,697a707b5bc42b2987347880,697a707b5bc42b2987347880,spotlight_PROLIFIC,,30,Brasil,Português Brasil ,"Português Brasil, inglês ",inglês,Português Brasil:80|English:10|inglês:10,100,Português Brasil:80|English:10|inglês:10,100,Português Brasil:100|English:0|inglês:0,100,17,5,Bachelor's,10,10,10,5,6,8,12,28,28,28,Duolingo,90,,,,,16,25,B1,elementary|intermediate,elementary|intermediate,cambridge_15_21_random_elementary_intermediate,4,19,random,,305.2569580078125,475.2708435058594,326.5902919769287,560.5625076293945,7,6,,,,,,,,,,,,2026-07-06T21:59:09.647Z,QGFAEPFN,2026-07-06,2026-07-06,18:59:09,2026-07-06 18:59:09,,,,,,,,697a707b5bc42b2987347880,697a707b5bc42b2987347880,,,,
49146,raw_position_sample,2,2,int,18,3,17,18,94, compared ,537,311,4407332.099999998,697a707b5bc42b2987347880,697a707b5bc42b2987347880,intermediate,3,697a707b5bc42b2987347880,697a707b5bc42b2987347880,spotlight_PROLIFIC,,30,Brasil,Português Brasil ,"Português Brasil, inglês ",inglês,Português Brasil:80|English:10|inglês:10,100,Português Brasil:80|English:10|inglês:10,100,Português Brasil:100|English:0|inglês:0,100,17,5,Bachelor's,10,10,10,5,6,8,12,28,28,28,Duolingo,90,,,,,16,25,B1,elementary|intermediate,elementary|intermediate,cambridge_15_21_random_elementary_intermediate,4,19,random,,305.2569580078125,475.2708435058594,326.5902919769287,560.5625076293945,7,6,,,,,,,,,,,,2026-07-06T21:59:09.647Z,QGFAEPFN,2026-07-06,2026-07-06,18:59:09,2026-07-06 18:59:09,,,,,,,,697a707b5bc42b2987347880,697a707b5bc42b2987347880,,,,
49195,raw_position_sample,2,2,int,18,3,17,18,94, compared ,544,311,4407381.199999999,697a707b5bc42b2987347880,697a707b5bc42b2987347880,intermediate,3,697a707b5bc42b2987347880,697a707b5bc42b2987347880,spotlight_PROLIFIC,,30,Brasil,Português Brasil ,"Português Brasil, inglês ",inglês,Português Brasil:80|English:10|inglês:10,100,Português Brasil:80|English:10|inglês:10,100,Português Brasil:100|English:0|inglês:0,100,17,5,Bachelor's,10,10,10,5,6,8,12,28,28,28,Duolingo,90,,,,,16,25,B1,elementary|intermediate,elementary|intermediate,cambridge_15_21_random_elementary_intermediate,4,19,random,,305.2569580078125,475.2708435058594,326.5902919769287,560.5625076293945,7,6,,,,,,,,,,,,2026-07-06T21:59:09.647Z,QGFAEPFN,2026-07-06,2026-07-06,18:59:09,2026-07-06 18:59:09,,,,,,,,697a707b5bc42b2987347880,697a707b5bc42b2987347880,,,,
49245,raw_position_sample,2,2,int,18,3,17,18,94, compared ,556,311,4407431.599999998,697a707b5bc42b2987347880,697a707b5bc42b2987347880,intermediate,3,697a707b5bc42b2987347880,697a707b5bc42b2987347880,spotlight_PROLIFIC,,30,Brasil,Português Brasil ,"Português Brasil, inglês ",inglês,Português Brasil:80|English:10|inglês:10,100,Português Brasil:80|English:10|inglês:10,100,Português Brasil:100|English:0|inglês:0,100,17,5,Bachelor's,10,10,10,5,6,8,12,28,28,28,Duolingo,90,,,,,16,25,B1,elementary|intermediate,elementary|intermediate,cambridge_15_21_random_elementary_intermediate,4,19,random,,305.2569580078125,475.2708435058594,326.5902919769287,560.5625076293945,7,6,,,,,,,,,,,,2026-07-06T21:59:09.647Z,QGFAEPFN,2026-07-06,2026-07-06,18:59:09,2026-07-06 18:59:09,,,,,,,,697a707b5bc42b2987347880,697a707b5bc42b2987347880,,,,
49265,hover_association,2,2,int,18,3,17,18,94, compared ,476,321,,697a707b5bc42b2987347880,697a707b5bc42b2987347880,intermediate,3,697a707b5bc42b2987347880,697a707b5bc42b2987347880,spotlight_PROLIFIC,,30,Brasil,Português Brasil ,"Português Brasil, inglês ",inglês,Português Brasil:80|English:10|inglês:10,100,Português Brasil:80|English:10|inglês:10,100,Português Brasil:100|English:0|inglês:0,100,17,5,Bachelor's,10,10,10,5,6,8,12,28,28,28,Duolingo,90,,,,,16,25,B1,elementary|intermediate,elementary|intermediate,cambridge_15_21_random_elementary_intermediate,4,19,random,,295.9236249923706,475.2708435058594,335.9236249923706,560.5625038146973,7,6,hover,482.20000000298023,482.20000000298023,0.9816804619696756,0.37690937519073486,106,,,,,,2026-07-06T21:59:09.647Z,QGFAEPFN,2026-07-06,2026-07-06,18:59:09,2026-07-06 18:59:09,,,,,,,,697a707b5bc42b2987347880,697a707b5bc42b2987347880,,,,
49295,raw_position_sample,2,2,int,18,3,17,18,95, to ,567,311,4407481.299999997,697a707b5bc42b2987347880,697a707b5bc42b2987347880,intermediate,3,697a707b5bc42b2987347880,697a707b5bc42b2987347880,spotlight_PROLIFIC,,30,Brasil,Português Brasil ,"Português Brasil, inglês ",inglês,Português Brasil:80|English:10|inglês:10,100,Português Brasil:80|English:10|inglês:10,100,Português Brasil:100|English:0|inglês:0,100,17,5,Bachelor's,10,10,10,5,6,8,12,28,28,28,Duolingo,90,,,,,16,25,B1,elementary|intermediate,elementary|intermediate,cambridge_15_21_random_elementary_intermediate,4,19,random,,305.2569580078125,560.5625,326.5902919769287,580.9375,7,7,,,,,,,,,,,,2026-07-06T21:59:09.647Z,QGFAEPFN,2026-07-06,2026-07-06,18:59:09,2026-07-06 18:59:09,,,,,,,,697a707b5bc42b2987347880,697a707b5bc42b2987347880,,,,
49345,raw_position_sample,2,2,int,18,3,17,18,95, to ,577,311,4407531.199999999,697a707b5bc42b2987347880,697a707b5bc42b2987347880,intermediate,3,697a707b5bc42b2987347880,697a707b5bc42b2987347880,spotlight_PROLIFIC,,30,Brasil,Português Brasil ,"Português Brasil, inglês ",inglês,Português Brasil:80|English:10|inglês:10,100,Português Brasil:80|English:10|inglês:10,100,Português Brasil:100|English:0|inglês:0,100,17,5,Bachelor's,10,10,10,5,6,8,12,28,28,28,Duolingo,90,,,,,16,25,B1,elementary|intermediate,elementary|intermediate,cambridge_15_21_random_elementary_intermediate,4,19,random,,305.2569580078125,560.5625,326.5902919769287,580.9375,7,7,,,,,,,,,,,,2026-07-06T21:59:09.647Z,QGFAEPFN,2026-07-06,2026-07-06,18:59:09,2026-07-06 18:59:09,,,,,,,,697a707b5bc42b2987347880,697a707b5bc42b2987347880,,,,
49365,hover_association,2,2,int,18,3,17,18,95, to ,562,311,,697a707b5bc42b2987347880,697a707b5bc42b2987347880,intermediate,3,697a707b5bc42b2987347880,697a707b5bc42b2987347880,spotlight_PROLIFIC,,30,Brasil,Português Brasil ,"Português Brasil, inglês ",inglês,Português Brasil:80|English:10|inglês:10,100,Português Brasil:80|English:10|inglês:10,100,Português Brasil:100|English:0|inglês:0,100,17,5,Bachelor's,10,10,10,5,6,8,12,28,28,28,Duolingo,90,,,,,16,25,B1,elementary|intermediate,elementary|intermediate,cambridge_15_21_random_elementary_intermediate,4,19,random,,295.9236249923706,560.5625038146973,335.9236249923706,580.9375,7,7,hover,100.29999999701977,100.29999999701977,0.855828193866415,0.37690937519073486,106,,,,,,2026-07-06T21:59:09.647Z,QGFAEPFN,2026-07-06,2026-07-06,18:59:09,2026-07-06 18:59:09,,,,,,,,697a707b5bc42b2987347880,697a707b5bc42b2987347880,,,,
49396,raw_position_sample,2,2,int,18,3,17,18,96, four ,594,311,4407582.299999997,697a707b5bc42b2987347880,697a707b5bc42b2987347880,intermediate,3,697a707b5bc42b2987347880,697a707b5bc42b2987347880,spotlight_PROLIFIC,,30,Brasil,Português Brasil ,"Português Brasil, inglês ",inglês,Português Brasil:80|English:10|inglês:10,100,Português Brasil:80|English:10|inglês:10,100,Português Brasil:100|English:0|inglês:0,100,17,5,Bachelor's,10,10,10,5,6,8,12,28,28,28,Duolingo,90,,,,,16,25,B1,elementary|intermediate,elementary|intermediate,cambridge_15_21_random_elementary_intermediate,4,19,random,,305.2569580078125,580.9375,326.5902919769287,617.8194465637207,7,8,,,,,,,,,,,,2026-07-06T21:59:09.647Z,QGFAEPFN,2026-07-06,2026-07-06,18:59:09,2026-07-06 18:59:09,,,,,,,,697a707b5bc42b2987347880,697a707b5bc42b2987347880,,,,
49433,hover_association,2,2,int,18,3,17,18,96, four ,588,311,,697a707b5bc42b2987347880,697a707b5bc42b2987347880,intermediate,3,697a707b5bc42b2987347880,697a707b5bc42b2987347880,spotlight_PROLIFIC,,30,Brasil,Português Brasil ,"Português Brasil, inglês ",inglês,Português Brasil:80|English:10|inglês:10,100,Português Brasil:80|English:10|inglês:10,100,Português Brasil:100|English:0|inglês:0,100,17,5,Bachelor's,10,10,10,5,6,8,12,28,28,28,Duolingo,90,,,,,16,25,B1,elementary|intermediate,elementary|intermediate,cambridge_15_21_random_elementary_intermediate,4,19,random,,295.9236249923706,580.9375,335.9236249923706,617.8194522857666,7,8,hover,67.70000000298023,67.70000000298023,0.8964411575566027,0.37690937519073486,106,,,,,,2026-07-06T21:59:09.647Z,QGFAEPFN,2026-07-06,2026-07-06,18:59:09,2026-07-06 18:59:09,,,,,,,,697a707b5bc42b2987347880,697a707b5bc42b2987347880,,,,
49445,raw_position_sample,2,2,int,18,3,17,18,97, in ,622,311,4407631.199999999,697a707b5bc42b2987347880,697a707b5bc42b2987347880,intermediate,3,697a707b5bc42b2987347880,697a707b5bc42b2987347880,spotlight_PROLIFIC,,30,Brasil,Português Brasil ,"Português Brasil, inglês ",inglês,Português Brasil:80|English:10|inglês:10,100,Português Brasil:80|English:10|inglês:10,100,Português Brasil:100|English:0|inglês:0,100,17,5,Bachelor's,10,10,10,5,6,8,12,28,28,28,Duolingo,90,,,,,16,25,B1,elementary|intermediate,elementary|intermediate,cambridge_15_21_random_elementary_intermediate,4,19,random,,305.2569580078125,617.8194580078125,326.5902919769287,636.5069580078125,7,9,,,,,,,,,,,,2026-07-06T21:59:09.647Z,QGFAEPFN,2026-07-06,2026-07-06,18:59:09,2026-07-06 18:59:09,,,,,,,,697a707b5bc42b2987347880,697a707b5bc42b2987347880,,,,
49495,raw_position_sample,2,2,int,18,3,17,18,97, in ,623,311,4407681.699999999,697a707b5bc42b2987347880,697a707b5bc42b2987347880,intermediate,3,697a707b5bc42b2987347880,697a707b5bc42b2987347880,spotlight_PROLIFIC,,30,Brasil,Português Brasil ,"Português Brasil, inglês ",inglês,Português Brasil:80|English:10|inglês:10,100,Português Brasil:80|English:10|inglês:10,100,Português Brasil:100|English:0|inglês:0,100,17,5,Bachelor's,10,10,10,5,6,8,12,28,28,28,Duolingo,90,,,,,16,25,B1,elementary|intermediate,elementary|intermediate,cambridge_15_21_random_elementary_intermediate,4,19,random,,305.2569580078125,617.8194580078125,326.5902919769287,636.5069580078125,7,9,,,,,,,,,,,,2026-07-06T21:59:09.647Z,QGFAEPFN,2026-07-06,2026-07-06,18:59:09,2026-07-06 18:59:09,,,,,,,,697a707b5bc42b2987347880,697a707b5bc42b2987347880,,,,
49545,raw_position_sample,2,2,int,18,3,17,18,97, in ,630,311,4407731.3999999985,697a707b5bc42b2987347880,697a707b5bc42b2987347880,intermediate,3,697a707b5bc42b2987347880,697a707b5bc42b2987347880,spotlight_PROLIFIC,,30,Brasil,Português Brasil ,"Português Brasil, inglês ",inglês,Português Brasil:80|English:10|inglês:10,100,Português Brasil:80|English:10|inglês:10,100,Português Brasil:100|English:0|inglês:0,100,17,5,Bachelor's,10,10,10,5,6,8,12,28,28,28,Duolingo,90,,,,,16,25,B1,elementary|intermediate,elementary|intermediate,cambridge_15_21_random_elementary_intermediate,4,19,random,,305.2569580078125,617.8194580078125,326.5902919769287,636.5069580078125,7,9,,,,,,,,,,,,2026-07-06T21:59:09.647Z,QGFAEPFN,2026-07-06,2026-07-06,18:59:09,2026-07-06 18:59:09,,,,,,,,697a707b5bc42b2987347880,697a707b5bc42b2987347880,,,,
49582,hover_association,2,2,int,18,3,17,18,97, in ,622,311,,697a707b5bc42b2987347880,697a707b5bc42b2987347880,intermediate,3,697a707b5bc42b2987347880,697a707b5bc42b2987347880,spotlight_PROLIFIC,,30,Brasil,Português Brasil ,"Português Brasil, inglês ",inglês,Português Brasil:80|English:10|inglês:10,100,Português Brasil:80|English:10|inglês:10,100,Português Brasil:100|English:0|inglês:0,100,17,5,Bachelor's,10,10,10,5,6,8,12,28,28,28,Duolingo,90,,,,,16,25,B1,elementary|intermediate,elementary|intermediate,cambridge_15_21_random_elementary_intermediate,4,19,random,,295.9236249923706,617.8194522857666,335.9236249923706,636.5069580078125,7,9,hover,149.09999999776483,149.09999999776483,0.9728718205975218,0.37690937519073486,106,,,,,,2026-07-06T21:59:09.647Z,QGFAEPFN,2026-07-06,2026-07-06,18:59:09,2026-07-06 18:59:09,,,,,,,,697a707b5bc42b2987347880,697a707b5bc42b2987347880,,,,
49595,raw_position_sample,2,2,int,18,3,17,18,98," 2011, ",642,311,4407781.3999999985,697a707b5bc42b2987347880,697a707b5bc42b2987347880,intermediate,3,697a707b5bc42b2987347880,697a707b5bc42b2987347880,spotlight_PROLIFIC,,30,Brasil,Português Brasil ,"Português Brasil, inglês ",inglês,Português Brasil:80|English:10|inglês:10,100,Português Brasil:80|English:10|inglês:10,100,Português Brasil:100|English:0|inglês:0,100,17,5,Bachelor's,10,10,10,5,6,8,12,28,28,28,Duolingo,90,,,,,16,25,B1,elementary|intermediate,elementary|intermediate,cambridge_15_21_random_elementary_intermediate,4,19,random,,305.2569580078125,636.5069580078125,326.5902919769287,684.8402900695801,7,10,,,,,,,,,,,,2026-07-06T21:59:09.647Z,QGFAEPFN,2026-07-06,2026-07-06,18:59:09,2026-07-06 18:59:09,,,,,,,,697a707b5bc42b2987347880,697a707b5bc42b2987347880,,,,
49645,raw_position_sample,2,2,int,18,3,17,18,98," 2011, ",656,314,4407831.799999997,697a707b5bc42b2987347880,697a707b5bc42b2987347880,intermediate,3,697a707b5bc42b2987347880,697a707b5bc42b2987347880,spotlight_PROLIFIC,,30,Brasil,Português Brasil ,"Português Brasil, inglês ",inglês,Português Brasil:80|English:10|inglês:10,100,Português Brasil:80|English:10|inglês:10,100,Português Brasil:100|English:0|inglês:0,100,17,5,Bachelor's,10,10,10,5,6,8,12,28,28,28,Duolingo,90,,,,,16,25,B1,elementary|intermediate,elementary|intermediate,cambridge_15_21_random_elementary_intermediate,4,19,random,,305.2569580078125,636.5069580078125,326.5902919769287,684.8402900695801,7,10,,,,,,,,,,,,2026-07-06T21:59:09.647Z,QGFAEPFN,2026-07-06,2026-07-06,18:59:09,2026-07-06 18:59:09,,,,,,,,697a707b5bc42b2987347880,697a707b5bc42b2987347880,,,,
49695,raw_position_sample,2,2,int,18,3,17,18,98," 2011, ",670,314,4407881.199999999,697a707b5bc42b2987347880,697a707b5bc42b2987347880,intermediate,3,697a707b5bc42b2987347880,697a707b5bc42b2987347880,spotlight_PROLIFIC,,30,Brasil,Português Brasil ,"Português Brasil, inglês ",inglês,Português Brasil:80|English:10|inglês:10,100,Português Brasil:80|English:10|inglês:10,100,Português Brasil:100|English:0|inglês:0,100,17,5,Bachelor's,10,10,10,5,6,8,12,28,28,28,Duolingo,90,,,,,16,25,B1,elementary|intermediate,elementary|intermediate,cambridge_15_21_random_elementary_intermediate,4,19,random,,305.2569580078125,636.5069580078125,326.5902919769287,684.8402900695801,7,10,,,,,,,,,,,,2026-07-06T21:59:09.647Z,QGFAEPFN,2026-07-06,2026-07-06,18:59:09,2026-07-06 18:59:09,,,,,,,,697a707b5bc42b2987347880,697a707b5bc42b2987347880,,,,
49745,raw_position_sample,2,2,int,18,3,17,18,98," 2011, ",681,315,4407931.5,697a707b5bc42b2987347880,697a707b5bc42b2987347880,intermediate,3,697a707b5bc42b2987347880,697a707b5bc42b2987347880,spotlight_PROLIFIC,,30,Brasil,Português Brasil ,"Português Brasil, inglês ",inglês,Português Brasil:80|English:10|inglês:10,100,Português Brasil:80|English:10|inglês:10,100,Português Brasil:100|English:0|inglês:0,100,17,5,Bachelor's,10,10,10,5,6,8,12,28,28,28,Duolingo,90,,,,,16,25,B1,elementary|intermediate,elementary|intermediate,cambridge_15_21_random_elementary_intermediate,4,19,random,,305.2569580078125,636.5069580078125,326.5902919769287,684.8402900695801,7,10,,,,,,,,,,,,2026-07-06T21:59:09.647Z,QGFAEPFN,2026-07-06,2026-07-06,18:59:09,2026-07-06 18:59:09,,,,,,,,697a707b5bc42b2987347880,697a707b5bc42b2987347880,,,,
49796,raw_position_sample,2,2,int,18,3,17,18,98," 2011, ",681,315,4407982.3999999985,697a707b5bc42b2987347880,697a707b5bc42b2987347880,intermediate,3,697a707b5bc42b2987347880,697a707b5bc42b2987347880,spotlight_PROLIFIC,,30,Brasil,Português Brasil ,"Português Brasil, inglês ",inglês,Português Brasil:80|English:10|inglês:10,100,Português Brasil:80|English:10|inglês:10,100,Português Brasil:100|English:0|inglês:0,100,17,5,Bachelor's,10,10,10,5,6,8,12,28,28,28,Duolingo,90,,,,,16,25,B1,elementary|intermediate,elementary|intermediate,cambridge_15_21_random_elementary_intermediate,4,19,random,,305.2569580078125,636.5069580078125,326.5902919769287,684.8402900695801,7,10,,,,,,,,,,,,2026-07-06T21:59:09.647Z,QGFAEPFN,2026-07-06,2026-07-06,18:59:09,2026-07-06 18:59:09,,,,,,,,697a707b5bc42b2987347880,697a707b5bc42b2987347880,,,,
49816,hover_association,2,2,int,18,3,17,18,98," 2011, ",642,311,,697a707b5bc42b2987347880,697a707b5bc42b2987347880,intermediate,3,697a707b5bc42b2987347880,697a707b5bc42b2987347880,spotlight_PROLIFIC,,30,Brasil,Português Brasil ,"Português Brasil, inglês ",inglês,Português Brasil:80|English:10|inglês:10,100,Português Brasil:80|English:10|inglês:10,100,Português Brasil:100|English:0|inglês:0,100,17,5,Bachelor's,10,10,10,5,6,8,12,28,28,28,Duolingo,90,,,,,16,25,B1,elementary|intermediate,elementary|intermediate,cambridge_15_21_random_elementary_intermediate,4,19,random,,295.9236249923706,636.5069580078125,335.9236249923706,684.8402805328369,7,10,hover,232.60000000149012,232.60000000149012,0.9826148816398488,0.47690937519073484,106,,,,,,2026-07-06T21:59:09.647Z,QGFAEPFN,2026-07-06,2026-07-06,18:59:09,2026-07-06 18:59:09,,,,,,,,697a707b5bc42b2987347880,697a707b5bc42b2987347880,,,,
49845,raw_position_sample,2,2,int,18,3,17,18,99, park ,690,315,4408031.599999998,697a707b5bc42b2987347880,697a707b5bc42b2987347880,intermediate,3,697a707b5bc42b2987347880,697a707b5bc42b2987347880,spotlight_PROLIFIC,,30,Brasil,Português Brasil ,"Português Brasil, inglês ",inglês,Português Brasil:80|English:10|inglês:10,100,Português Brasil:80|English:10|inglês:10,100,Português Brasil:100|English:0|inglês:0,100,17,5,Bachelor's,10,10,10,5,6,8,12,28,28,28,Duolingo,90,,,,,16,25,B1,elementary|intermediate,elementary|intermediate,cambridge_15_21_random_elementary_intermediate,4,19,random,,305.2569580078125,684.8402709960938,326.5902919769287,724.2916603088379,7,11,,,,,,,,,,,,2026-07-06T21:59:09.647Z,QGFAEPFN,2026-07-06,2026-07-06,18:59:09,2026-07-06 18:59:09,,,,,,,,697a707b5bc42b2987347880,697a707b5bc42b2987347880,,,,
49901,raw_position_sample,2,2,int,18,3,17,18,99, park ,711,315,4408087.299999997,697a707b5bc42b2987347880,697a707b5bc42b2987347880,intermediate,3,697a707b5bc42b2987347880,697a707b5bc42b2987347880,spotlight_PROLIFIC,,30,Brasil,Português Brasil ,"Português Brasil, inglês ",inglês,Português Brasil:80|English:10|inglês:10,100,Português Brasil:80|English:10|inglês:10,100,Português Brasil:100|English:0|inglês:0,100,17,5,Bachelor's,10,10,10,5,6,8,12,28,28,28,Duolingo,90,,,,,16,25,B1,elementary|intermediate,elementary|intermediate,cambridge_15_21_random_elementary_intermediate,4,19,random,,305.2569580078125,684.8402709960938,326.5902919769287,724.2916603088379,7,11,,,,,,,,,,,,2026-07-06T21:59:09.647Z,QGFAEPFN,2026-07-06,2026-07-06,18:59:09,2026-07-06 18:59:09,,,,,,,,697a707b5bc42b2987347880,697a707b5bc42b2987347880,,,,
49946,raw_position_sample,2,2,int,18,3,17,18,99, park ,714,313,4408131.699999999,697a707b5bc42b2987347880,697a707b5bc42b2987347880,intermediate,3,697a707b5bc42b2987347880,697a707b5bc42b2987347880,spotlight_PROLIFIC,,30,Brasil,Português Brasil ,"Português Brasil, inglês ",inglês,Português Brasil:80|English:10|inglês:10,100,Português Brasil:80|English:10|inglês:10,100,Português Brasil:100|English:0|inglês:0,100,17,5,Bachelor's,10,10,10,5,6,8,12,28,28,28,Duolingo,90,,,,,16,25,B1,elementary|intermediate,elementary|intermediate,cambridge_15_21_random_elementary_intermediate,4,19,random,,305.2569580078125,684.8402709960938,326.5902919769287,724.2916603088379,7,11,,,,,,,,,,,,2026-07-06T21:59:09.647Z,QGFAEPFN,2026-07-06,2026-07-06,18:59:09,2026-07-06 18:59:09,,,,,,,,697a707b5bc42b2987347880,697a707b5bc42b2987347880,,,,
49996,raw_position_sample,2,2,int,18,3,17,18,99, park ,720,312,4408182.099999998,697a707b5bc42b2987347880,697a707b5bc42b2987347880,intermediate,3,697a707b5bc42b2987347880,697a707b5bc42b2987347880,spotlight_PROLIFIC,,30,Brasil,Português Brasil ,"Português Brasil, inglês ",inglês,Português Brasil:80|English:10|inglês:10,100,Português Brasil:80|English:10|inglês:10,100,Português Brasil:100|English:0|inglês:0,100,17,5,Bachelor's,10,10,10,5,6,8,12,28,28,28,Duolingo,90,,,,,16,25,B1,elementary|intermediate,elementary|intermediate,cambridge_15_21_random_elementary_intermediate,4,19,random,,305.2569580078125,684.8402709960938,326.5902919769287,724.2916603088379,7,11,,,,,,,,,,,,2026-07-06T21:59:09.647Z,QGFAEPFN,2026-07-06,2026-07-06,18:59:09,2026-07-06 18:59:09,,,,,,,,697a707b5bc42b2987347880,697a707b5bc42b2987347880,,,,
49998,hover_association,2,2,int,18,3,17,18,99, park ,685,315,,697a707b5bc42b2987347880,697a707b5bc42b2987347880,intermediate,3,697a707b5bc42b2987347880,697a707b5bc42b2987347880,spotlight_PROLIFIC,,30,Brasil,Português Brasil ,"Português Brasil, inglês ",inglês,Português Brasil:80|English:10|inglês:10,100,Português Brasil:80|English:10|inglês:10,100,Português Brasil:100|English:0|inglês:0,100,17,5,Bachelor's,10,10,10,5,6,8,12,28,28,28,Duolingo,90,,,,,16,25,B1,elementary|intermediate,elementary|intermediate,cambridge_15_21_random_elementary_intermediate,4,19,random,,295.9236249923706,684.8402805328369,335.9236249923706,724.2916736602783,7,11,hover,183.09999999776483,183.09999999776483,0.8912161695680871,0.4019093751907349,106,,,,,,2026-07-06T21:59:09.647Z,QGFAEPFN,2026-07-06,2026-07-06,18:59:09,2026-07-06 18:59:09,,,,,,,,697a707b5bc42b2987347880,697a707b5bc42b2987347880,,,,
50047,raw_position_sample,2,2,int,18,3,17,18,100, officials ,738,311,4408232.8999999985,697a707b5bc42b2987347880,697a707b5bc42b2987347880,intermediate,3,697a707b5bc42b2987347880,697a707b5bc42b2987347880,spotlight_PROLIFIC,,30,Brasil,Português Brasil ,"Português Brasil, inglês ",inglês,Português Brasil:80|English:10|inglês:10,100,Português Brasil:80|English:10|inglês:10,100,Português Brasil:100|English:0|inglês:0,100,17,5,Bachelor's,10,10,10,5,6,8,12,28,28,28,Duolingo,90,,,,,16,25,B1,elementary|intermediate,elementary|intermediate,cambridge_15_21_random_elementary_intermediate,4,19,random,,305.2569580078125,724.2916870117188,326.5902919769287,791.2778015136719,7,12,,,,,,,,,,,,2026-07-06T21:59:09.647Z,QGFAEPFN,2026-07-06,2026-07-06,18:59:09,2026-07-06 18:59:09,,,,,,,,697a707b5bc42b2987347880,697a707b5bc42b2987347880,,,,
50096,raw_position_sample,2,2,int,18,3,17,18,100, officials ,743,310,4408282.199999999,697a707b5bc42b2987347880,697a707b5bc42b2987347880,intermediate,3,697a707b5bc42b2987347880,697a707b5bc42b2987347880,spotlight_PROLIFIC,,30,Brasil,Português Brasil ,"Português Brasil, inglês ",inglês,Português Brasil:80|English:10|inglês:10,100,Português Brasil:80|English:10|inglês:10,100,Português Brasil:100|English:0|inglês:0,100,17,5,Bachelor's,10,10,10,5,6,8,12,28,28,28,Duolingo,90,,,,,16,25,B1,elementary|intermediate,elementary|intermediate,cambridge_15_21_random_elementary_intermediate,4,19,random,,305.2569580078125,724.2916870117188,326.5902919769287,791.2778015136719,7,12,,,,,,,,,,,,2026-07-06T21:59:09.647Z,QGFAEPFN,2026-07-06,2026-07-06,18:59:09,2026-07-06 18:59:09,,,,,,,,697a707b5bc42b2987347880,697a707b5bc42b2987347880,,,,
50146,raw_position_sample,2,2,int,18,3,17,18,100, officials ,748,310,4408331.799999997,697a707b5bc42b2987347880,697a707b5bc42b2987347880,intermediate,3,697a707b5bc42b2987347880,697a707b5bc42b2987347880,spotlight_PROLIFIC,,30,Brasil,Português Brasil ,"Português Brasil, inglês ",inglês,Português Brasil:80|English:10|inglês:10,100,Português Brasil:80|English:10|inglês:10,100,Português Brasil:100|English:0|inglês:0,100,17,5,Bachelor's,10,10,10,5,6,8,12,28,28,28,Duolingo,90,,,,,16,25,B1,elementary|intermediate,elementary|intermediate,cambridge_15_21_random_elementary_intermediate,4,19,random,,305.2569580078125,724.2916870117188,326.5902919769287,791.2778015136719,7,12,,,,,,,,,,,,2026-07-06T21:59:09.647Z,QGFAEPFN,2026-07-06,2026-07-06,18:59:09,2026-07-06 18:59:09,,,,,,,,697a707b5bc42b2987347880,697a707b5bc42b2987347880,,,,
50195,raw_position_sample,2,2,int,18,3,17,18,100, officials ,769,310,4408381.3999999985,697a707b5bc42b2987347880,697a707b5bc42b2987347880,intermediate,3,697a707b5bc42b2987347880,697a707b5bc42b2987347880,spotlight_PROLIFIC,,30,Brasil,Português Brasil ,"Português Brasil, inglês ",inglês,Português Brasil:80|English:10|inglês:10,100,Português Brasil:80|English:10|inglês:10,100,Português Brasil:100|English:0|inglês:0,100,17,5,Bachelor's,10,10,10,5,6,8,12,28,28,28,Duolingo,90,,,,,16,25,B1,elementary|intermediate,elementary|intermediate,cambridge_15_21_random_elementary_intermediate,4,19,random,,305.2569580078125,724.2916870117188,326.5902919769287,791.2778015136719,7,12,,,,,,,,,,,,2026-07-06T21:59:09.647Z,QGFAEPFN,2026-07-06,2026-07-06,18:59:09,2026-07-06 18:59:09,,,,,,,,697a707b5bc42b2987347880,697a707b5bc42b2987347880,,,,
50245,raw_position_sample,2,2,int,18,3,17,18,100, officials ,778,310,4408431,697a707b5bc42b2987347880,697a707b5bc42b2987347880,intermediate,3,697a707b5bc42b2987347880,697a707b5bc42b2987347880,spotlight_PROLIFIC,,30,Brasil,Português Brasil ,"Português Brasil, inglês ",inglês,Português Brasil:80|English:10|inglês:10,100,Português Brasil:80|English:10|inglês:10,100,Português Brasil:100|English:0|inglês:0,100,17,5,Bachelor's,10,10,10,5,6,8,12,28,28,28,Duolingo,90,,,,,16,25,B1,elementary|intermediate,elementary|intermediate,cambridge_15_21_random_elementary_intermediate,4,19,random,,305.2569580078125,724.2916870117188,326.5902919769287,791.2778015136719,7,12,,,,,,,,,,,,2026-07-06T21:59:09.647Z,QGFAEPFN,2026-07-06,2026-07-06,18:59:09,2026-07-06 18:59:09,,,,,,,,697a707b5bc42b2987347880,697a707b5bc42b2987347880,,,,
50296,raw_position_sample,2,2,int,18,3,17,18,100, officials ,781,310,4408482.299999997,697a707b5bc42b2987347880,697a707b5bc42b2987347880,intermediate,3,697a707b5bc42b2987347880,697a707b5bc42b2987347880,spotlight_PROLIFIC,,30,Brasil,Português Brasil ,"Português Brasil, inglês ",inglês,Português Brasil:80|English:10|inglês:10,100,Português Brasil:80|English:10|inglês:10,100,Português Brasil:100|English:0|inglês:0,100,17,5,Bachelor's,10,10,10,5,6,8,12,28,28,28,Duolingo,90,,,,,16,25,B1,elementary|intermediate,elementary|intermediate,cambridge_15_21_random_elementary_intermediate,4,19,random,,305.2569580078125,724.2916870117188,326.5902919769287,791.2778015136719,7,12,,,,,,,,,,,,2026-07-06T21:59:09.647Z,QGFAEPFN,2026-07-06,2026-07-06,18:59:09,2026-07-06 18:59:09,,,,,,,,697a707b5bc42b2987347880,697a707b5bc42b2987347880,,,,
50332,hover_association,2,2,int,18,3,17,18,100, officials ,726,311,,697a707b5bc42b2987347880,697a707b5bc42b2987347880,intermediate,3,697a707b5bc42b2987347880,697a707b5bc42b2987347880,spotlight_PROLIFIC,,30,Brasil,Português Brasil ,"Português Brasil, inglês ",inglês,Português Brasil:80|English:10|inglês:10,100,Português Brasil:80|English:10|inglês:10,100,Português Brasil:100|English:0|inglês:0,100,17,5,Bachelor's,10,10,10,5,6,8,12,28,28,28,Duolingo,90,,,,,16,25,B1,elementary|intermediate,elementary|intermediate,cambridge_15_21_random_elementary_intermediate,4,19,random,,295.9236249923706,724.2916736602783,335.9236249923706,791.2777862548828,7,12,hover,333.5,333.5,0.995853076942023,0.4019093751907349,106,,,,,,2026-07-06T21:59:09.647Z,QGFAEPFN,2026-07-06,2026-07-06,18:59:09,2026-07-06 18:59:09,,,,,,,,697a707b5bc42b2987347880,697a707b5bc42b2987347880,,,,
50346,raw_position_sample,2,2,int,18,3,17,18,101, said. ,795,312,4408531.799999997,697a707b5bc42b2987347880,697a707b5bc42b2987347880,intermediate,3,697a707b5bc42b2987347880,697a707b5bc42b2987347880,spotlight_PROLIFIC,,30,Brasil,Português Brasil ,"Português Brasil, inglês ",inglês,Português Brasil:80|English:10|inglês:10,100,Português Brasil:80|English:10|inglês:10,100,Português Brasil:100|English:0|inglês:0,100,17,5,Bachelor's,10,10,10,5,6,8,12,28,28,28,Duolingo,90,,,,,16,25,B1,elementary|intermediate,elementary|intermediate,cambridge_15_21_random_elementary_intermediate,4,19,random,,305.2569580078125,791.2777709960938,326.5902919769287,833.8402709960938,7,13,,,,,,,,,,,,2026-07-06T21:59:09.647Z,QGFAEPFN,2026-07-06,2026-07-06,18:59:09,2026-07-06 18:59:09,,,,,,,,697a707b5bc42b2987347880,697a707b5bc42b2987347880,,,,
50395,raw_position_sample,2,2,int,18,3,17,18,101, said. ,803,312,4408581.699999999,697a707b5bc42b2987347880,697a707b5bc42b2987347880,intermediate,3,697a707b5bc42b2987347880,697a707b5bc42b2987347880,spotlight_PROLIFIC,,30,Brasil,Português Brasil ,"Português Brasil, inglês ",inglês,Português Brasil:80|English:10|inglês:10,100,Português Brasil:80|English:10|inglês:10,100,Português Brasil:100|English:0|inglês:0,100,17,5,Bachelor's,10,10,10,5,6,8,12,28,28,28,Duolingo,90,,,,,16,25,B1,elementary|intermediate,elementary|intermediate,cambridge_15_21_random_elementary_intermediate,4,19,random,,305.2569580078125,791.2777709960938,326.5902919769287,833.8402709960938,7,13,,,,,,,,,,,,2026-07-06T21:59:09.647Z,QGFAEPFN,2026-07-06,2026-07-06,18:59:09,2026-07-06 18:59:09,,,,,,,,697a707b5bc42b2987347880,697a707b5bc42b2987347880,,,,
50446,raw_position_sample,2,2,int,18,3,17,18,101, said. ,813,312,4408631.8999999985,697a707b5bc42b2987347880,697a707b5bc42b2987347880,intermediate,3,697a707b5bc42b2987347880,697a707b5bc42b2987347880,spotlight_PROLIFIC,,30,Brasil,Português Brasil ,"Português Brasil, inglês ",inglês,Português Brasil:80|English:10|inglês:10,100,Português Brasil:80|English:10|inglês:10,100,Português Brasil:100|English:0|inglês:0,100,17,5,Bachelor's,10,10,10,5,6,8,12,28,28,28,Duolingo,90,,,,,16,25,B1,elementary|intermediate,elementary|intermediate,cambridge_15_21_random_elementary_intermediate,4,19,random,,305.2569580078125,791.2777709960938,326.5902919769287,833.8402709960938,7,13,,,,,,,,,,,,2026-07-06T21:59:09.647Z,QGFAEPFN,2026-07-06,2026-07-06,18:59:09,2026-07-06 18:59:09,,,,,,,,697a707b5bc42b2987347880,697a707b5bc42b2987347880,,,,
50495,raw_position_sample,2,2,int,18,3,17,18,101, said. ,823,313,4408681.3999999985,697a707b5bc42b2987347880,697a707b5bc42b2987347880,intermediate,3,697a707b5bc42b2987347880,697a707b5bc42b2987347880,spotlight_PROLIFIC,,30,Brasil,Português Brasil ,"Português Brasil, inglês ",inglês,Português Brasil:80|English:10|inglês:10,100,Português Brasil:80|English:10|inglês:10,100,Português Brasil:100|English:0|inglês:0,100,17,5,Bachelor's,10,10,10,5,6,8,12,28,28,28,Duolingo,90,,,,,16,25,B1,elementary|intermediate,elementary|intermediate,cambridge_15_21_random_elementary_intermediate,4,19,random,,305.2569580078125,791.2777709960938,326.5902919769287,833.8402709960938,7,13,,,,,,,,,,,,2026-07-06T21:59:09.647Z,QGFAEPFN,2026-07-06,2026-07-06,18:59:09,2026-07-06 18:59:09,,,,,,,,697a707b5bc42b2987347880,697a707b5bc42b2987347880,,,,
50545,raw_position_sample,2,2,int,18,3,17,18,101, said. ,833,313,4408731.799999997,697a707b5bc42b2987347880,697a707b5bc42b2987347880,intermediate,3,697a707b5bc42b2987347880,697a707b5bc42b2987347880,spotlight_PROLIFIC,,30,Brasil,Português Brasil ,"Português Brasil, inglês ",inglês,Português Brasil:80|English:10|inglês:10,100,Português Brasil:80|English:10|inglês:10,100,Português Brasil:100|English:0|inglês:0,100,17,5,Bachelor's,10,10,10,5,6,8,12,28,28,28,Duolingo,90,,,,,16,25,B1,elementary|intermediate,elementary|intermediate,cambridge_15_21_random_elementary_intermediate,4,19,random,,305.2569580078125,791.2777709960938,326.5902919769287,833.8402709960938,7,13,,,,,,,,,,,,2026-07-06T21:59:09.647Z,QGFAEPFN,2026-07-06,2026-07-06,18:59:09,2026-07-06 18:59:09,,,,,,,,697a707b5bc42b2987347880,697a707b5bc42b2987347880,,,,
50548,hover_association,2,2,int,18,3,17,18,101, said. ,795,312,,697a707b5bc42b2987347880,697a707b5bc42b2987347880,intermediate,3,697a707b5bc42b2987347880,697a707b5bc42b2987347880,spotlight_PROLIFIC,,30,Brasil,Português Brasil ,"Português Brasil, inglês ",inglês,Português Brasil:80|English:10|inglês:10,100,Português Brasil:80|English:10|inglês:10,100,Português Brasil:100|English:0|inglês:0,100,17,5,Bachelor's,10,10,10,5,6,8,12,28,28,28,Duolingo,90,,,,,16,25,B1,elementary|intermediate,elementary|intermediate,cambridge_15_21_random_elementary_intermediate,4,19,random,,295.9236249923706,791.2777862548828,335.9236249923706,833.8402709960938,7,13,hover,216.60000000149012,216.60000000149012,0.9802579430876093,0.42690937519073485,106,,,,,,2026-07-06T21:59:09.647Z,QGFAEPFN,2026-07-06,2026-07-06,18:59:09,2026-07-06 18:59:09,,,,,,,,697a707b5bc42b2987347880,697a707b5bc42b2987347880,,,,
50595,raw_position_sample,2,2,int,18,3,17,18,102, Villagers ,845,313,4408781.5,697a707b5bc42b2987347880,697a707b5bc42b2987347880,intermediate,3,697a707b5bc42b2987347880,697a707b5bc42b2987347880,spotlight_PROLIFIC,,30,Brasil,Português Brasil ,"Português Brasil, inglês ",inglês,Português Brasil:80|English:10|inglês:10,100,Português Brasil:80|English:10|inglês:10,100,Português Brasil:100|English:0|inglês:0,100,17,5,Bachelor's,10,10,10,5,6,8,12,28,28,28,Duolingo,90,,,,,16,25,B1,elementary|intermediate,elementary|intermediate,cambridge_15_21_random_elementary_intermediate,4,19,random,,305.2569580078125,833.8402709960938,326.5902919769287,902.8472137451172,7,14,,,,,,,,,,,,2026-07-06T21:59:09.647Z,QGFAEPFN,2026-07-06,2026-07-06,18:59:09,2026-07-06 18:59:09,,,,,,,,697a707b5bc42b2987347880,697a707b5bc42b2987347880,,,,
50645,raw_position_sample,2,2,int,18,3,17,18,102, Villagers ,856,313,4408831.5,697a707b5bc42b2987347880,697a707b5bc42b2987347880,intermediate,3,697a707b5bc42b2987347880,697a707b5bc42b2987347880,spotlight_PROLIFIC,,30,Brasil,Português Brasil ,"Português Brasil, inglês ",inglês,Português Brasil:80|English:10|inglês:10,100,Português Brasil:80|English:10|inglês:10,100,Português Brasil:100|English:0|inglês:0,100,17,5,Bachelor's,10,10,10,5,6,8,12,28,28,28,Duolingo,90,,,,,16,25,B1,elementary|intermediate,elementary|intermediate,cambridge_15_21_random_elementary_intermediate,4,19,random,,305.2569580078125,833.8402709960938,326.5902919769287,902.8472137451172,7,14,,,,,,,,,,,,2026-07-06T21:59:09.647Z,QGFAEPFN,2026-07-06,2026-07-06,18:59:09,2026-07-06 18:59:09,,,,,,,,697a707b5bc42b2987347880,697a707b5bc42b2987347880,,,,
50695,raw_position_sample,2,2,int,18,3,17,18,102, Villagers ,861,313,4408881.599999998,697a707b5bc42b2987347880,697a707b5bc42b2987347880,intermediate,3,697a707b5bc42b2987347880,697a707b5bc42b2987347880,spotlight_PROLIFIC,,30,Brasil,Português Brasil ,"Português Brasil, inglês ",inglês,Português Brasil:80|English:10|inglês:10,100,Português Brasil:80|English:10|inglês:10,100,Português Brasil:100|English:0|inglês:0,100,17,5,Bachelor's,10,10,10,5,6,8,12,28,28,28,Duolingo,90,,,,,16,25,B1,elementary|intermediate,elementary|intermediate,cambridge_15_21_random_elementary_intermediate,4,19,random,,305.2569580078125,833.8402709960938,326.5902919769287,902.8472137451172,7,14,,,,,,,,,,,,2026-07-06T21:59:09.647Z,QGFAEPFN,2026-07-06,2026-07-06,18:59:09,2026-07-06 18:59:09,,,,,,,,697a707b5bc42b2987347880,697a707b5bc42b2987347880,,,,
50746,raw_position_sample,2,2,int,18,3,17,18,102, Villagers ,871,313,4408932.3999999985,697a707b5bc42b2987347880,697a707b5bc42b2987347880,intermediate,3,697a707b5bc42b2987347880,697a707b5bc42b2987347880,spotlight_PROLIFIC,,30,Brasil,Português Brasil ,"Português Brasil, inglês ",inglês,Português Brasil:80|English:10|inglês:10,100,Português Brasil:80|English:10|inglês:10,100,Português Brasil:100|English:0|inglês:0,100,17,5,Bachelor's,10,10,10,5,6,8,12,28,28,28,Duolingo,90,,,,,16,25,B1,elementary|intermediate,elementary|intermediate,cambridge_15_21_random_elementary_intermediate,4,19,random,,305.2569580078125,833.8402709960938,326.5902919769287,902.8472137451172,7,14,,,,,,,,,,,,2026-07-06T21:59:09.647Z,QGFAEPFN,2026-07-06,2026-07-06,18:59:09,2026-07-06 18:59:09,,,,,,,,697a707b5bc42b2987347880,697a707b5bc42b2987347880,,,,
50796,raw_position_sample,2,2,int,18,3,17,18,102, Villagers ,873,313,4408982.199999999,697a707b5bc42b2987347880,697a707b5bc42b2987347880,intermediate,3,697a707b5bc42b2987347880,697a707b5bc42b2987347880,spotlight_PROLIFIC,,30,Brasil,Português Brasil ,"Português Brasil, inglês ",inglês,Português Brasil:80|English:10|inglês:10,100,Português Brasil:80|English:10|inglês:10,100,Português Brasil:100|English:0|inglês:0,100,17,5,Bachelor's,10,10,10,5,6,8,12,28,28,28,Duolingo,90,,,,,16,25,B1,elementary|intermediate,elementary|intermediate,cambridge_15_21_random_elementary_intermediate,4,19,random,,305.2569580078125,833.8402709960938,326.5902919769287,902.8472137451172,7,14,,,,,,,,,,,,2026-07-06T21:59:09.647Z,QGFAEPFN,2026-07-06,2026-07-06,18:59:09,2026-07-06 18:59:09,,,,,,,,697a707b5bc42b2987347880,697a707b5bc42b2987347880,,,,
50846,raw_position_sample,2,2,int,18,3,17,18,102, Villagers ,876,313,4409032.599999998,697a707b5bc42b2987347880,697a707b5bc42b2987347880,intermediate,3,697a707b5bc42b2987347880,697a707b5bc42b2987347880,spotlight_PROLIFIC,,30,Brasil,Português Brasil ,"Português Brasil, inglês ",inglês,Português Brasil:80|English:10|inglês:10,100,Português Brasil:80|English:10|inglês:10,100,Português Brasil:100|English:0|inglês:0,100,17,5,Bachelor's,10,10,10,5,6,8,12,28,28,28,Duolingo,90,,,,,16,25,B1,elementary|intermediate,elementary|intermediate,cambridge_15_21_random_elementary_intermediate,4,19,random,,305.2569580078125,833.8402709960938,326.5902919769287,902.8472137451172,7,14,,,,,,,,,,,,2026-07-06T21:59:09.647Z,QGFAEPFN,2026-07-06,2026-07-06,18:59:09,2026-07-06 18:59:09,,,,,,,,697a707b5bc42b2987347880,697a707b5bc42b2987347880,,,,
50896,raw_position_sample,2,2,int,18,3,17,18,102, Villagers ,876,313,4409082.099999998,697a707b5bc42b2987347880,697a707b5bc42b2987347880,intermediate,3,697a707b5bc42b2987347880,697a707b5bc42b2987347880,spotlight_PROLIFIC,,30,Brasil,Português Brasil ,"Português Brasil, inglês ",inglês,Português Brasil:80|English:10|inglês:10,100,Português Brasil:80|English:10|inglês:10,100,Português Brasil:100|English:0|inglês:0,100,17,5,Bachelor's,10,10,10,5,6,8,12,28,28,28,Duolingo,90,,,,,16,25,B1,elementary|intermediate,elementary|intermediate,cambridge_15_21_random_elementary_intermediate,4,19,random,,305.2569580078125,833.8402709960938,326.5902919769287,902.8472137451172,7,14,,,,,,,,,,,,2026-07-06T21:59:09.647Z,QGFAEPFN,2026-07-06,2026-07-06,18:59:09,2026-07-06 18:59:09,,,,,,,,697a707b5bc42b2987347880,697a707b5bc42b2987347880,,,,
50947,raw_position_sample,2,2,int,18,3,17,18,102, Villagers ,876,313,4409133.299999997,697a707b5bc42b2987347880,697a707b5bc42b2987347880,intermediate,3,697a707b5bc42b2987347880,697a707b5bc42b2987347880,spotlight_PROLIFIC,,30,Brasil,Português Brasil ,"Português Brasil, inglês ",inglês,Português Brasil:80|English:10|inglês:10,100,Português Brasil:80|English:10|inglês:10,100,Português Brasil:100|English:0|inglês:0,100,17,5,Bachelor's,10,10,10,5,6,8,12,28,28,28,Duolingo,90,,,,,16,25,B1,elementary|intermediate,elementary|intermediate,cambridge_15_21_random_elementary_intermediate,4,19,random,,305.2569580078125,833.8402709960938,326.5902919769287,902.8472137451172,7,14,,,,,,,,,,,,2026-07-06T21:59:09.647Z,QGFAEPFN,2026-07-06,2026-07-06,18:59:09,2026-07-06 18:59:09,,,,,,,,697a707b5bc42b2987347880,697a707b5bc42b2987347880,,,,
50996,raw_position_sample,2,2,int,18,3,17,18,102, Villagers ,878,313,4409182,697a707b5bc42b2987347880,697a707b5bc42b2987347880,intermediate,3,697a707b5bc42b2987347880,697a707b5bc42b2987347880,spotlight_PROLIFIC,,30,Brasil,Português Brasil ,"Português Brasil, inglês ",inglês,Português Brasil:80|English:10|inglês:10,100,Português Brasil:80|English:10|inglês:10,100,Português Brasil:100|English:0|inglês:0,100,17,5,Bachelor's,10,10,10,5,6,8,12,28,28,28,Duolingo,90,,,,,16,25,B1,elementary|intermediate,elementary|intermediate,cambridge_15_21_random_elementary_intermediate,4,19,random,,305.2569580078125,833.8402709960938,326.5902919769287,902.8472137451172,7,14,,,,,,,,,,,,2026-07-06T21:59:09.647Z,QGFAEPFN,2026-07-06,2026-07-06,18:59:09,2026-07-06 18:59:09,,,,,,,,697a707b5bc42b2987347880,697a707b5bc42b2987347880,,,,
51048,raw_position_sample,2,2,int,18,3,17,18,102, Villagers ,878,313,4409233.8999999985,697a707b5bc42b2987347880,697a707b5bc42b2987347880,intermediate,3,697a707b5bc42b2987347880,697a707b5bc42b2987347880,spotlight_PROLIFIC,,30,Brasil,Português Brasil ,"Português Brasil, inglês ",inglês,Português Brasil:80|English:10|inglês:10,100,Português Brasil:80|English:10|inglês:10,100,Português Brasil:100|English:0|inglês:0,100,17,5,Bachelor's,10,10,10,5,6,8,12,28,28,28,Duolingo,90,,,,,16,25,B1,elementary|intermediate,elementary|intermediate,cambridge_15_21_random_elementary_intermediate,4,19,random,,305.2569580078125,833.8402709960938,326.5902919769287,902.8472137451172,7,14,,,,,,,,,,,,2026-07-06T21:59:09.647Z,QGFAEPFN,2026-07-06,2026-07-06,18:59:09,2026-07-06 18:59:09,,,,,,,,697a707b5bc42b2987347880,697a707b5bc42b2987347880,,,,
51098,raw_position_sample,2,2,int,18,3,17,18,102, Villagers ,878,313,4409284.299999997,697a707b5bc42b2987347880,697a707b5bc42b2987347880,intermediate,3,697a707b5bc42b2987347880,697a707b5bc42b2987347880,spotlight_PROLIFIC,,30,Brasil,Português Brasil ,"Português Brasil, inglês ",inglês,Português Brasil:80|English:10|inglês:10,100,Português Brasil:80|English:10|inglês:10,100,Português Brasil:100|English:0|inglês:0,100,17,5,Bachelor's,10,10,10,5,6,8,12,28,28,28,Duolingo,90,,,,,16,25,B1,elementary|intermediate,elementary|intermediate,cambridge_15_21_random_elementary_intermediate,4,19,random,,305.2569580078125,833.8402709960938,326.5902919769287,902.8472137451172,7,14,,,,,,,,,,,,2026-07-06T21:59:09.647Z,QGFAEPFN,2026-07-06,2026-07-06,18:59:09,2026-07-06 18:59:09,,,,,,,,697a707b5bc42b2987347880,697a707b5bc42b2987347880,,,,
51148,raw_position_sample,2,2,int,18,3,17,18,102, Villagers ,878,313,4409333.8999999985,697a707b5bc42b2987347880,697a707b5bc42b2987347880,intermediate,3,697a707b5bc42b2987347880,697a707b5bc42b2987347880,spotlight_PROLIFIC,,30,Brasil,Português Brasil ,"Português Brasil, inglês ",inglês,Português Brasil:80|English:10|inglês:10,100,Português Brasil:80|English:10|inglês:10,100,Português Brasil:100|English:0|inglês:0,100,17,5,Bachelor's,10,10,10,5,6,8,12,28,28,28,Duolingo,90,,,,,16,25,B1,elementary|intermediate,elementary|intermediate,cambridge_15_21_random_elementary_intermediate,4,19,random,,305.2569580078125,833.8402709960938,326.5902919769287,902.8472137451172,7,14,,,,,,,,,,,,2026-07-06T21:59:09.647Z,QGFAEPFN,2026-07-06,2026-07-06,18:59:09,2026-07-06 18:59:09,,,,,,,,697a707b5bc42b2987347880,697a707b5bc42b2987347880,,,,
51199,raw_position_sample,2,2,int,18,3,17,18,102, Villagers ,878,313,4409385.099999998,697a707b5bc42b2987347880,697a707b5bc42b2987347880,intermediate,3,697a707b5bc42b2987347880,697a707b5bc42b2987347880,spotlight_PROLIFIC,,30,Brasil,Português Brasil ,"Português Brasil, inglês ",inglês,Português Brasil:80|English:10|inglês:10,100,Português Brasil:80|English:10|inglês:10,100,Português Brasil:100|English:0|inglês:0,100,17,5,Bachelor's,10,10,10,5,6,8,12,28,28,28,Duolingo,90,,,,,16,25,B1,elementary|intermediate,elementary|intermediate,cambridge_15_21_random_elementary_intermediate,4,19,random,,305.2569580078125,833.8402709960938,326.5902919769287,902.8472137451172,7,14,,,,,,,,,,,,2026-07-06T21:59:09.647Z,QGFAEPFN,2026-07-06,2026-07-06,18:59:09,2026-07-06 18:59:09,,,,,,,,697a707b5bc42b2987347880,697a707b5bc42b2987347880,,,,
51245,raw_position_sample,2,2,int,18,3,17,18,102, Villagers ,851,315,4409431.699999999,697a707b5bc42b2987347880,697a707b5bc42b2987347880,intermediate,3,697a707b5bc42b2987347880,697a707b5bc42b2987347880,spotlight_PROLIFIC,,30,Brasil,Português Brasil ,"Português Brasil, inglês ",inglês,Português Brasil:80|English:10|inglês:10,100,Português Brasil:80|English:10|inglês:10,100,Português Brasil:100|English:0|inglês:0,100,17,5,Bachelor's,10,10,10,5,6,8,12,28,28,28,Duolingo,90,,,,,16,25,B1,elementary|intermediate,elementary|intermediate,cambridge_15_21_random_elementary_intermediate,4,19,random,,305.2569580078125,833.8402709960938,326.5902919769287,902.8472137451172,7,14,,,,,,,,,,,,2026-07-06T21:59:09.647Z,QGFAEPFN,2026-07-06,2026-07-06,18:59:09,2026-07-06 18:59:09,,,,,,,,697a707b5bc42b2987347880,697a707b5bc42b2987347880,,,,
51267,hover_association,2,2,int,18,3,17,18,102, Villagers ,838,313,,697a707b5bc42b2987347880,697a707b5bc42b2987347880,intermediate,3,697a707b5bc42b2987347880,697a707b5bc42b2987347880,spotlight_PROLIFIC,,30,Brasil,Português Brasil ,"Português Brasil, inglês ",inglês,Português Brasil:80|English:10|inglês:10,100,Português Brasil:80|English:10|inglês:10,100,Português Brasil:100|English:0|inglês:0,100,17,5,Bachelor's,10,10,10,5,6,8,12,28,28,28,Duolingo,90,,,,,16,25,B1,elementary|intermediate,elementary|intermediate,cambridge_15_21_random_elementary_intermediate,4,19,random,,295.9236249923706,833.8402709960938,335.9236249923706,906.7760331290109,7,14,hover,717.8999999985099,717.8999999985099,0.09816486171568971,0.5269093751907349,106,,,,,,2026-07-06T21:59:09.647Z,QGFAEPFN,2026-07-06,2026-07-06,18:59:09,2026-07-06 18:59:09,,,,,,,,697a707b5bc42b2987347880,697a707b5bc42b2987347880,,,,
51295,raw_position_sample,2,2,int,18,3,17,18,101, said. ,808,320,4409481.5,697a707b5bc42b2987347880,697a707b5bc42b2987347880,intermediate,3,697a707b5bc42b2987347880,697a707b5bc42b2987347880,spotlight_PROLIFIC,,30,Brasil,Português Brasil ,"Português Brasil, inglês ",inglês,Português Brasil:80|English:10|inglês:10,100,Português Brasil:80|English:10|inglês:10,100,Português Brasil:100|English:0|inglês:0,100,17,5,Bachelor's,10,10,10,5,6,8,12,28,28,28,Duolingo,90,,,,,16,25,B1,elementary|intermediate,elementary|intermediate,cambridge_15_21_random_elementary_intermediate,4,19,random,,305.2569580078125,791.2777709960938,326.5902919769287,833.8402709960938,7,13,,,,,,,,,,,,2026-07-06T21:59:09.647Z,QGFAEPFN,2026-07-06,2026-07-06,18:59:09,2026-07-06 18:59:09,,,,,,,,697a707b5bc42b2987347880,697a707b5bc42b2987347880,,,,
51300,hover_association,2,2,int,18,3,17,18,101, said. ,820,319,,697a707b5bc42b2987347880,697a707b5bc42b2987347880,intermediate,3,697a707b5bc42b2987347880,697a707b5bc42b2987347880,spotlight_PROLIFIC,,30,Brasil,Português Brasil ,"Português Brasil, inglês ",inglês,Português Brasil:80|English:10|inglês:10,100,Português Brasil:80|English:10|inglês:10,100,Português Brasil:100|English:0|inglês:0,100,17,5,Bachelor's,10,10,10,5,6,8,12,28,28,28,Duolingo,90,,,,,16,25,B1,elementary|intermediate,elementary|intermediate,cambridge_15_21_random_elementary_intermediate,4,19,random,,295.9236249923706,791.2777862548828,335.9236249923706,833.8402709960938,7,13,hover,33.400000002235174,33.400000002235174,0.392886220031369,0.6019093751907348,106,,,,,,2026-07-06T21:59:09.647Z,QGFAEPFN,2026-07-06,2026-07-06,18:59:09,2026-07-06 18:59:09,,,,,,,,697a707b5bc42b2987347880,697a707b5bc42b2987347880,,,,
51346,raw_position_sample,2,2,int,18,3,17,18,100, officials ,736,323,4409532.599999998,697a707b5bc42b2987347880,697a707b5bc42b2987347880,intermediate,3,697a707b5bc42b2987347880,697a707b5bc42b2987347880,spotlight_PROLIFIC,,30,Brasil,Português Brasil ,"Português Brasil, inglês ",inglês,Português Brasil:80|English:10|inglês:10,100,Português Brasil:80|English:10|inglês:10,100,Português Brasil:100|English:0|inglês:0,100,17,5,Bachelor's,10,10,10,5,6,8,12,28,28,28,Duolingo,90,,,,,16,25,B1,elementary|intermediate,elementary|intermediate,cambridge_15_21_random_elementary_intermediate,4,19,random,,305.2569580078125,724.2916870117188,326.5902919769287,791.2778015136719,7,12,,,,,,,,,,,,2026-07-06T21:59:09.647Z,QGFAEPFN,2026-07-06,2026-07-06,18:59:09,2026-07-06 18:59:09,,,,,,,,697a707b5bc42b2987347880,697a707b5bc42b2987347880,,,,
51349,hover_association,2,2,int,18,3,17,18,100, officials ,784,321,,697a707b5bc42b2987347880,697a707b5bc42b2987347880,intermediate,3,697a707b5bc42b2987347880,697a707b5bc42b2987347880,spotlight_PROLIFIC,,30,Brasil,Português Brasil ,"Português Brasil, inglês ",inglês,Português Brasil:80|English:10|inglês:10,100,Português Brasil:80|English:10|inglês:10,100,Português Brasil:100|English:0|inglês:0,100,17,5,Bachelor's,10,10,10,5,6,8,12,28,28,28,Duolingo,90,,,,,16,25,B1,elementary|intermediate,elementary|intermediate,cambridge_15_21_random_elementary_intermediate,4,19,random,,295.9236249923706,724.2916736602783,335.9236249923706,791.2777862548828,7,12,hover,49.599999997764826,49.599999997764826,0.17478736839947248,0.6769093751907349,106,,,,,,2026-07-06T21:59:09.647Z,QGFAEPFN,2026-07-06,2026-07-06,18:59:09,2026-07-06 18:59:09,,,,,,,,697a707b5bc42b2987347880,697a707b5bc42b2987347880,,,,
51395,raw_position_sample,2,2,int,18,3,17,18,99, park ,694,327,4409581.699999999,697a707b5bc42b2987347880,697a707b5bc42b2987347880,intermediate,3,697a707b5bc42b2987347880,697a707b5bc42b2987347880,spotlight_PROLIFIC,,30,Brasil,Português Brasil ,"Português Brasil, inglês ",inglês,Português Brasil:80|English:10|inglês:10,100,Português Brasil:80|English:10|inglês:10,100,Português Brasil:100|English:0|inglês:0,100,17,5,Bachelor's,10,10,10,5,6,8,12,28,28,28,Duolingo,90,,,,,16,25,B1,elementary|intermediate,elementary|intermediate,cambridge_15_21_random_elementary_intermediate,4,19,random,,305.2569580078125,684.8402709960938,326.5902919769287,724.2916603088379,7,11,,,,,,,,,,,,2026-07-06T21:59:09.647Z,QGFAEPFN,2026-07-06,2026-07-06,18:59:09,2026-07-06 18:59:09,,,,,,,,697a707b5bc42b2987347880,697a707b5bc42b2987347880,,,,
51397,hover_association,2,2,int,18,3,17,18,99, park ,722,325,,697a707b5bc42b2987347880,697a707b5bc42b2987347880,intermediate,3,697a707b5bc42b2987347880,697a707b5bc42b2987347880,spotlight_PROLIFIC,,30,Brasil,Português Brasil ,"Português Brasil, inglês ",inglês,Português Brasil:80|English:10|inglês:10,100,Português Brasil:80|English:10|inglês:10,100,Português Brasil:100|English:0|inglês:0,100,17,5,Bachelor's,10,10,10,5,6,8,12,28,28,28,Duolingo,90,,,,,16,25,B1,elementary|intermediate,elementary|intermediate,cambridge_15_21_random_elementary_intermediate,4,19,random,,295.9236249923706,684.8402805328369,335.9236249923706,724.2916736602783,7,11,hover,48.400000002235174,48.400000002235174,0.2321773387716393,0.7769093751907349,106,,,,,,2026-07-06T21:59:09.647Z,QGFAEPFN,2026-07-06,2026-07-06,18:59:09,2026-07-06 18:59:09,,,,,,,,697a707b5bc42b2987347880,697a707b5bc42b2987347880,,,,
51445,raw_position_sample,2,2,int,18,3,17,18,98," 2011, ",646,331,4409631.5,697a707b5bc42b2987347880,697a707b5bc42b2987347880,intermediate,3,697a707b5bc42b2987347880,697a707b5bc42b2987347880,spotlight_PROLIFIC,,30,Brasil,Português Brasil ,"Português Brasil, inglês ",inglês,Português Brasil:80|English:10|inglês:10,100,Português Brasil:80|English:10|inglês:10,100,Português Brasil:100|English:0|inglês:0,100,17,5,Bachelor's,10,10,10,5,6,8,12,28,28,28,Duolingo,90,,,,,16,25,B1,elementary|intermediate,elementary|intermediate,cambridge_15_21_random_elementary_intermediate,4,19,random,,305.2569580078125,636.5069580078125,326.5902919769287,684.8402900695801,7,10,,,,,,,,,,,,2026-07-06T21:59:09.647Z,QGFAEPFN,2026-07-06,2026-07-06,18:59:09,2026-07-06 18:59:09,,,,,,,,697a707b5bc42b2987347880,697a707b5bc42b2987347880,,,,
51447,hover_association,2,2,int,18,3,17,18,98," 2011, ",682,328,,697a707b5bc42b2987347880,697a707b5bc42b2987347880,intermediate,3,697a707b5bc42b2987347880,697a707b5bc42b2987347880,spotlight_PROLIFIC,,30,Brasil,Português Brasil ,"Português Brasil, inglês ",inglês,Português Brasil:80|English:10|inglês:10,100,Português Brasil:80|English:10|inglês:10,100,Português Brasil:100|English:0|inglês:0,100,17,5,Bachelor's,10,10,10,5,6,8,12,28,28,28,Duolingo,90,,,,,16,25,B1,elementary|intermediate,elementary|intermediate,cambridge_15_21_random_elementary_intermediate,4,19,random,,295.9236249923706,636.5069580078125,335.9236249923706,684.8402805328369,7,10,hover,49.80000000074506,49.80000000074506,0.196407809276354,0.8769093751907349,106,,,,,,2026-07-06T21:59:09.647Z,QGFAEPFN,2026-07-06,2026-07-06,18:59:09,2026-07-06 18:59:09,,,,,,,,697a707b5bc42b2987347880,697a707b5bc42b2987347880,,,,
51464,hover_association,2,2,int,18,3,17,18,97, in ,623,334,,697a707b5bc42b2987347880,697a707b5bc42b2987347880,intermediate,3,697a707b5bc42b2987347880,697a707b5bc42b2987347880,spotlight_PROLIFIC,,30,Brasil,Português Brasil ,"Português Brasil, inglês ",inglês,Português Brasil:80|English:10|inglês:10,100,Português Brasil:80|English:10|inglês:10,100,Português Brasil:100|English:0|inglês:0,100,17,5,Bachelor's,10,10,10,5,6,8,12,28,28,28,Duolingo,90,,,,,16,25,B1,elementary|intermediate,elementary|intermediate,cambridge_15_21_random_elementary_intermediate,4,19,random,,295.9236249923706,617.8194522857666,335.9236249923706,636.5069580078125,7,9,hover,16.699999999254942,16.699999999254942,0.2772198596906294,0.9519093751907348,106,,,,,,2026-07-06T21:59:09.647Z,QGFAEPFN,2026-07-06,2026-07-06,18:59:09,2026-07-06 18:59:09,,,,,,,,697a707b5bc42b2987347880,697a707b5bc42b2987347880,,,,
51494,raw_position_sample,2,2,int,18,3,17,18,-1,999,577,344,4409680.599999998,697a707b5bc42b2987347880,697a707b5bc42b2987347880,intermediate,3,697a707b5bc42b2987347880,697a707b5bc42b2987347880,spotlight_PROLIFIC,,30,Brasil,Português Brasil ,"Português Brasil, inglês ",inglês,Português Brasil:80|English:10|inglês:10,100,Português Brasil:80|English:10|inglês:10,100,Português Brasil:100|English:0|inglês:0,100,17,5,Bachelor's,10,10,10,5,6,8,12,28,28,28,Duolingo,90,,,,,16,25,B1,elementary|intermediate,elementary|intermediate,cambridge_15_21_random_elementary_intermediate,4,19,random,,,,,,,,,,,,,,,,,,,2026-07-06T21:59:09.647Z,QGFAEPFN,2026-07-06,2026-07-06,18:59:09,2026-07-06 18:59:09,,,,,,,,697a707b5bc42b2987347880,697a707b5bc42b2987347880,,,,
51544,raw_position_sample,2,2,int,18,3,17,18,-1,999,503,349,4409730.5,697a707b5bc42b2987347880,697a707b5bc42b2987347880,intermediate,3,697a707b5bc42b2987347880,697a707b5bc42b2987347880,spotlight_PROLIFIC,,30,Brasil,Português Brasil ,"Português Brasil, inglês ",inglês,Português Brasil:80|English:10|inglês:10,100,Português Brasil:80|English:10|inglês:10,100,Português Brasil:100|English:0|inglês:0,100,17,5,Bachelor's,10,10,10,5,6,8,12,28,28,28,Duolingo,90,,,,,16,25,B1,elementary|intermediate,elementary|intermediate,cambridge_15_21_random_elementary_intermediate,4,19,random,,,,,,,,,,,,,,,,,,,2026-07-06T21:59:09.647Z,QGFAEPFN,2026-07-06,2026-07-06,18:59:09,2026-07-06 18:59:09,,,,,,,,697a707b5bc42b2987347880,697a707b5bc42b2987347880,,,,
51602,raw_position_sample,2,2,int,18,3,17,18,106, protection. ,383,349,4409788.5,697a707b5bc42b2987347880,697a707b5bc42b2987347880,intermediate,3,697a707b5bc42b2987347880,697a707b5bc42b2987347880,spotlight_PROLIFIC,,30,Brasil,Português Brasil ,"Português Brasil, inglês ",inglês,Português Brasil:80|English:10|inglês:10,100,Português Brasil:80|English:10|inglês:10,100,Português Brasil:100|English:0|inglês:0,100,17,5,Bachelor's,10,10,10,5,6,8,12,28,28,28,Duolingo,90,,,,,16,25,B1,elementary|intermediate,elementary|intermediate,cambridge_15_21_random_elementary_intermediate,4,19,random,,345.2569580078125,367.1111145019531,366.5902919769287,453.1041717529297,8,4,,,,,,,,,,,,2026-07-06T21:59:09.647Z,QGFAEPFN,2026-07-06,2026-07-06,18:59:09,2026-07-06 18:59:09,,,,,,,,697a707b5bc42b2987347880,697a707b5bc42b2987347880,,,,
51631,hover_association,2,2,int,18,3,17,18,106, protection. ,437,349,,697a707b5bc42b2987347880,697a707b5bc42b2987347880,intermediate,3,697a707b5bc42b2987347880,697a707b5bc42b2987347880,spotlight_PROLIFIC,,30,Brasil,Português Brasil ,"Português Brasil, inglês ",inglês,Português Brasil:80|English:10|inglês:10,100,Português Brasil:80|English:10|inglês:10,100,Português Brasil:100|English:0|inglês:0,100,17,5,Bachelor's,10,10,10,5,6,8,12,28,28,28,Duolingo,90,,,,,16,25,B1,elementary|intermediate,elementary|intermediate,cambridge_15_21_random_elementary_intermediate,4,19,random,,335.9236249923706,367.11112213134766,375.9236249923706,457.0329911368234,8,4,hover,67.19999999925494,67.19999999925494,0.009885002152237473,0.3269093751907349,106,,,,,,2026-07-06T21:59:09.647Z,QGFAEPFN,2026-07-06,2026-07-06,18:59:09,2026-07-06 18:59:09,,,,,,,,697a707b5bc42b2987347880,697a707b5bc42b2987347880,,,,
51645,raw_position_sample,2,2,int,18,3,17,18,105, better ,340,349,4409831.699999999,697a707b5bc42b2987347880,697a707b5bc42b2987347880,intermediate,3,697a707b5bc42b2987347880,697a707b5bc42b2987347880,spotlight_PROLIFIC,,30,Brasil,Português Brasil ,"Português Brasil, inglês ",inglês,Português Brasil:80|English:10|inglês:10,100,Português Brasil:80|English:10|inglês:10,100,Português Brasil:100|English:0|inglês:0,100,17,5,Bachelor's,10,10,10,5,6,8,12,28,28,28,Duolingo,90,,,,,16,25,B1,elementary|intermediate,elementary|intermediate,cambridge_15_21_random_elementary_intermediate,4,19,random,,345.2569580078125,315.7430725097656,366.5902919769287,367.1111297607422,8,3,,,,,,,,,,,,2026-07-06T21:59:09.647Z,QGFAEPFN,2026-07-06,2026-07-06,18:59:09,2026-07-06 18:59:09,,,,,,,,697a707b5bc42b2987347880,697a707b5bc42b2987347880,,,,
51664,hover_association,2,2,int,18,3,17,18,105, better ,340,349,,697a707b5bc42b2987347880,697a707b5bc42b2987347880,intermediate,3,697a707b5bc42b2987347880,697a707b5bc42b2987347880,spotlight_PROLIFIC,,30,Brasil,Português Brasil ,"Português Brasil, inglês ",inglês,Português Brasil:80|English:10|inglês:10,100,Português Brasil:80|English:10|inglês:10,100,Português Brasil:100|English:0|inglês:0,100,17,5,Bachelor's,10,10,10,5,6,8,12,28,28,28,Duolingo,90,,,,,16,25,B1,elementary|intermediate,elementary|intermediate,cambridge_15_21_random_elementary_intermediate,4,19,random,,335.9236249923706,315.7430648803711,375.9236249923706,367.11112213134766,8,3,hover,33.5,33.5,0.23861005799272053,0.3269093751907349,106,,,,,,2026-07-06T21:59:09.647Z,QGFAEPFN,2026-07-06,2026-07-06,18:59:09,2026-07-06 18:59:09,,,,,,,,697a707b5bc42b2987347880,697a707b5bc42b2987347880,,,,
51696,raw_position_sample,2,2,int,18,3,17,18,104, want ,300,349,4409882.5,697a707b5bc42b2987347880,697a707b5bc42b2987347880,intermediate,3,697a707b5bc42b2987347880,697a707b5bc42b2987347880,spotlight_PROLIFIC,,30,Brasil,Português Brasil ,"Português Brasil, inglês ",inglês,Português Brasil:80|English:10|inglês:10,100,Português Brasil:80|English:10|inglês:10,100,Português Brasil:100|English:0|inglês:0,100,17,5,Bachelor's,10,10,10,5,6,8,12,28,28,28,Duolingo,90,,,,,16,25,B1,elementary|intermediate,elementary|intermediate,cambridge_15_21_random_elementary_intermediate,4,19,random,,345.2569580078125,272.1875,366.5902919769287,315.74305725097656,8,2,,,,,,,,,,,,2026-07-06T21:59:09.647Z,QGFAEPFN,2026-07-06,2026-07-06,18:59:09,2026-07-06 18:59:09,,,,,,,,697a707b5bc42b2987347880,697a707b5bc42b2987347880,,,,
51715,hover_association,2,2,int,18,3,17,18,104, want ,309,349,,697a707b5bc42b2987347880,697a707b5bc42b2987347880,intermediate,3,697a707b5bc42b2987347880,697a707b5bc42b2987347880,spotlight_PROLIFIC,,30,Brasil,Português Brasil ,"Português Brasil, inglês ",inglês,Português Brasil:80|English:10|inglês:10,100,Português Brasil:80|English:10|inglês:10,100,Português Brasil:100|English:0|inglês:0,100,17,5,Bachelor's,10,10,10,5,6,8,12,28,28,28,Duolingo,90,,,,,16,25,B1,elementary|intermediate,elementary|intermediate,cambridge_15_21_random_elementary_intermediate,4,19,random,,335.9236249923706,272.18750190734863,375.9236249923706,315.7430648803711,8,2,hover,50.5,50.5,0.04161346953026405,0.3269093751907349,106,,,,,,2026-07-06T21:59:09.647Z,QGFAEPFN,2026-07-06,2026-07-06,18:59:09,2026-07-06 18:59:09,,,,,,,,697a707b5bc42b2987347880,697a707b5bc42b2987347880,,,,
51745,raw_position_sample,2,2,int,18,3,17,18,103, also ,251,349,4409931,697a707b5bc42b2987347880,697a707b5bc42b2987347880,intermediate,3,697a707b5bc42b2987347880,697a707b5bc42b2987347880,spotlight_PROLIFIC,,30,Brasil,Português Brasil ,"Português Brasil, inglês ",inglês,Português Brasil:80|English:10|inglês:10,100,Português Brasil:80|English:10|inglês:10,100,Português Brasil:100|English:0|inglês:0,100,17,5,Bachelor's,10,10,10,5,6,8,12,28,28,28,Duolingo,90,,,,,16,25,B1,elementary|intermediate,elementary|intermediate,cambridge_15_21_random_elementary_intermediate,4,19,random,,345.2569580078125,234.18055725097656,366.5902919769287,272.18750381469727,8,1,,,,,,,,,,,,2026-07-06T21:59:09.647Z,QGFAEPFN,2026-07-06,2026-07-06,18:59:09,2026-07-06 18:59:09,,,,,,,,697a707b5bc42b2987347880,697a707b5bc42b2987347880,,,,
51764,hover_association,2,2,int,18,3,17,18,103, also ,258,349,,697a707b5bc42b2987347880,697a707b5bc42b2987347880,intermediate,3,697a707b5bc42b2987347880,697a707b5bc42b2987347880,spotlight_PROLIFIC,,30,Brasil,Português Brasil ,"Português Brasil, inglês ",inglês,Português Brasil:80|English:10|inglês:10,100,Português Brasil:80|English:10|inglês:10,100,Português Brasil:100|English:0|inglês:0,100,17,5,Bachelor's,10,10,10,5,6,8,12,28,28,28,Duolingo,90,,,,,16,25,B1,elementary|intermediate,elementary|intermediate,cambridge_15_21_random_elementary_intermediate,4,19,random,,335.9236249923706,230.25173786708288,375.9236249923706,272.18750190734863,8,1,hover,49.899999998509884,49.899999998509884,0.1370730273901239,0.3269093751907349,106,,,,,,2026-07-06T21:59:09.647Z,QGFAEPFN,2026-07-06,2026-07-06,18:59:09,2026-07-06 18:59:09,,,,,,,,697a707b5bc42b2987347880,697a707b5bc42b2987347880,,,,
51794,raw_position_sample,2,2,int,18,3,17,18,-1,999,217,349,4409980.599999998,697a707b5bc42b2987347880,697a707b5bc42b2987347880,intermediate,3,697a707b5bc42b2987347880,697a707b5bc42b2987347880,spotlight_PROLIFIC,,30,Brasil,Português Brasil ,"Português Brasil, inglês ",inglês,Português Brasil:80|English:10|inglês:10,100,Português Brasil:80|English:10|inglês:10,100,Português Brasil:100|English:0|inglês:0,100,17,5,Bachelor's,10,10,10,5,6,8,12,28,28,28,Duolingo,90,,,,,16,25,B1,elementary|intermediate,elementary|intermediate,cambridge_15_21_random_elementary_intermediate,4,19,random,,,,,,,,,,,,,,,,,,,2026-07-06T21:59:09.647Z,QGFAEPFN,2026-07-06,2026-07-06,18:59:09,2026-07-06 18:59:09,,,,,,,,697a707b5bc42b2987347880,697a707b5bc42b2987347880,,,,
51844,raw_position_sample,2,2,int,18,3,17,18,-1,999,175,349,4410030.3999999985,697a707b5bc42b2987347880,697a707b5bc42b2987347880,intermediate,3,697a707b5bc42b2987347880,697a707b5bc42b2987347880,spotlight_PROLIFIC,,30,Brasil,Português Brasil ,"Português Brasil, inglês ",inglês,Português Brasil:80|English:10|inglês:10,100,Português Brasil:80|English:10|inglês:10,100,Português Brasil:100|English:0|inglês:0,100,17,5,Bachelor's,10,10,10,5,6,8,12,28,28,28,Duolingo,90,,,,,16,25,B1,elementary|intermediate,elementary|intermediate,cambridge_15_21_random_elementary_intermediate,4,19,random,,,,,,,,,,,,,,,,,,,2026-07-06T21:59:09.647Z,QGFAEPFN,2026-07-06,2026-07-06,18:59:09,2026-07-06 18:59:09,,,,,,,,697a707b5bc42b2987347880,697a707b5bc42b2987347880,,,,
51894,raw_position_sample,2,2,int,18,3,17,18,-1,999,164,350,4410080.3999999985,697a707b5bc42b2987347880,697a707b5bc42b2987347880,intermediate,3,697a707b5bc42b2987347880,697a707b5bc42b2987347880,spotlight_PROLIFIC,,30,Brasil,Português Brasil ,"Português Brasil, inglês ",inglês,Português Brasil:80|English:10|inglês:10,100,Português Brasil:80|English:10|inglês:10,100,Português Brasil:100|English:0|inglês:0,100,17,5,Bachelor's,10,10,10,5,6,8,12,28,28,28,Duolingo,90,,,,,16,25,B1,elementary|intermediate,elementary|intermediate,cambridge_15_21_random_elementary_intermediate,4,19,random,,,,,,,,,,,,,,,,,,,2026-07-06T21:59:09.647Z,QGFAEPFN,2026-07-06,2026-07-06,18:59:09,2026-07-06 18:59:09,,,,,,,,697a707b5bc42b2987347880,697a707b5bc42b2987347880,,,,
51946,raw_position_sample,2,2,int,18,3,17,18,-1,999,153,351,4410132,697a707b5bc42b2987347880,697a707b5bc42b2987347880,intermediate,3,697a707b5bc42b2987347880,697a707b5bc42b2987347880,spotlight_PROLIFIC,,30,Brasil,Português Brasil ,"Português Brasil, inglês ",inglês,Português Brasil:80|English:10|inglês:10,100,Português Brasil:80|English:10|inglês:10,100,Português Brasil:100|English:0|inglês:0,100,17,5,Bachelor's,10,10,10,5,6,8,12,28,28,28,Duolingo,90,,,,,16,25,B1,elementary|intermediate,elementary|intermediate,cambridge_15_21_random_elementary_intermediate,4,19,random,,,,,,,,,,,,,,,,,,,2026-07-06T21:59:09.647Z,QGFAEPFN,2026-07-06,2026-07-06,18:59:09,2026-07-06 18:59:09,,,,,,,,697a707b5bc42b2987347880,697a707b5bc42b2987347880,,,,
51994,raw_position_sample,2,2,int,18,3,17,18,-1,999,141,351,4410180.599999998,697a707b5bc42b2987347880,697a707b5bc42b2987347880,intermediate,3,697a707b5bc42b2987347880,697a707b5bc42b2987347880,spotlight_PROLIFIC,,30,Brasil,Português Brasil ,"Português Brasil, inglês ",inglês,Português Brasil:80|English:10|inglês:10,100,Português Brasil:80|English:10|inglês:10,100,Português Brasil:100|English:0|inglês:0,100,17,5,Bachelor's,10,10,10,5,6,8,12,28,28,28,Duolingo,90,,,,,16,25,B1,elementary|intermediate,elementary|intermediate,cambridge_15_21_random_elementary_intermediate,4,19,random,,,,,,,,,,,,,,,,,,,2026-07-06T21:59:09.647Z,QGFAEPFN,2026-07-06,2026-07-06,18:59:09,2026-07-06 18:59:09,,,,,,,,697a707b5bc42b2987347880,697a707b5bc42b2987347880,,,,
52044,raw_position_sample,2,2,int,18,3,17,18,-1,999,141,351,4410230.5,697a707b5bc42b2987347880,697a707b5bc42b2987347880,intermediate,3,697a707b5bc42b2987347880,697a707b5bc42b2987347880,spotlight_PROLIFIC,,30,Brasil,Português Brasil ,"Português Brasil, inglês ",inglês,Português Brasil:80|English:10|inglês:10,100,Português Brasil:80|English:10|inglês:10,100,Português Brasil:100|English:0|inglês:0,100,17,5,Bachelor's,10,10,10,5,6,8,12,28,28,28,Duolingo,90,,,,,16,25,B1,elementary|intermediate,elementary|intermediate,cambridge_15_21_random_elementary_intermediate,4,19,random,,,,,,,,,,,,,,,,,,,2026-07-06T21:59:09.647Z,QGFAEPFN,2026-07-06,2026-07-06,18:59:09,2026-07-06 18:59:09,,,,,,,,697a707b5bc42b2987347880,697a707b5bc42b2987347880,,,,
52095,raw_position_sample,2,2,int,18,3,17,18,-1,999,141,351,4410281.599999998,697a707b5bc42b2987347880,697a707b5bc42b2987347880,intermediate,3,697a707b5bc42b2987347880,697a707b5bc42b2987347880,spotlight_PROLIFIC,,30,Brasil,Português Brasil ,"Português Brasil, inglês ",inglês,Português Brasil:80|English:10|inglês:10,100,Português Brasil:80|English:10|inglês:10,100,Português Brasil:100|English:0|inglês:0,100,17,5,Bachelor's,10,10,10,5,6,8,12,28,28,28,Duolingo,90,,,,,16,25,B1,elementary|intermediate,elementary|intermediate,cambridge_15_21_random_elementary_intermediate,4,19,random,,,,,,,,,,,,,,,,,,,2026-07-06T21:59:09.647Z,QGFAEPFN,2026-07-06,2026-07-06,18:59:09,2026-07-06 18:59:09,,,,,,,,697a707b5bc42b2987347880,697a707b5bc42b2987347880,,,,
52145,raw_position_sample,2,2,int,18,3,17,18,-1,999,141,351,4410331.699999999,697a707b5bc42b2987347880,697a707b5bc42b2987347880,intermediate,3,697a707b5bc42b2987347880,697a707b5bc42b2987347880,spotlight_PROLIFIC,,30,Brasil,Português Brasil ,"Português Brasil, inglês ",inglês,Português Brasil:80|English:10|inglês:10,100,Português Brasil:80|English:10|inglês:10,100,Português Brasil:100|English:0|inglês:0,100,17,5,Bachelor's,10,10,10,5,6,8,12,28,28,28,Duolingo,90,,,,,16,25,B1,elementary|intermediate,elementary|intermediate,cambridge_15_21_random_elementary_intermediate,4,19,random,,,,,,,,,,,,,,,,,,,2026-07-06T21:59:09.647Z,QGFAEPFN,2026-07-06,2026-07-06,18:59:09,2026-07-06 18:59:09,,,,,,,,697a707b5bc42b2987347880,697a707b5bc42b2987347880,,,,
52196,raw_position_sample,2,2,int,18,3,17,18,-1,999,141,351,4410381.799999997,697a707b5bc42b2987347880,697a707b5bc42b2987347880,intermediate,3,697a707b5bc42b2987347880,697a707b5bc42b2987347880,spotlight_PROLIFIC,,30,Brasil,Português Brasil ,"Português Brasil, inglês ",inglês,Português Brasil:80|English:10|inglês:10,100,Português Brasil:80|English:10|inglês:10,100,Português Brasil:100|English:0|inglês:0,100,17,5,Bachelor's,10,10,10,5,6,8,12,28,28,28,Duolingo,90,,,,,16,25,B1,elementary|intermediate,elementary|intermediate,cambridge_15_21_random_elementary_intermediate,4,19,random,,,,,,,,,,,,,,,,,,,2026-07-06T21:59:09.647Z,QGFAEPFN,2026-07-06,2026-07-06,18:59:09,2026-07-06 18:59:09,,,,,,,,697a707b5bc42b2987347880,697a707b5bc42b2987347880,,,,
52245,raw_position_sample,2,2,int,18,3,17,18,-1,999,141,351,4410431.099999998,697a707b5bc42b2987347880,697a707b5bc42b2987347880,intermediate,3,697a707b5bc42b2987347880,697a707b5bc42b2987347880,spotlight_PROLIFIC,,30,Brasil,Português Brasil ,"Português Brasil, inglês ",inglês,Português Brasil:80|English:10|inglês:10,100,Português Brasil:80|English:10|inglês:10,100,Português Brasil:100|English:0|inglês:0,100,17,5,Bachelor's,10,10,10,5,6,8,12,28,28,28,Duolingo,90,,,,,16,25,B1,elementary|intermediate,elementary|intermediate,cambridge_15_21_random_elementary_intermediate,4,19,random,,,,,,,,,,,,,,,,,,,2026-07-06T21:59:09.647Z,QGFAEPFN,2026-07-06,2026-07-06,18:59:09,2026-07-06 18:59:09,,,,,,,,697a707b5bc42b2987347880,697a707b5bc42b2987347880,,,,
52297,raw_position_sample,2,2,int,18,3,17,18,-1,999,145,351,4410483.099999998,697a707b5bc42b2987347880,697a707b5bc42b2987347880,intermediate,3,697a707b5bc42b2987347880,697a707b5bc42b2987347880,spotlight_PROLIFIC,,30,Brasil,Português Brasil ,"Português Brasil, inglês ",inglês,Português Brasil:80|English:10|inglês:10,100,Português Brasil:80|English:10|inglês:10,100,Português Brasil:100|English:0|inglês:0,100,17,5,Bachelor's,10,10,10,5,6,8,12,28,28,28,Duolingo,90,,,,,16,25,B1,elementary|intermediate,elementary|intermediate,cambridge_15_21_random_elementary_intermediate,4,19,random,,,,,,,,,,,,,,,,,,,2026-07-06T21:59:09.647Z,QGFAEPFN,2026-07-06,2026-07-06,18:59:09,2026-07-06 18:59:09,,,,,,,,697a707b5bc42b2987347880,697a707b5bc42b2987347880,,,,
52344,raw_position_sample,2,2,int,18,3,17,18,-1,999,164,352,4410530.3999999985,697a707b5bc42b2987347880,697a707b5bc42b2987347880,intermediate,3,697a707b5bc42b2987347880,697a707b5bc42b2987347880,spotlight_PROLIFIC,,30,Brasil,Português Brasil ,"Português Brasil, inglês ",inglês,Português Brasil:80|English:10|inglês:10,100,Português Brasil:80|English:10|inglês:10,100,Português Brasil:100|English:0|inglês:0,100,17,5,Bachelor's,10,10,10,5,6,8,12,28,28,28,Duolingo,90,,,,,16,25,B1,elementary|intermediate,elementary|intermediate,cambridge_15_21_random_elementary_intermediate,4,19,random,,,,,,,,,,,,,,,,,,,2026-07-06T21:59:09.647Z,QGFAEPFN,2026-07-06,2026-07-06,18:59:09,2026-07-06 18:59:09,,,,,,,,697a707b5bc42b2987347880,697a707b5bc42b2987347880,,,,
52394,raw_position_sample,2,2,int,18,3,17,18,-1,999,186,352,4410580.599999998,697a707b5bc42b2987347880,697a707b5bc42b2987347880,intermediate,3,697a707b5bc42b2987347880,697a707b5bc42b2987347880,spotlight_PROLIFIC,,30,Brasil,Português Brasil ,"Português Brasil, inglês ",inglês,Português Brasil:80|English:10|inglês:10,100,Português Brasil:80|English:10|inglês:10,100,Português Brasil:100|English:0|inglês:0,100,17,5,Bachelor's,10,10,10,5,6,8,12,28,28,28,Duolingo,90,,,,,16,25,B1,elementary|intermediate,elementary|intermediate,cambridge_15_21_random_elementary_intermediate,4,19,random,,,,,,,,,,,,,,,,,,,2026-07-06T21:59:09.647Z,QGFAEPFN,2026-07-06,2026-07-06,18:59:09,2026-07-06 18:59:09,,,,,,,,697a707b5bc42b2987347880,697a707b5bc42b2987347880,,,,
52444,raw_position_sample,2,2,int,18,3,17,18,-1,999,198,352,4410630.599999998,697a707b5bc42b2987347880,697a707b5bc42b2987347880,intermediate,3,697a707b5bc42b2987347880,697a707b5bc42b2987347880,spotlight_PROLIFIC,,30,Brasil,Português Brasil ,"Português Brasil, inglês ",inglês,Português Brasil:80|English:10|inglês:10,100,Português Brasil:80|English:10|inglês:10,100,Português Brasil:100|English:0|inglês:0,100,17,5,Bachelor's,10,10,10,5,6,8,12,28,28,28,Duolingo,90,,,,,16,25,B1,elementary|intermediate,elementary|intermediate,cambridge_15_21_random_elementary_intermediate,4,19,random,,,,,,,,,,,,,,,,,,,2026-07-06T21:59:09.647Z,QGFAEPFN,2026-07-06,2026-07-06,18:59:09,2026-07-06 18:59:09,,,,,,,,697a707b5bc42b2987347880,697a707b5bc42b2987347880,,,,
52494,raw_position_sample,2,2,int,18,3,17,18,-1,999,209,352,4410680.599999998,697a707b5bc42b2987347880,697a707b5bc42b2987347880,intermediate,3,697a707b5bc42b2987347880,697a707b5bc42b2987347880,spotlight_PROLIFIC,,30,Brasil,Português Brasil ,"Português Brasil, inglês ",inglês,Português Brasil:80|English:10|inglês:10,100,Português Brasil:80|English:10|inglês:10,100,Português Brasil:100|English:0|inglês:0,100,17,5,Bachelor's,10,10,10,5,6,8,12,28,28,28,Duolingo,90,,,,,16,25,B1,elementary|intermediate,elementary|intermediate,cambridge_15_21_random_elementary_intermediate,4,19,random,,,,,,,,,,,,,,,,,,,2026-07-06T21:59:09.647Z,QGFAEPFN,2026-07-06,2026-07-06,18:59:09,2026-07-06 18:59:09,,,,,,,,697a707b5bc42b2987347880,697a707b5bc42b2987347880,,,,
52544,raw_position_sample,2,2,int,18,3,17,18,-1,999,224,352,4410730.3999999985,697a707b5bc42b2987347880,697a707b5bc42b2987347880,intermediate,3,697a707b5bc42b2987347880,697a707b5bc42b2987347880,spotlight_PROLIFIC,,30,Brasil,Português Brasil ,"Português Brasil, inglês ",inglês,Português Brasil:80|English:10|inglês:10,100,Português Brasil:80|English:10|inglês:10,100,Português Brasil:100|English:0|inglês:0,100,17,5,Bachelor's,10,10,10,5,6,8,12,28,28,28,Duolingo,90,,,,,16,25,B1,elementary|intermediate,elementary|intermediate,cambridge_15_21_random_elementary_intermediate,4,19,random,,,,,,,,,,,,,,,,,,,2026-07-06T21:59:09.647Z,QGFAEPFN,2026-07-06,2026-07-06,18:59:09,2026-07-06 18:59:09,,,,,,,,697a707b5bc42b2987347880,697a707b5bc42b2987347880,,,,
52596,raw_position_sample,2,2,int,18,3,17,18,103, also ,238,351,4410782.3999999985,697a707b5bc42b2987347880,697a707b5bc42b2987347880,intermediate,3,697a707b5bc42b2987347880,697a707b5bc42b2987347880,spotlight_PROLIFIC,,30,Brasil,Português Brasil ,"Português Brasil, inglês ",inglês,Português Brasil:80|English:10|inglês:10,100,Português Brasil:80|English:10|inglês:10,100,Português Brasil:100|English:0|inglês:0,100,17,5,Bachelor's,10,10,10,5,6,8,12,28,28,28,Duolingo,90,,,,,16,25,B1,elementary|intermediate,elementary|intermediate,cambridge_15_21_random_elementary_intermediate,4,19,random,,345.2569580078125,234.18055725097656,366.5902919769287,272.18750381469727,8,1,,,,,,,,,,,,2026-07-06T21:59:09.647Z,QGFAEPFN,2026-07-06,2026-07-06,18:59:09,2026-07-06 18:59:09,,,,,,,,697a707b5bc42b2987347880,697a707b5bc42b2987347880,,,,
52645,raw_position_sample,2,2,int,18,3,17,18,103, also ,253,351,4410831.199999999,697a707b5bc42b2987347880,697a707b5bc42b2987347880,intermediate,3,697a707b5bc42b2987347880,697a707b5bc42b2987347880,spotlight_PROLIFIC,,30,Brasil,Português Brasil ,"Português Brasil, inglês ",inglês,Português Brasil:80|English:10|inglês:10,100,Português Brasil:80|English:10|inglês:10,100,Português Brasil:100|English:0|inglês:0,100,17,5,Bachelor's,10,10,10,5,6,8,12,28,28,28,Duolingo,90,,,,,16,25,B1,elementary|intermediate,elementary|intermediate,cambridge_15_21_random_elementary_intermediate,4,19,random,,345.2569580078125,234.18055725097656,366.5902919769287,272.18750381469727,8,1,,,,,,,,,,,,2026-07-06T21:59:09.647Z,QGFAEPFN,2026-07-06,2026-07-06,18:59:09,2026-07-06 18:59:09,,,,,,,,697a707b5bc42b2987347880,697a707b5bc42b2987347880,,,,
52695,raw_position_sample,2,2,int,18,3,17,18,103, also ,263,351,4410881.199999999,697a707b5bc42b2987347880,697a707b5bc42b2987347880,intermediate,3,697a707b5bc42b2987347880,697a707b5bc42b2987347880,spotlight_PROLIFIC,,30,Brasil,Português Brasil ,"Português Brasil, inglês ",inglês,Português Brasil:80|English:10|inglês:10,100,Português Brasil:80|English:10|inglês:10,100,Português Brasil:100|English:0|inglês:0,100,17,5,Bachelor's,10,10,10,5,6,8,12,28,28,28,Duolingo,90,,,,,16,25,B1,elementary|intermediate,elementary|intermediate,cambridge_15_21_random_elementary_intermediate,4,19,random,,345.2569580078125,234.18055725097656,366.5902919769287,272.18750381469727,8,1,,,,,,,,,,,,2026-07-06T21:59:09.647Z,QGFAEPFN,2026-07-06,2026-07-06,18:59:09,2026-07-06 18:59:09,,,,,,,,697a707b5bc42b2987347880,697a707b5bc42b2987347880,,,,
52732,hover_association,2,2,int,18,3,17,18,103, also ,233,351,,697a707b5bc42b2987347880,697a707b5bc42b2987347880,intermediate,3,697a707b5bc42b2987347880,697a707b5bc42b2987347880,spotlight_PROLIFIC,,30,Brasil,Português Brasil ,"Português Brasil, inglês ",inglês,Português Brasil:80|English:10|inglês:10,100,Português Brasil:80|English:10|inglês:10,100,Português Brasil:100|English:0|inglês:0,100,17,5,Bachelor's,10,10,10,5,6,8,12,28,28,28,Duolingo,90,,,,,16,25,B1,elementary|intermediate,elementary|intermediate,cambridge_15_21_random_elementary_intermediate,4,19,random,,335.9236249923706,230.25173786708288,375.9236249923706,272.18750190734863,8,1,hover,168.19999999925494,168.19999999925494,0.9955288305426223,0.37690937519073486,106,,,,,,2026-07-06T21:59:09.647Z,QGFAEPFN,2026-07-06,2026-07-06,18:59:09,2026-07-06 18:59:09,,,,,,,,697a707b5bc42b2987347880,697a707b5bc42b2987347880,,,,
52746,raw_position_sample,2,2,int,18,3,17,18,104, want ,277,351,4410932.099999998,697a707b5bc42b2987347880,697a707b5bc42b2987347880,intermediate,3,697a707b5bc42b2987347880,697a707b5bc42b2987347880,spotlight_PROLIFIC,,30,Brasil,Português Brasil ,"Português Brasil, inglês ",inglês,Português Brasil:80|English:10|inglês:10,100,Português Brasil:80|English:10|inglês:10,100,Português Brasil:100|English:0|inglês:0,100,17,5,Bachelor's,10,10,10,5,6,8,12,28,28,28,Duolingo,90,,,,,16,25,B1,elementary|intermediate,elementary|intermediate,cambridge_15_21_random_elementary_intermediate,4,19,random,,345.2569580078125,272.1875,366.5902919769287,315.74305725097656,8,2,,,,,,,,,,,,2026-07-06T21:59:09.647Z,QGFAEPFN,2026-07-06,2026-07-06,18:59:09,2026-07-06 18:59:09,,,,,,,,697a707b5bc42b2987347880,697a707b5bc42b2987347880,,,,
52796,raw_position_sample,2,2,int,18,3,17,18,104, want ,278,351,4410982,697a707b5bc42b2987347880,697a707b5bc42b2987347880,intermediate,3,697a707b5bc42b2987347880,697a707b5bc42b2987347880,spotlight_PROLIFIC,,30,Brasil,Português Brasil ,"Português Brasil, inglês ",inglês,Português Brasil:80|English:10|inglês:10,100,Português Brasil:80|English:10|inglês:10,100,Português Brasil:100|English:0|inglês:0,100,17,5,Bachelor's,10,10,10,5,6,8,12,28,28,28,Duolingo,90,,,,,16,25,B1,elementary|intermediate,elementary|intermediate,cambridge_15_21_random_elementary_intermediate,4,19,random,,345.2569580078125,272.1875,366.5902919769287,315.74305725097656,8,2,,,,,,,,,,,,2026-07-06T21:59:09.647Z,QGFAEPFN,2026-07-06,2026-07-06,18:59:09,2026-07-06 18:59:09,,,,,,,,697a707b5bc42b2987347880,697a707b5bc42b2987347880,,,,
52846,raw_position_sample,2,2,int,18,3,17,18,104, want ,278,351,4411032.599999998,697a707b5bc42b2987347880,697a707b5bc42b2987347880,intermediate,3,697a707b5bc42b2987347880,697a707b5bc42b2987347880,spotlight_PROLIFIC,,30,Brasil,Português Brasil ,"Português Brasil, inglês ",inglês,Português Brasil:80|English:10|inglês:10,100,Português Brasil:80|English:10|inglês:10,100,Português Brasil:100|English:0|inglês:0,100,17,5,Bachelor's,10,10,10,5,6,8,12,28,28,28,Duolingo,90,,,,,16,25,B1,elementary|intermediate,elementary|intermediate,cambridge_15_21_random_elementary_intermediate,4,19,random,,345.2569580078125,272.1875,366.5902919769287,315.74305725097656,8,2,,,,,,,,,,,,2026-07-06T21:59:09.647Z,QGFAEPFN,2026-07-06,2026-07-06,18:59:09,2026-07-06 18:59:09,,,,,,,,697a707b5bc42b2987347880,697a707b5bc42b2987347880,,,,
52897,raw_position_sample,2,2,int,18,3,17,18,104, want ,283,351,4411083.699999999,697a707b5bc42b2987347880,697a707b5bc42b2987347880,intermediate,3,697a707b5bc42b2987347880,697a707b5bc42b2987347880,spotlight_PROLIFIC,,30,Brasil,Português Brasil ,"Português Brasil, inglês ",inglês,Português Brasil:80|English:10|inglês:10,100,Português Brasil:80|English:10|inglês:10,100,Português Brasil:100|English:0|inglês:0,100,17,5,Bachelor's,10,10,10,5,6,8,12,28,28,28,Duolingo,90,,,,,16,25,B1,elementary|intermediate,elementary|intermediate,cambridge_15_21_random_elementary_intermediate,4,19,random,,345.2569580078125,272.1875,366.5902919769287,315.74305725097656,8,2,,,,,,,,,,,,2026-07-06T21:59:09.647Z,QGFAEPFN,2026-07-06,2026-07-06,18:59:09,2026-07-06 18:59:09,,,,,,,,697a707b5bc42b2987347880,697a707b5bc42b2987347880,,,,
52945,raw_position_sample,2,2,int,18,3,17,18,104, want ,297,351,4411131.699999999,697a707b5bc42b2987347880,697a707b5bc42b2987347880,intermediate,3,697a707b5bc42b2987347880,697a707b5bc42b2987347880,spotlight_PROLIFIC,,30,Brasil,Português Brasil ,"Português Brasil, inglês ",inglês,Português Brasil:80|English:10|inglês:10,100,Português Brasil:80|English:10|inglês:10,100,Português Brasil:100|English:0|inglês:0,100,17,5,Bachelor's,10,10,10,5,6,8,12,28,28,28,Duolingo,90,,,,,16,25,B1,elementary|intermediate,elementary|intermediate,cambridge_15_21_random_elementary_intermediate,4,19,random,,345.2569580078125,272.1875,366.5902919769287,315.74305725097656,8,2,,,,,,,,,,,,2026-07-06T21:59:09.647Z,QGFAEPFN,2026-07-06,2026-07-06,18:59:09,2026-07-06 18:59:09,,,,,,,,697a707b5bc42b2987347880,697a707b5bc42b2987347880,,,,
52995,raw_position_sample,2,2,int,18,3,17,18,104, want ,315,351,4411181.299999997,697a707b5bc42b2987347880,697a707b5bc42b2987347880,intermediate,3,697a707b5bc42b2987347880,697a707b5bc42b2987347880,spotlight_PROLIFIC,,30,Brasil,Português Brasil ,"Português Brasil, inglês ",inglês,Português Brasil:80|English:10|inglês:10,100,Português Brasil:80|English:10|inglês:10,100,Português Brasil:100|English:0|inglês:0,100,17,5,Bachelor's,10,10,10,5,6,8,12,28,28,28,Duolingo,90,,,,,16,25,B1,elementary|intermediate,elementary|intermediate,cambridge_15_21_random_elementary_intermediate,4,19,random,,345.2569580078125,272.1875,366.5902919769287,315.74305725097656,8,2,,,,,,,,,,,,2026-07-06T21:59:09.647Z,QGFAEPFN,2026-07-06,2026-07-06,18:59:09,2026-07-06 18:59:09,,,,,,,,697a707b5bc42b2987347880,697a707b5bc42b2987347880,,,,
52999,hover_association,2,2,int,18,3,17,18,104, want ,277,351,,697a707b5bc42b2987347880,697a707b5bc42b2987347880,intermediate,3,697a707b5bc42b2987347880,697a707b5bc42b2987347880,spotlight_PROLIFIC,,30,Brasil,Português Brasil ,"Português Brasil, inglês ",inglês,Português Brasil:80|English:10|inglês:10,100,Português Brasil:80|English:10|inglês:10,100,Português Brasil:100|English:0|inglês:0,100,17,5,Bachelor's,10,10,10,5,6,8,12,28,28,28,Duolingo,90,,,,,16,25,B1,elementary|intermediate,elementary|intermediate,cambridge_15_21_random_elementary_intermediate,4,19,random,,335.9236249923706,272.18750190734863,375.9236249923706,315.7430648803711,8,2,hover,266.19999999925494,266.19999999925494,0.9829398398355834,0.37690937519073486,106,,,,,,2026-07-06T21:59:09.647Z,QGFAEPFN,2026-07-06,2026-07-06,18:59:09,2026-07-06 18:59:09,,,,,,,,697a707b5bc42b2987347880,697a707b5bc42b2987347880,,,,
53046,raw_position_sample,2,2,int,18,3,17,18,105, better ,317,351,4411232.099999998,697a707b5bc42b2987347880,697a707b5bc42b2987347880,intermediate,3,697a707b5bc42b2987347880,697a707b5bc42b2987347880,spotlight_PROLIFIC,,30,Brasil,Português Brasil ,"Português Brasil, inglês ",inglês,Português Brasil:80|English:10|inglês:10,100,Português Brasil:80|English:10|inglês:10,100,Português Brasil:100|English:0|inglês:0,100,17,5,Bachelor's,10,10,10,5,6,8,12,28,28,28,Duolingo,90,,,,,16,25,B1,elementary|intermediate,elementary|intermediate,cambridge_15_21_random_elementary_intermediate,4,19,random,,345.2569580078125,315.7430725097656,366.5902919769287,367.1111297607422,8,3,,,,,,,,,,,,2026-07-06T21:59:09.647Z,QGFAEPFN,2026-07-06,2026-07-06,18:59:09,2026-07-06 18:59:09,,,,,,,,697a707b5bc42b2987347880,697a707b5bc42b2987347880,,,,
53100,raw_position_sample,2,2,int,18,3,17,18,105, better ,322,351,4411286.5,697a707b5bc42b2987347880,697a707b5bc42b2987347880,intermediate,3,697a707b5bc42b2987347880,697a707b5bc42b2987347880,spotlight_PROLIFIC,,30,Brasil,Português Brasil ,"Português Brasil, inglês ",inglês,Português Brasil:80|English:10|inglês:10,100,Português Brasil:80|English:10|inglês:10,100,Português Brasil:100|English:0|inglês:0,100,17,5,Bachelor's,10,10,10,5,6,8,12,28,28,28,Duolingo,90,,,,,16,25,B1,elementary|intermediate,elementary|intermediate,cambridge_15_21_random_elementary_intermediate,4,19,random,,345.2569580078125,315.7430725097656,366.5902919769287,367.1111297607422,8,3,,,,,,,,,,,,2026-07-06T21:59:09.647Z,QGFAEPFN,2026-07-06,2026-07-06,18:59:09,2026-07-06 18:59:09,,,,,,,,697a707b5bc42b2987347880,697a707b5bc42b2987347880,,,,
53146,raw_position_sample,2,2,int,18,3,17,18,105, better ,326,351,4411331.8999999985,697a707b5bc42b2987347880,697a707b5bc42b2987347880,intermediate,3,697a707b5bc42b2987347880,697a707b5bc42b2987347880,spotlight_PROLIFIC,,30,Brasil,Português Brasil ,"Português Brasil, inglês ",inglês,Português Brasil:80|English:10|inglês:10,100,Português Brasil:80|English:10|inglês:10,100,Português Brasil:100|English:0|inglês:0,100,17,5,Bachelor's,10,10,10,5,6,8,12,28,28,28,Duolingo,90,,,,,16,25,B1,elementary|intermediate,elementary|intermediate,cambridge_15_21_random_elementary_intermediate,4,19,random,,345.2569580078125,315.7430725097656,366.5902919769287,367.1111297607422,8,3,,,,,,,,,,,,2026-07-06T21:59:09.647Z,QGFAEPFN,2026-07-06,2026-07-06,18:59:09,2026-07-06 18:59:09,,,,,,,,697a707b5bc42b2987347880,697a707b5bc42b2987347880,,,,
53196,raw_position_sample,2,2,int,18,3,17,18,105, better ,337,351,4411381.8999999985,697a707b5bc42b2987347880,697a707b5bc42b2987347880,intermediate,3,697a707b5bc42b2987347880,697a707b5bc42b2987347880,spotlight_PROLIFIC,,30,Brasil,Português Brasil ,"Português Brasil, inglês ",inglês,Português Brasil:80|English:10|inglês:10,100,Português Brasil:80|English:10|inglês:10,100,Português Brasil:100|English:0|inglês:0,100,17,5,Bachelor's,10,10,10,5,6,8,12,28,28,28,Duolingo,90,,,,,16,25,B1,elementary|intermediate,elementary|intermediate,cambridge_15_21_random_elementary_intermediate,4,19,random,,345.2569580078125,315.7430725097656,366.5902919769287,367.1111297607422,8,3,,,,,,,,,,,,2026-07-06T21:59:09.647Z,QGFAEPFN,2026-07-06,2026-07-06,18:59:09,2026-07-06 18:59:09,,,,,,,,697a707b5bc42b2987347880,697a707b5bc42b2987347880,,,,
53245,raw_position_sample,2,2,int,18,3,17,18,105, better ,347,351,4411431.699999999,697a707b5bc42b2987347880,697a707b5bc42b2987347880,intermediate,3,697a707b5bc42b2987347880,697a707b5bc42b2987347880,spotlight_PROLIFIC,,30,Brasil,Português Brasil ,"Português Brasil, inglês ",inglês,Português Brasil:80|English:10|inglês:10,100,Português Brasil:80|English:10|inglês:10,100,Português Brasil:100|English:0|inglês:0,100,17,5,Bachelor's,10,10,10,5,6,8,12,28,28,28,Duolingo,90,,,,,16,25,B1,elementary|intermediate,elementary|intermediate,cambridge_15_21_random_elementary_intermediate,4,19,random,,345.2569580078125,315.7430725097656,366.5902919769287,367.1111297607422,8,3,,,,,,,,,,,,2026-07-06T21:59:09.647Z,QGFAEPFN,2026-07-06,2026-07-06,18:59:09,2026-07-06 18:59:09,,,,,,,,697a707b5bc42b2987347880,697a707b5bc42b2987347880,,,,
53295,raw_position_sample,2,2,int,18,3,17,18,105, better ,355,352,4411481.099999998,697a707b5bc42b2987347880,697a707b5bc42b2987347880,intermediate,3,697a707b5bc42b2987347880,697a707b5bc42b2987347880,spotlight_PROLIFIC,,30,Brasil,Português Brasil ,"Português Brasil, inglês ",inglês,Português Brasil:80|English:10|inglês:10,100,Português Brasil:80|English:10|inglês:10,100,Português Brasil:100|English:0|inglês:0,100,17,5,Bachelor's,10,10,10,5,6,8,12,28,28,28,Duolingo,90,,,,,16,25,B1,elementary|intermediate,elementary|intermediate,cambridge_15_21_random_elementary_intermediate,4,19,random,,345.2569580078125,315.7430725097656,366.5902919769287,367.1111297607422,8,3,,,,,,,,,,,,2026-07-06T21:59:09.647Z,QGFAEPFN,2026-07-06,2026-07-06,18:59:09,2026-07-06 18:59:09,,,,,,,,697a707b5bc42b2987347880,697a707b5bc42b2987347880,,,,
53345,raw_position_sample,2,2,int,18,3,17,18,105, better ,365,355,4411531.099999998,697a707b5bc42b2987347880,697a707b5bc42b2987347880,intermediate,3,697a707b5bc42b2987347880,697a707b5bc42b2987347880,spotlight_PROLIFIC,,30,Brasil,Português Brasil ,"Português Brasil, inglês ",inglês,Português Brasil:80|English:10|inglês:10,100,Português Brasil:80|English:10|inglês:10,100,Português Brasil:100|English:0|inglês:0,100,17,5,Bachelor's,10,10,10,5,6,8,12,28,28,28,Duolingo,90,,,,,16,25,B1,elementary|intermediate,elementary|intermediate,cambridge_15_21_random_elementary_intermediate,4,19,random,,345.2569580078125,315.7430725097656,366.5902919769287,367.1111297607422,8,3,,,,,,,,,,,,2026-07-06T21:59:09.647Z,QGFAEPFN,2026-07-06,2026-07-06,18:59:09,2026-07-06 18:59:09,,,,,,,,697a707b5bc42b2987347880,697a707b5bc42b2987347880,,,,
53347,hover_association,2,2,int,18,3,17,18,105, better ,317,351,,697a707b5bc42b2987347880,697a707b5bc42b2987347880,intermediate,3,697a707b5bc42b2987347880,697a707b5bc42b2987347880,spotlight_PROLIFIC,,30,Brasil,Português Brasil ,"Português Brasil, inglês ",inglês,Português Brasil:80|English:10|inglês:10,100,Português Brasil:80|English:10|inglês:10,100,Português Brasil:100|English:0|inglês:0,100,17,5,Bachelor's,10,10,10,5,6,8,12,28,28,28,Duolingo,90,,,,,16,25,B1,elementary|intermediate,elementary|intermediate,cambridge_15_21_random_elementary_intermediate,4,19,random,,335.9236249923706,315.7430648803711,375.9236249923706,367.11112213134766,8,3,hover,348.80000000074506,348.80000000074506,0.958902044493662,0.47690937519073484,106,,,,,,2026-07-06T21:59:09.647Z,QGFAEPFN,2026-07-06,2026-07-06,18:59:09,2026-07-06 18:59:09,,,,,,,,697a707b5bc42b2987347880,697a707b5bc42b2987347880,,,,
53399,raw_position_sample,2,2,int,18,3,17,18,106, protection. ,374,356,4411585.599999998,697a707b5bc42b2987347880,697a707b5bc42b2987347880,intermediate,3,697a707b5bc42b2987347880,697a707b5bc42b2987347880,spotlight_PROLIFIC,,30,Brasil,Português Brasil ,"Português Brasil, inglês ",inglês,Português Brasil:80|English:10|inglês:10,100,Português Brasil:80|English:10|inglês:10,100,Português Brasil:100|English:0|inglês:0,100,17,5,Bachelor's,10,10,10,5,6,8,12,28,28,28,Duolingo,90,,,,,16,25,B1,elementary|intermediate,elementary|intermediate,cambridge_15_21_random_elementary_intermediate,4,19,random,,345.2569580078125,367.1111145019531,366.5902919769287,453.1041717529297,8,4,,,,,,,,,,,,2026-07-06T21:59:09.647Z,QGFAEPFN,2026-07-06,2026-07-06,18:59:09,2026-07-06 18:59:09,,,,,,,,697a707b5bc42b2987347880,697a707b5bc42b2987347880,,,,
53445,raw_position_sample,2,2,int,18,3,17,18,106, protection. ,378,358,4411631.799999997,697a707b5bc42b2987347880,697a707b5bc42b2987347880,intermediate,3,697a707b5bc42b2987347880,697a707b5bc42b2987347880,spotlight_PROLIFIC,,30,Brasil,Português Brasil ,"Português Brasil, inglês ",inglês,Português Brasil:80|English:10|inglês:10,100,Português Brasil:80|English:10|inglês:10,100,Português Brasil:100|English:0|inglês:0,100,17,5,Bachelor's,10,10,10,5,6,8,12,28,28,28,Duolingo,90,,,,,16,25,B1,elementary|intermediate,elementary|intermediate,cambridge_15_21_random_elementary_intermediate,4,19,random,,345.2569580078125,367.1111145019531,366.5902919769287,453.1041717529297,8,4,,,,,,,,,,,,2026-07-06T21:59:09.647Z,QGFAEPFN,2026-07-06,2026-07-06,18:59:09,2026-07-06 18:59:09,,,,,,,,697a707b5bc42b2987347880,697a707b5bc42b2987347880,,,,
53495,raw_position_sample,2,2,int,18,3,17,18,106, protection. ,389,358,4411681.3999999985,697a707b5bc42b2987347880,697a707b5bc42b2987347880,intermediate,3,697a707b5bc42b2987347880,697a707b5bc42b2987347880,spotlight_PROLIFIC,,30,Brasil,Português Brasil ,"Português Brasil, inglês ",inglês,Português Brasil:80|English:10|inglês:10,100,Português Brasil:80|English:10|inglês:10,100,Português Brasil:100|English:0|inglês:0,100,17,5,Bachelor's,10,10,10,5,6,8,12,28,28,28,Duolingo,90,,,,,16,25,B1,elementary|intermediate,elementary|intermediate,cambridge_15_21_random_elementary_intermediate,4,19,random,,345.2569580078125,367.1111145019531,366.5902919769287,453.1041717529297,8,4,,,,,,,,,,,,2026-07-06T21:59:09.647Z,QGFAEPFN,2026-07-06,2026-07-06,18:59:09,2026-07-06 18:59:09,,,,,,,,697a707b5bc42b2987347880,697a707b5bc42b2987347880,,,,
53546,raw_position_sample,2,2,int,18,3,17,18,106, protection. ,400,359,4411731.8999999985,697a707b5bc42b2987347880,697a707b5bc42b2987347880,intermediate,3,697a707b5bc42b2987347880,697a707b5bc42b2987347880,spotlight_PROLIFIC,,30,Brasil,Português Brasil ,"Português Brasil, inglês ",inglês,Português Brasil:80|English:10|inglês:10,100,Português Brasil:80|English:10|inglês:10,100,Português Brasil:100|English:0|inglês:0,100,17,5,Bachelor's,10,10,10,5,6,8,12,28,28,28,Duolingo,90,,,,,16,25,B1,elementary|intermediate,elementary|intermediate,cambridge_15_21_random_elementary_intermediate,4,19,random,,345.2569580078125,367.1111145019531,366.5902919769287,453.1041717529297,8,4,,,,,,,,,,,,2026-07-06T21:59:09.647Z,QGFAEPFN,2026-07-06,2026-07-06,18:59:09,2026-07-06 18:59:09,,,,,,,,697a707b5bc42b2987347880,697a707b5bc42b2987347880,,,,
53596,raw_position_sample,2,2,int,18,3,17,18,106, protection. ,402,359,4411782,697a707b5bc42b2987347880,697a707b5bc42b2987347880,intermediate,3,697a707b5bc42b2987347880,697a707b5bc42b2987347880,spotlight_PROLIFIC,,30,Brasil,Português Brasil ,"Português Brasil, inglês ",inglês,Português Brasil:80|English:10|inglês:10,100,Português Brasil:80|English:10|inglês:10,100,Português Brasil:100|English:0|inglês:0,100,17,5,Bachelor's,10,10,10,5,6,8,12,28,28,28,Duolingo,90,,,,,16,25,B1,elementary|intermediate,elementary|intermediate,cambridge_15_21_random_elementary_intermediate,4,19,random,,345.2569580078125,367.1111145019531,366.5902919769287,453.1041717529297,8,4,,,,,,,,,,,,2026-07-06T21:59:09.647Z,QGFAEPFN,2026-07-06,2026-07-06,18:59:09,2026-07-06 18:59:09,,,,,,,,697a707b5bc42b2987347880,697a707b5bc42b2987347880,,,,
53646,raw_position_sample,2,2,int,18,3,17,18,106, protection. ,410,359,4411831.8999999985,697a707b5bc42b2987347880,697a707b5bc42b2987347880,intermediate,3,697a707b5bc42b2987347880,697a707b5bc42b2987347880,spotlight_PROLIFIC,,30,Brasil,Português Brasil ,"Português Brasil, inglês ",inglês,Português Brasil:80|English:10|inglês:10,100,Português Brasil:80|English:10|inglês:10,100,Português Brasil:100|English:0|inglês:0,100,17,5,Bachelor's,10,10,10,5,6,8,12,28,28,28,Duolingo,90,,,,,16,25,B1,elementary|intermediate,elementary|intermediate,cambridge_15_21_random_elementary_intermediate,4,19,random,,345.2569580078125,367.1111145019531,366.5902919769287,453.1041717529297,8,4,,,,,,,,,,,,2026-07-06T21:59:09.647Z,QGFAEPFN,2026-07-06,2026-07-06,18:59:09,2026-07-06 18:59:09,,,,,,,,697a707b5bc42b2987347880,697a707b5bc42b2987347880,,,,
53696,raw_position_sample,2,2,int,18,3,17,18,106, protection. ,412,359,4411882.299999997,697a707b5bc42b2987347880,697a707b5bc42b2987347880,intermediate,3,697a707b5bc42b2987347880,697a707b5bc42b2987347880,spotlight_PROLIFIC,,30,Brasil,Português Brasil ,"Português Brasil, inglês ",inglês,Português Brasil:80|English:10|inglês:10,100,Português Brasil:80|English:10|inglês:10,100,Português Brasil:100|English:0|inglês:0,100,17,5,Bachelor's,10,10,10,5,6,8,12,28,28,28,Duolingo,90,,,,,16,25,B1,elementary|intermediate,elementary|intermediate,cambridge_15_21_random_elementary_intermediate,4,19,random,,345.2569580078125,367.1111145019531,366.5902919769287,453.1041717529297,8,4,,,,,,,,,,,,2026-07-06T21:59:09.647Z,QGFAEPFN,2026-07-06,2026-07-06,18:59:09,2026-07-06 18:59:09,,,,,,,,697a707b5bc42b2987347880,697a707b5bc42b2987347880,,,,
53758,raw_position_sample,2,2,int,18,3,17,18,106, protection. ,413,359,4411944.199999999,697a707b5bc42b2987347880,697a707b5bc42b2987347880,intermediate,3,697a707b5bc42b2987347880,697a707b5bc42b2987347880,spotlight_PROLIFIC,,30,Brasil,Português Brasil ,"Português Brasil, inglês ",inglês,Português Brasil:80|English:10|inglês:10,100,Português Brasil:80|English:10|inglês:10,100,Português Brasil:100|English:0|inglês:0,100,17,5,Bachelor's,10,10,10,5,6,8,12,28,28,28,Duolingo,90,,,,,16,25,B1,elementary|intermediate,elementary|intermediate,cambridge_15_21_random_elementary_intermediate,4,19,random,,345.2569580078125,367.1111145019531,366.5902919769287,453.1041717529297,8,4,,,,,,,,,,,,2026-07-06T21:59:09.647Z,QGFAEPFN,2026-07-06,2026-07-06,18:59:09,2026-07-06 18:59:09,,,,,,,,697a707b5bc42b2987347880,697a707b5bc42b2987347880,,,,
53796,raw_position_sample,2,2,int,18,3,17,18,106, protection. ,413,359,4411981.8999999985,697a707b5bc42b2987347880,697a707b5bc42b2987347880,intermediate,3,697a707b5bc42b2987347880,697a707b5bc42b2987347880,spotlight_PROLIFIC,,30,Brasil,Português Brasil ,"Português Brasil, inglês ",inglês,Português Brasil:80|English:10|inglês:10,100,Português Brasil:80|English:10|inglês:10,100,Português Brasil:100|English:0|inglês:0,100,17,5,Bachelor's,10,10,10,5,6,8,12,28,28,28,Duolingo,90,,,,,16,25,B1,elementary|intermediate,elementary|intermediate,cambridge_15_21_random_elementary_intermediate,4,19,random,,345.2569580078125,367.1111145019531,366.5902919769287,453.1041717529297,8,4,,,,,,,,,,,,2026-07-06T21:59:09.647Z,QGFAEPFN,2026-07-06,2026-07-06,18:59:09,2026-07-06 18:59:09,,,,,,,,697a707b5bc42b2987347880,697a707b5bc42b2987347880,,,,
53847,raw_position_sample,2,2,int,18,3,17,18,106, protection. ,413,359,4412033.099999998,697a707b5bc42b2987347880,697a707b5bc42b2987347880,intermediate,3,697a707b5bc42b2987347880,697a707b5bc42b2987347880,spotlight_PROLIFIC,,30,Brasil,Português Brasil ,"Português Brasil, inglês ",inglês,Português Brasil:80|English:10|inglês:10,100,Português Brasil:80|English:10|inglês:10,100,Português Brasil:100|English:0|inglês:0,100,17,5,Bachelor's,10,10,10,5,6,8,12,28,28,28,Duolingo,90,,,,,16,25,B1,elementary|intermediate,elementary|intermediate,cambridge_15_21_random_elementary_intermediate,4,19,random,,345.2569580078125,367.1111145019531,366.5902919769287,453.1041717529297,8,4,,,,,,,,,,,,2026-07-06T21:59:09.647Z,QGFAEPFN,2026-07-06,2026-07-06,18:59:09,2026-07-06 18:59:09,,,,,,,,697a707b5bc42b2987347880,697a707b5bc42b2987347880,,,,
53896,raw_position_sample,2,2,int,18,3,17,18,106, protection. ,415,359,4412082.3999999985,697a707b5bc42b2987347880,697a707b5bc42b2987347880,intermediate,3,697a707b5bc42b2987347880,697a707b5bc42b2987347880,spotlight_PROLIFIC,,30,Brasil,Português Brasil ,"Português Brasil, inglês ",inglês,Português Brasil:80|English:10|inglês:10,100,Português Brasil:80|English:10|inglês:10,100,Português Brasil:100|English:0|inglês:0,100,17,5,Bachelor's,10,10,10,5,6,8,12,28,28,28,Duolingo,90,,,,,16,25,B1,elementary|intermediate,elementary|intermediate,cambridge_15_21_random_elementary_intermediate,4,19,random,,345.2569580078125,367.1111145019531,366.5902919769287,453.1041717529297,8,4,,,,,,,,,,,,2026-07-06T21:59:09.647Z,QGFAEPFN,2026-07-06,2026-07-06,18:59:09,2026-07-06 18:59:09,,,,,,,,697a707b5bc42b2987347880,697a707b5bc42b2987347880,,,,
53947,raw_position_sample,2,2,int,18,3,17,18,106, protection. ,415,359,4412132.8999999985,697a707b5bc42b2987347880,697a707b5bc42b2987347880,intermediate,3,697a707b5bc42b2987347880,697a707b5bc42b2987347880,spotlight_PROLIFIC,,30,Brasil,Português Brasil ,"Português Brasil, inglês ",inglês,Português Brasil:80|English:10|inglês:10,100,Português Brasil:80|English:10|inglês:10,100,Português Brasil:100|English:0|inglês:0,100,17,5,Bachelor's,10,10,10,5,6,8,12,28,28,28,Duolingo,90,,,,,16,25,B1,elementary|intermediate,elementary|intermediate,cambridge_15_21_random_elementary_intermediate,4,19,random,,345.2569580078125,367.1111145019531,366.5902919769287,453.1041717529297,8,4,,,,,,,,,,,,2026-07-06T21:59:09.647Z,QGFAEPFN,2026-07-06,2026-07-06,18:59:09,2026-07-06 18:59:09,,,,,,,,697a707b5bc42b2987347880,697a707b5bc42b2987347880,,,,
53996,raw_position_sample,2,2,int,18,3,17,18,106, protection. ,415,359,4412182.199999999,697a707b5bc42b2987347880,697a707b5bc42b2987347880,intermediate,3,697a707b5bc42b2987347880,697a707b5bc42b2987347880,spotlight_PROLIFIC,,30,Brasil,Português Brasil ,"Português Brasil, inglês ",inglês,Português Brasil:80|English:10|inglês:10,100,Português Brasil:80|English:10|inglês:10,100,Português Brasil:100|English:0|inglês:0,100,17,5,Bachelor's,10,10,10,5,6,8,12,28,28,28,Duolingo,90,,,,,16,25,B1,elementary|intermediate,elementary|intermediate,cambridge_15_21_random_elementary_intermediate,4,19,random,,345.2569580078125,367.1111145019531,366.5902919769287,453.1041717529297,8,4,,,,,,,,,,,,2026-07-06T21:59:09.647Z,QGFAEPFN,2026-07-06,2026-07-06,18:59:09,2026-07-06 18:59:09,,,,,,,,697a707b5bc42b2987347880,697a707b5bc42b2987347880,,,,
54050,raw_position_sample,2,2,int,18,3,17,18,106, protection. ,415,359,4412235.699999999,697a707b5bc42b2987347880,697a707b5bc42b2987347880,intermediate,3,697a707b5bc42b2987347880,697a707b5bc42b2987347880,spotlight_PROLIFIC,,30,Brasil,Português Brasil ,"Português Brasil, inglês ",inglês,Português Brasil:80|English:10|inglês:10,100,Português Brasil:80|English:10|inglês:10,100,Português Brasil:100|English:0|inglês:0,100,17,5,Bachelor's,10,10,10,5,6,8,12,28,28,28,Duolingo,90,,,,,16,25,B1,elementary|intermediate,elementary|intermediate,cambridge_15_21_random_elementary_intermediate,4,19,random,,345.2569580078125,367.1111145019531,366.5902919769287,453.1041717529297,8,4,,,,,,,,,,,,2026-07-06T21:59:09.647Z,QGFAEPFN,2026-07-06,2026-07-06,18:59:09,2026-07-06 18:59:09,,,,,,,,697a707b5bc42b2987347880,697a707b5bc42b2987347880,,,,
54100,raw_position_sample,2,2,int,18,3,17,18,106, protection. ,415,359,4412285.8999999985,697a707b5bc42b2987347880,697a707b5bc42b2987347880,intermediate,3,697a707b5bc42b2987347880,697a707b5bc42b2987347880,spotlight_PROLIFIC,,30,Brasil,Português Brasil ,"Português Brasil, inglês ",inglês,Português Brasil:80|English:10|inglês:10,100,Português Brasil:80|English:10|inglês:10,100,Português Brasil:100|English:0|inglês:0,100,17,5,Bachelor's,10,10,10,5,6,8,12,28,28,28,Duolingo,90,,,,,16,25,B1,elementary|intermediate,elementary|intermediate,cambridge_15_21_random_elementary_intermediate,4,19,random,,345.2569580078125,367.1111145019531,366.5902919769287,453.1041717529297,8,4,,,,,,,,,,,,2026-07-06T21:59:09.647Z,QGFAEPFN,2026-07-06,2026-07-06,18:59:09,2026-07-06 18:59:09,,,,,,,,697a707b5bc42b2987347880,697a707b5bc42b2987347880,,,,
54150,raw_position_sample,2,2,int,18,3,17,18,106, protection. ,415,359,4412336,697a707b5bc42b2987347880,697a707b5bc42b2987347880,intermediate,3,697a707b5bc42b2987347880,697a707b5bc42b2987347880,spotlight_PROLIFIC,,30,Brasil,Português Brasil ,"Português Brasil, inglês ",inglês,Português Brasil:80|English:10|inglês:10,100,Português Brasil:80|English:10|inglês:10,100,Português Brasil:100|English:0|inglês:0,100,17,5,Bachelor's,10,10,10,5,6,8,12,28,28,28,Duolingo,90,,,,,16,25,B1,elementary|intermediate,elementary|intermediate,cambridge_15_21_random_elementary_intermediate,4,19,random,,345.2569580078125,367.1111145019531,366.5902919769287,453.1041717529297,8,4,,,,,,,,,,,,2026-07-06T21:59:09.647Z,QGFAEPFN,2026-07-06,2026-07-06,18:59:09,2026-07-06 18:59:09,,,,,,,,697a707b5bc42b2987347880,697a707b5bc42b2987347880,,,,
54199,raw_position_sample,2,2,int,18,3,17,18,106, protection. ,415,359,4412385.599999998,697a707b5bc42b2987347880,697a707b5bc42b2987347880,intermediate,3,697a707b5bc42b2987347880,697a707b5bc42b2987347880,spotlight_PROLIFIC,,30,Brasil,Português Brasil ,"Português Brasil, inglês ",inglês,Português Brasil:80|English:10|inglês:10,100,Português Brasil:80|English:10|inglês:10,100,Português Brasil:100|English:0|inglês:0,100,17,5,Bachelor's,10,10,10,5,6,8,12,28,28,28,Duolingo,90,,,,,16,25,B1,elementary|intermediate,elementary|intermediate,cambridge_15_21_random_elementary_intermediate,4,19,random,,345.2569580078125,367.1111145019531,366.5902919769287,453.1041717529297,8,4,,,,,,,,,,,,2026-07-06T21:59:09.647Z,QGFAEPFN,2026-07-06,2026-07-06,18:59:09,2026-07-06 18:59:09,,,,,,,,697a707b5bc42b2987347880,697a707b5bc42b2987347880,,,,
54251,raw_position_sample,2,2,int,18,3,17,18,106, protection. ,415,359,4412437.5,697a707b5bc42b2987347880,697a707b5bc42b2987347880,intermediate,3,697a707b5bc42b2987347880,697a707b5bc42b2987347880,spotlight_PROLIFIC,,30,Brasil,Português Brasil ,"Português Brasil, inglês ",inglês,Português Brasil:80|English:10|inglês:10,100,Português Brasil:80|English:10|inglês:10,100,Português Brasil:100|English:0|inglês:0,100,17,5,Bachelor's,10,10,10,5,6,8,12,28,28,28,Duolingo,90,,,,,16,25,B1,elementary|intermediate,elementary|intermediate,cambridge_15_21_random_elementary_intermediate,4,19,random,,345.2569580078125,367.1111145019531,366.5902919769287,453.1041717529297,8,4,,,,,,,,,,,,2026-07-06T21:59:09.647Z,QGFAEPFN,2026-07-06,2026-07-06,18:59:09,2026-07-06 18:59:09,,,,,,,,697a707b5bc42b2987347880,697a707b5bc42b2987347880,,,,
54300,raw_position_sample,2,2,int,18,3,17,18,106, protection. ,415,359,4412485.799999997,697a707b5bc42b2987347880,697a707b5bc42b2987347880,intermediate,3,697a707b5bc42b2987347880,697a707b5bc42b2987347880,spotlight_PROLIFIC,,30,Brasil,Português Brasil ,"Português Brasil, inglês ",inglês,Português Brasil:80|English:10|inglês:10,100,Português Brasil:80|English:10|inglês:10,100,Português Brasil:100|English:0|inglês:0,100,17,5,Bachelor's,10,10,10,5,6,8,12,28,28,28,Duolingo,90,,,,,16,25,B1,elementary|intermediate,elementary|intermediate,cambridge_15_21_random_elementary_intermediate,4,19,random,,345.2569580078125,367.1111145019531,366.5902919769287,453.1041717529297,8,4,,,,,,,,,,,,2026-07-06T21:59:09.647Z,QGFAEPFN,2026-07-06,2026-07-06,18:59:09,2026-07-06 18:59:09,,,,,,,,697a707b5bc42b2987347880,697a707b5bc42b2987347880,,,,
54349,raw_position_sample,2,2,int,18,3,17,18,106, protection. ,415,359,4412535.5,697a707b5bc42b2987347880,697a707b5bc42b2987347880,intermediate,3,697a707b5bc42b2987347880,697a707b5bc42b2987347880,spotlight_PROLIFIC,,30,Brasil,Português Brasil ,"Português Brasil, inglês ",inglês,Português Brasil:80|English:10|inglês:10,100,Português Brasil:80|English:10|inglês:10,100,Português Brasil:100|English:0|inglês:0,100,17,5,Bachelor's,10,10,10,5,6,8,12,28,28,28,Duolingo,90,,,,,16,25,B1,elementary|intermediate,elementary|intermediate,cambridge_15_21_random_elementary_intermediate,4,19,random,,345.2569580078125,367.1111145019531,366.5902919769287,453.1041717529297,8,4,,,,,,,,,,,,2026-07-06T21:59:09.647Z,QGFAEPFN,2026-07-06,2026-07-06,18:59:09,2026-07-06 18:59:09,,,,,,,,697a707b5bc42b2987347880,697a707b5bc42b2987347880,,,,
54400,raw_position_sample,2,2,int,18,3,17,18,106, protection. ,415,359,4412585.699999999,697a707b5bc42b2987347880,697a707b5bc42b2987347880,intermediate,3,697a707b5bc42b2987347880,697a707b5bc42b2987347880,spotlight_PROLIFIC,,30,Brasil,Português Brasil ,"Português Brasil, inglês ",inglês,Português Brasil:80|English:10|inglês:10,100,Português Brasil:80|English:10|inglês:10,100,Português Brasil:100|English:0|inglês:0,100,17,5,Bachelor's,10,10,10,5,6,8,12,28,28,28,Duolingo,90,,,,,16,25,B1,elementary|intermediate,elementary|intermediate,cambridge_15_21_random_elementary_intermediate,4,19,random,,345.2569580078125,367.1111145019531,366.5902919769287,453.1041717529297,8,4,,,,,,,,,,,,2026-07-06T21:59:09.647Z,QGFAEPFN,2026-07-06,2026-07-06,18:59:09,2026-07-06 18:59:09,,,,,,,,697a707b5bc42b2987347880,697a707b5bc42b2987347880,,,,
54450,raw_position_sample,2,2,int,18,3,17,18,106, protection. ,415,359,4412635.799999997,697a707b5bc42b2987347880,697a707b5bc42b2987347880,intermediate,3,697a707b5bc42b2987347880,697a707b5bc42b2987347880,spotlight_PROLIFIC,,30,Brasil,Português Brasil ,"Português Brasil, inglês ",inglês,Português Brasil:80|English:10|inglês:10,100,Português Brasil:80|English:10|inglês:10,100,Português Brasil:100|English:0|inglês:0,100,17,5,Bachelor's,10,10,10,5,6,8,12,28,28,28,Duolingo,90,,,,,16,25,B1,elementary|intermediate,elementary|intermediate,cambridge_15_21_random_elementary_intermediate,4,19,random,,345.2569580078125,367.1111145019531,366.5902919769287,453.1041717529297,8,4,,,,,,,,,,,,2026-07-06T21:59:09.647Z,QGFAEPFN,2026-07-06,2026-07-06,18:59:09,2026-07-06 18:59:09,,,,,,,,697a707b5bc42b2987347880,697a707b5bc42b2987347880,,,,
54499,raw_position_sample,2,2,int,18,3,17,18,106, protection. ,415,359,4412685.099999998,697a707b5bc42b2987347880,697a707b5bc42b2987347880,intermediate,3,697a707b5bc42b2987347880,697a707b5bc42b2987347880,spotlight_PROLIFIC,,30,Brasil,Português Brasil ,"Português Brasil, inglês ",inglês,Português Brasil:80|English:10|inglês:10,100,Português Brasil:80|English:10|inglês:10,100,Português Brasil:100|English:0|inglês:0,100,17,5,Bachelor's,10,10,10,5,6,8,12,28,28,28,Duolingo,90,,,,,16,25,B1,elementary|intermediate,elementary|intermediate,cambridge_15_21_random_elementary_intermediate,4,19,random,,345.2569580078125,367.1111145019531,366.5902919769287,453.1041717529297,8,4,,,,,,,,,,,,2026-07-06T21:59:09.647Z,QGFAEPFN,2026-07-06,2026-07-06,18:59:09,2026-07-06 18:59:09,,,,,,,,697a707b5bc42b2987347880,697a707b5bc42b2987347880,,,,
54552,raw_position_sample,2,2,int,18,3,17,18,106, protection. ,436,359,4412738.299999997,697a707b5bc42b2987347880,697a707b5bc42b2987347880,intermediate,3,697a707b5bc42b2987347880,697a707b5bc42b2987347880,spotlight_PROLIFIC,,30,Brasil,Português Brasil ,"Português Brasil, inglês ",inglês,Português Brasil:80|English:10|inglês:10,100,Português Brasil:80|English:10|inglês:10,100,Português Brasil:100|English:0|inglês:0,100,17,5,Bachelor's,10,10,10,5,6,8,12,28,28,28,Duolingo,90,,,,,16,25,B1,elementary|intermediate,elementary|intermediate,cambridge_15_21_random_elementary_intermediate,4,19,random,,345.2569580078125,367.1111145019531,366.5902919769287,453.1041717529297,8,4,,,,,,,,,,,,2026-07-06T21:59:09.647Z,QGFAEPFN,2026-07-06,2026-07-06,18:59:09,2026-07-06 18:59:09,,,,,,,,697a707b5bc42b2987347880,697a707b5bc42b2987347880,,,,
54595,raw_position_sample,2,2,int,18,3,17,18,106, protection. ,450,359,4412781.699999999,697a707b5bc42b2987347880,697a707b5bc42b2987347880,intermediate,3,697a707b5bc42b2987347880,697a707b5bc42b2987347880,spotlight_PROLIFIC,,30,Brasil,Português Brasil ,"Português Brasil, inglês ",inglês,Português Brasil:80|English:10|inglês:10,100,Português Brasil:80|English:10|inglês:10,100,Português Brasil:100|English:0|inglês:0,100,17,5,Bachelor's,10,10,10,5,6,8,12,28,28,28,Duolingo,90,,,,,16,25,B1,elementary|intermediate,elementary|intermediate,cambridge_15_21_random_elementary_intermediate,4,19,random,,345.2569580078125,367.1111145019531,366.5902919769287,453.1041717529297,8,4,,,,,,,,,,,,2026-07-06T21:59:09.647Z,QGFAEPFN,2026-07-06,2026-07-06,18:59:09,2026-07-06 18:59:09,,,,,,,,697a707b5bc42b2987347880,697a707b5bc42b2987347880,,,,
54613,hover_association,2,2,int,18,3,17,18,106, protection. ,370,356,,697a707b5bc42b2987347880,697a707b5bc42b2987347880,intermediate,3,697a707b5bc42b2987347880,697a707b5bc42b2987347880,spotlight_PROLIFIC,,30,Brasil,Português Brasil ,"Português Brasil, inglês ",inglês,Português Brasil:80|English:10|inglês:10,100,Português Brasil:80|English:10|inglês:10,100,Português Brasil:100|English:0|inglês:0,100,17,5,Bachelor's,10,10,10,5,6,8,12,28,28,28,Duolingo,90,,,,,16,25,B1,elementary|intermediate,elementary|intermediate,cambridge_15_21_random_elementary_intermediate,4,19,random,,335.9236249923706,367.11112213134766,375.9236249923706,457.0329911368234,8,4,hover,1265.300000000745,1265.300000000745,0.9885123480166933,0.5769093751907348,106,,,,,,2026-07-06T21:59:09.647Z,QGFAEPFN,2026-07-06,2026-07-06,18:59:09,2026-07-06 18:59:09,,,,,,,,697a707b5bc42b2987347880,697a707b5bc42b2987347880,,,,
54644,raw_position_sample,2,2,int,18,3,17,18,-1,999,465,359,4412830.599999998,697a707b5bc42b2987347880,697a707b5bc42b2987347880,intermediate,3,697a707b5bc42b2987347880,697a707b5bc42b2987347880,spotlight_PROLIFIC,,30,Brasil,Português Brasil ,"Português Brasil, inglês ",inglês,Português Brasil:80|English:10|inglês:10,100,Português Brasil:80|English:10|inglês:10,100,Português Brasil:100|English:0|inglês:0,100,17,5,Bachelor's,10,10,10,5,6,8,12,28,28,28,Duolingo,90,,,,,16,25,B1,elementary|intermediate,elementary|intermediate,cambridge_15_21_random_elementary_intermediate,4,19,random,,,,,,,,,,,,,,,,,,,2026-07-06T21:59:09.647Z,QGFAEPFN,2026-07-06,2026-07-06,18:59:09,2026-07-06 18:59:09,,,,,,,,697a707b5bc42b2987347880,697a707b5bc42b2987347880,,,,
54694,raw_position_sample,2,2,int,18,3,17,18,-1,999,492,363,4412880.699999999,697a707b5bc42b2987347880,697a707b5bc42b2987347880,intermediate,3,697a707b5bc42b2987347880,697a707b5bc42b2987347880,spotlight_PROLIFIC,,30,Brasil,Português Brasil ,"Português Brasil, inglês ",inglês,Português Brasil:80|English:10|inglês:10,100,Português Brasil:80|English:10|inglês:10,100,Português Brasil:100|English:0|inglês:0,100,17,5,Bachelor's,10,10,10,5,6,8,12,28,28,28,Duolingo,90,,,,,16,25,B1,elementary|intermediate,elementary|intermediate,cambridge_15_21_random_elementary_intermediate,4,19,random,,,,,,,,,,,,,,,,,,,2026-07-06T21:59:09.647Z,QGFAEPFN,2026-07-06,2026-07-06,18:59:09,2026-07-06 18:59:09,,,,,,,,697a707b5bc42b2987347880,697a707b5bc42b2987347880,,,,
54744,raw_position_sample,2,2,int,18,3,17,18,-1,999,510,369,4412930.3999999985,697a707b5bc42b2987347880,697a707b5bc42b2987347880,intermediate,3,697a707b5bc42b2987347880,697a707b5bc42b2987347880,spotlight_PROLIFIC,,30,Brasil,Português Brasil ,"Português Brasil, inglês ",inglês,Português Brasil:80|English:10|inglês:10,100,Português Brasil:80|English:10|inglês:10,100,Português Brasil:100|English:0|inglês:0,100,17,5,Bachelor's,10,10,10,5,6,8,12,28,28,28,Duolingo,90,,,,,16,25,B1,elementary|intermediate,elementary|intermediate,cambridge_15_21_random_elementary_intermediate,4,19,random,,,,,,,,,,,,,,,,,,,2026-07-06T21:59:09.647Z,QGFAEPFN,2026-07-06,2026-07-06,18:59:09,2026-07-06 18:59:09,,,,,,,,697a707b5bc42b2987347880,697a707b5bc42b2987347880,,,,
54798,raw_position_sample,2,2,int,18,3,17,18,-1,999,518,376,4412984.5,697a707b5bc42b2987347880,697a707b5bc42b2987347880,intermediate,3,697a707b5bc42b2987347880,697a707b5bc42b2987347880,spotlight_PROLIFIC,,30,Brasil,Português Brasil ,"Português Brasil, inglês ",inglês,Português Brasil:80|English:10|inglês:10,100,Português Brasil:80|English:10|inglês:10,100,Português Brasil:100|English:0|inglês:0,100,17,5,Bachelor's,10,10,10,5,6,8,12,28,28,28,Duolingo,90,,,,,16,25,B1,elementary|intermediate,elementary|intermediate,cambridge_15_21_random_elementary_intermediate,4,19,random,,,,,,,,,,,,,,,,,,,2026-07-06T21:59:09.647Z,QGFAEPFN,2026-07-06,2026-07-06,18:59:09,2026-07-06 18:59:09,,,,,,,,697a707b5bc42b2987347880,697a707b5bc42b2987347880,,,,
54844,raw_position_sample,2,2,int,18,3,17,18,-1,999,524,381,4413030.599999998,697a707b5bc42b2987347880,697a707b5bc42b2987347880,intermediate,3,697a707b5bc42b2987347880,697a707b5bc42b2987347880,spotlight_PROLIFIC,,30,Brasil,Português Brasil ,"Português Brasil, inglês ",inglês,Português Brasil:80|English:10|inglês:10,100,Português Brasil:80|English:10|inglês:10,100,Português Brasil:100|English:0|inglês:0,100,17,5,Bachelor's,10,10,10,5,6,8,12,28,28,28,Duolingo,90,,,,,16,25,B1,elementary|intermediate,elementary|intermediate,cambridge_15_21_random_elementary_intermediate,4,19,random,,,,,,,,,,,,,,,,,,,2026-07-06T21:59:09.647Z,QGFAEPFN,2026-07-06,2026-07-06,18:59:09,2026-07-06 18:59:09,,,,,,,,697a707b5bc42b2987347880,697a707b5bc42b2987347880,,,,
54894,raw_position_sample,2,2,int,18,3,17,18,-1,999,534,389,4413080.599999998,697a707b5bc42b2987347880,697a707b5bc42b2987347880,intermediate,3,697a707b5bc42b2987347880,697a707b5bc42b2987347880,spotlight_PROLIFIC,,30,Brasil,Português Brasil ,"Português Brasil, inglês ",inglês,Português Brasil:80|English:10|inglês:10,100,Português Brasil:80|English:10|inglês:10,100,Português Brasil:100|English:0|inglês:0,100,17,5,Bachelor's,10,10,10,5,6,8,12,28,28,28,Duolingo,90,,,,,16,25,B1,elementary|intermediate,elementary|intermediate,cambridge_15_21_random_elementary_intermediate,4,19,random,,,,,,,,,,,,,,,,,,,2026-07-06T21:59:09.647Z,QGFAEPFN,2026-07-06,2026-07-06,18:59:09,2026-07-06 18:59:09,,,,,,,,697a707b5bc42b2987347880,697a707b5bc42b2987347880,,,,
54944,raw_position_sample,2,2,int,18,3,17,18,-1,999,534,389,4413130.599999998,697a707b5bc42b2987347880,697a707b5bc42b2987347880,intermediate,3,697a707b5bc42b2987347880,697a707b5bc42b2987347880,spotlight_PROLIFIC,,30,Brasil,Português Brasil ,"Português Brasil, inglês ",inglês,Português Brasil:80|English:10|inglês:10,100,Português Brasil:80|English:10|inglês:10,100,Português Brasil:100|English:0|inglês:0,100,17,5,Bachelor's,10,10,10,5,6,8,12,28,28,28,Duolingo,90,,,,,16,25,B1,elementary|intermediate,elementary|intermediate,cambridge_15_21_random_elementary_intermediate,4,19,random,,,,,,,,,,,,,,,,,,,2026-07-06T21:59:09.647Z,QGFAEPFN,2026-07-06,2026-07-06,18:59:09,2026-07-06 18:59:09,,,,,,,,697a707b5bc42b2987347880,697a707b5bc42b2987347880,,,,
54995,raw_position_sample,2,2,int,18,3,17,18,-1,999,534,389,4413181,697a707b5bc42b2987347880,697a707b5bc42b2987347880,intermediate,3,697a707b5bc42b2987347880,697a707b5bc42b2987347880,spotlight_PROLIFIC,,30,Brasil,Português Brasil ,"Português Brasil, inglês ",inglês,Português Brasil:80|English:10|inglês:10,100,Português Brasil:80|English:10|inglês:10,100,Português Brasil:100|English:0|inglês:0,100,17,5,Bachelor's,10,10,10,5,6,8,12,28,28,28,Duolingo,90,,,,,16,25,B1,elementary|intermediate,elementary|intermediate,cambridge_15_21_random_elementary_intermediate,4,19,random,,,,,,,,,,,,,,,,,,,2026-07-06T21:59:09.647Z,QGFAEPFN,2026-07-06,2026-07-06,18:59:09,2026-07-06 18:59:09,,,,,,,,697a707b5bc42b2987347880,697a707b5bc42b2987347880,,,,
55045,raw_position_sample,2,2,int,18,3,17,18,-1,999,534,389,4413230.799999997,697a707b5bc42b2987347880,697a707b5bc42b2987347880,intermediate,3,697a707b5bc42b2987347880,697a707b5bc42b2987347880,spotlight_PROLIFIC,,30,Brasil,Português Brasil ,"Português Brasil, inglês ",inglês,Português Brasil:80|English:10|inglês:10,100,Português Brasil:80|English:10|inglês:10,100,Português Brasil:100|English:0|inglês:0,100,17,5,Bachelor's,10,10,10,5,6,8,12,28,28,28,Duolingo,90,,,,,16,25,B1,elementary|intermediate,elementary|intermediate,cambridge_15_21_random_elementary_intermediate,4,19,random,,,,,,,,,,,,,,,,,,,2026-07-06T21:59:09.647Z,QGFAEPFN,2026-07-06,2026-07-06,18:59:09,2026-07-06 18:59:09,,,,,,,,697a707b5bc42b2987347880,697a707b5bc42b2987347880,,,,
55095,raw_position_sample,2,2,int,18,3,17,18,-1,999,534,389,4413280.8999999985,697a707b5bc42b2987347880,697a707b5bc42b2987347880,intermediate,3,697a707b5bc42b2987347880,697a707b5bc42b2987347880,spotlight_PROLIFIC,,30,Brasil,Português Brasil ,"Português Brasil, inglês ",inglês,Português Brasil:80|English:10|inglês:10,100,Português Brasil:80|English:10|inglês:10,100,Português Brasil:100|English:0|inglês:0,100,17,5,Bachelor's,10,10,10,5,6,8,12,28,28,28,Duolingo,90,,,,,16,25,B1,elementary|intermediate,elementary|intermediate,cambridge_15_21_random_elementary_intermediate,4,19,random,,,,,,,,,,,,,,,,,,,2026-07-06T21:59:09.647Z,QGFAEPFN,2026-07-06,2026-07-06,18:59:09,2026-07-06 18:59:09,,,,,,,,697a707b5bc42b2987347880,697a707b5bc42b2987347880,,,,
55145,raw_position_sample,2,2,int,18,3,17,18,-1,999,534,389,4413330.799999997,697a707b5bc42b2987347880,697a707b5bc42b2987347880,intermediate,3,697a707b5bc42b2987347880,697a707b5bc42b2987347880,spotlight_PROLIFIC,,30,Brasil,Português Brasil ,"Português Brasil, inglês ",inglês,Português Brasil:80|English:10|inglês:10,100,Português Brasil:80|English:10|inglês:10,100,Português Brasil:100|English:0|inglês:0,100,17,5,Bachelor's,10,10,10,5,6,8,12,28,28,28,Duolingo,90,,,,,16,25,B1,elementary|intermediate,elementary|intermediate,cambridge_15_21_random_elementary_intermediate,4,19,random,,,,,,,,,,,,,,,,,,,2026-07-06T21:59:09.647Z,QGFAEPFN,2026-07-06,2026-07-06,18:59:09,2026-07-06 18:59:09,,,,,,,,697a707b5bc42b2987347880,697a707b5bc42b2987347880,,,,
55195,raw_position_sample,2,2,int,18,3,17,18,-1,999,534,389,4413381.099999998,697a707b5bc42b2987347880,697a707b5bc42b2987347880,intermediate,3,697a707b5bc42b2987347880,697a707b5bc42b2987347880,spotlight_PROLIFIC,,30,Brasil,Português Brasil ,"Português Brasil, inglês ",inglês,Português Brasil:80|English:10|inglês:10,100,Português Brasil:80|English:10|inglês:10,100,Português Brasil:100|English:0|inglês:0,100,17,5,Bachelor's,10,10,10,5,6,8,12,28,28,28,Duolingo,90,,,,,16,25,B1,elementary|intermediate,elementary|intermediate,cambridge_15_21_random_elementary_intermediate,4,19,random,,,,,,,,,,,,,,,,,,,2026-07-06T21:59:09.647Z,QGFAEPFN,2026-07-06,2026-07-06,18:59:09,2026-07-06 18:59:09,,,,,,,,697a707b5bc42b2987347880,697a707b5bc42b2987347880,,,,
55245,raw_position_sample,2,2,int,18,3,17,18,-1,999,534,389,4413431.199999999,697a707b5bc42b2987347880,697a707b5bc42b2987347880,intermediate,3,697a707b5bc42b2987347880,697a707b5bc42b2987347880,spotlight_PROLIFIC,,30,Brasil,Português Brasil ,"Português Brasil, inglês ",inglês,Português Brasil:80|English:10|inglês:10,100,Português Brasil:80|English:10|inglês:10,100,Português Brasil:100|English:0|inglês:0,100,17,5,Bachelor's,10,10,10,5,6,8,12,28,28,28,Duolingo,90,,,,,16,25,B1,elementary|intermediate,elementary|intermediate,cambridge_15_21_random_elementary_intermediate,4,19,random,,,,,,,,,,,,,,,,,,,2026-07-06T21:59:09.647Z,QGFAEPFN,2026-07-06,2026-07-06,18:59:09,2026-07-06 18:59:09,,,,,,,,697a707b5bc42b2987347880,697a707b5bc42b2987347880,,,,
55295,raw_position_sample,2,2,int,18,3,17,18,-1,999,534,389,4413481.099999998,697a707b5bc42b2987347880,697a707b5bc42b2987347880,intermediate,3,697a707b5bc42b2987347880,697a707b5bc42b2987347880,spotlight_PROLIFIC,,30,Brasil,Português Brasil ,"Português Brasil, inglês ",inglês,Português Brasil:80|English:10|inglês:10,100,Português Brasil:80|English:10|inglês:10,100,Português Brasil:100|English:0|inglês:0,100,17,5,Bachelor's,10,10,10,5,6,8,12,28,28,28,Duolingo,90,,,,,16,25,B1,elementary|intermediate,elementary|intermediate,cambridge_15_21_random_elementary_intermediate,4,19,random,,,,,,,,,,,,,,,,,,,2026-07-06T21:59:09.647Z,QGFAEPFN,2026-07-06,2026-07-06,18:59:09,2026-07-06 18:59:09,,,,,,,,697a707b5bc42b2987347880,697a707b5bc42b2987347880,,,,
55345,raw_position_sample,2,2,int,18,3,17,18,-1,999,534,389,4413530.799999997,697a707b5bc42b2987347880,697a707b5bc42b2987347880,intermediate,3,697a707b5bc42b2987347880,697a707b5bc42b2987347880,spotlight_PROLIFIC,,30,Brasil,Português Brasil ,"Português Brasil, inglês ",inglês,Português Brasil:80|English:10|inglês:10,100,Português Brasil:80|English:10|inglês:10,100,Português Brasil:100|English:0|inglês:0,100,17,5,Bachelor's,10,10,10,5,6,8,12,28,28,28,Duolingo,90,,,,,16,25,B1,elementary|intermediate,elementary|intermediate,cambridge_15_21_random_elementary_intermediate,4,19,random,,,,,,,,,,,,,,,,,,,2026-07-06T21:59:09.647Z,QGFAEPFN,2026-07-06,2026-07-06,18:59:09,2026-07-06 18:59:09,,,,,,,,697a707b5bc42b2987347880,697a707b5bc42b2987347880,,,,
55396,raw_position_sample,2,2,int,18,3,17,18,-1,999,534,389,4413582.599999998,697a707b5bc42b2987347880,697a707b5bc42b2987347880,intermediate,3,697a707b5bc42b2987347880,697a707b5bc42b2987347880,spotlight_PROLIFIC,,30,Brasil,Português Brasil ,"Português Brasil, inglês ",inglês,Português Brasil:80|English:10|inglês:10,100,Português Brasil:80|English:10|inglês:10,100,Português Brasil:100|English:0|inglês:0,100,17,5,Bachelor's,10,10,10,5,6,8,12,28,28,28,Duolingo,90,,,,,16,25,B1,elementary|intermediate,elementary|intermediate,cambridge_15_21_random_elementary_intermediate,4,19,random,,,,,,,,,,,,,,,,,,,2026-07-06T21:59:09.647Z,QGFAEPFN,2026-07-06,2026-07-06,18:59:09,2026-07-06 18:59:09,,,,,,,,697a707b5bc42b2987347880,697a707b5bc42b2987347880,,,,
55447,raw_position_sample,2,2,int,18,3,17,18,-1,999,534,389,4413633,697a707b5bc42b2987347880,697a707b5bc42b2987347880,intermediate,3,697a707b5bc42b2987347880,697a707b5bc42b2987347880,spotlight_PROLIFIC,,30,Brasil,Português Brasil ,"Português Brasil, inglês ",inglês,Português Brasil:80|English:10|inglês:10,100,Português Brasil:80|English:10|inglês:10,100,Português Brasil:100|English:0|inglês:0,100,17,5,Bachelor's,10,10,10,5,6,8,12,28,28,28,Duolingo,90,,,,,16,25,B1,elementary|intermediate,elementary|intermediate,cambridge_15_21_random_elementary_intermediate,4,19,random,,,,,,,,,,,,,,,,,,,2026-07-06T21:59:09.647Z,QGFAEPFN,2026-07-06,2026-07-06,18:59:09,2026-07-06 18:59:09,,,,,,,,697a707b5bc42b2987347880,697a707b5bc42b2987347880,,,,
55495,raw_position_sample,2,2,int,18,3,17,18,-1,999,534,389,4413681.299999997,697a707b5bc42b2987347880,697a707b5bc42b2987347880,intermediate,3,697a707b5bc42b2987347880,697a707b5bc42b2987347880,spotlight_PROLIFIC,,30,Brasil,Português Brasil ,"Português Brasil, inglês ",inglês,Português Brasil:80|English:10|inglês:10,100,Português Brasil:80|English:10|inglês:10,100,Português Brasil:100|English:0|inglês:0,100,17,5,Bachelor's,10,10,10,5,6,8,12,28,28,28,Duolingo,90,,,,,16,25,B1,elementary|intermediate,elementary|intermediate,cambridge_15_21_random_elementary_intermediate,4,19,random,,,,,,,,,,,,,,,,,,,2026-07-06T21:59:09.647Z,QGFAEPFN,2026-07-06,2026-07-06,18:59:09,2026-07-06 18:59:09,,,,,,,,697a707b5bc42b2987347880,697a707b5bc42b2987347880,,,,
55545,raw_position_sample,2,2,int,18,3,17,18,-1,999,534,389,4413731.099999998,697a707b5bc42b2987347880,697a707b5bc42b2987347880,intermediate,3,697a707b5bc42b2987347880,697a707b5bc42b2987347880,spotlight_PROLIFIC,,30,Brasil,Português Brasil ,"Português Brasil, inglês ",inglês,Português Brasil:80|English:10|inglês:10,100,Português Brasil:80|English:10|inglês:10,100,Português Brasil:100|English:0|inglês:0,100,17,5,Bachelor's,10,10,10,5,6,8,12,28,28,28,Duolingo,90,,,,,16,25,B1,elementary|intermediate,elementary|intermediate,cambridge_15_21_random_elementary_intermediate,4,19,random,,,,,,,,,,,,,,,,,,,2026-07-06T21:59:09.647Z,QGFAEPFN,2026-07-06,2026-07-06,18:59:09,2026-07-06 18:59:09,,,,,,,,697a707b5bc42b2987347880,697a707b5bc42b2987347880,,,,
55595,raw_position_sample,2,2,int,18,3,17,18,-1,999,534,389,4413781.099999998,697a707b5bc42b2987347880,697a707b5bc42b2987347880,intermediate,3,697a707b5bc42b2987347880,697a707b5bc42b2987347880,spotlight_PROLIFIC,,30,Brasil,Português Brasil ,"Português Brasil, inglês ",inglês,Português Brasil:80|English:10|inglês:10,100,Português Brasil:80|English:10|inglês:10,100,Português Brasil:100|English:0|inglês:0,100,17,5,Bachelor's,10,10,10,5,6,8,12,28,28,28,Duolingo,90,,,,,16,25,B1,elementary|intermediate,elementary|intermediate,cambridge_15_21_random_elementary_intermediate,4,19,random,,,,,,,,,,,,,,,,,,,2026-07-06T21:59:09.647Z,QGFAEPFN,2026-07-06,2026-07-06,18:59:09,2026-07-06 18:59:09,,,,,,,,697a707b5bc42b2987347880,697a707b5bc42b2987347880,,,,
55647,raw_position_sample,2,2,int,18,3,17,18,-1,999,534,389,4413833.099999998,697a707b5bc42b2987347880,697a707b5bc42b2987347880,intermediate,3,697a707b5bc42b2987347880,697a707b5bc42b2987347880,spotlight_PROLIFIC,,30,Brasil,Português Brasil ,"Português Brasil, inglês ",inglês,Português Brasil:80|English:10|inglês:10,100,Português Brasil:80|English:10|inglês:10,100,Português Brasil:100|English:0|inglês:0,100,17,5,Bachelor's,10,10,10,5,6,8,12,28,28,28,Duolingo,90,,,,,16,25,B1,elementary|intermediate,elementary|intermediate,cambridge_15_21_random_elementary_intermediate,4,19,random,,,,,,,,,,,,,,,,,,,2026-07-06T21:59:09.647Z,QGFAEPFN,2026-07-06,2026-07-06,18:59:09,2026-07-06 18:59:09,,,,,,,,697a707b5bc42b2987347880,697a707b5bc42b2987347880,,,,
55695,raw_position_sample,2,2,int,18,3,17,18,-1,999,534,389,4413881.199999999,697a707b5bc42b2987347880,697a707b5bc42b2987347880,intermediate,3,697a707b5bc42b2987347880,697a707b5bc42b2987347880,spotlight_PROLIFIC,,30,Brasil,Português Brasil ,"Português Brasil, inglês ",inglês,Português Brasil:80|English:10|inglês:10,100,Português Brasil:80|English:10|inglês:10,100,Português Brasil:100|English:0|inglês:0,100,17,5,Bachelor's,10,10,10,5,6,8,12,28,28,28,Duolingo,90,,,,,16,25,B1,elementary|intermediate,elementary|intermediate,cambridge_15_21_random_elementary_intermediate,4,19,random,,,,,,,,,,,,,,,,,,,2026-07-06T21:59:09.647Z,QGFAEPFN,2026-07-06,2026-07-06,18:59:09,2026-07-06 18:59:09,,,,,,,,697a707b5bc42b2987347880,697a707b5bc42b2987347880,,,,
55747,raw_position_sample,2,2,int,18,3,17,18,-1,999,534,389,4413933.299999997,697a707b5bc42b2987347880,697a707b5bc42b2987347880,intermediate,3,697a707b5bc42b2987347880,697a707b5bc42b2987347880,spotlight_PROLIFIC,,30,Brasil,Português Brasil ,"Português Brasil, inglês ",inglês,Português Brasil:80|English:10|inglês:10,100,Português Brasil:80|English:10|inglês:10,100,Português Brasil:100|English:0|inglês:0,100,17,5,Bachelor's,10,10,10,5,6,8,12,28,28,28,Duolingo,90,,,,,16,25,B1,elementary|intermediate,elementary|intermediate,cambridge_15_21_random_elementary_intermediate,4,19,random,,,,,,,,,,,,,,,,,,,2026-07-06T21:59:09.647Z,QGFAEPFN,2026-07-06,2026-07-06,18:59:09,2026-07-06 18:59:09,,,,,,,,697a707b5bc42b2987347880,697a707b5bc42b2987347880,,,,
55794,raw_position_sample,2,2,int,18,3,17,18,-1,999,534,389,4413980.3999999985,697a707b5bc42b2987347880,697a707b5bc42b2987347880,intermediate,3,697a707b5bc42b2987347880,697a707b5bc42b2987347880,spotlight_PROLIFIC,,30,Brasil,Português Brasil ,"Português Brasil, inglês ",inglês,Português Brasil:80|English:10|inglês:10,100,Português Brasil:80|English:10|inglês:10,100,Português Brasil:100|English:0|inglês:0,100,17,5,Bachelor's,10,10,10,5,6,8,12,28,28,28,Duolingo,90,,,,,16,25,B1,elementary|intermediate,elementary|intermediate,cambridge_15_21_random_elementary_intermediate,4,19,random,,,,,,,,,,,,,,,,,,,2026-07-06T21:59:09.647Z,QGFAEPFN,2026-07-06,2026-07-06,18:59:09,2026-07-06 18:59:09,,,,,,,,697a707b5bc42b2987347880,697a707b5bc42b2987347880,,,,
55845,raw_position_sample,2,2,int,18,3,17,18,-1,999,534,389,4414031.5,697a707b5bc42b2987347880,697a707b5bc42b2987347880,intermediate,3,697a707b5bc42b2987347880,697a707b5bc42b2987347880,spotlight_PROLIFIC,,30,Brasil,Português Brasil ,"Português Brasil, inglês ",inglês,Português Brasil:80|English:10|inglês:10,100,Português Brasil:80|English:10|inglês:10,100,Português Brasil:100|English:0|inglês:0,100,17,5,Bachelor's,10,10,10,5,6,8,12,28,28,28,Duolingo,90,,,,,16,25,B1,elementary|intermediate,elementary|intermediate,cambridge_15_21_random_elementary_intermediate,4,19,random,,,,,,,,,,,,,,,,,,,2026-07-06T21:59:09.647Z,QGFAEPFN,2026-07-06,2026-07-06,18:59:09,2026-07-06 18:59:09,,,,,,,,697a707b5bc42b2987347880,697a707b5bc42b2987347880,,,,
127715,,,,int,18,3,17,,,,,,,697a707b5bc42b2987347880,697a707b5bc42b2987347880,,,697a707b5bc42b2987347880,697a707b5bc42b2987347880,spotlight_PROLIFIC,,30,Brasil,Português Brasil ,"Português Brasil, inglês ",inglês,Português Brasil:80|English:10|inglês:10,100,Português Brasil:80|English:10|inglês:10,100,Português Brasil:100|English:0|inglês:0,100,17,5,Bachelor's,10,10,10,5,6,8,12,28,28,28,Duolingo,90,,,,,16,25,B1,elementary|intermediate,elementary|intermediate,cambridge_15_21_random_elementary_intermediate,4,19,random,,,,,,,,,,,,,,Better management of areas where tigers live,1,,,,2026-07-06T21:59:09.647Z,QGFAEPFN,2026-07-06,2026-07-06,18:59:09,2026-07-06 18:59:09,,,,,,,,697a707b5bc42b2987347880,697a707b5bc42b2987347880,,,,
