participant_id,SONAId,Condition,onestop_level,onestop_article_number,onestop_paragraph_number,ItemId,text_presentation_order,WordIndex,Word,responseTime,sampleTimeMs,mousePositionX,mousePositionY,wordPositionTop,wordPositionLeft,wordPositionBottom,wordPositionRight,line_number,position_in_line,response,response_correct,device,hand,experiment_date,experiment_start_date,experiment_start_time,experiment_start_clock_time,experiment_start_time_local,experiment_end_date,experiment_end_time,experiment_end_clock_time,experiment_end_time_local,experiment_duration,experiment_duration_ms,experiment
QGFAEPFN,697a707b5bc42b2987347880,2,int,18,4,18,19,-1,999,601,4495680,185,49,,,,,,,The government announced a plan for protecting villagers from tigers,0,,,2026-07-06,2026-07-06,2026-07-06T21:59:09.647Z,18:59:09,2026-07-06 18:59:09,,,,,,,spotlight-prolific
QGFAEPFN,697a707b5bc42b2987347880,2,int,18,4,18,19,-1,999,655,4495734,208,71,,,,,,,The government announced a plan for protecting villagers from tigers,0,,,2026-07-06,2026-07-06,2026-07-06T21:59:09.647Z,18:59:09,2026-07-06 18:59:09,,,,,,,spotlight-prolific
QGFAEPFN,697a707b5bc42b2987347880,2,int,18,4,18,19,-1,999,708,4495788,213,76,,,,,,,The government announced a plan for protecting villagers from tigers,0,,,2026-07-06,2026-07-06,2026-07-06T21:59:09.647Z,18:59:09,2026-07-06 18:59:09,,,,,,,spotlight-prolific
QGFAEPFN,697a707b5bc42b2987347880,2,int,18,4,18,19,-1,999,760,4495839,215,79,,,,,,,The government announced a plan for protecting villagers from tigers,0,,,2026-07-06,2026-07-06,2026-07-06T21:59:09.647Z,18:59:09,2026-07-06 18:59:09,,,,,,,spotlight-prolific
QGFAEPFN,697a707b5bc42b2987347880,2,int,18,4,18,19,-1,999,810,4495889,216,79,,,,,,,The government announced a plan for protecting villagers from tigers,0,,,2026-07-06,2026-07-06,2026-07-06T21:59:09.647Z,18:59:09,2026-07-06 18:59:09,,,,,,,spotlight-prolific
QGFAEPFN,697a707b5bc42b2987347880,2,int,18,4,18,19,-1,999,852,4495931,216,79,,,,,,,The government announced a plan for protecting villagers from tigers,0,,,2026-07-06,2026-07-06,2026-07-06T21:59:09.647Z,18:59:09,2026-07-06 18:59:09,,,,,,,spotlight-prolific
QGFAEPFN,697a707b5bc42b2987347880,2,int,18,4,18,19,-1,999,901,4495981,218,81,,,,,,,The government announced a plan for protecting villagers from tigers,0,,,2026-07-06,2026-07-06,2026-07-06T21:59:09.647Z,18:59:09,2026-07-06 18:59:09,,,,,,,spotlight-prolific
QGFAEPFN,697a707b5bc42b2987347880,2,int,18,4,18,19,-1,999,953,4496033,218,81,,,,,,,The government announced a plan for protecting villagers from tigers,0,,,2026-07-06,2026-07-06,2026-07-06T21:59:09.647Z,18:59:09,2026-07-06 18:59:09,,,,,,,spotlight-prolific
QGFAEPFN,697a707b5bc42b2987347880,2,int,18,4,18,19,-1,999,1002,4496081,218,81,,,,,,,The government announced a plan for protecting villagers from tigers,0,,,2026-07-06,2026-07-06,2026-07-06T21:59:09.647Z,18:59:09,2026-07-06 18:59:09,,,,,,,spotlight-prolific
QGFAEPFN,697a707b5bc42b2987347880,2,int,18,4,18,19,-1,999,1052,4496131,218,81,,,,,,,The government announced a plan for protecting villagers from tigers,0,,,2026-07-06,2026-07-06,2026-07-06T21:59:09.647Z,18:59:09,2026-07-06 18:59:09,,,,,,,spotlight-prolific
QGFAEPFN,697a707b5bc42b2987347880,2,int,18,4,18,19,-1,999,1101,4496181,219,81,,,,,,,The government announced a plan for protecting villagers from tigers,0,,,2026-07-06,2026-07-06,2026-07-06T21:59:09.647Z,18:59:09,2026-07-06 18:59:09,,,,,,,spotlight-prolific
QGFAEPFN,697a707b5bc42b2987347880,2,int,18,4,18,19,-1,999,1152,4496231,219,81,,,,,,,The government announced a plan for protecting villagers from tigers,0,,,2026-07-06,2026-07-06,2026-07-06T21:59:09.647Z,18:59:09,2026-07-06 18:59:09,,,,,,,spotlight-prolific
QGFAEPFN,697a707b5bc42b2987347880,2,int,18,4,18,19,-1,999,1201,4496281,223,81,,,,,,,The government announced a plan for protecting villagers from tigers,0,,,2026-07-06,2026-07-06,2026-07-06T21:59:09.647Z,18:59:09,2026-07-06 18:59:09,,,,,,,spotlight-prolific
QGFAEPFN,697a707b5bc42b2987347880,2,int,18,4,18,19,-1,999,1254,4496334,227,81,,,,,,,The government announced a plan for protecting villagers from tigers,0,,,2026-07-06,2026-07-06,2026-07-06T21:59:09.647Z,18:59:09,2026-07-06 18:59:09,,,,,,,spotlight-prolific
QGFAEPFN,697a707b5bc42b2987347880,2,int,18,4,18,19,1, “The ,1303,4496382,232,81,65.25694274902344,234.18055725097656,86.59027671813965,274.9444465637207,1,1,The government announced a plan for protecting villagers from tigers,0,,,2026-07-06,2026-07-06,2026-07-06T21:59:09.647Z,18:59:09,2026-07-06 18:59:09,,,,,,,spotlight-prolific
QGFAEPFN,697a707b5bc42b2987347880,2,int,18,4,18,19,1, “The ,1363,4496443,236,82,65.25694274902344,234.18055725097656,86.59027671813965,274.9444465637207,1,1,The government announced a plan for protecting villagers from tigers,0,,,2026-07-06,2026-07-06,2026-07-06T21:59:09.647Z,18:59:09,2026-07-06 18:59:09,,,,,,,spotlight-prolific
QGFAEPFN,697a707b5bc42b2987347880,2,int,18,4,18,19,1, “The ,1406,4496485,245,84,65.25694274902344,234.18055725097656,86.59027671813965,274.9444465637207,1,1,The government announced a plan for protecting villagers from tigers,0,,,2026-07-06,2026-07-06,2026-07-06T21:59:09.647Z,18:59:09,2026-07-06 18:59:09,,,,,,,spotlight-prolific
QGFAEPFN,697a707b5bc42b2987347880,2,int,18,4,18,19,1, “The ,1459,4496539,249,86,65.25694274902344,234.18055725097656,86.59027671813965,274.9444465637207,1,1,The government announced a plan for protecting villagers from tigers,0,,,2026-07-06,2026-07-06,2026-07-06T21:59:09.647Z,18:59:09,2026-07-06 18:59:09,,,,,,,spotlight-prolific
QGFAEPFN,697a707b5bc42b2987347880,2,int,18,4,18,19,1, “The ,1508,4496588,261,88,65.25694274902344,234.18055725097656,86.59027671813965,274.9444465637207,1,1,The government announced a plan for protecting villagers from tigers,0,,,2026-07-06,2026-07-06,2026-07-06T21:59:09.647Z,18:59:09,2026-07-06 18:59:09,,,,,,,spotlight-prolific
QGFAEPFN,697a707b5bc42b2987347880,2,int,18,4,18,19,1, “The ,1562,4496642,271,90,65.25694274902344,234.18055725097656,86.59027671813965,274.9444465637207,1,1,The government announced a plan for protecting villagers from tigers,0,,,2026-07-06,2026-07-06,2026-07-06T21:59:09.647Z,18:59:09,2026-07-06 18:59:09,,,,,,,spotlight-prolific
QGFAEPFN,697a707b5bc42b2987347880,2,int,18,4,18,19,2, government ,1604,4496683,278,92,65.25694274902344,274.9444580078125,86.59027671813965,374.8194580078125,1,2,The government announced a plan for protecting villagers from tigers,0,,,2026-07-06,2026-07-06,2026-07-06T21:59:09.647Z,18:59:09,2026-07-06 18:59:09,,,,,,,spotlight-prolific
QGFAEPFN,697a707b5bc42b2987347880,2,int,18,4,18,19,2, government ,1660,4496739,286,95,65.25694274902344,274.9444580078125,86.59027671813965,374.8194580078125,1,2,The government announced a plan for protecting villagers from tigers,0,,,2026-07-06,2026-07-06,2026-07-06T21:59:09.647Z,18:59:09,2026-07-06 18:59:09,,,,,,,spotlight-prolific
QGFAEPFN,697a707b5bc42b2987347880,2,int,18,4,18,19,15, to ,1710,4496789,293,96,105.25694274902344,281.97222900390625,126.59027671813965,302.34722900390625,2,2,The government announced a plan for protecting villagers from tigers,0,,,2026-07-06,2026-07-06,2026-07-06T21:59:09.647Z,18:59:09,2026-07-06 18:59:09,,,,,,,spotlight-prolific
QGFAEPFN,697a707b5bc42b2987347880,2,int,18,4,18,19,15, to ,1760,4496839,294,96,105.25694274902344,281.97222900390625,126.59027671813965,302.34722900390625,2,2,The government announced a plan for protecting villagers from tigers,0,,,2026-07-06,2026-07-06,2026-07-06T21:59:09.647Z,18:59:09,2026-07-06 18:59:09,,,,,,,spotlight-prolific
QGFAEPFN,697a707b5bc42b2987347880,2,int,18,4,18,19,15, to ,1803,4496882,294,96,105.25694274902344,281.97222900390625,126.59027671813965,302.34722900390625,2,2,The government announced a plan for protecting villagers from tigers,0,,,2026-07-06,2026-07-06,2026-07-06T21:59:09.647Z,18:59:09,2026-07-06 18:59:09,,,,,,,spotlight-prolific
QGFAEPFN,697a707b5bc42b2987347880,2,int,18,4,18,19,15, to ,1853,4496932,294,96,105.25694274902344,281.97222900390625,126.59027671813965,302.34722900390625,2,2,The government announced a plan for protecting villagers from tigers,0,,,2026-07-06,2026-07-06,2026-07-06T21:59:09.647Z,18:59:09,2026-07-06 18:59:09,,,,,,,spotlight-prolific
QGFAEPFN,697a707b5bc42b2987347880,2,int,18,4,18,19,15, to ,1904,4496983,294,96,105.25694274902344,281.97222900390625,126.59027671813965,302.34722900390625,2,2,The government announced a plan for protecting villagers from tigers,0,,,2026-07-06,2026-07-06,2026-07-06T21:59:09.647Z,18:59:09,2026-07-06 18:59:09,,,,,,,spotlight-prolific
QGFAEPFN,697a707b5bc42b2987347880,2,int,18,4,18,19,15, to ,1953,4497032,296,96,105.25694274902344,281.97222900390625,126.59027671813965,302.34722900390625,2,2,The government announced a plan for protecting villagers from tigers,0,,,2026-07-06,2026-07-06,2026-07-06T21:59:09.647Z,18:59:09,2026-07-06 18:59:09,,,,,,,spotlight-prolific
QGFAEPFN,697a707b5bc42b2987347880,2,int,18,4,18,19,2, government ,2014,4497093,297,95,65.25694274902344,274.9444580078125,86.59027671813965,374.8194580078125,1,2,The government announced a plan for protecting villagers from tigers,0,,,2026-07-06,2026-07-06,2026-07-06T21:59:09.647Z,18:59:09,2026-07-06 18:59:09,,,,,,,spotlight-prolific
QGFAEPFN,697a707b5bc42b2987347880,2,int,18,4,18,19,2, government ,2056,4497135,299,88,65.25694274902344,274.9444580078125,86.59027671813965,374.8194580078125,1,2,The government announced a plan for protecting villagers from tigers,0,,,2026-07-06,2026-07-06,2026-07-06T21:59:09.647Z,18:59:09,2026-07-06 18:59:09,,,,,,,spotlight-prolific
QGFAEPFN,697a707b5bc42b2987347880,2,int,18,4,18,19,2, government ,2106,4497186,296,82,65.25694274902344,274.9444580078125,86.59027671813965,374.8194580078125,1,2,The government announced a plan for protecting villagers from tigers,0,,,2026-07-06,2026-07-06,2026-07-06T21:59:09.647Z,18:59:09,2026-07-06 18:59:09,,,,,,,spotlight-prolific
QGFAEPFN,697a707b5bc42b2987347880,2,int,18,4,18,19,2, government ,2156,4497235,293,76,65.25694274902344,274.9444580078125,86.59027671813965,374.8194580078125,1,2,The government announced a plan for protecting villagers from tigers,0,,,2026-07-06,2026-07-06,2026-07-06T21:59:09.647Z,18:59:09,2026-07-06 18:59:09,,,,,,,spotlight-prolific
QGFAEPFN,697a707b5bc42b2987347880,2,int,18,4,18,19,2, government ,2207,4497286,286,69,65.25694274902344,274.9444580078125,86.59027671813965,374.8194580078125,1,2,The government announced a plan for protecting villagers from tigers,0,,,2026-07-06,2026-07-06,2026-07-06T21:59:09.647Z,18:59:09,2026-07-06 18:59:09,,,,,,,spotlight-prolific
QGFAEPFN,697a707b5bc42b2987347880,2,int,18,4,18,19,1, “The ,2257,4497336,272,68,65.25694274902344,234.18055725097656,86.59027671813965,274.9444465637207,1,1,The government announced a plan for protecting villagers from tigers,0,,,2026-07-06,2026-07-06,2026-07-06T21:59:09.647Z,18:59:09,2026-07-06 18:59:09,,,,,,,spotlight-prolific
QGFAEPFN,697a707b5bc42b2987347880,2,int,18,4,18,19,1, “The ,2303,4497382,267,66,65.25694274902344,234.18055725097656,86.59027671813965,274.9444465637207,1,1,The government announced a plan for protecting villagers from tigers,0,,,2026-07-06,2026-07-06,2026-07-06T21:59:09.647Z,18:59:09,2026-07-06 18:59:09,,,,,,,spotlight-prolific
QGFAEPFN,697a707b5bc42b2987347880,2,int,18,4,18,19,1, “The ,2354,4497434,267,66,65.25694274902344,234.18055725097656,86.59027671813965,274.9444465637207,1,1,The government announced a plan for protecting villagers from tigers,0,,,2026-07-06,2026-07-06,2026-07-06T21:59:09.647Z,18:59:09,2026-07-06 18:59:09,,,,,,,spotlight-prolific
QGFAEPFN,697a707b5bc42b2987347880,2,int,18,4,18,19,1, “The ,2415,4497494,265,66,65.25694274902344,234.18055725097656,86.59027671813965,274.9444465637207,1,1,The government announced a plan for protecting villagers from tigers,0,,,2026-07-06,2026-07-06,2026-07-06T21:59:09.647Z,18:59:09,2026-07-06 18:59:09,,,,,,,spotlight-prolific
QGFAEPFN,697a707b5bc42b2987347880,2,int,18,4,18,19,1, “The ,2459,4497538,261,66,65.25694274902344,234.18055725097656,86.59027671813965,274.9444465637207,1,1,The government announced a plan for protecting villagers from tigers,0,,,2026-07-06,2026-07-06,2026-07-06T21:59:09.647Z,18:59:09,2026-07-06 18:59:09,,,,,,,spotlight-prolific
QGFAEPFN,697a707b5bc42b2987347880,2,int,18,4,18,19,1, “The ,2502,4497582,254,66,65.25694274902344,234.18055725097656,86.59027671813965,274.9444465637207,1,1,The government announced a plan for protecting villagers from tigers,0,,,2026-07-06,2026-07-06,2026-07-06T21:59:09.647Z,18:59:09,2026-07-06 18:59:09,,,,,,,spotlight-prolific
QGFAEPFN,697a707b5bc42b2987347880,2,int,18,4,18,19,1, “The ,2553,4497633,254,66,65.25694274902344,234.18055725097656,86.59027671813965,274.9444465637207,1,1,The government announced a plan for protecting villagers from tigers,0,,,2026-07-06,2026-07-06,2026-07-06T21:59:09.647Z,18:59:09,2026-07-06 18:59:09,,,,,,,spotlight-prolific
QGFAEPFN,697a707b5bc42b2987347880,2,int,18,4,18,19,1, “The ,2612,4497692,254,65,65.25694274902344,234.18055725097656,86.59027671813965,274.9444465637207,1,1,The government announced a plan for protecting villagers from tigers,0,,,2026-07-06,2026-07-06,2026-07-06T21:59:09.647Z,18:59:09,2026-07-06 18:59:09,,,,,,,spotlight-prolific
QGFAEPFN,697a707b5bc42b2987347880,2,int,18,4,18,19,1, “The ,2653,4497733,254,65,65.25694274902344,234.18055725097656,86.59027671813965,274.9444465637207,1,1,The government announced a plan for protecting villagers from tigers,0,,,2026-07-06,2026-07-06,2026-07-06T21:59:09.647Z,18:59:09,2026-07-06 18:59:09,,,,,,,spotlight-prolific
QGFAEPFN,697a707b5bc42b2987347880,2,int,18,4,18,19,1, “The ,2705,4497784,254,65,65.25694274902344,234.18055725097656,86.59027671813965,274.9444465637207,1,1,The government announced a plan for protecting villagers from tigers,0,,,2026-07-06,2026-07-06,2026-07-06T21:59:09.647Z,18:59:09,2026-07-06 18:59:09,,,,,,,spotlight-prolific
QGFAEPFN,697a707b5bc42b2987347880,2,int,18,4,18,19,1, “The ,2756,4497835,254,65,65.25694274902344,234.18055725097656,86.59027671813965,274.9444465637207,1,1,The government announced a plan for protecting villagers from tigers,0,,,2026-07-06,2026-07-06,2026-07-06T21:59:09.647Z,18:59:09,2026-07-06 18:59:09,,,,,,,spotlight-prolific
QGFAEPFN,697a707b5bc42b2987347880,2,int,18,4,18,19,1, “The ,2806,4497885,254,65,65.25694274902344,234.18055725097656,86.59027671813965,274.9444465637207,1,1,The government announced a plan for protecting villagers from tigers,0,,,2026-07-06,2026-07-06,2026-07-06T21:59:09.647Z,18:59:09,2026-07-06 18:59:09,,,,,,,spotlight-prolific
QGFAEPFN,697a707b5bc42b2987347880,2,int,18,4,18,19,1, “The ,2856,4497936,254,65,65.25694274902344,234.18055725097656,86.59027671813965,274.9444465637207,1,1,The government announced a plan for protecting villagers from tigers,0,,,2026-07-06,2026-07-06,2026-07-06T21:59:09.647Z,18:59:09,2026-07-06 18:59:09,,,,,,,spotlight-prolific
QGFAEPFN,697a707b5bc42b2987347880,2,int,18,4,18,19,1, “The ,2905,4497985,258,66,65.25694274902344,234.18055725097656,86.59027671813965,274.9444465637207,1,1,The government announced a plan for protecting villagers from tigers,0,,,2026-07-06,2026-07-06,2026-07-06T21:59:09.647Z,18:59:09,2026-07-06 18:59:09,,,,,,,spotlight-prolific
QGFAEPFN,697a707b5bc42b2987347880,2,int,18,4,18,19,1, “The ,2959,4498038,265,68,65.25694274902344,234.18055725097656,86.59027671813965,274.9444465637207,1,1,The government announced a plan for protecting villagers from tigers,0,,,2026-07-06,2026-07-06,2026-07-06T21:59:09.647Z,18:59:09,2026-07-06 18:59:09,,,,,,,spotlight-prolific
QGFAEPFN,697a707b5bc42b2987347880,2,int,18,4,18,19,1, “The ,3005,4498085,270,68,65.25694274902344,234.18055725097656,86.59027671813965,274.9444465637207,1,1,The government announced a plan for protecting villagers from tigers,0,,,2026-07-06,2026-07-06,2026-07-06T21:59:09.647Z,18:59:09,2026-07-06 18:59:09,,,,,,,spotlight-prolific
QGFAEPFN,697a707b5bc42b2987347880,2,int,18,4,18,19,2, government ,3052,4498131,276,68,65.25694274902344,274.9444580078125,86.59027671813965,374.8194580078125,1,2,The government announced a plan for protecting villagers from tigers,0,,,2026-07-06,2026-07-06,2026-07-06T21:59:09.647Z,18:59:09,2026-07-06 18:59:09,,,,,,,spotlight-prolific
QGFAEPFN,697a707b5bc42b2987347880,2,int,18,4,18,19,2, government ,3105,4498184,299,68,65.25694274902344,274.9444580078125,86.59027671813965,374.8194580078125,1,2,The government announced a plan for protecting villagers from tigers,0,,,2026-07-06,2026-07-06,2026-07-06T21:59:09.647Z,18:59:09,2026-07-06 18:59:09,,,,,,,spotlight-prolific
QGFAEPFN,697a707b5bc42b2987347880,2,int,18,4,18,19,2, government ,3155,4498234,326,68,65.25694274902344,274.9444580078125,86.59027671813965,374.8194580078125,1,2,The government announced a plan for protecting villagers from tigers,0,,,2026-07-06,2026-07-06,2026-07-06T21:59:09.647Z,18:59:09,2026-07-06 18:59:09,,,,,,,spotlight-prolific
QGFAEPFN,697a707b5bc42b2987347880,2,int,18,4,18,19,3, is ,3207,4498286,380,82,65.25694274902344,374.8194580078125,86.59027671813965,392.83334732055664,1,3,The government announced a plan for protecting villagers from tigers,0,,,2026-07-06,2026-07-06,2026-07-06T21:59:09.647Z,18:59:09,2026-07-06 18:59:09,,,,,,,spotlight-prolific
QGFAEPFN,697a707b5bc42b2987347880,2,int,18,4,18,19,44, pulled ,3258,4498338,511,189,185.25694274902344,461.7986145019531,206.59027671813965,514.4861145019531,4,6,The government announced a plan for protecting villagers from tigers,0,,,2026-07-06,2026-07-06,2026-07-06T21:59:09.647Z,18:59:09,2026-07-06 18:59:09,,,,,,,spotlight-prolific
QGFAEPFN,697a707b5bc42b2987347880,2,int,18,4,18,19,76, Chitwan ,3309,4498389,586,274,265.2569580078125,570.0972290039062,286.5902919769287,639.569450378418,6,10,The government announced a plan for protecting villagers from tigers,0,,,2026-07-06,2026-07-06,2026-07-06T21:59:09.647Z,18:59:09,2026-07-06 18:59:09,,,,,,,spotlight-prolific
QGFAEPFN,697a707b5bc42b2987347880,2,int,18,4,18,19,76, Chitwan ,3356,4498436,593,288,265.2569580078125,570.0972290039062,286.5902919769287,639.569450378418,6,10,The government announced a plan for protecting villagers from tigers,0,,,2026-07-06,2026-07-06,2026-07-06T21:59:09.647Z,18:59:09,2026-07-06 18:59:09,,,,,,,spotlight-prolific
QGFAEPFN,697a707b5bc42b2987347880,2,int,18,4,18,19,76, Chitwan ,3403,4498482,594,290,265.2569580078125,570.0972290039062,286.5902919769287,639.569450378418,6,10,The government announced a plan for protecting villagers from tigers,0,,,2026-07-06,2026-07-06,2026-07-06T21:59:09.647Z,18:59:09,2026-07-06 18:59:09,,,,,,,spotlight-prolific
QGFAEPFN,697a707b5bc42b2987347880,2,int,18,4,18,19,76, Chitwan ,3458,4498537,594,290,265.2569580078125,570.0972290039062,286.5902919769287,639.569450378418,6,10,The government announced a plan for protecting villagers from tigers,0,,,2026-07-06,2026-07-06,2026-07-06T21:59:09.647Z,18:59:09,2026-07-06 18:59:09,,,,,,,spotlight-prolific
QGFAEPFN,697a707b5bc42b2987347880,2,int,18,4,18,19,76, Chitwan ,3504,4498583,594,291,265.2569580078125,570.0972290039062,286.5902919769287,639.569450378418,6,10,The government announced a plan for protecting villagers from tigers,0,,,2026-07-06,2026-07-06,2026-07-06T21:59:09.647Z,18:59:09,2026-07-06 18:59:09,,,,,,,spotlight-prolific
QGFAEPFN,697a707b5bc42b2987347880,2,int,18,4,18,19,76, Chitwan ,3553,4498632,594,291,265.2569580078125,570.0972290039062,286.5902919769287,639.569450378418,6,10,The government announced a plan for protecting villagers from tigers,0,,,2026-07-06,2026-07-06,2026-07-06T21:59:09.647Z,18:59:09,2026-07-06 18:59:09,,,,,,,spotlight-prolific
QGFAEPFN,697a707b5bc42b2987347880,2,int,18,4,18,19,76, Chitwan ,3608,4498687,580,275,265.2569580078125,570.0972290039062,286.5902919769287,639.569450378418,6,10,The government announced a plan for protecting villagers from tigers,0,,,2026-07-06,2026-07-06,2026-07-06T21:59:09.647Z,18:59:09,2026-07-06 18:59:09,,,,,,,spotlight-prolific
QGFAEPFN,697a707b5bc42b2987347880,2,int,18,4,18,19,44, pulled ,3659,4498739,514,213,185.25694274902344,461.7986145019531,206.59027671813965,514.4861145019531,4,6,The government announced a plan for protecting villagers from tigers,0,,,2026-07-06,2026-07-06,2026-07-06T21:59:09.647Z,18:59:09,2026-07-06 18:59:09,,,,,,,spotlight-prolific
QGFAEPFN,697a707b5bc42b2987347880,2,int,18,4,18,19,29, Wildlife ,3707,4498786,418,174,145.25694274902344,385.1944580078125,166.59027671813965,448.4861259460449,3,3,The government announced a plan for protecting villagers from tigers,0,,,2026-07-06,2026-07-06,2026-07-06T21:59:09.647Z,18:59:09,2026-07-06 18:59:09,,,,,,,spotlight-prolific
QGFAEPFN,697a707b5bc42b2987347880,2,int,18,4,18,19,27, Nepali ,3757,4498836,286,145,145.25694274902344,234.18055725097656,166.59027671813965,289.4236145019531,3,1,The government announced a plan for protecting villagers from tigers,0,,,2026-07-06,2026-07-06,2026-07-06T21:59:09.647Z,18:59:09,2026-07-06 18:59:09,,,,,,,spotlight-prolific
QGFAEPFN,697a707b5bc42b2987347880,2,int,18,4,18,19,27, Nepali ,3810,4498890,238,144,145.25694274902344,234.18055725097656,166.59027671813965,289.4236145019531,3,1,The government announced a plan for protecting villagers from tigers,0,,,2026-07-06,2026-07-06,2026-07-06T21:59:09.647Z,18:59:09,2026-07-06 18:59:09,,,,,,,spotlight-prolific
QGFAEPFN,697a707b5bc42b2987347880,2,int,18,4,18,19,-1,999,3855,4498934,215,142,,,,,,,The government announced a plan for protecting villagers from tigers,0,,,2026-07-06,2026-07-06,2026-07-06T21:59:09.647Z,18:59:09,2026-07-06 18:59:09,,,,,,,spotlight-prolific
QGFAEPFN,697a707b5bc42b2987347880,2,int,18,4,18,19,-1,999,3901,4498981,214,140,,,,,,,The government announced a plan for protecting villagers from tigers,0,,,2026-07-06,2026-07-06,2026-07-06T21:59:09.647Z,18:59:09,2026-07-06 18:59:09,,,,,,,spotlight-prolific
QGFAEPFN,697a707b5bc42b2987347880,2,int,18,4,18,19,-1,999,3957,4499037,213,134,,,,,,,The government announced a plan for protecting villagers from tigers,0,,,2026-07-06,2026-07-06,2026-07-06T21:59:09.647Z,18:59:09,2026-07-06 18:59:09,,,,,,,spotlight-prolific
QGFAEPFN,697a707b5bc42b2987347880,2,int,18,4,18,19,-1,999,4008,4499087,210,124,,,,,,,The government announced a plan for protecting villagers from tigers,0,,,2026-07-06,2026-07-06,2026-07-06T21:59:09.647Z,18:59:09,2026-07-06 18:59:09,,,,,,,spotlight-prolific
QGFAEPFN,697a707b5bc42b2987347880,2,int,18,4,18,19,-1,999,4055,4499134,209,108,,,,,,,The government announced a plan for protecting villagers from tigers,0,,,2026-07-06,2026-07-06,2026-07-06T21:59:09.647Z,18:59:09,2026-07-06 18:59:09,,,,,,,spotlight-prolific
QGFAEPFN,697a707b5bc42b2987347880,2,int,18,4,18,19,-1,999,4105,4499184,212,93,,,,,,,The government announced a plan for protecting villagers from tigers,0,,,2026-07-06,2026-07-06,2026-07-06T21:59:09.647Z,18:59:09,2026-07-06 18:59:09,,,,,,,spotlight-prolific
QGFAEPFN,697a707b5bc42b2987347880,2,int,18,4,18,19,-1,999,4159,4499238,215,87,,,,,,,The government announced a plan for protecting villagers from tigers,0,,,2026-07-06,2026-07-06,2026-07-06T21:59:09.647Z,18:59:09,2026-07-06 18:59:09,,,,,,,spotlight-prolific
QGFAEPFN,697a707b5bc42b2987347880,2,int,18,4,18,19,-1,999,4202,4499281,215,87,,,,,,,The government announced a plan for protecting villagers from tigers,0,,,2026-07-06,2026-07-06,2026-07-06T21:59:09.647Z,18:59:09,2026-07-06 18:59:09,,,,,,,spotlight-prolific
QGFAEPFN,697a707b5bc42b2987347880,2,int,18,4,18,19,-1,999,4252,4499331,215,87,,,,,,,The government announced a plan for protecting villagers from tigers,0,,,2026-07-06,2026-07-06,2026-07-06T21:59:09.647Z,18:59:09,2026-07-06 18:59:09,,,,,,,spotlight-prolific
QGFAEPFN,697a707b5bc42b2987347880,2,int,18,4,18,19,-1,999,4302,4499381,215,87,,,,,,,The government announced a plan for protecting villagers from tigers,0,,,2026-07-06,2026-07-06,2026-07-06T21:59:09.647Z,18:59:09,2026-07-06 18:59:09,,,,,,,spotlight-prolific
QGFAEPFN,697a707b5bc42b2987347880,2,int,18,4,18,19,-1,999,4352,4499431,215,87,,,,,,,The government announced a plan for protecting villagers from tigers,0,,,2026-07-06,2026-07-06,2026-07-06T21:59:09.647Z,18:59:09,2026-07-06 18:59:09,,,,,,,spotlight-prolific
QGFAEPFN,697a707b5bc42b2987347880,2,int,18,4,18,19,-1,999,4411,4499490,217,87,,,,,,,The government announced a plan for protecting villagers from tigers,0,,,2026-07-06,2026-07-06,2026-07-06T21:59:09.647Z,18:59:09,2026-07-06 18:59:09,,,,,,,spotlight-prolific
QGFAEPFN,697a707b5bc42b2987347880,2,int,18,4,18,19,-1,999,4451,4499530,217,87,,,,,,,The government announced a plan for protecting villagers from tigers,0,,,2026-07-06,2026-07-06,2026-07-06T21:59:09.647Z,18:59:09,2026-07-06 18:59:09,,,,,,,spotlight-prolific
QGFAEPFN,697a707b5bc42b2987347880,2,int,18,4,18,19,-1,999,4502,4499581,217,87,,,,,,,The government announced a plan for protecting villagers from tigers,0,,,2026-07-06,2026-07-06,2026-07-06T21:59:09.647Z,18:59:09,2026-07-06 18:59:09,,,,,,,spotlight-prolific
QGFAEPFN,697a707b5bc42b2987347880,2,int,18,4,18,19,-1,999,4552,4499631,217,87,,,,,,,The government announced a plan for protecting villagers from tigers,0,,,2026-07-06,2026-07-06,2026-07-06T21:59:09.647Z,18:59:09,2026-07-06 18:59:09,,,,,,,spotlight-prolific
QGFAEPFN,697a707b5bc42b2987347880,2,int,18,4,18,19,-1,999,4603,4499682,217,87,,,,,,,The government announced a plan for protecting villagers from tigers,0,,,2026-07-06,2026-07-06,2026-07-06T21:59:09.647Z,18:59:09,2026-07-06 18:59:09,,,,,,,spotlight-prolific
QGFAEPFN,697a707b5bc42b2987347880,2,int,18,4,18,19,-1,999,4652,4499731,217,87,,,,,,,The government announced a plan for protecting villagers from tigers,0,,,2026-07-06,2026-07-06,2026-07-06T21:59:09.647Z,18:59:09,2026-07-06 18:59:09,,,,,,,spotlight-prolific
QGFAEPFN,697a707b5bc42b2987347880,2,int,18,4,18,19,-1,999,4702,4499781,217,87,,,,,,,The government announced a plan for protecting villagers from tigers,0,,,2026-07-06,2026-07-06,2026-07-06T21:59:09.647Z,18:59:09,2026-07-06 18:59:09,,,,,,,spotlight-prolific
QGFAEPFN,697a707b5bc42b2987347880,2,int,18,4,18,19,-1,999,4752,4499831,217,87,,,,,,,The government announced a plan for protecting villagers from tigers,0,,,2026-07-06,2026-07-06,2026-07-06T21:59:09.647Z,18:59:09,2026-07-06 18:59:09,,,,,,,spotlight-prolific
QGFAEPFN,697a707b5bc42b2987347880,2,int,18,4,18,19,-1,999,4802,4499881,217,87,,,,,,,The government announced a plan for protecting villagers from tigers,0,,,2026-07-06,2026-07-06,2026-07-06T21:59:09.647Z,18:59:09,2026-07-06 18:59:09,,,,,,,spotlight-prolific
QGFAEPFN,697a707b5bc42b2987347880,2,int,18,4,18,19,-1,999,4854,4499933,217,87,,,,,,,The government announced a plan for protecting villagers from tigers,0,,,2026-07-06,2026-07-06,2026-07-06T21:59:09.647Z,18:59:09,2026-07-06 18:59:09,,,,,,,spotlight-prolific
QGFAEPFN,697a707b5bc42b2987347880,2,int,18,4,18,19,-1,999,4902,4499981,217,87,,,,,,,The government announced a plan for protecting villagers from tigers,0,,,2026-07-06,2026-07-06,2026-07-06T21:59:09.647Z,18:59:09,2026-07-06 18:59:09,,,,,,,spotlight-prolific
QGFAEPFN,697a707b5bc42b2987347880,2,int,18,4,18,19,-1,999,4954,4500033,217,87,,,,,,,The government announced a plan for protecting villagers from tigers,0,,,2026-07-06,2026-07-06,2026-07-06T21:59:09.647Z,18:59:09,2026-07-06 18:59:09,,,,,,,spotlight-prolific
QGFAEPFN,697a707b5bc42b2987347880,2,int,18,4,18,19,-1,999,5004,4500083,217,87,,,,,,,The government announced a plan for protecting villagers from tigers,0,,,2026-07-06,2026-07-06,2026-07-06T21:59:09.647Z,18:59:09,2026-07-06 18:59:09,,,,,,,spotlight-prolific
QGFAEPFN,697a707b5bc42b2987347880,2,int,18,4,18,19,-1,999,5054,4500133,217,87,,,,,,,The government announced a plan for protecting villagers from tigers,0,,,2026-07-06,2026-07-06,2026-07-06T21:59:09.647Z,18:59:09,2026-07-06 18:59:09,,,,,,,spotlight-prolific
QGFAEPFN,697a707b5bc42b2987347880,2,int,18,4,18,19,-1,999,5102,4500181,217,87,,,,,,,The government announced a plan for protecting villagers from tigers,0,,,2026-07-06,2026-07-06,2026-07-06T21:59:09.647Z,18:59:09,2026-07-06 18:59:09,,,,,,,spotlight-prolific
QGFAEPFN,697a707b5bc42b2987347880,2,int,18,4,18,19,-1,999,5152,4500231,217,87,,,,,,,The government announced a plan for protecting villagers from tigers,0,,,2026-07-06,2026-07-06,2026-07-06T21:59:09.647Z,18:59:09,2026-07-06 18:59:09,,,,,,,spotlight-prolific
QGFAEPFN,697a707b5bc42b2987347880,2,int,18,4,18,19,-1,999,5202,4500281,217,87,,,,,,,The government announced a plan for protecting villagers from tigers,0,,,2026-07-06,2026-07-06,2026-07-06T21:59:09.647Z,18:59:09,2026-07-06 18:59:09,,,,,,,spotlight-prolific
QGFAEPFN,697a707b5bc42b2987347880,2,int,18,4,18,19,-1,999,5252,4500331,217,87,,,,,,,The government announced a plan for protecting villagers from tigers,0,,,2026-07-06,2026-07-06,2026-07-06T21:59:09.647Z,18:59:09,2026-07-06 18:59:09,,,,,,,spotlight-prolific
QGFAEPFN,697a707b5bc42b2987347880,2,int,18,4,18,19,-1,999,5304,4500383,217,87,,,,,,,The government announced a plan for protecting villagers from tigers,0,,,2026-07-06,2026-07-06,2026-07-06T21:59:09.647Z,18:59:09,2026-07-06 18:59:09,,,,,,,spotlight-prolific
QGFAEPFN,697a707b5bc42b2987347880,2,int,18,4,18,19,-1,999,5353,4500432,217,87,,,,,,,The government announced a plan for protecting villagers from tigers,0,,,2026-07-06,2026-07-06,2026-07-06T21:59:09.647Z,18:59:09,2026-07-06 18:59:09,,,,,,,spotlight-prolific
QGFAEPFN,697a707b5bc42b2987347880,2,int,18,4,18,19,-1,999,5402,4500481,217,87,,,,,,,The government announced a plan for protecting villagers from tigers,0,,,2026-07-06,2026-07-06,2026-07-06T21:59:09.647Z,18:59:09,2026-07-06 18:59:09,,,,,,,spotlight-prolific
QGFAEPFN,697a707b5bc42b2987347880,2,int,18,4,18,19,-1,999,5453,4500532,217,87,,,,,,,The government announced a plan for protecting villagers from tigers,0,,,2026-07-06,2026-07-06,2026-07-06T21:59:09.647Z,18:59:09,2026-07-06 18:59:09,,,,,,,spotlight-prolific
QGFAEPFN,697a707b5bc42b2987347880,2,int,18,4,18,19,-1,999,5503,4500582,217,87,,,,,,,The government announced a plan for protecting villagers from tigers,0,,,2026-07-06,2026-07-06,2026-07-06T21:59:09.647Z,18:59:09,2026-07-06 18:59:09,,,,,,,spotlight-prolific
QGFAEPFN,697a707b5bc42b2987347880,2,int,18,4,18,19,-1,999,5553,4500632,217,87,,,,,,,The government announced a plan for protecting villagers from tigers,0,,,2026-07-06,2026-07-06,2026-07-06T21:59:09.647Z,18:59:09,2026-07-06 18:59:09,,,,,,,spotlight-prolific
QGFAEPFN,697a707b5bc42b2987347880,2,int,18,4,18,19,-1,999,5603,4500682,217,87,,,,,,,The government announced a plan for protecting villagers from tigers,0,,,2026-07-06,2026-07-06,2026-07-06T21:59:09.647Z,18:59:09,2026-07-06 18:59:09,,,,,,,spotlight-prolific
QGFAEPFN,697a707b5bc42b2987347880,2,int,18,4,18,19,-1,999,5653,4500732,217,87,,,,,,,The government announced a plan for protecting villagers from tigers,0,,,2026-07-06,2026-07-06,2026-07-06T21:59:09.647Z,18:59:09,2026-07-06 18:59:09,,,,,,,spotlight-prolific
QGFAEPFN,697a707b5bc42b2987347880,2,int,18,4,18,19,-1,999,5703,4500782,217,87,,,,,,,The government announced a plan for protecting villagers from tigers,0,,,2026-07-06,2026-07-06,2026-07-06T21:59:09.647Z,18:59:09,2026-07-06 18:59:09,,,,,,,spotlight-prolific
QGFAEPFN,697a707b5bc42b2987347880,2,int,18,4,18,19,-1,999,5753,4500832,217,87,,,,,,,The government announced a plan for protecting villagers from tigers,0,,,2026-07-06,2026-07-06,2026-07-06T21:59:09.647Z,18:59:09,2026-07-06 18:59:09,,,,,,,spotlight-prolific
QGFAEPFN,697a707b5bc42b2987347880,2,int,18,4,18,19,-1,999,5803,4500883,217,87,,,,,,,The government announced a plan for protecting villagers from tigers,0,,,2026-07-06,2026-07-06,2026-07-06T21:59:09.647Z,18:59:09,2026-07-06 18:59:09,,,,,,,spotlight-prolific
QGFAEPFN,697a707b5bc42b2987347880,2,int,18,4,18,19,-1,999,5852,4500931,217,87,,,,,,,The government announced a plan for protecting villagers from tigers,0,,,2026-07-06,2026-07-06,2026-07-06T21:59:09.647Z,18:59:09,2026-07-06 18:59:09,,,,,,,spotlight-prolific
QGFAEPFN,697a707b5bc42b2987347880,2,int,18,4,18,19,-1,999,5902,4500981,217,87,,,,,,,The government announced a plan for protecting villagers from tigers,0,,,2026-07-06,2026-07-06,2026-07-06T21:59:09.647Z,18:59:09,2026-07-06 18:59:09,,,,,,,spotlight-prolific
QGFAEPFN,697a707b5bc42b2987347880,2,int,18,4,18,19,-1,999,5951,4501031,218,87,,,,,,,The government announced a plan for protecting villagers from tigers,0,,,2026-07-06,2026-07-06,2026-07-06T21:59:09.647Z,18:59:09,2026-07-06 18:59:09,,,,,,,spotlight-prolific
QGFAEPFN,697a707b5bc42b2987347880,2,int,18,4,18,19,-1,999,6002,4501081,218,87,,,,,,,The government announced a plan for protecting villagers from tigers,0,,,2026-07-06,2026-07-06,2026-07-06T21:59:09.647Z,18:59:09,2026-07-06 18:59:09,,,,,,,spotlight-prolific
QGFAEPFN,697a707b5bc42b2987347880,2,int,18,4,18,19,-1,999,6053,4501132,218,87,,,,,,,The government announced a plan for protecting villagers from tigers,0,,,2026-07-06,2026-07-06,2026-07-06T21:59:09.647Z,18:59:09,2026-07-06 18:59:09,,,,,,,spotlight-prolific
QGFAEPFN,697a707b5bc42b2987347880,2,int,18,4,18,19,-1,999,6102,4501181,218,87,,,,,,,The government announced a plan for protecting villagers from tigers,0,,,2026-07-06,2026-07-06,2026-07-06T21:59:09.647Z,18:59:09,2026-07-06 18:59:09,,,,,,,spotlight-prolific
QGFAEPFN,697a707b5bc42b2987347880,2,int,18,4,18,19,-1,999,6155,4501234,220,87,,,,,,,The government announced a plan for protecting villagers from tigers,0,,,2026-07-06,2026-07-06,2026-07-06T21:59:09.647Z,18:59:09,2026-07-06 18:59:09,,,,,,,spotlight-prolific
QGFAEPFN,697a707b5bc42b2987347880,2,int,18,4,18,19,-1,999,6207,4501286,223,87,,,,,,,The government announced a plan for protecting villagers from tigers,0,,,2026-07-06,2026-07-06,2026-07-06T21:59:09.647Z,18:59:09,2026-07-06 18:59:09,,,,,,,spotlight-prolific
QGFAEPFN,697a707b5bc42b2987347880,2,int,18,4,18,19,1, “The ,6256,4501335,231,85,65.25694274902344,234.18055725097656,86.59027671813965,274.9444465637207,1,1,The government announced a plan for protecting villagers from tigers,0,,,2026-07-06,2026-07-06,2026-07-06T21:59:09.647Z,18:59:09,2026-07-06 18:59:09,,,,,,,spotlight-prolific
QGFAEPFN,697a707b5bc42b2987347880,2,int,18,4,18,19,1, “The ,6309,4501388,237,84,65.25694274902344,234.18055725097656,86.59027671813965,274.9444465637207,1,1,The government announced a plan for protecting villagers from tigers,0,,,2026-07-06,2026-07-06,2026-07-06T21:59:09.647Z,18:59:09,2026-07-06 18:59:09,,,,,,,spotlight-prolific
QGFAEPFN,697a707b5bc42b2987347880,2,int,18,4,18,19,1, “The ,6371,4501451,249,83,65.25694274902344,234.18055725097656,86.59027671813965,274.9444465637207,1,1,The government announced a plan for protecting villagers from tigers,0,,,2026-07-06,2026-07-06,2026-07-06T21:59:09.647Z,18:59:09,2026-07-06 18:59:09,,,,,,,spotlight-prolific
QGFAEPFN,697a707b5bc42b2987347880,2,int,18,4,18,19,1, “The ,6410,4501489,250,82,65.25694274902344,234.18055725097656,86.59027671813965,274.9444465637207,1,1,The government announced a plan for protecting villagers from tigers,0,,,2026-07-06,2026-07-06,2026-07-06T21:59:09.647Z,18:59:09,2026-07-06 18:59:09,,,,,,,spotlight-prolific
QGFAEPFN,697a707b5bc42b2987347880,2,int,18,4,18,19,1, “The ,6452,4501531,252,82,65.25694274902344,234.18055725097656,86.59027671813965,274.9444465637207,1,1,The government announced a plan for protecting villagers from tigers,0,,,2026-07-06,2026-07-06,2026-07-06T21:59:09.647Z,18:59:09,2026-07-06 18:59:09,,,,,,,spotlight-prolific
QGFAEPFN,697a707b5bc42b2987347880,2,int,18,4,18,19,1, “The ,6504,4501583,252,82,65.25694274902344,234.18055725097656,86.59027671813965,274.9444465637207,1,1,The government announced a plan for protecting villagers from tigers,0,,,2026-07-06,2026-07-06,2026-07-06T21:59:09.647Z,18:59:09,2026-07-06 18:59:09,,,,,,,spotlight-prolific
QGFAEPFN,697a707b5bc42b2987347880,2,int,18,4,18,19,1, “The ,6554,4501633,252,82,65.25694274902344,234.18055725097656,86.59027671813965,274.9444465637207,1,1,The government announced a plan for protecting villagers from tigers,0,,,2026-07-06,2026-07-06,2026-07-06T21:59:09.647Z,18:59:09,2026-07-06 18:59:09,,,,,,,spotlight-prolific
QGFAEPFN,697a707b5bc42b2987347880,2,int,18,4,18,19,1, “The ,6606,4501685,252,82,65.25694274902344,234.18055725097656,86.59027671813965,274.9444465637207,1,1,The government announced a plan for protecting villagers from tigers,0,,,2026-07-06,2026-07-06,2026-07-06T21:59:09.647Z,18:59:09,2026-07-06 18:59:09,,,,,,,spotlight-prolific
QGFAEPFN,697a707b5bc42b2987347880,2,int,18,4,18,19,1, “The ,6659,4501738,257,83,65.25694274902344,234.18055725097656,86.59027671813965,274.9444465637207,1,1,The government announced a plan for protecting villagers from tigers,0,,,2026-07-06,2026-07-06,2026-07-06T21:59:09.647Z,18:59:09,2026-07-06 18:59:09,,,,,,,spotlight-prolific
QGFAEPFN,697a707b5bc42b2987347880,2,int,18,4,18,19,1, “The ,6703,4501782,257,83,65.25694274902344,234.18055725097656,86.59027671813965,274.9444465637207,1,1,The government announced a plan for protecting villagers from tigers,0,,,2026-07-06,2026-07-06,2026-07-06T21:59:09.647Z,18:59:09,2026-07-06 18:59:09,,,,,,,spotlight-prolific
QGFAEPFN,697a707b5bc42b2987347880,2,int,18,4,18,19,1, “The ,6755,4501835,260,83,65.25694274902344,234.18055725097656,86.59027671813965,274.9444465637207,1,1,The government announced a plan for protecting villagers from tigers,0,,,2026-07-06,2026-07-06,2026-07-06T21:59:09.647Z,18:59:09,2026-07-06 18:59:09,,,,,,,spotlight-prolific
QGFAEPFN,697a707b5bc42b2987347880,2,int,18,4,18,19,1, “The ,6803,4501882,262,84,65.25694274902344,234.18055725097656,86.59027671813965,274.9444465637207,1,1,The government announced a plan for protecting villagers from tigers,0,,,2026-07-06,2026-07-06,2026-07-06T21:59:09.647Z,18:59:09,2026-07-06 18:59:09,,,,,,,spotlight-prolific
QGFAEPFN,697a707b5bc42b2987347880,2,int,18,4,18,19,1, “The ,6853,4501932,263,84,65.25694274902344,234.18055725097656,86.59027671813965,274.9444465637207,1,1,The government announced a plan for protecting villagers from tigers,0,,,2026-07-06,2026-07-06,2026-07-06T21:59:09.647Z,18:59:09,2026-07-06 18:59:09,,,,,,,spotlight-prolific
QGFAEPFN,697a707b5bc42b2987347880,2,int,18,4,18,19,1, “The ,6903,4501982,263,84,65.25694274902344,234.18055725097656,86.59027671813965,274.9444465637207,1,1,The government announced a plan for protecting villagers from tigers,0,,,2026-07-06,2026-07-06,2026-07-06T21:59:09.647Z,18:59:09,2026-07-06 18:59:09,,,,,,,spotlight-prolific
QGFAEPFN,697a707b5bc42b2987347880,2,int,18,4,18,19,1, “The ,6956,4502035,263,84,65.25694274902344,234.18055725097656,86.59027671813965,274.9444465637207,1,1,The government announced a plan for protecting villagers from tigers,0,,,2026-07-06,2026-07-06,2026-07-06T21:59:09.647Z,18:59:09,2026-07-06 18:59:09,,,,,,,spotlight-prolific
QGFAEPFN,697a707b5bc42b2987347880,2,int,18,4,18,19,1, “The ,7007,4502086,263,84,65.25694274902344,234.18055725097656,86.59027671813965,274.9444465637207,1,1,The government announced a plan for protecting villagers from tigers,0,,,2026-07-06,2026-07-06,2026-07-06T21:59:09.647Z,18:59:09,2026-07-06 18:59:09,,,,,,,spotlight-prolific
QGFAEPFN,697a707b5bc42b2987347880,2,int,18,4,18,19,1, “The ,7058,4502137,263,84,65.25694274902344,234.18055725097656,86.59027671813965,274.9444465637207,1,1,The government announced a plan for protecting villagers from tigers,0,,,2026-07-06,2026-07-06,2026-07-06T21:59:09.647Z,18:59:09,2026-07-06 18:59:09,,,,,,,spotlight-prolific
QGFAEPFN,697a707b5bc42b2987347880,2,int,18,4,18,19,1, “The ,7107,4502186,263,84,65.25694274902344,234.18055725097656,86.59027671813965,274.9444465637207,1,1,The government announced a plan for protecting villagers from tigers,0,,,2026-07-06,2026-07-06,2026-07-06T21:59:09.647Z,18:59:09,2026-07-06 18:59:09,,,,,,,spotlight-prolific
QGFAEPFN,697a707b5bc42b2987347880,2,int,18,4,18,19,1, “The ,7156,4502235,263,84,65.25694274902344,234.18055725097656,86.59027671813965,274.9444465637207,1,1,The government announced a plan for protecting villagers from tigers,0,,,2026-07-06,2026-07-06,2026-07-06T21:59:09.647Z,18:59:09,2026-07-06 18:59:09,,,,,,,spotlight-prolific
QGFAEPFN,697a707b5bc42b2987347880,2,int,18,4,18,19,1, “The ,7206,4502285,268,85,65.25694274902344,234.18055725097656,86.59027671813965,274.9444465637207,1,1,The government announced a plan for protecting villagers from tigers,0,,,2026-07-06,2026-07-06,2026-07-06T21:59:09.647Z,18:59:09,2026-07-06 18:59:09,,,,,,,spotlight-prolific
QGFAEPFN,697a707b5bc42b2987347880,2,int,18,4,18,19,2, government ,7258,4502337,276,87,65.25694274902344,274.9444580078125,86.59027671813965,374.8194580078125,1,2,The government announced a plan for protecting villagers from tigers,0,,,2026-07-06,2026-07-06,2026-07-06T21:59:09.647Z,18:59:09,2026-07-06 18:59:09,,,,,,,spotlight-prolific
QGFAEPFN,697a707b5bc42b2987347880,2,int,18,4,18,19,2, government ,7307,4502386,287,87,65.25694274902344,274.9444580078125,86.59027671813965,374.8194580078125,1,2,The government announced a plan for protecting villagers from tigers,0,,,2026-07-06,2026-07-06,2026-07-06T21:59:09.647Z,18:59:09,2026-07-06 18:59:09,,,,,,,spotlight-prolific
QGFAEPFN,697a707b5bc42b2987347880,2,int,18,4,18,19,2, government ,7353,4502432,290,87,65.25694274902344,274.9444580078125,86.59027671813965,374.8194580078125,1,2,The government announced a plan for protecting villagers from tigers,0,,,2026-07-06,2026-07-06,2026-07-06T21:59:09.647Z,18:59:09,2026-07-06 18:59:09,,,,,,,spotlight-prolific
QGFAEPFN,697a707b5bc42b2987347880,2,int,18,4,18,19,2, government ,7403,4502483,290,87,65.25694274902344,274.9444580078125,86.59027671813965,374.8194580078125,1,2,The government announced a plan for protecting villagers from tigers,0,,,2026-07-06,2026-07-06,2026-07-06T21:59:09.647Z,18:59:09,2026-07-06 18:59:09,,,,,,,spotlight-prolific
QGFAEPFN,697a707b5bc42b2987347880,2,int,18,4,18,19,2, government ,7456,4502535,290,87,65.25694274902344,274.9444580078125,86.59027671813965,374.8194580078125,1,2,The government announced a plan for protecting villagers from tigers,0,,,2026-07-06,2026-07-06,2026-07-06T21:59:09.647Z,18:59:09,2026-07-06 18:59:09,,,,,,,spotlight-prolific
QGFAEPFN,697a707b5bc42b2987347880,2,int,18,4,18,19,2, government ,7515,4502594,291,87,65.25694274902344,274.9444580078125,86.59027671813965,374.8194580078125,1,2,The government announced a plan for protecting villagers from tigers,0,,,2026-07-06,2026-07-06,2026-07-06T21:59:09.647Z,18:59:09,2026-07-06 18:59:09,,,,,,,spotlight-prolific
QGFAEPFN,697a707b5bc42b2987347880,2,int,18,4,18,19,2, government ,7554,4502633,304,85,65.25694274902344,274.9444580078125,86.59027671813965,374.8194580078125,1,2,The government announced a plan for protecting villagers from tigers,0,,,2026-07-06,2026-07-06,2026-07-06T21:59:09.647Z,18:59:09,2026-07-06 18:59:09,,,,,,,spotlight-prolific
QGFAEPFN,697a707b5bc42b2987347880,2,int,18,4,18,19,2, government ,7607,4502686,316,85,65.25694274902344,274.9444580078125,86.59027671813965,374.8194580078125,1,2,The government announced a plan for protecting villagers from tigers,0,,,2026-07-06,2026-07-06,2026-07-06T21:59:09.647Z,18:59:09,2026-07-06 18:59:09,,,,,,,spotlight-prolific
QGFAEPFN,697a707b5bc42b2987347880,2,int,18,4,18,19,2, government ,7656,4502735,334,85,65.25694274902344,274.9444580078125,86.59027671813965,374.8194580078125,1,2,The government announced a plan for protecting villagers from tigers,0,,,2026-07-06,2026-07-06,2026-07-06T21:59:09.647Z,18:59:09,2026-07-06 18:59:09,,,,,,,spotlight-prolific
QGFAEPFN,697a707b5bc42b2987347880,2,int,18,4,18,19,2, government ,7708,4502787,350,85,65.25694274902344,274.9444580078125,86.59027671813965,374.8194580078125,1,2,The government announced a plan for protecting villagers from tigers,0,,,2026-07-06,2026-07-06,2026-07-06T21:59:09.647Z,18:59:09,2026-07-06 18:59:09,,,,,,,spotlight-prolific
QGFAEPFN,697a707b5bc42b2987347880,2,int,18,4,18,19,2, government ,7753,4502832,354,83,65.25694274902344,274.9444580078125,86.59027671813965,374.8194580078125,1,2,The government announced a plan for protecting villagers from tigers,0,,,2026-07-06,2026-07-06,2026-07-06T21:59:09.647Z,18:59:09,2026-07-06 18:59:09,,,,,,,spotlight-prolific
QGFAEPFN,697a707b5bc42b2987347880,2,int,18,4,18,19,2, government ,7803,4502882,356,83,65.25694274902344,274.9444580078125,86.59027671813965,374.8194580078125,1,2,The government announced a plan for protecting villagers from tigers,0,,,2026-07-06,2026-07-06,2026-07-06T21:59:09.647Z,18:59:09,2026-07-06 18:59:09,,,,,,,spotlight-prolific
QGFAEPFN,697a707b5bc42b2987347880,2,int,18,4,18,19,2, government ,7855,4502934,356,83,65.25694274902344,274.9444580078125,86.59027671813965,374.8194580078125,1,2,The government announced a plan for protecting villagers from tigers,0,,,2026-07-06,2026-07-06,2026-07-06T21:59:09.647Z,18:59:09,2026-07-06 18:59:09,,,,,,,spotlight-prolific
QGFAEPFN,697a707b5bc42b2987347880,2,int,18,4,18,19,2, government ,7909,4502988,356,83,65.25694274902344,274.9444580078125,86.59027671813965,374.8194580078125,1,2,The government announced a plan for protecting villagers from tigers,0,,,2026-07-06,2026-07-06,2026-07-06T21:59:09.647Z,18:59:09,2026-07-06 18:59:09,,,,,,,spotlight-prolific
QGFAEPFN,697a707b5bc42b2987347880,2,int,18,4,18,19,2, government ,7956,4503035,361,83,65.25694274902344,274.9444580078125,86.59027671813965,374.8194580078125,1,2,The government announced a plan for protecting villagers from tigers,0,,,2026-07-06,2026-07-06,2026-07-06T21:59:09.647Z,18:59:09,2026-07-06 18:59:09,,,,,,,spotlight-prolific
QGFAEPFN,697a707b5bc42b2987347880,2,int,18,4,18,19,2, government ,8005,4503085,366,81,65.25694274902344,274.9444580078125,86.59027671813965,374.8194580078125,1,2,The government announced a plan for protecting villagers from tigers,0,,,2026-07-06,2026-07-06,2026-07-06T21:59:09.647Z,18:59:09,2026-07-06 18:59:09,,,,,,,spotlight-prolific
QGFAEPFN,697a707b5bc42b2987347880,2,int,18,4,18,19,2, government ,8053,4503132,367,81,65.25694274902344,274.9444580078125,86.59027671813965,374.8194580078125,1,2,The government announced a plan for protecting villagers from tigers,0,,,2026-07-06,2026-07-06,2026-07-06T21:59:09.647Z,18:59:09,2026-07-06 18:59:09,,,,,,,spotlight-prolific
QGFAEPFN,697a707b5bc42b2987347880,2,int,18,4,18,19,2, government ,8104,4503184,371,80,65.25694274902344,274.9444580078125,86.59027671813965,374.8194580078125,1,2,The government announced a plan for protecting villagers from tigers,0,,,2026-07-06,2026-07-06,2026-07-06T21:59:09.647Z,18:59:09,2026-07-06 18:59:09,,,,,,,spotlight-prolific
QGFAEPFN,697a707b5bc42b2987347880,2,int,18,4,18,19,3, is ,8153,4503233,377,80,65.25694274902344,374.8194580078125,86.59027671813965,392.83334732055664,1,3,The government announced a plan for protecting villagers from tigers,0,,,2026-07-06,2026-07-06,2026-07-06T21:59:09.647Z,18:59:09,2026-07-06 18:59:09,,,,,,,spotlight-prolific
QGFAEPFN,697a707b5bc42b2987347880,2,int,18,4,18,19,3, is ,8205,4503285,386,80,65.25694274902344,374.8194580078125,86.59027671813965,392.83334732055664,1,3,The government announced a plan for protecting villagers from tigers,0,,,2026-07-06,2026-07-06,2026-07-06T21:59:09.647Z,18:59:09,2026-07-06 18:59:09,,,,,,,spotlight-prolific
QGFAEPFN,697a707b5bc42b2987347880,2,int,18,4,18,19,4, making ,8255,4503334,395,80,65.25694274902344,392.8333435058594,86.59027671813965,456.2500114440918,1,4,The government announced a plan for protecting villagers from tigers,0,,,2026-07-06,2026-07-06,2026-07-06T21:59:09.647Z,18:59:09,2026-07-06 18:59:09,,,,,,,spotlight-prolific
QGFAEPFN,697a707b5bc42b2987347880,2,int,18,4,18,19,4, making ,8306,4503385,408,80,65.25694274902344,392.8333435058594,86.59027671813965,456.2500114440918,1,4,The government announced a plan for protecting villagers from tigers,0,,,2026-07-06,2026-07-06,2026-07-06T21:59:09.647Z,18:59:09,2026-07-06 18:59:09,,,,,,,spotlight-prolific
QGFAEPFN,697a707b5bc42b2987347880,2,int,18,4,18,19,4, making ,8354,4503434,416,80,65.25694274902344,392.8333435058594,86.59027671813965,456.2500114440918,1,4,The government announced a plan for protecting villagers from tigers,0,,,2026-07-06,2026-07-06,2026-07-06T21:59:09.647Z,18:59:09,2026-07-06 18:59:09,,,,,,,spotlight-prolific
QGFAEPFN,697a707b5bc42b2987347880,2,int,18,4,18,19,4, making ,8407,4503487,424,80,65.25694274902344,392.8333435058594,86.59027671813965,456.2500114440918,1,4,The government announced a plan for protecting villagers from tigers,0,,,2026-07-06,2026-07-06,2026-07-06T21:59:09.647Z,18:59:09,2026-07-06 18:59:09,,,,,,,spotlight-prolific
QGFAEPFN,697a707b5bc42b2987347880,2,int,18,4,18,19,4, making ,8459,4503538,431,78,65.25694274902344,392.8333435058594,86.59027671813965,456.2500114440918,1,4,The government announced a plan for protecting villagers from tigers,0,,,2026-07-06,2026-07-06,2026-07-06T21:59:09.647Z,18:59:09,2026-07-06 18:59:09,,,,,,,spotlight-prolific
QGFAEPFN,697a707b5bc42b2987347880,2,int,18,4,18,19,4, making ,8508,4503588,439,78,65.25694274902344,392.8333435058594,86.59027671813965,456.2500114440918,1,4,The government announced a plan for protecting villagers from tigers,0,,,2026-07-06,2026-07-06,2026-07-06T21:59:09.647Z,18:59:09,2026-07-06 18:59:09,,,,,,,spotlight-prolific
QGFAEPFN,697a707b5bc42b2987347880,2,int,18,4,18,19,4, making ,8557,4503637,450,78,65.25694274902344,392.8333435058594,86.59027671813965,456.2500114440918,1,4,The government announced a plan for protecting villagers from tigers,0,,,2026-07-06,2026-07-06,2026-07-06T21:59:09.647Z,18:59:09,2026-07-06 18:59:09,,,,,,,spotlight-prolific
QGFAEPFN,697a707b5bc42b2987347880,2,int,18,4,18,19,5, conservation ,8606,4503685,458,78,65.25694274902344,456.25,86.59027671813965,563.9444427490234,1,5,The government announced a plan for protecting villagers from tigers,0,,,2026-07-06,2026-07-06,2026-07-06T21:59:09.647Z,18:59:09,2026-07-06 18:59:09,,,,,,,spotlight-prolific
QGFAEPFN,697a707b5bc42b2987347880,2,int,18,4,18,19,5, conservation ,8652,4503732,463,78,65.25694274902344,456.25,86.59027671813965,563.9444427490234,1,5,The government announced a plan for protecting villagers from tigers,0,,,2026-07-06,2026-07-06,2026-07-06T21:59:09.647Z,18:59:09,2026-07-06 18:59:09,,,,,,,spotlight-prolific
QGFAEPFN,697a707b5bc42b2987347880,2,int,18,4,18,19,5, conservation ,8704,4503783,463,78,65.25694274902344,456.25,86.59027671813965,563.9444427490234,1,5,The government announced a plan for protecting villagers from tigers,0,,,2026-07-06,2026-07-06,2026-07-06T21:59:09.647Z,18:59:09,2026-07-06 18:59:09,,,,,,,spotlight-prolific
QGFAEPFN,697a707b5bc42b2987347880,2,int,18,4,18,19,5, conservation ,8753,4503832,464,78,65.25694274902344,456.25,86.59027671813965,563.9444427490234,1,5,The government announced a plan for protecting villagers from tigers,0,,,2026-07-06,2026-07-06,2026-07-06T21:59:09.647Z,18:59:09,2026-07-06 18:59:09,,,,,,,spotlight-prolific
QGFAEPFN,697a707b5bc42b2987347880,2,int,18,4,18,19,5, conservation ,8812,4503891,466,78,65.25694274902344,456.25,86.59027671813965,563.9444427490234,1,5,The government announced a plan for protecting villagers from tigers,0,,,2026-07-06,2026-07-06,2026-07-06T21:59:09.647Z,18:59:09,2026-07-06 18:59:09,,,,,,,spotlight-prolific
QGFAEPFN,697a707b5bc42b2987347880,2,int,18,4,18,19,5, conservation ,8855,4503934,471,75,65.25694274902344,456.25,86.59027671813965,563.9444427490234,1,5,The government announced a plan for protecting villagers from tigers,0,,,2026-07-06,2026-07-06,2026-07-06T21:59:09.647Z,18:59:09,2026-07-06 18:59:09,,,,,,,spotlight-prolific
QGFAEPFN,697a707b5bc42b2987347880,2,int,18,4,18,19,5, conservation ,8905,4503984,477,75,65.25694274902344,456.25,86.59027671813965,563.9444427490234,1,5,The government announced a plan for protecting villagers from tigers,0,,,2026-07-06,2026-07-06,2026-07-06T21:59:09.647Z,18:59:09,2026-07-06 18:59:09,,,,,,,spotlight-prolific
QGFAEPFN,697a707b5bc42b2987347880,2,int,18,4,18,19,5, conservation ,8955,4504034,487,75,65.25694274902344,456.25,86.59027671813965,563.9444427490234,1,5,The government announced a plan for protecting villagers from tigers,0,,,2026-07-06,2026-07-06,2026-07-06T21:59:09.647Z,18:59:09,2026-07-06 18:59:09,,,,,,,spotlight-prolific
QGFAEPFN,697a707b5bc42b2987347880,2,int,18,4,18,19,5, conservation ,9007,4504087,493,75,65.25694274902344,456.25,86.59027671813965,563.9444427490234,1,5,The government announced a plan for protecting villagers from tigers,0,,,2026-07-06,2026-07-06,2026-07-06T21:59:09.647Z,18:59:09,2026-07-06 18:59:09,,,,,,,spotlight-prolific
QGFAEPFN,697a707b5bc42b2987347880,2,int,18,4,18,19,5, conservation ,9053,4504132,498,75,65.25694274902344,456.25,86.59027671813965,563.9444427490234,1,5,The government announced a plan for protecting villagers from tigers,0,,,2026-07-06,2026-07-06,2026-07-06T21:59:09.647Z,18:59:09,2026-07-06 18:59:09,,,,,,,spotlight-prolific
QGFAEPFN,697a707b5bc42b2987347880,2,int,18,4,18,19,5, conservation ,9108,4504188,504,75,65.25694274902344,456.25,86.59027671813965,563.9444427490234,1,5,The government announced a plan for protecting villagers from tigers,0,,,2026-07-06,2026-07-06,2026-07-06T21:59:09.647Z,18:59:09,2026-07-06 18:59:09,,,,,,,spotlight-prolific
QGFAEPFN,697a707b5bc42b2987347880,2,int,18,4,18,19,5, conservation ,9154,4504233,509,75,65.25694274902344,456.25,86.59027671813965,563.9444427490234,1,5,The government announced a plan for protecting villagers from tigers,0,,,2026-07-06,2026-07-06,2026-07-06T21:59:09.647Z,18:59:09,2026-07-06 18:59:09,,,,,,,spotlight-prolific
QGFAEPFN,697a707b5bc42b2987347880,2,int,18,4,18,19,5, conservation ,9210,4504290,517,75,65.25694274902344,456.25,86.59027671813965,563.9444427490234,1,5,The government announced a plan for protecting villagers from tigers,0,,,2026-07-06,2026-07-06,2026-07-06T21:59:09.647Z,18:59:09,2026-07-06 18:59:09,,,,,,,spotlight-prolific
QGFAEPFN,697a707b5bc42b2987347880,2,int,18,4,18,19,5, conservation ,9254,4504333,527,74,65.25694274902344,456.25,86.59027671813965,563.9444427490234,1,5,The government announced a plan for protecting villagers from tigers,0,,,2026-07-06,2026-07-06,2026-07-06T21:59:09.647Z,18:59:09,2026-07-06 18:59:09,,,,,,,spotlight-prolific
QGFAEPFN,697a707b5bc42b2987347880,2,int,18,4,18,19,5, conservation ,9306,4504385,532,74,65.25694274902344,456.25,86.59027671813965,563.9444427490234,1,5,The government announced a plan for protecting villagers from tigers,0,,,2026-07-06,2026-07-06,2026-07-06T21:59:09.647Z,18:59:09,2026-07-06 18:59:09,,,,,,,spotlight-prolific
QGFAEPFN,697a707b5bc42b2987347880,2,int,18,4,18,19,5, conservation ,9358,4504437,541,74,65.25694274902344,456.25,86.59027671813965,563.9444427490234,1,5,The government announced a plan for protecting villagers from tigers,0,,,2026-07-06,2026-07-06,2026-07-06T21:59:09.647Z,18:59:09,2026-07-06 18:59:09,,,,,,,spotlight-prolific
QGFAEPFN,697a707b5bc42b2987347880,2,int,18,4,18,19,5, conservation ,9406,4504485,550,74,65.25694274902344,456.25,86.59027671813965,563.9444427490234,1,5,The government announced a plan for protecting villagers from tigers,0,,,2026-07-06,2026-07-06,2026-07-06T21:59:09.647Z,18:59:09,2026-07-06 18:59:09,,,,,,,spotlight-prolific
QGFAEPFN,697a707b5bc42b2987347880,2,int,18,4,18,19,5, conservation ,9458,4504537,555,74,65.25694274902344,456.25,86.59027671813965,563.9444427490234,1,5,The government announced a plan for protecting villagers from tigers,0,,,2026-07-06,2026-07-06,2026-07-06T21:59:09.647Z,18:59:09,2026-07-06 18:59:09,,,,,,,spotlight-prolific
QGFAEPFN,697a707b5bc42b2987347880,2,int,18,4,18,19,6, plans ,9508,4504587,566,74,65.25694274902344,563.9444580078125,86.59027671813965,611.7361259460449,1,6,The government announced a plan for protecting villagers from tigers,0,,,2026-07-06,2026-07-06,2026-07-06T21:59:09.647Z,18:59:09,2026-07-06 18:59:09,,,,,,,spotlight-prolific
QGFAEPFN,697a707b5bc42b2987347880,2,int,18,4,18,19,6, plans ,9552,4504631,571,74,65.25694274902344,563.9444580078125,86.59027671813965,611.7361259460449,1,6,The government announced a plan for protecting villagers from tigers,0,,,2026-07-06,2026-07-06,2026-07-06T21:59:09.647Z,18:59:09,2026-07-06 18:59:09,,,,,,,spotlight-prolific
QGFAEPFN,697a707b5bc42b2987347880,2,int,18,4,18,19,6, plans ,9603,4504682,573,74,65.25694274902344,563.9444580078125,86.59027671813965,611.7361259460449,1,6,The government announced a plan for protecting villagers from tigers,0,,,2026-07-06,2026-07-06,2026-07-06T21:59:09.647Z,18:59:09,2026-07-06 18:59:09,,,,,,,spotlight-prolific
QGFAEPFN,697a707b5bc42b2987347880,2,int,18,4,18,19,6, plans ,9654,4504733,573,74,65.25694274902344,563.9444580078125,86.59027671813965,611.7361259460449,1,6,The government announced a plan for protecting villagers from tigers,0,,,2026-07-06,2026-07-06,2026-07-06T21:59:09.647Z,18:59:09,2026-07-06 18:59:09,,,,,,,spotlight-prolific
QGFAEPFN,697a707b5bc42b2987347880,2,int,18,4,18,19,6, plans ,9705,4504784,573,74,65.25694274902344,563.9444580078125,86.59027671813965,611.7361259460449,1,6,The government announced a plan for protecting villagers from tigers,0,,,2026-07-06,2026-07-06,2026-07-06T21:59:09.647Z,18:59:09,2026-07-06 18:59:09,,,,,,,spotlight-prolific
QGFAEPFN,697a707b5bc42b2987347880,2,int,18,4,18,19,6, plans ,9755,4504834,573,74,65.25694274902344,563.9444580078125,86.59027671813965,611.7361259460449,1,6,The government announced a plan for protecting villagers from tigers,0,,,2026-07-06,2026-07-06,2026-07-06T21:59:09.647Z,18:59:09,2026-07-06 18:59:09,,,,,,,spotlight-prolific
QGFAEPFN,697a707b5bc42b2987347880,2,int,18,4,18,19,6, plans ,9808,4504887,574,74,65.25694274902344,563.9444580078125,86.59027671813965,611.7361259460449,1,6,The government announced a plan for protecting villagers from tigers,0,,,2026-07-06,2026-07-06,2026-07-06T21:59:09.647Z,18:59:09,2026-07-06 18:59:09,,,,,,,spotlight-prolific
QGFAEPFN,697a707b5bc42b2987347880,2,int,18,4,18,19,6, plans ,9858,4504937,581,74,65.25694274902344,563.9444580078125,86.59027671813965,611.7361259460449,1,6,The government announced a plan for protecting villagers from tigers,0,,,2026-07-06,2026-07-06,2026-07-06T21:59:09.647Z,18:59:09,2026-07-06 18:59:09,,,,,,,spotlight-prolific
QGFAEPFN,697a707b5bc42b2987347880,2,int,18,4,18,19,6, plans ,9910,4504989,589,74,65.25694274902344,563.9444580078125,86.59027671813965,611.7361259460449,1,6,The government announced a plan for protecting villagers from tigers,0,,,2026-07-06,2026-07-06,2026-07-06T21:59:09.647Z,18:59:09,2026-07-06 18:59:09,,,,,,,spotlight-prolific
QGFAEPFN,697a707b5bc42b2987347880,2,int,18,4,18,19,6, plans ,9953,4505032,592,74,65.25694274902344,563.9444580078125,86.59027671813965,611.7361259460449,1,6,The government announced a plan for protecting villagers from tigers,0,,,2026-07-06,2026-07-06,2026-07-06T21:59:09.647Z,18:59:09,2026-07-06 18:59:09,,,,,,,spotlight-prolific
QGFAEPFN,697a707b5bc42b2987347880,2,int,18,4,18,19,6, plans ,10008,4505087,602,74,65.25694274902344,563.9444580078125,86.59027671813965,611.7361259460449,1,6,The government announced a plan for protecting villagers from tigers,0,,,2026-07-06,2026-07-06,2026-07-06T21:59:09.647Z,18:59:09,2026-07-06 18:59:09,,,,,,,spotlight-prolific
QGFAEPFN,697a707b5bc42b2987347880,2,int,18,4,18,19,6, plans ,10054,4505134,611,74,65.25694274902344,563.9444580078125,86.59027671813965,611.7361259460449,1,6,The government announced a plan for protecting villagers from tigers,0,,,2026-07-06,2026-07-06,2026-07-06T21:59:09.647Z,18:59:09,2026-07-06 18:59:09,,,,,,,spotlight-prolific
QGFAEPFN,697a707b5bc42b2987347880,2,int,18,4,18,19,7, for ,10106,4505185,619,74,65.25694274902344,611.7361450195312,86.59027671813965,638.7014236450195,1,7,The government announced a plan for protecting villagers from tigers,0,,,2026-07-06,2026-07-06,2026-07-06T21:59:09.647Z,18:59:09,2026-07-06 18:59:09,,,,,,,spotlight-prolific
QGFAEPFN,697a707b5bc42b2987347880,2,int,18,4,18,19,7, for ,10157,4505237,626,73,65.25694274902344,611.7361450195312,86.59027671813965,638.7014236450195,1,7,The government announced a plan for protecting villagers from tigers,0,,,2026-07-06,2026-07-06,2026-07-06T21:59:09.647Z,18:59:09,2026-07-06 18:59:09,,,,,,,spotlight-prolific
QGFAEPFN,697a707b5bc42b2987347880,2,int,18,4,18,19,7, for ,10205,4505284,634,73,65.25694274902344,611.7361450195312,86.59027671813965,638.7014236450195,1,7,The government announced a plan for protecting villagers from tigers,0,,,2026-07-06,2026-07-06,2026-07-06T21:59:09.647Z,18:59:09,2026-07-06 18:59:09,,,,,,,spotlight-prolific
QGFAEPFN,697a707b5bc42b2987347880,2,int,18,4,18,19,8, tigers. ,10256,4505335,644,73,65.25694274902344,638.701416015625,86.59027671813965,692.9166946411133,1,8,The government announced a plan for protecting villagers from tigers,0,,,2026-07-06,2026-07-06,2026-07-06T21:59:09.647Z,18:59:09,2026-07-06 18:59:09,,,,,,,spotlight-prolific
QGFAEPFN,697a707b5bc42b2987347880,2,int,18,4,18,19,8, tigers. ,10307,4505386,649,73,65.25694274902344,638.701416015625,86.59027671813965,692.9166946411133,1,8,The government announced a plan for protecting villagers from tigers,0,,,2026-07-06,2026-07-06,2026-07-06T21:59:09.647Z,18:59:09,2026-07-06 18:59:09,,,,,,,spotlight-prolific
QGFAEPFN,697a707b5bc42b2987347880,2,int,18,4,18,19,8, tigers. ,10358,4505437,659,73,65.25694274902344,638.701416015625,86.59027671813965,692.9166946411133,1,8,The government announced a plan for protecting villagers from tigers,0,,,2026-07-06,2026-07-06,2026-07-06T21:59:09.647Z,18:59:09,2026-07-06 18:59:09,,,,,,,spotlight-prolific
QGFAEPFN,697a707b5bc42b2987347880,2,int,18,4,18,19,8, tigers. ,10407,4505487,667,73,65.25694274902344,638.701416015625,86.59027671813965,692.9166946411133,1,8,The government announced a plan for protecting villagers from tigers,0,,,2026-07-06,2026-07-06,2026-07-06T21:59:09.647Z,18:59:09,2026-07-06 18:59:09,,,,,,,spotlight-prolific
QGFAEPFN,697a707b5bc42b2987347880,2,int,18,4,18,19,8, tigers. ,10454,4505533,674,73,65.25694274902344,638.701416015625,86.59027671813965,692.9166946411133,1,8,The government announced a plan for protecting villagers from tigers,0,,,2026-07-06,2026-07-06,2026-07-06T21:59:09.647Z,18:59:09,2026-07-06 18:59:09,,,,,,,spotlight-prolific
QGFAEPFN,697a707b5bc42b2987347880,2,int,18,4,18,19,8, tigers. ,10507,4505586,688,73,65.25694274902344,638.701416015625,86.59027671813965,692.9166946411133,1,8,The government announced a plan for protecting villagers from tigers,0,,,2026-07-06,2026-07-06,2026-07-06T21:59:09.647Z,18:59:09,2026-07-06 18:59:09,,,,,,,spotlight-prolific
QGFAEPFN,697a707b5bc42b2987347880,2,int,18,4,18,19,9, But ,10552,4505632,693,73,65.25694274902344,692.9166870117188,86.59027671813965,724.3333530426025,1,9,The government announced a plan for protecting villagers from tigers,0,,,2026-07-06,2026-07-06,2026-07-06T21:59:09.647Z,18:59:09,2026-07-06 18:59:09,,,,,,,spotlight-prolific
QGFAEPFN,697a707b5bc42b2987347880,2,int,18,4,18,19,9, But ,10604,4505683,696,73,65.25694274902344,692.9166870117188,86.59027671813965,724.3333530426025,1,9,The government announced a plan for protecting villagers from tigers,0,,,2026-07-06,2026-07-06,2026-07-06T21:59:09.647Z,18:59:09,2026-07-06 18:59:09,,,,,,,spotlight-prolific
QGFAEPFN,697a707b5bc42b2987347880,2,int,18,4,18,19,9, But ,10652,4505732,699,73,65.25694274902344,692.9166870117188,86.59027671813965,724.3333530426025,1,9,The government announced a plan for protecting villagers from tigers,0,,,2026-07-06,2026-07-06,2026-07-06T21:59:09.647Z,18:59:09,2026-07-06 18:59:09,,,,,,,spotlight-prolific
QGFAEPFN,697a707b5bc42b2987347880,2,int,18,4,18,19,9, But ,10703,4505782,700,73,65.25694274902344,692.9166870117188,86.59027671813965,724.3333530426025,1,9,The government announced a plan for protecting villagers from tigers,0,,,2026-07-06,2026-07-06,2026-07-06T21:59:09.647Z,18:59:09,2026-07-06 18:59:09,,,,,,,spotlight-prolific
QGFAEPFN,697a707b5bc42b2987347880,2,int,18,4,18,19,9, But ,10753,4505832,702,73,65.25694274902344,692.9166870117188,86.59027671813965,724.3333530426025,1,9,The government announced a plan for protecting villagers from tigers,0,,,2026-07-06,2026-07-06,2026-07-06T21:59:09.647Z,18:59:09,2026-07-06 18:59:09,,,,,,,spotlight-prolific
QGFAEPFN,697a707b5bc42b2987347880,2,int,18,4,18,19,9, But ,10809,4505888,705,73,65.25694274902344,692.9166870117188,86.59027671813965,724.3333530426025,1,9,The government announced a plan for protecting villagers from tigers,0,,,2026-07-06,2026-07-06,2026-07-06T21:59:09.647Z,18:59:09,2026-07-06 18:59:09,,,,,,,spotlight-prolific
QGFAEPFN,697a707b5bc42b2987347880,2,int,18,4,18,19,9, But ,10852,4505931,710,73,65.25694274902344,692.9166870117188,86.59027671813965,724.3333530426025,1,9,The government announced a plan for protecting villagers from tigers,0,,,2026-07-06,2026-07-06,2026-07-06T21:59:09.647Z,18:59:09,2026-07-06 18:59:09,,,,,,,spotlight-prolific
QGFAEPFN,697a707b5bc42b2987347880,2,int,18,4,18,19,9, But ,10903,4505982,710,73,65.25694274902344,692.9166870117188,86.59027671813965,724.3333530426025,1,9,The government announced a plan for protecting villagers from tigers,0,,,2026-07-06,2026-07-06,2026-07-06T21:59:09.647Z,18:59:09,2026-07-06 18:59:09,,,,,,,spotlight-prolific
QGFAEPFN,697a707b5bc42b2987347880,2,int,18,4,18,19,9, But ,10955,4506034,710,73,65.25694274902344,692.9166870117188,86.59027671813965,724.3333530426025,1,9,The government announced a plan for protecting villagers from tigers,0,,,2026-07-06,2026-07-06,2026-07-06T21:59:09.647Z,18:59:09,2026-07-06 18:59:09,,,,,,,spotlight-prolific
QGFAEPFN,697a707b5bc42b2987347880,2,int,18,4,18,19,9, But ,11015,4506095,716,73,65.25694274902344,692.9166870117188,86.59027671813965,724.3333530426025,1,9,The government announced a plan for protecting villagers from tigers,0,,,2026-07-06,2026-07-06,2026-07-06T21:59:09.647Z,18:59:09,2026-07-06 18:59:09,,,,,,,spotlight-prolific
QGFAEPFN,697a707b5bc42b2987347880,2,int,18,4,18,19,9, But ,11053,4506132,716,73,65.25694274902344,692.9166870117188,86.59027671813965,724.3333530426025,1,9,The government announced a plan for protecting villagers from tigers,0,,,2026-07-06,2026-07-06,2026-07-06T21:59:09.647Z,18:59:09,2026-07-06 18:59:09,,,,,,,spotlight-prolific
QGFAEPFN,697a707b5bc42b2987347880,2,int,18,4,18,19,9, But ,11103,4506182,717,73,65.25694274902344,692.9166870117188,86.59027671813965,724.3333530426025,1,9,The government announced a plan for protecting villagers from tigers,0,,,2026-07-06,2026-07-06,2026-07-06T21:59:09.647Z,18:59:09,2026-07-06 18:59:09,,,,,,,spotlight-prolific
QGFAEPFN,697a707b5bc42b2987347880,2,int,18,4,18,19,9, But ,11156,4506236,717,73,65.25694274902344,692.9166870117188,86.59027671813965,724.3333530426025,1,9,The government announced a plan for protecting villagers from tigers,0,,,2026-07-06,2026-07-06,2026-07-06T21:59:09.647Z,18:59:09,2026-07-06 18:59:09,,,,,,,spotlight-prolific
QGFAEPFN,697a707b5bc42b2987347880,2,int,18,4,18,19,9, But ,11205,4506284,717,73,65.25694274902344,692.9166870117188,86.59027671813965,724.3333530426025,1,9,The government announced a plan for protecting villagers from tigers,0,,,2026-07-06,2026-07-06,2026-07-06T21:59:09.647Z,18:59:09,2026-07-06 18:59:09,,,,,,,spotlight-prolific
QGFAEPFN,697a707b5bc42b2987347880,2,int,18,4,18,19,9, But ,11256,4506335,717,73,65.25694274902344,692.9166870117188,86.59027671813965,724.3333530426025,1,9,The government announced a plan for protecting villagers from tigers,0,,,2026-07-06,2026-07-06,2026-07-06T21:59:09.647Z,18:59:09,2026-07-06 18:59:09,,,,,,,spotlight-prolific
QGFAEPFN,697a707b5bc42b2987347880,2,int,18,4,18,19,9, But ,11306,4506385,720,73,65.25694274902344,692.9166870117188,86.59027671813965,724.3333530426025,1,9,The government announced a plan for protecting villagers from tigers,0,,,2026-07-06,2026-07-06,2026-07-06T21:59:09.647Z,18:59:09,2026-07-06 18:59:09,,,,,,,spotlight-prolific
QGFAEPFN,697a707b5bc42b2987347880,2,int,18,4,18,19,10, it ,11353,4506432,738,73,65.25694274902344,724.3333129882812,86.59027671813965,738.9583129882812,1,10,The government announced a plan for protecting villagers from tigers,0,,,2026-07-06,2026-07-06,2026-07-06T21:59:09.647Z,18:59:09,2026-07-06 18:59:09,,,,,,,spotlight-prolific
QGFAEPFN,697a707b5bc42b2987347880,2,int,18,4,18,19,11, should ,11406,4506485,756,73,65.25694274902344,738.9583129882812,86.59027671813965,797.1458129882812,1,11,The government announced a plan for protecting villagers from tigers,0,,,2026-07-06,2026-07-06,2026-07-06T21:59:09.647Z,18:59:09,2026-07-06 18:59:09,,,,,,,spotlight-prolific
QGFAEPFN,697a707b5bc42b2987347880,2,int,18,4,18,19,11, should ,11456,4506536,776,73,65.25694274902344,738.9583129882812,86.59027671813965,797.1458129882812,1,11,The government announced a plan for protecting villagers from tigers,0,,,2026-07-06,2026-07-06,2026-07-06T21:59:09.647Z,18:59:09,2026-07-06 18:59:09,,,,,,,spotlight-prolific
QGFAEPFN,697a707b5bc42b2987347880,2,int,18,4,18,19,11, should ,11507,4506587,788,73,65.25694274902344,738.9583129882812,86.59027671813965,797.1458129882812,1,11,The government announced a plan for protecting villagers from tigers,0,,,2026-07-06,2026-07-06,2026-07-06T21:59:09.647Z,18:59:09,2026-07-06 18:59:09,,,,,,,spotlight-prolific
QGFAEPFN,697a707b5bc42b2987347880,2,int,18,4,18,19,11, should ,11554,4506633,788,73,65.25694274902344,738.9583129882812,86.59027671813965,797.1458129882812,1,11,The government announced a plan for protecting villagers from tigers,0,,,2026-07-06,2026-07-06,2026-07-06T21:59:09.647Z,18:59:09,2026-07-06 18:59:09,,,,,,,spotlight-prolific
QGFAEPFN,697a707b5bc42b2987347880,2,int,18,4,18,19,11, should ,11604,4506683,788,73,65.25694274902344,738.9583129882812,86.59027671813965,797.1458129882812,1,11,The government announced a plan for protecting villagers from tigers,0,,,2026-07-06,2026-07-06,2026-07-06T21:59:09.647Z,18:59:09,2026-07-06 18:59:09,,,,,,,spotlight-prolific
QGFAEPFN,697a707b5bc42b2987347880,2,int,18,4,18,19,11, should ,11655,4506734,788,73,65.25694274902344,738.9583129882812,86.59027671813965,797.1458129882812,1,11,The government announced a plan for protecting villagers from tigers,0,,,2026-07-06,2026-07-06,2026-07-06T21:59:09.647Z,18:59:09,2026-07-06 18:59:09,,,,,,,spotlight-prolific
QGFAEPFN,697a707b5bc42b2987347880,2,int,18,4,18,19,11, should ,11707,4506786,788,73,65.25694274902344,738.9583129882812,86.59027671813965,797.1458129882812,1,11,The government announced a plan for protecting villagers from tigers,0,,,2026-07-06,2026-07-06,2026-07-06T21:59:09.647Z,18:59:09,2026-07-06 18:59:09,,,,,,,spotlight-prolific
QGFAEPFN,697a707b5bc42b2987347880,2,int,18,4,18,19,11, should ,11754,4506833,791,73,65.25694274902344,738.9583129882812,86.59027671813965,797.1458129882812,1,11,The government announced a plan for protecting villagers from tigers,0,,,2026-07-06,2026-07-06,2026-07-06T21:59:09.647Z,18:59:09,2026-07-06 18:59:09,,,,,,,spotlight-prolific
QGFAEPFN,697a707b5bc42b2987347880,2,int,18,4,18,19,11, should ,11803,4506882,792,73,65.25694274902344,738.9583129882812,86.59027671813965,797.1458129882812,1,11,The government announced a plan for protecting villagers from tigers,0,,,2026-07-06,2026-07-06,2026-07-06T21:59:09.647Z,18:59:09,2026-07-06 18:59:09,,,,,,,spotlight-prolific
QGFAEPFN,697a707b5bc42b2987347880,2,int,18,4,18,19,11, should ,11862,4506941,795,73,65.25694274902344,738.9583129882812,86.59027671813965,797.1458129882812,1,11,The government announced a plan for protecting villagers from tigers,0,,,2026-07-06,2026-07-06,2026-07-06T21:59:09.647Z,18:59:09,2026-07-06 18:59:09,,,,,,,spotlight-prolific
QGFAEPFN,697a707b5bc42b2987347880,2,int,18,4,18,19,11, should ,11903,4506982,795,73,65.25694274902344,738.9583129882812,86.59027671813965,797.1458129882812,1,11,The government announced a plan for protecting villagers from tigers,0,,,2026-07-06,2026-07-06,2026-07-06T21:59:09.647Z,18:59:09,2026-07-06 18:59:09,,,,,,,spotlight-prolific
QGFAEPFN,697a707b5bc42b2987347880,2,int,18,4,18,19,11, should ,11953,4507032,795,73,65.25694274902344,738.9583129882812,86.59027671813965,797.1458129882812,1,11,The government announced a plan for protecting villagers from tigers,0,,,2026-07-06,2026-07-06,2026-07-06T21:59:09.647Z,18:59:09,2026-07-06 18:59:09,,,,,,,spotlight-prolific
QGFAEPFN,697a707b5bc42b2987347880,2,int,18,4,18,19,11, should ,12005,4507084,795,73,65.25694274902344,738.9583129882812,86.59027671813965,797.1458129882812,1,11,The government announced a plan for protecting villagers from tigers,0,,,2026-07-06,2026-07-06,2026-07-06T21:59:09.647Z,18:59:09,2026-07-06 18:59:09,,,,,,,spotlight-prolific
QGFAEPFN,697a707b5bc42b2987347880,2,int,18,4,18,19,11, should ,12063,4507142,795,71,65.25694274902344,738.9583129882812,86.59027671813965,797.1458129882812,1,11,The government announced a plan for protecting villagers from tigers,0,,,2026-07-06,2026-07-06,2026-07-06T21:59:09.647Z,18:59:09,2026-07-06 18:59:09,,,,,,,spotlight-prolific
QGFAEPFN,697a707b5bc42b2987347880,2,int,18,4,18,19,11, should ,12103,4507182,793,71,65.25694274902344,738.9583129882812,86.59027671813965,797.1458129882812,1,11,The government announced a plan for protecting villagers from tigers,0,,,2026-07-06,2026-07-06,2026-07-06T21:59:09.647Z,18:59:09,2026-07-06 18:59:09,,,,,,,spotlight-prolific
QGFAEPFN,697a707b5bc42b2987347880,2,int,18,4,18,19,11, should ,12154,4507233,793,71,65.25694274902344,738.9583129882812,86.59027671813965,797.1458129882812,1,11,The government announced a plan for protecting villagers from tigers,0,,,2026-07-06,2026-07-06,2026-07-06T21:59:09.647Z,18:59:09,2026-07-06 18:59:09,,,,,,,spotlight-prolific
QGFAEPFN,697a707b5bc42b2987347880,2,int,18,4,18,19,11, should ,12205,4507284,793,71,65.25694274902344,738.9583129882812,86.59027671813965,797.1458129882812,1,11,The government announced a plan for protecting villagers from tigers,0,,,2026-07-06,2026-07-06,2026-07-06T21:59:09.647Z,18:59:09,2026-07-06 18:59:09,,,,,,,spotlight-prolific
QGFAEPFN,697a707b5bc42b2987347880,2,int,18,4,18,19,11, should ,12257,4507336,793,71,65.25694274902344,738.9583129882812,86.59027671813965,797.1458129882812,1,11,The government announced a plan for protecting villagers from tigers,0,,,2026-07-06,2026-07-06,2026-07-06T21:59:09.647Z,18:59:09,2026-07-06 18:59:09,,,,,,,spotlight-prolific
QGFAEPFN,697a707b5bc42b2987347880,2,int,18,4,18,19,11, should ,12306,4507386,793,71,65.25694274902344,738.9583129882812,86.59027671813965,797.1458129882812,1,11,The government announced a plan for protecting villagers from tigers,0,,,2026-07-06,2026-07-06,2026-07-06T21:59:09.647Z,18:59:09,2026-07-06 18:59:09,,,,,,,spotlight-prolific
QGFAEPFN,697a707b5bc42b2987347880,2,int,18,4,18,19,11, should ,12358,4507437,793,71,65.25694274902344,738.9583129882812,86.59027671813965,797.1458129882812,1,11,The government announced a plan for protecting villagers from tigers,0,,,2026-07-06,2026-07-06,2026-07-06T21:59:09.647Z,18:59:09,2026-07-06 18:59:09,,,,,,,spotlight-prolific
QGFAEPFN,697a707b5bc42b2987347880,2,int,18,4,18,19,11, should ,12407,4507486,793,71,65.25694274902344,738.9583129882812,86.59027671813965,797.1458129882812,1,11,The government announced a plan for protecting villagers from tigers,0,,,2026-07-06,2026-07-06,2026-07-06T21:59:09.647Z,18:59:09,2026-07-06 18:59:09,,,,,,,spotlight-prolific
QGFAEPFN,697a707b5bc42b2987347880,2,int,18,4,18,19,11, should ,12458,4507538,793,71,65.25694274902344,738.9583129882812,86.59027671813965,797.1458129882812,1,11,The government announced a plan for protecting villagers from tigers,0,,,2026-07-06,2026-07-06,2026-07-06T21:59:09.647Z,18:59:09,2026-07-06 18:59:09,,,,,,,spotlight-prolific
QGFAEPFN,697a707b5bc42b2987347880,2,int,18,4,18,19,11, should ,12508,4507587,793,71,65.25694274902344,738.9583129882812,86.59027671813965,797.1458129882812,1,11,The government announced a plan for protecting villagers from tigers,0,,,2026-07-06,2026-07-06,2026-07-06T21:59:09.647Z,18:59:09,2026-07-06 18:59:09,,,,,,,spotlight-prolific
QGFAEPFN,697a707b5bc42b2987347880,2,int,18,4,18,19,11, should ,12558,4507638,793,71,65.25694274902344,738.9583129882812,86.59027671813965,797.1458129882812,1,11,The government announced a plan for protecting villagers from tigers,0,,,2026-07-06,2026-07-06,2026-07-06T21:59:09.647Z,18:59:09,2026-07-06 18:59:09,,,,,,,spotlight-prolific
QGFAEPFN,697a707b5bc42b2987347880,2,int,18,4,18,19,11, should ,12605,4507685,793,71,65.25694274902344,738.9583129882812,86.59027671813965,797.1458129882812,1,11,The government announced a plan for protecting villagers from tigers,0,,,2026-07-06,2026-07-06,2026-07-06T21:59:09.647Z,18:59:09,2026-07-06 18:59:09,,,,,,,spotlight-prolific
QGFAEPFN,697a707b5bc42b2987347880,2,int,18,4,18,19,11, should ,12658,4507738,793,71,65.25694274902344,738.9583129882812,86.59027671813965,797.1458129882812,1,11,The government announced a plan for protecting villagers from tigers,0,,,2026-07-06,2026-07-06,2026-07-06T21:59:09.647Z,18:59:09,2026-07-06 18:59:09,,,,,,,spotlight-prolific
QGFAEPFN,697a707b5bc42b2987347880,2,int,18,4,18,19,11, should ,12708,4507787,793,71,65.25694274902344,738.9583129882812,86.59027671813965,797.1458129882812,1,11,The government announced a plan for protecting villagers from tigers,0,,,2026-07-06,2026-07-06,2026-07-06T21:59:09.647Z,18:59:09,2026-07-06 18:59:09,,,,,,,spotlight-prolific
QGFAEPFN,697a707b5bc42b2987347880,2,int,18,4,18,19,11, should ,12757,4507836,793,71,65.25694274902344,738.9583129882812,86.59027671813965,797.1458129882812,1,11,The government announced a plan for protecting villagers from tigers,0,,,2026-07-06,2026-07-06,2026-07-06T21:59:09.647Z,18:59:09,2026-07-06 18:59:09,,,,,,,spotlight-prolific
QGFAEPFN,697a707b5bc42b2987347880,2,int,18,4,18,19,11, should ,12806,4507885,793,71,65.25694274902344,738.9583129882812,86.59027671813965,797.1458129882812,1,11,The government announced a plan for protecting villagers from tigers,0,,,2026-07-06,2026-07-06,2026-07-06T21:59:09.647Z,18:59:09,2026-07-06 18:59:09,,,,,,,spotlight-prolific
QGFAEPFN,697a707b5bc42b2987347880,2,int,18,4,18,19,11, should ,12859,4507938,793,71,65.25694274902344,738.9583129882812,86.59027671813965,797.1458129882812,1,11,The government announced a plan for protecting villagers from tigers,0,,,2026-07-06,2026-07-06,2026-07-06T21:59:09.647Z,18:59:09,2026-07-06 18:59:09,,,,,,,spotlight-prolific
QGFAEPFN,697a707b5bc42b2987347880,2,int,18,4,18,19,11, should ,12907,4507987,793,71,65.25694274902344,738.9583129882812,86.59027671813965,797.1458129882812,1,11,The government announced a plan for protecting villagers from tigers,0,,,2026-07-06,2026-07-06,2026-07-06T21:59:09.647Z,18:59:09,2026-07-06 18:59:09,,,,,,,spotlight-prolific
QGFAEPFN,697a707b5bc42b2987347880,2,int,18,4,18,19,11, should ,12958,4508037,793,71,65.25694274902344,738.9583129882812,86.59027671813965,797.1458129882812,1,11,The government announced a plan for protecting villagers from tigers,0,,,2026-07-06,2026-07-06,2026-07-06T21:59:09.647Z,18:59:09,2026-07-06 18:59:09,,,,,,,spotlight-prolific
QGFAEPFN,697a707b5bc42b2987347880,2,int,18,4,18,19,11, should ,13008,4508087,793,71,65.25694274902344,738.9583129882812,86.59027671813965,797.1458129882812,1,11,The government announced a plan for protecting villagers from tigers,0,,,2026-07-06,2026-07-06,2026-07-06T21:59:09.647Z,18:59:09,2026-07-06 18:59:09,,,,,,,spotlight-prolific
QGFAEPFN,697a707b5bc42b2987347880,2,int,18,4,18,19,11, should ,13058,4508137,793,71,65.25694274902344,738.9583129882812,86.59027671813965,797.1458129882812,1,11,The government announced a plan for protecting villagers from tigers,0,,,2026-07-06,2026-07-06,2026-07-06T21:59:09.647Z,18:59:09,2026-07-06 18:59:09,,,,,,,spotlight-prolific
QGFAEPFN,697a707b5bc42b2987347880,2,int,18,4,18,19,11, should ,13108,4508187,793,71,65.25694274902344,738.9583129882812,86.59027671813965,797.1458129882812,1,11,The government announced a plan for protecting villagers from tigers,0,,,2026-07-06,2026-07-06,2026-07-06T21:59:09.647Z,18:59:09,2026-07-06 18:59:09,,,,,,,spotlight-prolific
QGFAEPFN,697a707b5bc42b2987347880,2,int,18,4,18,19,11, should ,13158,4508238,793,71,65.25694274902344,738.9583129882812,86.59027671813965,797.1458129882812,1,11,The government announced a plan for protecting villagers from tigers,0,,,2026-07-06,2026-07-06,2026-07-06T21:59:09.647Z,18:59:09,2026-07-06 18:59:09,,,,,,,spotlight-prolific
QGFAEPFN,697a707b5bc42b2987347880,2,int,18,4,18,19,11, should ,13207,4508286,793,71,65.25694274902344,738.9583129882812,86.59027671813965,797.1458129882812,1,11,The government announced a plan for protecting villagers from tigers,0,,,2026-07-06,2026-07-06,2026-07-06T21:59:09.647Z,18:59:09,2026-07-06 18:59:09,,,,,,,spotlight-prolific
QGFAEPFN,697a707b5bc42b2987347880,2,int,18,4,18,19,11, should ,13254,4508333,793,71,65.25694274902344,738.9583129882812,86.59027671813965,797.1458129882812,1,11,The government announced a plan for protecting villagers from tigers,0,,,2026-07-06,2026-07-06,2026-07-06T21:59:09.647Z,18:59:09,2026-07-06 18:59:09,,,,,,,spotlight-prolific
QGFAEPFN,697a707b5bc42b2987347880,2,int,18,4,18,19,11, should ,13307,4508386,793,71,65.25694274902344,738.9583129882812,86.59027671813965,797.1458129882812,1,11,The government announced a plan for protecting villagers from tigers,0,,,2026-07-06,2026-07-06,2026-07-06T21:59:09.647Z,18:59:09,2026-07-06 18:59:09,,,,,,,spotlight-prolific
QGFAEPFN,697a707b5bc42b2987347880,2,int,18,4,18,19,11, should ,13356,4508435,793,71,65.25694274902344,738.9583129882812,86.59027671813965,797.1458129882812,1,11,The government announced a plan for protecting villagers from tigers,0,,,2026-07-06,2026-07-06,2026-07-06T21:59:09.647Z,18:59:09,2026-07-06 18:59:09,,,,,,,spotlight-prolific
QGFAEPFN,697a707b5bc42b2987347880,2,int,18,4,18,19,11, should ,13404,4508483,793,71,65.25694274902344,738.9583129882812,86.59027671813965,797.1458129882812,1,11,The government announced a plan for protecting villagers from tigers,0,,,2026-07-06,2026-07-06,2026-07-06T21:59:09.647Z,18:59:09,2026-07-06 18:59:09,,,,,,,spotlight-prolific
QGFAEPFN,697a707b5bc42b2987347880,2,int,18,4,18,19,11, should ,13458,4508537,793,71,65.25694274902344,738.9583129882812,86.59027671813965,797.1458129882812,1,11,The government announced a plan for protecting villagers from tigers,0,,,2026-07-06,2026-07-06,2026-07-06T21:59:09.647Z,18:59:09,2026-07-06 18:59:09,,,,,,,spotlight-prolific
QGFAEPFN,697a707b5bc42b2987347880,2,int,18,4,18,19,11, should ,13507,4508586,793,71,65.25694274902344,738.9583129882812,86.59027671813965,797.1458129882812,1,11,The government announced a plan for protecting villagers from tigers,0,,,2026-07-06,2026-07-06,2026-07-06T21:59:09.647Z,18:59:09,2026-07-06 18:59:09,,,,,,,spotlight-prolific
QGFAEPFN,697a707b5bc42b2987347880,2,int,18,4,18,19,11, should ,13558,4508637,793,71,65.25694274902344,738.9583129882812,86.59027671813965,797.1458129882812,1,11,The government announced a plan for protecting villagers from tigers,0,,,2026-07-06,2026-07-06,2026-07-06T21:59:09.647Z,18:59:09,2026-07-06 18:59:09,,,,,,,spotlight-prolific
QGFAEPFN,697a707b5bc42b2987347880,2,int,18,4,18,19,11, should ,13607,4508687,793,71,65.25694274902344,738.9583129882812,86.59027671813965,797.1458129882812,1,11,The government announced a plan for protecting villagers from tigers,0,,,2026-07-06,2026-07-06,2026-07-06T21:59:09.647Z,18:59:09,2026-07-06 18:59:09,,,,,,,spotlight-prolific
QGFAEPFN,697a707b5bc42b2987347880,2,int,18,4,18,19,11, should ,13658,4508737,793,71,65.25694274902344,738.9583129882812,86.59027671813965,797.1458129882812,1,11,The government announced a plan for protecting villagers from tigers,0,,,2026-07-06,2026-07-06,2026-07-06T21:59:09.647Z,18:59:09,2026-07-06 18:59:09,,,,,,,spotlight-prolific
QGFAEPFN,697a707b5bc42b2987347880,2,int,18,4,18,19,11, should ,13706,4508785,793,71,65.25694274902344,738.9583129882812,86.59027671813965,797.1458129882812,1,11,The government announced a plan for protecting villagers from tigers,0,,,2026-07-06,2026-07-06,2026-07-06T21:59:09.647Z,18:59:09,2026-07-06 18:59:09,,,,,,,spotlight-prolific
QGFAEPFN,697a707b5bc42b2987347880,2,int,18,4,18,19,11, should ,13758,4508837,793,71,65.25694274902344,738.9583129882812,86.59027671813965,797.1458129882812,1,11,The government announced a plan for protecting villagers from tigers,0,,,2026-07-06,2026-07-06,2026-07-06T21:59:09.647Z,18:59:09,2026-07-06 18:59:09,,,,,,,spotlight-prolific
QGFAEPFN,697a707b5bc42b2987347880,2,int,18,4,18,19,11, should ,13804,4508883,793,71,65.25694274902344,738.9583129882812,86.59027671813965,797.1458129882812,1,11,The government announced a plan for protecting villagers from tigers,0,,,2026-07-06,2026-07-06,2026-07-06T21:59:09.647Z,18:59:09,2026-07-06 18:59:09,,,,,,,spotlight-prolific
QGFAEPFN,697a707b5bc42b2987347880,2,int,18,4,18,19,11, should ,13853,4508932,795,70,65.25694274902344,738.9583129882812,86.59027671813965,797.1458129882812,1,11,The government announced a plan for protecting villagers from tigers,0,,,2026-07-06,2026-07-06,2026-07-06T21:59:09.647Z,18:59:09,2026-07-06 18:59:09,,,,,,,spotlight-prolific
QGFAEPFN,697a707b5bc42b2987347880,2,int,18,4,18,19,11, should ,13905,4508985,795,70,65.25694274902344,738.9583129882812,86.59027671813965,797.1458129882812,1,11,The government announced a plan for protecting villagers from tigers,0,,,2026-07-06,2026-07-06,2026-07-06T21:59:09.647Z,18:59:09,2026-07-06 18:59:09,,,,,,,spotlight-prolific
QGFAEPFN,697a707b5bc42b2987347880,2,int,18,4,18,19,11, should ,13955,4509034,795,70,65.25694274902344,738.9583129882812,86.59027671813965,797.1458129882812,1,11,The government announced a plan for protecting villagers from tigers,0,,,2026-07-06,2026-07-06,2026-07-06T21:59:09.647Z,18:59:09,2026-07-06 18:59:09,,,,,,,spotlight-prolific
QGFAEPFN,697a707b5bc42b2987347880,2,int,18,4,18,19,11, should ,14006,4509085,795,70,65.25694274902344,738.9583129882812,86.59027671813965,797.1458129882812,1,11,The government announced a plan for protecting villagers from tigers,0,,,2026-07-06,2026-07-06,2026-07-06T21:59:09.647Z,18:59:09,2026-07-06 18:59:09,,,,,,,spotlight-prolific
QGFAEPFN,697a707b5bc42b2987347880,2,int,18,4,18,19,11, should ,14056,4509135,795,70,65.25694274902344,738.9583129882812,86.59027671813965,797.1458129882812,1,11,The government announced a plan for protecting villagers from tigers,0,,,2026-07-06,2026-07-06,2026-07-06T21:59:09.647Z,18:59:09,2026-07-06 18:59:09,,,,,,,spotlight-prolific
QGFAEPFN,697a707b5bc42b2987347880,2,int,18,4,18,19,11, should ,14106,4509186,795,70,65.25694274902344,738.9583129882812,86.59027671813965,797.1458129882812,1,11,The government announced a plan for protecting villagers from tigers,0,,,2026-07-06,2026-07-06,2026-07-06T21:59:09.647Z,18:59:09,2026-07-06 18:59:09,,,,,,,spotlight-prolific
QGFAEPFN,697a707b5bc42b2987347880,2,int,18,4,18,19,11, should ,14156,4509235,795,70,65.25694274902344,738.9583129882812,86.59027671813965,797.1458129882812,1,11,The government announced a plan for protecting villagers from tigers,0,,,2026-07-06,2026-07-06,2026-07-06T21:59:09.647Z,18:59:09,2026-07-06 18:59:09,,,,,,,spotlight-prolific
QGFAEPFN,697a707b5bc42b2987347880,2,int,18,4,18,19,11, should ,14206,4509285,795,70,65.25694274902344,738.9583129882812,86.59027671813965,797.1458129882812,1,11,The government announced a plan for protecting villagers from tigers,0,,,2026-07-06,2026-07-06,2026-07-06T21:59:09.647Z,18:59:09,2026-07-06 18:59:09,,,,,,,spotlight-prolific
QGFAEPFN,697a707b5bc42b2987347880,2,int,18,4,18,19,11, should ,14257,4509336,795,70,65.25694274902344,738.9583129882812,86.59027671813965,797.1458129882812,1,11,The government announced a plan for protecting villagers from tigers,0,,,2026-07-06,2026-07-06,2026-07-06T21:59:09.647Z,18:59:09,2026-07-06 18:59:09,,,,,,,spotlight-prolific
QGFAEPFN,697a707b5bc42b2987347880,2,int,18,4,18,19,11, should ,14303,4509382,795,68,65.25694274902344,738.9583129882812,86.59027671813965,797.1458129882812,1,11,The government announced a plan for protecting villagers from tigers,0,,,2026-07-06,2026-07-06,2026-07-06T21:59:09.647Z,18:59:09,2026-07-06 18:59:09,,,,,,,spotlight-prolific
QGFAEPFN,697a707b5bc42b2987347880,2,int,18,4,18,19,11, should ,14357,4509436,796,67,65.25694274902344,738.9583129882812,86.59027671813965,797.1458129882812,1,11,The government announced a plan for protecting villagers from tigers,0,,,2026-07-06,2026-07-06,2026-07-06T21:59:09.647Z,18:59:09,2026-07-06 18:59:09,,,,,,,spotlight-prolific
QGFAEPFN,697a707b5bc42b2987347880,2,int,18,4,18,19,11, should ,14405,4509484,796,65,65.25694274902344,738.9583129882812,86.59027671813965,797.1458129882812,1,11,The government announced a plan for protecting villagers from tigers,0,,,2026-07-06,2026-07-06,2026-07-06T21:59:09.647Z,18:59:09,2026-07-06 18:59:09,,,,,,,spotlight-prolific
QGFAEPFN,697a707b5bc42b2987347880,2,int,18,4,18,19,12, also ,14453,4509532,798,70,65.25694274902344,797.1458129882812,86.59027671813965,835.152759552002,1,12,The government announced a plan for protecting villagers from tigers,0,,,2026-07-06,2026-07-06,2026-07-06T21:59:09.647Z,18:59:09,2026-07-06 18:59:09,,,,,,,spotlight-prolific
QGFAEPFN,697a707b5bc42b2987347880,2,int,18,4,18,19,12, also ,14503,4509582,798,70,65.25694274902344,797.1458129882812,86.59027671813965,835.152759552002,1,12,The government announced a plan for protecting villagers from tigers,0,,,2026-07-06,2026-07-06,2026-07-06T21:59:09.647Z,18:59:09,2026-07-06 18:59:09,,,,,,,spotlight-prolific
QGFAEPFN,697a707b5bc42b2987347880,2,int,18,4,18,19,12, also ,14556,4509635,803,71,65.25694274902344,797.1458129882812,86.59027671813965,835.152759552002,1,12,The government announced a plan for protecting villagers from tigers,0,,,2026-07-06,2026-07-06,2026-07-06T21:59:09.647Z,18:59:09,2026-07-06 18:59:09,,,,,,,spotlight-prolific
QGFAEPFN,697a707b5bc42b2987347880,2,int,18,4,18,19,12, also ,14602,4509681,808,73,65.25694274902344,797.1458129882812,86.59027671813965,835.152759552002,1,12,The government announced a plan for protecting villagers from tigers,0,,,2026-07-06,2026-07-06,2026-07-06T21:59:09.647Z,18:59:09,2026-07-06 18:59:09,,,,,,,spotlight-prolific
QGFAEPFN,697a707b5bc42b2987347880,2,int,18,4,18,19,12, also ,14652,4509731,812,71,65.25694274902344,797.1458129882812,86.59027671813965,835.152759552002,1,12,The government announced a plan for protecting villagers from tigers,0,,,2026-07-06,2026-07-06,2026-07-06T21:59:09.647Z,18:59:09,2026-07-06 18:59:09,,,,,,,spotlight-prolific
QGFAEPFN,697a707b5bc42b2987347880,2,int,18,4,18,19,12, also ,14702,4509781,825,71,65.25694274902344,797.1458129882812,86.59027671813965,835.152759552002,1,12,The government announced a plan for protecting villagers from tigers,0,,,2026-07-06,2026-07-06,2026-07-06T21:59:09.647Z,18:59:09,2026-07-06 18:59:09,,,,,,,spotlight-prolific
QGFAEPFN,697a707b5bc42b2987347880,2,int,18,4,18,19,12, also ,14753,4509833,830,73,65.25694274902344,797.1458129882812,86.59027671813965,835.152759552002,1,12,The government announced a plan for protecting villagers from tigers,0,,,2026-07-06,2026-07-06,2026-07-06T21:59:09.647Z,18:59:09,2026-07-06 18:59:09,,,,,,,spotlight-prolific
QGFAEPFN,697a707b5bc42b2987347880,2,int,18,4,18,19,13, produce ,14803,4509882,841,71,65.25694274902344,835.1527709960938,86.59027671813965,900.3194351196289,1,13,The government announced a plan for protecting villagers from tigers,0,,,2026-07-06,2026-07-06,2026-07-06T21:59:09.647Z,18:59:09,2026-07-06 18:59:09,,,,,,,spotlight-prolific
QGFAEPFN,697a707b5bc42b2987347880,2,int,18,4,18,19,13, produce ,14853,4509932,841,71,65.25694274902344,835.1527709960938,86.59027671813965,900.3194351196289,1,13,The government announced a plan for protecting villagers from tigers,0,,,2026-07-06,2026-07-06,2026-07-06T21:59:09.647Z,18:59:09,2026-07-06 18:59:09,,,,,,,spotlight-prolific
QGFAEPFN,697a707b5bc42b2987347880,2,int,18,4,18,19,13, produce ,14907,4509986,847,70,65.25694274902344,835.1527709960938,86.59027671813965,900.3194351196289,1,13,The government announced a plan for protecting villagers from tigers,0,,,2026-07-06,2026-07-06,2026-07-06T21:59:09.647Z,18:59:09,2026-07-06 18:59:09,,,,,,,spotlight-prolific
QGFAEPFN,697a707b5bc42b2987347880,2,int,18,4,18,19,13, produce ,14953,4510032,855,67,65.25694274902344,835.1527709960938,86.59027671813965,900.3194351196289,1,13,The government announced a plan for protecting villagers from tigers,0,,,2026-07-06,2026-07-06,2026-07-06T21:59:09.647Z,18:59:09,2026-07-06 18:59:09,,,,,,,spotlight-prolific
QGFAEPFN,697a707b5bc42b2987347880,2,int,18,4,18,19,13, produce ,15005,4510084,855,67,65.25694274902344,835.1527709960938,86.59027671813965,900.3194351196289,1,13,The government announced a plan for protecting villagers from tigers,0,,,2026-07-06,2026-07-06,2026-07-06T21:59:09.647Z,18:59:09,2026-07-06 18:59:09,,,,,,,spotlight-prolific
QGFAEPFN,697a707b5bc42b2987347880,2,int,18,4,18,19,13, produce ,15054,4510134,855,67,65.25694274902344,835.1527709960938,86.59027671813965,900.3194351196289,1,13,The government announced a plan for protecting villagers from tigers,0,,,2026-07-06,2026-07-06,2026-07-06T21:59:09.647Z,18:59:09,2026-07-06 18:59:09,,,,,,,spotlight-prolific
QGFAEPFN,697a707b5bc42b2987347880,2,int,18,4,18,19,13, produce ,15105,4510184,855,67,65.25694274902344,835.1527709960938,86.59027671813965,900.3194351196289,1,13,The government announced a plan for protecting villagers from tigers,0,,,2026-07-06,2026-07-06,2026-07-06T21:59:09.647Z,18:59:09,2026-07-06 18:59:09,,,,,,,spotlight-prolific
QGFAEPFN,697a707b5bc42b2987347880,2,int,18,4,18,19,13, produce ,15155,4510235,853,67,65.25694274902344,835.1527709960938,86.59027671813965,900.3194351196289,1,13,The government announced a plan for protecting villagers from tigers,0,,,2026-07-06,2026-07-06,2026-07-06T21:59:09.647Z,18:59:09,2026-07-06 18:59:09,,,,,,,spotlight-prolific
QGFAEPFN,697a707b5bc42b2987347880,2,int,18,4,18,19,12, also ,15202,4510282,829,73,65.25694274902344,797.1458129882812,86.59027671813965,835.152759552002,1,12,The government announced a plan for protecting villagers from tigers,0,,,2026-07-06,2026-07-06,2026-07-06T21:59:09.647Z,18:59:09,2026-07-06 18:59:09,,,,,,,spotlight-prolific
QGFAEPFN,697a707b5bc42b2987347880,2,int,18,4,18,19,11, should ,15252,4510331,781,82,65.25694274902344,738.9583129882812,86.59027671813965,797.1458129882812,1,11,The government announced a plan for protecting villagers from tigers,0,,,2026-07-06,2026-07-06,2026-07-06T21:59:09.647Z,18:59:09,2026-07-06 18:59:09,,,,,,,spotlight-prolific
QGFAEPFN,697a707b5bc42b2987347880,2,int,18,4,18,19,23, village ,15302,4510381,689,100,105.25694274902344,666.6458129882812,126.59027671813965,722.0763702392578,2,10,The government announced a plan for protecting villagers from tigers,0,,,2026-07-06,2026-07-06,2026-07-06T21:59:09.647Z,18:59:09,2026-07-06 18:59:09,,,,,,,spotlight-prolific
QGFAEPFN,697a707b5bc42b2987347880,2,int,18,4,18,19,21," Bhurtel, ",15359,4510438,633,107,105.25694274902344,587.25,126.59027671813965,652.4305572509766,2,8,The government announced a plan for protecting villagers from tigers,0,,,2026-07-06,2026-07-06,2026-07-06T21:59:09.647Z,18:59:09,2026-07-06 18:59:09,,,,,,,spotlight-prolific
QGFAEPFN,697a707b5bc42b2987347880,2,int,18,4,18,19,20, Krishna ,15409,4510488,570,108,105.25694274902344,522.2430419921875,126.59027671813965,587.2499847412109,2,7,The government announced a plan for protecting villagers from tigers,0,,,2026-07-06,2026-07-06,2026-07-06T21:59:09.647Z,18:59:09,2026-07-06 18:59:09,,,,,,,spotlight-prolific
QGFAEPFN,697a707b5bc42b2987347880,2,int,18,4,18,19,19," tigers,” ",15452,4510531,514,110,105.25694274902344,464.4236145019531,126.59027671813965,522.2430610656738,2,6,The government announced a plan for protecting villagers from tigers,0,,,2026-07-06,2026-07-06,2026-07-06T21:59:09.647Z,18:59:09,2026-07-06 18:59:09,,,,,,,spotlight-prolific
QGFAEPFN,697a707b5bc42b2987347880,2,int,18,4,18,19,19," tigers,” ",15502,4510581,467,110,105.25694274902344,464.4236145019531,126.59027671813965,522.2430610656738,2,6,The government announced a plan for protecting villagers from tigers,0,,,2026-07-06,2026-07-06,2026-07-06T21:59:09.647Z,18:59:09,2026-07-06 18:59:09,,,,,,,spotlight-prolific
QGFAEPFN,697a707b5bc42b2987347880,2,int,18,4,18,19,18, from ,15553,4510632,442,110,105.25694274902344,421.8125,126.59027671813965,464.42361068725586,2,5,The government announced a plan for protecting villagers from tigers,0,,,2026-07-06,2026-07-06,2026-07-06T21:59:09.647Z,18:59:09,2026-07-06 18:59:09,,,,,,,spotlight-prolific
QGFAEPFN,697a707b5bc42b2987347880,2,int,18,4,18,19,18, from ,15603,4510682,436,110,105.25694274902344,421.8125,126.59027671813965,464.42361068725586,2,5,The government announced a plan for protecting villagers from tigers,0,,,2026-07-06,2026-07-06,2026-07-06T21:59:09.647Z,18:59:09,2026-07-06 18:59:09,,,,,,,spotlight-prolific
QGFAEPFN,697a707b5bc42b2987347880,2,int,18,4,18,19,17, people ,15652,4510731,404,113,105.25694274902344,363.65972900390625,126.59027671813965,421.81250762939453,2,4,The government announced a plan for protecting villagers from tigers,0,,,2026-07-06,2026-07-06,2026-07-06T21:59:09.647Z,18:59:09,2026-07-06 18:59:09,,,,,,,spotlight-prolific
QGFAEPFN,697a707b5bc42b2987347880,2,int,18,4,18,19,16, protect ,15702,4510781,359,116,105.25694274902344,302.34722900390625,126.59027671813965,363.65972900390625,2,3,The government announced a plan for protecting villagers from tigers,0,,,2026-07-06,2026-07-06,2026-07-06T21:59:09.647Z,18:59:09,2026-07-06 18:59:09,,,,,,,spotlight-prolific
QGFAEPFN,697a707b5bc42b2987347880,2,int,18,4,18,19,16, protect ,15753,4510832,323,121,105.25694274902344,302.34722900390625,126.59027671813965,363.65972900390625,2,3,The government announced a plan for protecting villagers from tigers,0,,,2026-07-06,2026-07-06,2026-07-06T21:59:09.647Z,18:59:09,2026-07-06 18:59:09,,,,,,,spotlight-prolific
QGFAEPFN,697a707b5bc42b2987347880,2,int,18,4,18,19,16, protect ,15802,4510881,313,122,105.25694274902344,302.34722900390625,126.59027671813965,363.65972900390625,2,3,The government announced a plan for protecting villagers from tigers,0,,,2026-07-06,2026-07-06,2026-07-06T21:59:09.647Z,18:59:09,2026-07-06 18:59:09,,,,,,,spotlight-prolific
QGFAEPFN,697a707b5bc42b2987347880,2,int,18,4,18,19,16, protect ,15852,4510931,304,122,105.25694274902344,302.34722900390625,126.59027671813965,363.65972900390625,2,3,The government announced a plan for protecting villagers from tigers,0,,,2026-07-06,2026-07-06,2026-07-06T21:59:09.647Z,18:59:09,2026-07-06 18:59:09,,,,,,,spotlight-prolific
QGFAEPFN,697a707b5bc42b2987347880,2,int,18,4,18,19,15, to ,15903,4510982,293,120,105.25694274902344,281.97222900390625,126.59027671813965,302.34722900390625,2,2,The government announced a plan for protecting villagers from tigers,0,,,2026-07-06,2026-07-06,2026-07-06T21:59:09.647Z,18:59:09,2026-07-06 18:59:09,,,,,,,spotlight-prolific
QGFAEPFN,697a707b5bc42b2987347880,2,int,18,4,18,19,14, plans ,15952,4511031,279,120,105.25694274902344,234.18055725097656,126.59027671813965,281.972225189209,2,1,The government announced a plan for protecting villagers from tigers,0,,,2026-07-06,2026-07-06,2026-07-06T21:59:09.647Z,18:59:09,2026-07-06 18:59:09,,,,,,,spotlight-prolific
QGFAEPFN,697a707b5bc42b2987347880,2,int,18,4,18,19,14, plans ,16002,4511081,265,119,105.25694274902344,234.18055725097656,126.59027671813965,281.972225189209,2,1,The government announced a plan for protecting villagers from tigers,0,,,2026-07-06,2026-07-06,2026-07-06T21:59:09.647Z,18:59:09,2026-07-06 18:59:09,,,,,,,spotlight-prolific
QGFAEPFN,697a707b5bc42b2987347880,2,int,18,4,18,19,14, plans ,16054,4511133,249,119,105.25694274902344,234.18055725097656,126.59027671813965,281.972225189209,2,1,The government announced a plan for protecting villagers from tigers,0,,,2026-07-06,2026-07-06,2026-07-06T21:59:09.647Z,18:59:09,2026-07-06 18:59:09,,,,,,,spotlight-prolific
QGFAEPFN,697a707b5bc42b2987347880,2,int,18,4,18,19,14, plans ,16108,4511187,235,121,105.25694274902344,234.18055725097656,126.59027671813965,281.972225189209,2,1,The government announced a plan for protecting villagers from tigers,0,,,2026-07-06,2026-07-06,2026-07-06T21:59:09.647Z,18:59:09,2026-07-06 18:59:09,,,,,,,spotlight-prolific
QGFAEPFN,697a707b5bc42b2987347880,2,int,18,4,18,19,14, plans ,16152,4511232,235,121,105.25694274902344,234.18055725097656,126.59027671813965,281.972225189209,2,1,The government announced a plan for protecting villagers from tigers,0,,,2026-07-06,2026-07-06,2026-07-06T21:59:09.647Z,18:59:09,2026-07-06 18:59:09,,,,,,,spotlight-prolific
QGFAEPFN,697a707b5bc42b2987347880,2,int,18,4,18,19,14, plans ,16206,4511285,235,121,105.25694274902344,234.18055725097656,126.59027671813965,281.972225189209,2,1,The government announced a plan for protecting villagers from tigers,0,,,2026-07-06,2026-07-06,2026-07-06T21:59:09.647Z,18:59:09,2026-07-06 18:59:09,,,,,,,spotlight-prolific
QGFAEPFN,697a707b5bc42b2987347880,2,int,18,4,18,19,14, plans ,16256,4511335,235,121,105.25694274902344,234.18055725097656,126.59027671813965,281.972225189209,2,1,The government announced a plan for protecting villagers from tigers,0,,,2026-07-06,2026-07-06,2026-07-06T21:59:09.647Z,18:59:09,2026-07-06 18:59:09,,,,,,,spotlight-prolific
QGFAEPFN,697a707b5bc42b2987347880,2,int,18,4,18,19,14, plans ,16307,4511386,235,121,105.25694274902344,234.18055725097656,126.59027671813965,281.972225189209,2,1,The government announced a plan for protecting villagers from tigers,0,,,2026-07-06,2026-07-06,2026-07-06T21:59:09.647Z,18:59:09,2026-07-06 18:59:09,,,,,,,spotlight-prolific
QGFAEPFN,697a707b5bc42b2987347880,2,int,18,4,18,19,14, plans ,16354,4511434,235,121,105.25694274902344,234.18055725097656,126.59027671813965,281.972225189209,2,1,The government announced a plan for protecting villagers from tigers,0,,,2026-07-06,2026-07-06,2026-07-06T21:59:09.647Z,18:59:09,2026-07-06 18:59:09,,,,,,,spotlight-prolific
QGFAEPFN,697a707b5bc42b2987347880,2,int,18,4,18,19,14, plans ,16406,4511485,235,121,105.25694274902344,234.18055725097656,126.59027671813965,281.972225189209,2,1,The government announced a plan for protecting villagers from tigers,0,,,2026-07-06,2026-07-06,2026-07-06T21:59:09.647Z,18:59:09,2026-07-06 18:59:09,,,,,,,spotlight-prolific
QGFAEPFN,697a707b5bc42b2987347880,2,int,18,4,18,19,14, plans ,16456,4511535,235,121,105.25694274902344,234.18055725097656,126.59027671813965,281.972225189209,2,1,The government announced a plan for protecting villagers from tigers,0,,,2026-07-06,2026-07-06,2026-07-06T21:59:09.647Z,18:59:09,2026-07-06 18:59:09,,,,,,,spotlight-prolific
QGFAEPFN,697a707b5bc42b2987347880,2,int,18,4,18,19,14, plans ,16506,4511585,235,121,105.25694274902344,234.18055725097656,126.59027671813965,281.972225189209,2,1,The government announced a plan for protecting villagers from tigers,0,,,2026-07-06,2026-07-06,2026-07-06T21:59:09.647Z,18:59:09,2026-07-06 18:59:09,,,,,,,spotlight-prolific
QGFAEPFN,697a707b5bc42b2987347880,2,int,18,4,18,19,14, plans ,16556,4511636,235,121,105.25694274902344,234.18055725097656,126.59027671813965,281.972225189209,2,1,The government announced a plan for protecting villagers from tigers,0,,,2026-07-06,2026-07-06,2026-07-06T21:59:09.647Z,18:59:09,2026-07-06 18:59:09,,,,,,,spotlight-prolific
QGFAEPFN,697a707b5bc42b2987347880,2,int,18,4,18,19,14, plans ,16607,4511686,235,121,105.25694274902344,234.18055725097656,126.59027671813965,281.972225189209,2,1,The government announced a plan for protecting villagers from tigers,0,,,2026-07-06,2026-07-06,2026-07-06T21:59:09.647Z,18:59:09,2026-07-06 18:59:09,,,,,,,spotlight-prolific
QGFAEPFN,697a707b5bc42b2987347880,2,int,18,4,18,19,14, plans ,16653,4511732,235,124,105.25694274902344,234.18055725097656,126.59027671813965,281.972225189209,2,1,The government announced a plan for protecting villagers from tigers,0,,,2026-07-06,2026-07-06,2026-07-06T21:59:09.647Z,18:59:09,2026-07-06 18:59:09,,,,,,,spotlight-prolific
QGFAEPFN,697a707b5bc42b2987347880,2,int,18,4,18,19,14, plans ,16703,4511782,235,124,105.25694274902344,234.18055725097656,126.59027671813965,281.972225189209,2,1,The government announced a plan for protecting villagers from tigers,0,,,2026-07-06,2026-07-06,2026-07-06T21:59:09.647Z,18:59:09,2026-07-06 18:59:09,,,,,,,spotlight-prolific
QGFAEPFN,697a707b5bc42b2987347880,2,int,18,4,18,19,14, plans ,16762,4511842,240,126,105.25694274902344,234.18055725097656,126.59027671813965,281.972225189209,2,1,The government announced a plan for protecting villagers from tigers,0,,,2026-07-06,2026-07-06,2026-07-06T21:59:09.647Z,18:59:09,2026-07-06 18:59:09,,,,,,,spotlight-prolific
QGFAEPFN,697a707b5bc42b2987347880,2,int,18,4,18,19,14, plans ,16805,4511885,243,126,105.25694274902344,234.18055725097656,126.59027671813965,281.972225189209,2,1,The government announced a plan for protecting villagers from tigers,0,,,2026-07-06,2026-07-06,2026-07-06T21:59:09.647Z,18:59:09,2026-07-06 18:59:09,,,,,,,spotlight-prolific
QGFAEPFN,697a707b5bc42b2987347880,2,int,18,4,18,19,14, plans ,16852,4511931,246,126,105.25694274902344,234.18055725097656,126.59027671813965,281.972225189209,2,1,The government announced a plan for protecting villagers from tigers,0,,,2026-07-06,2026-07-06,2026-07-06T21:59:09.647Z,18:59:09,2026-07-06 18:59:09,,,,,,,spotlight-prolific
QGFAEPFN,697a707b5bc42b2987347880,2,int,18,4,18,19,14, plans ,16902,4511981,254,126,105.25694274902344,234.18055725097656,126.59027671813965,281.972225189209,2,1,The government announced a plan for protecting villagers from tigers,0,,,2026-07-06,2026-07-06,2026-07-06T21:59:09.647Z,18:59:09,2026-07-06 18:59:09,,,,,,,spotlight-prolific
QGFAEPFN,697a707b5bc42b2987347880,2,int,18,4,18,19,14, plans ,16953,4512032,265,125,105.25694274902344,234.18055725097656,126.59027671813965,281.972225189209,2,1,The government announced a plan for protecting villagers from tigers,0,,,2026-07-06,2026-07-06,2026-07-06T21:59:09.647Z,18:59:09,2026-07-06 18:59:09,,,,,,,spotlight-prolific
QGFAEPFN,697a707b5bc42b2987347880,2,int,18,4,18,19,14, plans ,17002,4512081,275,122,105.25694274902344,234.18055725097656,126.59027671813965,281.972225189209,2,1,The government announced a plan for protecting villagers from tigers,0,,,2026-07-06,2026-07-06,2026-07-06T21:59:09.647Z,18:59:09,2026-07-06 18:59:09,,,,,,,spotlight-prolific
QGFAEPFN,697a707b5bc42b2987347880,2,int,18,4,18,19,15, to ,17052,4512132,282,122,105.25694274902344,281.97222900390625,126.59027671813965,302.34722900390625,2,2,The government announced a plan for protecting villagers from tigers,0,,,2026-07-06,2026-07-06,2026-07-06T21:59:09.647Z,18:59:09,2026-07-06 18:59:09,,,,,,,spotlight-prolific
QGFAEPFN,697a707b5bc42b2987347880,2,int,18,4,18,19,15, to ,17102,4512181,288,122,105.25694274902344,281.97222900390625,126.59027671813965,302.34722900390625,2,2,The government announced a plan for protecting villagers from tigers,0,,,2026-07-06,2026-07-06,2026-07-06T21:59:09.647Z,18:59:09,2026-07-06 18:59:09,,,,,,,spotlight-prolific
QGFAEPFN,697a707b5bc42b2987347880,2,int,18,4,18,19,15, to ,17152,4512231,294,122,105.25694274902344,281.97222900390625,126.59027671813965,302.34722900390625,2,2,The government announced a plan for protecting villagers from tigers,0,,,2026-07-06,2026-07-06,2026-07-06T21:59:09.647Z,18:59:09,2026-07-06 18:59:09,,,,,,,spotlight-prolific
QGFAEPFN,697a707b5bc42b2987347880,2,int,18,4,18,19,15, to ,17212,4512291,299,121,105.25694274902344,281.97222900390625,126.59027671813965,302.34722900390625,2,2,The government announced a plan for protecting villagers from tigers,0,,,2026-07-06,2026-07-06,2026-07-06T21:59:09.647Z,18:59:09,2026-07-06 18:59:09,,,,,,,spotlight-prolific
QGFAEPFN,697a707b5bc42b2987347880,2,int,18,4,18,19,16, protect ,17255,4512335,304,121,105.25694274902344,302.34722900390625,126.59027671813965,363.65972900390625,2,3,The government announced a plan for protecting villagers from tigers,0,,,2026-07-06,2026-07-06,2026-07-06T21:59:09.647Z,18:59:09,2026-07-06 18:59:09,,,,,,,spotlight-prolific
QGFAEPFN,697a707b5bc42b2987347880,2,int,18,4,18,19,16, protect ,17302,4512381,312,118,105.25694274902344,302.34722900390625,126.59027671813965,363.65972900390625,2,3,The government announced a plan for protecting villagers from tigers,0,,,2026-07-06,2026-07-06,2026-07-06T21:59:09.647Z,18:59:09,2026-07-06 18:59:09,,,,,,,spotlight-prolific
QGFAEPFN,697a707b5bc42b2987347880,2,int,18,4,18,19,16, protect ,17352,4512432,324,116,105.25694274902344,302.34722900390625,126.59027671813965,363.65972900390625,2,3,The government announced a plan for protecting villagers from tigers,0,,,2026-07-06,2026-07-06,2026-07-06T21:59:09.647Z,18:59:09,2026-07-06 18:59:09,,,,,,,spotlight-prolific
QGFAEPFN,697a707b5bc42b2987347880,2,int,18,4,18,19,16, protect ,17402,4512481,333,116,105.25694274902344,302.34722900390625,126.59027671813965,363.65972900390625,2,3,The government announced a plan for protecting villagers from tigers,0,,,2026-07-06,2026-07-06,2026-07-06T21:59:09.647Z,18:59:09,2026-07-06 18:59:09,,,,,,,spotlight-prolific
QGFAEPFN,697a707b5bc42b2987347880,2,int,18,4,18,19,16, protect ,17455,4512534,343,116,105.25694274902344,302.34722900390625,126.59027671813965,363.65972900390625,2,3,The government announced a plan for protecting villagers from tigers,0,,,2026-07-06,2026-07-06,2026-07-06T21:59:09.647Z,18:59:09,2026-07-06 18:59:09,,,,,,,spotlight-prolific
QGFAEPFN,697a707b5bc42b2987347880,2,int,18,4,18,19,16, protect ,17505,4512584,349,118,105.25694274902344,302.34722900390625,126.59027671813965,363.65972900390625,2,3,The government announced a plan for protecting villagers from tigers,0,,,2026-07-06,2026-07-06,2026-07-06T21:59:09.647Z,18:59:09,2026-07-06 18:59:09,,,,,,,spotlight-prolific
QGFAEPFN,697a707b5bc42b2987347880,2,int,18,4,18,19,16, protect ,17552,4512631,362,118,105.25694274902344,302.34722900390625,126.59027671813965,363.65972900390625,2,3,The government announced a plan for protecting villagers from tigers,0,,,2026-07-06,2026-07-06,2026-07-06T21:59:09.647Z,18:59:09,2026-07-06 18:59:09,,,,,,,spotlight-prolific
QGFAEPFN,697a707b5bc42b2987347880,2,int,18,4,18,19,17, people ,17608,4512688,373,118,105.25694274902344,363.65972900390625,126.59027671813965,421.81250762939453,2,4,The government announced a plan for protecting villagers from tigers,0,,,2026-07-06,2026-07-06,2026-07-06T21:59:09.647Z,18:59:09,2026-07-06 18:59:09,,,,,,,spotlight-prolific
QGFAEPFN,697a707b5bc42b2987347880,2,int,18,4,18,19,17, people ,17652,4512731,385,118,105.25694274902344,363.65972900390625,126.59027671813965,421.81250762939453,2,4,The government announced a plan for protecting villagers from tigers,0,,,2026-07-06,2026-07-06,2026-07-06T21:59:09.647Z,18:59:09,2026-07-06 18:59:09,,,,,,,spotlight-prolific
QGFAEPFN,697a707b5bc42b2987347880,2,int,18,4,18,19,17, people ,17702,4512781,394,118,105.25694274902344,363.65972900390625,126.59027671813965,421.81250762939453,2,4,The government announced a plan for protecting villagers from tigers,0,,,2026-07-06,2026-07-06,2026-07-06T21:59:09.647Z,18:59:09,2026-07-06 18:59:09,,,,,,,spotlight-prolific
QGFAEPFN,697a707b5bc42b2987347880,2,int,18,4,18,19,17, people ,17753,4512832,400,117,105.25694274902344,363.65972900390625,126.59027671813965,421.81250762939453,2,4,The government announced a plan for protecting villagers from tigers,0,,,2026-07-06,2026-07-06,2026-07-06T21:59:09.647Z,18:59:09,2026-07-06 18:59:09,,,,,,,spotlight-prolific
QGFAEPFN,697a707b5bc42b2987347880,2,int,18,4,18,19,17, people ,17803,4512882,408,116,105.25694274902344,363.65972900390625,126.59027671813965,421.81250762939453,2,4,The government announced a plan for protecting villagers from tigers,0,,,2026-07-06,2026-07-06,2026-07-06T21:59:09.647Z,18:59:09,2026-07-06 18:59:09,,,,,,,spotlight-prolific
QGFAEPFN,697a707b5bc42b2987347880,2,int,18,4,18,19,18, from ,17852,4512931,422,115,105.25694274902344,421.8125,126.59027671813965,464.42361068725586,2,5,The government announced a plan for protecting villagers from tigers,0,,,2026-07-06,2026-07-06,2026-07-06T21:59:09.647Z,18:59:09,2026-07-06 18:59:09,,,,,,,spotlight-prolific
QGFAEPFN,697a707b5bc42b2987347880,2,int,18,4,18,19,18, from ,17902,4512982,430,115,105.25694274902344,421.8125,126.59027671813965,464.42361068725586,2,5,The government announced a plan for protecting villagers from tigers,0,,,2026-07-06,2026-07-06,2026-07-06T21:59:09.647Z,18:59:09,2026-07-06 18:59:09,,,,,,,spotlight-prolific
QGFAEPFN,697a707b5bc42b2987347880,2,int,18,4,18,19,18, from ,17952,4513031,438,116,105.25694274902344,421.8125,126.59027671813965,464.42361068725586,2,5,The government announced a plan for protecting villagers from tigers,0,,,2026-07-06,2026-07-06,2026-07-06T21:59:09.647Z,18:59:09,2026-07-06 18:59:09,,,,,,,spotlight-prolific
QGFAEPFN,697a707b5bc42b2987347880,2,int,18,4,18,19,18, from ,18002,4513081,452,121,105.25694274902344,421.8125,126.59027671813965,464.42361068725586,2,5,The government announced a plan for protecting villagers from tigers,0,,,2026-07-06,2026-07-06,2026-07-06T21:59:09.647Z,18:59:09,2026-07-06 18:59:09,,,,,,,spotlight-prolific
QGFAEPFN,697a707b5bc42b2987347880,2,int,18,4,18,19,18, from ,18052,4513131,462,123,105.25694274902344,421.8125,126.59027671813965,464.42361068725586,2,5,The government announced a plan for protecting villagers from tigers,0,,,2026-07-06,2026-07-06,2026-07-06T21:59:09.647Z,18:59:09,2026-07-06 18:59:09,,,,,,,spotlight-prolific
QGFAEPFN,697a707b5bc42b2987347880,2,int,18,4,18,19,19," tigers,” ",18102,4513181,471,123,105.25694274902344,464.4236145019531,126.59027671813965,522.2430610656738,2,6,The government announced a plan for protecting villagers from tigers,0,,,2026-07-06,2026-07-06,2026-07-06T21:59:09.647Z,18:59:09,2026-07-06 18:59:09,,,,,,,spotlight-prolific
QGFAEPFN,697a707b5bc42b2987347880,2,int,18,4,18,19,19," tigers,” ",18153,4513232,474,123,105.25694274902344,464.4236145019531,126.59027671813965,522.2430610656738,2,6,The government announced a plan for protecting villagers from tigers,0,,,2026-07-06,2026-07-06,2026-07-06T21:59:09.647Z,18:59:09,2026-07-06 18:59:09,,,,,,,spotlight-prolific
QGFAEPFN,697a707b5bc42b2987347880,2,int,18,4,18,19,19," tigers,” ",18209,4513289,477,123,105.25694274902344,464.4236145019531,126.59027671813965,522.2430610656738,2,6,The government announced a plan for protecting villagers from tigers,0,,,2026-07-06,2026-07-06,2026-07-06T21:59:09.647Z,18:59:09,2026-07-06 18:59:09,,,,,,,spotlight-prolific
QGFAEPFN,697a707b5bc42b2987347880,2,int,18,4,18,19,19," tigers,” ",18255,4513334,482,123,105.25694274902344,464.4236145019531,126.59027671813965,522.2430610656738,2,6,The government announced a plan for protecting villagers from tigers,0,,,2026-07-06,2026-07-06,2026-07-06T21:59:09.647Z,18:59:09,2026-07-06 18:59:09,,,,,,,spotlight-prolific
QGFAEPFN,697a707b5bc42b2987347880,2,int,18,4,18,19,19," tigers,” ",18302,4513381,490,123,105.25694274902344,464.4236145019531,126.59027671813965,522.2430610656738,2,6,The government announced a plan for protecting villagers from tigers,0,,,2026-07-06,2026-07-06,2026-07-06T21:59:09.647Z,18:59:09,2026-07-06 18:59:09,,,,,,,spotlight-prolific
QGFAEPFN,697a707b5bc42b2987347880,2,int,18,4,18,19,19," tigers,” ",18352,4513432,498,123,105.25694274902344,464.4236145019531,126.59027671813965,522.2430610656738,2,6,The government announced a plan for protecting villagers from tigers,0,,,2026-07-06,2026-07-06,2026-07-06T21:59:09.647Z,18:59:09,2026-07-06 18:59:09,,,,,,,spotlight-prolific
QGFAEPFN,697a707b5bc42b2987347880,2,int,18,4,18,19,19," tigers,” ",18402,4513481,505,123,105.25694274902344,464.4236145019531,126.59027671813965,522.2430610656738,2,6,The government announced a plan for protecting villagers from tigers,0,,,2026-07-06,2026-07-06,2026-07-06T21:59:09.647Z,18:59:09,2026-07-06 18:59:09,,,,,,,spotlight-prolific
QGFAEPFN,697a707b5bc42b2987347880,2,int,18,4,18,19,19," tigers,” ",18458,4513537,513,123,105.25694274902344,464.4236145019531,126.59027671813965,522.2430610656738,2,6,The government announced a plan for protecting villagers from tigers,0,,,2026-07-06,2026-07-06,2026-07-06T21:59:09.647Z,18:59:09,2026-07-06 18:59:09,,,,,,,spotlight-prolific
QGFAEPFN,697a707b5bc42b2987347880,2,int,18,4,18,19,19," tigers,” ",18503,4513582,519,123,105.25694274902344,464.4236145019531,126.59027671813965,522.2430610656738,2,6,The government announced a plan for protecting villagers from tigers,0,,,2026-07-06,2026-07-06,2026-07-06T21:59:09.647Z,18:59:09,2026-07-06 18:59:09,,,,,,,spotlight-prolific
QGFAEPFN,697a707b5bc42b2987347880,2,int,18,4,18,19,20, Krishna ,18552,4513632,523,123,105.25694274902344,522.2430419921875,126.59027671813965,587.2499847412109,2,7,The government announced a plan for protecting villagers from tigers,0,,,2026-07-06,2026-07-06,2026-07-06T21:59:09.647Z,18:59:09,2026-07-06 18:59:09,,,,,,,spotlight-prolific
QGFAEPFN,697a707b5bc42b2987347880,2,int,18,4,18,19,20, Krishna ,18602,4513681,535,123,105.25694274902344,522.2430419921875,126.59027671813965,587.2499847412109,2,7,The government announced a plan for protecting villagers from tigers,0,,,2026-07-06,2026-07-06,2026-07-06T21:59:09.647Z,18:59:09,2026-07-06 18:59:09,,,,,,,spotlight-prolific
QGFAEPFN,697a707b5bc42b2987347880,2,int,18,4,18,19,20, Krishna ,18654,4513734,547,123,105.25694274902344,522.2430419921875,126.59027671813965,587.2499847412109,2,7,The government announced a plan for protecting villagers from tigers,0,,,2026-07-06,2026-07-06,2026-07-06T21:59:09.647Z,18:59:09,2026-07-06 18:59:09,,,,,,,spotlight-prolific
QGFAEPFN,697a707b5bc42b2987347880,2,int,18,4,18,19,20, Krishna ,18702,4513781,557,123,105.25694274902344,522.2430419921875,126.59027671813965,587.2499847412109,2,7,The government announced a plan for protecting villagers from tigers,0,,,2026-07-06,2026-07-06,2026-07-06T21:59:09.647Z,18:59:09,2026-07-06 18:59:09,,,,,,,spotlight-prolific
QGFAEPFN,697a707b5bc42b2987347880,2,int,18,4,18,19,20, Krishna ,18752,4513831,570,123,105.25694274902344,522.2430419921875,126.59027671813965,587.2499847412109,2,7,The government announced a plan for protecting villagers from tigers,0,,,2026-07-06,2026-07-06,2026-07-06T21:59:09.647Z,18:59:09,2026-07-06 18:59:09,,,,,,,spotlight-prolific
QGFAEPFN,697a707b5bc42b2987347880,2,int,18,4,18,19,20, Krishna ,18803,4513883,578,123,105.25694274902344,522.2430419921875,126.59027671813965,587.2499847412109,2,7,The government announced a plan for protecting villagers from tigers,0,,,2026-07-06,2026-07-06,2026-07-06T21:59:09.647Z,18:59:09,2026-07-06 18:59:09,,,,,,,spotlight-prolific
QGFAEPFN,697a707b5bc42b2987347880,2,int,18,4,18,19,20, Krishna ,18852,4513931,582,123,105.25694274902344,522.2430419921875,126.59027671813965,587.2499847412109,2,7,The government announced a plan for protecting villagers from tigers,0,,,2026-07-06,2026-07-06,2026-07-06T21:59:09.647Z,18:59:09,2026-07-06 18:59:09,,,,,,,spotlight-prolific
QGFAEPFN,697a707b5bc42b2987347880,2,int,18,4,18,19,21," Bhurtel, ",18902,4513981,592,123,105.25694274902344,587.25,126.59027671813965,652.4305572509766,2,8,The government announced a plan for protecting villagers from tigers,0,,,2026-07-06,2026-07-06,2026-07-06T21:59:09.647Z,18:59:09,2026-07-06 18:59:09,,,,,,,spotlight-prolific
QGFAEPFN,697a707b5bc42b2987347880,2,int,18,4,18,19,21," Bhurtel, ",18952,4514031,609,123,105.25694274902344,587.25,126.59027671813965,652.4305572509766,2,8,The government announced a plan for protecting villagers from tigers,0,,,2026-07-06,2026-07-06,2026-07-06T21:59:09.647Z,18:59:09,2026-07-06 18:59:09,,,,,,,spotlight-prolific
QGFAEPFN,697a707b5bc42b2987347880,2,int,18,4,18,19,21," Bhurtel, ",19003,4514082,626,124,105.25694274902344,587.25,126.59027671813965,652.4305572509766,2,8,The government announced a plan for protecting villagers from tigers,0,,,2026-07-06,2026-07-06,2026-07-06T21:59:09.647Z,18:59:09,2026-07-06 18:59:09,,,,,,,spotlight-prolific
QGFAEPFN,697a707b5bc42b2987347880,2,int,18,4,18,19,21," Bhurtel, ",19052,4514131,632,126,105.25694274902344,587.25,126.59027671813965,652.4305572509766,2,8,The government announced a plan for protecting villagers from tigers,0,,,2026-07-06,2026-07-06,2026-07-06T21:59:09.647Z,18:59:09,2026-07-06 18:59:09,,,,,,,spotlight-prolific
QGFAEPFN,697a707b5bc42b2987347880,2,int,18,4,18,19,21," Bhurtel, ",19103,4514182,635,126,105.25694274902344,587.25,126.59027671813965,652.4305572509766,2,8,The government announced a plan for protecting villagers from tigers,0,,,2026-07-06,2026-07-06,2026-07-06T21:59:09.647Z,18:59:09,2026-07-06 18:59:09,,,,,,,spotlight-prolific
QGFAEPFN,697a707b5bc42b2987347880,2,int,18,4,18,19,21," Bhurtel, ",19152,4514232,645,126,105.25694274902344,587.25,126.59027671813965,652.4305572509766,2,8,The government announced a plan for protecting villagers from tigers,0,,,2026-07-06,2026-07-06,2026-07-06T21:59:09.647Z,18:59:09,2026-07-06 18:59:09,,,,,,,spotlight-prolific
QGFAEPFN,697a707b5bc42b2987347880,2,int,18,4,18,19,21," Bhurtel, ",19202,4514281,652,126,105.25694274902344,587.25,126.59027671813965,652.4305572509766,2,8,The government announced a plan for protecting villagers from tigers,0,,,2026-07-06,2026-07-06,2026-07-06T21:59:09.647Z,18:59:09,2026-07-06 18:59:09,,,,,,,spotlight-prolific
QGFAEPFN,697a707b5bc42b2987347880,2,int,18,4,18,19,22, a ,19253,4514332,660,126,105.25694274902344,652.4305419921875,126.59027671813965,666.6458196640015,2,9,The government announced a plan for protecting villagers from tigers,0,,,2026-07-06,2026-07-06,2026-07-06T21:59:09.647Z,18:59:09,2026-07-06 18:59:09,,,,,,,spotlight-prolific
QGFAEPFN,697a707b5bc42b2987347880,2,int,18,4,18,19,23, village ,19302,4514381,668,126,105.25694274902344,666.6458129882812,126.59027671813965,722.0763702392578,2,10,The government announced a plan for protecting villagers from tigers,0,,,2026-07-06,2026-07-06,2026-07-06T21:59:09.647Z,18:59:09,2026-07-06 18:59:09,,,,,,,spotlight-prolific
QGFAEPFN,697a707b5bc42b2987347880,2,int,18,4,18,19,23, village ,19352,4514431,680,126,105.25694274902344,666.6458129882812,126.59027671813965,722.0763702392578,2,10,The government announced a plan for protecting villagers from tigers,0,,,2026-07-06,2026-07-06,2026-07-06T21:59:09.647Z,18:59:09,2026-07-06 18:59:09,,,,,,,spotlight-prolific
QGFAEPFN,697a707b5bc42b2987347880,2,int,18,4,18,19,23, village ,19402,4514481,690,126,105.25694274902344,666.6458129882812,126.59027671813965,722.0763702392578,2,10,The government announced a plan for protecting villagers from tigers,0,,,2026-07-06,2026-07-06,2026-07-06T21:59:09.647Z,18:59:09,2026-07-06 18:59:09,,,,,,,spotlight-prolific
QGFAEPFN,697a707b5bc42b2987347880,2,int,18,4,18,19,23, village ,19456,4514535,692,126,105.25694274902344,666.6458129882812,126.59027671813965,722.0763702392578,2,10,The government announced a plan for protecting villagers from tigers,0,,,2026-07-06,2026-07-06,2026-07-06T21:59:09.647Z,18:59:09,2026-07-06 18:59:09,,,,,,,spotlight-prolific
QGFAEPFN,697a707b5bc42b2987347880,2,int,18,4,18,19,23, village ,19502,4514581,700,126,105.25694274902344,666.6458129882812,126.59027671813965,722.0763702392578,2,10,The government announced a plan for protecting villagers from tigers,0,,,2026-07-06,2026-07-06,2026-07-06T21:59:09.647Z,18:59:09,2026-07-06 18:59:09,,,,,,,spotlight-prolific
QGFAEPFN,697a707b5bc42b2987347880,2,int,18,4,18,19,23, village ,19552,4514631,706,126,105.25694274902344,666.6458129882812,126.59027671813965,722.0763702392578,2,10,The government announced a plan for protecting villagers from tigers,0,,,2026-07-06,2026-07-06,2026-07-06T21:59:09.647Z,18:59:09,2026-07-06 18:59:09,,,,,,,spotlight-prolific
QGFAEPFN,697a707b5bc42b2987347880,2,int,18,4,18,19,23, village ,19602,4514681,711,126,105.25694274902344,666.6458129882812,126.59027671813965,722.0763702392578,2,10,The government announced a plan for protecting villagers from tigers,0,,,2026-07-06,2026-07-06,2026-07-06T21:59:09.647Z,18:59:09,2026-07-06 18:59:09,,,,,,,spotlight-prolific
QGFAEPFN,697a707b5bc42b2987347880,2,int,18,4,18,19,24," headman, ",19652,4514732,724,126,105.25694274902344,722.076416015625,126.59027671813965,804.8611373901367,2,11,The government announced a plan for protecting villagers from tigers,0,,,2026-07-06,2026-07-06,2026-07-06T21:59:09.647Z,18:59:09,2026-07-06 18:59:09,,,,,,,spotlight-prolific
QGFAEPFN,697a707b5bc42b2987347880,2,int,18,4,18,19,24," headman, ",19702,4514781,732,126,105.25694274902344,722.076416015625,126.59027671813965,804.8611373901367,2,11,The government announced a plan for protecting villagers from tigers,0,,,2026-07-06,2026-07-06,2026-07-06T21:59:09.647Z,18:59:09,2026-07-06 18:59:09,,,,,,,spotlight-prolific
QGFAEPFN,697a707b5bc42b2987347880,2,int,18,4,18,19,24," headman, ",19754,4514833,740,126,105.25694274902344,722.076416015625,126.59027671813965,804.8611373901367,2,11,The government announced a plan for protecting villagers from tigers,0,,,2026-07-06,2026-07-06,2026-07-06T21:59:09.647Z,18:59:09,2026-07-06 18:59:09,,,,,,,spotlight-prolific
QGFAEPFN,697a707b5bc42b2987347880,2,int,18,4,18,19,24," headman, ",19802,4514881,754,126,105.25694274902344,722.076416015625,126.59027671813965,804.8611373901367,2,11,The government announced a plan for protecting villagers from tigers,0,,,2026-07-06,2026-07-06,2026-07-06T21:59:09.647Z,18:59:09,2026-07-06 18:59:09,,,,,,,spotlight-prolific
QGFAEPFN,697a707b5bc42b2987347880,2,int,18,4,18,19,24," headman, ",19853,4514933,765,126,105.25694274902344,722.076416015625,126.59027671813965,804.8611373901367,2,11,The government announced a plan for protecting villagers from tigers,0,,,2026-07-06,2026-07-06,2026-07-06T21:59:09.647Z,18:59:09,2026-07-06 18:59:09,,,,,,,spotlight-prolific
QGFAEPFN,697a707b5bc42b2987347880,2,int,18,4,18,19,24," headman, ",19902,4514981,785,126,105.25694274902344,722.076416015625,126.59027671813965,804.8611373901367,2,11,The government announced a plan for protecting villagers from tigers,0,,,2026-07-06,2026-07-06,2026-07-06T21:59:09.647Z,18:59:09,2026-07-06 18:59:09,,,,,,,spotlight-prolific
QGFAEPFN,697a707b5bc42b2987347880,2,int,18,4,18,19,24," headman, ",19952,4515031,801,126,105.25694274902344,722.076416015625,126.59027671813965,804.8611373901367,2,11,The government announced a plan for protecting villagers from tigers,0,,,2026-07-06,2026-07-06,2026-07-06T21:59:09.647Z,18:59:09,2026-07-06 18:59:09,,,,,,,spotlight-prolific
QGFAEPFN,697a707b5bc42b2987347880,2,int,18,4,18,19,25, told ,20003,4515082,814,126,105.25694274902344,804.8611450195312,126.59027671813965,839.6667022705078,2,12,The government announced a plan for protecting villagers from tigers,0,,,2026-07-06,2026-07-06,2026-07-06T21:59:09.647Z,18:59:09,2026-07-06 18:59:09,,,,,,,spotlight-prolific
QGFAEPFN,697a707b5bc42b2987347880,2,int,18,4,18,19,25, told ,20057,4515136,816,126,105.25694274902344,804.8611450195312,126.59027671813965,839.6667022705078,2,12,The government announced a plan for protecting villagers from tigers,0,,,2026-07-06,2026-07-06,2026-07-06T21:59:09.647Z,18:59:09,2026-07-06 18:59:09,,,,,,,spotlight-prolific
QGFAEPFN,697a707b5bc42b2987347880,2,int,18,4,18,19,25, told ,20102,4515181,823,126,105.25694274902344,804.8611450195312,126.59027671813965,839.6667022705078,2,12,The government announced a plan for protecting villagers from tigers,0,,,2026-07-06,2026-07-06,2026-07-06T21:59:09.647Z,18:59:09,2026-07-06 18:59:09,,,,,,,spotlight-prolific
QGFAEPFN,697a707b5bc42b2987347880,2,int,18,4,18,19,25, told ,20153,4515232,827,126,105.25694274902344,804.8611450195312,126.59027671813965,839.6667022705078,2,12,The government announced a plan for protecting villagers from tigers,0,,,2026-07-06,2026-07-06,2026-07-06T21:59:09.647Z,18:59:09,2026-07-06 18:59:09,,,,,,,spotlight-prolific
QGFAEPFN,697a707b5bc42b2987347880,2,int,18,4,18,19,25, told ,20205,4515284,827,126,105.25694274902344,804.8611450195312,126.59027671813965,839.6667022705078,2,12,The government announced a plan for protecting villagers from tigers,0,,,2026-07-06,2026-07-06,2026-07-06T21:59:09.647Z,18:59:09,2026-07-06 18:59:09,,,,,,,spotlight-prolific
QGFAEPFN,697a707b5bc42b2987347880,2,int,18,4,18,19,25, told ,20256,4515335,827,126,105.25694274902344,804.8611450195312,126.59027671813965,839.6667022705078,2,12,The government announced a plan for protecting villagers from tigers,0,,,2026-07-06,2026-07-06,2026-07-06T21:59:09.647Z,18:59:09,2026-07-06 18:59:09,,,,,,,spotlight-prolific
QGFAEPFN,697a707b5bc42b2987347880,2,int,18,4,18,19,25, told ,20304,4515383,826,126,105.25694274902344,804.8611450195312,126.59027671813965,839.6667022705078,2,12,The government announced a plan for protecting villagers from tigers,0,,,2026-07-06,2026-07-06,2026-07-06T21:59:09.647Z,18:59:09,2026-07-06 18:59:09,,,,,,,spotlight-prolific
QGFAEPFN,697a707b5bc42b2987347880,2,int,18,4,18,19,25, told ,20353,4515432,817,126,105.25694274902344,804.8611450195312,126.59027671813965,839.6667022705078,2,12,The government announced a plan for protecting villagers from tigers,0,,,2026-07-06,2026-07-06,2026-07-06T21:59:09.647Z,18:59:09,2026-07-06 18:59:09,,,,,,,spotlight-prolific
QGFAEPFN,697a707b5bc42b2987347880,2,int,18,4,18,19,25, told ,20402,4515481,808,128,105.25694274902344,804.8611450195312,126.59027671813965,839.6667022705078,2,12,The government announced a plan for protecting villagers from tigers,0,,,2026-07-06,2026-07-06,2026-07-06T21:59:09.647Z,18:59:09,2026-07-06 18:59:09,,,,,,,spotlight-prolific
QGFAEPFN,697a707b5bc42b2987347880,2,int,18,4,18,19,24," headman, ",20455,4515534,765,130,105.25694274902344,722.076416015625,126.59027671813965,804.8611373901367,2,11,The government announced a plan for protecting villagers from tigers,0,,,2026-07-06,2026-07-06,2026-07-06T21:59:09.647Z,18:59:09,2026-07-06 18:59:09,,,,,,,spotlight-prolific
QGFAEPFN,697a707b5bc42b2987347880,2,int,18,4,18,19,23, village ,20502,4515582,711,132,105.25694274902344,666.6458129882812,126.59027671813965,722.0763702392578,2,10,The government announced a plan for protecting villagers from tigers,0,,,2026-07-06,2026-07-06,2026-07-06T21:59:09.647Z,18:59:09,2026-07-06 18:59:09,,,,,,,spotlight-prolific
QGFAEPFN,697a707b5bc42b2987347880,2,int,18,4,18,19,21," Bhurtel, ",20552,4515631,616,133,105.25694274902344,587.25,126.59027671813965,652.4305572509766,2,8,The government announced a plan for protecting villagers from tigers,0,,,2026-07-06,2026-07-06,2026-07-06T21:59:09.647Z,18:59:09,2026-07-06 18:59:09,,,,,,,spotlight-prolific
QGFAEPFN,697a707b5bc42b2987347880,2,int,18,4,18,19,31, captured ,20602,4515681,538,142,145.25694274902344,537.951416015625,166.59027671813965,612.9791946411133,3,5,The government announced a plan for protecting villagers from tigers,0,,,2026-07-06,2026-07-06,2026-07-06T21:59:09.647Z,18:59:09,2026-07-06 18:59:09,,,,,,,spotlight-prolific
QGFAEPFN,697a707b5bc42b2987347880,2,int,18,4,18,19,30, authorities ,20652,4515731,486,150,145.25694274902344,448.4861145019531,166.59027671813965,537.9513931274414,3,4,The government announced a plan for protecting villagers from tigers,0,,,2026-07-06,2026-07-06,2026-07-06T21:59:09.647Z,18:59:09,2026-07-06 18:59:09,,,,,,,spotlight-prolific
QGFAEPFN,697a707b5bc42b2987347880,2,int,18,4,18,19,30, authorities ,20702,4515782,464,155,145.25694274902344,448.4861145019531,166.59027671813965,537.9513931274414,3,4,The government announced a plan for protecting villagers from tigers,0,,,2026-07-06,2026-07-06,2026-07-06T21:59:09.647Z,18:59:09,2026-07-06 18:59:09,,,,,,,spotlight-prolific
QGFAEPFN,697a707b5bc42b2987347880,2,int,18,4,18,19,29, Wildlife ,20752,4515832,437,158,145.25694274902344,385.1944580078125,166.59027671813965,448.4861259460449,3,3,The government announced a plan for protecting villagers from tigers,0,,,2026-07-06,2026-07-06,2026-07-06T21:59:09.647Z,18:59:09,2026-07-06 18:59:09,,,,,,,spotlight-prolific
QGFAEPFN,697a707b5bc42b2987347880,2,int,18,4,18,19,28, newspaper. ,20802,4515881,385,160,145.25694274902344,289.4236145019531,166.59027671813965,385.19445037841797,3,2,The government announced a plan for protecting villagers from tigers,0,,,2026-07-06,2026-07-06,2026-07-06T21:59:09.647Z,18:59:09,2026-07-06 18:59:09,,,,,,,spotlight-prolific
QGFAEPFN,697a707b5bc42b2987347880,2,int,18,4,18,19,28, newspaper. ,20852,4515931,348,162,145.25694274902344,289.4236145019531,166.59027671813965,385.19445037841797,3,2,The government announced a plan for protecting villagers from tigers,0,,,2026-07-06,2026-07-06,2026-07-06T21:59:09.647Z,18:59:09,2026-07-06 18:59:09,,,,,,,spotlight-prolific
QGFAEPFN,697a707b5bc42b2987347880,2,int,18,4,18,19,28, newspaper. ,20904,4515983,323,162,145.25694274902344,289.4236145019531,166.59027671813965,385.19445037841797,3,2,The government announced a plan for protecting villagers from tigers,0,,,2026-07-06,2026-07-06,2026-07-06T21:59:09.647Z,18:59:09,2026-07-06 18:59:09,,,,,,,spotlight-prolific
QGFAEPFN,697a707b5bc42b2987347880,2,int,18,4,18,19,28, newspaper. ,20954,4516033,296,162,145.25694274902344,289.4236145019531,166.59027671813965,385.19445037841797,3,2,The government announced a plan for protecting villagers from tigers,0,,,2026-07-06,2026-07-06,2026-07-06T21:59:09.647Z,18:59:09,2026-07-06 18:59:09,,,,,,,spotlight-prolific
QGFAEPFN,697a707b5bc42b2987347880,2,int,18,4,18,19,27, Nepali ,21004,4516083,250,167,145.25694274902344,234.18055725097656,166.59027671813965,289.4236145019531,3,1,The government announced a plan for protecting villagers from tigers,0,,,2026-07-06,2026-07-06,2026-07-06T21:59:09.647Z,18:59:09,2026-07-06 18:59:09,,,,,,,spotlight-prolific
QGFAEPFN,697a707b5bc42b2987347880,2,int,18,4,18,19,27, Nepali ,21052,4516132,243,168,145.25694274902344,234.18055725097656,166.59027671813965,289.4236145019531,3,1,The government announced a plan for protecting villagers from tigers,0,,,2026-07-06,2026-07-06,2026-07-06T21:59:09.647Z,18:59:09,2026-07-06 18:59:09,,,,,,,spotlight-prolific
QGFAEPFN,697a707b5bc42b2987347880,2,int,18,4,18,19,27, Nepali ,21104,4516184,243,168,145.25694274902344,234.18055725097656,166.59027671813965,289.4236145019531,3,1,The government announced a plan for protecting villagers from tigers,0,,,2026-07-06,2026-07-06,2026-07-06T21:59:09.647Z,18:59:09,2026-07-06 18:59:09,,,,,,,spotlight-prolific
QGFAEPFN,697a707b5bc42b2987347880,2,int,18,4,18,19,27, Nepali ,21157,4516236,243,168,145.25694274902344,234.18055725097656,166.59027671813965,289.4236145019531,3,1,The government announced a plan for protecting villagers from tigers,0,,,2026-07-06,2026-07-06,2026-07-06T21:59:09.647Z,18:59:09,2026-07-06 18:59:09,,,,,,,spotlight-prolific
QGFAEPFN,697a707b5bc42b2987347880,2,int,18,4,18,19,27, Nepali ,21206,4516285,243,168,145.25694274902344,234.18055725097656,166.59027671813965,289.4236145019531,3,1,The government announced a plan for protecting villagers from tigers,0,,,2026-07-06,2026-07-06,2026-07-06T21:59:09.647Z,18:59:09,2026-07-06 18:59:09,,,,,,,spotlight-prolific
QGFAEPFN,697a707b5bc42b2987347880,2,int,18,4,18,19,27, Nepali ,21256,4516336,243,168,145.25694274902344,234.18055725097656,166.59027671813965,289.4236145019531,3,1,The government announced a plan for protecting villagers from tigers,0,,,2026-07-06,2026-07-06,2026-07-06T21:59:09.647Z,18:59:09,2026-07-06 18:59:09,,,,,,,spotlight-prolific
QGFAEPFN,697a707b5bc42b2987347880,2,int,18,4,18,19,27, Nepali ,21308,4516387,243,168,145.25694274902344,234.18055725097656,166.59027671813965,289.4236145019531,3,1,The government announced a plan for protecting villagers from tigers,0,,,2026-07-06,2026-07-06,2026-07-06T21:59:09.647Z,18:59:09,2026-07-06 18:59:09,,,,,,,spotlight-prolific
QGFAEPFN,697a707b5bc42b2987347880,2,int,18,4,18,19,27, Nepali ,21358,4516437,243,168,145.25694274902344,234.18055725097656,166.59027671813965,289.4236145019531,3,1,The government announced a plan for protecting villagers from tigers,0,,,2026-07-06,2026-07-06,2026-07-06T21:59:09.647Z,18:59:09,2026-07-06 18:59:09,,,,,,,spotlight-prolific
QGFAEPFN,697a707b5bc42b2987347880,2,int,18,4,18,19,27, Nepali ,21407,4516486,243,168,145.25694274902344,234.18055725097656,166.59027671813965,289.4236145019531,3,1,The government announced a plan for protecting villagers from tigers,0,,,2026-07-06,2026-07-06,2026-07-06T21:59:09.647Z,18:59:09,2026-07-06 18:59:09,,,,,,,spotlight-prolific
QGFAEPFN,697a707b5bc42b2987347880,2,int,18,4,18,19,27, Nepali ,21458,4516537,241,169,145.25694274902344,234.18055725097656,166.59027671813965,289.4236145019531,3,1,The government announced a plan for protecting villagers from tigers,0,,,2026-07-06,2026-07-06,2026-07-06T21:59:09.647Z,18:59:09,2026-07-06 18:59:09,,,,,,,spotlight-prolific
QGFAEPFN,697a707b5bc42b2987347880,2,int,18,4,18,19,27, Nepali ,21503,4516583,241,171,145.25694274902344,234.18055725097656,166.59027671813965,289.4236145019531,3,1,The government announced a plan for protecting villagers from tigers,0,,,2026-07-06,2026-07-06,2026-07-06T21:59:09.647Z,18:59:09,2026-07-06 18:59:09,,,,,,,spotlight-prolific
QGFAEPFN,697a707b5bc42b2987347880,2,int,18,4,18,19,39, including ,21555,4516634,241,177,185.25694274902344,234.18055725097656,206.59027671813965,310.93055725097656,4,1,The government announced a plan for protecting villagers from tigers,0,,,2026-07-06,2026-07-06,2026-07-06T21:59:09.647Z,18:59:09,2026-07-06 18:59:09,,,,,,,spotlight-prolific
QGFAEPFN,697a707b5bc42b2987347880,2,int,18,4,18,19,39, including ,21603,4516682,241,177,185.25694274902344,234.18055725097656,206.59027671813965,310.93055725097656,4,1,The government announced a plan for protecting villagers from tigers,0,,,2026-07-06,2026-07-06,2026-07-06T21:59:09.647Z,18:59:09,2026-07-06 18:59:09,,,,,,,spotlight-prolific
QGFAEPFN,697a707b5bc42b2987347880,2,int,18,4,18,19,39, including ,21654,4516734,241,177,185.25694274902344,234.18055725097656,206.59027671813965,310.93055725097656,4,1,The government announced a plan for protecting villagers from tigers,0,,,2026-07-06,2026-07-06,2026-07-06T21:59:09.647Z,18:59:09,2026-07-06 18:59:09,,,,,,,spotlight-prolific
QGFAEPFN,697a707b5bc42b2987347880,2,int,18,4,18,19,39, including ,21705,4516784,246,177,185.25694274902344,234.18055725097656,206.59027671813965,310.93055725097656,4,1,The government announced a plan for protecting villagers from tigers,0,,,2026-07-06,2026-07-06,2026-07-06T21:59:09.647Z,18:59:09,2026-07-06 18:59:09,,,,,,,spotlight-prolific
QGFAEPFN,697a707b5bc42b2987347880,2,int,18,4,18,19,39, including ,21755,4516835,247,177,185.25694274902344,234.18055725097656,206.59027671813965,310.93055725097656,4,1,The government announced a plan for protecting villagers from tigers,0,,,2026-07-06,2026-07-06,2026-07-06T21:59:09.647Z,18:59:09,2026-07-06 18:59:09,,,,,,,spotlight-prolific
QGFAEPFN,697a707b5bc42b2987347880,2,int,18,4,18,19,39, including ,21802,4516881,254,177,185.25694274902344,234.18055725097656,206.59027671813965,310.93055725097656,4,1,The government announced a plan for protecting villagers from tigers,0,,,2026-07-06,2026-07-06,2026-07-06T21:59:09.647Z,18:59:09,2026-07-06 18:59:09,,,,,,,spotlight-prolific
QGFAEPFN,697a707b5bc42b2987347880,2,int,18,4,18,19,39, including ,21852,4516931,263,177,185.25694274902344,234.18055725097656,206.59027671813965,310.93055725097656,4,1,The government announced a plan for protecting villagers from tigers,0,,,2026-07-06,2026-07-06,2026-07-06T21:59:09.647Z,18:59:09,2026-07-06 18:59:09,,,,,,,spotlight-prolific
QGFAEPFN,697a707b5bc42b2987347880,2,int,18,4,18,19,27, Nepali ,21902,4516982,270,175,145.25694274902344,234.18055725097656,166.59027671813965,289.4236145019531,3,1,The government announced a plan for protecting villagers from tigers,0,,,2026-07-06,2026-07-06,2026-07-06T21:59:09.647Z,18:59:09,2026-07-06 18:59:09,,,,,,,spotlight-prolific
QGFAEPFN,697a707b5bc42b2987347880,2,int,18,4,18,19,27, Nepali ,21952,4517031,276,174,145.25694274902344,234.18055725097656,166.59027671813965,289.4236145019531,3,1,The government announced a plan for protecting villagers from tigers,0,,,2026-07-06,2026-07-06,2026-07-06T21:59:09.647Z,18:59:09,2026-07-06 18:59:09,,,,,,,spotlight-prolific
QGFAEPFN,697a707b5bc42b2987347880,2,int,18,4,18,19,27, Nepali ,22003,4517082,279,172,145.25694274902344,234.18055725097656,166.59027671813965,289.4236145019531,3,1,The government announced a plan for protecting villagers from tigers,0,,,2026-07-06,2026-07-06,2026-07-06T21:59:09.647Z,18:59:09,2026-07-06 18:59:09,,,,,,,spotlight-prolific
QGFAEPFN,697a707b5bc42b2987347880,2,int,18,4,18,19,27, Nepali ,22055,4517135,279,172,145.25694274902344,234.18055725097656,166.59027671813965,289.4236145019531,3,1,The government announced a plan for protecting villagers from tigers,0,,,2026-07-06,2026-07-06,2026-07-06T21:59:09.647Z,18:59:09,2026-07-06 18:59:09,,,,,,,spotlight-prolific
QGFAEPFN,697a707b5bc42b2987347880,2,int,18,4,18,19,27, Nepali ,22102,4517181,280,167,145.25694274902344,234.18055725097656,166.59027671813965,289.4236145019531,3,1,The government announced a plan for protecting villagers from tigers,0,,,2026-07-06,2026-07-06,2026-07-06T21:59:09.647Z,18:59:09,2026-07-06 18:59:09,,,,,,,spotlight-prolific
QGFAEPFN,697a707b5bc42b2987347880,2,int,18,4,18,19,27, Nepali ,22152,4517231,279,160,145.25694274902344,234.18055725097656,166.59027671813965,289.4236145019531,3,1,The government announced a plan for protecting villagers from tigers,0,,,2026-07-06,2026-07-06,2026-07-06T21:59:09.647Z,18:59:09,2026-07-06 18:59:09,,,,,,,spotlight-prolific
QGFAEPFN,697a707b5bc42b2987347880,2,int,18,4,18,19,27, Nepali ,22204,4517283,276,155,145.25694274902344,234.18055725097656,166.59027671813965,289.4236145019531,3,1,The government announced a plan for protecting villagers from tigers,0,,,2026-07-06,2026-07-06,2026-07-06T21:59:09.647Z,18:59:09,2026-07-06 18:59:09,,,,,,,spotlight-prolific
QGFAEPFN,697a707b5bc42b2987347880,2,int,18,4,18,19,27, Nepali ,22257,4517336,275,153,145.25694274902344,234.18055725097656,166.59027671813965,289.4236145019531,3,1,The government announced a plan for protecting villagers from tigers,0,,,2026-07-06,2026-07-06,2026-07-06T21:59:09.647Z,18:59:09,2026-07-06 18:59:09,,,,,,,spotlight-prolific
QGFAEPFN,697a707b5bc42b2987347880,2,int,18,4,18,19,27, Nepali ,22303,4517382,275,153,145.25694274902344,234.18055725097656,166.59027671813965,289.4236145019531,3,1,The government announced a plan for protecting villagers from tigers,0,,,2026-07-06,2026-07-06,2026-07-06T21:59:09.647Z,18:59:09,2026-07-06 18:59:09,,,,,,,spotlight-prolific
QGFAEPFN,697a707b5bc42b2987347880,2,int,18,4,18,19,27, Nepali ,22353,4517432,273,153,145.25694274902344,234.18055725097656,166.59027671813965,289.4236145019531,3,1,The government announced a plan for protecting villagers from tigers,0,,,2026-07-06,2026-07-06,2026-07-06T21:59:09.647Z,18:59:09,2026-07-06 18:59:09,,,,,,,spotlight-prolific
QGFAEPFN,697a707b5bc42b2987347880,2,int,18,4,18,19,27, Nepali ,22405,4517484,273,153,145.25694274902344,234.18055725097656,166.59027671813965,289.4236145019531,3,1,The government announced a plan for protecting villagers from tigers,0,,,2026-07-06,2026-07-06,2026-07-06T21:59:09.647Z,18:59:09,2026-07-06 18:59:09,,,,,,,spotlight-prolific
QGFAEPFN,697a707b5bc42b2987347880,2,int,18,4,18,19,27, Nepali ,22458,4517537,273,153,145.25694274902344,234.18055725097656,166.59027671813965,289.4236145019531,3,1,The government announced a plan for protecting villagers from tigers,0,,,2026-07-06,2026-07-06,2026-07-06T21:59:09.647Z,18:59:09,2026-07-06 18:59:09,,,,,,,spotlight-prolific
QGFAEPFN,697a707b5bc42b2987347880,2,int,18,4,18,19,27, Nepali ,22508,4517587,273,153,145.25694274902344,234.18055725097656,166.59027671813965,289.4236145019531,3,1,The government announced a plan for protecting villagers from tigers,0,,,2026-07-06,2026-07-06,2026-07-06T21:59:09.647Z,18:59:09,2026-07-06 18:59:09,,,,,,,spotlight-prolific
QGFAEPFN,697a707b5bc42b2987347880,2,int,18,4,18,19,27, Nepali ,22560,4517639,275,153,145.25694274902344,234.18055725097656,166.59027671813965,289.4236145019531,3,1,The government announced a plan for protecting villagers from tigers,0,,,2026-07-06,2026-07-06,2026-07-06T21:59:09.647Z,18:59:09,2026-07-06 18:59:09,,,,,,,spotlight-prolific
QGFAEPFN,697a707b5bc42b2987347880,2,int,18,4,18,19,27, Nepali ,22602,4517681,281,152,145.25694274902344,234.18055725097656,166.59027671813965,289.4236145019531,3,1,The government announced a plan for protecting villagers from tigers,0,,,2026-07-06,2026-07-06,2026-07-06T21:59:09.647Z,18:59:09,2026-07-06 18:59:09,,,,,,,spotlight-prolific
QGFAEPFN,697a707b5bc42b2987347880,2,int,18,4,18,19,27, Nepali ,22652,4517732,284,150,145.25694274902344,234.18055725097656,166.59027671813965,289.4236145019531,3,1,The government announced a plan for protecting villagers from tigers,0,,,2026-07-06,2026-07-06,2026-07-06T21:59:09.647Z,18:59:09,2026-07-06 18:59:09,,,,,,,spotlight-prolific
QGFAEPFN,697a707b5bc42b2987347880,2,int,18,4,18,19,28, newspaper. ,22703,4517783,292,150,145.25694274902344,289.4236145019531,166.59027671813965,385.19445037841797,3,2,The government announced a plan for protecting villagers from tigers,0,,,2026-07-06,2026-07-06,2026-07-06T21:59:09.647Z,18:59:09,2026-07-06 18:59:09,,,,,,,spotlight-prolific
QGFAEPFN,697a707b5bc42b2987347880,2,int,18,4,18,19,28, newspaper. ,22752,4517831,298,150,145.25694274902344,289.4236145019531,166.59027671813965,385.19445037841797,3,2,The government announced a plan for protecting villagers from tigers,0,,,2026-07-06,2026-07-06,2026-07-06T21:59:09.647Z,18:59:09,2026-07-06 18:59:09,,,,,,,spotlight-prolific
QGFAEPFN,697a707b5bc42b2987347880,2,int,18,4,18,19,28, newspaper. ,22802,4517881,308,150,145.25694274902344,289.4236145019531,166.59027671813965,385.19445037841797,3,2,The government announced a plan for protecting villagers from tigers,0,,,2026-07-06,2026-07-06,2026-07-06T21:59:09.647Z,18:59:09,2026-07-06 18:59:09,,,,,,,spotlight-prolific
QGFAEPFN,697a707b5bc42b2987347880,2,int,18,4,18,19,28, newspaper. ,22852,4517931,313,150,145.25694274902344,289.4236145019531,166.59027671813965,385.19445037841797,3,2,The government announced a plan for protecting villagers from tigers,0,,,2026-07-06,2026-07-06,2026-07-06T21:59:09.647Z,18:59:09,2026-07-06 18:59:09,,,,,,,spotlight-prolific
QGFAEPFN,697a707b5bc42b2987347880,2,int,18,4,18,19,28, newspaper. ,22910,4517989,316,152,145.25694274902344,289.4236145019531,166.59027671813965,385.19445037841797,3,2,The government announced a plan for protecting villagers from tigers,0,,,2026-07-06,2026-07-06,2026-07-06T21:59:09.647Z,18:59:09,2026-07-06 18:59:09,,,,,,,spotlight-prolific
QGFAEPFN,697a707b5bc42b2987347880,2,int,18,4,18,19,28, newspaper. ,22952,4518031,320,153,145.25694274902344,289.4236145019531,166.59027671813965,385.19445037841797,3,2,The government announced a plan for protecting villagers from tigers,0,,,2026-07-06,2026-07-06,2026-07-06T21:59:09.647Z,18:59:09,2026-07-06 18:59:09,,,,,,,spotlight-prolific
QGFAEPFN,697a707b5bc42b2987347880,2,int,18,4,18,19,28, newspaper. ,23003,4518082,329,156,145.25694274902344,289.4236145019531,166.59027671813965,385.19445037841797,3,2,The government announced a plan for protecting villagers from tigers,0,,,2026-07-06,2026-07-06,2026-07-06T21:59:09.647Z,18:59:09,2026-07-06 18:59:09,,,,,,,spotlight-prolific
QGFAEPFN,697a707b5bc42b2987347880,2,int,18,4,18,19,28, newspaper. ,23052,4518131,335,158,145.25694274902344,289.4236145019531,166.59027671813965,385.19445037841797,3,2,The government announced a plan for protecting villagers from tigers,0,,,2026-07-06,2026-07-06,2026-07-06T21:59:09.647Z,18:59:09,2026-07-06 18:59:09,,,,,,,spotlight-prolific
QGFAEPFN,697a707b5bc42b2987347880,2,int,18,4,18,19,28, newspaper. ,23102,4518182,339,160,145.25694274902344,289.4236145019531,166.59027671813965,385.19445037841797,3,2,The government announced a plan for protecting villagers from tigers,0,,,2026-07-06,2026-07-06,2026-07-06T21:59:09.647Z,18:59:09,2026-07-06 18:59:09,,,,,,,spotlight-prolific
QGFAEPFN,697a707b5bc42b2987347880,2,int,18,4,18,19,28, newspaper. ,23152,4518231,347,161,145.25694274902344,289.4236145019531,166.59027671813965,385.19445037841797,3,2,The government announced a plan for protecting villagers from tigers,0,,,2026-07-06,2026-07-06,2026-07-06T21:59:09.647Z,18:59:09,2026-07-06 18:59:09,,,,,,,spotlight-prolific
QGFAEPFN,697a707b5bc42b2987347880,2,int,18,4,18,19,28, newspaper. ,23202,4518282,355,162,145.25694274902344,289.4236145019531,166.59027671813965,385.19445037841797,3,2,The government announced a plan for protecting villagers from tigers,0,,,2026-07-06,2026-07-06,2026-07-06T21:59:09.647Z,18:59:09,2026-07-06 18:59:09,,,,,,,spotlight-prolific
QGFAEPFN,697a707b5bc42b2987347880,2,int,18,4,18,19,28, newspaper. ,23252,4518331,360,162,145.25694274902344,289.4236145019531,166.59027671813965,385.19445037841797,3,2,The government announced a plan for protecting villagers from tigers,0,,,2026-07-06,2026-07-06,2026-07-06T21:59:09.647Z,18:59:09,2026-07-06 18:59:09,,,,,,,spotlight-prolific
QGFAEPFN,697a707b5bc42b2987347880,2,int,18,4,18,19,28, newspaper. ,23304,4518383,368,162,145.25694274902344,289.4236145019531,166.59027671813965,385.19445037841797,3,2,The government announced a plan for protecting villagers from tigers,0,,,2026-07-06,2026-07-06,2026-07-06T21:59:09.647Z,18:59:09,2026-07-06 18:59:09,,,,,,,spotlight-prolific
QGFAEPFN,697a707b5bc42b2987347880,2,int,18,4,18,19,28, newspaper. ,23353,4518432,373,162,145.25694274902344,289.4236145019531,166.59027671813965,385.19445037841797,3,2,The government announced a plan for protecting villagers from tigers,0,,,2026-07-06,2026-07-06,2026-07-06T21:59:09.647Z,18:59:09,2026-07-06 18:59:09,,,,,,,spotlight-prolific
QGFAEPFN,697a707b5bc42b2987347880,2,int,18,4,18,19,28, newspaper. ,23402,4518481,384,162,145.25694274902344,289.4236145019531,166.59027671813965,385.19445037841797,3,2,The government announced a plan for protecting villagers from tigers,0,,,2026-07-06,2026-07-06,2026-07-06T21:59:09.647Z,18:59:09,2026-07-06 18:59:09,,,,,,,spotlight-prolific
QGFAEPFN,697a707b5bc42b2987347880,2,int,18,4,18,19,29, Wildlife ,23452,4518531,392,159,145.25694274902344,385.1944580078125,166.59027671813965,448.4861259460449,3,3,The government announced a plan for protecting villagers from tigers,0,,,2026-07-06,2026-07-06,2026-07-06T21:59:09.647Z,18:59:09,2026-07-06 18:59:09,,,,,,,spotlight-prolific
QGFAEPFN,697a707b5bc42b2987347880,2,int,18,4,18,19,29, Wildlife ,23502,4518581,400,158,145.25694274902344,385.1944580078125,166.59027671813965,448.4861259460449,3,3,The government announced a plan for protecting villagers from tigers,0,,,2026-07-06,2026-07-06,2026-07-06T21:59:09.647Z,18:59:09,2026-07-06 18:59:09,,,,,,,spotlight-prolific
QGFAEPFN,697a707b5bc42b2987347880,2,int,18,4,18,19,29, Wildlife ,23552,4518631,404,157,145.25694274902344,385.1944580078125,166.59027671813965,448.4861259460449,3,3,The government announced a plan for protecting villagers from tigers,0,,,2026-07-06,2026-07-06,2026-07-06T21:59:09.647Z,18:59:09,2026-07-06 18:59:09,,,,,,,spotlight-prolific
QGFAEPFN,697a707b5bc42b2987347880,2,int,18,4,18,19,29, Wildlife ,23602,4518682,410,155,145.25694274902344,385.1944580078125,166.59027671813965,448.4861259460449,3,3,The government announced a plan for protecting villagers from tigers,0,,,2026-07-06,2026-07-06,2026-07-06T21:59:09.647Z,18:59:09,2026-07-06 18:59:09,,,,,,,spotlight-prolific
QGFAEPFN,697a707b5bc42b2987347880,2,int,18,4,18,19,29, Wildlife ,23652,4518731,422,155,145.25694274902344,385.1944580078125,166.59027671813965,448.4861259460449,3,3,The government announced a plan for protecting villagers from tigers,0,,,2026-07-06,2026-07-06,2026-07-06T21:59:09.647Z,18:59:09,2026-07-06 18:59:09,,,,,,,spotlight-prolific
QGFAEPFN,697a707b5bc42b2987347880,2,int,18,4,18,19,29, Wildlife ,23702,4518781,432,155,145.25694274902344,385.1944580078125,166.59027671813965,448.4861259460449,3,3,The government announced a plan for protecting villagers from tigers,0,,,2026-07-06,2026-07-06,2026-07-06T21:59:09.647Z,18:59:09,2026-07-06 18:59:09,,,,,,,spotlight-prolific
QGFAEPFN,697a707b5bc42b2987347880,2,int,18,4,18,19,29, Wildlife ,23752,4518832,442,155,145.25694274902344,385.1944580078125,166.59027671813965,448.4861259460449,3,3,The government announced a plan for protecting villagers from tigers,0,,,2026-07-06,2026-07-06,2026-07-06T21:59:09.647Z,18:59:09,2026-07-06 18:59:09,,,,,,,spotlight-prolific
QGFAEPFN,697a707b5bc42b2987347880,2,int,18,4,18,19,30, authorities ,23802,4518881,453,155,145.25694274902344,448.4861145019531,166.59027671813965,537.9513931274414,3,4,The government announced a plan for protecting villagers from tigers,0,,,2026-07-06,2026-07-06,2026-07-06T21:59:09.647Z,18:59:09,2026-07-06 18:59:09,,,,,,,spotlight-prolific
QGFAEPFN,697a707b5bc42b2987347880,2,int,18,4,18,19,30, authorities ,23852,4518931,462,155,145.25694274902344,448.4861145019531,166.59027671813965,537.9513931274414,3,4,The government announced a plan for protecting villagers from tigers,0,,,2026-07-06,2026-07-06,2026-07-06T21:59:09.647Z,18:59:09,2026-07-06 18:59:09,,,,,,,spotlight-prolific
QGFAEPFN,697a707b5bc42b2987347880,2,int,18,4,18,19,30, authorities ,23905,4518984,469,156,145.25694274902344,448.4861145019531,166.59027671813965,537.9513931274414,3,4,The government announced a plan for protecting villagers from tigers,0,,,2026-07-06,2026-07-06,2026-07-06T21:59:09.647Z,18:59:09,2026-07-06 18:59:09,,,,,,,spotlight-prolific
QGFAEPFN,697a707b5bc42b2987347880,2,int,18,4,18,19,30, authorities ,23952,4519032,475,158,145.25694274902344,448.4861145019531,166.59027671813965,537.9513931274414,3,4,The government announced a plan for protecting villagers from tigers,0,,,2026-07-06,2026-07-06,2026-07-06T21:59:09.647Z,18:59:09,2026-07-06 18:59:09,,,,,,,spotlight-prolific
QGFAEPFN,697a707b5bc42b2987347880,2,int,18,4,18,19,30, authorities ,24005,4519084,484,160,145.25694274902344,448.4861145019531,166.59027671813965,537.9513931274414,3,4,The government announced a plan for protecting villagers from tigers,0,,,2026-07-06,2026-07-06,2026-07-06T21:59:09.647Z,18:59:09,2026-07-06 18:59:09,,,,,,,spotlight-prolific
QGFAEPFN,697a707b5bc42b2987347880,2,int,18,4,18,19,30, authorities ,24052,4519131,495,164,145.25694274902344,448.4861145019531,166.59027671813965,537.9513931274414,3,4,The government announced a plan for protecting villagers from tigers,0,,,2026-07-06,2026-07-06,2026-07-06T21:59:09.647Z,18:59:09,2026-07-06 18:59:09,,,,,,,spotlight-prolific
QGFAEPFN,697a707b5bc42b2987347880,2,int,18,4,18,19,30, authorities ,24104,4519183,503,166,145.25694274902344,448.4861145019531,166.59027671813965,537.9513931274414,3,4,The government announced a plan for protecting villagers from tigers,0,,,2026-07-06,2026-07-06,2026-07-06T21:59:09.647Z,18:59:09,2026-07-06 18:59:09,,,,,,,spotlight-prolific
QGFAEPFN,697a707b5bc42b2987347880,2,int,18,4,18,19,30, authorities ,24153,4519232,510,168,145.25694274902344,448.4861145019531,166.59027671813965,537.9513931274414,3,4,The government announced a plan for protecting villagers from tigers,0,,,2026-07-06,2026-07-06,2026-07-06T21:59:09.647Z,18:59:09,2026-07-06 18:59:09,,,,,,,spotlight-prolific
QGFAEPFN,697a707b5bc42b2987347880,2,int,18,4,18,19,30, authorities ,24202,4519282,515,170,145.25694274902344,448.4861145019531,166.59027671813965,537.9513931274414,3,4,The government announced a plan for protecting villagers from tigers,0,,,2026-07-06,2026-07-06,2026-07-06T21:59:09.647Z,18:59:09,2026-07-06 18:59:09,,,,,,,spotlight-prolific
QGFAEPFN,697a707b5bc42b2987347880,2,int,18,4,18,19,30, authorities ,24257,4519336,516,170,145.25694274902344,448.4861145019531,166.59027671813965,537.9513931274414,3,4,The government announced a plan for protecting villagers from tigers,0,,,2026-07-06,2026-07-06,2026-07-06T21:59:09.647Z,18:59:09,2026-07-06 18:59:09,,,,,,,spotlight-prolific
QGFAEPFN,697a707b5bc42b2987347880,2,int,18,4,18,19,45, from ,24303,4519382,525,176,185.25694274902344,514.4861450195312,206.59027671813965,557.0972557067871,4,7,The government announced a plan for protecting villagers from tigers,0,,,2026-07-06,2026-07-06,2026-07-06T21:59:09.647Z,18:59:09,2026-07-06 18:59:09,,,,,,,spotlight-prolific
QGFAEPFN,697a707b5bc42b2987347880,2,int,18,4,18,19,45, from ,24352,4519431,532,177,185.25694274902344,514.4861450195312,206.59027671813965,557.0972557067871,4,7,The government announced a plan for protecting villagers from tigers,0,,,2026-07-06,2026-07-06,2026-07-06T21:59:09.647Z,18:59:09,2026-07-06 18:59:09,,,,,,,spotlight-prolific
QGFAEPFN,697a707b5bc42b2987347880,2,int,18,4,18,19,45, from ,24402,4519481,540,178,185.25694274902344,514.4861450195312,206.59027671813965,557.0972557067871,4,7,The government announced a plan for protecting villagers from tigers,0,,,2026-07-06,2026-07-06,2026-07-06T21:59:09.647Z,18:59:09,2026-07-06 18:59:09,,,,,,,spotlight-prolific
QGFAEPFN,697a707b5bc42b2987347880,2,int,18,4,18,19,45, from ,24453,4519532,543,178,185.25694274902344,514.4861450195312,206.59027671813965,557.0972557067871,4,7,The government announced a plan for protecting villagers from tigers,0,,,2026-07-06,2026-07-06,2026-07-06T21:59:09.647Z,18:59:09,2026-07-06 18:59:09,,,,,,,spotlight-prolific
QGFAEPFN,697a707b5bc42b2987347880,2,int,18,4,18,19,45, from ,24507,4519586,543,178,185.25694274902344,514.4861450195312,206.59027671813965,557.0972557067871,4,7,The government announced a plan for protecting villagers from tigers,0,,,2026-07-06,2026-07-06,2026-07-06T21:59:09.647Z,18:59:09,2026-07-06 18:59:09,,,,,,,spotlight-prolific
QGFAEPFN,697a707b5bc42b2987347880,2,int,18,4,18,19,45, from ,24561,4519640,548,178,185.25694274902344,514.4861450195312,206.59027671813965,557.0972557067871,4,7,The government announced a plan for protecting villagers from tigers,0,,,2026-07-06,2026-07-06,2026-07-06T21:59:09.647Z,18:59:09,2026-07-06 18:59:09,,,,,,,spotlight-prolific
QGFAEPFN,697a707b5bc42b2987347880,2,int,18,4,18,19,45, from ,24603,4519682,557,178,185.25694274902344,514.4861450195312,206.59027671813965,557.0972557067871,4,7,The government announced a plan for protecting villagers from tigers,0,,,2026-07-06,2026-07-06,2026-07-06T21:59:09.647Z,18:59:09,2026-07-06 18:59:09,,,,,,,spotlight-prolific
QGFAEPFN,697a707b5bc42b2987347880,2,int,18,4,18,19,46, his ,24655,4519734,572,178,185.25694274902344,557.0972290039062,206.59027671813965,585.01389503479,4,8,The government announced a plan for protecting villagers from tigers,0,,,2026-07-06,2026-07-06,2026-07-06T21:59:09.647Z,18:59:09,2026-07-06 18:59:09,,,,,,,spotlight-prolific
QGFAEPFN,697a707b5bc42b2987347880,2,int,18,4,18,19,46, his ,24702,4519781,579,178,185.25694274902344,557.0972290039062,206.59027671813965,585.01389503479,4,8,The government announced a plan for protecting villagers from tigers,0,,,2026-07-06,2026-07-06,2026-07-06T21:59:09.647Z,18:59:09,2026-07-06 18:59:09,,,,,,,spotlight-prolific
QGFAEPFN,697a707b5bc42b2987347880,2,int,18,4,18,19,46, his ,24752,4519832,585,178,185.25694274902344,557.0972290039062,206.59027671813965,585.01389503479,4,8,The government announced a plan for protecting villagers from tigers,0,,,2026-07-06,2026-07-06,2026-07-06T21:59:09.647Z,18:59:09,2026-07-06 18:59:09,,,,,,,spotlight-prolific
QGFAEPFN,697a707b5bc42b2987347880,2,int,18,4,18,19,46, his ,24804,4519883,585,178,185.25694274902344,557.0972290039062,206.59027671813965,585.01389503479,4,8,The government announced a plan for protecting villagers from tigers,0,,,2026-07-06,2026-07-06,2026-07-06T21:59:09.647Z,18:59:09,2026-07-06 18:59:09,,,,,,,spotlight-prolific
QGFAEPFN,697a707b5bc42b2987347880,2,int,18,4,18,19,31, captured ,24858,4519937,588,173,145.25694274902344,537.951416015625,166.59027671813965,612.9791946411133,3,5,The government announced a plan for protecting villagers from tigers,0,,,2026-07-06,2026-07-06,2026-07-06T21:59:09.647Z,18:59:09,2026-07-06 18:59:09,,,,,,,spotlight-prolific
QGFAEPFN,697a707b5bc42b2987347880,2,int,18,4,18,19,31, captured ,24902,4519981,592,166,145.25694274902344,537.951416015625,166.59027671813965,612.9791946411133,3,5,The government announced a plan for protecting villagers from tigers,0,,,2026-07-06,2026-07-06,2026-07-06T21:59:09.647Z,18:59:09,2026-07-06 18:59:09,,,,,,,spotlight-prolific
QGFAEPFN,697a707b5bc42b2987347880,2,int,18,4,18,19,31, captured ,24959,4520038,594,158,145.25694274902344,537.951416015625,166.59027671813965,612.9791946411133,3,5,The government announced a plan for protecting villagers from tigers,0,,,2026-07-06,2026-07-06,2026-07-06T21:59:09.647Z,18:59:09,2026-07-06 18:59:09,,,,,,,spotlight-prolific
QGFAEPFN,697a707b5bc42b2987347880,2,int,18,4,18,19,31, captured ,25003,4520082,594,158,145.25694274902344,537.951416015625,166.59027671813965,612.9791946411133,3,5,The government announced a plan for protecting villagers from tigers,0,,,2026-07-06,2026-07-06,2026-07-06T21:59:09.647Z,18:59:09,2026-07-06 18:59:09,,,,,,,spotlight-prolific
QGFAEPFN,697a707b5bc42b2987347880,2,int,18,4,18,19,31, captured ,25053,4520132,594,158,145.25694274902344,537.951416015625,166.59027671813965,612.9791946411133,3,5,The government announced a plan for protecting villagers from tigers,0,,,2026-07-06,2026-07-06,2026-07-06T21:59:09.647Z,18:59:09,2026-07-06 18:59:09,,,,,,,spotlight-prolific
QGFAEPFN,697a707b5bc42b2987347880,2,int,18,4,18,19,31, captured ,25106,4520186,595,156,145.25694274902344,537.951416015625,166.59027671813965,612.9791946411133,3,5,The government announced a plan for protecting villagers from tigers,0,,,2026-07-06,2026-07-06,2026-07-06T21:59:09.647Z,18:59:09,2026-07-06 18:59:09,,,,,,,spotlight-prolific
QGFAEPFN,697a707b5bc42b2987347880,2,int,18,4,18,19,31, captured ,25153,4520232,595,156,145.25694274902344,537.951416015625,166.59027671813965,612.9791946411133,3,5,The government announced a plan for protecting villagers from tigers,0,,,2026-07-06,2026-07-06,2026-07-06T21:59:09.647Z,18:59:09,2026-07-06 18:59:09,,,,,,,spotlight-prolific
QGFAEPFN,697a707b5bc42b2987347880,2,int,18,4,18,19,31, captured ,25203,4520282,595,153,145.25694274902344,537.951416015625,166.59027671813965,612.9791946411133,3,5,The government announced a plan for protecting villagers from tigers,0,,,2026-07-06,2026-07-06,2026-07-06T21:59:09.647Z,18:59:09,2026-07-06 18:59:09,,,,,,,spotlight-prolific
QGFAEPFN,697a707b5bc42b2987347880,2,int,18,4,18,19,31, captured ,25253,4520332,595,150,145.25694274902344,537.951416015625,166.59027671813965,612.9791946411133,3,5,The government announced a plan for protecting villagers from tigers,0,,,2026-07-06,2026-07-06,2026-07-06T21:59:09.647Z,18:59:09,2026-07-06 18:59:09,,,,,,,spotlight-prolific
QGFAEPFN,697a707b5bc42b2987347880,2,int,18,4,18,19,31, captured ,25303,4520382,595,149,145.25694274902344,537.951416015625,166.59027671813965,612.9791946411133,3,5,The government announced a plan for protecting villagers from tigers,0,,,2026-07-06,2026-07-06,2026-07-06T21:59:09.647Z,18:59:09,2026-07-06 18:59:09,,,,,,,spotlight-prolific
QGFAEPFN,697a707b5bc42b2987347880,2,int,18,4,18,19,31, captured ,25354,4520433,595,149,145.25694274902344,537.951416015625,166.59027671813965,612.9791946411133,3,5,The government announced a plan for protecting villagers from tigers,0,,,2026-07-06,2026-07-06,2026-07-06T21:59:09.647Z,18:59:09,2026-07-06 18:59:09,,,,,,,spotlight-prolific
QGFAEPFN,697a707b5bc42b2987347880,2,int,18,4,18,19,31, captured ,25405,4520484,595,149,145.25694274902344,537.951416015625,166.59027671813965,612.9791946411133,3,5,The government announced a plan for protecting villagers from tigers,0,,,2026-07-06,2026-07-06,2026-07-06T21:59:09.647Z,18:59:09,2026-07-06 18:59:09,,,,,,,spotlight-prolific
QGFAEPFN,697a707b5bc42b2987347880,2,int,18,4,18,19,31, captured ,25453,4520533,583,153,145.25694274902344,537.951416015625,166.59027671813965,612.9791946411133,3,5,The government announced a plan for protecting villagers from tigers,0,,,2026-07-06,2026-07-06,2026-07-06T21:59:09.647Z,18:59:09,2026-07-06 18:59:09,,,,,,,spotlight-prolific
QGFAEPFN,697a707b5bc42b2987347880,2,int,18,4,18,19,31, captured ,25502,4520581,569,157,145.25694274902344,537.951416015625,166.59027671813965,612.9791946411133,3,5,The government announced a plan for protecting villagers from tigers,0,,,2026-07-06,2026-07-06,2026-07-06T21:59:09.647Z,18:59:09,2026-07-06 18:59:09,,,,,,,spotlight-prolific
QGFAEPFN,697a707b5bc42b2987347880,2,int,18,4,18,19,31, captured ,25552,4520632,539,157,145.25694274902344,537.951416015625,166.59027671813965,612.9791946411133,3,5,The government announced a plan for protecting villagers from tigers,0,,,2026-07-06,2026-07-06,2026-07-06T21:59:09.647Z,18:59:09,2026-07-06 18:59:09,,,,,,,spotlight-prolific
QGFAEPFN,697a707b5bc42b2987347880,2,int,18,4,18,19,30, authorities ,25602,4520682,519,157,145.25694274902344,448.4861145019531,166.59027671813965,537.9513931274414,3,4,The government announced a plan for protecting villagers from tigers,0,,,2026-07-06,2026-07-06,2026-07-06T21:59:09.647Z,18:59:09,2026-07-06 18:59:09,,,,,,,spotlight-prolific
QGFAEPFN,697a707b5bc42b2987347880,2,int,18,4,18,19,30, authorities ,25653,4520732,515,157,145.25694274902344,448.4861145019531,166.59027671813965,537.9513931274414,3,4,The government announced a plan for protecting villagers from tigers,0,,,2026-07-06,2026-07-06,2026-07-06T21:59:09.647Z,18:59:09,2026-07-06 18:59:09,,,,,,,spotlight-prolific
QGFAEPFN,697a707b5bc42b2987347880,2,int,18,4,18,19,30, authorities ,25705,4520784,515,157,145.25694274902344,448.4861145019531,166.59027671813965,537.9513931274414,3,4,The government announced a plan for protecting villagers from tigers,0,,,2026-07-06,2026-07-06,2026-07-06T21:59:09.647Z,18:59:09,2026-07-06 18:59:09,,,,,,,spotlight-prolific
QGFAEPFN,697a707b5bc42b2987347880,2,int,18,4,18,19,30, authorities ,25755,4520835,515,157,145.25694274902344,448.4861145019531,166.59027671813965,537.9513931274414,3,4,The government announced a plan for protecting villagers from tigers,0,,,2026-07-06,2026-07-06,2026-07-06T21:59:09.647Z,18:59:09,2026-07-06 18:59:09,,,,,,,spotlight-prolific
QGFAEPFN,697a707b5bc42b2987347880,2,int,18,4,18,19,30, authorities ,25807,4520886,515,157,145.25694274902344,448.4861145019531,166.59027671813965,537.9513931274414,3,4,The government announced a plan for protecting villagers from tigers,0,,,2026-07-06,2026-07-06,2026-07-06T21:59:09.647Z,18:59:09,2026-07-06 18:59:09,,,,,,,spotlight-prolific
QGFAEPFN,697a707b5bc42b2987347880,2,int,18,4,18,19,30, authorities ,25853,4520932,515,157,145.25694274902344,448.4861145019531,166.59027671813965,537.9513931274414,3,4,The government announced a plan for protecting villagers from tigers,0,,,2026-07-06,2026-07-06,2026-07-06T21:59:09.647Z,18:59:09,2026-07-06 18:59:09,,,,,,,spotlight-prolific
QGFAEPFN,697a707b5bc42b2987347880,2,int,18,4,18,19,30, authorities ,25902,4520982,512,158,145.25694274902344,448.4861145019531,166.59027671813965,537.9513931274414,3,4,The government announced a plan for protecting villagers from tigers,0,,,2026-07-06,2026-07-06,2026-07-06T21:59:09.647Z,18:59:09,2026-07-06 18:59:09,,,,,,,spotlight-prolific
QGFAEPFN,697a707b5bc42b2987347880,2,int,18,4,18,19,30, authorities ,25952,4521032,506,159,145.25694274902344,448.4861145019531,166.59027671813965,537.9513931274414,3,4,The government announced a plan for protecting villagers from tigers,0,,,2026-07-06,2026-07-06,2026-07-06T21:59:09.647Z,18:59:09,2026-07-06 18:59:09,,,,,,,spotlight-prolific
QGFAEPFN,697a707b5bc42b2987347880,2,int,18,4,18,19,30, authorities ,26002,4521081,498,161,145.25694274902344,448.4861145019531,166.59027671813965,537.9513931274414,3,4,The government announced a plan for protecting villagers from tigers,0,,,2026-07-06,2026-07-06,2026-07-06T21:59:09.647Z,18:59:09,2026-07-06 18:59:09,,,,,,,spotlight-prolific
QGFAEPFN,697a707b5bc42b2987347880,2,int,18,4,18,19,30, authorities ,26053,4521132,497,161,145.25694274902344,448.4861145019531,166.59027671813965,537.9513931274414,3,4,The government announced a plan for protecting villagers from tigers,0,,,2026-07-06,2026-07-06,2026-07-06T21:59:09.647Z,18:59:09,2026-07-06 18:59:09,,,,,,,spotlight-prolific
QGFAEPFN,697a707b5bc42b2987347880,2,int,18,4,18,19,30, authorities ,26106,4521186,497,161,145.25694274902344,448.4861145019531,166.59027671813965,537.9513931274414,3,4,The government announced a plan for protecting villagers from tigers,0,,,2026-07-06,2026-07-06,2026-07-06T21:59:09.647Z,18:59:09,2026-07-06 18:59:09,,,,,,,spotlight-prolific
QGFAEPFN,697a707b5bc42b2987347880,2,int,18,4,18,19,30, authorities ,26159,4521239,497,161,145.25694274902344,448.4861145019531,166.59027671813965,537.9513931274414,3,4,The government announced a plan for protecting villagers from tigers,0,,,2026-07-06,2026-07-06,2026-07-06T21:59:09.647Z,18:59:09,2026-07-06 18:59:09,,,,,,,spotlight-prolific
QGFAEPFN,697a707b5bc42b2987347880,2,int,18,4,18,19,30, authorities ,26207,4521287,497,161,145.25694274902344,448.4861145019531,166.59027671813965,537.9513931274414,3,4,The government announced a plan for protecting villagers from tigers,0,,,2026-07-06,2026-07-06,2026-07-06T21:59:09.647Z,18:59:09,2026-07-06 18:59:09,,,,,,,spotlight-prolific
QGFAEPFN,697a707b5bc42b2987347880,2,int,18,4,18,19,30, authorities ,26255,4521334,499,161,145.25694274902344,448.4861145019531,166.59027671813965,537.9513931274414,3,4,The government announced a plan for protecting villagers from tigers,0,,,2026-07-06,2026-07-06,2026-07-06T21:59:09.647Z,18:59:09,2026-07-06 18:59:09,,,,,,,spotlight-prolific
QGFAEPFN,697a707b5bc42b2987347880,2,int,18,4,18,19,30, authorities ,26302,4521382,513,160,145.25694274902344,448.4861145019531,166.59027671813965,537.9513931274414,3,4,The government announced a plan for protecting villagers from tigers,0,,,2026-07-06,2026-07-06,2026-07-06T21:59:09.647Z,18:59:09,2026-07-06 18:59:09,,,,,,,spotlight-prolific
QGFAEPFN,697a707b5bc42b2987347880,2,int,18,4,18,19,30, authorities ,26354,4521434,526,160,145.25694274902344,448.4861145019531,166.59027671813965,537.9513931274414,3,4,The government announced a plan for protecting villagers from tigers,0,,,2026-07-06,2026-07-06,2026-07-06T21:59:09.647Z,18:59:09,2026-07-06 18:59:09,,,,,,,spotlight-prolific
QGFAEPFN,697a707b5bc42b2987347880,2,int,18,4,18,19,30, authorities ,26402,4521481,534,158,145.25694274902344,448.4861145019531,166.59027671813965,537.9513931274414,3,4,The government announced a plan for protecting villagers from tigers,0,,,2026-07-06,2026-07-06,2026-07-06T21:59:09.647Z,18:59:09,2026-07-06 18:59:09,,,,,,,spotlight-prolific
QGFAEPFN,697a707b5bc42b2987347880,2,int,18,4,18,19,31, captured ,26454,4521533,546,158,145.25694274902344,537.951416015625,166.59027671813965,612.9791946411133,3,5,The government announced a plan for protecting villagers from tigers,0,,,2026-07-06,2026-07-06,2026-07-06T21:59:09.647Z,18:59:09,2026-07-06 18:59:09,,,,,,,spotlight-prolific
QGFAEPFN,697a707b5bc42b2987347880,2,int,18,4,18,19,31, captured ,26502,4521581,561,158,145.25694274902344,537.951416015625,166.59027671813965,612.9791946411133,3,5,The government announced a plan for protecting villagers from tigers,0,,,2026-07-06,2026-07-06,2026-07-06T21:59:09.647Z,18:59:09,2026-07-06 18:59:09,,,,,,,spotlight-prolific
QGFAEPFN,697a707b5bc42b2987347880,2,int,18,4,18,19,31, captured ,26552,4521631,575,158,145.25694274902344,537.951416015625,166.59027671813965,612.9791946411133,3,5,The government announced a plan for protecting villagers from tigers,0,,,2026-07-06,2026-07-06,2026-07-06T21:59:09.647Z,18:59:09,2026-07-06 18:59:09,,,,,,,spotlight-prolific
QGFAEPFN,697a707b5bc42b2987347880,2,int,18,4,18,19,31, captured ,26602,4521681,588,158,145.25694274902344,537.951416015625,166.59027671813965,612.9791946411133,3,5,The government announced a plan for protecting villagers from tigers,0,,,2026-07-06,2026-07-06,2026-07-06T21:59:09.647Z,18:59:09,2026-07-06 18:59:09,,,,,,,spotlight-prolific
QGFAEPFN,697a707b5bc42b2987347880,2,int,18,4,18,19,31, captured ,26652,4521731,608,158,145.25694274902344,537.951416015625,166.59027671813965,612.9791946411133,3,5,The government announced a plan for protecting villagers from tigers,0,,,2026-07-06,2026-07-06,2026-07-06T21:59:09.647Z,18:59:09,2026-07-06 18:59:09,,,,,,,spotlight-prolific
QGFAEPFN,697a707b5bc42b2987347880,2,int,18,4,18,19,32, a ,26702,4521781,613,158,145.25694274902344,612.9791870117188,166.59027671813965,627.1944646835327,3,6,The government announced a plan for protecting villagers from tigers,0,,,2026-07-06,2026-07-06,2026-07-06T21:59:09.647Z,18:59:09,2026-07-06 18:59:09,,,,,,,spotlight-prolific
QGFAEPFN,697a707b5bc42b2987347880,2,int,18,4,18,19,32, a ,26752,4521831,623,159,145.25694274902344,612.9791870117188,166.59027671813965,627.1944646835327,3,6,The government announced a plan for protecting villagers from tigers,0,,,2026-07-06,2026-07-06,2026-07-06T21:59:09.647Z,18:59:09,2026-07-06 18:59:09,,,,,,,spotlight-prolific
QGFAEPFN,697a707b5bc42b2987347880,2,int,18,4,18,19,33, tiger ,26802,4521881,631,161,145.25694274902344,627.1944580078125,166.59027671813965,667.4930686950684,3,7,The government announced a plan for protecting villagers from tigers,0,,,2026-07-06,2026-07-06,2026-07-06T21:59:09.647Z,18:59:09,2026-07-06 18:59:09,,,,,,,spotlight-prolific
QGFAEPFN,697a707b5bc42b2987347880,2,int,18,4,18,19,33, tiger ,26862,4521941,637,161,145.25694274902344,627.1944580078125,166.59027671813965,667.4930686950684,3,7,The government announced a plan for protecting villagers from tigers,0,,,2026-07-06,2026-07-06,2026-07-06T21:59:09.647Z,18:59:09,2026-07-06 18:59:09,,,,,,,spotlight-prolific
QGFAEPFN,697a707b5bc42b2987347880,2,int,18,4,18,19,33, tiger ,26902,4521981,645,162,145.25694274902344,627.1944580078125,166.59027671813965,667.4930686950684,3,7,The government announced a plan for protecting villagers from tigers,0,,,2026-07-06,2026-07-06,2026-07-06T21:59:09.647Z,18:59:09,2026-07-06 18:59:09,,,,,,,spotlight-prolific
QGFAEPFN,697a707b5bc42b2987347880,2,int,18,4,18,19,33, tiger ,26952,4522031,655,162,145.25694274902344,627.1944580078125,166.59027671813965,667.4930686950684,3,7,The government announced a plan for protecting villagers from tigers,0,,,2026-07-06,2026-07-06,2026-07-06T21:59:09.647Z,18:59:09,2026-07-06 18:59:09,,,,,,,spotlight-prolific
QGFAEPFN,697a707b5bc42b2987347880,2,int,18,4,18,19,33, tiger ,27002,4522081,663,162,145.25694274902344,627.1944580078125,166.59027671813965,667.4930686950684,3,7,The government announced a plan for protecting villagers from tigers,0,,,2026-07-06,2026-07-06,2026-07-06T21:59:09.647Z,18:59:09,2026-07-06 18:59:09,,,,,,,spotlight-prolific
QGFAEPFN,697a707b5bc42b2987347880,2,int,18,4,18,19,34, after ,27052,4522131,669,161,145.25694274902344,667.4930419921875,166.59027671813965,709.3680419921875,3,8,The government announced a plan for protecting villagers from tigers,0,,,2026-07-06,2026-07-06,2026-07-06T21:59:09.647Z,18:59:09,2026-07-06 18:59:09,,,,,,,spotlight-prolific
QGFAEPFN,697a707b5bc42b2987347880,2,int,18,4,18,19,34, after ,27102,4522182,686,160,145.25694274902344,667.4930419921875,166.59027671813965,709.3680419921875,3,8,The government announced a plan for protecting villagers from tigers,0,,,2026-07-06,2026-07-06,2026-07-06T21:59:09.647Z,18:59:09,2026-07-06 18:59:09,,,,,,,spotlight-prolific
QGFAEPFN,697a707b5bc42b2987347880,2,int,18,4,18,19,34, after ,27153,4522232,693,160,145.25694274902344,667.4930419921875,166.59027671813965,709.3680419921875,3,8,The government announced a plan for protecting villagers from tigers,0,,,2026-07-06,2026-07-06,2026-07-06T21:59:09.647Z,18:59:09,2026-07-06 18:59:09,,,,,,,spotlight-prolific
QGFAEPFN,697a707b5bc42b2987347880,2,int,18,4,18,19,34, after ,27202,4522281,696,160,145.25694274902344,667.4930419921875,166.59027671813965,709.3680419921875,3,8,The government announced a plan for protecting villagers from tigers,0,,,2026-07-06,2026-07-06,2026-07-06T21:59:09.647Z,18:59:09,2026-07-06 18:59:09,,,,,,,spotlight-prolific
QGFAEPFN,697a707b5bc42b2987347880,2,int,18,4,18,19,35, it ,27252,4522331,710,160,145.25694274902344,709.3680419921875,166.59027671813965,723.9930419921875,3,9,The government announced a plan for protecting villagers from tigers,0,,,2026-07-06,2026-07-06,2026-07-06T21:59:09.647Z,18:59:09,2026-07-06 18:59:09,,,,,,,spotlight-prolific
QGFAEPFN,697a707b5bc42b2987347880,2,int,18,4,18,19,35, it ,27302,4522382,719,160,145.25694274902344,709.3680419921875,166.59027671813965,723.9930419921875,3,9,The government announced a plan for protecting villagers from tigers,0,,,2026-07-06,2026-07-06,2026-07-06T21:59:09.647Z,18:59:09,2026-07-06 18:59:09,,,,,,,spotlight-prolific
QGFAEPFN,697a707b5bc42b2987347880,2,int,18,4,18,19,36, killed ,27352,4522431,724,160,145.25694274902344,723.9930419921875,166.59027671813965,770.0485992431641,3,10,The government announced a plan for protecting villagers from tigers,0,,,2026-07-06,2026-07-06,2026-07-06T21:59:09.647Z,18:59:09,2026-07-06 18:59:09,,,,,,,spotlight-prolific
QGFAEPFN,697a707b5bc42b2987347880,2,int,18,4,18,19,36, killed ,27402,4522481,733,160,145.25694274902344,723.9930419921875,166.59027671813965,770.0485992431641,3,10,The government announced a plan for protecting villagers from tigers,0,,,2026-07-06,2026-07-06,2026-07-06T21:59:09.647Z,18:59:09,2026-07-06 18:59:09,,,,,,,spotlight-prolific
QGFAEPFN,697a707b5bc42b2987347880,2,int,18,4,18,19,36, killed ,27452,4522531,741,160,145.25694274902344,723.9930419921875,166.59027671813965,770.0485992431641,3,10,The government announced a plan for protecting villagers from tigers,0,,,2026-07-06,2026-07-06,2026-07-06T21:59:09.647Z,18:59:09,2026-07-06 18:59:09,,,,,,,spotlight-prolific
QGFAEPFN,697a707b5bc42b2987347880,2,int,18,4,18,19,36, killed ,27503,4522583,741,160,145.25694274902344,723.9930419921875,166.59027671813965,770.0485992431641,3,10,The government announced a plan for protecting villagers from tigers,0,,,2026-07-06,2026-07-06,2026-07-06T21:59:09.647Z,18:59:09,2026-07-06 18:59:09,,,,,,,spotlight-prolific
QGFAEPFN,697a707b5bc42b2987347880,2,int,18,4,18,19,36, killed ,27552,4522631,752,160,145.25694274902344,723.9930419921875,166.59027671813965,770.0485992431641,3,10,The government announced a plan for protecting villagers from tigers,0,,,2026-07-06,2026-07-06,2026-07-06T21:59:09.647Z,18:59:09,2026-07-06 18:59:09,,,,,,,spotlight-prolific
QGFAEPFN,697a707b5bc42b2987347880,2,int,18,4,18,19,36, killed ,27603,4522682,754,160,145.25694274902344,723.9930419921875,166.59027671813965,770.0485992431641,3,10,The government announced a plan for protecting villagers from tigers,0,,,2026-07-06,2026-07-06,2026-07-06T21:59:09.647Z,18:59:09,2026-07-06 18:59:09,,,,,,,spotlight-prolific
QGFAEPFN,697a707b5bc42b2987347880,2,int,18,4,18,19,36, killed ,27652,4522732,758,160,145.25694274902344,723.9930419921875,166.59027671813965,770.0485992431641,3,10,The government announced a plan for protecting villagers from tigers,0,,,2026-07-06,2026-07-06,2026-07-06T21:59:09.647Z,18:59:09,2026-07-06 18:59:09,,,,,,,spotlight-prolific
QGFAEPFN,697a707b5bc42b2987347880,2,int,18,4,18,19,36, killed ,27703,4522782,762,160,145.25694274902344,723.9930419921875,166.59027671813965,770.0485992431641,3,10,The government announced a plan for protecting villagers from tigers,0,,,2026-07-06,2026-07-06,2026-07-06T21:59:09.647Z,18:59:09,2026-07-06 18:59:09,,,,,,,spotlight-prolific
QGFAEPFN,697a707b5bc42b2987347880,2,int,18,4,18,19,36, killed ,27756,4522835,764,160,145.25694274902344,723.9930419921875,166.59027671813965,770.0485992431641,3,10,The government announced a plan for protecting villagers from tigers,0,,,2026-07-06,2026-07-06,2026-07-06T21:59:09.647Z,18:59:09,2026-07-06 18:59:09,,,,,,,spotlight-prolific
QGFAEPFN,697a707b5bc42b2987347880,2,int,18,4,18,19,36, killed ,27803,4522882,765,160,145.25694274902344,723.9930419921875,166.59027671813965,770.0485992431641,3,10,The government announced a plan for protecting villagers from tigers,0,,,2026-07-06,2026-07-06,2026-07-06T21:59:09.647Z,18:59:09,2026-07-06 18:59:09,,,,,,,spotlight-prolific
QGFAEPFN,697a707b5bc42b2987347880,2,int,18,4,18,19,37, two ,27852,4522931,775,163,145.25694274902344,770.0486450195312,166.59027671813965,804.1389236450195,3,11,The government announced a plan for protecting villagers from tigers,0,,,2026-07-06,2026-07-06,2026-07-06T21:59:09.647Z,18:59:09,2026-07-06 18:59:09,,,,,,,spotlight-prolific
QGFAEPFN,697a707b5bc42b2987347880,2,int,18,4,18,19,37, two ,27902,4522982,780,166,145.25694274902344,770.0486450195312,166.59027671813965,804.1389236450195,3,11,The government announced a plan for protecting villagers from tigers,0,,,2026-07-06,2026-07-06,2026-07-06T21:59:09.647Z,18:59:09,2026-07-06 18:59:09,,,,,,,spotlight-prolific
QGFAEPFN,697a707b5bc42b2987347880,2,int,18,4,18,19,37, two ,27952,4523031,789,167,145.25694274902344,770.0486450195312,166.59027671813965,804.1389236450195,3,11,The government announced a plan for protecting villagers from tigers,0,,,2026-07-06,2026-07-06,2026-07-06T21:59:09.647Z,18:59:09,2026-07-06 18:59:09,,,,,,,spotlight-prolific
QGFAEPFN,697a707b5bc42b2987347880,2,int,18,4,18,19,37, two ,28002,4523082,797,169,145.25694274902344,770.0486450195312,166.59027671813965,804.1389236450195,3,11,The government announced a plan for protecting villagers from tigers,0,,,2026-07-06,2026-07-06,2026-07-06T21:59:09.647Z,18:59:09,2026-07-06 18:59:09,,,,,,,spotlight-prolific
QGFAEPFN,697a707b5bc42b2987347880,2,int,18,4,18,19,38," people, ",28052,4523131,805,169,145.25694274902344,804.138916015625,166.59027671813965,861.3680839538574,3,12,The government announced a plan for protecting villagers from tigers,0,,,2026-07-06,2026-07-06,2026-07-06T21:59:09.647Z,18:59:09,2026-07-06 18:59:09,,,,,,,spotlight-prolific
QGFAEPFN,697a707b5bc42b2987347880,2,int,18,4,18,19,38," people, ",28102,4523181,813,169,145.25694274902344,804.138916015625,166.59027671813965,861.3680839538574,3,12,The government announced a plan for protecting villagers from tigers,0,,,2026-07-06,2026-07-06,2026-07-06T21:59:09.647Z,18:59:09,2026-07-06 18:59:09,,,,,,,spotlight-prolific
QGFAEPFN,697a707b5bc42b2987347880,2,int,18,4,18,19,38," people, ",28152,4523232,818,169,145.25694274902344,804.138916015625,166.59027671813965,861.3680839538574,3,12,The government announced a plan for protecting villagers from tigers,0,,,2026-07-06,2026-07-06,2026-07-06T21:59:09.647Z,18:59:09,2026-07-06 18:59:09,,,,,,,spotlight-prolific
QGFAEPFN,697a707b5bc42b2987347880,2,int,18,4,18,19,38," people, ",28202,4523282,830,169,145.25694274902344,804.138916015625,166.59027671813965,861.3680839538574,3,12,The government announced a plan for protecting villagers from tigers,0,,,2026-07-06,2026-07-06,2026-07-06T21:59:09.647Z,18:59:09,2026-07-06 18:59:09,,,,,,,spotlight-prolific
QGFAEPFN,697a707b5bc42b2987347880,2,int,18,4,18,19,38," people, ",28252,4523331,840,169,145.25694274902344,804.138916015625,166.59027671813965,861.3680839538574,3,12,The government announced a plan for protecting villagers from tigers,0,,,2026-07-06,2026-07-06,2026-07-06T21:59:09.647Z,18:59:09,2026-07-06 18:59:09,,,,,,,spotlight-prolific
QGFAEPFN,697a707b5bc42b2987347880,2,int,18,4,18,19,38," people, ",28304,4523383,840,169,145.25694274902344,804.138916015625,166.59027671813965,861.3680839538574,3,12,The government announced a plan for protecting villagers from tigers,0,,,2026-07-06,2026-07-06,2026-07-06T21:59:09.647Z,18:59:09,2026-07-06 18:59:09,,,,,,,spotlight-prolific
QGFAEPFN,697a707b5bc42b2987347880,2,int,18,4,18,19,38," people, ",28354,4523433,840,169,145.25694274902344,804.138916015625,166.59027671813965,861.3680839538574,3,12,The government announced a plan for protecting villagers from tigers,0,,,2026-07-06,2026-07-06,2026-07-06T21:59:09.647Z,18:59:09,2026-07-06 18:59:09,,,,,,,spotlight-prolific
QGFAEPFN,697a707b5bc42b2987347880,2,int,18,4,18,19,38," people, ",28404,4523483,840,169,145.25694274902344,804.138916015625,166.59027671813965,861.3680839538574,3,12,The government announced a plan for protecting villagers from tigers,0,,,2026-07-06,2026-07-06,2026-07-06T21:59:09.647Z,18:59:09,2026-07-06 18:59:09,,,,,,,spotlight-prolific
QGFAEPFN,697a707b5bc42b2987347880,2,int,18,4,18,19,38," people, ",28454,4523533,840,169,145.25694274902344,804.138916015625,166.59027671813965,861.3680839538574,3,12,The government announced a plan for protecting villagers from tigers,0,,,2026-07-06,2026-07-06,2026-07-06T21:59:09.647Z,18:59:09,2026-07-06 18:59:09,,,,,,,spotlight-prolific
QGFAEPFN,697a707b5bc42b2987347880,2,int,18,4,18,19,38," people, ",28503,4523583,813,175,145.25694274902344,804.138916015625,166.59027671813965,861.3680839538574,3,12,The government announced a plan for protecting villagers from tigers,0,,,2026-07-06,2026-07-06,2026-07-06T21:59:09.647Z,18:59:09,2026-07-06 18:59:09,,,,,,,spotlight-prolific
QGFAEPFN,697a707b5bc42b2987347880,2,int,18,4,18,19,50, Thousands ,28552,4523631,771,183,185.25694274902344,679.5277709960938,206.59027671813965,773.0972137451172,4,12,The government announced a plan for protecting villagers from tigers,0,,,2026-07-06,2026-07-06,2026-07-06T21:59:09.647Z,18:59:09,2026-07-06 18:59:09,,,,,,,spotlight-prolific
QGFAEPFN,697a707b5bc42b2987347880,2,int,18,4,18,19,50, Thousands ,28602,4523681,713,187,185.25694274902344,679.5277709960938,206.59027671813965,773.0972137451172,4,12,The government announced a plan for protecting villagers from tigers,0,,,2026-07-06,2026-07-06,2026-07-06T21:59:09.647Z,18:59:09,2026-07-06 18:59:09,,,,,,,spotlight-prolific
QGFAEPFN,697a707b5bc42b2987347880,2,int,18,4,18,19,47, bed ,28652,4523731,602,189,185.25694274902344,585.013916015625,206.59027671813965,619.1736373901367,4,9,The government announced a plan for protecting villagers from tigers,0,,,2026-07-06,2026-07-06,2026-07-06T21:59:09.647Z,18:59:09,2026-07-06 18:59:09,,,,,,,spotlight-prolific
QGFAEPFN,697a707b5bc42b2987347880,2,int,18,4,18,19,44, pulled ,28702,4523781,504,199,185.25694274902344,461.7986145019531,206.59027671813965,514.4861145019531,4,6,The government announced a plan for protecting villagers from tigers,0,,,2026-07-06,2026-07-06,2026-07-06T21:59:09.647Z,18:59:09,2026-07-06 18:59:09,,,,,,,spotlight-prolific
QGFAEPFN,697a707b5bc42b2987347880,2,int,18,4,18,19,44, pulled ,28752,4523831,465,200,185.25694274902344,461.7986145019531,206.59027671813965,514.4861145019531,4,6,The government announced a plan for protecting villagers from tigers,0,,,2026-07-06,2026-07-06,2026-07-06T21:59:09.647Z,18:59:09,2026-07-06 18:59:09,,,,,,,spotlight-prolific
QGFAEPFN,697a707b5bc42b2987347880,2,int,18,4,18,19,42, who ,28802,4523881,414,208,185.25694274902344,386.6666564941406,206.59027671813965,424.7916564941406,4,4,The government announced a plan for protecting villagers from tigers,0,,,2026-07-06,2026-07-06,2026-07-06T21:59:09.647Z,18:59:09,2026-07-06 18:59:09,,,,,,,spotlight-prolific
QGFAEPFN,697a707b5bc42b2987347880,2,int,18,4,18,19,41, villager ,28852,4523932,379,208,185.25694274902344,325.1458435058594,206.59027671813965,386.66667556762695,4,3,The government announced a plan for protecting villagers from tigers,0,,,2026-07-06,2026-07-06,2026-07-06T21:59:09.647Z,18:59:09,2026-07-06 18:59:09,,,,,,,spotlight-prolific
QGFAEPFN,697a707b5bc42b2987347880,2,int,18,4,18,19,41, villager ,28907,4523986,349,208,185.25694274902344,325.1458435058594,206.59027671813965,386.66667556762695,4,3,The government announced a plan for protecting villagers from tigers,0,,,2026-07-06,2026-07-06,2026-07-06T21:59:09.647Z,18:59:09,2026-07-06 18:59:09,,,,,,,spotlight-prolific
QGFAEPFN,697a707b5bc42b2987347880,2,int,18,4,18,19,41, villager ,28952,4524031,330,208,185.25694274902344,325.1458435058594,206.59027671813965,386.66667556762695,4,3,The government announced a plan for protecting villagers from tigers,0,,,2026-07-06,2026-07-06,2026-07-06T21:59:09.647Z,18:59:09,2026-07-06 18:59:09,,,,,,,spotlight-prolific
QGFAEPFN,697a707b5bc42b2987347880,2,int,18,4,18,19,39, including ,29002,4524081,307,207,185.25694274902344,234.18055725097656,206.59027671813965,310.93055725097656,4,1,The government announced a plan for protecting villagers from tigers,0,,,2026-07-06,2026-07-06,2026-07-06T21:59:09.647Z,18:59:09,2026-07-06 18:59:09,,,,,,,spotlight-prolific
QGFAEPFN,697a707b5bc42b2987347880,2,int,18,4,18,19,39, including ,29057,4524136,281,199,185.25694274902344,234.18055725097656,206.59027671813965,310.93055725097656,4,1,The government announced a plan for protecting villagers from tigers,0,,,2026-07-06,2026-07-06,2026-07-06T21:59:09.647Z,18:59:09,2026-07-06 18:59:09,,,,,,,spotlight-prolific
QGFAEPFN,697a707b5bc42b2987347880,2,int,18,4,18,19,39, including ,29102,4524181,271,198,185.25694274902344,234.18055725097656,206.59027671813965,310.93055725097656,4,1,The government announced a plan for protecting villagers from tigers,0,,,2026-07-06,2026-07-06,2026-07-06T21:59:09.647Z,18:59:09,2026-07-06 18:59:09,,,,,,,spotlight-prolific
QGFAEPFN,697a707b5bc42b2987347880,2,int,18,4,18,19,39, including ,29153,4524232,268,196,185.25694274902344,234.18055725097656,206.59027671813965,310.93055725097656,4,1,The government announced a plan for protecting villagers from tigers,0,,,2026-07-06,2026-07-06,2026-07-06T21:59:09.647Z,18:59:09,2026-07-06 18:59:09,,,,,,,spotlight-prolific
QGFAEPFN,697a707b5bc42b2987347880,2,int,18,4,18,19,39, including ,29202,4524282,262,193,185.25694274902344,234.18055725097656,206.59027671813965,310.93055725097656,4,1,The government announced a plan for protecting villagers from tigers,0,,,2026-07-06,2026-07-06,2026-07-06T21:59:09.647Z,18:59:09,2026-07-06 18:59:09,,,,,,,spotlight-prolific
QGFAEPFN,697a707b5bc42b2987347880,2,int,18,4,18,19,39, including ,29257,4524337,255,190,185.25694274902344,234.18055725097656,206.59027671813965,310.93055725097656,4,1,The government announced a plan for protecting villagers from tigers,0,,,2026-07-06,2026-07-06,2026-07-06T21:59:09.647Z,18:59:09,2026-07-06 18:59:09,,,,,,,spotlight-prolific
QGFAEPFN,697a707b5bc42b2987347880,2,int,18,4,18,19,39, including ,29303,4524382,255,190,185.25694274902344,234.18055725097656,206.59027671813965,310.93055725097656,4,1,The government announced a plan for protecting villagers from tigers,0,,,2026-07-06,2026-07-06,2026-07-06T21:59:09.647Z,18:59:09,2026-07-06 18:59:09,,,,,,,spotlight-prolific
QGFAEPFN,697a707b5bc42b2987347880,2,int,18,4,18,19,39, including ,29365,4524444,254,190,185.25694274902344,234.18055725097656,206.59027671813965,310.93055725097656,4,1,The government announced a plan for protecting villagers from tigers,0,,,2026-07-06,2026-07-06,2026-07-06T21:59:09.647Z,18:59:09,2026-07-06 18:59:09,,,,,,,spotlight-prolific
QGFAEPFN,697a707b5bc42b2987347880,2,int,18,4,18,19,39, including ,29407,4524486,250,193,185.25694274902344,234.18055725097656,206.59027671813965,310.93055725097656,4,1,The government announced a plan for protecting villagers from tigers,0,,,2026-07-06,2026-07-06,2026-07-06T21:59:09.647Z,18:59:09,2026-07-06 18:59:09,,,,,,,spotlight-prolific
QGFAEPFN,697a707b5bc42b2987347880,2,int,18,4,18,19,39, including ,29452,4524531,242,197,185.25694274902344,234.18055725097656,206.59027671813965,310.93055725097656,4,1,The government announced a plan for protecting villagers from tigers,0,,,2026-07-06,2026-07-06,2026-07-06T21:59:09.647Z,18:59:09,2026-07-06 18:59:09,,,,,,,spotlight-prolific
QGFAEPFN,697a707b5bc42b2987347880,2,int,18,4,18,19,39, including ,29504,4524583,231,199,185.25694274902344,234.18055725097656,206.59027671813965,310.93055725097656,4,1,The government announced a plan for protecting villagers from tigers,0,,,2026-07-06,2026-07-06,2026-07-06T21:59:09.647Z,18:59:09,2026-07-06 18:59:09,,,,,,,spotlight-prolific
QGFAEPFN,697a707b5bc42b2987347880,2,int,18,4,18,19,-1,999,29551,4524631,225,200,,,,,,,The government announced a plan for protecting villagers from tigers,0,,,2026-07-06,2026-07-06,2026-07-06T21:59:09.647Z,18:59:09,2026-07-06 18:59:09,,,,,,,spotlight-prolific
QGFAEPFN,697a707b5bc42b2987347880,2,int,18,4,18,19,-1,999,29601,4524680,218,203,,,,,,,The government announced a plan for protecting villagers from tigers,0,,,2026-07-06,2026-07-06,2026-07-06T21:59:09.647Z,18:59:09,2026-07-06 18:59:09,,,,,,,spotlight-prolific
QGFAEPFN,697a707b5bc42b2987347880,2,int,18,4,18,19,-1,999,29651,4524731,218,203,,,,,,,The government announced a plan for protecting villagers from tigers,0,,,2026-07-06,2026-07-06,2026-07-06T21:59:09.647Z,18:59:09,2026-07-06 18:59:09,,,,,,,spotlight-prolific
QGFAEPFN,697a707b5bc42b2987347880,2,int,18,4,18,19,-1,999,29701,4524781,217,203,,,,,,,The government announced a plan for protecting villagers from tigers,0,,,2026-07-06,2026-07-06,2026-07-06T21:59:09.647Z,18:59:09,2026-07-06 18:59:09,,,,,,,spotlight-prolific
QGFAEPFN,697a707b5bc42b2987347880,2,int,18,4,18,19,-1,999,29752,4524831,217,203,,,,,,,The government announced a plan for protecting villagers from tigers,0,,,2026-07-06,2026-07-06,2026-07-06T21:59:09.647Z,18:59:09,2026-07-06 18:59:09,,,,,,,spotlight-prolific
QGFAEPFN,697a707b5bc42b2987347880,2,int,18,4,18,19,-1,999,29802,4524881,217,203,,,,,,,The government announced a plan for protecting villagers from tigers,0,,,2026-07-06,2026-07-06,2026-07-06T21:59:09.647Z,18:59:09,2026-07-06 18:59:09,,,,,,,spotlight-prolific
QGFAEPFN,697a707b5bc42b2987347880,2,int,18,4,18,19,-1,999,29852,4524931,217,203,,,,,,,The government announced a plan for protecting villagers from tigers,0,,,2026-07-06,2026-07-06,2026-07-06T21:59:09.647Z,18:59:09,2026-07-06 18:59:09,,,,,,,spotlight-prolific
QGFAEPFN,697a707b5bc42b2987347880,2,int,18,4,18,19,-1,999,29904,4524983,217,203,,,,,,,The government announced a plan for protecting villagers from tigers,0,,,2026-07-06,2026-07-06,2026-07-06T21:59:09.647Z,18:59:09,2026-07-06 18:59:09,,,,,,,spotlight-prolific
QGFAEPFN,697a707b5bc42b2987347880,2,int,18,4,18,19,-1,999,29954,4525033,217,203,,,,,,,The government announced a plan for protecting villagers from tigers,0,,,2026-07-06,2026-07-06,2026-07-06T21:59:09.647Z,18:59:09,2026-07-06 18:59:09,,,,,,,spotlight-prolific
QGFAEPFN,697a707b5bc42b2987347880,2,int,18,4,18,19,-1,999,30002,4525081,217,203,,,,,,,The government announced a plan for protecting villagers from tigers,0,,,2026-07-06,2026-07-06,2026-07-06T21:59:09.647Z,18:59:09,2026-07-06 18:59:09,,,,,,,spotlight-prolific
QGFAEPFN,697a707b5bc42b2987347880,2,int,18,4,18,19,-1,999,30053,4525132,217,203,,,,,,,The government announced a plan for protecting villagers from tigers,0,,,2026-07-06,2026-07-06,2026-07-06T21:59:09.647Z,18:59:09,2026-07-06 18:59:09,,,,,,,spotlight-prolific
QGFAEPFN,697a707b5bc42b2987347880,2,int,18,4,18,19,-1,999,30107,4525186,218,203,,,,,,,The government announced a plan for protecting villagers from tigers,0,,,2026-07-06,2026-07-06,2026-07-06T21:59:09.647Z,18:59:09,2026-07-06 18:59:09,,,,,,,spotlight-prolific
QGFAEPFN,697a707b5bc42b2987347880,2,int,18,4,18,19,-1,999,30152,4525231,220,203,,,,,,,The government announced a plan for protecting villagers from tigers,0,,,2026-07-06,2026-07-06,2026-07-06T21:59:09.647Z,18:59:09,2026-07-06 18:59:09,,,,,,,spotlight-prolific
QGFAEPFN,697a707b5bc42b2987347880,2,int,18,4,18,19,-1,999,30202,4525281,220,203,,,,,,,The government announced a plan for protecting villagers from tigers,0,,,2026-07-06,2026-07-06,2026-07-06T21:59:09.647Z,18:59:09,2026-07-06 18:59:09,,,,,,,spotlight-prolific
QGFAEPFN,697a707b5bc42b2987347880,2,int,18,4,18,19,-1,999,30251,4525331,222,203,,,,,,,The government announced a plan for protecting villagers from tigers,0,,,2026-07-06,2026-07-06,2026-07-06T21:59:09.647Z,18:59:09,2026-07-06 18:59:09,,,,,,,spotlight-prolific
QGFAEPFN,697a707b5bc42b2987347880,2,int,18,4,18,19,39, including ,30302,4525382,233,205,185.25694274902344,234.18055725097656,206.59027671813965,310.93055725097656,4,1,The government announced a plan for protecting villagers from tigers,0,,,2026-07-06,2026-07-06,2026-07-06T21:59:09.647Z,18:59:09,2026-07-06 18:59:09,,,,,,,spotlight-prolific
QGFAEPFN,697a707b5bc42b2987347880,2,int,18,4,18,19,39, including ,30352,4525431,241,206,185.25694274902344,234.18055725097656,206.59027671813965,310.93055725097656,4,1,The government announced a plan for protecting villagers from tigers,0,,,2026-07-06,2026-07-06,2026-07-06T21:59:09.647Z,18:59:09,2026-07-06 18:59:09,,,,,,,spotlight-prolific
QGFAEPFN,697a707b5bc42b2987347880,2,int,18,4,18,19,39, including ,30403,4525482,251,209,185.25694274902344,234.18055725097656,206.59027671813965,310.93055725097656,4,1,The government announced a plan for protecting villagers from tigers,0,,,2026-07-06,2026-07-06,2026-07-06T21:59:09.647Z,18:59:09,2026-07-06 18:59:09,,,,,,,spotlight-prolific
QGFAEPFN,697a707b5bc42b2987347880,2,int,18,4,18,19,39, including ,30452,4525532,267,210,185.25694274902344,234.18055725097656,206.59027671813965,310.93055725097656,4,1,The government announced a plan for protecting villagers from tigers,0,,,2026-07-06,2026-07-06,2026-07-06T21:59:09.647Z,18:59:09,2026-07-06 18:59:09,,,,,,,spotlight-prolific
QGFAEPFN,697a707b5bc42b2987347880,2,int,18,4,18,19,39, including ,30503,4525582,268,210,185.25694274902344,234.18055725097656,206.59027671813965,310.93055725097656,4,1,The government announced a plan for protecting villagers from tigers,0,,,2026-07-06,2026-07-06,2026-07-06T21:59:09.647Z,18:59:09,2026-07-06 18:59:09,,,,,,,spotlight-prolific
QGFAEPFN,697a707b5bc42b2987347880,2,int,18,4,18,19,39, including ,30552,4525631,274,208,185.25694274902344,234.18055725097656,206.59027671813965,310.93055725097656,4,1,The government announced a plan for protecting villagers from tigers,0,,,2026-07-06,2026-07-06,2026-07-06T21:59:09.647Z,18:59:09,2026-07-06 18:59:09,,,,,,,spotlight-prolific
QGFAEPFN,697a707b5bc42b2987347880,2,int,18,4,18,19,39, including ,30602,4525681,278,203,185.25694274902344,234.18055725097656,206.59027671813965,310.93055725097656,4,1,The government announced a plan for protecting villagers from tigers,0,,,2026-07-06,2026-07-06,2026-07-06T21:59:09.647Z,18:59:09,2026-07-06 18:59:09,,,,,,,spotlight-prolific
QGFAEPFN,697a707b5bc42b2987347880,2,int,18,4,18,19,39, including ,30653,4525732,281,202,185.25694274902344,234.18055725097656,206.59027671813965,310.93055725097656,4,1,The government announced a plan for protecting villagers from tigers,0,,,2026-07-06,2026-07-06,2026-07-06T21:59:09.647Z,18:59:09,2026-07-06 18:59:09,,,,,,,spotlight-prolific
QGFAEPFN,697a707b5bc42b2987347880,2,int,18,4,18,19,39, including ,30705,4525784,281,202,185.25694274902344,234.18055725097656,206.59027671813965,310.93055725097656,4,1,The government announced a plan for protecting villagers from tigers,0,,,2026-07-06,2026-07-06,2026-07-06T21:59:09.647Z,18:59:09,2026-07-06 18:59:09,,,,,,,spotlight-prolific
QGFAEPFN,697a707b5bc42b2987347880,2,int,18,4,18,19,39, including ,30755,4525834,281,202,185.25694274902344,234.18055725097656,206.59027671813965,310.93055725097656,4,1,The government announced a plan for protecting villagers from tigers,0,,,2026-07-06,2026-07-06,2026-07-06T21:59:09.647Z,18:59:09,2026-07-06 18:59:09,,,,,,,spotlight-prolific
QGFAEPFN,697a707b5bc42b2987347880,2,int,18,4,18,19,39, including ,30803,4525882,282,200,185.25694274902344,234.18055725097656,206.59027671813965,310.93055725097656,4,1,The government announced a plan for protecting villagers from tigers,0,,,2026-07-06,2026-07-06,2026-07-06T21:59:09.647Z,18:59:09,2026-07-06 18:59:09,,,,,,,spotlight-prolific
QGFAEPFN,697a707b5bc42b2987347880,2,int,18,4,18,19,39, including ,30852,4525932,285,199,185.25694274902344,234.18055725097656,206.59027671813965,310.93055725097656,4,1,The government announced a plan for protecting villagers from tigers,0,,,2026-07-06,2026-07-06,2026-07-06T21:59:09.647Z,18:59:09,2026-07-06 18:59:09,,,,,,,spotlight-prolific
QGFAEPFN,697a707b5bc42b2987347880,2,int,18,4,18,19,39, including ,30902,4525981,291,199,185.25694274902344,234.18055725097656,206.59027671813965,310.93055725097656,4,1,The government announced a plan for protecting villagers from tigers,0,,,2026-07-06,2026-07-06,2026-07-06T21:59:09.647Z,18:59:09,2026-07-06 18:59:09,,,,,,,spotlight-prolific
QGFAEPFN,697a707b5bc42b2987347880,2,int,18,4,18,19,39, including ,30952,4526031,304,199,185.25694274902344,234.18055725097656,206.59027671813965,310.93055725097656,4,1,The government announced a plan for protecting villagers from tigers,0,,,2026-07-06,2026-07-06,2026-07-06T21:59:09.647Z,18:59:09,2026-07-06 18:59:09,,,,,,,spotlight-prolific
QGFAEPFN,697a707b5bc42b2987347880,2,int,18,4,18,19,40, a ,31002,4526081,316,199,185.25694274902344,310.9305725097656,206.59027671813965,325.1458501815796,4,2,The government announced a plan for protecting villagers from tigers,0,,,2026-07-06,2026-07-06,2026-07-06T21:59:09.647Z,18:59:09,2026-07-06 18:59:09,,,,,,,spotlight-prolific
QGFAEPFN,697a707b5bc42b2987347880,2,int,18,4,18,19,40, a ,31052,4526131,323,199,185.25694274902344,310.9305725097656,206.59027671813965,325.1458501815796,4,2,The government announced a plan for protecting villagers from tigers,0,,,2026-07-06,2026-07-06,2026-07-06T21:59:09.647Z,18:59:09,2026-07-06 18:59:09,,,,,,,spotlight-prolific
QGFAEPFN,697a707b5bc42b2987347880,2,int,18,4,18,19,41, villager ,31102,4526182,335,200,185.25694274902344,325.1458435058594,206.59027671813965,386.66667556762695,4,3,The government announced a plan for protecting villagers from tigers,0,,,2026-07-06,2026-07-06,2026-07-06T21:59:09.647Z,18:59:09,2026-07-06 18:59:09,,,,,,,spotlight-prolific
QGFAEPFN,697a707b5bc42b2987347880,2,int,18,4,18,19,41, villager ,31152,4526231,348,205,185.25694274902344,325.1458435058594,206.59027671813965,386.66667556762695,4,3,The government announced a plan for protecting villagers from tigers,0,,,2026-07-06,2026-07-06,2026-07-06T21:59:09.647Z,18:59:09,2026-07-06 18:59:09,,,,,,,spotlight-prolific
QGFAEPFN,697a707b5bc42b2987347880,2,int,18,4,18,19,41, villager ,31202,4526281,356,207,185.25694274902344,325.1458435058594,206.59027671813965,386.66667556762695,4,3,The government announced a plan for protecting villagers from tigers,0,,,2026-07-06,2026-07-06,2026-07-06T21:59:09.647Z,18:59:09,2026-07-06 18:59:09,,,,,,,spotlight-prolific
QGFAEPFN,697a707b5bc42b2987347880,2,int,18,4,18,19,41, villager ,31252,4526331,369,209,185.25694274902344,325.1458435058594,206.59027671813965,386.66667556762695,4,3,The government announced a plan for protecting villagers from tigers,0,,,2026-07-06,2026-07-06,2026-07-06T21:59:09.647Z,18:59:09,2026-07-06 18:59:09,,,,,,,spotlight-prolific
QGFAEPFN,697a707b5bc42b2987347880,2,int,18,4,18,19,42, who ,31303,4526382,389,210,185.25694274902344,386.6666564941406,206.59027671813965,424.7916564941406,4,4,The government announced a plan for protecting villagers from tigers,0,,,2026-07-06,2026-07-06,2026-07-06T21:59:09.647Z,18:59:09,2026-07-06 18:59:09,,,,,,,spotlight-prolific
QGFAEPFN,697a707b5bc42b2987347880,2,int,18,4,18,19,42, who ,31352,4526431,407,212,185.25694274902344,386.6666564941406,206.59027671813965,424.7916564941406,4,4,The government announced a plan for protecting villagers from tigers,0,,,2026-07-06,2026-07-06,2026-07-06T21:59:09.647Z,18:59:09,2026-07-06 18:59:09,,,,,,,spotlight-prolific
QGFAEPFN,697a707b5bc42b2987347880,2,int,18,4,18,19,42, who ,31402,4526481,419,212,185.25694274902344,386.6666564941406,206.59027671813965,424.7916564941406,4,4,The government announced a plan for protecting villagers from tigers,0,,,2026-07-06,2026-07-06,2026-07-06T21:59:09.647Z,18:59:09,2026-07-06 18:59:09,,,,,,,spotlight-prolific
QGFAEPFN,697a707b5bc42b2987347880,2,int,18,4,18,19,43, was ,31452,4526532,429,212,185.25694274902344,424.7916564941406,206.59027671813965,461.7986030578613,4,5,The government announced a plan for protecting villagers from tigers,0,,,2026-07-06,2026-07-06,2026-07-06T21:59:09.647Z,18:59:09,2026-07-06 18:59:09,,,,,,,spotlight-prolific
QGFAEPFN,697a707b5bc42b2987347880,2,int,18,4,18,19,43, was ,31502,4526582,442,213,185.25694274902344,424.7916564941406,206.59027671813965,461.7986030578613,4,5,The government announced a plan for protecting villagers from tigers,0,,,2026-07-06,2026-07-06,2026-07-06T21:59:09.647Z,18:59:09,2026-07-06 18:59:09,,,,,,,spotlight-prolific
QGFAEPFN,697a707b5bc42b2987347880,2,int,18,4,18,19,43, was ,31553,4526632,455,213,185.25694274902344,424.7916564941406,206.59027671813965,461.7986030578613,4,5,The government announced a plan for protecting villagers from tigers,0,,,2026-07-06,2026-07-06,2026-07-06T21:59:09.647Z,18:59:09,2026-07-06 18:59:09,,,,,,,spotlight-prolific
QGFAEPFN,697a707b5bc42b2987347880,2,int,18,4,18,19,44, pulled ,31602,4526682,468,213,185.25694274902344,461.7986145019531,206.59027671813965,514.4861145019531,4,6,The government announced a plan for protecting villagers from tigers,0,,,2026-07-06,2026-07-06,2026-07-06T21:59:09.647Z,18:59:09,2026-07-06 18:59:09,,,,,,,spotlight-prolific
QGFAEPFN,697a707b5bc42b2987347880,2,int,18,4,18,19,44, pulled ,31653,4526732,471,213,185.25694274902344,461.7986145019531,206.59027671813965,514.4861145019531,4,6,The government announced a plan for protecting villagers from tigers,0,,,2026-07-06,2026-07-06,2026-07-06T21:59:09.647Z,18:59:09,2026-07-06 18:59:09,,,,,,,spotlight-prolific
QGFAEPFN,697a707b5bc42b2987347880,2,int,18,4,18,19,44, pulled ,31707,4526786,473,213,185.25694274902344,461.7986145019531,206.59027671813965,514.4861145019531,4,6,The government announced a plan for protecting villagers from tigers,0,,,2026-07-06,2026-07-06,2026-07-06T21:59:09.647Z,18:59:09,2026-07-06 18:59:09,,,,,,,spotlight-prolific
QGFAEPFN,697a707b5bc42b2987347880,2,int,18,4,18,19,44, pulled ,31752,4526832,479,213,185.25694274902344,461.7986145019531,206.59027671813965,514.4861145019531,4,6,The government announced a plan for protecting villagers from tigers,0,,,2026-07-06,2026-07-06,2026-07-06T21:59:09.647Z,18:59:09,2026-07-06 18:59:09,,,,,,,spotlight-prolific
QGFAEPFN,697a707b5bc42b2987347880,2,int,18,4,18,19,44, pulled ,31802,4526882,484,213,185.25694274902344,461.7986145019531,206.59027671813965,514.4861145019531,4,6,The government announced a plan for protecting villagers from tigers,0,,,2026-07-06,2026-07-06,2026-07-06T21:59:09.647Z,18:59:09,2026-07-06 18:59:09,,,,,,,spotlight-prolific
QGFAEPFN,697a707b5bc42b2987347880,2,int,18,4,18,19,44, pulled ,31852,4526931,496,213,185.25694274902344,461.7986145019531,206.59027671813965,514.4861145019531,4,6,The government announced a plan for protecting villagers from tigers,0,,,2026-07-06,2026-07-06,2026-07-06T21:59:09.647Z,18:59:09,2026-07-06 18:59:09,,,,,,,spotlight-prolific
QGFAEPFN,697a707b5bc42b2987347880,2,int,18,4,18,19,44, pulled ,31902,4526981,504,213,185.25694274902344,461.7986145019531,206.59027671813965,514.4861145019531,4,6,The government announced a plan for protecting villagers from tigers,0,,,2026-07-06,2026-07-06,2026-07-06T21:59:09.647Z,18:59:09,2026-07-06 18:59:09,,,,,,,spotlight-prolific
QGFAEPFN,697a707b5bc42b2987347880,2,int,18,4,18,19,44, pulled ,31952,4527031,511,213,185.25694274902344,461.7986145019531,206.59027671813965,514.4861145019531,4,6,The government announced a plan for protecting villagers from tigers,0,,,2026-07-06,2026-07-06,2026-07-06T21:59:09.647Z,18:59:09,2026-07-06 18:59:09,,,,,,,spotlight-prolific
QGFAEPFN,697a707b5bc42b2987347880,2,int,18,4,18,19,45, from ,32002,4527081,520,213,185.25694274902344,514.4861450195312,206.59027671813965,557.0972557067871,4,7,The government announced a plan for protecting villagers from tigers,0,,,2026-07-06,2026-07-06,2026-07-06T21:59:09.647Z,18:59:09,2026-07-06 18:59:09,,,,,,,spotlight-prolific
QGFAEPFN,697a707b5bc42b2987347880,2,int,18,4,18,19,45, from ,32055,4527134,529,213,185.25694274902344,514.4861450195312,206.59027671813965,557.0972557067871,4,7,The government announced a plan for protecting villagers from tigers,0,,,2026-07-06,2026-07-06,2026-07-06T21:59:09.647Z,18:59:09,2026-07-06 18:59:09,,,,,,,spotlight-prolific
QGFAEPFN,697a707b5bc42b2987347880,2,int,18,4,18,19,45, from ,32102,4527182,534,213,185.25694274902344,514.4861450195312,206.59027671813965,557.0972557067871,4,7,The government announced a plan for protecting villagers from tigers,0,,,2026-07-06,2026-07-06,2026-07-06T21:59:09.647Z,18:59:09,2026-07-06 18:59:09,,,,,,,spotlight-prolific
QGFAEPFN,697a707b5bc42b2987347880,2,int,18,4,18,19,45, from ,32152,4527231,542,213,185.25694274902344,514.4861450195312,206.59027671813965,557.0972557067871,4,7,The government announced a plan for protecting villagers from tigers,0,,,2026-07-06,2026-07-06,2026-07-06T21:59:09.647Z,18:59:09,2026-07-06 18:59:09,,,,,,,spotlight-prolific
QGFAEPFN,697a707b5bc42b2987347880,2,int,18,4,18,19,45, from ,32202,4527281,553,213,185.25694274902344,514.4861450195312,206.59027671813965,557.0972557067871,4,7,The government announced a plan for protecting villagers from tigers,0,,,2026-07-06,2026-07-06,2026-07-06T21:59:09.647Z,18:59:09,2026-07-06 18:59:09,,,,,,,spotlight-prolific
QGFAEPFN,697a707b5bc42b2987347880,2,int,18,4,18,19,46, his ,32252,4527331,562,213,185.25694274902344,557.0972290039062,206.59027671813965,585.01389503479,4,8,The government announced a plan for protecting villagers from tigers,0,,,2026-07-06,2026-07-06,2026-07-06T21:59:09.647Z,18:59:09,2026-07-06 18:59:09,,,,,,,spotlight-prolific
QGFAEPFN,697a707b5bc42b2987347880,2,int,18,4,18,19,46, his ,32302,4527381,571,213,185.25694274902344,557.0972290039062,206.59027671813965,585.01389503479,4,8,The government announced a plan for protecting villagers from tigers,0,,,2026-07-06,2026-07-06,2026-07-06T21:59:09.647Z,18:59:09,2026-07-06 18:59:09,,,,,,,spotlight-prolific
QGFAEPFN,697a707b5bc42b2987347880,2,int,18,4,18,19,46, his ,32352,4527431,579,213,185.25694274902344,557.0972290039062,206.59027671813965,585.01389503479,4,8,The government announced a plan for protecting villagers from tigers,0,,,2026-07-06,2026-07-06,2026-07-06T21:59:09.647Z,18:59:09,2026-07-06 18:59:09,,,,,,,spotlight-prolific
QGFAEPFN,697a707b5bc42b2987347880,2,int,18,4,18,19,47, bed ,32402,4527482,591,213,185.25694274902344,585.013916015625,206.59027671813965,619.1736373901367,4,9,The government announced a plan for protecting villagers from tigers,0,,,2026-07-06,2026-07-06,2026-07-06T21:59:09.647Z,18:59:09,2026-07-06 18:59:09,,,,,,,spotlight-prolific
QGFAEPFN,697a707b5bc42b2987347880,2,int,18,4,18,19,47, bed ,32452,4527532,599,213,185.25694274902344,585.013916015625,206.59027671813965,619.1736373901367,4,9,The government announced a plan for protecting villagers from tigers,0,,,2026-07-06,2026-07-06,2026-07-06T21:59:09.647Z,18:59:09,2026-07-06 18:59:09,,,,,,,spotlight-prolific
QGFAEPFN,697a707b5bc42b2987347880,2,int,18,4,18,19,47, bed ,32502,4527581,610,212,185.25694274902344,585.013916015625,206.59027671813965,619.1736373901367,4,9,The government announced a plan for protecting villagers from tigers,0,,,2026-07-06,2026-07-06,2026-07-06T21:59:09.647Z,18:59:09,2026-07-06 18:59:09,,,,,,,spotlight-prolific
QGFAEPFN,697a707b5bc42b2987347880,2,int,18,4,18,19,47, bed ,32552,4527631,618,212,185.25694274902344,585.013916015625,206.59027671813965,619.1736373901367,4,9,The government announced a plan for protecting villagers from tigers,0,,,2026-07-06,2026-07-06,2026-07-06T21:59:09.647Z,18:59:09,2026-07-06 18:59:09,,,,,,,spotlight-prolific
QGFAEPFN,697a707b5bc42b2987347880,2,int,18,4,18,19,48, in ,32604,4527683,625,210,185.25694274902344,619.1736450195312,206.59027671813965,637.8611450195312,4,10,The government announced a plan for protecting villagers from tigers,0,,,2026-07-06,2026-07-06,2026-07-06T21:59:09.647Z,18:59:09,2026-07-06 18:59:09,,,,,,,spotlight-prolific
QGFAEPFN,697a707b5bc42b2987347880,2,int,18,4,18,19,48, in ,32652,4527731,630,210,185.25694274902344,619.1736450195312,206.59027671813965,637.8611450195312,4,10,The government announced a plan for protecting villagers from tigers,0,,,2026-07-06,2026-07-06,2026-07-06T21:59:09.647Z,18:59:09,2026-07-06 18:59:09,,,,,,,spotlight-prolific
QGFAEPFN,697a707b5bc42b2987347880,2,int,18,4,18,19,48, in ,32703,4527782,636,209,185.25694274902344,619.1736450195312,206.59027671813965,637.8611450195312,4,10,The government announced a plan for protecting villagers from tigers,0,,,2026-07-06,2026-07-06,2026-07-06T21:59:09.647Z,18:59:09,2026-07-06 18:59:09,,,,,,,spotlight-prolific
QGFAEPFN,697a707b5bc42b2987347880,2,int,18,4,18,19,49, May. ,32753,4527832,648,209,185.25694274902344,637.8611450195312,206.59027671813965,679.5278129577637,4,11,The government announced a plan for protecting villagers from tigers,0,,,2026-07-06,2026-07-06,2026-07-06T21:59:09.647Z,18:59:09,2026-07-06 18:59:09,,,,,,,spotlight-prolific
QGFAEPFN,697a707b5bc42b2987347880,2,int,18,4,18,19,49, May. ,32802,4527882,654,209,185.25694274902344,637.8611450195312,206.59027671813965,679.5278129577637,4,11,The government announced a plan for protecting villagers from tigers,0,,,2026-07-06,2026-07-06,2026-07-06T21:59:09.647Z,18:59:09,2026-07-06 18:59:09,,,,,,,spotlight-prolific
QGFAEPFN,697a707b5bc42b2987347880,2,int,18,4,18,19,49, May. ,32852,4527932,661,209,185.25694274902344,637.8611450195312,206.59027671813965,679.5278129577637,4,11,The government announced a plan for protecting villagers from tigers,0,,,2026-07-06,2026-07-06,2026-07-06T21:59:09.647Z,18:59:09,2026-07-06 18:59:09,,,,,,,spotlight-prolific
QGFAEPFN,697a707b5bc42b2987347880,2,int,18,4,18,19,49, May. ,32902,4527981,666,209,185.25694274902344,637.8611450195312,206.59027671813965,679.5278129577637,4,11,The government announced a plan for protecting villagers from tigers,0,,,2026-07-06,2026-07-06,2026-07-06T21:59:09.647Z,18:59:09,2026-07-06 18:59:09,,,,,,,spotlight-prolific
QGFAEPFN,697a707b5bc42b2987347880,2,int,18,4,18,19,49, May. ,32952,4528031,668,209,185.25694274902344,637.8611450195312,206.59027671813965,679.5278129577637,4,11,The government announced a plan for protecting villagers from tigers,0,,,2026-07-06,2026-07-06,2026-07-06T21:59:09.647Z,18:59:09,2026-07-06 18:59:09,,,,,,,spotlight-prolific
QGFAEPFN,697a707b5bc42b2987347880,2,int,18,4,18,19,49, May. ,33003,4528082,674,209,185.25694274902344,637.8611450195312,206.59027671813965,679.5278129577637,4,11,The government announced a plan for protecting villagers from tigers,0,,,2026-07-06,2026-07-06,2026-07-06T21:59:09.647Z,18:59:09,2026-07-06 18:59:09,,,,,,,spotlight-prolific
QGFAEPFN,697a707b5bc42b2987347880,2,int,18,4,18,19,49, May. ,33052,4528132,679,209,185.25694274902344,637.8611450195312,206.59027671813965,679.5278129577637,4,11,The government announced a plan for protecting villagers from tigers,0,,,2026-07-06,2026-07-06,2026-07-06T21:59:09.647Z,18:59:09,2026-07-06 18:59:09,,,,,,,spotlight-prolific
QGFAEPFN,697a707b5bc42b2987347880,2,int,18,4,18,19,50, Thousands ,33107,4528186,683,209,185.25694274902344,679.5277709960938,206.59027671813965,773.0972137451172,4,12,The government announced a plan for protecting villagers from tigers,0,,,2026-07-06,2026-07-06,2026-07-06T21:59:09.647Z,18:59:09,2026-07-06 18:59:09,,,,,,,spotlight-prolific
QGFAEPFN,697a707b5bc42b2987347880,2,int,18,4,18,19,50, Thousands ,33154,4528234,684,209,185.25694274902344,679.5277709960938,206.59027671813965,773.0972137451172,4,12,The government announced a plan for protecting villagers from tigers,0,,,2026-07-06,2026-07-06,2026-07-06T21:59:09.647Z,18:59:09,2026-07-06 18:59:09,,,,,,,spotlight-prolific
QGFAEPFN,697a707b5bc42b2987347880,2,int,18,4,18,19,50, Thousands ,33202,4528282,686,209,185.25694274902344,679.5277709960938,206.59027671813965,773.0972137451172,4,12,The government announced a plan for protecting villagers from tigers,0,,,2026-07-06,2026-07-06,2026-07-06T21:59:09.647Z,18:59:09,2026-07-06 18:59:09,,,,,,,spotlight-prolific
QGFAEPFN,697a707b5bc42b2987347880,2,int,18,4,18,19,50, Thousands ,33254,4528334,686,209,185.25694274902344,679.5277709960938,206.59027671813965,773.0972137451172,4,12,The government announced a plan for protecting villagers from tigers,0,,,2026-07-06,2026-07-06,2026-07-06T21:59:09.647Z,18:59:09,2026-07-06 18:59:09,,,,,,,spotlight-prolific
QGFAEPFN,697a707b5bc42b2987347880,2,int,18,4,18,19,50, Thousands ,33304,4528384,686,209,185.25694274902344,679.5277709960938,206.59027671813965,773.0972137451172,4,12,The government announced a plan for protecting villagers from tigers,0,,,2026-07-06,2026-07-06,2026-07-06T21:59:09.647Z,18:59:09,2026-07-06 18:59:09,,,,,,,spotlight-prolific
QGFAEPFN,697a707b5bc42b2987347880,2,int,18,4,18,19,50, Thousands ,33357,4528436,686,209,185.25694274902344,679.5277709960938,206.59027671813965,773.0972137451172,4,12,The government announced a plan for protecting villagers from tigers,0,,,2026-07-06,2026-07-06,2026-07-06T21:59:09.647Z,18:59:09,2026-07-06 18:59:09,,,,,,,spotlight-prolific
QGFAEPFN,697a707b5bc42b2987347880,2,int,18,4,18,19,50, Thousands ,33402,4528481,695,209,185.25694274902344,679.5277709960938,206.59027671813965,773.0972137451172,4,12,The government announced a plan for protecting villagers from tigers,0,,,2026-07-06,2026-07-06,2026-07-06T21:59:09.647Z,18:59:09,2026-07-06 18:59:09,,,,,,,spotlight-prolific
QGFAEPFN,697a707b5bc42b2987347880,2,int,18,4,18,19,50, Thousands ,33452,4528531,703,209,185.25694274902344,679.5277709960938,206.59027671813965,773.0972137451172,4,12,The government announced a plan for protecting villagers from tigers,0,,,2026-07-06,2026-07-06,2026-07-06T21:59:09.647Z,18:59:09,2026-07-06 18:59:09,,,,,,,spotlight-prolific
QGFAEPFN,697a707b5bc42b2987347880,2,int,18,4,18,19,50, Thousands ,33502,4528582,708,209,185.25694274902344,679.5277709960938,206.59027671813965,773.0972137451172,4,12,The government announced a plan for protecting villagers from tigers,0,,,2026-07-06,2026-07-06,2026-07-06T21:59:09.647Z,18:59:09,2026-07-06 18:59:09,,,,,,,spotlight-prolific
QGFAEPFN,697a707b5bc42b2987347880,2,int,18,4,18,19,50, Thousands ,33552,4528632,716,209,185.25694274902344,679.5277709960938,206.59027671813965,773.0972137451172,4,12,The government announced a plan for protecting villagers from tigers,0,,,2026-07-06,2026-07-06,2026-07-06T21:59:09.647Z,18:59:09,2026-07-06 18:59:09,,,,,,,spotlight-prolific
QGFAEPFN,697a707b5bc42b2987347880,2,int,18,4,18,19,50, Thousands ,33602,4528682,722,207,185.25694274902344,679.5277709960938,206.59027671813965,773.0972137451172,4,12,The government announced a plan for protecting villagers from tigers,0,,,2026-07-06,2026-07-06,2026-07-06T21:59:09.647Z,18:59:09,2026-07-06 18:59:09,,,,,,,spotlight-prolific
QGFAEPFN,697a707b5bc42b2987347880,2,int,18,4,18,19,50, Thousands ,33652,4528731,736,206,185.25694274902344,679.5277709960938,206.59027671813965,773.0972137451172,4,12,The government announced a plan for protecting villagers from tigers,0,,,2026-07-06,2026-07-06,2026-07-06T21:59:09.647Z,18:59:09,2026-07-06 18:59:09,,,,,,,spotlight-prolific
QGFAEPFN,697a707b5bc42b2987347880,2,int,18,4,18,19,50, Thousands ,33702,4528781,743,206,185.25694274902344,679.5277709960938,206.59027671813965,773.0972137451172,4,12,The government announced a plan for protecting villagers from tigers,0,,,2026-07-06,2026-07-06,2026-07-06T21:59:09.647Z,18:59:09,2026-07-06 18:59:09,,,,,,,spotlight-prolific
QGFAEPFN,697a707b5bc42b2987347880,2,int,18,4,18,19,50, Thousands ,33752,4528831,750,206,185.25694274902344,679.5277709960938,206.59027671813965,773.0972137451172,4,12,The government announced a plan for protecting villagers from tigers,0,,,2026-07-06,2026-07-06,2026-07-06T21:59:09.647Z,18:59:09,2026-07-06 18:59:09,,,,,,,spotlight-prolific
QGFAEPFN,697a707b5bc42b2987347880,2,int,18,4,18,19,50, Thousands ,33802,4528882,752,204,185.25694274902344,679.5277709960938,206.59027671813965,773.0972137451172,4,12,The government announced a plan for protecting villagers from tigers,0,,,2026-07-06,2026-07-06,2026-07-06T21:59:09.647Z,18:59:09,2026-07-06 18:59:09,,,,,,,spotlight-prolific
QGFAEPFN,697a707b5bc42b2987347880,2,int,18,4,18,19,50, Thousands ,33853,4528932,758,204,185.25694274902344,679.5277709960938,206.59027671813965,773.0972137451172,4,12,The government announced a plan for protecting villagers from tigers,0,,,2026-07-06,2026-07-06,2026-07-06T21:59:09.647Z,18:59:09,2026-07-06 18:59:09,,,,,,,spotlight-prolific
QGFAEPFN,697a707b5bc42b2987347880,2,int,18,4,18,19,50, Thousands ,33902,4528982,767,203,185.25694274902344,679.5277709960938,206.59027671813965,773.0972137451172,4,12,The government announced a plan for protecting villagers from tigers,0,,,2026-07-06,2026-07-06,2026-07-06T21:59:09.647Z,18:59:09,2026-07-06 18:59:09,,,,,,,spotlight-prolific
QGFAEPFN,697a707b5bc42b2987347880,2,int,18,4,18,19,50, Thousands ,33952,4529031,772,201,185.25694274902344,679.5277709960938,206.59027671813965,773.0972137451172,4,12,The government announced a plan for protecting villagers from tigers,0,,,2026-07-06,2026-07-06,2026-07-06T21:59:09.647Z,18:59:09,2026-07-06 18:59:09,,,,,,,spotlight-prolific
QGFAEPFN,697a707b5bc42b2987347880,2,int,18,4,18,19,51, of ,34002,4529081,781,200,185.25694274902344,773.0972290039062,206.59027671813965,793.9722290039062,4,13,The government announced a plan for protecting villagers from tigers,0,,,2026-07-06,2026-07-06,2026-07-06T21:59:09.647Z,18:59:09,2026-07-06 18:59:09,,,,,,,spotlight-prolific
QGFAEPFN,697a707b5bc42b2987347880,2,int,18,4,18,19,52, tigers ,34052,4529131,794,199,185.25694274902344,793.9722290039062,206.59027671813965,843.5277862548828,4,14,The government announced a plan for protecting villagers from tigers,0,,,2026-07-06,2026-07-06,2026-07-06T21:59:09.647Z,18:59:09,2026-07-06 18:59:09,,,,,,,spotlight-prolific
QGFAEPFN,697a707b5bc42b2987347880,2,int,18,4,18,19,52, tigers ,34102,4529182,802,199,185.25694274902344,793.9722290039062,206.59027671813965,843.5277862548828,4,14,The government announced a plan for protecting villagers from tigers,0,,,2026-07-06,2026-07-06,2026-07-06T21:59:09.647Z,18:59:09,2026-07-06 18:59:09,,,,,,,spotlight-prolific
QGFAEPFN,697a707b5bc42b2987347880,2,int,18,4,18,19,52, tigers ,34152,4529232,813,199,185.25694274902344,793.9722290039062,206.59027671813965,843.5277862548828,4,14,The government announced a plan for protecting villagers from tigers,0,,,2026-07-06,2026-07-06,2026-07-06T21:59:09.647Z,18:59:09,2026-07-06 18:59:09,,,,,,,spotlight-prolific
QGFAEPFN,697a707b5bc42b2987347880,2,int,18,4,18,19,52, tigers ,34202,4529281,823,199,185.25694274902344,793.9722290039062,206.59027671813965,843.5277862548828,4,14,The government announced a plan for protecting villagers from tigers,0,,,2026-07-06,2026-07-06,2026-07-06T21:59:09.647Z,18:59:09,2026-07-06 18:59:09,,,,,,,spotlight-prolific
QGFAEPFN,697a707b5bc42b2987347880,2,int,18,4,18,19,52, tigers ,34252,4529331,833,199,185.25694274902344,793.9722290039062,206.59027671813965,843.5277862548828,4,14,The government announced a plan for protecting villagers from tigers,0,,,2026-07-06,2026-07-06,2026-07-06T21:59:09.647Z,18:59:09,2026-07-06 18:59:09,,,,,,,spotlight-prolific
QGFAEPFN,697a707b5bc42b2987347880,2,int,18,4,18,19,53, once ,34302,4529381,844,199,185.25694274902344,843.5277709960938,206.59027671813965,882.5902709960938,4,15,The government announced a plan for protecting villagers from tigers,0,,,2026-07-06,2026-07-06,2026-07-06T21:59:09.647Z,18:59:09,2026-07-06 18:59:09,,,,,,,spotlight-prolific
QGFAEPFN,697a707b5bc42b2987347880,2,int,18,4,18,19,53, once ,34355,4529434,852,199,185.25694274902344,843.5277709960938,206.59027671813965,882.5902709960938,4,15,The government announced a plan for protecting villagers from tigers,0,,,2026-07-06,2026-07-06,2026-07-06T21:59:09.647Z,18:59:09,2026-07-06 18:59:09,,,,,,,spotlight-prolific
QGFAEPFN,697a707b5bc42b2987347880,2,int,18,4,18,19,53, once ,34403,4529482,858,198,185.25694274902344,843.5277709960938,206.59027671813965,882.5902709960938,4,15,The government announced a plan for protecting villagers from tigers,0,,,2026-07-06,2026-07-06,2026-07-06T21:59:09.647Z,18:59:09,2026-07-06 18:59:09,,,,,,,spotlight-prolific
QGFAEPFN,697a707b5bc42b2987347880,2,int,18,4,18,19,53, once ,34453,4529532,859,198,185.25694274902344,843.5277709960938,206.59027671813965,882.5902709960938,4,15,The government announced a plan for protecting villagers from tigers,0,,,2026-07-06,2026-07-06,2026-07-06T21:59:09.647Z,18:59:09,2026-07-06 18:59:09,,,,,,,spotlight-prolific
QGFAEPFN,697a707b5bc42b2987347880,2,int,18,4,18,19,53, once ,34504,4529584,859,198,185.25694274902344,843.5277709960938,206.59027671813965,882.5902709960938,4,15,The government announced a plan for protecting villagers from tigers,0,,,2026-07-06,2026-07-06,2026-07-06T21:59:09.647Z,18:59:09,2026-07-06 18:59:09,,,,,,,spotlight-prolific
QGFAEPFN,697a707b5bc42b2987347880,2,int,18,4,18,19,53, once ,34556,4529635,859,198,185.25694274902344,843.5277709960938,206.59027671813965,882.5902709960938,4,15,The government announced a plan for protecting villagers from tigers,0,,,2026-07-06,2026-07-06,2026-07-06T21:59:09.647Z,18:59:09,2026-07-06 18:59:09,,,,,,,spotlight-prolific
QGFAEPFN,697a707b5bc42b2987347880,2,int,18,4,18,19,53, once ,34607,4529686,859,198,185.25694274902344,843.5277709960938,206.59027671813965,882.5902709960938,4,15,The government announced a plan for protecting villagers from tigers,0,,,2026-07-06,2026-07-06,2026-07-06T21:59:09.647Z,18:59:09,2026-07-06 18:59:09,,,,,,,spotlight-prolific
QGFAEPFN,697a707b5bc42b2987347880,2,int,18,4,18,19,53, once ,34653,4529732,857,200,185.25694274902344,843.5277709960938,206.59027671813965,882.5902709960938,4,15,The government announced a plan for protecting villagers from tigers,0,,,2026-07-06,2026-07-06,2026-07-06T21:59:09.647Z,18:59:09,2026-07-06 18:59:09,,,,,,,spotlight-prolific
QGFAEPFN,697a707b5bc42b2987347880,2,int,18,4,18,19,52, tigers ,34702,4529781,826,202,185.25694274902344,793.9722290039062,206.59027671813965,843.5277862548828,4,14,The government announced a plan for protecting villagers from tigers,0,,,2026-07-06,2026-07-06,2026-07-06T21:59:09.647Z,18:59:09,2026-07-06 18:59:09,,,,,,,spotlight-prolific
QGFAEPFN,697a707b5bc42b2987347880,2,int,18,4,18,19,51, of ,34752,4529831,780,211,185.25694274902344,773.0972290039062,206.59027671813965,793.9722290039062,4,13,The government announced a plan for protecting villagers from tigers,0,,,2026-07-06,2026-07-06,2026-07-06T21:59:09.647Z,18:59:09,2026-07-06 18:59:09,,,,,,,spotlight-prolific
QGFAEPFN,697a707b5bc42b2987347880,2,int,18,4,18,19,50, Thousands ,34802,4529881,687,215,185.25694274902344,679.5277709960938,206.59027671813965,773.0972137451172,4,12,The government announced a plan for protecting villagers from tigers,0,,,2026-07-06,2026-07-06,2026-07-06T21:59:09.647Z,18:59:09,2026-07-06 18:59:09,,,,,,,spotlight-prolific
QGFAEPFN,697a707b5bc42b2987347880,2,int,18,4,18,19,47, bed ,34852,4529932,609,215,185.25694274902344,585.013916015625,206.59027671813965,619.1736373901367,4,9,The government announced a plan for protecting villagers from tigers,0,,,2026-07-06,2026-07-06,2026-07-06T21:59:09.647Z,18:59:09,2026-07-06 18:59:09,,,,,,,spotlight-prolific
QGFAEPFN,697a707b5bc42b2987347880,2,int,18,4,18,19,44, pulled ,34904,4529983,510,215,185.25694274902344,461.7986145019531,206.59027671813965,514.4861145019531,4,6,The government announced a plan for protecting villagers from tigers,0,,,2026-07-06,2026-07-06,2026-07-06T21:59:09.647Z,18:59:09,2026-07-06 18:59:09,,,,,,,spotlight-prolific
QGFAEPFN,697a707b5bc42b2987347880,2,int,18,4,18,19,58," Bangladesh, ",34952,4530031,458,216,225.25694274902344,409.0833435058594,246.59027671813965,510.87500762939453,5,5,The government announced a plan for protecting villagers from tigers,0,,,2026-07-06,2026-07-06,2026-07-06T21:59:09.647Z,18:59:09,2026-07-06 18:59:09,,,,,,,spotlight-prolific
QGFAEPFN,697a707b5bc42b2987347880,2,int,18,4,18,19,58," Bangladesh, ",35002,4530081,418,216,225.25694274902344,409.0833435058594,246.59027671813965,510.87500762939453,5,5,The government announced a plan for protecting villagers from tigers,0,,,2026-07-06,2026-07-06,2026-07-06T21:59:09.647Z,18:59:09,2026-07-06 18:59:09,,,,,,,spotlight-prolific
QGFAEPFN,697a707b5bc42b2987347880,2,int,18,4,18,19,57, in ,35052,4530131,393,216,225.25694274902344,390.3958435058594,246.59027671813965,409.0833435058594,5,4,The government announced a plan for protecting villagers from tigers,0,,,2026-07-06,2026-07-06,2026-07-06T21:59:09.647Z,18:59:09,2026-07-06 18:59:09,,,,,,,spotlight-prolific
QGFAEPFN,697a707b5bc42b2987347880,2,int,18,4,18,19,56, forests ,35102,4530181,367,216,225.25694274902344,329.71527099609375,246.59027671813965,390.3958282470703,5,3,The government announced a plan for protecting villagers from tigers,0,,,2026-07-06,2026-07-06,2026-07-06T21:59:09.647Z,18:59:09,2026-07-06 18:59:09,,,,,,,spotlight-prolific
QGFAEPFN,697a707b5bc42b2987347880,2,int,18,4,18,19,56, forests ,35152,4530231,347,217,225.25694274902344,329.71527099609375,246.59027671813965,390.3958282470703,5,3,The government announced a plan for protecting villagers from tigers,0,,,2026-07-06,2026-07-06,2026-07-06T21:59:09.647Z,18:59:09,2026-07-06 18:59:09,,,,,,,spotlight-prolific
QGFAEPFN,697a707b5bc42b2987347880,2,int,18,4,18,19,56, forests ,35202,4530281,333,220,225.25694274902344,329.71527099609375,246.59027671813965,390.3958282470703,5,3,The government announced a plan for protecting villagers from tigers,0,,,2026-07-06,2026-07-06,2026-07-06T21:59:09.647Z,18:59:09,2026-07-06 18:59:09,,,,,,,spotlight-prolific
QGFAEPFN,697a707b5bc42b2987347880,2,int,18,4,18,19,55, the ,35252,4530332,321,223,225.25694274902344,299.9861145019531,246.59027671813965,329.7152805328369,5,2,The government announced a plan for protecting villagers from tigers,0,,,2026-07-06,2026-07-06,2026-07-06T21:59:09.647Z,18:59:09,2026-07-06 18:59:09,,,,,,,spotlight-prolific
QGFAEPFN,697a707b5bc42b2987347880,2,int,18,4,18,19,54, roamed ,35303,4530382,299,227,225.25694274902344,234.18055725097656,246.59027671813965,299.9861145019531,5,1,The government announced a plan for protecting villagers from tigers,0,,,2026-07-06,2026-07-06,2026-07-06T21:59:09.647Z,18:59:09,2026-07-06 18:59:09,,,,,,,spotlight-prolific
QGFAEPFN,697a707b5bc42b2987347880,2,int,18,4,18,19,54, roamed ,35352,4530431,274,229,225.25694274902344,234.18055725097656,246.59027671813965,299.9861145019531,5,1,The government announced a plan for protecting villagers from tigers,0,,,2026-07-06,2026-07-06,2026-07-06T21:59:09.647Z,18:59:09,2026-07-06 18:59:09,,,,,,,spotlight-prolific
QGFAEPFN,697a707b5bc42b2987347880,2,int,18,4,18,19,54, roamed ,35402,4530482,268,232,225.25694274902344,234.18055725097656,246.59027671813965,299.9861145019531,5,1,The government announced a plan for protecting villagers from tigers,0,,,2026-07-06,2026-07-06,2026-07-06T21:59:09.647Z,18:59:09,2026-07-06 18:59:09,,,,,,,spotlight-prolific
QGFAEPFN,697a707b5bc42b2987347880,2,int,18,4,18,19,54, roamed ,35454,4530533,268,232,225.25694274902344,234.18055725097656,246.59027671813965,299.9861145019531,5,1,The government announced a plan for protecting villagers from tigers,0,,,2026-07-06,2026-07-06,2026-07-06T21:59:09.647Z,18:59:09,2026-07-06 18:59:09,,,,,,,spotlight-prolific
QGFAEPFN,697a707b5bc42b2987347880,2,int,18,4,18,19,54, roamed ,35504,4530583,268,232,225.25694274902344,234.18055725097656,246.59027671813965,299.9861145019531,5,1,The government announced a plan for protecting villagers from tigers,0,,,2026-07-06,2026-07-06,2026-07-06T21:59:09.647Z,18:59:09,2026-07-06 18:59:09,,,,,,,spotlight-prolific
QGFAEPFN,697a707b5bc42b2987347880,2,int,18,4,18,19,54, roamed ,35555,4530634,268,232,225.25694274902344,234.18055725097656,246.59027671813965,299.9861145019531,5,1,The government announced a plan for protecting villagers from tigers,0,,,2026-07-06,2026-07-06,2026-07-06T21:59:09.647Z,18:59:09,2026-07-06 18:59:09,,,,,,,spotlight-prolific
QGFAEPFN,697a707b5bc42b2987347880,2,int,18,4,18,19,54, roamed ,35611,4530690,261,232,225.25694274902344,234.18055725097656,246.59027671813965,299.9861145019531,5,1,The government announced a plan for protecting villagers from tigers,0,,,2026-07-06,2026-07-06,2026-07-06T21:59:09.647Z,18:59:09,2026-07-06 18:59:09,,,,,,,spotlight-prolific
QGFAEPFN,697a707b5bc42b2987347880,2,int,18,4,18,19,54, roamed ,35652,4530731,256,232,225.25694274902344,234.18055725097656,246.59027671813965,299.9861145019531,5,1,The government announced a plan for protecting villagers from tigers,0,,,2026-07-06,2026-07-06,2026-07-06T21:59:09.647Z,18:59:09,2026-07-06 18:59:09,,,,,,,spotlight-prolific
QGFAEPFN,697a707b5bc42b2987347880,2,int,18,4,18,19,54, roamed ,35702,4530782,243,232,225.25694274902344,234.18055725097656,246.59027671813965,299.9861145019531,5,1,The government announced a plan for protecting villagers from tigers,0,,,2026-07-06,2026-07-06,2026-07-06T21:59:09.647Z,18:59:09,2026-07-06 18:59:09,,,,,,,spotlight-prolific
QGFAEPFN,697a707b5bc42b2987347880,2,int,18,4,18,19,54, roamed ,35752,4530831,234,232,225.25694274902344,234.18055725097656,246.59027671813965,299.9861145019531,5,1,The government announced a plan for protecting villagers from tigers,0,,,2026-07-06,2026-07-06,2026-07-06T21:59:09.647Z,18:59:09,2026-07-06 18:59:09,,,,,,,spotlight-prolific
QGFAEPFN,697a707b5bc42b2987347880,2,int,18,4,18,19,-1,999,35801,4530881,227,234,,,,,,,The government announced a plan for protecting villagers from tigers,0,,,2026-07-06,2026-07-06,2026-07-06T21:59:09.647Z,18:59:09,2026-07-06 18:59:09,,,,,,,spotlight-prolific
QGFAEPFN,697a707b5bc42b2987347880,2,int,18,4,18,19,-1,999,35857,4530936,224,234,,,,,,,The government announced a plan for protecting villagers from tigers,0,,,2026-07-06,2026-07-06,2026-07-06T21:59:09.647Z,18:59:09,2026-07-06 18:59:09,,,,,,,spotlight-prolific
QGFAEPFN,697a707b5bc42b2987347880,2,int,18,4,18,19,-1,999,35901,4530981,221,235,,,,,,,The government announced a plan for protecting villagers from tigers,0,,,2026-07-06,2026-07-06,2026-07-06T21:59:09.647Z,18:59:09,2026-07-06 18:59:09,,,,,,,spotlight-prolific
QGFAEPFN,697a707b5bc42b2987347880,2,int,18,4,18,19,-1,999,35952,4531031,216,237,,,,,,,The government announced a plan for protecting villagers from tigers,0,,,2026-07-06,2026-07-06,2026-07-06T21:59:09.647Z,18:59:09,2026-07-06 18:59:09,,,,,,,spotlight-prolific
QGFAEPFN,697a707b5bc42b2987347880,2,int,18,4,18,19,-1,999,36001,4531081,214,237,,,,,,,The government announced a plan for protecting villagers from tigers,0,,,2026-07-06,2026-07-06,2026-07-06T21:59:09.647Z,18:59:09,2026-07-06 18:59:09,,,,,,,spotlight-prolific
QGFAEPFN,697a707b5bc42b2987347880,2,int,18,4,18,19,-1,999,36052,4531131,214,237,,,,,,,The government announced a plan for protecting villagers from tigers,0,,,2026-07-06,2026-07-06,2026-07-06T21:59:09.647Z,18:59:09,2026-07-06 18:59:09,,,,,,,spotlight-prolific
QGFAEPFN,697a707b5bc42b2987347880,2,int,18,4,18,19,-1,999,36106,4531186,213,241,,,,,,,The government announced a plan for protecting villagers from tigers,0,,,2026-07-06,2026-07-06,2026-07-06T21:59:09.647Z,18:59:09,2026-07-06 18:59:09,,,,,,,spotlight-prolific
QGFAEPFN,697a707b5bc42b2987347880,2,int,18,4,18,19,-1,999,36151,4531231,214,245,,,,,,,The government announced a plan for protecting villagers from tigers,0,,,2026-07-06,2026-07-06,2026-07-06T21:59:09.647Z,18:59:09,2026-07-06 18:59:09,,,,,,,spotlight-prolific
QGFAEPFN,697a707b5bc42b2987347880,2,int,18,4,18,19,-1,999,36203,4531282,217,248,,,,,,,The government announced a plan for protecting villagers from tigers,0,,,2026-07-06,2026-07-06,2026-07-06T21:59:09.647Z,18:59:09,2026-07-06 18:59:09,,,,,,,spotlight-prolific
QGFAEPFN,697a707b5bc42b2987347880,2,int,18,4,18,19,-1,999,36251,4531331,224,253,,,,,,,The government announced a plan for protecting villagers from tigers,0,,,2026-07-06,2026-07-06,2026-07-06T21:59:09.647Z,18:59:09,2026-07-06 18:59:09,,,,,,,spotlight-prolific
QGFAEPFN,697a707b5bc42b2987347880,2,int,18,4,18,19,67, to ,36302,4531382,234,258,265.2569580078125,234.18055725097656,286.5902919769287,254.55555725097656,6,1,The government announced a plan for protecting villagers from tigers,0,,,2026-07-06,2026-07-06,2026-07-06T21:59:09.647Z,18:59:09,2026-07-06 18:59:09,,,,,,,spotlight-prolific
QGFAEPFN,697a707b5bc42b2987347880,2,int,18,4,18,19,67, to ,36352,4531432,240,259,265.2569580078125,234.18055725097656,286.5902919769287,254.55555725097656,6,1,The government announced a plan for protecting villagers from tigers,0,,,2026-07-06,2026-07-06,2026-07-06T21:59:09.647Z,18:59:09,2026-07-06 18:59:09,,,,,,,spotlight-prolific
QGFAEPFN,697a707b5bc42b2987347880,2,int,18,4,18,19,67, to ,36402,4531482,251,259,265.2569580078125,234.18055725097656,286.5902919769287,254.55555725097656,6,1,The government announced a plan for protecting villagers from tigers,0,,,2026-07-06,2026-07-06,2026-07-06T21:59:09.647Z,18:59:09,2026-07-06 18:59:09,,,,,,,spotlight-prolific
QGFAEPFN,697a707b5bc42b2987347880,2,int,18,4,18,19,68, about ,36452,4531531,259,256,265.2569580078125,254.55555725097656,286.5902919769287,304.86805725097656,6,2,The government announced a plan for protecting villagers from tigers,0,,,2026-07-06,2026-07-06,2026-07-06T21:59:09.647Z,18:59:09,2026-07-06 18:59:09,,,,,,,spotlight-prolific
QGFAEPFN,697a707b5bc42b2987347880,2,int,18,4,18,19,68, about ,36502,4531582,269,256,265.2569580078125,254.55555725097656,286.5902919769287,304.86805725097656,6,2,The government announced a plan for protecting villagers from tigers,0,,,2026-07-06,2026-07-06,2026-07-06T21:59:09.647Z,18:59:09,2026-07-06 18:59:09,,,,,,,spotlight-prolific
QGFAEPFN,697a707b5bc42b2987347880,2,int,18,4,18,19,54, roamed ,36552,4531632,283,253,225.25694274902344,234.18055725097656,246.59027671813965,299.9861145019531,5,1,The government announced a plan for protecting villagers from tigers,0,,,2026-07-06,2026-07-06,2026-07-06T21:59:09.647Z,18:59:09,2026-07-06 18:59:09,,,,,,,spotlight-prolific
QGFAEPFN,697a707b5bc42b2987347880,2,int,18,4,18,19,54, roamed ,36603,4531682,286,252,225.25694274902344,234.18055725097656,246.59027671813965,299.9861145019531,5,1,The government announced a plan for protecting villagers from tigers,0,,,2026-07-06,2026-07-06,2026-07-06T21:59:09.647Z,18:59:09,2026-07-06 18:59:09,,,,,,,spotlight-prolific
QGFAEPFN,697a707b5bc42b2987347880,2,int,18,4,18,19,54, roamed ,36653,4531732,287,251,225.25694274902344,234.18055725097656,246.59027671813965,299.9861145019531,5,1,The government announced a plan for protecting villagers from tigers,0,,,2026-07-06,2026-07-06,2026-07-06T21:59:09.647Z,18:59:09,2026-07-06 18:59:09,,,,,,,spotlight-prolific
QGFAEPFN,697a707b5bc42b2987347880,2,int,18,4,18,19,54, roamed ,36702,4531781,294,250,225.25694274902344,234.18055725097656,246.59027671813965,299.9861145019531,5,1,The government announced a plan for protecting villagers from tigers,0,,,2026-07-06,2026-07-06,2026-07-06T21:59:09.647Z,18:59:09,2026-07-06 18:59:09,,,,,,,spotlight-prolific
QGFAEPFN,697a707b5bc42b2987347880,2,int,18,4,18,19,54, roamed ,36759,4531838,294,248,225.25694274902344,234.18055725097656,246.59027671813965,299.9861145019531,5,1,The government announced a plan for protecting villagers from tigers,0,,,2026-07-06,2026-07-06,2026-07-06T21:59:09.647Z,18:59:09,2026-07-06 18:59:09,,,,,,,spotlight-prolific
QGFAEPFN,697a707b5bc42b2987347880,2,int,18,4,18,19,54, roamed ,36802,4531882,296,242,225.25694274902344,234.18055725097656,246.59027671813965,299.9861145019531,5,1,The government announced a plan for protecting villagers from tigers,0,,,2026-07-06,2026-07-06,2026-07-06T21:59:09.647Z,18:59:09,2026-07-06 18:59:09,,,,,,,spotlight-prolific
QGFAEPFN,697a707b5bc42b2987347880,2,int,18,4,18,19,54, roamed ,36853,4531932,294,240,225.25694274902344,234.18055725097656,246.59027671813965,299.9861145019531,5,1,The government announced a plan for protecting villagers from tigers,0,,,2026-07-06,2026-07-06,2026-07-06T21:59:09.647Z,18:59:09,2026-07-06 18:59:09,,,,,,,spotlight-prolific
QGFAEPFN,697a707b5bc42b2987347880,2,int,18,4,18,19,54, roamed ,36902,4531981,288,232,225.25694274902344,234.18055725097656,246.59027671813965,299.9861145019531,5,1,The government announced a plan for protecting villagers from tigers,0,,,2026-07-06,2026-07-06,2026-07-06T21:59:09.647Z,18:59:09,2026-07-06 18:59:09,,,,,,,spotlight-prolific
QGFAEPFN,697a707b5bc42b2987347880,2,int,18,4,18,19,54, roamed ,36952,4532031,280,226,225.25694274902344,234.18055725097656,246.59027671813965,299.9861145019531,5,1,The government announced a plan for protecting villagers from tigers,0,,,2026-07-06,2026-07-06,2026-07-06T21:59:09.647Z,18:59:09,2026-07-06 18:59:09,,,,,,,spotlight-prolific
QGFAEPFN,697a707b5bc42b2987347880,2,int,18,4,18,19,54, roamed ,37003,4532082,279,226,225.25694274902344,234.18055725097656,246.59027671813965,299.9861145019531,5,1,The government announced a plan for protecting villagers from tigers,0,,,2026-07-06,2026-07-06,2026-07-06T21:59:09.647Z,18:59:09,2026-07-06 18:59:09,,,,,,,spotlight-prolific
QGFAEPFN,697a707b5bc42b2987347880,2,int,18,4,18,19,54, roamed ,37054,4532133,279,226,225.25694274902344,234.18055725097656,246.59027671813965,299.9861145019531,5,1,The government announced a plan for protecting villagers from tigers,0,,,2026-07-06,2026-07-06,2026-07-06T21:59:09.647Z,18:59:09,2026-07-06 18:59:09,,,,,,,spotlight-prolific
QGFAEPFN,697a707b5bc42b2987347880,2,int,18,4,18,19,54, roamed ,37103,4532182,277,226,225.25694274902344,234.18055725097656,246.59027671813965,299.9861145019531,5,1,The government announced a plan for protecting villagers from tigers,0,,,2026-07-06,2026-07-06,2026-07-06T21:59:09.647Z,18:59:09,2026-07-06 18:59:09,,,,,,,spotlight-prolific
QGFAEPFN,697a707b5bc42b2987347880,2,int,18,4,18,19,54, roamed ,37152,4532232,273,228,225.25694274902344,234.18055725097656,246.59027671813965,299.9861145019531,5,1,The government announced a plan for protecting villagers from tigers,0,,,2026-07-06,2026-07-06,2026-07-06T21:59:09.647Z,18:59:09,2026-07-06 18:59:09,,,,,,,spotlight-prolific
QGFAEPFN,697a707b5bc42b2987347880,2,int,18,4,18,19,54, roamed ,37202,4532281,264,234,225.25694274902344,234.18055725097656,246.59027671813965,299.9861145019531,5,1,The government announced a plan for protecting villagers from tigers,0,,,2026-07-06,2026-07-06,2026-07-06T21:59:09.647Z,18:59:09,2026-07-06 18:59:09,,,,,,,spotlight-prolific
QGFAEPFN,697a707b5bc42b2987347880,2,int,18,4,18,19,54, roamed ,37258,4532337,243,237,225.25694274902344,234.18055725097656,246.59027671813965,299.9861145019531,5,1,The government announced a plan for protecting villagers from tigers,0,,,2026-07-06,2026-07-06,2026-07-06T21:59:09.647Z,18:59:09,2026-07-06 18:59:09,,,,,,,spotlight-prolific
QGFAEPFN,697a707b5bc42b2987347880,2,int,18,4,18,19,54, roamed ,37302,4532382,237,238,225.25694274902344,234.18055725097656,246.59027671813965,299.9861145019531,5,1,The government announced a plan for protecting villagers from tigers,0,,,2026-07-06,2026-07-06,2026-07-06T21:59:09.647Z,18:59:09,2026-07-06 18:59:09,,,,,,,spotlight-prolific
QGFAEPFN,697a707b5bc42b2987347880,2,int,18,4,18,19,-1,999,37351,4532430,227,238,,,,,,,The government announced a plan for protecting villagers from tigers,0,,,2026-07-06,2026-07-06,2026-07-06T21:59:09.647Z,18:59:09,2026-07-06 18:59:09,,,,,,,spotlight-prolific
QGFAEPFN,697a707b5bc42b2987347880,2,int,18,4,18,19,-1,999,37402,4532481,227,238,,,,,,,The government announced a plan for protecting villagers from tigers,0,,,2026-07-06,2026-07-06,2026-07-06T21:59:09.647Z,18:59:09,2026-07-06 18:59:09,,,,,,,spotlight-prolific
QGFAEPFN,697a707b5bc42b2987347880,2,int,18,4,18,19,-1,999,37452,4532531,227,238,,,,,,,The government announced a plan for protecting villagers from tigers,0,,,2026-07-06,2026-07-06,2026-07-06T21:59:09.647Z,18:59:09,2026-07-06 18:59:09,,,,,,,spotlight-prolific
QGFAEPFN,697a707b5bc42b2987347880,2,int,18,4,18,19,-1,999,37502,4532581,227,238,,,,,,,The government announced a plan for protecting villagers from tigers,0,,,2026-07-06,2026-07-06,2026-07-06T21:59:09.647Z,18:59:09,2026-07-06 18:59:09,,,,,,,spotlight-prolific
QGFAEPFN,697a707b5bc42b2987347880,2,int,18,4,18,19,-1,999,37552,4532631,227,238,,,,,,,The government announced a plan for protecting villagers from tigers,0,,,2026-07-06,2026-07-06,2026-07-06T21:59:09.647Z,18:59:09,2026-07-06 18:59:09,,,,,,,spotlight-prolific
QGFAEPFN,697a707b5bc42b2987347880,2,int,18,4,18,19,-1,999,37602,4532681,227,238,,,,,,,The government announced a plan for protecting villagers from tigers,0,,,2026-07-06,2026-07-06,2026-07-06T21:59:09.647Z,18:59:09,2026-07-06 18:59:09,,,,,,,spotlight-prolific
QGFAEPFN,697a707b5bc42b2987347880,2,int,18,4,18,19,-1,999,37652,4532731,227,238,,,,,,,The government announced a plan for protecting villagers from tigers,0,,,2026-07-06,2026-07-06,2026-07-06T21:59:09.647Z,18:59:09,2026-07-06 18:59:09,,,,,,,spotlight-prolific
QGFAEPFN,697a707b5bc42b2987347880,2,int,18,4,18,19,-1,999,37702,4532781,227,238,,,,,,,The government announced a plan for protecting villagers from tigers,0,,,2026-07-06,2026-07-06,2026-07-06T21:59:09.647Z,18:59:09,2026-07-06 18:59:09,,,,,,,spotlight-prolific
QGFAEPFN,697a707b5bc42b2987347880,2,int,18,4,18,19,-1,999,37752,4532832,227,238,,,,,,,The government announced a plan for protecting villagers from tigers,0,,,2026-07-06,2026-07-06,2026-07-06T21:59:09.647Z,18:59:09,2026-07-06 18:59:09,,,,,,,spotlight-prolific
QGFAEPFN,697a707b5bc42b2987347880,2,int,18,4,18,19,54, roamed ,37803,4532882,233,238,225.25694274902344,234.18055725097656,246.59027671813965,299.9861145019531,5,1,The government announced a plan for protecting villagers from tigers,0,,,2026-07-06,2026-07-06,2026-07-06T21:59:09.647Z,18:59:09,2026-07-06 18:59:09,,,,,,,spotlight-prolific
QGFAEPFN,697a707b5bc42b2987347880,2,int,18,4,18,19,54, roamed ,37852,4532931,241,238,225.25694274902344,234.18055725097656,246.59027671813965,299.9861145019531,5,1,The government announced a plan for protecting villagers from tigers,0,,,2026-07-06,2026-07-06,2026-07-06T21:59:09.647Z,18:59:09,2026-07-06 18:59:09,,,,,,,spotlight-prolific
QGFAEPFN,697a707b5bc42b2987347880,2,int,18,4,18,19,54, roamed ,37902,4532982,255,238,225.25694274902344,234.18055725097656,246.59027671813965,299.9861145019531,5,1,The government announced a plan for protecting villagers from tigers,0,,,2026-07-06,2026-07-06,2026-07-06T21:59:09.647Z,18:59:09,2026-07-06 18:59:09,,,,,,,spotlight-prolific
QGFAEPFN,697a707b5bc42b2987347880,2,int,18,4,18,19,54, roamed ,37952,4533032,259,237,225.25694274902344,234.18055725097656,246.59027671813965,299.9861145019531,5,1,The government announced a plan for protecting villagers from tigers,0,,,2026-07-06,2026-07-06,2026-07-06T21:59:09.647Z,18:59:09,2026-07-06 18:59:09,,,,,,,spotlight-prolific
QGFAEPFN,697a707b5bc42b2987347880,2,int,18,4,18,19,54, roamed ,38002,4533081,269,237,225.25694274902344,234.18055725097656,246.59027671813965,299.9861145019531,5,1,The government announced a plan for protecting villagers from tigers,0,,,2026-07-06,2026-07-06,2026-07-06T21:59:09.647Z,18:59:09,2026-07-06 18:59:09,,,,,,,spotlight-prolific
QGFAEPFN,697a707b5bc42b2987347880,2,int,18,4,18,19,54, roamed ,38052,4533132,275,235,225.25694274902344,234.18055725097656,246.59027671813965,299.9861145019531,5,1,The government announced a plan for protecting villagers from tigers,0,,,2026-07-06,2026-07-06,2026-07-06T21:59:09.647Z,18:59:09,2026-07-06 18:59:09,,,,,,,spotlight-prolific
QGFAEPFN,697a707b5bc42b2987347880,2,int,18,4,18,19,54, roamed ,38102,4533182,286,232,225.25694274902344,234.18055725097656,246.59027671813965,299.9861145019531,5,1,The government announced a plan for protecting villagers from tigers,0,,,2026-07-06,2026-07-06,2026-07-06T21:59:09.647Z,18:59:09,2026-07-06 18:59:09,,,,,,,spotlight-prolific
QGFAEPFN,697a707b5bc42b2987347880,2,int,18,4,18,19,54, roamed ,38153,4533232,295,232,225.25694274902344,234.18055725097656,246.59027671813965,299.9861145019531,5,1,The government announced a plan for protecting villagers from tigers,0,,,2026-07-06,2026-07-06,2026-07-06T21:59:09.647Z,18:59:09,2026-07-06 18:59:09,,,,,,,spotlight-prolific
QGFAEPFN,697a707b5bc42b2987347880,2,int,18,4,18,19,55, the ,38208,4533288,300,232,225.25694274902344,299.9861145019531,246.59027671813965,329.7152805328369,5,2,The government announced a plan for protecting villagers from tigers,0,,,2026-07-06,2026-07-06,2026-07-06T21:59:09.647Z,18:59:09,2026-07-06 18:59:09,,,,,,,spotlight-prolific
QGFAEPFN,697a707b5bc42b2987347880,2,int,18,4,18,19,55, the ,38252,4533331,307,232,225.25694274902344,299.9861145019531,246.59027671813965,329.7152805328369,5,2,The government announced a plan for protecting villagers from tigers,0,,,2026-07-06,2026-07-06,2026-07-06T21:59:09.647Z,18:59:09,2026-07-06 18:59:09,,,,,,,spotlight-prolific
QGFAEPFN,697a707b5bc42b2987347880,2,int,18,4,18,19,55, the ,38302,4533381,315,232,225.25694274902344,299.9861145019531,246.59027671813965,329.7152805328369,5,2,The government announced a plan for protecting villagers from tigers,0,,,2026-07-06,2026-07-06,2026-07-06T21:59:09.647Z,18:59:09,2026-07-06 18:59:09,,,,,,,spotlight-prolific
QGFAEPFN,697a707b5bc42b2987347880,2,int,18,4,18,19,55, the ,38352,4533431,329,231,225.25694274902344,299.9861145019531,246.59027671813965,329.7152805328369,5,2,The government announced a plan for protecting villagers from tigers,0,,,2026-07-06,2026-07-06,2026-07-06T21:59:09.647Z,18:59:09,2026-07-06 18:59:09,,,,,,,spotlight-prolific
QGFAEPFN,697a707b5bc42b2987347880,2,int,18,4,18,19,56, forests ,38403,4533482,343,230,225.25694274902344,329.71527099609375,246.59027671813965,390.3958282470703,5,3,The government announced a plan for protecting villagers from tigers,0,,,2026-07-06,2026-07-06,2026-07-06T21:59:09.647Z,18:59:09,2026-07-06 18:59:09,,,,,,,spotlight-prolific
QGFAEPFN,697a707b5bc42b2987347880,2,int,18,4,18,19,56, forests ,38452,4533532,355,227,225.25694274902344,329.71527099609375,246.59027671813965,390.3958282470703,5,3,The government announced a plan for protecting villagers from tigers,0,,,2026-07-06,2026-07-06,2026-07-06T21:59:09.647Z,18:59:09,2026-07-06 18:59:09,,,,,,,spotlight-prolific
QGFAEPFN,697a707b5bc42b2987347880,2,int,18,4,18,19,56, forests ,38503,4533583,362,225,225.25694274902344,329.71527099609375,246.59027671813965,390.3958282470703,5,3,The government announced a plan for protecting villagers from tigers,0,,,2026-07-06,2026-07-06,2026-07-06T21:59:09.647Z,18:59:09,2026-07-06 18:59:09,,,,,,,spotlight-prolific
QGFAEPFN,697a707b5bc42b2987347880,2,int,18,4,18,19,56, forests ,38557,4533636,364,225,225.25694274902344,329.71527099609375,246.59027671813965,390.3958282470703,5,3,The government announced a plan for protecting villagers from tigers,0,,,2026-07-06,2026-07-06,2026-07-06T21:59:09.647Z,18:59:09,2026-07-06 18:59:09,,,,,,,spotlight-prolific
QGFAEPFN,697a707b5bc42b2987347880,2,int,18,4,18,19,56, forests ,38602,4533681,371,223,225.25694274902344,329.71527099609375,246.59027671813965,390.3958282470703,5,3,The government announced a plan for protecting villagers from tigers,0,,,2026-07-06,2026-07-06,2026-07-06T21:59:09.647Z,18:59:09,2026-07-06 18:59:09,,,,,,,spotlight-prolific
QGFAEPFN,697a707b5bc42b2987347880,2,int,18,4,18,19,56, forests ,38653,4533732,388,223,225.25694274902344,329.71527099609375,246.59027671813965,390.3958282470703,5,3,The government announced a plan for protecting villagers from tigers,0,,,2026-07-06,2026-07-06,2026-07-06T21:59:09.647Z,18:59:09,2026-07-06 18:59:09,,,,,,,spotlight-prolific
QGFAEPFN,697a707b5bc42b2987347880,2,int,18,4,18,19,57, in ,38702,4533782,398,223,225.25694274902344,390.3958435058594,246.59027671813965,409.0833435058594,5,4,The government announced a plan for protecting villagers from tigers,0,,,2026-07-06,2026-07-06,2026-07-06T21:59:09.647Z,18:59:09,2026-07-06 18:59:09,,,,,,,spotlight-prolific
QGFAEPFN,697a707b5bc42b2987347880,2,int,18,4,18,19,58," Bangladesh, ",38752,4533832,414,223,225.25694274902344,409.0833435058594,246.59027671813965,510.87500762939453,5,5,The government announced a plan for protecting villagers from tigers,0,,,2026-07-06,2026-07-06,2026-07-06T21:59:09.647Z,18:59:09,2026-07-06 18:59:09,,,,,,,spotlight-prolific
QGFAEPFN,697a707b5bc42b2987347880,2,int,18,4,18,19,58," Bangladesh, ",38803,4533882,431,223,225.25694274902344,409.0833435058594,246.59027671813965,510.87500762939453,5,5,The government announced a plan for protecting villagers from tigers,0,,,2026-07-06,2026-07-06,2026-07-06T21:59:09.647Z,18:59:09,2026-07-06 18:59:09,,,,,,,spotlight-prolific
QGFAEPFN,697a707b5bc42b2987347880,2,int,18,4,18,19,58," Bangladesh, ",38852,4533932,439,223,225.25694274902344,409.0833435058594,246.59027671813965,510.87500762939453,5,5,The government announced a plan for protecting villagers from tigers,0,,,2026-07-06,2026-07-06,2026-07-06T21:59:09.647Z,18:59:09,2026-07-06 18:59:09,,,,,,,spotlight-prolific
QGFAEPFN,697a707b5bc42b2987347880,2,int,18,4,18,19,58," Bangladesh, ",38902,4533981,444,223,225.25694274902344,409.0833435058594,246.59027671813965,510.87500762939453,5,5,The government announced a plan for protecting villagers from tigers,0,,,2026-07-06,2026-07-06,2026-07-06T21:59:09.647Z,18:59:09,2026-07-06 18:59:09,,,,,,,spotlight-prolific
QGFAEPFN,697a707b5bc42b2987347880,2,int,18,4,18,19,58," Bangladesh, ",38952,4534032,454,220,225.25694274902344,409.0833435058594,246.59027671813965,510.87500762939453,5,5,The government announced a plan for protecting villagers from tigers,0,,,2026-07-06,2026-07-06,2026-07-06T21:59:09.647Z,18:59:09,2026-07-06 18:59:09,,,,,,,spotlight-prolific
QGFAEPFN,697a707b5bc42b2987347880,2,int,18,4,18,19,58," Bangladesh, ",39002,4534081,463,218,225.25694274902344,409.0833435058594,246.59027671813965,510.87500762939453,5,5,The government announced a plan for protecting villagers from tigers,0,,,2026-07-06,2026-07-06,2026-07-06T21:59:09.647Z,18:59:09,2026-07-06 18:59:09,,,,,,,spotlight-prolific
QGFAEPFN,697a707b5bc42b2987347880,2,int,18,4,18,19,58," Bangladesh, ",39054,4534133,477,218,225.25694274902344,409.0833435058594,246.59027671813965,510.87500762939453,5,5,The government announced a plan for protecting villagers from tigers,0,,,2026-07-06,2026-07-06,2026-07-06T21:59:09.647Z,18:59:09,2026-07-06 18:59:09,,,,,,,spotlight-prolific
QGFAEPFN,697a707b5bc42b2987347880,2,int,18,4,18,19,58," Bangladesh, ",39103,4534183,488,221,225.25694274902344,409.0833435058594,246.59027671813965,510.87500762939453,5,5,The government announced a plan for protecting villagers from tigers,0,,,2026-07-06,2026-07-06,2026-07-06T21:59:09.647Z,18:59:09,2026-07-06 18:59:09,,,,,,,spotlight-prolific
QGFAEPFN,697a707b5bc42b2987347880,2,int,18,4,18,19,58," Bangladesh, ",39152,4534231,501,223,225.25694274902344,409.0833435058594,246.59027671813965,510.87500762939453,5,5,The government announced a plan for protecting villagers from tigers,0,,,2026-07-06,2026-07-06,2026-07-06T21:59:09.647Z,18:59:09,2026-07-06 18:59:09,,,,,,,spotlight-prolific
QGFAEPFN,697a707b5bc42b2987347880,2,int,18,4,18,19,59, India ,39204,4534283,511,224,225.25694274902344,510.875,246.59027671813965,554.3333320617676,5,6,The government announced a plan for protecting villagers from tigers,0,,,2026-07-06,2026-07-06,2026-07-06T21:59:09.647Z,18:59:09,2026-07-06 18:59:09,,,,,,,spotlight-prolific
QGFAEPFN,697a707b5bc42b2987347880,2,int,18,4,18,19,59, India ,39252,4534332,518,225,225.25694274902344,510.875,246.59027671813965,554.3333320617676,5,6,The government announced a plan for protecting villagers from tigers,0,,,2026-07-06,2026-07-06,2026-07-06T21:59:09.647Z,18:59:09,2026-07-06 18:59:09,,,,,,,spotlight-prolific
QGFAEPFN,697a707b5bc42b2987347880,2,int,18,4,18,19,59, India ,39302,4534381,521,225,225.25694274902344,510.875,246.59027671813965,554.3333320617676,5,6,The government announced a plan for protecting villagers from tigers,0,,,2026-07-06,2026-07-06,2026-07-06T21:59:09.647Z,18:59:09,2026-07-06 18:59:09,,,,,,,spotlight-prolific
QGFAEPFN,697a707b5bc42b2987347880,2,int,18,4,18,19,59, India ,39352,4534431,527,225,225.25694274902344,510.875,246.59027671813965,554.3333320617676,5,6,The government announced a plan for protecting villagers from tigers,0,,,2026-07-06,2026-07-06,2026-07-06T21:59:09.647Z,18:59:09,2026-07-06 18:59:09,,,,,,,spotlight-prolific
QGFAEPFN,697a707b5bc42b2987347880,2,int,18,4,18,19,59, India ,39402,4534482,539,225,225.25694274902344,510.875,246.59027671813965,554.3333320617676,5,6,The government announced a plan for protecting villagers from tigers,0,,,2026-07-06,2026-07-06,2026-07-06T21:59:09.647Z,18:59:09,2026-07-06 18:59:09,,,,,,,spotlight-prolific
QGFAEPFN,697a707b5bc42b2987347880,2,int,18,4,18,19,59, India ,39452,4534532,548,225,225.25694274902344,510.875,246.59027671813965,554.3333320617676,5,6,The government announced a plan for protecting villagers from tigers,0,,,2026-07-06,2026-07-06,2026-07-06T21:59:09.647Z,18:59:09,2026-07-06 18:59:09,,,,,,,spotlight-prolific
QGFAEPFN,697a707b5bc42b2987347880,2,int,18,4,18,19,60, and ,39502,4534581,556,228,225.25694274902344,554.3333129882812,246.59027671813965,588.6041450500488,5,7,The government announced a plan for protecting villagers from tigers,0,,,2026-07-06,2026-07-06,2026-07-06T21:59:09.647Z,18:59:09,2026-07-06 18:59:09,,,,,,,spotlight-prolific
QGFAEPFN,697a707b5bc42b2987347880,2,int,18,4,18,19,60, and ,39552,4534632,560,228,225.25694274902344,554.3333129882812,246.59027671813965,588.6041450500488,5,7,The government announced a plan for protecting villagers from tigers,0,,,2026-07-06,2026-07-06,2026-07-06T21:59:09.647Z,18:59:09,2026-07-06 18:59:09,,,,,,,spotlight-prolific
QGFAEPFN,697a707b5bc42b2987347880,2,int,18,4,18,19,60, and ,39602,4534681,561,228,225.25694274902344,554.3333129882812,246.59027671813965,588.6041450500488,5,7,The government announced a plan for protecting villagers from tigers,0,,,2026-07-06,2026-07-06,2026-07-06T21:59:09.647Z,18:59:09,2026-07-06 18:59:09,,,,,,,spotlight-prolific
QGFAEPFN,697a707b5bc42b2987347880,2,int,18,4,18,19,60, and ,39652,4534731,563,228,225.25694274902344,554.3333129882812,246.59027671813965,588.6041450500488,5,7,The government announced a plan for protecting villagers from tigers,0,,,2026-07-06,2026-07-06,2026-07-06T21:59:09.647Z,18:59:09,2026-07-06 18:59:09,,,,,,,spotlight-prolific
QGFAEPFN,697a707b5bc42b2987347880,2,int,18,4,18,19,60, and ,39702,4534781,569,230,225.25694274902344,554.3333129882812,246.59027671813965,588.6041450500488,5,7,The government announced a plan for protecting villagers from tigers,0,,,2026-07-06,2026-07-06,2026-07-06T21:59:09.647Z,18:59:09,2026-07-06 18:59:09,,,,,,,spotlight-prolific
QGFAEPFN,697a707b5bc42b2987347880,2,int,18,4,18,19,60, and ,39752,4534831,577,232,225.25694274902344,554.3333129882812,246.59027671813965,588.6041450500488,5,7,The government announced a plan for protecting villagers from tigers,0,,,2026-07-06,2026-07-06,2026-07-06T21:59:09.647Z,18:59:09,2026-07-06 18:59:09,,,,,,,spotlight-prolific
QGFAEPFN,697a707b5bc42b2987347880,2,int,18,4,18,19,60, and ,39802,4534882,585,235,225.25694274902344,554.3333129882812,246.59027671813965,588.6041450500488,5,7,The government announced a plan for protecting villagers from tigers,0,,,2026-07-06,2026-07-06,2026-07-06T21:59:09.647Z,18:59:09,2026-07-06 18:59:09,,,,,,,spotlight-prolific
QGFAEPFN,697a707b5bc42b2987347880,2,int,18,4,18,19,61, Nepal. ,39854,4534933,592,237,225.25694274902344,588.6041870117188,246.59027671813965,644.2014083862305,5,8,The government announced a plan for protecting villagers from tigers,0,,,2026-07-06,2026-07-06,2026-07-06T21:59:09.647Z,18:59:09,2026-07-06 18:59:09,,,,,,,spotlight-prolific
QGFAEPFN,697a707b5bc42b2987347880,2,int,18,4,18,19,61, Nepal. ,39904,4534983,592,237,225.25694274902344,588.6041870117188,246.59027671813965,644.2014083862305,5,8,The government announced a plan for protecting villagers from tigers,0,,,2026-07-06,2026-07-06,2026-07-06T21:59:09.647Z,18:59:09,2026-07-06 18:59:09,,,,,,,spotlight-prolific
QGFAEPFN,697a707b5bc42b2987347880,2,int,18,4,18,19,61, Nepal. ,39954,4535033,592,237,225.25694274902344,588.6041870117188,246.59027671813965,644.2014083862305,5,8,The government announced a plan for protecting villagers from tigers,0,,,2026-07-06,2026-07-06,2026-07-06T21:59:09.647Z,18:59:09,2026-07-06 18:59:09,,,,,,,spotlight-prolific
QGFAEPFN,697a707b5bc42b2987347880,2,int,18,4,18,19,61, Nepal. ,40004,4535084,592,237,225.25694274902344,588.6041870117188,246.59027671813965,644.2014083862305,5,8,The government announced a plan for protecting villagers from tigers,0,,,2026-07-06,2026-07-06,2026-07-06T21:59:09.647Z,18:59:09,2026-07-06 18:59:09,,,,,,,spotlight-prolific
QGFAEPFN,697a707b5bc42b2987347880,2,int,18,4,18,19,61, Nepal. ,40058,4535137,596,238,225.25694274902344,588.6041870117188,246.59027671813965,644.2014083862305,5,8,The government announced a plan for protecting villagers from tigers,0,,,2026-07-06,2026-07-06,2026-07-06T21:59:09.647Z,18:59:09,2026-07-06 18:59:09,,,,,,,spotlight-prolific
QGFAEPFN,697a707b5bc42b2987347880,2,int,18,4,18,19,61, Nepal. ,40102,4535181,609,241,225.25694274902344,588.6041870117188,246.59027671813965,644.2014083862305,5,8,The government announced a plan for protecting villagers from tigers,0,,,2026-07-06,2026-07-06,2026-07-06T21:59:09.647Z,18:59:09,2026-07-06 18:59:09,,,,,,,spotlight-prolific
QGFAEPFN,697a707b5bc42b2987347880,2,int,18,4,18,19,61, Nepal. ,40152,4535232,609,241,225.25694274902344,588.6041870117188,246.59027671813965,644.2014083862305,5,8,The government announced a plan for protecting villagers from tigers,0,,,2026-07-06,2026-07-06,2026-07-06T21:59:09.647Z,18:59:09,2026-07-06 18:59:09,,,,,,,spotlight-prolific
QGFAEPFN,697a707b5bc42b2987347880,2,int,18,4,18,19,61, Nepal. ,40204,4535283,609,241,225.25694274902344,588.6041870117188,246.59027671813965,644.2014083862305,5,8,The government announced a plan for protecting villagers from tigers,0,,,2026-07-06,2026-07-06,2026-07-06T21:59:09.647Z,18:59:09,2026-07-06 18:59:09,,,,,,,spotlight-prolific
QGFAEPFN,697a707b5bc42b2987347880,2,int,18,4,18,19,61, Nepal. ,40255,4535334,609,241,225.25694274902344,588.6041870117188,246.59027671813965,644.2014083862305,5,8,The government announced a plan for protecting villagers from tigers,0,,,2026-07-06,2026-07-06,2026-07-06T21:59:09.647Z,18:59:09,2026-07-06 18:59:09,,,,,,,spotlight-prolific
QGFAEPFN,697a707b5bc42b2987347880,2,int,18,4,18,19,61, Nepal. ,40303,4535382,611,241,225.25694274902344,588.6041870117188,246.59027671813965,644.2014083862305,5,8,The government announced a plan for protecting villagers from tigers,0,,,2026-07-06,2026-07-06,2026-07-06T21:59:09.647Z,18:59:09,2026-07-06 18:59:09,,,,,,,spotlight-prolific
QGFAEPFN,697a707b5bc42b2987347880,2,int,18,4,18,19,61, Nepal. ,40352,4535431,614,241,225.25694274902344,588.6041870117188,246.59027671813965,644.2014083862305,5,8,The government announced a plan for protecting villagers from tigers,0,,,2026-07-06,2026-07-06,2026-07-06T21:59:09.647Z,18:59:09,2026-07-06 18:59:09,,,,,,,spotlight-prolific
QGFAEPFN,697a707b5bc42b2987347880,2,int,18,4,18,19,61, Nepal. ,40402,4535482,624,241,225.25694274902344,588.6041870117188,246.59027671813965,644.2014083862305,5,8,The government announced a plan for protecting villagers from tigers,0,,,2026-07-06,2026-07-06,2026-07-06T21:59:09.647Z,18:59:09,2026-07-06 18:59:09,,,,,,,spotlight-prolific
QGFAEPFN,697a707b5bc42b2987347880,2,int,18,4,18,19,61, Nepal. ,40453,4535532,639,241,225.25694274902344,588.6041870117188,246.59027671813965,644.2014083862305,5,8,The government announced a plan for protecting villagers from tigers,0,,,2026-07-06,2026-07-06,2026-07-06T21:59:09.647Z,18:59:09,2026-07-06 18:59:09,,,,,,,spotlight-prolific
QGFAEPFN,697a707b5bc42b2987347880,2,int,18,4,18,19,62, But ,40502,4535581,655,239,225.25694274902344,644.201416015625,246.59027671813965,675.6180820465088,5,9,The government announced a plan for protecting villagers from tigers,0,,,2026-07-06,2026-07-06,2026-07-06T21:59:09.647Z,18:59:09,2026-07-06 18:59:09,,,,,,,spotlight-prolific
QGFAEPFN,697a707b5bc42b2987347880,2,int,18,4,18,19,62, But ,40552,4535631,664,239,225.25694274902344,644.201416015625,246.59027671813965,675.6180820465088,5,9,The government announced a plan for protecting villagers from tigers,0,,,2026-07-06,2026-07-06,2026-07-06T21:59:09.647Z,18:59:09,2026-07-06 18:59:09,,,,,,,spotlight-prolific
QGFAEPFN,697a707b5bc42b2987347880,2,int,18,4,18,19,62, But ,40602,4535681,674,239,225.25694274902344,644.201416015625,246.59027671813965,675.6180820465088,5,9,The government announced a plan for protecting villagers from tigers,0,,,2026-07-06,2026-07-06,2026-07-06T21:59:09.647Z,18:59:09,2026-07-06 18:59:09,,,,,,,spotlight-prolific
QGFAEPFN,697a707b5bc42b2987347880,2,int,18,4,18,19,63, their ,40653,4535732,693,239,225.25694274902344,675.6180419921875,246.59027671813965,715.7430419921875,5,10,The government announced a plan for protecting villagers from tigers,0,,,2026-07-06,2026-07-06,2026-07-06T21:59:09.647Z,18:59:09,2026-07-06 18:59:09,,,,,,,spotlight-prolific
QGFAEPFN,697a707b5bc42b2987347880,2,int,18,4,18,19,63, their ,40703,4535782,694,237,225.25694274902344,675.6180419921875,246.59027671813965,715.7430419921875,5,10,The government announced a plan for protecting villagers from tigers,0,,,2026-07-06,2026-07-06,2026-07-06T21:59:09.647Z,18:59:09,2026-07-06 18:59:09,,,,,,,spotlight-prolific
QGFAEPFN,697a707b5bc42b2987347880,2,int,18,4,18,19,63, their ,40756,4535835,709,237,225.25694274902344,675.6180419921875,246.59027671813965,715.7430419921875,5,10,The government announced a plan for protecting villagers from tigers,0,,,2026-07-06,2026-07-06,2026-07-06T21:59:09.647Z,18:59:09,2026-07-06 18:59:09,,,,,,,spotlight-prolific
QGFAEPFN,697a707b5bc42b2987347880,2,int,18,4,18,19,63, their ,40803,4535882,712,237,225.25694274902344,675.6180419921875,246.59027671813965,715.7430419921875,5,10,The government announced a plan for protecting villagers from tigers,0,,,2026-07-06,2026-07-06,2026-07-06T21:59:09.647Z,18:59:09,2026-07-06 18:59:09,,,,,,,spotlight-prolific
QGFAEPFN,697a707b5bc42b2987347880,2,int,18,4,18,19,64, numbers ,40852,4535931,717,237,225.25694274902344,715.7430419921875,246.59027671813965,790.7847061157227,5,11,The government announced a plan for protecting villagers from tigers,0,,,2026-07-06,2026-07-06,2026-07-06T21:59:09.647Z,18:59:09,2026-07-06 18:59:09,,,,,,,spotlight-prolific
QGFAEPFN,697a707b5bc42b2987347880,2,int,18,4,18,19,64, numbers ,40902,4535981,721,237,225.25694274902344,715.7430419921875,246.59027671813965,790.7847061157227,5,11,The government announced a plan for protecting villagers from tigers,0,,,2026-07-06,2026-07-06,2026-07-06T21:59:09.647Z,18:59:09,2026-07-06 18:59:09,,,,,,,spotlight-prolific
QGFAEPFN,697a707b5bc42b2987347880,2,int,18,4,18,19,64, numbers ,40952,4536032,726,237,225.25694274902344,715.7430419921875,246.59027671813965,790.7847061157227,5,11,The government announced a plan for protecting villagers from tigers,0,,,2026-07-06,2026-07-06,2026-07-06T21:59:09.647Z,18:59:09,2026-07-06 18:59:09,,,,,,,spotlight-prolific
QGFAEPFN,697a707b5bc42b2987347880,2,int,18,4,18,19,64, numbers ,41003,4536082,730,237,225.25694274902344,715.7430419921875,246.59027671813965,790.7847061157227,5,11,The government announced a plan for protecting villagers from tigers,0,,,2026-07-06,2026-07-06,2026-07-06T21:59:09.647Z,18:59:09,2026-07-06 18:59:09,,,,,,,spotlight-prolific
QGFAEPFN,697a707b5bc42b2987347880,2,int,18,4,18,19,64, numbers ,41052,4536132,737,239,225.25694274902344,715.7430419921875,246.59027671813965,790.7847061157227,5,11,The government announced a plan for protecting villagers from tigers,0,,,2026-07-06,2026-07-06,2026-07-06T21:59:09.647Z,18:59:09,2026-07-06 18:59:09,,,,,,,spotlight-prolific
QGFAEPFN,697a707b5bc42b2987347880,2,int,18,4,18,19,64, numbers ,41102,4536182,748,242,225.25694274902344,715.7430419921875,246.59027671813965,790.7847061157227,5,11,The government announced a plan for protecting villagers from tigers,0,,,2026-07-06,2026-07-06,2026-07-06T21:59:09.647Z,18:59:09,2026-07-06 18:59:09,,,,,,,spotlight-prolific
QGFAEPFN,697a707b5bc42b2987347880,2,int,18,4,18,19,64, numbers ,41152,4536231,756,244,225.25694274902344,715.7430419921875,246.59027671813965,790.7847061157227,5,11,The government announced a plan for protecting villagers from tigers,0,,,2026-07-06,2026-07-06,2026-07-06T21:59:09.647Z,18:59:09,2026-07-06 18:59:09,,,,,,,spotlight-prolific
QGFAEPFN,697a707b5bc42b2987347880,2,int,18,4,18,19,64, numbers ,41202,4536281,769,245,225.25694274902344,715.7430419921875,246.59027671813965,790.7847061157227,5,11,The government announced a plan for protecting villagers from tigers,0,,,2026-07-06,2026-07-06,2026-07-06T21:59:09.647Z,18:59:09,2026-07-06 18:59:09,,,,,,,spotlight-prolific
QGFAEPFN,697a707b5bc42b2987347880,2,int,18,4,18,19,64, numbers ,41252,4536332,782,248,225.25694274902344,715.7430419921875,246.59027671813965,790.7847061157227,5,11,The government announced a plan for protecting villagers from tigers,0,,,2026-07-06,2026-07-06,2026-07-06T21:59:09.647Z,18:59:09,2026-07-06 18:59:09,,,,,,,spotlight-prolific
QGFAEPFN,697a707b5bc42b2987347880,2,int,18,4,18,19,64, numbers ,41303,4536382,787,249,225.25694274902344,715.7430419921875,246.59027671813965,790.7847061157227,5,11,The government announced a plan for protecting villagers from tigers,0,,,2026-07-06,2026-07-06,2026-07-06T21:59:09.647Z,18:59:09,2026-07-06 18:59:09,,,,,,,spotlight-prolific
QGFAEPFN,697a707b5bc42b2987347880,2,int,18,4,18,19,65, have ,41353,4536432,793,250,225.25694274902344,790.7847290039062,246.59027671813965,832.8680610656738,5,12,The government announced a plan for protecting villagers from tigers,0,,,2026-07-06,2026-07-06,2026-07-06T21:59:09.647Z,18:59:09,2026-07-06 18:59:09,,,,,,,spotlight-prolific
QGFAEPFN,697a707b5bc42b2987347880,2,int,18,4,18,19,65, have ,41403,4536482,798,251,225.25694274902344,790.7847290039062,246.59027671813965,832.8680610656738,5,12,The government announced a plan for protecting villagers from tigers,0,,,2026-07-06,2026-07-06,2026-07-06T21:59:09.647Z,18:59:09,2026-07-06 18:59:09,,,,,,,spotlight-prolific
QGFAEPFN,697a707b5bc42b2987347880,2,int,18,4,18,19,65, have ,41452,4536532,806,251,225.25694274902344,790.7847290039062,246.59027671813965,832.8680610656738,5,12,The government announced a plan for protecting villagers from tigers,0,,,2026-07-06,2026-07-06,2026-07-06T21:59:09.647Z,18:59:09,2026-07-06 18:59:09,,,,,,,spotlight-prolific
QGFAEPFN,697a707b5bc42b2987347880,2,int,18,4,18,19,65, have ,41502,4536582,814,251,225.25694274902344,790.7847290039062,246.59027671813965,832.8680610656738,5,12,The government announced a plan for protecting villagers from tigers,0,,,2026-07-06,2026-07-06,2026-07-06T21:59:09.647Z,18:59:09,2026-07-06 18:59:09,,,,,,,spotlight-prolific
QGFAEPFN,697a707b5bc42b2987347880,2,int,18,4,18,19,65, have ,41552,4536631,827,251,225.25694274902344,790.7847290039062,246.59027671813965,832.8680610656738,5,12,The government announced a plan for protecting villagers from tigers,0,,,2026-07-06,2026-07-06,2026-07-06T21:59:09.647Z,18:59:09,2026-07-06 18:59:09,,,,,,,spotlight-prolific
QGFAEPFN,697a707b5bc42b2987347880,2,int,18,4,18,19,65, have ,41602,4536682,831,250,225.25694274902344,790.7847290039062,246.59027671813965,832.8680610656738,5,12,The government announced a plan for protecting villagers from tigers,0,,,2026-07-06,2026-07-06,2026-07-06T21:59:09.647Z,18:59:09,2026-07-06 18:59:09,,,,,,,spotlight-prolific
QGFAEPFN,697a707b5bc42b2987347880,2,int,18,4,18,19,65, have ,41653,4536732,832,250,225.25694274902344,790.7847290039062,246.59027671813965,832.8680610656738,5,12,The government announced a plan for protecting villagers from tigers,0,,,2026-07-06,2026-07-06,2026-07-06T21:59:09.647Z,18:59:09,2026-07-06 18:59:09,,,,,,,spotlight-prolific
QGFAEPFN,697a707b5bc42b2987347880,2,int,18,4,18,19,66, dropped ,41707,4536787,837,250,225.25694274902344,832.8680419921875,246.59027671813965,898.9305419921875,5,13,The government announced a plan for protecting villagers from tigers,0,,,2026-07-06,2026-07-06,2026-07-06T21:59:09.647Z,18:59:09,2026-07-06 18:59:09,,,,,,,spotlight-prolific
QGFAEPFN,697a707b5bc42b2987347880,2,int,18,4,18,19,66, dropped ,41753,4536832,843,248,225.25694274902344,832.8680419921875,246.59027671813965,898.9305419921875,5,13,The government announced a plan for protecting villagers from tigers,0,,,2026-07-06,2026-07-06,2026-07-06T21:59:09.647Z,18:59:09,2026-07-06 18:59:09,,,,,,,spotlight-prolific
QGFAEPFN,697a707b5bc42b2987347880,2,int,18,4,18,19,66, dropped ,41806,4536885,859,248,225.25694274902344,832.8680419921875,246.59027671813965,898.9305419921875,5,13,The government announced a plan for protecting villagers from tigers,0,,,2026-07-06,2026-07-06,2026-07-06T21:59:09.647Z,18:59:09,2026-07-06 18:59:09,,,,,,,spotlight-prolific
QGFAEPFN,697a707b5bc42b2987347880,2,int,18,4,18,19,66, dropped ,41852,4536931,876,247,225.25694274902344,832.8680419921875,246.59027671813965,898.9305419921875,5,13,The government announced a plan for protecting villagers from tigers,0,,,2026-07-06,2026-07-06,2026-07-06T21:59:09.647Z,18:59:09,2026-07-06 18:59:09,,,,,,,spotlight-prolific
QGFAEPFN,697a707b5bc42b2987347880,2,int,18,4,18,19,66, dropped ,41903,4536982,887,247,225.25694274902344,832.8680419921875,246.59027671813965,898.9305419921875,5,13,The government announced a plan for protecting villagers from tigers,0,,,2026-07-06,2026-07-06,2026-07-06T21:59:09.647Z,18:59:09,2026-07-06 18:59:09,,,,,,,spotlight-prolific
QGFAEPFN,697a707b5bc42b2987347880,2,int,18,4,18,19,66, dropped ,41953,4537032,890,247,225.25694274902344,832.8680419921875,246.59027671813965,898.9305419921875,5,13,The government announced a plan for protecting villagers from tigers,0,,,2026-07-06,2026-07-06,2026-07-06T21:59:09.647Z,18:59:09,2026-07-06 18:59:09,,,,,,,spotlight-prolific
QGFAEPFN,697a707b5bc42b2987347880,2,int,18,4,18,19,66, dropped ,42004,4537084,890,247,225.25694274902344,832.8680419921875,246.59027671813965,898.9305419921875,5,13,The government announced a plan for protecting villagers from tigers,0,,,2026-07-06,2026-07-06,2026-07-06T21:59:09.647Z,18:59:09,2026-07-06 18:59:09,,,,,,,spotlight-prolific
QGFAEPFN,697a707b5bc42b2987347880,2,int,18,4,18,19,66, dropped ,42056,4537135,890,247,225.25694274902344,832.8680419921875,246.59027671813965,898.9305419921875,5,13,The government announced a plan for protecting villagers from tigers,0,,,2026-07-06,2026-07-06,2026-07-06T21:59:09.647Z,18:59:09,2026-07-06 18:59:09,,,,,,,spotlight-prolific
QGFAEPFN,697a707b5bc42b2987347880,2,int,18,4,18,19,66, dropped ,42105,4537184,890,247,225.25694274902344,832.8680419921875,246.59027671813965,898.9305419921875,5,13,The government announced a plan for protecting villagers from tigers,0,,,2026-07-06,2026-07-06,2026-07-06T21:59:09.647Z,18:59:09,2026-07-06 18:59:09,,,,,,,spotlight-prolific
QGFAEPFN,697a707b5bc42b2987347880,2,int,18,4,18,19,66, dropped ,42156,4537235,890,247,225.25694274902344,832.8680419921875,246.59027671813965,898.9305419921875,5,13,The government announced a plan for protecting villagers from tigers,0,,,2026-07-06,2026-07-06,2026-07-06T21:59:09.647Z,18:59:09,2026-07-06 18:59:09,,,,,,,spotlight-prolific
QGFAEPFN,697a707b5bc42b2987347880,2,int,18,4,18,19,66, dropped ,42205,4537284,890,247,225.25694274902344,832.8680419921875,246.59027671813965,898.9305419921875,5,13,The government announced a plan for protecting villagers from tigers,0,,,2026-07-06,2026-07-06,2026-07-06T21:59:09.647Z,18:59:09,2026-07-06 18:59:09,,,,,,,spotlight-prolific
QGFAEPFN,697a707b5bc42b2987347880,2,int,18,4,18,19,66, dropped ,42261,4537341,870,247,225.25694274902344,832.8680419921875,246.59027671813965,898.9305419921875,5,13,The government announced a plan for protecting villagers from tigers,0,,,2026-07-06,2026-07-06,2026-07-06T21:59:09.647Z,18:59:09,2026-07-06 18:59:09,,,,,,,spotlight-prolific
QGFAEPFN,697a707b5bc42b2987347880,2,int,18,4,18,19,66, dropped ,42302,4537382,843,250,225.25694274902344,832.8680419921875,246.59027671813965,898.9305419921875,5,13,The government announced a plan for protecting villagers from tigers,0,,,2026-07-06,2026-07-06,2026-07-06T21:59:09.647Z,18:59:09,2026-07-06 18:59:09,,,,,,,spotlight-prolific
QGFAEPFN,697a707b5bc42b2987347880,2,int,18,4,18,19,64, numbers ,42353,4537432,785,255,225.25694274902344,715.7430419921875,246.59027671813965,790.7847061157227,5,11,The government announced a plan for protecting villagers from tigers,0,,,2026-07-06,2026-07-06,2026-07-06T21:59:09.647Z,18:59:09,2026-07-06 18:59:09,,,,,,,spotlight-prolific
QGFAEPFN,697a707b5bc42b2987347880,2,int,18,4,18,19,77, National ,42407,4537487,670,261,265.2569580078125,639.5694580078125,286.5902919769287,711.0277938842773,6,11,The government announced a plan for protecting villagers from tigers,0,,,2026-07-06,2026-07-06,2026-07-06T21:59:09.647Z,18:59:09,2026-07-06 18:59:09,,,,,,,spotlight-prolific
QGFAEPFN,697a707b5bc42b2987347880,2,int,18,4,18,19,76, Chitwan ,42452,4537531,597,266,265.2569580078125,570.0972290039062,286.5902919769287,639.569450378418,6,10,The government announced a plan for protecting villagers from tigers,0,,,2026-07-06,2026-07-06,2026-07-06T21:59:09.647Z,18:59:09,2026-07-06 18:59:09,,,,,,,spotlight-prolific
QGFAEPFN,697a707b5bc42b2987347880,2,int,18,4,18,19,73, over ,42509,4537588,476,274,265.2569580078125,449.59027099609375,286.5902919769287,488.3263816833496,6,7,The government announced a plan for protecting villagers from tigers,0,,,2026-07-06,2026-07-06,2026-07-06T21:59:09.647Z,18:59:09,2026-07-06 18:59:09,,,,,,,spotlight-prolific
QGFAEPFN,697a707b5bc42b2987347880,2,int,18,4,18,19,72, drop ,42552,4537631,444,279,265.2569580078125,408.78472900390625,286.5902919769287,449.5902862548828,6,6,The government announced a plan for protecting villagers from tigers,0,,,2026-07-06,2026-07-06,2026-07-06T21:59:09.647Z,18:59:09,2026-07-06 18:59:09,,,,,,,spotlight-prolific
QGFAEPFN,697a707b5bc42b2987347880,2,int,18,4,18,19,71, 95% ,42603,4537682,395,281,265.2569580078125,370.9444580078125,286.5902919769287,408.7847366333008,6,5,The government announced a plan for protecting villagers from tigers,0,,,2026-07-06,2026-07-06,2026-07-06T21:59:09.647Z,18:59:09,2026-07-06 18:59:09,,,,,,,spotlight-prolific
QGFAEPFN,697a707b5bc42b2987347880,2,int,18,4,18,19,69," 3,000, ",42658,4537737,333,287,265.2569580078125,304.8680725097656,286.5902919769287,356.7291831970215,6,3,The government announced a plan for protecting villagers from tigers,0,,,2026-07-06,2026-07-06,2026-07-06T21:59:09.647Z,18:59:09,2026-07-06 18:59:09,,,,,,,spotlight-prolific
QGFAEPFN,697a707b5bc42b2987347880,2,int,18,4,18,19,68, about ,42708,4537787,293,290,265.2569580078125,254.55555725097656,286.5902919769287,304.86805725097656,6,2,The government announced a plan for protecting villagers from tigers,0,,,2026-07-06,2026-07-06,2026-07-06T21:59:09.647Z,18:59:09,2026-07-06 18:59:09,,,,,,,spotlight-prolific
QGFAEPFN,697a707b5bc42b2987347880,2,int,18,4,18,19,68, about ,42752,4537832,255,291,265.2569580078125,254.55555725097656,286.5902919769287,304.86805725097656,6,2,The government announced a plan for protecting villagers from tigers,0,,,2026-07-06,2026-07-06,2026-07-06T21:59:09.647Z,18:59:09,2026-07-06 18:59:09,,,,,,,spotlight-prolific
QGFAEPFN,697a707b5bc42b2987347880,2,int,18,4,18,19,-1,999,42801,4537881,195,292,,,,,,,The government announced a plan for protecting villagers from tigers,0,,,2026-07-06,2026-07-06,2026-07-06T21:59:09.647Z,18:59:09,2026-07-06 18:59:09,,,,,,,spotlight-prolific
QGFAEPFN,697a707b5bc42b2987347880,2,int,18,4,18,19,-1,999,42851,4537931,174,293,,,,,,,The government announced a plan for protecting villagers from tigers,0,,,2026-07-06,2026-07-06,2026-07-06T21:59:09.647Z,18:59:09,2026-07-06 18:59:09,,,,,,,spotlight-prolific
QGFAEPFN,697a707b5bc42b2987347880,2,int,18,4,18,19,-1,999,42902,4537981,164,293,,,,,,,The government announced a plan for protecting villagers from tigers,0,,,2026-07-06,2026-07-06,2026-07-06T21:59:09.647Z,18:59:09,2026-07-06 18:59:09,,,,,,,spotlight-prolific
QGFAEPFN,697a707b5bc42b2987347880,2,int,18,4,18,19,-1,999,42953,4538032,157,293,,,,,,,The government announced a plan for protecting villagers from tigers,0,,,2026-07-06,2026-07-06,2026-07-06T21:59:09.647Z,18:59:09,2026-07-06 18:59:09,,,,,,,spotlight-prolific
QGFAEPFN,697a707b5bc42b2987347880,2,int,18,4,18,19,-1,999,43001,4538081,152,292,,,,,,,The government announced a plan for protecting villagers from tigers,0,,,2026-07-06,2026-07-06,2026-07-06T21:59:09.647Z,18:59:09,2026-07-06 18:59:09,,,,,,,spotlight-prolific
QGFAEPFN,697a707b5bc42b2987347880,2,int,18,4,18,19,-1,999,43051,4538131,147,290,,,,,,,The government announced a plan for protecting villagers from tigers,0,,,2026-07-06,2026-07-06,2026-07-06T21:59:09.647Z,18:59:09,2026-07-06 18:59:09,,,,,,,spotlight-prolific
QGFAEPFN,697a707b5bc42b2987347880,2,int,18,4,18,19,-1,999,43102,4538181,147,290,,,,,,,The government announced a plan for protecting villagers from tigers,0,,,2026-07-06,2026-07-06,2026-07-06T21:59:09.647Z,18:59:09,2026-07-06 18:59:09,,,,,,,spotlight-prolific
QGFAEPFN,697a707b5bc42b2987347880,2,int,18,4,18,19,-1,999,43151,4538231,146,290,,,,,,,The government announced a plan for protecting villagers from tigers,0,,,2026-07-06,2026-07-06,2026-07-06T21:59:09.647Z,18:59:09,2026-07-06 18:59:09,,,,,,,spotlight-prolific
QGFAEPFN,697a707b5bc42b2987347880,2,int,18,4,18,19,-1,999,43202,4538281,146,290,,,,,,,The government announced a plan for protecting villagers from tigers,0,,,2026-07-06,2026-07-06,2026-07-06T21:59:09.647Z,18:59:09,2026-07-06 18:59:09,,,,,,,spotlight-prolific
QGFAEPFN,697a707b5bc42b2987347880,2,int,18,4,18,19,-1,999,43252,4538331,146,290,,,,,,,The government announced a plan for protecting villagers from tigers,0,,,2026-07-06,2026-07-06,2026-07-06T21:59:09.647Z,18:59:09,2026-07-06 18:59:09,,,,,,,spotlight-prolific
QGFAEPFN,697a707b5bc42b2987347880,2,int,18,4,18,19,-1,999,43301,4538381,163,289,,,,,,,The government announced a plan for protecting villagers from tigers,0,,,2026-07-06,2026-07-06,2026-07-06T21:59:09.647Z,18:59:09,2026-07-06 18:59:09,,,,,,,spotlight-prolific
QGFAEPFN,697a707b5bc42b2987347880,2,int,18,4,18,19,-1,999,43351,4538431,200,289,,,,,,,The government announced a plan for protecting villagers from tigers,0,,,2026-07-06,2026-07-06,2026-07-06T21:59:09.647Z,18:59:09,2026-07-06 18:59:09,,,,,,,spotlight-prolific
QGFAEPFN,697a707b5bc42b2987347880,2,int,18,4,18,19,67, to ,43402,4538481,235,289,265.2569580078125,234.18055725097656,286.5902919769287,254.55555725097656,6,1,The government announced a plan for protecting villagers from tigers,0,,,2026-07-06,2026-07-06,2026-07-06T21:59:09.647Z,18:59:09,2026-07-06 18:59:09,,,,,,,spotlight-prolific
QGFAEPFN,697a707b5bc42b2987347880,2,int,18,4,18,19,68, about ,43452,4538531,260,289,265.2569580078125,254.55555725097656,286.5902919769287,304.86805725097656,6,2,The government announced a plan for protecting villagers from tigers,0,,,2026-07-06,2026-07-06,2026-07-06T21:59:09.647Z,18:59:09,2026-07-06 18:59:09,,,,,,,spotlight-prolific
QGFAEPFN,697a707b5bc42b2987347880,2,int,18,4,18,19,68, about ,43502,4538582,276,289,265.2569580078125,254.55555725097656,286.5902919769287,304.86805725097656,6,2,The government announced a plan for protecting villagers from tigers,0,,,2026-07-06,2026-07-06,2026-07-06T21:59:09.647Z,18:59:09,2026-07-06 18:59:09,,,,,,,spotlight-prolific
QGFAEPFN,697a707b5bc42b2987347880,2,int,18,4,18,19,68, about ,43552,4538631,288,289,265.2569580078125,254.55555725097656,286.5902919769287,304.86805725097656,6,2,The government announced a plan for protecting villagers from tigers,0,,,2026-07-06,2026-07-06,2026-07-06T21:59:09.647Z,18:59:09,2026-07-06 18:59:09,,,,,,,spotlight-prolific
QGFAEPFN,697a707b5bc42b2987347880,2,int,18,4,18,19,68, about ,43602,4538681,304,289,265.2569580078125,254.55555725097656,286.5902919769287,304.86805725097656,6,2,The government announced a plan for protecting villagers from tigers,0,,,2026-07-06,2026-07-06,2026-07-06T21:59:09.647Z,18:59:09,2026-07-06 18:59:09,,,,,,,spotlight-prolific
QGFAEPFN,697a707b5bc42b2987347880,2,int,18,4,18,19,68, about ,43653,4538732,304,289,265.2569580078125,254.55555725097656,286.5902919769287,304.86805725097656,6,2,The government announced a plan for protecting villagers from tigers,0,,,2026-07-06,2026-07-06,2026-07-06T21:59:09.647Z,18:59:09,2026-07-06 18:59:09,,,,,,,spotlight-prolific
QGFAEPFN,697a707b5bc42b2987347880,2,int,18,4,18,19,69," 3,000, ",43709,4538789,309,290,265.2569580078125,304.8680725097656,286.5902919769287,356.7291831970215,6,3,The government announced a plan for protecting villagers from tigers,0,,,2026-07-06,2026-07-06,2026-07-06T21:59:09.647Z,18:59:09,2026-07-06 18:59:09,,,,,,,spotlight-prolific
QGFAEPFN,697a707b5bc42b2987347880,2,int,18,4,18,19,69," 3,000, ",43752,4538832,310,290,265.2569580078125,304.8680725097656,286.5902919769287,356.7291831970215,6,3,The government announced a plan for protecting villagers from tigers,0,,,2026-07-06,2026-07-06,2026-07-06T21:59:09.647Z,18:59:09,2026-07-06 18:59:09,,,,,,,spotlight-prolific
QGFAEPFN,697a707b5bc42b2987347880,2,int,18,4,18,19,69," 3,000, ",43804,4538883,310,290,265.2569580078125,304.8680725097656,286.5902919769287,356.7291831970215,6,3,The government announced a plan for protecting villagers from tigers,0,,,2026-07-06,2026-07-06,2026-07-06T21:59:09.647Z,18:59:09,2026-07-06 18:59:09,,,,,,,spotlight-prolific
QGFAEPFN,697a707b5bc42b2987347880,2,int,18,4,18,19,69," 3,000, ",43852,4538931,320,289,265.2569580078125,304.8680725097656,286.5902919769287,356.7291831970215,6,3,The government announced a plan for protecting villagers from tigers,0,,,2026-07-06,2026-07-06,2026-07-06T21:59:09.647Z,18:59:09,2026-07-06 18:59:09,,,,,,,spotlight-prolific
QGFAEPFN,697a707b5bc42b2987347880,2,int,18,4,18,19,69," 3,000, ",43902,4538982,329,288,265.2569580078125,304.8680725097656,286.5902919769287,356.7291831970215,6,3,The government announced a plan for protecting villagers from tigers,0,,,2026-07-06,2026-07-06,2026-07-06T21:59:09.647Z,18:59:09,2026-07-06 18:59:09,,,,,,,spotlight-prolific
QGFAEPFN,697a707b5bc42b2987347880,2,int,18,4,18,19,69," 3,000, ",43952,4539031,343,288,265.2569580078125,304.8680725097656,286.5902919769287,356.7291831970215,6,3,The government announced a plan for protecting villagers from tigers,0,,,2026-07-06,2026-07-06,2026-07-06T21:59:09.647Z,18:59:09,2026-07-06 18:59:09,,,,,,,spotlight-prolific
QGFAEPFN,697a707b5bc42b2987347880,2,int,18,4,18,19,70, a ,44002,4539082,358,288,265.2569580078125,356.7291564941406,286.5902919769287,370.9444341659546,6,4,The government announced a plan for protecting villagers from tigers,0,,,2026-07-06,2026-07-06,2026-07-06T21:59:09.647Z,18:59:09,2026-07-06 18:59:09,,,,,,,spotlight-prolific
QGFAEPFN,697a707b5bc42b2987347880,2,int,18,4,18,19,70, a ,44052,4539131,369,288,265.2569580078125,356.7291564941406,286.5902919769287,370.9444341659546,6,4,The government announced a plan for protecting villagers from tigers,0,,,2026-07-06,2026-07-06,2026-07-06T21:59:09.647Z,18:59:09,2026-07-06 18:59:09,,,,,,,spotlight-prolific
QGFAEPFN,697a707b5bc42b2987347880,2,int,18,4,18,19,71, 95% ,44102,4539181,380,287,265.2569580078125,370.9444580078125,286.5902919769287,408.7847366333008,6,5,The government announced a plan for protecting villagers from tigers,0,,,2026-07-06,2026-07-06,2026-07-06T21:59:09.647Z,18:59:09,2026-07-06 18:59:09,,,,,,,spotlight-prolific
QGFAEPFN,697a707b5bc42b2987347880,2,int,18,4,18,19,71, 95% ,44152,4539231,399,287,265.2569580078125,370.9444580078125,286.5902919769287,408.7847366333008,6,5,The government announced a plan for protecting villagers from tigers,0,,,2026-07-06,2026-07-06,2026-07-06T21:59:09.647Z,18:59:09,2026-07-06 18:59:09,,,,,,,spotlight-prolific
QGFAEPFN,697a707b5bc42b2987347880,2,int,18,4,18,19,72, drop ,44203,4539282,414,285,265.2569580078125,408.78472900390625,286.5902919769287,449.5902862548828,6,6,The government announced a plan for protecting villagers from tigers,0,,,2026-07-06,2026-07-06,2026-07-06T21:59:09.647Z,18:59:09,2026-07-06 18:59:09,,,,,,,spotlight-prolific
QGFAEPFN,697a707b5bc42b2987347880,2,int,18,4,18,19,72, drop ,44253,4539332,432,283,265.2569580078125,408.78472900390625,286.5902919769287,449.5902862548828,6,6,The government announced a plan for protecting villagers from tigers,0,,,2026-07-06,2026-07-06,2026-07-06T21:59:09.647Z,18:59:09,2026-07-06 18:59:09,,,,,,,spotlight-prolific
QGFAEPFN,697a707b5bc42b2987347880,2,int,18,4,18,19,72, drop ,44303,4539382,444,282,265.2569580078125,408.78472900390625,286.5902919769287,449.5902862548828,6,6,The government announced a plan for protecting villagers from tigers,0,,,2026-07-06,2026-07-06,2026-07-06T21:59:09.647Z,18:59:09,2026-07-06 18:59:09,,,,,,,spotlight-prolific
QGFAEPFN,697a707b5bc42b2987347880,2,int,18,4,18,19,73, over ,44352,4539431,457,282,265.2569580078125,449.59027099609375,286.5902919769287,488.3263816833496,6,7,The government announced a plan for protecting villagers from tigers,0,,,2026-07-06,2026-07-06,2026-07-06T21:59:09.647Z,18:59:09,2026-07-06 18:59:09,,,,,,,spotlight-prolific
QGFAEPFN,697a707b5bc42b2987347880,2,int,18,4,18,19,73, over ,44403,4539482,463,281,265.2569580078125,449.59027099609375,286.5902919769287,488.3263816833496,6,7,The government announced a plan for protecting villagers from tigers,0,,,2026-07-06,2026-07-06,2026-07-06T21:59:09.647Z,18:59:09,2026-07-06 18:59:09,,,,,,,spotlight-prolific
QGFAEPFN,697a707b5bc42b2987347880,2,int,18,4,18,19,73, over ,44453,4539532,464,281,265.2569580078125,449.59027099609375,286.5902919769287,488.3263816833496,6,7,The government announced a plan for protecting villagers from tigers,0,,,2026-07-06,2026-07-06,2026-07-06T21:59:09.647Z,18:59:09,2026-07-06 18:59:09,,,,,,,spotlight-prolific
QGFAEPFN,697a707b5bc42b2987347880,2,int,18,4,18,19,73, over ,44502,4539582,468,279,265.2569580078125,449.59027099609375,286.5902919769287,488.3263816833496,6,7,The government announced a plan for protecting villagers from tigers,0,,,2026-07-06,2026-07-06,2026-07-06T21:59:09.647Z,18:59:09,2026-07-06 18:59:09,,,,,,,spotlight-prolific
QGFAEPFN,697a707b5bc42b2987347880,2,int,18,4,18,19,73, over ,44552,4539631,472,279,265.2569580078125,449.59027099609375,286.5902919769287,488.3263816833496,6,7,The government announced a plan for protecting villagers from tigers,0,,,2026-07-06,2026-07-06,2026-07-06T21:59:09.647Z,18:59:09,2026-07-06 18:59:09,,,,,,,spotlight-prolific
QGFAEPFN,697a707b5bc42b2987347880,2,int,18,4,18,19,73, over ,44602,4539682,477,279,265.2569580078125,449.59027099609375,286.5902919769287,488.3263816833496,6,7,The government announced a plan for protecting villagers from tigers,0,,,2026-07-06,2026-07-06,2026-07-06T21:59:09.647Z,18:59:09,2026-07-06 18:59:09,,,,,,,spotlight-prolific
QGFAEPFN,697a707b5bc42b2987347880,2,int,18,4,18,19,73, over ,44653,4539733,479,279,265.2569580078125,449.59027099609375,286.5902919769287,488.3263816833496,6,7,The government announced a plan for protecting villagers from tigers,0,,,2026-07-06,2026-07-06,2026-07-06T21:59:09.647Z,18:59:09,2026-07-06 18:59:09,,,,,,,spotlight-prolific
QGFAEPFN,697a707b5bc42b2987347880,2,int,18,4,18,19,73, over ,44703,4539782,480,279,265.2569580078125,449.59027099609375,286.5902919769287,488.3263816833496,6,7,The government announced a plan for protecting villagers from tigers,0,,,2026-07-06,2026-07-06,2026-07-06T21:59:09.647Z,18:59:09,2026-07-06 18:59:09,,,,,,,spotlight-prolific
QGFAEPFN,697a707b5bc42b2987347880,2,int,18,4,18,19,73, over ,44752,4539832,487,279,265.2569580078125,449.59027099609375,286.5902919769287,488.3263816833496,6,7,The government announced a plan for protecting villagers from tigers,0,,,2026-07-06,2026-07-06,2026-07-06T21:59:09.647Z,18:59:09,2026-07-06 18:59:09,,,,,,,spotlight-prolific
QGFAEPFN,697a707b5bc42b2987347880,2,int,18,4,18,19,74, a ,44815,4539894,498,279,265.2569580078125,488.3263854980469,286.5902919769287,502.54166316986084,6,8,The government announced a plan for protecting villagers from tigers,0,,,2026-07-06,2026-07-06,2026-07-06T21:59:09.647Z,18:59:09,2026-07-06 18:59:09,,,,,,,spotlight-prolific
QGFAEPFN,697a707b5bc42b2987347880,2,int,18,4,18,19,75, century. ,44858,4539937,506,279,265.2569580078125,502.5416564941406,286.5902919769287,570.0972137451172,6,9,The government announced a plan for protecting villagers from tigers,0,,,2026-07-06,2026-07-06,2026-07-06T21:59:09.647Z,18:59:09,2026-07-06 18:59:09,,,,,,,spotlight-prolific
QGFAEPFN,697a707b5bc42b2987347880,2,int,18,4,18,19,75, century. ,44918,4539997,516,279,265.2569580078125,502.5416564941406,286.5902919769287,570.0972137451172,6,9,The government announced a plan for protecting villagers from tigers,0,,,2026-07-06,2026-07-06,2026-07-06T21:59:09.647Z,18:59:09,2026-07-06 18:59:09,,,,,,,spotlight-prolific
QGFAEPFN,697a707b5bc42b2987347880,2,int,18,4,18,19,75, century. ,44956,4540035,527,279,265.2569580078125,502.5416564941406,286.5902919769287,570.0972137451172,6,9,The government announced a plan for protecting villagers from tigers,0,,,2026-07-06,2026-07-06,2026-07-06T21:59:09.647Z,18:59:09,2026-07-06 18:59:09,,,,,,,spotlight-prolific
QGFAEPFN,697a707b5bc42b2987347880,2,int,18,4,18,19,75, century. ,45011,4540090,543,278,265.2569580078125,502.5416564941406,286.5902919769287,570.0972137451172,6,9,The government announced a plan for protecting villagers from tigers,0,,,2026-07-06,2026-07-06,2026-07-06T21:59:09.647Z,18:59:09,2026-07-06 18:59:09,,,,,,,spotlight-prolific
QGFAEPFN,697a707b5bc42b2987347880,2,int,18,4,18,19,75, century. ,45052,4540132,547,277,265.2569580078125,502.5416564941406,286.5902919769287,570.0972137451172,6,9,The government announced a plan for protecting villagers from tigers,0,,,2026-07-06,2026-07-06,2026-07-06T21:59:09.647Z,18:59:09,2026-07-06 18:59:09,,,,,,,spotlight-prolific
QGFAEPFN,697a707b5bc42b2987347880,2,int,18,4,18,19,75, century. ,45108,4540187,560,277,265.2569580078125,502.5416564941406,286.5902919769287,570.0972137451172,6,9,The government announced a plan for protecting villagers from tigers,0,,,2026-07-06,2026-07-06,2026-07-06T21:59:09.647Z,18:59:09,2026-07-06 18:59:09,,,,,,,spotlight-prolific
QGFAEPFN,697a707b5bc42b2987347880,2,int,18,4,18,19,75, century. ,45153,4540232,566,277,265.2569580078125,502.5416564941406,286.5902919769287,570.0972137451172,6,9,The government announced a plan for protecting villagers from tigers,0,,,2026-07-06,2026-07-06,2026-07-06T21:59:09.647Z,18:59:09,2026-07-06 18:59:09,,,,,,,spotlight-prolific
QGFAEPFN,697a707b5bc42b2987347880,2,int,18,4,18,19,76, Chitwan ,45202,4540281,574,277,265.2569580078125,570.0972290039062,286.5902919769287,639.569450378418,6,10,The government announced a plan for protecting villagers from tigers,0,,,2026-07-06,2026-07-06,2026-07-06T21:59:09.647Z,18:59:09,2026-07-06 18:59:09,,,,,,,spotlight-prolific
QGFAEPFN,697a707b5bc42b2987347880,2,int,18,4,18,19,76, Chitwan ,45252,4540332,584,277,265.2569580078125,570.0972290039062,286.5902919769287,639.569450378418,6,10,The government announced a plan for protecting villagers from tigers,0,,,2026-07-06,2026-07-06,2026-07-06T21:59:09.647Z,18:59:09,2026-07-06 18:59:09,,,,,,,spotlight-prolific
QGFAEPFN,697a707b5bc42b2987347880,2,int,18,4,18,19,76, Chitwan ,45302,4540381,590,278,265.2569580078125,570.0972290039062,286.5902919769287,639.569450378418,6,10,The government announced a plan for protecting villagers from tigers,0,,,2026-07-06,2026-07-06,2026-07-06T21:59:09.647Z,18:59:09,2026-07-06 18:59:09,,,,,,,spotlight-prolific
QGFAEPFN,697a707b5bc42b2987347880,2,int,18,4,18,19,76, Chitwan ,45354,4540433,597,278,265.2569580078125,570.0972290039062,286.5902919769287,639.569450378418,6,10,The government announced a plan for protecting villagers from tigers,0,,,2026-07-06,2026-07-06,2026-07-06T21:59:09.647Z,18:59:09,2026-07-06 18:59:09,,,,,,,spotlight-prolific
QGFAEPFN,697a707b5bc42b2987347880,2,int,18,4,18,19,76, Chitwan ,45403,4540482,607,278,265.2569580078125,570.0972290039062,286.5902919769287,639.569450378418,6,10,The government announced a plan for protecting villagers from tigers,0,,,2026-07-06,2026-07-06,2026-07-06T21:59:09.647Z,18:59:09,2026-07-06 18:59:09,,,,,,,spotlight-prolific
QGFAEPFN,697a707b5bc42b2987347880,2,int,18,4,18,19,76, Chitwan ,45454,4540533,607,278,265.2569580078125,570.0972290039062,286.5902919769287,639.569450378418,6,10,The government announced a plan for protecting villagers from tigers,0,,,2026-07-06,2026-07-06,2026-07-06T21:59:09.647Z,18:59:09,2026-07-06 18:59:09,,,,,,,spotlight-prolific
QGFAEPFN,697a707b5bc42b2987347880,2,int,18,4,18,19,76, Chitwan ,45505,4540584,607,278,265.2569580078125,570.0972290039062,286.5902919769287,639.569450378418,6,10,The government announced a plan for protecting villagers from tigers,0,,,2026-07-06,2026-07-06,2026-07-06T21:59:09.647Z,18:59:09,2026-07-06 18:59:09,,,,,,,spotlight-prolific
QGFAEPFN,697a707b5bc42b2987347880,2,int,18,4,18,19,76, Chitwan ,45556,4540635,607,278,265.2569580078125,570.0972290039062,286.5902919769287,639.569450378418,6,10,The government announced a plan for protecting villagers from tigers,0,,,2026-07-06,2026-07-06,2026-07-06T21:59:09.647Z,18:59:09,2026-07-06 18:59:09,,,,,,,spotlight-prolific
QGFAEPFN,697a707b5bc42b2987347880,2,int,18,4,18,19,76, Chitwan ,45606,4540686,607,278,265.2569580078125,570.0972290039062,286.5902919769287,639.569450378418,6,10,The government announced a plan for protecting villagers from tigers,0,,,2026-07-06,2026-07-06,2026-07-06T21:59:09.647Z,18:59:09,2026-07-06 18:59:09,,,,,,,spotlight-prolific
QGFAEPFN,697a707b5bc42b2987347880,2,int,18,4,18,19,76, Chitwan ,45655,4540734,607,278,265.2569580078125,570.0972290039062,286.5902919769287,639.569450378418,6,10,The government announced a plan for protecting villagers from tigers,0,,,2026-07-06,2026-07-06,2026-07-06T21:59:09.647Z,18:59:09,2026-07-06 18:59:09,,,,,,,spotlight-prolific
QGFAEPFN,697a707b5bc42b2987347880,2,int,18,4,18,19,75, century. ,45702,4540782,559,279,265.2569580078125,502.5416564941406,286.5902919769287,570.0972137451172,6,9,The government announced a plan for protecting villagers from tigers,0,,,2026-07-06,2026-07-06,2026-07-06T21:59:09.647Z,18:59:09,2026-07-06 18:59:09,,,,,,,spotlight-prolific
QGFAEPFN,697a707b5bc42b2987347880,2,int,18,4,18,19,73, over ,45752,4540832,483,284,265.2569580078125,449.59027099609375,286.5902919769287,488.3263816833496,6,7,The government announced a plan for protecting villagers from tigers,0,,,2026-07-06,2026-07-06,2026-07-06T21:59:09.647Z,18:59:09,2026-07-06 18:59:09,,,,,,,spotlight-prolific
QGFAEPFN,697a707b5bc42b2987347880,2,int,18,4,18,19,71, 95% ,45802,4540882,402,284,265.2569580078125,370.9444580078125,286.5902919769287,408.7847366333008,6,5,The government announced a plan for protecting villagers from tigers,0,,,2026-07-06,2026-07-06,2026-07-06T21:59:09.647Z,18:59:09,2026-07-06 18:59:09,,,,,,,spotlight-prolific
QGFAEPFN,697a707b5bc42b2987347880,2,int,18,4,18,19,68, about ,45852,4540931,291,285,265.2569580078125,254.55555725097656,286.5902919769287,304.86805725097656,6,2,The government announced a plan for protecting villagers from tigers,0,,,2026-07-06,2026-07-06,2026-07-06T21:59:09.647Z,18:59:09,2026-07-06 18:59:09,,,,,,,spotlight-prolific
QGFAEPFN,697a707b5bc42b2987347880,2,int,18,4,18,19,67, to ,45902,4540981,246,285,265.2569580078125,234.18055725097656,286.5902919769287,254.55555725097656,6,1,The government announced a plan for protecting villagers from tigers,0,,,2026-07-06,2026-07-06,2026-07-06T21:59:09.647Z,18:59:09,2026-07-06 18:59:09,,,,,,,spotlight-prolific
QGFAEPFN,697a707b5bc42b2987347880,2,int,18,4,18,19,-1,999,45951,4541031,228,287,,,,,,,The government announced a plan for protecting villagers from tigers,0,,,2026-07-06,2026-07-06,2026-07-06T21:59:09.647Z,18:59:09,2026-07-06 18:59:09,,,,,,,spotlight-prolific
QGFAEPFN,697a707b5bc42b2987347880,2,int,18,4,18,19,-1,999,46001,4541081,207,287,,,,,,,The government announced a plan for protecting villagers from tigers,0,,,2026-07-06,2026-07-06,2026-07-06T21:59:09.647Z,18:59:09,2026-07-06 18:59:09,,,,,,,spotlight-prolific
QGFAEPFN,697a707b5bc42b2987347880,2,int,18,4,18,19,-1,999,46051,4541131,183,287,,,,,,,The government announced a plan for protecting villagers from tigers,0,,,2026-07-06,2026-07-06,2026-07-06T21:59:09.647Z,18:59:09,2026-07-06 18:59:09,,,,,,,spotlight-prolific
QGFAEPFN,697a707b5bc42b2987347880,2,int,18,4,18,19,-1,999,46101,4541181,177,285,,,,,,,The government announced a plan for protecting villagers from tigers,0,,,2026-07-06,2026-07-06,2026-07-06T21:59:09.647Z,18:59:09,2026-07-06 18:59:09,,,,,,,spotlight-prolific
QGFAEPFN,697a707b5bc42b2987347880,2,int,18,4,18,19,-1,999,46151,4541231,161,281,,,,,,,The government announced a plan for protecting villagers from tigers,0,,,2026-07-06,2026-07-06,2026-07-06T21:59:09.647Z,18:59:09,2026-07-06 18:59:09,,,,,,,spotlight-prolific
QGFAEPFN,697a707b5bc42b2987347880,2,int,18,4,18,19,-1,999,46201,4541281,159,281,,,,,,,The government announced a plan for protecting villagers from tigers,0,,,2026-07-06,2026-07-06,2026-07-06T21:59:09.647Z,18:59:09,2026-07-06 18:59:09,,,,,,,spotlight-prolific
QGFAEPFN,697a707b5bc42b2987347880,2,int,18,4,18,19,-1,999,46252,4541331,159,281,,,,,,,The government announced a plan for protecting villagers from tigers,0,,,2026-07-06,2026-07-06,2026-07-06T21:59:09.647Z,18:59:09,2026-07-06 18:59:09,,,,,,,spotlight-prolific
QGFAEPFN,697a707b5bc42b2987347880,2,int,18,4,18,19,-1,999,46315,4541395,158,281,,,,,,,The government announced a plan for protecting villagers from tigers,0,,,2026-07-06,2026-07-06,2026-07-06T21:59:09.647Z,18:59:09,2026-07-06 18:59:09,,,,,,,spotlight-prolific
QGFAEPFN,697a707b5bc42b2987347880,2,int,18,4,18,19,-1,999,46352,4541431,158,281,,,,,,,The government announced a plan for protecting villagers from tigers,0,,,2026-07-06,2026-07-06,2026-07-06T21:59:09.647Z,18:59:09,2026-07-06 18:59:09,,,,,,,spotlight-prolific
QGFAEPFN,697a707b5bc42b2987347880,2,int,18,4,18,19,-1,999,46402,4541481,162,279,,,,,,,The government announced a plan for protecting villagers from tigers,0,,,2026-07-06,2026-07-06,2026-07-06T21:59:09.647Z,18:59:09,2026-07-06 18:59:09,,,,,,,spotlight-prolific
QGFAEPFN,697a707b5bc42b2987347880,2,int,18,4,18,19,-1,999,46451,4541530,184,279,,,,,,,The government announced a plan for protecting villagers from tigers,0,,,2026-07-06,2026-07-06,2026-07-06T21:59:09.647Z,18:59:09,2026-07-06 18:59:09,,,,,,,spotlight-prolific
QGFAEPFN,697a707b5bc42b2987347880,2,int,18,4,18,19,-1,999,46501,4541581,201,279,,,,,,,The government announced a plan for protecting villagers from tigers,0,,,2026-07-06,2026-07-06,2026-07-06T21:59:09.647Z,18:59:09,2026-07-06 18:59:09,,,,,,,spotlight-prolific
QGFAEPFN,697a707b5bc42b2987347880,2,int,18,4,18,19,-1,999,46551,4541631,219,279,,,,,,,The government announced a plan for protecting villagers from tigers,0,,,2026-07-06,2026-07-06,2026-07-06T21:59:09.647Z,18:59:09,2026-07-06 18:59:09,,,,,,,spotlight-prolific
QGFAEPFN,697a707b5bc42b2987347880,2,int,18,4,18,19,67, to ,46603,4541682,234,279,265.2569580078125,234.18055725097656,286.5902919769287,254.55555725097656,6,1,The government announced a plan for protecting villagers from tigers,0,,,2026-07-06,2026-07-06,2026-07-06T21:59:09.647Z,18:59:09,2026-07-06 18:59:09,,,,,,,spotlight-prolific
QGFAEPFN,697a707b5bc42b2987347880,2,int,18,4,18,19,67, to ,46652,4541731,245,279,265.2569580078125,234.18055725097656,286.5902919769287,254.55555725097656,6,1,The government announced a plan for protecting villagers from tigers,0,,,2026-07-06,2026-07-06,2026-07-06T21:59:09.647Z,18:59:09,2026-07-06 18:59:09,,,,,,,spotlight-prolific
QGFAEPFN,697a707b5bc42b2987347880,2,int,18,4,18,19,67, to ,46702,4541781,253,278,265.2569580078125,234.18055725097656,286.5902919769287,254.55555725097656,6,1,The government announced a plan for protecting villagers from tigers,0,,,2026-07-06,2026-07-06,2026-07-06T21:59:09.647Z,18:59:09,2026-07-06 18:59:09,,,,,,,spotlight-prolific
QGFAEPFN,697a707b5bc42b2987347880,2,int,18,4,18,19,68, about ,46752,4541832,264,278,265.2569580078125,254.55555725097656,286.5902919769287,304.86805725097656,6,2,The government announced a plan for protecting villagers from tigers,0,,,2026-07-06,2026-07-06,2026-07-06T21:59:09.647Z,18:59:09,2026-07-06 18:59:09,,,,,,,spotlight-prolific
QGFAEPFN,697a707b5bc42b2987347880,2,int,18,4,18,19,68, about ,46806,4541885,280,278,265.2569580078125,254.55555725097656,286.5902919769287,304.86805725097656,6,2,The government announced a plan for protecting villagers from tigers,0,,,2026-07-06,2026-07-06,2026-07-06T21:59:09.647Z,18:59:09,2026-07-06 18:59:09,,,,,,,spotlight-prolific
QGFAEPFN,697a707b5bc42b2987347880,2,int,18,4,18,19,68, about ,46852,4541931,293,278,265.2569580078125,254.55555725097656,286.5902919769287,304.86805725097656,6,2,The government announced a plan for protecting villagers from tigers,0,,,2026-07-06,2026-07-06,2026-07-06T21:59:09.647Z,18:59:09,2026-07-06 18:59:09,,,,,,,spotlight-prolific
QGFAEPFN,697a707b5bc42b2987347880,2,int,18,4,18,19,68, about ,46902,4541982,301,278,265.2569580078125,254.55555725097656,286.5902919769287,304.86805725097656,6,2,The government announced a plan for protecting villagers from tigers,0,,,2026-07-06,2026-07-06,2026-07-06T21:59:09.647Z,18:59:09,2026-07-06 18:59:09,,,,,,,spotlight-prolific
QGFAEPFN,697a707b5bc42b2987347880,2,int,18,4,18,19,69," 3,000, ",46952,4542032,311,278,265.2569580078125,304.8680725097656,286.5902919769287,356.7291831970215,6,3,The government announced a plan for protecting villagers from tigers,0,,,2026-07-06,2026-07-06,2026-07-06T21:59:09.647Z,18:59:09,2026-07-06 18:59:09,,,,,,,spotlight-prolific
QGFAEPFN,697a707b5bc42b2987347880,2,int,18,4,18,19,69," 3,000, ",47011,4542091,315,278,265.2569580078125,304.8680725097656,286.5902919769287,356.7291831970215,6,3,The government announced a plan for protecting villagers from tigers,0,,,2026-07-06,2026-07-06,2026-07-06T21:59:09.647Z,18:59:09,2026-07-06 18:59:09,,,,,,,spotlight-prolific
QGFAEPFN,697a707b5bc42b2987347880,2,int,18,4,18,19,69," 3,000, ",47066,4542145,323,278,265.2569580078125,304.8680725097656,286.5902919769287,356.7291831970215,6,3,The government announced a plan for protecting villagers from tigers,0,,,2026-07-06,2026-07-06,2026-07-06T21:59:09.647Z,18:59:09,2026-07-06 18:59:09,,,,,,,spotlight-prolific
QGFAEPFN,697a707b5bc42b2987347880,2,int,18,4,18,19,69," 3,000, ",47113,4542193,330,278,265.2569580078125,304.8680725097656,286.5902919769287,356.7291831970215,6,3,The government announced a plan for protecting villagers from tigers,0,,,2026-07-06,2026-07-06,2026-07-06T21:59:09.647Z,18:59:09,2026-07-06 18:59:09,,,,,,,spotlight-prolific
QGFAEPFN,697a707b5bc42b2987347880,2,int,18,4,18,19,69," 3,000, ",47159,4542238,339,278,265.2569580078125,304.8680725097656,286.5902919769287,356.7291831970215,6,3,The government announced a plan for protecting villagers from tigers,0,,,2026-07-06,2026-07-06,2026-07-06T21:59:09.647Z,18:59:09,2026-07-06 18:59:09,,,,,,,spotlight-prolific
QGFAEPFN,697a707b5bc42b2987347880,2,int,18,4,18,19,69," 3,000, ",47212,4542291,351,278,265.2569580078125,304.8680725097656,286.5902919769287,356.7291831970215,6,3,The government announced a plan for protecting villagers from tigers,0,,,2026-07-06,2026-07-06,2026-07-06T21:59:09.647Z,18:59:09,2026-07-06 18:59:09,,,,,,,spotlight-prolific
QGFAEPFN,697a707b5bc42b2987347880,2,int,18,4,18,19,70, a ,47261,4542341,361,278,265.2569580078125,356.7291564941406,286.5902919769287,370.9444341659546,6,4,The government announced a plan for protecting villagers from tigers,0,,,2026-07-06,2026-07-06,2026-07-06T21:59:09.647Z,18:59:09,2026-07-06 18:59:09,,,,,,,spotlight-prolific
QGFAEPFN,697a707b5bc42b2987347880,2,int,18,4,18,19,71, 95% ,47314,4542393,381,278,265.2569580078125,370.9444580078125,286.5902919769287,408.7847366333008,6,5,The government announced a plan for protecting villagers from tigers,0,,,2026-07-06,2026-07-06,2026-07-06T21:59:09.647Z,18:59:09,2026-07-06 18:59:09,,,,,,,spotlight-prolific
QGFAEPFN,697a707b5bc42b2987347880,2,int,18,4,18,19,71, 95% ,47365,4542445,392,278,265.2569580078125,370.9444580078125,286.5902919769287,408.7847366333008,6,5,The government announced a plan for protecting villagers from tigers,0,,,2026-07-06,2026-07-06,2026-07-06T21:59:09.647Z,18:59:09,2026-07-06 18:59:09,,,,,,,spotlight-prolific
QGFAEPFN,697a707b5bc42b2987347880,2,int,18,4,18,19,71, 95% ,47402,4542482,399,278,265.2569580078125,370.9444580078125,286.5902919769287,408.7847366333008,6,5,The government announced a plan for protecting villagers from tigers,0,,,2026-07-06,2026-07-06,2026-07-06T21:59:09.647Z,18:59:09,2026-07-06 18:59:09,,,,,,,spotlight-prolific
QGFAEPFN,697a707b5bc42b2987347880,2,int,18,4,18,19,72, drop ,47463,4542542,424,278,265.2569580078125,408.78472900390625,286.5902919769287,449.5902862548828,6,6,The government announced a plan for protecting villagers from tigers,0,,,2026-07-06,2026-07-06,2026-07-06T21:59:09.647Z,18:59:09,2026-07-06 18:59:09,,,,,,,spotlight-prolific
QGFAEPFN,697a707b5bc42b2987347880,2,int,18,4,18,19,72, drop ,47511,4542591,441,278,265.2569580078125,408.78472900390625,286.5902919769287,449.5902862548828,6,6,The government announced a plan for protecting villagers from tigers,0,,,2026-07-06,2026-07-06,2026-07-06T21:59:09.647Z,18:59:09,2026-07-06 18:59:09,,,,,,,spotlight-prolific
QGFAEPFN,697a707b5bc42b2987347880,2,int,18,4,18,19,73, over ,47563,4542642,463,278,265.2569580078125,449.59027099609375,286.5902919769287,488.3263816833496,6,7,The government announced a plan for protecting villagers from tigers,0,,,2026-07-06,2026-07-06,2026-07-06T21:59:09.647Z,18:59:09,2026-07-06 18:59:09,,,,,,,spotlight-prolific
QGFAEPFN,697a707b5bc42b2987347880,2,int,18,4,18,19,73, over ,47607,4542686,475,278,265.2569580078125,449.59027099609375,286.5902919769287,488.3263816833496,6,7,The government announced a plan for protecting villagers from tigers,0,,,2026-07-06,2026-07-06,2026-07-06T21:59:09.647Z,18:59:09,2026-07-06 18:59:09,,,,,,,spotlight-prolific
QGFAEPFN,697a707b5bc42b2987347880,2,int,18,4,18,19,74, a ,47658,4542738,496,278,265.2569580078125,488.3263854980469,286.5902919769287,502.54166316986084,6,8,The government announced a plan for protecting villagers from tigers,0,,,2026-07-06,2026-07-06,2026-07-06T21:59:09.647Z,18:59:09,2026-07-06 18:59:09,,,,,,,spotlight-prolific
QGFAEPFN,697a707b5bc42b2987347880,2,int,18,4,18,19,75, century. ,47710,4542790,513,278,265.2569580078125,502.5416564941406,286.5902919769287,570.0972137451172,6,9,The government announced a plan for protecting villagers from tigers,0,,,2026-07-06,2026-07-06,2026-07-06T21:59:09.647Z,18:59:09,2026-07-06 18:59:09,,,,,,,spotlight-prolific
QGFAEPFN,697a707b5bc42b2987347880,2,int,18,4,18,19,75, century. ,47762,4542842,526,278,265.2569580078125,502.5416564941406,286.5902919769287,570.0972137451172,6,9,The government announced a plan for protecting villagers from tigers,0,,,2026-07-06,2026-07-06,2026-07-06T21:59:09.647Z,18:59:09,2026-07-06 18:59:09,,,,,,,spotlight-prolific
QGFAEPFN,697a707b5bc42b2987347880,2,int,18,4,18,19,75, century. ,47814,4542894,532,278,265.2569580078125,502.5416564941406,286.5902919769287,570.0972137451172,6,9,The government announced a plan for protecting villagers from tigers,0,,,2026-07-06,2026-07-06,2026-07-06T21:59:09.647Z,18:59:09,2026-07-06 18:59:09,,,,,,,spotlight-prolific
QGFAEPFN,697a707b5bc42b2987347880,2,int,18,4,18,19,75, century. ,47861,4542941,542,275,265.2569580078125,502.5416564941406,286.5902919769287,570.0972137451172,6,9,The government announced a plan for protecting villagers from tigers,0,,,2026-07-06,2026-07-06,2026-07-06T21:59:09.647Z,18:59:09,2026-07-06 18:59:09,,,,,,,spotlight-prolific
QGFAEPFN,697a707b5bc42b2987347880,2,int,18,4,18,19,75, century. ,47906,4542985,545,275,265.2569580078125,502.5416564941406,286.5902919769287,570.0972137451172,6,9,The government announced a plan for protecting villagers from tigers,0,,,2026-07-06,2026-07-06,2026-07-06T21:59:09.647Z,18:59:09,2026-07-06 18:59:09,,,,,,,spotlight-prolific
QGFAEPFN,697a707b5bc42b2987347880,2,int,18,4,18,19,75, century. ,47952,4543031,558,272,265.2569580078125,502.5416564941406,286.5902919769287,570.0972137451172,6,9,The government announced a plan for protecting villagers from tigers,0,,,2026-07-06,2026-07-06,2026-07-06T21:59:09.647Z,18:59:09,2026-07-06 18:59:09,,,,,,,spotlight-prolific
QGFAEPFN,697a707b5bc42b2987347880,2,int,18,4,18,19,75, century. ,48002,4543082,569,272,265.2569580078125,502.5416564941406,286.5902919769287,570.0972137451172,6,9,The government announced a plan for protecting villagers from tigers,0,,,2026-07-06,2026-07-06,2026-07-06T21:59:09.647Z,18:59:09,2026-07-06 18:59:09,,,,,,,spotlight-prolific
QGFAEPFN,697a707b5bc42b2987347880,2,int,18,4,18,19,76, Chitwan ,48052,4543131,579,272,265.2569580078125,570.0972290039062,286.5902919769287,639.569450378418,6,10,The government announced a plan for protecting villagers from tigers,0,,,2026-07-06,2026-07-06,2026-07-06T21:59:09.647Z,18:59:09,2026-07-06 18:59:09,,,,,,,spotlight-prolific
QGFAEPFN,697a707b5bc42b2987347880,2,int,18,4,18,19,76, Chitwan ,48103,4543182,591,272,265.2569580078125,570.0972290039062,286.5902919769287,639.569450378418,6,10,The government announced a plan for protecting villagers from tigers,0,,,2026-07-06,2026-07-06,2026-07-06T21:59:09.647Z,18:59:09,2026-07-06 18:59:09,,,,,,,spotlight-prolific
QGFAEPFN,697a707b5bc42b2987347880,2,int,18,4,18,19,76, Chitwan ,48158,4543237,598,272,265.2569580078125,570.0972290039062,286.5902919769287,639.569450378418,6,10,The government announced a plan for protecting villagers from tigers,0,,,2026-07-06,2026-07-06,2026-07-06T21:59:09.647Z,18:59:09,2026-07-06 18:59:09,,,,,,,spotlight-prolific
QGFAEPFN,697a707b5bc42b2987347880,2,int,18,4,18,19,76, Chitwan ,48202,4543281,607,272,265.2569580078125,570.0972290039062,286.5902919769287,639.569450378418,6,10,The government announced a plan for protecting villagers from tigers,0,,,2026-07-06,2026-07-06,2026-07-06T21:59:09.647Z,18:59:09,2026-07-06 18:59:09,,,,,,,spotlight-prolific
QGFAEPFN,697a707b5bc42b2987347880,2,int,18,4,18,19,76, Chitwan ,48253,4543332,609,272,265.2569580078125,570.0972290039062,286.5902919769287,639.569450378418,6,10,The government announced a plan for protecting villagers from tigers,0,,,2026-07-06,2026-07-06,2026-07-06T21:59:09.647Z,18:59:09,2026-07-06 18:59:09,,,,,,,spotlight-prolific
QGFAEPFN,697a707b5bc42b2987347880,2,int,18,4,18,19,76, Chitwan ,48304,4543384,609,272,265.2569580078125,570.0972290039062,286.5902919769287,639.569450378418,6,10,The government announced a plan for protecting villagers from tigers,0,,,2026-07-06,2026-07-06,2026-07-06T21:59:09.647Z,18:59:09,2026-07-06 18:59:09,,,,,,,spotlight-prolific
QGFAEPFN,697a707b5bc42b2987347880,2,int,18,4,18,19,76, Chitwan ,48355,4543434,609,272,265.2569580078125,570.0972290039062,286.5902919769287,639.569450378418,6,10,The government announced a plan for protecting villagers from tigers,0,,,2026-07-06,2026-07-06,2026-07-06T21:59:09.647Z,18:59:09,2026-07-06 18:59:09,,,,,,,spotlight-prolific
QGFAEPFN,697a707b5bc42b2987347880,2,int,18,4,18,19,76, Chitwan ,48407,4543486,609,272,265.2569580078125,570.0972290039062,286.5902919769287,639.569450378418,6,10,The government announced a plan for protecting villagers from tigers,0,,,2026-07-06,2026-07-06,2026-07-06T21:59:09.647Z,18:59:09,2026-07-06 18:59:09,,,,,,,spotlight-prolific
QGFAEPFN,697a707b5bc42b2987347880,2,int,18,4,18,19,76, Chitwan ,48452,4543532,620,272,265.2569580078125,570.0972290039062,286.5902919769287,639.569450378418,6,10,The government announced a plan for protecting villagers from tigers,0,,,2026-07-06,2026-07-06,2026-07-06T21:59:09.647Z,18:59:09,2026-07-06 18:59:09,,,,,,,spotlight-prolific
QGFAEPFN,697a707b5bc42b2987347880,2,int,18,4,18,19,76, Chitwan ,48503,4543582,625,272,265.2569580078125,570.0972290039062,286.5902919769287,639.569450378418,6,10,The government announced a plan for protecting villagers from tigers,0,,,2026-07-06,2026-07-06,2026-07-06T21:59:09.647Z,18:59:09,2026-07-06 18:59:09,,,,,,,spotlight-prolific
QGFAEPFN,697a707b5bc42b2987347880,2,int,18,4,18,19,76, Chitwan ,48562,4543641,634,278,265.2569580078125,570.0972290039062,286.5902919769287,639.569450378418,6,10,The government announced a plan for protecting villagers from tigers,0,,,2026-07-06,2026-07-06,2026-07-06T21:59:09.647Z,18:59:09,2026-07-06 18:59:09,,,,,,,spotlight-prolific
QGFAEPFN,697a707b5bc42b2987347880,2,int,18,4,18,19,77, National ,48608,4543687,641,281,265.2569580078125,639.5694580078125,286.5902919769287,711.0277938842773,6,11,The government announced a plan for protecting villagers from tigers,0,,,2026-07-06,2026-07-06,2026-07-06T21:59:09.647Z,18:59:09,2026-07-06 18:59:09,,,,,,,spotlight-prolific
QGFAEPFN,697a707b5bc42b2987347880,2,int,18,4,18,19,77, National ,48653,4543732,641,281,265.2569580078125,639.5694580078125,286.5902919769287,711.0277938842773,6,11,The government announced a plan for protecting villagers from tigers,0,,,2026-07-06,2026-07-06,2026-07-06T21:59:09.647Z,18:59:09,2026-07-06 18:59:09,,,,,,,spotlight-prolific
QGFAEPFN,697a707b5bc42b2987347880,2,int,18,4,18,19,77, National ,48702,4543781,654,281,265.2569580078125,639.5694580078125,286.5902919769287,711.0277938842773,6,11,The government announced a plan for protecting villagers from tigers,0,,,2026-07-06,2026-07-06,2026-07-06T21:59:09.647Z,18:59:09,2026-07-06 18:59:09,,,,,,,spotlight-prolific
QGFAEPFN,697a707b5bc42b2987347880,2,int,18,4,18,19,77, National ,48752,4543832,667,281,265.2569580078125,639.5694580078125,286.5902919769287,711.0277938842773,6,11,The government announced a plan for protecting villagers from tigers,0,,,2026-07-06,2026-07-06,2026-07-06T21:59:09.647Z,18:59:09,2026-07-06 18:59:09,,,,,,,spotlight-prolific
QGFAEPFN,697a707b5bc42b2987347880,2,int,18,4,18,19,77, National ,48803,4543882,678,281,265.2569580078125,639.5694580078125,286.5902919769287,711.0277938842773,6,11,The government announced a plan for protecting villagers from tigers,0,,,2026-07-06,2026-07-06,2026-07-06T21:59:09.647Z,18:59:09,2026-07-06 18:59:09,,,,,,,spotlight-prolific
QGFAEPFN,697a707b5bc42b2987347880,2,int,18,4,18,19,77, National ,48852,4543931,686,281,265.2569580078125,639.5694580078125,286.5902919769287,711.0277938842773,6,11,The government announced a plan for protecting villagers from tigers,0,,,2026-07-06,2026-07-06,2026-07-06T21:59:09.647Z,18:59:09,2026-07-06 18:59:09,,,,,,,spotlight-prolific
QGFAEPFN,697a707b5bc42b2987347880,2,int,18,4,18,19,77, National ,48902,4543982,695,281,265.2569580078125,639.5694580078125,286.5902919769287,711.0277938842773,6,11,The government announced a plan for protecting villagers from tigers,0,,,2026-07-06,2026-07-06,2026-07-06T21:59:09.647Z,18:59:09,2026-07-06 18:59:09,,,,,,,spotlight-prolific
QGFAEPFN,697a707b5bc42b2987347880,2,int,18,4,18,19,78, Park ,48952,4544032,713,281,265.2569580078125,711.0277709960938,286.5902919769287,751.6041603088379,6,12,The government announced a plan for protecting villagers from tigers,0,,,2026-07-06,2026-07-06,2026-07-06T21:59:09.647Z,18:59:09,2026-07-06 18:59:09,,,,,,,spotlight-prolific
QGFAEPFN,697a707b5bc42b2987347880,2,int,18,4,18,19,78, Park ,49002,4544082,728,281,265.2569580078125,711.0277709960938,286.5902919769287,751.6041603088379,6,12,The government announced a plan for protecting villagers from tigers,0,,,2026-07-06,2026-07-06,2026-07-06T21:59:09.647Z,18:59:09,2026-07-06 18:59:09,,,,,,,spotlight-prolific
QGFAEPFN,697a707b5bc42b2987347880,2,int,18,4,18,19,78, Park ,49059,4544139,730,281,265.2569580078125,711.0277709960938,286.5902919769287,751.6041603088379,6,12,The government announced a plan for protecting villagers from tigers,0,,,2026-07-06,2026-07-06,2026-07-06T21:59:09.647Z,18:59:09,2026-07-06 18:59:09,,,,,,,spotlight-prolific
QGFAEPFN,697a707b5bc42b2987347880,2,int,18,4,18,19,78, Park ,49110,4544189,742,281,265.2569580078125,711.0277709960938,286.5902919769287,751.6041603088379,6,12,The government announced a plan for protecting villagers from tigers,0,,,2026-07-06,2026-07-06,2026-07-06T21:59:09.647Z,18:59:09,2026-07-06 18:59:09,,,,,,,spotlight-prolific
QGFAEPFN,697a707b5bc42b2987347880,2,int,18,4,18,19,78, Park ,49160,4544239,748,281,265.2569580078125,711.0277709960938,286.5902919769287,751.6041603088379,6,12,The government announced a plan for protecting villagers from tigers,0,,,2026-07-06,2026-07-06,2026-07-06T21:59:09.647Z,18:59:09,2026-07-06 18:59:09,,,,,,,spotlight-prolific
QGFAEPFN,697a707b5bc42b2987347880,2,int,18,4,18,19,79, in ,49202,4544281,767,281,265.2569580078125,751.6041870117188,286.5902919769287,770.2916870117188,6,13,The government announced a plan for protecting villagers from tigers,0,,,2026-07-06,2026-07-06,2026-07-06T21:59:09.647Z,18:59:09,2026-07-06 18:59:09,,,,,,,spotlight-prolific
QGFAEPFN,697a707b5bc42b2987347880,2,int,18,4,18,19,80, central ,49259,4544339,781,281,265.2569580078125,770.2916870117188,286.5902919769287,829.2500190734863,6,14,The government announced a plan for protecting villagers from tigers,0,,,2026-07-06,2026-07-06,2026-07-06T21:59:09.647Z,18:59:09,2026-07-06 18:59:09,,,,,,,spotlight-prolific
QGFAEPFN,697a707b5bc42b2987347880,2,int,18,4,18,19,80, central ,49302,4544382,799,281,265.2569580078125,770.2916870117188,286.5902919769287,829.2500190734863,6,14,The government announced a plan for protecting villagers from tigers,0,,,2026-07-06,2026-07-06,2026-07-06T21:59:09.647Z,18:59:09,2026-07-06 18:59:09,,,,,,,spotlight-prolific
QGFAEPFN,697a707b5bc42b2987347880,2,int,18,4,18,19,80, central ,49360,4544439,820,281,265.2569580078125,770.2916870117188,286.5902919769287,829.2500190734863,6,14,The government announced a plan for protecting villagers from tigers,0,,,2026-07-06,2026-07-06,2026-07-06T21:59:09.647Z,18:59:09,2026-07-06 18:59:09,,,,,,,spotlight-prolific
QGFAEPFN,697a707b5bc42b2987347880,2,int,18,4,18,19,80, central ,49402,4544481,826,281,265.2569580078125,770.2916870117188,286.5902919769287,829.2500190734863,6,14,The government announced a plan for protecting villagers from tigers,0,,,2026-07-06,2026-07-06,2026-07-06T21:59:09.647Z,18:59:09,2026-07-06 18:59:09,,,,,,,spotlight-prolific
QGFAEPFN,697a707b5bc42b2987347880,2,int,18,4,18,19,80, central ,49452,4544531,829,281,265.2569580078125,770.2916870117188,286.5902919769287,829.2500190734863,6,14,The government announced a plan for protecting villagers from tigers,0,,,2026-07-06,2026-07-06,2026-07-06T21:59:09.647Z,18:59:09,2026-07-06 18:59:09,,,,,,,spotlight-prolific
QGFAEPFN,697a707b5bc42b2987347880,2,int,18,4,18,19,81, Nepal ,49514,4544594,840,281,265.2569580078125,829.25,286.5902919769287,875.7361106872559,6,15,The government announced a plan for protecting villagers from tigers,0,,,2026-07-06,2026-07-06,2026-07-06T21:59:09.647Z,18:59:09,2026-07-06 18:59:09,,,,,,,spotlight-prolific
QGFAEPFN,697a707b5bc42b2987347880,2,int,18,4,18,19,81, Nepal ,49553,4544632,848,281,265.2569580078125,829.25,286.5902919769287,875.7361106872559,6,15,The government announced a plan for protecting villagers from tigers,0,,,2026-07-06,2026-07-06,2026-07-06T21:59:09.647Z,18:59:09,2026-07-06 18:59:09,,,,,,,spotlight-prolific
QGFAEPFN,697a707b5bc42b2987347880,2,int,18,4,18,19,81, Nepal ,49615,4544694,858,279,265.2569580078125,829.25,286.5902919769287,875.7361106872559,6,15,The government announced a plan for protecting villagers from tigers,0,,,2026-07-06,2026-07-06,2026-07-06T21:59:09.647Z,18:59:09,2026-07-06 18:59:09,,,,,,,spotlight-prolific
QGFAEPFN,697a707b5bc42b2987347880,2,int,18,4,18,19,81, Nepal ,49668,4544747,864,278,265.2569580078125,829.25,286.5902919769287,875.7361106872559,6,15,The government announced a plan for protecting villagers from tigers,0,,,2026-07-06,2026-07-06,2026-07-06T21:59:09.647Z,18:59:09,2026-07-06 18:59:09,,,,,,,spotlight-prolific
QGFAEPFN,697a707b5bc42b2987347880,2,int,18,4,18,19,81, Nepal ,49702,4544782,874,278,265.2569580078125,829.25,286.5902919769287,875.7361106872559,6,15,The government announced a plan for protecting villagers from tigers,0,,,2026-07-06,2026-07-06,2026-07-06T21:59:09.647Z,18:59:09,2026-07-06 18:59:09,,,,,,,spotlight-prolific
QGFAEPFN,697a707b5bc42b2987347880,2,int,18,4,18,19,81, Nepal ,49752,4544832,874,278,265.2569580078125,829.25,286.5902919769287,875.7361106872559,6,15,The government announced a plan for protecting villagers from tigers,0,,,2026-07-06,2026-07-06,2026-07-06T21:59:09.647Z,18:59:09,2026-07-06 18:59:09,,,,,,,spotlight-prolific
QGFAEPFN,697a707b5bc42b2987347880,2,int,18,4,18,19,81, Nepal ,49804,4544884,874,278,265.2569580078125,829.25,286.5902919769287,875.7361106872559,6,15,The government announced a plan for protecting villagers from tigers,0,,,2026-07-06,2026-07-06,2026-07-06T21:59:09.647Z,18:59:09,2026-07-06 18:59:09,,,,,,,spotlight-prolific
QGFAEPFN,697a707b5bc42b2987347880,2,int,18,4,18,19,81, Nepal ,49854,4544934,874,278,265.2569580078125,829.25,286.5902919769287,875.7361106872559,6,15,The government announced a plan for protecting villagers from tigers,0,,,2026-07-06,2026-07-06,2026-07-06T21:59:09.647Z,18:59:09,2026-07-06 18:59:09,,,,,,,spotlight-prolific
QGFAEPFN,697a707b5bc42b2987347880,2,int,18,4,18,19,81, Nepal ,49910,4544990,864,279,265.2569580078125,829.25,286.5902919769287,875.7361106872559,6,15,The government announced a plan for protecting villagers from tigers,0,,,2026-07-06,2026-07-06,2026-07-06T21:59:09.647Z,18:59:09,2026-07-06 18:59:09,,,,,,,spotlight-prolific
QGFAEPFN,697a707b5bc42b2987347880,2,int,18,4,18,19,81, Nepal ,49952,4545032,853,280,265.2569580078125,829.25,286.5902919769287,875.7361106872559,6,15,The government announced a plan for protecting villagers from tigers,0,,,2026-07-06,2026-07-06,2026-07-06T21:59:09.647Z,18:59:09,2026-07-06 18:59:09,,,,,,,spotlight-prolific
QGFAEPFN,697a707b5bc42b2987347880,2,int,18,4,18,19,80, central ,50007,4545087,812,286,265.2569580078125,770.2916870117188,286.5902919769287,829.2500190734863,6,14,The government announced a plan for protecting villagers from tigers,0,,,2026-07-06,2026-07-06,2026-07-06T21:59:09.647Z,18:59:09,2026-07-06 18:59:09,,,,,,,spotlight-prolific
QGFAEPFN,697a707b5bc42b2987347880,2,int,18,4,18,19,78, Park ,50053,4545132,747,292,265.2569580078125,711.0277709960938,286.5902919769287,751.6041603088379,6,12,The government announced a plan for protecting villagers from tigers,0,,,2026-07-06,2026-07-06,2026-07-06T21:59:09.647Z,18:59:09,2026-07-06 18:59:09,,,,,,,spotlight-prolific
QGFAEPFN,697a707b5bc42b2987347880,2,int,18,4,18,19,91, followed ,50103,4545182,683,302,305.2569580078125,621.0555419921875,326.5902919769287,693.9374847412109,7,10,The government announced a plan for protecting villagers from tigers,0,,,2026-07-06,2026-07-06,2026-07-06T21:59:09.647Z,18:59:09,2026-07-06 18:59:09,,,,,,,spotlight-prolific
QGFAEPFN,697a707b5bc42b2987347880,2,int,18,4,18,19,91, followed ,50153,4545232,639,309,305.2569580078125,621.0555419921875,326.5902919769287,693.9374847412109,7,10,The government announced a plan for protecting villagers from tigers,0,,,2026-07-06,2026-07-06,2026-07-06T21:59:09.647Z,18:59:09,2026-07-06 18:59:09,,,,,,,spotlight-prolific
QGFAEPFN,697a707b5bc42b2987347880,2,int,18,4,18,19,90," 120, ",50202,4545281,596,312,305.2569580078125,582.8125,326.5902919769287,621.0555572509766,7,9,The government announced a plan for protecting villagers from tigers,0,,,2026-07-06,2026-07-06,2026-07-06T21:59:09.647Z,18:59:09,2026-07-06 18:59:09,,,,,,,spotlight-prolific
QGFAEPFN,697a707b5bc42b2987347880,2,int,18,4,18,19,89, with ,50261,4545341,547,313,305.2569580078125,544.7430419921875,326.5902919769287,582.8124885559082,7,8,The government announced a plan for protecting villagers from tigers,0,,,2026-07-06,2026-07-06,2026-07-06T21:59:09.647Z,18:59:09,2026-07-06 18:59:09,,,,,,,spotlight-prolific
QGFAEPFN,697a707b5bc42b2987347880,2,int,18,4,18,19,88," tigers, ",50302,4545381,522,315,305.2569580078125,491.65972900390625,326.5902919769287,544.7430610656738,7,7,The government announced a plan for protecting villagers from tigers,0,,,2026-07-06,2026-07-06,2026-07-06T21:59:09.647Z,18:59:09,2026-07-06 18:59:09,,,,,,,spotlight-prolific
QGFAEPFN,697a707b5bc42b2987347880,2,int,18,4,18,19,87, adult ,50357,4545436,482,320,305.2569580078125,447.2291564941406,326.5902919769287,491.6597137451172,7,6,The government announced a plan for protecting villagers from tigers,0,,,2026-07-06,2026-07-06,2026-07-06T21:59:09.647Z,18:59:09,2026-07-06 18:59:09,,,,,,,spotlight-prolific
QGFAEPFN,697a707b5bc42b2987347880,2,int,18,4,18,19,85, number ,50412,4545491,423,320,305.2569580078125,360.5625,326.5902919769287,426.35416412353516,7,4,The government announced a plan for protecting villagers from tigers,0,,,2026-07-06,2026-07-06,2026-07-06T21:59:09.647Z,18:59:09,2026-07-06 18:59:09,,,,,,,spotlight-prolific
QGFAEPFN,697a707b5bc42b2987347880,2,int,18,4,18,19,84, highest ,50460,4545540,352,322,305.2569580078125,297.28472900390625,326.5902919769287,360.56250762939453,7,3,The government announced a plan for protecting villagers from tigers,0,,,2026-07-06,2026-07-06,2026-07-06T21:59:09.647Z,18:59:09,2026-07-06 18:59:09,,,,,,,spotlight-prolific
QGFAEPFN,697a707b5bc42b2987347880,2,int,18,4,18,19,84, highest ,50502,4545582,327,324,305.2569580078125,297.28472900390625,326.5902919769287,360.56250762939453,7,3,The government announced a plan for protecting villagers from tigers,0,,,2026-07-06,2026-07-06,2026-07-06T21:59:09.647Z,18:59:09,2026-07-06 18:59:09,,,,,,,spotlight-prolific
QGFAEPFN,697a707b5bc42b2987347880,2,int,18,4,18,19,84, highest ,50562,4545642,298,328,305.2569580078125,297.28472900390625,326.5902919769287,360.56250762939453,7,3,The government announced a plan for protecting villagers from tigers,0,,,2026-07-06,2026-07-06,2026-07-06T21:59:09.647Z,18:59:09,2026-07-06 18:59:09,,,,,,,spotlight-prolific
QGFAEPFN,697a707b5bc42b2987347880,2,int,18,4,18,19,83, the ,50603,4545682,293,330,305.2569580078125,267.5555725097656,326.5902919769287,297.2847385406494,7,2,The government announced a plan for protecting villagers from tigers,0,,,2026-07-06,2026-07-06,2026-07-06T21:59:09.647Z,18:59:09,2026-07-06 18:59:09,,,,,,,spotlight-prolific
QGFAEPFN,697a707b5bc42b2987347880,2,int,18,4,18,19,83, the ,50659,4545738,285,331,305.2569580078125,267.5555725097656,326.5902919769287,297.2847385406494,7,2,The government announced a plan for protecting villagers from tigers,0,,,2026-07-06,2026-07-06,2026-07-06T21:59:09.647Z,18:59:09,2026-07-06 18:59:09,,,,,,,spotlight-prolific
QGFAEPFN,697a707b5bc42b2987347880,2,int,18,4,18,19,83, the ,50702,4545781,274,334,305.2569580078125,267.5555725097656,326.5902919769287,297.2847385406494,7,2,The government announced a plan for protecting villagers from tigers,0,,,2026-07-06,2026-07-06,2026-07-06T21:59:09.647Z,18:59:09,2026-07-06 18:59:09,,,,,,,spotlight-prolific
QGFAEPFN,697a707b5bc42b2987347880,2,int,18,4,18,19,82, has ,50753,4545832,264,335,305.2569580078125,234.18055725097656,326.5902919769287,267.55555725097656,7,1,The government announced a plan for protecting villagers from tigers,0,,,2026-07-06,2026-07-06,2026-07-06T21:59:09.647Z,18:59:09,2026-07-06 18:59:09,,,,,,,spotlight-prolific
QGFAEPFN,697a707b5bc42b2987347880,2,int,18,4,18,19,96, (50) ,50803,4545882,259,336,345.2569580078125,234.18055725097656,366.5902919769287,271.08333587646484,8,1,The government announced a plan for protecting villagers from tigers,0,,,2026-07-06,2026-07-06,2026-07-06T21:59:09.647Z,18:59:09,2026-07-06 18:59:09,,,,,,,spotlight-prolific
QGFAEPFN,697a707b5bc42b2987347880,2,int,18,4,18,19,96, (50) ,50859,4545938,255,336,345.2569580078125,234.18055725097656,366.5902919769287,271.08333587646484,8,1,The government announced a plan for protecting villagers from tigers,0,,,2026-07-06,2026-07-06,2026-07-06T21:59:09.647Z,18:59:09,2026-07-06 18:59:09,,,,,,,spotlight-prolific
QGFAEPFN,697a707b5bc42b2987347880,2,int,18,4,18,19,96, (50) ,50907,4545986,250,336,345.2569580078125,234.18055725097656,366.5902919769287,271.08333587646484,8,1,The government announced a plan for protecting villagers from tigers,0,,,2026-07-06,2026-07-06,2026-07-06T21:59:09.647Z,18:59:09,2026-07-06 18:59:09,,,,,,,spotlight-prolific
QGFAEPFN,697a707b5bc42b2987347880,2,int,18,4,18,19,96, (50) ,50969,4546048,245,336,345.2569580078125,234.18055725097656,366.5902919769287,271.08333587646484,8,1,The government announced a plan for protecting villagers from tigers,0,,,2026-07-06,2026-07-06,2026-07-06T21:59:09.647Z,18:59:09,2026-07-06 18:59:09,,,,,,,spotlight-prolific
QGFAEPFN,697a707b5bc42b2987347880,2,int,18,4,18,19,96, (50) ,51002,4546082,237,336,345.2569580078125,234.18055725097656,366.5902919769287,271.08333587646484,8,1,The government announced a plan for protecting villagers from tigers,0,,,2026-07-06,2026-07-06,2026-07-06T21:59:09.647Z,18:59:09,2026-07-06 18:59:09,,,,,,,spotlight-prolific
QGFAEPFN,697a707b5bc42b2987347880,2,int,18,4,18,19,82, has ,51053,4546132,231,335,305.2569580078125,234.18055725097656,326.5902919769287,267.55555725097656,7,1,The government announced a plan for protecting villagers from tigers,0,,,2026-07-06,2026-07-06,2026-07-06T21:59:09.647Z,18:59:09,2026-07-06 18:59:09,,,,,,,spotlight-prolific
QGFAEPFN,697a707b5bc42b2987347880,2,int,18,4,18,19,-1,999,51106,4546185,218,330,,,,,,,The government announced a plan for protecting villagers from tigers,0,,,2026-07-06,2026-07-06,2026-07-06T21:59:09.647Z,18:59:09,2026-07-06 18:59:09,,,,,,,spotlight-prolific
QGFAEPFN,697a707b5bc42b2987347880,2,int,18,4,18,19,-1,999,51151,4546231,217,330,,,,,,,The government announced a plan for protecting villagers from tigers,0,,,2026-07-06,2026-07-06,2026-07-06T21:59:09.647Z,18:59:09,2026-07-06 18:59:09,,,,,,,spotlight-prolific
QGFAEPFN,697a707b5bc42b2987347880,2,int,18,4,18,19,-1,999,51202,4546281,217,330,,,,,,,The government announced a plan for protecting villagers from tigers,0,,,2026-07-06,2026-07-06,2026-07-06T21:59:09.647Z,18:59:09,2026-07-06 18:59:09,,,,,,,spotlight-prolific
QGFAEPFN,697a707b5bc42b2987347880,2,int,18,4,18,19,-1,999,51252,4546331,217,330,,,,,,,The government announced a plan for protecting villagers from tigers,0,,,2026-07-06,2026-07-06,2026-07-06T21:59:09.647Z,18:59:09,2026-07-06 18:59:09,,,,,,,spotlight-prolific
QGFAEPFN,697a707b5bc42b2987347880,2,int,18,4,18,19,-1,999,51310,4546389,215,329,,,,,,,The government announced a plan for protecting villagers from tigers,0,,,2026-07-06,2026-07-06,2026-07-06T21:59:09.647Z,18:59:09,2026-07-06 18:59:09,,,,,,,spotlight-prolific
QGFAEPFN,697a707b5bc42b2987347880,2,int,18,4,18,19,-1,999,51362,4546441,220,326,,,,,,,The government announced a plan for protecting villagers from tigers,0,,,2026-07-06,2026-07-06,2026-07-06T21:59:09.647Z,18:59:09,2026-07-06 18:59:09,,,,,,,spotlight-prolific
QGFAEPFN,697a707b5bc42b2987347880,2,int,18,4,18,19,-1,999,51401,4546481,221,323,,,,,,,The government announced a plan for protecting villagers from tigers,0,,,2026-07-06,2026-07-06,2026-07-06T21:59:09.647Z,18:59:09,2026-07-06 18:59:09,,,,,,,spotlight-prolific
QGFAEPFN,697a707b5bc42b2987347880,2,int,18,4,18,19,-1,999,51451,4546531,224,322,,,,,,,The government announced a plan for protecting villagers from tigers,0,,,2026-07-06,2026-07-06,2026-07-06T21:59:09.647Z,18:59:09,2026-07-06 18:59:09,,,,,,,spotlight-prolific
QGFAEPFN,697a707b5bc42b2987347880,2,int,18,4,18,19,-1,999,51516,4546595,225,322,,,,,,,The government announced a plan for protecting villagers from tigers,0,,,2026-07-06,2026-07-06,2026-07-06T21:59:09.647Z,18:59:09,2026-07-06 18:59:09,,,,,,,spotlight-prolific
QGFAEPFN,697a707b5bc42b2987347880,2,int,18,4,18,19,-1,999,51559,4546638,229,322,,,,,,,The government announced a plan for protecting villagers from tigers,0,,,2026-07-06,2026-07-06,2026-07-06T21:59:09.647Z,18:59:09,2026-07-06 18:59:09,,,,,,,spotlight-prolific
QGFAEPFN,697a707b5bc42b2987347880,2,int,18,4,18,19,82, has ,51614,4546693,245,324,305.2569580078125,234.18055725097656,326.5902919769287,267.55555725097656,7,1,The government announced a plan for protecting villagers from tigers,0,,,2026-07-06,2026-07-06,2026-07-06T21:59:09.647Z,18:59:09,2026-07-06 18:59:09,,,,,,,spotlight-prolific
QGFAEPFN,697a707b5bc42b2987347880,2,int,18,4,18,19,82, has ,51667,4546746,265,324,305.2569580078125,234.18055725097656,326.5902919769287,267.55555725097656,7,1,The government announced a plan for protecting villagers from tigers,0,,,2026-07-06,2026-07-06,2026-07-06T21:59:09.647Z,18:59:09,2026-07-06 18:59:09,,,,,,,spotlight-prolific
QGFAEPFN,697a707b5bc42b2987347880,2,int,18,4,18,19,83, the ,51710,4546789,282,324,305.2569580078125,267.5555725097656,326.5902919769287,297.2847385406494,7,2,The government announced a plan for protecting villagers from tigers,0,,,2026-07-06,2026-07-06,2026-07-06T21:59:09.647Z,18:59:09,2026-07-06 18:59:09,,,,,,,spotlight-prolific
QGFAEPFN,697a707b5bc42b2987347880,2,int,18,4,18,19,83, the ,51764,4546843,293,322,305.2569580078125,267.5555725097656,326.5902919769287,297.2847385406494,7,2,The government announced a plan for protecting villagers from tigers,0,,,2026-07-06,2026-07-06,2026-07-06T21:59:09.647Z,18:59:09,2026-07-06 18:59:09,,,,,,,spotlight-prolific
QGFAEPFN,697a707b5bc42b2987347880,2,int,18,4,18,19,84, highest ,51811,4546890,300,322,305.2569580078125,297.28472900390625,326.5902919769287,360.56250762939453,7,3,The government announced a plan for protecting villagers from tigers,0,,,2026-07-06,2026-07-06,2026-07-06T21:59:09.647Z,18:59:09,2026-07-06 18:59:09,,,,,,,spotlight-prolific
QGFAEPFN,697a707b5bc42b2987347880,2,int,18,4,18,19,84, highest ,51868,4546947,308,322,305.2569580078125,297.28472900390625,326.5902919769287,360.56250762939453,7,3,The government announced a plan for protecting villagers from tigers,0,,,2026-07-06,2026-07-06,2026-07-06T21:59:09.647Z,18:59:09,2026-07-06 18:59:09,,,,,,,spotlight-prolific
QGFAEPFN,697a707b5bc42b2987347880,2,int,18,4,18,19,84, highest ,51902,4546982,318,322,305.2569580078125,297.28472900390625,326.5902919769287,360.56250762939453,7,3,The government announced a plan for protecting villagers from tigers,0,,,2026-07-06,2026-07-06,2026-07-06T21:59:09.647Z,18:59:09,2026-07-06 18:59:09,,,,,,,spotlight-prolific
QGFAEPFN,697a707b5bc42b2987347880,2,int,18,4,18,19,84, highest ,51952,4547032,326,322,305.2569580078125,297.28472900390625,326.5902919769287,360.56250762939453,7,3,The government announced a plan for protecting villagers from tigers,0,,,2026-07-06,2026-07-06,2026-07-06T21:59:09.647Z,18:59:09,2026-07-06 18:59:09,,,,,,,spotlight-prolific
QGFAEPFN,697a707b5bc42b2987347880,2,int,18,4,18,19,84, highest ,52002,4547081,335,322,305.2569580078125,297.28472900390625,326.5902919769287,360.56250762939453,7,3,The government announced a plan for protecting villagers from tigers,0,,,2026-07-06,2026-07-06,2026-07-06T21:59:09.647Z,18:59:09,2026-07-06 18:59:09,,,,,,,spotlight-prolific
QGFAEPFN,697a707b5bc42b2987347880,2,int,18,4,18,19,84, highest ,52052,4547132,344,322,305.2569580078125,297.28472900390625,326.5902919769287,360.56250762939453,7,3,The government announced a plan for protecting villagers from tigers,0,,,2026-07-06,2026-07-06,2026-07-06T21:59:09.647Z,18:59:09,2026-07-06 18:59:09,,,,,,,spotlight-prolific
QGFAEPFN,697a707b5bc42b2987347880,2,int,18,4,18,19,84, highest ,52102,4547181,355,322,305.2569580078125,297.28472900390625,326.5902919769287,360.56250762939453,7,3,The government announced a plan for protecting villagers from tigers,0,,,2026-07-06,2026-07-06,2026-07-06T21:59:09.647Z,18:59:09,2026-07-06 18:59:09,,,,,,,spotlight-prolific
QGFAEPFN,697a707b5bc42b2987347880,2,int,18,4,18,19,85, number ,52152,4547231,365,320,305.2569580078125,360.5625,326.5902919769287,426.35416412353516,7,4,The government announced a plan for protecting villagers from tigers,0,,,2026-07-06,2026-07-06,2026-07-06T21:59:09.647Z,18:59:09,2026-07-06 18:59:09,,,,,,,spotlight-prolific
QGFAEPFN,697a707b5bc42b2987347880,2,int,18,4,18,19,85, number ,52211,4547291,386,320,305.2569580078125,360.5625,326.5902919769287,426.35416412353516,7,4,The government announced a plan for protecting villagers from tigers,0,,,2026-07-06,2026-07-06,2026-07-06T21:59:09.647Z,18:59:09,2026-07-06 18:59:09,,,,,,,spotlight-prolific
QGFAEPFN,697a707b5bc42b2987347880,2,int,18,4,18,19,85, number ,52252,4547332,401,320,305.2569580078125,360.5625,326.5902919769287,426.35416412353516,7,4,The government announced a plan for protecting villagers from tigers,0,,,2026-07-06,2026-07-06,2026-07-06T21:59:09.647Z,18:59:09,2026-07-06 18:59:09,,,,,,,spotlight-prolific
QGFAEPFN,697a707b5bc42b2987347880,2,int,18,4,18,19,86, of ,52315,4547394,431,320,305.2569580078125,426.3541564941406,326.5902919769287,447.2291564941406,7,5,The government announced a plan for protecting villagers from tigers,0,,,2026-07-06,2026-07-06,2026-07-06T21:59:09.647Z,18:59:09,2026-07-06 18:59:09,,,,,,,spotlight-prolific
QGFAEPFN,697a707b5bc42b2987347880,2,int,18,4,18,19,86, of ,52357,4547436,444,318,305.2569580078125,426.3541564941406,326.5902919769287,447.2291564941406,7,5,The government announced a plan for protecting villagers from tigers,0,,,2026-07-06,2026-07-06,2026-07-06T21:59:09.647Z,18:59:09,2026-07-06 18:59:09,,,,,,,spotlight-prolific
QGFAEPFN,697a707b5bc42b2987347880,2,int,18,4,18,19,87, adult ,52404,4547483,452,318,305.2569580078125,447.2291564941406,326.5902919769287,491.6597137451172,7,6,The government announced a plan for protecting villagers from tigers,0,,,2026-07-06,2026-07-06,2026-07-06T21:59:09.647Z,18:59:09,2026-07-06 18:59:09,,,,,,,spotlight-prolific
QGFAEPFN,697a707b5bc42b2987347880,2,int,18,4,18,19,87, adult ,52452,4547531,469,318,305.2569580078125,447.2291564941406,326.5902919769287,491.6597137451172,7,6,The government announced a plan for protecting villagers from tigers,0,,,2026-07-06,2026-07-06,2026-07-06T21:59:09.647Z,18:59:09,2026-07-06 18:59:09,,,,,,,spotlight-prolific
QGFAEPFN,697a707b5bc42b2987347880,2,int,18,4,18,19,87, adult ,52502,4547581,481,318,305.2569580078125,447.2291564941406,326.5902919769287,491.6597137451172,7,6,The government announced a plan for protecting villagers from tigers,0,,,2026-07-06,2026-07-06,2026-07-06T21:59:09.647Z,18:59:09,2026-07-06 18:59:09,,,,,,,spotlight-prolific
QGFAEPFN,697a707b5bc42b2987347880,2,int,18,4,18,19,88," tigers, ",52557,4547636,510,318,305.2569580078125,491.65972900390625,326.5902919769287,544.7430610656738,7,7,The government announced a plan for protecting villagers from tigers,0,,,2026-07-06,2026-07-06,2026-07-06T21:59:09.647Z,18:59:09,2026-07-06 18:59:09,,,,,,,spotlight-prolific
QGFAEPFN,697a707b5bc42b2987347880,2,int,18,4,18,19,88," tigers, ",52611,4547690,529,318,305.2569580078125,491.65972900390625,326.5902919769287,544.7430610656738,7,7,The government announced a plan for protecting villagers from tigers,0,,,2026-07-06,2026-07-06,2026-07-06T21:59:09.647Z,18:59:09,2026-07-06 18:59:09,,,,,,,spotlight-prolific
QGFAEPFN,697a707b5bc42b2987347880,2,int,18,4,18,19,88," tigers, ",52652,4547731,540,318,305.2569580078125,491.65972900390625,326.5902919769287,544.7430610656738,7,7,The government announced a plan for protecting villagers from tigers,0,,,2026-07-06,2026-07-06,2026-07-06T21:59:09.647Z,18:59:09,2026-07-06 18:59:09,,,,,,,spotlight-prolific
QGFAEPFN,697a707b5bc42b2987347880,2,int,18,4,18,19,89, with ,52703,4547782,559,318,305.2569580078125,544.7430419921875,326.5902919769287,582.8124885559082,7,8,The government announced a plan for protecting villagers from tigers,0,,,2026-07-06,2026-07-06,2026-07-06T21:59:09.647Z,18:59:09,2026-07-06 18:59:09,,,,,,,spotlight-prolific
QGFAEPFN,697a707b5bc42b2987347880,2,int,18,4,18,19,89, with ,52757,4547836,576,318,305.2569580078125,544.7430419921875,326.5902919769287,582.8124885559082,7,8,The government announced a plan for protecting villagers from tigers,0,,,2026-07-06,2026-07-06,2026-07-06T21:59:09.647Z,18:59:09,2026-07-06 18:59:09,,,,,,,spotlight-prolific
QGFAEPFN,697a707b5bc42b2987347880,2,int,18,4,18,19,90," 120, ",52813,4547892,591,318,305.2569580078125,582.8125,326.5902919769287,621.0555572509766,7,9,The government announced a plan for protecting villagers from tigers,0,,,2026-07-06,2026-07-06,2026-07-06T21:59:09.647Z,18:59:09,2026-07-06 18:59:09,,,,,,,spotlight-prolific
QGFAEPFN,697a707b5bc42b2987347880,2,int,18,4,18,19,90," 120, ",52853,4547932,598,318,305.2569580078125,582.8125,326.5902919769287,621.0555572509766,7,9,The government announced a plan for protecting villagers from tigers,0,,,2026-07-06,2026-07-06,2026-07-06T21:59:09.647Z,18:59:09,2026-07-06 18:59:09,,,,,,,spotlight-prolific
QGFAEPFN,697a707b5bc42b2987347880,2,int,18,4,18,19,90," 120, ",52902,4547982,611,318,305.2569580078125,582.8125,326.5902919769287,621.0555572509766,7,9,The government announced a plan for protecting villagers from tigers,0,,,2026-07-06,2026-07-06,2026-07-06T21:59:09.647Z,18:59:09,2026-07-06 18:59:09,,,,,,,spotlight-prolific
QGFAEPFN,697a707b5bc42b2987347880,2,int,18,4,18,19,91, followed ,52953,4548032,626,318,305.2569580078125,621.0555419921875,326.5902919769287,693.9374847412109,7,10,The government announced a plan for protecting villagers from tigers,0,,,2026-07-06,2026-07-06,2026-07-06T21:59:09.647Z,18:59:09,2026-07-06 18:59:09,,,,,,,spotlight-prolific
QGFAEPFN,697a707b5bc42b2987347880,2,int,18,4,18,19,91, followed ,53002,4548082,636,318,305.2569580078125,621.0555419921875,326.5902919769287,693.9374847412109,7,10,The government announced a plan for protecting villagers from tigers,0,,,2026-07-06,2026-07-06,2026-07-06T21:59:09.647Z,18:59:09,2026-07-06 18:59:09,,,,,,,spotlight-prolific
QGFAEPFN,697a707b5bc42b2987347880,2,int,18,4,18,19,91, followed ,53053,4548133,658,318,305.2569580078125,621.0555419921875,326.5902919769287,693.9374847412109,7,10,The government announced a plan for protecting villagers from tigers,0,,,2026-07-06,2026-07-06,2026-07-06T21:59:09.647Z,18:59:09,2026-07-06 18:59:09,,,,,,,spotlight-prolific
QGFAEPFN,697a707b5bc42b2987347880,2,int,18,4,18,19,91, followed ,53102,4548181,670,316,305.2569580078125,621.0555419921875,326.5902919769287,693.9374847412109,7,10,The government announced a plan for protecting villagers from tigers,0,,,2026-07-06,2026-07-06,2026-07-06T21:59:09.647Z,18:59:09,2026-07-06 18:59:09,,,,,,,spotlight-prolific
QGFAEPFN,697a707b5bc42b2987347880,2,int,18,4,18,19,92, by ,53153,4548232,698,316,305.2569580078125,693.9375,326.5902919769287,716.8958339691162,7,11,The government announced a plan for protecting villagers from tigers,0,,,2026-07-06,2026-07-06,2026-07-06T21:59:09.647Z,18:59:09,2026-07-06 18:59:09,,,,,,,spotlight-prolific
QGFAEPFN,697a707b5bc42b2987347880,2,int,18,4,18,19,93, Bardiya ,53202,4548281,729,314,305.2569580078125,716.8958129882812,326.5902919769287,780.805534362793,7,12,The government announced a plan for protecting villagers from tigers,0,,,2026-07-06,2026-07-06,2026-07-06T21:59:09.647Z,18:59:09,2026-07-06 18:59:09,,,,,,,spotlight-prolific
QGFAEPFN,697a707b5bc42b2987347880,2,int,18,4,18,19,93, Bardiya ,53254,4548333,755,310,305.2569580078125,716.8958129882812,326.5902919769287,780.805534362793,7,12,The government announced a plan for protecting villagers from tigers,0,,,2026-07-06,2026-07-06,2026-07-06T21:59:09.647Z,18:59:09,2026-07-06 18:59:09,,,,,,,spotlight-prolific
QGFAEPFN,697a707b5bc42b2987347880,2,int,18,4,18,19,93, Bardiya ,53302,4548382,766,309,305.2569580078125,716.8958129882812,326.5902919769287,780.805534362793,7,12,The government announced a plan for protecting villagers from tigers,0,,,2026-07-06,2026-07-06,2026-07-06T21:59:09.647Z,18:59:09,2026-07-06 18:59:09,,,,,,,spotlight-prolific
QGFAEPFN,697a707b5bc42b2987347880,2,int,18,4,18,19,94, National ,53352,4548432,784,309,305.2569580078125,780.8055419921875,326.5902919769287,852.2638778686523,7,13,The government announced a plan for protecting villagers from tigers,0,,,2026-07-06,2026-07-06,2026-07-06T21:59:09.647Z,18:59:09,2026-07-06 18:59:09,,,,,,,spotlight-prolific
QGFAEPFN,697a707b5bc42b2987347880,2,int,18,4,18,19,94, National ,53412,4548491,798,308,305.2569580078125,780.8055419921875,326.5902919769287,852.2638778686523,7,13,The government announced a plan for protecting villagers from tigers,0,,,2026-07-06,2026-07-06,2026-07-06T21:59:09.647Z,18:59:09,2026-07-06 18:59:09,,,,,,,spotlight-prolific
QGFAEPFN,697a707b5bc42b2987347880,2,int,18,4,18,19,94, National ,53453,4548532,802,308,305.2569580078125,780.8055419921875,326.5902919769287,852.2638778686523,7,13,The government announced a plan for protecting villagers from tigers,0,,,2026-07-06,2026-07-06,2026-07-06T21:59:09.647Z,18:59:09,2026-07-06 18:59:09,,,,,,,spotlight-prolific
QGFAEPFN,697a707b5bc42b2987347880,2,int,18,4,18,19,94, National ,53511,4548590,815,308,305.2569580078125,780.8055419921875,326.5902919769287,852.2638778686523,7,13,The government announced a plan for protecting villagers from tigers,0,,,2026-07-06,2026-07-06,2026-07-06T21:59:09.647Z,18:59:09,2026-07-06 18:59:09,,,,,,,spotlight-prolific
QGFAEPFN,697a707b5bc42b2987347880,2,int,18,4,18,19,94, National ,53562,4548641,831,308,305.2569580078125,780.8055419921875,326.5902919769287,852.2638778686523,7,13,The government announced a plan for protecting villagers from tigers,0,,,2026-07-06,2026-07-06,2026-07-06T21:59:09.647Z,18:59:09,2026-07-06 18:59:09,,,,,,,spotlight-prolific
QGFAEPFN,697a707b5bc42b2987347880,2,int,18,4,18,19,94, National ,53613,4548692,839,308,305.2569580078125,780.8055419921875,326.5902919769287,852.2638778686523,7,13,The government announced a plan for protecting villagers from tigers,0,,,2026-07-06,2026-07-06,2026-07-06T21:59:09.647Z,18:59:09,2026-07-06 18:59:09,,,,,,,spotlight-prolific
QGFAEPFN,697a707b5bc42b2987347880,2,int,18,4,18,19,94, National ,53662,4548742,847,308,305.2569580078125,780.8055419921875,326.5902919769287,852.2638778686523,7,13,The government announced a plan for protecting villagers from tigers,0,,,2026-07-06,2026-07-06,2026-07-06T21:59:09.647Z,18:59:09,2026-07-06 18:59:09,,,,,,,spotlight-prolific
QGFAEPFN,697a707b5bc42b2987347880,2,int,18,4,18,19,95, Park ,53715,4548795,858,308,305.2569580078125,852.263916015625,326.5902919769287,888.388916015625,7,14,The government announced a plan for protecting villagers from tigers,0,,,2026-07-06,2026-07-06,2026-07-06T21:59:09.647Z,18:59:09,2026-07-06 18:59:09,,,,,,,spotlight-prolific
QGFAEPFN,697a707b5bc42b2987347880,2,int,18,4,18,19,95, Park ,53759,4548838,869,307,305.2569580078125,852.263916015625,326.5902919769287,888.388916015625,7,14,The government announced a plan for protecting villagers from tigers,0,,,2026-07-06,2026-07-06,2026-07-06T21:59:09.647Z,18:59:09,2026-07-06 18:59:09,,,,,,,spotlight-prolific
QGFAEPFN,697a707b5bc42b2987347880,2,int,18,4,18,19,95, Park ,53815,4548894,879,307,305.2569580078125,852.263916015625,326.5902919769287,888.388916015625,7,14,The government announced a plan for protecting villagers from tigers,0,,,2026-07-06,2026-07-06,2026-07-06T21:59:09.647Z,18:59:09,2026-07-06 18:59:09,,,,,,,spotlight-prolific
QGFAEPFN,697a707b5bc42b2987347880,2,int,18,4,18,19,95, Park ,53862,4548941,888,307,305.2569580078125,852.263916015625,326.5902919769287,888.388916015625,7,14,The government announced a plan for protecting villagers from tigers,0,,,2026-07-06,2026-07-06,2026-07-06T21:59:09.647Z,18:59:09,2026-07-06 18:59:09,,,,,,,spotlight-prolific
QGFAEPFN,697a707b5bc42b2987347880,2,int,18,4,18,19,-1,999,53912,4548991,892,307,,,,,,,The government announced a plan for protecting villagers from tigers,0,,,2026-07-06,2026-07-06,2026-07-06T21:59:09.647Z,18:59:09,2026-07-06 18:59:09,,,,,,,spotlight-prolific
QGFAEPFN,697a707b5bc42b2987347880,2,int,18,4,18,19,-1,999,53951,4549031,892,307,,,,,,,The government announced a plan for protecting villagers from tigers,0,,,2026-07-06,2026-07-06,2026-07-06T21:59:09.647Z,18:59:09,2026-07-06 18:59:09,,,,,,,spotlight-prolific
QGFAEPFN,697a707b5bc42b2987347880,2,int,18,4,18,19,-1,999,54002,4549081,892,307,,,,,,,The government announced a plan for protecting villagers from tigers,0,,,2026-07-06,2026-07-06,2026-07-06T21:59:09.647Z,18:59:09,2026-07-06 18:59:09,,,,,,,spotlight-prolific
QGFAEPFN,697a707b5bc42b2987347880,2,int,18,4,18,19,-1,999,54052,4549131,892,307,,,,,,,The government announced a plan for protecting villagers from tigers,0,,,2026-07-06,2026-07-06,2026-07-06T21:59:09.647Z,18:59:09,2026-07-06 18:59:09,,,,,,,spotlight-prolific
QGFAEPFN,697a707b5bc42b2987347880,2,int,18,4,18,19,95, Park ,54103,4549182,890,308,305.2569580078125,852.263916015625,326.5902919769287,888.388916015625,7,14,The government announced a plan for protecting villagers from tigers,0,,,2026-07-06,2026-07-06,2026-07-06T21:59:09.647Z,18:59:09,2026-07-06 18:59:09,,,,,,,spotlight-prolific
QGFAEPFN,697a707b5bc42b2987347880,2,int,18,4,18,19,94, National ,54153,4549232,846,317,305.2569580078125,780.8055419921875,326.5902919769287,852.2638778686523,7,13,The government announced a plan for protecting villagers from tigers,0,,,2026-07-06,2026-07-06,2026-07-06T21:59:09.647Z,18:59:09,2026-07-06 18:59:09,,,,,,,spotlight-prolific
QGFAEPFN,697a707b5bc42b2987347880,2,int,18,4,18,19,93, Bardiya ,54202,4549282,778,331,305.2569580078125,716.8958129882812,326.5902919769287,780.805534362793,7,12,The government announced a plan for protecting villagers from tigers,0,,,2026-07-06,2026-07-06,2026-07-06T21:59:09.647Z,18:59:09,2026-07-06 18:59:09,,,,,,,spotlight-prolific
QGFAEPFN,697a707b5bc42b2987347880,2,int,18,4,18,19,-1,999,54252,4549331,744,336,,,,,,,The government announced a plan for protecting villagers from tigers,0,,,2026-07-06,2026-07-06,2026-07-06T21:59:09.647Z,18:59:09,2026-07-06 18:59:09,,,,,,,spotlight-prolific
QGFAEPFN,697a707b5bc42b2987347880,2,int,18,4,18,19,-1,999,54310,4549389,715,341,,,,,,,The government announced a plan for protecting villagers from tigers,0,,,2026-07-06,2026-07-06,2026-07-06T21:59:09.647Z,18:59:09,2026-07-06 18:59:09,,,,,,,spotlight-prolific
QGFAEPFN,697a707b5bc42b2987347880,2,int,18,4,18,19,-1,999,54351,4549430,692,343,,,,,,,The government announced a plan for protecting villagers from tigers,0,,,2026-07-06,2026-07-06,2026-07-06T21:59:09.647Z,18:59:09,2026-07-06 18:59:09,,,,,,,spotlight-prolific
QGFAEPFN,697a707b5bc42b2987347880,2,int,18,4,18,19,-1,999,54407,4549487,631,344,,,,,,,The government announced a plan for protecting villagers from tigers,0,,,2026-07-06,2026-07-06,2026-07-06T21:59:09.647Z,18:59:09,2026-07-06 18:59:09,,,,,,,spotlight-prolific
QGFAEPFN,697a707b5bc42b2987347880,2,int,18,4,18,19,102, (17). ,54461,4549540,572,344,345.2569580078125,555.9444580078125,366.5902919769287,593.0555686950684,8,7,The government announced a plan for protecting villagers from tigers,0,,,2026-07-06,2026-07-06,2026-07-06T21:59:09.647Z,18:59:09,2026-07-06 18:59:09,,,,,,,spotlight-prolific
QGFAEPFN,697a707b5bc42b2987347880,2,int,18,4,18,19,101, Reserve ,54516,4549595,500,346,345.2569580078125,487.7291564941406,366.5902919769287,555.9444351196289,8,6,The government announced a plan for protecting villagers from tigers,0,,,2026-07-06,2026-07-06,2026-07-06T21:59:09.647Z,18:59:09,2026-07-06 18:59:09,,,,,,,spotlight-prolific
QGFAEPFN,697a707b5bc42b2987347880,2,int,18,4,18,19,100, Wildlife ,54552,4549632,445,349,345.2569580078125,424.4375,366.5902919769287,487.7291679382324,8,5,The government announced a plan for protecting villagers from tigers,0,,,2026-07-06,2026-07-06,2026-07-06T21:59:09.647Z,18:59:09,2026-07-06 18:59:09,,,,,,,spotlight-prolific
QGFAEPFN,697a707b5bc42b2987347880,2,int,18,4,18,19,99, Phanta ,54603,4549682,393,356,345.2569580078125,363.4444580078125,366.5902919769287,424.43751525878906,8,4,The government announced a plan for protecting villagers from tigers,0,,,2026-07-06,2026-07-06,2026-07-06T21:59:09.647Z,18:59:09,2026-07-06 18:59:09,,,,,,,spotlight-prolific
QGFAEPFN,697a707b5bc42b2987347880,2,int,18,4,18,19,98, Shukla ,54653,4549732,361,361,345.2569580078125,305.3541564941406,366.5902919769287,363.4444351196289,8,3,The government announced a plan for protecting villagers from tigers,0,,,2026-07-06,2026-07-06,2026-07-06T21:59:09.647Z,18:59:09,2026-07-06 18:59:09,,,,,,,spotlight-prolific
QGFAEPFN,697a707b5bc42b2987347880,2,int,18,4,18,19,98, Shukla ,54703,4549782,340,363,345.2569580078125,305.3541564941406,366.5902919769287,363.4444351196289,8,3,The government announced a plan for protecting villagers from tigers,0,,,2026-07-06,2026-07-06,2026-07-06T21:59:09.647Z,18:59:09,2026-07-06 18:59:09,,,,,,,spotlight-prolific
QGFAEPFN,697a707b5bc42b2987347880,2,int,18,4,18,19,97, and ,54757,4549836,289,366,345.2569580078125,271.0833435058594,366.5902919769287,305.35417556762695,8,2,The government announced a plan for protecting villagers from tigers,0,,,2026-07-06,2026-07-06,2026-07-06T21:59:09.647Z,18:59:09,2026-07-06 18:59:09,,,,,,,spotlight-prolific
QGFAEPFN,697a707b5bc42b2987347880,2,int,18,4,18,19,96, (50) ,54813,4549892,267,366,345.2569580078125,234.18055725097656,366.5902919769287,271.08333587646484,8,1,The government announced a plan for protecting villagers from tigers,0,,,2026-07-06,2026-07-06,2026-07-06T21:59:09.647Z,18:59:09,2026-07-06 18:59:09,,,,,,,spotlight-prolific
QGFAEPFN,697a707b5bc42b2987347880,2,int,18,4,18,19,96, (50) ,54861,4549941,252,362,345.2569580078125,234.18055725097656,366.5902919769287,271.08333587646484,8,1,The government announced a plan for protecting villagers from tigers,0,,,2026-07-06,2026-07-06,2026-07-06T21:59:09.647Z,18:59:09,2026-07-06 18:59:09,,,,,,,spotlight-prolific
QGFAEPFN,697a707b5bc42b2987347880,2,int,18,4,18,19,-1,999,54901,4549980,228,357,,,,,,,The government announced a plan for protecting villagers from tigers,0,,,2026-07-06,2026-07-06,2026-07-06T21:59:09.647Z,18:59:09,2026-07-06 18:59:09,,,,,,,spotlight-prolific
QGFAEPFN,697a707b5bc42b2987347880,2,int,18,4,18,19,-1,999,54955,4550035,203,351,,,,,,,The government announced a plan for protecting villagers from tigers,0,,,2026-07-06,2026-07-06,2026-07-06T21:59:09.647Z,18:59:09,2026-07-06 18:59:09,,,,,,,spotlight-prolific
QGFAEPFN,697a707b5bc42b2987347880,2,int,18,4,18,19,-1,999,55001,4550081,203,351,,,,,,,The government announced a plan for protecting villagers from tigers,0,,,2026-07-06,2026-07-06,2026-07-06T21:59:09.647Z,18:59:09,2026-07-06 18:59:09,,,,,,,spotlight-prolific
QGFAEPFN,697a707b5bc42b2987347880,2,int,18,4,18,19,-1,999,55073,4550152,203,352,,,,,,,The government announced a plan for protecting villagers from tigers,0,,,2026-07-06,2026-07-06,2026-07-06T21:59:09.647Z,18:59:09,2026-07-06 18:59:09,,,,,,,spotlight-prolific
QGFAEPFN,697a707b5bc42b2987347880,2,int,18,4,18,19,-1,999,55101,4550181,203,352,,,,,,,The government announced a plan for protecting villagers from tigers,0,,,2026-07-06,2026-07-06,2026-07-06T21:59:09.647Z,18:59:09,2026-07-06 18:59:09,,,,,,,spotlight-prolific
QGFAEPFN,697a707b5bc42b2987347880,2,int,18,4,18,19,-1,999,55152,4550231,203,352,,,,,,,The government announced a plan for protecting villagers from tigers,0,,,2026-07-06,2026-07-06,2026-07-06T21:59:09.647Z,18:59:09,2026-07-06 18:59:09,,,,,,,spotlight-prolific
QGFAEPFN,697a707b5bc42b2987347880,2,int,18,4,18,19,-1,999,55202,4550282,203,352,,,,,,,The government announced a plan for protecting villagers from tigers,0,,,2026-07-06,2026-07-06,2026-07-06T21:59:09.647Z,18:59:09,2026-07-06 18:59:09,,,,,,,spotlight-prolific
QGFAEPFN,697a707b5bc42b2987347880,2,int,18,4,18,19,-1,999,55252,4550331,203,352,,,,,,,The government announced a plan for protecting villagers from tigers,0,,,2026-07-06,2026-07-06,2026-07-06T21:59:09.647Z,18:59:09,2026-07-06 18:59:09,,,,,,,spotlight-prolific
QGFAEPFN,697a707b5bc42b2987347880,2,int,18,4,18,19,-1,999,55301,4550381,207,356,,,,,,,The government announced a plan for protecting villagers from tigers,0,,,2026-07-06,2026-07-06,2026-07-06T21:59:09.647Z,18:59:09,2026-07-06 18:59:09,,,,,,,spotlight-prolific
QGFAEPFN,697a707b5bc42b2987347880,2,int,18,4,18,19,-1,999,55359,4550438,214,359,,,,,,,The government announced a plan for protecting villagers from tigers,0,,,2026-07-06,2026-07-06,2026-07-06T21:59:09.647Z,18:59:09,2026-07-06 18:59:09,,,,,,,spotlight-prolific
QGFAEPFN,697a707b5bc42b2987347880,2,int,18,4,18,19,-1,999,55401,4550481,228,361,,,,,,,The government announced a plan for protecting villagers from tigers,0,,,2026-07-06,2026-07-06,2026-07-06T21:59:09.647Z,18:59:09,2026-07-06 18:59:09,,,,,,,spotlight-prolific
QGFAEPFN,697a707b5bc42b2987347880,2,int,18,4,18,19,96, (50) ,55460,4550539,244,362,345.2569580078125,234.18055725097656,366.5902919769287,271.08333587646484,8,1,The government announced a plan for protecting villagers from tigers,0,,,2026-07-06,2026-07-06,2026-07-06T21:59:09.647Z,18:59:09,2026-07-06 18:59:09,,,,,,,spotlight-prolific
QGFAEPFN,697a707b5bc42b2987347880,2,int,18,4,18,19,96, (50) ,55513,4550592,256,366,345.2569580078125,234.18055725097656,366.5902919769287,271.08333587646484,8,1,The government announced a plan for protecting villagers from tigers,0,,,2026-07-06,2026-07-06,2026-07-06T21:59:09.647Z,18:59:09,2026-07-06 18:59:09,,,,,,,spotlight-prolific
QGFAEPFN,697a707b5bc42b2987347880,2,int,18,4,18,19,97, and ,55561,4550641,275,368,345.2569580078125,271.0833435058594,366.5902919769287,305.35417556762695,8,2,The government announced a plan for protecting villagers from tigers,0,,,2026-07-06,2026-07-06,2026-07-06T21:59:09.647Z,18:59:09,2026-07-06 18:59:09,,,,,,,spotlight-prolific
QGFAEPFN,697a707b5bc42b2987347880,2,int,18,4,18,19,97, and ,55610,4550689,300,368,345.2569580078125,271.0833435058594,366.5902919769287,305.35417556762695,8,2,The government announced a plan for protecting villagers from tigers,0,,,2026-07-06,2026-07-06,2026-07-06T21:59:09.647Z,18:59:09,2026-07-06 18:59:09,,,,,,,spotlight-prolific
QGFAEPFN,697a707b5bc42b2987347880,2,int,18,4,18,19,98, Shukla ,55652,4550731,306,366,345.2569580078125,305.3541564941406,366.5902919769287,363.4444351196289,8,3,The government announced a plan for protecting villagers from tigers,0,,,2026-07-06,2026-07-06,2026-07-06T21:59:09.647Z,18:59:09,2026-07-06 18:59:09,,,,,,,spotlight-prolific
QGFAEPFN,697a707b5bc42b2987347880,2,int,18,4,18,19,98, Shukla ,55703,4550782,309,365,345.2569580078125,305.3541564941406,366.5902919769287,363.4444351196289,8,3,The government announced a plan for protecting villagers from tigers,0,,,2026-07-06,2026-07-06,2026-07-06T21:59:09.647Z,18:59:09,2026-07-06 18:59:09,,,,,,,spotlight-prolific
QGFAEPFN,697a707b5bc42b2987347880,2,int,18,4,18,19,98, Shukla ,55753,4550832,309,363,345.2569580078125,305.3541564941406,366.5902919769287,363.4444351196289,8,3,The government announced a plan for protecting villagers from tigers,0,,,2026-07-06,2026-07-06,2026-07-06T21:59:09.647Z,18:59:09,2026-07-06 18:59:09,,,,,,,spotlight-prolific
QGFAEPFN,697a707b5bc42b2987347880,2,int,18,4,18,19,98, Shukla ,55806,4550885,312,360,345.2569580078125,305.3541564941406,366.5902919769287,363.4444351196289,8,3,The government announced a plan for protecting villagers from tigers,0,,,2026-07-06,2026-07-06,2026-07-06T21:59:09.647Z,18:59:09,2026-07-06 18:59:09,,,,,,,spotlight-prolific
QGFAEPFN,697a707b5bc42b2987347880,2,int,18,4,18,19,98, Shukla ,55861,4550941,324,358,345.2569580078125,305.3541564941406,366.5902919769287,363.4444351196289,8,3,The government announced a plan for protecting villagers from tigers,0,,,2026-07-06,2026-07-06,2026-07-06T21:59:09.647Z,18:59:09,2026-07-06 18:59:09,,,,,,,spotlight-prolific
QGFAEPFN,697a707b5bc42b2987347880,2,int,18,4,18,19,98, Shukla ,55910,4550989,354,354,345.2569580078125,305.3541564941406,366.5902919769287,363.4444351196289,8,3,The government announced a plan for protecting villagers from tigers,0,,,2026-07-06,2026-07-06,2026-07-06T21:59:09.647Z,18:59:09,2026-07-06 18:59:09,,,,,,,spotlight-prolific
QGFAEPFN,697a707b5bc42b2987347880,2,int,18,4,18,19,99, Phanta ,55952,4551031,368,354,345.2569580078125,363.4444580078125,366.5902919769287,424.43751525878906,8,4,The government announced a plan for protecting villagers from tigers,0,,,2026-07-06,2026-07-06,2026-07-06T21:59:09.647Z,18:59:09,2026-07-06 18:59:09,,,,,,,spotlight-prolific
QGFAEPFN,697a707b5bc42b2987347880,2,int,18,4,18,19,99, Phanta ,56002,4551081,410,354,345.2569580078125,363.4444580078125,366.5902919769287,424.43751525878906,8,4,The government announced a plan for protecting villagers from tigers,0,,,2026-07-06,2026-07-06,2026-07-06T21:59:09.647Z,18:59:09,2026-07-06 18:59:09,,,,,,,spotlight-prolific
QGFAEPFN,697a707b5bc42b2987347880,2,int,18,4,18,19,100, Wildlife ,56053,4551132,438,353,345.2569580078125,424.4375,366.5902919769287,487.7291679382324,8,5,The government announced a plan for protecting villagers from tigers,0,,,2026-07-06,2026-07-06,2026-07-06T21:59:09.647Z,18:59:09,2026-07-06 18:59:09,,,,,,,spotlight-prolific
QGFAEPFN,697a707b5bc42b2987347880,2,int,18,4,18,19,100, Wildlife ,56114,4551193,444,352,345.2569580078125,424.4375,366.5902919769287,487.7291679382324,8,5,The government announced a plan for protecting villagers from tigers,0,,,2026-07-06,2026-07-06,2026-07-06T21:59:09.647Z,18:59:09,2026-07-06 18:59:09,,,,,,,spotlight-prolific
QGFAEPFN,697a707b5bc42b2987347880,2,int,18,4,18,19,100, Wildlife ,56161,4551241,460,351,345.2569580078125,424.4375,366.5902919769287,487.7291679382324,8,5,The government announced a plan for protecting villagers from tigers,0,,,2026-07-06,2026-07-06,2026-07-06T21:59:09.647Z,18:59:09,2026-07-06 18:59:09,,,,,,,spotlight-prolific
QGFAEPFN,697a707b5bc42b2987347880,2,int,18,4,18,19,100, Wildlife ,56208,4551287,478,350,345.2569580078125,424.4375,366.5902919769287,487.7291679382324,8,5,The government announced a plan for protecting villagers from tigers,0,,,2026-07-06,2026-07-06,2026-07-06T21:59:09.647Z,18:59:09,2026-07-06 18:59:09,,,,,,,spotlight-prolific
QGFAEPFN,697a707b5bc42b2987347880,2,int,18,4,18,19,101, Reserve ,56262,4551341,502,348,345.2569580078125,487.7291564941406,366.5902919769287,555.9444351196289,8,6,The government announced a plan for protecting villagers from tigers,0,,,2026-07-06,2026-07-06,2026-07-06T21:59:09.647Z,18:59:09,2026-07-06 18:59:09,,,,,,,spotlight-prolific
QGFAEPFN,697a707b5bc42b2987347880,2,int,18,4,18,19,101, Reserve ,56312,4551391,517,344,345.2569580078125,487.7291564941406,366.5902919769287,555.9444351196289,8,6,The government announced a plan for protecting villagers from tigers,0,,,2026-07-06,2026-07-06,2026-07-06T21:59:09.647Z,18:59:09,2026-07-06 18:59:09,,,,,,,spotlight-prolific
QGFAEPFN,697a707b5bc42b2987347880,2,int,18,4,18,19,101, Reserve ,56363,4551442,530,343,345.2569580078125,487.7291564941406,366.5902919769287,555.9444351196289,8,6,The government announced a plan for protecting villagers from tigers,0,,,2026-07-06,2026-07-06,2026-07-06T21:59:09.647Z,18:59:09,2026-07-06 18:59:09,,,,,,,spotlight-prolific
QGFAEPFN,697a707b5bc42b2987347880,2,int,18,4,18,19,101, Reserve ,56413,4551493,552,341,345.2569580078125,487.7291564941406,366.5902919769287,555.9444351196289,8,6,The government announced a plan for protecting villagers from tigers,0,,,2026-07-06,2026-07-06,2026-07-06T21:59:09.647Z,18:59:09,2026-07-06 18:59:09,,,,,,,spotlight-prolific
QGFAEPFN,697a707b5bc42b2987347880,2,int,18,4,18,19,101, Reserve ,56453,4551532,555,341,345.2569580078125,487.7291564941406,366.5902919769287,555.9444351196289,8,6,The government announced a plan for protecting villagers from tigers,0,,,2026-07-06,2026-07-06,2026-07-06T21:59:09.647Z,18:59:09,2026-07-06 18:59:09,,,,,,,spotlight-prolific
QGFAEPFN,697a707b5bc42b2987347880,2,int,18,4,18,19,102, (17). ,56510,4551590,557,340,345.2569580078125,555.9444580078125,366.5902919769287,593.0555686950684,8,7,The government announced a plan for protecting villagers from tigers,0,,,2026-07-06,2026-07-06,2026-07-06T21:59:09.647Z,18:59:09,2026-07-06 18:59:09,,,,,,,spotlight-prolific
QGFAEPFN,697a707b5bc42b2987347880,2,int,18,4,18,19,102, (17). ,56552,4551632,563,340,345.2569580078125,555.9444580078125,366.5902919769287,593.0555686950684,8,7,The government announced a plan for protecting villagers from tigers,0,,,2026-07-06,2026-07-06,2026-07-06T21:59:09.647Z,18:59:09,2026-07-06 18:59:09,,,,,,,spotlight-prolific
QGFAEPFN,697a707b5bc42b2987347880,2,int,18,4,18,19,102, (17). ,56611,4551691,570,340,345.2569580078125,555.9444580078125,366.5902919769287,593.0555686950684,8,7,The government announced a plan for protecting villagers from tigers,0,,,2026-07-06,2026-07-06,2026-07-06T21:59:09.647Z,18:59:09,2026-07-06 18:59:09,,,,,,,spotlight-prolific
QGFAEPFN,697a707b5bc42b2987347880,2,int,18,4,18,19,102, (17). ,56659,4551739,577,340,345.2569580078125,555.9444580078125,366.5902919769287,593.0555686950684,8,7,The government announced a plan for protecting villagers from tigers,0,,,2026-07-06,2026-07-06,2026-07-06T21:59:09.647Z,18:59:09,2026-07-06 18:59:09,,,,,,,spotlight-prolific
QGFAEPFN,697a707b5bc42b2987347880,2,int,18,4,18,19,102, (17). ,56702,4551782,577,340,345.2569580078125,555.9444580078125,366.5902919769287,593.0555686950684,8,7,The government announced a plan for protecting villagers from tigers,0,,,2026-07-06,2026-07-06,2026-07-06T21:59:09.647Z,18:59:09,2026-07-06 18:59:09,,,,,,,spotlight-prolific
QGFAEPFN,697a707b5bc42b2987347880,2,int,18,4,18,19,102, (17). ,56753,4551833,577,340,345.2569580078125,555.9444580078125,366.5902919769287,593.0555686950684,8,7,The government announced a plan for protecting villagers from tigers,0,,,2026-07-06,2026-07-06,2026-07-06T21:59:09.647Z,18:59:09,2026-07-06 18:59:09,,,,,,,spotlight-prolific
QGFAEPFN,697a707b5bc42b2987347880,2,int,18,4,18,19,102, (17). ,56807,4551886,577,340,345.2569580078125,555.9444580078125,366.5902919769287,593.0555686950684,8,7,The government announced a plan for protecting villagers from tigers,0,,,2026-07-06,2026-07-06,2026-07-06T21:59:09.647Z,18:59:09,2026-07-06 18:59:09,,,,,,,spotlight-prolific
QGFAEPFN,697a707b5bc42b2987347880,2,int,18,4,18,19,102, (17). ,56857,4551936,577,340,345.2569580078125,555.9444580078125,366.5902919769287,593.0555686950684,8,7,The government announced a plan for protecting villagers from tigers,0,,,2026-07-06,2026-07-06,2026-07-06T21:59:09.647Z,18:59:09,2026-07-06 18:59:09,,,,,,,spotlight-prolific
QGFAEPFN,697a707b5bc42b2987347880,2,int,18,4,18,19,102, (17). ,56907,4551986,577,340,345.2569580078125,555.9444580078125,366.5902919769287,593.0555686950684,8,7,The government announced a plan for protecting villagers from tigers,0,,,2026-07-06,2026-07-06,2026-07-06T21:59:09.647Z,18:59:09,2026-07-06 18:59:09,,,,,,,spotlight-prolific
QGFAEPFN,697a707b5bc42b2987347880,2,int,18,4,18,19,102, (17). ,56956,4552036,577,340,345.2569580078125,555.9444580078125,366.5902919769287,593.0555686950684,8,7,The government announced a plan for protecting villagers from tigers,0,,,2026-07-06,2026-07-06,2026-07-06T21:59:09.647Z,18:59:09,2026-07-06 18:59:09,,,,,,,spotlight-prolific
QGFAEPFN,697a707b5bc42b2987347880,2,int,18,4,18,19,102, (17). ,57003,4552082,578,340,345.2569580078125,555.9444580078125,366.5902919769287,593.0555686950684,8,7,The government announced a plan for protecting villagers from tigers,0,,,2026-07-06,2026-07-06,2026-07-06T21:59:09.647Z,18:59:09,2026-07-06 18:59:09,,,,,,,spotlight-prolific
QGFAEPFN,697a707b5bc42b2987347880,2,int,18,4,18,19,102, (17). ,57053,4552132,578,340,345.2569580078125,555.9444580078125,366.5902919769287,593.0555686950684,8,7,The government announced a plan for protecting villagers from tigers,0,,,2026-07-06,2026-07-06,2026-07-06T21:59:09.647Z,18:59:09,2026-07-06 18:59:09,,,,,,,spotlight-prolific
QGFAEPFN,697a707b5bc42b2987347880,2,int,18,4,18,19,102, (17). ,57104,4552183,578,340,345.2569580078125,555.9444580078125,366.5902919769287,593.0555686950684,8,7,The government announced a plan for protecting villagers from tigers,0,,,2026-07-06,2026-07-06,2026-07-06T21:59:09.647Z,18:59:09,2026-07-06 18:59:09,,,,,,,spotlight-prolific
QGFAEPFN,697a707b5bc42b2987347880,2,int,18,4,18,19,102, (17). ,57154,4552233,578,340,345.2569580078125,555.9444580078125,366.5902919769287,593.0555686950684,8,7,The government announced a plan for protecting villagers from tigers,0,,,2026-07-06,2026-07-06,2026-07-06T21:59:09.647Z,18:59:09,2026-07-06 18:59:09,,,,,,,spotlight-prolific
QGFAEPFN,697a707b5bc42b2987347880,2,int,18,4,18,19,102, (17). ,57208,4552287,578,340,345.2569580078125,555.9444580078125,366.5902919769287,593.0555686950684,8,7,The government announced a plan for protecting villagers from tigers,0,,,2026-07-06,2026-07-06,2026-07-06T21:59:09.647Z,18:59:09,2026-07-06 18:59:09,,,,,,,spotlight-prolific
QGFAEPFN,697a707b5bc42b2987347880,2,int,18,4,18,19,102, (17). ,57258,4552338,578,340,345.2569580078125,555.9444580078125,366.5902919769287,593.0555686950684,8,7,The government announced a plan for protecting villagers from tigers,0,,,2026-07-06,2026-07-06,2026-07-06T21:59:09.647Z,18:59:09,2026-07-06 18:59:09,,,,,,,spotlight-prolific
QGFAEPFN,697a707b5bc42b2987347880,2,int,18,4,18,19,102, (17). ,57308,4552387,578,340,345.2569580078125,555.9444580078125,366.5902919769287,593.0555686950684,8,7,The government announced a plan for protecting villagers from tigers,0,,,2026-07-06,2026-07-06,2026-07-06T21:59:09.647Z,18:59:09,2026-07-06 18:59:09,,,,,,,spotlight-prolific
QGFAEPFN,697a707b5bc42b2987347880,2,int,18,4,18,19,102, (17). ,57356,4552435,578,340,345.2569580078125,555.9444580078125,366.5902919769287,593.0555686950684,8,7,The government announced a plan for protecting villagers from tigers,0,,,2026-07-06,2026-07-06,2026-07-06T21:59:09.647Z,18:59:09,2026-07-06 18:59:09,,,,,,,spotlight-prolific
QGFAEPFN,697a707b5bc42b2987347880,2,int,18,4,18,19,102, (17). ,57404,4552483,578,340,345.2569580078125,555.9444580078125,366.5902919769287,593.0555686950684,8,7,The government announced a plan for protecting villagers from tigers,0,,,2026-07-06,2026-07-06,2026-07-06T21:59:09.647Z,18:59:09,2026-07-06 18:59:09,,,,,,,spotlight-prolific
QGFAEPFN,697a707b5bc42b2987347880,2,int,18,4,18,19,102, (17). ,57456,4552535,578,340,345.2569580078125,555.9444580078125,366.5902919769287,593.0555686950684,8,7,The government announced a plan for protecting villagers from tigers,0,,,2026-07-06,2026-07-06,2026-07-06T21:59:09.647Z,18:59:09,2026-07-06 18:59:09,,,,,,,spotlight-prolific
QGFAEPFN,697a707b5bc42b2987347880,2,int,18,4,18,19,102, (17). ,57506,4552585,578,340,345.2569580078125,555.9444580078125,366.5902919769287,593.0555686950684,8,7,The government announced a plan for protecting villagers from tigers,0,,,2026-07-06,2026-07-06,2026-07-06T21:59:09.647Z,18:59:09,2026-07-06 18:59:09,,,,,,,spotlight-prolific
QGFAEPFN,697a707b5bc42b2987347880,2,int,18,4,18,19,102, (17). ,57558,4552637,578,340,345.2569580078125,555.9444580078125,366.5902919769287,593.0555686950684,8,7,The government announced a plan for protecting villagers from tigers,0,,,2026-07-06,2026-07-06,2026-07-06T21:59:09.647Z,18:59:09,2026-07-06 18:59:09,,,,,,,spotlight-prolific
QGFAEPFN,697a707b5bc42b2987347880,2,int,18,4,18,19,102, (17). ,57608,4552687,578,340,345.2569580078125,555.9444580078125,366.5902919769287,593.0555686950684,8,7,The government announced a plan for protecting villagers from tigers,0,,,2026-07-06,2026-07-06,2026-07-06T21:59:09.647Z,18:59:09,2026-07-06 18:59:09,,,,,,,spotlight-prolific
QGFAEPFN,697a707b5bc42b2987347880,2,int,18,4,18,19,102, (17). ,57658,4552737,578,340,345.2569580078125,555.9444580078125,366.5902919769287,593.0555686950684,8,7,The government announced a plan for protecting villagers from tigers,0,,,2026-07-06,2026-07-06,2026-07-06T21:59:09.647Z,18:59:09,2026-07-06 18:59:09,,,,,,,spotlight-prolific
QGFAEPFN,697a707b5bc42b2987347880,2,int,18,4,18,19,102, (17). ,57708,4552787,578,340,345.2569580078125,555.9444580078125,366.5902919769287,593.0555686950684,8,7,The government announced a plan for protecting villagers from tigers,0,,,2026-07-06,2026-07-06,2026-07-06T21:59:09.647Z,18:59:09,2026-07-06 18:59:09,,,,,,,spotlight-prolific
QGFAEPFN,697a707b5bc42b2987347880,2,int,18,4,18,19,102, (17). ,57758,4552837,578,340,345.2569580078125,555.9444580078125,366.5902919769287,593.0555686950684,8,7,The government announced a plan for protecting villagers from tigers,0,,,2026-07-06,2026-07-06,2026-07-06T21:59:09.647Z,18:59:09,2026-07-06 18:59:09,,,,,,,spotlight-prolific
QGFAEPFN,697a707b5bc42b2987347880,2,int,18,4,18,19,102, (17). ,57806,4552886,578,340,345.2569580078125,555.9444580078125,366.5902919769287,593.0555686950684,8,7,The government announced a plan for protecting villagers from tigers,0,,,2026-07-06,2026-07-06,2026-07-06T21:59:09.647Z,18:59:09,2026-07-06 18:59:09,,,,,,,spotlight-prolific
QGFAEPFN,697a707b5bc42b2987347880,2,int,18,4,18,19,102, (17). ,57858,4552937,578,340,345.2569580078125,555.9444580078125,366.5902919769287,593.0555686950684,8,7,The government announced a plan for protecting villagers from tigers,0,,,2026-07-06,2026-07-06,2026-07-06T21:59:09.647Z,18:59:09,2026-07-06 18:59:09,,,,,,,spotlight-prolific
QGFAEPFN,697a707b5bc42b2987347880,2,int,18,4,18,19,102, (17). ,57908,4552987,578,340,345.2569580078125,555.9444580078125,366.5902919769287,593.0555686950684,8,7,The government announced a plan for protecting villagers from tigers,0,,,2026-07-06,2026-07-06,2026-07-06T21:59:09.647Z,18:59:09,2026-07-06 18:59:09,,,,,,,spotlight-prolific
QGFAEPFN,697a707b5bc42b2987347880,2,int,18,4,18,19,102, (17). ,57958,4553037,578,340,345.2569580078125,555.9444580078125,366.5902919769287,593.0555686950684,8,7,The government announced a plan for protecting villagers from tigers,0,,,2026-07-06,2026-07-06,2026-07-06T21:59:09.647Z,18:59:09,2026-07-06 18:59:09,,,,,,,spotlight-prolific
QGFAEPFN,697a707b5bc42b2987347880,2,int,18,4,18,19,102, (17). ,58008,4553087,578,340,345.2569580078125,555.9444580078125,366.5902919769287,593.0555686950684,8,7,The government announced a plan for protecting villagers from tigers,0,,,2026-07-06,2026-07-06,2026-07-06T21:59:09.647Z,18:59:09,2026-07-06 18:59:09,,,,,,,spotlight-prolific
QGFAEPFN,697a707b5bc42b2987347880,2,int,18,4,18,19,102, (17). ,58059,4553138,578,340,345.2569580078125,555.9444580078125,366.5902919769287,593.0555686950684,8,7,The government announced a plan for protecting villagers from tigers,0,,,2026-07-06,2026-07-06,2026-07-06T21:59:09.647Z,18:59:09,2026-07-06 18:59:09,,,,,,,spotlight-prolific
QGFAEPFN,697a707b5bc42b2987347880,2,int,18,4,18,19,102, (17). ,58104,4553183,580,341,345.2569580078125,555.9444580078125,366.5902919769287,593.0555686950684,8,7,The government announced a plan for protecting villagers from tigers,0,,,2026-07-06,2026-07-06,2026-07-06T21:59:09.647Z,18:59:09,2026-07-06 18:59:09,,,,,,,spotlight-prolific
QGFAEPFN,697a707b5bc42b2987347880,2,int,18,4,18,19,102, (17). ,58153,4553233,580,341,345.2569580078125,555.9444580078125,366.5902919769287,593.0555686950684,8,7,The government announced a plan for protecting villagers from tigers,0,,,2026-07-06,2026-07-06,2026-07-06T21:59:09.647Z,18:59:09,2026-07-06 18:59:09,,,,,,,spotlight-prolific
QGFAEPFN,697a707b5bc42b2987347880,2,int,18,4,18,19,102, (17). ,58205,4553284,580,341,345.2569580078125,555.9444580078125,366.5902919769287,593.0555686950684,8,7,The government announced a plan for protecting villagers from tigers,0,,,2026-07-06,2026-07-06,2026-07-06T21:59:09.647Z,18:59:09,2026-07-06 18:59:09,,,,,,,spotlight-prolific
QGFAEPFN,697a707b5bc42b2987347880,2,int,18,4,18,19,102, (17). ,58262,4553341,580,342,345.2569580078125,555.9444580078125,366.5902919769287,593.0555686950684,8,7,The government announced a plan for protecting villagers from tigers,0,,,2026-07-06,2026-07-06,2026-07-06T21:59:09.647Z,18:59:09,2026-07-06 18:59:09,,,,,,,spotlight-prolific
QGFAEPFN,697a707b5bc42b2987347880,2,int,18,4,18,19,102, (17). ,58303,4553382,580,342,345.2569580078125,555.9444580078125,366.5902919769287,593.0555686950684,8,7,The government announced a plan for protecting villagers from tigers,0,,,2026-07-06,2026-07-06,2026-07-06T21:59:09.647Z,18:59:09,2026-07-06 18:59:09,,,,,,,spotlight-prolific
QGFAEPFN,697a707b5bc42b2987347880,2,int,18,4,18,19,102, (17). ,58355,4553434,580,342,345.2569580078125,555.9444580078125,366.5902919769287,593.0555686950684,8,7,The government announced a plan for protecting villagers from tigers,0,,,2026-07-06,2026-07-06,2026-07-06T21:59:09.647Z,18:59:09,2026-07-06 18:59:09,,,,,,,spotlight-prolific
QGFAEPFN,697a707b5bc42b2987347880,2,int,18,4,18,19,102, (17). ,58405,4553484,580,342,345.2569580078125,555.9444580078125,366.5902919769287,593.0555686950684,8,7,The government announced a plan for protecting villagers from tigers,0,,,2026-07-06,2026-07-06,2026-07-06T21:59:09.647Z,18:59:09,2026-07-06 18:59:09,,,,,,,spotlight-prolific
QGFAEPFN,697a707b5bc42b2987347880,2,int,18,4,18,19,102, (17). ,58453,4553533,580,341,345.2569580078125,555.9444580078125,366.5902919769287,593.0555686950684,8,7,The government announced a plan for protecting villagers from tigers,0,,,2026-07-06,2026-07-06,2026-07-06T21:59:09.647Z,18:59:09,2026-07-06 18:59:09,,,,,,,spotlight-prolific
QGFAEPFN,697a707b5bc42b2987347880,2,int,18,4,18,19,102, (17). ,58503,4553582,580,341,345.2569580078125,555.9444580078125,366.5902919769287,593.0555686950684,8,7,The government announced a plan for protecting villagers from tigers,0,,,2026-07-06,2026-07-06,2026-07-06T21:59:09.647Z,18:59:09,2026-07-06 18:59:09,,,,,,,spotlight-prolific
QGFAEPFN,697a707b5bc42b2987347880,2,int,18,4,18,19,102, (17). ,58555,4553634,580,341,345.2569580078125,555.9444580078125,366.5902919769287,593.0555686950684,8,7,The government announced a plan for protecting villagers from tigers,0,,,2026-07-06,2026-07-06,2026-07-06T21:59:09.647Z,18:59:09,2026-07-06 18:59:09,,,,,,,spotlight-prolific
QGFAEPFN,697a707b5bc42b2987347880,2,int,18,4,18,19,102, (17). ,58602,4553681,577,341,345.2569580078125,555.9444580078125,366.5902919769287,593.0555686950684,8,7,The government announced a plan for protecting villagers from tigers,0,,,2026-07-06,2026-07-06,2026-07-06T21:59:09.647Z,18:59:09,2026-07-06 18:59:09,,,,,,,spotlight-prolific
QGFAEPFN,697a707b5bc42b2987347880,2,int,18,4,18,19,102, (17). ,58663,4553743,576,341,345.2569580078125,555.9444580078125,366.5902919769287,593.0555686950684,8,7,The government announced a plan for protecting villagers from tigers,0,,,2026-07-06,2026-07-06,2026-07-06T21:59:09.647Z,18:59:09,2026-07-06 18:59:09,,,,,,,spotlight-prolific
QGFAEPFN,697a707b5bc42b2987347880,2,int,18,4,18,19,102, (17). ,58703,4553782,578,341,345.2569580078125,555.9444580078125,366.5902919769287,593.0555686950684,8,7,The government announced a plan for protecting villagers from tigers,0,,,2026-07-06,2026-07-06,2026-07-06T21:59:09.647Z,18:59:09,2026-07-06 18:59:09,,,,,,,spotlight-prolific
QGFAEPFN,697a707b5bc42b2987347880,2,int,18,4,18,19,102, (17). ,58754,4553833,578,341,345.2569580078125,555.9444580078125,366.5902919769287,593.0555686950684,8,7,The government announced a plan for protecting villagers from tigers,0,,,2026-07-06,2026-07-06,2026-07-06T21:59:09.647Z,18:59:09,2026-07-06 18:59:09,,,,,,,spotlight-prolific
QGFAEPFN,697a707b5bc42b2987347880,2,int,18,4,18,19,102, (17). ,58803,4553882,578,341,345.2569580078125,555.9444580078125,366.5902919769287,593.0555686950684,8,7,The government announced a plan for protecting villagers from tigers,0,,,2026-07-06,2026-07-06,2026-07-06T21:59:09.647Z,18:59:09,2026-07-06 18:59:09,,,,,,,spotlight-prolific
QGFAEPFN,697a707b5bc42b2987347880,2,int,18,4,18,19,102, (17). ,58856,4553935,578,341,345.2569580078125,555.9444580078125,366.5902919769287,593.0555686950684,8,7,The government announced a plan for protecting villagers from tigers,0,,,2026-07-06,2026-07-06,2026-07-06T21:59:09.647Z,18:59:09,2026-07-06 18:59:09,,,,,,,spotlight-prolific
QGFAEPFN,697a707b5bc42b2987347880,2,int,18,4,18,19,102, (17). ,58907,4553986,578,341,345.2569580078125,555.9444580078125,366.5902919769287,593.0555686950684,8,7,The government announced a plan for protecting villagers from tigers,0,,,2026-07-06,2026-07-06,2026-07-06T21:59:09.647Z,18:59:09,2026-07-06 18:59:09,,,,,,,spotlight-prolific
QGFAEPFN,697a707b5bc42b2987347880,2,int,18,4,18,19,102, (17). ,58963,4554042,584,351,345.2569580078125,555.9444580078125,366.5902919769287,593.0555686950684,8,7,The government announced a plan for protecting villagers from tigers,0,,,2026-07-06,2026-07-06,2026-07-06T21:59:09.647Z,18:59:09,2026-07-06 18:59:09,,,,,,,spotlight-prolific
QGFAEPFN,697a707b5bc42b2987347880,2,int,18,4,18,19,102, (17). ,59014,4554094,588,369,345.2569580078125,555.9444580078125,366.5902919769287,593.0555686950684,8,7,The government announced a plan for protecting villagers from tigers,0,,,2026-07-06,2026-07-06,2026-07-06T21:59:09.647Z,18:59:09,2026-07-06 18:59:09,,,,,,,spotlight-prolific
QGFAEPFN,697a707b5bc42b2987347880,2,int,18,4,18,19,102, (17). ,59052,4554131,588,374,345.2569580078125,555.9444580078125,366.5902919769287,593.0555686950684,8,7,The government announced a plan for protecting villagers from tigers,0,,,2026-07-06,2026-07-06,2026-07-06T21:59:09.647Z,18:59:09,2026-07-06 18:59:09,,,,,,,spotlight-prolific
QGFAEPFN,697a707b5bc42b2987347880,2,int,18,4,18,19,102, (17). ,59103,4554182,588,374,345.2569580078125,555.9444580078125,366.5902919769287,593.0555686950684,8,7,The government announced a plan for protecting villagers from tigers,0,,,2026-07-06,2026-07-06,2026-07-06T21:59:09.647Z,18:59:09,2026-07-06 18:59:09,,,,,,,spotlight-prolific
QGFAEPFN,697a707b5bc42b2987347880,2,int,18,4,18,19,102, (17). ,59154,4554233,588,374,345.2569580078125,555.9444580078125,366.5902919769287,593.0555686950684,8,7,The government announced a plan for protecting villagers from tigers,0,,,2026-07-06,2026-07-06,2026-07-06T21:59:09.647Z,18:59:09,2026-07-06 18:59:09,,,,,,,spotlight-prolific
QGFAEPFN,697a707b5bc42b2987347880,2,int,18,4,18,19,102, (17). ,59204,4554284,588,374,345.2569580078125,555.9444580078125,366.5902919769287,593.0555686950684,8,7,The government announced a plan for protecting villagers from tigers,0,,,2026-07-06,2026-07-06,2026-07-06T21:59:09.647Z,18:59:09,2026-07-06 18:59:09,,,,,,,spotlight-prolific
QGFAEPFN,697a707b5bc42b2987347880,2,int,18,4,18,19,-1,999,59251,4554330,590,380,,,,,,,The government announced a plan for protecting villagers from tigers,0,,,2026-07-06,2026-07-06,2026-07-06T21:59:09.647Z,18:59:09,2026-07-06 18:59:09,,,,,,,spotlight-prolific
QGFAEPFN,697a707b5bc42b2987347880,2,int,18,4,18,19,-1,999,59301,4554381,590,380,,,,,,,The government announced a plan for protecting villagers from tigers,0,,,2026-07-06,2026-07-06,2026-07-06T21:59:09.647Z,18:59:09,2026-07-06 18:59:09,,,,,,,spotlight-prolific
QGFAEPFN,697a707b5bc42b2987347880,2,int,18,4,18,19,-1,999,59352,4554431,590,380,,,,,,,The government announced a plan for protecting villagers from tigers,0,,,2026-07-06,2026-07-06,2026-07-06T21:59:09.647Z,18:59:09,2026-07-06 18:59:09,,,,,,,spotlight-prolific
QGFAEPFN,697a707b5bc42b2987347880,2,int,18,4,18,19,-1,999,59402,4554481,590,380,,,,,,,The government announced a plan for protecting villagers from tigers,0,,,2026-07-06,2026-07-06,2026-07-06T21:59:09.647Z,18:59:09,2026-07-06 18:59:09,,,,,,,spotlight-prolific
QGFAEPFN,697a707b5bc42b2987347880,2,int,18,4,18,19,-1,999,59452,4554531,590,380,,,,,,,The government announced a plan for protecting villagers from tigers,0,,,2026-07-06,2026-07-06,2026-07-06T21:59:09.647Z,18:59:09,2026-07-06 18:59:09,,,,,,,spotlight-prolific
QGFAEPFN,697a707b5bc42b2987347880,2,int,18,4,18,19,-1,999,59502,4554581,590,380,,,,,,,The government announced a plan for protecting villagers from tigers,0,,,2026-07-06,2026-07-06,2026-07-06T21:59:09.647Z,18:59:09,2026-07-06 18:59:09,,,,,,,spotlight-prolific
QGFAEPFN,697a707b5bc42b2987347880,2,int,18,4,18,19,-1,999,59552,4554632,590,380,,,,,,,The government announced a plan for protecting villagers from tigers,0,,,2026-07-06,2026-07-06,2026-07-06T21:59:09.647Z,18:59:09,2026-07-06 18:59:09,,,,,,,spotlight-prolific
QGFAEPFN,697a707b5bc42b2987347880,2,int,18,4,18,19,-1,999,59602,4554681,590,380,,,,,,,The government announced a plan for protecting villagers from tigers,0,,,2026-07-06,2026-07-06,2026-07-06T21:59:09.647Z,18:59:09,2026-07-06 18:59:09,,,,,,,spotlight-prolific
QGFAEPFN,697a707b5bc42b2987347880,2,int,18,4,18,19,-1,999,59652,4554731,590,380,,,,,,,The government announced a plan for protecting villagers from tigers,0,,,2026-07-06,2026-07-06,2026-07-06T21:59:09.647Z,18:59:09,2026-07-06 18:59:09,,,,,,,spotlight-prolific
QGFAEPFN,697a707b5bc42b2987347880,2,int,18,4,18,19,-1,999,59702,4554781,590,380,,,,,,,The government announced a plan for protecting villagers from tigers,0,,,2026-07-06,2026-07-06,2026-07-06T21:59:09.647Z,18:59:09,2026-07-06 18:59:09,,,,,,,spotlight-prolific
QGFAEPFN,697a707b5bc42b2987347880,2,int,18,4,18,19,-1,999,59752,4554831,590,380,,,,,,,The government announced a plan for protecting villagers from tigers,0,,,2026-07-06,2026-07-06,2026-07-06T21:59:09.647Z,18:59:09,2026-07-06 18:59:09,,,,,,,spotlight-prolific
QGFAEPFN,697a707b5bc42b2987347880,2,int,18,4,18,19,-1,999,59803,4554882,590,380,,,,,,,The government announced a plan for protecting villagers from tigers,0,,,2026-07-06,2026-07-06,2026-07-06T21:59:09.647Z,18:59:09,2026-07-06 18:59:09,,,,,,,spotlight-prolific
QGFAEPFN,697a707b5bc42b2987347880,2,int,18,4,18,19,-1,999,59852,4554931,590,380,,,,,,,The government announced a plan for protecting villagers from tigers,0,,,2026-07-06,2026-07-06,2026-07-06T21:59:09.647Z,18:59:09,2026-07-06 18:59:09,,,,,,,spotlight-prolific
QGFAEPFN,697a707b5bc42b2987347880,2,int,18,4,18,19,-1,999,59902,4554981,590,380,,,,,,,The government announced a plan for protecting villagers from tigers,0,,,2026-07-06,2026-07-06,2026-07-06T21:59:09.647Z,18:59:09,2026-07-06 18:59:09,,,,,,,spotlight-prolific
QGFAEPFN,697a707b5bc42b2987347880,2,int,18,4,18,19,-1,999,59951,4555030,590,380,,,,,,,The government announced a plan for protecting villagers from tigers,0,,,2026-07-06,2026-07-06,2026-07-06T21:59:09.647Z,18:59:09,2026-07-06 18:59:09,,,,,,,spotlight-prolific
QGFAEPFN,697a707b5bc42b2987347880,2,int,18,4,18,19,-1,999,60002,4555081,590,380,,,,,,,The government announced a plan for protecting villagers from tigers,0,,,2026-07-06,2026-07-06,2026-07-06T21:59:09.647Z,18:59:09,2026-07-06 18:59:09,,,,,,,spotlight-prolific
QGFAEPFN,697a707b5bc42b2987347880,2,int,18,4,18,19,-1,999,60052,4555131,590,380,,,,,,,The government announced a plan for protecting villagers from tigers,0,,,2026-07-06,2026-07-06,2026-07-06T21:59:09.647Z,18:59:09,2026-07-06 18:59:09,,,,,,,spotlight-prolific
QGFAEPFN,697a707b5bc42b2987347880,2,int,18,4,18,19,-1,999,60101,4555181,590,380,,,,,,,The government announced a plan for protecting villagers from tigers,0,,,2026-07-06,2026-07-06,2026-07-06T21:59:09.647Z,18:59:09,2026-07-06 18:59:09,,,,,,,spotlight-prolific
QGFAEPFN,697a707b5bc42b2987347880,2,int,18,4,18,19,-1,999,60151,4555231,590,380,,,,,,,The government announced a plan for protecting villagers from tigers,0,,,2026-07-06,2026-07-06,2026-07-06T21:59:09.647Z,18:59:09,2026-07-06 18:59:09,,,,,,,spotlight-prolific
