responseTime,recordType,Experiment,Condition,onestop_level,onestop_article_number,onestop_paragraph_number,ItemId,presentation_order,Index,Word,mousePositionX,mousePositionY,sampleTimeMs,SubjectId,SubjectID,onestop_block_level,onestop_paragraph_index,ProlificId,ProlificID,study_key,source,demo_age,demo_country,demo_native_language,demo_other_languages,demo_other_languages_parsed,demo_exposure_pcts,demo_exposure_total_pct,demo_read_pcts,demo_read_total_pct,demo_speak_pcts,demo_speak_total_pct,demo_formal_education_years,demo_years_current_institution,demo_highest_education,demo_native_speaking,demo_native_understanding,demo_native_reading,demo_english_speaking,demo_english_understanding,demo_english_reading,demo_english_acquire_start_age,demo_english_fluent_age,demo_english_read_start_age,demo_english_read_fluent_age,demo_other_english_test,demo_other_english_test_score,cambridge_item,cambridge_selected,cambridge_correct_answer,cambridge_item_correct,cambridge_score,cambridge_max,cambridge_cefr,onestop_level_pair,onestop_level_block_order,onestop_level_assignment_rule,onestop_reading_article_count,onestop_reading_trial_count,onestop_article_selection_mode,onestop_manual_article_numbers,wordPositionTop,wordPositionLeft,wordPositionBottom,wordPositionRight,line_number,position_in_line,revealMode,clickDurationMs,hoverDurationMs,relativeXInWord,relativeYInWord,totalWordsInItem,response,response_correct,prolific_pid,prolific_study_id,prolific_session_id,experiment_start_time,ParticipantId,experiment_start_date,experiment_date,experiment_start_clock_time,experiment_start_time_local,experiment_end_time,experiment_duration,glb_ProlificId,glb_ProlificID,glb_SubjectId,glb_SubjectID,glb_study_key,SONAId,SonaId,experiment_end_date,experiment_end_clock_time,experiment_end_time_local,experiment_duration_ms
60,raw_position_sample,2,1,ele,9,3,13,14,-1,999,340,98,1108893.799999997,69fe3eb696baf5af4617c380,69fe3eb696baf5af4617c380,elementary,3,69fe3eb696baf5af4617c380,69fe3eb696baf5af4617c380,spotlight_PROLIFIC,,26,Mexico,Spanish,English,,Spanish:85|English:15,100,Spanish:40|English:60,100,Spanish:90|English:10,100,25,7,Bachelor's,10,10,10,9,9,10,6,14,6,12,TOEFL,96,,,,,20,25,B2,elementary|intermediate,intermediate|elementary,cambridge_15_21_random_elementary_intermediate,4,19,random,,,,,,,,,,,,,,,,,,,2026-09-22T23:05:16.927Z,V4EJ4XA7,2026-09-22,2026-09-22,17:05:16,2026-09-22 17:05:16,,,,,,,,69fe3eb696baf5af4617c380,69fe3eb696baf5af4617c380,,,,
109,raw_position_sample,2,1,ele,9,3,13,14,-1,999,349,112,1108942.6999999993,69fe3eb696baf5af4617c380,69fe3eb696baf5af4617c380,elementary,3,69fe3eb696baf5af4617c380,69fe3eb696baf5af4617c380,spotlight_PROLIFIC,,26,Mexico,Spanish,English,,Spanish:85|English:15,100,Spanish:40|English:60,100,Spanish:90|English:10,100,25,7,Bachelor's,10,10,10,9,9,10,6,14,6,12,TOEFL,96,,,,,20,25,B2,elementary|intermediate,intermediate|elementary,cambridge_15_21_random_elementary_intermediate,4,19,random,,,,,,,,,,,,,,,,,,,2026-09-22T23:05:16.927Z,V4EJ4XA7,2026-09-22,2026-09-22,17:05:16,2026-09-22 17:05:16,,,,,,,,69fe3eb696baf5af4617c380,69fe3eb696baf5af4617c380,,,,
160,raw_position_sample,2,1,ele,9,3,13,14,-1,999,350,113,1108993.3999999985,69fe3eb696baf5af4617c380,69fe3eb696baf5af4617c380,elementary,3,69fe3eb696baf5af4617c380,69fe3eb696baf5af4617c380,spotlight_PROLIFIC,,26,Mexico,Spanish,English,,Spanish:85|English:15,100,Spanish:40|English:60,100,Spanish:90|English:10,100,25,7,Bachelor's,10,10,10,9,9,10,6,14,6,12,TOEFL,96,,,,,20,25,B2,elementary|intermediate,intermediate|elementary,cambridge_15_21_random_elementary_intermediate,4,19,random,,,,,,,,,,,,,,,,,,,2026-09-22T23:05:16.927Z,V4EJ4XA7,2026-09-22,2026-09-22,17:05:16,2026-09-22 17:05:16,,,,,,,,69fe3eb696baf5af4617c380,69fe3eb696baf5af4617c380,,,,
211,raw_position_sample,2,1,ele,9,3,13,14,-1,999,351,115,1109044.3999999985,69fe3eb696baf5af4617c380,69fe3eb696baf5af4617c380,elementary,3,69fe3eb696baf5af4617c380,69fe3eb696baf5af4617c380,spotlight_PROLIFIC,,26,Mexico,Spanish,English,,Spanish:85|English:15,100,Spanish:40|English:60,100,Spanish:90|English:10,100,25,7,Bachelor's,10,10,10,9,9,10,6,14,6,12,TOEFL,96,,,,,20,25,B2,elementary|intermediate,intermediate|elementary,cambridge_15_21_random_elementary_intermediate,4,19,random,,,,,,,,,,,,,,,,,,,2026-09-22T23:05:16.927Z,V4EJ4XA7,2026-09-22,2026-09-22,17:05:16,2026-09-22 17:05:16,,,,,,,,69fe3eb696baf5af4617c380,69fe3eb696baf5af4617c380,,,,
261,raw_position_sample,2,1,ele,9,3,13,14,-1,999,373,135,1109094,69fe3eb696baf5af4617c380,69fe3eb696baf5af4617c380,elementary,3,69fe3eb696baf5af4617c380,69fe3eb696baf5af4617c380,spotlight_PROLIFIC,,26,Mexico,Spanish,English,,Spanish:85|English:15,100,Spanish:40|English:60,100,Spanish:90|English:10,100,25,7,Bachelor's,10,10,10,9,9,10,6,14,6,12,TOEFL,96,,,,,20,25,B2,elementary|intermediate,intermediate|elementary,cambridge_15_21_random_elementary_intermediate,4,19,random,,,,,,,,,,,,,,,,,,,2026-09-22T23:05:16.927Z,V4EJ4XA7,2026-09-22,2026-09-22,17:05:16,2026-09-22 17:05:16,,,,,,,,69fe3eb696baf5af4617c380,69fe3eb696baf5af4617c380,,,,
310,raw_position_sample,2,1,ele,9,3,13,14,19, made ,401,161,1109143.5,69fe3eb696baf5af4617c380,69fe3eb696baf5af4617c380,elementary,3,69fe3eb696baf5af4617c380,69fe3eb696baf5af4617c380,spotlight_PROLIFIC,,26,Mexico,Spanish,English,,Spanish:85|English:15,100,Spanish:40|English:60,100,Spanish:90|English:10,100,25,7,Bachelor's,10,10,10,9,9,10,6,14,6,12,TOEFL,96,,,,,20,25,B2,elementary|intermediate,intermediate|elementary,cambridge_15_21_random_elementary_intermediate,4,19,random,,149.2734375,400.375,169.7734375,450.40625,2,1,,,,,,,,,,,,2026-09-22T23:05:16.927Z,V4EJ4XA7,2026-09-22,2026-09-22,17:05:16,2026-09-22 17:05:16,,,,,,,,69fe3eb696baf5af4617c380,69fe3eb696baf5af4617c380,,,,
361,raw_position_sample,2,1,ele,9,3,13,14,19, made ,412,168,1109194.1999999993,69fe3eb696baf5af4617c380,69fe3eb696baf5af4617c380,elementary,3,69fe3eb696baf5af4617c380,69fe3eb696baf5af4617c380,spotlight_PROLIFIC,,26,Mexico,Spanish,English,,Spanish:85|English:15,100,Spanish:40|English:60,100,Spanish:90|English:10,100,25,7,Bachelor's,10,10,10,9,9,10,6,14,6,12,TOEFL,96,,,,,20,25,B2,elementary|intermediate,intermediate|elementary,cambridge_15_21_random_elementary_intermediate,4,19,random,,149.2734375,400.375,169.7734375,450.40625,2,1,,,,,,,,,,,,2026-09-22T23:05:16.927Z,V4EJ4XA7,2026-09-22,2026-09-22,17:05:16,2026-09-22 17:05:16,,,,,,,,69fe3eb696baf5af4617c380,69fe3eb696baf5af4617c380,,,,
410,raw_position_sample,2,1,ele,9,3,13,14,19, made ,420,161,1109243.6999999993,69fe3eb696baf5af4617c380,69fe3eb696baf5af4617c380,elementary,3,69fe3eb696baf5af4617c380,69fe3eb696baf5af4617c380,spotlight_PROLIFIC,,26,Mexico,Spanish,English,,Spanish:85|English:15,100,Spanish:40|English:60,100,Spanish:90|English:10,100,25,7,Bachelor's,10,10,10,9,9,10,6,14,6,12,TOEFL,96,,,,,20,25,B2,elementary|intermediate,intermediate|elementary,cambridge_15_21_random_elementary_intermediate,4,19,random,,149.2734375,400.375,169.7734375,450.40625,2,1,,,,,,,,,,,,2026-09-22T23:05:16.927Z,V4EJ4XA7,2026-09-22,2026-09-22,17:05:16,2026-09-22 17:05:16,,,,,,,,69fe3eb696baf5af4617c380,69fe3eb696baf5af4617c380,,,,
460,raw_position_sample,2,1,ele,9,3,13,14,19, made ,429,145,1109293.5999999978,69fe3eb696baf5af4617c380,69fe3eb696baf5af4617c380,elementary,3,69fe3eb696baf5af4617c380,69fe3eb696baf5af4617c380,spotlight_PROLIFIC,,26,Mexico,Spanish,English,,Spanish:85|English:15,100,Spanish:40|English:60,100,Spanish:90|English:10,100,25,7,Bachelor's,10,10,10,9,9,10,6,14,6,12,TOEFL,96,,,,,20,25,B2,elementary|intermediate,intermediate|elementary,cambridge_15_21_random_elementary_intermediate,4,19,random,,149.2734375,400.375,169.7734375,450.40625,2,1,,,,,,,,,,,,2026-09-22T23:05:16.927Z,V4EJ4XA7,2026-09-22,2026-09-22,17:05:16,2026-09-22 17:05:16,,,,,,,,69fe3eb696baf5af4617c380,69fe3eb696baf5af4617c380,,,,
466,hover_association,2,1,ele,9,3,13,14,19, made ,401,161,,69fe3eb696baf5af4617c380,69fe3eb696baf5af4617c380,elementary,3,69fe3eb696baf5af4617c380,69fe3eb696baf5af4617c380,spotlight_PROLIFIC,,26,Mexico,Spanish,English,,Spanish:85|English:15,100,Spanish:40|English:60,100,Spanish:90|English:10,100,25,7,Bachelor's,10,10,10,9,9,10,6,14,6,12,TOEFL,96,,,,,20,25,B2,elementary|intermediate,intermediate|elementary,cambridge_15_21_random_elementary_intermediate,4,19,random,,139.5234375,396.4345703125,179.5234375,450.40625,2,1,hover,166.59999999776483,166.59999999776483,0.6033799554888089,0.1369140625,63,,,,,,2026-09-22T23:05:16.927Z,V4EJ4XA7,2026-09-22,2026-09-22,17:05:16,2026-09-22 17:05:16,,,,,,,,69fe3eb696baf5af4617c380,69fe3eb696baf5af4617c380,,,,
510,raw_position_sample,2,1,ele,9,3,13,14,1, Google ,434,135,1109343.5,69fe3eb696baf5af4617c380,69fe3eb696baf5af4617c380,elementary,3,69fe3eb696baf5af4617c380,69fe3eb696baf5af4617c380,spotlight_PROLIFIC,,26,Mexico,Spanish,English,,Spanish:85|English:15,100,Spanish:40|English:60,100,Spanish:90|English:10,100,25,7,Bachelor's,10,10,10,9,9,10,6,14,6,12,TOEFL,96,,,,,20,25,B2,elementary|intermediate,intermediate|elementary,cambridge_15_21_random_elementary_intermediate,4,19,random,,109.2734375,400.375,129.7734375,463.421875,1,1,,,,,,,,,,,,2026-09-22T23:05:16.927Z,V4EJ4XA7,2026-09-22,2026-09-22,17:05:16,2026-09-22 17:05:16,,,,,,,,69fe3eb696baf5af4617c380,69fe3eb696baf5af4617c380,,,,
561,raw_position_sample,2,1,ele,9,3,13,14,1, Google ,435,133,1109394.3999999985,69fe3eb696baf5af4617c380,69fe3eb696baf5af4617c380,elementary,3,69fe3eb696baf5af4617c380,69fe3eb696baf5af4617c380,spotlight_PROLIFIC,,26,Mexico,Spanish,English,,Spanish:85|English:15,100,Spanish:40|English:60,100,Spanish:90|English:10,100,25,7,Bachelor's,10,10,10,9,9,10,6,14,6,12,TOEFL,96,,,,,20,25,B2,elementary|intermediate,intermediate|elementary,cambridge_15_21_random_elementary_intermediate,4,19,random,,109.2734375,400.375,129.7734375,463.421875,1,1,,,,,,,,,,,,2026-09-22T23:05:16.927Z,V4EJ4XA7,2026-09-22,2026-09-22,17:05:16,2026-09-22 17:05:16,,,,,,,,69fe3eb696baf5af4617c380,69fe3eb696baf5af4617c380,,,,
610,raw_position_sample,2,1,ele,9,3,13,14,1, Google ,435,133,1109443.5,69fe3eb696baf5af4617c380,69fe3eb696baf5af4617c380,elementary,3,69fe3eb696baf5af4617c380,69fe3eb696baf5af4617c380,spotlight_PROLIFIC,,26,Mexico,Spanish,English,,Spanish:85|English:15,100,Spanish:40|English:60,100,Spanish:90|English:10,100,25,7,Bachelor's,10,10,10,9,9,10,6,14,6,12,TOEFL,96,,,,,20,25,B2,elementary|intermediate,intermediate|elementary,cambridge_15_21_random_elementary_intermediate,4,19,random,,109.2734375,400.375,129.7734375,463.421875,1,1,,,,,,,,,,,,2026-09-22T23:05:16.927Z,V4EJ4XA7,2026-09-22,2026-09-22,17:05:16,2026-09-22 17:05:16,,,,,,,,69fe3eb696baf5af4617c380,69fe3eb696baf5af4617c380,,,,
661,raw_position_sample,2,1,ele,9,3,13,14,1, Google ,443,129,1109494.0999999978,69fe3eb696baf5af4617c380,69fe3eb696baf5af4617c380,elementary,3,69fe3eb696baf5af4617c380,69fe3eb696baf5af4617c380,spotlight_PROLIFIC,,26,Mexico,Spanish,English,,Spanish:85|English:15,100,Spanish:40|English:60,100,Spanish:90|English:10,100,25,7,Bachelor's,10,10,10,9,9,10,6,14,6,12,TOEFL,96,,,,,20,25,B2,elementary|intermediate,intermediate|elementary,cambridge_15_21_random_elementary_intermediate,4,19,random,,109.2734375,400.375,129.7734375,463.421875,1,1,,,,,,,,,,,,2026-09-22T23:05:16.927Z,V4EJ4XA7,2026-09-22,2026-09-22,17:05:16,2026-09-22 17:05:16,,,,,,,,69fe3eb696baf5af4617c380,69fe3eb696baf5af4617c380,,,,
710,raw_position_sample,2,1,ele,9,3,13,14,1, Google ,462,121,1109543.5999999978,69fe3eb696baf5af4617c380,69fe3eb696baf5af4617c380,elementary,3,69fe3eb696baf5af4617c380,69fe3eb696baf5af4617c380,spotlight_PROLIFIC,,26,Mexico,Spanish,English,,Spanish:85|English:15,100,Spanish:40|English:60,100,Spanish:90|English:10,100,25,7,Bachelor's,10,10,10,9,9,10,6,14,6,12,TOEFL,96,,,,,20,25,B2,elementary|intermediate,intermediate|elementary,cambridge_15_21_random_elementary_intermediate,4,19,random,,109.2734375,400.375,129.7734375,463.421875,1,1,,,,,,,,,,,,2026-09-22T23:05:16.927Z,V4EJ4XA7,2026-09-22,2026-09-22,17:05:16,2026-09-22 17:05:16,,,,,,,,69fe3eb696baf5af4617c380,69fe3eb696baf5af4617c380,,,,
716,hover_association,2,1,ele,9,3,13,14,1, Google ,432,138,,69fe3eb696baf5af4617c380,69fe3eb696baf5af4617c380,elementary,3,69fe3eb696baf5af4617c380,69fe3eb696baf5af4617c380,spotlight_PROLIFIC,,26,Mexico,Spanish,English,,Spanish:85|English:15,100,Spanish:40|English:60,100,Spanish:90|English:10,100,25,7,Bachelor's,10,10,10,9,9,10,6,14,6,12,TOEFL,96,,,,,20,25,B2,elementary|intermediate,intermediate|elementary,cambridge_15_21_random_elementary_intermediate,4,19,random,,99.5234375,396.4345703125,139.5234375,463.421875,1,1,hover,250.10000000149012,250.10000000149012,0.9787739631168453,0.5369140625,63,,,,,,2026-09-22T23:05:16.927Z,V4EJ4XA7,2026-09-22,2026-09-22,17:05:16,2026-09-22 17:05:16,,,,,,,,69fe3eb696baf5af4617c380,69fe3eb696baf5af4617c380,,,,
760,raw_position_sample,2,1,ele,9,3,13,14,2, says ,489,119,1109593.5,69fe3eb696baf5af4617c380,69fe3eb696baf5af4617c380,elementary,3,69fe3eb696baf5af4617c380,69fe3eb696baf5af4617c380,spotlight_PROLIFIC,,26,Mexico,Spanish,English,,Spanish:85|English:15,100,Spanish:40|English:60,100,Spanish:90|English:10,100,25,7,Bachelor's,10,10,10,9,9,10,6,14,6,12,TOEFL,96,,,,,20,25,B2,elementary|intermediate,intermediate|elementary,cambridge_15_21_random_elementary_intermediate,4,19,random,,109.2734375,463.421875,129.7734375,505.4375,1,2,,,,,,,,,,,,2026-09-22T23:05:16.927Z,V4EJ4XA7,2026-09-22,2026-09-22,17:05:16,2026-09-22 17:05:16,,,,,,,,69fe3eb696baf5af4617c380,69fe3eb696baf5af4617c380,,,,
766,hover_association,2,1,ele,9,3,13,14,2, says ,470,120,,69fe3eb696baf5af4617c380,69fe3eb696baf5af4617c380,elementary,3,69fe3eb696baf5af4617c380,69fe3eb696baf5af4617c380,spotlight_PROLIFIC,,26,Mexico,Spanish,English,,Spanish:85|English:15,100,Spanish:40|English:60,100,Spanish:90|English:10,100,25,7,Bachelor's,10,10,10,9,9,10,6,14,6,12,TOEFL,96,,,,,20,25,B2,elementary|intermediate,intermediate|elementary,cambridge_15_21_random_elementary_intermediate,4,19,random,,99.5234375,463.421875,139.5234375,505.4375,1,2,hover,49.899999998509884,49.899999998509884,0.6087764968389736,0.4869140625,63,,,,,,2026-09-22T23:05:16.927Z,V4EJ4XA7,2026-09-22,2026-09-22,17:05:16,2026-09-22 17:05:16,,,,,,,,69fe3eb696baf5af4617c380,69fe3eb696baf5af4617c380,,,,
810,raw_position_sample,2,1,ele,9,3,13,14,3, that ,530,124,1109643.5999999978,69fe3eb696baf5af4617c380,69fe3eb696baf5af4617c380,elementary,3,69fe3eb696baf5af4617c380,69fe3eb696baf5af4617c380,spotlight_PROLIFIC,,26,Mexico,Spanish,English,,Spanish:85|English:15,100,Spanish:40|English:60,100,Spanish:90|English:10,100,25,7,Bachelor's,10,10,10,9,9,10,6,14,6,12,TOEFL,96,,,,,20,25,B2,elementary|intermediate,intermediate|elementary,cambridge_15_21_random_elementary_intermediate,4,19,random,,109.2734375,505.4375,129.7734375,540.46875,1,3,,,,,,,,,,,,2026-09-22T23:05:16.927Z,V4EJ4XA7,2026-09-22,2026-09-22,17:05:16,2026-09-22 17:05:16,,,,,,,,69fe3eb696baf5af4617c380,69fe3eb696baf5af4617c380,,,,
860,raw_position_sample,2,1,ele,9,3,13,14,3, that ,540,127,1109693.3999999985,69fe3eb696baf5af4617c380,69fe3eb696baf5af4617c380,elementary,3,69fe3eb696baf5af4617c380,69fe3eb696baf5af4617c380,spotlight_PROLIFIC,,26,Mexico,Spanish,English,,Spanish:85|English:15,100,Spanish:40|English:60,100,Spanish:90|English:10,100,25,7,Bachelor's,10,10,10,9,9,10,6,14,6,12,TOEFL,96,,,,,20,25,B2,elementary|intermediate,intermediate|elementary,cambridge_15_21_random_elementary_intermediate,4,19,random,,109.2734375,505.4375,129.7734375,540.46875,1,3,,,,,,,,,,,,2026-09-22T23:05:16.927Z,V4EJ4XA7,2026-09-22,2026-09-22,17:05:16,2026-09-22 17:05:16,,,,,,,,69fe3eb696baf5af4617c380,69fe3eb696baf5af4617c380,,,,
910,raw_position_sample,2,1,ele,9,3,13,14,3, that ,540,127,1109743.799999997,69fe3eb696baf5af4617c380,69fe3eb696baf5af4617c380,elementary,3,69fe3eb696baf5af4617c380,69fe3eb696baf5af4617c380,spotlight_PROLIFIC,,26,Mexico,Spanish,English,,Spanish:85|English:15,100,Spanish:40|English:60,100,Spanish:90|English:10,100,25,7,Bachelor's,10,10,10,9,9,10,6,14,6,12,TOEFL,96,,,,,20,25,B2,elementary|intermediate,intermediate|elementary,cambridge_15_21_random_elementary_intermediate,4,19,random,,109.2734375,505.4375,129.7734375,540.46875,1,3,,,,,,,,,,,,2026-09-22T23:05:16.927Z,V4EJ4XA7,2026-09-22,2026-09-22,17:05:16,2026-09-22 17:05:16,,,,,,,,69fe3eb696baf5af4617c380,69fe3eb696baf5af4617c380,,,,
961,raw_position_sample,2,1,ele,9,3,13,14,3, that ,540,127,1109794.299999997,69fe3eb696baf5af4617c380,69fe3eb696baf5af4617c380,elementary,3,69fe3eb696baf5af4617c380,69fe3eb696baf5af4617c380,spotlight_PROLIFIC,,26,Mexico,Spanish,English,,Spanish:85|English:15,100,Spanish:40|English:60,100,Spanish:90|English:10,100,25,7,Bachelor's,10,10,10,9,9,10,6,14,6,12,TOEFL,96,,,,,20,25,B2,elementary|intermediate,intermediate|elementary,cambridge_15_21_random_elementary_intermediate,4,19,random,,109.2734375,505.4375,129.7734375,540.46875,1,3,,,,,,,,,,,,2026-09-22T23:05:16.927Z,V4EJ4XA7,2026-09-22,2026-09-22,17:05:16,2026-09-22 17:05:16,,,,,,,,69fe3eb696baf5af4617c380,69fe3eb696baf5af4617c380,,,,
1010,raw_position_sample,2,1,ele,9,3,13,14,3, that ,540,127,1109843.0999999978,69fe3eb696baf5af4617c380,69fe3eb696baf5af4617c380,elementary,3,69fe3eb696baf5af4617c380,69fe3eb696baf5af4617c380,spotlight_PROLIFIC,,26,Mexico,Spanish,English,,Spanish:85|English:15,100,Spanish:40|English:60,100,Spanish:90|English:10,100,25,7,Bachelor's,10,10,10,9,9,10,6,14,6,12,TOEFL,96,,,,,20,25,B2,elementary|intermediate,intermediate|elementary,cambridge_15_21_random_elementary_intermediate,4,19,random,,109.2734375,505.4375,129.7734375,540.46875,1,3,,,,,,,,,,,,2026-09-22T23:05:16.927Z,V4EJ4XA7,2026-09-22,2026-09-22,17:05:16,2026-09-22 17:05:16,,,,,,,,69fe3eb696baf5af4617c380,69fe3eb696baf5af4617c380,,,,
1061,raw_position_sample,2,1,ele,9,3,13,14,3, that ,540,127,1109894.5999999978,69fe3eb696baf5af4617c380,69fe3eb696baf5af4617c380,elementary,3,69fe3eb696baf5af4617c380,69fe3eb696baf5af4617c380,spotlight_PROLIFIC,,26,Mexico,Spanish,English,,Spanish:85|English:15,100,Spanish:40|English:60,100,Spanish:90|English:10,100,25,7,Bachelor's,10,10,10,9,9,10,6,14,6,12,TOEFL,96,,,,,20,25,B2,elementary|intermediate,intermediate|elementary,cambridge_15_21_random_elementary_intermediate,4,19,random,,109.2734375,505.4375,129.7734375,540.46875,1,3,,,,,,,,,,,,2026-09-22T23:05:16.927Z,V4EJ4XA7,2026-09-22,2026-09-22,17:05:16,2026-09-22 17:05:16,,,,,,,,69fe3eb696baf5af4617c380,69fe3eb696baf5af4617c380,,,,
1111,raw_position_sample,2,1,ele,9,3,13,14,3, that ,540,127,1109944.0999999978,69fe3eb696baf5af4617c380,69fe3eb696baf5af4617c380,elementary,3,69fe3eb696baf5af4617c380,69fe3eb696baf5af4617c380,spotlight_PROLIFIC,,26,Mexico,Spanish,English,,Spanish:85|English:15,100,Spanish:40|English:60,100,Spanish:90|English:10,100,25,7,Bachelor's,10,10,10,9,9,10,6,14,6,12,TOEFL,96,,,,,20,25,B2,elementary|intermediate,intermediate|elementary,cambridge_15_21_random_elementary_intermediate,4,19,random,,109.2734375,505.4375,129.7734375,540.46875,1,3,,,,,,,,,,,,2026-09-22T23:05:16.927Z,V4EJ4XA7,2026-09-22,2026-09-22,17:05:16,2026-09-22 17:05:16,,,,,,,,69fe3eb696baf5af4617c380,69fe3eb696baf5af4617c380,,,,
1161,raw_position_sample,2,1,ele,9,3,13,14,3, that ,540,127,1109994,69fe3eb696baf5af4617c380,69fe3eb696baf5af4617c380,elementary,3,69fe3eb696baf5af4617c380,69fe3eb696baf5af4617c380,spotlight_PROLIFIC,,26,Mexico,Spanish,English,,Spanish:85|English:15,100,Spanish:40|English:60,100,Spanish:90|English:10,100,25,7,Bachelor's,10,10,10,9,9,10,6,14,6,12,TOEFL,96,,,,,20,25,B2,elementary|intermediate,intermediate|elementary,cambridge_15_21_random_elementary_intermediate,4,19,random,,109.2734375,505.4375,129.7734375,540.46875,1,3,,,,,,,,,,,,2026-09-22T23:05:16.927Z,V4EJ4XA7,2026-09-22,2026-09-22,17:05:16,2026-09-22 17:05:16,,,,,,,,69fe3eb696baf5af4617c380,69fe3eb696baf5af4617c380,,,,
1211,raw_position_sample,2,1,ele,9,3,13,14,3, that ,540,127,1110044.3999999985,69fe3eb696baf5af4617c380,69fe3eb696baf5af4617c380,elementary,3,69fe3eb696baf5af4617c380,69fe3eb696baf5af4617c380,spotlight_PROLIFIC,,26,Mexico,Spanish,English,,Spanish:85|English:15,100,Spanish:40|English:60,100,Spanish:90|English:10,100,25,7,Bachelor's,10,10,10,9,9,10,6,14,6,12,TOEFL,96,,,,,20,25,B2,elementary|intermediate,intermediate|elementary,cambridge_15_21_random_elementary_intermediate,4,19,random,,109.2734375,505.4375,129.7734375,540.46875,1,3,,,,,,,,,,,,2026-09-22T23:05:16.927Z,V4EJ4XA7,2026-09-22,2026-09-22,17:05:16,2026-09-22 17:05:16,,,,,,,,69fe3eb696baf5af4617c380,69fe3eb696baf5af4617c380,,,,
1227,hover_association,2,1,ele,9,3,13,14,3, that ,507,119,,69fe3eb696baf5af4617c380,69fe3eb696baf5af4617c380,elementary,3,69fe3eb696baf5af4617c380,69fe3eb696baf5af4617c380,spotlight_PROLIFIC,,26,Mexico,Spanish,English,,Spanish:85|English:15,100,Spanish:40|English:60,100,Spanish:90|English:10,100,25,7,Bachelor's,10,10,10,9,9,10,6,14,6,12,TOEFL,96,,,,,20,25,B2,elementary|intermediate,intermediate|elementary,cambridge_15_21_random_elementary_intermediate,4,19,random,,99.5234375,505.4375,139.5234375,540.46875,1,3,hover,460,460,0.9866190900981266,0.6869140625,63,,,,,,2026-09-22T23:05:16.927Z,V4EJ4XA7,2026-09-22,2026-09-22,17:05:16,2026-09-22 17:05:16,,,,,,,,69fe3eb696baf5af4617c380,69fe3eb696baf5af4617c380,,,,
1260,raw_position_sample,2,1,ele,9,3,13,14,4, the ,549,126,1110093.799999997,69fe3eb696baf5af4617c380,69fe3eb696baf5af4617c380,elementary,3,69fe3eb696baf5af4617c380,69fe3eb696baf5af4617c380,spotlight_PROLIFIC,,26,Mexico,Spanish,English,,Spanish:85|English:15,100,Spanish:40|English:60,100,Spanish:90|English:10,100,25,7,Bachelor's,10,10,10,9,9,10,6,14,6,12,TOEFL,96,,,,,20,25,B2,elementary|intermediate,intermediate|elementary,cambridge_15_21_random_elementary_intermediate,4,19,random,,109.2734375,540.46875,129.7734375,570.4921875,1,4,,,,,,,,,,,,2026-09-22T23:05:16.927Z,V4EJ4XA7,2026-09-22,2026-09-22,17:05:16,2026-09-22 17:05:16,,,,,,,,69fe3eb696baf5af4617c380,69fe3eb696baf5af4617c380,,,,
1300,hover_association,2,1,ele,9,3,13,14,4, the ,543,127,,69fe3eb696baf5af4617c380,69fe3eb696baf5af4617c380,elementary,3,69fe3eb696baf5af4617c380,69fe3eb696baf5af4617c380,spotlight_PROLIFIC,,26,Mexico,Spanish,English,,Spanish:85|English:15,100,Spanish:40|English:60,100,Spanish:90|English:10,100,25,7,Bachelor's,10,10,10,9,9,10,6,14,6,12,TOEFL,96,,,,,20,25,B2,elementary|intermediate,intermediate|elementary,cambridge_15_21_random_elementary_intermediate,4,19,random,,99.5234375,540.46875,139.5234375,570.4921875,1,4,hover,73.40000000223517,73.40000000223517,0.7171480614103565,0.6619140625,63,,,,,,2026-09-22T23:05:16.927Z,V4EJ4XA7,2026-09-22,2026-09-22,17:05:16,2026-09-22 17:05:16,,,,,,,,69fe3eb696baf5af4617c380,69fe3eb696baf5af4617c380,,,,
1309,raw_position_sample,2,1,ele,9,3,13,14,5, aim ,572,127,1110142.5999999978,69fe3eb696baf5af4617c380,69fe3eb696baf5af4617c380,elementary,3,69fe3eb696baf5af4617c380,69fe3eb696baf5af4617c380,spotlight_PROLIFIC,,26,Mexico,Spanish,English,,Spanish:85|English:15,100,Spanish:40|English:60,100,Spanish:90|English:10,100,25,7,Bachelor's,10,10,10,9,9,10,6,14,6,12,TOEFL,96,,,,,20,25,B2,elementary|intermediate,intermediate|elementary,cambridge_15_21_random_elementary_intermediate,4,19,random,,109.2734375,570.4921875,129.7734375,604.5,1,5,,,,,,,,,,,,2026-09-22T23:05:16.927Z,V4EJ4XA7,2026-09-22,2026-09-22,17:05:16,2026-09-22 17:05:16,,,,,,,,69fe3eb696baf5af4617c380,69fe3eb696baf5af4617c380,,,,
1361,raw_position_sample,2,1,ele,9,3,13,14,5, aim ,595,131,1110194.1999999993,69fe3eb696baf5af4617c380,69fe3eb696baf5af4617c380,elementary,3,69fe3eb696baf5af4617c380,69fe3eb696baf5af4617c380,spotlight_PROLIFIC,,26,Mexico,Spanish,English,,Spanish:85|English:15,100,Spanish:40|English:60,100,Spanish:90|English:10,100,25,7,Bachelor's,10,10,10,9,9,10,6,14,6,12,TOEFL,96,,,,,20,25,B2,elementary|intermediate,intermediate|elementary,cambridge_15_21_random_elementary_intermediate,4,19,random,,109.2734375,570.4921875,129.7734375,604.5,1,5,,,,,,,,,,,,2026-09-22T23:05:16.927Z,V4EJ4XA7,2026-09-22,2026-09-22,17:05:16,2026-09-22 17:05:16,,,,,,,,69fe3eb696baf5af4617c380,69fe3eb696baf5af4617c380,,,,
1383,hover_association,2,1,ele,9,3,13,14,5, aim ,572,127,,69fe3eb696baf5af4617c380,69fe3eb696baf5af4617c380,elementary,3,69fe3eb696baf5af4617c380,69fe3eb696baf5af4617c380,spotlight_PROLIFIC,,26,Mexico,Spanish,English,,Spanish:85|English:15,100,Spanish:40|English:60,100,Spanish:90|English:10,100,25,7,Bachelor's,10,10,10,9,9,10,6,14,6,12,TOEFL,96,,,,,20,25,B2,elementary|intermediate,intermediate|elementary,cambridge_15_21_random_elementary_intermediate,4,19,random,,99.5234375,570.4921875,139.5234375,604.5,1,5,hover,83.29999999701977,83.29999999701977,0.9558924879393522,0.8369140625,63,,,,,,2026-09-22T23:05:16.927Z,V4EJ4XA7,2026-09-22,2026-09-22,17:05:16,2026-09-22 17:05:16,,,,,,,,69fe3eb696baf5af4617c380,69fe3eb696baf5af4617c380,,,,
1410,raw_position_sample,2,1,ele,9,3,13,14,6, of ,611,133,1110243.0999999978,69fe3eb696baf5af4617c380,69fe3eb696baf5af4617c380,elementary,3,69fe3eb696baf5af4617c380,69fe3eb696baf5af4617c380,spotlight_PROLIFIC,,26,Mexico,Spanish,English,,Spanish:85|English:15,100,Spanish:40|English:60,100,Spanish:90|English:10,100,25,7,Bachelor's,10,10,10,9,9,10,6,14,6,12,TOEFL,96,,,,,20,25,B2,elementary|intermediate,intermediate|elementary,cambridge_15_21_random_elementary_intermediate,4,19,random,,109.2734375,604.5,129.7734375,624.515625,1,6,,,,,,,,,,,,2026-09-22T23:05:16.927Z,V4EJ4XA7,2026-09-22,2026-09-22,17:05:16,2026-09-22 17:05:16,,,,,,,,69fe3eb696baf5af4617c380,69fe3eb696baf5af4617c380,,,,
1461,raw_position_sample,2,1,ele,9,3,13,14,6, of ,619,132,1110293.8999999985,69fe3eb696baf5af4617c380,69fe3eb696baf5af4617c380,elementary,3,69fe3eb696baf5af4617c380,69fe3eb696baf5af4617c380,spotlight_PROLIFIC,,26,Mexico,Spanish,English,,Spanish:85|English:15,100,Spanish:40|English:60,100,Spanish:90|English:10,100,25,7,Bachelor's,10,10,10,9,9,10,6,14,6,12,TOEFL,96,,,,,20,25,B2,elementary|intermediate,intermediate|elementary,cambridge_15_21_random_elementary_intermediate,4,19,random,,109.2734375,604.5,129.7734375,624.515625,1,6,,,,,,,,,,,,2026-09-22T23:05:16.927Z,V4EJ4XA7,2026-09-22,2026-09-22,17:05:16,2026-09-22 17:05:16,,,,,,,,69fe3eb696baf5af4617c380,69fe3eb696baf5af4617c380,,,,
1500,hover_association,2,1,ele,9,3,13,14,6, of ,608,133,,69fe3eb696baf5af4617c380,69fe3eb696baf5af4617c380,elementary,3,69fe3eb696baf5af4617c380,69fe3eb696baf5af4617c380,spotlight_PROLIFIC,,26,Mexico,Spanish,English,,Spanish:85|English:15,100,Spanish:40|English:60,100,Spanish:90|English:10,100,25,7,Bachelor's,10,10,10,9,9,10,6,14,6,12,TOEFL,96,,,,,20,25,B2,elementary|intermediate,intermediate|elementary,cambridge_15_21_random_elementary_intermediate,4,19,random,,99.5234375,604.5,139.5234375,624.515625,1,6,hover,117,117,0.9742388758782201,0.8119140625,63,,,,,,2026-09-22T23:05:16.927Z,V4EJ4XA7,2026-09-22,2026-09-22,17:05:16,2026-09-22 17:05:16,,,,,,,,69fe3eb696baf5af4617c380,69fe3eb696baf5af4617c380,,,,
1511,raw_position_sample,2,1,ele,9,3,13,14,7, the ,626,132,1110344.5999999978,69fe3eb696baf5af4617c380,69fe3eb696baf5af4617c380,elementary,3,69fe3eb696baf5af4617c380,69fe3eb696baf5af4617c380,spotlight_PROLIFIC,,26,Mexico,Spanish,English,,Spanish:85|English:15,100,Spanish:40|English:60,100,Spanish:90|English:10,100,25,7,Bachelor's,10,10,10,9,9,10,6,14,6,12,TOEFL,96,,,,,20,25,B2,elementary|intermediate,intermediate|elementary,cambridge_15_21_random_elementary_intermediate,4,19,random,,109.2734375,624.515625,129.7734375,654.5390625,1,7,,,,,,,,,,,,2026-09-22T23:05:16.927Z,V4EJ4XA7,2026-09-22,2026-09-22,17:05:16,2026-09-22 17:05:16,,,,,,,,69fe3eb696baf5af4617c380,69fe3eb696baf5af4617c380,,,,
1561,raw_position_sample,2,1,ele,9,3,13,14,7, the ,627,132,1110393.8999999985,69fe3eb696baf5af4617c380,69fe3eb696baf5af4617c380,elementary,3,69fe3eb696baf5af4617c380,69fe3eb696baf5af4617c380,spotlight_PROLIFIC,,26,Mexico,Spanish,English,,Spanish:85|English:15,100,Spanish:40|English:60,100,Spanish:90|English:10,100,25,7,Bachelor's,10,10,10,9,9,10,6,14,6,12,TOEFL,96,,,,,20,25,B2,elementary|intermediate,intermediate|elementary,cambridge_15_21_random_elementary_intermediate,4,19,random,,109.2734375,624.515625,129.7734375,654.5390625,1,7,,,,,,,,,,,,2026-09-22T23:05:16.927Z,V4EJ4XA7,2026-09-22,2026-09-22,17:05:16,2026-09-22 17:05:16,,,,,,,,69fe3eb696baf5af4617c380,69fe3eb696baf5af4617c380,,,,
1611,raw_position_sample,2,1,ele,9,3,13,14,7, the ,627,132,1110444.5999999978,69fe3eb696baf5af4617c380,69fe3eb696baf5af4617c380,elementary,3,69fe3eb696baf5af4617c380,69fe3eb696baf5af4617c380,spotlight_PROLIFIC,,26,Mexico,Spanish,English,,Spanish:85|English:15,100,Spanish:40|English:60,100,Spanish:90|English:10,100,25,7,Bachelor's,10,10,10,9,9,10,6,14,6,12,TOEFL,96,,,,,20,25,B2,elementary|intermediate,intermediate|elementary,cambridge_15_21_random_elementary_intermediate,4,19,random,,109.2734375,624.515625,129.7734375,654.5390625,1,7,,,,,,,,,,,,2026-09-22T23:05:16.927Z,V4EJ4XA7,2026-09-22,2026-09-22,17:05:16,2026-09-22 17:05:16,,,,,,,,69fe3eb696baf5af4617c380,69fe3eb696baf5af4617c380,,,,
1661,raw_position_sample,2,1,ele,9,3,13,14,7, the ,627,132,1110494.1999999993,69fe3eb696baf5af4617c380,69fe3eb696baf5af4617c380,elementary,3,69fe3eb696baf5af4617c380,69fe3eb696baf5af4617c380,spotlight_PROLIFIC,,26,Mexico,Spanish,English,,Spanish:85|English:15,100,Spanish:40|English:60,100,Spanish:90|English:10,100,25,7,Bachelor's,10,10,10,9,9,10,6,14,6,12,TOEFL,96,,,,,20,25,B2,elementary|intermediate,intermediate|elementary,cambridge_15_21_random_elementary_intermediate,4,19,random,,109.2734375,624.515625,129.7734375,654.5390625,1,7,,,,,,,,,,,,2026-09-22T23:05:16.927Z,V4EJ4XA7,2026-09-22,2026-09-22,17:05:16,2026-09-22 17:05:16,,,,,,,,69fe3eb696baf5af4617c380,69fe3eb696baf5af4617c380,,,,
1711,raw_position_sample,2,1,ele,9,3,13,14,7, the ,627,132,1110544.5999999978,69fe3eb696baf5af4617c380,69fe3eb696baf5af4617c380,elementary,3,69fe3eb696baf5af4617c380,69fe3eb696baf5af4617c380,spotlight_PROLIFIC,,26,Mexico,Spanish,English,,Spanish:85|English:15,100,Spanish:40|English:60,100,Spanish:90|English:10,100,25,7,Bachelor's,10,10,10,9,9,10,6,14,6,12,TOEFL,96,,,,,20,25,B2,elementary|intermediate,intermediate|elementary,cambridge_15_21_random_elementary_intermediate,4,19,random,,109.2734375,624.515625,129.7734375,654.5390625,1,7,,,,,,,,,,,,2026-09-22T23:05:16.927Z,V4EJ4XA7,2026-09-22,2026-09-22,17:05:16,2026-09-22 17:05:16,,,,,,,,69fe3eb696baf5af4617c380,69fe3eb696baf5af4617c380,,,,
1761,raw_position_sample,2,1,ele,9,3,13,14,7, the ,627,132,1110594,69fe3eb696baf5af4617c380,69fe3eb696baf5af4617c380,elementary,3,69fe3eb696baf5af4617c380,69fe3eb696baf5af4617c380,spotlight_PROLIFIC,,26,Mexico,Spanish,English,,Spanish:85|English:15,100,Spanish:40|English:60,100,Spanish:90|English:10,100,25,7,Bachelor's,10,10,10,9,9,10,6,14,6,12,TOEFL,96,,,,,20,25,B2,elementary|intermediate,intermediate|elementary,cambridge_15_21_random_elementary_intermediate,4,19,random,,109.2734375,624.515625,129.7734375,654.5390625,1,7,,,,,,,,,,,,2026-09-22T23:05:16.927Z,V4EJ4XA7,2026-09-22,2026-09-22,17:05:16,2026-09-22 17:05:16,,,,,,,,69fe3eb696baf5af4617c380,69fe3eb696baf5af4617c380,,,,
1811,raw_position_sample,2,1,ele,9,3,13,14,7, the ,636,131,1110644,69fe3eb696baf5af4617c380,69fe3eb696baf5af4617c380,elementary,3,69fe3eb696baf5af4617c380,69fe3eb696baf5af4617c380,spotlight_PROLIFIC,,26,Mexico,Spanish,English,,Spanish:85|English:15,100,Spanish:40|English:60,100,Spanish:90|English:10,100,25,7,Bachelor's,10,10,10,9,9,10,6,14,6,12,TOEFL,96,,,,,20,25,B2,elementary|intermediate,intermediate|elementary,cambridge_15_21_random_elementary_intermediate,4,19,random,,109.2734375,624.515625,129.7734375,654.5390625,1,7,,,,,,,,,,,,2026-09-22T23:05:16.927Z,V4EJ4XA7,2026-09-22,2026-09-22,17:05:16,2026-09-22 17:05:16,,,,,,,,69fe3eb696baf5af4617c380,69fe3eb696baf5af4617c380,,,,
1828,hover_association,2,1,ele,9,3,13,14,7, the ,626,132,,69fe3eb696baf5af4617c380,69fe3eb696baf5af4617c380,elementary,3,69fe3eb696baf5af4617c380,69fe3eb696baf5af4617c380,spotlight_PROLIFIC,,26,Mexico,Spanish,English,,Spanish:85|English:15,100,Spanish:40|English:60,100,Spanish:90|English:10,100,25,7,Bachelor's,10,10,10,9,9,10,6,14,6,12,TOEFL,96,,,,,20,25,B2,elementary|intermediate,intermediate|elementary,cambridge_15_21_random_elementary_intermediate,4,19,random,,99.5234375,624.515625,139.5234375,654.5390625,1,7,hover,327.6000000014901,327.6000000014901,0.6489721571688785,0.7869140625,63,,,,,,2026-09-22T23:05:16.927Z,V4EJ4XA7,2026-09-22,2026-09-22,17:05:16,2026-09-22 17:05:16,,,,,,,,69fe3eb696baf5af4617c380,69fe3eb696baf5af4617c380,,,,
1861,raw_position_sample,2,1,ele,9,3,13,14,8, project ,680,132,1110694.299999997,69fe3eb696baf5af4617c380,69fe3eb696baf5af4617c380,elementary,3,69fe3eb696baf5af4617c380,69fe3eb696baf5af4617c380,spotlight_PROLIFIC,,26,Mexico,Spanish,English,,Spanish:85|English:15,100,Spanish:40|English:60,100,Spanish:90|English:10,100,25,7,Bachelor's,10,10,10,9,9,10,6,14,6,12,TOEFL,96,,,,,20,25,B2,elementary|intermediate,intermediate|elementary,cambridge_15_21_random_elementary_intermediate,4,19,random,,109.2734375,654.5390625,129.7734375,713.5703125,1,8,,,,,,,,,,,,2026-09-22T23:05:16.927Z,V4EJ4XA7,2026-09-22,2026-09-22,17:05:16,2026-09-22 17:05:16,,,,,,,,69fe3eb696baf5af4617c380,69fe3eb696baf5af4617c380,,,,
1895,hover_association,2,1,ele,9,3,13,14,8, project ,663,131,,69fe3eb696baf5af4617c380,69fe3eb696baf5af4617c380,elementary,3,69fe3eb696baf5af4617c380,69fe3eb696baf5af4617c380,spotlight_PROLIFIC,,26,Mexico,Spanish,English,,Spanish:85|English:15,100,Spanish:40|English:60,100,Spanish:90|English:10,100,25,7,Bachelor's,10,10,10,9,9,10,6,14,6,12,TOEFL,96,,,,,20,25,B2,elementary|intermediate,intermediate|elementary,cambridge_15_21_random_elementary_intermediate,4,19,random,,99.5234375,654.5390625,139.5234375,713.5703125,1,8,hover,67.5,67.5,0.8886977236633139,0.8869140625,63,,,,,,2026-09-22T23:05:16.927Z,V4EJ4XA7,2026-09-22,2026-09-22,17:05:16,2026-09-22 17:05:16,,,,,,,,69fe3eb696baf5af4617c380,69fe3eb696baf5af4617c380,,,,
1911,raw_position_sample,2,1,ele,9,3,13,14,9, is ,715,136,1110744.3999999985,69fe3eb696baf5af4617c380,69fe3eb696baf5af4617c380,elementary,3,69fe3eb696baf5af4617c380,69fe3eb696baf5af4617c380,spotlight_PROLIFIC,,26,Mexico,Spanish,English,,Spanish:85|English:15,100,Spanish:40|English:60,100,Spanish:90|English:10,100,25,7,Bachelor's,10,10,10,9,9,10,6,14,6,12,TOEFL,96,,,,,20,25,B2,elementary|intermediate,intermediate|elementary,cambridge_15_21_random_elementary_intermediate,4,19,random,,109.2734375,713.5703125,129.7734375,731.5703125,1,9,,,,,,,,,,,,2026-09-22T23:05:16.927Z,V4EJ4XA7,2026-09-22,2026-09-22,17:05:16,2026-09-22 17:05:16,,,,,,,,69fe3eb696baf5af4617c380,69fe3eb696baf5af4617c380,,,,
1945,hover_association,2,1,ele,9,3,13,14,9, is ,715,136,,69fe3eb696baf5af4617c380,69fe3eb696baf5af4617c380,elementary,3,69fe3eb696baf5af4617c380,69fe3eb696baf5af4617c380,spotlight_PROLIFIC,,26,Mexico,Spanish,English,,Spanish:85|English:15,100,Spanish:40|English:60,100,Spanish:90|English:10,100,25,7,Bachelor's,10,10,10,9,9,10,6,14,6,12,TOEFL,96,,,,,20,25,B2,elementary|intermediate,intermediate|elementary,cambridge_15_21_random_elementary_intermediate,4,19,random,,99.5234375,713.5703125,139.5234375,731.5703125,1,9,hover,49.600000001490116,49.600000001490116,0.9127604166666666,0.9119140625,63,,,,,,2026-09-22T23:05:16.927Z,V4EJ4XA7,2026-09-22,2026-09-22,17:05:16,2026-09-22 17:05:16,,,,,,,,69fe3eb696baf5af4617c380,69fe3eb696baf5af4617c380,,,,
1961,raw_position_sample,2,1,ele,9,3,13,14,10, to ,735,136,1110794.0999999978,69fe3eb696baf5af4617c380,69fe3eb696baf5af4617c380,elementary,3,69fe3eb696baf5af4617c380,69fe3eb696baf5af4617c380,spotlight_PROLIFIC,,26,Mexico,Spanish,English,,Spanish:85|English:15,100,Spanish:40|English:60,100,Spanish:90|English:10,100,25,7,Bachelor's,10,10,10,9,9,10,6,14,6,12,TOEFL,96,,,,,20,25,B2,elementary|intermediate,intermediate|elementary,cambridge_15_21_random_elementary_intermediate,4,19,random,,109.2734375,731.5703125,129.7734375,751.5859375,1,10,,,,,,,,,,,,2026-09-22T23:05:16.927Z,V4EJ4XA7,2026-09-22,2026-09-22,17:05:16,2026-09-22 17:05:16,,,,,,,,69fe3eb696baf5af4617c380,69fe3eb696baf5af4617c380,,,,
2011,raw_position_sample,2,1,ele,9,3,13,14,10, to ,750,135,1110844.299999997,69fe3eb696baf5af4617c380,69fe3eb696baf5af4617c380,elementary,3,69fe3eb696baf5af4617c380,69fe3eb696baf5af4617c380,spotlight_PROLIFIC,,26,Mexico,Spanish,English,,Spanish:85|English:15,100,Spanish:40|English:60,100,Spanish:90|English:10,100,25,7,Bachelor's,10,10,10,9,9,10,6,14,6,12,TOEFL,96,,,,,20,25,B2,elementary|intermediate,intermediate|elementary,cambridge_15_21_random_elementary_intermediate,4,19,random,,109.2734375,731.5703125,129.7734375,751.5859375,1,10,,,,,,,,,,,,2026-09-22T23:05:16.927Z,V4EJ4XA7,2026-09-22,2026-09-22,17:05:16,2026-09-22 17:05:16,,,,,,,,69fe3eb696baf5af4617c380,69fe3eb696baf5af4617c380,,,,
2012,hover_association,2,1,ele,9,3,13,14,10, to ,735,136,,69fe3eb696baf5af4617c380,69fe3eb696baf5af4617c380,elementary,3,69fe3eb696baf5af4617c380,69fe3eb696baf5af4617c380,spotlight_PROLIFIC,,26,Mexico,Spanish,English,,Spanish:85|English:15,100,Spanish:40|English:60,100,Spanish:90|English:10,100,25,7,Bachelor's,10,10,10,9,9,10,6,14,6,12,TOEFL,96,,,,,20,25,B2,elementary|intermediate,intermediate|elementary,cambridge_15_21_random_elementary_intermediate,4,19,random,,99.5234375,731.5703125,139.5234375,751.5859375,1,10,hover,66.69999999925494,66.69999999925494,0.9207650273224044,0.8869140625,63,,,,,,2026-09-22T23:05:16.927Z,V4EJ4XA7,2026-09-22,2026-09-22,17:05:16,2026-09-22 17:05:16,,,,,,,,69fe3eb696baf5af4617c380,69fe3eb696baf5af4617c380,,,,
2061,raw_position_sample,2,1,ele,9,3,13,14,11, improve ,755,135,1110894,69fe3eb696baf5af4617c380,69fe3eb696baf5af4617c380,elementary,3,69fe3eb696baf5af4617c380,69fe3eb696baf5af4617c380,spotlight_PROLIFIC,,26,Mexico,Spanish,English,,Spanish:85|English:15,100,Spanish:40|English:60,100,Spanish:90|English:10,100,25,7,Bachelor's,10,10,10,9,9,10,6,14,6,12,TOEFL,96,,,,,20,25,B2,elementary|intermediate,intermediate|elementary,cambridge_15_21_random_elementary_intermediate,4,19,random,,109.2734375,751.5859375,129.7734375,820.609375,1,11,,,,,,,,,,,,2026-09-22T23:05:16.927Z,V4EJ4XA7,2026-09-22,2026-09-22,17:05:16,2026-09-22 17:05:16,,,,,,,,69fe3eb696baf5af4617c380,69fe3eb696baf5af4617c380,,,,
2111,raw_position_sample,2,1,ele,9,3,13,14,11, improve ,755,135,1110944,69fe3eb696baf5af4617c380,69fe3eb696baf5af4617c380,elementary,3,69fe3eb696baf5af4617c380,69fe3eb696baf5af4617c380,spotlight_PROLIFIC,,26,Mexico,Spanish,English,,Spanish:85|English:15,100,Spanish:40|English:60,100,Spanish:90|English:10,100,25,7,Bachelor's,10,10,10,9,9,10,6,14,6,12,TOEFL,96,,,,,20,25,B2,elementary|intermediate,intermediate|elementary,cambridge_15_21_random_elementary_intermediate,4,19,random,,109.2734375,751.5859375,129.7734375,820.609375,1,11,,,,,,,,,,,,2026-09-22T23:05:16.927Z,V4EJ4XA7,2026-09-22,2026-09-22,17:05:16,2026-09-22 17:05:16,,,,,,,,69fe3eb696baf5af4617c380,69fe3eb696baf5af4617c380,,,,
2161,raw_position_sample,2,1,ele,9,3,13,14,11, improve ,755,135,1110994.799999997,69fe3eb696baf5af4617c380,69fe3eb696baf5af4617c380,elementary,3,69fe3eb696baf5af4617c380,69fe3eb696baf5af4617c380,spotlight_PROLIFIC,,26,Mexico,Spanish,English,,Spanish:85|English:15,100,Spanish:40|English:60,100,Spanish:90|English:10,100,25,7,Bachelor's,10,10,10,9,9,10,6,14,6,12,TOEFL,96,,,,,20,25,B2,elementary|intermediate,intermediate|elementary,cambridge_15_21_random_elementary_intermediate,4,19,random,,109.2734375,751.5859375,129.7734375,820.609375,1,11,,,,,,,,,,,,2026-09-22T23:05:16.927Z,V4EJ4XA7,2026-09-22,2026-09-22,17:05:16,2026-09-22 17:05:16,,,,,,,,69fe3eb696baf5af4617c380,69fe3eb696baf5af4617c380,,,,
2211,raw_position_sample,2,1,ele,9,3,13,14,11, improve ,755,135,1111044.3999999985,69fe3eb696baf5af4617c380,69fe3eb696baf5af4617c380,elementary,3,69fe3eb696baf5af4617c380,69fe3eb696baf5af4617c380,spotlight_PROLIFIC,,26,Mexico,Spanish,English,,Spanish:85|English:15,100,Spanish:40|English:60,100,Spanish:90|English:10,100,25,7,Bachelor's,10,10,10,9,9,10,6,14,6,12,TOEFL,96,,,,,20,25,B2,elementary|intermediate,intermediate|elementary,cambridge_15_21_random_elementary_intermediate,4,19,random,,109.2734375,751.5859375,129.7734375,820.609375,1,11,,,,,,,,,,,,2026-09-22T23:05:16.927Z,V4EJ4XA7,2026-09-22,2026-09-22,17:05:16,2026-09-22 17:05:16,,,,,,,,69fe3eb696baf5af4617c380,69fe3eb696baf5af4617c380,,,,
2261,raw_position_sample,2,1,ele,9,3,13,14,11, improve ,755,135,1111094.0999999978,69fe3eb696baf5af4617c380,69fe3eb696baf5af4617c380,elementary,3,69fe3eb696baf5af4617c380,69fe3eb696baf5af4617c380,spotlight_PROLIFIC,,26,Mexico,Spanish,English,,Spanish:85|English:15,100,Spanish:40|English:60,100,Spanish:90|English:10,100,25,7,Bachelor's,10,10,10,9,9,10,6,14,6,12,TOEFL,96,,,,,20,25,B2,elementary|intermediate,intermediate|elementary,cambridge_15_21_random_elementary_intermediate,4,19,random,,109.2734375,751.5859375,129.7734375,820.609375,1,11,,,,,,,,,,,,2026-09-22T23:05:16.927Z,V4EJ4XA7,2026-09-22,2026-09-22,17:05:16,2026-09-22 17:05:16,,,,,,,,69fe3eb696baf5af4617c380,69fe3eb696baf5af4617c380,,,,
2311,raw_position_sample,2,1,ele,9,3,13,14,11, improve ,756,135,1111144.6999999993,69fe3eb696baf5af4617c380,69fe3eb696baf5af4617c380,elementary,3,69fe3eb696baf5af4617c380,69fe3eb696baf5af4617c380,spotlight_PROLIFIC,,26,Mexico,Spanish,English,,Spanish:85|English:15,100,Spanish:40|English:60,100,Spanish:90|English:10,100,25,7,Bachelor's,10,10,10,9,9,10,6,14,6,12,TOEFL,96,,,,,20,25,B2,elementary|intermediate,intermediate|elementary,cambridge_15_21_random_elementary_intermediate,4,19,random,,109.2734375,751.5859375,129.7734375,820.609375,1,11,,,,,,,,,,,,2026-09-22T23:05:16.927Z,V4EJ4XA7,2026-09-22,2026-09-22,17:05:16,2026-09-22 17:05:16,,,,,,,,69fe3eb696baf5af4617c380,69fe3eb696baf5af4617c380,,,,
2360,raw_position_sample,2,1,ele,9,3,13,14,11, improve ,768,134,1111193.5999999978,69fe3eb696baf5af4617c380,69fe3eb696baf5af4617c380,elementary,3,69fe3eb696baf5af4617c380,69fe3eb696baf5af4617c380,spotlight_PROLIFIC,,26,Mexico,Spanish,English,,Spanish:85|English:15,100,Spanish:40|English:60,100,Spanish:90|English:10,100,25,7,Bachelor's,10,10,10,9,9,10,6,14,6,12,TOEFL,96,,,,,20,25,B2,elementary|intermediate,intermediate|elementary,cambridge_15_21_random_elementary_intermediate,4,19,random,,109.2734375,751.5859375,129.7734375,820.609375,1,11,,,,,,,,,,,,2026-09-22T23:05:16.927Z,V4EJ4XA7,2026-09-22,2026-09-22,17:05:16,2026-09-22 17:05:16,,,,,,,,69fe3eb696baf5af4617c380,69fe3eb696baf5af4617c380,,,,
2411,raw_position_sample,2,1,ele,9,3,13,14,11, improve ,798,130,1111244,69fe3eb696baf5af4617c380,69fe3eb696baf5af4617c380,elementary,3,69fe3eb696baf5af4617c380,69fe3eb696baf5af4617c380,spotlight_PROLIFIC,,26,Mexico,Spanish,English,,Spanish:85|English:15,100,Spanish:40|English:60,100,Spanish:90|English:10,100,25,7,Bachelor's,10,10,10,9,9,10,6,14,6,12,TOEFL,96,,,,,20,25,B2,elementary|intermediate,intermediate|elementary,cambridge_15_21_random_elementary_intermediate,4,19,random,,109.2734375,751.5859375,129.7734375,820.609375,1,11,,,,,,,,,,,,2026-09-22T23:05:16.927Z,V4EJ4XA7,2026-09-22,2026-09-22,17:05:16,2026-09-22 17:05:16,,,,,,,,69fe3eb696baf5af4617c380,69fe3eb696baf5af4617c380,,,,
2445,hover_association,2,1,ele,9,3,13,14,11, improve ,753,135,,69fe3eb696baf5af4617c380,69fe3eb696baf5af4617c380,elementary,3,69fe3eb696baf5af4617c380,69fe3eb696baf5af4617c380,spotlight_PROLIFIC,,26,Mexico,Spanish,English,,Spanish:85|English:15,100,Spanish:40|English:60,100,Spanish:90|English:10,100,25,7,Bachelor's,10,10,10,9,9,10,6,14,6,12,TOEFL,96,,,,,20,25,B2,elementary|intermediate,intermediate|elementary,cambridge_15_21_random_elementary_intermediate,4,19,random,,99.5234375,751.5859375,139.5234375,820.609375,1,11,hover,433.3999999985099,433.3999999985099,0.9766836445953594,0.7119140625,63,,,,,,2026-09-22T23:05:16.927Z,V4EJ4XA7,2026-09-22,2026-09-22,17:05:16,2026-09-22 17:05:16,,,,,,,,69fe3eb696baf5af4617c380,69fe3eb696baf5af4617c380,,,,
2461,raw_position_sample,2,1,ele,9,3,13,14,12, safety. ,823,127,1111294.5,69fe3eb696baf5af4617c380,69fe3eb696baf5af4617c380,elementary,3,69fe3eb696baf5af4617c380,69fe3eb696baf5af4617c380,spotlight_PROLIFIC,,26,Mexico,Spanish,English,,Spanish:85|English:15,100,Spanish:40|English:60,100,Spanish:90|English:10,100,25,7,Bachelor's,10,10,10,9,9,10,6,14,6,12,TOEFL,96,,,,,20,25,B2,elementary|intermediate,intermediate|elementary,cambridge_15_21_random_elementary_intermediate,4,19,random,,109.2734375,820.609375,129.7734375,877.15625,1,12,,,,,,,,,,,,2026-09-22T23:05:16.927Z,V4EJ4XA7,2026-09-22,2026-09-22,17:05:16,2026-09-22 17:05:16,,,,,,,,69fe3eb696baf5af4617c380,69fe3eb696baf5af4617c380,,,,
2511,raw_position_sample,2,1,ele,9,3,13,14,12, safety. ,839,124,1111344.0999999978,69fe3eb696baf5af4617c380,69fe3eb696baf5af4617c380,elementary,3,69fe3eb696baf5af4617c380,69fe3eb696baf5af4617c380,spotlight_PROLIFIC,,26,Mexico,Spanish,English,,Spanish:85|English:15,100,Spanish:40|English:60,100,Spanish:90|English:10,100,25,7,Bachelor's,10,10,10,9,9,10,6,14,6,12,TOEFL,96,,,,,20,25,B2,elementary|intermediate,intermediate|elementary,cambridge_15_21_random_elementary_intermediate,4,19,random,,109.2734375,820.609375,129.7734375,877.15625,1,12,,,,,,,,,,,,2026-09-22T23:05:16.927Z,V4EJ4XA7,2026-09-22,2026-09-22,17:05:16,2026-09-22 17:05:16,,,,,,,,69fe3eb696baf5af4617c380,69fe3eb696baf5af4617c380,,,,
2561,raw_position_sample,2,1,ele,9,3,13,14,12, safety. ,848,123,1111394.299999997,69fe3eb696baf5af4617c380,69fe3eb696baf5af4617c380,elementary,3,69fe3eb696baf5af4617c380,69fe3eb696baf5af4617c380,spotlight_PROLIFIC,,26,Mexico,Spanish,English,,Spanish:85|English:15,100,Spanish:40|English:60,100,Spanish:90|English:10,100,25,7,Bachelor's,10,10,10,9,9,10,6,14,6,12,TOEFL,96,,,,,20,25,B2,elementary|intermediate,intermediate|elementary,cambridge_15_21_random_elementary_intermediate,4,19,random,,109.2734375,820.609375,129.7734375,877.15625,1,12,,,,,,,,,,,,2026-09-22T23:05:16.927Z,V4EJ4XA7,2026-09-22,2026-09-22,17:05:16,2026-09-22 17:05:16,,,,,,,,69fe3eb696baf5af4617c380,69fe3eb696baf5af4617c380,,,,
2611,raw_position_sample,2,1,ele,9,3,13,14,12, safety. ,858,121,1111444.299999997,69fe3eb696baf5af4617c380,69fe3eb696baf5af4617c380,elementary,3,69fe3eb696baf5af4617c380,69fe3eb696baf5af4617c380,spotlight_PROLIFIC,,26,Mexico,Spanish,English,,Spanish:85|English:15,100,Spanish:40|English:60,100,Spanish:90|English:10,100,25,7,Bachelor's,10,10,10,9,9,10,6,14,6,12,TOEFL,96,,,,,20,25,B2,elementary|intermediate,intermediate|elementary,cambridge_15_21_random_elementary_intermediate,4,19,random,,109.2734375,820.609375,129.7734375,877.15625,1,12,,,,,,,,,,,,2026-09-22T23:05:16.927Z,V4EJ4XA7,2026-09-22,2026-09-22,17:05:16,2026-09-22 17:05:16,,,,,,,,69fe3eb696baf5af4617c380,69fe3eb696baf5af4617c380,,,,
2661,raw_position_sample,2,1,ele,9,3,13,14,12, safety. ,867,119,1111494.0999999978,69fe3eb696baf5af4617c380,69fe3eb696baf5af4617c380,elementary,3,69fe3eb696baf5af4617c380,69fe3eb696baf5af4617c380,spotlight_PROLIFIC,,26,Mexico,Spanish,English,,Spanish:85|English:15,100,Spanish:40|English:60,100,Spanish:90|English:10,100,25,7,Bachelor's,10,10,10,9,9,10,6,14,6,12,TOEFL,96,,,,,20,25,B2,elementary|intermediate,intermediate|elementary,cambridge_15_21_random_elementary_intermediate,4,19,random,,109.2734375,820.609375,129.7734375,877.15625,1,12,,,,,,,,,,,,2026-09-22T23:05:16.927Z,V4EJ4XA7,2026-09-22,2026-09-22,17:05:16,2026-09-22 17:05:16,,,,,,,,69fe3eb696baf5af4617c380,69fe3eb696baf5af4617c380,,,,
2711,raw_position_sample,2,1,ele,9,3,13,14,12, safety. ,877,117,1111544.1999999993,69fe3eb696baf5af4617c380,69fe3eb696baf5af4617c380,elementary,3,69fe3eb696baf5af4617c380,69fe3eb696baf5af4617c380,spotlight_PROLIFIC,,26,Mexico,Spanish,English,,Spanish:85|English:15,100,Spanish:40|English:60,100,Spanish:90|English:10,100,25,7,Bachelor's,10,10,10,9,9,10,6,14,6,12,TOEFL,96,,,,,20,25,B2,elementary|intermediate,intermediate|elementary,cambridge_15_21_random_elementary_intermediate,4,19,random,,109.2734375,820.609375,129.7734375,877.15625,1,12,,,,,,,,,,,,2026-09-22T23:05:16.927Z,V4EJ4XA7,2026-09-22,2026-09-22,17:05:16,2026-09-22 17:05:16,,,,,,,,69fe3eb696baf5af4617c380,69fe3eb696baf5af4617c380,,,,
2712,hover_association,2,1,ele,9,3,13,14,12, safety. ,823,127,,69fe3eb696baf5af4617c380,69fe3eb696baf5af4617c380,elementary,3,69fe3eb696baf5af4617c380,69fe3eb696baf5af4617c380,spotlight_PROLIFIC,,26,Mexico,Spanish,English,,Spanish:85|English:15,100,Spanish:40|English:60,100,Spanish:90|English:10,100,25,7,Bachelor's,10,10,10,9,9,10,6,14,6,12,TOEFL,96,,,,,20,25,B2,elementary|intermediate,intermediate|elementary,cambridge_15_21_random_elementary_intermediate,4,19,random,,99.5234375,820.609375,139.5234375,877.15625,1,12,hover,266.6000000014901,266.6000000014901,0.997236805747444,0.4369140625,63,,,,,,2026-09-22T23:05:16.927Z,V4EJ4XA7,2026-09-22,2026-09-22,17:05:16,2026-09-22 17:05:16,,,,,,,,69fe3eb696baf5af4617c380,69fe3eb696baf5af4617c380,,,,
2760,raw_position_sample,2,1,ele,9,3,13,14,13, They ,893,114,1111593.6999999993,69fe3eb696baf5af4617c380,69fe3eb696baf5af4617c380,elementary,3,69fe3eb696baf5af4617c380,69fe3eb696baf5af4617c380,spotlight_PROLIFIC,,26,Mexico,Spanish,English,,Spanish:85|English:15,100,Spanish:40|English:60,100,Spanish:90|English:10,100,25,7,Bachelor's,10,10,10,9,9,10,6,14,6,12,TOEFL,96,,,,,20,25,B2,elementary|intermediate,intermediate|elementary,cambridge_15_21_random_elementary_intermediate,4,19,random,,109.2734375,877.15625,129.7734375,922.015625,1,13,,,,,,,,,,,,2026-09-22T23:05:16.927Z,V4EJ4XA7,2026-09-22,2026-09-22,17:05:16,2026-09-22 17:05:16,,,,,,,,69fe3eb696baf5af4617c380,69fe3eb696baf5af4617c380,,,,
2811,raw_position_sample,2,1,ele,9,3,13,14,13, They ,911,112,1111644,69fe3eb696baf5af4617c380,69fe3eb696baf5af4617c380,elementary,3,69fe3eb696baf5af4617c380,69fe3eb696baf5af4617c380,spotlight_PROLIFIC,,26,Mexico,Spanish,English,,Spanish:85|English:15,100,Spanish:40|English:60,100,Spanish:90|English:10,100,25,7,Bachelor's,10,10,10,9,9,10,6,14,6,12,TOEFL,96,,,,,20,25,B2,elementary|intermediate,intermediate|elementary,cambridge_15_21_random_elementary_intermediate,4,19,random,,109.2734375,877.15625,129.7734375,922.015625,1,13,,,,,,,,,,,,2026-09-22T23:05:16.927Z,V4EJ4XA7,2026-09-22,2026-09-22,17:05:16,2026-09-22 17:05:16,,,,,,,,69fe3eb696baf5af4617c380,69fe3eb696baf5af4617c380,,,,
2828,hover_association,2,1,ele,9,3,13,14,13, They ,882,116,,69fe3eb696baf5af4617c380,69fe3eb696baf5af4617c380,elementary,3,69fe3eb696baf5af4617c380,69fe3eb696baf5af4617c380,spotlight_PROLIFIC,,26,Mexico,Spanish,English,,Spanish:85|English:15,100,Spanish:40|English:60,100,Spanish:90|English:10,100,25,7,Bachelor's,10,10,10,9,9,10,6,14,6,12,TOEFL,96,,,,,20,25,B2,elementary|intermediate,intermediate|elementary,cambridge_15_21_random_elementary_intermediate,4,19,random,,99.5234375,877.15625,139.5234375,922.015625,1,13,hover,116.30000000074506,116.30000000074506,0.8881922675026124,0.3119140625,63,,,,,,2026-09-22T23:05:16.927Z,V4EJ4XA7,2026-09-22,2026-09-22,17:05:16,2026-09-22 17:05:16,,,,,,,,69fe3eb696baf5af4617c380,69fe3eb696baf5af4617c380,,,,
2861,raw_position_sample,2,1,ele,9,3,13,14,14, say ,930,112,1111694.1999999993,69fe3eb696baf5af4617c380,69fe3eb696baf5af4617c380,elementary,3,69fe3eb696baf5af4617c380,69fe3eb696baf5af4617c380,spotlight_PROLIFIC,,26,Mexico,Spanish,English,,Spanish:85|English:15,100,Spanish:40|English:60,100,Spanish:90|English:10,100,25,7,Bachelor's,10,10,10,9,9,10,6,14,6,12,TOEFL,96,,,,,20,25,B2,elementary|intermediate,intermediate|elementary,cambridge_15_21_random_elementary_intermediate,4,19,random,,109.2734375,922.015625,129.7734375,955.03125,1,14,,,,,,,,,,,,2026-09-22T23:05:16.927Z,V4EJ4XA7,2026-09-22,2026-09-22,17:05:16,2026-09-22 17:05:16,,,,,,,,69fe3eb696baf5af4617c380,69fe3eb696baf5af4617c380,,,,
2911,raw_position_sample,2,1,ele,9,3,13,14,14, say ,953,114,1111744,69fe3eb696baf5af4617c380,69fe3eb696baf5af4617c380,elementary,3,69fe3eb696baf5af4617c380,69fe3eb696baf5af4617c380,spotlight_PROLIFIC,,26,Mexico,Spanish,English,,Spanish:85|English:15,100,Spanish:40|English:60,100,Spanish:90|English:10,100,25,7,Bachelor's,10,10,10,9,9,10,6,14,6,12,TOEFL,96,,,,,20,25,B2,elementary|intermediate,intermediate|elementary,cambridge_15_21_random_elementary_intermediate,4,19,random,,109.2734375,922.015625,129.7734375,955.03125,1,14,,,,,,,,,,,,2026-09-22T23:05:16.927Z,V4EJ4XA7,2026-09-22,2026-09-22,17:05:16,2026-09-22 17:05:16,,,,,,,,69fe3eb696baf5af4617c380,69fe3eb696baf5af4617c380,,,,
2911,hover_association,2,1,ele,9,3,13,14,14, say ,923,112,,69fe3eb696baf5af4617c380,69fe3eb696baf5af4617c380,elementary,3,69fe3eb696baf5af4617c380,69fe3eb696baf5af4617c380,spotlight_PROLIFIC,,26,Mexico,Spanish,English,,Spanish:85|English:15,100,Spanish:40|English:60,100,Spanish:90|English:10,100,25,7,Bachelor's,10,10,10,9,9,10,6,14,6,12,TOEFL,96,,,,,20,25,B2,elementary|intermediate,intermediate|elementary,cambridge_15_21_random_elementary_intermediate,4,19,random,,99.5234375,922.015625,139.5234375,955.03125,1,14,hover,83.09999999776483,83.09999999776483,0.9384761003312825,0.3619140625,63,,,,,,2026-09-22T23:05:16.927Z,V4EJ4XA7,2026-09-22,2026-09-22,17:05:16,2026-09-22 17:05:16,,,,,,,,69fe3eb696baf5af4617c380,69fe3eb696baf5af4617c380,,,,
2961,raw_position_sample,2,1,ele,9,3,13,14,15, that ,973,118,1111794.1999999993,69fe3eb696baf5af4617c380,69fe3eb696baf5af4617c380,elementary,3,69fe3eb696baf5af4617c380,69fe3eb696baf5af4617c380,spotlight_PROLIFIC,,26,Mexico,Spanish,English,,Spanish:85|English:15,100,Spanish:40|English:60,100,Spanish:90|English:10,100,25,7,Bachelor's,10,10,10,9,9,10,6,14,6,12,TOEFL,96,,,,,20,25,B2,elementary|intermediate,intermediate|elementary,cambridge_15_21_random_elementary_intermediate,4,19,random,,109.2734375,955.03125,129.7734375,990.0625,1,15,,,,,,,,,,,,2026-09-22T23:05:16.927Z,V4EJ4XA7,2026-09-22,2026-09-22,17:05:16,2026-09-22 17:05:16,,,,,,,,69fe3eb696baf5af4617c380,69fe3eb696baf5af4617c380,,,,
2994,hover_association,2,1,ele,9,3,13,14,15, that ,961,115,,69fe3eb696baf5af4617c380,69fe3eb696baf5af4617c380,elementary,3,69fe3eb696baf5af4617c380,69fe3eb696baf5af4617c380,spotlight_PROLIFIC,,26,Mexico,Spanish,English,,Spanish:85|English:15,100,Spanish:40|English:60,100,Spanish:90|English:10,100,25,7,Bachelor's,10,10,10,9,9,10,6,14,6,12,TOEFL,96,,,,,20,25,B2,elementary|intermediate,intermediate|elementary,cambridge_15_21_random_elementary_intermediate,4,19,random,,99.5234375,955.03125,139.5234375,990.0625,1,15,hover,83.5,83.5,0.8840321141837645,0.5369140625,63,,,,,,2026-09-22T23:05:16.927Z,V4EJ4XA7,2026-09-22,2026-09-22,17:05:16,2026-09-22 17:05:16,,,,,,,,69fe3eb696baf5af4617c380,69fe3eb696baf5af4617c380,,,,
3011,raw_position_sample,2,1,ele,9,3,13,14,16, the ,993,124,1111844.3999999985,69fe3eb696baf5af4617c380,69fe3eb696baf5af4617c380,elementary,3,69fe3eb696baf5af4617c380,69fe3eb696baf5af4617c380,spotlight_PROLIFIC,,26,Mexico,Spanish,English,,Spanish:85|English:15,100,Spanish:40|English:60,100,Spanish:90|English:10,100,25,7,Bachelor's,10,10,10,9,9,10,6,14,6,12,TOEFL,96,,,,,20,25,B2,elementary|intermediate,intermediate|elementary,cambridge_15_21_random_elementary_intermediate,4,19,random,,109.2734375,990.0625,129.7734375,1020.0859375,1,16,,,,,,,,,,,,2026-09-22T23:05:16.927Z,V4EJ4XA7,2026-09-22,2026-09-22,17:05:16,2026-09-22 17:05:16,,,,,,,,69fe3eb696baf5af4617c380,69fe3eb696baf5af4617c380,,,,
3061,raw_position_sample,2,1,ele,9,3,13,14,16, the ,1013,130,1111894.0999999978,69fe3eb696baf5af4617c380,69fe3eb696baf5af4617c380,elementary,3,69fe3eb696baf5af4617c380,69fe3eb696baf5af4617c380,spotlight_PROLIFIC,,26,Mexico,Spanish,English,,Spanish:85|English:15,100,Spanish:40|English:60,100,Spanish:90|English:10,100,25,7,Bachelor's,10,10,10,9,9,10,6,14,6,12,TOEFL,96,,,,,20,25,B2,elementary|intermediate,intermediate|elementary,cambridge_15_21_random_elementary_intermediate,4,19,random,,109.2734375,990.0625,129.7734375,1020.0859375,1,16,,,,,,,,,,,,2026-09-22T23:05:16.927Z,V4EJ4XA7,2026-09-22,2026-09-22,17:05:16,2026-09-22 17:05:16,,,,,,,,69fe3eb696baf5af4617c380,69fe3eb696baf5af4617c380,,,,
3077,hover_association,2,1,ele,9,3,13,14,16, the ,993,124,,69fe3eb696baf5af4617c380,69fe3eb696baf5af4617c380,elementary,3,69fe3eb696baf5af4617c380,69fe3eb696baf5af4617c380,spotlight_PROLIFIC,,26,Mexico,Spanish,English,,Spanish:85|English:15,100,Spanish:40|English:60,100,Spanish:90|English:10,100,25,7,Bachelor's,10,10,10,9,9,10,6,14,6,12,TOEFL,96,,,,,20,25,B2,elementary|intermediate,intermediate|elementary,cambridge_15_21_random_elementary_intermediate,4,19,random,,99.5234375,990.0625,139.5234375,1020.0859375,1,16,hover,82.90000000223517,82.90000000223517,0.8972157168878481,0.7869140625,63,,,,,,2026-09-22T23:05:16.927Z,V4EJ4XA7,2026-09-22,2026-09-22,17:05:16,2026-09-22 17:05:16,,,,,,,,69fe3eb696baf5af4617c380,69fe3eb696baf5af4617c380,,,,
3111,raw_position_sample,2,1,ele,9,3,13,14,17, car ,1024,132,1111944.3999999985,69fe3eb696baf5af4617c380,69fe3eb696baf5af4617c380,elementary,3,69fe3eb696baf5af4617c380,69fe3eb696baf5af4617c380,spotlight_PROLIFIC,,26,Mexico,Spanish,English,,Spanish:85|English:15,100,Spanish:40|English:60,100,Spanish:90|English:10,100,25,7,Bachelor's,10,10,10,9,9,10,6,14,6,12,TOEFL,96,,,,,20,25,B2,elementary|intermediate,intermediate|elementary,cambridge_15_21_random_elementary_intermediate,4,19,random,,109.2734375,1020.0859375,129.7734375,1050.09375,1,17,,,,,,,,,,,,2026-09-22T23:05:16.927Z,V4EJ4XA7,2026-09-22,2026-09-22,17:05:16,2026-09-22 17:05:16,,,,,,,,69fe3eb696baf5af4617c380,69fe3eb696baf5af4617c380,,,,
3161,raw_position_sample,2,1,ele,9,3,13,14,17, car ,1028,133,1111994.0999999978,69fe3eb696baf5af4617c380,69fe3eb696baf5af4617c380,elementary,3,69fe3eb696baf5af4617c380,69fe3eb696baf5af4617c380,spotlight_PROLIFIC,,26,Mexico,Spanish,English,,Spanish:85|English:15,100,Spanish:40|English:60,100,Spanish:90|English:10,100,25,7,Bachelor's,10,10,10,9,9,10,6,14,6,12,TOEFL,96,,,,,20,25,B2,elementary|intermediate,intermediate|elementary,cambridge_15_21_random_elementary_intermediate,4,19,random,,109.2734375,1020.0859375,129.7734375,1050.09375,1,17,,,,,,,,,,,,2026-09-22T23:05:16.927Z,V4EJ4XA7,2026-09-22,2026-09-22,17:05:16,2026-09-22 17:05:16,,,,,,,,69fe3eb696baf5af4617c380,69fe3eb696baf5af4617c380,,,,
3211,raw_position_sample,2,1,ele,9,3,13,14,17, car ,1022,133,1112043.8999999985,69fe3eb696baf5af4617c380,69fe3eb696baf5af4617c380,elementary,3,69fe3eb696baf5af4617c380,69fe3eb696baf5af4617c380,spotlight_PROLIFIC,,26,Mexico,Spanish,English,,Spanish:85|English:15,100,Spanish:40|English:60,100,Spanish:90|English:10,100,25,7,Bachelor's,10,10,10,9,9,10,6,14,6,12,TOEFL,96,,,,,20,25,B2,elementary|intermediate,intermediate|elementary,cambridge_15_21_random_elementary_intermediate,4,19,random,,109.2734375,1020.0859375,129.7734375,1050.09375,1,17,,,,,,,,,,,,2026-09-22T23:05:16.927Z,V4EJ4XA7,2026-09-22,2026-09-22,17:05:16,2026-09-22 17:05:16,,,,,,,,69fe3eb696baf5af4617c380,69fe3eb696baf5af4617c380,,,,
3211,hover_association,2,1,ele,9,3,13,14,17, car ,1021,132,,69fe3eb696baf5af4617c380,69fe3eb696baf5af4617c380,elementary,3,69fe3eb696baf5af4617c380,69fe3eb696baf5af4617c380,spotlight_PROLIFIC,,26,Mexico,Spanish,English,,Spanish:85|English:15,100,Spanish:40|English:60,100,Spanish:90|English:10,100,25,7,Bachelor's,10,10,10,9,9,10,6,14,6,12,TOEFL,96,,,,,20,25,B2,elementary|intermediate,intermediate|elementary,cambridge_15_21_random_elementary_intermediate,4,19,random,,99.5234375,1020.0859375,139.5234375,1050.09375,1,17,hover,133.39999999850988,133.39999999850988,0.06378547253319448,0.8369140625,63,,,,,,2026-09-22T23:05:16.927Z,V4EJ4XA7,2026-09-22,2026-09-22,17:05:16,2026-09-22 17:05:16,,,,,,,,69fe3eb696baf5af4617c380,69fe3eb696baf5af4617c380,,,,
3244,hover_association,2,1,ele,9,3,13,14,16, the ,1014,132,,69fe3eb696baf5af4617c380,69fe3eb696baf5af4617c380,elementary,3,69fe3eb696baf5af4617c380,69fe3eb696baf5af4617c380,spotlight_PROLIFIC,,26,Mexico,Spanish,English,,Spanish:85|English:15,100,Spanish:40|English:60,100,Spanish:90|English:10,100,25,7,Bachelor's,10,10,10,9,9,10,6,14,6,12,TOEFL,96,,,,,20,25,B2,elementary|intermediate,intermediate|elementary,cambridge_15_21_random_elementary_intermediate,4,19,random,,99.5234375,990.0625,139.5234375,1020.0859375,1,16,hover,33.30000000074506,33.30000000074506,0.2643767889669529,0.7369140625,63,,,,,,2026-09-22T23:05:16.927Z,V4EJ4XA7,2026-09-22,2026-09-22,17:05:16,2026-09-22 17:05:16,,,,,,,,69fe3eb696baf5af4617c380,69fe3eb696baf5af4617c380,,,,
3260,raw_position_sample,2,1,ele,9,3,13,14,15, that ,977,125,1112093.799999997,69fe3eb696baf5af4617c380,69fe3eb696baf5af4617c380,elementary,3,69fe3eb696baf5af4617c380,69fe3eb696baf5af4617c380,spotlight_PROLIFIC,,26,Mexico,Spanish,English,,Spanish:85|English:15,100,Spanish:40|English:60,100,Spanish:90|English:10,100,25,7,Bachelor's,10,10,10,9,9,10,6,14,6,12,TOEFL,96,,,,,20,25,B2,elementary|intermediate,intermediate|elementary,cambridge_15_21_random_elementary_intermediate,4,19,random,,109.2734375,955.03125,129.7734375,990.0625,1,15,,,,,,,,,,,,2026-09-22T23:05:16.927Z,V4EJ4XA7,2026-09-22,2026-09-22,17:05:16,2026-09-22 17:05:16,,,,,,,,69fe3eb696baf5af4617c380,69fe3eb696baf5af4617c380,,,,
3261,hover_association,2,1,ele,9,3,13,14,15, that ,977,125,,69fe3eb696baf5af4617c380,69fe3eb696baf5af4617c380,elementary,3,69fe3eb696baf5af4617c380,69fe3eb696baf5af4617c380,spotlight_PROLIFIC,,26,Mexico,Spanish,English,,Spanish:85|English:15,100,Spanish:40|English:60,100,Spanish:90|English:10,100,25,7,Bachelor's,10,10,10,9,9,10,6,14,6,12,TOEFL,96,,,,,20,25,B2,elementary|intermediate,intermediate|elementary,cambridge_15_21_random_elementary_intermediate,4,19,random,,99.5234375,955.03125,139.5234375,990.0625,1,15,hover,17,17,0.6271186440677966,0.6369140625,63,,,,,,2026-09-22T23:05:16.927Z,V4EJ4XA7,2026-09-22,2026-09-22,17:05:16,2026-09-22 17:05:16,,,,,,,,69fe3eb696baf5af4617c380,69fe3eb696baf5af4617c380,,,,
3278,hover_association,2,1,ele,9,3,13,14,14, say ,951,120,,69fe3eb696baf5af4617c380,69fe3eb696baf5af4617c380,elementary,3,69fe3eb696baf5af4617c380,69fe3eb696baf5af4617c380,spotlight_PROLIFIC,,26,Mexico,Spanish,English,,Spanish:85|English:15,100,Spanish:40|English:60,100,Spanish:90|English:10,100,25,7,Bachelor's,10,10,10,9,9,10,6,14,6,12,TOEFL,96,,,,,20,25,B2,elementary|intermediate,intermediate|elementary,cambridge_15_21_random_elementary_intermediate,4,19,random,,99.5234375,922.015625,139.5234375,955.03125,1,14,hover,16.699999999254942,16.699999999254942,0.8778987221959299,0.5119140625,63,,,,,,2026-09-22T23:05:16.927Z,V4EJ4XA7,2026-09-22,2026-09-22,17:05:16,2026-09-22 17:05:16,,,,,,,,69fe3eb696baf5af4617c380,69fe3eb696baf5af4617c380,,,,
3294,hover_association,2,1,ele,9,3,13,14,13, They ,921,117,,69fe3eb696baf5af4617c380,69fe3eb696baf5af4617c380,elementary,3,69fe3eb696baf5af4617c380,69fe3eb696baf5af4617c380,spotlight_PROLIFIC,,26,Mexico,Spanish,English,,Spanish:85|English:15,100,Spanish:40|English:60,100,Spanish:90|English:10,100,25,7,Bachelor's,10,10,10,9,9,10,6,14,6,12,TOEFL,96,,,,,20,25,B2,elementary|intermediate,intermediate|elementary,cambridge_15_21_random_elementary_intermediate,4,19,random,,99.5234375,877.15625,139.5234375,922.015625,1,13,hover,16.600000001490116,16.600000001490116,0.9773598049460118,0.4369140625,63,,,,,,2026-09-22T23:05:16.927Z,V4EJ4XA7,2026-09-22,2026-09-22,17:05:16,2026-09-22 17:05:16,,,,,,,,69fe3eb696baf5af4617c380,69fe3eb696baf5af4617c380,,,,
3311,raw_position_sample,2,1,ele,9,3,13,14,12, safety. ,875,113,1112144,69fe3eb696baf5af4617c380,69fe3eb696baf5af4617c380,elementary,3,69fe3eb696baf5af4617c380,69fe3eb696baf5af4617c380,spotlight_PROLIFIC,,26,Mexico,Spanish,English,,Spanish:85|English:15,100,Spanish:40|English:60,100,Spanish:90|English:10,100,25,7,Bachelor's,10,10,10,9,9,10,6,14,6,12,TOEFL,96,,,,,20,25,B2,elementary|intermediate,intermediate|elementary,cambridge_15_21_random_elementary_intermediate,4,19,random,,109.2734375,820.609375,129.7734375,877.15625,1,12,,,,,,,,,,,,2026-09-22T23:05:16.927Z,V4EJ4XA7,2026-09-22,2026-09-22,17:05:16,2026-09-22 17:05:16,,,,,,,,69fe3eb696baf5af4617c380,69fe3eb696baf5af4617c380,,,,
3327,hover_association,2,1,ele,9,3,13,14,12, safety. ,875,113,,69fe3eb696baf5af4617c380,69fe3eb696baf5af4617c380,elementary,3,69fe3eb696baf5af4617c380,69fe3eb696baf5af4617c380,spotlight_PROLIFIC,,26,Mexico,Spanish,English,,Spanish:85|English:15,100,Spanish:40|English:60,100,Spanish:90|English:10,100,25,7,Bachelor's,10,10,10,9,9,10,6,14,6,12,TOEFL,96,,,,,20,25,B2,elementary|intermediate,intermediate|elementary,cambridge_15_21_random_elementary_intermediate,4,19,random,,99.5234375,820.609375,139.5234375,877.15625,1,12,hover,33,33,0.44901906604034264,0.2869140625,63,,,,,,2026-09-22T23:05:16.927Z,V4EJ4XA7,2026-09-22,2026-09-22,17:05:16,2026-09-22 17:05:16,,,,,,,,69fe3eb696baf5af4617c380,69fe3eb696baf5af4617c380,,,,
3344,hover_association,2,1,ele,9,3,13,14,11, improve ,787,111,,69fe3eb696baf5af4617c380,69fe3eb696baf5af4617c380,elementary,3,69fe3eb696baf5af4617c380,69fe3eb696baf5af4617c380,spotlight_PROLIFIC,,26,Mexico,Spanish,English,,Spanish:85|English:15,100,Spanish:40|English:60,100,Spanish:90|English:10,100,25,7,Bachelor's,10,10,10,9,9,10,6,14,6,12,TOEFL,96,,,,,20,25,B2,elementary|intermediate,intermediate|elementary,cambridge_15_21_random_elementary_intermediate,4,19,random,,99.5234375,751.5859375,139.5234375,820.609375,1,11,hover,16.399999998509884,16.399999998509884,0.5130730050933786,0.2869140625,63,,,,,,2026-09-22T23:05:16.927Z,V4EJ4XA7,2026-09-22,2026-09-22,17:05:16,2026-09-22 17:05:16,,,,,,,,69fe3eb696baf5af4617c380,69fe3eb696baf5af4617c380,,,,
3360,raw_position_sample,2,1,ele,9,3,13,14,10, to ,741,113,1112193.5,69fe3eb696baf5af4617c380,69fe3eb696baf5af4617c380,elementary,3,69fe3eb696baf5af4617c380,69fe3eb696baf5af4617c380,spotlight_PROLIFIC,,26,Mexico,Spanish,English,,Spanish:85|English:15,100,Spanish:40|English:60,100,Spanish:90|English:10,100,25,7,Bachelor's,10,10,10,9,9,10,6,14,6,12,TOEFL,96,,,,,20,25,B2,elementary|intermediate,intermediate|elementary,cambridge_15_21_random_elementary_intermediate,4,19,random,,109.2734375,731.5703125,129.7734375,751.5859375,1,10,,,,,,,,,,,,2026-09-22T23:05:16.927Z,V4EJ4XA7,2026-09-22,2026-09-22,17:05:16,2026-09-22 17:05:16,,,,,,,,69fe3eb696baf5af4617c380,69fe3eb696baf5af4617c380,,,,
3360,hover_association,2,1,ele,9,3,13,14,10, to ,741,113,,69fe3eb696baf5af4617c380,69fe3eb696baf5af4617c380,elementary,3,69fe3eb696baf5af4617c380,69fe3eb696baf5af4617c380,spotlight_PROLIFIC,,26,Mexico,Spanish,English,,Spanish:85|English:15,100,Spanish:40|English:60,100,Spanish:90|English:10,100,25,7,Bachelor's,10,10,10,9,9,10,6,14,6,12,TOEFL,96,,,,,20,25,B2,elementary|intermediate,intermediate|elementary,cambridge_15_21_random_elementary_intermediate,4,19,random,,99.5234375,731.5703125,139.5234375,751.5859375,1,10,hover,16.699999999254942,16.699999999254942,0.4711163153786105,0.3369140625,63,,,,,,2026-09-22T23:05:16.927Z,V4EJ4XA7,2026-09-22,2026-09-22,17:05:16,2026-09-22 17:05:16,,,,,,,,69fe3eb696baf5af4617c380,69fe3eb696baf5af4617c380,,,,
3377,hover_association,2,1,ele,9,3,13,14,8, project ,696,119,,69fe3eb696baf5af4617c380,69fe3eb696baf5af4617c380,elementary,3,69fe3eb696baf5af4617c380,69fe3eb696baf5af4617c380,spotlight_PROLIFIC,,26,Mexico,Spanish,English,,Spanish:85|English:15,100,Spanish:40|English:60,100,Spanish:90|English:10,100,25,7,Bachelor's,10,10,10,9,9,10,6,14,6,12,TOEFL,96,,,,,20,25,B2,elementary|intermediate,intermediate|elementary,cambridge_15_21_random_elementary_intermediate,4,19,random,,99.5234375,654.5390625,139.5234375,713.5703125,1,8,hover,16.600000001490116,16.600000001490116,0.7023557437797776,0.4869140625,63,,,,,,2026-09-22T23:05:16.927Z,V4EJ4XA7,2026-09-22,2026-09-22,17:05:16,2026-09-22 17:05:16,,,,,,,,69fe3eb696baf5af4617c380,69fe3eb696baf5af4617c380,,,,
3394,hover_association,2,1,ele,9,3,13,14,7, the ,654,125,,69fe3eb696baf5af4617c380,69fe3eb696baf5af4617c380,elementary,3,69fe3eb696baf5af4617c380,69fe3eb696baf5af4617c380,spotlight_PROLIFIC,,26,Mexico,Spanish,English,,Spanish:85|English:15,100,Spanish:40|English:60,100,Spanish:90|English:10,100,25,7,Bachelor's,10,10,10,9,9,10,6,14,6,12,TOEFL,96,,,,,20,25,B2,elementary|intermediate,intermediate|elementary,cambridge_15_21_random_elementary_intermediate,4,19,random,,99.5234375,624.515625,139.5234375,654.5390625,1,7,hover,17.199999999254942,17.199999999254942,0.9820452771272443,0.6369140625,63,,,,,,2026-09-22T23:05:16.927Z,V4EJ4XA7,2026-09-22,2026-09-22,17:05:16,2026-09-22 17:05:16,,,,,,,,69fe3eb696baf5af4617c380,69fe3eb696baf5af4617c380,,,,
3411,raw_position_sample,2,1,ele,9,3,13,14,6, of ,617,130,1112244.1999999993,69fe3eb696baf5af4617c380,69fe3eb696baf5af4617c380,elementary,3,69fe3eb696baf5af4617c380,69fe3eb696baf5af4617c380,spotlight_PROLIFIC,,26,Mexico,Spanish,English,,Spanish:85|English:15,100,Spanish:40|English:60,100,Spanish:90|English:10,100,25,7,Bachelor's,10,10,10,9,9,10,6,14,6,12,TOEFL,96,,,,,20,25,B2,elementary|intermediate,intermediate|elementary,cambridge_15_21_random_elementary_intermediate,4,19,random,,109.2734375,604.5,129.7734375,624.515625,1,6,,,,,,,,,,,,2026-09-22T23:05:16.927Z,V4EJ4XA7,2026-09-22,2026-09-22,17:05:16,2026-09-22 17:05:16,,,,,,,,69fe3eb696baf5af4617c380,69fe3eb696baf5af4617c380,,,,
3411,hover_association,2,1,ele,9,3,13,14,6, of ,617,130,,69fe3eb696baf5af4617c380,69fe3eb696baf5af4617c380,elementary,3,69fe3eb696baf5af4617c380,69fe3eb696baf5af4617c380,spotlight_PROLIFIC,,26,Mexico,Spanish,English,,Spanish:85|English:15,100,Spanish:40|English:60,100,Spanish:90|English:10,100,25,7,Bachelor's,10,10,10,9,9,10,6,14,6,12,TOEFL,96,,,,,20,25,B2,elementary|intermediate,intermediate|elementary,cambridge_15_21_random_elementary_intermediate,4,19,random,,99.5234375,604.5,139.5234375,624.515625,1,6,hover,17.100000001490116,17.100000001490116,0.624512099921936,0.7619140625,63,,,,,,2026-09-22T23:05:16.927Z,V4EJ4XA7,2026-09-22,2026-09-22,17:05:16,2026-09-22 17:05:16,,,,,,,,69fe3eb696baf5af4617c380,69fe3eb696baf5af4617c380,,,,
3428,hover_association,2,1,ele,9,3,13,14,5, aim ,585,134,,69fe3eb696baf5af4617c380,69fe3eb696baf5af4617c380,elementary,3,69fe3eb696baf5af4617c380,69fe3eb696baf5af4617c380,spotlight_PROLIFIC,,26,Mexico,Spanish,English,,Spanish:85|English:15,100,Spanish:40|English:60,100,Spanish:90|English:10,100,25,7,Bachelor's,10,10,10,9,9,10,6,14,6,12,TOEFL,96,,,,,20,25,B2,elementary|intermediate,intermediate|elementary,cambridge_15_21_random_elementary_intermediate,4,19,random,,99.5234375,570.4921875,139.5234375,604.5,1,5,hover,16.599999997764826,16.599999997764826,0.4266023432115782,0.8619140625,63,,,,,,2026-09-22T23:05:16.927Z,V4EJ4XA7,2026-09-22,2026-09-22,17:05:16,2026-09-22 17:05:16,,,,,,,,69fe3eb696baf5af4617c380,69fe3eb696baf5af4617c380,,,,
3461,raw_position_sample,2,1,ele,9,3,13,14,4, the ,544,138,1112294.0999999978,69fe3eb696baf5af4617c380,69fe3eb696baf5af4617c380,elementary,3,69fe3eb696baf5af4617c380,69fe3eb696baf5af4617c380,spotlight_PROLIFIC,,26,Mexico,Spanish,English,,Spanish:85|English:15,100,Spanish:40|English:60,100,Spanish:90|English:10,100,25,7,Bachelor's,10,10,10,9,9,10,6,14,6,12,TOEFL,96,,,,,20,25,B2,elementary|intermediate,intermediate|elementary,cambridge_15_21_random_elementary_intermediate,4,19,random,,109.2734375,540.46875,129.7734375,570.4921875,1,4,,,,,,,,,,,,2026-09-22T23:05:16.927Z,V4EJ4XA7,2026-09-22,2026-09-22,17:05:16,2026-09-22 17:05:16,,,,,,,,69fe3eb696baf5af4617c380,69fe3eb696baf5af4617c380,,,,
3461,hover_association,2,1,ele,9,3,13,14,4, the ,566,136,,69fe3eb696baf5af4617c380,69fe3eb696baf5af4617c380,elementary,3,69fe3eb696baf5af4617c380,69fe3eb696baf5af4617c380,spotlight_PROLIFIC,,26,Mexico,Spanish,English,,Spanish:85|English:15,100,Spanish:40|English:60,100,Spanish:90|English:10,100,25,7,Bachelor's,10,10,10,9,9,10,6,14,6,12,TOEFL,96,,,,,20,25,B2,elementary|intermediate,intermediate|elementary,cambridge_15_21_random_elementary_intermediate,4,19,random,,99.5234375,540.46875,139.5234375,570.4921875,1,4,hover,33.19999999925494,33.19999999925494,0.11761644548529794,0.9619140625,63,,,,,,2026-09-22T23:05:16.927Z,V4EJ4XA7,2026-09-22,2026-09-22,17:05:16,2026-09-22 17:05:16,,,,,,,,69fe3eb696baf5af4617c380,69fe3eb696baf5af4617c380,,,,
3478,hover_association,2,1,ele,9,3,13,14,3, that ,527,139,,69fe3eb696baf5af4617c380,69fe3eb696baf5af4617c380,elementary,3,69fe3eb696baf5af4617c380,69fe3eb696baf5af4617c380,spotlight_PROLIFIC,,26,Mexico,Spanish,English,,Spanish:85|English:15,100,Spanish:40|English:60,100,Spanish:90|English:10,100,25,7,Bachelor's,10,10,10,9,9,10,6,14,6,12,TOEFL,96,,,,,20,25,B2,elementary|intermediate,intermediate|elementary,cambridge_15_21_random_elementary_intermediate,4,19,random,,99.5234375,505.4375,139.5234375,540.46875,1,3,hover,16.5,16.5,0.6155218554861731,0.9869140625,63,,,,,,2026-09-22T23:05:16.927Z,V4EJ4XA7,2026-09-22,2026-09-22,17:05:16,2026-09-22 17:05:16,,,,,,,,69fe3eb696baf5af4617c380,69fe3eb696baf5af4617c380,,,,
3511,raw_position_sample,2,1,ele,9,3,13,14,21, foam ,496,144,1112344,69fe3eb696baf5af4617c380,69fe3eb696baf5af4617c380,elementary,3,69fe3eb696baf5af4617c380,69fe3eb696baf5af4617c380,spotlight_PROLIFIC,,26,Mexico,Spanish,English,,Spanish:85|English:15,100,Spanish:40|English:60,100,Spanish:90|English:10,100,25,7,Bachelor's,10,10,10,9,9,10,6,14,6,12,TOEFL,96,,,,,20,25,B2,elementary|intermediate,intermediate|elementary,cambridge_15_21_random_elementary_intermediate,4,19,random,,149.2734375,487.421875,169.7734375,532.4453125,2,3,,,,,,,,,,,,2026-09-22T23:05:16.927Z,V4EJ4XA7,2026-09-22,2026-09-22,17:05:16,2026-09-22 17:05:16,,,,,,,,69fe3eb696baf5af4617c380,69fe3eb696baf5af4617c380,,,,
3528,hover_association,2,1,ele,9,3,13,14,21, foam ,506,142,,69fe3eb696baf5af4617c380,69fe3eb696baf5af4617c380,elementary,3,69fe3eb696baf5af4617c380,69fe3eb696baf5af4617c380,spotlight_PROLIFIC,,26,Mexico,Spanish,English,,Spanish:85|English:15,100,Spanish:40|English:60,100,Spanish:90|English:10,100,25,7,Bachelor's,10,10,10,9,9,10,6,14,6,12,TOEFL,96,,,,,20,25,B2,elementary|intermediate,intermediate|elementary,cambridge_15_21_random_elementary_intermediate,4,19,random,,139.5234375,487.421875,179.5234375,532.4453125,2,3,hover,50.100000001490116,50.100000001490116,0.012840534443866042,0.1869140625,63,,,,,,2026-09-22T23:05:16.927Z,V4EJ4XA7,2026-09-22,2026-09-22,17:05:16,2026-09-22 17:05:16,,,,,,,,69fe3eb696baf5af4617c380,69fe3eb696baf5af4617c380,,,,
3560,raw_position_sample,2,1,ele,9,3,13,14,20, with ,472,150,1112393.6999999993,69fe3eb696baf5af4617c380,69fe3eb696baf5af4617c380,elementary,3,69fe3eb696baf5af4617c380,69fe3eb696baf5af4617c380,spotlight_PROLIFIC,,26,Mexico,Spanish,English,,Spanish:85|English:15,100,Spanish:40|English:60,100,Spanish:90|English:10,100,25,7,Bachelor's,10,10,10,9,9,10,6,14,6,12,TOEFL,96,,,,,20,25,B2,elementary|intermediate,intermediate|elementary,cambridge_15_21_random_elementary_intermediate,4,19,random,,149.2734375,450.40625,169.7734375,487.421875,2,2,,,,,,,,,,,,2026-09-22T23:05:16.927Z,V4EJ4XA7,2026-09-22,2026-09-22,17:05:16,2026-09-22 17:05:16,,,,,,,,69fe3eb696baf5af4617c380,69fe3eb696baf5af4617c380,,,,
3611,raw_position_sample,2,1,ele,9,3,13,14,20, with ,453,156,1112444,69fe3eb696baf5af4617c380,69fe3eb696baf5af4617c380,elementary,3,69fe3eb696baf5af4617c380,69fe3eb696baf5af4617c380,spotlight_PROLIFIC,,26,Mexico,Spanish,English,,Spanish:85|English:15,100,Spanish:40|English:60,100,Spanish:90|English:10,100,25,7,Bachelor's,10,10,10,9,9,10,6,14,6,12,TOEFL,96,,,,,20,25,B2,elementary|intermediate,intermediate|elementary,cambridge_15_21_random_elementary_intermediate,4,19,random,,149.2734375,450.40625,169.7734375,487.421875,2,2,,,,,,,,,,,,2026-09-22T23:05:16.927Z,V4EJ4XA7,2026-09-22,2026-09-22,17:05:16,2026-09-22 17:05:16,,,,,,,,69fe3eb696baf5af4617c380,69fe3eb696baf5af4617c380,,,,
3611,hover_association,2,1,ele,9,3,13,14,20, with ,480,149,,69fe3eb696baf5af4617c380,69fe3eb696baf5af4617c380,elementary,3,69fe3eb696baf5af4617c380,69fe3eb696baf5af4617c380,spotlight_PROLIFIC,,26,Mexico,Spanish,English,,Spanish:85|English:15,100,Spanish:40|English:60,100,Spanish:90|English:10,100,25,7,Bachelor's,10,10,10,9,9,10,6,14,6,12,TOEFL,96,,,,,20,25,B2,elementary|intermediate,intermediate|elementary,cambridge_15_21_random_elementary_intermediate,4,19,random,,139.5234375,450.40625,179.5234375,487.421875,2,2,hover,83.19999999925494,83.19999999925494,0.07007176023638666,0.4119140625,63,,,,,,2026-09-22T23:05:16.927Z,V4EJ4XA7,2026-09-22,2026-09-22,17:05:16,2026-09-22 17:05:16,,,,,,,,69fe3eb696baf5af4617c380,69fe3eb696baf5af4617c380,,,,
3660,raw_position_sample,2,1,ele,9,3,13,14,19, made ,431,162,1112493.799999997,69fe3eb696baf5af4617c380,69fe3eb696baf5af4617c380,elementary,3,69fe3eb696baf5af4617c380,69fe3eb696baf5af4617c380,spotlight_PROLIFIC,,26,Mexico,Spanish,English,,Spanish:85|English:15,100,Spanish:40|English:60,100,Spanish:90|English:10,100,25,7,Bachelor's,10,10,10,9,9,10,6,14,6,12,TOEFL,96,,,,,20,25,B2,elementary|intermediate,intermediate|elementary,cambridge_15_21_random_elementary_intermediate,4,19,random,,149.2734375,400.375,169.7734375,450.40625,2,1,,,,,,,,,,,,2026-09-22T23:05:16.927Z,V4EJ4XA7,2026-09-22,2026-09-22,17:05:16,2026-09-22 17:05:16,,,,,,,,69fe3eb696baf5af4617c380,69fe3eb696baf5af4617c380,,,,
3711,raw_position_sample,2,1,ele,9,3,13,14,19, made ,418,166,1112544.1999999993,69fe3eb696baf5af4617c380,69fe3eb696baf5af4617c380,elementary,3,69fe3eb696baf5af4617c380,69fe3eb696baf5af4617c380,spotlight_PROLIFIC,,26,Mexico,Spanish,English,,Spanish:85|English:15,100,Spanish:40|English:60,100,Spanish:90|English:10,100,25,7,Bachelor's,10,10,10,9,9,10,6,14,6,12,TOEFL,96,,,,,20,25,B2,elementary|intermediate,intermediate|elementary,cambridge_15_21_random_elementary_intermediate,4,19,random,,149.2734375,400.375,169.7734375,450.40625,2,1,,,,,,,,,,,,2026-09-22T23:05:16.927Z,V4EJ4XA7,2026-09-22,2026-09-22,17:05:16,2026-09-22 17:05:16,,,,,,,,69fe3eb696baf5af4617c380,69fe3eb696baf5af4617c380,,,,
3761,raw_position_sample,2,1,ele,9,3,13,14,19, made ,413,168,1112594.3999999985,69fe3eb696baf5af4617c380,69fe3eb696baf5af4617c380,elementary,3,69fe3eb696baf5af4617c380,69fe3eb696baf5af4617c380,spotlight_PROLIFIC,,26,Mexico,Spanish,English,,Spanish:85|English:15,100,Spanish:40|English:60,100,Spanish:90|English:10,100,25,7,Bachelor's,10,10,10,9,9,10,6,14,6,12,TOEFL,96,,,,,20,25,B2,elementary|intermediate,intermediate|elementary,cambridge_15_21_random_elementary_intermediate,4,19,random,,149.2734375,400.375,169.7734375,450.40625,2,1,,,,,,,,,,,,2026-09-22T23:05:16.927Z,V4EJ4XA7,2026-09-22,2026-09-22,17:05:16,2026-09-22 17:05:16,,,,,,,,69fe3eb696baf5af4617c380,69fe3eb696baf5af4617c380,,,,
3811,raw_position_sample,2,1,ele,9,3,13,14,19, made ,413,168,1112644,69fe3eb696baf5af4617c380,69fe3eb696baf5af4617c380,elementary,3,69fe3eb696baf5af4617c380,69fe3eb696baf5af4617c380,spotlight_PROLIFIC,,26,Mexico,Spanish,English,,Spanish:85|English:15,100,Spanish:40|English:60,100,Spanish:90|English:10,100,25,7,Bachelor's,10,10,10,9,9,10,6,14,6,12,TOEFL,96,,,,,20,25,B2,elementary|intermediate,intermediate|elementary,cambridge_15_21_random_elementary_intermediate,4,19,random,,149.2734375,400.375,169.7734375,450.40625,2,1,,,,,,,,,,,,2026-09-22T23:05:16.927Z,V4EJ4XA7,2026-09-22,2026-09-22,17:05:16,2026-09-22 17:05:16,,,,,,,,69fe3eb696baf5af4617c380,69fe3eb696baf5af4617c380,,,,
3861,raw_position_sample,2,1,ele,9,3,13,14,19, made ,418,168,1112694.3999999985,69fe3eb696baf5af4617c380,69fe3eb696baf5af4617c380,elementary,3,69fe3eb696baf5af4617c380,69fe3eb696baf5af4617c380,spotlight_PROLIFIC,,26,Mexico,Spanish,English,,Spanish:85|English:15,100,Spanish:40|English:60,100,Spanish:90|English:10,100,25,7,Bachelor's,10,10,10,9,9,10,6,14,6,12,TOEFL,96,,,,,20,25,B2,elementary|intermediate,intermediate|elementary,cambridge_15_21_random_elementary_intermediate,4,19,random,,149.2734375,400.375,169.7734375,450.40625,2,1,,,,,,,,,,,,2026-09-22T23:05:16.927Z,V4EJ4XA7,2026-09-22,2026-09-22,17:05:16,2026-09-22 17:05:16,,,,,,,,69fe3eb696baf5af4617c380,69fe3eb696baf5af4617c380,,,,
3910,raw_position_sample,2,1,ele,9,3,13,14,19, made ,431,165,1112743.5,69fe3eb696baf5af4617c380,69fe3eb696baf5af4617c380,elementary,3,69fe3eb696baf5af4617c380,69fe3eb696baf5af4617c380,spotlight_PROLIFIC,,26,Mexico,Spanish,English,,Spanish:85|English:15,100,Spanish:40|English:60,100,Spanish:90|English:10,100,25,7,Bachelor's,10,10,10,9,9,10,6,14,6,12,TOEFL,96,,,,,20,25,B2,elementary|intermediate,intermediate|elementary,cambridge_15_21_random_elementary_intermediate,4,19,random,,149.2734375,400.375,169.7734375,450.40625,2,1,,,,,,,,,,,,2026-09-22T23:05:16.927Z,V4EJ4XA7,2026-09-22,2026-09-22,17:05:16,2026-09-22 17:05:16,,,,,,,,69fe3eb696baf5af4617c380,69fe3eb696baf5af4617c380,,,,
3960,raw_position_sample,2,1,ele,9,3,13,14,19, made ,445,163,1112793.3999999985,69fe3eb696baf5af4617c380,69fe3eb696baf5af4617c380,elementary,3,69fe3eb696baf5af4617c380,69fe3eb696baf5af4617c380,spotlight_PROLIFIC,,26,Mexico,Spanish,English,,Spanish:85|English:15,100,Spanish:40|English:60,100,Spanish:90|English:10,100,25,7,Bachelor's,10,10,10,9,9,10,6,14,6,12,TOEFL,96,,,,,20,25,B2,elementary|intermediate,intermediate|elementary,cambridge_15_21_random_elementary_intermediate,4,19,random,,149.2734375,400.375,169.7734375,450.40625,2,1,,,,,,,,,,,,2026-09-22T23:05:16.927Z,V4EJ4XA7,2026-09-22,2026-09-22,17:05:16,2026-09-22 17:05:16,,,,,,,,69fe3eb696baf5af4617c380,69fe3eb696baf5af4617c380,,,,
3983,hover_association,2,1,ele,9,3,13,14,19, made ,446,158,,69fe3eb696baf5af4617c380,69fe3eb696baf5af4617c380,elementary,3,69fe3eb696baf5af4617c380,69fe3eb696baf5af4617c380,spotlight_PROLIFIC,,26,Mexico,Spanish,English,,Spanish:85|English:15,100,Spanish:40|English:60,100,Spanish:90|English:10,100,25,7,Bachelor's,10,10,10,9,9,10,6,14,6,12,TOEFL,96,,,,,20,25,B2,elementary|intermediate,intermediate|elementary,cambridge_15_21_random_elementary_intermediate,4,19,random,,139.5234375,396.4345703125,179.5234375,450.40625,2,1,hover,372.19999999925494,372.19999999925494,0.9739446686087538,0.5619140625,63,,,,,,2026-09-22T23:05:16.927Z,V4EJ4XA7,2026-09-22,2026-09-22,17:05:16,2026-09-22 17:05:16,,,,,,,,69fe3eb696baf5af4617c380,69fe3eb696baf5af4617c380,,,,
4010,raw_position_sample,2,1,ele,9,3,13,14,20, with ,457,161,1112843.5,69fe3eb696baf5af4617c380,69fe3eb696baf5af4617c380,elementary,3,69fe3eb696baf5af4617c380,69fe3eb696baf5af4617c380,spotlight_PROLIFIC,,26,Mexico,Spanish,English,,Spanish:85|English:15,100,Spanish:40|English:60,100,Spanish:90|English:10,100,25,7,Bachelor's,10,10,10,9,9,10,6,14,6,12,TOEFL,96,,,,,20,25,B2,elementary|intermediate,intermediate|elementary,cambridge_15_21_random_elementary_intermediate,4,19,random,,149.2734375,450.40625,169.7734375,487.421875,2,2,,,,,,,,,,,,2026-09-22T23:05:16.927Z,V4EJ4XA7,2026-09-22,2026-09-22,17:05:16,2026-09-22 17:05:16,,,,,,,,69fe3eb696baf5af4617c380,69fe3eb696baf5af4617c380,,,,
4060,raw_position_sample,2,1,ele,9,3,13,14,20, with ,467,159,1112893.6999999993,69fe3eb696baf5af4617c380,69fe3eb696baf5af4617c380,elementary,3,69fe3eb696baf5af4617c380,69fe3eb696baf5af4617c380,spotlight_PROLIFIC,,26,Mexico,Spanish,English,,Spanish:85|English:15,100,Spanish:40|English:60,100,Spanish:90|English:10,100,25,7,Bachelor's,10,10,10,9,9,10,6,14,6,12,TOEFL,96,,,,,20,25,B2,elementary|intermediate,intermediate|elementary,cambridge_15_21_random_elementary_intermediate,4,19,random,,149.2734375,450.40625,169.7734375,487.421875,2,2,,,,,,,,,,,,2026-09-22T23:05:16.927Z,V4EJ4XA7,2026-09-22,2026-09-22,17:05:16,2026-09-22 17:05:16,,,,,,,,69fe3eb696baf5af4617c380,69fe3eb696baf5af4617c380,,,,
4110,raw_position_sample,2,1,ele,9,3,13,14,20, with ,478,157,1112943.5,69fe3eb696baf5af4617c380,69fe3eb696baf5af4617c380,elementary,3,69fe3eb696baf5af4617c380,69fe3eb696baf5af4617c380,spotlight_PROLIFIC,,26,Mexico,Spanish,English,,Spanish:85|English:15,100,Spanish:40|English:60,100,Spanish:90|English:10,100,25,7,Bachelor's,10,10,10,9,9,10,6,14,6,12,TOEFL,96,,,,,20,25,B2,elementary|intermediate,intermediate|elementary,cambridge_15_21_random_elementary_intermediate,4,19,random,,149.2734375,450.40625,169.7734375,487.421875,2,2,,,,,,,,,,,,2026-09-22T23:05:16.927Z,V4EJ4XA7,2026-09-22,2026-09-22,17:05:16,2026-09-22 17:05:16,,,,,,,,69fe3eb696baf5af4617c380,69fe3eb696baf5af4617c380,,,,
4150,hover_association,2,1,ele,9,3,13,14,20, with ,453,162,,69fe3eb696baf5af4617c380,69fe3eb696baf5af4617c380,elementary,3,69fe3eb696baf5af4617c380,69fe3eb696baf5af4617c380,spotlight_PROLIFIC,,26,Mexico,Spanish,English,,Spanish:85|English:15,100,Spanish:40|English:60,100,Spanish:90|English:10,100,25,7,Bachelor's,10,10,10,9,9,10,6,14,6,12,TOEFL,96,,,,,20,25,B2,elementary|intermediate,intermediate|elementary,cambridge_15_21_random_elementary_intermediate,4,19,random,,139.5234375,450.40625,179.5234375,487.421875,2,2,hover,166.70000000298023,166.70000000298023,0.9345715491768679,0.4119140625,63,,,,,,2026-09-22T23:05:16.927Z,V4EJ4XA7,2026-09-22,2026-09-22,17:05:16,2026-09-22 17:05:16,,,,,,,,69fe3eb696baf5af4617c380,69fe3eb696baf5af4617c380,,,,
4160,raw_position_sample,2,1,ele,9,3,13,14,21, foam ,489,156,1112993.5999999978,69fe3eb696baf5af4617c380,69fe3eb696baf5af4617c380,elementary,3,69fe3eb696baf5af4617c380,69fe3eb696baf5af4617c380,spotlight_PROLIFIC,,26,Mexico,Spanish,English,,Spanish:85|English:15,100,Spanish:40|English:60,100,Spanish:90|English:10,100,25,7,Bachelor's,10,10,10,9,9,10,6,14,6,12,TOEFL,96,,,,,20,25,B2,elementary|intermediate,intermediate|elementary,cambridge_15_21_random_elementary_intermediate,4,19,random,,149.2734375,487.421875,169.7734375,532.4453125,2,3,,,,,,,,,,,,2026-09-22T23:05:16.927Z,V4EJ4XA7,2026-09-22,2026-09-22,17:05:16,2026-09-22 17:05:16,,,,,,,,69fe3eb696baf5af4617c380,69fe3eb696baf5af4617c380,,,,
4210,raw_position_sample,2,1,ele,9,3,13,14,21, foam ,501,156,1113043.5,69fe3eb696baf5af4617c380,69fe3eb696baf5af4617c380,elementary,3,69fe3eb696baf5af4617c380,69fe3eb696baf5af4617c380,spotlight_PROLIFIC,,26,Mexico,Spanish,English,,Spanish:85|English:15,100,Spanish:40|English:60,100,Spanish:90|English:10,100,25,7,Bachelor's,10,10,10,9,9,10,6,14,6,12,TOEFL,96,,,,,20,25,B2,elementary|intermediate,intermediate|elementary,cambridge_15_21_random_elementary_intermediate,4,19,random,,149.2734375,487.421875,169.7734375,532.4453125,2,3,,,,,,,,,,,,2026-09-22T23:05:16.927Z,V4EJ4XA7,2026-09-22,2026-09-22,17:05:16,2026-09-22 17:05:16,,,,,,,,69fe3eb696baf5af4617c380,69fe3eb696baf5af4617c380,,,,
4260,raw_position_sample,2,1,ele,9,3,13,14,21, foam ,516,156,1113093.5999999978,69fe3eb696baf5af4617c380,69fe3eb696baf5af4617c380,elementary,3,69fe3eb696baf5af4617c380,69fe3eb696baf5af4617c380,spotlight_PROLIFIC,,26,Mexico,Spanish,English,,Spanish:85|English:15,100,Spanish:40|English:60,100,Spanish:90|English:10,100,25,7,Bachelor's,10,10,10,9,9,10,6,14,6,12,TOEFL,96,,,,,20,25,B2,elementary|intermediate,intermediate|elementary,cambridge_15_21_random_elementary_intermediate,4,19,random,,149.2734375,487.421875,169.7734375,532.4453125,2,3,,,,,,,,,,,,2026-09-22T23:05:16.927Z,V4EJ4XA7,2026-09-22,2026-09-22,17:05:16,2026-09-22 17:05:16,,,,,,,,69fe3eb696baf5af4617c380,69fe3eb696baf5af4617c380,,,,
4300,hover_association,2,1,ele,9,3,13,14,21, foam ,489,156,,69fe3eb696baf5af4617c380,69fe3eb696baf5af4617c380,elementary,3,69fe3eb696baf5af4617c380,69fe3eb696baf5af4617c380,spotlight_PROLIFIC,,26,Mexico,Spanish,English,,Spanish:85|English:15,100,Spanish:40|English:60,100,Spanish:90|English:10,100,25,7,Bachelor's,10,10,10,9,9,10,6,14,6,12,TOEFL,96,,,,,20,25,B2,elementary|intermediate,intermediate|elementary,cambridge_15_21_random_elementary_intermediate,4,19,random,,139.5234375,487.421875,179.5234375,532.4453125,2,3,hover,150,150,0.8790560471976401,0.4119140625,63,,,,,,2026-09-22T23:05:16.927Z,V4EJ4XA7,2026-09-22,2026-09-22,17:05:16,2026-09-22 17:05:16,,,,,,,,69fe3eb696baf5af4617c380,69fe3eb696baf5af4617c380,,,,
4310,raw_position_sample,2,1,ele,9,3,13,14,22, at ,533,156,1113143.5999999978,69fe3eb696baf5af4617c380,69fe3eb696baf5af4617c380,elementary,3,69fe3eb696baf5af4617c380,69fe3eb696baf5af4617c380,spotlight_PROLIFIC,,26,Mexico,Spanish,English,,Spanish:85|English:15,100,Spanish:40|English:60,100,Spanish:90|English:10,100,25,7,Bachelor's,10,10,10,9,9,10,6,14,6,12,TOEFL,96,,,,,20,25,B2,elementary|intermediate,intermediate|elementary,cambridge_15_21_random_elementary_intermediate,4,19,random,,149.2734375,532.4453125,169.7734375,552.4609375,2,4,,,,,,,,,,,,2026-09-22T23:05:16.927Z,V4EJ4XA7,2026-09-22,2026-09-22,17:05:16,2026-09-22 17:05:16,,,,,,,,69fe3eb696baf5af4617c380,69fe3eb696baf5af4617c380,,,,
4360,raw_position_sample,2,1,ele,9,3,13,14,22, at ,548,158,1113193.5,69fe3eb696baf5af4617c380,69fe3eb696baf5af4617c380,elementary,3,69fe3eb696baf5af4617c380,69fe3eb696baf5af4617c380,spotlight_PROLIFIC,,26,Mexico,Spanish,English,,Spanish:85|English:15,100,Spanish:40|English:60,100,Spanish:90|English:10,100,25,7,Bachelor's,10,10,10,9,9,10,6,14,6,12,TOEFL,96,,,,,20,25,B2,elementary|intermediate,intermediate|elementary,cambridge_15_21_random_elementary_intermediate,4,19,random,,149.2734375,532.4453125,169.7734375,552.4609375,2,4,,,,,,,,,,,,2026-09-22T23:05:16.927Z,V4EJ4XA7,2026-09-22,2026-09-22,17:05:16,2026-09-22 17:05:16,,,,,,,,69fe3eb696baf5af4617c380,69fe3eb696baf5af4617c380,,,,
4366,hover_association,2,1,ele,9,3,13,14,22, at ,533,156,,69fe3eb696baf5af4617c380,69fe3eb696baf5af4617c380,elementary,3,69fe3eb696baf5af4617c380,69fe3eb696baf5af4617c380,spotlight_PROLIFIC,,26,Mexico,Spanish,English,,Spanish:85|English:15,100,Spanish:40|English:60,100,Spanish:90|English:10,100,25,7,Bachelor's,10,10,10,9,9,10,6,14,6,12,TOEFL,96,,,,,20,25,B2,elementary|intermediate,intermediate|elementary,cambridge_15_21_random_elementary_intermediate,4,19,random,,139.5234375,532.4453125,179.5234375,552.4609375,2,4,hover,66.69999999925494,66.69999999925494,0.7771272443403591,0.4619140625,63,,,,,,2026-09-22T23:05:16.927Z,V4EJ4XA7,2026-09-22,2026-09-22,17:05:16,2026-09-22 17:05:16,,,,,,,,69fe3eb696baf5af4617c380,69fe3eb696baf5af4617c380,,,,
4410,raw_position_sample,2,1,ele,9,3,13,14,23, the ,567,160,1113243.5,69fe3eb696baf5af4617c380,69fe3eb696baf5af4617c380,elementary,3,69fe3eb696baf5af4617c380,69fe3eb696baf5af4617c380,spotlight_PROLIFIC,,26,Mexico,Spanish,English,,Spanish:85|English:15,100,Spanish:40|English:60,100,Spanish:90|English:10,100,25,7,Bachelor's,10,10,10,9,9,10,6,14,6,12,TOEFL,96,,,,,20,25,B2,elementary|intermediate,intermediate|elementary,cambridge_15_21_random_elementary_intermediate,4,19,random,,149.2734375,552.4609375,169.7734375,582.484375,2,5,,,,,,,,,,,,2026-09-22T23:05:16.927Z,V4EJ4XA7,2026-09-22,2026-09-22,17:05:16,2026-09-22 17:05:16,,,,,,,,69fe3eb696baf5af4617c380,69fe3eb696baf5af4617c380,,,,
4450,hover_association,2,1,ele,9,3,13,14,23, the ,555,159,,69fe3eb696baf5af4617c380,69fe3eb696baf5af4617c380,elementary,3,69fe3eb696baf5af4617c380,69fe3eb696baf5af4617c380,spotlight_PROLIFIC,,26,Mexico,Spanish,English,,Spanish:85|English:15,100,Spanish:40|English:60,100,Spanish:90|English:10,100,25,7,Bachelor's,10,10,10,9,9,10,6,14,6,12,TOEFL,96,,,,,20,25,B2,elementary|intermediate,intermediate|elementary,cambridge_15_21_random_elementary_intermediate,4,19,random,,139.5234375,552.4609375,179.5234375,582.484375,2,5,hover,83.30000000074506,83.30000000074506,0.8839448347645069,0.5369140625,63,,,,,,2026-09-22T23:05:16.927Z,V4EJ4XA7,2026-09-22,2026-09-22,17:05:16,2026-09-22 17:05:16,,,,,,,,69fe3eb696baf5af4617c380,69fe3eb696baf5af4617c380,,,,
4460,raw_position_sample,2,1,ele,9,3,13,14,24, front ,584,161,1113293.5999999978,69fe3eb696baf5af4617c380,69fe3eb696baf5af4617c380,elementary,3,69fe3eb696baf5af4617c380,69fe3eb696baf5af4617c380,spotlight_PROLIFIC,,26,Mexico,Spanish,English,,Spanish:85|English:15,100,Spanish:40|English:60,100,Spanish:90|English:10,100,25,7,Bachelor's,10,10,10,9,9,10,6,14,6,12,TOEFL,96,,,,,20,25,B2,elementary|intermediate,intermediate|elementary,cambridge_15_21_random_elementary_intermediate,4,19,random,,149.2734375,582.484375,169.7734375,623.5078125,2,6,,,,,,,,,,,,2026-09-22T23:05:16.927Z,V4EJ4XA7,2026-09-22,2026-09-22,17:05:16,2026-09-22 17:05:16,,,,,,,,69fe3eb696baf5af4617c380,69fe3eb696baf5af4617c380,,,,
4510,raw_position_sample,2,1,ele,9,3,13,14,24, front ,601,162,1113343.5,69fe3eb696baf5af4617c380,69fe3eb696baf5af4617c380,elementary,3,69fe3eb696baf5af4617c380,69fe3eb696baf5af4617c380,spotlight_PROLIFIC,,26,Mexico,Spanish,English,,Spanish:85|English:15,100,Spanish:40|English:60,100,Spanish:90|English:10,100,25,7,Bachelor's,10,10,10,9,9,10,6,14,6,12,TOEFL,96,,,,,20,25,B2,elementary|intermediate,intermediate|elementary,cambridge_15_21_random_elementary_intermediate,4,19,random,,149.2734375,582.484375,169.7734375,623.5078125,2,6,,,,,,,,,,,,2026-09-22T23:05:16.927Z,V4EJ4XA7,2026-09-22,2026-09-22,17:05:16,2026-09-22 17:05:16,,,,,,,,69fe3eb696baf5af4617c380,69fe3eb696baf5af4617c380,,,,
4560,raw_position_sample,2,1,ele,9,3,13,14,24, front ,613,164,1113393.5,69fe3eb696baf5af4617c380,69fe3eb696baf5af4617c380,elementary,3,69fe3eb696baf5af4617c380,69fe3eb696baf5af4617c380,spotlight_PROLIFIC,,26,Mexico,Spanish,English,,Spanish:85|English:15,100,Spanish:40|English:60,100,Spanish:90|English:10,100,25,7,Bachelor's,10,10,10,9,9,10,6,14,6,12,TOEFL,96,,,,,20,25,B2,elementary|intermediate,intermediate|elementary,cambridge_15_21_random_elementary_intermediate,4,19,random,,149.2734375,582.484375,169.7734375,623.5078125,2,6,,,,,,,,,,,,2026-09-22T23:05:16.927Z,V4EJ4XA7,2026-09-22,2026-09-22,17:05:16,2026-09-22 17:05:16,,,,,,,,69fe3eb696baf5af4617c380,69fe3eb696baf5af4617c380,,,,
4611,raw_position_sample,2,1,ele,9,3,13,14,24, front ,613,164,1113444.299999997,69fe3eb696baf5af4617c380,69fe3eb696baf5af4617c380,elementary,3,69fe3eb696baf5af4617c380,69fe3eb696baf5af4617c380,spotlight_PROLIFIC,,26,Mexico,Spanish,English,,Spanish:85|English:15,100,Spanish:40|English:60,100,Spanish:90|English:10,100,25,7,Bachelor's,10,10,10,9,9,10,6,14,6,12,TOEFL,96,,,,,20,25,B2,elementary|intermediate,intermediate|elementary,cambridge_15_21_random_elementary_intermediate,4,19,random,,149.2734375,582.484375,169.7734375,623.5078125,2,6,,,,,,,,,,,,2026-09-22T23:05:16.927Z,V4EJ4XA7,2026-09-22,2026-09-22,17:05:16,2026-09-22 17:05:16,,,,,,,,69fe3eb696baf5af4617c380,69fe3eb696baf5af4617c380,,,,
4661,raw_position_sample,2,1,ele,9,3,13,14,24, front ,613,164,1113494.6999999993,69fe3eb696baf5af4617c380,69fe3eb696baf5af4617c380,elementary,3,69fe3eb696baf5af4617c380,69fe3eb696baf5af4617c380,spotlight_PROLIFIC,,26,Mexico,Spanish,English,,Spanish:85|English:15,100,Spanish:40|English:60,100,Spanish:90|English:10,100,25,7,Bachelor's,10,10,10,9,9,10,6,14,6,12,TOEFL,96,,,,,20,25,B2,elementary|intermediate,intermediate|elementary,cambridge_15_21_random_elementary_intermediate,4,19,random,,149.2734375,582.484375,169.7734375,623.5078125,2,6,,,,,,,,,,,,2026-09-22T23:05:16.927Z,V4EJ4XA7,2026-09-22,2026-09-22,17:05:16,2026-09-22 17:05:16,,,,,,,,69fe3eb696baf5af4617c380,69fe3eb696baf5af4617c380,,,,
4711,raw_position_sample,2,1,ele,9,3,13,14,24, front ,613,164,1113544.0999999978,69fe3eb696baf5af4617c380,69fe3eb696baf5af4617c380,elementary,3,69fe3eb696baf5af4617c380,69fe3eb696baf5af4617c380,spotlight_PROLIFIC,,26,Mexico,Spanish,English,,Spanish:85|English:15,100,Spanish:40|English:60,100,Spanish:90|English:10,100,25,7,Bachelor's,10,10,10,9,9,10,6,14,6,12,TOEFL,96,,,,,20,25,B2,elementary|intermediate,intermediate|elementary,cambridge_15_21_random_elementary_intermediate,4,19,random,,149.2734375,582.484375,169.7734375,623.5078125,2,6,,,,,,,,,,,,2026-09-22T23:05:16.927Z,V4EJ4XA7,2026-09-22,2026-09-22,17:05:16,2026-09-22 17:05:16,,,,,,,,69fe3eb696baf5af4617c380,69fe3eb696baf5af4617c380,,,,
4761,raw_position_sample,2,1,ele,9,3,13,14,24, front ,613,164,1113594.5,69fe3eb696baf5af4617c380,69fe3eb696baf5af4617c380,elementary,3,69fe3eb696baf5af4617c380,69fe3eb696baf5af4617c380,spotlight_PROLIFIC,,26,Mexico,Spanish,English,,Spanish:85|English:15,100,Spanish:40|English:60,100,Spanish:90|English:10,100,25,7,Bachelor's,10,10,10,9,9,10,6,14,6,12,TOEFL,96,,,,,20,25,B2,elementary|intermediate,intermediate|elementary,cambridge_15_21_random_elementary_intermediate,4,19,random,,149.2734375,582.484375,169.7734375,623.5078125,2,6,,,,,,,,,,,,2026-09-22T23:05:16.927Z,V4EJ4XA7,2026-09-22,2026-09-22,17:05:16,2026-09-22 17:05:16,,,,,,,,69fe3eb696baf5af4617c380,69fe3eb696baf5af4617c380,,,,
4811,raw_position_sample,2,1,ele,9,3,13,14,24, front ,613,164,1113644,69fe3eb696baf5af4617c380,69fe3eb696baf5af4617c380,elementary,3,69fe3eb696baf5af4617c380,69fe3eb696baf5af4617c380,spotlight_PROLIFIC,,26,Mexico,Spanish,English,,Spanish:85|English:15,100,Spanish:40|English:60,100,Spanish:90|English:10,100,25,7,Bachelor's,10,10,10,9,9,10,6,14,6,12,TOEFL,96,,,,,20,25,B2,elementary|intermediate,intermediate|elementary,cambridge_15_21_random_elementary_intermediate,4,19,random,,149.2734375,582.484375,169.7734375,623.5078125,2,6,,,,,,,,,,,,2026-09-22T23:05:16.927Z,V4EJ4XA7,2026-09-22,2026-09-22,17:05:16,2026-09-22 17:05:16,,,,,,,,69fe3eb696baf5af4617c380,69fe3eb696baf5af4617c380,,,,
4861,raw_position_sample,2,1,ele,9,3,13,14,24, front ,615,164,1113693.799999997,69fe3eb696baf5af4617c380,69fe3eb696baf5af4617c380,elementary,3,69fe3eb696baf5af4617c380,69fe3eb696baf5af4617c380,spotlight_PROLIFIC,,26,Mexico,Spanish,English,,Spanish:85|English:15,100,Spanish:40|English:60,100,Spanish:90|English:10,100,25,7,Bachelor's,10,10,10,9,9,10,6,14,6,12,TOEFL,96,,,,,20,25,B2,elementary|intermediate,intermediate|elementary,cambridge_15_21_random_elementary_intermediate,4,19,random,,149.2734375,582.484375,169.7734375,623.5078125,2,6,,,,,,,,,,,,2026-09-22T23:05:16.927Z,V4EJ4XA7,2026-09-22,2026-09-22,17:05:16,2026-09-22 17:05:16,,,,,,,,69fe3eb696baf5af4617c380,69fe3eb696baf5af4617c380,,,,
4877,hover_association,2,1,ele,9,3,13,14,24, front ,584,161,,69fe3eb696baf5af4617c380,69fe3eb696baf5af4617c380,elementary,3,69fe3eb696baf5af4617c380,69fe3eb696baf5af4617c380,spotlight_PROLIFIC,,26,Mexico,Spanish,English,,Spanish:85|English:15,100,Spanish:40|English:60,100,Spanish:90|English:10,100,25,7,Bachelor's,10,10,10,9,9,10,6,14,6,12,TOEFL,96,,,,,20,25,B2,elementary|intermediate,intermediate|elementary,cambridge_15_21_random_elementary_intermediate,4,19,random,,139.5234375,582.484375,179.5234375,623.5078125,2,6,hover,427.69999999925494,427.69999999925494,0.9632450961721577,0.6119140625,63,,,,,,2026-09-22T23:05:16.927Z,V4EJ4XA7,2026-09-22,2026-09-22,17:05:16,2026-09-22 17:05:16,,,,,,,,69fe3eb696baf5af4617c380,69fe3eb696baf5af4617c380,,,,
4910,raw_position_sample,2,1,ele,9,3,13,14,25, and ,638,164,1113743.3999999985,69fe3eb696baf5af4617c380,69fe3eb696baf5af4617c380,elementary,3,69fe3eb696baf5af4617c380,69fe3eb696baf5af4617c380,spotlight_PROLIFIC,,26,Mexico,Spanish,English,,Spanish:85|English:15,100,Spanish:40|English:60,100,Spanish:90|English:10,100,25,7,Bachelor's,10,10,10,9,9,10,6,14,6,12,TOEFL,96,,,,,20,25,B2,elementary|intermediate,intermediate|elementary,cambridge_15_21_random_elementary_intermediate,4,19,random,,149.2734375,623.5078125,169.7734375,658.546875,2,7,,,,,,,,,,,,2026-09-22T23:05:16.927Z,V4EJ4XA7,2026-09-22,2026-09-22,17:05:16,2026-09-22 17:05:16,,,,,,,,69fe3eb696baf5af4617c380,69fe3eb696baf5af4617c380,,,,
4928,hover_association,2,1,ele,9,3,13,14,25, and ,629,164,,69fe3eb696baf5af4617c380,69fe3eb696baf5af4617c380,elementary,3,69fe3eb696baf5af4617c380,69fe3eb696baf5af4617c380,spotlight_PROLIFIC,,26,Mexico,Spanish,English,,Spanish:85|English:15,100,Spanish:40|English:60,100,Spanish:90|English:10,100,25,7,Bachelor's,10,10,10,9,9,10,6,14,6,12,TOEFL,96,,,,,20,25,B2,elementary|intermediate,intermediate|elementary,cambridge_15_21_random_elementary_intermediate,4,19,random,,139.5234375,623.5078125,179.5234375,658.546875,2,7,hover,50.19999999925494,50.19999999925494,0.7560758082497213,0.6119140625,63,,,,,,2026-09-22T23:05:16.927Z,V4EJ4XA7,2026-09-22,2026-09-22,17:05:16,2026-09-22 17:05:16,,,,,,,,69fe3eb696baf5af4617c380,69fe3eb696baf5af4617c380,,,,
4960,raw_position_sample,2,1,ele,9,3,13,14,26, a ,671,166,1113793.6999999993,69fe3eb696baf5af4617c380,69fe3eb696baf5af4617c380,elementary,3,69fe3eb696baf5af4617c380,69fe3eb696baf5af4617c380,spotlight_PROLIFIC,,26,Mexico,Spanish,English,,Spanish:85|English:15,100,Spanish:40|English:60,100,Spanish:90|English:10,100,25,7,Bachelor's,10,10,10,9,9,10,6,14,6,12,TOEFL,96,,,,,20,25,B2,elementary|intermediate,intermediate|elementary,cambridge_15_21_random_elementary_intermediate,4,19,random,,149.2734375,658.546875,169.7734375,673.5625,2,8,,,,,,,,,,,,2026-09-22T23:05:16.927Z,V4EJ4XA7,2026-09-22,2026-09-22,17:05:16,2026-09-22 17:05:16,,,,,,,,69fe3eb696baf5af4617c380,69fe3eb696baf5af4617c380,,,,
4961,hover_association,2,1,ele,9,3,13,14,26, a ,661,165,,69fe3eb696baf5af4617c380,69fe3eb696baf5af4617c380,elementary,3,69fe3eb696baf5af4617c380,69fe3eb696baf5af4617c380,spotlight_PROLIFIC,,26,Mexico,Spanish,English,,Spanish:85|English:15,100,Spanish:40|English:60,100,Spanish:90|English:10,100,25,7,Bachelor's,10,10,10,9,9,10,6,14,6,12,TOEFL,96,,,,,20,25,B2,elementary|intermediate,intermediate|elementary,cambridge_15_21_random_elementary_intermediate,4,19,random,,139.5234375,658.546875,179.5234375,673.5625,2,8,hover,33.5,33.5,0.8293444328824141,0.6619140625,63,,,,,,2026-09-22T23:05:16.927Z,V4EJ4XA7,2026-09-22,2026-09-22,17:05:16,2026-09-22 17:05:16,,,,,,,,69fe3eb696baf5af4617c380,69fe3eb696baf5af4617c380,,,,
5011,raw_position_sample,2,1,ele,9,3,13,14,27, plastic ,688,168,1113844.5,69fe3eb696baf5af4617c380,69fe3eb696baf5af4617c380,elementary,3,69fe3eb696baf5af4617c380,69fe3eb696baf5af4617c380,spotlight_PROLIFIC,,26,Mexico,Spanish,English,,Spanish:85|English:15,100,Spanish:40|English:60,100,Spanish:90|English:10,100,25,7,Bachelor's,10,10,10,9,9,10,6,14,6,12,TOEFL,96,,,,,20,25,B2,elementary|intermediate,intermediate|elementary,cambridge_15_21_random_elementary_intermediate,4,19,random,,149.2734375,673.5625,169.7734375,729.5859375,2,9,,,,,,,,,,,,2026-09-22T23:05:16.927Z,V4EJ4XA7,2026-09-22,2026-09-22,17:05:16,2026-09-22 17:05:16,,,,,,,,69fe3eb696baf5af4617c380,69fe3eb696baf5af4617c380,,,,
5061,raw_position_sample,2,1,ele,9,3,13,14,27, plastic ,694,168,1113894.0999999978,69fe3eb696baf5af4617c380,69fe3eb696baf5af4617c380,elementary,3,69fe3eb696baf5af4617c380,69fe3eb696baf5af4617c380,spotlight_PROLIFIC,,26,Mexico,Spanish,English,,Spanish:85|English:15,100,Spanish:40|English:60,100,Spanish:90|English:10,100,25,7,Bachelor's,10,10,10,9,9,10,6,14,6,12,TOEFL,96,,,,,20,25,B2,elementary|intermediate,intermediate|elementary,cambridge_15_21_random_elementary_intermediate,4,19,random,,149.2734375,673.5625,169.7734375,729.5859375,2,9,,,,,,,,,,,,2026-09-22T23:05:16.927Z,V4EJ4XA7,2026-09-22,2026-09-22,17:05:16,2026-09-22 17:05:16,,,,,,,,69fe3eb696baf5af4617c380,69fe3eb696baf5af4617c380,,,,
5111,raw_position_sample,2,1,ele,9,3,13,14,27, plastic ,701,167,1113944.0999999978,69fe3eb696baf5af4617c380,69fe3eb696baf5af4617c380,elementary,3,69fe3eb696baf5af4617c380,69fe3eb696baf5af4617c380,spotlight_PROLIFIC,,26,Mexico,Spanish,English,,Spanish:85|English:15,100,Spanish:40|English:60,100,Spanish:90|English:10,100,25,7,Bachelor's,10,10,10,9,9,10,6,14,6,12,TOEFL,96,,,,,20,25,B2,elementary|intermediate,intermediate|elementary,cambridge_15_21_random_elementary_intermediate,4,19,random,,149.2734375,673.5625,169.7734375,729.5859375,2,9,,,,,,,,,,,,2026-09-22T23:05:16.927Z,V4EJ4XA7,2026-09-22,2026-09-22,17:05:16,2026-09-22 17:05:16,,,,,,,,69fe3eb696baf5af4617c380,69fe3eb696baf5af4617c380,,,,
5161,raw_position_sample,2,1,ele,9,3,13,14,27, plastic ,713,167,1113993.8999999985,69fe3eb696baf5af4617c380,69fe3eb696baf5af4617c380,elementary,3,69fe3eb696baf5af4617c380,69fe3eb696baf5af4617c380,spotlight_PROLIFIC,,26,Mexico,Spanish,English,,Spanish:85|English:15,100,Spanish:40|English:60,100,Spanish:90|English:10,100,25,7,Bachelor's,10,10,10,9,9,10,6,14,6,12,TOEFL,96,,,,,20,25,B2,elementary|intermediate,intermediate|elementary,cambridge_15_21_random_elementary_intermediate,4,19,random,,149.2734375,673.5625,169.7734375,729.5859375,2,9,,,,,,,,,,,,2026-09-22T23:05:16.927Z,V4EJ4XA7,2026-09-22,2026-09-22,17:05:16,2026-09-22 17:05:16,,,,,,,,69fe3eb696baf5af4617c380,69fe3eb696baf5af4617c380,,,,
5194,hover_association,2,1,ele,9,3,13,14,27, plastic ,676,167,,69fe3eb696baf5af4617c380,69fe3eb696baf5af4617c380,elementary,3,69fe3eb696baf5af4617c380,69fe3eb696baf5af4617c380,spotlight_PROLIFIC,,26,Mexico,Spanish,English,,Spanish:85|English:15,100,Spanish:40|English:60,100,Spanish:90|English:10,100,25,7,Bachelor's,10,10,10,9,9,10,6,14,6,12,TOEFL,96,,,,,20,25,B2,elementary|intermediate,intermediate|elementary,cambridge_15_21_random_elementary_intermediate,4,19,random,,139.5234375,673.5625,179.5234375,729.5859375,2,9,hover,233,233,0.900292846186027,0.6619140625,63,,,,,,2026-09-22T23:05:16.927Z,V4EJ4XA7,2026-09-22,2026-09-22,17:05:16,2026-09-22 17:05:16,,,,,,,,69fe3eb696baf5af4617c380,69fe3eb696baf5af4617c380,,,,
5211,raw_position_sample,2,1,ele,9,3,13,14,28," windscreen, ",730,166,1114044.299999997,69fe3eb696baf5af4617c380,69fe3eb696baf5af4617c380,elementary,3,69fe3eb696baf5af4617c380,69fe3eb696baf5af4617c380,spotlight_PROLIFIC,,26,Mexico,Spanish,English,,Spanish:85|English:15,100,Spanish:40|English:60,100,Spanish:90|English:10,100,25,7,Bachelor's,10,10,10,9,9,10,6,14,6,12,TOEFL,96,,,,,20,25,B2,elementary|intermediate,intermediate|elementary,cambridge_15_21_random_elementary_intermediate,4,19,random,,149.2734375,729.5859375,169.7734375,830.640625,2,10,,,,,,,,,,,,2026-09-22T23:05:16.927Z,V4EJ4XA7,2026-09-22,2026-09-22,17:05:16,2026-09-22 17:05:16,,,,,,,,69fe3eb696baf5af4617c380,69fe3eb696baf5af4617c380,,,,
5261,raw_position_sample,2,1,ele,9,3,13,14,28," windscreen, ",749,164,1114094.299999997,69fe3eb696baf5af4617c380,69fe3eb696baf5af4617c380,elementary,3,69fe3eb696baf5af4617c380,69fe3eb696baf5af4617c380,spotlight_PROLIFIC,,26,Mexico,Spanish,English,,Spanish:85|English:15,100,Spanish:40|English:60,100,Spanish:90|English:10,100,25,7,Bachelor's,10,10,10,9,9,10,6,14,6,12,TOEFL,96,,,,,20,25,B2,elementary|intermediate,intermediate|elementary,cambridge_15_21_random_elementary_intermediate,4,19,random,,149.2734375,729.5859375,169.7734375,830.640625,2,10,,,,,,,,,,,,2026-09-22T23:05:16.927Z,V4EJ4XA7,2026-09-22,2026-09-22,17:05:16,2026-09-22 17:05:16,,,,,,,,69fe3eb696baf5af4617c380,69fe3eb696baf5af4617c380,,,,
5311,raw_position_sample,2,1,ele,9,3,13,14,28," windscreen, ",770,161,1114144,69fe3eb696baf5af4617c380,69fe3eb696baf5af4617c380,elementary,3,69fe3eb696baf5af4617c380,69fe3eb696baf5af4617c380,spotlight_PROLIFIC,,26,Mexico,Spanish,English,,Spanish:85|English:15,100,Spanish:40|English:60,100,Spanish:90|English:10,100,25,7,Bachelor's,10,10,10,9,9,10,6,14,6,12,TOEFL,96,,,,,20,25,B2,elementary|intermediate,intermediate|elementary,cambridge_15_21_random_elementary_intermediate,4,19,random,,149.2734375,729.5859375,169.7734375,830.640625,2,10,,,,,,,,,,,,2026-09-22T23:05:16.927Z,V4EJ4XA7,2026-09-22,2026-09-22,17:05:16,2026-09-22 17:05:16,,,,,,,,69fe3eb696baf5af4617c380,69fe3eb696baf5af4617c380,,,,
5360,raw_position_sample,2,1,ele,9,3,13,14,28," windscreen, ",790,158,1114193.5999999978,69fe3eb696baf5af4617c380,69fe3eb696baf5af4617c380,elementary,3,69fe3eb696baf5af4617c380,69fe3eb696baf5af4617c380,spotlight_PROLIFIC,,26,Mexico,Spanish,English,,Spanish:85|English:15,100,Spanish:40|English:60,100,Spanish:90|English:10,100,25,7,Bachelor's,10,10,10,9,9,10,6,14,6,12,TOEFL,96,,,,,20,25,B2,elementary|intermediate,intermediate|elementary,cambridge_15_21_random_elementary_intermediate,4,19,random,,149.2734375,729.5859375,169.7734375,830.640625,2,10,,,,,,,,,,,,2026-09-22T23:05:16.927Z,V4EJ4XA7,2026-09-22,2026-09-22,17:05:16,2026-09-22 17:05:16,,,,,,,,69fe3eb696baf5af4617c380,69fe3eb696baf5af4617c380,,,,
5411,raw_position_sample,2,1,ele,9,3,13,14,28," windscreen, ",808,158,1114244.1999999993,69fe3eb696baf5af4617c380,69fe3eb696baf5af4617c380,elementary,3,69fe3eb696baf5af4617c380,69fe3eb696baf5af4617c380,spotlight_PROLIFIC,,26,Mexico,Spanish,English,,Spanish:85|English:15,100,Spanish:40|English:60,100,Spanish:90|English:10,100,25,7,Bachelor's,10,10,10,9,9,10,6,14,6,12,TOEFL,96,,,,,20,25,B2,elementary|intermediate,intermediate|elementary,cambridge_15_21_random_elementary_intermediate,4,19,random,,149.2734375,729.5859375,169.7734375,830.640625,2,10,,,,,,,,,,,,2026-09-22T23:05:16.927Z,V4EJ4XA7,2026-09-22,2026-09-22,17:05:16,2026-09-22 17:05:16,,,,,,,,69fe3eb696baf5af4617c380,69fe3eb696baf5af4617c380,,,,
5461,raw_position_sample,2,1,ele,9,3,13,14,28," windscreen, ",824,158,1114293.8999999985,69fe3eb696baf5af4617c380,69fe3eb696baf5af4617c380,elementary,3,69fe3eb696baf5af4617c380,69fe3eb696baf5af4617c380,spotlight_PROLIFIC,,26,Mexico,Spanish,English,,Spanish:85|English:15,100,Spanish:40|English:60,100,Spanish:90|English:10,100,25,7,Bachelor's,10,10,10,9,9,10,6,14,6,12,TOEFL,96,,,,,20,25,B2,elementary|intermediate,intermediate|elementary,cambridge_15_21_random_elementary_intermediate,4,19,random,,149.2734375,729.5859375,169.7734375,830.640625,2,10,,,,,,,,,,,,2026-09-22T23:05:16.927Z,V4EJ4XA7,2026-09-22,2026-09-22,17:05:16,2026-09-22 17:05:16,,,,,,,,69fe3eb696baf5af4617c380,69fe3eb696baf5af4617c380,,,,
5511,raw_position_sample,2,1,ele,9,3,13,14,28," windscreen, ",830,158,1114344,69fe3eb696baf5af4617c380,69fe3eb696baf5af4617c380,elementary,3,69fe3eb696baf5af4617c380,69fe3eb696baf5af4617c380,spotlight_PROLIFIC,,26,Mexico,Spanish,English,,Spanish:85|English:15,100,Spanish:40|English:60,100,Spanish:90|English:10,100,25,7,Bachelor's,10,10,10,9,9,10,6,14,6,12,TOEFL,96,,,,,20,25,B2,elementary|intermediate,intermediate|elementary,cambridge_15_21_random_elementary_intermediate,4,19,random,,149.2734375,729.5859375,169.7734375,830.640625,2,10,,,,,,,,,,,,2026-09-22T23:05:16.927Z,V4EJ4XA7,2026-09-22,2026-09-22,17:05:16,2026-09-22 17:05:16,,,,,,,,69fe3eb696baf5af4617c380,69fe3eb696baf5af4617c380,,,,
5561,raw_position_sample,2,1,ele,9,3,13,14,28," windscreen, ",830,158,1114394.799999997,69fe3eb696baf5af4617c380,69fe3eb696baf5af4617c380,elementary,3,69fe3eb696baf5af4617c380,69fe3eb696baf5af4617c380,spotlight_PROLIFIC,,26,Mexico,Spanish,English,,Spanish:85|English:15,100,Spanish:40|English:60,100,Spanish:90|English:10,100,25,7,Bachelor's,10,10,10,9,9,10,6,14,6,12,TOEFL,96,,,,,20,25,B2,elementary|intermediate,intermediate|elementary,cambridge_15_21_random_elementary_intermediate,4,19,random,,149.2734375,729.5859375,169.7734375,830.640625,2,10,,,,,,,,,,,,2026-09-22T23:05:16.927Z,V4EJ4XA7,2026-09-22,2026-09-22,17:05:16,2026-09-22 17:05:16,,,,,,,,69fe3eb696baf5af4617c380,69fe3eb696baf5af4617c380,,,,
5611,raw_position_sample,2,1,ele,9,3,13,14,28," windscreen, ",830,158,1114444.5999999978,69fe3eb696baf5af4617c380,69fe3eb696baf5af4617c380,elementary,3,69fe3eb696baf5af4617c380,69fe3eb696baf5af4617c380,spotlight_PROLIFIC,,26,Mexico,Spanish,English,,Spanish:85|English:15,100,Spanish:40|English:60,100,Spanish:90|English:10,100,25,7,Bachelor's,10,10,10,9,9,10,6,14,6,12,TOEFL,96,,,,,20,25,B2,elementary|intermediate,intermediate|elementary,cambridge_15_21_random_elementary_intermediate,4,19,random,,149.2734375,729.5859375,169.7734375,830.640625,2,10,,,,,,,,,,,,2026-09-22T23:05:16.927Z,V4EJ4XA7,2026-09-22,2026-09-22,17:05:16,2026-09-22 17:05:16,,,,,,,,69fe3eb696baf5af4617c380,69fe3eb696baf5af4617c380,,,,
5661,raw_position_sample,2,1,ele,9,3,13,14,28," windscreen, ",830,158,1114494.299999997,69fe3eb696baf5af4617c380,69fe3eb696baf5af4617c380,elementary,3,69fe3eb696baf5af4617c380,69fe3eb696baf5af4617c380,spotlight_PROLIFIC,,26,Mexico,Spanish,English,,Spanish:85|English:15,100,Spanish:40|English:60,100,Spanish:90|English:10,100,25,7,Bachelor's,10,10,10,9,9,10,6,14,6,12,TOEFL,96,,,,,20,25,B2,elementary|intermediate,intermediate|elementary,cambridge_15_21_random_elementary_intermediate,4,19,random,,149.2734375,729.5859375,169.7734375,830.640625,2,10,,,,,,,,,,,,2026-09-22T23:05:16.927Z,V4EJ4XA7,2026-09-22,2026-09-22,17:05:16,2026-09-22 17:05:16,,,,,,,,69fe3eb696baf5af4617c380,69fe3eb696baf5af4617c380,,,,
5711,raw_position_sample,2,1,ele,9,3,13,14,28," windscreen, ",830,158,1114544.1999999993,69fe3eb696baf5af4617c380,69fe3eb696baf5af4617c380,elementary,3,69fe3eb696baf5af4617c380,69fe3eb696baf5af4617c380,spotlight_PROLIFIC,,26,Mexico,Spanish,English,,Spanish:85|English:15,100,Spanish:40|English:60,100,Spanish:90|English:10,100,25,7,Bachelor's,10,10,10,9,9,10,6,14,6,12,TOEFL,96,,,,,20,25,B2,elementary|intermediate,intermediate|elementary,cambridge_15_21_random_elementary_intermediate,4,19,random,,149.2734375,729.5859375,169.7734375,830.640625,2,10,,,,,,,,,,,,2026-09-22T23:05:16.927Z,V4EJ4XA7,2026-09-22,2026-09-22,17:05:16,2026-09-22 17:05:16,,,,,,,,69fe3eb696baf5af4617c380,69fe3eb696baf5af4617c380,,,,
5734,hover_association,2,1,ele,9,3,13,14,28," windscreen, ",730,166,,69fe3eb696baf5af4617c380,69fe3eb696baf5af4617c380,elementary,3,69fe3eb696baf5af4617c380,69fe3eb696baf5af4617c380,spotlight_PROLIFIC,,26,Mexico,Spanish,English,,Spanish:85|English:15,100,Spanish:40|English:60,100,Spanish:90|English:10,100,25,7,Bachelor's,10,10,10,9,9,10,6,14,6,12,TOEFL,96,,,,,20,25,B2,elementary|intermediate,intermediate|elementary,cambridge_15_21_random_elementary_intermediate,4,19,random,,139.5234375,729.5859375,179.5234375,830.640625,2,10,hover,539.3999999985099,539.3999999985099,0.9936606107460378,0.4619140625,63,,,,,,2026-09-22T23:05:16.927Z,V4EJ4XA7,2026-09-22,2026-09-22,17:05:16,2026-09-22 17:05:16,,,,,,,,69fe3eb696baf5af4617c380,69fe3eb696baf5af4617c380,,,,
5761,raw_position_sample,2,1,ele,9,3,13,14,29, so ,836,158,1114594.299999997,69fe3eb696baf5af4617c380,69fe3eb696baf5af4617c380,elementary,3,69fe3eb696baf5af4617c380,69fe3eb696baf5af4617c380,spotlight_PROLIFIC,,26,Mexico,Spanish,English,,Spanish:85|English:15,100,Spanish:40|English:60,100,Spanish:90|English:10,100,25,7,Bachelor's,10,10,10,9,9,10,6,14,6,12,TOEFL,96,,,,,20,25,B2,elementary|intermediate,intermediate|elementary,cambridge_15_21_random_elementary_intermediate,4,19,random,,149.2734375,830.640625,169.7734375,854.65625,2,11,,,,,,,,,,,,2026-09-22T23:05:16.927Z,V4EJ4XA7,2026-09-22,2026-09-22,17:05:16,2026-09-22 17:05:16,,,,,,,,69fe3eb696baf5af4617c380,69fe3eb696baf5af4617c380,,,,
5783,hover_association,2,1,ele,9,3,13,14,29, so ,833,158,,69fe3eb696baf5af4617c380,69fe3eb696baf5af4617c380,elementary,3,69fe3eb696baf5af4617c380,69fe3eb696baf5af4617c380,spotlight_PROLIFIC,,26,Mexico,Spanish,English,,Spanish:85|English:15,100,Spanish:40|English:60,100,Spanish:90|English:10,100,25,7,Bachelor's,10,10,10,9,9,10,6,14,6,12,TOEFL,96,,,,,20,25,B2,elementary|intermediate,intermediate|elementary,cambridge_15_21_random_elementary_intermediate,4,19,random,,139.5234375,830.640625,179.5234375,854.65625,2,11,hover,49.600000001490116,49.600000001490116,0.9726740403383214,0.4369140625,63,,,,,,2026-09-22T23:05:16.927Z,V4EJ4XA7,2026-09-22,2026-09-22,17:05:16,2026-09-22 17:05:16,,,,,,,,69fe3eb696baf5af4617c380,69fe3eb696baf5af4617c380,,,,
5800,hover_association,2,1,ele,9,3,13,14,30, “it ,874,156,,69fe3eb696baf5af4617c380,69fe3eb696baf5af4617c380,elementary,3,69fe3eb696baf5af4617c380,69fe3eb696baf5af4617c380,spotlight_PROLIFIC,,26,Mexico,Spanish,English,,Spanish:85|English:15,100,Spanish:40|English:60,100,Spanish:90|English:10,100,25,7,Bachelor's,10,10,10,9,9,10,6,14,6,12,TOEFL,96,,,,,20,25,B2,elementary|intermediate,intermediate|elementary,cambridge_15_21_random_elementary_intermediate,4,19,random,,139.5234375,854.65625,179.5234375,874.65625,2,12,hover,16.600000001490116,16.600000001490116,0.9671875,0.4119140625,63,,,,,,2026-09-22T23:05:16.927Z,V4EJ4XA7,2026-09-22,2026-09-22,17:05:16,2026-09-22 17:05:16,,,,,,,,69fe3eb696baf5af4617c380,69fe3eb696baf5af4617c380,,,,
5810,raw_position_sample,2,1,ele,9,3,13,14,31, should ,889,156,1114643.5999999978,69fe3eb696baf5af4617c380,69fe3eb696baf5af4617c380,elementary,3,69fe3eb696baf5af4617c380,69fe3eb696baf5af4617c380,spotlight_PROLIFIC,,26,Mexico,Spanish,English,,Spanish:85|English:15,100,Spanish:40|English:60,100,Spanish:90|English:10,100,25,7,Bachelor's,10,10,10,9,9,10,6,14,6,12,TOEFL,96,,,,,20,25,B2,elementary|intermediate,intermediate|elementary,cambridge_15_21_random_elementary_intermediate,4,19,random,,149.2734375,874.65625,169.7734375,932.703125,2,13,,,,,,,,,,,,2026-09-22T23:05:16.927Z,V4EJ4XA7,2026-09-22,2026-09-22,17:05:16,2026-09-22 17:05:16,,,,,,,,69fe3eb696baf5af4617c380,69fe3eb696baf5af4617c380,,,,
5850,hover_association,2,1,ele,9,3,13,14,31, should ,889,156,,69fe3eb696baf5af4617c380,69fe3eb696baf5af4617c380,elementary,3,69fe3eb696baf5af4617c380,69fe3eb696baf5af4617c380,spotlight_PROLIFIC,,26,Mexico,Spanish,English,,Spanish:85|English:15,100,Spanish:40|English:60,100,Spanish:90|English:10,100,25,7,Bachelor's,10,10,10,9,9,10,6,14,6,12,TOEFL,96,,,,,20,25,B2,elementary|intermediate,intermediate|elementary,cambridge_15_21_random_elementary_intermediate,4,19,random,,139.5234375,874.65625,179.5234375,932.703125,2,13,hover,50,50,0.8500672947510094,0.3619140625,63,,,,,,2026-09-22T23:05:16.927Z,V4EJ4XA7,2026-09-22,2026-09-22,17:05:16,2026-09-22 17:05:16,,,,,,,,69fe3eb696baf5af4617c380,69fe3eb696baf5af4617c380,,,,
5860,raw_position_sample,2,1,ele,9,3,13,14,32, be ,937,153,1114693.6999999993,69fe3eb696baf5af4617c380,69fe3eb696baf5af4617c380,elementary,3,69fe3eb696baf5af4617c380,69fe3eb696baf5af4617c380,spotlight_PROLIFIC,,26,Mexico,Spanish,English,,Spanish:85|English:15,100,Spanish:40|English:60,100,Spanish:90|English:10,100,25,7,Bachelor's,10,10,10,9,9,10,6,14,6,12,TOEFL,96,,,,,20,25,B2,elementary|intermediate,intermediate|elementary,cambridge_15_21_random_elementary_intermediate,4,19,random,,149.2734375,932.703125,169.7734375,957.7265625,2,14,,,,,,,,,,,,2026-09-22T23:05:16.927Z,V4EJ4XA7,2026-09-22,2026-09-22,17:05:16,2026-09-22 17:05:16,,,,,,,,69fe3eb696baf5af4617c380,69fe3eb696baf5af4617c380,,,,
5901,hover_association,2,1,ele,9,3,13,14,32, be ,937,153,,69fe3eb696baf5af4617c380,69fe3eb696baf5af4617c380,elementary,3,69fe3eb696baf5af4617c380,69fe3eb696baf5af4617c380,spotlight_PROLIFIC,,26,Mexico,Spanish,English,,Spanish:85|English:15,100,Spanish:40|English:60,100,Spanish:90|English:10,100,25,7,Bachelor's,10,10,10,9,9,10,6,14,6,12,TOEFL,96,,,,,20,25,B2,elementary|intermediate,intermediate|elementary,cambridge_15_21_random_elementary_intermediate,4,19,random,,139.5234375,932.703125,179.5234375,957.7265625,2,14,hover,50.399999998509884,50.399999998509884,0.8910396503278176,0.2619140625,63,,,,,,2026-09-22T23:05:16.927Z,V4EJ4XA7,2026-09-22,2026-09-22,17:05:16,2026-09-22 17:05:16,,,,,,,,69fe3eb696baf5af4617c380,69fe3eb696baf5af4617c380,,,,
5911,raw_position_sample,2,1,ele,9,3,13,14,33, far ,962,149,1114743.799999997,69fe3eb696baf5af4617c380,69fe3eb696baf5af4617c380,elementary,3,69fe3eb696baf5af4617c380,69fe3eb696baf5af4617c380,spotlight_PROLIFIC,,26,Mexico,Spanish,English,,Spanish:85|English:15,100,Spanish:40|English:60,100,Spanish:90|English:10,100,25,7,Bachelor's,10,10,10,9,9,10,6,14,6,12,TOEFL,96,,,,,20,25,B2,elementary|intermediate,intermediate|elementary,cambridge_15_21_random_elementary_intermediate,4,19,random,,149.2734375,957.7265625,169.7734375,983.734375,2,15,,,,,,,,,,,,2026-09-22T23:05:16.927Z,V4EJ4XA7,2026-09-22,2026-09-22,17:05:16,2026-09-22 17:05:16,,,,,,,,69fe3eb696baf5af4617c380,69fe3eb696baf5af4617c380,,,,
5960,raw_position_sample,2,1,ele,9,3,13,14,33, far ,979,146,1114793.6999999993,69fe3eb696baf5af4617c380,69fe3eb696baf5af4617c380,elementary,3,69fe3eb696baf5af4617c380,69fe3eb696baf5af4617c380,spotlight_PROLIFIC,,26,Mexico,Spanish,English,,Spanish:85|English:15,100,Spanish:40|English:60,100,Spanish:90|English:10,100,25,7,Bachelor's,10,10,10,9,9,10,6,14,6,12,TOEFL,96,,,,,20,25,B2,elementary|intermediate,intermediate|elementary,cambridge_15_21_random_elementary_intermediate,4,19,random,,149.2734375,957.7265625,169.7734375,983.734375,2,15,,,,,,,,,,,,2026-09-22T23:05:16.927Z,V4EJ4XA7,2026-09-22,2026-09-22,17:05:16,2026-09-22 17:05:16,,,,,,,,69fe3eb696baf5af4617c380,69fe3eb696baf5af4617c380,,,,
5966,hover_association,2,1,ele,9,3,13,14,33, far ,962,149,,69fe3eb696baf5af4617c380,69fe3eb696baf5af4617c380,elementary,3,69fe3eb696baf5af4617c380,69fe3eb696baf5af4617c380,spotlight_PROLIFIC,,26,Mexico,Spanish,English,,Spanish:85|English:15,100,Spanish:40|English:60,100,Spanish:90|English:10,100,25,7,Bachelor's,10,10,10,9,9,10,6,14,6,12,TOEFL,96,,,,,20,25,B2,elementary|intermediate,intermediate|elementary,cambridge_15_21_random_elementary_intermediate,4,19,random,,139.5234375,957.7265625,179.5234375,983.734375,2,15,hover,66.19999999925494,66.19999999925494,0.8179633523580655,0.1619140625,63,,,,,,2026-09-22T23:05:16.927Z,V4EJ4XA7,2026-09-22,2026-09-22,17:05:16,2026-09-22 17:05:16,,,,,,,,69fe3eb696baf5af4617c380,69fe3eb696baf5af4617c380,,,,
6010,raw_position_sample,2,1,ele,9,3,13,14,34, safer ,995,145,1114843.5,69fe3eb696baf5af4617c380,69fe3eb696baf5af4617c380,elementary,3,69fe3eb696baf5af4617c380,69fe3eb696baf5af4617c380,spotlight_PROLIFIC,,26,Mexico,Spanish,English,,Spanish:85|English:15,100,Spanish:40|English:60,100,Spanish:90|English:10,100,25,7,Bachelor's,10,10,10,9,9,10,6,14,6,12,TOEFL,96,,,,,20,25,B2,elementary|intermediate,intermediate|elementary,cambridge_15_21_random_elementary_intermediate,4,19,random,,149.2734375,983.734375,169.7734375,1028.7578125,2,16,,,,,,,,,,,,2026-09-22T23:05:16.927Z,V4EJ4XA7,2026-09-22,2026-09-22,17:05:16,2026-09-22 17:05:16,,,,,,,,69fe3eb696baf5af4617c380,69fe3eb696baf5af4617c380,,,,
6060,raw_position_sample,2,1,ele,9,3,13,14,34, safer ,1009,145,1114893.799999997,69fe3eb696baf5af4617c380,69fe3eb696baf5af4617c380,elementary,3,69fe3eb696baf5af4617c380,69fe3eb696baf5af4617c380,spotlight_PROLIFIC,,26,Mexico,Spanish,English,,Spanish:85|English:15,100,Spanish:40|English:60,100,Spanish:90|English:10,100,25,7,Bachelor's,10,10,10,9,9,10,6,14,6,12,TOEFL,96,,,,,20,25,B2,elementary|intermediate,intermediate|elementary,cambridge_15_21_random_elementary_intermediate,4,19,random,,149.2734375,983.734375,169.7734375,1028.7578125,2,16,,,,,,,,,,,,2026-09-22T23:05:16.927Z,V4EJ4XA7,2026-09-22,2026-09-22,17:05:16,2026-09-22 17:05:16,,,,,,,,69fe3eb696baf5af4617c380,69fe3eb696baf5af4617c380,,,,
6110,raw_position_sample,2,1,ele,9,3,13,14,34, safer ,1023,145,1114943.5999999978,69fe3eb696baf5af4617c380,69fe3eb696baf5af4617c380,elementary,3,69fe3eb696baf5af4617c380,69fe3eb696baf5af4617c380,spotlight_PROLIFIC,,26,Mexico,Spanish,English,,Spanish:85|English:15,100,Spanish:40|English:60,100,Spanish:90|English:10,100,25,7,Bachelor's,10,10,10,9,9,10,6,14,6,12,TOEFL,96,,,,,20,25,B2,elementary|intermediate,intermediate|elementary,cambridge_15_21_random_elementary_intermediate,4,19,random,,149.2734375,983.734375,169.7734375,1028.7578125,2,16,,,,,,,,,,,,2026-09-22T23:05:16.927Z,V4EJ4XA7,2026-09-22,2026-09-22,17:05:16,2026-09-22 17:05:16,,,,,,,,69fe3eb696baf5af4617c380,69fe3eb696baf5af4617c380,,,,
6133,hover_association,2,1,ele,9,3,13,14,34, safer ,984,146,,69fe3eb696baf5af4617c380,69fe3eb696baf5af4617c380,elementary,3,69fe3eb696baf5af4617c380,69fe3eb696baf5af4617c380,spotlight_PROLIFIC,,26,Mexico,Spanish,English,,Spanish:85|English:15,100,Spanish:40|English:60,100,Spanish:90|English:10,100,25,7,Bachelor's,10,10,10,9,9,10,6,14,6,12,TOEFL,96,,,,,20,25,B2,elementary|intermediate,intermediate|elementary,cambridge_15_21_random_elementary_intermediate,4,19,random,,139.5234375,983.734375,179.5234375,1028.7578125,2,16,hover,166.69999999925494,166.69999999925494,0.9387471802880444,0.1619140625,63,,,,,,2026-09-22T23:05:16.927Z,V4EJ4XA7,2026-09-22,2026-09-22,17:05:16,2026-09-22 17:05:16,,,,,,,,69fe3eb696baf5af4617c380,69fe3eb696baf5af4617c380,,,,
6161,raw_position_sample,2,1,ele,9,3,13,14,35, than ,1034,147,1114993.8999999985,69fe3eb696baf5af4617c380,69fe3eb696baf5af4617c380,elementary,3,69fe3eb696baf5af4617c380,69fe3eb696baf5af4617c380,spotlight_PROLIFIC,,26,Mexico,Spanish,English,,Spanish:85|English:15,100,Spanish:40|English:60,100,Spanish:90|English:10,100,25,7,Bachelor's,10,10,10,9,9,10,6,14,6,12,TOEFL,96,,,,,20,25,B2,elementary|intermediate,intermediate|elementary,cambridge_15_21_random_elementary_intermediate,4,19,random,,149.2734375,1028.7578125,169.7734375,1063.796875,2,17,,,,,,,,,,,,2026-09-22T23:05:16.927Z,V4EJ4XA7,2026-09-22,2026-09-22,17:05:16,2026-09-22 17:05:16,,,,,,,,69fe3eb696baf5af4617c380,69fe3eb696baf5af4617c380,,,,
6211,raw_position_sample,2,1,ele,9,3,13,14,35, than ,1042,151,1115043.8999999985,69fe3eb696baf5af4617c380,69fe3eb696baf5af4617c380,elementary,3,69fe3eb696baf5af4617c380,69fe3eb696baf5af4617c380,spotlight_PROLIFIC,,26,Mexico,Spanish,English,,Spanish:85|English:15,100,Spanish:40|English:60,100,Spanish:90|English:10,100,25,7,Bachelor's,10,10,10,9,9,10,6,14,6,12,TOEFL,96,,,,,20,25,B2,elementary|intermediate,intermediate|elementary,cambridge_15_21_random_elementary_intermediate,4,19,random,,149.2734375,1028.7578125,169.7734375,1063.796875,2,17,,,,,,,,,,,,2026-09-22T23:05:16.927Z,V4EJ4XA7,2026-09-22,2026-09-22,17:05:16,2026-09-22 17:05:16,,,,,,,,69fe3eb696baf5af4617c380,69fe3eb696baf5af4617c380,,,,
6261,raw_position_sample,2,1,ele,9,3,13,14,35, than ,1044,152,1115094.6999999993,69fe3eb696baf5af4617c380,69fe3eb696baf5af4617c380,elementary,3,69fe3eb696baf5af4617c380,69fe3eb696baf5af4617c380,spotlight_PROLIFIC,,26,Mexico,Spanish,English,,Spanish:85|English:15,100,Spanish:40|English:60,100,Spanish:90|English:10,100,25,7,Bachelor's,10,10,10,9,9,10,6,14,6,12,TOEFL,96,,,,,20,25,B2,elementary|intermediate,intermediate|elementary,cambridge_15_21_random_elementary_intermediate,4,19,random,,149.2734375,1028.7578125,169.7734375,1063.796875,2,17,,,,,,,,,,,,2026-09-22T23:05:16.927Z,V4EJ4XA7,2026-09-22,2026-09-22,17:05:16,2026-09-22 17:05:16,,,,,,,,69fe3eb696baf5af4617c380,69fe3eb696baf5af4617c380,,,,
6311,raw_position_sample,2,1,ele,9,3,13,14,35, than ,1042,153,1115144.5,69fe3eb696baf5af4617c380,69fe3eb696baf5af4617c380,elementary,3,69fe3eb696baf5af4617c380,69fe3eb696baf5af4617c380,spotlight_PROLIFIC,,26,Mexico,Spanish,English,,Spanish:85|English:15,100,Spanish:40|English:60,100,Spanish:90|English:10,100,25,7,Bachelor's,10,10,10,9,9,10,6,14,6,12,TOEFL,96,,,,,20,25,B2,elementary|intermediate,intermediate|elementary,cambridge_15_21_random_elementary_intermediate,4,19,random,,149.2734375,1028.7578125,169.7734375,1063.796875,2,17,,,,,,,,,,,,2026-09-22T23:05:16.927Z,V4EJ4XA7,2026-09-22,2026-09-22,17:05:16,2026-09-22 17:05:16,,,,,,,,69fe3eb696baf5af4617c380,69fe3eb696baf5af4617c380,,,,
6331,hover_association,2,1,ele,9,3,13,14,35, than ,1030,146,,69fe3eb696baf5af4617c380,69fe3eb696baf5af4617c380,elementary,3,69fe3eb696baf5af4617c380,69fe3eb696baf5af4617c380,spotlight_PROLIFIC,,26,Mexico,Spanish,English,,Spanish:85|English:15,100,Spanish:40|English:60,100,Spanish:90|English:10,100,25,7,Bachelor's,10,10,10,9,9,10,6,14,6,12,TOEFL,96,,,,,20,25,B2,elementary|intermediate,intermediate|elementary,cambridge_15_21_random_elementary_intermediate,4,19,random,,139.5234375,1028.7578125,179.5234375,1067.7373046875,2,17,hover,198.40000000223517,198.40000000223517,0.18579481397970687,0.3619140625,63,,,,,,2026-09-22T23:05:16.927Z,V4EJ4XA7,2026-09-22,2026-09-22,17:05:16,2026-09-22 17:05:16,,,,,,,,69fe3eb696baf5af4617c380,69fe3eb696baf5af4617c380,,,,
6360,raw_position_sample,2,1,ele,9,3,13,14,34, safer ,1008,158,1115193.5999999978,69fe3eb696baf5af4617c380,69fe3eb696baf5af4617c380,elementary,3,69fe3eb696baf5af4617c380,69fe3eb696baf5af4617c380,spotlight_PROLIFIC,,26,Mexico,Spanish,English,,Spanish:85|English:15,100,Spanish:40|English:60,100,Spanish:90|English:10,100,25,7,Bachelor's,10,10,10,9,9,10,6,14,6,12,TOEFL,96,,,,,20,25,B2,elementary|intermediate,intermediate|elementary,cambridge_15_21_random_elementary_intermediate,4,19,random,,149.2734375,983.734375,169.7734375,1028.7578125,2,16,,,,,,,,,,,,2026-09-22T23:05:16.927Z,V4EJ4XA7,2026-09-22,2026-09-22,17:05:16,2026-09-22 17:05:16,,,,,,,,69fe3eb696baf5af4617c380,69fe3eb696baf5af4617c380,,,,
6361,hover_association,2,1,ele,9,3,13,14,34, safer ,1024,156,,69fe3eb696baf5af4617c380,69fe3eb696baf5af4617c380,elementary,3,69fe3eb696baf5af4617c380,69fe3eb696baf5af4617c380,spotlight_PROLIFIC,,26,Mexico,Spanish,English,,Spanish:85|English:15,100,Spanish:40|English:60,100,Spanish:90|English:10,100,25,7,Bachelor's,10,10,10,9,9,10,6,14,6,12,TOEFL,96,,,,,20,25,B2,elementary|intermediate,intermediate|elementary,cambridge_15_21_random_elementary_intermediate,4,19,random,,139.5234375,983.734375,179.5234375,1028.7578125,2,16,hover,29.300000000745058,29.300000000745058,0.5389554051709179,0.4619140625,63,,,,,,2026-09-22T23:05:16.927Z,V4EJ4XA7,2026-09-22,2026-09-22,17:05:16,2026-09-22 17:05:16,,,,,,,,69fe3eb696baf5af4617c380,69fe3eb696baf5af4617c380,,,,
6378,hover_association,2,1,ele,9,3,13,14,33, far ,978,159,,69fe3eb696baf5af4617c380,69fe3eb696baf5af4617c380,elementary,3,69fe3eb696baf5af4617c380,69fe3eb696baf5af4617c380,spotlight_PROLIFIC,,26,Mexico,Spanish,English,,Spanish:85|English:15,100,Spanish:40|English:60,100,Spanish:90|English:10,100,25,7,Bachelor's,10,10,10,9,9,10,6,14,6,12,TOEFL,96,,,,,20,25,B2,elementary|intermediate,intermediate|elementary,cambridge_15_21_random_elementary_intermediate,4,19,random,,139.5234375,957.7265625,179.5234375,983.734375,2,15,hover,16.699999999254942,16.699999999254942,0.7795133673775909,0.4869140625,63,,,,,,2026-09-22T23:05:16.927Z,V4EJ4XA7,2026-09-22,2026-09-22,17:05:16,2026-09-22 17:05:16,,,,,,,,69fe3eb696baf5af4617c380,69fe3eb696baf5af4617c380,,,,
6394,hover_association,2,1,ele,9,3,13,14,32, be ,953,159,,69fe3eb696baf5af4617c380,69fe3eb696baf5af4617c380,elementary,3,69fe3eb696baf5af4617c380,69fe3eb696baf5af4617c380,spotlight_PROLIFIC,,26,Mexico,Spanish,English,,Spanish:85|English:15,100,Spanish:40|English:60,100,Spanish:90|English:10,100,25,7,Bachelor's,10,10,10,9,9,10,6,14,6,12,TOEFL,96,,,,,20,25,B2,elementary|intermediate,intermediate|elementary,cambridge_15_21_random_elementary_intermediate,4,19,random,,139.5234375,932.703125,179.5234375,957.7265625,2,14,hover,16.300000000745058,16.300000000745058,0.8111145800811739,0.4869140625,63,,,,,,2026-09-22T23:05:16.927Z,V4EJ4XA7,2026-09-22,2026-09-22,17:05:16,2026-09-22 17:05:16,,,,,,,,69fe3eb696baf5af4617c380,69fe3eb696baf5af4617c380,,,,
6411,raw_position_sample,2,1,ele,9,3,13,14,31, should ,921,159,1115244,69fe3eb696baf5af4617c380,69fe3eb696baf5af4617c380,elementary,3,69fe3eb696baf5af4617c380,69fe3eb696baf5af4617c380,spotlight_PROLIFIC,,26,Mexico,Spanish,English,,Spanish:85|English:15,100,Spanish:40|English:60,100,Spanish:90|English:10,100,25,7,Bachelor's,10,10,10,9,9,10,6,14,6,12,TOEFL,96,,,,,20,25,B2,elementary|intermediate,intermediate|elementary,cambridge_15_21_random_elementary_intermediate,4,19,random,,149.2734375,874.65625,169.7734375,932.703125,2,13,,,,,,,,,,,,2026-09-22T23:05:16.927Z,V4EJ4XA7,2026-09-22,2026-09-22,17:05:16,2026-09-22 17:05:16,,,,,,,,69fe3eb696baf5af4617c380,69fe3eb696baf5af4617c380,,,,
6411,hover_association,2,1,ele,9,3,13,14,31, should ,921,159,,69fe3eb696baf5af4617c380,69fe3eb696baf5af4617c380,elementary,3,69fe3eb696baf5af4617c380,69fe3eb696baf5af4617c380,spotlight_PROLIFIC,,26,Mexico,Spanish,English,,Spanish:85|English:15,100,Spanish:40|English:60,100,Spanish:90|English:10,100,25,7,Bachelor's,10,10,10,9,9,10,6,14,6,12,TOEFL,96,,,,,20,25,B2,elementary|intermediate,intermediate|elementary,cambridge_15_21_random_elementary_intermediate,4,19,random,,139.5234375,874.65625,179.5234375,932.703125,2,13,hover,17,17,0.7983849259757739,0.4869140625,63,,,,,,2026-09-22T23:05:16.927Z,V4EJ4XA7,2026-09-22,2026-09-22,17:05:16,2026-09-22 17:05:16,,,,,,,,69fe3eb696baf5af4617c380,69fe3eb696baf5af4617c380,,,,
6427,hover_association,2,1,ele,9,3,13,14,30, “it ,874,159,,69fe3eb696baf5af4617c380,69fe3eb696baf5af4617c380,elementary,3,69fe3eb696baf5af4617c380,69fe3eb696baf5af4617c380,spotlight_PROLIFIC,,26,Mexico,Spanish,English,,Spanish:85|English:15,100,Spanish:40|English:60,100,Spanish:90|English:10,100,25,7,Bachelor's,10,10,10,9,9,10,6,14,6,12,TOEFL,96,,,,,20,25,B2,elementary|intermediate,intermediate|elementary,cambridge_15_21_random_elementary_intermediate,4,19,random,,139.5234375,854.65625,179.5234375,874.65625,2,12,hover,16.199999999254942,16.199999999254942,0.9671875,0.4869140625,63,,,,,,2026-09-22T23:05:16.927Z,V4EJ4XA7,2026-09-22,2026-09-22,17:05:16,2026-09-22 17:05:16,,,,,,,,69fe3eb696baf5af4617c380,69fe3eb696baf5af4617c380,,,,
6444,hover_association,2,1,ele,9,3,13,14,29, so ,831,159,,69fe3eb696baf5af4617c380,69fe3eb696baf5af4617c380,elementary,3,69fe3eb696baf5af4617c380,69fe3eb696baf5af4617c380,spotlight_PROLIFIC,,26,Mexico,Spanish,English,,Spanish:85|English:15,100,Spanish:40|English:60,100,Spanish:90|English:10,100,25,7,Bachelor's,10,10,10,9,9,10,6,14,6,12,TOEFL,96,,,,,20,25,B2,elementary|intermediate,intermediate|elementary,cambridge_15_21_random_elementary_intermediate,4,19,random,,139.5234375,830.640625,179.5234375,854.65625,2,11,hover,16.5,16.5,0.014964216005204945,0.4869140625,63,,,,,,2026-09-22T23:05:16.927Z,V4EJ4XA7,2026-09-22,2026-09-22,17:05:16,2026-09-22 17:05:16,,,,,,,,69fe3eb696baf5af4617c380,69fe3eb696baf5af4617c380,,,,
6461,raw_position_sample,2,1,ele,9,3,13,14,28," windscreen, ",798,161,1115294.0999999978,69fe3eb696baf5af4617c380,69fe3eb696baf5af4617c380,elementary,3,69fe3eb696baf5af4617c380,69fe3eb696baf5af4617c380,spotlight_PROLIFIC,,26,Mexico,Spanish,English,,Spanish:85|English:15,100,Spanish:40|English:60,100,Spanish:90|English:10,100,25,7,Bachelor's,10,10,10,9,9,10,6,14,6,12,TOEFL,96,,,,,20,25,B2,elementary|intermediate,intermediate|elementary,cambridge_15_21_random_elementary_intermediate,4,19,random,,149.2734375,729.5859375,169.7734375,830.640625,2,10,,,,,,,,,,,,2026-09-22T23:05:16.927Z,V4EJ4XA7,2026-09-22,2026-09-22,17:05:16,2026-09-22 17:05:16,,,,,,,,69fe3eb696baf5af4617c380,69fe3eb696baf5af4617c380,,,,
6478,hover_association,2,1,ele,9,3,13,14,28," windscreen, ",798,161,,69fe3eb696baf5af4617c380,69fe3eb696baf5af4617c380,elementary,3,69fe3eb696baf5af4617c380,69fe3eb696baf5af4617c380,spotlight_PROLIFIC,,26,Mexico,Spanish,English,,Spanish:85|English:15,100,Spanish:40|English:60,100,Spanish:90|English:10,100,25,7,Bachelor's,10,10,10,9,9,10,6,14,6,12,TOEFL,96,,,,,20,25,B2,elementary|intermediate,intermediate|elementary,cambridge_15_21_random_elementary_intermediate,4,19,random,,139.5234375,729.5859375,179.5234375,830.640625,2,10,hover,34.19999999925494,34.19999999925494,0.28117510630073445,0.6369140625,63,,,,,,2026-09-22T23:05:16.927Z,V4EJ4XA7,2026-09-22,2026-09-22,17:05:16,2026-09-22 17:05:16,,,,,,,,69fe3eb696baf5af4617c380,69fe3eb696baf5af4617c380,,,,
6511,raw_position_sample,2,1,ele,9,3,13,14,27, plastic ,695,174,1115344.0999999978,69fe3eb696baf5af4617c380,69fe3eb696baf5af4617c380,elementary,3,69fe3eb696baf5af4617c380,69fe3eb696baf5af4617c380,spotlight_PROLIFIC,,26,Mexico,Spanish,English,,Spanish:85|English:15,100,Spanish:40|English:60,100,Spanish:90|English:10,100,25,7,Bachelor's,10,10,10,9,9,10,6,14,6,12,TOEFL,96,,,,,20,25,B2,elementary|intermediate,intermediate|elementary,cambridge_15_21_random_elementary_intermediate,4,19,random,,149.2734375,673.5625,169.7734375,729.5859375,2,9,,,,,,,,,,,,2026-09-22T23:05:16.927Z,V4EJ4XA7,2026-09-22,2026-09-22,17:05:16,2026-09-22 17:05:16,,,,,,,,69fe3eb696baf5af4617c380,69fe3eb696baf5af4617c380,,,,
6511,hover_association,2,1,ele,9,3,13,14,27, plastic ,724,170,,69fe3eb696baf5af4617c380,69fe3eb696baf5af4617c380,elementary,3,69fe3eb696baf5af4617c380,69fe3eb696baf5af4617c380,spotlight_PROLIFIC,,26,Mexico,Spanish,English,,Spanish:85|English:15,100,Spanish:40|English:60,100,Spanish:90|English:10,100,25,7,Bachelor's,10,10,10,9,9,10,6,14,6,12,TOEFL,96,,,,,20,25,B2,elementary|intermediate,intermediate|elementary,cambridge_15_21_random_elementary_intermediate,4,19,random,,139.5234375,673.5625,179.5234375,729.5859375,2,9,hover,33.399999998509884,33.399999998509884,0.38265234974201645,0.8619140625,63,,,,,,2026-09-22T23:05:16.927Z,V4EJ4XA7,2026-09-22,2026-09-22,17:05:16,2026-09-22 17:05:16,,,,,,,,69fe3eb696baf5af4617c380,69fe3eb696baf5af4617c380,,,,
6527,hover_association,2,1,ele,9,3,13,14,26, a ,669,177,,69fe3eb696baf5af4617c380,69fe3eb696baf5af4617c380,elementary,3,69fe3eb696baf5af4617c380,69fe3eb696baf5af4617c380,spotlight_PROLIFIC,,26,Mexico,Spanish,English,,Spanish:85|English:15,100,Spanish:40|English:60,100,Spanish:90|English:10,100,25,7,Bachelor's,10,10,10,9,9,10,6,14,6,12,TOEFL,96,,,,,20,25,B2,elementary|intermediate,intermediate|elementary,cambridge_15_21_random_elementary_intermediate,4,19,random,,139.5234375,658.546875,179.5234375,673.5625,2,8,hover,16.200000002980232,16.200000002980232,0.696149843912591,0.9369140625,63,,,,,,2026-09-22T23:05:16.927Z,V4EJ4XA7,2026-09-22,2026-09-22,17:05:16,2026-09-22 17:05:16,,,,,,,,69fe3eb696baf5af4617c380,69fe3eb696baf5af4617c380,,,,
6560,raw_position_sample,2,1,ele,9,3,13,14,40, pedestrians.” ,611,186,1115393.799999997,69fe3eb696baf5af4617c380,69fe3eb696baf5af4617c380,elementary,3,69fe3eb696baf5af4617c380,69fe3eb696baf5af4617c380,spotlight_PROLIFIC,,26,Mexico,Spanish,English,,Spanish:85|English:15,100,Spanish:40|English:60,100,Spanish:90|English:10,100,25,7,Bachelor's,10,10,10,9,9,10,6,14,6,12,TOEFL,96,,,,,20,25,B2,elementary|intermediate,intermediate|elementary,cambridge_15_21_random_elementary_intermediate,4,19,random,,189.2734375,536.4453125,209.7734375,645.34375,3,5,,,,,,,,,,,,2026-09-22T23:05:16.927Z,V4EJ4XA7,2026-09-22,2026-09-22,17:05:16,2026-09-22 17:05:16,,,,,,,,69fe3eb696baf5af4617c380,69fe3eb696baf5af4617c380,,,,
6594,hover_association,2,1,ele,9,3,13,14,40, pedestrians.” ,635,182,,69fe3eb696baf5af4617c380,69fe3eb696baf5af4617c380,elementary,3,69fe3eb696baf5af4617c380,69fe3eb696baf5af4617c380,spotlight_PROLIFIC,,26,Mexico,Spanish,English,,Spanish:85|English:15,100,Spanish:40|English:60,100,Spanish:90|English:10,100,25,7,Bachelor's,10,10,10,9,9,10,6,14,6,12,TOEFL,96,,,,,20,25,B2,elementary|intermediate,intermediate|elementary,cambridge_15_21_random_elementary_intermediate,4,19,random,,179.5234375,536.4453125,219.5234375,645.34375,3,5,hover,66.79999999701977,66.79999999701977,0.17038525001793528,0.4119140625,63,,,,,,2026-09-22T23:05:16.927Z,V4EJ4XA7,2026-09-22,2026-09-22,17:05:16,2026-09-22 17:05:16,,,,,,,,69fe3eb696baf5af4617c380,69fe3eb696baf5af4617c380,,,,
6611,raw_position_sample,2,1,ele,9,3,13,14,39, for ,528,204,1115444,69fe3eb696baf5af4617c380,69fe3eb696baf5af4617c380,elementary,3,69fe3eb696baf5af4617c380,69fe3eb696baf5af4617c380,spotlight_PROLIFIC,,26,Mexico,Spanish,English,,Spanish:85|English:15,100,Spanish:40|English:60,100,Spanish:90|English:10,100,25,7,Bachelor's,10,10,10,9,9,10,6,14,6,12,TOEFL,96,,,,,20,25,B2,elementary|intermediate,intermediate|elementary,cambridge_15_21_random_elementary_intermediate,4,19,random,,189.2734375,510.4375,209.7734375,536.4453125,3,4,,,,,,,,,,,,2026-09-22T23:05:16.927Z,V4EJ4XA7,2026-09-22,2026-09-22,17:05:16,2026-09-22 17:05:16,,,,,,,,69fe3eb696baf5af4617c380,69fe3eb696baf5af4617c380,,,,
6628,hover_association,2,1,ele,9,3,13,14,39, for ,528,204,,69fe3eb696baf5af4617c380,69fe3eb696baf5af4617c380,elementary,3,69fe3eb696baf5af4617c380,69fe3eb696baf5af4617c380,spotlight_PROLIFIC,,26,Mexico,Spanish,English,,Spanish:85|English:15,100,Spanish:40|English:60,100,Spanish:90|English:10,100,25,7,Bachelor's,10,10,10,9,9,10,6,14,6,12,TOEFL,96,,,,,20,25,B2,elementary|intermediate,intermediate|elementary,cambridge_15_21_random_elementary_intermediate,4,19,random,,179.5234375,510.4375,219.5234375,536.4453125,3,4,hover,33.5,33.5,0.06007810153199159,0.7369140625,63,,,,,,2026-09-22T23:05:16.927Z,V4EJ4XA7,2026-09-22,2026-09-22,17:05:16,2026-09-22 17:05:16,,,,,,,,69fe3eb696baf5af4617c380,69fe3eb696baf5af4617c380,,,,
6661,raw_position_sample,2,1,ele,9,3,13,14,38, car ,486,218,1115494,69fe3eb696baf5af4617c380,69fe3eb696baf5af4617c380,elementary,3,69fe3eb696baf5af4617c380,69fe3eb696baf5af4617c380,spotlight_PROLIFIC,,26,Mexico,Spanish,English,,Spanish:85|English:15,100,Spanish:40|English:60,100,Spanish:90|English:10,100,25,7,Bachelor's,10,10,10,9,9,10,6,14,6,12,TOEFL,96,,,,,20,25,B2,elementary|intermediate,intermediate|elementary,cambridge_15_21_random_elementary_intermediate,4,19,random,,189.2734375,480.4296875,209.7734375,510.4375,3,3,,,,,,,,,,,,2026-09-22T23:05:16.927Z,V4EJ4XA7,2026-09-22,2026-09-22,17:05:16,2026-09-22 17:05:16,,,,,,,,69fe3eb696baf5af4617c380,69fe3eb696baf5af4617c380,,,,
6661,hover_association,2,1,ele,9,3,13,14,38, car ,495,215,,69fe3eb696baf5af4617c380,69fe3eb696baf5af4617c380,elementary,3,69fe3eb696baf5af4617c380,69fe3eb696baf5af4617c380,spotlight_PROLIFIC,,26,Mexico,Spanish,English,,Spanish:85|English:15,100,Spanish:40|English:60,100,Spanish:90|English:10,100,25,7,Bachelor's,10,10,10,9,9,10,6,14,6,12,TOEFL,96,,,,,20,25,B2,elementary|intermediate,intermediate|elementary,cambridge_15_21_random_elementary_intermediate,4,19,random,,179.5234375,480.4296875,219.5234375,510.4375,3,3,hover,33.20000000298023,33.20000000298023,0.18562874251497005,0.9619140625,63,,,,,,2026-09-22T23:05:16.927Z,V4EJ4XA7,2026-09-22,2026-09-22,17:05:16,2026-09-22 17:05:16,,,,,,,,69fe3eb696baf5af4617c380,69fe3eb696baf5af4617c380,,,,
6695,hover_association,2,1,ele,9,3,13,14,52, Google ,472,223,,69fe3eb696baf5af4617c380,69fe3eb696baf5af4617c380,elementary,3,69fe3eb696baf5af4617c380,69fe3eb696baf5af4617c380,spotlight_PROLIFIC,,26,Mexico,Spanish,English,,Spanish:85|English:15,100,Spanish:40|English:60,100,Spanish:90|English:10,100,25,7,Bachelor's,10,10,10,9,9,10,6,14,6,12,TOEFL,96,,,,,20,25,B2,elementary|intermediate,intermediate|elementary,cambridge_15_21_random_elementary_intermediate,4,19,random,,219.5234375,463.3984375,259.5234375,526.4453125,4,2,hover,33.69999999925494,33.69999999925494,0.009541511771995043,0.1369140625,63,,,,,,2026-09-22T23:05:16.927Z,V4EJ4XA7,2026-09-22,2026-09-22,17:05:16,2026-09-22 17:05:16,,,,,,,,69fe3eb696baf5af4617c380,69fe3eb696baf5af4617c380,,,,
6711,raw_position_sample,2,1,ele,9,3,13,14,51, Detroit. ,459,227,1115543.8999999985,69fe3eb696baf5af4617c380,69fe3eb696baf5af4617c380,elementary,3,69fe3eb696baf5af4617c380,69fe3eb696baf5af4617c380,spotlight_PROLIFIC,,26,Mexico,Spanish,English,,Spanish:85|English:15,100,Spanish:40|English:60,100,Spanish:90|English:10,100,25,7,Bachelor's,10,10,10,9,9,10,6,14,6,12,TOEFL,96,,,,,20,25,B2,elementary|intermediate,intermediate|elementary,cambridge_15_21_random_elementary_intermediate,4,19,random,,229.2734375,400.375,249.7734375,463.3984375,4,1,,,,,,,,,,,,2026-09-22T23:05:16.927Z,V4EJ4XA7,2026-09-22,2026-09-22,17:05:16,2026-09-22 17:05:16,,,,,,,,69fe3eb696baf5af4617c380,69fe3eb696baf5af4617c380,,,,
6761,raw_position_sample,2,1,ele,9,3,13,14,51, Detroit. ,441,234,1115594.299999997,69fe3eb696baf5af4617c380,69fe3eb696baf5af4617c380,elementary,3,69fe3eb696baf5af4617c380,69fe3eb696baf5af4617c380,spotlight_PROLIFIC,,26,Mexico,Spanish,English,,Spanish:85|English:15,100,Spanish:40|English:60,100,Spanish:90|English:10,100,25,7,Bachelor's,10,10,10,9,9,10,6,14,6,12,TOEFL,96,,,,,20,25,B2,elementary|intermediate,intermediate|elementary,cambridge_15_21_random_elementary_intermediate,4,19,random,,229.2734375,400.375,249.7734375,463.3984375,4,1,,,,,,,,,,,,2026-09-22T23:05:16.927Z,V4EJ4XA7,2026-09-22,2026-09-22,17:05:16,2026-09-22 17:05:16,,,,,,,,69fe3eb696baf5af4617c380,69fe3eb696baf5af4617c380,,,,
6810,raw_position_sample,2,1,ele,9,3,13,14,51, Detroit. ,424,237,1115643.1999999993,69fe3eb696baf5af4617c380,69fe3eb696baf5af4617c380,elementary,3,69fe3eb696baf5af4617c380,69fe3eb696baf5af4617c380,spotlight_PROLIFIC,,26,Mexico,Spanish,English,,Spanish:85|English:15,100,Spanish:40|English:60,100,Spanish:90|English:10,100,25,7,Bachelor's,10,10,10,9,9,10,6,14,6,12,TOEFL,96,,,,,20,25,B2,elementary|intermediate,intermediate|elementary,cambridge_15_21_random_elementary_intermediate,4,19,random,,229.2734375,400.375,249.7734375,463.3984375,4,1,,,,,,,,,,,,2026-09-22T23:05:16.927Z,V4EJ4XA7,2026-09-22,2026-09-22,17:05:16,2026-09-22 17:05:16,,,,,,,,69fe3eb696baf5af4617c380,69fe3eb696baf5af4617c380,,,,
6860,raw_position_sample,2,1,ele,9,3,13,14,51, Detroit. ,414,238,1115693.0999999978,69fe3eb696baf5af4617c380,69fe3eb696baf5af4617c380,elementary,3,69fe3eb696baf5af4617c380,69fe3eb696baf5af4617c380,spotlight_PROLIFIC,,26,Mexico,Spanish,English,,Spanish:85|English:15,100,Spanish:40|English:60,100,Spanish:90|English:10,100,25,7,Bachelor's,10,10,10,9,9,10,6,14,6,12,TOEFL,96,,,,,20,25,B2,elementary|intermediate,intermediate|elementary,cambridge_15_21_random_elementary_intermediate,4,19,random,,229.2734375,400.375,249.7734375,463.3984375,4,1,,,,,,,,,,,,2026-09-22T23:05:16.927Z,V4EJ4XA7,2026-09-22,2026-09-22,17:05:16,2026-09-22 17:05:16,,,,,,,,69fe3eb696baf5af4617c380,69fe3eb696baf5af4617c380,,,,
6910,raw_position_sample,2,1,ele,9,3,13,14,51, Detroit. ,411,231,1115743.1999999993,69fe3eb696baf5af4617c380,69fe3eb696baf5af4617c380,elementary,3,69fe3eb696baf5af4617c380,69fe3eb696baf5af4617c380,spotlight_PROLIFIC,,26,Mexico,Spanish,English,,Spanish:85|English:15,100,Spanish:40|English:60,100,Spanish:90|English:10,100,25,7,Bachelor's,10,10,10,9,9,10,6,14,6,12,TOEFL,96,,,,,20,25,B2,elementary|intermediate,intermediate|elementary,cambridge_15_21_random_elementary_intermediate,4,19,random,,229.2734375,400.375,249.7734375,463.3984375,4,1,,,,,,,,,,,,2026-09-22T23:05:16.927Z,V4EJ4XA7,2026-09-22,2026-09-22,17:05:16,2026-09-22 17:05:16,,,,,,,,69fe3eb696baf5af4617c380,69fe3eb696baf5af4617c380,,,,
6942,hover_association,2,1,ele,9,3,13,14,51, Detroit. ,459,227,,69fe3eb696baf5af4617c380,69fe3eb696baf5af4617c380,elementary,3,69fe3eb696baf5af4617c380,69fe3eb696baf5af4617c380,spotlight_PROLIFIC,,26,Mexico,Spanish,English,,Spanish:85|English:15,100,Spanish:40|English:60,100,Spanish:90|English:10,100,25,7,Bachelor's,10,10,10,9,9,10,6,14,6,12,TOEFL,96,,,,,20,25,B2,elementary|intermediate,intermediate|elementary,cambridge_15_21_random_elementary_intermediate,4,19,random,,219.5234375,396.4345703125,259.5234375,463.3984375,4,1,hover,247.39999999850988,247.39999999850988,0.2175117761152674,0.0619140625,63,,,,,,2026-09-22T23:05:16.927Z,V4EJ4XA7,2026-09-22,2026-09-22,17:05:16,2026-09-22 17:05:16,,,,,,,,69fe3eb696baf5af4617c380,69fe3eb696baf5af4617c380,,,,
6961,raw_position_sample,2,1,ele,9,3,13,14,36, any ,411,216,1115794.0999999978,69fe3eb696baf5af4617c380,69fe3eb696baf5af4617c380,elementary,3,69fe3eb696baf5af4617c380,69fe3eb696baf5af4617c380,spotlight_PROLIFIC,,26,Mexico,Spanish,English,,Spanish:85|English:15,100,Spanish:40|English:60,100,Spanish:90|English:10,100,25,7,Bachelor's,10,10,10,9,9,10,6,14,6,12,TOEFL,96,,,,,20,25,B2,elementary|intermediate,intermediate|elementary,cambridge_15_21_random_elementary_intermediate,4,19,random,,189.2734375,400.375,209.7734375,434.3984375,3,1,,,,,,,,,,,,2026-09-22T23:05:16.927Z,V4EJ4XA7,2026-09-22,2026-09-22,17:05:16,2026-09-22 17:05:16,,,,,,,,69fe3eb696baf5af4617c380,69fe3eb696baf5af4617c380,,,,
7010,raw_position_sample,2,1,ele,9,3,13,14,36, any ,411,208,1115843.1999999993,69fe3eb696baf5af4617c380,69fe3eb696baf5af4617c380,elementary,3,69fe3eb696baf5af4617c380,69fe3eb696baf5af4617c380,spotlight_PROLIFIC,,26,Mexico,Spanish,English,,Spanish:85|English:15,100,Spanish:40|English:60,100,Spanish:90|English:10,100,25,7,Bachelor's,10,10,10,9,9,10,6,14,6,12,TOEFL,96,,,,,20,25,B2,elementary|intermediate,intermediate|elementary,cambridge_15_21_random_elementary_intermediate,4,19,random,,189.2734375,400.375,209.7734375,434.3984375,3,1,,,,,,,,,,,,2026-09-22T23:05:16.927Z,V4EJ4XA7,2026-09-22,2026-09-22,17:05:16,2026-09-22 17:05:16,,,,,,,,69fe3eb696baf5af4617c380,69fe3eb696baf5af4617c380,,,,
7060,raw_position_sample,2,1,ele,9,3,13,14,36, any ,411,208,1115893.6999999993,69fe3eb696baf5af4617c380,69fe3eb696baf5af4617c380,elementary,3,69fe3eb696baf5af4617c380,69fe3eb696baf5af4617c380,spotlight_PROLIFIC,,26,Mexico,Spanish,English,,Spanish:85|English:15,100,Spanish:40|English:60,100,Spanish:90|English:10,100,25,7,Bachelor's,10,10,10,9,9,10,6,14,6,12,TOEFL,96,,,,,20,25,B2,elementary|intermediate,intermediate|elementary,cambridge_15_21_random_elementary_intermediate,4,19,random,,189.2734375,400.375,209.7734375,434.3984375,3,1,,,,,,,,,,,,2026-09-22T23:05:16.927Z,V4EJ4XA7,2026-09-22,2026-09-22,17:05:16,2026-09-22 17:05:16,,,,,,,,69fe3eb696baf5af4617c380,69fe3eb696baf5af4617c380,,,,
7110,raw_position_sample,2,1,ele,9,3,13,14,36, any ,411,207,1115943.0999999978,69fe3eb696baf5af4617c380,69fe3eb696baf5af4617c380,elementary,3,69fe3eb696baf5af4617c380,69fe3eb696baf5af4617c380,spotlight_PROLIFIC,,26,Mexico,Spanish,English,,Spanish:85|English:15,100,Spanish:40|English:60,100,Spanish:90|English:10,100,25,7,Bachelor's,10,10,10,9,9,10,6,14,6,12,TOEFL,96,,,,,20,25,B2,elementary|intermediate,intermediate|elementary,cambridge_15_21_random_elementary_intermediate,4,19,random,,189.2734375,400.375,209.7734375,434.3984375,3,1,,,,,,,,,,,,2026-09-22T23:05:16.927Z,V4EJ4XA7,2026-09-22,2026-09-22,17:05:16,2026-09-22 17:05:16,,,,,,,,69fe3eb696baf5af4617c380,69fe3eb696baf5af4617c380,,,,
7160,raw_position_sample,2,1,ele,9,3,13,14,36, any ,411,204,1115992.8999999985,69fe3eb696baf5af4617c380,69fe3eb696baf5af4617c380,elementary,3,69fe3eb696baf5af4617c380,69fe3eb696baf5af4617c380,spotlight_PROLIFIC,,26,Mexico,Spanish,English,,Spanish:85|English:15,100,Spanish:40|English:60,100,Spanish:90|English:10,100,25,7,Bachelor's,10,10,10,9,9,10,6,14,6,12,TOEFL,96,,,,,20,25,B2,elementary|intermediate,intermediate|elementary,cambridge_15_21_random_elementary_intermediate,4,19,random,,189.2734375,400.375,209.7734375,434.3984375,3,1,,,,,,,,,,,,2026-09-22T23:05:16.927Z,V4EJ4XA7,2026-09-22,2026-09-22,17:05:16,2026-09-22 17:05:16,,,,,,,,69fe3eb696baf5af4617c380,69fe3eb696baf5af4617c380,,,,
7211,raw_position_sample,2,1,ele,9,3,13,14,36, any ,412,203,1116044.299999997,69fe3eb696baf5af4617c380,69fe3eb696baf5af4617c380,elementary,3,69fe3eb696baf5af4617c380,69fe3eb696baf5af4617c380,spotlight_PROLIFIC,,26,Mexico,Spanish,English,,Spanish:85|English:15,100,Spanish:40|English:60,100,Spanish:90|English:10,100,25,7,Bachelor's,10,10,10,9,9,10,6,14,6,12,TOEFL,96,,,,,20,25,B2,elementary|intermediate,intermediate|elementary,cambridge_15_21_random_elementary_intermediate,4,19,random,,189.2734375,400.375,209.7734375,434.3984375,3,1,,,,,,,,,,,,2026-09-22T23:05:16.927Z,V4EJ4XA7,2026-09-22,2026-09-22,17:05:16,2026-09-22 17:05:16,,,,,,,,69fe3eb696baf5af4617c380,69fe3eb696baf5af4617c380,,,,
7260,raw_position_sample,2,1,ele,9,3,13,14,36, any ,414,200,1116093.3999999985,69fe3eb696baf5af4617c380,69fe3eb696baf5af4617c380,elementary,3,69fe3eb696baf5af4617c380,69fe3eb696baf5af4617c380,spotlight_PROLIFIC,,26,Mexico,Spanish,English,,Spanish:85|English:15,100,Spanish:40|English:60,100,Spanish:90|English:10,100,25,7,Bachelor's,10,10,10,9,9,10,6,14,6,12,TOEFL,96,,,,,20,25,B2,elementary|intermediate,intermediate|elementary,cambridge_15_21_random_elementary_intermediate,4,19,random,,189.2734375,400.375,209.7734375,434.3984375,3,1,,,,,,,,,,,,2026-09-22T23:05:16.927Z,V4EJ4XA7,2026-09-22,2026-09-22,17:05:16,2026-09-22 17:05:16,,,,,,,,69fe3eb696baf5af4617c380,69fe3eb696baf5af4617c380,,,,
7311,raw_position_sample,2,1,ele,9,3,13,14,36, any ,418,199,1116144.5,69fe3eb696baf5af4617c380,69fe3eb696baf5af4617c380,elementary,3,69fe3eb696baf5af4617c380,69fe3eb696baf5af4617c380,spotlight_PROLIFIC,,26,Mexico,Spanish,English,,Spanish:85|English:15,100,Spanish:40|English:60,100,Spanish:90|English:10,100,25,7,Bachelor's,10,10,10,9,9,10,6,14,6,12,TOEFL,96,,,,,20,25,B2,elementary|intermediate,intermediate|elementary,cambridge_15_21_random_elementary_intermediate,4,19,random,,189.2734375,400.375,209.7734375,434.3984375,3,1,,,,,,,,,,,,2026-09-22T23:05:16.927Z,V4EJ4XA7,2026-09-22,2026-09-22,17:05:16,2026-09-22 17:05:16,,,,,,,,69fe3eb696baf5af4617c380,69fe3eb696baf5af4617c380,,,,
7361,raw_position_sample,2,1,ele,9,3,13,14,36, any ,426,198,1116194.0999999978,69fe3eb696baf5af4617c380,69fe3eb696baf5af4617c380,elementary,3,69fe3eb696baf5af4617c380,69fe3eb696baf5af4617c380,spotlight_PROLIFIC,,26,Mexico,Spanish,English,,Spanish:85|English:15,100,Spanish:40|English:60,100,Spanish:90|English:10,100,25,7,Bachelor's,10,10,10,9,9,10,6,14,6,12,TOEFL,96,,,,,20,25,B2,elementary|intermediate,intermediate|elementary,cambridge_15_21_random_elementary_intermediate,4,19,random,,189.2734375,400.375,209.7734375,434.3984375,3,1,,,,,,,,,,,,2026-09-22T23:05:16.927Z,V4EJ4XA7,2026-09-22,2026-09-22,17:05:16,2026-09-22 17:05:16,,,,,,,,69fe3eb696baf5af4617c380,69fe3eb696baf5af4617c380,,,,
7378,hover_association,2,1,ele,9,3,13,14,36, any ,411,216,,69fe3eb696baf5af4617c380,69fe3eb696baf5af4617c380,elementary,3,69fe3eb696baf5af4617c380,69fe3eb696baf5af4617c380,spotlight_PROLIFIC,,26,Mexico,Spanish,English,,Spanish:85|English:15,100,Spanish:40|English:60,100,Spanish:90|English:10,100,25,7,Bachelor's,10,10,10,9,9,10,6,14,6,12,TOEFL,96,,,,,20,25,B2,elementary|intermediate,intermediate|elementary,cambridge_15_21_random_elementary_intermediate,4,19,random,,179.5234375,396.4345703125,219.5234375,434.3984375,3,1,hover,436.1000000014901,436.1000000014901,0.8841414790996784,0.4619140625,63,,,,,,2026-09-22T23:05:16.927Z,V4EJ4XA7,2026-09-22,2026-09-22,17:05:16,2026-09-22 17:05:16,,,,,,,,69fe3eb696baf5af4617c380,69fe3eb696baf5af4617c380,,,,
7410,raw_position_sample,2,1,ele,9,3,13,14,37, other ,439,197,1116243.1999999993,69fe3eb696baf5af4617c380,69fe3eb696baf5af4617c380,elementary,3,69fe3eb696baf5af4617c380,69fe3eb696baf5af4617c380,spotlight_PROLIFIC,,26,Mexico,Spanish,English,,Spanish:85|English:15,100,Spanish:40|English:60,100,Spanish:90|English:10,100,25,7,Bachelor's,10,10,10,9,9,10,6,14,6,12,TOEFL,96,,,,,20,25,B2,elementary|intermediate,intermediate|elementary,cambridge_15_21_random_elementary_intermediate,4,19,random,,189.2734375,434.3984375,209.7734375,480.4296875,3,2,,,,,,,,,,,,2026-09-22T23:05:16.927Z,V4EJ4XA7,2026-09-22,2026-09-22,17:05:16,2026-09-22 17:05:16,,,,,,,,69fe3eb696baf5af4617c380,69fe3eb696baf5af4617c380,,,,
7460,raw_position_sample,2,1,ele,9,3,13,14,37, other ,455,197,1116293.5,69fe3eb696baf5af4617c380,69fe3eb696baf5af4617c380,elementary,3,69fe3eb696baf5af4617c380,69fe3eb696baf5af4617c380,spotlight_PROLIFIC,,26,Mexico,Spanish,English,,Spanish:85|English:15,100,Spanish:40|English:60,100,Spanish:90|English:10,100,25,7,Bachelor's,10,10,10,9,9,10,6,14,6,12,TOEFL,96,,,,,20,25,B2,elementary|intermediate,intermediate|elementary,cambridge_15_21_random_elementary_intermediate,4,19,random,,189.2734375,434.3984375,209.7734375,480.4296875,3,2,,,,,,,,,,,,2026-09-22T23:05:16.927Z,V4EJ4XA7,2026-09-22,2026-09-22,17:05:16,2026-09-22 17:05:16,,,,,,,,69fe3eb696baf5af4617c380,69fe3eb696baf5af4617c380,,,,
7510,raw_position_sample,2,1,ele,9,3,13,14,37, other ,468,197,1116343.5999999978,69fe3eb696baf5af4617c380,69fe3eb696baf5af4617c380,elementary,3,69fe3eb696baf5af4617c380,69fe3eb696baf5af4617c380,spotlight_PROLIFIC,,26,Mexico,Spanish,English,,Spanish:85|English:15,100,Spanish:40|English:60,100,Spanish:90|English:10,100,25,7,Bachelor's,10,10,10,9,9,10,6,14,6,12,TOEFL,96,,,,,20,25,B2,elementary|intermediate,intermediate|elementary,cambridge_15_21_random_elementary_intermediate,4,19,random,,189.2734375,434.3984375,209.7734375,480.4296875,3,2,,,,,,,,,,,,2026-09-22T23:05:16.927Z,V4EJ4XA7,2026-09-22,2026-09-22,17:05:16,2026-09-22 17:05:16,,,,,,,,69fe3eb696baf5af4617c380,69fe3eb696baf5af4617c380,,,,
7561,raw_position_sample,2,1,ele,9,3,13,14,37, other ,480,197,1116394.299999997,69fe3eb696baf5af4617c380,69fe3eb696baf5af4617c380,elementary,3,69fe3eb696baf5af4617c380,69fe3eb696baf5af4617c380,spotlight_PROLIFIC,,26,Mexico,Spanish,English,,Spanish:85|English:15,100,Spanish:40|English:60,100,Spanish:90|English:10,100,25,7,Bachelor's,10,10,10,9,9,10,6,14,6,12,TOEFL,96,,,,,20,25,B2,elementary|intermediate,intermediate|elementary,cambridge_15_21_random_elementary_intermediate,4,19,random,,189.2734375,434.3984375,209.7734375,480.4296875,3,2,,,,,,,,,,,,2026-09-22T23:05:16.927Z,V4EJ4XA7,2026-09-22,2026-09-22,17:05:16,2026-09-22 17:05:16,,,,,,,,69fe3eb696baf5af4617c380,69fe3eb696baf5af4617c380,,,,
7561,hover_association,2,1,ele,9,3,13,14,37, other ,435,197,,69fe3eb696baf5af4617c380,69fe3eb696baf5af4617c380,elementary,3,69fe3eb696baf5af4617c380,69fe3eb696baf5af4617c380,spotlight_PROLIFIC,,26,Mexico,Spanish,English,,Spanish:85|English:15,100,Spanish:40|English:60,100,Spanish:90|English:10,100,25,7,Bachelor's,10,10,10,9,9,10,6,14,6,12,TOEFL,96,,,,,20,25,B2,elementary|intermediate,intermediate|elementary,cambridge_15_21_random_elementary_intermediate,4,19,random,,179.5234375,434.3984375,219.5234375,480.4296875,3,2,hover,183.19999999925494,183.19999999925494,0.9906653088934148,0.4369140625,63,,,,,,2026-09-22T23:05:16.927Z,V4EJ4XA7,2026-09-22,2026-09-22,17:05:16,2026-09-22 17:05:16,,,,,,,,69fe3eb696baf5af4617c380,69fe3eb696baf5af4617c380,,,,
7611,raw_position_sample,2,1,ele,9,3,13,14,38, car ,496,197,1116444.0999999978,69fe3eb696baf5af4617c380,69fe3eb696baf5af4617c380,elementary,3,69fe3eb696baf5af4617c380,69fe3eb696baf5af4617c380,spotlight_PROLIFIC,,26,Mexico,Spanish,English,,Spanish:85|English:15,100,Spanish:40|English:60,100,Spanish:90|English:10,100,25,7,Bachelor's,10,10,10,9,9,10,6,14,6,12,TOEFL,96,,,,,20,25,B2,elementary|intermediate,intermediate|elementary,cambridge_15_21_random_elementary_intermediate,4,19,random,,189.2734375,480.4296875,209.7734375,510.4375,3,3,,,,,,,,,,,,2026-09-22T23:05:16.927Z,V4EJ4XA7,2026-09-22,2026-09-22,17:05:16,2026-09-22 17:05:16,,,,,,,,69fe3eb696baf5af4617c380,69fe3eb696baf5af4617c380,,,,
7661,raw_position_sample,2,1,ele,9,3,13,14,38, car ,507,197,1116493.8999999985,69fe3eb696baf5af4617c380,69fe3eb696baf5af4617c380,elementary,3,69fe3eb696baf5af4617c380,69fe3eb696baf5af4617c380,spotlight_PROLIFIC,,26,Mexico,Spanish,English,,Spanish:85|English:15,100,Spanish:40|English:60,100,Spanish:90|English:10,100,25,7,Bachelor's,10,10,10,9,9,10,6,14,6,12,TOEFL,96,,,,,20,25,B2,elementary|intermediate,intermediate|elementary,cambridge_15_21_random_elementary_intermediate,4,19,random,,189.2734375,480.4296875,209.7734375,510.4375,3,3,,,,,,,,,,,,2026-09-22T23:05:16.927Z,V4EJ4XA7,2026-09-22,2026-09-22,17:05:16,2026-09-22 17:05:16,,,,,,,,69fe3eb696baf5af4617c380,69fe3eb696baf5af4617c380,,,,
7662,hover_association,2,1,ele,9,3,13,14,38, car ,484,197,,69fe3eb696baf5af4617c380,69fe3eb696baf5af4617c380,elementary,3,69fe3eb696baf5af4617c380,69fe3eb696baf5af4617c380,spotlight_PROLIFIC,,26,Mexico,Spanish,English,,Spanish:85|English:15,100,Spanish:40|English:60,100,Spanish:90|English:10,100,25,7,Bachelor's,10,10,10,9,9,10,6,14,6,12,TOEFL,96,,,,,20,25,B2,elementary|intermediate,intermediate|elementary,cambridge_15_21_random_elementary_intermediate,4,19,random,,179.5234375,480.4296875,219.5234375,510.4375,3,3,hover,100,100,0.8854464983077324,0.4369140625,63,,,,,,2026-09-22T23:05:16.927Z,V4EJ4XA7,2026-09-22,2026-09-22,17:05:16,2026-09-22 17:05:16,,,,,,,,69fe3eb696baf5af4617c380,69fe3eb696baf5af4617c380,,,,
7711,raw_position_sample,2,1,ele,9,3,13,14,39, for ,516,197,1116544.0999999978,69fe3eb696baf5af4617c380,69fe3eb696baf5af4617c380,elementary,3,69fe3eb696baf5af4617c380,69fe3eb696baf5af4617c380,spotlight_PROLIFIC,,26,Mexico,Spanish,English,,Spanish:85|English:15,100,Spanish:40|English:60,100,Spanish:90|English:10,100,25,7,Bachelor's,10,10,10,9,9,10,6,14,6,12,TOEFL,96,,,,,20,25,B2,elementary|intermediate,intermediate|elementary,cambridge_15_21_random_elementary_intermediate,4,19,random,,189.2734375,510.4375,209.7734375,536.4453125,3,4,,,,,,,,,,,,2026-09-22T23:05:16.927Z,V4EJ4XA7,2026-09-22,2026-09-22,17:05:16,2026-09-22 17:05:16,,,,,,,,69fe3eb696baf5af4617c380,69fe3eb696baf5af4617c380,,,,
7761,raw_position_sample,2,1,ele,9,3,13,14,39, for ,524,197,1116594.299999997,69fe3eb696baf5af4617c380,69fe3eb696baf5af4617c380,elementary,3,69fe3eb696baf5af4617c380,69fe3eb696baf5af4617c380,spotlight_PROLIFIC,,26,Mexico,Spanish,English,,Spanish:85|English:15,100,Spanish:40|English:60,100,Spanish:90|English:10,100,25,7,Bachelor's,10,10,10,9,9,10,6,14,6,12,TOEFL,96,,,,,20,25,B2,elementary|intermediate,intermediate|elementary,cambridge_15_21_random_elementary_intermediate,4,19,random,,189.2734375,510.4375,209.7734375,536.4453125,3,4,,,,,,,,,,,,2026-09-22T23:05:16.927Z,V4EJ4XA7,2026-09-22,2026-09-22,17:05:16,2026-09-22 17:05:16,,,,,,,,69fe3eb696baf5af4617c380,69fe3eb696baf5af4617c380,,,,
7811,raw_position_sample,2,1,ele,9,3,13,14,39, for ,531,198,1116644.299999997,69fe3eb696baf5af4617c380,69fe3eb696baf5af4617c380,elementary,3,69fe3eb696baf5af4617c380,69fe3eb696baf5af4617c380,spotlight_PROLIFIC,,26,Mexico,Spanish,English,,Spanish:85|English:15,100,Spanish:40|English:60,100,Spanish:90|English:10,100,25,7,Bachelor's,10,10,10,9,9,10,6,14,6,12,TOEFL,96,,,,,20,25,B2,elementary|intermediate,intermediate|elementary,cambridge_15_21_random_elementary_intermediate,4,19,random,,189.2734375,510.4375,209.7734375,536.4453125,3,4,,,,,,,,,,,,2026-09-22T23:05:16.927Z,V4EJ4XA7,2026-09-22,2026-09-22,17:05:16,2026-09-22 17:05:16,,,,,,,,69fe3eb696baf5af4617c380,69fe3eb696baf5af4617c380,,,,
7828,hover_association,2,1,ele,9,3,13,14,39, for ,511,197,,69fe3eb696baf5af4617c380,69fe3eb696baf5af4617c380,elementary,3,69fe3eb696baf5af4617c380,69fe3eb696baf5af4617c380,spotlight_PROLIFIC,,26,Mexico,Spanish,English,,Spanish:85|English:15,100,Spanish:40|English:60,100,Spanish:90|English:10,100,25,7,Bachelor's,10,10,10,9,9,10,6,14,6,12,TOEFL,96,,,,,20,25,B2,elementary|intermediate,intermediate|elementary,cambridge_15_21_random_elementary_intermediate,4,19,random,,179.5234375,510.4375,219.5234375,536.4453125,3,4,hover,166.69999999925494,166.69999999925494,0.9059777711024332,0.4619140625,63,,,,,,2026-09-22T23:05:16.927Z,V4EJ4XA7,2026-09-22,2026-09-22,17:05:16,2026-09-22 17:05:16,,,,,,,,69fe3eb696baf5af4617c380,69fe3eb696baf5af4617c380,,,,
7861,raw_position_sample,2,1,ele,9,3,13,14,40, pedestrians.” ,540,198,1116694.3999999985,69fe3eb696baf5af4617c380,69fe3eb696baf5af4617c380,elementary,3,69fe3eb696baf5af4617c380,69fe3eb696baf5af4617c380,spotlight_PROLIFIC,,26,Mexico,Spanish,English,,Spanish:85|English:15,100,Spanish:40|English:60,100,Spanish:90|English:10,100,25,7,Bachelor's,10,10,10,9,9,10,6,14,6,12,TOEFL,96,,,,,20,25,B2,elementary|intermediate,intermediate|elementary,cambridge_15_21_random_elementary_intermediate,4,19,random,,189.2734375,536.4453125,209.7734375,645.34375,3,5,,,,,,,,,,,,2026-09-22T23:05:16.927Z,V4EJ4XA7,2026-09-22,2026-09-22,17:05:16,2026-09-22 17:05:16,,,,,,,,69fe3eb696baf5af4617c380,69fe3eb696baf5af4617c380,,,,
7911,raw_position_sample,2,1,ele,9,3,13,14,40, pedestrians.” ,559,198,1116743.8999999985,69fe3eb696baf5af4617c380,69fe3eb696baf5af4617c380,elementary,3,69fe3eb696baf5af4617c380,69fe3eb696baf5af4617c380,spotlight_PROLIFIC,,26,Mexico,Spanish,English,,Spanish:85|English:15,100,Spanish:40|English:60,100,Spanish:90|English:10,100,25,7,Bachelor's,10,10,10,9,9,10,6,14,6,12,TOEFL,96,,,,,20,25,B2,elementary|intermediate,intermediate|elementary,cambridge_15_21_random_elementary_intermediate,4,19,random,,189.2734375,536.4453125,209.7734375,645.34375,3,5,,,,,,,,,,,,2026-09-22T23:05:16.927Z,V4EJ4XA7,2026-09-22,2026-09-22,17:05:16,2026-09-22 17:05:16,,,,,,,,69fe3eb696baf5af4617c380,69fe3eb696baf5af4617c380,,,,
7961,raw_position_sample,2,1,ele,9,3,13,14,40, pedestrians.” ,576,197,1116794.0999999978,69fe3eb696baf5af4617c380,69fe3eb696baf5af4617c380,elementary,3,69fe3eb696baf5af4617c380,69fe3eb696baf5af4617c380,spotlight_PROLIFIC,,26,Mexico,Spanish,English,,Spanish:85|English:15,100,Spanish:40|English:60,100,Spanish:90|English:10,100,25,7,Bachelor's,10,10,10,9,9,10,6,14,6,12,TOEFL,96,,,,,20,25,B2,elementary|intermediate,intermediate|elementary,cambridge_15_21_random_elementary_intermediate,4,19,random,,189.2734375,536.4453125,209.7734375,645.34375,3,5,,,,,,,,,,,,2026-09-22T23:05:16.927Z,V4EJ4XA7,2026-09-22,2026-09-22,17:05:16,2026-09-22 17:05:16,,,,,,,,69fe3eb696baf5af4617c380,69fe3eb696baf5af4617c380,,,,
8011,raw_position_sample,2,1,ele,9,3,13,14,40, pedestrians.” ,592,195,1116844.1999999993,69fe3eb696baf5af4617c380,69fe3eb696baf5af4617c380,elementary,3,69fe3eb696baf5af4617c380,69fe3eb696baf5af4617c380,spotlight_PROLIFIC,,26,Mexico,Spanish,English,,Spanish:85|English:15,100,Spanish:40|English:60,100,Spanish:90|English:10,100,25,7,Bachelor's,10,10,10,9,9,10,6,14,6,12,TOEFL,96,,,,,20,25,B2,elementary|intermediate,intermediate|elementary,cambridge_15_21_random_elementary_intermediate,4,19,random,,189.2734375,536.4453125,209.7734375,645.34375,3,5,,,,,,,,,,,,2026-09-22T23:05:16.927Z,V4EJ4XA7,2026-09-22,2026-09-22,17:05:16,2026-09-22 17:05:16,,,,,,,,69fe3eb696baf5af4617c380,69fe3eb696baf5af4617c380,,,,
8061,raw_position_sample,2,1,ele,9,3,13,14,40, pedestrians.” ,609,192,1116894.0999999978,69fe3eb696baf5af4617c380,69fe3eb696baf5af4617c380,elementary,3,69fe3eb696baf5af4617c380,69fe3eb696baf5af4617c380,spotlight_PROLIFIC,,26,Mexico,Spanish,English,,Spanish:85|English:15,100,Spanish:40|English:60,100,Spanish:90|English:10,100,25,7,Bachelor's,10,10,10,9,9,10,6,14,6,12,TOEFL,96,,,,,20,25,B2,elementary|intermediate,intermediate|elementary,cambridge_15_21_random_elementary_intermediate,4,19,random,,189.2734375,536.4453125,209.7734375,645.34375,3,5,,,,,,,,,,,,2026-09-22T23:05:16.927Z,V4EJ4XA7,2026-09-22,2026-09-22,17:05:16,2026-09-22 17:05:16,,,,,,,,69fe3eb696baf5af4617c380,69fe3eb696baf5af4617c380,,,,
8111,raw_position_sample,2,1,ele,9,3,13,14,40, pedestrians.” ,623,190,1116944.0999999978,69fe3eb696baf5af4617c380,69fe3eb696baf5af4617c380,elementary,3,69fe3eb696baf5af4617c380,69fe3eb696baf5af4617c380,spotlight_PROLIFIC,,26,Mexico,Spanish,English,,Spanish:85|English:15,100,Spanish:40|English:60,100,Spanish:90|English:10,100,25,7,Bachelor's,10,10,10,9,9,10,6,14,6,12,TOEFL,96,,,,,20,25,B2,elementary|intermediate,intermediate|elementary,cambridge_15_21_random_elementary_intermediate,4,19,random,,189.2734375,536.4453125,209.7734375,645.34375,3,5,,,,,,,,,,,,2026-09-22T23:05:16.927Z,V4EJ4XA7,2026-09-22,2026-09-22,17:05:16,2026-09-22 17:05:16,,,,,,,,69fe3eb696baf5af4617c380,69fe3eb696baf5af4617c380,,,,
8161,raw_position_sample,2,1,ele,9,3,13,14,40, pedestrians.” ,637,188,1116994.3999999985,69fe3eb696baf5af4617c380,69fe3eb696baf5af4617c380,elementary,3,69fe3eb696baf5af4617c380,69fe3eb696baf5af4617c380,spotlight_PROLIFIC,,26,Mexico,Spanish,English,,Spanish:85|English:15,100,Spanish:40|English:60,100,Spanish:90|English:10,100,25,7,Bachelor's,10,10,10,9,9,10,6,14,6,12,TOEFL,96,,,,,20,25,B2,elementary|intermediate,intermediate|elementary,cambridge_15_21_random_elementary_intermediate,4,19,random,,189.2734375,536.4453125,209.7734375,645.34375,3,5,,,,,,,,,,,,2026-09-22T23:05:16.927Z,V4EJ4XA7,2026-09-22,2026-09-22,17:05:16,2026-09-22 17:05:16,,,,,,,,69fe3eb696baf5af4617c380,69fe3eb696baf5af4617c380,,,,
8178,hover_association,2,1,ele,9,3,13,14,40, pedestrians.” ,537,198,,69fe3eb696baf5af4617c380,69fe3eb696baf5af4617c380,elementary,3,69fe3eb696baf5af4617c380,69fe3eb696baf5af4617c380,spotlight_PROLIFIC,,26,Mexico,Spanish,English,,Spanish:85|English:15,100,Spanish:40|English:60,100,Spanish:90|English:10,100,25,7,Bachelor's,10,10,10,9,9,10,6,14,6,12,TOEFL,96,,,,,20,25,B2,elementary|intermediate,intermediate|elementary,cambridge_15_21_random_elementary_intermediate,4,19,random,,179.5234375,536.4453125,219.5234375,645.34375,3,5,hover,349.9000000022352,349.9000000022352,0.9692947844178205,0.2119140625,63,,,,,,2026-09-22T23:05:16.927Z,V4EJ4XA7,2026-09-22,2026-09-22,17:05:16,2026-09-22 17:05:16,,,,,,,,69fe3eb696baf5af4617c380,69fe3eb696baf5af4617c380,,,,
8211,raw_position_sample,2,1,ele,9,3,13,14,41, The ,654,188,1117044.0999999978,69fe3eb696baf5af4617c380,69fe3eb696baf5af4617c380,elementary,3,69fe3eb696baf5af4617c380,69fe3eb696baf5af4617c380,spotlight_PROLIFIC,,26,Mexico,Spanish,English,,Spanish:85|English:15,100,Spanish:40|English:60,100,Spanish:90|English:10,100,25,7,Bachelor's,10,10,10,9,9,10,6,14,6,12,TOEFL,96,,,,,20,25,B2,elementary|intermediate,intermediate|elementary,cambridge_15_21_random_elementary_intermediate,4,19,random,,189.2734375,645.34375,209.7734375,681.203125,3,6,,,,,,,,,,,,2026-09-22T23:05:16.927Z,V4EJ4XA7,2026-09-22,2026-09-22,17:05:16,2026-09-22 17:05:16,,,,,,,,69fe3eb696baf5af4617c380,69fe3eb696baf5af4617c380,,,,
8261,raw_position_sample,2,1,ele,9,3,13,14,41, The ,667,187,1117094,69fe3eb696baf5af4617c380,69fe3eb696baf5af4617c380,elementary,3,69fe3eb696baf5af4617c380,69fe3eb696baf5af4617c380,spotlight_PROLIFIC,,26,Mexico,Spanish,English,,Spanish:85|English:15,100,Spanish:40|English:60,100,Spanish:90|English:10,100,25,7,Bachelor's,10,10,10,9,9,10,6,14,6,12,TOEFL,96,,,,,20,25,B2,elementary|intermediate,intermediate|elementary,cambridge_15_21_random_elementary_intermediate,4,19,random,,189.2734375,645.34375,209.7734375,681.203125,3,6,,,,,,,,,,,,2026-09-22T23:05:16.927Z,V4EJ4XA7,2026-09-22,2026-09-22,17:05:16,2026-09-22 17:05:16,,,,,,,,69fe3eb696baf5af4617c380,69fe3eb696baf5af4617c380,,,,
8311,raw_position_sample,2,1,ele,9,3,13,14,41, The ,681,186,1117144.0999999978,69fe3eb696baf5af4617c380,69fe3eb696baf5af4617c380,elementary,3,69fe3eb696baf5af4617c380,69fe3eb696baf5af4617c380,spotlight_PROLIFIC,,26,Mexico,Spanish,English,,Spanish:85|English:15,100,Spanish:40|English:60,100,Spanish:90|English:10,100,25,7,Bachelor's,10,10,10,9,9,10,6,14,6,12,TOEFL,96,,,,,20,25,B2,elementary|intermediate,intermediate|elementary,cambridge_15_21_random_elementary_intermediate,4,19,random,,189.2734375,645.34375,209.7734375,681.203125,3,6,,,,,,,,,,,,2026-09-22T23:05:16.927Z,V4EJ4XA7,2026-09-22,2026-09-22,17:05:16,2026-09-22 17:05:16,,,,,,,,69fe3eb696baf5af4617c380,69fe3eb696baf5af4617c380,,,,
8311,hover_association,2,1,ele,9,3,13,14,41, The ,649,188,,69fe3eb696baf5af4617c380,69fe3eb696baf5af4617c380,elementary,3,69fe3eb696baf5af4617c380,69fe3eb696baf5af4617c380,spotlight_PROLIFIC,,26,Mexico,Spanish,English,,Spanish:85|English:15,100,Spanish:40|English:60,100,Spanish:90|English:10,100,25,7,Bachelor's,10,10,10,9,9,10,6,14,6,12,TOEFL,96,,,,,20,25,B2,elementary|intermediate,intermediate|elementary,cambridge_15_21_random_elementary_intermediate,4,19,random,,179.5234375,645.34375,219.5234375,681.203125,3,6,hover,133.39999999850988,133.39999999850988,0.9943355119825708,0.1619140625,63,,,,,,2026-09-22T23:05:16.927Z,V4EJ4XA7,2026-09-22,2026-09-22,17:05:16,2026-09-22 17:05:16,,,,,,,,69fe3eb696baf5af4617c380,69fe3eb696baf5af4617c380,,,,
8361,raw_position_sample,2,1,ele,9,3,13,14,42, cars ,695,186,1117194,69fe3eb696baf5af4617c380,69fe3eb696baf5af4617c380,elementary,3,69fe3eb696baf5af4617c380,69fe3eb696baf5af4617c380,spotlight_PROLIFIC,,26,Mexico,Spanish,English,,Spanish:85|English:15,100,Spanish:40|English:60,100,Spanish:90|English:10,100,25,7,Bachelor's,10,10,10,9,9,10,6,14,6,12,TOEFL,96,,,,,20,25,B2,elementary|intermediate,intermediate|elementary,cambridge_15_21_random_elementary_intermediate,4,19,random,,189.2734375,681.203125,209.7734375,720.2109375,3,7,,,,,,,,,,,,2026-09-22T23:05:16.927Z,V4EJ4XA7,2026-09-22,2026-09-22,17:05:16,2026-09-22 17:05:16,,,,,,,,69fe3eb696baf5af4617c380,69fe3eb696baf5af4617c380,,,,
8410,raw_position_sample,2,1,ele,9,3,13,14,42, cars ,703,186,1117243.6999999993,69fe3eb696baf5af4617c380,69fe3eb696baf5af4617c380,elementary,3,69fe3eb696baf5af4617c380,69fe3eb696baf5af4617c380,spotlight_PROLIFIC,,26,Mexico,Spanish,English,,Spanish:85|English:15,100,Spanish:40|English:60,100,Spanish:90|English:10,100,25,7,Bachelor's,10,10,10,9,9,10,6,14,6,12,TOEFL,96,,,,,20,25,B2,elementary|intermediate,intermediate|elementary,cambridge_15_21_random_elementary_intermediate,4,19,random,,189.2734375,681.203125,209.7734375,720.2109375,3,7,,,,,,,,,,,,2026-09-22T23:05:16.927Z,V4EJ4XA7,2026-09-22,2026-09-22,17:05:16,2026-09-22 17:05:16,,,,,,,,69fe3eb696baf5af4617c380,69fe3eb696baf5af4617c380,,,,
8461,raw_position_sample,2,1,ele,9,3,13,14,42, cars ,708,187,1117293.799999997,69fe3eb696baf5af4617c380,69fe3eb696baf5af4617c380,elementary,3,69fe3eb696baf5af4617c380,69fe3eb696baf5af4617c380,spotlight_PROLIFIC,,26,Mexico,Spanish,English,,Spanish:85|English:15,100,Spanish:40|English:60,100,Spanish:90|English:10,100,25,7,Bachelor's,10,10,10,9,9,10,6,14,6,12,TOEFL,96,,,,,20,25,B2,elementary|intermediate,intermediate|elementary,cambridge_15_21_random_elementary_intermediate,4,19,random,,189.2734375,681.203125,209.7734375,720.2109375,3,7,,,,,,,,,,,,2026-09-22T23:05:16.927Z,V4EJ4XA7,2026-09-22,2026-09-22,17:05:16,2026-09-22 17:05:16,,,,,,,,69fe3eb696baf5af4617c380,69fe3eb696baf5af4617c380,,,,
8511,raw_position_sample,2,1,ele,9,3,13,14,42, cars ,714,188,1117344,69fe3eb696baf5af4617c380,69fe3eb696baf5af4617c380,elementary,3,69fe3eb696baf5af4617c380,69fe3eb696baf5af4617c380,spotlight_PROLIFIC,,26,Mexico,Spanish,English,,Spanish:85|English:15,100,Spanish:40|English:60,100,Spanish:90|English:10,100,25,7,Bachelor's,10,10,10,9,9,10,6,14,6,12,TOEFL,96,,,,,20,25,B2,elementary|intermediate,intermediate|elementary,cambridge_15_21_random_elementary_intermediate,4,19,random,,189.2734375,681.203125,209.7734375,720.2109375,3,7,,,,,,,,,,,,2026-09-22T23:05:16.927Z,V4EJ4XA7,2026-09-22,2026-09-22,17:05:16,2026-09-22 17:05:16,,,,,,,,69fe3eb696baf5af4617c380,69fe3eb696baf5af4617c380,,,,
8561,raw_position_sample,2,1,ele,9,3,13,14,42, cars ,717,190,1117394.1999999993,69fe3eb696baf5af4617c380,69fe3eb696baf5af4617c380,elementary,3,69fe3eb696baf5af4617c380,69fe3eb696baf5af4617c380,spotlight_PROLIFIC,,26,Mexico,Spanish,English,,Spanish:85|English:15,100,Spanish:40|English:60,100,Spanish:90|English:10,100,25,7,Bachelor's,10,10,10,9,9,10,6,14,6,12,TOEFL,96,,,,,20,25,B2,elementary|intermediate,intermediate|elementary,cambridge_15_21_random_elementary_intermediate,4,19,random,,189.2734375,681.203125,209.7734375,720.2109375,3,7,,,,,,,,,,,,2026-09-22T23:05:16.927Z,V4EJ4XA7,2026-09-22,2026-09-22,17:05:16,2026-09-22 17:05:16,,,,,,,,69fe3eb696baf5af4617c380,69fe3eb696baf5af4617c380,,,,
8594,hover_association,2,1,ele,9,3,13,14,42, cars ,685,186,,69fe3eb696baf5af4617c380,69fe3eb696baf5af4617c380,elementary,3,69fe3eb696baf5af4617c380,69fe3eb696baf5af4617c380,spotlight_PROLIFIC,,26,Mexico,Spanish,English,,Spanish:85|English:15,100,Spanish:40|English:60,100,Spanish:90|English:10,100,25,7,Bachelor's,10,10,10,9,9,10,6,14,6,12,TOEFL,96,,,,,20,25,B2,elementary|intermediate,intermediate|elementary,cambridge_15_21_random_elementary_intermediate,4,19,random,,179.5234375,681.203125,219.5234375,720.2109375,3,7,hover,283.19999999925494,283.19999999925494,0.9945924294011617,0.2869140625,63,,,,,,2026-09-22T23:05:16.927Z,V4EJ4XA7,2026-09-22,2026-09-22,17:05:16,2026-09-22 17:05:16,,,,,,,,69fe3eb696baf5af4617c380,69fe3eb696baf5af4617c380,,,,
8611,raw_position_sample,2,1,ele,9,3,13,14,43, have ,722,191,1117444,69fe3eb696baf5af4617c380,69fe3eb696baf5af4617c380,elementary,3,69fe3eb696baf5af4617c380,69fe3eb696baf5af4617c380,spotlight_PROLIFIC,,26,Mexico,Spanish,English,,Spanish:85|English:15,100,Spanish:40|English:60,100,Spanish:90|English:10,100,25,7,Bachelor's,10,10,10,9,9,10,6,14,6,12,TOEFL,96,,,,,20,25,B2,elementary|intermediate,intermediate|elementary,cambridge_15_21_random_elementary_intermediate,4,19,random,,189.2734375,720.2109375,209.7734375,764.25,3,8,,,,,,,,,,,,2026-09-22T23:05:16.927Z,V4EJ4XA7,2026-09-22,2026-09-22,17:05:16,2026-09-22 17:05:16,,,,,,,,69fe3eb696baf5af4617c380,69fe3eb696baf5af4617c380,,,,
8660,raw_position_sample,2,1,ele,9,3,13,14,43, have ,728,193,1117493.5,69fe3eb696baf5af4617c380,69fe3eb696baf5af4617c380,elementary,3,69fe3eb696baf5af4617c380,69fe3eb696baf5af4617c380,spotlight_PROLIFIC,,26,Mexico,Spanish,English,,Spanish:85|English:15,100,Spanish:40|English:60,100,Spanish:90|English:10,100,25,7,Bachelor's,10,10,10,9,9,10,6,14,6,12,TOEFL,96,,,,,20,25,B2,elementary|intermediate,intermediate|elementary,cambridge_15_21_random_elementary_intermediate,4,19,random,,189.2734375,720.2109375,209.7734375,764.25,3,8,,,,,,,,,,,,2026-09-22T23:05:16.927Z,V4EJ4XA7,2026-09-22,2026-09-22,17:05:16,2026-09-22 17:05:16,,,,,,,,69fe3eb696baf5af4617c380,69fe3eb696baf5af4617c380,,,,
8711,raw_position_sample,2,1,ele,9,3,13,14,43, have ,737,194,1117544.299999997,69fe3eb696baf5af4617c380,69fe3eb696baf5af4617c380,elementary,3,69fe3eb696baf5af4617c380,69fe3eb696baf5af4617c380,spotlight_PROLIFIC,,26,Mexico,Spanish,English,,Spanish:85|English:15,100,Spanish:40|English:60,100,Spanish:90|English:10,100,25,7,Bachelor's,10,10,10,9,9,10,6,14,6,12,TOEFL,96,,,,,20,25,B2,elementary|intermediate,intermediate|elementary,cambridge_15_21_random_elementary_intermediate,4,19,random,,189.2734375,720.2109375,209.7734375,764.25,3,8,,,,,,,,,,,,2026-09-22T23:05:16.927Z,V4EJ4XA7,2026-09-22,2026-09-22,17:05:16,2026-09-22 17:05:16,,,,,,,,69fe3eb696baf5af4617c380,69fe3eb696baf5af4617c380,,,,
8761,raw_position_sample,2,1,ele,9,3,13,14,43, have ,752,196,1117593.799999997,69fe3eb696baf5af4617c380,69fe3eb696baf5af4617c380,elementary,3,69fe3eb696baf5af4617c380,69fe3eb696baf5af4617c380,spotlight_PROLIFIC,,26,Mexico,Spanish,English,,Spanish:85|English:15,100,Spanish:40|English:60,100,Spanish:90|English:10,100,25,7,Bachelor's,10,10,10,9,9,10,6,14,6,12,TOEFL,96,,,,,20,25,B2,elementary|intermediate,intermediate|elementary,cambridge_15_21_random_elementary_intermediate,4,19,random,,189.2734375,720.2109375,209.7734375,764.25,3,8,,,,,,,,,,,,2026-09-22T23:05:16.927Z,V4EJ4XA7,2026-09-22,2026-09-22,17:05:16,2026-09-22 17:05:16,,,,,,,,69fe3eb696baf5af4617c380,69fe3eb696baf5af4617c380,,,,
8778,hover_association,2,1,ele,9,3,13,14,43, have ,722,191,,69fe3eb696baf5af4617c380,69fe3eb696baf5af4617c380,elementary,3,69fe3eb696baf5af4617c380,69fe3eb696baf5af4617c380,spotlight_PROLIFIC,,26,Mexico,Spanish,English,,Spanish:85|English:15,100,Spanish:40|English:60,100,Spanish:90|English:10,100,25,7,Bachelor's,10,10,10,9,9,10,6,14,6,12,TOEFL,96,,,,,20,25,B2,elementary|intermediate,intermediate|elementary,cambridge_15_21_random_elementary_intermediate,4,19,random,,179.5234375,720.2109375,219.5234375,764.25,3,8,hover,183.80000000074506,183.80000000074506,0.9034947667198865,0.4119140625,63,,,,,,2026-09-22T23:05:16.927Z,V4EJ4XA7,2026-09-22,2026-09-22,17:05:16,2026-09-22 17:05:16,,,,,,,,69fe3eb696baf5af4617c380,69fe3eb696baf5af4617c380,,,,
8811,raw_position_sample,2,1,ele,9,3,13,14,44, been ,772,196,1117644,69fe3eb696baf5af4617c380,69fe3eb696baf5af4617c380,elementary,3,69fe3eb696baf5af4617c380,69fe3eb696baf5af4617c380,spotlight_PROLIFIC,,26,Mexico,Spanish,English,,Spanish:85|English:15,100,Spanish:40|English:60,100,Spanish:90|English:10,100,25,7,Bachelor's,10,10,10,9,9,10,6,14,6,12,TOEFL,96,,,,,20,25,B2,elementary|intermediate,intermediate|elementary,cambridge_15_21_random_elementary_intermediate,4,19,random,,189.2734375,764.25,209.7734375,809.296875,3,9,,,,,,,,,,,,2026-09-22T23:05:16.927Z,V4EJ4XA7,2026-09-22,2026-09-22,17:05:16,2026-09-22 17:05:16,,,,,,,,69fe3eb696baf5af4617c380,69fe3eb696baf5af4617c380,,,,
8861,raw_position_sample,2,1,ele,9,3,13,14,44, been ,777,197,1117693.8999999985,69fe3eb696baf5af4617c380,69fe3eb696baf5af4617c380,elementary,3,69fe3eb696baf5af4617c380,69fe3eb696baf5af4617c380,spotlight_PROLIFIC,,26,Mexico,Spanish,English,,Spanish:85|English:15,100,Spanish:40|English:60,100,Spanish:90|English:10,100,25,7,Bachelor's,10,10,10,9,9,10,6,14,6,12,TOEFL,96,,,,,20,25,B2,elementary|intermediate,intermediate|elementary,cambridge_15_21_random_elementary_intermediate,4,19,random,,189.2734375,764.25,209.7734375,809.296875,3,9,,,,,,,,,,,,2026-09-22T23:05:16.927Z,V4EJ4XA7,2026-09-22,2026-09-22,17:05:16,2026-09-22 17:05:16,,,,,,,,69fe3eb696baf5af4617c380,69fe3eb696baf5af4617c380,,,,
8911,raw_position_sample,2,1,ele,9,3,13,14,44, been ,777,197,1117744.299999997,69fe3eb696baf5af4617c380,69fe3eb696baf5af4617c380,elementary,3,69fe3eb696baf5af4617c380,69fe3eb696baf5af4617c380,spotlight_PROLIFIC,,26,Mexico,Spanish,English,,Spanish:85|English:15,100,Spanish:40|English:60,100,Spanish:90|English:10,100,25,7,Bachelor's,10,10,10,9,9,10,6,14,6,12,TOEFL,96,,,,,20,25,B2,elementary|intermediate,intermediate|elementary,cambridge_15_21_random_elementary_intermediate,4,19,random,,189.2734375,764.25,209.7734375,809.296875,3,9,,,,,,,,,,,,2026-09-22T23:05:16.927Z,V4EJ4XA7,2026-09-22,2026-09-22,17:05:16,2026-09-22 17:05:16,,,,,,,,69fe3eb696baf5af4617c380,69fe3eb696baf5af4617c380,,,,
8961,raw_position_sample,2,1,ele,9,3,13,14,44, been ,777,197,1117793.799999997,69fe3eb696baf5af4617c380,69fe3eb696baf5af4617c380,elementary,3,69fe3eb696baf5af4617c380,69fe3eb696baf5af4617c380,spotlight_PROLIFIC,,26,Mexico,Spanish,English,,Spanish:85|English:15,100,Spanish:40|English:60,100,Spanish:90|English:10,100,25,7,Bachelor's,10,10,10,9,9,10,6,14,6,12,TOEFL,96,,,,,20,25,B2,elementary|intermediate,intermediate|elementary,cambridge_15_21_random_elementary_intermediate,4,19,random,,189.2734375,764.25,209.7734375,809.296875,3,9,,,,,,,,,,,,2026-09-22T23:05:16.927Z,V4EJ4XA7,2026-09-22,2026-09-22,17:05:16,2026-09-22 17:05:16,,,,,,,,69fe3eb696baf5af4617c380,69fe3eb696baf5af4617c380,,,,
9011,raw_position_sample,2,1,ele,9,3,13,14,44, been ,777,197,1117844.299999997,69fe3eb696baf5af4617c380,69fe3eb696baf5af4617c380,elementary,3,69fe3eb696baf5af4617c380,69fe3eb696baf5af4617c380,spotlight_PROLIFIC,,26,Mexico,Spanish,English,,Spanish:85|English:15,100,Spanish:40|English:60,100,Spanish:90|English:10,100,25,7,Bachelor's,10,10,10,9,9,10,6,14,6,12,TOEFL,96,,,,,20,25,B2,elementary|intermediate,intermediate|elementary,cambridge_15_21_random_elementary_intermediate,4,19,random,,189.2734375,764.25,209.7734375,809.296875,3,9,,,,,,,,,,,,2026-09-22T23:05:16.927Z,V4EJ4XA7,2026-09-22,2026-09-22,17:05:16,2026-09-22 17:05:16,,,,,,,,69fe3eb696baf5af4617c380,69fe3eb696baf5af4617c380,,,,
9061,raw_position_sample,2,1,ele,9,3,13,14,44, been ,777,197,1117894.0999999978,69fe3eb696baf5af4617c380,69fe3eb696baf5af4617c380,elementary,3,69fe3eb696baf5af4617c380,69fe3eb696baf5af4617c380,spotlight_PROLIFIC,,26,Mexico,Spanish,English,,Spanish:85|English:15,100,Spanish:40|English:60,100,Spanish:90|English:10,100,25,7,Bachelor's,10,10,10,9,9,10,6,14,6,12,TOEFL,96,,,,,20,25,B2,elementary|intermediate,intermediate|elementary,cambridge_15_21_random_elementary_intermediate,4,19,random,,189.2734375,764.25,209.7734375,809.296875,3,9,,,,,,,,,,,,2026-09-22T23:05:16.927Z,V4EJ4XA7,2026-09-22,2026-09-22,17:05:16,2026-09-22 17:05:16,,,,,,,,69fe3eb696baf5af4617c380,69fe3eb696baf5af4617c380,,,,
9111,raw_position_sample,2,1,ele,9,3,13,14,44, been ,778,197,1117943.799999997,69fe3eb696baf5af4617c380,69fe3eb696baf5af4617c380,elementary,3,69fe3eb696baf5af4617c380,69fe3eb696baf5af4617c380,spotlight_PROLIFIC,,26,Mexico,Spanish,English,,Spanish:85|English:15,100,Spanish:40|English:60,100,Spanish:90|English:10,100,25,7,Bachelor's,10,10,10,9,9,10,6,14,6,12,TOEFL,96,,,,,20,25,B2,elementary|intermediate,intermediate|elementary,cambridge_15_21_random_elementary_intermediate,4,19,random,,189.2734375,764.25,209.7734375,809.296875,3,9,,,,,,,,,,,,2026-09-22T23:05:16.927Z,V4EJ4XA7,2026-09-22,2026-09-22,17:05:16,2026-09-22 17:05:16,,,,,,,,69fe3eb696baf5af4617c380,69fe3eb696baf5af4617c380,,,,
9159,hover_association,2,1,ele,9,3,13,14,44, been ,766,196,,69fe3eb696baf5af4617c380,69fe3eb696baf5af4617c380,elementary,3,69fe3eb696baf5af4617c380,69fe3eb696baf5af4617c380,spotlight_PROLIFIC,,26,Mexico,Spanish,English,,Spanish:85|English:15,100,Spanish:40|English:60,100,Spanish:90|English:10,100,25,7,Bachelor's,10,10,10,9,9,10,6,14,6,12,TOEFL,96,,,,,20,25,B2,elementary|intermediate,intermediate|elementary,cambridge_15_21_random_elementary_intermediate,4,19,random,,179.5234375,764.25,219.5234375,809.296875,3,9,hover,380.80000000074506,380.80000000074506,0.9712105445716268,0.3869140625,63,,,,,,2026-09-22T23:05:16.927Z,V4EJ4XA7,2026-09-22,2026-09-22,17:05:16,2026-09-22 17:05:16,,,,,,,,69fe3eb696baf5af4617c380,69fe3eb696baf5af4617c380,,,,
9159,raw_position_sample,2,1,ele,9,3,13,14,45, built ,822,195,1117992.799999997,69fe3eb696baf5af4617c380,69fe3eb696baf5af4617c380,elementary,3,69fe3eb696baf5af4617c380,69fe3eb696baf5af4617c380,spotlight_PROLIFIC,,26,Mexico,Spanish,English,,Spanish:85|English:15,100,Spanish:40|English:60,100,Spanish:90|English:10,100,25,7,Bachelor's,10,10,10,9,9,10,6,14,6,12,TOEFL,96,,,,,20,25,B2,elementary|intermediate,intermediate|elementary,cambridge_15_21_random_elementary_intermediate,4,19,random,,189.2734375,809.296875,209.7734375,847.3203125,3,10,,,,,,,,,,,,2026-09-22T23:05:16.927Z,V4EJ4XA7,2026-09-22,2026-09-22,17:05:16,2026-09-22 17:05:16,,,,,,,,69fe3eb696baf5af4617c380,69fe3eb696baf5af4617c380,,,,
9210,raw_position_sample,2,1,ele,9,3,13,14,45, built ,843,195,1118043.299999997,69fe3eb696baf5af4617c380,69fe3eb696baf5af4617c380,elementary,3,69fe3eb696baf5af4617c380,69fe3eb696baf5af4617c380,spotlight_PROLIFIC,,26,Mexico,Spanish,English,,Spanish:85|English:15,100,Spanish:40|English:60,100,Spanish:90|English:10,100,25,7,Bachelor's,10,10,10,9,9,10,6,14,6,12,TOEFL,96,,,,,20,25,B2,elementary|intermediate,intermediate|elementary,cambridge_15_21_random_elementary_intermediate,4,19,random,,189.2734375,809.296875,209.7734375,847.3203125,3,10,,,,,,,,,,,,2026-09-22T23:05:16.927Z,V4EJ4XA7,2026-09-22,2026-09-22,17:05:16,2026-09-22 17:05:16,,,,,,,,69fe3eb696baf5af4617c380,69fe3eb696baf5af4617c380,,,,
9210,hover_association,2,1,ele,9,3,13,14,45, built ,822,195,,69fe3eb696baf5af4617c380,69fe3eb696baf5af4617c380,elementary,3,69fe3eb696baf5af4617c380,69fe3eb696baf5af4617c380,spotlight_PROLIFIC,,26,Mexico,Spanish,English,,Spanish:85|English:15,100,Spanish:40|English:60,100,Spanish:90|English:10,100,25,7,Bachelor's,10,10,10,9,9,10,6,14,6,12,TOEFL,96,,,,,20,25,B2,elementary|intermediate,intermediate|elementary,cambridge_15_21_random_elementary_intermediate,4,19,random,,179.5234375,809.296875,219.5234375,847.3203125,3,10,hover,51.30000000074506,51.30000000074506,0.8863776453667557,0.3869140625,63,,,,,,2026-09-22T23:05:16.927Z,V4EJ4XA7,2026-09-22,2026-09-22,17:05:16,2026-09-22 17:05:16,,,,,,,,69fe3eb696baf5af4617c380,69fe3eb696baf5af4617c380,,,,
9261,raw_position_sample,2,1,ele,9,3,13,14,46, specially ,863,195,1118094,69fe3eb696baf5af4617c380,69fe3eb696baf5af4617c380,elementary,3,69fe3eb696baf5af4617c380,69fe3eb696baf5af4617c380,spotlight_PROLIFIC,,26,Mexico,Spanish,English,,Spanish:85|English:15,100,Spanish:40|English:60,100,Spanish:90|English:10,100,25,7,Bachelor's,10,10,10,9,9,10,6,14,6,12,TOEFL,96,,,,,20,25,B2,elementary|intermediate,intermediate|elementary,cambridge_15_21_random_elementary_intermediate,4,19,random,,189.2734375,847.3203125,209.7734375,921.3515625,3,11,,,,,,,,,,,,2026-09-22T23:05:16.927Z,V4EJ4XA7,2026-09-22,2026-09-22,17:05:16,2026-09-22 17:05:16,,,,,,,,69fe3eb696baf5af4617c380,69fe3eb696baf5af4617c380,,,,
9311,raw_position_sample,2,1,ele,9,3,13,14,46, specially ,874,194,1118143.8999999985,69fe3eb696baf5af4617c380,69fe3eb696baf5af4617c380,elementary,3,69fe3eb696baf5af4617c380,69fe3eb696baf5af4617c380,spotlight_PROLIFIC,,26,Mexico,Spanish,English,,Spanish:85|English:15,100,Spanish:40|English:60,100,Spanish:90|English:10,100,25,7,Bachelor's,10,10,10,9,9,10,6,14,6,12,TOEFL,96,,,,,20,25,B2,elementary|intermediate,intermediate|elementary,cambridge_15_21_random_elementary_intermediate,4,19,random,,189.2734375,847.3203125,209.7734375,921.3515625,3,11,,,,,,,,,,,,2026-09-22T23:05:16.927Z,V4EJ4XA7,2026-09-22,2026-09-22,17:05:16,2026-09-22 17:05:16,,,,,,,,69fe3eb696baf5af4617c380,69fe3eb696baf5af4617c380,,,,
9361,raw_position_sample,2,1,ele,9,3,13,14,46, specially ,886,193,1118194.0999999978,69fe3eb696baf5af4617c380,69fe3eb696baf5af4617c380,elementary,3,69fe3eb696baf5af4617c380,69fe3eb696baf5af4617c380,spotlight_PROLIFIC,,26,Mexico,Spanish,English,,Spanish:85|English:15,100,Spanish:40|English:60,100,Spanish:90|English:10,100,25,7,Bachelor's,10,10,10,9,9,10,6,14,6,12,TOEFL,96,,,,,20,25,B2,elementary|intermediate,intermediate|elementary,cambridge_15_21_random_elementary_intermediate,4,19,random,,189.2734375,847.3203125,209.7734375,921.3515625,3,11,,,,,,,,,,,,2026-09-22T23:05:16.927Z,V4EJ4XA7,2026-09-22,2026-09-22,17:05:16,2026-09-22 17:05:16,,,,,,,,69fe3eb696baf5af4617c380,69fe3eb696baf5af4617c380,,,,
9411,raw_position_sample,2,1,ele,9,3,13,14,46, specially ,902,193,1118244.0999999978,69fe3eb696baf5af4617c380,69fe3eb696baf5af4617c380,elementary,3,69fe3eb696baf5af4617c380,69fe3eb696baf5af4617c380,spotlight_PROLIFIC,,26,Mexico,Spanish,English,,Spanish:85|English:15,100,Spanish:40|English:60,100,Spanish:90|English:10,100,25,7,Bachelor's,10,10,10,9,9,10,6,14,6,12,TOEFL,96,,,,,20,25,B2,elementary|intermediate,intermediate|elementary,cambridge_15_21_random_elementary_intermediate,4,19,random,,189.2734375,847.3203125,209.7734375,921.3515625,3,11,,,,,,,,,,,,2026-09-22T23:05:16.927Z,V4EJ4XA7,2026-09-22,2026-09-22,17:05:16,2026-09-22 17:05:16,,,,,,,,69fe3eb696baf5af4617c380,69fe3eb696baf5af4617c380,,,,
9461,raw_position_sample,2,1,ele,9,3,13,14,46, specially ,916,193,1118294,69fe3eb696baf5af4617c380,69fe3eb696baf5af4617c380,elementary,3,69fe3eb696baf5af4617c380,69fe3eb696baf5af4617c380,spotlight_PROLIFIC,,26,Mexico,Spanish,English,,Spanish:85|English:15,100,Spanish:40|English:60,100,Spanish:90|English:10,100,25,7,Bachelor's,10,10,10,9,9,10,6,14,6,12,TOEFL,96,,,,,20,25,B2,elementary|intermediate,intermediate|elementary,cambridge_15_21_random_elementary_intermediate,4,19,random,,189.2734375,847.3203125,209.7734375,921.3515625,3,11,,,,,,,,,,,,2026-09-22T23:05:16.927Z,V4EJ4XA7,2026-09-22,2026-09-22,17:05:16,2026-09-22 17:05:16,,,,,,,,69fe3eb696baf5af4617c380,69fe3eb696baf5af4617c380,,,,
9461,hover_association,2,1,ele,9,3,13,14,46, specially ,851,195,,69fe3eb696baf5af4617c380,69fe3eb696baf5af4617c380,elementary,3,69fe3eb696baf5af4617c380,69fe3eb696baf5af4617c380,spotlight_PROLIFIC,,26,Mexico,Spanish,English,,Spanish:85|English:15,100,Spanish:40|English:60,100,Spanish:90|English:10,100,25,7,Bachelor's,10,10,10,9,9,10,6,14,6,12,TOEFL,96,,,,,20,25,B2,elementary|intermediate,intermediate|elementary,cambridge_15_21_random_elementary_intermediate,4,19,random,,179.5234375,847.3203125,219.5234375,921.3515625,3,11,hover,251,251,0.9277121148163782,0.3369140625,63,,,,,,2026-09-22T23:05:16.927Z,V4EJ4XA7,2026-09-22,2026-09-22,17:05:16,2026-09-22 17:05:16,,,,,,,,69fe3eb696baf5af4617c380,69fe3eb696baf5af4617c380,,,,
9511,raw_position_sample,2,1,ele,9,3,13,14,47, by ,932,195,1118344.5,69fe3eb696baf5af4617c380,69fe3eb696baf5af4617c380,elementary,3,69fe3eb696baf5af4617c380,69fe3eb696baf5af4617c380,spotlight_PROLIFIC,,26,Mexico,Spanish,English,,Spanish:85|English:15,100,Spanish:40|English:60,100,Spanish:90|English:10,100,25,7,Bachelor's,10,10,10,9,9,10,6,14,6,12,TOEFL,96,,,,,20,25,B2,elementary|intermediate,intermediate|elementary,cambridge_15_21_random_elementary_intermediate,4,19,random,,189.2734375,921.3515625,209.7734375,945.3671875,3,12,,,,,,,,,,,,2026-09-22T23:05:16.927Z,V4EJ4XA7,2026-09-22,2026-09-22,17:05:16,2026-09-22 17:05:16,,,,,,,,69fe3eb696baf5af4617c380,69fe3eb696baf5af4617c380,,,,
9545,hover_association,2,1,ele,9,3,13,14,47, by ,922,194,,69fe3eb696baf5af4617c380,69fe3eb696baf5af4617c380,elementary,3,69fe3eb696baf5af4617c380,69fe3eb696baf5af4617c380,spotlight_PROLIFIC,,26,Mexico,Spanish,English,,Spanish:85|English:15,100,Spanish:40|English:60,100,Spanish:90|English:10,100,25,7,Bachelor's,10,10,10,9,9,10,6,14,6,12,TOEFL,96,,,,,20,25,B2,elementary|intermediate,intermediate|elementary,cambridge_15_21_random_elementary_intermediate,4,19,random,,179.5234375,921.3515625,219.5234375,945.3671875,3,12,hover,83.29999999701977,83.29999999701977,0.9014313597918022,0.3869140625,63,,,,,,2026-09-22T23:05:16.927Z,V4EJ4XA7,2026-09-22,2026-09-22,17:05:16,2026-09-22 17:05:16,,,,,,,,69fe3eb696baf5af4617c380,69fe3eb696baf5af4617c380,,,,
9561,raw_position_sample,2,1,ele,9,3,13,14,48, a ,951,196,1118394.5,69fe3eb696baf5af4617c380,69fe3eb696baf5af4617c380,elementary,3,69fe3eb696baf5af4617c380,69fe3eb696baf5af4617c380,spotlight_PROLIFIC,,26,Mexico,Spanish,English,,Spanish:85|English:15,100,Spanish:40|English:60,100,Spanish:90|English:10,100,25,7,Bachelor's,10,10,10,9,9,10,6,14,6,12,TOEFL,96,,,,,20,25,B2,elementary|intermediate,intermediate|elementary,cambridge_15_21_random_elementary_intermediate,4,19,random,,189.2734375,945.3671875,209.7734375,960.3828125,3,13,,,,,,,,,,,,2026-09-22T23:05:16.927Z,V4EJ4XA7,2026-09-22,2026-09-22,17:05:16,2026-09-22 17:05:16,,,,,,,,69fe3eb696baf5af4617c380,69fe3eb696baf5af4617c380,,,,
9579,hover_association,2,1,ele,9,3,13,14,48, a ,951,196,,69fe3eb696baf5af4617c380,69fe3eb696baf5af4617c380,elementary,3,69fe3eb696baf5af4617c380,69fe3eb696baf5af4617c380,spotlight_PROLIFIC,,26,Mexico,Spanish,English,,Spanish:85|English:15,100,Spanish:40|English:60,100,Spanish:90|English:10,100,25,7,Bachelor's,10,10,10,9,9,10,6,14,6,12,TOEFL,96,,,,,20,25,B2,elementary|intermediate,intermediate|elementary,cambridge_15_21_random_elementary_intermediate,4,19,random,,179.5234375,945.3671875,219.5234375,960.3828125,3,13,hover,34.70000000298023,34.70000000298023,0.7081165452653486,0.4119140625,63,,,,,,2026-09-22T23:05:16.927Z,V4EJ4XA7,2026-09-22,2026-09-22,17:05:16,2026-09-22 17:05:16,,,,,,,,69fe3eb696baf5af4617c380,69fe3eb696baf5af4617c380,,,,
9611,raw_position_sample,2,1,ele,9,3,13,14,49, company ,965,196,1118444.0999999978,69fe3eb696baf5af4617c380,69fe3eb696baf5af4617c380,elementary,3,69fe3eb696baf5af4617c380,69fe3eb696baf5af4617c380,spotlight_PROLIFIC,,26,Mexico,Spanish,English,,Spanish:85|English:15,100,Spanish:40|English:60,100,Spanish:90|English:10,100,25,7,Bachelor's,10,10,10,9,9,10,6,14,6,12,TOEFL,96,,,,,20,25,B2,elementary|intermediate,intermediate|elementary,cambridge_15_21_random_elementary_intermediate,4,19,random,,189.2734375,960.3828125,209.7734375,1038.421875,3,14,,,,,,,,,,,,2026-09-22T23:05:16.927Z,V4EJ4XA7,2026-09-22,2026-09-22,17:05:16,2026-09-22 17:05:16,,,,,,,,69fe3eb696baf5af4617c380,69fe3eb696baf5af4617c380,,,,
9661,raw_position_sample,2,1,ele,9,3,13,14,49, company ,978,196,1118494.0999999978,69fe3eb696baf5af4617c380,69fe3eb696baf5af4617c380,elementary,3,69fe3eb696baf5af4617c380,69fe3eb696baf5af4617c380,spotlight_PROLIFIC,,26,Mexico,Spanish,English,,Spanish:85|English:15,100,Spanish:40|English:60,100,Spanish:90|English:10,100,25,7,Bachelor's,10,10,10,9,9,10,6,14,6,12,TOEFL,96,,,,,20,25,B2,elementary|intermediate,intermediate|elementary,cambridge_15_21_random_elementary_intermediate,4,19,random,,189.2734375,960.3828125,209.7734375,1038.421875,3,14,,,,,,,,,,,,2026-09-22T23:05:16.927Z,V4EJ4XA7,2026-09-22,2026-09-22,17:05:16,2026-09-22 17:05:16,,,,,,,,69fe3eb696baf5af4617c380,69fe3eb696baf5af4617c380,,,,
9711,raw_position_sample,2,1,ele,9,3,13,14,49, company ,997,196,1118543.799999997,69fe3eb696baf5af4617c380,69fe3eb696baf5af4617c380,elementary,3,69fe3eb696baf5af4617c380,69fe3eb696baf5af4617c380,spotlight_PROLIFIC,,26,Mexico,Spanish,English,,Spanish:85|English:15,100,Spanish:40|English:60,100,Spanish:90|English:10,100,25,7,Bachelor's,10,10,10,9,9,10,6,14,6,12,TOEFL,96,,,,,20,25,B2,elementary|intermediate,intermediate|elementary,cambridge_15_21_random_elementary_intermediate,4,19,random,,189.2734375,960.3828125,209.7734375,1038.421875,3,14,,,,,,,,,,,,2026-09-22T23:05:16.927Z,V4EJ4XA7,2026-09-22,2026-09-22,17:05:16,2026-09-22 17:05:16,,,,,,,,69fe3eb696baf5af4617c380,69fe3eb696baf5af4617c380,,,,
9761,raw_position_sample,2,1,ele,9,3,13,14,49, company ,1010,196,1118594.1999999993,69fe3eb696baf5af4617c380,69fe3eb696baf5af4617c380,elementary,3,69fe3eb696baf5af4617c380,69fe3eb696baf5af4617c380,spotlight_PROLIFIC,,26,Mexico,Spanish,English,,Spanish:85|English:15,100,Spanish:40|English:60,100,Spanish:90|English:10,100,25,7,Bachelor's,10,10,10,9,9,10,6,14,6,12,TOEFL,96,,,,,20,25,B2,elementary|intermediate,intermediate|elementary,cambridge_15_21_random_elementary_intermediate,4,19,random,,189.2734375,960.3828125,209.7734375,1038.421875,3,14,,,,,,,,,,,,2026-09-22T23:05:16.927Z,V4EJ4XA7,2026-09-22,2026-09-22,17:05:16,2026-09-22 17:05:16,,,,,,,,69fe3eb696baf5af4617c380,69fe3eb696baf5af4617c380,,,,
9811,raw_position_sample,2,1,ele,9,3,13,14,49, company ,1019,196,1118644.1999999993,69fe3eb696baf5af4617c380,69fe3eb696baf5af4617c380,elementary,3,69fe3eb696baf5af4617c380,69fe3eb696baf5af4617c380,spotlight_PROLIFIC,,26,Mexico,Spanish,English,,Spanish:85|English:15,100,Spanish:40|English:60,100,Spanish:90|English:10,100,25,7,Bachelor's,10,10,10,9,9,10,6,14,6,12,TOEFL,96,,,,,20,25,B2,elementary|intermediate,intermediate|elementary,cambridge_15_21_random_elementary_intermediate,4,19,random,,189.2734375,960.3828125,209.7734375,1038.421875,3,14,,,,,,,,,,,,2026-09-22T23:05:16.927Z,V4EJ4XA7,2026-09-22,2026-09-22,17:05:16,2026-09-22 17:05:16,,,,,,,,69fe3eb696baf5af4617c380,69fe3eb696baf5af4617c380,,,,
9860,raw_position_sample,2,1,ele,9,3,13,14,49, company ,1025,196,1118693.5999999978,69fe3eb696baf5af4617c380,69fe3eb696baf5af4617c380,elementary,3,69fe3eb696baf5af4617c380,69fe3eb696baf5af4617c380,spotlight_PROLIFIC,,26,Mexico,Spanish,English,,Spanish:85|English:15,100,Spanish:40|English:60,100,Spanish:90|English:10,100,25,7,Bachelor's,10,10,10,9,9,10,6,14,6,12,TOEFL,96,,,,,20,25,B2,elementary|intermediate,intermediate|elementary,cambridge_15_21_random_elementary_intermediate,4,19,random,,189.2734375,960.3828125,209.7734375,1038.421875,3,14,,,,,,,,,,,,2026-09-22T23:05:16.927Z,V4EJ4XA7,2026-09-22,2026-09-22,17:05:16,2026-09-22 17:05:16,,,,,,,,69fe3eb696baf5af4617c380,69fe3eb696baf5af4617c380,,,,
9910,raw_position_sample,2,1,ele,9,3,13,14,49, company ,1027,197,1118742.8999999985,69fe3eb696baf5af4617c380,69fe3eb696baf5af4617c380,elementary,3,69fe3eb696baf5af4617c380,69fe3eb696baf5af4617c380,spotlight_PROLIFIC,,26,Mexico,Spanish,English,,Spanish:85|English:15,100,Spanish:40|English:60,100,Spanish:90|English:10,100,25,7,Bachelor's,10,10,10,9,9,10,6,14,6,12,TOEFL,96,,,,,20,25,B2,elementary|intermediate,intermediate|elementary,cambridge_15_21_random_elementary_intermediate,4,19,random,,189.2734375,960.3828125,209.7734375,1038.421875,3,14,,,,,,,,,,,,2026-09-22T23:05:16.927Z,V4EJ4XA7,2026-09-22,2026-09-22,17:05:16,2026-09-22 17:05:16,,,,,,,,69fe3eb696baf5af4617c380,69fe3eb696baf5af4617c380,,,,
9961,raw_position_sample,2,1,ele,9,3,13,14,49, company ,1024,197,1118794.5999999978,69fe3eb696baf5af4617c380,69fe3eb696baf5af4617c380,elementary,3,69fe3eb696baf5af4617c380,69fe3eb696baf5af4617c380,spotlight_PROLIFIC,,26,Mexico,Spanish,English,,Spanish:85|English:15,100,Spanish:40|English:60,100,Spanish:90|English:10,100,25,7,Bachelor's,10,10,10,9,9,10,6,14,6,12,TOEFL,96,,,,,20,25,B2,elementary|intermediate,intermediate|elementary,cambridge_15_21_random_elementary_intermediate,4,19,random,,189.2734375,960.3828125,209.7734375,1038.421875,3,14,,,,,,,,,,,,2026-09-22T23:05:16.927Z,V4EJ4XA7,2026-09-22,2026-09-22,17:05:16,2026-09-22 17:05:16,,,,,,,,69fe3eb696baf5af4617c380,69fe3eb696baf5af4617c380,,,,
10001,hover_association,2,1,ele,9,3,13,14,49, company ,961,196,,69fe3eb696baf5af4617c380,69fe3eb696baf5af4617c380,elementary,3,69fe3eb696baf5af4617c380,69fe3eb696baf5af4617c380,spotlight_PROLIFIC,,26,Mexico,Spanish,English,,Spanish:85|English:15,100,Spanish:40|English:60,100,Spanish:90|English:10,100,25,7,Bachelor's,10,10,10,9,9,10,6,14,6,12,TOEFL,96,,,,,20,25,B2,elementary|intermediate,intermediate|elementary,cambridge_15_21_random_elementary_intermediate,4,19,random,,179.5234375,960.3828125,219.5234375,1038.421875,3,14,hover,420.8999999985099,420.8999999985099,0.43077385123636,0.5119140625,63,,,,,,2026-09-22T23:05:16.927Z,V4EJ4XA7,2026-09-22,2026-09-22,17:05:16,2026-09-22 17:05:16,,,,,,,,69fe3eb696baf5af4617c380,69fe3eb696baf5af4617c380,,,,
10011,raw_position_sample,2,1,ele,9,3,13,14,48, a ,951,203,1118843.8999999985,69fe3eb696baf5af4617c380,69fe3eb696baf5af4617c380,elementary,3,69fe3eb696baf5af4617c380,69fe3eb696baf5af4617c380,spotlight_PROLIFIC,,26,Mexico,Spanish,English,,Spanish:85|English:15,100,Spanish:40|English:60,100,Spanish:90|English:10,100,25,7,Bachelor's,10,10,10,9,9,10,6,14,6,12,TOEFL,96,,,,,20,25,B2,elementary|intermediate,intermediate|elementary,cambridge_15_21_random_elementary_intermediate,4,19,random,,189.2734375,945.3671875,209.7734375,960.3828125,3,13,,,,,,,,,,,,2026-09-22T23:05:16.927Z,V4EJ4XA7,2026-09-22,2026-09-22,17:05:16,2026-09-22 17:05:16,,,,,,,,69fe3eb696baf5af4617c380,69fe3eb696baf5af4617c380,,,,
10017,hover_association,2,1,ele,9,3,13,14,48, a ,951,203,,69fe3eb696baf5af4617c380,69fe3eb696baf5af4617c380,elementary,3,69fe3eb696baf5af4617c380,69fe3eb696baf5af4617c380,spotlight_PROLIFIC,,26,Mexico,Spanish,English,,Spanish:85|English:15,100,Spanish:40|English:60,100,Spanish:90|English:10,100,25,7,Bachelor's,10,10,10,9,9,10,6,14,6,12,TOEFL,96,,,,,20,25,B2,elementary|intermediate,intermediate|elementary,cambridge_15_21_random_elementary_intermediate,4,19,random,,179.5234375,945.3671875,219.5234375,960.3828125,3,13,hover,16.300000000745058,16.300000000745058,0.37513007284079086,0.5869140625,63,,,,,,2026-09-22T23:05:16.927Z,V4EJ4XA7,2026-09-22,2026-09-22,17:05:16,2026-09-22 17:05:16,,,,,,,,69fe3eb696baf5af4617c380,69fe3eb696baf5af4617c380,,,,
10033,hover_association,2,1,ele,9,3,13,14,46, specially ,880,204,,69fe3eb696baf5af4617c380,69fe3eb696baf5af4617c380,elementary,3,69fe3eb696baf5af4617c380,69fe3eb696baf5af4617c380,spotlight_PROLIFIC,,26,Mexico,Spanish,English,,Spanish:85|English:15,100,Spanish:40|English:60,100,Spanish:90|English:10,100,25,7,Bachelor's,10,10,10,9,9,10,6,14,6,12,TOEFL,96,,,,,20,25,B2,elementary|intermediate,intermediate|elementary,cambridge_15_21_random_elementary_intermediate,4,19,random,,179.5234375,847.3203125,219.5234375,921.3515625,3,11,hover,16.599999997764826,16.599999997764826,0.44143098353735755,0.6119140625,63,,,,,,2026-09-22T23:05:16.927Z,V4EJ4XA7,2026-09-22,2026-09-22,17:05:16,2026-09-22 17:05:16,,,,,,,,69fe3eb696baf5af4617c380,69fe3eb696baf5af4617c380,,,,
10050,hover_association,2,1,ele,9,3,13,14,45, built ,834,204,,69fe3eb696baf5af4617c380,69fe3eb696baf5af4617c380,elementary,3,69fe3eb696baf5af4617c380,69fe3eb696baf5af4617c380,spotlight_PROLIFIC,,26,Mexico,Spanish,English,,Spanish:85|English:15,100,Spanish:40|English:60,100,Spanish:90|English:10,100,25,7,Bachelor's,10,10,10,9,9,10,6,14,6,12,TOEFL,96,,,,,20,25,B2,elementary|intermediate,intermediate|elementary,cambridge_15_21_random_elementary_intermediate,4,19,random,,179.5234375,809.296875,219.5234375,847.3203125,3,10,hover,16.700000002980232,16.700000002980232,0.6496815286624203,0.6119140625,63,,,,,,2026-09-22T23:05:16.927Z,V4EJ4XA7,2026-09-22,2026-09-22,17:05:16,2026-09-22 17:05:16,,,,,,,,69fe3eb696baf5af4617c380,69fe3eb696baf5af4617c380,,,,
10060,raw_position_sample,2,1,ele,9,3,13,14,44, been ,784,204,1118893.6999999993,69fe3eb696baf5af4617c380,69fe3eb696baf5af4617c380,elementary,3,69fe3eb696baf5af4617c380,69fe3eb696baf5af4617c380,spotlight_PROLIFIC,,26,Mexico,Spanish,English,,Spanish:85|English:15,100,Spanish:40|English:60,100,Spanish:90|English:10,100,25,7,Bachelor's,10,10,10,9,9,10,6,14,6,12,TOEFL,96,,,,,20,25,B2,elementary|intermediate,intermediate|elementary,cambridge_15_21_random_elementary_intermediate,4,19,random,,189.2734375,764.25,209.7734375,809.296875,3,9,,,,,,,,,,,,2026-09-22T23:05:16.927Z,V4EJ4XA7,2026-09-22,2026-09-22,17:05:16,2026-09-22 17:05:16,,,,,,,,69fe3eb696baf5af4617c380,69fe3eb696baf5af4617c380,,,,
10067,hover_association,2,1,ele,9,3,13,14,44, been ,784,204,,69fe3eb696baf5af4617c380,69fe3eb696baf5af4617c380,elementary,3,69fe3eb696baf5af4617c380,69fe3eb696baf5af4617c380,spotlight_PROLIFIC,,26,Mexico,Spanish,English,,Spanish:85|English:15,100,Spanish:40|English:60,100,Spanish:90|English:10,100,25,7,Bachelor's,10,10,10,9,9,10,6,14,6,12,TOEFL,96,,,,,20,25,B2,elementary|intermediate,intermediate|elementary,cambridge_15_21_random_elementary_intermediate,4,19,random,,179.5234375,764.25,219.5234375,809.296875,3,9,hover,16.699999999254942,16.699999999254942,0.43843218869233436,0.6119140625,63,,,,,,2026-09-22T23:05:16.927Z,V4EJ4XA7,2026-09-22,2026-09-22,17:05:16,2026-09-22 17:05:16,,,,,,,,69fe3eb696baf5af4617c380,69fe3eb696baf5af4617c380,,,,
10083,hover_association,2,1,ele,9,3,13,14,43, have ,731,204,,69fe3eb696baf5af4617c380,69fe3eb696baf5af4617c380,elementary,3,69fe3eb696baf5af4617c380,69fe3eb696baf5af4617c380,spotlight_PROLIFIC,,26,Mexico,Spanish,English,,Spanish:85|English:15,100,Spanish:40|English:60,100,Spanish:90|English:10,100,25,7,Bachelor's,10,10,10,9,9,10,6,14,6,12,TOEFL,96,,,,,20,25,B2,elementary|intermediate,intermediate|elementary,cambridge_15_21_random_elementary_intermediate,4,19,random,,179.5234375,720.2109375,219.5234375,764.25,3,8,hover,16.599999997764826,16.599999997764826,0.24498846904381763,0.6119140625,63,,,,,,2026-09-22T23:05:16.927Z,V4EJ4XA7,2026-09-22,2026-09-22,17:05:16,2026-09-22 17:05:16,,,,,,,,69fe3eb696baf5af4617c380,69fe3eb696baf5af4617c380,,,,
10100,hover_association,2,1,ele,9,3,13,14,41, The ,672,204,,69fe3eb696baf5af4617c380,69fe3eb696baf5af4617c380,elementary,3,69fe3eb696baf5af4617c380,69fe3eb696baf5af4617c380,spotlight_PROLIFIC,,26,Mexico,Spanish,English,,Spanish:85|English:15,100,Spanish:40|English:60,100,Spanish:90|English:10,100,25,7,Bachelor's,10,10,10,9,9,10,6,14,6,12,TOEFL,96,,,,,20,25,B2,elementary|intermediate,intermediate|elementary,cambridge_15_21_random_elementary_intermediate,4,19,random,,179.5234375,645.34375,219.5234375,681.203125,3,6,hover,16.700000002980232,16.700000002980232,0.743355119825708,0.6119140625,63,,,,,,2026-09-22T23:05:16.927Z,V4EJ4XA7,2026-09-22,2026-09-22,17:05:16,2026-09-22 17:05:16,,,,,,,,69fe3eb696baf5af4617c380,69fe3eb696baf5af4617c380,,,,
10110,raw_position_sample,2,1,ele,9,3,13,14,40, pedestrians.” ,608,205,1118943.5999999978,69fe3eb696baf5af4617c380,69fe3eb696baf5af4617c380,elementary,3,69fe3eb696baf5af4617c380,69fe3eb696baf5af4617c380,spotlight_PROLIFIC,,26,Mexico,Spanish,English,,Spanish:85|English:15,100,Spanish:40|English:60,100,Spanish:90|English:10,100,25,7,Bachelor's,10,10,10,9,9,10,6,14,6,12,TOEFL,96,,,,,20,25,B2,elementary|intermediate,intermediate|elementary,cambridge_15_21_random_elementary_intermediate,4,19,random,,189.2734375,536.4453125,209.7734375,645.34375,3,5,,,,,,,,,,,,2026-09-22T23:05:16.927Z,V4EJ4XA7,2026-09-22,2026-09-22,17:05:16,2026-09-22 17:05:16,,,,,,,,69fe3eb696baf5af4617c380,69fe3eb696baf5af4617c380,,,,
10133,hover_association,2,1,ele,9,3,13,14,40, pedestrians.” ,608,205,,69fe3eb696baf5af4617c380,69fe3eb696baf5af4617c380,elementary,3,69fe3eb696baf5af4617c380,69fe3eb696baf5af4617c380,spotlight_PROLIFIC,,26,Mexico,Spanish,English,,Spanish:85|English:15,100,Spanish:40|English:60,100,Spanish:90|English:10,100,25,7,Bachelor's,10,10,10,9,9,10,6,14,6,12,TOEFL,96,,,,,20,25,B2,elementary|intermediate,intermediate|elementary,cambridge_15_21_random_elementary_intermediate,4,19,random,,179.5234375,536.4453125,219.5234375,645.34375,3,5,hover,33.399999998509884,33.399999998509884,0.07855656790300596,0.8619140625,63,,,,,,2026-09-22T23:05:16.927Z,V4EJ4XA7,2026-09-22,2026-09-22,17:05:16,2026-09-22 17:05:16,,,,,,,,69fe3eb696baf5af4617c380,69fe3eb696baf5af4617c380,,,,
10150,hover_association,2,1,ele,9,3,13,14,52, Google ,505,220,,69fe3eb696baf5af4617c380,69fe3eb696baf5af4617c380,elementary,3,69fe3eb696baf5af4617c380,69fe3eb696baf5af4617c380,spotlight_PROLIFIC,,26,Mexico,Spanish,English,,Spanish:85|English:15,100,Spanish:40|English:60,100,Spanish:90|English:10,100,25,7,Bachelor's,10,10,10,9,9,10,6,14,6,12,TOEFL,96,,,,,20,25,B2,elementary|intermediate,intermediate|elementary,cambridge_15_21_random_elementary_intermediate,4,19,random,,219.5234375,463.3984375,259.5234375,526.4453125,4,2,hover,16.600000001490116,16.600000001490116,0.6598513011152416,0.0119140625,63,,,,,,2026-09-22T23:05:16.927Z,V4EJ4XA7,2026-09-22,2026-09-22,17:05:16,2026-09-22 17:05:16,,,,,,,,69fe3eb696baf5af4617c380,69fe3eb696baf5af4617c380,,,,
10160,raw_position_sample,2,1,ele,9,3,13,14,51, Detroit. ,459,229,1118993.5,69fe3eb696baf5af4617c380,69fe3eb696baf5af4617c380,elementary,3,69fe3eb696baf5af4617c380,69fe3eb696baf5af4617c380,spotlight_PROLIFIC,,26,Mexico,Spanish,English,,Spanish:85|English:15,100,Spanish:40|English:60,100,Spanish:90|English:10,100,25,7,Bachelor's,10,10,10,9,9,10,6,14,6,12,TOEFL,96,,,,,20,25,B2,elementary|intermediate,intermediate|elementary,cambridge_15_21_random_elementary_intermediate,4,19,random,,229.2734375,400.375,249.7734375,463.3984375,4,1,,,,,,,,,,,,2026-09-22T23:05:16.927Z,V4EJ4XA7,2026-09-22,2026-09-22,17:05:16,2026-09-22 17:05:16,,,,,,,,69fe3eb696baf5af4617c380,69fe3eb696baf5af4617c380,,,,
10183,hover_association,2,1,ele,9,3,13,14,51, Detroit. ,459,229,,69fe3eb696baf5af4617c380,69fe3eb696baf5af4617c380,elementary,3,69fe3eb696baf5af4617c380,69fe3eb696baf5af4617c380,spotlight_PROLIFIC,,26,Mexico,Spanish,English,,Spanish:85|English:15,100,Spanish:40|English:60,100,Spanish:90|English:10,100,25,7,Bachelor's,10,10,10,9,9,10,6,14,6,12,TOEFL,96,,,,,20,25,B2,elementary|intermediate,intermediate|elementary,cambridge_15_21_random_elementary_intermediate,4,19,random,,219.5234375,396.4345703125,259.5234375,463.3984375,4,1,hover,33.29999999701977,33.29999999701977,0.17271149611351738,0.4619140625,63,,,,,,2026-09-22T23:05:16.927Z,V4EJ4XA7,2026-09-22,2026-09-22,17:05:16,2026-09-22 17:05:16,,,,,,,,69fe3eb696baf5af4617c380,69fe3eb696baf5af4617c380,,,,
10210,raw_position_sample,2,1,ele,9,3,13,14,-1,999,368,244,1119043.5,69fe3eb696baf5af4617c380,69fe3eb696baf5af4617c380,elementary,3,69fe3eb696baf5af4617c380,69fe3eb696baf5af4617c380,spotlight_PROLIFIC,,26,Mexico,Spanish,English,,Spanish:85|English:15,100,Spanish:40|English:60,100,Spanish:90|English:10,100,25,7,Bachelor's,10,10,10,9,9,10,6,14,6,12,TOEFL,96,,,,,20,25,B2,elementary|intermediate,intermediate|elementary,cambridge_15_21_random_elementary_intermediate,4,19,random,,,,,,,,,,,,,,,,,,,2026-09-22T23:05:16.927Z,V4EJ4XA7,2026-09-22,2026-09-22,17:05:16,2026-09-22 17:05:16,,,,,,,,69fe3eb696baf5af4617c380,69fe3eb696baf5af4617c380,,,,
10260,raw_position_sample,2,1,ele,9,3,13,14,-1,999,319,249,1119093.6999999993,69fe3eb696baf5af4617c380,69fe3eb696baf5af4617c380,elementary,3,69fe3eb696baf5af4617c380,69fe3eb696baf5af4617c380,spotlight_PROLIFIC,,26,Mexico,Spanish,English,,Spanish:85|English:15,100,Spanish:40|English:60,100,Spanish:90|English:10,100,25,7,Bachelor's,10,10,10,9,9,10,6,14,6,12,TOEFL,96,,,,,20,25,B2,elementary|intermediate,intermediate|elementary,cambridge_15_21_random_elementary_intermediate,4,19,random,,,,,,,,,,,,,,,,,,,2026-09-22T23:05:16.927Z,V4EJ4XA7,2026-09-22,2026-09-22,17:05:16,2026-09-22 17:05:16,,,,,,,,69fe3eb696baf5af4617c380,69fe3eb696baf5af4617c380,,,,
10310,raw_position_sample,2,1,ele,9,3,13,14,-1,999,311,250,1119142.799999997,69fe3eb696baf5af4617c380,69fe3eb696baf5af4617c380,elementary,3,69fe3eb696baf5af4617c380,69fe3eb696baf5af4617c380,spotlight_PROLIFIC,,26,Mexico,Spanish,English,,Spanish:85|English:15,100,Spanish:40|English:60,100,Spanish:90|English:10,100,25,7,Bachelor's,10,10,10,9,9,10,6,14,6,12,TOEFL,96,,,,,20,25,B2,elementary|intermediate,intermediate|elementary,cambridge_15_21_random_elementary_intermediate,4,19,random,,,,,,,,,,,,,,,,,,,2026-09-22T23:05:16.927Z,V4EJ4XA7,2026-09-22,2026-09-22,17:05:16,2026-09-22 17:05:16,,,,,,,,69fe3eb696baf5af4617c380,69fe3eb696baf5af4617c380,,,,
10360,raw_position_sample,2,1,ele,9,3,13,14,-1,999,311,250,1119193.3999999985,69fe3eb696baf5af4617c380,69fe3eb696baf5af4617c380,elementary,3,69fe3eb696baf5af4617c380,69fe3eb696baf5af4617c380,spotlight_PROLIFIC,,26,Mexico,Spanish,English,,Spanish:85|English:15,100,Spanish:40|English:60,100,Spanish:90|English:10,100,25,7,Bachelor's,10,10,10,9,9,10,6,14,6,12,TOEFL,96,,,,,20,25,B2,elementary|intermediate,intermediate|elementary,cambridge_15_21_random_elementary_intermediate,4,19,random,,,,,,,,,,,,,,,,,,,2026-09-22T23:05:16.927Z,V4EJ4XA7,2026-09-22,2026-09-22,17:05:16,2026-09-22 17:05:16,,,,,,,,69fe3eb696baf5af4617c380,69fe3eb696baf5af4617c380,,,,
10409,raw_position_sample,2,1,ele,9,3,13,14,-1,999,311,250,1119242.5999999978,69fe3eb696baf5af4617c380,69fe3eb696baf5af4617c380,elementary,3,69fe3eb696baf5af4617c380,69fe3eb696baf5af4617c380,spotlight_PROLIFIC,,26,Mexico,Spanish,English,,Spanish:85|English:15,100,Spanish:40|English:60,100,Spanish:90|English:10,100,25,7,Bachelor's,10,10,10,9,9,10,6,14,6,12,TOEFL,96,,,,,20,25,B2,elementary|intermediate,intermediate|elementary,cambridge_15_21_random_elementary_intermediate,4,19,random,,,,,,,,,,,,,,,,,,,2026-09-22T23:05:16.927Z,V4EJ4XA7,2026-09-22,2026-09-22,17:05:16,2026-09-22 17:05:16,,,,,,,,69fe3eb696baf5af4617c380,69fe3eb696baf5af4617c380,,,,
10461,raw_position_sample,2,1,ele,9,3,13,14,-1,999,309,251,1119294,69fe3eb696baf5af4617c380,69fe3eb696baf5af4617c380,elementary,3,69fe3eb696baf5af4617c380,69fe3eb696baf5af4617c380,spotlight_PROLIFIC,,26,Mexico,Spanish,English,,Spanish:85|English:15,100,Spanish:40|English:60,100,Spanish:90|English:10,100,25,7,Bachelor's,10,10,10,9,9,10,6,14,6,12,TOEFL,96,,,,,20,25,B2,elementary|intermediate,intermediate|elementary,cambridge_15_21_random_elementary_intermediate,4,19,random,,,,,,,,,,,,,,,,,,,2026-09-22T23:05:16.927Z,V4EJ4XA7,2026-09-22,2026-09-22,17:05:16,2026-09-22 17:05:16,,,,,,,,69fe3eb696baf5af4617c380,69fe3eb696baf5af4617c380,,,,
10510,raw_position_sample,2,1,ele,9,3,13,14,-1,999,326,247,1119343.3999999985,69fe3eb696baf5af4617c380,69fe3eb696baf5af4617c380,elementary,3,69fe3eb696baf5af4617c380,69fe3eb696baf5af4617c380,spotlight_PROLIFIC,,26,Mexico,Spanish,English,,Spanish:85|English:15,100,Spanish:40|English:60,100,Spanish:90|English:10,100,25,7,Bachelor's,10,10,10,9,9,10,6,14,6,12,TOEFL,96,,,,,20,25,B2,elementary|intermediate,intermediate|elementary,cambridge_15_21_random_elementary_intermediate,4,19,random,,,,,,,,,,,,,,,,,,,2026-09-22T23:05:16.927Z,V4EJ4XA7,2026-09-22,2026-09-22,17:05:16,2026-09-22 17:05:16,,,,,,,,69fe3eb696baf5af4617c380,69fe3eb696baf5af4617c380,,,,
10561,raw_position_sample,2,1,ele,9,3,13,14,-1,999,353,242,1119393.799999997,69fe3eb696baf5af4617c380,69fe3eb696baf5af4617c380,elementary,3,69fe3eb696baf5af4617c380,69fe3eb696baf5af4617c380,spotlight_PROLIFIC,,26,Mexico,Spanish,English,,Spanish:85|English:15,100,Spanish:40|English:60,100,Spanish:90|English:10,100,25,7,Bachelor's,10,10,10,9,9,10,6,14,6,12,TOEFL,96,,,,,20,25,B2,elementary|intermediate,intermediate|elementary,cambridge_15_21_random_elementary_intermediate,4,19,random,,,,,,,,,,,,,,,,,,,2026-09-22T23:05:16.927Z,V4EJ4XA7,2026-09-22,2026-09-22,17:05:16,2026-09-22 17:05:16,,,,,,,,69fe3eb696baf5af4617c380,69fe3eb696baf5af4617c380,,,,
10610,raw_position_sample,2,1,ele,9,3,13,14,-1,999,378,237,1119443.5999999978,69fe3eb696baf5af4617c380,69fe3eb696baf5af4617c380,elementary,3,69fe3eb696baf5af4617c380,69fe3eb696baf5af4617c380,spotlight_PROLIFIC,,26,Mexico,Spanish,English,,Spanish:85|English:15,100,Spanish:40|English:60,100,Spanish:90|English:10,100,25,7,Bachelor's,10,10,10,9,9,10,6,14,6,12,TOEFL,96,,,,,20,25,B2,elementary|intermediate,intermediate|elementary,cambridge_15_21_random_elementary_intermediate,4,19,random,,,,,,,,,,,,,,,,,,,2026-09-22T23:05:16.927Z,V4EJ4XA7,2026-09-22,2026-09-22,17:05:16,2026-09-22 17:05:16,,,,,,,,69fe3eb696baf5af4617c380,69fe3eb696baf5af4617c380,,,,
10661,raw_position_sample,2,1,ele,9,3,13,14,51, Detroit. ,401,232,1119494.1999999993,69fe3eb696baf5af4617c380,69fe3eb696baf5af4617c380,elementary,3,69fe3eb696baf5af4617c380,69fe3eb696baf5af4617c380,spotlight_PROLIFIC,,26,Mexico,Spanish,English,,Spanish:85|English:15,100,Spanish:40|English:60,100,Spanish:90|English:10,100,25,7,Bachelor's,10,10,10,9,9,10,6,14,6,12,TOEFL,96,,,,,20,25,B2,elementary|intermediate,intermediate|elementary,cambridge_15_21_random_elementary_intermediate,4,19,random,,229.2734375,400.375,249.7734375,463.3984375,4,1,,,,,,,,,,,,2026-09-22T23:05:16.927Z,V4EJ4XA7,2026-09-22,2026-09-22,17:05:16,2026-09-22 17:05:16,,,,,,,,69fe3eb696baf5af4617c380,69fe3eb696baf5af4617c380,,,,
10711,raw_position_sample,2,1,ele,9,3,13,14,51, Detroit. ,418,228,1119544.3999999985,69fe3eb696baf5af4617c380,69fe3eb696baf5af4617c380,elementary,3,69fe3eb696baf5af4617c380,69fe3eb696baf5af4617c380,spotlight_PROLIFIC,,26,Mexico,Spanish,English,,Spanish:85|English:15,100,Spanish:40|English:60,100,Spanish:90|English:10,100,25,7,Bachelor's,10,10,10,9,9,10,6,14,6,12,TOEFL,96,,,,,20,25,B2,elementary|intermediate,intermediate|elementary,cambridge_15_21_random_elementary_intermediate,4,19,random,,229.2734375,400.375,249.7734375,463.3984375,4,1,,,,,,,,,,,,2026-09-22T23:05:16.927Z,V4EJ4XA7,2026-09-22,2026-09-22,17:05:16,2026-09-22 17:05:16,,,,,,,,69fe3eb696baf5af4617c380,69fe3eb696baf5af4617c380,,,,
10761,raw_position_sample,2,1,ele,9,3,13,14,51, Detroit. ,436,226,1119594.0999999978,69fe3eb696baf5af4617c380,69fe3eb696baf5af4617c380,elementary,3,69fe3eb696baf5af4617c380,69fe3eb696baf5af4617c380,spotlight_PROLIFIC,,26,Mexico,Spanish,English,,Spanish:85|English:15,100,Spanish:40|English:60,100,Spanish:90|English:10,100,25,7,Bachelor's,10,10,10,9,9,10,6,14,6,12,TOEFL,96,,,,,20,25,B2,elementary|intermediate,intermediate|elementary,cambridge_15_21_random_elementary_intermediate,4,19,random,,229.2734375,400.375,249.7734375,463.3984375,4,1,,,,,,,,,,,,2026-09-22T23:05:16.927Z,V4EJ4XA7,2026-09-22,2026-09-22,17:05:16,2026-09-22 17:05:16,,,,,,,,69fe3eb696baf5af4617c380,69fe3eb696baf5af4617c380,,,,
10811,raw_position_sample,2,1,ele,9,3,13,14,51, Detroit. ,459,224,1119644,69fe3eb696baf5af4617c380,69fe3eb696baf5af4617c380,elementary,3,69fe3eb696baf5af4617c380,69fe3eb696baf5af4617c380,spotlight_PROLIFIC,,26,Mexico,Spanish,English,,Spanish:85|English:15,100,Spanish:40|English:60,100,Spanish:90|English:10,100,25,7,Bachelor's,10,10,10,9,9,10,6,14,6,12,TOEFL,96,,,,,20,25,B2,elementary|intermediate,intermediate|elementary,cambridge_15_21_random_elementary_intermediate,4,19,random,,229.2734375,400.375,249.7734375,463.3984375,4,1,,,,,,,,,,,,2026-09-22T23:05:16.927Z,V4EJ4XA7,2026-09-22,2026-09-22,17:05:16,2026-09-22 17:05:16,,,,,,,,69fe3eb696baf5af4617c380,69fe3eb696baf5af4617c380,,,,
10811,hover_association,2,1,ele,9,3,13,14,51, Detroit. ,401,232,,69fe3eb696baf5af4617c380,69fe3eb696baf5af4617c380,elementary,3,69fe3eb696baf5af4617c380,69fe3eb696baf5af4617c380,spotlight_PROLIFIC,,26,Mexico,Spanish,English,,Spanish:85|English:15,100,Spanish:40|English:60,100,Spanish:90|English:10,100,25,7,Bachelor's,10,10,10,9,9,10,6,14,6,12,TOEFL,96,,,,,20,25,B2,elementary|intermediate,intermediate|elementary,cambridge_15_21_random_elementary_intermediate,4,19,random,,219.5234375,396.4345703125,259.5234375,463.3984375,4,1,hover,165.80000000074506,165.80000000074506,0.9343162561432675,0.1119140625,63,,,,,,2026-09-22T23:05:16.927Z,V4EJ4XA7,2026-09-22,2026-09-22,17:05:16,2026-09-22 17:05:16,,,,,,,,69fe3eb696baf5af4617c380,69fe3eb696baf5af4617c380,,,,
10860,raw_position_sample,2,1,ele,9,3,13,14,52, Google ,479,223,1119693.3999999985,69fe3eb696baf5af4617c380,69fe3eb696baf5af4617c380,elementary,3,69fe3eb696baf5af4617c380,69fe3eb696baf5af4617c380,spotlight_PROLIFIC,,26,Mexico,Spanish,English,,Spanish:85|English:15,100,Spanish:40|English:60,100,Spanish:90|English:10,100,25,7,Bachelor's,10,10,10,9,9,10,6,14,6,12,TOEFL,96,,,,,20,25,B2,elementary|intermediate,intermediate|elementary,cambridge_15_21_random_elementary_intermediate,4,19,random,,229.2734375,463.3984375,249.7734375,526.4453125,4,2,,,,,,,,,,,,2026-09-22T23:05:16.927Z,V4EJ4XA7,2026-09-22,2026-09-22,17:05:16,2026-09-22 17:05:16,,,,,,,,69fe3eb696baf5af4617c380,69fe3eb696baf5af4617c380,,,,
10910,raw_position_sample,2,1,ele,9,3,13,14,52, Google ,498,223,1119743.3999999985,69fe3eb696baf5af4617c380,69fe3eb696baf5af4617c380,elementary,3,69fe3eb696baf5af4617c380,69fe3eb696baf5af4617c380,spotlight_PROLIFIC,,26,Mexico,Spanish,English,,Spanish:85|English:15,100,Spanish:40|English:60,100,Spanish:90|English:10,100,25,7,Bachelor's,10,10,10,9,9,10,6,14,6,12,TOEFL,96,,,,,20,25,B2,elementary|intermediate,intermediate|elementary,cambridge_15_21_random_elementary_intermediate,4,19,random,,229.2734375,463.3984375,249.7734375,526.4453125,4,2,,,,,,,,,,,,2026-09-22T23:05:16.927Z,V4EJ4XA7,2026-09-22,2026-09-22,17:05:16,2026-09-22 17:05:16,,,,,,,,69fe3eb696baf5af4617c380,69fe3eb696baf5af4617c380,,,,
10961,raw_position_sample,2,1,ele,9,3,13,14,52, Google ,516,223,1119793.799999997,69fe3eb696baf5af4617c380,69fe3eb696baf5af4617c380,elementary,3,69fe3eb696baf5af4617c380,69fe3eb696baf5af4617c380,spotlight_PROLIFIC,,26,Mexico,Spanish,English,,Spanish:85|English:15,100,Spanish:40|English:60,100,Spanish:90|English:10,100,25,7,Bachelor's,10,10,10,9,9,10,6,14,6,12,TOEFL,96,,,,,20,25,B2,elementary|intermediate,intermediate|elementary,cambridge_15_21_random_elementary_intermediate,4,19,random,,229.2734375,463.3984375,249.7734375,526.4453125,4,2,,,,,,,,,,,,2026-09-22T23:05:16.927Z,V4EJ4XA7,2026-09-22,2026-09-22,17:05:16,2026-09-22 17:05:16,,,,,,,,69fe3eb696baf5af4617c380,69fe3eb696baf5af4617c380,,,,
10994,hover_association,2,1,ele,9,3,13,14,52, Google ,466,224,,69fe3eb696baf5af4617c380,69fe3eb696baf5af4617c380,elementary,3,69fe3eb696baf5af4617c380,69fe3eb696baf5af4617c380,spotlight_PROLIFIC,,26,Mexico,Spanish,English,,Spanish:85|English:15,100,Spanish:40|English:60,100,Spanish:90|English:10,100,25,7,Bachelor's,10,10,10,9,9,10,6,14,6,12,TOEFL,96,,,,,20,25,B2,elementary|intermediate,intermediate|elementary,cambridge_15_21_random_elementary_intermediate,4,19,random,,219.5234375,463.3984375,259.5234375,526.4453125,4,2,hover,183.39999999850988,183.39999999850988,0.9929368029739777,0.0869140625,63,,,,,,2026-09-22T23:05:16.927Z,V4EJ4XA7,2026-09-22,2026-09-22,17:05:16,2026-09-22 17:05:16,,,,,,,,69fe3eb696baf5af4617c380,69fe3eb696baf5af4617c380,,,,
11011,raw_position_sample,2,1,ele,9,3,13,14,53, will ,530,223,1119844.0999999978,69fe3eb696baf5af4617c380,69fe3eb696baf5af4617c380,elementary,3,69fe3eb696baf5af4617c380,69fe3eb696baf5af4617c380,spotlight_PROLIFIC,,26,Mexico,Spanish,English,,Spanish:85|English:15,100,Spanish:40|English:60,100,Spanish:90|English:10,100,25,7,Bachelor's,10,10,10,9,9,10,6,14,6,12,TOEFL,96,,,,,20,25,B2,elementary|intermediate,intermediate|elementary,cambridge_15_21_random_elementary_intermediate,4,19,random,,229.2734375,526.4453125,249.7734375,556.4453125,4,3,,,,,,,,,,,,2026-09-22T23:05:16.927Z,V4EJ4XA7,2026-09-22,2026-09-22,17:05:16,2026-09-22 17:05:16,,,,,,,,69fe3eb696baf5af4617c380,69fe3eb696baf5af4617c380,,,,
11061,raw_position_sample,2,1,ele,9,3,13,14,53, will ,543,224,1119894,69fe3eb696baf5af4617c380,69fe3eb696baf5af4617c380,elementary,3,69fe3eb696baf5af4617c380,69fe3eb696baf5af4617c380,spotlight_PROLIFIC,,26,Mexico,Spanish,English,,Spanish:85|English:15,100,Spanish:40|English:60,100,Spanish:90|English:10,100,25,7,Bachelor's,10,10,10,9,9,10,6,14,6,12,TOEFL,96,,,,,20,25,B2,elementary|intermediate,intermediate|elementary,cambridge_15_21_random_elementary_intermediate,4,19,random,,229.2734375,526.4453125,249.7734375,556.4453125,4,3,,,,,,,,,,,,2026-09-22T23:05:16.927Z,V4EJ4XA7,2026-09-22,2026-09-22,17:05:16,2026-09-22 17:05:16,,,,,,,,69fe3eb696baf5af4617c380,69fe3eb696baf5af4617c380,,,,
11111,raw_position_sample,2,1,ele,9,3,13,14,53, will ,556,226,1119944.299999997,69fe3eb696baf5af4617c380,69fe3eb696baf5af4617c380,elementary,3,69fe3eb696baf5af4617c380,69fe3eb696baf5af4617c380,spotlight_PROLIFIC,,26,Mexico,Spanish,English,,Spanish:85|English:15,100,Spanish:40|English:60,100,Spanish:90|English:10,100,25,7,Bachelor's,10,10,10,9,9,10,6,14,6,12,TOEFL,96,,,,,20,25,B2,elementary|intermediate,intermediate|elementary,cambridge_15_21_random_elementary_intermediate,4,19,random,,229.2734375,526.4453125,249.7734375,556.4453125,4,3,,,,,,,,,,,,2026-09-22T23:05:16.927Z,V4EJ4XA7,2026-09-22,2026-09-22,17:05:16,2026-09-22 17:05:16,,,,,,,,69fe3eb696baf5af4617c380,69fe3eb696baf5af4617c380,,,,
11112,hover_association,2,1,ele,9,3,13,14,53, will ,530,223,,69fe3eb696baf5af4617c380,69fe3eb696baf5af4617c380,elementary,3,69fe3eb696baf5af4617c380,69fe3eb696baf5af4617c380,spotlight_PROLIFIC,,26,Mexico,Spanish,English,,Spanish:85|English:15,100,Spanish:40|English:60,100,Spanish:90|English:10,100,25,7,Bachelor's,10,10,10,9,9,10,6,14,6,12,TOEFL,96,,,,,20,25,B2,elementary|intermediate,intermediate|elementary,cambridge_15_21_random_elementary_intermediate,4,19,random,,219.5234375,526.4453125,259.5234375,556.4453125,4,3,hover,117.19999999925494,117.19999999925494,0.98515625,0.1619140625,63,,,,,,2026-09-22T23:05:16.927Z,V4EJ4XA7,2026-09-22,2026-09-22,17:05:16,2026-09-22 17:05:16,,,,,,,,69fe3eb696baf5af4617c380,69fe3eb696baf5af4617c380,,,,
11161,raw_position_sample,2,1,ele,9,3,13,14,54, now ,567,227,1119993.8999999985,69fe3eb696baf5af4617c380,69fe3eb696baf5af4617c380,elementary,3,69fe3eb696baf5af4617c380,69fe3eb696baf5af4617c380,spotlight_PROLIFIC,,26,Mexico,Spanish,English,,Spanish:85|English:15,100,Spanish:40|English:60,100,Spanish:90|English:10,100,25,7,Bachelor's,10,10,10,9,9,10,6,14,6,12,TOEFL,96,,,,,20,25,B2,elementary|intermediate,intermediate|elementary,cambridge_15_21_random_elementary_intermediate,4,19,random,,229.2734375,556.4453125,249.7734375,594.46875,4,4,,,,,,,,,,,,2026-09-22T23:05:16.927Z,V4EJ4XA7,2026-09-22,2026-09-22,17:05:16,2026-09-22 17:05:16,,,,,,,,69fe3eb696baf5af4617c380,69fe3eb696baf5af4617c380,,,,
11211,raw_position_sample,2,1,ele,9,3,13,14,54, now ,577,229,1120043.799999997,69fe3eb696baf5af4617c380,69fe3eb696baf5af4617c380,elementary,3,69fe3eb696baf5af4617c380,69fe3eb696baf5af4617c380,spotlight_PROLIFIC,,26,Mexico,Spanish,English,,Spanish:85|English:15,100,Spanish:40|English:60,100,Spanish:90|English:10,100,25,7,Bachelor's,10,10,10,9,9,10,6,14,6,12,TOEFL,96,,,,,20,25,B2,elementary|intermediate,intermediate|elementary,cambridge_15_21_random_elementary_intermediate,4,19,random,,229.2734375,556.4453125,249.7734375,594.46875,4,4,,,,,,,,,,,,2026-09-22T23:05:16.927Z,V4EJ4XA7,2026-09-22,2026-09-22,17:05:16,2026-09-22 17:05:16,,,,,,,,69fe3eb696baf5af4617c380,69fe3eb696baf5af4617c380,,,,
11260,raw_position_sample,2,1,ele,9,3,13,14,54, now ,593,231,1120093.299999997,69fe3eb696baf5af4617c380,69fe3eb696baf5af4617c380,elementary,3,69fe3eb696baf5af4617c380,69fe3eb696baf5af4617c380,spotlight_PROLIFIC,,26,Mexico,Spanish,English,,Spanish:85|English:15,100,Spanish:40|English:60,100,Spanish:90|English:10,100,25,7,Bachelor's,10,10,10,9,9,10,6,14,6,12,TOEFL,96,,,,,20,25,B2,elementary|intermediate,intermediate|elementary,cambridge_15_21_random_elementary_intermediate,4,19,random,,229.2734375,556.4453125,249.7734375,594.46875,4,4,,,,,,,,,,,,2026-09-22T23:05:16.927Z,V4EJ4XA7,2026-09-22,2026-09-22,17:05:16,2026-09-22 17:05:16,,,,,,,,69fe3eb696baf5af4617c380,69fe3eb696baf5af4617c380,,,,
11260,hover_association,2,1,ele,9,3,13,14,54, now ,560,226,,69fe3eb696baf5af4617c380,69fe3eb696baf5af4617c380,elementary,3,69fe3eb696baf5af4617c380,69fe3eb696baf5af4617c380,spotlight_PROLIFIC,,26,Mexico,Spanish,English,,Spanish:85|English:15,100,Spanish:40|English:60,100,Spanish:90|English:10,100,25,7,Bachelor's,10,10,10,9,9,10,6,14,6,12,TOEFL,96,,,,,20,25,B2,elementary|intermediate,intermediate|elementary,cambridge_15_21_random_elementary_intermediate,4,19,random,,219.5234375,556.4453125,259.5234375,594.46875,4,4,hover,148.69999999925494,148.69999999925494,0.9613725087322786,0.2869140625,63,,,,,,2026-09-22T23:05:16.927Z,V4EJ4XA7,2026-09-22,2026-09-22,17:05:16,2026-09-22 17:05:16,,,,,,,,69fe3eb696baf5af4617c380,69fe3eb696baf5af4617c380,,,,
11310,raw_position_sample,2,1,ele,9,3,13,14,55, test ,606,233,1120143.5,69fe3eb696baf5af4617c380,69fe3eb696baf5af4617c380,elementary,3,69fe3eb696baf5af4617c380,69fe3eb696baf5af4617c380,spotlight_PROLIFIC,,26,Mexico,Spanish,English,,Spanish:85|English:15,100,Spanish:40|English:60,100,Spanish:90|English:10,100,25,7,Bachelor's,10,10,10,9,9,10,6,14,6,12,TOEFL,96,,,,,20,25,B2,elementary|intermediate,intermediate|elementary,cambridge_15_21_random_elementary_intermediate,4,19,random,,229.2734375,594.46875,249.7734375,628.484375,4,5,,,,,,,,,,,,2026-09-22T23:05:16.927Z,V4EJ4XA7,2026-09-22,2026-09-22,17:05:16,2026-09-22 17:05:16,,,,,,,,69fe3eb696baf5af4617c380,69fe3eb696baf5af4617c380,,,,
11361,raw_position_sample,2,1,ele,9,3,13,14,55, test ,622,235,1120193.8999999985,69fe3eb696baf5af4617c380,69fe3eb696baf5af4617c380,elementary,3,69fe3eb696baf5af4617c380,69fe3eb696baf5af4617c380,spotlight_PROLIFIC,,26,Mexico,Spanish,English,,Spanish:85|English:15,100,Spanish:40|English:60,100,Spanish:90|English:10,100,25,7,Bachelor's,10,10,10,9,9,10,6,14,6,12,TOEFL,96,,,,,20,25,B2,elementary|intermediate,intermediate|elementary,cambridge_15_21_random_elementary_intermediate,4,19,random,,229.2734375,594.46875,249.7734375,628.484375,4,5,,,,,,,,,,,,2026-09-22T23:05:16.927Z,V4EJ4XA7,2026-09-22,2026-09-22,17:05:16,2026-09-22 17:05:16,,,,,,,,69fe3eb696baf5af4617c380,69fe3eb696baf5af4617c380,,,,
11361,hover_association,2,1,ele,9,3,13,14,55, test ,597,232,,69fe3eb696baf5af4617c380,69fe3eb696baf5af4617c380,elementary,3,69fe3eb696baf5af4617c380,69fe3eb696baf5af4617c380,spotlight_PROLIFIC,,26,Mexico,Spanish,English,,Spanish:85|English:15,100,Spanish:40|English:60,100,Spanish:90|English:10,100,25,7,Bachelor's,10,10,10,9,9,10,6,14,6,12,TOEFL,96,,,,,20,25,B2,elementary|intermediate,intermediate|elementary,cambridge_15_21_random_elementary_intermediate,4,19,random,,219.5234375,594.46875,259.5234375,628.484375,4,5,hover,100.70000000298023,100.70000000298023,0.8093706936150666,0.3869140625,63,,,,,,2026-09-22T23:05:16.927Z,V4EJ4XA7,2026-09-22,2026-09-22,17:05:16,2026-09-22 17:05:16,,,,,,,,69fe3eb696baf5af4617c380,69fe3eb696baf5af4617c380,,,,
11411,raw_position_sample,2,1,ele,9,3,13,14,56, the ,647,238,1120244.299999997,69fe3eb696baf5af4617c380,69fe3eb696baf5af4617c380,elementary,3,69fe3eb696baf5af4617c380,69fe3eb696baf5af4617c380,spotlight_PROLIFIC,,26,Mexico,Spanish,English,,Spanish:85|English:15,100,Spanish:40|English:60,100,Spanish:90|English:10,100,25,7,Bachelor's,10,10,10,9,9,10,6,14,6,12,TOEFL,96,,,,,20,25,B2,elementary|intermediate,intermediate|elementary,cambridge_15_21_random_elementary_intermediate,4,19,random,,229.2734375,628.484375,249.7734375,658.5078125,4,6,,,,,,,,,,,,2026-09-22T23:05:16.927Z,V4EJ4XA7,2026-09-22,2026-09-22,17:05:16,2026-09-22 17:05:16,,,,,,,,69fe3eb696baf5af4617c380,69fe3eb696baf5af4617c380,,,,
11428,hover_association,2,1,ele,9,3,13,14,56, the ,632,236,,69fe3eb696baf5af4617c380,69fe3eb696baf5af4617c380,elementary,3,69fe3eb696baf5af4617c380,69fe3eb696baf5af4617c380,spotlight_PROLIFIC,,26,Mexico,Spanish,English,,Spanish:85|English:15,100,Spanish:40|English:60,100,Spanish:90|English:10,100,25,7,Bachelor's,10,10,10,9,9,10,6,14,6,12,TOEFL,96,,,,,20,25,B2,elementary|intermediate,intermediate|elementary,cambridge_15_21_random_elementary_intermediate,4,19,random,,219.5234375,628.484375,259.5234375,658.5078125,4,6,hover,66.59999999776483,66.59999999776483,0.8165495706479313,0.5119140625,63,,,,,,2026-09-22T23:05:16.927Z,V4EJ4XA7,2026-09-22,2026-09-22,17:05:16,2026-09-22 17:05:16,,,,,,,,69fe3eb696baf5af4617c380,69fe3eb696baf5af4617c380,,,,
11461,raw_position_sample,2,1,ele,9,3,13,14,57," cars, ",665,242,1120294.299999997,69fe3eb696baf5af4617c380,69fe3eb696baf5af4617c380,elementary,3,69fe3eb696baf5af4617c380,69fe3eb696baf5af4617c380,spotlight_PROLIFIC,,26,Mexico,Spanish,English,,Spanish:85|English:15,100,Spanish:40|English:60,100,Spanish:90|English:10,100,25,7,Bachelor's,10,10,10,9,9,10,6,14,6,12,TOEFL,96,,,,,20,25,B2,elementary|intermediate,intermediate|elementary,cambridge_15_21_random_elementary_intermediate,4,19,random,,229.2734375,658.5078125,249.7734375,702.515625,4,7,,,,,,,,,,,,2026-09-22T23:05:16.927Z,V4EJ4XA7,2026-09-22,2026-09-22,17:05:16,2026-09-22 17:05:16,,,,,,,,69fe3eb696baf5af4617c380,69fe3eb696baf5af4617c380,,,,
11511,raw_position_sample,2,1,ele,9,3,13,14,57," cars, ",684,245,1120344.3999999985,69fe3eb696baf5af4617c380,69fe3eb696baf5af4617c380,elementary,3,69fe3eb696baf5af4617c380,69fe3eb696baf5af4617c380,spotlight_PROLIFIC,,26,Mexico,Spanish,English,,Spanish:85|English:15,100,Spanish:40|English:60,100,Spanish:90|English:10,100,25,7,Bachelor's,10,10,10,9,9,10,6,14,6,12,TOEFL,96,,,,,20,25,B2,elementary|intermediate,intermediate|elementary,cambridge_15_21_random_elementary_intermediate,4,19,random,,229.2734375,658.5078125,249.7734375,702.515625,4,7,,,,,,,,,,,,2026-09-22T23:05:16.927Z,V4EJ4XA7,2026-09-22,2026-09-22,17:05:16,2026-09-22 17:05:16,,,,,,,,69fe3eb696baf5af4617c380,69fe3eb696baf5af4617c380,,,,
11561,raw_position_sample,2,1,ele,9,3,13,14,57," cars, ",701,245,1120394,69fe3eb696baf5af4617c380,69fe3eb696baf5af4617c380,elementary,3,69fe3eb696baf5af4617c380,69fe3eb696baf5af4617c380,spotlight_PROLIFIC,,26,Mexico,Spanish,English,,Spanish:85|English:15,100,Spanish:40|English:60,100,Spanish:90|English:10,100,25,7,Bachelor's,10,10,10,9,9,10,6,14,6,12,TOEFL,96,,,,,20,25,B2,elementary|intermediate,intermediate|elementary,cambridge_15_21_random_elementary_intermediate,4,19,random,,229.2734375,658.5078125,249.7734375,702.515625,4,7,,,,,,,,,,,,2026-09-22T23:05:16.927Z,V4EJ4XA7,2026-09-22,2026-09-22,17:05:16,2026-09-22 17:05:16,,,,,,,,69fe3eb696baf5af4617c380,69fe3eb696baf5af4617c380,,,,
11561,hover_association,2,1,ele,9,3,13,14,57," cars, ",660,241,,69fe3eb696baf5af4617c380,69fe3eb696baf5af4617c380,elementary,3,69fe3eb696baf5af4617c380,69fe3eb696baf5af4617c380,spotlight_PROLIFIC,,26,Mexico,Spanish,English,,Spanish:85|English:15,100,Spanish:40|English:60,100,Spanish:90|English:10,100,25,7,Bachelor's,10,10,10,9,9,10,6,14,6,12,TOEFL,96,,,,,20,25,B2,elementary|intermediate,intermediate|elementary,cambridge_15_21_random_elementary_intermediate,4,19,random,,219.5234375,658.5078125,259.5234375,702.515625,4,7,hover,133.5,133.5,0.9655600923131546,0.6369140625,63,,,,,,2026-09-22T23:05:16.927Z,V4EJ4XA7,2026-09-22,2026-09-22,17:05:16,2026-09-22 17:05:16,,,,,,,,69fe3eb696baf5af4617c380,69fe3eb696baf5af4617c380,,,,
11611,raw_position_sample,2,1,ele,9,3,13,14,58, which ,715,245,1120444.299999997,69fe3eb696baf5af4617c380,69fe3eb696baf5af4617c380,elementary,3,69fe3eb696baf5af4617c380,69fe3eb696baf5af4617c380,spotlight_PROLIFIC,,26,Mexico,Spanish,English,,Spanish:85|English:15,100,Spanish:40|English:60,100,Spanish:90|English:10,100,25,7,Bachelor's,10,10,10,9,9,10,6,14,6,12,TOEFL,96,,,,,20,25,B2,elementary|intermediate,intermediate|elementary,cambridge_15_21_random_elementary_intermediate,4,19,random,,229.2734375,702.515625,249.7734375,753.5390625,4,8,,,,,,,,,,,,2026-09-22T23:05:16.927Z,V4EJ4XA7,2026-09-22,2026-09-22,17:05:16,2026-09-22 17:05:16,,,,,,,,69fe3eb696baf5af4617c380,69fe3eb696baf5af4617c380,,,,
11661,raw_position_sample,2,1,ele,9,3,13,14,58, which ,728,244,1120494.299999997,69fe3eb696baf5af4617c380,69fe3eb696baf5af4617c380,elementary,3,69fe3eb696baf5af4617c380,69fe3eb696baf5af4617c380,spotlight_PROLIFIC,,26,Mexico,Spanish,English,,Spanish:85|English:15,100,Spanish:40|English:60,100,Spanish:90|English:10,100,25,7,Bachelor's,10,10,10,9,9,10,6,14,6,12,TOEFL,96,,,,,20,25,B2,elementary|intermediate,intermediate|elementary,cambridge_15_21_random_elementary_intermediate,4,19,random,,229.2734375,702.515625,249.7734375,753.5390625,4,8,,,,,,,,,,,,2026-09-22T23:05:16.927Z,V4EJ4XA7,2026-09-22,2026-09-22,17:05:16,2026-09-22 17:05:16,,,,,,,,69fe3eb696baf5af4617c380,69fe3eb696baf5af4617c380,,,,
11711,raw_position_sample,2,1,ele,9,3,13,14,58, which ,745,243,1120544.1999999993,69fe3eb696baf5af4617c380,69fe3eb696baf5af4617c380,elementary,3,69fe3eb696baf5af4617c380,69fe3eb696baf5af4617c380,spotlight_PROLIFIC,,26,Mexico,Spanish,English,,Spanish:85|English:15,100,Spanish:40|English:60,100,Spanish:90|English:10,100,25,7,Bachelor's,10,10,10,9,9,10,6,14,6,12,TOEFL,96,,,,,20,25,B2,elementary|intermediate,intermediate|elementary,cambridge_15_21_random_elementary_intermediate,4,19,random,,229.2734375,702.515625,249.7734375,753.5390625,4,8,,,,,,,,,,,,2026-09-22T23:05:16.927Z,V4EJ4XA7,2026-09-22,2026-09-22,17:05:16,2026-09-22 17:05:16,,,,,,,,69fe3eb696baf5af4617c380,69fe3eb696baf5af4617c380,,,,
11728,hover_association,2,1,ele,9,3,13,14,58, which ,706,245,,69fe3eb696baf5af4617c380,69fe3eb696baf5af4617c380,elementary,3,69fe3eb696baf5af4617c380,69fe3eb696baf5af4617c380,spotlight_PROLIFIC,,26,Mexico,Spanish,English,,Spanish:85|English:15,100,Spanish:40|English:60,100,Spanish:90|English:10,100,25,7,Bachelor's,10,10,10,9,9,10,6,14,6,12,TOEFL,96,,,,,20,25,B2,elementary|intermediate,intermediate|elementary,cambridge_15_21_random_elementary_intermediate,4,19,random,,219.5234375,702.515625,259.5234375,753.5390625,4,8,hover,166.80000000074506,166.80000000074506,0.9306384933394579,0.5619140625,63,,,,,,2026-09-22T23:05:16.927Z,V4EJ4XA7,2026-09-22,2026-09-22,17:05:16,2026-09-22 17:05:16,,,,,,,,69fe3eb696baf5af4617c380,69fe3eb696baf5af4617c380,,,,
11761,raw_position_sample,2,1,ele,9,3,13,14,59, are ,760,241,1120594.5999999978,69fe3eb696baf5af4617c380,69fe3eb696baf5af4617c380,elementary,3,69fe3eb696baf5af4617c380,69fe3eb696baf5af4617c380,spotlight_PROLIFIC,,26,Mexico,Spanish,English,,Spanish:85|English:15,100,Spanish:40|English:60,100,Spanish:90|English:10,100,25,7,Bachelor's,10,10,10,9,9,10,6,14,6,12,TOEFL,96,,,,,20,25,B2,elementary|intermediate,intermediate|elementary,cambridge_15_21_random_elementary_intermediate,4,19,random,,229.2734375,753.5390625,249.7734375,784.5625,4,9,,,,,,,,,,,,2026-09-22T23:05:16.927Z,V4EJ4XA7,2026-09-22,2026-09-22,17:05:16,2026-09-22 17:05:16,,,,,,,,69fe3eb696baf5af4617c380,69fe3eb696baf5af4617c380,,,,
11811,raw_position_sample,2,1,ele,9,3,13,14,59, are ,774,240,1120644.5,69fe3eb696baf5af4617c380,69fe3eb696baf5af4617c380,elementary,3,69fe3eb696baf5af4617c380,69fe3eb696baf5af4617c380,spotlight_PROLIFIC,,26,Mexico,Spanish,English,,Spanish:85|English:15,100,Spanish:40|English:60,100,Spanish:90|English:10,100,25,7,Bachelor's,10,10,10,9,9,10,6,14,6,12,TOEFL,96,,,,,20,25,B2,elementary|intermediate,intermediate|elementary,cambridge_15_21_random_elementary_intermediate,4,19,random,,229.2734375,753.5390625,249.7734375,784.5625,4,9,,,,,,,,,,,,2026-09-22T23:05:16.927Z,V4EJ4XA7,2026-09-22,2026-09-22,17:05:16,2026-09-22 17:05:16,,,,,,,,69fe3eb696baf5af4617c380,69fe3eb696baf5af4617c380,,,,
11861,raw_position_sample,2,1,ele,9,3,13,14,59, are ,784,240,1120694.3999999985,69fe3eb696baf5af4617c380,69fe3eb696baf5af4617c380,elementary,3,69fe3eb696baf5af4617c380,69fe3eb696baf5af4617c380,spotlight_PROLIFIC,,26,Mexico,Spanish,English,,Spanish:85|English:15,100,Spanish:40|English:60,100,Spanish:90|English:10,100,25,7,Bachelor's,10,10,10,9,9,10,6,14,6,12,TOEFL,96,,,,,20,25,B2,elementary|intermediate,intermediate|elementary,cambridge_15_21_random_elementary_intermediate,4,19,random,,229.2734375,753.5390625,249.7734375,784.5625,4,9,,,,,,,,,,,,2026-09-22T23:05:16.927Z,V4EJ4XA7,2026-09-22,2026-09-22,17:05:16,2026-09-22 17:05:16,,,,,,,,69fe3eb696baf5af4617c380,69fe3eb696baf5af4617c380,,,,
11862,hover_association,2,1,ele,9,3,13,14,59, are ,754,241,,69fe3eb696baf5af4617c380,69fe3eb696baf5af4617c380,elementary,3,69fe3eb696baf5af4617c380,69fe3eb696baf5af4617c380,spotlight_PROLIFIC,,26,Mexico,Spanish,English,,Spanish:85|English:15,100,Spanish:40|English:60,100,Spanish:90|English:10,100,25,7,Bachelor's,10,10,10,9,9,10,6,14,6,12,TOEFL,96,,,,,20,25,B2,elementary|intermediate,intermediate|elementary,cambridge_15_21_random_elementary_intermediate,4,19,random,,219.5234375,753.5390625,259.5234375,784.5625,4,9,hover,133.69999999925494,133.69999999925494,0.9818685469654999,0.5119140625,63,,,,,,2026-09-22T23:05:16.927Z,V4EJ4XA7,2026-09-22,2026-09-22,17:05:16,2026-09-22 17:05:16,,,,,,,,69fe3eb696baf5af4617c380,69fe3eb696baf5af4617c380,,,,
11911,raw_position_sample,2,1,ele,9,3,13,14,60, not ,791,240,1120744.1999999993,69fe3eb696baf5af4617c380,69fe3eb696baf5af4617c380,elementary,3,69fe3eb696baf5af4617c380,69fe3eb696baf5af4617c380,spotlight_PROLIFIC,,26,Mexico,Spanish,English,,Spanish:85|English:15,100,Spanish:40|English:60,100,Spanish:90|English:10,100,25,7,Bachelor's,10,10,10,9,9,10,6,14,6,12,TOEFL,96,,,,,20,25,B2,elementary|intermediate,intermediate|elementary,cambridge_15_21_random_elementary_intermediate,4,19,random,,229.2734375,784.5625,249.7734375,814.5859375,4,10,,,,,,,,,,,,2026-09-22T23:05:16.927Z,V4EJ4XA7,2026-09-22,2026-09-22,17:05:16,2026-09-22 17:05:16,,,,,,,,69fe3eb696baf5af4617c380,69fe3eb696baf5af4617c380,,,,
11961,raw_position_sample,2,1,ele,9,3,13,14,60, not ,797,241,1120794.3999999985,69fe3eb696baf5af4617c380,69fe3eb696baf5af4617c380,elementary,3,69fe3eb696baf5af4617c380,69fe3eb696baf5af4617c380,spotlight_PROLIFIC,,26,Mexico,Spanish,English,,Spanish:85|English:15,100,Spanish:40|English:60,100,Spanish:90|English:10,100,25,7,Bachelor's,10,10,10,9,9,10,6,14,6,12,TOEFL,96,,,,,20,25,B2,elementary|intermediate,intermediate|elementary,cambridge_15_21_random_elementary_intermediate,4,19,random,,229.2734375,784.5625,249.7734375,814.5859375,4,10,,,,,,,,,,,,2026-09-22T23:05:16.927Z,V4EJ4XA7,2026-09-22,2026-09-22,17:05:16,2026-09-22 17:05:16,,,,,,,,69fe3eb696baf5af4617c380,69fe3eb696baf5af4617c380,,,,
12011,raw_position_sample,2,1,ele,9,3,13,14,60, not ,808,244,1120844.299999997,69fe3eb696baf5af4617c380,69fe3eb696baf5af4617c380,elementary,3,69fe3eb696baf5af4617c380,69fe3eb696baf5af4617c380,spotlight_PROLIFIC,,26,Mexico,Spanish,English,,Spanish:85|English:15,100,Spanish:40|English:60,100,Spanish:90|English:10,100,25,7,Bachelor's,10,10,10,9,9,10,6,14,6,12,TOEFL,96,,,,,20,25,B2,elementary|intermediate,intermediate|elementary,cambridge_15_21_random_elementary_intermediate,4,19,random,,229.2734375,784.5625,249.7734375,814.5859375,4,10,,,,,,,,,,,,2026-09-22T23:05:16.927Z,V4EJ4XA7,2026-09-22,2026-09-22,17:05:16,2026-09-22 17:05:16,,,,,,,,69fe3eb696baf5af4617c380,69fe3eb696baf5af4617c380,,,,
12028,hover_association,2,1,ele,9,3,13,14,60, not ,787,240,,69fe3eb696baf5af4617c380,69fe3eb696baf5af4617c380,elementary,3,69fe3eb696baf5af4617c380,69fe3eb696baf5af4617c380,spotlight_PROLIFIC,,26,Mexico,Spanish,English,,Spanish:85|English:15,100,Spanish:40|English:60,100,Spanish:90|English:10,100,25,7,Bachelor's,10,10,10,9,9,10,6,14,6,12,TOEFL,96,,,,,20,25,B2,elementary|intermediate,intermediate|elementary,cambridge_15_21_random_elementary_intermediate,4,19,random,,219.5234375,784.5625,259.5234375,814.5859375,4,10,hover,166.10000000149012,166.10000000149012,0.9138693728857663,0.6119140625,63,,,,,,2026-09-22T23:05:16.927Z,V4EJ4XA7,2026-09-22,2026-09-22,17:05:16,2026-09-22 17:05:16,,,,,,,,69fe3eb696baf5af4617c380,69fe3eb696baf5af4617c380,,,,
12061,raw_position_sample,2,1,ele,9,3,13,14,61, yet ,819,245,1120893.8999999985,69fe3eb696baf5af4617c380,69fe3eb696baf5af4617c380,elementary,3,69fe3eb696baf5af4617c380,69fe3eb696baf5af4617c380,spotlight_PROLIFIC,,26,Mexico,Spanish,English,,Spanish:85|English:15,100,Spanish:40|English:60,100,Spanish:90|English:10,100,25,7,Bachelor's,10,10,10,9,9,10,6,14,6,12,TOEFL,96,,,,,20,25,B2,elementary|intermediate,intermediate|elementary,cambridge_15_21_random_elementary_intermediate,4,19,random,,229.2734375,814.5859375,249.7734375,843.6015625,4,11,,,,,,,,,,,,2026-09-22T23:05:16.927Z,V4EJ4XA7,2026-09-22,2026-09-22,17:05:16,2026-09-22 17:05:16,,,,,,,,69fe3eb696baf5af4617c380,69fe3eb696baf5af4617c380,,,,
12111,raw_position_sample,2,1,ele,9,3,13,14,61, yet ,826,245,1120944.299999997,69fe3eb696baf5af4617c380,69fe3eb696baf5af4617c380,elementary,3,69fe3eb696baf5af4617c380,69fe3eb696baf5af4617c380,spotlight_PROLIFIC,,26,Mexico,Spanish,English,,Spanish:85|English:15,100,Spanish:40|English:60,100,Spanish:90|English:10,100,25,7,Bachelor's,10,10,10,9,9,10,6,14,6,12,TOEFL,96,,,,,20,25,B2,elementary|intermediate,intermediate|elementary,cambridge_15_21_random_elementary_intermediate,4,19,random,,229.2734375,814.5859375,249.7734375,843.6015625,4,11,,,,,,,,,,,,2026-09-22T23:05:16.927Z,V4EJ4XA7,2026-09-22,2026-09-22,17:05:16,2026-09-22 17:05:16,,,,,,,,69fe3eb696baf5af4617c380,69fe3eb696baf5af4617c380,,,,
12161,raw_position_sample,2,1,ele,9,3,13,14,61, yet ,830,245,1120993.8999999985,69fe3eb696baf5af4617c380,69fe3eb696baf5af4617c380,elementary,3,69fe3eb696baf5af4617c380,69fe3eb696baf5af4617c380,spotlight_PROLIFIC,,26,Mexico,Spanish,English,,Spanish:85|English:15,100,Spanish:40|English:60,100,Spanish:90|English:10,100,25,7,Bachelor's,10,10,10,9,9,10,6,14,6,12,TOEFL,96,,,,,20,25,B2,elementary|intermediate,intermediate|elementary,cambridge_15_21_random_elementary_intermediate,4,19,random,,229.2734375,814.5859375,249.7734375,843.6015625,4,11,,,,,,,,,,,,2026-09-22T23:05:16.927Z,V4EJ4XA7,2026-09-22,2026-09-22,17:05:16,2026-09-22 17:05:16,,,,,,,,69fe3eb696baf5af4617c380,69fe3eb696baf5af4617c380,,,,
12209,raw_position_sample,2,1,ele,9,3,13,14,61, yet ,831,248,1121042.6999999993,69fe3eb696baf5af4617c380,69fe3eb696baf5af4617c380,elementary,3,69fe3eb696baf5af4617c380,69fe3eb696baf5af4617c380,spotlight_PROLIFIC,,26,Mexico,Spanish,English,,Spanish:85|English:15,100,Spanish:40|English:60,100,Spanish:90|English:10,100,25,7,Bachelor's,10,10,10,9,9,10,6,14,6,12,TOEFL,96,,,,,20,25,B2,elementary|intermediate,intermediate|elementary,cambridge_15_21_random_elementary_intermediate,4,19,random,,229.2734375,814.5859375,249.7734375,843.6015625,4,11,,,,,,,,,,,,2026-09-22T23:05:16.927Z,V4EJ4XA7,2026-09-22,2026-09-22,17:05:16,2026-09-22 17:05:16,,,,,,,,69fe3eb696baf5af4617c380,69fe3eb696baf5af4617c380,,,,
12260,raw_position_sample,2,1,ele,9,3,13,14,61, yet ,832,253,1121092.6999999993,69fe3eb696baf5af4617c380,69fe3eb696baf5af4617c380,elementary,3,69fe3eb696baf5af4617c380,69fe3eb696baf5af4617c380,spotlight_PROLIFIC,,26,Mexico,Spanish,English,,Spanish:85|English:15,100,Spanish:40|English:60,100,Spanish:90|English:10,100,25,7,Bachelor's,10,10,10,9,9,10,6,14,6,12,TOEFL,96,,,,,20,25,B2,elementary|intermediate,intermediate|elementary,cambridge_15_21_random_elementary_intermediate,4,19,random,,229.2734375,814.5859375,249.7734375,843.6015625,4,11,,,,,,,,,,,,2026-09-22T23:05:16.927Z,V4EJ4XA7,2026-09-22,2026-09-22,17:05:16,2026-09-22 17:05:16,,,,,,,,69fe3eb696baf5af4617c380,69fe3eb696baf5af4617c380,,,,
12310,raw_position_sample,2,1,ele,9,3,13,14,61, yet ,832,257,1121143.0999999978,69fe3eb696baf5af4617c380,69fe3eb696baf5af4617c380,elementary,3,69fe3eb696baf5af4617c380,69fe3eb696baf5af4617c380,spotlight_PROLIFIC,,26,Mexico,Spanish,English,,Spanish:85|English:15,100,Spanish:40|English:60,100,Spanish:90|English:10,100,25,7,Bachelor's,10,10,10,9,9,10,6,14,6,12,TOEFL,96,,,,,20,25,B2,elementary|intermediate,intermediate|elementary,cambridge_15_21_random_elementary_intermediate,4,19,random,,229.2734375,814.5859375,249.7734375,843.6015625,4,11,,,,,,,,,,,,2026-09-22T23:05:16.927Z,V4EJ4XA7,2026-09-22,2026-09-22,17:05:16,2026-09-22 17:05:16,,,,,,,,69fe3eb696baf5af4617c380,69fe3eb696baf5af4617c380,,,,
12361,raw_position_sample,2,1,ele,9,3,13,14,61, yet ,831,259,1121194.3999999985,69fe3eb696baf5af4617c380,69fe3eb696baf5af4617c380,elementary,3,69fe3eb696baf5af4617c380,69fe3eb696baf5af4617c380,spotlight_PROLIFIC,,26,Mexico,Spanish,English,,Spanish:85|English:15,100,Spanish:40|English:60,100,Spanish:90|English:10,100,25,7,Bachelor's,10,10,10,9,9,10,6,14,6,12,TOEFL,96,,,,,20,25,B2,elementary|intermediate,intermediate|elementary,cambridge_15_21_random_elementary_intermediate,4,19,random,,229.2734375,814.5859375,249.7734375,843.6015625,4,11,,,,,,,,,,,,2026-09-22T23:05:16.927Z,V4EJ4XA7,2026-09-22,2026-09-22,17:05:16,2026-09-22 17:05:16,,,,,,,,69fe3eb696baf5af4617c380,69fe3eb696baf5af4617c380,,,,
12363,hover_association,2,1,ele,9,3,13,14,61, yet ,816,245,,69fe3eb696baf5af4617c380,69fe3eb696baf5af4617c380,elementary,3,69fe3eb696baf5af4617c380,69fe3eb696baf5af4617c380,spotlight_PROLIFIC,,26,Mexico,Spanish,English,,Spanish:85|English:15,100,Spanish:40|English:60,100,Spanish:90|English:10,100,25,7,Bachelor's,10,10,10,9,9,10,6,14,6,12,TOEFL,96,,,,,20,25,B2,elementary|intermediate,intermediate|elementary,cambridge_15_21_random_elementary_intermediate,4,19,random,,219.5234375,814.5859375,259.5234375,843.6015625,4,11,hover,335.5999999977648,335.5999999977648,0.5656973613354873,0.9869140625,63,,,,,,2026-09-22T23:05:16.927Z,V4EJ4XA7,2026-09-22,2026-09-22,17:05:16,2026-09-22 17:05:16,,,,,,,,69fe3eb696baf5af4617c380,69fe3eb696baf5af4617c380,,,,
12409,raw_position_sample,2,1,ele,9,3,13,14,-1,999,827,262,1121242.6999999993,69fe3eb696baf5af4617c380,69fe3eb696baf5af4617c380,elementary,3,69fe3eb696baf5af4617c380,69fe3eb696baf5af4617c380,spotlight_PROLIFIC,,26,Mexico,Spanish,English,,Spanish:85|English:15,100,Spanish:40|English:60,100,Spanish:90|English:10,100,25,7,Bachelor's,10,10,10,9,9,10,6,14,6,12,TOEFL,96,,,,,20,25,B2,elementary|intermediate,intermediate|elementary,cambridge_15_21_random_elementary_intermediate,4,19,random,,,,,,,,,,,,,,,,,,,2026-09-22T23:05:16.927Z,V4EJ4XA7,2026-09-22,2026-09-22,17:05:16,2026-09-22 17:05:16,,,,,,,,69fe3eb696baf5af4617c380,69fe3eb696baf5af4617c380,,,,
12460,raw_position_sample,2,1,ele,9,3,13,14,-1,999,817,265,1121293,69fe3eb696baf5af4617c380,69fe3eb696baf5af4617c380,elementary,3,69fe3eb696baf5af4617c380,69fe3eb696baf5af4617c380,spotlight_PROLIFIC,,26,Mexico,Spanish,English,,Spanish:85|English:15,100,Spanish:40|English:60,100,Spanish:90|English:10,100,25,7,Bachelor's,10,10,10,9,9,10,6,14,6,12,TOEFL,96,,,,,20,25,B2,elementary|intermediate,intermediate|elementary,cambridge_15_21_random_elementary_intermediate,4,19,random,,,,,,,,,,,,,,,,,,,2026-09-22T23:05:16.927Z,V4EJ4XA7,2026-09-22,2026-09-22,17:05:16,2026-09-22 17:05:16,,,,,,,,69fe3eb696baf5af4617c380,69fe3eb696baf5af4617c380,,,,
12511,raw_position_sample,2,1,ele,9,3,13,14,-1,999,795,267,1121344.299999997,69fe3eb696baf5af4617c380,69fe3eb696baf5af4617c380,elementary,3,69fe3eb696baf5af4617c380,69fe3eb696baf5af4617c380,spotlight_PROLIFIC,,26,Mexico,Spanish,English,,Spanish:85|English:15,100,Spanish:40|English:60,100,Spanish:90|English:10,100,25,7,Bachelor's,10,10,10,9,9,10,6,14,6,12,TOEFL,96,,,,,20,25,B2,elementary|intermediate,intermediate|elementary,cambridge_15_21_random_elementary_intermediate,4,19,random,,,,,,,,,,,,,,,,,,,2026-09-22T23:05:16.927Z,V4EJ4XA7,2026-09-22,2026-09-22,17:05:16,2026-09-22 17:05:16,,,,,,,,69fe3eb696baf5af4617c380,69fe3eb696baf5af4617c380,,,,
12561,raw_position_sample,2,1,ele,9,3,13,14,-1,999,768,265,1121393.8999999985,69fe3eb696baf5af4617c380,69fe3eb696baf5af4617c380,elementary,3,69fe3eb696baf5af4617c380,69fe3eb696baf5af4617c380,spotlight_PROLIFIC,,26,Mexico,Spanish,English,,Spanish:85|English:15,100,Spanish:40|English:60,100,Spanish:90|English:10,100,25,7,Bachelor's,10,10,10,9,9,10,6,14,6,12,TOEFL,96,,,,,20,25,B2,elementary|intermediate,intermediate|elementary,cambridge_15_21_random_elementary_intermediate,4,19,random,,,,,,,,,,,,,,,,,,,2026-09-22T23:05:16.927Z,V4EJ4XA7,2026-09-22,2026-09-22,17:05:16,2026-09-22 17:05:16,,,,,,,,69fe3eb696baf5af4617c380,69fe3eb696baf5af4617c380,,,,
12611,raw_position_sample,2,1,ele,9,3,13,14,58, which ,747,259,1121444,69fe3eb696baf5af4617c380,69fe3eb696baf5af4617c380,elementary,3,69fe3eb696baf5af4617c380,69fe3eb696baf5af4617c380,spotlight_PROLIFIC,,26,Mexico,Spanish,English,,Spanish:85|English:15,100,Spanish:40|English:60,100,Spanish:90|English:10,100,25,7,Bachelor's,10,10,10,9,9,10,6,14,6,12,TOEFL,96,,,,,20,25,B2,elementary|intermediate,intermediate|elementary,cambridge_15_21_random_elementary_intermediate,4,19,random,,229.2734375,702.515625,249.7734375,753.5390625,4,8,,,,,,,,,,,,2026-09-22T23:05:16.927Z,V4EJ4XA7,2026-09-22,2026-09-22,17:05:16,2026-09-22 17:05:16,,,,,,,,69fe3eb696baf5af4617c380,69fe3eb696baf5af4617c380,,,,
12660,raw_position_sample,2,1,ele,9,3,13,14,58, which ,741,257,1121493.5,69fe3eb696baf5af4617c380,69fe3eb696baf5af4617c380,elementary,3,69fe3eb696baf5af4617c380,69fe3eb696baf5af4617c380,spotlight_PROLIFIC,,26,Mexico,Spanish,English,,Spanish:85|English:15,100,Spanish:40|English:60,100,Spanish:90|English:10,100,25,7,Bachelor's,10,10,10,9,9,10,6,14,6,12,TOEFL,96,,,,,20,25,B2,elementary|intermediate,intermediate|elementary,cambridge_15_21_random_elementary_intermediate,4,19,random,,229.2734375,702.515625,249.7734375,753.5390625,4,8,,,,,,,,,,,,2026-09-22T23:05:16.927Z,V4EJ4XA7,2026-09-22,2026-09-22,17:05:16,2026-09-22 17:05:16,,,,,,,,69fe3eb696baf5af4617c380,69fe3eb696baf5af4617c380,,,,
12711,raw_position_sample,2,1,ele,9,3,13,14,58, which ,741,257,1121544.1999999993,69fe3eb696baf5af4617c380,69fe3eb696baf5af4617c380,elementary,3,69fe3eb696baf5af4617c380,69fe3eb696baf5af4617c380,spotlight_PROLIFIC,,26,Mexico,Spanish,English,,Spanish:85|English:15,100,Spanish:40|English:60,100,Spanish:90|English:10,100,25,7,Bachelor's,10,10,10,9,9,10,6,14,6,12,TOEFL,96,,,,,20,25,B2,elementary|intermediate,intermediate|elementary,cambridge_15_21_random_elementary_intermediate,4,19,random,,229.2734375,702.515625,249.7734375,753.5390625,4,8,,,,,,,,,,,,2026-09-22T23:05:16.927Z,V4EJ4XA7,2026-09-22,2026-09-22,17:05:16,2026-09-22 17:05:16,,,,,,,,69fe3eb696baf5af4617c380,69fe3eb696baf5af4617c380,,,,
12761,raw_position_sample,2,1,ele,9,3,13,14,58, which ,741,257,1121594.6999999993,69fe3eb696baf5af4617c380,69fe3eb696baf5af4617c380,elementary,3,69fe3eb696baf5af4617c380,69fe3eb696baf5af4617c380,spotlight_PROLIFIC,,26,Mexico,Spanish,English,,Spanish:85|English:15,100,Spanish:40|English:60,100,Spanish:90|English:10,100,25,7,Bachelor's,10,10,10,9,9,10,6,14,6,12,TOEFL,96,,,,,20,25,B2,elementary|intermediate,intermediate|elementary,cambridge_15_21_random_elementary_intermediate,4,19,random,,229.2734375,702.515625,249.7734375,753.5390625,4,8,,,,,,,,,,,,2026-09-22T23:05:16.927Z,V4EJ4XA7,2026-09-22,2026-09-22,17:05:16,2026-09-22 17:05:16,,,,,,,,69fe3eb696baf5af4617c380,69fe3eb696baf5af4617c380,,,,
12811,raw_position_sample,2,1,ele,9,3,13,14,58, which ,741,257,1121643.799999997,69fe3eb696baf5af4617c380,69fe3eb696baf5af4617c380,elementary,3,69fe3eb696baf5af4617c380,69fe3eb696baf5af4617c380,spotlight_PROLIFIC,,26,Mexico,Spanish,English,,Spanish:85|English:15,100,Spanish:40|English:60,100,Spanish:90|English:10,100,25,7,Bachelor's,10,10,10,9,9,10,6,14,6,12,TOEFL,96,,,,,20,25,B2,elementary|intermediate,intermediate|elementary,cambridge_15_21_random_elementary_intermediate,4,19,random,,229.2734375,702.515625,249.7734375,753.5390625,4,8,,,,,,,,,,,,2026-09-22T23:05:16.927Z,V4EJ4XA7,2026-09-22,2026-09-22,17:05:16,2026-09-22 17:05:16,,,,,,,,69fe3eb696baf5af4617c380,69fe3eb696baf5af4617c380,,,,
12861,raw_position_sample,2,1,ele,9,3,13,14,58, which ,738,257,1121693.8999999985,69fe3eb696baf5af4617c380,69fe3eb696baf5af4617c380,elementary,3,69fe3eb696baf5af4617c380,69fe3eb696baf5af4617c380,spotlight_PROLIFIC,,26,Mexico,Spanish,English,,Spanish:85|English:15,100,Spanish:40|English:60,100,Spanish:90|English:10,100,25,7,Bachelor's,10,10,10,9,9,10,6,14,6,12,TOEFL,96,,,,,20,25,B2,elementary|intermediate,intermediate|elementary,cambridge_15_21_random_elementary_intermediate,4,19,random,,229.2734375,702.515625,249.7734375,753.5390625,4,8,,,,,,,,,,,,2026-09-22T23:05:16.927Z,V4EJ4XA7,2026-09-22,2026-09-22,17:05:16,2026-09-22 17:05:16,,,,,,,,69fe3eb696baf5af4617c380,69fe3eb696baf5af4617c380,,,,
12909,raw_position_sample,2,1,ele,9,3,13,14,58, which ,728,257,1121742.6999999993,69fe3eb696baf5af4617c380,69fe3eb696baf5af4617c380,elementary,3,69fe3eb696baf5af4617c380,69fe3eb696baf5af4617c380,spotlight_PROLIFIC,,26,Mexico,Spanish,English,,Spanish:85|English:15,100,Spanish:40|English:60,100,Spanish:90|English:10,100,25,7,Bachelor's,10,10,10,9,9,10,6,14,6,12,TOEFL,96,,,,,20,25,B2,elementary|intermediate,intermediate|elementary,cambridge_15_21_random_elementary_intermediate,4,19,random,,229.2734375,702.515625,249.7734375,753.5390625,4,8,,,,,,,,,,,,2026-09-22T23:05:16.927Z,V4EJ4XA7,2026-09-22,2026-09-22,17:05:16,2026-09-22 17:05:16,,,,,,,,69fe3eb696baf5af4617c380,69fe3eb696baf5af4617c380,,,,
12960,raw_position_sample,2,1,ele,9,3,13,14,58, which ,725,257,1121793.5,69fe3eb696baf5af4617c380,69fe3eb696baf5af4617c380,elementary,3,69fe3eb696baf5af4617c380,69fe3eb696baf5af4617c380,spotlight_PROLIFIC,,26,Mexico,Spanish,English,,Spanish:85|English:15,100,Spanish:40|English:60,100,Spanish:90|English:10,100,25,7,Bachelor's,10,10,10,9,9,10,6,14,6,12,TOEFL,96,,,,,20,25,B2,elementary|intermediate,intermediate|elementary,cambridge_15_21_random_elementary_intermediate,4,19,random,,229.2734375,702.515625,249.7734375,753.5390625,4,8,,,,,,,,,,,,2026-09-22T23:05:16.927Z,V4EJ4XA7,2026-09-22,2026-09-22,17:05:16,2026-09-22 17:05:16,,,,,,,,69fe3eb696baf5af4617c380,69fe3eb696baf5af4617c380,,,,
13011,raw_position_sample,2,1,ele,9,3,13,14,58, which ,724,257,1121844.0999999978,69fe3eb696baf5af4617c380,69fe3eb696baf5af4617c380,elementary,3,69fe3eb696baf5af4617c380,69fe3eb696baf5af4617c380,spotlight_PROLIFIC,,26,Mexico,Spanish,English,,Spanish:85|English:15,100,Spanish:40|English:60,100,Spanish:90|English:10,100,25,7,Bachelor's,10,10,10,9,9,10,6,14,6,12,TOEFL,96,,,,,20,25,B2,elementary|intermediate,intermediate|elementary,cambridge_15_21_random_elementary_intermediate,4,19,random,,229.2734375,702.515625,249.7734375,753.5390625,4,8,,,,,,,,,,,,2026-09-22T23:05:16.927Z,V4EJ4XA7,2026-09-22,2026-09-22,17:05:16,2026-09-22 17:05:16,,,,,,,,69fe3eb696baf5af4617c380,69fe3eb696baf5af4617c380,,,,
13061,raw_position_sample,2,1,ele,9,3,13,14,58, which ,724,257,1121894.0999999978,69fe3eb696baf5af4617c380,69fe3eb696baf5af4617c380,elementary,3,69fe3eb696baf5af4617c380,69fe3eb696baf5af4617c380,spotlight_PROLIFIC,,26,Mexico,Spanish,English,,Spanish:85|English:15,100,Spanish:40|English:60,100,Spanish:90|English:10,100,25,7,Bachelor's,10,10,10,9,9,10,6,14,6,12,TOEFL,96,,,,,20,25,B2,elementary|intermediate,intermediate|elementary,cambridge_15_21_random_elementary_intermediate,4,19,random,,229.2734375,702.515625,249.7734375,753.5390625,4,8,,,,,,,,,,,,2026-09-22T23:05:16.927Z,V4EJ4XA7,2026-09-22,2026-09-22,17:05:16,2026-09-22 17:05:16,,,,,,,,69fe3eb696baf5af4617c380,69fe3eb696baf5af4617c380,,,,
13111,raw_position_sample,2,1,ele,9,3,13,14,58, which ,731,258,1121944.1999999993,69fe3eb696baf5af4617c380,69fe3eb696baf5af4617c380,elementary,3,69fe3eb696baf5af4617c380,69fe3eb696baf5af4617c380,spotlight_PROLIFIC,,26,Mexico,Spanish,English,,Spanish:85|English:15,100,Spanish:40|English:60,100,Spanish:90|English:10,100,25,7,Bachelor's,10,10,10,9,9,10,6,14,6,12,TOEFL,96,,,,,20,25,B2,elementary|intermediate,intermediate|elementary,cambridge_15_21_random_elementary_intermediate,4,19,random,,229.2734375,702.515625,249.7734375,753.5390625,4,8,,,,,,,,,,,,2026-09-22T23:05:16.927Z,V4EJ4XA7,2026-09-22,2026-09-22,17:05:16,2026-09-22 17:05:16,,,,,,,,69fe3eb696baf5af4617c380,69fe3eb696baf5af4617c380,,,,
13114,hover_association,2,1,ele,9,3,13,14,58, which ,747,259,,69fe3eb696baf5af4617c380,69fe3eb696baf5af4617c380,elementary,3,69fe3eb696baf5af4617c380,69fe3eb696baf5af4617c380,spotlight_PROLIFIC,,26,Mexico,Spanish,English,,Spanish:85|English:15,100,Spanish:40|English:60,100,Spanish:90|English:10,100,25,7,Bachelor's,10,10,10,9,9,10,6,14,6,12,TOEFL,96,,,,,20,25,B2,elementary|intermediate,intermediate|elementary,cambridge_15_21_random_elementary_intermediate,4,19,random,,219.5234375,702.515625,259.5234375,753.5390625,4,8,hover,518.9000000022352,518.9000000022352,0.5582606032766805,0.9619140625,63,,,,,,2026-09-22T23:05:16.927Z,V4EJ4XA7,2026-09-22,2026-09-22,17:05:16,2026-09-22 17:05:16,,,,,,,,69fe3eb696baf5af4617c380,69fe3eb696baf5af4617c380,,,,
13160,raw_position_sample,2,1,ele,9,3,13,14,-1,999,757,263,1121993.0999999978,69fe3eb696baf5af4617c380,69fe3eb696baf5af4617c380,elementary,3,69fe3eb696baf5af4617c380,69fe3eb696baf5af4617c380,spotlight_PROLIFIC,,26,Mexico,Spanish,English,,Spanish:85|English:15,100,Spanish:40|English:60,100,Spanish:90|English:10,100,25,7,Bachelor's,10,10,10,9,9,10,6,14,6,12,TOEFL,96,,,,,20,25,B2,elementary|intermediate,intermediate|elementary,cambridge_15_21_random_elementary_intermediate,4,19,random,,,,,,,,,,,,,,,,,,,2026-09-22T23:05:16.927Z,V4EJ4XA7,2026-09-22,2026-09-22,17:05:16,2026-09-22 17:05:16,,,,,,,,69fe3eb696baf5af4617c380,69fe3eb696baf5af4617c380,,,,
13211,raw_position_sample,2,1,ele,9,3,13,14,-1,999,778,264,1122044.1999999993,69fe3eb696baf5af4617c380,69fe3eb696baf5af4617c380,elementary,3,69fe3eb696baf5af4617c380,69fe3eb696baf5af4617c380,spotlight_PROLIFIC,,26,Mexico,Spanish,English,,Spanish:85|English:15,100,Spanish:40|English:60,100,Spanish:90|English:10,100,25,7,Bachelor's,10,10,10,9,9,10,6,14,6,12,TOEFL,96,,,,,20,25,B2,elementary|intermediate,intermediate|elementary,cambridge_15_21_random_elementary_intermediate,4,19,random,,,,,,,,,,,,,,,,,,,2026-09-22T23:05:16.927Z,V4EJ4XA7,2026-09-22,2026-09-22,17:05:16,2026-09-22 17:05:16,,,,,,,,69fe3eb696baf5af4617c380,69fe3eb696baf5af4617c380,,,,
13261,raw_position_sample,2,1,ele,9,3,13,14,-1,999,794,264,1122094.299999997,69fe3eb696baf5af4617c380,69fe3eb696baf5af4617c380,elementary,3,69fe3eb696baf5af4617c380,69fe3eb696baf5af4617c380,spotlight_PROLIFIC,,26,Mexico,Spanish,English,,Spanish:85|English:15,100,Spanish:40|English:60,100,Spanish:90|English:10,100,25,7,Bachelor's,10,10,10,9,9,10,6,14,6,12,TOEFL,96,,,,,20,25,B2,elementary|intermediate,intermediate|elementary,cambridge_15_21_random_elementary_intermediate,4,19,random,,,,,,,,,,,,,,,,,,,2026-09-22T23:05:16.927Z,V4EJ4XA7,2026-09-22,2026-09-22,17:05:16,2026-09-22 17:05:16,,,,,,,,69fe3eb696baf5af4617c380,69fe3eb696baf5af4617c380,,,,
13311,raw_position_sample,2,1,ele,9,3,13,14,-1,999,809,264,1122144.0999999978,69fe3eb696baf5af4617c380,69fe3eb696baf5af4617c380,elementary,3,69fe3eb696baf5af4617c380,69fe3eb696baf5af4617c380,spotlight_PROLIFIC,,26,Mexico,Spanish,English,,Spanish:85|English:15,100,Spanish:40|English:60,100,Spanish:90|English:10,100,25,7,Bachelor's,10,10,10,9,9,10,6,14,6,12,TOEFL,96,,,,,20,25,B2,elementary|intermediate,intermediate|elementary,cambridge_15_21_random_elementary_intermediate,4,19,random,,,,,,,,,,,,,,,,,,,2026-09-22T23:05:16.927Z,V4EJ4XA7,2026-09-22,2026-09-22,17:05:16,2026-09-22 17:05:16,,,,,,,,69fe3eb696baf5af4617c380,69fe3eb696baf5af4617c380,,,,
13361,raw_position_sample,2,1,ele,9,3,13,14,-1,999,821,264,1122193.799999997,69fe3eb696baf5af4617c380,69fe3eb696baf5af4617c380,elementary,3,69fe3eb696baf5af4617c380,69fe3eb696baf5af4617c380,spotlight_PROLIFIC,,26,Mexico,Spanish,English,,Spanish:85|English:15,100,Spanish:40|English:60,100,Spanish:90|English:10,100,25,7,Bachelor's,10,10,10,9,9,10,6,14,6,12,TOEFL,96,,,,,20,25,B2,elementary|intermediate,intermediate|elementary,cambridge_15_21_random_elementary_intermediate,4,19,random,,,,,,,,,,,,,,,,,,,2026-09-22T23:05:16.927Z,V4EJ4XA7,2026-09-22,2026-09-22,17:05:16,2026-09-22 17:05:16,,,,,,,,69fe3eb696baf5af4617c380,69fe3eb696baf5af4617c380,,,,
13410,raw_position_sample,2,1,ele,9,3,13,14,-1,999,826,264,1122243.6999999993,69fe3eb696baf5af4617c380,69fe3eb696baf5af4617c380,elementary,3,69fe3eb696baf5af4617c380,69fe3eb696baf5af4617c380,spotlight_PROLIFIC,,26,Mexico,Spanish,English,,Spanish:85|English:15,100,Spanish:40|English:60,100,Spanish:90|English:10,100,25,7,Bachelor's,10,10,10,9,9,10,6,14,6,12,TOEFL,96,,,,,20,25,B2,elementary|intermediate,intermediate|elementary,cambridge_15_21_random_elementary_intermediate,4,19,random,,,,,,,,,,,,,,,,,,,2026-09-22T23:05:16.927Z,V4EJ4XA7,2026-09-22,2026-09-22,17:05:16,2026-09-22 17:05:16,,,,,,,,69fe3eb696baf5af4617c380,69fe3eb696baf5af4617c380,,,,
13461,raw_position_sample,2,1,ele,9,3,13,14,-1,999,827,264,1122293.6999999993,69fe3eb696baf5af4617c380,69fe3eb696baf5af4617c380,elementary,3,69fe3eb696baf5af4617c380,69fe3eb696baf5af4617c380,spotlight_PROLIFIC,,26,Mexico,Spanish,English,,Spanish:85|English:15,100,Spanish:40|English:60,100,Spanish:90|English:10,100,25,7,Bachelor's,10,10,10,9,9,10,6,14,6,12,TOEFL,96,,,,,20,25,B2,elementary|intermediate,intermediate|elementary,cambridge_15_21_random_elementary_intermediate,4,19,random,,,,,,,,,,,,,,,,,,,2026-09-22T23:05:16.927Z,V4EJ4XA7,2026-09-22,2026-09-22,17:05:16,2026-09-22 17:05:16,,,,,,,,69fe3eb696baf5af4617c380,69fe3eb696baf5af4617c380,,,,
13511,raw_position_sample,2,1,ele,9,3,13,14,-1,999,826,266,1122344.1999999993,69fe3eb696baf5af4617c380,69fe3eb696baf5af4617c380,elementary,3,69fe3eb696baf5af4617c380,69fe3eb696baf5af4617c380,spotlight_PROLIFIC,,26,Mexico,Spanish,English,,Spanish:85|English:15,100,Spanish:40|English:60,100,Spanish:90|English:10,100,25,7,Bachelor's,10,10,10,9,9,10,6,14,6,12,TOEFL,96,,,,,20,25,B2,elementary|intermediate,intermediate|elementary,cambridge_15_21_random_elementary_intermediate,4,19,random,,,,,,,,,,,,,,,,,,,2026-09-22T23:05:16.927Z,V4EJ4XA7,2026-09-22,2026-09-22,17:05:16,2026-09-22 17:05:16,,,,,,,,69fe3eb696baf5af4617c380,69fe3eb696baf5af4617c380,,,,
13560,raw_position_sample,2,1,ele,9,3,13,14,-1,999,817,275,1122393.3999999985,69fe3eb696baf5af4617c380,69fe3eb696baf5af4617c380,elementary,3,69fe3eb696baf5af4617c380,69fe3eb696baf5af4617c380,spotlight_PROLIFIC,,26,Mexico,Spanish,English,,Spanish:85|English:15,100,Spanish:40|English:60,100,Spanish:90|English:10,100,25,7,Bachelor's,10,10,10,9,9,10,6,14,6,12,TOEFL,96,,,,,20,25,B2,elementary|intermediate,intermediate|elementary,cambridge_15_21_random_elementary_intermediate,4,19,random,,,,,,,,,,,,,,,,,,,2026-09-22T23:05:16.927Z,V4EJ4XA7,2026-09-22,2026-09-22,17:05:16,2026-09-22 17:05:16,,,,,,,,69fe3eb696baf5af4617c380,69fe3eb696baf5af4617c380,,,,
13610,raw_position_sample,2,1,ele,9,3,13,14,-1,999,817,275,1122443.3999999985,69fe3eb696baf5af4617c380,69fe3eb696baf5af4617c380,elementary,3,69fe3eb696baf5af4617c380,69fe3eb696baf5af4617c380,spotlight_PROLIFIC,,26,Mexico,Spanish,English,,Spanish:85|English:15,100,Spanish:40|English:60,100,Spanish:90|English:10,100,25,7,Bachelor's,10,10,10,9,9,10,6,14,6,12,TOEFL,96,,,,,20,25,B2,elementary|intermediate,intermediate|elementary,cambridge_15_21_random_elementary_intermediate,4,19,random,,,,,,,,,,,,,,,,,,,2026-09-22T23:05:16.927Z,V4EJ4XA7,2026-09-22,2026-09-22,17:05:16,2026-09-22 17:05:16,,,,,,,,69fe3eb696baf5af4617c380,69fe3eb696baf5af4617c380,,,,
13660,raw_position_sample,2,1,ele,9,3,13,14,-1,999,817,275,1122493,69fe3eb696baf5af4617c380,69fe3eb696baf5af4617c380,elementary,3,69fe3eb696baf5af4617c380,69fe3eb696baf5af4617c380,spotlight_PROLIFIC,,26,Mexico,Spanish,English,,Spanish:85|English:15,100,Spanish:40|English:60,100,Spanish:90|English:10,100,25,7,Bachelor's,10,10,10,9,9,10,6,14,6,12,TOEFL,96,,,,,20,25,B2,elementary|intermediate,intermediate|elementary,cambridge_15_21_random_elementary_intermediate,4,19,random,,,,,,,,,,,,,,,,,,,2026-09-22T23:05:16.927Z,V4EJ4XA7,2026-09-22,2026-09-22,17:05:16,2026-09-22 17:05:16,,,,,,,,69fe3eb696baf5af4617c380,69fe3eb696baf5af4617c380,,,,
13710,raw_position_sample,2,1,ele,9,3,13,14,-1,999,817,275,1122542.8999999985,69fe3eb696baf5af4617c380,69fe3eb696baf5af4617c380,elementary,3,69fe3eb696baf5af4617c380,69fe3eb696baf5af4617c380,spotlight_PROLIFIC,,26,Mexico,Spanish,English,,Spanish:85|English:15,100,Spanish:40|English:60,100,Spanish:90|English:10,100,25,7,Bachelor's,10,10,10,9,9,10,6,14,6,12,TOEFL,96,,,,,20,25,B2,elementary|intermediate,intermediate|elementary,cambridge_15_21_random_elementary_intermediate,4,19,random,,,,,,,,,,,,,,,,,,,2026-09-22T23:05:16.927Z,V4EJ4XA7,2026-09-22,2026-09-22,17:05:16,2026-09-22 17:05:16,,,,,,,,69fe3eb696baf5af4617c380,69fe3eb696baf5af4617c380,,,,
13760,raw_position_sample,2,1,ele,9,3,13,14,-1,999,817,275,1122593.5999999978,69fe3eb696baf5af4617c380,69fe3eb696baf5af4617c380,elementary,3,69fe3eb696baf5af4617c380,69fe3eb696baf5af4617c380,spotlight_PROLIFIC,,26,Mexico,Spanish,English,,Spanish:85|English:15,100,Spanish:40|English:60,100,Spanish:90|English:10,100,25,7,Bachelor's,10,10,10,9,9,10,6,14,6,12,TOEFL,96,,,,,20,25,B2,elementary|intermediate,intermediate|elementary,cambridge_15_21_random_elementary_intermediate,4,19,random,,,,,,,,,,,,,,,,,,,2026-09-22T23:05:16.927Z,V4EJ4XA7,2026-09-22,2026-09-22,17:05:16,2026-09-22 17:05:16,,,,,,,,69fe3eb696baf5af4617c380,69fe3eb696baf5af4617c380,,,,
13811,raw_position_sample,2,1,ele,9,3,13,14,-1,999,817,275,1122643.6999999993,69fe3eb696baf5af4617c380,69fe3eb696baf5af4617c380,elementary,3,69fe3eb696baf5af4617c380,69fe3eb696baf5af4617c380,spotlight_PROLIFIC,,26,Mexico,Spanish,English,,Spanish:85|English:15,100,Spanish:40|English:60,100,Spanish:90|English:10,100,25,7,Bachelor's,10,10,10,9,9,10,6,14,6,12,TOEFL,96,,,,,20,25,B2,elementary|intermediate,intermediate|elementary,cambridge_15_21_random_elementary_intermediate,4,19,random,,,,,,,,,,,,,,,,,,,2026-09-22T23:05:16.927Z,V4EJ4XA7,2026-09-22,2026-09-22,17:05:16,2026-09-22 17:05:16,,,,,,,,69fe3eb696baf5af4617c380,69fe3eb696baf5af4617c380,,,,
13861,raw_position_sample,2,1,ele,9,3,13,14,-1,999,817,275,1122693.8999999985,69fe3eb696baf5af4617c380,69fe3eb696baf5af4617c380,elementary,3,69fe3eb696baf5af4617c380,69fe3eb696baf5af4617c380,spotlight_PROLIFIC,,26,Mexico,Spanish,English,,Spanish:85|English:15,100,Spanish:40|English:60,100,Spanish:90|English:10,100,25,7,Bachelor's,10,10,10,9,9,10,6,14,6,12,TOEFL,96,,,,,20,25,B2,elementary|intermediate,intermediate|elementary,cambridge_15_21_random_elementary_intermediate,4,19,random,,,,,,,,,,,,,,,,,,,2026-09-22T23:05:16.927Z,V4EJ4XA7,2026-09-22,2026-09-22,17:05:16,2026-09-22 17:05:16,,,,,,,,69fe3eb696baf5af4617c380,69fe3eb696baf5af4617c380,,,,
13910,raw_position_sample,2,1,ele,9,3,13,14,-1,999,817,275,1122743.5999999978,69fe3eb696baf5af4617c380,69fe3eb696baf5af4617c380,elementary,3,69fe3eb696baf5af4617c380,69fe3eb696baf5af4617c380,spotlight_PROLIFIC,,26,Mexico,Spanish,English,,Spanish:85|English:15,100,Spanish:40|English:60,100,Spanish:90|English:10,100,25,7,Bachelor's,10,10,10,9,9,10,6,14,6,12,TOEFL,96,,,,,20,25,B2,elementary|intermediate,intermediate|elementary,cambridge_15_21_random_elementary_intermediate,4,19,random,,,,,,,,,,,,,,,,,,,2026-09-22T23:05:16.927Z,V4EJ4XA7,2026-09-22,2026-09-22,17:05:16,2026-09-22 17:05:16,,,,,,,,69fe3eb696baf5af4617c380,69fe3eb696baf5af4617c380,,,,
23259,,,,ele,9,3,13,,,,,,,69fe3eb696baf5af4617c380,69fe3eb696baf5af4617c380,,,69fe3eb696baf5af4617c380,69fe3eb696baf5af4617c380,spotlight_PROLIFIC,,26,Mexico,Spanish,English,,Spanish:85|English:15,100,Spanish:40|English:60,100,Spanish:90|English:10,100,25,7,Bachelor's,10,10,10,9,9,10,6,14,6,12,TOEFL,96,,,,,20,25,B2,elementary|intermediate,intermediate|elementary,cambridge_15_21_random_elementary_intermediate,4,19,random,,,,,,,,,,,,,,Used materials that are safer for pedestrians,1,,,,2026-09-22T23:05:16.927Z,V4EJ4XA7,2026-09-22,2026-09-22,17:05:16,2026-09-22 17:05:16,,,,,,,,69fe3eb696baf5af4617c380,69fe3eb696baf5af4617c380,,,,
